36200
9.98531e-21 1.83995e-17 6.7778e-15 7.9742e-12 5.39269e-09 3.08661e-06 0.00302398 0.994597 0.00237066 5.55463e-06 
4.22534e-16 9.16689e-13 1.42599e-09 4.14866e-06 8.06499e-05 0.00722649 0.989214 0.00344246 3.21269e-05 1.81874e-08 
1.281e-26 3.92266e-23 1.22773e-19 4.72223e-16 8.80943e-13 6.53238e-10 1.10911e-06 0.00223168 0.992543 0.00522459 
1.00469e-20 1.85523e-17 7.1152e-15 9.17774e-12 7.89072e-09 4.49177e-06 0.00414985 0.992726 0.0031132 6.92997e-06 
2.51118e-07 0.000106223 0.00503917 0.0264465 0.962745 0.00563215 3.06466e-05 2.78038e-08 4.10786e-12 9.85514e-16 
0.0138189 0.963365 0.0226371 0.00017869 6.17581e-07 1.42575e-09 2.46834e-12 2.65734e-15 5.39611e-19 2.03755e-22 
2.32277e-25 5.24917e-22 8.61785e-19 3.01305e-15 3.63372e-12 2.32969e-09 1.79342e-06 0.00267848 0.993545 0.00377519 
1.28901e-10 1.35994e-07 3.56137e-05 0.0111274 0.976327 0.0124346 7.53596e-05 1.71129e-07 7.45548e-11 4.08294e-14 
3.82006e-16 7.00926e-13 2.37403e-10 2.1769e-07 1.79928e-05 0.00841289 0.98676 0.0046855 0.00012367 2.21716e-07 
3.38048e-07 0.000178218 0.0132584 0.977151 0.00937261 3.95625e-05 1.85187e-07 3.29186e-10 1.04494e-13 5.02482e-17 
7.07466e-20 1.30843e-16 5.24863e-14 7.92611e-11 2.22836e-07 0.000239466 0.00571984 0.991473 0.00256114 6.39277e-06 
7.11145e-21 1.31324e-17 5.0412e-15 6.51998e-12 5.89953e-09 3.41842e-06 0.00338676 0.994031 0.00257372 5.39592e-06 
7.80595e-13 1.42729e-09 4.69059e-07 0.000377422 0.0104403 0.984433 0.00473592 1.2923e-05 5.14285e-08 3.07364e-11 
2.2404e-22 4.21609e-19 2.19668e-16 4.31562e-13 5.07767e-10 2.81916e-07 0.000318323 0.984608 0.0124068 0.00266699 
0.898087 0.0783626 0.0233305 0.000219004 8.7939e-07 2.12052e-09 4.12787e-12 4.45501e-15 9.16683e-19 3.52667e-22 
1.7651e-10 1.80751e-07 4.24297e-05 0.0108643 0.976787 0.0122167 8.93842e-05 2.23169e-07 1.31039e-10 9.23694e-14 
1.40575e-10 1.54525e-07 3.98381e-05 0.0115931 0.975688 0.0125871 9.18026e-05 1.90422e-07 7.90813e-11 4.22222e-14 
1.07941e-20 2.00484e-17 8.39925e-15 1.91639e-11 1.61722e-08 6.96727e-06 0.00422239 0.992649 0.00311477 7.0994e-06 
1.24813e-30 3.89195e-27 1.24231e-23 4.80336e-20 8.54295e-17 7.06282e-14 1.4357e-10 4.62195e-07 0.00172806 0.998271 
2.31504e-25 5.09519e-22 7.59479e-19 2.60038e-15 2.80676e-12 1.80142e-09 1.1137e-06 0.00170853 0.996044 0.00224656 
3.61616e-07 8.3805e-05 0.00976434 0.95816 0.0273001 0.00464592 4.53458e-05 7.86895e-08 2.32773e-11 1.12658e-14 
3.76225e-29 1.37367e-25 5.08896e-22 2.63973e-18 3.36167e-14 4.19674e-11 1.70444e-07 0.000446175 0.00942077 0.990133 
3.06444e-16 5.62363e-13 1.91062e-10 1.76701e-07 1.44411e-05 0.00697964 0.989343 0.00362515 3.71485e-05 2.05552e-08 
1.1142e-30 3.47646e-27 1.11049e-23 4.3015e-20 7.99591e-17 6.75379e-14 1.43338e-10 4.65171e-07 0.00165158 0.998348 
0.00813526 0.913922 0.065012 0.0126466 0.000283237 5.76333e-07 1.65067e-09 1.9264e-12 4.46782e-16 1.90069e-19 
7.58498e-18 1.38974e-14 4.54277e-12 3.74061e-09 8.84917e-08 3.49441e-05 0.00525449 0.990814 0.00388809 8.36149e-06 
1.06217e-20 1.96744e-17 8.00218e-15 1.40873e-11 2.44528e-07 0.000105391 0.00535829 0.991062 0.0034668 7.5309e-06 
2.18021e-12 3.15289e-09 9.79039e-07 0.00051347 0.0126417 0.981478 0.00535188 1.35791e-05 3.92789e-08 2.41642e-11 
4.85435e-07 0.000234353 0.0148815 0.972998 0.0117637 0.000120697 1.35772e-06 1.50821e-09 3.39567e-13 1.35283e-16 
4.07696e-16 7.60218e-13 3.17752e-10 3.89033e-07 0.000379695 0.0100162 0.985439 0.00412208 4.22577e-05 2.36325e-08 
4.53634e-07 0.00018433 0.0133511 0.976683 0.00973521 4.53331e-05 2.24876e-07 4.17925e-10 1.38069e-13 6.76211e-17 
1.38975e-25 3.18893e-22 5.50428e-19 1.941e-15 2.14194e-12 1.3951e-09 9.93755e-07 0.00171491 0.995917 0.00236688 
2.75244e-16 5.05059e-13 1.71395e-10 1.57496e-07 1.26601e-05 0.00637536 0.990386 0.00319996 2.62959e-05 1.57592e-08 
8.59931e-21 1.5861e-17 5.9532e-15 7.32017e-12 5.69624e-09 3.29394e-06 0.00327996 0.994209 0.00250203 5.41031e-06 
3.49926e-07 0.000143051 0.0101711 0.054791 0.933265 0.0016279 1.10019e-06 2.13034e-09 3.30522e-13 7.53683e-17 
0.00977307 0.936069 0.0458175 0.00813361 0.000206406 3.8403e-07 1.05812e-09 1.23806e-12 2.84786e-16 1.20913e-19 
1.92818e-25 4.61176e-22 9.02507e-19 3.3661e-15 1.05391e-11 7.53316e-09 9.41411e-06 0.00320817 0.992332 0.00444999 
1.18997e-12 2.17565e-09 6.95174e-07 0.000542162 0.0115715 0.982539 0.00533108 1.5353e-05 4.89899e-08 3.07177e-11 
1.32411e-30 4.2068e-27 1.37415e-23 5.37983e-20 1.1884e-16 9.63608e-14 1.98987e-10 5.66475e-07 0.00194544 0.998054 
1.4445e-12 2.63831e-09 8.1308e-07 0.000564571 0.00925281 0.985898 0.0042706 1.30319e-05 4.01726e-08 2.60944e-11 
5.01114e-16 9.19282e-13 3.1001e-10 2.80075e-07 1.97539e-05 0.00898982 0.986366 0.00456928 5.4708e-05 3.04155e-08 
6.14337e-26 1.30481e-22 1.6728e-19 5.53263e-16 6.4148e-13 4.37628e-10 4.53485e-07 0.000943623 0.0114858 0.98757 
1.78684e-12 3.2598e-09 9.78781e-07 0.000635396 0.0108764 0.983323 0.00514728 1.64546e-05 6.04406e-08 3.7791e-11 
1.41595e-12 2.58655e-09 8.05055e-07 0.000585483 0.0135298 0.9798 0.00606746 1.65454e-05 5.21297e-08 3.24916e-11 
2.02621e-11 2.39924e-08 7.02088e-06 0.00434568 0.953637 0.0382793 0.00372064 1.04984e-05 3.20465e-08 1.97722e-11 
1.4858e-30 4.63925e-27 1.48554e-23 5.89317e-20 1.58668e-16 5.98727e-13 1.24175e-08 0.000172425 0.984954 0.0148736 
4.56912e-06 0.000829183 0.0176018 0.971574 0.0099493 4.05981e-05 1.77215e-07 3.25422e-10 1.05941e-13 5.14512e-17 
1.16907e-20 2.15762e-17 8.19222e-15 1.03481e-11 8.69821e-09 4.87689e-06 0.00426008 0.985357 0.0102969 8.13907e-05 
3.84869e-16 7.06047e-13 2.38234e-10 2.15355e-07 1.53292e-05 0.00663739 0.986538 0.00663424 0.000174605 7.263e-08 
1.3549e-30 4.22022e-27 1.34514e-23 5.19811e-20 9.1364e-17 7.54616e-14 1.50133e-10 4.71126e-07 0.00173954 0.99826 
4.30611e-16 7.90083e-13 2.67428e-10 2.44683e-07 2.51205e-05 0.0115016 0.982589 0.00583762 4.62357e-05 2.62849e-08 
2.18029e-25 4.88727e-22 7.79921e-19 2.71089e-15 3.12131e-12 2.04979e-09 1.59728e-06 0.00246645 0.0228058 0.974726 
3.50993e-17 6.47232e-14 2.44033e-11 2.8394e-08 2.27823e-06 0.00106233 0.00687596 0.989664 0.00239032 5.31747e-06 
4.21806e-12 7.06112e-09 1.79572e-06 0.000844716 0.0125 0.98234 0.0043026 1.09347e-05 2.59276e-08 1.70996e-11 
3.21105e-17 5.8935e-14 2.00435e-11 1.88408e-08 2.64345e-06 0.00131699 0.00899559 0.987207 0.00247221 5.66818e-06 
5.31779e-09 9.46156e-06 0.00371054 0.925242 0.061019 0.0099388 8.03907e-05 1.66028e-07 7.57157e-11 4.17706e-14 
0.00687422 0.0681316 0.913088 0.0118469 5.93828e-05 2.39559e-07 8.14363e-10 8.25653e-13 1.75681e-16 7.38904e-20 
5.10383e-05 0.0142627 0.970871 0.0146389 0.000176377 3.52592e-07 1.0115e-09 1.1627e-12 2.64405e-16 1.10924e-19 
1.31e-20 2.4164e-17 9.08319e-15 1.11978e-11 8.59961e-09 4.90399e-06 0.00456296 0.992024 0.00339996 8.07175e-06 
3.58458e-26 8.84211e-23 1.86917e-19 6.80657e-16 7.68017e-13 4.91561e-10 3.44953e-07 0.000641901 0.00706807 0.99229 
1.21234e-12 2.21481e-09 6.8627e-07 0.000646761 0.939178 0.0521945 0.00762621 0.000353155 8.10299e-07 1.01486e-09 
9.15431e-13 1.67358e-09 5.31336e-07 0.000414591 0.0101071 0.984993 0.0044729 1.15642e-05 3.53592e-08 2.17817e-11 
2.10721e-08 1.90672e-05 0.00124978 0.928413 0.0608432 0.00940931 6.51515e-05 1.38698e-07 5.96209e-11 3.21256e-14 
7.60363e-18 1.40914e-14 5.81286e-12 8.25144e-09 6.4311e-06 0.0027246 0.978123 0.0168158 0.00232241 7.25442e-06 
0.550861 0.435553 0.0134751 0.000110472 4.23192e-07 9.78334e-10 1.79842e-12 1.95194e-15 4.00199e-19 1.52779e-22 
2.07891e-16 3.81636e-13 1.30737e-10 1.23413e-07 1.16237e-05 0.0055807 0.0241932 0.970063 0.000151144 1.6083e-08 
1.19668e-30 3.73103e-27 1.19067e-23 4.60352e-20 8.16534e-17 6.7596e-14 1.37525e-10 3.49467e-06 0.97332 0.0266768 
1.05376e-10 1.07992e-07 2.58707e-05 0.00811502 0.982482 0.00927846 9.86382e-05 2.87673e-07 1.52037e-09 8.6262e-13 
3.76412e-17 7.0125e-14 3.17375e-11 5.03194e-08 1.3549e-05 0.00594662 0.988419 0.0051812 0.000437477 1.9007e-06 
7.17339e-11 7.41433e-08 1.69292e-05 0.00221268 0.0151602 0.980097 0.0025084 5.12524e-06 3.87184e-09 3.2728e-12 
2.06195e-16 3.78006e-13 1.25507e-10 1.08576e-07 1.08508e-05 0.00452784 0.987788 0.00681257 0.000858789 2.05319e-06 
2.48593e-25 5.54332e-22 8.67981e-19 3.00331e-15 3.31492e-12 2.13473e-09 1.4225e-06 0.00211827 0.994989 0.00289124 
3.41833e-25 7.61059e-22 1.1839e-18 4.10697e-15 5.30172e-12 3.3402e-09 2.65955e-06 0.00306497 0.992615 0.00431787 
1.62872e-30 5.0734e-27 1.61729e-23 6.243e-20 1.06687e-16 8.53117e-14 1.6058e-10 4.75357e-07 0.00164666 0.998353 
7.94145e-17 1.4631e-13 5.39126e-11 6.16592e-08 1.40184e-05 0.00629362 0.988139 0.00518625 0.000365651 1.76511e-06 
1.77978e-25 3.9248e-22 5.89625e-19 2.02176e-15 2.20182e-12 1.3829e-09 7.7703e-07 0.000864696 0.00436458 0.99477 
0.0129396 0.0959642 0.888932 0.00216093 3.07174e-06 3.91559e-09 4.86208e-12 5.31723e-15 1.02785e-18 3.66859e-22 
4.88315e-30 1.75909e-26 6.48418e-23 2.84519e-19 1.67781e-15 1.45796e-12 3.99343e-09 7.66126e-06 0.00226727 0.997725 
6.65497e-26 1.8819e-22 5.21429e-19 1.96358e-15 2.20723e-12 1.44118e-09 9.79477e-07 0.00157518 0.994142 0.00428134 
6.05266e-05 0.016058 0.966497 0.0171387 0.0002451 4.54579e-07 1.11042e-09 1.32046e-12 3.04822e-16 1.2775e-19 
1.15889e-30 3.61578e-27 1.15496e-23 4.47022e-20 8.13852e-17 6.8709e-14 1.45901e-10 4.94328e-07 0.00201717 0.997982 
9.50455e-16 1.73034e-12 7.37207e-10 7.75034e-07 0.00161536 0.971744 0.0240232 0.00258814 2.88918e-05 1.62913e-08 
1.57844e-13 2.89495e-10 1.02607e-07 8.88811e-05 0.000624151 0.00849245 0.987413 0.00335535 2.60989e-05 1.46885e-08 
7.94746e-11 9.37112e-08 2.45514e-05 0.00696037 0.045737 0.946568 0.000707913 1.66304e-06 1.18213e-08 6.61597e-12 
5.3323e-05 0.0133897 0.946555 0.0392785 0.000722451 7.46788e-07 1.14299e-09 1.29092e-12 2.93703e-16 1.22577e-19 
6.26027e-21 1.15657e-17 4.47426e-15 5.90506e-12 5.99913e-09 3.50777e-06 0.00374029 0.993377 0.00285613 2.29981e-05 
3.48315e-07 0.000157422 0.00916592 0.0456501 0.942648 0.00237611 1.69715e-06 2.58413e-09 3.93125e-13 8.25593e-17 
1.56823e-30 4.88919e-27 1.56025e-23 6.03057e-20 1.0623e-16 8.7734e-14 1.79197e-10 5.96631e-07 0.00241331 0.997586 
1.47492e-10 1.42415e-07 2.9896e-05 0.0041429 0.0254927 0.967064 0.00326383 6.24786e-06 4.69951e-09 4.03734e-12 
6.49161e-21 1.19838e-17 4.57241e-15 5.8316e-12 5.06576e-09 2.95505e-06 0.00320832 0.994086 0.0026709 3.19897e-05 
1.04294e-10 1.05665e-07 2.51854e-05 0.0059732 0.79615 0.197224 0.000626845 1.02019e-06 4.63057e-10 2.28934e-13 
3.91863e-07 0.00014798 0.012606 0.978342 0.00886405 3.90521e-05 1.8656e-07 3.44015e-10 1.14557e-13 5.66075e-17 
2.14906e-25 4.73125e-22 7.06051e-19 2.41863e-15 2.65144e-12 1.72916e-09 1.19315e-06 0.00195315 0.995321 0.00272509 
2.78954e-16 5.12075e-13 1.75919e-10 1.91181e-07 0.000496879 0.956902 0.0386221 0.003944 3.44277e-05 1.91441e-08 
3.05114e-26 6.49236e-23 8.39036e-20 2.7874e-16 3.45705e-13 2.50482e-10 3.24904e-07 0.00078966 0.988073 0.0111373 
1.6414e-10 1.69612e-07 3.89635e-05 0.00876457 0.0583754 0.931974 0.000845239 1.55221e-06 8.41698e-10 5.0394e-13 
1.00909e-20 1.86097e-17 6.96761e-15 8.52532e-12 6.64443e-09 3.84765e-06 0.00388494 0.993199 0.00289999 1.23509e-05 
1.35437e-12 2.47466e-09 7.73679e-07 0.000563821 0.0111943 0.983129 0.00509691 1.51483e-05 4.62362e-08 2.99524e-11 
4.57144e-16 8.49185e-13 3.53136e-10 6.30752e-07 0.00197416 0.964229 0.0300133 0.00373443 4.86595e-05 2.72524e-08 
4.97558e-07 0.00028402 0.16957 0.82186 0.00824706 3.86283e-05 1.98199e-07 3.46724e-10 1.11351e-13 5.39926e-17 
2.80265e-16 5.14093e-13 1.7299e-10 1.55797e-07 1.58272e-05 0.00732495 0.98886 0.00376891 2.96637e-05 1.69204e-08 
5.95057e-21 1.09519e-17 3.93683e-15 4.39218e-12 3.28863e-09 1.96836e-06 0.00251066 0.987978 0.00793914 0.00157016 
4.78998e-07 0.000125504 0.0104449 0.963484 0.0235991 0.00234246 3.6821e-06 3.98293e-09 1.43227e-12 7.39152e-16 
4.13634e-07 0.000189229 0.0139134 0.975392 0.0104557 4.88977e-05 2.36668e-07 4.16761e-10 1.32239e-13 6.35777e-17 
2.01812e-16 3.70443e-13 1.2661e-10 1.1935e-07 1.27678e-05 0.00628659 0.990601 0.00307505 2.4534e-05 1.36804e-08 
1.74624e-25 3.93098e-22 6.36785e-19 2.21813e-15 2.4701e-12 1.56297e-09 9.87076e-07 0.00132527 0.990028 0.00864565 
1.50437e-25 3.40241e-22 5.59761e-19 1.95795e-15 2.21061e-12 1.51058e-09 1.40249e-06 0.00231917 0.994132 0.00354704 
1.53732e-25 3.36759e-22 4.93137e-19 1.68356e-15 1.977e-12 1.30007e-09 1.08382e-06 0.00179486 0.986288 0.0119162 
1.52539e-10 1.61036e-07 3.87008e-05 0.00979577 0.978972 0.0111127 8.04892e-05 1.91302e-07 8.5565e-11 4.65482e-14 
1.293e-30 4.03498e-27 1.28919e-23 4.99225e-20 9.2099e-17 7.73164e-14 1.63405e-10 5.35569e-07 0.00199174 0.998008 
6.47065e-05 0.0155297 0.108788 0.874953 0.000663937 5.41559e-07 1.33414e-09 1.53305e-12 3.53414e-16 1.50134e-19 
4.62672e-17 8.57853e-14 3.57971e-11 5.08654e-08 7.62924e-06 0.00438502 0.978222 0.0158093 0.00157152 4.0796e-06 
1.4616e-10 1.31765e-07 2.68148e-05 0.00851305 0.962807 0.0266497 0.0019957 8.09951e-06 1.64726e-08 1.24927e-11 
4.8903e-11 4.75367e-08 1.18187e-05 0.00407967 0.949747 0.0415765 0.00456853 1.62231e-05 5.41745e-08 3.43862e-11 
0.0115179 0.920687 0.0585453 0.00900154 0.000248023 4.59758e-07 1.37512e-09 1.62022e-12 3.73904e-16 1.57488e-19 
4.11687e-07 0.000145334 0.0111907 0.980101 0.00852156 4.09367e-05 2.07055e-07 3.82825e-10 1.27345e-13 6.24934e-17 
1.4603e-32 4.9929e-29 1.7694e-25 8.24941e-22 7.72174e-18 1.02472e-14 3.90326e-11 1.94812e-07 0.00119024 0.99881 
3.56945e-07 0.000157802 0.0124378 0.978498 0.00886621 3.99272e-05 1.91772e-07 3.55816e-10 1.16684e-13 5.69753e-17 
1.48652e-30 4.63607e-27 1.48013e-23 5.72441e-20 1.02513e-16 8.49734e-14 1.71863e-10 5.41636e-07 0.00190236 0.998097 
3.97949e-07 0.000140557 0.0129898 0.977394 0.00943382 4.14615e-05 2.02726e-07 3.93447e-10 1.34423e-13 6.68686e-17 
1.59286e-26 3.73839e-23 6.9151e-20 2.46284e-16 2.48878e-13 1.53412e-10 5.15256e-08 4.75983e-05 0.00202666 0.997926 
7.73199e-21 1.4258e-17 5.33094e-15 6.46587e-12 4.13959e-09 2.26524e-06 0.00165855 0.987781 0.00942639 0.0011321 
8.34814e-21 1.54063e-17 5.84287e-15 7.36325e-12 6.18382e-09 3.53377e-06 0.0034501 0.993962 0.00257815 5.76319e-06 
4.18633e-21 7.75617e-18 3.15823e-15 4.59961e-12 5.69305e-09 3.42692e-06 0.00382975 0.99316 0.00300136 5.61657e-06 
3.61685e-16 6.63418e-13 2.23254e-10 1.99786e-07 1.31534e-05 0.00636051 0.990397 0.00319182 3.70596e-05 2.1175e-08 
1.29302e-30 4.0289e-27 1.28474e-23 4.97039e-20 8.98504e-17 7.58724e-14 1.59657e-10 5.31019e-07 0.00198854 0.998011 
3.70623e-07 0.000149593 0.0126715 0.975295 0.0112653 0.000615086 2.79473e-06 6.79149e-09 1.0045e-11 7.21125e-15 
3.79137e-16 7.38245e-13 4.51874e-10 9.67804e-07 0.00184455 0.956825 0.0371967 0.00409774 3.53989e-05 2.06869e-08 
1.36504e-30 4.25499e-27 1.35757e-23 5.24529e-20 9.15799e-17 7.52382e-14 1.50728e-10 4.90909e-07 0.00186591 0.998134 
3.33052e-16 6.1079e-13 2.04613e-10 1.81069e-07 9.08476e-06 0.00418222 0.0172152 0.977567 0.00102552 8.10976e-07 
6.37649e-07 0.00110818 0.914935 0.0753336 0.00858413 3.83304e-05 1.78045e-07 3.10532e-10 9.93391e-14 4.81924e-17 
3.68765e-25 8.24868e-22 1.30631e-18 4.52939e-15 4.973e-12 3.18044e-09 1.99919e-06 0.0028905 0.993189 0.00391883 
1.87131e-14 3.40625e-11 9.68044e-09 5.27126e-06 0.00223609 0.959552 0.0343986 0.00377665 3.11779e-05 1.83057e-08 
1.28813e-10 1.38311e-07 3.39078e-05 0.00871093 0.981794 0.0094024 5.82386e-05 1.47633e-07 6.8651e-11 3.77804e-14 
6.18626e-22 1.13828e-18 4.07348e-16 4.46014e-13 2.11371e-10 1.03919e-07 3.83696e-05 0.00273655 0.99386 0.00336474 
3.32277e-05 0.0107091 0.962341 0.0241024 0.00280076 1.33925e-05 5.5849e-08 7.59059e-11 1.81592e-14 7.41316e-18 
4.96456e-15 9.03876e-12 2.72301e-09 1.45372e-06 0.00012071 0.0071726 0.989203 0.00346748 3.48961e-05 1.95657e-08 
5.24374e-31 1.63662e-27 5.23029e-24 2.03036e-20 3.97789e-17 3.59063e-14 8.6716e-11 3.38929e-07 0.00160732 0.998392 
2.48023e-14 5.13232e-11 6.46161e-08 0.000174439 0.00822121 0.966536 0.0227356 0.00228626 4.65056e-05 2.55505e-08 
2.00583e-16 3.68273e-13 1.26318e-10 1.20442e-07 1.40474e-05 0.00669559 0.989478 0.0036887 0.000123483 5.15639e-07 
1.57493e-12 2.87973e-09 9.11147e-07 0.000695316 0.0116133 0.0591501 0.928236 0.000304192 6.0144e-08 2.92459e-11 
1.73634e-16 3.18967e-13 1.10466e-10 1.09269e-07 1.54446e-05 0.00760601 0.986037 0.00592616 0.000412454 2.39337e-06 
1.54494e-10 1.65029e-07 3.94615e-05 0.0100189 0.97905 0.0108327 5.8501e-05 1.69605e-07 8.13441e-11 4.54208e-14 
5.75761e-05 0.0161649 0.965794 0.0177946 0.000188228 4.08705e-07 1.27061e-09 1.4323e-12 3.26336e-16 1.38768e-19 
2.20811e-25 4.95394e-22 7.92779e-19 2.75568e-15 3.05439e-12 1.98995e-09 1.40027e-06 0.00233214 0.994321 0.00334573 
2.0444e-31 6.3744e-28 2.03462e-24 7.83222e-21 1.23057e-17 9.51156e-15 1.73563e-11 5.86542e-08 0.000234809 0.999765 
1.23089e-20 2.2711e-17 8.57965e-15 1.07086e-11 8.58424e-09 4.86187e-06 0.00435884 0.992374 0.00325478 8.00242e-06 
1.46622e-10 1.48993e-07 3.63319e-05 0.00893876 0.981334 0.00962857 6.24108e-05 1.39485e-07 6.84978e-11 3.91406e-14 
2.18835e-25 4.72482e-22 6.52629e-19 2.28096e-15 5.71905e-12 2.99431e-08 0.000323181 0.986197 0.0111656 0.00231462 
1.59853e-10 1.68359e-07 4.23687e-05 0.0120966 0.974013 0.0137619 8.53385e-05 1.99161e-07 8.93887e-11 4.92675e-14 
7.26339e-05 0.0183095 0.958958 0.0221057 0.000552103 1.72016e-06 4.04518e-09 4.29254e-12 8.79169e-16 3.17568e-19 
1.4934e-30 4.65961e-27 1.48846e-23 5.76713e-20 1.07971e-16 9.21383e-14 1.9961e-10 6.75544e-07 0.00260696 0.997392 
6.65261e-31 2.07113e-27 6.59835e-24 2.55098e-20 4.55628e-17 3.86676e-14 8.39295e-11 3.09869e-07 0.00145124 0.998548 
3.86773e-05 0.00635249 0.0386959 0.949134 0.0057622 1.62605e-05 3.78051e-08 3.73037e-11 6.26958e-15 1.76592e-18 
8.15539e-23 1.50197e-19 5.46468e-17 6.37684e-14 6.13073e-11 9.97343e-08 0.000255602 0.966724 0.0294876 0.00353286 
1.26307e-10 1.39295e-07 3.32421e-05 0.00815174 0.982566 0.00919126 5.78089e-05 1.60087e-07 7.24776e-11 3.94953e-14 
3.26979e-16 6.00006e-13 2.03594e-10 1.87399e-07 1.34859e-05 0.00630077 0.0283018 0.964039 0.00134382 1.44307e-06 
1.50835e-12 2.75638e-09 8.62509e-07 0.00064444 0.0129154 0.980623 0.00579611 2.0004e-05 5.50561e-08 3.55841e-11 
1.2977e-12 2.37224e-09 7.50341e-07 0.000576374 0.0117079 0.982283 0.00540335 2.81329e-05 7.64297e-08 9.09306e-11 
6.78576e-35 3.11395e-31 1.5079e-27 1.61899e-23 4.54446e-19 1.30971e-15 8.54449e-12 7.23343e-08 0.000666886 0.999333 
3.51591e-14 6.58724e-11 3.26764e-08 6.07456e-05 0.00276919 0.975567 0.0195561 0.00201087 3.64019e-05 1.99482e-08 
1.01516e-32 3.08897e-29 9.55292e-26 3.67359e-22 5.97438e-19 6.5644e-16 3.1711e-12 3.02348e-08 0.000395639 0.999604 
1.00706e-20 1.85602e-17 6.8618e-15 8.15324e-12 5.86223e-09 3.3927e-06 0.00333048 0.994093 0.00256746 6.07067e-06 
3.86711e-17 7.09671e-14 2.40438e-11 2.23561e-08 1.84349e-06 0.00166977 0.981251 0.015054 0.00201793 5.34936e-06 
1.13233e-16 2.07553e-13 6.88101e-11 5.85442e-08 2.47645e-06 0.0016319 0.0133271 0.982261 0.00277258 5.26977e-06 
3.93695e-34 1.42777e-30 5.32182e-27 2.46205e-23 2.09884e-19 2.46868e-16 1.0372e-12 7.63192e-09 9.72858e-05 0.999903 
2.80333e-13 5.14671e-10 1.81225e-07 0.000182157 0.00685843 0.975255 0.015953 0.00170586 4.52239e-05 2.4075e-08 
0.975823 0.0240505 0.000125452 5.86719e-07 1.24985e-09 2.20433e-12 1.85246e-15 1.97079e-18 3.25817e-22 8.72875e-26 
1.04742e-20 2.58179e-17 4.86383e-14 2.35033e-10 4.92055e-06 0.0019293 0.984066 0.0120879 0.00190586 5.6425e-06 
1.22065e-10 1.23636e-07 3.04323e-05 0.00983299 0.979464 0.0105975 7.43443e-05 1.5133e-07 6.76156e-11 3.73447e-14 
3.7843e-37 2.30191e-33 1.75696e-29 3.62359e-25 9.78997e-21 6.59882e-17 1.03256e-12 1.4331e-08 0.000193255 0.999807 
4.26497e-07 0.000250794 0.0141639 0.975895 0.00964671 4.30762e-05 2.00836e-07 3.51287e-10 1.08934e-13 5.18543e-17 
3.03424e-16 5.5683e-13 1.89328e-10 1.75526e-07 1.50358e-05 0.00785116 0.988161 0.0039392 3.3398e-05 1.93987e-08 
1.96482e-16 3.60308e-13 1.20462e-10 1.06072e-07 6.88808e-06 0.00328944 0.987653 0.00800722 0.00104164 2.12367e-06 
1.28303e-30 3.99753e-27 1.27475e-23 4.92412e-20 8.56964e-17 7.06984e-14 1.42865e-10 4.77201e-07 0.00196324 0.998036 
3.2757e-31 1.03166e-27 3.33133e-24 1.30382e-20 2.93216e-17 2.69001e-14 6.4671e-11 2.12599e-07 0.000748976 0.999251 
2.28029e-25 5.09525e-22 8.04219e-19 2.7891e-15 3.27208e-12 2.15138e-09 1.7735e-06 0.00287495 0.992988 0.00413567 
8.51011e-31 2.64618e-27 8.41592e-24 3.25612e-20 5.93889e-17 4.96381e-14 1.02934e-10 3.35981e-07 0.00136979 0.99863 
0.0295792 0.955097 0.0152113 0.000112365 1.83706e-07 3.65988e-10 7.72569e-13 8.34274e-16 1.74303e-19 6.91062e-23 
6.06318e-21 1.12011e-17 4.33317e-15 5.68843e-12 5.18555e-09 3.00331e-06 0.00301991 0.994297 0.00259638 8.32938e-05 
6.34648e-24 2.34275e-20 8.83859e-17 3.75574e-13 1.58696e-09 1.04678e-06 0.00176159 0.990263 0.0067462 0.00122788 
7.93035e-22 1.48488e-18 7.19471e-16 1.31596e-12 1.79745e-09 1.19081e-06 0.00167552 0.990826 0.00607513 0.0014224 
2.19671e-25 4.87226e-22 7.47808e-19 2.57614e-15 2.75401e-12 1.76443e-09 1.05742e-06 0.00166803 0.996001 0.00233004 
1.00558e-20 1.85436e-17 6.93467e-15 8.43601e-12 6.17261e-09 3.59796e-06 0.00348888 0.993737 0.00276414 6.04795e-06 
9.7652e-31 3.04587e-27 9.72518e-24 3.76164e-20 6.73931e-17 5.57294e-14 1.1279e-10 3.53803e-07 0.00128494 0.998715 
5.64783e-07 0.000182869 0.0140433 0.97428 0.011323 0.00016911 6.7345e-07 1.34996e-09 1.41335e-12 9.32209e-16 
3.56326e-12 6.55975e-09 2.33751e-06 0.00119614 0.0149068 0.978104 0.00577261 1.82319e-05 6.85469e-08 4.17844e-11 
7.37171e-13 1.34024e-09 3.76116e-07 0.000202682 0.00562485 0.969972 0.022263 0.00193515 2.47154e-06 2.43327e-09 
3.15863e-07 0.000116749 0.0115465 0.975094 0.0124845 0.000756378 1.85187e-06 4.39539e-09 2.86847e-12 2.32976e-15 
1.72045e-07 1.43408e-05 0.00220224 0.0174342 0.964033 0.0162 0.000115708 1.04675e-07 3.21961e-11 1.42628e-14 
1.4053e-30 4.3796e-27 1.397e-23 5.40244e-20 9.68035e-17 8.05356e-14 1.64429e-10 5.31249e-07 0.00201813 0.997981 
6.59045e-31 2.05706e-27 6.57431e-24 2.54768e-20 4.79231e-17 4.02778e-14 8.59003e-11 2.82621e-07 0.00114122 0.998859 
2.26302e-30 7.66137e-27 2.75187e-23 1.62911e-19 2.71426e-15 5.88399e-12 2.06036e-08 6.9257e-05 0.00354034 0.99639 
2.75736e-27 8.20626e-24 2.4835e-20 9.44362e-17 1.71289e-13 1.08373e-10 1.36105e-07 0.000274436 0.989888 0.00983721 
1.25093e-10 1.34565e-07 3.32194e-05 0.00939634 0.970445 0.0196327 0.000491685 4.79416e-07 1.26285e-10 5.12463e-14 
0.971571 0.0263695 0.0020358 2.41291e-05 4.82181e-08 1.19819e-10 6.69331e-14 6.12482e-17 9.59772e-21 2.25962e-24 
1.96547e-10 2.08956e-07 4.72705e-05 0.010037 0.0638668 0.924816 0.00123107 1.80242e-06 8.1041e-10 4.11195e-13 
6.10059e-21 1.12752e-17 4.39531e-15 5.87756e-12 5.76378e-09 3.3446e-06 0.00361488 0.993674 0.00270192 5.37546e-06 
2.74208e-16 5.0303e-13 1.6969e-10 1.53243e-07 1.25636e-05 0.00606548 0.988099 0.00541832 0.000403423 8.12925e-07 
9.04828e-13 1.65625e-09 5.34678e-07 0.000463806 0.935705 0.0595572 0.00426233 1.07546e-05 2.12959e-08 1.46631e-11 
0.00522861 0.907576 0.0734997 0.013475 0.000220285 4.07881e-07 9.28229e-10 1.11771e-12 2.57411e-16 1.06672e-19 
0.000201276 0.183496 0.802477 0.0136467 0.000179262 3.27491e-07 7.07062e-10 8.78708e-13 2.06276e-16 8.55357e-20 
9.61745e-18 1.76854e-14 6.2672e-12 6.50396e-09 3.96268e-07 0.000186263 0.00482069 0.991919 0.00306632 7.19754e-06 
2.6745e-09 1.28351e-06 0.000479447 0.479516 0.511966 0.00798268 5.40587e-05 1.22093e-07 4.91473e-11 2.62216e-14 
1.51061e-20 2.78706e-17 1.05185e-14 1.30925e-11 9.87482e-09 5.38797e-06 0.00376993 0.0163846 0.978628 0.00121249 
1.04413e-14 1.84309e-11 8.5215e-09 8.25439e-06 0.0016255 0.0118957 0.983193 0.00327017 6.90264e-06 7.66442e-09 
7.19871e-18 1.31911e-14 4.33173e-12 3.60922e-09 1.35524e-07 4.65137e-05 0.00415983 0.992867 0.00291914 7.05517e-06 
1.35428e-10 1.36536e-07 3.45445e-05 0.0105074 0.978342 0.0110486 6.6854e-05 1.40182e-07 6.64388e-11 3.73632e-14 
1.24258e-30 3.87044e-27 1.23382e-23 4.76439e-20 8.22567e-17 6.76803e-14 1.36872e-10 4.66184e-07 0.0019439 0.998056 
1.81854e-21 3.34351e-18 1.17827e-15 1.2355e-12 8.00565e-10 5.98718e-07 0.00124042 0.992401 0.00515357 0.00120461 
1.55068e-11 2.76385e-08 1.09668e-05 0.00693209 0.974164 0.0173421 0.00154464 5.91519e-06 3.23453e-08 1.86409e-11 
2.60682e-25 5.85368e-22 9.39994e-19 3.26978e-15 3.69243e-12 2.38589e-09 1.70701e-06 0.00269348 0.993626 0.00367903 
6.82004e-12 1.23649e-08 7.31496e-06 0.0058 0.948957 0.0378938 0.00689648 0.000444354 1.15582e-06 1.5339e-09 
3.22251e-25 7.20022e-22 1.13578e-18 3.93643e-15 4.41015e-12 2.8652e-09 8.55127e-06 0.00390923 0.991753 0.00432878 
3.50319e-16 6.4266e-13 2.16886e-10 1.96176e-07 1.71063e-05 0.00764686 0.988432 0.00386728 3.64095e-05 2.0784e-08 
1.44955e-30 4.5194e-27 1.44234e-23 5.57866e-20 1.00166e-16 8.33222e-14 1.72028e-10 5.65652e-07 0.0021778 0.997822 
3.43615e-16 6.3059e-13 2.14505e-10 1.98775e-07 1.62152e-05 0.00763089 0.980251 0.0117189 0.000382512 1.6461e-07 
0.00158701 0.244238 0.746007 0.0080957 7.23616e-05 3.2928e-07 1.71617e-09 2.95391e-12 9.74316e-16 4.7905e-19 
1.83269e-11 2.42938e-08 5.30436e-06 0.00124906 0.0151961 0.978834 0.00470265 1.27099e-05 4.16761e-08 2.48783e-11 
1.38919e-10 1.41543e-07 3.6338e-05 0.0100839 0.969391 0.0197908 0.000696831 1.15664e-06 5.12842e-10 2.61694e-13 
3.7106e-16 6.80791e-13 2.30354e-10 2.09699e-07 9.8728e-06 0.0046436 0.0176978 0.97578 0.00186642 2.24067e-06 
9.91364e-21 1.82849e-17 6.86149e-15 8.4249e-12 6.28283e-09 3.57248e-06 0.0032647 0.994235 0.00249063 5.9644e-06 
1.0556e-30 3.28535e-27 1.0463e-23 4.0328e-20 6.64629e-17 5.28997e-14 9.96003e-11 3.18367e-07 0.00118327 0.998816 
1.41977e-30 4.41493e-27 1.40421e-23 5.40342e-20 8.45278e-17 6.43523e-14 1.07003e-10 3.011e-07 0.00104097 0.998959 
2.92286e-12 5.92648e-09 4.06072e-06 0.00462393 0.957955 0.033833 0.00357024 1.35448e-05 3.45084e-08 2.39231e-11 
0.00825077 0.0600711 0.92483 0.00683508 1.32538e-05 1.51895e-08 1.02024e-11 1.22464e-14 1.88847e-18 4.58371e-22 
2.57348e-25 5.71146e-22 8.78766e-19 3.02746e-15 3.19854e-12 2.00133e-09 1.02427e-06 0.00147235 0.991713 0.0068141 
9.79257e-11 1.09442e-07 2.69583e-05 0.00963872 0.975833 0.0141488 0.000351778 9.10097e-07 6.07133e-10 4.24578e-13 
3.61253e-16 6.6284e-13 2.24518e-10 2.0558e-07 1.6694e-05 0.00780484 0.988202 0.00393754 3.91924e-05 2.21538e-08 
3.43734e-33 1.31717e-29 5.15612e-26 2.90385e-22 4.53629e-18 7.2794e-15 2.87576e-11 1.5331e-07 0.00104716 0.998953 
1.38568e-30 4.32172e-27 1.37982e-23 5.33835e-20 9.64246e-17 8.05078e-14 1.65385e-10 5.32317e-07 0.00200127 0.997998 
1.62578e-30 5.06819e-27 1.61722e-23 6.25124e-20 1.1051e-16 9.06721e-14 1.82639e-10 5.87906e-07 0.00222392 0.997775 
7.83065e-21 1.44588e-17 5.53838e-15 7.12826e-12 6.49869e-09 3.82575e-06 0.00401654 0.99289 0.00308389 6.13061e-06 
0.00459488 0.890102 0.0889191 0.01615 0.00023337 4.3172e-07 7.53272e-10 8.90054e-13 1.92212e-16 7.39904e-20 
1.81854e-30 5.66858e-27 1.80858e-23 6.99479e-20 1.25453e-16 1.04634e-13 2.16033e-10 7.04457e-07 0.00253408 0.997465 
7.0593e-21 1.30296e-17 4.95464e-15 6.28138e-12 5.51173e-09 3.1758e-06 0.00331742 0.994286 0.00238792 5.02991e-06 
1.77646e-07 9.4262e-05 0.00796828 0.986218 0.00569641 2.27679e-05 1.01703e-07 1.79387e-10 5.65806e-14 2.71262e-17 
4.65941e-08 5.33295e-05 0.00363655 0.031974 0.955336 0.00892617 7.39651e-05 1.3414e-07 6.53307e-11 3.66003e-14 
1.36969e-17 2.52041e-14 9.03623e-12 1.0012e-08 2.4932e-06 0.00205904 0.98214 0.0140378 0.00175645 4.62237e-06 
5.16432e-07 0.000215118 0.0154715 0.972695 0.0115647 5.2607e-05 2.46719e-07 4.53855e-10 1.49144e-13 7.30222e-17 
7.55159e-21 1.39472e-17 5.36815e-15 6.98369e-12 6.42974e-09 3.73122e-06 0.00384128 0.990282 0.00538381 0.000489268 
2.78988e-16 5.1205e-13 1.74496e-10 1.62974e-07 1.69765e-05 0.008161 0.986953 0.00479611 7.27661e-05 3.84174e-08 
2.97052e-05 0.00480655 0.901383 0.0851179 0.00863372 2.85653e-05 8.30598e-08 8.22741e-11 1.48322e-14 4.82404e-18 
2.12226e-07 0.000140235 0.0113621 0.966086 0.0193984 0.00298984 2.32428e-05 7.81259e-08 4.41405e-11 2.64455e-14 
9.87267e-13 1.80437e-09 5.70246e-07 0.000437728 0.00944017 0.985896 0.00421296 1.2054e-05 3.97274e-08 2.46908e-11 
9.00172e-31 2.80718e-27 8.9609e-24 3.46679e-20 6.2459e-17 5.26398e-14 1.10933e-10 3.74639e-07 0.00152808 0.998472 
6.90735e-21 1.27439e-17 4.80982e-15 5.98761e-12 4.81166e-09 2.78337e-06 0.00274722 0.995175 0.00206983 4.67593e-06 
8.93759e-13 1.6319e-09 5.02352e-07 0.000352096 0.00815944 0.984853 0.00647575 0.000154378 4.38573e-06 1.52326e-09 
1.36213e-25 2.97237e-22 4.28535e-19 1.4581e-15 1.69338e-12 1.085e-09 8.09212e-07 0.00104366 0.00637159 0.992584 
9.99023e-21 1.84479e-17 7.07503e-15 9.15445e-12 8.52774e-09 4.89506e-06 0.00474356 0.99175 0.00349323 7.88929e-06 
6.22375e-11 8.00049e-08 2.01831e-05 0.0085133 0.965548 0.0241441 0.00176607 8.65048e-06 4.97804e-08 2.93775e-11 
4.93721e-16 1.04872e-12 1.32875e-09 3.41792e-06 0.000626004 0.963631 0.0321656 0.00353726 3.71604e-05 2.05331e-08 
3.0746e-21 5.65986e-18 2.04759e-15 2.27673e-12 8.94686e-10 5.30309e-07 0.000698321 0.985362 0.0117819 0.00215692 
1.01824e-12 1.92695e-09 8.6968e-07 0.00106201 0.399846 0.596163 0.00289314 3.46771e-05 3.28204e-08 1.91277e-11 
1.54214e-30 4.80551e-27 1.53264e-23 5.92409e-20 1.04819e-16 8.62266e-14 1.72742e-10 5.44297e-07 0.00194144 0.998058 
7.52936e-05 0.0145372 0.966734 0.018464 0.000188152 1.43556e-06 6.95471e-09 1.52504e-11 5.75608e-15 3.00147e-18 
3.59802e-07 5.42717e-05 0.00941324 0.958876 0.0281133 0.0035099 3.29594e-05 7.24392e-08 3.0508e-11 1.60331e-14 
1.52663e-26 3.51974e-23 6.16354e-20 2.17535e-16 2.11352e-13 1.3344e-10 6.48335e-08 0.000278388 0.980474 0.0192479 
9.60276e-13 1.75455e-09 5.47737e-07 0.000422142 0.00911467 0.984426 0.00596056 7.6479e-05 4.83904e-08 2.31358e-11 
1.50186e-30 4.68501e-27 1.49615e-23 5.79263e-20 1.06654e-16 1.05135e-13 3.73698e-09 8.6289e-05 0.00376565 0.996148 
1.68324e-16 3.08974e-13 1.05558e-10 9.93817e-08 1.09484e-05 0.0057279 0.991405 0.002838 1.7667e-05 1.03345e-08 
1.02085e-30 3.18257e-27 1.01565e-23 3.92814e-20 7.05778e-17 5.90544e-14 1.23118e-10 4.1446e-07 0.00175372 0.998246 
1.32044e-17 2.44245e-14 9.71059e-12 1.31109e-08 4.53116e-06 0.0020335 0.0106264 0.985826 0.00150685 3.13999e-06 
1.24287e-20 3.88197e-17 1.05607e-13 4.94668e-10 5.82889e-06 0.00185389 0.983616 0.0131845 0.00133617 3.07352e-06 
1.4429e-05 0.00247514 0.0231096 0.96302 0.0113281 5.22655e-05 2.55212e-07 4.45693e-10 1.37956e-13 6.52455e-17 
1.08357e-20 1.99185e-17 6.99516e-15 7.22375e-12 2.30129e-09 1.38262e-06 0.00136208 0.0144371 0.98067 0.00352955 
2.09729e-18 3.84438e-15 1.27132e-12 1.08585e-09 3.87145e-08 1.9557e-05 0.00439408 0.992374 0.00320493 7.10456e-06 
5.75192e-12 5.10585e-09 1.08149e-06 0.000440391 0.00909265 0.986206 0.00424697 1.27488e-05 4.31961e-08 2.71908e-11 
9.16931e-31 2.8591e-27 9.125e-24 3.52935e-20 6.31172e-17 5.30581e-14 1.11982e-10 3.87207e-07 0.00169406 0.998306 
1.18812e-10 1.22104e-07 3.01556e-05 0.00883716 0.981079 0.00999307 5.98708e-05 1.54812e-07 6.99371e-11 3.80322e-14 
2.65982e-16 4.88927e-13 1.7151e-10 1.75903e-07 3.25103e-05 0.00849289 0.987334 0.00411211 2.84586e-05 1.69228e-08 
6.46063e-05 0.0166575 0.950285 0.0326578 0.000334842 5.19488e-07 1.19322e-09 1.47895e-12 3.49669e-16 1.47001e-19 
1.25589e-12 2.29815e-09 7.36809e-07 0.000581573 0.00840618 0.0386813 0.951175 0.00113147 2.32592e-05 1.22349e-08 
1.92757e-34 5.60053e-31 1.63521e-27 7.44046e-24 5.8835e-20 1.85071e-16 1.57011e-12 1.54026e-08 0.00024973 0.99975 
6.32836e-05 0.0168465 0.954872 0.0273037 0.000912817 1.53694e-06 1.96997e-09 2.44029e-12 4.7224e-16 1.68532e-19 
2.69413e-13 4.91396e-10 1.42508e-07 7.95804e-05 0.000443992 0.949841 0.0452915 0.00429294 5.10722e-05 2.75389e-08 
3.78909e-07 0.000164526 0.0126103 0.977956 0.00922591 4.30813e-05 2.08437e-07 3.77223e-10 1.23132e-13 6.01006e-17 
2.41214e-30 8.81218e-27 3.49423e-23 2.70563e-19 6.00512e-15 1.55113e-11 6.26271e-08 0.00037755 0.988777 0.0108457 
2.53671e-25 5.70481e-22 9.24657e-19 3.37344e-15 7.26775e-12 1.77287e-08 4.67133e-05 0.00313969 0.993899 0.00291482 
1.31768e-10 1.79563e-07 0.000371542 0.914651 0.0731058 0.0117932 7.84114e-05 1.66593e-07 6.97422e-11 3.757e-14 
0.976698 0.0231816 0.000119682 5.64479e-07 1.21357e-09 2.12509e-12 1.80071e-15 1.92436e-18 3.18823e-22 8.59017e-26 
7.10199e-21 1.3105e-17 4.95859e-15 6.22494e-12 5.39486e-09 3.17048e-06 0.00339231 0.993967 0.00263176 5.32601e-06 
5.68173e-05 0.0140286 0.959883 0.0258323 0.00019875 3.97521e-07 1.04973e-09 1.20641e-12 2.73962e-16 1.14777e-19 
1.97338e-18 3.62514e-15 1.25552e-12 1.30052e-09 3.9869e-06 0.0017953 0.978574 0.0170375 0.00258175 7.58632e-06 
2.16881e-16 3.98207e-13 1.3685e-10 1.30667e-07 1.33711e-05 0.00645412 0.990414 0.00309741 2.07606e-05 1.24835e-08 
6.21411e-13 1.13258e-09 3.30662e-07 0.000187882 0.00566597 0.971227 0.0207118 0.00220244 4.06861e-06 5.06713e-09 
2.61708e-07 0.000124081 0.0109223 0.980904 0.0080141 3.47377e-05 1.59757e-07 2.9135e-10 9.59199e-14 4.69224e-17 
1.3483e-12 2.46776e-09 8.10672e-07 0.000560974 0.00980181 0.985701 0.00392364 1.1696e-05 3.84846e-08 2.44077e-11 
1.44272e-30 4.49896e-27 1.43623e-23 5.55391e-20 9.9272e-17 8.18078e-14 1.66459e-10 5.32347e-07 0.00192754 0.998072 
0.00140689 0.0228111 0.960591 0.0149556 0.000235186 4.40351e-07 1.21733e-09 1.42938e-12 3.3216e-16 1.41571e-19 
1.86577e-22 3.4363e-19 1.25281e-16 1.46585e-13 2.09606e-10 1.99286e-07 0.000493744 0.98512 0.0119668 0.00241957 
1.02413e-30 3.18672e-27 1.01453e-23 3.92239e-20 7.02181e-17 5.87593e-14 1.23664e-10 4.28773e-07 0.00178986 0.99821 
1.54233e-25 3.34602e-22 4.70759e-19 1.59334e-15 1.82234e-12 1.2157e-09 1.06641e-06 0.00191866 0.994662 0.00341859 
1.4841e-07 0.000123802 0.0107075 0.972944 0.0143059 0.00190792 1.03753e-05 5.40221e-08 2.38994e-11 1.31255e-14 
3.00889e-11 3.21394e-08 7.30657e-06 0.00131655 0.0141876 0.979412 0.00506175 1.51443e-05 5.28516e-08 3.27519e-11 
5.30936e-31 1.65696e-27 5.29335e-24 2.04683e-20 3.61637e-17 2.9892e-14 5.93625e-11 1.82872e-07 0.000682099 0.999318 
1.42194e-10 1.52678e-07 3.86406e-05 0.0118629 0.974774 0.0132331 9.11355e-05 1.93425e-07 8.17682e-11 4.39107e-14 
1.20014e-38 1.23765e-34 1.41051e-30 4.73501e-26 1.5147e-21 1.34691e-17 3.5192e-13 7.52949e-09 0.000193059 0.999807 
1.91904e-30 5.98315e-27 1.90957e-23 7.38911e-20 1.33262e-16 1.18262e-13 3.04148e-10 1.41954e-06 0.00253607 0.997463 
1.00249e-10 1.10977e-07 2.93468e-05 0.00788727 0.983409 0.00861993 5.38171e-05 1.26572e-07 5.5084e-11 3.04905e-14 
9.90271e-31 3.08419e-27 9.82938e-24 3.79846e-20 6.6758e-17 5.49103e-14 1.11102e-10 3.61102e-07 0.00146269 0.998537 
1.05856e-08 2.14513e-05 0.0067973 0.953228 0.0330277 0.0068605 6.49791e-05 1.66933e-07 7.42963e-11 4.01653e-14 
8.18981e-13 1.49722e-09 4.77159e-07 0.000369884 0.0046559 0.0235742 0.969276 0.00212294 1.04054e-06 5.58215e-10 
9.46254e-21 1.74589e-17 6.59474e-15 8.21723e-12 6.45627e-09 3.72658e-06 0.00352493 0.993754 0.00271081 6.22891e-06 
4.59099e-21 8.47126e-18 3.20182e-15 4.02211e-12 3.67433e-09 2.22322e-06 0.0027543 0.994074 0.00304198 0.000127729 
1.16431e-20 2.14607e-17 7.95211e-15 9.48301e-12 6.67206e-09 3.82686e-06 0.0036067 0.993629 0.00275403 6.58712e-06 
7.30152e-06 0.00114524 0.0152336 0.975903 0.00767799 3.2415e-05 1.4412e-07 2.49243e-10 7.92198e-14 3.84578e-17 
1.50345e-12 2.74772e-09 8.58598e-07 0.00063371 0.0145171 0.978544 0.00628846 1.62886e-05 4.24418e-08 2.73694e-11 
3.05408e-25 6.76295e-22 1.03216e-18 3.55314e-15 3.98066e-12 2.57974e-09 1.82183e-06 0.00275452 0.993444 0.00379971 
2.33226e-25 5.24824e-22 8.48778e-19 2.95463e-15 3.18303e-12 2.05269e-09 1.29055e-06 0.00212572 0.994901 0.00297232 
0.0129227 0.929023 0.0502588 0.0075293 0.000266026 4.80188e-07 1.49282e-09 1.78674e-12 4.25688e-16 1.84476e-19 
2.27474e-25 5.11341e-22 8.24086e-19 2.86798e-15 3.18593e-12 2.03027e-09 1.27843e-06 0.00152482 0.0076459 0.990828 
4.7601e-07 0.000213057 0.0153658 0.97318 0.0111885 5.19092e-05 2.47496e-07 4.48007e-10 1.44149e-13 6.96432e-17 
2.16628e-25 4.71535e-22 6.72695e-19 2.28305e-15 2.5836e-12 1.68154e-09 1.25984e-06 0.00200004 0.995252 0.00274705 
1.90431e-10 2.00237e-07 4.64896e-05 0.0111545 0.973103 0.0153186 0.000376286 1.09325e-06 7.12306e-10 4.56589e-13 
1.20833e-12 2.37374e-09 1.53594e-06 0.0029155 0.956029 0.0371895 0.00385218 1.22509e-05 3.36585e-08 2.15684e-11 
1.44463e-20 2.78776e-17 1.98691e-14 9.96818e-11 2.39965e-06 0.0010073 0.012033 0.983252 0.00369664 8.89213e-06 
0.00241299 0.287917 0.695765 0.0137574 0.00014662 3.13043e-07 8.58695e-10 9.92232e-13 2.28332e-16 9.66886e-20 
5.82839e-05 0.0156465 0.966855 0.0172162 0.000223582 4.57586e-07 1.29539e-09 1.4905e-12 3.43199e-16 1.46198e-19 
9.57115e-31 2.98295e-27 9.51522e-24 3.6713e-20 6.17927e-17 4.92085e-14 9.13777e-11 2.73556e-07 0.000948468 0.999051 
1.63495e-30 5.0969e-27 1.62642e-23 6.28814e-20 1.11728e-16 9.26043e-14 2.60967e-10 1.0726e-05 0.0028369 0.997152 
3.84042e-25 1.10948e-21 3.0203e-18 1.70299e-14 3.3965e-10 3.04345e-07 0.000692187 0.97576 0.0209586 0.00258898 
1.11272e-29 2.28339e-26 2.45131e-23 9.73461e-20 1.07915e-15 2.35335e-12 1.59691e-08 8.03141e-05 0.00235666 0.997563 
2.21598e-25 4.93759e-22 7.71105e-19 2.66747e-15 3.01017e-12 1.96423e-09 1.46078e-06 0.0024866 0.993981 0.00353132 
3.04236e-16 5.57931e-13 1.86635e-10 1.64964e-07 1.2e-05 0.00572497 0.0266693 0.967476 0.000117308 2.2069e-08 
2.4242e-21 4.50824e-18 1.95286e-15 3.17522e-12 4.68356e-09 2.61492e-06 0.00239743 0.0131341 0.983398 0.00106829 
1.57877e-23 5.27278e-20 1.85849e-16 7.33418e-13 2.3934e-09 1.45554e-06 0.00213844 0.992027 0.0050161 0.000816866 
1.18197e-20 2.18025e-17 8.19585e-15 1.01133e-11 7.94672e-09 4.526e-06 0.00425282 0.992571 0.00316446 7.46211e-06 
9.17945e-21 1.69275e-17 6.32727e-15 7.71101e-12 5.72921e-09 3.2181e-06 0.00293497 0.994116 0.00264977 0.000295784 
5.17932e-07 0.000206358 0.0137852 0.973266 0.012355 0.000385754 1.47117e-06 5.88528e-09 2.58532e-12 1.61225e-15 
1.23209e-10 1.31971e-07 3.32634e-05 0.00968888 0.979516 0.0106844 7.72552e-05 1.7696e-07 7.35336e-11 3.92571e-14 
3.03406e-16 5.56656e-13 1.88065e-10 1.71527e-07 1.57358e-05 0.00753551 0.988565 0.00384991 3.38527e-05 1.88585e-08 
4.30852e-07 0.000166029 0.0120666 0.0676957 0.918637 0.00143381 8.04536e-07 9.37811e-10 4.58348e-13 3.26795e-16 
1.45682e-30 4.54177e-27 1.44938e-23 5.60549e-20 1.00551e-16 8.34871e-14 1.70039e-10 5.39873e-07 0.00192692 0.998073 
3.29448e-07 0.000156254 0.0121201 0.0655867 0.920815 0.00132086 6.25041e-07 4.90441e-10 1.28282e-13 5.85056e-17 
9.03394e-13 1.65299e-09 5.37641e-07 0.000423444 0.0105207 0.984424 0.0046198 1.1933e-05 3.57254e-08 2.26392e-11 
0.0141132 0.0998189 0.88243 0.00363256 5.18314e-06 5.99248e-09 5.92915e-12 6.27837e-15 1.20498e-18 4.24866e-22 
3.00342e-05 0.00515591 0.0364937 0.950758 0.00753461 2.79055e-05 1.17216e-07 2.12492e-10 7.34742e-14 3.71828e-17 
6.49994e-21 1.19972e-17 4.56235e-15 5.78434e-12 5.02913e-09 2.9401e-06 0.00302701 0.994601 0.00236355 5.18261e-06 
3.95058e-07 0.000190375 0.00928219 0.0436795 0.944893 0.00195317 1.55297e-06 1.11372e-09 2.2654e-13 7.27986e-17 
2.54264e-05 0.00806931 0.943671 0.043659 0.00455767 1.73907e-05 5.46714e-08 9.73107e-11 3.29243e-14 1.65832e-17 
1.55192e-10 1.55661e-07 3.67574e-05 0.00923462 0.0633392 0.927175 0.000213939 2.0664e-07 8.3207e-11 4.47221e-14 
1.78269e-30 5.55458e-27 1.77134e-23 6.84111e-20 1.18471e-16 9.57234e-14 1.85183e-10 5.72694e-07 0.00219576 0.997804 
2.65787e-16 4.87509e-13 1.64001e-10 1.46783e-07 1.22316e-05 0.0057267 0.991329 0.00290418 2.75268e-05 1.57564e-08 
5.80191e-23 1.06947e-19 3.96623e-17 4.73467e-14 2.76348e-11 1.6462e-08 1.41266e-05 0.00236375 0.994532 0.00309015 
3.7214e-07 0.000178432 0.0139265 0.976295 0.00956021 3.87832e-05 1.71427e-07 2.93586e-10 9.45417e-14 4.62003e-17 
1.12859e-20 2.07757e-17 7.51356e-15 8.37051e-12 3.53077e-09 1.91849e-06 0.00097627 0.00636828 0.989798 0.00285585 
1.20914e-30 3.772e-27 1.20476e-23 4.66934e-20 8.83852e-17 7.62262e-14 1.67978e-10 5.70395e-07 0.00214361 0.997856 
1.53251e-10 1.54405e-07 3.51762e-05 0.00695262 0.0366575 0.954679 0.00167364 2.06262e-06 1.90361e-09 9.66285e-13 
2.32706e-25 5.0673e-22 7.24158e-19 2.45841e-15 2.79604e-12 1.84127e-09 1.46548e-06 0.00237137 0.994201 0.00342608 
