4094
2.50763e-07 5.88313e-06 0.000107458 0.000455982 0.00319799 0.00996724 0.0274289 0.597421 0.267288 0.0941275 
0.00177038 0.0141007 0.0720821 0.155285 0.602956 0.108443 0.0322263 0.0107243 0.00206539 0.000346556 
0.000365368 0.00985434 0.0354726 0.0997414 0.176678 0.52205 0.0915806 0.0396019 0.0186558 0.0059996 
8.92422e-07 2.03766e-05 0.000281919 0.00144528 0.00959927 0.0220196 0.0561537 0.107321 0.13252 0.670638 
1.43332e-07 5.58798e-06 0.000133275 0.000628101 0.00794929 0.0283563 0.0783807 0.749717 0.0830744 0.0517552 
5.2804e-05 0.000508543 0.00492375 0.0203066 0.0486097 0.0881131 0.275474 0.457641 0.0901434 0.0142264 
0.000101471 0.0038206 0.0252841 0.0857502 0.149691 0.164534 0.485418 0.0519749 0.0250476 0.00837809 
4.66271e-08 9.97994e-07 1.01562e-05 6.93605e-05 0.000814185 0.00326659 0.011732 0.216672 0.611402 0.156032 
0.000172645 0.00556453 0.107021 0.458656 0.141289 0.135314 0.0767129 0.0415974 0.0266832 0.0069893 
8.43428e-07 2.05808e-05 0.000363667 0.00162127 0.00657781 0.016719 0.0369637 0.06644 0.0908655 0.780428 
5.35486e-08 1.02506e-06 1.26552e-05 4.80385e-05 0.000443919 0.00262572 0.0210409 0.901716 0.0352169 0.0388952 
0.000382127 0.0105163 0.0413941 0.095464 0.15966 0.165278 0.464148 0.0449887 0.013641 0.00452731 
1.04393e-08 1.37564e-07 1.10121e-06 4.02545e-06 2.4027e-05 0.000135068 0.000248846 0.000814504 0.00186052 0.996912 
1.37162e-15 3.28099e-13 4.15184e-12 5.30078e-11 8.51113e-09 4.14424e-08 3.90831e-07 6.67736e-05 0.000151247 0.999782 
1.96571e-08 2.92795e-07 2.79353e-06 1.0961e-05 0.00013445 0.000995867 0.00167652 0.00940063 0.0308588 0.95692 
1.51211e-06 5.11436e-05 0.000907996 0.0045577 0.0203056 0.235708 0.608651 0.0597755 0.0421434 0.027898 
2.84683e-06 4.13909e-05 0.000622168 0.00188915 0.0037485 0.0107968 0.0200694 0.0446432 0.086682 0.831505 
3.72491e-19 2.20339e-16 2.93049e-14 1.70773e-12 2.83911e-10 6.08324e-09 8.23245e-07 4.31516e-05 0.00055717 0.999399 
6.9996e-06 0.000214112 0.00253446 0.00924874 0.0386697 0.0574729 0.73353 0.089621 0.0572309 0.0114712 
4.42551e-08 7.94065e-07 9.57749e-06 4.04759e-05 0.00047907 0.00307575 0.011368 0.037846 0.874645 0.0725348 
2.50893e-07 5.27531e-06 7.36116e-05 0.000310095 0.00237633 0.00887162 0.0239385 0.0500237 0.78645 0.127951 
4.20674e-08 7.16708e-07 7.6397e-06 2.94841e-05 0.000201612 0.00181823 0.00406458 0.00758339 0.0415241 0.94477 
2.57573e-05 0.00088965 0.00871396 0.10946 0.150643 0.235924 0.361812 0.069558 0.048276 0.0146973 
1.01023e-07 3.34185e-06 8.17333e-05 0.000365097 0.00270632 0.00738295 0.0238535 0.078473 0.712482 0.174652 
9.82898e-29 4.89436e-25 2.86822e-22 1.53724e-18 1.40171e-16 3.92719e-14 2.34363e-10 3.80407e-08 4.63202e-05 0.999954 
1.91875e-05 0.000997239 0.020067 0.0881938 0.122061 0.404852 0.145321 0.115327 0.0728715 0.0302906 
0.00120757 0.138311 0.352174 0.132359 0.167769 0.127841 0.0537479 0.0195039 0.00589761 0.00118973 
9.52008e-26 2.44739e-22 8.38488e-20 2.18673e-16 2.35102e-14 3.95317e-12 1.34102e-08 1.82044e-05 0.000930244 0.999052 
3.18561e-06 5.39528e-05 0.000918067 0.00363319 0.00858514 0.0191876 0.0797594 0.773791 0.0716811 0.0423871 
3.76096e-06 7.48688e-05 0.000913261 0.00287653 0.00599018 0.0140891 0.0276565 0.0408372 0.0546367 0.852922 
3.242e-19 2.19085e-16 2.51815e-14 1.84407e-12 3.22052e-10 9.29833e-09 1.66509e-06 0.000147198 0.00231251 0.997539 
5.3474e-05 0.000445434 0.0053565 0.0155588 0.0378579 0.0776018 0.0983569 0.658042 0.0788869 0.0278406 
2.96708e-07 7.06267e-06 9.34094e-05 0.00048833 0.00594361 0.0214578 0.0660154 0.709208 0.101387 0.0953988 
3.00802e-07 7.29055e-06 0.000129317 0.000663766 0.00433271 0.0499242 0.0262228 0.136823 0.35367 0.428227 
3.16791e-12 3.28459e-10 5.22497e-09 6.06247e-08 1.72169e-06 5.57579e-05 0.000205835 0.00283103 0.985166 0.0117398 
6.67462e-27 1.11362e-23 2.78009e-21 5.50403e-18 1.20916e-15 9.69266e-14 1.96646e-10 1.6708e-08 8.93089e-06 0.999991 
6.75397e-19 3.59793e-16 2.99318e-14 2.21184e-12 4.75219e-10 3.62216e-09 2.23056e-07 2.56925e-05 0.000618224 0.999356 
2.51736e-06 0.000123782 0.00308579 0.00847279 0.0379678 0.084119 0.590205 0.113217 0.0897227 0.0730841 
0.000162718 0.00270119 0.0194743 0.0580491 0.489937 0.178499 0.12446 0.0742183 0.0398205 0.0126779 
5.6967e-06 0.000181918 0.00170102 0.00975273 0.523041 0.106389 0.115005 0.12187 0.0857734 0.0362811 
9.44974e-05 0.0011522 0.0167385 0.0760177 0.0584909 0.457275 0.18911 0.0668939 0.062526 0.0717013 
1.31697e-07 3.40838e-06 5.09458e-05 0.000207339 0.00207154 0.00552002 0.0182883 0.035496 0.84833 0.0900324 
2.54486e-11 4.76252e-09 9.16274e-08 7.6236e-07 1.75179e-05 0.00018126 0.000308399 0.00569955 0.0236662 0.970126 
3.38888e-12 7.80371e-11 1.28728e-09 6.51313e-09 7.20806e-08 5.06964e-07 1.26413e-06 8.28329e-06 0.000118034 0.999872 
1.50187e-16 7.49112e-14 4.50617e-12 4.01388e-10 3.76405e-08 4.1595e-07 3.54538e-05 0.000414981 0.0045718 0.994977 
8.34333e-09 1.54158e-07 1.92024e-06 9.02716e-06 0.000180185 0.00147265 0.00469833 0.0182359 0.038912 0.93649 
1.89099e-08 3.62391e-07 4.27445e-06 1.93189e-05 0.000182675 0.00200044 0.00317568 0.0134561 0.909704 0.0714576 
0.00365687 0.0450738 0.123719 0.543305 0.151803 0.0908112 0.0280236 0.0112895 0.00181633 0.000501082 
2.5321e-08 3.98089e-07 4.15243e-06 1.60551e-05 0.00010017 0.000730949 0.000870911 0.00287018 0.00876606 0.986641 
6.4428e-08 1.10508e-06 1.26341e-05 4.65946e-05 0.000283659 0.00195567 0.00532801 0.00969391 0.0167791 0.965899 
8.05779e-05 0.0028746 0.00990142 0.149895 0.124036 0.447698 0.178174 0.041937 0.027884 0.0175189 
7.10962e-06 0.000238463 0.00320586 0.0116604 0.0396668 0.0883089 0.61159 0.126606 0.0829674 0.0357489 
0.000227387 0.00545494 0.0184388 0.0480163 0.117749 0.35682 0.332373 0.088679 0.0252641 0.00697819 
3.4776e-06 6.16515e-05 0.000983611 0.00403667 0.0131849 0.0334278 0.0537033 0.0931125 0.563467 0.238019 
0.00221114 0.0398633 0.413492 0.32883 0.0780724 0.0496465 0.0722498 0.0114175 0.00349663 0.00072048 
2.3052e-06 4.06019e-05 0.000715803 0.00295716 0.0133088 0.0375455 0.399334 0.103439 0.401972 0.0406842 
6.28153e-08 1.13163e-06 1.28653e-05 4.58683e-05 0.000291321 0.00212528 0.00819155 0.0163921 0.0312648 0.941675 
5.71648e-07 1.20156e-05 0.000231573 0.000988978 0.0242537 0.0744492 0.118729 0.507306 0.181071 0.0929575 
1.23806e-05 0.000434592 0.00485771 0.0190457 0.0619278 0.592285 0.136858 0.105656 0.0593248 0.0195984 
4.14818e-06 9.22351e-05 0.0015658 0.00517089 0.016115 0.0437698 0.50853 0.2092 0.18513 0.0304226 
2.22836e-07 4.05474e-06 4.65052e-05 0.000189759 0.00158881 0.00708478 0.0159474 0.0360536 0.827924 0.11116 
2.25479e-08 4.69045e-06 3.69581e-05 0.000498282 0.0381858 0.00642934 0.200844 0.110651 0.259678 0.383672 
2.59984e-05 0.000530022 0.00710607 0.0249311 0.471193 0.126138 0.140857 0.123904 0.0789322 0.0263828 
3.34975e-08 6.05869e-07 7.12226e-06 3.02195e-05 0.000396909 0.00296097 0.0115162 0.836126 0.0785076 0.0704539 
1.28713e-07 4.53389e-06 0.000137546 0.00056852 0.00356018 0.00812501 0.0222709 0.0514019 0.81992 0.0940112 
1.68011e-09 3.7049e-08 6.13647e-07 1.96584e-06 8.75288e-06 5.6236e-05 0.000142911 0.000980953 0.00559077 0.993218 
3.13402e-05 0.000942236 0.00857504 0.031394 0.0696865 0.134806 0.492848 0.130985 0.0888655 0.0418666 
1.17473e-08 1.97928e-07 2.17655e-06 8.81945e-06 9.24925e-05 0.000644611 0.00151479 0.0133355 0.351275 0.633127 
3.54395e-29 2.19589e-25 3.16303e-22 3.5958e-18 9.6988e-17 6.7366e-14 1.65561e-09 1.38792e-05 0.000672114 0.999314 
2.75212e-05 0.000558529 0.00697998 0.0264492 0.064074 0.500583 0.169628 0.12944 0.0757609 0.0264985 
1.00649e-07 1.71468e-06 1.79438e-05 6.33026e-05 0.000445656 0.00323334 0.00942367 0.357302 0.34687 0.282641 
0.00145263 0.335418 0.0574584 0.190985 0.159377 0.126846 0.0875485 0.0256754 0.0127633 0.00247646 
2.1471e-07 4.65808e-06 7.56176e-05 0.000311188 0.00232899 0.00768506 0.0195752 0.0439234 0.803543 0.122553 
3.22043e-07 7.07832e-06 9.66482e-05 0.000475195 0.00483332 0.0199911 0.0654716 0.670259 0.114525 0.124341 
6.82998e-06 0.00024006 0.00320198 0.0119032 0.100921 0.070276 0.43921 0.159592 0.0719539 0.142695 
1.32991e-12 9.20775e-11 1.08894e-09 1.40741e-08 4.71859e-07 2.46641e-06 8.67559e-05 0.00128467 0.0114301 0.987196 
9.56024e-11 1.84787e-08 3.57463e-07 3.03213e-06 9.6928e-05 0.000533409 0.00225278 0.463825 0.494414 0.0388748 
3.14308e-05 0.000562286 0.00683224 0.0228994 0.0673954 0.434772 0.131156 0.260567 0.0566532 0.0191304 
0.000622124 0.0169482 0.0543164 0.125769 0.479049 0.15361 0.0839801 0.0439717 0.0331037 0.00862968 
5.08934e-08 9.15584e-07 1.0619e-05 3.99041e-05 0.000292828 0.00217714 0.00674824 0.0154162 0.312238 0.663076 
1.4119e-10 2.39861e-08 4.61095e-07 4.17907e-06 0.000177837 0.00114471 0.00334866 0.0229641 0.0501543 0.922206 
1.30523e-08 5.80958e-07 1.21948e-05 6.33416e-05 0.00111088 0.00465297 0.0124672 0.0320981 0.0579923 0.891602 
1.70785e-07 2.71239e-06 2.61579e-05 0.000109432 0.000978124 0.00570297 0.0149304 0.0412085 0.0853028 0.851739 
1.46676e-06 2.69727e-05 0.000594546 0.00230107 0.0130677 0.0351442 0.597254 0.133343 0.128779 0.0894881 
5.51027e-08 1.56207e-06 1.44213e-05 0.000130972 0.00231412 0.00715631 0.0245695 0.0576727 0.0970187 0.811122 
9.25074e-33 4.76057e-29 7.45746e-26 3.8322e-22 6.25798e-18 1.14797e-15 1.00402e-09 9.0687e-06 0.000380081 0.999611 
1.34431e-07 2.74691e-06 2.76957e-05 0.000188413 0.0026773 0.00775481 0.0265123 0.0691769 0.0994486 0.794211 
3.18863e-09 6.21224e-08 9.70283e-07 5.50583e-06 6.58014e-05 0.000497981 0.00127046 0.00602085 0.0213614 0.970777 
7.97914e-12 1.51068e-09 2.89606e-08 2.41027e-07 5.92414e-06 3.89172e-05 0.000198381 0.00263637 0.0104753 0.986645 
3.04928e-08 5.23031e-07 5.6817e-06 2.32986e-05 0.000208545 0.00161753 0.00277689 0.0132356 0.0550658 0.927066 
2.1306e-07 4.91611e-06 7.15998e-05 0.000396074 0.00445389 0.0242569 0.676435 0.0999124 0.0983718 0.096097 
2.18801e-05 0.000724443 0.00871412 0.0320958 0.0742843 0.135221 0.56312 0.113302 0.0560327 0.0164836 
1.89027e-06 3.97593e-05 0.000711478 0.00312875 0.0167484 0.050934 0.620576 0.149979 0.106099 0.0517807 
6.4135e-07 1.48399e-05 0.000306345 0.00130229 0.00795494 0.0181822 0.0546013 0.0923606 0.11587 0.709406 
1.15683e-07 3.28923e-06 6.73737e-05 0.000397559 0.00351342 0.314315 0.393208 0.193851 0.0488819 0.0457618 
9.98929e-08 2.20478e-06 2.10047e-05 0.000157053 0.00215225 0.00963043 0.0364265 0.765938 0.0973984 0.088274 
1.69202e-07 4.70746e-06 5.88208e-05 0.000309961 0.00418795 0.0144038 0.0429878 0.0837214 0.762487 0.0918381 
3.85166e-06 7.58342e-05 0.00110966 0.00475438 0.018332 0.0497071 0.106616 0.672466 0.0916362 0.055299 
6.20982e-07 1.38141e-05 0.000303198 0.00128082 0.00674931 0.0177605 0.0477236 0.135944 0.715408 0.0748161 
1.98746e-07 6.42226e-06 0.000147046 0.000606007 0.00421841 0.00733279 0.0194335 0.0304362 0.041604 0.896215 
7.56965e-10 7.14093e-08 1.27962e-06 8.46888e-06 0.000147235 0.00125338 0.00343014 0.0184481 0.0491282 0.927583 
7.11949e-06 0.000209971 0.00510489 0.0127524 0.0457513 0.100178 0.131563 0.574764 0.0864536 0.0432153 
1.15187e-08 2.22133e-07 2.67579e-06 9.82371e-06 8.28819e-05 0.000485839 0.00141879 0.00486598 0.0205776 0.972556 
7.67484e-07 1.2833e-05 0.0001883 0.000632583 0.00322432 0.00809708 0.0201626 0.045541 0.817923 0.104218 
6.30633e-08 1.24208e-06 1.23453e-05 7.40141e-05 0.000850141 0.00359512 0.0121492 0.0298165 0.0547079 0.898793 
0.00210827 0.0276966 0.0875277 0.164459 0.20658 0.445154 0.0488361 0.0147606 0.00248155 0.000396097 
0.146811 0.422807 0.147642 0.243273 0.0295913 0.00929704 0.000526692 4.73378e-05 4.37101e-06 5.03792e-07 
1.20814e-07 1.95483e-06 1.91556e-05 8.35929e-05 0.000965596 0.0047736 0.0159252 0.0436976 0.834399 0.100134 
2.03434e-07 5.27877e-06 0.000181231 0.00074759 0.00291141 0.00994598 0.0240214 0.0474668 0.0784244 0.836296 
6.51394e-06 0.00014209 0.00161379 0.00590224 0.0147956 0.0387734 0.0548876 0.673942 0.118865 0.0910721 
1.64423e-11 3.21592e-09 6.20736e-08 4.9969e-07 1.09474e-05 3.81233e-05 0.000108005 0.00173622 0.00785794 0.990248 
2.45818e-08 3.81458e-07 3.84027e-06 1.71748e-05 0.000314534 0.00203165 0.0091553 0.290558 0.520473 0.177447 
7.19332e-08 1.30086e-06 1.15693e-05 3.79661e-05 0.000534162 0.00200146 0.00917478 0.0333994 0.059399 0.89544 
1.69769e-06 6.17156e-05 0.00123237 0.00328563 0.0117028 0.177231 0.141236 0.439607 0.151172 0.0744693 
5.97481e-10 5.82025e-08 1.0585e-06 7.41727e-06 0.00013597 0.000844223 0.00114893 0.0100644 0.0334695 0.954328 
3.61811e-28 2.27002e-24 2.90523e-21 3.12144e-17 8.42948e-16 5.79136e-13 5.72925e-09 1.1857e-05 0.000869824 0.999118 
4.8335e-06 0.000199764 0.00198139 0.00769847 0.0237056 0.0542082 0.0914946 0.676767 0.103217 0.0407226 
5.70171e-07 1.04633e-05 0.000185409 0.000665173 0.00495857 0.0132736 0.0423327 0.428264 0.436342 0.0739675 
1.82807e-07 3.34941e-06 3.2525e-05 0.000192795 0.00224176 0.0100629 0.0397472 0.717189 0.114307 0.116222 
1.52605e-29 8.82821e-26 1.3631e-22 1.5975e-18 5.13e-17 3.17063e-14 2.30396e-09 2.08207e-05 0.000697624 0.999282 
2.16902e-05 0.000890272 0.0111069 0.0389972 0.0994712 0.550062 0.142208 0.0895814 0.0514796 0.0161813 
2.20891e-08 4.12877e-07 5.03421e-06 2.16976e-05 0.00041173 0.00263187 0.0165453 0.843087 0.0778337 0.0594629 
2.06558e-07 5.1266e-06 0.000111275 0.000429773 0.00277772 0.00623135 0.0142085 0.035874 0.065236 0.875126 
0.0100918 0.105179 0.086893 0.320255 0.148121 0.279757 0.0410677 0.00654315 0.00173452 0.00035781 
0.000145613 0.00201009 0.0151765 0.0440026 0.100327 0.16293 0.568596 0.0700725 0.0318012 0.0049381 
1.16007e-10 2.24389e-08 4.32485e-07 3.54641e-06 7.59035e-05 0.000532669 0.000463032 0.00447649 0.0169021 0.977546 
1.84587e-07 2.91847e-06 2.95206e-05 0.000106052 0.000695281 0.00504961 0.0139358 0.0351752 0.0790207 0.865985 
0.000913865 0.0171249 0.061044 0.136036 0.547987 0.131026 0.0598289 0.0275062 0.0144773 0.00405649 
3.05423e-11 7.81019e-10 1.66052e-08 7.6895e-08 2.1035e-06 1.04077e-05 9.24762e-05 0.00182834 0.00855177 0.989515 
1.16224e-07 1.95882e-06 2.01303e-05 6.99315e-05 0.000481964 0.00306337 0.00868961 0.0225385 0.0534041 0.91173 
1.03989e-07 1.59693e-06 1.65214e-05 9.16915e-05 0.000869651 0.00431014 0.00890731 0.024615 0.0515585 0.909629 
6.74772e-06 0.000189512 0.00182391 0.00734323 0.020249 0.0432421 0.0612808 0.0957926 0.0981193 0.671953 
7.98118e-05 0.00285522 0.0101574 0.146364 0.125334 0.440366 0.181105 0.0480099 0.0348962 0.010833 
1.55765e-11 3.03751e-09 5.85805e-08 4.76919e-07 1.08319e-05 5.42011e-05 0.00019985 0.0039237 0.0187824 0.977028 
1.78905e-13 5.74136e-12 1.21608e-10 3.86244e-10 2.24553e-09 1.37514e-08 7.83369e-08 7.727e-08 1.69568e-05 0.999983 
7.34219e-06 0.00022945 0.00299272 0.00920101 0.0273081 0.0659079 0.110019 0.154359 0.564968 0.0650067 
9.26427e-08 1.48761e-06 1.49561e-05 5.41368e-05 0.000432721 0.0033859 0.00993674 0.0164613 0.0333795 0.936333 
5.33111e-06 0.000102799 0.00150745 0.00630565 0.0205202 0.0587407 0.63499 0.142544 0.0980011 0.0372825 
3.91131e-09 8.5798e-08 1.01593e-06 3.99724e-06 4.25105e-05 0.000255409 0.00104669 0.00325945 0.538865 0.456525 
2.54299e-06 6.95057e-05 0.00106103 0.00601126 0.0278549 0.0777864 0.658261 0.119736 0.072715 0.0365023 
1.27544e-09 4.07181e-08 7.41985e-07 4.01788e-06 6.03155e-05 0.00042951 0.0020124 0.00755251 0.946769 0.0431717 
8.48293e-07 1.88297e-05 0.000394062 0.00160816 0.0117892 0.0325943 0.0910125 0.670314 0.118382 0.0738853 
8.92986e-15 1.53737e-12 2.68265e-11 1.01216e-09 2.26998e-07 1.31229e-06 4.94529e-05 0.00101045 0.00299979 0.995939 
3.19263e-06 7.22421e-05 0.00118905 0.00654649 0.0367763 0.477837 0.140484 0.150044 0.115703 0.0713447 
1.60427e-11 9.51447e-10 3.61991e-08 1.11482e-07 2.2326e-06 5.08221e-05 0.000141233 0.000257086 0.00149119 0.998057 
1.48249e-07 4.98714e-06 0.000133823 0.000711912 0.00487211 0.0174525 0.215992 0.65738 0.0633629 0.0400903 
1.04264e-15 7.93991e-14 1.03019e-12 7.8995e-12 4.16379e-10 2.68569e-09 3.69761e-07 4.18593e-07 7.37001e-05 0.999926 
1.68513e-07 4.50493e-06 8.48565e-05 0.000417872 0.00225457 0.0290022 0.094635 0.179867 0.445262 0.248472 
2.27713e-07 4.43672e-06 6.06851e-05 0.000304127 0.00304443 0.0130072 0.047458 0.726372 0.106352 0.103397 
1.41577e-06 2.78538e-05 0.000459133 0.00238742 0.011822 0.660197 0.0920719 0.0977638 0.082521 0.052748 
7.76521e-07 1.4891e-05 0.000260885 0.00107867 0.00493551 0.0309208 0.082439 0.188013 0.402901 0.289436 
2.73294e-07 7.60215e-06 0.00017675 0.000760869 0.00504674 0.0102516 0.0252505 0.0548832 0.0687536 0.834869 
9.18086e-28 4.38187e-24 3.03432e-21 2.13067e-17 7.16346e-16 4.19687e-13 3.09323e-09 1.05312e-05 0.000299905 0.99969 
1.27672e-07 4.10534e-06 0.000116422 0.000709833 0.00643487 0.249174 0.274988 0.350505 0.069541 0.0485266 
9.04978e-28 5.28382e-24 4.78692e-21 4.28602e-17 1.24983e-15 8.06996e-13 1.02366e-08 4.19523e-05 0.00148432 0.998474 
1.08758e-07 2.1357e-06 2.58296e-05 0.000100048 0.0009396 0.00407512 0.00709618 0.0234835 0.0474196 0.916858 
2.05877e-05 0.000492757 0.00470356 0.0175019 0.208137 0.142551 0.469067 0.0729533 0.0721234 0.0124496 
2.99904e-07 5.78137e-06 0.00011844 0.000506679 0.00267604 0.00659472 0.0167722 0.331159 0.0498834 0.592284 
7.8778e-08 1.16096e-06 1.07878e-05 4.31378e-05 0.000379959 0.00249181 0.00662845 0.0271134 0.876584 0.0867476 
2.5193e-16 1.18198e-13 7.7464e-12 6.19026e-10 8.64801e-08 6.81379e-07 5.06429e-05 0.000710185 0.00782571 0.991413 
1.27149e-06 2.31335e-05 0.000406948 0.00163106 0.00739161 0.0568852 0.13731 0.143305 0.619395 0.0336509 
1.98395e-05 0.0012425 0.00865783 0.0294621 0.376891 0.0826696 0.0896966 0.294298 0.0722788 0.0447835 
3.27123e-17 1.01727e-14 4.9827e-13 2.70631e-11 5.43548e-09 8.00383e-08 3.36923e-06 0.000684441 0.0035691 0.995743 
2.03269e-07 3.67806e-06 4.00613e-05 0.000188407 0.00196675 0.00798143 0.0241951 0.054471 0.787756 0.123398 
1.32438e-07 2.71638e-06 3.60216e-05 0.000152638 0.00179247 0.00566597 0.0123918 0.0317383 0.0614393 0.886781 
3.5349e-15 9.32155e-13 2.12845e-11 1.0836e-09 2.18106e-07 1.34173e-06 9.0022e-05 0.00134992 0.00836886 0.99019 
2.06923e-07 4.33779e-06 5.95896e-05 0.000253901 0.00170399 0.00714055 0.0190518 0.0376745 0.0637981 0.870313 
2.25826e-05 0.000590352 0.00557336 0.0204754 0.0533333 0.111181 0.155762 0.507711 0.105491 0.0398599 
3.01291e-06 5.0169e-05 0.000849771 0.00321023 0.00959526 0.0220816 0.0479437 0.0859482 0.730335 0.0999834 
9.40061e-20 4.11656e-17 7.7754e-15 4.01774e-13 1.90944e-11 3.11115e-09 1.25353e-06 0.000120956 0.00199628 0.997882 
1.41212e-07 2.52263e-06 2.84447e-05 0.000112875 0.00126429 0.00764006 0.0224898 0.753209 0.0994304 0.115822 
5.1676e-06 0.000165818 0.00158479 0.00593915 0.0180148 0.0996888 0.53646 0.194644 0.0928483 0.0506499 
3.20336e-09 1.09341e-07 1.85967e-06 9.4097e-06 0.0001513 0.00111594 0.0030008 0.0103345 0.0260002 0.959386 
1.88802e-07 6.61881e-06 0.000147801 0.000676541 0.00563536 0.0103644 0.0276775 0.0582141 0.0880978 0.80918 
1.69663e-29 9.43838e-26 1.18652e-22 1.26735e-18 3.43309e-17 2.37012e-14 2.16886e-10 3.81423e-07 0.000176027 0.999824 
5.66259e-08 1.37257e-06 1.86099e-05 7.56664e-05 0.000932286 0.00274635 0.00863394 0.325341 0.408254 0.253996 
4.01305e-17 4.71355e-15 1.02708e-13 2.11025e-12 6.18462e-11 8.92677e-09 2.02478e-06 0.00023663 0.00303726 0.996724 
3.75942e-08 6.4751e-07 7.20376e-06 2.87714e-05 0.000679815 0.00545408 0.802267 0.0556382 0.0721466 0.0637778 
4.87793e-13 2.53259e-11 3.51209e-10 3.36756e-09 1.24202e-07 1.24804e-06 7.55834e-06 2.16006e-05 0.000372024 0.999597 
5.03079e-29 3.11512e-25 4.49242e-22 5.11032e-18 1.25816e-16 9.37888e-14 3.97279e-10 1.81384e-06 0.000532624 0.999466 
1.96436e-07 3.28528e-06 3.95437e-05 0.000145552 0.000944564 0.00589227 0.0152127 0.0361651 0.0796038 0.861993 
2.51268e-07 5.78669e-06 0.000104417 0.000455237 0.00360216 0.0121677 0.0375803 0.0851995 0.744661 0.116224 
1.5582e-08 3.42139e-07 3.37092e-06 2.49778e-05 0.000590007 0.0219506 0.436784 0.155806 0.251108 0.133733 
9.28083e-07 1.90695e-05 0.000433622 0.00161374 0.00955009 0.0302803 0.324397 0.42534 0.114232 0.0941327 
0.000679103 0.0079648 0.0591933 0.541165 0.239213 0.101213 0.0342113 0.0117297 0.0038938 0.000737287 
3.30654e-05 0.00112795 0.0108454 0.0544019 0.275981 0.352627 0.186566 0.0796564 0.0324075 0.00635304 
2.52166e-07 5.45412e-06 9.54635e-05 0.000419881 0.00455084 0.0222863 0.692198 0.114221 0.0909991 0.0752241 
4.4574e-06 7.62549e-05 0.00126039 0.00484904 0.0176589 0.0444467 0.0775126 0.692121 0.111834 0.0502368 
0.000599439 0.00382188 0.0230046 0.0711878 0.139407 0.600183 0.110244 0.0382342 0.0110423 0.00227546 
7.78363e-08 1.31022e-06 1.416e-05 5.31205e-05 0.000476811 0.00271073 0.00867913 0.163342 0.56324 0.261483 
1.69741e-07 5.02354e-06 0.000123293 0.000591182 0.00456392 0.013807 0.0454885 0.085282 0.769389 0.0807503 
1.54531e-10 3.03937e-08 3.87819e-07 3.34065e-06 0.000185732 0.0011794 0.00770476 0.0372847 0.925416 0.0282255 
4.55825e-09 8.5753e-08 1.02405e-06 4.93483e-06 6.334e-05 0.000407836 0.000922177 0.0059104 0.674515 0.318175 
1.28824e-07 2.75207e-06 3.48166e-05 0.00013927 0.0016163 0.00433022 0.0145911 0.0270615 0.0521767 0.900047 
7.77794e-08 1.73219e-06 2.25209e-05 0.000106957 0.00126012 0.00467658 0.284211 0.343268 0.134916 0.231537 
1.86832e-08 2.86328e-07 2.60181e-06 1.08501e-05 8.08412e-05 0.000775651 0.000815129 0.00272003 0.00577235 0.989822 
4.60464e-06 0.000594397 0.00751871 0.0325032 0.564399 0.101591 0.0851725 0.0848306 0.0657218 0.0576643 
8.73293e-11 7.8476e-09 1.29269e-07 1.32186e-06 3.09923e-05 0.000463198 0.00132961 0.0078137 0.025731 0.96463 
3.90174e-11 3.44046e-09 6.14151e-08 6.04677e-07 1.33907e-05 0.000376193 0.0010407 0.00973942 0.944887 0.0439422 
9.21173e-08 1.40004e-06 1.37231e-05 5.05109e-05 0.000337886 0.00234481 0.00583303 0.0123466 0.0264561 0.952616 
4.3421e-10 1.01006e-08 1.34886e-07 4.549e-07 2.91277e-06 5.46166e-05 0.000135852 0.000339846 0.00104595 0.99842 
1.95797e-05 0.000966183 0.0122435 0.0347033 0.531052 0.152596 0.117588 0.0806106 0.0443563 0.0258648 
1.89026e-07 3.11469e-06 3.30242e-05 0.000119034 0.000914087 0.00557891 0.0176202 0.0310037 0.0561896 0.888538 
1.06518e-06 2.1048e-05 0.000330601 0.00138508 0.0249883 0.0195478 0.0889135 0.470591 0.336101 0.0581203 
2.28947e-11 5.86418e-10 9.27154e-09 3.53007e-08 2.71243e-07 1.2491e-06 8.33998e-06 2.41347e-05 0.000715249 0.999251 
4.28979e-09 7.53749e-08 8.98795e-07 4.91991e-06 9.04824e-05 0.00092224 0.00172796 0.00756398 0.0231589 0.966531 
2.70126e-07 9.16562e-06 0.000236442 0.00103656 0.00643584 0.0150299 0.03996 0.0828313 0.767503 0.0869571 
0.000162948 0.0021386 0.0140935 0.0420325 0.0923236 0.124571 0.0958846 0.597748 0.0240767 0.00696836 
1.8927e-06 4.53275e-05 0.000820419 0.0315938 0.0307802 0.112286 0.134969 0.609104 0.0593126 0.0210865 
3.40905e-16 7.11909e-14 1.01572e-12 1.58375e-11 1.61772e-09 2.65437e-07 2.51599e-07 4.34864e-05 0.00114803 0.998808 
1.67642e-07 3.46164e-06 4.30078e-05 0.000199083 0.00158026 0.00531276 0.0152254 0.0300057 0.122857 0.824774 
1.83707e-07 4.3593e-06 5.95332e-05 0.000226533 0.0026298 0.00654959 0.394444 0.423223 0.086024 0.0868387 
8.35083e-08 1.38677e-06 1.41638e-05 4.94875e-05 0.000332316 0.00237004 0.00548933 0.344559 0.277765 0.369419 
0.000655286 0.0140327 0.0521721 0.127048 0.206351 0.492736 0.0682979 0.0268475 0.00910017 0.00275968 
2.12395e-20 1.57703e-17 1.63029e-15 1.35162e-13 3.27999e-11 5.79825e-10 2.40246e-07 0.000111662 0.00274811 0.99714 
8.54671e-05 0.000517974 0.00761228 0.0284122 0.181769 0.533834 0.100675 0.0775005 0.0488944 0.0206985 
7.56493e-06 0.000175748 0.00291386 0.00989433 0.0366005 0.461643 0.0863853 0.284783 0.0783752 0.0392218 
3.19808e-07 7.55893e-06 0.00016745 0.000804409 0.0055741 0.0263053 0.3471 0.487662 0.0915353 0.0408435 
2.71411e-07 7.66502e-06 0.000149109 0.000714255 0.00629523 0.0176755 0.054968 0.099998 0.730188 0.0900044 
6.43762e-08 1.09344e-06 1.11443e-05 4.44438e-05 0.000415663 0.00248506 0.559546 0.198174 0.115201 0.124122 
3.42682e-08 6.96946e-07 8.83114e-06 3.52868e-05 0.000319444 0.00288843 0.0129618 0.025193 0.78829 0.170303 
1.01378e-12 6.41574e-11 3.07542e-09 6.6038e-09 4.04731e-07 2.20461e-06 0.000155894 0.177187 0.363473 0.459181 
1.12138e-05 0.000369925 0.004835 0.0177012 0.0369411 0.0768861 0.113419 0.629505 0.0896595 0.0306728 
3.96011e-07 1.24945e-05 0.000149316 0.000772636 0.00433039 0.018253 0.0882133 0.119223 0.655408 0.113637 
1.42042e-07 5.18806e-06 0.000169475 0.000720454 0.00481275 0.00868721 0.0250435 0.0502504 0.0643921 0.845919 
7.43834e-05 0.000758702 0.00860033 0.0287649 0.0682235 0.376857 0.377138 0.0810819 0.0467687 0.0117325 
1.81453e-10 1.1466e-08 1.27119e-07 9.71909e-07 4.13473e-05 0.000428445 0.00253126 0.39533 0.316202 0.285466 
7.433e-08 1.74218e-06 2.56218e-05 0.00054828 0.011165 0.749679 0.0529943 0.0745427 0.0646166 0.0464271 
2.03829e-08 4.39781e-07 3.93801e-06 3.60336e-05 0.000494922 0.00173392 0.0072212 0.0247451 0.635138 0.330627 
7.15282e-08 2.74793e-06 5.49576e-05 0.000301599 0.00230769 0.0127741 0.0327487 0.131177 0.722235 0.0983981 
9.27248e-08 1.78953e-06 1.76424e-05 0.000100921 0.00138075 0.00573422 0.0162767 0.0438 0.605912 0.326776 
2.94886e-07 7.01336e-06 0.000114013 0.00063769 0.00373695 0.0117197 0.0276312 0.0502817 0.170968 0.734904 
2.25875e-07 5.19181e-06 7.32631e-05 0.000351183 0.00427487 0.0108998 0.0362691 0.759457 0.102213 0.0864564 
2.3869e-07 6.72094e-06 0.000152196 0.000663553 0.00350184 0.00946151 0.0273439 0.0472203 0.0828758 0.828774 
6.00633e-30 3.55849e-26 5.36466e-23 6.22037e-19 2.57654e-17 1.33168e-14 1.83906e-09 1.66666e-05 0.00067031 0.999313 
2.83191e-05 0.000538697 0.00661787 0.0296245 0.0706428 0.342933 0.241179 0.125909 0.156658 0.0258677 
2.09969e-09 1.23181e-07 2.17137e-06 1.21829e-05 0.000150994 0.00130345 0.00279776 0.0157003 0.0449051 0.935128 
1.82709e-07 2.83905e-06 2.71498e-05 9.07527e-05 0.000600383 0.00374032 0.00855736 0.0173856 0.0331801 0.936415 
3.08373e-09 6.62031e-08 1.12439e-06 5.38755e-06 5.8545e-05 0.000656572 0.00547841 0.00882904 0.0252802 0.959691 
1.10577e-07 2.81139e-06 4.40427e-05 0.00021599 0.00174706 0.0210009 0.0571552 0.108823 0.658145 0.152865 
2.54412e-11 2.52788e-09 4.705e-08 4.0031e-07 8.18071e-06 0.000139652 0.00021805 0.00196262 0.981679 0.0159916 
9.30829e-08 1.64873e-06 1.45591e-05 9.28077e-05 0.00102329 0.00492987 0.0158563 0.0430149 0.865923 0.0691437 
1.47531e-05 0.000412223 0.00665909 0.0244943 0.29481 0.114086 0.116091 0.334852 0.0765899 0.0319904 
6.73635e-05 0.00129566 0.0095029 0.0290189 0.0670615 0.574937 0.1368 0.107422 0.0570497 0.016845 
3.49902e-08 1.18389e-06 3.66201e-05 0.000163511 0.00103107 0.0032566 0.0524986 0.247297 0.0286405 0.667075 
3.16642e-07 7.72484e-06 0.00018822 0.000767255 0.00555008 0.0184323 0.0540612 0.103359 0.736811 0.0808224 
3.0673e-12 6.09364e-11 8.74445e-10 6.69737e-09 1.03027e-07 2.16447e-06 1.94224e-05 0.000239119 0.000320101 0.999419 
0.000175638 0.00376106 0.0159846 0.0819899 0.282907 0.538949 0.0675862 0.00724389 0.00109918 0.000303645 
9.07835e-08 2.74091e-06 6.74648e-05 0.000320131 0.00224087 0.00630302 0.0250347 0.776388 0.152784 0.0368581 
4.73361e-07 1.31453e-05 0.000275539 0.00131079 0.00888818 0.0344896 0.69116 0.105804 0.0920406 0.0660178 
1.48748e-07 5.15306e-06 0.000153635 0.00065606 0.00338473 0.0094948 0.0258617 0.0517022 0.0789217 0.82982 
5.1851e-08 8.72469e-07 9.57497e-06 3.453e-05 0.00035305 0.0019626 0.00654916 0.0119491 0.0237112 0.95543 
2.24478e-10 9.55321e-09 1.59172e-07 2.01618e-06 5.64332e-05 0.000242381 0.000680992 0.00298943 0.465382 0.530646 
2.26707e-06 5.83551e-05 0.000855882 0.00469169 0.0171843 0.0532632 0.102424 0.690588 0.0945799 0.0363523 
1.31895e-09 3.33764e-08 6.04622e-07 2.5463e-06 2.159e-05 0.000150838 0.00228143 0.00190688 0.00569197 0.989944 
2.64454e-06 5.22672e-05 0.000820667 0.0036884 0.0124489 0.0362711 0.0533292 0.0826297 0.0835509 0.727206 
1.38743e-05 0.000324791 0.00537806 0.0234168 0.0762992 0.487834 0.15797 0.136683 0.0759566 0.0361234 
4.68158e-05 0.00144223 0.00823498 0.0273643 0.171196 0.332832 0.228486 0.139638 0.0684743 0.022286 
1.17161e-06 2.51008e-05 0.000450604 0.00209014 0.010447 0.0392236 0.64878 0.119031 0.105659 0.0742928 
1.31762e-07 1.87792e-06 1.78746e-05 6.68553e-05 0.000479316 0.00325185 0.0111365 0.0246899 0.051124 0.909232 
4.34496e-06 9.33124e-05 0.00142358 0.00586593 0.0186815 0.0510598 0.0830991 0.13041 0.127112 0.58225 
2.8442e-07 8.98543e-06 0.000203424 0.000880745 0.00708433 0.0156093 0.0469404 0.0967843 0.717828 0.11466 
3.23455e-08 7.21015e-07 1.11733e-05 5.47173e-05 0.000526676 0.002049 0.0262546 0.315376 0.549196 0.106531 
8.00084e-07 1.59725e-05 0.000275171 0.00110874 0.00644355 0.0142513 0.0377456 0.0665598 0.0955236 0.778075 
1.13511e-10 2.17342e-08 4.18543e-07 3.41736e-06 7.42231e-05 0.000467964 0.000551376 0.00526163 0.0167598 0.976881 
1.7827e-24 2.21958e-21 3.71679e-19 4.54811e-16 8.69946e-14 1.1043e-11 4.68841e-08 5.85302e-05 0.00195844 0.997983 
1.03787e-07 1.60077e-06 1.5736e-05 5.43787e-05 0.000365995 0.00241915 0.0073695 0.0130441 0.0277789 0.948951 
2.34493e-05 0.000526764 0.00633318 0.0255017 0.0605065 0.118973 0.152495 0.135593 0.476429 0.0236178 
4.93321e-07 1.12865e-05 0.000170563 0.000828772 0.00427695 0.0134808 0.0300099 0.233536 0.316508 0.401177 
3.61596e-07 1.08854e-05 0.000227084 0.00124522 0.00663804 0.0167975 0.0460185 0.0789692 0.76912 0.0809733 
4.43605e-08 8.33795e-07 1.00352e-05 4.02956e-05 0.000353054 0.00277887 0.00687386 0.0189532 0.0516084 0.919381 
2.17071e-06 4.35621e-05 0.000827363 0.00368823 0.0215822 0.578863 0.1013 0.122084 0.104154 0.0674557 
7.48269e-06 0.000237133 0.00395587 0.019581 0.0597414 0.540224 0.149052 0.115868 0.068679 0.0426545 
8.49006e-11 1.89439e-09 4.14762e-08 1.93056e-07 1.37189e-06 5.99025e-06 0.000515215 0.00168029 0.0116653 0.986132 
6.34253e-09 1.69031e-07 2.27429e-06 1.0855e-05 0.00018203 0.000845964 0.00176435 0.0107089 0.0296258 0.95686 
4.3284e-10 5.48887e-09 4.16485e-08 1.34704e-07 9.61467e-07 6.96366e-06 0.000184135 0.00239111 0.015473 0.981944 
1.92966e-27 9.26246e-24 8.16732e-21 7.14496e-17 2.18321e-15 1.37563e-12 1.35137e-08 5.2318e-05 0.00168867 0.998259 
8.39994e-06 0.000305274 0.0024463 0.00876603 0.021017 0.045335 0.0660268 0.098062 0.106157 0.651877 
2.39076e-07 5.6564e-06 0.000104141 0.000425558 0.00327375 0.00774633 0.0210723 0.0472286 0.454068 0.466075 
9.91084e-08 1.51056e-06 1.45198e-05 5.42467e-05 0.000442432 0.00333589 0.00917925 0.0249943 0.877678 0.0842998 
4.41069e-16 1.20722e-13 3.05881e-12 1.94439e-10 4.55538e-08 2.44669e-07 7.48517e-06 0.000322314 0.00121962 0.99845 
8.55192e-08 1.20644e-06 1.06439e-05 3.86226e-05 0.000321583 0.00170202 0.0046083 0.0236296 0.912664 0.0570234 
2.537e-07 4.53009e-06 6.37852e-05 0.000214348 0.0014029 0.00374533 0.00889034 0.624682 0.159704 0.201292 
0.00288834 0.0203576 0.119766 0.285545 0.448069 0.105501 0.0138994 0.00353265 0.000361266 8.06081e-05 
1.47427e-10 1.2286e-08 2.3119e-07 1.72402e-06 3.62997e-05 0.00031862 0.000741656 0.00477384 0.0132016 0.980926 
1.4617e-08 1.88347e-07 1.48355e-06 5.00884e-06 3.21722e-05 0.000120271 0.000214188 0.00138319 0.00813364 0.99011 
1.85415e-09 1.41821e-07 1.44358e-06 2.05673e-05 0.00026623 0.00098285 0.00231207 0.0145193 0.680587 0.301311 
1.12934e-07 1.67661e-06 1.79347e-05 6.89429e-05 0.000410354 0.00286416 0.00676157 0.0161067 0.907546 0.0662223 
0.000882625 0.0112805 0.177859 0.510133 0.150346 0.0876066 0.0375678 0.0206751 0.00301248 0.000637701 
1.60094e-09 4.41959e-08 6.8132e-07 5.10494e-06 9.23711e-05 0.00069308 0.00188861 0.00827085 0.0264482 0.962601 
3.91822e-10 4.16072e-08 7.62765e-07 6.23285e-06 0.000196817 0.00148281 0.00476188 0.882375 0.0651262 0.04605 
8.95614e-08 1.76339e-06 7.1791e-05 0.000292561 0.000592344 0.00348293 0.00760396 0.0205977 0.0488034 0.918553 
1.0057e-06 2.21388e-05 0.000444946 0.00182062 0.013449 0.0327418 0.082915 0.130114 0.666449 0.0720426 
9.33928e-08 1.27438e-06 1.07636e-05 3.6923e-05 0.00020813 0.00135078 0.00292301 0.0109545 0.935013 0.049502 
0.000455152 0.263779 0.101073 0.136309 0.276979 0.0865803 0.0854731 0.0398537 0.00740298 0.00209548 
4.03085e-07 1.4435e-05 0.000167771 0.00197443 0.0176964 0.598436 0.107679 0.100086 0.0860042 0.0879405 
3.28293e-15 7.35044e-13 1.62109e-11 7.43816e-10 1.40671e-07 1.13406e-06 0.000106913 0.00223779 0.975932 0.0217222 
8.27545e-08 1.50809e-06 1.61884e-05 6.23478e-05 0.000505703 0.00257083 0.00701709 0.169339 0.0609117 0.759576 
0.000117497 0.00133732 0.0106095 0.0319088 0.0798523 0.139878 0.147631 0.512242 0.0609202 0.015503 
1.69349e-07 2.83922e-06 2.80153e-05 0.000111466 0.00101648 0.00591569 0.0217558 0.803868 0.081241 0.0860602 
1.6339e-07 3.39707e-06 3.66589e-05 0.000195101 0.00217581 0.0102436 0.0421089 0.715689 0.121203 0.108344 
6.48694e-08 1.31717e-06 1.22001e-05 0.000104797 0.00113428 0.00423496 0.0122239 0.0324688 0.0678209 0.881999 
5.77615e-08 9.78487e-07 1.09731e-05 4.10511e-05 0.000323606 0.00228723 0.00827284 0.0126132 0.0239173 0.952533 
5.83407e-08 1.12618e-06 1.27009e-05 4.07742e-05 0.000269894 0.0016895 0.00430867 0.0168313 0.900429 0.0764173 
0.000269162 0.00401845 0.0153294 0.0382783 0.0843797 0.377023 0.385395 0.0645478 0.0238591 0.00689966 
3.45045e-08 5.6997e-07 6.44693e-06 2.61725e-05 0.000236271 0.00159144 0.0075339 0.0171245 0.0457316 0.927749 
0.000252496 0.00144987 0.0080381 0.0237251 0.0510833 0.0846052 0.420623 0.233987 0.103079 0.0731567 
1.61833e-07 3.62337e-06 9.94936e-05 0.000403166 0.0015387 0.00766638 0.0207232 0.0374971 0.831261 0.100807 
4.14691e-06 7.0308e-05 0.0012011 0.00451378 0.0142064 0.0316284 0.0521909 0.0871881 0.0909362 0.718061 
1.17954e-10 2.29653e-08 4.43167e-07 3.61933e-06 7.75266e-05 0.000490075 0.000410909 0.0062392 0.957382 0.0353958 
8.23752e-08 1.39166e-06 1.52036e-05 5.62659e-05 0.000456248 0.00292431 0.0071054 0.0217645 0.89185 0.0758262 
1.31539e-07 2.51237e-06 2.58757e-05 0.000117496 0.00107618 0.00560661 0.0189773 0.043504 0.840351 0.0903386 
4.01698e-07 1.04369e-05 0.000259415 0.00120439 0.00601422 0.0204446 0.0541415 0.10519 0.703863 0.108872 
1.79528e-07 4.43781e-06 0.000108834 0.000468823 0.00271862 0.0104498 0.0309235 0.0604155 0.0924626 0.802448 
3.0874e-06 7.46576e-05 0.000938308 0.00443418 0.0173074 0.0462026 0.623265 0.230275 0.0551881 0.0223111 
9.49521e-07 2.07326e-05 0.000400824 0.00163234 0.00924135 0.0184928 0.0505768 0.0897633 0.105492 0.724379 
0.00256343 0.0234606 0.0614977 0.497468 0.162142 0.206668 0.0366858 0.00812415 0.00125652 0.000133756 
1.47647e-07 4.2203e-06 0.00010938 0.00052095 0.00350269 0.0437165 0.166787 0.600733 0.0857653 0.0988605 
2.17477e-07 3.72181e-06 3.96243e-05 0.00013611 0.00105449 0.00542988 0.0183091 0.0404875 0.836294 0.0982455 
4.06483e-05 0.000625489 0.0112423 0.0361098 0.170076 0.407545 0.15429 0.119611 0.0718708 0.0285894 
3.21192e-17 1.57613e-14 9.39043e-13 8.34064e-11 7.94039e-09 7.50899e-08 5.22638e-06 1.41847e-05 0.000288816 0.999692 
1.28087e-05 0.000488097 0.00528125 0.0203982 0.0606794 0.558245 0.150207 0.11858 0.0648917 0.0212172 
1.21714e-07 2.31761e-06 2.13877e-05 0.000133467 0.00152522 0.00759349 0.0214741 0.060058 0.814093 0.0950987 
2.29856e-07 5.25794e-06 7.32621e-05 0.000347792 0.00404843 0.0120228 0.0367349 0.742598 0.112682 0.0914867 
2.56531e-39 9.62247e-35 5.10517e-31 2.34693e-26 2.83706e-22 1.25903e-19 4.26311e-15 1.8601e-10 5.76883e-05 0.999942 
2.95271e-05 0.000512102 0.00340658 0.0120207 0.0356042 0.390979 0.251962 0.167923 0.11583 0.0217327 
2.32216e-07 5.44498e-06 8.62768e-05 0.000439607 0.00408394 0.0157366 0.0572425 0.106367 0.718096 0.0979425 
1.78349e-07 2.94234e-06 3.04983e-05 0.000109571 0.000775208 0.00555596 0.013174 0.032145 0.0721775 0.876029 
3.92633e-10 9.19176e-09 8.9096e-08 2.10026e-07 1.03398e-06 4.30024e-06 6.94487e-05 0.000102128 0.0020259 0.997797 
2.72281e-12 1.83849e-10 2.52246e-09 9.26384e-08 2.41435e-06 0.000242056 0.000214993 0.00398094 0.964195 0.0313642 
1.54581e-16 5.60034e-14 2.89934e-12 2.09719e-10 3.64953e-08 3.06688e-07 2.82786e-05 0.000512289 0.00604966 0.993409 
1.12835e-09 9.33224e-08 1.31207e-06 1.39406e-05 0.000267315 0.00157213 0.00471952 0.0261194 0.902985 0.0643207 
8.6301e-05 0.000936776 0.0069589 0.0246678 0.0537927 0.100164 0.120269 0.612326 0.0619151 0.0188835 
1.50707e-05 0.000492435 0.00521569 0.0225418 0.0544415 0.103324 0.130933 0.54805 0.10075 0.0342372 
6.55195e-09 1.81693e-07 2.64283e-06 1.52788e-05 0.000271367 0.00205016 0.00583196 0.0236289 0.0570997 0.9111 
9.4016e-19 2.31985e-16 3.8147e-15 1.12519e-13 3.06417e-11 1.55363e-10 1.31731e-09 6.25063e-08 5.89005e-05 0.999941 
1.80796e-07 4.66981e-06 0.000126975 0.000527543 0.00390065 0.0145389 0.627368 0.230339 0.074363 0.0488304 
5.87064e-07 1.68512e-05 0.000263575 0.0016454 0.0120936 0.231309 0.320924 0.0861419 0.272651 0.0749544 
4.98082e-08 1.10667e-06 1.14087e-05 7.28026e-05 0.00107414 0.00404337 0.0150782 0.0343623 0.776254 0.169102 
1.80734e-08 3.16388e-07 3.58787e-06 1.65967e-05 0.000202234 0.00158391 0.00330375 0.0140501 0.912049 0.0687901 
1.04906e-07 1.66015e-06 1.66907e-05 6.19121e-05 0.000508888 0.00375975 0.00747834 0.0278698 0.586885 0.373418 
5.65052e-09 1.37404e-07 1.85202e-06 9.68471e-06 0.000119104 0.00100443 0.00164318 0.00868793 0.0215165 0.967017 
2.52662e-07 5.76838e-06 9.3408e-05 0.000431306 0.00335961 0.00956068 0.0288497 0.0569168 0.795695 0.105088 
0.00120537 0.0196021 0.22235 0.560112 0.116578 0.0613733 0.0140126 0.00409945 0.000552662 0.000114623 
1.36495e-07 2.26936e-06 2.38651e-05 8.44388e-05 0.000523753 0.00419088 0.00942784 0.0245178 0.057248 0.903981 
9.28287e-06 0.000431011 0.00355784 0.016689 0.0617152 0.129112 0.536536 0.141754 0.0769296 0.0332653 
7.43906e-05 0.00464287 0.212706 0.246366 0.100559 0.143747 0.130222 0.0936752 0.0520276 0.0159808 
1.9242e-06 3.70403e-05 0.00055321 0.00242574 0.00930196 0.0782719 0.143655 0.14106 0.325614 0.29908 
1.60422e-06 3.58997e-05 0.000599098 0.00280298 0.0113313 0.031153 0.0560247 0.676671 0.127052 0.0943285 
1.07487e-07 2.55661e-06 3.76253e-05 0.000172428 0.00185278 0.00696041 0.0229584 0.117742 0.639742 0.210531 
1.41893e-09 7.38767e-08 1.44642e-06 6.97743e-06 0.000104079 0.00110849 0.0030258 0.00956632 0.0260557 0.960131 
7.79663e-08 1.53146e-06 1.52388e-05 9.77108e-05 0.000944946 0.0221199 0.051741 0.365704 0.501219 0.0581574 
1.87137e-07 3.17513e-06 4.584e-05 0.000174491 0.00105634 0.00599486 0.0165228 0.033891 0.0765313 0.86578 
8.33541e-08 2.15731e-06 4.4331e-05 0.000242758 0.00201301 0.0395764 0.139686 0.616594 0.160023 0.0418176 
1.89701e-07 5.54367e-06 0.000169312 0.000739529 0.00387239 0.0126122 0.0387489 0.746839 0.106552 0.0904603 
1.32448e-05 0.000378106 0.0034617 0.0162586 0.0387539 0.0724425 0.0941354 0.1078 0.0933878 0.573368 
1.71203e-07 2.88962e-06 3.06535e-05 0.000110745 0.000843558 0.00566527 0.015745 0.0345152 0.0743907 0.868696 
3.38335e-17 1.6907e-14 1.02164e-12 8.98804e-11 8.52111e-09 9.25135e-08 4.61724e-06 8.36715e-05 0.000304348 0.999607 
1.01146e-08 1.70728e-07 1.8875e-06 1.0202e-05 0.000168924 0.00127628 0.00244594 0.0119828 0.0385263 0.945587 
1.58701e-07 3.11189e-06 3.59946e-05 0.00014338 0.00145015 0.00643952 0.0206185 0.0568061 0.812648 0.101855 
4.29934e-08 5.79293e-07 4.99701e-06 1.79688e-05 0.000191511 0.000834579 0.0024222 0.0094185 0.0321397 0.95497 
2.44659e-06 6.5609e-05 0.000797245 0.00368484 0.0127584 0.0943862 0.5874 0.15511 0.111076 0.0347191 
3.11093e-07 7.35845e-06 0.000136203 0.000673064 0.00363703 0.0142043 0.0394347 0.358013 0.246883 0.337011 
4.36076e-06 8.85227e-05 0.00123988 0.00485706 0.0151435 0.0403541 0.0806157 0.131455 0.645547 0.0806946 
3.11838e-18 1.67834e-15 1.25005e-13 9.93931e-12 1.34493e-09 1.81376e-08 2.57572e-06 0.000112658 0.00131485 0.99857 
1.38855e-05 0.000583722 0.00533308 0.0222823 0.054783 0.475452 0.250149 0.128024 0.0457707 0.0176079 
1.83802e-07 2.92015e-06 2.96009e-05 0.000150109 0.00132815 0.00738947 0.0147738 0.0363337 0.841159 0.0988334 
2.42932e-07 5.45222e-06 8.25612e-05 0.000365309 0.00291864 0.0102193 0.0312608 0.060789 0.763886 0.130472 
9.99763e-08 1.61167e-06 1.66343e-05 5.73072e-05 0.000475748 0.00250582 0.0106142 0.0153766 0.0294906 0.941461 
1.63248e-05 0.000560444 0.00610145 0.01952 0.0453394 0.0880441 0.608219 0.126476 0.0813088 0.0244145 
