4094
3.27392e-06 1.22383e-05 0.000119304 0.000617041 0.00355231 0.0119031 0.0331176 0.495446 0.296047 0.159182 
0.00517947 0.024002 0.0945271 0.230303 0.428426 0.151797 0.0473006 0.0139517 0.00370846 0.000804344 
0.000923167 0.01108 0.038229 0.10295 0.212227 0.444255 0.115537 0.0481825 0.0199379 0.0066782 
9.8388e-06 6.96407e-05 0.000676125 0.00276378 0.0108829 0.0260034 0.0649471 0.143074 0.199171 0.552402 
4.20376e-06 1.51369e-05 0.000162196 0.000909887 0.00947054 0.040782 0.117083 0.635452 0.119955 0.0761663 
0.000235215 0.0010459 0.00563579 0.0225016 0.0671183 0.120515 0.27775 0.370124 0.110821 0.0242539 
0.000300379 0.00540828 0.0271779 0.0874797 0.180109 0.204829 0.376941 0.0738487 0.0332263 0.0106796 
8.6056e-07 3.27261e-06 2.05083e-05 0.000116293 0.00128388 0.00451211 0.014583 0.217506 0.557026 0.204949 
0.000533137 0.00946921 0.0854794 0.318736 0.200571 0.185076 0.10444 0.0574605 0.0295017 0.00873276 
8.42301e-06 6.15489e-05 0.000608192 0.00269268 0.00881059 0.0188801 0.0425785 0.09288 0.141816 0.691664 
8.30872e-07 3.17598e-06 2.17918e-05 9.52931e-05 0.000715138 0.00405785 0.02729 0.852808 0.0544842 0.0605237 
0.00127455 0.0110541 0.0465887 0.104306 0.19398 0.202386 0.362074 0.054839 0.0174824 0.00601554 
9.16572e-08 3.68398e-07 1.97495e-06 7.38222e-06 4.2069e-05 0.00024995 0.0005317 0.00156674 0.00413717 0.993463 
5.54472e-14 2.53481e-12 1.98916e-11 4.68325e-10 4.26501e-08 2.43045e-07 1.32927e-05 8.94606e-05 0.000464898 0.999432 
1.81725e-07 7.07062e-07 4.05349e-06 1.71439e-05 0.000160075 0.00108808 0.00248858 0.016609 0.057909 0.921723 
0.000129884 0.000271011 0.00142591 0.00719171 0.0356859 0.204539 0.483326 0.125171 0.0855742 0.0566854 
2.16532e-05 0.000242409 0.00336096 0.00994742 0.00852018 0.0162202 0.0271202 0.0702712 0.131568 0.732728 
2.04628e-15 3.09941e-14 1.34437e-13 9.8515e-12 1.21781e-09 2.77109e-08 1.8051e-06 8.13344e-05 0.00322528 0.996692 
0.000134735 0.000645996 0.00376031 0.0127192 0.049532 0.0854574 0.627133 0.126268 0.0746653 0.0196834 
7.50817e-07 3.28375e-06 2.15634e-05 8.19873e-05 0.000737159 0.00371052 0.0112323 0.0625102 0.794321 0.127381 
2.95072e-06 1.32748e-05 0.000102527 0.000496692 0.00254674 0.0103146 0.024484 0.0699594 0.689255 0.202824 
7.79723e-07 2.73415e-06 1.74744e-05 6.80975e-05 0.000466197 0.00294104 0.00550155 0.0133093 0.0518993 0.925794 
0.000169378 0.00160064 0.0103085 0.0832925 0.132157 0.240208 0.335244 0.112904 0.0618843 0.0222313 
2.88453e-06 1.28089e-05 0.00013621 0.000664018 0.00388834 0.0116771 0.033068 0.111691 0.632808 0.206052 
1.2242e-24 1.29017e-21 4.04656e-19 3.42325e-16 3.84072e-14 3.19336e-11 4.59958e-09 2.196e-06 0.000757914 0.99924 
0.000120891 0.00175939 0.0187313 0.0731443 0.128168 0.296877 0.169288 0.166888 0.100682 0.0443416 
0.00333287 0.107345 0.282439 0.161437 0.196842 0.153866 0.0626532 0.0217146 0.00842119 0.00194875 
5.59071e-22 2.30136e-19 5.15891e-17 3.43838e-14 3.31237e-12 1.12529e-09 2.43462e-07 8.22494e-05 0.00420411 0.995713 
2.38231e-05 0.000244054 0.0031236 0.0103505 0.0162358 0.0271045 0.0874142 0.673151 0.114552 0.0678005 
3.40927e-05 0.000422079 0.0039909 0.0117323 0.0156032 0.0232089 0.0416993 0.0747069 0.094694 0.733908 
2.14827e-15 3.26955e-14 1.49291e-13 1.27745e-11 1.6034e-09 4.71387e-08 3.17766e-06 0.000262253 0.00826708 0.991467 
0.000238461 0.00107949 0.00708922 0.0203261 0.0489866 0.0946709 0.132139 0.549005 0.106387 0.0400779 
3.57552e-06 1.65084e-05 0.000123718 0.000686384 0.0063612 0.0301886 0.0914094 0.589923 0.148668 0.132619 
4.90155e-06 3.12293e-05 0.000305016 0.00129313 0.00562064 0.0501267 0.0396318 0.157854 0.348258 0.396875 
1.2633e-09 1.20405e-09 8.64055e-09 1.15242e-07 2.38995e-06 5.04115e-05 0.000281961 0.00968787 0.955681 0.0342966 
8.21491e-23 4.92318e-20 1.44727e-17 1.32171e-14 1.20092e-12 6.73933e-10 3.21492e-08 2.22645e-06 0.000318986 0.999679 
1.91957e-15 3.40803e-14 2.87533e-13 2.24362e-11 2.60454e-09 1.70803e-08 4.92809e-07 8.83922e-05 0.00380409 0.996107 
0.000103938 0.000212292 0.0019905 0.00921767 0.0450786 0.106908 0.49603 0.143431 0.11035 0.0866777 
0.000373015 0.00374356 0.020143 0.0600461 0.39091 0.221879 0.156898 0.0911528 0.040701 0.0141538 
0.000148788 0.000387437 0.00394784 0.0186426 0.385858 0.140803 0.145135 0.15177 0.105944 0.0473632 
0.000274034 0.00239092 0.0156671 0.0618572 0.08296 0.339898 0.214769 0.107596 0.0881028 0.0864847 
2.36543e-06 1.27341e-05 0.00010269 0.000433495 0.00189496 0.00647744 0.0180493 0.0490742 0.767285 0.156668 
2.69107e-09 4.57681e-09 4.55133e-08 4.54439e-07 1.01831e-05 0.000174632 0.000545922 0.00942218 0.0486427 0.941204 
1.18483e-10 2.32354e-10 1.3591e-09 1.05532e-08 1.49574e-07 7.75281e-07 3.72123e-06 2.27412e-05 0.000334593 0.999638 
3.0993e-13 6.23312e-12 7.07754e-11 4.67291e-09 3.21255e-07 2.61895e-06 5.4903e-05 0.000941549 0.0120436 0.986957 
2.04197e-07 5.10612e-07 3.13313e-06 2.22914e-05 0.000325858 0.00208688 0.00933295 0.0472446 0.10167 0.839313 
3.26678e-07 8.76814e-07 5.63701e-06 2.96388e-05 0.00021753 0.00214109 0.00516036 0.0228779 0.826762 0.142804 
0.00626212 0.0445624 0.14179 0.44613 0.198619 0.110232 0.0368096 0.0115885 0.00307205 0.000935345 
3.23593e-07 1.22668e-06 7.40691e-06 2.95547e-05 0.000181435 0.00115334 0.00180019 0.00556965 0.0219072 0.96935 
9.4747e-07 3.98843e-06 2.47866e-05 9.49389e-05 0.000636354 0.00283694 0.00532458 0.0137715 0.0249167 0.952389 
0.000266341 0.00376616 0.0141816 0.100647 0.124572 0.307378 0.239088 0.0874446 0.0675699 0.0550866 
8.65824e-05 0.000469814 0.0037722 0.0150403 0.0503006 0.109597 0.505792 0.16642 0.103186 0.0453354 
0.00111951 0.00709789 0.0241997 0.0635833 0.147779 0.320657 0.292652 0.101293 0.0315912 0.0100266 
2.73966e-05 0.000256432 0.00300713 0.0101817 0.0202554 0.0430811 0.0723304 0.134923 0.496046 0.219892 
0.0110007 0.0855179 0.26755 0.250865 0.14794 0.104251 0.101844 0.0226852 0.00673367 0.0016124 
5.71519e-05 0.000237777 0.00312042 0.0104936 0.0213915 0.0595862 0.311965 0.174998 0.338376 0.0797733 
8.32994e-07 3.27093e-06 2.08412e-05 8.15238e-05 0.000589665 0.00291439 0.00726943 0.0231341 0.0498045 0.916181 
3.73689e-05 4.19305e-05 0.000322574 0.00159999 0.0229003 0.0834374 0.129528 0.422147 0.218601 0.121385 
0.000198533 0.000960797 0.00715051 0.0267024 0.083668 0.451496 0.176001 0.147421 0.0794622 0.0269392 
6.93859e-05 0.000306699 0.00356934 0.0113328 0.025567 0.0624335 0.418829 0.225549 0.200067 0.052276 
2.44031e-06 9.39503e-06 6.21149e-05 0.000278163 0.00206171 0.00869563 0.0203953 0.0537321 0.726755 0.188008 
7.127e-06 2.1288e-05 5.95249e-05 0.00113468 0.0361614 0.0141207 0.176465 0.117119 0.282277 0.372634 
0.000144992 0.000932075 0.00633204 0.0229803 0.350395 0.157501 0.174216 0.161843 0.0932966 0.0323593 
4.65927e-07 1.63718e-06 1.04513e-05 4.69419e-05 0.000559729 0.00319548 0.01452 0.721172 0.135875 0.124619 
2.43498e-06 1.31768e-05 0.000159963 0.000752186 0.00309256 0.00847232 0.0259881 0.0812537 0.723894 0.156372 
8.53393e-08 2.26199e-07 1.81687e-06 7.79137e-06 3.84657e-05 0.000232428 0.000377301 0.00222807 0.0170059 0.980108 
0.000203023 0.00143456 0.00994284 0.0342821 0.0823478 0.151875 0.394667 0.164883 0.109396 0.0509682 
2.14394e-07 7.33077e-07 4.55396e-06 2.13839e-05 0.000178074 0.00100449 0.00271155 0.0147945 0.366358 0.614927 
6.27934e-25 1.15025e-21 4.04701e-19 4.10801e-16 9.3009e-14 5.30527e-11 5.8497e-08 4.74227e-05 0.00290356 0.997049 
0.000307681 0.00132999 0.00824345 0.0290397 0.0800811 0.385129 0.202957 0.168868 0.0911662 0.0328779 
1.36186e-06 5.35426e-06 3.33047e-05 0.000132275 0.000934578 0.00490977 0.0138839 0.295667 0.347993 0.336439 
0.00284383 0.177384 0.0692722 0.171655 0.200571 0.187517 0.116157 0.048154 0.0214004 0.00504511 
2.59561e-06 1.16077e-05 9.56892e-05 0.000425401 0.00245862 0.00895401 0.0220546 0.0630035 0.700073 0.202921 
4.55909e-06 1.54928e-05 0.00011318 0.000628858 0.00601082 0.0257177 0.0773815 0.571854 0.154955 0.163319 
7.24401e-05 0.000592044 0.00329489 0.0133993 0.104917 0.0898761 0.36991 0.175366 0.0981745 0.144397 
8.26644e-10 4.26216e-10 2.39579e-09 3.97589e-08 1.24933e-06 1.19986e-05 0.00015145 0.00419222 0.0315677 0.964075 
1.22918e-08 2.8103e-08 2.80472e-07 3.0511e-06 0.000113791 0.000837673 0.00427889 0.409049 0.483116 0.102601 
0.000221979 0.00117125 0.00686075 0.0236239 0.084206 0.366953 0.169049 0.254111 0.0699876 0.0238157 
0.000927464 0.0159743 0.0581578 0.133816 0.401404 0.179915 0.0976939 0.0625576 0.0387241 0.0108296 
8.14648e-07 3.14326e-06 2.02118e-05 8.06735e-05 0.000583986 0.00303672 0.00723115 0.026365 0.324486 0.638192 
2.85507e-08 3.32259e-08 2.87288e-07 4.20414e-06 0.000225702 0.00124422 0.00547467 0.0388139 0.0896944 0.864543 
9.18805e-07 2.86572e-06 2.41476e-05 0.000170634 0.0014146 0.00516938 0.0145452 0.0472173 0.0977655 0.833689 
1.64349e-06 5.78165e-06 3.34362e-05 0.000157756 0.00132301 0.00631676 0.0175752 0.0619692 0.133673 0.778944 
1.07767e-05 5.01719e-05 0.000561278 0.00252189 0.0124585 0.0412848 0.475248 0.177701 0.172601 0.117562 
1.35946e-06 3.23166e-06 2.02201e-05 0.000170297 0.00259875 0.00750311 0.0272746 0.0864968 0.162342 0.71359 
1.01851e-27 2.08437e-24 2.30409e-21 6.89078e-18 1.45319e-14 1.24289e-11 2.99344e-08 3.04703e-05 0.00286803 0.997101 
1.89085e-06 6.03895e-06 3.93899e-05 0.000263549 0.00297052 0.00920934 0.0328855 0.102184 0.159612 0.692828 
8.485e-08 1.92361e-07 1.41163e-06 7.99171e-06 6.31695e-05 0.000584508 0.00185616 0.0102641 0.0426906 0.944532 
7.26522e-10 1.62236e-09 1.59472e-08 1.66285e-07 4.0807e-06 5.12706e-05 0.000339933 0.00441897 0.024792 0.970394 
3.50032e-07 1.05811e-06 6.19823e-06 3.25005e-05 0.000251384 0.00168829 0.0042737 0.0233163 0.0971898 0.87324 
3.45748e-06 1.16214e-05 8.90669e-05 0.000542855 0.00620203 0.0359026 0.553784 0.143388 0.132732 0.127344 
0.000222132 0.00131431 0.00833817 0.032195 0.088267 0.163044 0.466982 0.152316 0.067097 0.0202253 
1.63021e-05 0.000101006 0.00103691 0.00420672 0.0176288 0.0619209 0.504517 0.192824 0.145148 0.0726004 
5.58145e-06 2.88459e-05 0.000273872 0.00126989 0.00813965 0.0205332 0.0581246 0.128036 0.169908 0.61368 
4.63296e-06 1.65185e-05 0.000163141 0.000910637 0.00717856 0.20147 0.276939 0.214807 0.153725 0.144786 
1.32557e-06 4.37769e-06 2.66153e-05 0.000189999 0.00284553 0.0122139 0.0522474 0.655767 0.144821 0.131883 
3.35808e-06 1.12481e-05 8.10588e-05 0.000467425 0.00484705 0.0184408 0.0564576 0.126439 0.657323 0.13593 
0.000104982 0.000293217 0.0035308 0.0119779 0.0263331 0.0676882 0.136196 0.556152 0.124742 0.0729816 
8.3605e-06 4.4351e-05 0.000480369 0.00216725 0.00991527 0.0279282 0.0707371 0.184838 0.562829 0.141052 
3.36264e-06 1.9428e-05 0.000203856 0.000928578 0.00365983 0.00934196 0.0254879 0.0476296 0.0783757 0.83435 
7.84842e-08 1.61211e-07 1.14091e-06 9.41549e-06 0.000127184 0.0012252 0.00503737 0.0324518 0.0918522 0.869295 
0.000118644 0.000465529 0.00561842 0.0179783 0.0615034 0.126353 0.170309 0.457456 0.106774 0.053424 
2.03215e-07 9.4605e-07 6.24599e-06 2.26794e-05 0.000175667 0.000704585 0.00135569 0.00831767 0.0469552 0.942461 
6.7922e-06 6.53379e-05 0.000831081 0.00262079 0.00403624 0.0102799 0.0245792 0.0655616 0.716384 0.175635 
1.41508e-06 4.85874e-06 2.95113e-05 0.00015231 0.0015626 0.00615363 0.0181671 0.0550514 0.10718 0.811698 
0.006327 0.0349362 0.095636 0.194558 0.248213 0.340134 0.0606335 0.0155757 0.00335347 0.000633745 
0.198049 0.472166 0.139862 0.15441 0.0278794 0.00689119 0.000665425 7.05483e-05 6.08356e-06 7.69946e-07 
1.26512e-06 4.43459e-06 2.67019e-05 0.000133547 0.00131068 0.00562395 0.017381 0.0645214 0.739358 0.171639 
3.43465e-06 1.41538e-05 0.000192842 0.000867696 0.00356861 0.0121514 0.0302037 0.0726427 0.118883 0.761472 
4.92107e-05 0.000570945 0.00443291 0.0140891 0.030853 0.0477024 0.0724547 0.527481 0.167531 0.134836 
1.29571e-09 3.05714e-09 3.11856e-08 2.70551e-07 4.59209e-06 3.53132e-05 0.000201727 0.00291749 0.0210737 0.975767 
4.27439e-07 1.15806e-06 6.72454e-06 3.73105e-05 0.00064531 0.00340535 0.0178764 0.274202 0.477619 0.226206 
5.21702e-07 1.8461e-06 1.04363e-05 4.93021e-05 0.000627861 0.0031502 0.0137738 0.057904 0.108504 0.815978 
8.09137e-05 0.000281512 0.00181347 0.00526836 0.022673 0.163933 0.14836 0.362106 0.195297 0.100186 
4.72465e-08 1.09934e-07 8.33647e-07 6.69602e-06 7.99121e-05 0.000760751 0.00209689 0.0176881 0.0613473 0.918019 
1.55103e-24 2.65328e-21 9.28494e-19 9.30979e-16 1.51647e-13 7.63745e-11 3.66488e-08 1.36624e-05 0.00405798 0.995928 
3.77433e-05 0.000393228 0.001912 0.00797467 0.0274158 0.0607977 0.118144 0.587228 0.138378 0.0577191 
3.46627e-06 1.60361e-05 0.000156429 0.000715796 0.00501984 0.0169201 0.0560282 0.39975 0.408482 0.112909 
2.28859e-06 7.60879e-06 4.66814e-05 0.000253602 0.00292584 0.0123687 0.0499222 0.60764 0.159711 0.167121 
9.26199e-25 1.69992e-21 5.9006e-19 5.80239e-16 1.29334e-13 7.30215e-11 8.57301e-08 7.02924e-05 0.00340391 0.996526 
0.000159612 0.00139994 0.0105714 0.0402938 0.124435 0.454134 0.174607 0.117815 0.0580206 0.0185648 
3.80422e-07 1.19541e-06 7.6515e-06 3.6167e-05 0.000597928 0.00316788 0.0251095 0.74353 0.128731 0.098818 
2.73176e-06 1.5675e-05 0.000160034 0.000687521 0.00259915 0.00774045 0.0198908 0.0519921 0.10642 0.810492 
0.00956031 0.0750783 0.0991361 0.309473 0.202589 0.230028 0.0559697 0.0128567 0.00430759 0.00100096 
0.000371641 0.00275708 0.0144631 0.047497 0.124474 0.20487 0.468512 0.0954772 0.0344202 0.00715838 
1.03573e-08 2.09821e-08 2.12845e-07 1.99262e-06 3.42159e-05 0.000484183 0.000942828 0.00891389 0.0363045 0.953318 
1.94154e-06 7.26106e-06 4.42171e-05 0.000171815 0.0011514 0.00637236 0.0144085 0.0486718 0.121469 0.807702 
0.00238984 0.0184707 0.0645582 0.156453 0.47948 0.155923 0.0666359 0.0326536 0.0173809 0.00605454 
2.75368e-09 3.58896e-09 3.35349e-08 2.40371e-07 4.85736e-06 1.82408e-05 0.000177807 0.00369807 0.0252595 0.970841 
1.12047e-06 4.76483e-06 2.92827e-05 0.00011078 0.000738393 0.00383668 0.00857928 0.0325521 0.0873692 0.866778 
1.26927e-06 5.43815e-06 3.52783e-05 0.000241657 0.00134135 0.00524666 0.012407 0.0395287 0.0852156 0.855977 
4.58085e-05 0.000484873 0.00502483 0.0171571 0.0319576 0.0534724 0.0779165 0.132937 0.143892 0.537111 
0.000275709 0.00382972 0.0150687 0.0998789 0.133867 0.309123 0.245981 0.0999961 0.0694346 0.0225455 
1.20207e-09 2.8022e-09 2.85817e-08 2.65858e-07 5.72558e-06 5.36906e-05 0.000360421 0.00748473 0.0442272 0.947868 
1.41096e-12 3.47022e-12 3.66195e-11 1.40315e-10 7.08701e-10 2.71304e-09 1.29593e-08 3.00437e-08 0.000283663 0.999716 
8.14189e-05 0.00057906 0.00500962 0.0160547 0.036303 0.0725514 0.12411 0.191914 0.465809 0.0875869 
1.17134e-06 3.92137e-06 2.42333e-05 0.000102137 0.000754125 0.00441359 0.011428 0.0262629 0.0538997 0.90311 
4.26612e-05 0.000353332 0.00391453 0.0137315 0.0310403 0.0715455 0.498249 0.195705 0.133132 0.0522868 
8.82934e-08 2.69912e-07 1.82414e-06 9.37169e-06 9.03195e-05 0.000434595 0.00168193 0.00684227 0.634244 0.356696 
9.02194e-05 0.000168932 0.00147283 0.00816125 0.0377962 0.10459 0.548048 0.157819 0.0942343 0.0476197 
5.55104e-08 1.64936e-07 1.25744e-06 6.47145e-06 8.24365e-05 0.000468695 0.00197113 0.013637 0.880432 0.103401 
8.84617e-06 5.31625e-05 0.000628926 0.00261497 0.0123381 0.0395852 0.108709 0.569131 0.164448 0.102482 
8.84585e-13 1.14261e-11 8.94632e-11 3.62081e-09 4.11319e-07 2.80552e-06 8.48393e-05 0.00159897 0.00737809 0.990935 
0.000142953 0.000218095 0.00170154 0.00918975 0.0493115 0.374236 0.162835 0.177675 0.137658 0.0870331 
1.06297e-09 2.26398e-09 1.72958e-08 1.89077e-07 2.69336e-06 3.74383e-05 0.0001476 0.000581852 0.00402483 0.995205 
3.43719e-06 1.32922e-05 0.000168774 0.000926566 0.00662987 0.0261607 0.213189 0.58593 0.102414 0.0645647 
3.40226e-13 5.02056e-13 3.47226e-12 4.58584e-11 1.67402e-09 1.01346e-08 4.06301e-07 1.17979e-06 0.000639673 0.999359 
3.24797e-06 9.34718e-06 0.000102434 0.000572618 0.00312042 0.0255825 0.0833457 0.168243 0.438941 0.28008 
3.20304e-06 1.07655e-05 7.96508e-05 0.000405629 0.00381587 0.016098 0.0589431 0.627588 0.151282 0.141774 
1.3374e-05 0.000121917 0.00147427 0.00558814 0.0190232 0.507345 0.134538 0.139265 0.116422 0.0762096 
1.10013e-05 8.23839e-05 0.000968323 0.00349481 0.00963809 0.0327628 0.0890922 0.162443 0.397953 0.303555 
4.41311e-06 2.3335e-05 0.000239039 0.00111738 0.00539836 0.0138428 0.0355479 0.0867001 0.120146 0.736981 
5.99261e-24 7.48015e-21 2.46256e-18 2.18974e-15 2.65368e-13 2.35217e-10 3.48933e-08 1.9871e-05 0.00207315 0.997907 
4.96149e-06 1.65682e-05 0.000211024 0.00132291 0.0110768 0.155385 0.205351 0.354767 0.158028 0.113837 
4.75663e-24 6.59792e-21 2.22258e-18 2.08424e-15 3.38397e-13 2.33687e-10 1.35091e-07 0.000105536 0.00604406 0.99385 
1.49788e-06 6.51889e-06 4.55205e-05 0.000203635 0.00115657 0.00515564 0.0103589 0.0361966 0.0741625 0.872713 
0.000161531 0.0010135 0.00594306 0.0236637 0.184374 0.170078 0.367108 0.131262 0.0924744 0.0239225 
3.84224e-06 2.51058e-05 0.000218118 0.000874887 0.00404041 0.0104041 0.0288586 0.291575 0.0972949 0.566705 
7.99278e-07 2.85835e-06 1.64186e-05 7.36734e-05 0.000568285 0.00335944 0.00973906 0.0440857 0.780495 0.161659 
4.9177e-13 9.46253e-12 9.70417e-11 6.67201e-09 5.49492e-07 3.79946e-06 7.50972e-05 0.00181353 0.0206779 0.977429 
1.37327e-05 0.000121722 0.00143041 0.0050796 0.014029 0.0471999 0.108939 0.189653 0.560828 0.0727062 
6.34223e-05 0.00197673 0.010423 0.0385045 0.307018 0.102653 0.108322 0.26842 0.100021 0.0625988 
2.57304e-14 4.9919e-13 3.61784e-12 2.47575e-10 3.26312e-08 4.34566e-07 1.75651e-05 0.00217236 0.0127172 0.985092 
2.50814e-06 8.50305e-06 5.54219e-05 0.000267679 0.0024389 0.00936195 0.0248106 0.0788376 0.698614 0.185603 
2.10089e-06 9.97689e-06 7.23839e-05 0.000325264 0.0017807 0.00714564 0.0166721 0.0480885 0.0984873 0.827416 
6.44929e-13 1.46325e-11 1.30561e-10 7.82505e-09 7.52804e-07 4.99668e-06 0.000130441 0.00265826 0.019642 0.977563 
2.69769e-06 1.05577e-05 8.05327e-05 0.000374086 0.00247476 0.0104198 0.0260337 0.066036 0.118672 0.775896 
0.000146962 0.000853019 0.00493392 0.0184907 0.0557426 0.121798 0.184257 0.438245 0.126128 0.0494045 
2.38226e-05 0.000243081 0.00313223 0.0100745 0.0148733 0.028567 0.0592275 0.124948 0.60835 0.150561 
9.16969e-16 1.35726e-14 4.54781e-14 3.58253e-12 3.35959e-10 2.14874e-08 2.30684e-06 0.000236542 0.00690652 0.992855 
1.31745e-06 4.07787e-06 2.52042e-05 0.000128763 0.00158417 0.0112167 0.04173 0.620979 0.146987 0.177344 
4.9756e-05 0.000334385 0.00265779 0.0100387 0.0290181 0.0814267 0.543743 0.187561 0.100055 0.0451158 
2.19525e-07 6.89202e-07 4.80884e-06 2.04332e-05 0.000207058 0.00125006 0.00365362 0.0170012 0.0490779 0.928784 
3.3501e-06 1.86459e-05 0.000192922 0.000967558 0.00478397 0.0117807 0.0336204 0.0858459 0.144281 0.718506 
2.57987e-26 3.22755e-23 1.167e-20 1.32849e-17 2.50018e-15 1.45673e-12 9.89406e-10 7.88632e-07 0.00129287 0.998706 
2.3238e-06 1.16207e-05 8.62534e-05 0.000374855 0.00229858 0.00818917 0.0260719 0.443218 0.282481 0.237267 
2.31601e-14 7.25149e-14 3.03239e-13 1.33975e-11 9.79861e-10 6.42331e-08 5.36579e-06 0.000474355 0.0100235 0.989497 
4.69951e-07 1.31161e-06 8.10255e-06 5.10538e-05 0.00135961 0.0104057 0.673517 0.0997342 0.11344 0.101482 
1.1712e-10 9.65129e-11 7.45114e-10 7.16764e-09 1.94577e-07 1.60464e-06 7.97567e-06 5.21129e-05 0.00248159 0.997457 
4.87298e-25 8.90393e-22 3.17802e-19 3.32288e-16 6.50099e-14 3.39258e-11 1.8834e-08 9.42715e-06 0.00268503 0.997306 
2.03513e-06 7.71252e-06 5.20343e-05 0.00021129 0.0013589 0.00699233 0.0160233 0.0505678 0.120837 0.803948 
3.64498e-06 1.52641e-05 0.000134304 0.000640202 0.00406457 0.0139444 0.0396779 0.117841 0.660643 0.163036 
3.5176e-07 9.78392e-07 6.23701e-06 4.64222e-05 0.00114492 0.0241366 0.408011 0.162154 0.249204 0.155295 
6.61742e-06 2.77597e-05 0.000333913 0.00145683 0.00942406 0.0364939 0.279695 0.393448 0.156361 0.122754 
0.004214 0.0176625 0.0722906 0.332897 0.259269 0.191184 0.081253 0.0271496 0.0114919 0.00258885 
0.000251257 0.0023637 0.0123547 0.048884 0.255562 0.279172 0.231904 0.108776 0.0481856 0.0125471 
4.81225e-06 1.18025e-05 0.000106933 0.00061095 0.00618286 0.0302135 0.561889 0.177374 0.126964 0.0966424 
3.26356e-05 0.00027141 0.00326144 0.0109543 0.0235595 0.0528915 0.102617 0.575804 0.156182 0.0744268 
0.00199464 0.00698049 0.0281796 0.086439 0.181476 0.500943 0.13271 0.0444215 0.0138843 0.00297113 
1.24267e-06 4.64536e-06 2.95174e-05 0.000123288 0.000971966 0.00465792 0.012805 0.149995 0.519728 0.311683 
3.5051e-06 1.44434e-05 0.000148397 0.000758611 0.00527315 0.0174243 0.0489238 0.124881 0.67832 0.124253 
2.65791e-08 7.44199e-08 5.05217e-07 6.5385e-06 0.000315215 0.00194199 0.0114172 0.0666269 0.859484 0.0602073 
8.09214e-08 2.50655e-07 1.51702e-06 8.32747e-06 7.40479e-05 0.000473142 0.001741 0.0139977 0.658747 0.324957 
1.81032e-06 7.64762e-06 5.50376e-05 0.000250368 0.00227495 0.00665952 0.0200396 0.0479063 0.105105 0.8177 
1.73516e-06 6.01224e-06 4.36434e-05 0.000224789 0.00242796 0.00918332 0.234564 0.335253 0.181086 0.237209 
2.87614e-07 7.40495e-07 4.26302e-06 2.05985e-05 0.000133312 0.00100518 0.00196215 0.0053045 0.0116775 0.979891 
2.48701e-05 0.000985066 0.0070859 0.0432091 0.458758 0.13274 0.112694 0.101788 0.0759957 0.0667194 
5.66351e-08 3.21068e-08 2.04653e-07 2.45877e-06 4.20384e-05 0.000529658 0.00211549 0.0140313 0.0508564 0.932422 
1.49164e-08 1.13057e-08 8.13767e-08 1.03179e-06 1.96728e-05 0.000397664 0.00161715 0.0207557 0.878696 0.0985122 
1.4122e-06 5.38093e-06 3.24647e-05 0.000124814 0.00085144 0.00419052 0.00828658 0.0221823 0.0545203 0.909805 
6.32033e-09 2.29724e-08 2.12979e-07 1.05646e-06 7.44809e-06 6.89339e-05 0.000235543 0.000682344 0.00336831 0.995636 
0.000174374 0.00200937 0.0127025 0.0371075 0.40495 0.193907 0.152288 0.104716 0.0585172 0.0336273 
2.323e-06 8.88016e-06 5.53256e-05 0.000218864 0.0015703 0.00746752 0.0174501 0.0431874 0.0842869 0.845752 
4.07235e-05 0.000270021 0.00292277 0.00968743 0.0371219 0.0435997 0.108351 0.384003 0.317847 0.0961561 
9.14447e-10 6.01038e-09 4.143e-08 1.35134e-07 7.59423e-07 2.74765e-06 6.82632e-06 4.44138e-05 0.00321772 0.996727 
6.99387e-08 1.7781e-07 1.05601e-06 6.43389e-06 8.41392e-05 0.000855464 0.00240049 0.0137121 0.0454949 0.937445 
4.90703e-06 2.50953e-05 0.000283761 0.00135732 0.00619813 0.0175331 0.0489796 0.118214 0.673425 0.133979 
0.000445959 0.00417216 0.0184685 0.0561991 0.146194 0.190748 0.153147 0.382669 0.0364848 0.0114715 
6.56326e-05 0.000183192 0.00202007 0.0250129 0.0369395 0.116045 0.155157 0.533572 0.0898076 0.0411978 
2.58768e-14 3.49511e-13 2.87487e-12 6.72402e-11 5.20369e-09 3.2304e-07 5.45989e-07 0.000156409 0.00534497 0.994498 
2.19062e-06 8.78415e-06 5.9517e-05 0.000280943 0.00216182 0.00782304 0.0201539 0.051648 0.155658 0.762203 
2.42318e-06 1.20691e-05 9.70589e-05 0.000453021 0.00251685 0.00867345 0.315948 0.379212 0.145256 0.147829 
9.98994e-07 3.28738e-06 1.99091e-05 8.46136e-05 0.000578164 0.00346355 0.00864817 0.304981 0.282936 0.399285 
0.00182556 0.0147215 0.0578929 0.147938 0.246527 0.409285 0.0769783 0.028937 0.01213 0.00376415 
5.2458e-17 9.01324e-16 1.43084e-14 4.1694e-12 4.84102e-10 2.97942e-08 1.85475e-06 0.000304289 0.00997159 0.989722 
0.000248886 0.00139266 0.00957584 0.0383039 0.184682 0.435271 0.13344 0.104342 0.0652804 0.0274632 
0.000135579 0.000577348 0.00343069 0.0135325 0.0522895 0.383579 0.115166 0.262987 0.11065 0.0576522 
7.17267e-06 2.86408e-05 0.000297087 0.00156453 0.00991062 0.0379669 0.287057 0.420633 0.150421 0.0921134 
4.77981e-06 1.68084e-05 0.000164043 0.000872686 0.00652473 0.0207935 0.0626318 0.135725 0.63958 0.133687 
9.21344e-07 3.40273e-06 2.11485e-05 9.20925e-05 0.000784956 0.00376548 0.527867 0.184481 0.146677 0.136307 
6.14225e-07 1.5586e-06 1.05301e-05 5.16032e-05 0.000405393 0.00314489 0.0110176 0.0390398 0.722945 0.223383 
1.64968e-11 7.8624e-11 9.11478e-10 1.29724e-08 9.98222e-07 7.21416e-06 0.000341081 0.181126 0.313434 0.50509 
0.00010704 0.000829027 0.0077966 0.0261849 0.0536325 0.0923257 0.143776 0.513247 0.120786 0.0413157 
1.09043e-05 7.3202e-05 0.000557626 0.00250494 0.0113632 0.0301668 0.0756194 0.126736 0.571222 0.181746 
3.38057e-06 1.59515e-05 0.000206896 0.000995652 0.00467475 0.0111534 0.0339106 0.0741426 0.10488 0.770017 
0.000303514 0.00177145 0.0108256 0.0358922 0.10085 0.32572 0.331336 0.122484 0.0553996 0.0154176 
2.35356e-08 3.97781e-08 2.43373e-07 2.23398e-06 8.1414e-05 0.00064976 0.00418852 0.397393 0.307748 0.289937 
1.93383e-06 3.41831e-06 2.65412e-05 0.00140949 0.0309389 0.619934 0.0781476 0.108991 0.0947258 0.065821 
2.81649e-07 1.04659e-06 6.01434e-06 4.62813e-05 0.000556754 0.00218751 0.0122762 0.0524499 0.601467 0.331009 
6.78981e-06 8.52378e-06 8.00153e-05 0.000493424 0.00319761 0.0155948 0.0404905 0.141155 0.67669 0.122284 
1.83363e-06 5.23311e-06 3.25713e-05 0.000175369 0.00217935 0.00806749 0.0243262 0.0766722 0.555867 0.332673 
5.09079e-06 2.69655e-05 0.000203454 0.000949091 0.0052463 0.0157701 0.0348607 0.0737656 0.189046 0.680127 
3.61607e-06 1.32312e-05 0.000102693 0.000512449 0.00508685 0.0140925 0.0442397 0.63001 0.167115 0.138824 
3.28146e-06 1.87256e-05 0.000185463 0.00085505 0.00422506 0.0111732 0.0311222 0.0686078 0.128496 0.755314 
4.05849e-25 7.4516e-22 2.59912e-19 2.59367e-16 6.89043e-14 4.24044e-11 6.25018e-08 5.61963e-05 0.00341585 0.996528 
0.000300539 0.00126525 0.00873915 0.0347114 0.0859698 0.286715 0.240883 0.167009 0.142504 0.0319025 
1.25231e-07 3.35808e-07 2.35512e-06 1.66771e-05 0.000146675 0.001256 0.00421406 0.0299757 0.0855732 0.878815 
1.71379e-06 6.78575e-06 3.97571e-05 0.000156604 0.00105238 0.00525999 0.010399 0.0269058 0.0551978 0.90098 
8.86137e-08 3.835e-07 2.75313e-06 1.11956e-05 0.0001004 0.000785761 0.00372201 0.0146389 0.0492027 0.931536 
3.4355e-06 9.11259e-06 6.97503e-05 0.000374328 0.00266909 0.0238905 0.05969 0.115808 0.633932 0.163554 
5.70216e-09 5.85419e-09 4.73876e-08 4.73902e-07 7.87539e-06 0.000150396 0.000373808 0.00386894 0.947628 0.0479704 
1.01832e-06 3.51186e-06 2.00206e-05 0.000122469 0.00132753 0.00582529 0.0209211 0.0739677 0.778114 0.119697 
0.000168716 0.00113307 0.00891615 0.0342058 0.239055 0.13453 0.146538 0.293521 0.099806 0.0421271 
0.000312792 0.00181896 0.0091632 0.0278646 0.0783875 0.486066 0.170221 0.141346 0.0654825 0.019337 
1.85193e-06 7.41453e-06 8.49175e-05 0.000418579 0.00237619 0.00823504 0.0756146 0.322236 0.076646 0.51438 
4.17058e-06 1.54776e-05 0.000171557 0.000839347 0.0061985 0.0223944 0.06527 0.147271 0.643135 0.114701 
5.6806e-11 1.72975e-10 1.58477e-09 1.84444e-08 3.76355e-07 7.68125e-06 6.11907e-05 0.000399639 0.00131706 0.998214 
0.00121251 0.0116134 0.0438901 0.144378 0.307826 0.380709 0.085012 0.019758 0.00437618 0.00122443 
2.07879e-06 8.43688e-06 9.50165e-05 0.000483971 0.00310063 0.0104373 0.0405455 0.672952 0.199824 0.072551 
6.19575e-06 3.69543e-05 0.000338898 0.00169668 0.0114116 0.047943 0.569051 0.146633 0.127499 0.0953835 
2.78513e-06 1.42804e-05 0.000174704 0.000841234 0.00333584 0.0102159 0.0296274 0.0768696 0.124879 0.754039 
7.14917e-07 2.75198e-06 1.74513e-05 7.35396e-05 0.000666176 0.00265745 0.00695641 0.0185009 0.0430905 0.928034 
2.57223e-08 7.26946e-08 6.29803e-07 8.661e-06 9.85644e-05 0.000265735 0.00125048 0.00788366 0.448072 0.54242 
6.36603e-05 0.000240057 0.00124188 0.0059179 0.0230609 0.0652159 0.12771 0.592697 0.128824 0.055029 
5.10129e-08 2.73719e-07 1.93844e-06 7.08821e-06 5.09777e-05 0.000214169 0.00113599 0.00210262 0.0127529 0.983734 
6.75698e-05 0.000300576 0.00214671 0.0078008 0.0216798 0.0474927 0.0725361 0.121878 0.131709 0.594389 
0.000246095 0.000779873 0.00532155 0.0250492 0.0944609 0.40331 0.185095 0.158001 0.0860625 0.0416745 
0.000277519 0.00187936 0.00904174 0.0310668 0.147 0.265526 0.246847 0.180501 0.086258 0.0316025 
1.16732e-05 7.35387e-05 0.00065972 0.00316566 0.0151655 0.0505103 0.529504 0.158477 0.141228 0.101204 
1.35921e-06 5.35884e-06 3.14787e-05 0.000121503 0.000829892 0.00438346 0.0111617 0.0355638 0.0793341 0.868567 
3.10161e-05 0.000274955 0.0029134 0.0107765 0.0262087 0.0562948 0.0997153 0.171764 0.176822 0.4552 
5.26389e-06 2.82373e-05 0.000305168 0.00134797 0.00773619 0.0180234 0.0536343 0.131641 0.614293 0.172986 
2.13469e-06 2.00735e-06 1.54517e-05 9.14466e-05 0.000851246 0.00337154 0.0292378 0.309346 0.54031 0.116772 
6.60551e-06 4.42914e-05 0.000421788 0.00175171 0.00732194 0.0164211 0.0442968 0.0933734 0.14688 0.689482 
9.63923e-09 2.09561e-08 2.12128e-07 1.97447e-06 3.52905e-05 0.0004477 0.00120869 0.0104449 0.0342825 0.953579 
8.22512e-22 3.68851e-19 9.2609e-17 7.38824e-14 6.952e-12 3.29834e-09 5.97155e-07 0.000182684 0.00766296 0.992154 
1.15265e-06 4.21055e-06 2.55323e-05 0.000100467 0.00070989 0.00366787 0.00798119 0.0191826 0.04631 0.922017 
0.000234713 0.00113466 0.00601269 0.0226865 0.0712314 0.136359 0.183797 0.1808 0.366832 0.0309131 
6.7929e-06 4.67605e-05 0.000408317 0.00172817 0.00960486 0.0218515 0.0470234 0.218196 0.317964 0.38317 
6.46333e-06 2.9724e-05 0.000274062 0.00141663 0.00663739 0.0201504 0.0513293 0.109147 0.672971 0.138038 
8.27394e-07 3.01994e-06 1.99416e-05 7.78963e-05 0.000596295 0.00332054 0.0073019 0.0282319 0.088108 0.87234 
1.51797e-05 0.000109501 0.00122009 0.00533742 0.0270049 0.442748 0.132187 0.159808 0.140374 0.0911951 
0.000238428 0.000670133 0.00421471 0.0195987 0.0743849 0.433444 0.184373 0.146476 0.0838256 0.0527748 
7.61422e-10 2.89111e-09 2.67566e-08 1.41427e-07 1.52728e-06 7.99937e-06 0.000255758 0.00352742 0.0317652 0.964442 
1.61827e-07 4.08187e-07 2.64765e-06 1.72339e-05 0.000252613 0.000978967 0.00348652 0.019267 0.0613366 0.914658 
2.98316e-09 1.34951e-08 6.87995e-08 2.37782e-07 2.49223e-06 1.65741e-05 0.000254668 0.00483093 0.0343101 0.960585 
6.71602e-24 7.75713e-21 2.55292e-18 2.35622e-15 3.47022e-13 2.71965e-10 1.38596e-07 0.000108309 0.00614947 0.993742 
5.39103e-05 0.000626059 0.00615955 0.0203614 0.034128 0.0572003 0.0800973 0.140015 0.147553 0.513805 
4.13653e-06 1.98601e-05 0.000184175 0.000867103 0.00422043 0.0125102 0.0332474 0.0893733 0.414951 0.444622 
1.08924e-06 3.21429e-06 1.85752e-05 8.52646e-05 0.000666407 0.00406856 0.0127702 0.0422056 0.788196 0.151985 
5.76339e-14 1.71496e-12 1.45967e-11 6.97636e-10 7.6059e-08 6.99735e-07 1.52299e-05 0.000475259 0.00365007 0.995859 
6.32088e-07 2.80429e-06 1.56756e-05 5.59203e-05 0.000422779 0.00222384 0.00669013 0.0408283 0.830386 0.119374 
3.52469e-06 2.90013e-05 0.000340231 0.00111582 0.00197325 0.00617646 0.0143702 0.537285 0.190057 0.24865 
0.00701716 0.0361216 0.137427 0.233838 0.382049 0.150577 0.0406151 0.00978185 0.00191336 0.000660151 
2.30551e-08 2.50398e-08 1.90242e-07 1.77778e-06 2.78929e-05 0.000306115 0.00120556 0.00961558 0.027882 0.960961 
1.13666e-07 4.80563e-07 2.55733e-06 8.91215e-06 5.46652e-05 0.000241348 0.000434385 0.00321689 0.0242559 0.971785 
7.86847e-08 2.71562e-07 1.83874e-06 2.00547e-05 0.000295097 0.00105347 0.00397066 0.0292115 0.651522 0.313925 
1.25787e-06 4.73303e-06 2.76027e-05 0.000111724 0.000712497 0.00373994 0.00736085 0.0244123 0.839625 0.124004 
0.00101937 0.0119751 0.173491 0.501025 0.150769 0.0933796 0.0422517 0.0212307 0.00393666 0.000921914 
1.11859e-07 1.03903e-07 6.48837e-07 5.40464e-06 6.97928e-05 0.000672885 0.00286773 0.0146204 0.0571715 0.924591 
5.83156e-08 7.72157e-08 5.90533e-07 6.59635e-06 0.000229065 0.00149807 0.00741428 0.771092 0.129342 0.0904179 
1.1254e-06 5.09607e-06 7.66886e-05 0.000328039 0.000767063 0.00385911 0.0101201 0.0345577 0.0850177 0.865267 
9.73869e-06 4.26539e-05 0.000428929 0.00205961 0.012531 0.0389062 0.0991694 0.171586 0.573943 0.101323 
6.85038e-07 2.79759e-06 1.50243e-05 5.85634e-05 0.000324862 0.0017872 0.00455667 0.0225256 0.873405 0.0973233 
0.00488924 0.231152 0.0928393 0.139376 0.255783 0.117017 0.0947949 0.0479525 0.0124539 0.00374227 
0.000129488 3.93412e-05 0.000180518 0.00238522 0.0256266 0.474613 0.141159 0.13451 0.111191 0.110165 
7.24067e-13 1.09989e-11 9.76162e-11 6.16217e-09 6.03507e-07 4.58957e-06 0.000173378 0.00675423 0.937834 0.0552329 
1.04196e-06 4.11934e-06 2.72389e-05 0.000119899 0.0008816 0.00439967 0.0125575 0.182862 0.0884174 0.710729 
0.000417545 0.00181502 0.0110585 0.0351904 0.0934498 0.164534 0.18621 0.414367 0.0733693 0.0195881 
1.53248e-06 5.07571e-06 2.98578e-05 0.000144242 0.00134495 0.00759597 0.0342816 0.697923 0.126108 0.132566 
2.3335e-06 8.02499e-06 5.20489e-05 0.000276173 0.00299272 0.0130256 0.0508101 0.610306 0.17019 0.152337 
9.24735e-07 3.17137e-06 1.84987e-05 0.000131185 0.00151005 0.00500072 0.01546 0.0530189 0.120109 0.804747 
8.31622e-07 3.60021e-06 2.29016e-05 8.92601e-05 0.000657456 0.00309453 0.00719634 0.0176919 0.0408337 0.930409 
6.45316e-07 2.3162e-06 1.50102e-05 6.18723e-05 0.000426439 0.00222637 0.00518518 0.023828 0.817974 0.15028 
0.00075454 0.00505646 0.0187557 0.0470161 0.106359 0.331704 0.356551 0.0943237 0.0302374 0.0092414 
3.97645e-07 1.46774e-06 9.06629e-06 3.88507e-05 0.000294295 0.00181428 0.00577806 0.0252849 0.0771299 0.889649 
0.00106937 0.00269719 0.0100877 0.0293076 0.0632279 0.115748 0.344121 0.238203 0.120539 0.0750003 
2.55076e-06 1.06051e-05 0.000121181 0.000561073 0.00228566 0.00968646 0.0218908 0.0554361 0.750266 0.159739 
3.11943e-05 0.000308479 0.00387025 0.0126018 0.0194849 0.0404422 0.0659507 0.122432 0.14099 0.593889 
9.7195e-09 2.03318e-08 2.07815e-07 1.91505e-06 3.2348e-05 0.000424251 0.000896739 0.0142033 0.896491 0.08795 
1.01465e-06 4.27844e-06 2.65787e-05 0.000102632 0.000767003 0.00361241 0.00852622 0.0342394 0.803855 0.148866 
1.58687e-06 6.0796e-06 3.79566e-05 0.000178313 0.00152111 0.00679882 0.0202803 0.0671401 0.756726 0.14731 
6.44874e-06 2.9799e-05 0.000308522 0.00146771 0.00710296 0.0227638 0.0563189 0.141862 0.614636 0.155504 
3.22016e-06 1.2594e-05 0.00013269 0.000644473 0.00349033 0.0124218 0.0313567 0.0837961 0.132814 0.735328 
8.93033e-05 0.000347329 0.00293204 0.0108949 0.0321214 0.0748673 0.497752 0.244014 0.095833 0.0411489 
1.02646e-05 8.2783e-05 0.0010164 0.00368478 0.0103013 0.0224123 0.0593333 0.123124 0.164379 0.615656 
0.00839981 0.0310619 0.122025 0.392972 0.196401 0.193504 0.0430488 0.0107313 0.00163396 0.000222847 
4.1154e-06 2.57666e-05 0.000262104 0.00126197 0.00654976 0.034039 0.168243 0.518615 0.119775 0.151224 
2.21111e-06 9.21895e-06 5.87362e-05 0.000231429 0.00158498 0.00701767 0.0168439 0.0617564 0.758064 0.154432 
0.000202079 0.00136623 0.0123935 0.0414683 0.159104 0.33656 0.176997 0.149814 0.0866239 0.0354709 
6.9729e-14 1.39861e-12 1.57489e-11 1.04764e-09 7.48061e-08 5.2987e-07 8.0695e-06 7.01674e-05 0.000635851 0.999285 
0.000193903 0.000832618 0.00505365 0.0200785 0.0692896 0.452468 0.198395 0.154406 0.0734028 0.0258805 
1.54088e-06 4.58803e-06 2.7373e-05 0.00017183 0.00191752 0.00834988 0.0262004 0.094148 0.719504 0.149675 
3.50173e-06 1.44292e-05 0.000114411 0.000616863 0.00423126 0.0144436 0.042225 0.628582 0.176089 0.13368 
4.67867e-32 1.5275e-28 5.14011e-25 2.1641e-21 1.13953e-17 1.4201e-14 4.84848e-11 2.1654e-07 0.0011997 0.9988 
8.48638e-05 0.000573167 0.00335051 0.0127443 0.0455442 0.303916 0.242173 0.21135 0.145251 0.035013 
3.4668e-06 1.18111e-05 9.98345e-05 0.000568971 0.00474868 0.0191159 0.0656073 0.151595 0.621325 0.136924 
1.86189e-06 7.05412e-06 4.30068e-05 0.000174332 0.0011967 0.0065634 0.0144067 0.0456346 0.110149 0.821823 
8.79659e-10 3.27126e-09 2.73621e-08 1.26523e-07 9.85487e-07 5.40355e-06 3.72182e-05 0.000190262 0.00738329 0.992383 
2.167e-09 9.05418e-10 5.99236e-09 2.19611e-07 6.60606e-06 0.000250344 0.00037626 0.0103877 0.908885 0.0800934 
1.52999e-13 2.91263e-12 2.82131e-11 1.99202e-09 1.84764e-07 1.40972e-06 4.11187e-05 0.00109772 0.0181287 0.980731 
1.18717e-07 1.67823e-07 1.19569e-06 1.40301e-05 0.000258832 0.00163558 0.00708962 0.0451911 0.815693 0.130116 
0.000275715 0.00161801 0.00752731 0.0261216 0.0820062 0.132982 0.170226 0.47107 0.0824172 0.0257554 
9.80147e-05 0.000851545 0.00474144 0.0196994 0.0621104 0.114375 0.159689 0.462552 0.128852 0.0470323 
2.21675e-07 5.31615e-07 3.53182e-06 2.6665e-05 0.000357969 0.00238899 0.00819422 0.038454 0.0994113 0.851163 
6.9174e-17 1.59839e-15 1.11671e-14 6.83285e-13 9.31406e-11 4.64772e-10 3.33623e-08 3.70625e-07 0.00102661 0.998973 
4.55541e-06 1.4752e-05 0.000182507 0.000912681 0.00674196 0.0261688 0.479271 0.252923 0.138227 0.0955537 
3.6015e-05 3.61361e-05 0.000305321 0.00216048 0.0158777 0.178069 0.3247 0.126076 0.238132 0.114608 
1.1702e-06 3.8814e-06 2.43147e-05 0.000143201 0.00189364 0.00677242 0.022915 0.0650715 0.70639 0.196785 
2.99062e-07 8.86004e-07 5.32801e-06 2.61256e-05 0.000231609 0.00161916 0.00482607 0.0231574 0.820703 0.14943 
1.60388e-06 5.55576e-06 3.31323e-05 0.000140668 0.00103176 0.00612301 0.0148046 0.0614923 0.522514 0.393853 
1.11055e-07 3.70832e-07 2.34933e-06 1.48462e-05 0.000131324 0.00104492 0.00292807 0.0149457 0.0394758 0.941457 
2.91132e-06 1.08895e-05 9.7874e-05 0.000507866 0.00345516 0.0109098 0.0314065 0.0814609 0.702411 0.169737 
0.00383343 0.0297908 0.172529 0.456217 0.194651 0.105582 0.0279548 0.00718515 0.00180388 0.000452804 
1.44806e-06 4.91708e-06 2.98108e-05 0.000123914 0.000785812 0.00484844 0.0108763 0.0359707 0.0925231 0.854836 
0.000174684 0.000699078 0.00342792 0.0175209 0.0729673 0.155083 0.452415 0.170203 0.0871629 0.0403467 
0.000428486 0.00713 0.124834 0.165188 0.131808 0.180461 0.168363 0.133294 0.0672432 0.0212498 
4.31111e-05 0.000219725 0.00272632 0.00923637 0.0202335 0.0909112 0.159033 0.168296 0.286224 0.263076 
1.50459e-05 0.000125031 0.000961775 0.00397261 0.0177977 0.0360387 0.0673362 0.55067 0.180536 0.142547 
2.94599e-06 1.02777e-05 7.76507e-05 0.000387861 0.00338668 0.0125946 0.0358273 0.135627 0.60401 0.208076 
1.37215e-07 2.26356e-07 1.526e-06 1.19737e-05 0.000137197 0.00105794 0.00419614 0.016961 0.050453 0.927181 
1.21615e-06 4.60569e-06 2.86694e-05 0.000148358 0.00136692 0.0187416 0.0453156 0.329818 0.502841 0.101735 
2.08038e-06 8.45274e-06 6.36431e-05 0.0002758 0.00152901 0.00702877 0.0162069 0.0475445 0.119454 0.807887 
3.23445e-06 7.92274e-06 7.78084e-05 0.000479953 0.0038202 0.0352622 0.143093 0.528854 0.201344 0.0870571 
3.3329e-06 1.15455e-05 0.000158405 0.000769438 0.00411153 0.0138625 0.0483749 0.639852 0.161859 0.130998 
0.000185739 0.000800387 0.00378558 0.0169766 0.0464641 0.0876606 0.114098 0.14498 0.127962 0.457088 
1.87159e-06 6.77809e-06 4.15766e-05 0.00017644 0.00129458 0.00671684 0.0158862 0.0484423 0.112933 0.814501 
7.62021e-14 1.51472e-12 1.67407e-11 1.11829e-09 8.1705e-08 6.69379e-07 8.84738e-06 0.000218828 0.000948715 0.998823 
1.5623e-07 3.90952e-07 2.37098e-06 1.31368e-05 0.000148813 0.00122863 0.00356106 0.0204851 0.0737188 0.900841 
1.8928e-06 7.93616e-06 5.47065e-05 0.0002439 0.00171666 0.0081121 0.0305216 0.0949689 0.703533 0.160839 
3.66355e-07 1.43677e-06 7.85722e-06 3.36959e-05 0.000298596 0.00119841 0.00361472 0.0160031 0.0642066 0.914635 
8.74735e-05 0.00057994 0.00430164 0.0152013 0.0353315 0.101034 0.466844 0.201429 0.127788 0.0474026 
5.32035e-05 3.56997e-05 0.000248314 0.00122117 0.00694004 0.0218709 0.0561441 0.324275 0.239447 0.349765 
3.46253e-05 0.000362837 0.00325427 0.011002 0.0266656 0.0487423 0.0929506 0.174844 0.531327 0.110816 
8.67517e-15 1.58469e-13 1.46499e-12 1.04551e-10 9.37741e-09 1.07289e-07 4.62542e-06 0.000255829 0.0051976 0.994542 
0.000171113 0.00122226 0.00607068 0.0242463 0.0781262 0.382992 0.246419 0.173055 0.0628202 0.0248772 
2.27575e-06 7.72892e-06 4.63135e-05 0.000228886 0.00192809 0.00858835 0.0182683 0.0547449 0.746413 0.169772 
2.96709e-06 1.23016e-05 9.91249e-05 0.000473341 0.00322207 0.0114682 0.0308589 0.0833508 0.667567 0.202945 
1.1579e-06 4.66603e-06 2.88671e-05 0.000114184 0.000857069 0.00371541 0.0091916 0.0215778 0.0474351 0.917074 
0.000100459 0.000938176 0.00561859 0.0176085 0.0550829 0.10092 0.503528 0.180556 0.103298 0.0323489 
3.4254e-06 1.32344e-05 0.000166362 0.000834681 0.00448791 0.0143782 0.0484067 0.483644 0.116293 0.331773 
3.71303e-05 0.000403684 0.00480063 0.0151472 0.0248144 0.0431035 0.0875888 0.546104 0.178115 0.099886 
1.76353e-07 3.84355e-07 2.27213e-06 1.30957e-05 0.000152706 0.00096913 0.00286372 0.0135667 0.0353717 0.94706 
4.25368e-06 1.1272e-05 0.000103887 0.000546805 0.0059296 0.0257269 0.0721916 0.15561 0.600763 0.139113 
