5950
1.51238e-08 7.21485e-07 1.26114e-05 7.23424e-05 0.00165202 0.00536253 0.0169586 0.642945 0.265795 0.0672013 
0.000992241 0.0117762 0.0649868 0.143688 0.661165 0.089135 0.0223454 0.00495167 0.000878443 8.10649e-05 
0.000373225 0.0107066 0.0359072 0.100534 0.174717 0.583239 0.0713492 0.0184756 0.0040181 0.000679155 
6.85829e-06 0.000243074 0.00464116 0.0156558 0.0479589 0.669311 0.137813 0.0857808 0.0317555 0.00683368 
2.37596e-07 5.43019e-06 7.45234e-05 0.000425358 0.00400829 0.0101199 0.0301254 0.075876 0.107336 0.772029 
5.03274e-08 2.30514e-06 4.09907e-05 0.000262818 0.0055918 0.0264273 0.0722554 0.785127 0.0709247 0.0393673 
5.00298e-05 0.000166991 0.00243343 0.0116823 0.0283787 0.0573804 0.290581 0.521698 0.0787037 0.0089259 
0.00274693 0.0481658 0.116635 0.220456 0.507122 0.0845433 0.0163524 0.00374653 0.000190168 4.23928e-05 
1.60557e-09 1.13877e-07 1.17868e-06 1.52098e-05 0.000258803 0.00151986 0.00439597 0.158531 0.534191 0.301087 
1.39657e-09 8.11812e-08 1.60579e-06 8.99047e-06 0.000300158 0.00113921 0.00274167 0.0133429 0.922032 0.0604333 
0.000108559 0.00412958 0.0266348 0.0895653 0.153285 0.158627 0.520943 0.0332592 0.0102959 0.0031523 
1.0797e-08 5.77049e-07 7.75393e-06 6.45166e-05 0.00116662 0.00366371 0.0117143 0.0361588 0.918027 0.0291964 
5.56974e-09 3.70219e-07 3.58126e-06 4.68803e-05 0.000674887 0.0022944 0.00700288 0.218033 0.624244 0.147699 
0.000191593 0.00614962 0.126377 0.544019 0.141782 0.116678 0.0451828 0.0135478 0.00506341 0.00100828 
1.94546e-08 9.13581e-07 1.72218e-05 9.62345e-05 0.00158784 0.00619573 0.01865 0.0456339 0.0691574 0.858661 
6.74811e-10 3.7819e-08 6.99894e-07 3.72368e-06 7.98553e-05 0.000821588 0.0106183 0.955106 0.0173807 0.0159891 
0.000371744 0.0103676 0.0371589 0.0829951 0.142917 0.145859 0.546898 0.0272435 0.00542592 0.000762929 
4.56472e-30 2.02867e-26 8.25224e-24 1.69767e-20 2.959e-18 6.26514e-16 4.21708e-11 3.56056e-07 2.26851e-05 0.999977 
3.34057e-11 1.33113e-09 1.62912e-08 1.51468e-07 3.89184e-06 6.27991e-06 7.88573e-05 0.000286341 0.000892455 0.998732 
1.37162e-15 3.28099e-13 4.15184e-12 5.30078e-11 8.51113e-09 4.14424e-08 3.90831e-07 6.67736e-05 0.000151247 0.999782 
1.9207e-10 2.1522e-08 4.62449e-07 3.26318e-06 9.62304e-05 0.000769912 0.00123667 0.00844035 0.029205 0.960248 
1.6038e-06 5.55773e-05 0.000962518 0.00491792 0.0216247 0.278283 0.628998 0.0418509 0.018255 0.00505051 
8.20102e-09 4.93652e-07 5.39678e-06 5.46433e-05 0.000983803 0.00430314 0.021572 0.801929 0.096315 0.074837 
6.58211e-09 4.10906e-07 4.64633e-06 4.91609e-05 0.000708313 0.00299084 0.00754894 0.02441 0.0577702 0.906518 
0.00173264 0.0319858 0.0875841 0.237138 0.523472 0.0878758 0.0250232 0.00473652 0.000403371 4.8557e-05 
3.72491e-19 2.20339e-16 2.93049e-14 1.70773e-12 2.83911e-10 6.08324e-09 8.23245e-07 4.31516e-05 0.00055717 0.999399 
6.8563e-06 0.000207347 0.0039677 0.0193931 0.479569 0.13954 0.150497 0.125646 0.061137 0.0200358 
5.28002e-10 6.0844e-08 1.14762e-06 8.88716e-06 0.000239688 0.00147173 0.00402165 0.0294029 0.910518 0.0543362 
6.3396e-09 3.05324e-07 7.18822e-06 4.45442e-05 0.000417863 0.00265538 0.00706402 0.0248218 0.888722 0.0762665 
2.7499e-11 1.8458e-09 1.95953e-08 2.65518e-07 9.95219e-06 1.5927e-05 0.000123945 0.000714598 0.030513 0.968622 
2.17876e-09 1.15571e-07 2.41046e-06 1.24064e-05 0.000245415 0.00141386 0.00375271 0.0132689 0.332418 0.648886 
2.32363e-05 0.000902458 0.00873175 0.141993 0.110733 0.259937 0.419459 0.0380623 0.0159992 0.00415927 
2.03397e-07 4.93053e-06 9.4588e-05 0.000446396 0.00435507 0.013418 0.0358662 0.0743382 0.0894249 0.782051 
2.28783e-05 0.000271646 0.00448326 0.0174011 0.0432988 0.0950354 0.687535 0.0998244 0.0425002 0.00962719 
9.82898e-29 4.89436e-25 2.86822e-22 1.53724e-18 1.40171e-16 3.92719e-14 2.34363e-10 3.80407e-08 4.63202e-05 0.999954 
5.33636e-06 0.000190616 0.0031728 0.0148424 0.0418626 0.0925201 0.127745 0.681109 0.0309028 0.00764875 
0.00105366 0.16797 0.42043 0.119598 0.142465 0.0991074 0.036948 0.0101959 0.00203342 0.000197436 
9.52008e-26 2.44739e-22 8.38488e-20 2.18673e-16 2.35102e-14 3.95317e-12 1.34102e-08 1.82044e-05 0.000930244 0.999052 
3.33242e-08 1.69103e-06 3.0072e-05 0.000161975 0.00407929 0.0145707 0.0492593 0.779292 0.0964733 0.0561313 
6.13694e-09 2.62359e-07 6.34102e-06 2.89e-05 0.000533912 0.00234044 0.00696183 0.0126516 0.0195443 0.957932 
2.88647e-05 0.000347195 0.00535418 0.0198993 0.0392852 0.0688674 0.0912639 0.0794924 0.683886 0.0115753 
3.242e-19 2.19085e-16 2.51815e-14 1.84407e-12 3.22052e-10 9.29833e-09 1.66509e-06 0.000147198 0.00231251 0.997539 
5.63731e-05 0.000269945 0.00411095 0.00899341 0.0227098 0.0516463 0.0767492 0.75375 0.061712 0.0200017 
1.98624e-08 1.07694e-06 1.50566e-05 0.000175198 0.00336521 0.0172019 0.0560411 0.791237 0.0787942 0.0531694 
5.56785e-09 3.52464e-07 3.40404e-06 4.06709e-05 0.000682008 0.00269842 0.0147928 0.0521799 0.873508 0.0560941 
1.16394e-07 2.87363e-06 4.06327e-05 0.000243896 0.00273978 0.067344 0.0172309 0.0342074 0.243684 0.634506 
3.16791e-12 3.28459e-10 5.22497e-09 6.06247e-08 1.72169e-06 5.57579e-05 0.000205835 0.00283103 0.985166 0.0117398 
6.67462e-27 1.11362e-23 2.78009e-21 5.50403e-18 1.20916e-15 9.69266e-14 1.96646e-10 1.6708e-08 8.93089e-06 0.999991 
6.75397e-19 3.59793e-16 2.99318e-14 2.21184e-12 4.75219e-10 3.62216e-09 2.23056e-07 2.56925e-05 0.000618224 0.999356 
2.73177e-06 0.000140359 0.00346989 0.00914913 0.0406839 0.091629 0.684312 0.0949696 0.0507095 0.0249337 
2.35229e-10 3.45633e-08 6.24279e-07 5.15633e-06 0.000114628 0.000772242 0.0026001 0.0139581 0.0278493 0.9547 
2.12235e-08 1.09387e-06 1.64266e-05 0.0001159 0.00205113 0.00788279 0.0257994 0.0707309 0.811595 0.0818073 
0.000136378 0.0016992 0.0179808 0.0526738 0.629567 0.165538 0.0893443 0.0330888 0.00731274 0.00265901 
1.68493e-06 4.033e-05 0.000748948 0.00643334 0.619058 0.0962267 0.099719 0.0951957 0.0592565 0.0233195 
1.16418e-05 0.000184079 0.00292629 0.0146391 0.0404648 0.100514 0.726727 0.0802934 0.0277993 0.00643973 
2.19105e-07 6.82922e-06 0.000129962 0.000962775 0.0100269 0.0413114 0.702926 0.12081 0.08058 0.0432462 
1.27953e-09 8.62619e-08 1.50842e-06 8.99659e-06 0.000125652 0.00122085 0.00255845 0.0144072 0.921139 0.0605381 
7.20263e-10 7.71158e-08 1.28259e-06 9.35441e-06 0.000319507 0.00210402 0.0085899 0.0270846 0.922494 0.0393972 
2.46956e-11 4.74741e-09 9.13549e-08 7.61412e-07 1.75121e-05 0.000181232 0.00030826 0.0056986 0.0236644 0.970129 
1.10306e-07 4.00752e-06 7.83198e-05 0.000421205 0.00514846 0.0156101 0.0546145 0.807797 0.0782367 0.0380897 
3.38888e-12 7.80371e-11 1.28728e-09 6.51313e-09 7.20806e-08 5.06964e-07 1.26413e-06 8.28329e-06 0.000118034 0.999872 
1.50187e-16 7.49112e-14 4.50617e-12 4.01388e-10 3.76405e-08 4.1595e-07 3.54538e-05 0.000414981 0.0045718 0.994977 
5.56215e-10 4.18882e-08 9.55986e-07 5.78102e-06 0.000164486 0.0013253 0.00446581 0.0175617 0.0376633 0.938813 
1.24966e-09 9.71961e-08 1.75517e-06 9.95293e-06 0.000127833 0.00131823 0.00231507 0.0114166 0.920245 0.0645659 
0.00329377 0.05034 0.128467 0.631714 0.11745 0.0509479 0.0139528 0.00350599 0.00025195 7.64658e-05 
4.21282e-09 2.13854e-07 3.68906e-06 1.9299e-05 0.000425066 0.00191405 0.00494121 0.0163417 0.0369596 0.939395 
2.9378e-30 1.74083e-26 2.6246e-23 3.04735e-19 7.33433e-18 5.58754e-15 3.64119e-11 3.30696e-07 9.78408e-05 0.999902 
3.97584e-11 5.33477e-09 9.05221e-08 8.28679e-07 2.353e-05 7.65743e-05 7.95906e-05 0.000455953 0.00388443 0.995479 
7.56563e-10 4.42038e-08 7.34459e-07 3.85155e-06 4.55131e-05 0.000408588 0.00101038 0.00331145 0.0065583 0.988661 
0.000100829 0.00359597 0.012053 0.180416 0.144388 0.551637 0.0778453 0.0244869 0.0042831 0.00119407 
3.32692e-14 6.42094e-12 1.27465e-10 1.26221e-09 6.25503e-08 4.71781e-07 2.06459e-05 0.000619501 0.00683558 0.992524 
6.95057e-06 0.000240185 0.00518966 0.0121491 0.035152 0.0868644 0.520322 0.239896 0.0685295 0.0316499 
1.50021e-06 5.74516e-05 0.00125972 0.00527987 0.0774893 0.704426 0.0637998 0.112813 0.0287322 0.00614142 
2.12807e-06 6.24849e-05 0.00159251 0.00464284 0.025877 0.0607688 0.741531 0.0947867 0.0495102 0.0212259 
0.000239277 0.00570946 0.0166366 0.0407977 0.107087 0.389764 0.360704 0.0717503 0.00592108 0.00139058 
7.75726e-07 1.3929e-05 0.000259162 0.00101752 0.00619282 0.014717 0.0285435 0.0624131 0.62987 0.256972 
0.00160984 0.0445881 0.521485 0.338335 0.0614391 0.0242771 0.00669812 0.00146702 8.68447e-05 1.33439e-05 
6.65176e-07 1.51312e-05 0.000291517 0.00129621 0.0105551 0.032282 0.428269 0.0892368 0.416457 0.0215968 
1.09854e-09 6.10666e-08 1.02316e-06 5.54561e-06 4.85622e-05 0.000592527 0.00152034 0.00781218 0.01867 0.97135 
8.32392e-09 4.08777e-07 8.85986e-06 5.07955e-05 0.000606131 0.0034196 0.00858244 0.0248785 0.0493381 0.913115 
1.07655e-05 0.000325751 0.00661517 0.0174254 0.0686494 0.132258 0.626314 0.0964891 0.0393968 0.0125154 
4.69557e-07 9.33633e-06 0.000178014 0.000742882 0.026595 0.0820489 0.118186 0.580334 0.168624 0.023281 
5.32359e-06 0.000170545 0.00324012 0.0128307 0.0516798 0.69595 0.117109 0.0801798 0.0319195 0.00691558 
1.43892e-06 3.94595e-05 0.000879058 0.00216375 0.0107829 0.0304712 0.545549 0.204629 0.1824 0.023084 
1.5931e-09 1.07571e-07 2.21244e-06 1.24962e-05 0.000271614 0.0016609 0.00375477 0.0140309 0.917869 0.0623977 
2.21953e-08 5.19211e-06 4.0814e-05 0.000554365 0.0425974 0.00697366 0.223741 0.1219 0.181113 0.423075 
4.11296e-06 0.000131946 0.00260255 0.00955267 0.603159 0.083498 0.111206 0.104232 0.0644909 0.0211224 
1.04971e-09 8.25011e-08 1.5152e-06 1.00401e-05 0.000269222 0.00210009 0.00748241 0.85798 0.072326 0.0598311 
7.21521e-09 3.5258e-07 7.65704e-06 3.49812e-05 0.000762894 0.00351815 0.00959868 0.0375504 0.870298 0.0782293 
2.17695e-17 1.18469e-14 8.96344e-13 7.07606e-11 1.05395e-08 1.27176e-07 1.27512e-05 0.000332039 0.00427408 0.995381 
3.03382e-09 1.86748e-07 3.55132e-06 2.0281e-05 0.000457596 0.00280051 0.00694775 0.028268 0.861147 0.100355 
3.46812e-05 0.00107062 0.00932273 0.0337173 0.0739218 0.129561 0.607254 0.0881469 0.0439994 0.0129719 
4.98443e-10 3.12619e-08 6.19032e-07 3.23033e-06 6.29528e-05 0.000383048 0.000901203 0.0137891 0.322119 0.662741 
3.54395e-29 2.19589e-25 3.16303e-22 3.5958e-18 9.6988e-17 6.7366e-14 1.65561e-09 1.38792e-05 0.000672114 0.999314 
2.66587e-10 3.08867e-08 7.70985e-07 4.40997e-06 0.000104755 0.000555249 0.00121396 0.00791746 0.022835 0.967368 
2.55417e-05 0.000362025 0.00586375 0.0213602 0.0548903 0.622188 0.155044 0.0946267 0.0367811 0.00885751 
1.19078e-09 6.51848e-08 1.10789e-06 6.51075e-06 0.000123172 0.000979666 0.00415363 0.371065 0.351646 0.272025 
0.00163541 0.393362 0.0575589 0.201704 0.148952 0.104982 0.0744945 0.0134694 0.00310407 0.000738305 
1.29954e-06 4.94088e-05 0.00102801 0.0035428 0.0102667 0.0235576 0.0350292 0.0764666 0.217041 0.633017 
0.000129376 0.000871777 0.0103426 0.341813 0.39423 0.129895 0.0788026 0.0328108 0.00834949 0.00275572 
2.15584e-06 5.50902e-05 0.000852171 0.00678573 0.0218072 0.066687 0.67687 0.122845 0.0759844 0.0281115 
1.25865e-05 0.000855166 0.00761022 0.0188755 0.0590363 0.109743 0.652973 0.084445 0.0470358 0.0194135 
4.64578e-09 2.48421e-07 5.19226e-06 2.30283e-05 0.000481056 0.00261375 0.00605605 0.0230106 0.884443 0.0833675 
3.25703e-08 1.93359e-06 3.09889e-05 0.000251634 0.00380364 0.0164816 0.0564148 0.784884 0.0780094 0.0601223 
5.98881e-12 3.46726e-10 4.13668e-09 6.08324e-08 7.28664e-06 4.18269e-06 6.37686e-05 0.000517687 0.0025401 0.996867 
6.5928e-06 0.000247235 0.00604523 0.0202787 0.605428 0.128068 0.106268 0.0792659 0.0396001 0.0147924 
1.32991e-12 9.20775e-11 1.08894e-09 1.40741e-08 4.71859e-07 2.46641e-06 8.67559e-05 0.00128467 0.0114301 0.987196 
9.56024e-11 1.84787e-08 3.57463e-07 3.03213e-06 9.6928e-05 0.000533409 0.00225278 0.463825 0.494414 0.0388748 
8.4301e-05 0.000355676 0.00555475 0.0121345 0.0359399 0.0645246 0.091085 0.735104 0.0443429 0.010874 
0.000769073 0.0211254 0.0630559 0.139043 0.578867 0.130978 0.0499697 0.0127287 0.00296409 0.000499653 
5.33884e-10 4.05711e-08 7.35738e-07 4.50122e-06 7.65286e-05 0.000623174 0.00126943 0.00754387 0.31375 0.676732 
1.3835e-10 2.38972e-08 4.59212e-07 4.17293e-06 0.000177801 0.0011445 0.00334725 0.0229624 0.0501528 0.922211 
1.25712e-08 5.69556e-07 1.20556e-05 6.24614e-05 0.00102761 0.00450859 0.0120908 0.0313358 0.057121 0.893841 
5.96394e-09 3.53855e-07 4.80404e-06 3.72207e-05 0.000662435 0.00331663 0.009518 0.0324146 0.0698863 0.88416 
1.28121e-06 1.99352e-05 0.000391205 0.00136334 0.00915706 0.0283985 0.704628 0.112128 0.0968297 0.047083 
1.68144e-08 1.08112e-06 1.05407e-05 0.000119367 0.00227448 0.00694771 0.0226261 0.0560864 0.0947768 0.817158 
9.25074e-33 4.76057e-29 7.45746e-26 3.8322e-22 6.25798e-18 1.14797e-15 1.00402e-09 9.0687e-06 0.000380081 0.999611 
4.248e-24 4.92668e-21 6.68829e-19 1.77432e-16 7.06646e-14 1.78648e-12 4.68943e-09 2.04878e-05 0.00124856 0.998731 
2.07377e-08 1.26755e-06 1.37045e-05 0.000142932 0.0025588 0.00694971 0.0255627 0.0666714 0.0932427 0.804857 
6.98501e-11 1.3527e-08 2.60745e-07 2.14338e-06 4.66798e-05 0.00033996 0.000319634 0.00477963 0.017677 0.976835 
7.97914e-12 1.51068e-09 2.89606e-08 2.41027e-07 5.92414e-06 3.89172e-05 0.000198381 0.00263637 0.0104753 0.986645 
2.35341e-08 1.26815e-06 1.74154e-05 0.000150537 0.00231132 0.00668949 0.0228973 0.0549793 0.85873 0.0542234 
1.28799e-09 8.74464e-08 1.53608e-06 9.16211e-06 0.000153323 0.00115919 0.00224741 0.0118219 0.0521514 0.932456 
2.42378e-08 1.5236e-06 2.11809e-05 0.000201339 0.00397378 0.0220378 0.772924 0.0876315 0.0686038 0.0446054 
1.73931e-05 0.00042643 0.00761945 0.0263099 0.0596634 0.112707 0.670166 0.0866169 0.0299502 0.00652366 
2.10448e-07 5.11243e-06 0.000103654 0.000415154 0.0037717 0.0114373 0.0345357 0.461393 0.0581937 0.430145 
9.26984e-07 1.90143e-05 0.000397164 0.00153603 0.0109902 0.0385098 0.702779 0.126492 0.0866745 0.0326008 
4.49121e-09 3.09223e-07 3.93239e-06 4.06357e-05 0.000714733 0.00291784 0.00910896 0.0393682 0.84887 0.098975 
3.70373e-07 6.83594e-06 0.000130893 0.000507278 0.00436078 0.0113062 0.0301921 0.0676771 0.0872185 0.7986 
3.52891e-08 1.48356e-06 2.51893e-05 0.000234214 0.00290622 0.328898 0.409666 0.1946 0.0365397 0.0271295 
1.46301e-08 9.46056e-07 8.97129e-06 0.00012021 0.00202484 0.00850651 0.0344831 0.795696 0.088757 0.0704025 
1.03163e-09 5.48729e-08 1.25649e-06 5.74203e-06 0.000128086 0.000965119 0.00249076 0.00601433 0.0126272 0.977767 
1.90832e-08 1.23363e-06 1.39169e-05 0.000148522 0.00241961 0.0105552 0.0355513 0.0713901 0.825995 0.0539248 
0.00108061 0.0223311 0.0683126 0.164037 0.559422 0.131258 0.0435479 0.00858435 0.00127882 0.000146883 
3.36067e-07 1.52899e-05 0.000134018 0.00127339 0.0141505 0.0414566 0.0980366 0.731663 0.0721957 0.0410745 
3.55057e-07 6.97489e-06 0.000137905 0.000525405 0.00393376 0.0110678 0.0299493 0.122916 0.785388 0.0460748 
1.40665e-09 8.22704e-08 1.6978e-06 7.44647e-06 0.000107629 0.000934709 0.00247264 0.0056466 0.0175266 0.973303 
1.21557e-08 6.76198e-07 7.35235e-06 7.40903e-05 0.00128408 0.00371376 0.0139982 0.035647 0.0662377 0.879037 
2.0526e-06 7.42971e-05 0.00160965 0.00379844 0.0161781 0.0959806 0.624397 0.169805 0.0664202 0.0217345 
7.42226e-10 7.09597e-08 1.27008e-06 8.43709e-06 0.000147039 0.00125228 0.00342204 0.0184352 0.0491209 0.927613 
0.00584674 0.0514334 0.105778 0.607292 0.147883 0.063918 0.0133392 0.00416207 0.000276368 7.22269e-05 
1.8994e-09 1.03761e-07 1.85644e-06 1.04064e-05 0.000198048 0.00131738 0.00351632 0.0120458 0.0349733 0.947937 
8.8018e-07 1.56598e-05 0.000336265 0.00132819 0.00615965 0.0179357 0.0388972 0.0844164 0.798404 0.0525061 
4.97803e-06 0.000187389 0.00505794 0.0110307 0.0449718 0.0913778 0.122018 0.635133 0.0607218 0.029497 
3.76881e-11 4.10828e-09 7.67864e-08 5.94659e-07 1.28734e-05 6.06056e-05 0.000181944 0.00283453 0.0179601 0.978949 
0.0024781 0.0527736 0.107946 0.665114 0.109296 0.0512926 0.00854321 0.00231713 0.000200138 3.89812e-05 
6.00941e-09 2.98866e-07 6.15085e-06 3.61416e-05 0.000542657 0.00279408 0.00688684 0.0252434 0.882421 0.0820697 
4.72111e-09 3.19369e-07 3.02316e-06 4.30792e-05 0.000691233 0.00233913 0.00797539 0.0237542 0.0448137 0.92038 
2.64155e-10 3.24359e-08 6.16432e-07 5.08235e-06 0.000110298 0.0010311 0.00253804 0.0157842 0.66887 0.311661 
0.00102176 0.02599 0.0759495 0.150223 0.193406 0.498461 0.0432167 0.00978042 0.001743 0.000209021 
1.10423e-06 2.41825e-05 0.00042417 0.002184 0.0185077 0.06513 0.67667 0.115193 0.0802171 0.041649 
0.145502 0.421043 0.148488 0.245639 0.0295701 0.00919624 0.000515999 4.21392e-05 3.1543e-06 2.88155e-07 
9.76778e-08 3.0438e-06 5.84129e-05 0.000307599 0.00413807 0.0132418 0.0435839 0.0861134 0.806664 0.0458899 
5.43903e-09 3.26304e-07 4.66367e-06 3.51224e-05 0.000716116 0.00298269 0.00840381 0.0347225 0.879082 0.0740529 
1.04924e-08 5.36478e-07 1.01875e-05 4.32784e-05 0.00109903 0.00392062 0.0124024 0.028319 0.0452389 0.908966 
2.20796e-07 4.91707e-06 7.54359e-05 0.000370667 0.00266294 0.0078621 0.0184135 0.785398 0.0956795 0.0895332 
1.64423e-11 3.21592e-09 6.20736e-08 4.9969e-07 1.09474e-05 3.81233e-05 0.000108005 0.00173622 0.00785794 0.990248 
1.24782e-09 7.36607e-08 1.35082e-06 8.12343e-06 0.000267003 0.00157711 0.00881132 0.29219 0.523467 0.173679 
1.40638e-09 1.54389e-07 1.88837e-06 1.10404e-05 0.00041432 0.00139034 0.00832406 0.0305233 0.0536807 0.905654 
1.23612e-09 9.4234e-08 1.94078e-06 1.23027e-05 0.000320217 0.00203583 0.00586094 0.0286775 0.887803 0.0752882 
1.02403e-06 4.20326e-05 0.00103618 0.00230218 0.00936037 0.17872 0.138365 0.450519 0.147762 0.0718919 
5.97481e-10 5.82025e-08 1.0585e-06 7.41727e-06 0.00013597 0.000844223 0.00114893 0.0100644 0.0334695 0.954328 
0.0167157 0.01032 0.14334 0.17564 0.41887 0.205249 0.0235708 0.00541101 0.00079762 8.69777e-05 
1.58497e-09 9.19288e-08 1.71582e-06 1.03584e-05 0.000191313 0.00152313 0.00654583 0.868728 0.0513712 0.0716286 
4.2828e-17 1.78468e-14 1.23772e-12 8.95569e-11 1.60397e-08 9.88421e-08 6.26263e-06 7.98151e-05 0.00270658 0.997207 
3.61811e-28 2.27002e-24 2.90523e-21 3.12144e-17 8.42948e-16 5.79136e-13 5.72925e-09 1.1857e-05 0.000869824 0.999118 
9.83535e-07 2.04334e-05 0.000414432 0.00165241 0.0104633 0.029247 0.0659082 0.771348 0.0887685 0.0321769 
4.97559e-07 9.21777e-06 0.000176117 0.000627028 0.00484035 0.0111115 0.0361531 0.459651 0.454434 0.0329971 
2.60501e-09 1.57317e-07 3.09229e-06 1.66929e-05 0.000360306 0.00250824 0.00611406 0.0207664 0.0567856 0.913446 
1.6761e-07 5.11256e-06 8.8684e-05 0.000411933 0.00471813 0.0164626 0.0498238 0.785862 0.0948369 0.0477903 
1.42801e-08 9.33171e-07 8.67586e-06 0.000117226 0.00194685 0.00690376 0.029554 0.801457 0.0911142 0.0688972 
2.77072e-07 7.49068e-06 0.000142379 0.00060384 0.00578899 0.0189161 0.0463316 0.0884991 0.796586 0.0431244 
1.52605e-29 8.82821e-26 1.3631e-22 1.5975e-18 5.13e-17 3.17063e-14 2.30396e-09 2.08207e-05 0.000697624 0.999282 
5.16934e-07 9.91617e-06 0.000191698 0.000691147 0.00722037 0.021521 0.0630486 0.109963 0.747921 0.0494327 
2.26316e-07 7.90115e-06 0.000127307 0.00105141 0.0120536 0.0413428 0.0875378 0.752522 0.0681441 0.0372128 
1.81042e-05 0.000713301 0.0109828 0.0360389 0.0964678 0.636938 0.124529 0.0641319 0.0247944 0.00538563 
1.17442e-09 7.86636e-08 1.56499e-06 9.32416e-06 0.000327838 0.00207306 0.014122 0.856599 0.0740924 0.0527746 
5.12119e-15 1.31745e-12 2.3992e-11 1.0349e-09 1.96258e-07 1.04165e-06 4.99086e-05 0.00128846 0.011287 0.987373 
6.2781e-08 2.16231e-06 4.76843e-05 0.000226134 0.0024223 0.00955579 0.235223 0.69507 0.038699 0.0187537 
9.43714e-10 7.57148e-08 1.35752e-06 9.59507e-06 0.00023846 0.00157476 0.00323135 0.01561 0.0391114 0.940223 
0.0104879 0.11154 0.0877073 0.328547 0.139417 0.282721 0.0356386 0.00328776 0.000536994 0.000117211 
0.000119809 0.00057561 0.00904357 0.0292369 0.0792102 0.140167 0.658708 0.0589462 0.0207984 0.0031951 
1.16007e-10 2.24389e-08 4.32485e-07 3.54641e-06 7.59035e-05 0.000532669 0.000463032 0.00447649 0.0169021 0.977546 
1.10366e-09 7.28734e-08 1.34435e-06 8.17969e-06 0.000145779 0.0011875 0.00337749 0.018368 0.0523616 0.92455 
0.00106211 0.019473 0.0663954 0.13641 0.6371 0.104073 0.0297098 0.00502139 0.000652763 0.000102833 
2.75431e-12 1.41512e-10 4.12724e-09 2.05302e-08 1.6745e-06 5.91324e-06 8.45996e-05 0.00179367 0.00850374 0.98961 
3.63587e-10 4.18486e-08 8.1505e-07 6.10568e-06 0.000138729 0.00103537 0.00187553 0.0120951 0.037464 0.947384 
7.20482e-09 3.63482e-07 6.54599e-06 5.70951e-05 0.000705863 0.00342258 0.00778155 0.0214076 0.0455548 0.921064 
4.16046e-07 9.6795e-06 0.000148034 0.000794378 0.00463407 0.0127933 0.0267495 0.0580546 0.0735802 0.823236 
2.25098e-06 8.65633e-05 0.00152413 0.0381347 0.0523268 0.0463798 0.679028 0.100504 0.0771658 0.00484853 
1.55765e-11 3.03751e-09 5.85805e-08 4.76919e-07 1.08319e-05 5.42011e-05 0.00019985 0.0039237 0.0187824 0.977028 
0 0 0 0 0 0 0 0 1.68269e-05 0.999983 
2.22375e-06 7.70363e-05 0.00178739 0.00396262 0.0146102 0.0361263 0.0779474 0.121815 0.703318 0.0403541 
6.17341e-07 1.56793e-05 0.000311531 0.00134865 0.00999689 0.0314598 0.0786979 0.123586 0.707397 0.0471864 
1.14022e-09 5.67625e-08 1.25324e-06 5.82962e-06 0.000159716 0.00103195 0.00267186 0.00473283 0.0109241 0.980472 
2.23511e-07 4.35323e-06 9.0389e-05 0.00038531 0.00348513 0.0116963 0.0354242 0.449086 0.453343 0.0464858 
1.79274e-06 3.70341e-05 0.000620017 0.00274258 0.0147707 0.0377799 0.723463 0.120552 0.0748036 0.025229 
4.84361e-10 2.645e-08 4.50786e-07 2.17654e-06 1.53362e-05 0.000156646 0.000402594 0.00285679 0.867541 0.129025 
1.2513e-06 4.41579e-05 0.000717224 0.00443543 0.0234928 0.0680744 0.735524 0.09932 0.0508736 0.0175176 
8.01454e-06 0.000234598 0.00452455 0.0101133 0.0337883 0.0729746 0.703172 0.0909902 0.0498989 0.0342954 
4.46613e-05 0.00143832 0.0107002 0.0721417 0.238289 0.465157 0.112266 0.0583058 0.030953 0.0107042 
2.29731e-08 1.29302e-06 1.70335e-05 0.000143682 0.00256124 0.00896074 0.0408677 0.0860925 0.0958171 0.765539 
6.08161e-05 0.00469415 0.0445866 0.127633 0.189399 0.327492 0.162934 0.132702 0.00829296 0.00220539 
5.52407e-11 1.04881e-08 2.00995e-07 1.65104e-06 3.61235e-05 0.000227494 0.000568798 0.00601487 0.952989 0.0401621 
4.72422e-08 1.98011e-06 3.16502e-05 0.000203912 0.00329991 0.00898853 0.0286696 0.0624044 0.0790964 0.817304 
4.13851e-07 8.67938e-06 0.000167201 0.000708602 0.00723302 0.0270372 0.0779019 0.74406 0.0938978 0.048985 
8.92986e-15 1.53737e-12 2.68265e-11 1.01216e-09 2.26998e-07 1.31229e-06 4.94529e-05 0.00101045 0.00299979 0.995939 
5.63075e-09 3.75287e-07 3.94239e-06 5.03443e-05 0.000703693 0.00333479 0.00884163 0.03757 0.068115 0.88138 
1.8268e-06 4.44765e-05 0.000827712 0.0048288 0.0364337 0.558221 0.129737 0.130064 0.0873836 0.0524582 
6.5022e-06 0.000826481 0.012759 0.572836 0.0739688 0.108513 0.112967 0.0798267 0.030511 0.00778426 
4.29443e-07 8.71536e-06 0.000170489 0.000658235 0.0055363 0.0151424 0.0383322 0.0756926 0.805629 0.0588295 
0.000103705 0.000662976 0.00781338 0.0288896 0.0539033 0.0949362 0.662008 0.0987493 0.0420651 0.0108682 
1.60427e-11 9.51447e-10 3.61991e-08 1.11482e-07 2.2326e-06 5.08221e-05 0.000141233 0.000257086 0.00149119 0.998057 
1.59109e-06 3.52725e-05 0.000515634 0.00246536 0.0157986 0.0403901 0.0952916 0.710346 0.092353 0.0428031 
1.25144e-06 3.95623e-05 0.000814426 0.0033061 0.0376192 0.340614 0.28742 0.24298 0.0767151 0.0104902 
1.54978e-05 0.000649664 0.00863232 0.0275532 0.0855123 0.673891 0.109735 0.0654177 0.0215629 0.00703022 
5.01308e-11 7.31565e-09 1.43835e-07 1.30564e-06 8.1559e-05 0.000467865 0.00402618 0.285812 0.300442 0.409168 
2.2257e-08 1.17207e-06 1.64353e-05 0.000137081 0.00209772 0.00691333 0.0261505 0.818192 0.0944879 0.0520039 
7.24884e-09 4.64767e-07 5.55631e-06 5.83467e-05 0.000911162 0.00375779 0.0110432 0.0362999 0.308758 0.639165 
5.67349e-08 1.60426e-06 2.50754e-05 0.000154065 0.00264192 0.0110049 0.778844 0.0820361 0.0792472 0.0460452 
1.04264e-15 7.93991e-14 1.03019e-12 7.8995e-12 4.16379e-10 2.68569e-09 3.69761e-07 4.18593e-07 7.37001e-05 0.999926 
1.0456e-17 5.12094e-15 3.17971e-13 2.74699e-11 2.31324e-09 3.14184e-08 3.66018e-06 0.000279161 0.00335669 0.99636 
2.27124e-10 7.21638e-09 1.12979e-07 8.7968e-07 4.10906e-05 5.3425e-05 0.000302319 0.00239243 0.0104787 0.986731 
6.22682e-10 4.14617e-08 8.23906e-07 4.30544e-06 8.6059e-05 0.000638472 0.00158182 0.0073059 0.635548 0.354835 
1.94304e-08 1.20902e-06 1.28606e-05 0.000135166 0.00260738 0.00892607 0.0386362 0.829165 0.0754949 0.045021 
7.26589e-08 4.64298e-06 6.93496e-05 0.0010206 0.00795286 0.748244 0.078562 0.0765915 0.0554694 0.0320859 
3.93157e-07 8.38004e-06 0.0001698 0.000683587 0.00764574 0.0302311 0.736669 0.108085 0.0747511 0.0417555 
1.73542e-08 8.84482e-07 1.40373e-05 9.37786e-05 0.00170687 0.00498978 0.0144134 0.0359331 0.0444211 0.898427 
9.18086e-28 4.38187e-24 3.03432e-21 2.13067e-17 7.16346e-16 4.19687e-13 3.09323e-09 1.05312e-05 0.000299905 0.99969 
6.0087e-07 1.59904e-05 0.000240413 0.00149677 0.108476 0.0491493 0.246565 0.257035 0.314935 0.0220862 
0.000190148 0.00750374 0.0269765 0.212783 0.47063 0.223048 0.045364 0.0113087 0.00193356 0.000262303 
3.64479e-08 1.5662e-06 2.99226e-05 0.000372659 0.00529951 0.262453 0.284307 0.360838 0.0543781 0.0323213 
9.04978e-28 5.28382e-24 4.78692e-21 4.28602e-17 1.24983e-15 8.06996e-13 1.02366e-08 4.19523e-05 0.00148432 0.998474 
0.00231123 0.045858 0.448689 0.212217 0.178663 0.084724 0.0215583 0.00559786 0.000323783 5.81405e-05 
1.59242e-09 1.10076e-07 1.9322e-06 1.15096e-05 0.000190485 0.0011911 0.00164382 0.0113913 0.0287338 0.956836 
1.57548e-06 4.17082e-05 0.000968746 0.00220066 0.00969742 0.0277267 0.0627585 0.0940861 0.074255 0.728264 
1.94114e-06 6.23578e-05 0.000996376 0.00553529 0.178281 0.215112 0.53067 0.0442884 0.0195602 0.00549225 
7.19873e-09 3.62954e-07 6.33631e-06 4.04583e-05 0.000572734 0.00237674 0.00910433 0.33481 0.0415818 0.611508 
1.85147e-09 1.1264e-07 1.83358e-06 1.2688e-05 0.000215516 0.00146956 0.00459766 0.0233046 0.897218 0.0731801 
1.87236e-09 1.12072e-07 1.53224e-06 1.02083e-05 0.00023692 0.00154044 0.00668991 0.144913 0.777932 0.0686758 
0.000976404 0.0184033 0.0639315 0.284065 0.2979 0.305126 0.0234459 0.0051991 0.000853707 9.90888e-05 
1.21989e-05 0.000352421 0.00727417 0.0195028 0.0675729 0.664515 0.13698 0.0712049 0.0264104 0.00617507 
2.5193e-16 1.18198e-13 7.7464e-12 6.19026e-10 8.64801e-08 6.81379e-07 5.06429e-05 0.000710185 0.00782571 0.991413 
9.11818e-10 6.42995e-08 1.22946e-06 7.73409e-06 0.000197078 0.00112846 0.0022894 0.0104324 0.0290406 0.956903 
1.42446e-10 2.36387e-08 4.46038e-07 3.75772e-06 8.04261e-05 0.000592988 0.000940067 0.00626417 0.0203299 0.971788 
3.55761e-06 0.000112039 0.00214087 0.00589026 0.0225911 0.0548171 0.693092 0.128401 0.0714246 0.0215276 
4.43498e-07 8.24077e-06 0.000148108 0.000593726 0.00425808 0.0529335 0.133783 0.134326 0.652265 0.0216832 
2.21987e-05 0.00139585 0.00957693 0.0324299 0.421248 0.0860809 0.0780459 0.303318 0.0477612 0.0201209 
3.27123e-17 1.01727e-14 4.9827e-13 2.70631e-11 5.43548e-09 8.00383e-08 3.36923e-06 0.000684441 0.0035691 0.995743 
1.06095e-08 6.88387e-07 7.80181e-06 8.23594e-05 0.00150549 0.00434297 0.0135375 0.0387673 0.865964 0.075792 
1.89679e-09 1.19065e-07 2.35108e-06 1.30821e-05 0.000326098 0.00182206 0.00445944 0.0162688 0.0395949 0.937513 
3.5349e-15 9.32155e-13 2.12845e-11 1.0836e-09 2.18106e-07 1.34173e-06 9.0022e-05 0.00134992 0.00836886 0.99019 
3.57275e-09 1.7339e-07 3.60658e-06 1.76546e-05 0.000439551 0.0022993 0.00640878 0.0182903 0.0378791 0.934661 
7.26112e-06 0.000181184 0.00327909 0.0117498 0.0329509 0.0747871 0.123902 0.640316 0.0848445 0.0279821 
2.96375e-08 1.53067e-06 2.40906e-05 0.000175411 0.00240845 0.00834074 0.0251205 0.0600731 0.832889 0.0709674 
9.40061e-20 4.11656e-17 7.7754e-15 4.01774e-13 1.90944e-11 3.11115e-09 1.25353e-06 0.000120956 0.00199628 0.997882 
3.46078e-09 2.20338e-07 3.99658e-06 2.38588e-05 0.000694301 0.00555948 0.0195465 0.801378 0.0834593 0.0893339 
8.80108e-07 1.95157e-05 0.000355044 0.00142562 0.0093689 0.0254069 0.783095 0.130987 0.0368747 0.0124664 
5.86353e-10 4.62843e-08 9.35068e-07 5.47217e-06 0.000102353 0.000720513 0.00157573 0.00855698 0.0238087 0.965229 
1.41049e-08 8.91111e-07 9.61801e-06 9.72825e-05 0.00186107 0.00515835 0.013734 0.0383756 0.0715242 0.869239 
1.69663e-29 9.43838e-26 1.18652e-22 1.26735e-18 3.43309e-17 2.37012e-14 2.16886e-10 3.81423e-07 0.000176027 0.999824 
0.000162973 0.00168442 0.0121605 0.0379557 0.0886785 0.141419 0.6286 0.0661723 0.0186847 0.00448255 
1.23839e-07 5.07315e-06 8.58901e-05 0.000416715 0.00674902 0.0479408 0.481656 0.384968 0.0586297 0.0195485 
8.38167e-10 5.19811e-08 1.00402e-06 5.80554e-06 0.000176694 0.00105115 0.00462791 0.330411 0.414587 0.249139 
4.01305e-17 4.71355e-15 1.02708e-13 2.11025e-12 6.18462e-11 8.92677e-09 2.02478e-06 0.00023663 0.00303726 0.996724 
1.55666e-09 8.43778e-08 1.53939e-06 9.4506e-06 0.000588187 0.00483472 0.824898 0.0516166 0.0650226 0.0530288 
4.87793e-13 2.53259e-11 3.51209e-10 3.36756e-09 1.24202e-07 1.24804e-06 7.55834e-06 2.16006e-05 0.000372024 0.999597 
5.03079e-29 3.11512e-25 4.49242e-22 5.11032e-18 1.25816e-16 9.37888e-14 3.97279e-10 1.81384e-06 0.000532624 0.999466 
0.0166904 0.117383 0.210927 0.599674 0.0385915 0.0158577 0.000808176 6.31967e-05 4.50104e-06 4.14472e-07 
2.92736e-05 9.83887e-05 0.00123817 0.00545783 0.0152825 0.0337101 0.656949 0.257605 0.0246601 0.00497051 
2.20369e-09 1.38438e-07 2.54754e-06 1.52547e-05 0.000364266 0.00198854 0.0045648 0.0192296 0.0523897 0.921445 
3.68196e-05 0.00213993 0.02093 0.516186 0.122276 0.139737 0.100108 0.0635788 0.0270117 0.00799595 
2.01671e-08 1.10801e-06 1.5309e-05 0.000119762 0.00214629 0.00698643 0.0247206 0.0664825 0.840544 0.0589844 
2.0046e-09 1.27343e-07 1.04602e-06 1.67317e-05 0.000558416 0.0260752 0.52999 0.169904 0.18873 0.0847239 
8.7709e-07 1.68791e-05 0.00036718 0.00130581 0.00870501 0.0278524 0.367316 0.474986 0.0800871 0.0393623 
0.000226474 0.0065277 0.0574749 0.592916 0.237751 0.0784325 0.0199349 0.00508014 0.00144273 0.000213428 
5.75128e-06 0.00027962 0.00947942 0.0441086 0.289747 0.263071 0.256267 0.0984291 0.0343977 0.00421519 
5.0056e-07 1.04822e-05 0.000245592 0.00113311 0.00927726 0.647471 0.103251 0.121549 0.0830178 0.034045 
1.33695e-07 3.81564e-06 8.45455e-05 0.000390061 0.00453356 0.0209386 0.757253 0.110213 0.0716331 0.0349502 
1.73629e-06 3.27099e-05 0.000631688 0.00237334 0.0135328 0.0319085 0.0614241 0.756428 0.093643 0.0400237 
0.000163846 0.00227269 0.0153817 0.0479418 0.116148 0.674603 0.0999219 0.0333574 0.00833443 0.0018746 
3.4551e-15 9.00359e-13 1.79758e-11 9.8688e-10 2.15276e-07 1.0899e-06 3.72559e-05 0.000914262 0.00422131 0.994826 
1.02603e-09 6.50991e-08 1.16973e-06 7.14429e-06 0.000173235 0.000957124 0.00337072 0.163575 0.58054 0.251376 
2.08784e-08 1.2109e-06 1.60115e-05 0.000132794 0.00256228 0.00920736 0.0299288 0.0675907 0.841199 0.0493619 
2.54627e-09 1.45179e-07 3.06844e-06 1.54104e-05 0.000307949 0.00256023 0.00603681 0.0213914 0.0581322 0.911553 
1.54531e-10 3.03937e-08 3.87819e-07 3.34065e-06 0.000185732 0.0011794 0.00770476 0.0372847 0.925416 0.0282255 
8.40825e-07 1.38245e-05 0.000233281 0.000828037 0.00583915 0.0126897 0.0270641 0.809373 0.0776129 0.0663454 
4.83073e-10 3.33785e-08 6.02785e-07 3.55797e-06 5.54246e-05 0.000370426 0.000881177 0.00577046 0.674944 0.317974 
0.00116677 0.0140669 0.172599 0.470162 0.172227 0.1111 0.0440384 0.0115844 0.00267587 0.000379614 
3.57334e-09 1.76766e-07 4.01097e-06 1.50491e-05 0.000359564 0.00160175 0.00387879 0.0123068 0.0318317 0.950002 
4.68168e-09 2.71205e-07 3.1858e-06 3.02176e-05 0.000609824 0.0027276 0.293908 0.353407 0.126564 0.222749 
1.89214e-09 1.41003e-07 2.43079e-06 1.51522e-05 0.000345239 0.00206224 0.00501522 0.0266721 0.0599531 0.905934 
5.12451e-10 2.45355e-08 3.98722e-07 2.21568e-06 3.41847e-05 0.000115078 0.000233788 0.00126448 0.00289595 0.995454 
5.09222e-06 0.000679811 0.00858016 0.0369791 0.648282 0.107947 0.0814907 0.0690499 0.0348386 0.0121471 
1.2033e-09 7.93985e-08 1.39606e-06 9.06438e-06 0.00018487 0.00113161 0.00266547 0.0181552 0.934263 0.0435891 
0.000173302 0.00115181 0.0106712 0.0359478 0.0852522 0.701211 0.108498 0.0443069 0.0103928 0.00239474 
0.000426422 0.0124664 0.0401295 0.0958725 0.654497 0.129856 0.0513531 0.01323 0.00193553 0.000232709 
5.70276e-06 0.000135127 0.00257588 0.00783493 0.0371561 0.653733 0.128881 0.102146 0.0503775 0.0171549 
8.73293e-11 7.8476e-09 1.29269e-07 1.32186e-06 3.09923e-05 0.000463198 0.00132961 0.0078137 0.025731 0.96463 
2.75079e-11 3.09812e-09 5.42109e-08 5.79935e-07 1.32305e-05 0.000375243 0.00103424 0.0097282 0.944935 0.0439135 
9.00764e-11 5.61981e-09 4.76465e-08 8.52251e-07 4.58091e-05 4.16717e-05 0.000330853 0.00278657 0.0107472 0.986047 
1.05284e-27 5.49307e-24 3.54896e-21 2.30723e-17 9.51586e-16 4.68024e-13 3.53705e-09 3.25379e-06 0.000577772 0.999419 
2.16861e-05 0.00109001 0.0137396 0.0384574 0.606729 0.159018 0.106453 0.0520812 0.0174925 0.00491763 
5.14389e-07 1.26653e-05 0.000209715 0.0015003 0.0188857 0.712453 0.0802171 0.0935839 0.0650893 0.0280479 
2.03599e-09 1.1428e-07 2.14586e-06 1.10638e-05 0.00030117 0.00137296 0.00409672 0.0101693 0.0211699 0.962877 
9.54422e-09 4.90088e-07 8.15904e-06 4.73681e-05 0.00122403 0.00458676 0.0509176 0.48924 0.426893 0.0270827 
0.00131966 0.0360109 0.0917151 0.182249 0.544715 0.0994087 0.0347871 0.00837958 0.00124788 0.000167087 
1.77817e-28 1.1531e-24 1.53656e-21 1.68346e-17 4.4518e-16 3.11569e-13 3.18794e-09 1.24125e-05 0.000701236 0.999286 
2.10184e-10 2.33403e-08 4.93247e-07 3.60282e-06 8.40019e-05 0.000887933 0.00169975 0.00747641 0.0229907 0.966857 
0.000146932 0.00361912 0.0196207 0.135519 0.215229 0.233698 0.186268 0.182718 0.0185007 0.00468109 
2.38178e-08 1.1152e-06 1.87346e-05 0.00012439 0.00183534 0.00718417 0.0221112 0.05566 0.863439 0.0496263 
2.68103e-07 6.60027e-06 0.000142047 0.000619293 0.00489933 0.014193 0.0395583 0.788952 0.095906 0.0557233 
0.000140878 0.00176335 0.0108049 0.0346528 0.0749163 0.0984326 0.0640701 0.708779 0.00552649 0.000913395 
3.45351e-06 0.00010501 0.00203868 0.00585636 0.0257755 0.411162 0.0879978 0.0701397 0.386538 0.0103829 
3.40905e-16 7.11909e-14 1.01572e-12 1.58375e-11 1.61772e-09 2.65437e-07 2.51599e-07 4.34864e-05 0.00114803 0.998808 
1.58368e-09 9.5077e-08 1.79729e-06 1.03035e-05 0.000235106 0.00137394 0.00341805 0.0123795 0.108511 0.874071 
3.28118e-09 1.82123e-07 3.06882e-06 1.7082e-05 0.000366483 0.0029436 0.421562 0.44729 0.06654 0.0612772 
4.58716e-10 3.58854e-08 6.30098e-07 4.53928e-06 0.000125289 0.000687679 0.00214136 0.354732 0.276755 0.365553 
0.000610408 0.0139457 0.0470205 0.114565 0.189138 0.564073 0.0498451 0.0165742 0.00339452 0.000833737 
2.12395e-20 1.57703e-17 1.63029e-15 1.35162e-13 3.27999e-11 5.79825e-10 2.40246e-07 0.000111662 0.00274811 0.99714 
0.000100588 0.000454717 0.00765292 0.0278573 0.211097 0.62766 0.0760378 0.0360825 0.0100295 0.00302833 
1.32439e-06 2.7048e-05 0.000488141 0.00220961 0.0122978 0.0302941 0.43416 0.456124 0.0476704 0.0167278 
1.03903e-05 0.000246356 0.0040764 0.012692 0.0492958 0.737536 0.0888102 0.0663544 0.031469 0.00950912 
1.88661e-07 4.2462e-06 7.74019e-05 0.000362517 0.00388989 0.0232896 0.359686 0.506305 0.079971 0.0264136 
2.90341e-08 1.74835e-06 2.18521e-05 0.000183371 0.00384266 0.0124391 0.0380931 0.0789585 0.810621 0.0558382 
1.21852e-09 7.53366e-08 8.56699e-07 9.30351e-06 0.000184582 0.000896672 0.77872 0.0700431 0.130704 0.0194412 
1.21919e-09 8.50225e-08 1.92898e-06 1.00875e-05 0.000184522 0.00156735 0.00421151 0.0162567 0.820958 0.15681 
1.01378e-12 6.41574e-11 3.07542e-09 6.6038e-09 4.04731e-07 2.20461e-06 0.000155894 0.177187 0.363473 0.459181 
3.52281e-07 8.28006e-06 0.000194292 0.000854187 0.00801973 0.680017 0.0861911 0.110623 0.0785276 0.0355644 
3.42029e-06 0.000142933 0.00287883 0.00996293 0.0207078 0.0447779 0.0882077 0.759734 0.0580245 0.0155595 
1.16365e-08 5.1234e-07 9.43073e-06 5.71439e-05 0.000833287 0.00299677 0.0091257 0.0238646 0.82373 0.139383 
1.08724e-07 3.04538e-06 4.91805e-05 0.000282958 0.00389156 0.0118227 0.037644 0.0865491 0.802679 0.0570782 
1.55521e-08 7.80715e-07 1.54067e-05 8.14819e-05 0.00164955 0.00461663 0.0141175 0.0347818 0.0461643 0.898573 
3.39114e-08 1.6087e-06 2.69716e-05 0.000181943 0.00278919 0.00915214 0.031188 0.860848 0.0616534 0.0341587 
2.54121e-09 1.49185e-07 2.65046e-06 1.50541e-05 0.000275815 0.00164521 0.00378217 0.0138514 0.0298062 0.950621 
1.91457e-10 2.36838e-08 4.80797e-07 3.57817e-06 9.35398e-05 0.000420196 0.000752242 0.00426847 0.0139239 0.980538 
7.61681e-05 0.000380898 0.00528393 0.0169328 0.0448114 0.420919 0.427321 0.0576533 0.0222798 0.00434209 
1.81453e-10 1.1466e-08 1.27119e-07 9.71909e-07 4.13473e-05 0.000428445 0.00253126 0.39533 0.316202 0.285466 
2.07817e-08 8.25515e-07 1.72193e-05 0.000541341 0.0114554 0.778675 0.0519875 0.07143 0.0556747 0.0302181 
4.59793e-09 3.12862e-07 3.07356e-06 4.2897e-05 0.000647746 0.00214666 0.0101642 0.0341436 0.908867 0.0439848 
3.40409e-08 1.75859e-06 2.3503e-05 0.000177948 0.00171618 0.0127478 0.0320948 0.11122 0.765681 0.0763371 
9.27139e-09 5.61441e-07 5.929e-06 6.13094e-05 0.001196 0.00419726 0.0149875 0.0392408 0.620868 0.319443 
1.52705e-09 8.81138e-08 1.7643e-06 8.5986e-06 0.000178404 0.000934394 0.00258801 0.0099224 0.0305751 0.955791 
1.18212e-07 2.3754e-06 3.58835e-05 0.000162192 0.00187152 0.00499199 0.014371 0.0327322 0.165705 0.780128 
1.92277e-08 1.06358e-06 1.47239e-05 0.000102178 0.00225807 0.00635063 0.0209725 0.840186 0.0784352 0.0516794 
3.0828e-09 1.72881e-07 3.47858e-06 1.72041e-05 0.000352236 0.00254688 0.00640596 0.0215573 0.0559774 0.913139 
2.21112e-09 1.33116e-07 2.35731e-06 1.35051e-05 0.000254489 0.00164364 0.00416631 0.0187469 0.907878 0.0672947 
6.00633e-30 3.55849e-26 5.36466e-23 6.22037e-19 2.57654e-17 1.33168e-14 1.83906e-09 1.66666e-05 0.00067031 0.999313 
0.000125915 0.00119669 0.0102724 0.0367806 0.0792674 0.166328 0.338332 0.337178 0.0252892 0.0052301 
3.47861e-05 0.000321542 0.00560606 0.0170554 0.0457875 0.105129 0.662571 0.105123 0.0471405 0.0112311 
3.0213e-10 3.62237e-08 6.69144e-07 5.00902e-06 9.72028e-05 0.000700724 0.00110969 0.00957787 0.0325179 0.955991 
8.21714e-07 1.55561e-05 0.000319464 0.00137654 0.0095586 0.0378774 0.790738 0.0865701 0.0555148 0.0180284 
2.55619e-05 0.000381286 0.00513149 0.0249485 0.0622553 0.396907 0.255816 0.0967945 0.149252 0.00848764 
3.08007e-08 1.51836e-06 2.36272e-05 0.000154776 0.00275883 0.00891612 0.0314918 0.0732135 0.100255 0.783185 
1.77158e-09 1.15389e-07 2.03018e-06 1.1555e-05 0.000144749 0.00123649 0.00243168 0.0152607 0.0444362 0.936477 
6.53477e-10 3.62624e-08 9.61374e-07 4.42444e-06 0.0001807 0.00091787 0.0029222 0.00532123 0.0113644 0.979288 
5.39964e-09 2.5081e-07 4.84364e-06 2.29018e-05 0.000659986 0.00209323 0.00553901 0.0166295 0.925146 0.0499039 
3.83835e-11 6.51105e-09 1.22265e-07 1.09027e-06 2.44077e-05 0.000409037 0.00057902 0.00530099 0.0205393 0.973146 
2.37693e-07 4.8383e-06 5.98998e-05 0.000302807 0.00303137 0.00689014 0.0197571 0.341436 0.595171 0.0333472 
1.65279e-11 2.31624e-09 4.21254e-08 3.82897e-07 8.09972e-06 0.000139196 0.000216098 0.0019516 0.981724 0.0159604 
1.26501e-09 6.93863e-08 1.28658e-06 6.74027e-06 0.000134143 0.000644569 0.00170589 0.0077546 0.0226873 0.967065 
8.68255e-09 5.3298e-07 5.48059e-06 6.30194e-05 0.000891272 0.00405379 0.0146695 0.0402375 0.88528 0.0547986 
1.51854e-05 0.000450233 0.0091721 0.0314304 0.603949 0.138527 0.108784 0.0654149 0.0328126 0.00944473 
1.61716e-05 0.000334185 0.00455746 0.0152676 0.0413617 0.690869 0.108851 0.0879288 0.0413331 0.00948152 
1.02601e-08 5.72806e-07 7.91719e-06 6.7099e-05 0.00127491 0.00436789 0.13079 0.666768 0.0403315 0.156393 
1.98414e-07 4.94598e-06 9.31428e-05 0.000377541 0.00452282 0.0150933 0.0473545 0.0932708 0.798866 0.040417 
3.0673e-12 6.09364e-11 8.74445e-10 6.69737e-09 1.03027e-07 2.16447e-06 1.94224e-05 0.000239119 0.000320101 0.999419 
0.000124898 0.00313597 0.0131471 0.0787691 0.282744 0.547779 0.0672881 0.00599028 0.000847507 0.000173929 
9.53579e-09 4.77719e-07 7.12691e-06 6.16981e-05 0.00104673 0.00387407 0.0177819 0.807084 0.145907 0.0242367 
