3599
4.61339e-07 1.37305e-05 0.000255548 0.000693997 0.00360427 0.0114482 0.0303113 0.581644 0.266507 0.105522 
0.00187246 0.0170288 0.0748527 0.156887 0.574304 0.116433 0.0413127 0.0134542 0.00326342 0.000591966 
0.00040887 0.0101986 0.0354237 0.101652 0.176431 0.494074 0.101619 0.0482773 0.0242756 0.00763923 
2.53347e-07 9.74875e-06 0.000229752 0.000775297 0.00814979 0.0291723 0.078653 0.720698 0.0929112 0.0694004 
5.89819e-05 0.00121154 0.00635746 0.0228911 0.0528479 0.099506 0.273522 0.439801 0.0892479 0.0145563 
0.000100788 0.0037437 0.0246923 0.0837932 0.147048 0.164177 0.476862 0.0590331 0.0297549 0.0107943 
5.97732e-08 1.47369e-06 1.87371e-05 9.8846e-05 0.00104721 0.00405896 0.0124731 0.215804 0.604818 0.161679 
1.45367e-06 4.33808e-05 0.000790711 0.00210101 0.00725625 0.0193535 0.0420949 0.0808537 0.102844 0.744661 
5.39862e-08 1.04111e-06 1.29023e-05 5.33266e-05 0.000490718 0.00266953 0.021043 0.89948 0.0360236 0.0402263 
0.000662522 0.0103416 0.0413508 0.0994577 0.158734 0.175531 0.430949 0.0549408 0.0213487 0.00668375 
1.04393e-08 1.37564e-07 1.10121e-06 4.02545e-06 2.4027e-05 0.000135068 0.000248846 0.000814504 0.00186052 0.996912 
1.37162e-15 3.28099e-13 4.15184e-12 5.30078e-11 8.51113e-09 4.14424e-08 3.90831e-07 6.67736e-05 0.000151247 0.999782 
1.97606e-08 2.95918e-07 2.83904e-06 1.11719e-05 0.000136802 0.00100596 0.00168418 0.00942528 0.0309085 0.956825 
1.74853e-06 6.01027e-05 0.00105226 0.00472047 0.0203505 0.230261 0.593327 0.0655243 0.0492914 0.0354106 
5.09787e-06 0.000120103 0.000840319 0.00251011 0.00577087 0.0166464 0.0285775 0.0565822 0.092044 0.796903 
3.72491e-19 2.20339e-16 2.93049e-14 1.70773e-12 2.83911e-10 6.08324e-09 8.23245e-07 4.31516e-05 0.00055717 0.999399 
1.36746e-05 0.000760897 0.00360163 0.0111797 0.0426122 0.0646636 0.704122 0.0963761 0.0615237 0.0151468 
9.09447e-08 2.70389e-06 4.90765e-05 0.000137842 0.00104645 0.00512122 0.0146982 0.0460979 0.845765 0.0870817 
6.08091e-07 1.92895e-05 0.000377463 0.000779096 0.0036488 0.0127881 0.0293735 0.0602701 0.74686 0.145883 
6.75341e-08 1.74717e-06 2.93117e-05 7.67175e-05 0.000530777 0.00325801 0.00566387 0.0128486 0.0484157 0.929175 
2.80721e-05 0.00144344 0.00910366 0.10567 0.145774 0.229055 0.354137 0.0763932 0.0557186 0.0226774 
3.07704e-07 1.12416e-05 0.000234882 0.000587422 0.00323048 0.00946655 0.0276344 0.0881619 0.687067 0.183606 
9.82898e-29 4.89436e-25 2.86822e-22 1.53724e-18 1.40171e-16 3.92719e-14 2.34363e-10 3.80407e-08 4.63202e-05 0.999954 
2.84958e-05 0.00180842 0.0206639 0.0873371 0.122317 0.393551 0.15215 0.119142 0.0734346 0.0295676 
0.00146713 0.132856 0.336416 0.136438 0.171146 0.135618 0.0578689 0.0206072 0.0062882 0.00129454 
9.52008e-26 2.44739e-22 8.38488e-20 2.18673e-16 2.35102e-14 3.95317e-12 1.34102e-08 1.82044e-05 0.000930244 0.999052 
3.242e-19 2.19085e-16 2.51815e-14 1.84407e-12 3.22052e-10 9.29833e-09 1.66509e-06 0.000147198 0.00231251 0.997539 
4.971e-05 0.000449928 0.00519096 0.0153201 0.0371713 0.0784188 0.102622 0.627496 0.0913355 0.0419459 
7.43502e-07 2.41798e-05 0.000413685 0.000899539 0.00666778 0.0237955 0.0689704 0.667408 0.116406 0.115414 
1.357e-06 2.95197e-05 0.000357945 0.00109028 0.00507908 0.0508081 0.0286652 0.139004 0.351148 0.423817 
3.16791e-12 3.28459e-10 5.22497e-09 6.06247e-08 1.72169e-06 5.57579e-05 0.000205835 0.00283103 0.985166 0.0117398 
6.67462e-27 1.11362e-23 2.78009e-21 5.50403e-18 1.20916e-15 9.69266e-14 1.96646e-10 1.6708e-08 8.93089e-06 0.999991 
6.75397e-19 3.59793e-16 2.99318e-14 2.21184e-12 4.75219e-10 3.62216e-09 2.23056e-07 2.56925e-05 0.000618224 0.999356 
2.81948e-06 0.000133188 0.00321646 0.00845398 0.0365458 0.0821095 0.558703 0.122663 0.101056 0.0871167 
6.19973e-06 0.000200008 0.00206306 0.0101699 0.492097 0.10635 0.118134 0.130087 0.0951809 0.0457116 
8.6778e-05 0.00107867 0.0157627 0.0699056 0.0550256 0.42105 0.182594 0.0815641 0.0823507 0.090581 
8.86094e-07 3.2759e-05 0.000564687 0.0010924 0.00374965 0.0102002 0.0267615 0.0513177 0.802171 0.104109 
3.38888e-12 7.80371e-11 1.28728e-09 6.51313e-09 7.20806e-08 5.06964e-07 1.26413e-06 8.28329e-06 0.000118034 0.999872 
1.50187e-16 7.49112e-14 4.50617e-12 4.01388e-10 3.76405e-08 4.1595e-07 3.54538e-05 0.000414981 0.0045718 0.994977 
8.34608e-09 1.54243e-07 1.92193e-06 9.03269e-06 0.000180211 0.00147273 0.00469899 0.018236 0.0389135 0.936487 
1.89099e-08 3.62391e-07 4.27445e-06 1.93189e-05 0.000182675 0.00200044 0.00317568 0.0134561 0.909704 0.0714576 
0.0036078 0.0438253 0.119894 0.50132 0.161297 0.106923 0.0434201 0.0152393 0.00361304 0.000861218 
2.53212e-08 3.98094e-07 4.15254e-06 1.60555e-05 0.000100172 0.000730972 0.000870926 0.00287036 0.00876681 0.98664 
6.44414e-08 1.10587e-06 1.26544e-05 4.78647e-05 0.000295541 0.00196038 0.00533595 0.00973197 0.0169631 0.965651 
7.81433e-05 0.00278641 0.00965213 0.145127 0.120452 0.43458 0.175399 0.0481405 0.0358343 0.0279503 
0.00022604 0.00437862 0.015855 0.0490872 0.126631 0.231638 0.463442 0.0751512 0.0259936 0.00759688 
6.57235e-06 0.00011884 0.00123029 0.00512921 0.0161961 0.0415574 0.0643323 0.105174 0.537732 0.228523 
0.002258 0.039622 0.403155 0.324201 0.0817395 0.0561875 0.0742886 0.0132799 0.00432981 0.000939303 
2.60412e-06 5.40182e-05 0.000973776 0.00330721 0.0137022 0.0387301 0.387142 0.109329 0.395859 0.0509005 
9.80308e-08 2.53754e-06 4.18088e-05 0.000115949 0.000762659 0.0038986 0.011324 0.026608 0.0428621 0.914384 
6.08077e-07 1.3761e-05 0.000259895 0.0010211 0.0238137 0.0732414 0.116782 0.497208 0.18078 0.10688 
1.6595e-05 0.000781679 0.00544638 0.0201736 0.0632464 0.569747 0.142788 0.114063 0.0633422 0.020395 
4.44019e-06 0.000106443 0.0018157 0.00543779 0.0163275 0.0446578 0.491096 0.210595 0.188499 0.0414605 
2.71522e-07 6.22959e-06 9.5672e-05 0.000289826 0.00220946 0.00945762 0.0200513 0.0495881 0.786978 0.131323 
2.86404e-05 0.000587059 0.00730405 0.0258177 0.444229 0.131922 0.14714 0.131031 0.0822909 0.0296491 
3.88335e-08 7.69449e-07 9.19826e-06 4.66838e-05 0.000547767 0.00335491 0.0117405 0.830071 0.0801683 0.0740606 
1.90137e-09 4.5371e-08 7.80367e-07 2.32353e-06 1.01537e-05 6.27076e-05 0.000157107 0.00100717 0.00565188 0.993108 
3.34581e-05 0.000992232 0.00832791 0.0304009 0.0688131 0.136595 0.46582 0.14307 0.0973037 0.048644 
1.5083e-08 3.44719e-07 5.62633e-06 1.38036e-05 0.00011515 0.000762558 0.00179503 0.0140868 0.351024 0.632196 
2.90124e-05 0.00105723 0.00702337 0.0263787 0.0652533 0.481965 0.173567 0.136821 0.0793718 0.0285342 
2.10006e-07 6.30942e-06 8.41038e-05 0.000210188 0.00092712 0.00463698 0.0115732 0.352041 0.344666 0.285855 
0.00176389 0.297685 0.0601253 0.190766 0.170584 0.140643 0.0942449 0.0286971 0.0128226 0.0026685 
4.63561e-07 1.40051e-05 0.000241386 0.000581764 0.00307954 0.0101053 0.0235685 0.0536957 0.771947 0.136767 
4.23126e-07 1.16944e-05 0.000186359 0.000622744 0.00535204 0.021855 0.0657338 0.637593 0.125404 0.143241 
1.45978e-05 0.00093387 0.00466428 0.0157655 0.102657 0.080881 0.424273 0.161071 0.0738266 0.135913 
1.32991e-12 9.20775e-11 1.08894e-09 1.40741e-08 4.71859e-07 2.46641e-06 8.67559e-05 0.00128467 0.0114301 0.987196 
8.63686e-09 3.51425e-07 6.60925e-06 1.68447e-05 0.000188555 0.0010072 0.00267599 0.461693 0.493014 0.0413976 
0.000565815 0.0156012 0.0496167 0.115881 0.441219 0.157967 0.0958189 0.0647115 0.0441569 0.0144618 
7.84929e-08 2.0445e-06 3.45942e-05 9.09882e-05 0.00061534 0.00345285 0.00895151 0.0220186 0.310832 0.654002 
5.69451e-08 1.26203e-06 1.65105e-05 0.000101171 0.00562441 0.00591272 0.0559989 0.171656 0.523772 0.236918 
7.122e-08 2.21164e-06 2.85642e-05 0.000160424 0.00246606 0.00777253 0.0256958 0.0614286 0.100758 0.801688 
1.99195e-07 6.64196e-06 8.40097e-05 0.000310299 0.00306661 0.00976212 0.0312597 0.0809352 0.110668 0.763907 
6.05064e-08 1.61801e-06 3.0962e-05 0.000136312 0.00110216 0.00528945 0.157706 0.59494 0.0423613 0.198432 
7.97914e-12 1.51068e-09 2.89606e-08 2.41027e-07 5.92414e-06 3.89172e-05 0.000198381 0.00263637 0.0104753 0.986645 
3.04928e-08 5.23031e-07 5.6817e-06 2.32986e-05 0.000208545 0.00161753 0.00277689 0.0132356 0.0550658 0.927066 
2.50923e-07 6.62399e-06 0.000104285 0.000477427 0.0048289 0.0250136 0.640258 0.106999 0.108605 0.113707 
2.227e-05 0.000929893 0.00853666 0.0315388 0.0743138 0.138234 0.542892 0.122389 0.0617018 0.0194425 
1.99589e-06 4.63113e-05 0.000837214 0.00317471 0.0163855 0.0507526 0.582338 0.157647 0.118023 0.0707937 
9.55029e-07 2.80471e-05 0.000525163 0.00165985 0.00874257 0.0214157 0.0573634 0.100733 0.130149 0.679383 
2.25765e-07 7.77918e-06 0.000135185 0.000521791 0.00381383 0.309431 0.388093 0.194609 0.0531823 0.0502065 
1.10164e-07 2.66412e-06 3.18977e-05 0.000174634 0.00222855 0.00997581 0.0368441 0.760085 0.0991919 0.0914653 
7.68869e-06 0.0005093 0.00149992 0.0059135 0.0209524 0.0556388 0.113967 0.648444 0.095882 0.057186 
2.98794e-06 0.000113227 0.00148253 0.0211704 0.0838179 0.0707457 0.0912701 0.220868 0.458434 0.0520957 
1.22615e-05 0.000434401 0.00517134 0.0136325 0.0478626 0.107121 0.139782 0.543155 0.0947324 0.0480963 
1.39891e-08 3.0055e-07 3.96614e-06 1.59046e-05 0.000138515 0.000674255 0.00156762 0.00552816 0.0217324 0.970339 
1.34703e-06 3.81443e-05 0.000585044 0.00130191 0.00450596 0.0121096 0.0275884 0.0592371 0.777634 0.116999 
9.35915e-08 2.59781e-06 4.07858e-05 0.00012648 0.00111995 0.00475507 0.0146453 0.037095 0.0619223 0.880292 
0.00258483 0.0520177 0.605705 0.251004 0.0620009 0.0197908 0.00480734 0.0016449 0.000385361 5.89814e-05 
2.10356e-07 5.58155e-06 0.000186792 0.000755883 0.00298503 0.0102601 0.0245801 0.0495348 0.0805012 0.83119 
1.27345e-05 0.00106045 0.00235465 0.00789785 0.0201091 0.0508307 0.0685733 0.640837 0.119302 0.0890221 
1.35817e-10 9.26715e-09 2.18935e-07 6.6649e-07 1.14572e-05 4.17624e-05 0.000112352 0.00174051 0.00786756 0.990225 
2.45818e-08 3.81458e-07 3.84027e-06 1.71748e-05 0.000314534 0.00203165 0.0091553 0.290558 0.520473 0.177447 
7.83794e-08 1.57026e-06 1.67794e-05 4.77918e-05 0.000596512 0.00233413 0.00954996 0.0347329 0.0615736 0.891147 
3.01198e-06 0.0004008 0.00144184 0.00382077 0.0135576 0.178112 0.142728 0.435182 0.150582 0.0741718 
5.97481e-10 5.82025e-08 1.0585e-06 7.41727e-06 0.00013597 0.000844223 0.00114893 0.0100644 0.0334695 0.954328 
3.61811e-28 2.27002e-24 2.90523e-21 3.12144e-17 8.42948e-16 5.79136e-13 5.72925e-09 1.1857e-05 0.000869824 0.999118 
9.1475e-06 0.0010372 0.00248853 0.00890548 0.0285121 0.06357 0.0991813 0.645793 0.106584 0.0439196 
1.52605e-29 8.82821e-26 1.3631e-22 1.5975e-18 5.13e-17 3.17063e-14 2.30396e-09 2.08207e-05 0.000697624 0.999282 
2.22996e-05 0.00102821 0.0108589 0.0381985 0.0984861 0.535573 0.146592 0.0964041 0.0547013 0.0181358 
2.82334e-08 6.42941e-07 9.22482e-06 3.6197e-05 0.000516058 0.00293893 0.0168076 0.837306 0.0795281 0.0628573 
9.85609e-07 3.6144e-05 0.000596911 0.00123635 0.00434793 0.0113181 0.0236027 0.0527642 0.0822015 0.823895 
0.0099338 0.103675 0.0870991 0.317125 0.150289 0.278675 0.0434167 0.00734964 0.00200894 0.000428025 
0.000475351 0.00606056 0.0180003 0.0546378 0.108947 0.168464 0.540402 0.0677649 0.0304466 0.00480148 
1.16007e-10 2.24389e-08 4.32485e-07 3.54641e-06 7.59035e-05 0.000532669 0.000463032 0.00447649 0.0169021 0.977546 
2.14705e-07 4.27806e-06 5.91402e-05 0.000173247 0.00113703 0.00662058 0.0167599 0.0443413 0.0879193 0.842985 
0.000843763 0.0165306 0.0584486 0.131071 0.509563 0.138909 0.0740365 0.0403171 0.0231996 0.00708028 
2.35916e-09 1.02898e-07 2.27786e-06 5.9899e-06 3.80371e-05 0.000112611 0.000197248 0.00217051 0.00923177 0.988241 
2.16334e-07 5.78308e-06 9.21891e-05 0.000194953 0.00111752 0.00558278 0.013118 0.0359698 0.0673203 0.876598 
1.05114e-07 1.64883e-06 1.77925e-05 9.3719e-05 0.000882046 0.00437501 0.00897596 0.0248391 0.051948 0.908867 
9.81243e-06 0.000244059 0.00208874 0.00817521 0.0231196 0.0519044 0.0718784 0.108116 0.104067 0.630397 
1.55765e-11 3.03751e-09 5.85805e-08 4.76919e-07 1.08319e-05 5.42011e-05 0.00019985 0.0039237 0.0187824 0.977028 
5.57619e-10 1.527e-08 2.44119e-07 1.00523e-06 1.47547e-05 6.54889e-05 4.40608e-05 8.13367e-05 0.000191831 0.999601 
5.37157e-05 0.000866571 0.00443489 0.0142029 0.26148 0.376859 0.132578 0.133844 0.0580574 0.0176228 
1.36937e-07 3.35526e-06 5.53778e-05 0.000136579 0.000972409 0.00559858 0.0137387 0.0283688 0.0465873 0.904539 
7.44241e-06 0.000150721 0.00170456 0.00701536 0.0223334 0.064565 0.595026 0.154302 0.108251 0.0466445 
9.76728e-09 3.01017e-07 4.91809e-06 1.70434e-05 0.000142689 0.000600231 0.00139243 0.00440419 0.536882 0.456556 
3.98898e-06 0.000166695 0.00140112 0.00671802 0.0281701 0.0789183 0.606558 0.134638 0.0897636 0.0536628 
3.45938e-08 1.27503e-06 2.43096e-05 6.56144e-05 0.000504854 0.00218659 0.00485441 0.0162577 0.918509 0.0575964 
8.92986e-15 1.53737e-12 2.68265e-11 1.01216e-09 2.26998e-07 1.31229e-06 4.94529e-05 0.00101045 0.00299979 0.995939 
3.37323e-06 8.34978e-05 0.00140612 0.00652419 0.0348889 0.441946 0.137238 0.157502 0.128054 0.0923532 
1.60427e-11 9.51447e-10 3.61991e-08 1.11482e-07 2.2326e-06 5.08221e-05 0.000141233 0.000257086 0.00149119 0.998057 
2.47271e-07 8.7498e-06 0.000205622 0.000839853 0.00527201 0.0186893 0.210224 0.638063 0.0721617 0.0545356 
1.04264e-15 7.93991e-14 1.03019e-12 7.8995e-12 4.16379e-10 2.68569e-09 3.69761e-07 4.18593e-07 7.37001e-05 0.999926 
1.68565e-07 4.50701e-06 8.48919e-05 0.000418134 0.00225688 0.0290028 0.0946252 0.179859 0.445239 0.24851 
2.84095e-07 6.83787e-06 0.000109369 0.000399058 0.00358798 0.0150114 0.0485353 0.692185 0.117177 0.122988 
5.05397e-06 0.000315278 0.000915499 0.003836 0.0177211 0.626076 0.10146 0.108545 0.0868977 0.054229 
6.25638e-07 2.14501e-05 0.000407657 0.00110934 0.00580268 0.0133355 0.0307849 0.06858 0.0849014 0.795056 
9.18086e-28 4.38187e-24 3.03432e-21 2.13067e-17 7.16346e-16 4.19687e-13 3.09323e-09 1.05312e-05 0.000299905 0.99969 
2.68373e-06 4.55919e-05 0.000340679 0.00129185 0.00817344 0.244719 0.271593 0.347049 0.0739436 0.0528415 
9.04978e-28 5.28382e-24 4.78692e-21 4.28602e-17 1.24983e-15 8.06996e-13 1.02366e-08 4.19523e-05 0.00148432 0.998474 
3.54842e-07 1.14852e-05 0.000190652 0.000376239 0.00177365 0.00659954 0.0120881 0.0363153 0.0625228 0.880122 
2.54587e-05 0.000914032 0.0055831 0.02078 0.203211 0.147519 0.453904 0.0796273 0.0740577 0.0143783 
2.99084e-07 7.15105e-06 0.000125874 0.000576706 0.00279854 0.00719709 0.0175398 0.289407 0.0534973 0.628851 
8.05448e-08 1.23094e-06 1.21498e-05 4.67401e-05 0.000406235 0.00259348 0.0067455 0.0274579 0.87518 0.0875571 
2.5193e-16 1.18198e-13 7.7464e-12 6.19026e-10 8.64801e-08 6.81379e-07 5.06429e-05 0.000710185 0.00782571 0.991413 
1.18016e-05 0.000737182 0.00518169 0.0175222 0.223273 0.0511676 0.0555671 0.180108 0.0552886 0.411142 
3.27123e-17 1.01727e-14 4.9827e-13 2.70631e-11 5.43548e-09 8.00383e-08 3.36923e-06 0.000684441 0.0035691 0.995743 
2.30182e-07 4.86243e-06 6.28712e-05 0.000254766 0.00239055 0.0095118 0.0262221 0.0599393 0.766959 0.134655 
4.32085e-07 1.30033e-05 0.000201419 0.000328726 0.00230985 0.00768965 0.0158091 0.0417932 0.0727579 0.859097 
3.5349e-15 9.32155e-13 2.12845e-11 1.0836e-09 2.18106e-07 1.34173e-06 9.0022e-05 0.00134992 0.00836886 0.99019 
6.13852e-07 1.97312e-05 0.000339257 0.000711872 0.0024866 0.00921408 0.0222725 0.048043 0.0741438 0.842769 
2.55224e-05 0.00133094 0.0059983 0.0222871 0.0573683 0.114392 0.159078 0.491187 0.107573 0.04076 
3.19709e-06 6.39185e-05 0.000913849 0.00357534 0.0111047 0.0272196 0.0559191 0.101177 0.691887 0.108137 
9.40061e-20 4.11656e-17 7.7754e-15 4.01774e-13 1.90944e-11 3.11115e-09 1.25353e-06 0.000120956 0.00199628 0.997882 
1.61044e-07 3.32107e-06 4.45679e-05 0.00014429 0.00145772 0.00849605 0.0235033 0.739773 0.103526 0.123051 
6.75535e-06 0.000193152 0.00170807 0.00645077 0.0196775 0.102293 0.526839 0.197332 0.0944722 0.0510276 
1.84521e-08 7.26113e-07 1.48519e-05 3.76052e-05 0.000345235 0.00191449 0.00382718 0.0125814 0.0297231 0.951555 
3.47484e-07 1.30213e-05 0.000262514 0.000829176 0.00584257 0.0115324 0.0302984 0.0666339 0.0951811 0.789407 
1.69663e-29 9.43838e-26 1.18652e-22 1.26735e-18 3.43309e-17 2.37012e-14 2.16886e-10 3.81423e-07 0.000176027 0.999824 
2.35656e-07 8.98157e-06 0.00014243 0.000303304 0.00135938 0.0039365 0.0109712 0.323202 0.405449 0.254626 
4.01305e-17 4.71355e-15 1.02708e-13 2.11025e-12 6.18462e-11 8.92677e-09 2.02478e-06 0.00023663 0.00303726 0.996724 
7.46477e-08 2.14159e-06 3.87615e-05 9.79057e-05 0.00108728 0.00693095 0.76824 0.0637092 0.0813411 0.0785527 
5.00862e-09 1.49339e-07 2.70311e-06 1.68137e-05 6.65431e-05 0.000105237 0.000705559 0.00241106 0.00211598 0.994576 
5.03079e-29 3.11512e-25 4.49242e-22 5.11032e-18 1.25816e-16 9.37888e-14 3.97279e-10 1.81384e-06 0.000532624 0.999466 
2.33998e-07 4.99951e-06 7.61696e-05 0.000228912 0.00150293 0.00793016 0.0182171 0.0466433 0.0906719 0.834724 
2.30541e-08 6.7432e-07 1.15472e-05 3.63494e-05 0.00063655 0.0220596 0.434536 0.156573 0.25115 0.134996 
1.61984e-06 4.79519e-05 0.000901781 0.00226221 0.0103752 0.0324959 0.302485 0.406359 0.130426 0.114646 
0.000697821 0.00806268 0.0618877 0.528188 0.238981 0.104606 0.0391049 0.0131114 0.0045055 0.000856122 
3.28693e-05 0.00131866 0.0104562 0.0509925 0.253694 0.325961 0.1768 0.133111 0.0376106 0.0100224 
7.25982e-06 0.00013135 0.0014844 0.00584276 0.0204587 0.0521607 0.086112 0.665505 0.115781 0.0525161 
0.000978467 0.00460054 0.0292498 0.080611 0.145672 0.57238 0.113611 0.0390212 0.0114848 0.00239102 
1.08051e-07 2.80156e-06 3.77383e-05 0.000119005 0.000822107 0.00396555 0.011086 0.165304 0.553717 0.264946 
3.73527e-07 1.36047e-05 0.000265415 0.000856048 0.00539401 0.0168178 0.0485045 0.0955246 0.72546 0.107164 
1.27918e-08 5.50166e-07 1.18847e-05 2.18827e-05 0.000272871 0.00163764 0.00890806 0.0406665 0.915838 0.0326424 
4.69762e-09 9.13883e-08 1.10863e-06 5.1388e-06 6.50625e-05 0.000418362 0.000934464 0.00592703 0.67448 0.318169 
8.94986e-08 2.2151e-06 3.19475e-05 0.000132696 0.00143187 0.00522856 0.280562 0.340221 0.137226 0.235165 
2.00551e-08 3.41463e-07 3.46468e-06 1.27615e-05 9.55421e-05 0.000859274 0.000932403 0.00287679 0.00605505 0.989164 
4.44618e-06 0.000570786 0.00722951 0.0312111 0.541256 0.0991576 0.0842343 0.089495 0.0745553 0.0722858 
8.73293e-11 7.8476e-09 1.29269e-07 1.32186e-06 3.09923e-05 0.000463198 0.00132961 0.0078137 0.025731 0.96463 
8.87722e-09 3.65688e-07 7.93579e-06 1.61923e-05 0.000114315 0.000797496 0.00171537 0.0117167 0.938422 0.0472092 
9.66762e-08 1.60877e-06 1.83974e-05 5.8273e-05 0.000385233 0.0025613 0.0060915 0.0129755 0.0276041 0.950304 
4.17386e-09 1.4507e-07 2.70487e-06 7.65239e-06 5.05102e-05 0.000225044 0.000443485 0.00137282 0.00232501 0.995573 
1.83723e-05 0.00090294 0.01155 0.0324953 0.490736 0.144391 0.116552 0.0935677 0.0614383 0.0483476 
6.92309e-07 2.30201e-05 0.000353205 0.000635024 0.00212214 0.00887189 0.0222191 0.0410578 0.070327 0.85439 
2.22659e-06 8.79815e-05 0.000455915 0.00177365 0.0258587 0.0224921 0.0914713 0.466554 0.332916 0.0583877 
4.71232e-11 1.19563e-09 1.61984e-08 6.5577e-08 4.34935e-07 1.71512e-06 9.45434e-06 3.13648e-05 0.000727418 0.99923 
1.0144e-06 3.81509e-05 0.000732664 0.00176618 0.00740328 0.018414 0.0467812 0.101633 0.717505 0.105726 
4.11933e-06 9.45771e-05 0.00125428 0.0301317 0.0310247 0.110509 0.135789 0.579759 0.0745566 0.036877 
3.40905e-16 7.11909e-14 1.01572e-12 1.58375e-11 1.61772e-09 2.65437e-07 2.51599e-07 4.34864e-05 0.00114803 0.998808 
4.34353e-07 1.3883e-05 0.000221723 0.000478426 0.00238342 0.00827067 0.020124 0.0441989 0.133393 0.790916 
1.05133e-06 2.08915e-05 0.000204363 0.000539521 0.00389375 0.0102725 0.381288 0.41486 0.0942095 0.0947109 
1.13206e-07 2.64426e-06 4.08979e-05 0.000110239 0.00069781 0.00372536 0.00768858 0.338946 0.277589 0.371199 
0.00173182 0.025723 0.0763441 0.233166 0.357442 0.232533 0.0498369 0.0171953 0.00468231 0.00134559 
7.99216e-06 0.000193547 0.00312456 0.00995339 0.0357202 0.432174 0.0894759 0.281528 0.0921756 0.0556461 
4.03954e-07 1.20863e-05 0.000217501 0.000923024 0.00603832 0.0274834 0.335049 0.473771 0.100556 0.0559497 
6.45635e-07 2.30354e-05 0.000421711 0.00117481 0.00706421 0.020502 0.0583442 0.11268 0.685684 0.114106 
9.1882e-08 2.19111e-06 2.69471e-05 0.000106871 0.000868682 0.00431005 0.560129 0.193256 0.116161 0.125139 
7.21795e-08 2.31788e-06 4.4116e-05 0.000105415 0.000740753 0.00457479 0.0146049 0.0297277 0.770729 0.179471 
1.01378e-12 6.41574e-11 3.07542e-09 6.6038e-09 4.04731e-07 2.20461e-06 0.000155894 0.177187 0.363473 0.459181 
6.42768e-05 0.000651077 0.00679729 0.0249801 0.13868 0.400491 0.110053 0.201027 0.0768282 0.040429 
4.59119e-07 1.64075e-05 0.000185469 0.000876699 0.00475537 0.0194572 0.0885437 0.122524 0.64064 0.123001 
4.3944e-07 1.69839e-05 0.000370979 0.00097862 0.00514192 0.0101437 0.0273754 0.0569996 0.070741 0.828231 
8.2678e-05 0.0016117 0.0105717 0.0332503 0.0737713 0.3671 0.366106 0.0859009 0.0491166 0.0124896 
1.81453e-10 1.1466e-08 1.27119e-07 9.71909e-07 4.13473e-05 0.000428445 0.00253126 0.39533 0.316202 0.285466 
2.03829e-08 4.39781e-07 3.93801e-06 3.60336e-05 0.000494922 0.00173392 0.0072212 0.0247451 0.635138 0.330627 
7.96339e-08 3.01393e-06 6.1077e-05 0.000315378 0.00241504 0.013059 0.0330004 0.131812 0.717495 0.101839 
3.21386e-07 8.22886e-06 0.000140609 0.000682669 0.00404261 0.0129975 0.0291342 0.056309 0.175082 0.721603 
2.66178e-07 7.28272e-06 0.00010855 0.000435218 0.00469928 0.0128123 0.0382958 0.725489 0.112768 0.105384 
4.04851e-07 1.41985e-05 0.00025841 0.000879829 0.00419395 0.0119513 0.0311998 0.0582525 0.0953297 0.79792 
6.00633e-30 3.55849e-26 5.36466e-23 6.22037e-19 2.57654e-17 1.33168e-14 1.83906e-09 1.66666e-05 0.00067031 0.999313 
2.67679e-05 0.000530607 0.00614193 0.0277035 0.0671093 0.318635 0.234948 0.141578 0.163055 0.040272 
1.2484e-07 6.5864e-06 0.000137481 0.000328479 0.000868297 0.00354934 0.00684516 0.0269709 0.0563625 0.904931 
1.97353e-07 3.54711e-06 4.35983e-05 0.000125475 0.000810789 0.00449571 0.00991717 0.0215919 0.0384843 0.924527 
3.20714e-08 1.21909e-06 2.52186e-05 5.91435e-05 0.000406574 0.00200244 0.00752593 0.0151427 0.0331103 0.941727 
1.12229e-07 2.88981e-06 4.54585e-05 0.000221812 0.00178668 0.0207434 0.0562653 0.122488 0.645413 0.153033 
2.54412e-11 2.52788e-09 4.705e-08 4.0031e-07 8.18071e-06 0.000139652 0.00021805 0.00196262 0.981679 0.0159916 
9.32515e-08 1.65453e-06 1.46387e-05 9.34583e-05 0.00102867 0.0049441 0.0158649 0.0430628 0.865634 0.0693561 
1.67402e-05 0.000801559 0.00682313 0.024723 0.290568 0.115499 0.118544 0.332383 0.0777794 0.0328617 
0.000376936 0.00429504 0.0135008 0.0440334 0.084329 0.52954 0.143976 0.106402 0.0565047 0.0170413 
3.52408e-07 1.18013e-05 0.000195847 0.00045721 0.00160538 0.00499915 0.0541394 0.247347 0.0357605 0.655483 
3.33671e-07 8.54991e-06 0.000205238 0.000787475 0.00563773 0.0190598 0.0549159 0.107508 0.722759 0.0891182 
3.0673e-12 6.09364e-11 8.74445e-10 6.69737e-09 1.03027e-07 2.16447e-06 1.94224e-05 0.000239119 0.000320101 0.999419 
0.000355329 0.00622715 0.0207589 0.0991376 0.332131 0.464337 0.0653884 0.00929865 0.00189592 0.000470032 
5.02126e-07 1.82924e-05 0.000203662 0.000854252 0.00370364 0.0108699 0.0320111 0.750053 0.156852 0.0454342 
9.64327e-07 3.11085e-05 0.000624756 0.00176907 0.00930919 0.0355993 0.656674 0.115427 0.101843 0.0787223 
4.34224e-07 1.63682e-05 0.000339638 0.000942385 0.004011 0.0115064 0.0298422 0.0598422 0.0867072 0.806792 
9.96483e-08 3.28508e-06 5.70277e-05 0.000174974 0.000835333 0.00393904 0.0101052 0.0205595 0.0344637 0.929862 
2.24478e-10 9.55321e-09 1.59172e-07 2.01618e-06 5.64332e-05 0.000242381 0.000680992 0.00298943 0.465382 0.530646 
2.23558e-06 5.7992e-05 0.000857224 0.00462513 0.0170985 0.0531497 0.101041 0.675448 0.0994399 0.0482806 
1.29e-08 4.31094e-07 6.95783e-06 2.6865e-05 0.000207906 0.000747992 0.00302126 0.00476521 0.00995813 0.981265 
4.68264e-06 8.87403e-05 0.0010155 0.00445876 0.0142904 0.0407415 0.0583318 0.0893876 0.086241 0.70544 
1.3593e-05 0.000329908 0.00545005 0.0224556 0.0720081 0.45405 0.154872 0.144673 0.091373 0.0547751 
0.000611728 0.00822773 0.0154315 0.0481444 0.178885 0.322495 0.216612 0.127649 0.0618739 0.0200695 
1.21962e-06 2.79937e-05 0.000523483 0.00210859 0.010483 0.0395076 0.602033 0.128212 0.118583 0.0985212 
1.72731e-07 3.5897e-06 4.90137e-05 0.000174419 0.00106931 0.00528604 0.0142975 0.0320963 0.06186 0.885164 
4.67912e-06 0.000113241 0.00167953 0.00630677 0.0194168 0.0541646 0.0881823 0.139854 0.134859 0.555419 
4.92755e-06 9.15986e-05 0.000688873 0.00223801 0.0115061 0.0265095 0.057912 0.1099 0.670828 0.120321 
3.23455e-08 7.21015e-07 1.11733e-05 5.47173e-05 0.000526676 0.002049 0.0262546 0.315376 0.549196 0.106531 
7.93993e-07 1.60768e-05 0.000276021 0.00112476 0.00660403 0.0146478 0.037917 0.0696495 0.0999944 0.76977 
1.13511e-10 2.17342e-08 4.18543e-07 3.41736e-06 7.42231e-05 0.000467964 0.000551376 0.00526163 0.0167598 0.976881 
1.7827e-24 2.21958e-21 3.71679e-19 4.54811e-16 8.69946e-14 1.1043e-11 4.68841e-08 5.85302e-05 0.00195844 0.997983 
1.09152e-07 1.81376e-06 1.96888e-05 6.81134e-05 0.000466657 0.00270384 0.00783525 0.0147002 0.0297421 0.944462 
2.76893e-05 0.000666632 0.00690432 0.0265782 0.0630307 0.124778 0.158581 0.140297 0.452479 0.0266563 
8.3073e-07 2.22427e-05 0.000242617 0.0012034 0.00520262 0.0159615 0.0356968 0.234873 0.313917 0.39288 
1.41614e-06 4.30593e-05 0.000694107 0.00199968 0.00813462 0.0214425 0.0528005 0.0921278 0.718805 0.103952 
8.41072e-08 2.42082e-06 4.14464e-05 0.000110226 0.000784347 0.00436798 0.0100181 0.028654 0.0612694 0.894752 
2.45669e-06 5.69786e-05 0.00110312 0.00386105 0.0209236 0.533468 0.100629 0.131777 0.117743 0.090435 
7.51922e-06 0.000243469 0.00403033 0.0188096 0.0568254 0.505556 0.14436 0.123445 0.0822729 0.0644501 
1.02123e-09 3.00003e-08 5.74906e-07 1.71457e-06 9.88291e-06 3.17544e-05 0.000702248 0.00240589 0.0121543 0.984694 
6.89503e-09 1.85188e-07 2.58428e-06 1.17653e-05 0.000186506 0.000857824 0.00187998 0.011149 0.029869 0.956043 
4.3284e-10 5.48887e-09 4.16485e-08 1.34704e-07 9.61467e-07 6.96366e-06 0.000184135 0.00239111 0.015473 0.981944 
3.63989e-07 9.85669e-06 0.000205201 0.000526225 0.00364455 0.00955925 0.0235985 0.0538064 0.446759 0.461891 
1.00433e-07 1.56749e-06 1.57226e-05 5.68098e-05 0.000459076 0.00340289 0.00927488 0.0253032 0.876664 0.0848222 
4.41069e-16 1.20722e-13 3.05881e-12 1.94439e-10 4.55538e-08 2.44669e-07 7.48517e-06 0.000322314 0.00121962 0.99845 
5.66098e-07 1.73303e-05 0.000280937 0.000580827 0.00205534 0.00558998 0.0123819 0.612124 0.163188 0.203781 
0.0027228 0.0196855 0.115602 0.273227 0.430439 0.113113 0.0267542 0.0115689 0.00505277 0.00183452 
1.47427e-10 1.2286e-08 2.3119e-07 1.72402e-06 3.62997e-05 0.00031862 0.000741656 0.00477384 0.0132016 0.980926 
1.4617e-08 1.88347e-07 1.48355e-06 5.00884e-06 3.21722e-05 0.000120271 0.000214188 0.00138319 0.00813364 0.99011 
1.85415e-09 1.41821e-07 1.44358e-06 2.05673e-05 0.00026623 0.00098285 0.00231207 0.0145193 0.680587 0.301311 
1.29149e-07 2.31925e-06 3.04974e-05 0.000106926 0.000658734 0.00361448 0.00860906 0.0226008 0.88825 0.076127 
0.000898379 0.0113704 0.174955 0.506048 0.151114 0.089445 0.0389119 0.0224096 0.00385506 0.00099246 
1.68195e-09 4.67363e-08 7.17882e-07 5.23916e-06 9.42406e-05 0.000701257 0.00189468 0.00828474 0.0264675 0.962552 
3.91822e-10 4.16072e-08 7.62765e-07 6.23285e-06 0.000196817 0.00148281 0.00476188 0.882375 0.0651262 0.04605 
9.31124e-08 1.89669e-06 7.38641e-05 0.000300584 0.00066318 0.00368859 0.00786628 0.021537 0.050022 0.915846 
1.58155e-06 4.43253e-05 0.000860517 0.00247373 0.0138638 0.0349918 0.0857352 0.14141 0.631805 0.0888139 
9.35319e-08 1.27827e-06 1.08454e-05 3.72022e-05 0.000209463 0.00135839 0.00292752 0.0109903 0.934691 0.0497739 
0.000439569 0.254024 0.0976369 0.132373 0.270861 0.08712 0.0970584 0.0444134 0.0126566 0.0034168 
4.25348e-07 1.54299e-05 0.000195667 0.00195869 0.0173377 0.574856 0.10645 0.105356 0.0940902 0.0997401 
3.28293e-15 7.35044e-13 1.62109e-11 7.43816e-10 1.40671e-07 1.13406e-06 0.000106913 0.00223779 0.975932 0.0217222 
8.24432e-08 1.55445e-06 1.64407e-05 7.38902e-05 0.000701712 0.00303239 0.00827842 0.12521 0.167746 0.69494 
0.000122538 0.00357806 0.0110909 0.0335377 0.0826853 0.144061 0.151251 0.492522 0.0633307 0.0178203 
1.69787e-07 2.85615e-06 2.8296e-05 0.000112499 0.00102683 0.0059547 0.0217734 0.803335 0.0814175 0.0863491 
8.55533e-08 2.0251e-06 3.23311e-05 8.87304e-05 0.000757434 0.00402056 0.0126466 0.139378 0.147268 0.695806 
6.49804e-08 1.32164e-06 1.22647e-05 0.000106134 0.00114521 0.00424456 0.0122292 0.0325077 0.0679859 0.881768 
9.96892e-08 2.65246e-06 4.54146e-05 0.000124548 0.000876273 0.00428395 0.0116783 0.0239748 0.0370634 0.921951 
5.83408e-08 1.12618e-06 1.2701e-05 4.07745e-05 0.0002699 0.00168953 0.00430989 0.0168321 0.900424 0.0764199 
0.000357628 0.00414594 0.0168806 0.0449355 0.0921223 0.362745 0.368285 0.0707923 0.0296047 0.0101308 
7.52592e-08 2.26261e-06 4.45836e-05 0.000106373 0.000684125 0.00313788 0.0112783 0.0285416 0.0567004 0.899504 
1.90936e-07 4.78149e-06 0.000120214 0.00046116 0.00204741 0.00928549 0.0226614 0.0450447 0.804833 0.115541 
6.08012e-06 0.000128369 0.00184189 0.00563683 0.0163907 0.0387047 0.0635789 0.107246 0.110795 0.655671 
1.17954e-10 2.29653e-08 4.43167e-07 3.61933e-06 7.75266e-05 0.000490075 0.000410909 0.0062392 0.957382 0.0353958 
9.85532e-08 2.06169e-06 2.85764e-05 9.19473e-05 0.000705184 0.00383638 0.00786148 0.024312 0.879746 0.0834164 
5.52632e-07 1.97032e-05 0.000298435 0.00059365 0.0020055 0.00815223 0.0237072 0.0520233 0.81449 0.0987095 
4.17322e-07 1.12181e-05 0.000272289 0.0012229 0.0062478 0.0212159 0.0544709 0.108986 0.686185 0.121388 
3.96506e-07 1.33632e-05 0.000268508 0.000761689 0.00370494 0.0138354 0.0359592 0.0756037 0.109865 0.759988 
4.73951e-06 0.000182816 0.00118801 0.00522933 0.0196786 0.0523109 0.608597 0.231063 0.0581829 0.023563 
1.36337e-06 3.84485e-05 0.000697038 0.00206651 0.0100655 0.0222464 0.0550823 0.100764 0.121845 0.687194 
0.00258294 0.024431 0.0624135 0.495383 0.162476 0.206511 0.036651 0.00814252 0.00127129 0.00013755 
2.37023e-07 4.52126e-06 5.53712e-05 0.000195595 0.00147777 0.00651897 0.0195111 0.0462984 0.812867 0.113071 
4.15437e-05 0.00109642 0.0110158 0.0354342 0.165006 0.394888 0.159118 0.127886 0.0750732 0.0304407 
3.21192e-17 1.57613e-14 9.39043e-13 8.34064e-11 7.94039e-09 7.50899e-08 5.22638e-06 1.41847e-05 0.000288816 0.999692 
1.84366e-05 0.000980193 0.00593232 0.0210665 0.0634803 0.536852 0.15488 0.1241 0.0679453 0.0247453 
1.36775e-07 2.94658e-06 3.48538e-05 0.000161926 0.00170751 0.00830489 0.0225396 0.0635559 0.802174 0.101518 
2.56531e-39 9.62247e-35 5.10517e-31 2.34693e-26 2.83706e-22 1.25903e-19 4.26311e-15 1.8601e-10 5.76883e-05 0.999942 
4.61715e-05 0.00212117 0.00630303 0.0199539 0.0459063 0.377623 0.248503 0.165287 0.112482 0.0217744 
3.19139e-07 9.66623e-06 0.000166041 0.000603576 0.00464801 0.0178795 0.0586145 0.113777 0.68635 0.117952 
1.78871e-07 2.95946e-06 3.06767e-05 0.000110727 0.000780608 0.00556784 0.0131802 0.0322307 0.0722986 0.875797 
2.72281e-12 1.83849e-10 2.52246e-09 9.26384e-08 2.41435e-06 0.000242056 0.000214993 0.00398094 0.964195 0.0313642 
1.54581e-16 5.60034e-14 2.89934e-12 2.09719e-10 3.64953e-08 3.06688e-07 2.82786e-05 0.000512289 0.00604966 0.993409 
1.12835e-09 9.33224e-08 1.31207e-06 1.39406e-05 0.000267315 0.00157213 0.00471952 0.0261194 0.902985 0.0643207 
0.000102915 0.00392298 0.00927704 0.0321991 0.0642954 0.114708 0.130814 0.559872 0.064077 0.0207309 
2.20429e-05 0.00140509 0.0063787 0.0252122 0.0584573 0.114183 0.138664 0.522018 0.0998779 0.0337818 
9.4016e-19 2.31985e-16 3.8147e-15 1.12519e-13 3.06417e-11 1.55363e-10 1.31731e-09 6.25063e-08 5.89005e-05 0.999941 
1.23199e-06 2.46471e-05 0.00031846 0.00088023 0.00470618 0.0164932 0.613238 0.230697 0.079016 0.0546246 
2.49487e-07 1.04353e-05 0.00016445 0.00030554 0.000809575 0.00259104 0.0049566 0.0264735 0.125585 0.839104 
1.86999e-08 3.35207e-07 3.85124e-06 1.7931e-05 0.000214255 0.00162633 0.00334971 0.0142437 0.911316 0.0692283 
1.07232e-07 1.76197e-06 1.90151e-05 6.60604e-05 0.000531286 0.00385654 0.00775339 0.0286718 0.585801 0.373299 
5.65052e-09 1.37404e-07 1.85202e-06 9.68471e-06 0.000119104 0.00100443 0.00164318 0.00868793 0.0215165 0.967017 
2.89047e-07 7.37958e-06 0.000128498 0.000501349 0.00380002 0.0114909 0.0308327 0.0647703 0.766194 0.122275 
0.00120305 0.0194819 0.221186 0.555201 0.118133 0.062964 0.0161225 0.00474868 0.000790458 0.000168727 
1.65243e-07 3.49199e-06 4.95075e-05 0.000148123 0.000939941 0.00560274 0.0122858 0.0336756 0.0665829 0.880712 
1.20563e-05 0.00107668 0.0038919 0.0173632 0.063286 0.133008 0.519947 0.146278 0.0802399 0.0348975 
4.90028e-06 0.000160703 0.000827696 0.00345048 0.0121253 0.0828604 0.147677 0.148457 0.316929 0.287507 
1.23445e-07 3.12064e-06 5.00479e-05 0.000204463 0.00208192 0.0077085 0.023797 0.119446 0.632033 0.214676 
1.41893e-09 7.38767e-08 1.44642e-06 6.97743e-06 0.000104079 0.00110849 0.0030258 0.00956632 0.0260557 0.960131 
8.70708e-08 1.87855e-06 2.15924e-05 0.000117887 0.00110163 0.0224328 0.0517189 0.362845 0.49824 0.0635195 
3.09927e-07 8.21985e-06 0.000153433 0.000364993 0.00179381 0.0086298 0.0211944 0.048948 0.0907036 0.828204 
1.03235e-07 2.6193e-06 5.07464e-05 0.000238431 0.00191233 0.03467 0.120592 0.530291 0.257539 0.0547035 
2.27127e-07 7.14052e-06 0.000200053 0.00078684 0.00420885 0.0141176 0.0404529 0.718229 0.115139 0.106858 
3.94155e-06 6.09643e-05 0.000301846 0.000820145 0.00340683 0.0111373 0.0227863 0.0462794 0.0902442 0.824959 
3.38335e-17 1.6907e-14 1.02164e-12 8.98804e-11 8.52111e-09 9.25135e-08 4.61724e-06 8.36715e-05 0.000304348 0.999607 
1.031e-08 1.76446e-07 1.95073e-06 1.0492e-05 0.000172171 0.00129006 0.002455 0.0120028 0.0385453 0.945522 
2.30498e-07 5.76284e-06 9.67649e-05 0.000229465 0.0018721 0.00827787 0.0238171 0.0659273 0.784655 0.115119 
4.30696e-08 5.81796e-07 5.04275e-06 1.80967e-05 0.000192269 0.000836759 0.00243519 0.0094797 0.0321786 0.954854 
3.73936e-06 8.83924e-05 0.000898068 0.00410033 0.0138878 0.0957289 0.577973 0.158156 0.112817 0.036347 
6.56234e-07 2.02482e-05 0.00031487 0.0009877 0.00448894 0.01665 0.0424224 0.347909 0.249516 0.337691 
6.46106e-06 0.000551151 0.00161761 0.00596074 0.0202129 0.0515203 0.0876763 0.137865 0.614406 0.0801835 
3.11838e-18 1.67834e-15 1.25005e-13 9.93931e-12 1.34493e-09 1.81376e-08 2.57572e-06 0.000112658 0.00131485 0.99857 
1.64145e-05 0.00132018 0.00563045 0.0226753 0.0574407 0.46405 0.248133 0.1317 0.0493474 0.0196871 
1.91192e-07 3.21265e-06 3.46878e-05 0.000173473 0.00151646 0.00790201 0.0154521 0.0394063 0.83006 0.105451 
1.66842e-06 4.37921e-05 0.000548391 0.0011912 0.00453361 0.014355 0.036742 0.0744619 0.721604 0.146519 
2.04272e-05 0.00162774 0.00650487 0.020399 0.0508049 0.101828 0.560935 0.138771 0.0876344 0.0314747 
2.70536e-07 6.35837e-06 0.000170057 0.000717965 0.00389058 0.0111488 0.0346306 0.559737 0.0710215 0.318677 
8.52296e-06 0.000233156 0.00172133 0.00626797 0.0164732 0.0453478 0.0833328 0.6476 0.129175 0.0698409 
6.82847e-09 1.16685e-07 1.34442e-06 6.4464e-06 0.000104568 0.000719792 0.00133085 0.00578853 0.0146683 0.97738 
2.89359e-07 8.73328e-06 0.000132439 0.00054073 0.00504779 0.0218916 0.0639815 0.121978 0.665336 0.121083 
1.13818e-05 0.00071033 0.00499979 0.0169119 0.215181 0.0500296 0.0576241 0.185963 0.0621997 0.406369 
3.36719e-16 1.69085e-13 1.03415e-11 9.13121e-10 9.00568e-08 9.90911e-07 7.45845e-05 0.00116339 0.00981944 0.988941 
1.17519e-06 3.27471e-05 0.000498322 0.00171488 0.00684246 0.0177258 0.068121 0.491063 0.129465 0.284535 
7.5173e-07 2.76339e-05 0.000506603 0.00123929 0.00529419 0.0150443 0.0444965 0.0889923 0.751575 0.0928233 
6.29577e-08 9.40932e-07 9.7908e-06 3.49042e-05 0.00040338 0.00223817 0.00566408 0.0189273 0.0438539 0.928867 
3.80221e-11 6.93408e-09 1.31828e-07 1.08549e-06 2.40691e-05 0.000155883 0.000496128 0.00588236 0.0224194 0.971021 
5.95495e-05 0.00174149 0.0135505 0.0482997 0.43999 0.179229 0.150653 0.0952654 0.055539 0.0156736 
3.0775e-25 2.07608e-21 2.61725e-18 2.78981e-14 7.57673e-13 5.27111e-10 8.69695e-06 0.000132771 0.00388171 0.995977 
8.71114e-08 1.76428e-06 2.47891e-05 0.000106916 0.000834081 0.00510578 0.0143103 0.0343577 0.0772805 0.867978 
2.45653e-07 6.53959e-06 0.000112662 0.000281272 0.00202804 0.0074854 0.0213274 0.0391089 0.062714 0.866935 
2.95867e-07 6.10586e-06 8.43073e-05 0.000272866 0.00223732 0.0104584 0.0279195 0.0776173 0.705287 0.176117 
4.94039e-11 9.3713e-09 1.80024e-07 1.51638e-06 3.3415e-05 0.000378921 0.000396076 0.00589464 0.0235412 0.969754 
2.18906e-10 3.40958e-08 6.33858e-07 5.42342e-06 0.000116265 0.000754978 0.00162075 0.00906725 0.0320106 0.956424 
1.15387e-08 2.00887e-07 2.25811e-06 9.66729e-06 0.000120225 0.000952906 0.00208456 0.00682454 0.0623904 0.927615 
4.31024e-08 1.05504e-06 1.75163e-05 4.217e-05 0.000259859 0.00133195 0.00301476 0.00759507 0.0160052 0.971732 
1.28203e-05 0.000804597 0.00424694 0.0171228 0.182067 0.373233 0.237415 0.118954 0.0507058 0.0154379 
8.7115e-06 0.000196975 0.0016055 0.00628509 0.0185122 0.0496226 0.0669613 0.104308 0.099811 0.652689 
3.71909e-08 6.8962e-07 7.93244e-06 2.838e-05 0.000198592 0.001236 0.00215395 0.00618508 0.0121415 0.978048 
1.54136e-07 5.3274e-06 0.000145133 0.000656391 0.00444438 0.0119356 0.0357098 0.748852 0.111357 0.0868948 
3.93242e-05 0.000372906 0.00520995 0.0216706 0.063276 0.483951 0.144425 0.136211 0.0891154 0.0557284 
1.30809e-05 0.000332631 0.00690719 0.0253174 0.494601 0.149438 0.131206 0.104114 0.0566752 0.0313965 
5.28121e-06 0.000124501 0.00195595 0.00623976 0.0196971 0.0469331 0.0867794 0.64182 0.119318 0.0771274 
1.0521e-10 1.73294e-08 3.25563e-07 2.77857e-06 5.97164e-05 0.000481236 0.00106673 0.00803005 0.0255117 0.964847 
2.97155e-07 9.92852e-06 0.000232884 0.0010271 0.0066432 0.0275215 0.484813 0.0907352 0.104449 0.284568 
5.95635e-07 1.77109e-05 0.000345136 0.000612862 0.00235442 0.00745538 0.0139943 0.043942 0.813834 0.117444 
2.85903e-09 5.00865e-08 6.8364e-07 2.63098e-06 2.33001e-05 0.000314736 0.000971107 0.0040667 0.013764 0.980857 
1.67015e-10 5.18562e-09 8.31584e-08 3.55946e-07 1.67924e-05 0.000203177 0.00188733 0.179817 0.803566 0.0145093 
1.18683e-06 3.68103e-05 0.000559503 0.00227068 0.0118604 0.407856 0.366805 0.0851401 0.0719073 0.0535637 
1.68568e-06 3.35955e-05 0.000531822 0.00155424 0.00617181 0.0304615 0.0901592 0.410567 0.323112 0.137407 
1.09653e-08 1.54146e-07 1.40746e-06 5.56201e-06 3.19245e-05 0.000352195 0.000948507 0.00275426 0.974531 0.0213745 
1.061e-12 7.33315e-11 8.26236e-10 1.51869e-08 9.35495e-07 1.0969e-05 9.64883e-05 0.00147006 0.00414352 0.994278 
1.31685e-05 0.000869537 0.00314931 0.0126545 0.0405445 0.490477 0.142872 0.156894 0.108337 0.0441891 
3.01494e-07 8.12278e-06 0.000175219 0.000599623 0.00344756 0.0136751 0.0417497 0.673076 0.128991 0.138278 
1.69844e-07 3.66316e-06 5.10623e-05 0.000161763 0.00116562 0.00554566 0.0126208 0.0294087 0.0550397 0.896003 
1.5113e-09 4.13212e-08 7.93062e-07 3.36185e-06 4.92482e-05 0.000495459 0.00164187 0.00574115 0.0162596 0.975809 
2.35573e-07 4.81635e-06 6.32332e-05 0.000259117 0.00251927 0.0112966 0.0428196 0.0844848 0.73911 0.119442 
1.77948e-06 5.1225e-05 0.000767591 0.0016794 0.00735675 0.0204814 0.0501046 0.103035 0.707748 0.108774 
5.81951e-09 1.17219e-07 3.15807e-06 1.27658e-05 8.04616e-05 0.000388784 0.000872277 0.0039112 0.657266 0.337466 
2.08726e-07 1.05619e-05 0.000100882 0.000360739 0.00211361 0.00823473 0.019696 0.0446368 0.0885167 0.83633 
1.77414e-07 5.1873e-06 0.00014447 0.000477451 0.0026505 0.00780356 0.0236082 0.0464375 0.0673568 0.851516 
1.10875e-06 3.94259e-05 0.000668283 0.00166744 0.0092238 0.029463 0.0856014 0.632669 0.125587 0.11508 
8.00562e-06 0.00014879 0.00159913 0.00658298 0.0192433 0.0529133 0.0793917 0.113808 0.657479 0.0688254 
1.61573e-08 4.46099e-07 7.77852e-06 2.31553e-05 0.000181336 0.0012236 0.00331194 0.0103824 0.0212275 0.963642 
2.7175e-05 0.00120485 0.011559 0.0389634 0.0983142 0.462038 0.162895 0.125148 0.0727375 0.0271134 
7.44255e-06 0.00081212 0.00212508 0.0104844 0.0301442 0.0704703 0.407038 0.406387 0.0548238 0.0177082 
