2557
6.51952e-05 0.00053533 0.00406369 0.0120583 0.026381 0.047079 0.0779717 0.391612 0.263565 0.176669 
0.00359084 0.0207488 0.0772617 0.214546 0.364552 0.179011 0.086128 0.0346824 0.0144793 0.00500048 
2.40884e-05 0.000270399 0.00113571 0.00371486 0.0145248 0.0472795 0.118678 0.549425 0.141332 0.123615 
0.000283565 0.00207405 0.00991097 0.0357234 0.0847712 0.137769 0.254291 0.309391 0.11848 0.0473064 
3.0316e-06 2.11628e-05 0.000115276 0.000613804 0.00308838 0.00879824 0.0210707 0.212636 0.53099 0.222663 
1.62521e-05 0.00016242 0.00116509 0.00477505 0.0124574 0.027242 0.0562558 0.119443 0.17943 0.599053 
9.0875e-07 3.5775e-06 2.42219e-05 0.000122424 0.000873732 0.00417883 0.0273278 0.850151 0.0552998 0.0620174 
9.16572e-08 3.68398e-07 1.97495e-06 7.38222e-06 4.2069e-05 0.00024995 0.0005317 0.00156674 0.00413717 0.993463 
5.54472e-14 2.53481e-12 1.98916e-11 4.68325e-10 4.26501e-08 2.43045e-07 1.32927e-05 8.94606e-05 0.000464898 0.999432 
0.000420216 0.00650461 0.0440543 0.0929317 0.301506 0.201255 0.115387 0.0808892 0.0893665 0.0676852 
0.000142597 0.000721477 0.00820761 0.0259059 0.0714912 0.254403 0.262295 0.156826 0.129274 0.0907338 
2.98973e-05 0.000329229 0.0031607 0.0104503 0.0144653 0.0296695 0.0479122 0.104368 0.163825 0.62579 
2.04628e-15 3.09941e-14 1.34437e-13 9.8515e-12 1.21781e-09 2.77109e-08 1.8051e-06 8.13344e-05 0.00322528 0.996692 
8.8048e-06 8.33104e-05 0.000422788 0.00225616 0.00605179 0.0151365 0.0317956 0.0903754 0.655926 0.197944 
3.62857e-05 0.000449186 0.0021535 0.0095272 0.0207196 0.0379744 0.0598747 0.11389 0.546225 0.20915 
4.30876e-06 3.54244e-05 0.000195864 0.00104872 0.00295883 0.00888904 0.016141 0.0355258 0.0862529 0.848948 
0.000159226 0.0018289 0.0095582 0.0715457 0.114849 0.208238 0.294945 0.125414 0.0981111 0.0753497 
1.2242e-24 1.29017e-21 4.04656e-19 3.42325e-16 3.84072e-14 3.19336e-11 4.59958e-09 2.196e-06 0.000757914 0.99924 
0.000239751 0.00295446 0.0195839 0.0768622 0.116844 0.249645 0.173759 0.168844 0.122555 0.0687129 
0.00256684 0.0725308 0.197938 0.188943 0.242811 0.178042 0.0740149 0.027711 0.0119776 0.0034646 
2.14827e-15 3.26955e-14 1.49291e-13 1.27745e-11 1.6034e-09 4.71387e-08 3.17766e-06 0.000262253 0.00826708 0.991467 
1.90283e-05 0.000236399 0.0010438 0.00546285 0.0153778 0.043304 0.0978575 0.486636 0.180636 0.169427 
8.21491e-23 4.92318e-20 1.44727e-17 1.32171e-14 1.20092e-12 6.73933e-10 3.21492e-08 2.22645e-06 0.000318986 0.999679 
9.53945e-05 0.000425344 0.00240359 0.0108059 0.0421086 0.0960958 0.399391 0.160986 0.151262 0.136426 
1.32032e-05 0.000143002 0.00111595 0.00509383 0.0114015 0.0240183 0.0433732 0.094299 0.629309 0.191233 
3.0993e-13 6.23312e-12 7.07754e-11 4.67291e-09 3.21255e-07 2.61895e-06 5.4903e-05 0.000941549 0.0120436 0.986957 
2.04465e-07 5.11355e-07 3.13912e-06 2.23169e-05 0.000325968 0.00208744 0.00933426 0.047245 0.101671 0.83931 
3.36473e-07 1.31122e-06 7.81813e-06 3.14391e-05 0.000187164 0.00118137 0.00182338 0.00559933 0.0219961 0.969172 
9.57508e-07 4.01127e-06 2.49423e-05 9.98037e-05 0.000675148 0.00285376 0.00534333 0.0138292 0.0251108 0.952058 
0.00137183 0.00858614 0.0359693 0.122294 0.200663 0.223844 0.278842 0.0835645 0.0333071 0.0115582 
5.12459e-05 0.000295154 0.00215828 0.00825629 0.0632265 0.247261 0.116883 0.141271 0.262234 0.158364 
0.00673654 0.0530116 0.163073 0.236323 0.23663 0.161999 0.0948998 0.0301036 0.0130251 0.00419821 
3.36601e-05 0.000279278 0.00290305 0.0099804 0.0237372 0.0512571 0.101315 0.110048 0.218839 0.481607 
7.26656e-06 1.32129e-05 0.000100286 0.000486455 0.00444577 0.0178072 0.040938 0.107996 0.135322 0.692884 
0.000236733 0.00197647 0.011224 0.0358058 0.0951736 0.374859 0.182267 0.15937 0.0953063 0.0437818 
6.3154e-05 0.000330698 0.00347214 0.0111942 0.0255631 0.0610827 0.354716 0.220038 0.216059 0.10748 
1.24452e-05 0.000135515 0.000503787 0.00241551 0.00740073 0.0199043 0.0399979 0.0858473 0.602012 0.241771 
0.000179399 0.00129584 0.00776424 0.0281746 0.267304 0.154541 0.180225 0.180801 0.117202 0.0625127 
6.6583e-07 2.5989e-06 1.6885e-05 9.98439e-05 0.000882256 0.00370966 0.0149293 0.714234 0.137358 0.128768 
1.96363e-06 1.76621e-05 0.000106862 0.000642768 0.00163795 0.00425213 0.00858652 0.0310565 0.372301 0.581397 
0.000276738 0.00164633 0.00780882 0.0272168 0.0747526 0.327878 0.19659 0.183596 0.118256 0.0619797 
5.98244e-06 5.15472e-05 0.000319198 0.00140937 0.00428285 0.0123456 0.0266675 0.273635 0.335287 0.345995 
0.00018214 0.00618525 0.00668415 0.0248947 0.0599259 0.124486 0.425125 0.176196 0.0957362 0.0805852 
0.000107041 0.00103357 0.00418961 0.0150453 0.0403695 0.0821596 0.321385 0.271776 0.148584 0.11535 
2.67378e-07 2.91834e-06 1.04308e-05 3.64802e-05 9.49131e-05 0.000216517 0.000635121 0.00519854 0.0328601 0.960945 
6.88465e-07 3.0043e-06 2.29287e-05 9.25517e-05 0.000517285 0.00268873 0.00681916 0.135237 0.733203 0.121415 
3.90398e-06 2.97482e-05 0.000186951 0.000979388 0.00288881 0.00854947 0.0173126 0.0442179 0.316594 0.609237 
3.89407e-06 5.24659e-06 3.13671e-05 0.000199158 0.00451694 0.00876978 0.0461824 0.181671 0.505945 0.252676 
3.80606e-06 2.5814e-05 0.000162276 0.00123172 0.0043678 0.0109436 0.0321225 0.0908162 0.16929 0.691036 
1.24641e-05 0.000134067 0.000597204 0.00361175 0.00963655 0.02298 0.0513184 0.123426 0.19019 0.598093 
1.14081e-06 4.72868e-06 4.25247e-05 0.000239944 0.0018817 0.00883723 0.153499 0.538266 0.0763255 0.220902 
7.26522e-10 1.62236e-09 1.59472e-08 1.66285e-07 4.0807e-06 5.12706e-05 0.000339933 0.00441897 0.024792 0.970394 
3.50032e-07 1.05811e-06 6.19823e-06 3.25005e-05 0.000251384 0.00168829 0.0042737 0.0233163 0.0971898 0.87324 
1.09425e-05 9.69518e-05 0.000588546 0.00380814 0.0111954 0.0345171 0.334989 0.161451 0.170832 0.282511 
2.21793e-05 0.000192421 0.00133578 0.00607705 0.0193382 0.058533 0.384146 0.189847 0.181737 0.158771 
2.00964e-05 0.000239212 0.000907558 0.00449378 0.013942 0.176845 0.247144 0.216109 0.174533 0.165766 
1.72781e-06 7.93522e-06 4.71588e-05 0.00031069 0.0031437 0.0127541 0.0526612 0.647709 0.14694 0.136425 
5.42662e-07 3.81589e-06 2.0762e-05 9.52582e-05 0.000462375 0.00153352 0.00262017 0.0110773 0.0514959 0.93269 
7.80603e-06 6.74884e-05 0.000360366 0.00211962 0.00599706 0.0150987 0.0337315 0.0800003 0.14447 0.718147 
0.00489544 0.0527999 0.534834 0.246618 0.0892897 0.0447979 0.0173513 0.00607933 0.00254465 0.000789432 
0.00012919 0.0015139 0.0069113 0.0216464 0.0499366 0.0807918 0.115664 0.42464 0.169324 0.129444 
4.27439e-07 1.15806e-06 6.72454e-06 3.73105e-05 0.00064531 0.00340535 0.0178764 0.274202 0.477619 0.226206 
3.67696e-05 0.000431003 0.00176557 0.00495046 0.0127169 0.0282873 0.0480126 0.0860359 0.133651 0.684112 
0.000126702 0.00107252 0.00384684 0.0128163 0.0394603 0.174113 0.164622 0.322936 0.180706 0.100299 
1.55103e-24 2.65328e-21 9.28494e-19 9.30979e-16 1.51647e-13 7.63745e-11 3.66488e-08 1.36624e-05 0.00405798 0.995928 
0.000118131 0.00138046 0.00481163 0.0180283 0.0507597 0.0885114 0.137944 0.473123 0.147633 0.0776902 
9.26199e-25 1.69992e-21 5.9006e-19 5.80239e-16 1.29334e-13 7.30215e-11 8.57301e-08 7.02924e-05 0.00340391 0.996526 
1.85312e-06 1.46323e-05 8.39715e-05 0.000416778 0.0015629 0.00546275 0.0283706 0.708582 0.137224 0.11828 
0.00738924 0.0597513 0.0995198 0.275002 0.232874 0.221764 0.0692735 0.0223872 0.00929118 0.00274818 
0.000319271 0.00413543 0.0160962 0.0649509 0.137377 0.172678 0.254186 0.22198 0.0824383 0.045838 
1.03573e-08 2.09821e-08 2.12845e-07 1.99262e-06 3.42159e-05 0.000484183 0.000942828 0.00891389 0.0363045 0.953318 
6.37796e-06 4.82828e-05 0.000275313 0.00155241 0.00459106 0.013249 0.0267928 0.0683937 0.146762 0.738329 
0.00162346 0.0130167 0.0475886 0.12114 0.34289 0.157723 0.1148 0.0863938 0.0687983 0.0460264 
2.00267e-05 0.000259229 0.000914902 0.00409242 0.0101408 0.0234416 0.0389119 0.0793348 0.140842 0.702043 
1.3854e-06 5.89887e-06 3.90935e-05 0.000258654 0.0014568 0.00554687 0.0128955 0.0404345 0.0864326 0.852929 
9.02105e-06 9.86231e-05 0.000445246 0.00148156 0.00387994 0.00864777 0.0146978 0.0230877 0.0338218 0.913831 
8.99801e-06 8.19024e-05 0.000430509 0.00240067 0.00611192 0.0158345 0.032168 0.0660382 0.11716 0.759766 
8.14192e-05 0.000754235 0.00551084 0.0181369 0.0430326 0.0898154 0.409188 0.201676 0.151277 0.0805271 
5.5457e-05 0.000266293 0.00143495 0.0073626 0.025723 0.0664034 0.277298 0.121825 0.112879 0.386752 
8.84585e-13 1.14261e-11 8.94632e-11 3.62081e-09 4.11319e-07 2.80552e-06 8.48393e-05 0.00159897 0.00737809 0.990935 
1.67846e-05 0.000210739 0.000859895 0.00496958 0.0143786 0.0382654 0.194671 0.512247 0.131024 0.103357 
3.40226e-13 5.02056e-13 3.47226e-12 4.58584e-11 1.67402e-09 1.01346e-08 4.06301e-07 1.17979e-06 0.000639673 0.999359 
3.28636e-06 9.63388e-06 0.000103877 0.000583808 0.00315833 0.025629 0.0832879 0.168125 0.43838 0.280719 
5.4428e-09 7.62155e-08 3.08645e-07 1.05008e-06 2.87878e-06 6.16395e-06 8.4652e-06 8.35385e-05 0.00211723 0.99778 
7.09209e-06 6.54838e-05 0.000453827 0.00210663 0.00549819 0.0134063 0.0251284 0.0623794 0.111108 0.779847 
1.48575e-05 0.000155617 0.000865001 0.00401478 0.0108169 0.0244584 0.042626 0.245965 0.11609 0.554993 
2.64614e-06 2.08178e-05 0.0001008 0.000479013 0.00170351 0.00646096 0.015511 0.0540799 0.743996 0.177646 
4.9177e-13 9.46253e-12 9.70417e-11 6.67201e-09 5.49492e-07 3.79946e-06 7.50972e-05 0.00181353 0.0206779 0.977429 
4.15665e-05 0.00126759 0.00671466 0.0247717 0.196805 0.0683519 0.0729487 0.181192 0.0824001 0.365508 
6.95952e-06 5.06651e-05 0.000295598 0.0015414 0.0055029 0.0161824 0.0360159 0.0941418 0.619755 0.226507 
1.54428e-05 0.000146763 0.000832719 0.00304831 0.00868578 0.0222651 0.0418805 0.0830969 0.148836 0.691193 
6.44929e-13 1.46325e-11 1.30561e-10 7.82505e-09 7.52804e-07 4.99668e-06 0.000130441 0.00265826 0.019642 0.977563 
5.34161e-05 0.000637144 0.00433106 0.0167851 0.0313806 0.0544627 0.0863709 0.146072 0.481893 0.178014 
0.000124356 0.00101957 0.00622912 0.0222074 0.055932 0.105047 0.455163 0.186036 0.11113 0.0571128 
2.57987e-26 3.22755e-23 1.167e-20 1.32849e-17 2.50018e-15 1.45673e-12 9.89406e-10 7.88632e-07 0.00129287 0.998706 
2.4828e-05 0.000270142 0.00168183 0.00732415 0.0165129 0.0349626 0.0566071 0.388185 0.268136 0.226295 
8.13863e-14 1.78465e-13 9.90813e-13 1.82079e-11 1.18299e-09 6.44717e-08 5.36672e-06 0.000474356 0.0100235 0.989497 
6.00565e-06 5.41767e-05 0.000273704 0.00156245 0.00497731 0.0170537 0.555392 0.112864 0.145563 0.162254 
4.87298e-25 8.90393e-22 3.17802e-19 3.32288e-16 6.50099e-14 3.39258e-11 1.8834e-08 9.42715e-06 0.00268503 0.997306 
1.5115e-06 1.2769e-05 7.83763e-05 0.000453409 0.00200894 0.0250096 0.399133 0.162445 0.250186 0.160671 
0.00358441 0.0163805 0.0700736 0.277268 0.270352 0.196721 0.0991138 0.0428658 0.017932 0.00570957 
0.00024023 0.00224089 0.0105799 0.0390468 0.196402 0.242426 0.203403 0.172576 0.0874382 0.0456477 
0.000112806 0.000927294 0.00661862 0.0205643 0.0477757 0.0849852 0.134887 0.450855 0.160884 0.0923906 
0.00228155 0.017252 0.0610603 0.186607 0.257134 0.300983 0.107974 0.044942 0.0167137 0.00505171 
1.10399e-05 0.000131498 0.000559102 0.00375849 0.0086671 0.0183571 0.031132 0.158354 0.466292 0.312738 
4.28541e-06 4.36311e-05 0.000228452 0.00129073 0.00321428 0.00798495 0.0219087 0.0797874 0.781496 0.104042 
4.53462e-07 1.92418e-06 1.43052e-05 0.000141241 0.000454263 0.00149295 0.00364013 0.0170559 0.645625 0.331574 
2.24167e-06 9.04271e-06 6.455e-05 0.000353172 0.00301879 0.0102847 0.229036 0.329555 0.183684 0.243993 
2.48384e-05 0.000916311 0.00655099 0.0399064 0.419776 0.1249 0.10925 0.108199 0.093595 0.096882 
5.66351e-08 3.21068e-08 2.04653e-07 2.45877e-06 4.20384e-05 0.000529658 0.00211549 0.0140313 0.0508564 0.932422 
3.59828e-06 3.23962e-05 0.000175114 0.00081867 0.00216091 0.0057558 0.0127187 0.0402763 0.793343 0.144716 
1.98575e-06 9.49484e-06 6.51614e-05 0.000273811 0.00118466 0.00534833 0.0105609 0.0258972 0.0608485 0.89581 
1.12388e-06 1.07187e-05 5.2426e-05 0.000295284 0.000781391 0.00193957 0.00361615 0.00761046 0.0150873 0.970606 
1.77478e-05 0.000222782 0.00101175 0.00411979 0.0107738 0.0257948 0.0434606 0.0870649 0.132209 0.695325 
8.70315e-05 0.000808603 0.00517471 0.0161857 0.0483717 0.0729072 0.135325 0.333979 0.277409 0.109752 
4.62075e-07 3.92165e-06 2.32065e-05 0.000109864 0.000381587 0.00153229 0.00251582 0.00531639 0.0117003 0.978416 
2.58768e-14 3.49511e-13 2.87487e-12 6.72402e-11 5.20369e-09 3.2304e-07 5.45989e-07 0.000156409 0.00534497 0.994498 
4.49035e-06 3.33088e-05 0.00018495 0.000940787 0.00319772 0.00995693 0.0192204 0.285856 0.282864 0.397741 
0.00296415 0.0258416 0.0780043 0.239556 0.339439 0.216169 0.0652621 0.0215694 0.00861788 0.00257674 
0.000112929 0.000566319 0.00328301 0.012762 0.0461988 0.302585 0.112912 0.252578 0.153088 0.115914 
8.83017e-05 0.00078667 0.00386256 0.011708 0.0282533 0.0933042 0.424931 0.170183 0.139497 0.127386 
2.48277e-06 1.57012e-05 9.67688e-05 0.000485375 0.00191122 0.00681981 0.0162952 0.0495745 0.684536 0.240263 
1.64968e-11 7.8624e-11 9.11478e-10 1.29724e-08 9.98222e-07 7.21416e-06 0.000341081 0.181126 0.313434 0.50509 
0.000164782 0.00127743 0.00751983 0.0313703 0.113233 0.251123 0.139353 0.203817 0.145407 0.106735 
2.35356e-08 3.97781e-08 2.43373e-07 2.23398e-06 8.1414e-05 0.00064976 0.00418852 0.397393 0.307748 0.289937 
2.81649e-07 1.04659e-06 6.01434e-06 4.62813e-05 0.000556754 0.00218751 0.0122762 0.0524499 0.601467 0.331009 
7.7926e-06 2.30201e-05 0.00015169 0.000877301 0.00411252 0.0168996 0.0415493 0.137584 0.629879 0.168916 
1.20511e-05 0.00012783 0.000455355 0.00224071 0.00885807 0.0219918 0.0541011 0.520961 0.194402 0.19685 
4.05849e-25 7.4516e-22 2.59912e-19 2.59367e-16 6.89043e-14 4.24044e-11 6.25018e-08 5.61963e-05 0.00341585 0.996528 
5.74216e-06 4.83187e-05 0.000245659 0.00143412 0.00412507 0.0111644 0.0203502 0.0438517 0.0856044 0.83317 
4.9714e-06 3.0149e-05 0.000201031 0.000954893 0.00365121 0.0239664 0.058243 0.126367 0.590298 0.196283 
5.70216e-09 5.85419e-09 4.73876e-08 4.73902e-07 7.87539e-06 0.000150396 0.000373808 0.00386894 0.947628 0.0479704 
1.02714e-06 3.55099e-06 2.02921e-05 0.000124749 0.00134144 0.00584921 0.0209399 0.0740151 0.777798 0.119907 
0.000203148 0.00214418 0.00964326 0.0342997 0.187223 0.137696 0.163757 0.266816 0.126956 0.0712618 
0.000605636 0.00667788 0.0296127 0.125488 0.217076 0.315781 0.144441 0.0920895 0.0474163 0.0208129 
1.56782e-05 0.000189672 0.00100012 0.00488955 0.011406 0.0245776 0.0830871 0.282036 0.128617 0.464181 
1.33145e-05 0.000152409 0.00054038 0.00249928 0.00936269 0.0279053 0.0714644 0.154521 0.574932 0.158609 
5.6806e-11 1.72975e-10 1.58477e-09 1.84444e-08 3.76355e-07 7.68125e-06 6.11907e-05 0.000399639 0.00131706 0.998214 
0.00167287 0.0139944 0.0479121 0.170661 0.317707 0.304797 0.0929158 0.0331864 0.012343 0.00481086 
1.93434e-05 0.000217153 0.00115694 0.00565075 0.0141772 0.0287047 0.0628455 0.571529 0.208517 0.107182 
1.73038e-05 0.000159019 0.00128334 0.00571188 0.0179878 0.0564636 0.469556 0.161237 0.155546 0.132039 
8.27713e-06 7.76662e-05 0.000589402 0.0023668 0.00636114 0.0166671 0.0407753 0.0976691 0.152147 0.683338 
8.73817e-06 7.94388e-05 0.000447616 0.00254381 0.00638808 0.014909 0.0293135 0.0586409 0.104257 0.783411 
2.57594e-08 7.29119e-08 6.30895e-07 8.66682e-06 9.85781e-05 0.000265763 0.00125058 0.00788373 0.448072 0.54242 
5.03361e-06 4.72847e-05 0.000260815 0.00168193 0.00377507 0.00906032 0.0167579 0.0310141 0.0626526 0.874745 
0.000202709 0.000860241 0.00522862 0.0245393 0.0823289 0.321279 0.169749 0.175546 0.130304 0.0899612 
0.00124199 0.0143138 0.0396843 0.142393 0.253066 0.237779 0.152927 0.098261 0.044176 0.0161577 
1.74227e-05 0.000225372 0.000888767 0.00587839 0.0127159 0.0243927 0.0370454 0.0758942 0.122794 0.720148 
5.22665e-05 0.00055866 0.00278284 0.00878537 0.0253247 0.0524843 0.0901942 0.1659 0.476271 0.177646 
2.13469e-06 2.00735e-06 1.54517e-05 9.14466e-05 0.000851246 0.00337154 0.0292378 0.309346 0.54031 0.116772 
9.63923e-09 2.09561e-08 2.12128e-07 1.97447e-06 3.52905e-05 0.0004477 0.00120869 0.0104449 0.0342825 0.953579 
8.22512e-22 3.68851e-19 9.2609e-17 7.38824e-14 6.952e-12 3.29834e-09 5.97155e-07 0.000182684 0.00766296 0.992154 
1.82379e-06 9.66116e-06 6.11559e-05 0.000339115 0.00132589 0.00482828 0.00998389 0.0230162 0.0520773 0.908357 
0.00021189 0.00146503 0.00761652 0.0282595 0.0742507 0.13706 0.182845 0.192325 0.298358 0.0776085 
3.01629e-05 0.000299954 0.0018783 0.00792084 0.0220682 0.0448057 0.0746457 0.217074 0.29371 0.337567 
2.34478e-05 0.000229196 0.00180843 0.00894697 0.0297397 0.331363 0.123244 0.173805 0.175884 0.154956 
2.5421e-06 2.78031e-05 0.000139284 0.00107658 0.00199922 0.00332583 0.00580052 0.0118139 0.047399 0.928415 
5.76339e-14 1.71496e-12 1.45967e-11 6.97636e-10 7.6059e-08 6.99735e-07 1.52299e-05 0.000475259 0.00365007 0.995859 
2.30551e-08 2.50398e-08 1.90242e-07 1.77778e-06 2.78929e-05 0.000306115 0.00120556 0.00961558 0.027882 0.960961 
1.13666e-07 4.80563e-07 2.55733e-06 8.91215e-06 5.46652e-05 0.000241348 0.000434385 0.00321689 0.0242559 0.971785 
8.91871e-08 3.18632e-07 2.22244e-06 2.18419e-05 0.000302809 0.00108482 0.00404808 0.0293013 0.651175 0.314063 
6.05404e-06 5.26678e-05 0.000271798 0.00147226 0.00424669 0.0107566 0.0202302 0.0477465 0.745523 0.169694 
0.000485294 0.00691308 0.0614825 0.267061 0.341558 0.216743 0.0674276 0.0251956 0.00968715 0.00344598 
3.49143e-07 2.54414e-06 1.31166e-05 5.25167e-05 0.000179237 0.000927868 0.00348383 0.0160107 0.0591367 0.920193 
5.83156e-08 7.72157e-08 5.90533e-07 6.59635e-06 0.000229065 0.00149807 0.00741428 0.771092 0.129342 0.0904179 
6.90311e-07 2.82078e-06 1.51919e-05 5.9242e-05 0.000327814 0.00179828 0.00456751 0.022583 0.873052 0.0975934 
0.00409182 0.191613 0.0789867 0.122592 0.230475 0.121637 0.124987 0.072072 0.0374484 0.0160978 
0.000113948 6.96538e-05 0.000367386 0.00321386 0.0246959 0.409759 0.132831 0.138775 0.134862 0.155312 
7.24067e-13 1.09989e-11 9.76162e-11 6.16217e-09 6.03507e-07 4.58957e-06 0.000173378 0.00675423 0.937834 0.0552329 
1.80262e-06 9.71406e-06 5.30317e-05 0.000274501 0.00159343 0.00599553 0.014863 0.138447 0.189776 0.648985 
0.00102861 0.00801223 0.0252601 0.0830466 0.140949 0.174609 0.167568 0.316186 0.0640901 0.0192514 
3.46006e-06 2.48782e-05 0.000119722 0.00062958 0.00242556 0.0105902 0.0378628 0.656587 0.139451 0.152305 
7.47087e-05 0.000645546 0.003666 0.0122053 0.0366316 0.0698056 0.0945281 0.351943 0.197764 0.232736 
9.40168e-07 3.25115e-06 1.89757e-05 0.000136983 0.00154436 0.00502683 0.0154745 0.0530643 0.120224 0.804506 
1.00411e-05 9.67466e-05 0.000529348 0.00334684 0.0077459 0.0169006 0.030023 0.0604188 0.102526 0.778403 
7.53167e-06 7.22389e-05 0.000385438 0.0021503 0.00549317 0.011947 0.0249755 0.0582206 0.122853 0.773895 
6.40729e-06 4.78715e-05 0.000319271 0.00165932 0.0052872 0.0152493 0.0309522 0.0722198 0.677935 0.196324 
5.42909e-05 0.000624348 0.00464433 0.0164833 0.030916 0.0605771 0.092996 0.158689 0.174561 0.460455 
1.40557e-08 5.05904e-08 3.91012e-07 2.84717e-06 3.647e-05 0.000432536 0.00092094 0.0142309 0.896387 0.0879884 
1.00227e-05 6.84044e-05 0.00047938 0.00243473 0.0093081 0.0266238 0.0607783 0.146369 0.555731 0.198198 
0.000146846 0.00123304 0.00614177 0.0215588 0.0556187 0.0967241 0.430703 0.232757 0.103867 0.0512496 
1.64455e-05 0.000156199 0.0014298 0.00586174 0.0149968 0.0311939 0.068692 0.137793 0.189746 0.550113 
0.00860126 0.0322067 0.129611 0.385817 0.195176 0.191282 0.043783 0.0113126 0.0019069 0.000303221 
5.31825e-06 3.7718e-05 0.000216588 0.00117373 0.00400951 0.011849 0.0252512 0.0758588 0.685726 0.195872 
0.000264719 0.00232403 0.0158046 0.0523515 0.155242 0.289749 0.185889 0.153159 0.0973004 0.0479155 
6.9729e-14 1.39861e-12 1.57489e-11 1.04764e-09 7.48061e-08 5.2987e-07 8.0695e-06 7.01674e-05 0.000635851 0.999285 
5.46341e-06 4.36185e-05 0.000211339 0.00121544 0.00438011 0.0137542 0.0343144 0.104302 0.65432 0.187453 
4.67867e-32 1.5275e-28 5.14011e-25 2.1641e-21 1.13953e-17 1.4201e-14 4.84848e-11 2.1654e-07 0.0011997 0.9988 
0.000661939 0.0048468 0.0137284 0.0428017 0.0857458 0.257715 0.224469 0.190621 0.132695 0.0467152 
1.15195e-05 9.94218e-05 0.000542133 0.00287966 0.00948493 0.0277796 0.0725574 0.157469 0.523601 0.205575 
2.167e-09 9.05418e-10 5.99236e-09 2.19611e-07 6.60606e-06 0.000250344 0.00037626 0.0103877 0.908885 0.0800934 
1.52999e-13 2.91263e-12 2.82131e-11 1.99202e-09 1.84764e-07 1.40972e-06 4.11187e-05 0.00109772 0.0181287 0.980731 
1.18717e-07 1.67823e-07 1.19569e-06 1.40301e-05 0.000258832 0.00163558 0.00708962 0.0451911 0.815693 0.130116 
0.000728952 0.00420847 0.0172155 0.0642844 0.115459 0.141609 0.155804 0.354923 0.106443 0.0393246 
2.71777e-09 1.17978e-08 9.13839e-08 4.33287e-07 1.92137e-06 9.14868e-06 2.15532e-05 2.92509e-05 0.00109812 0.998839 
0.000203552 0.00230025 0.012984 0.197638 0.15179 0.172061 0.193868 0.126599 0.089203 0.0533534 
1.64704e-05 0.000233461 0.00107396 0.00464691 0.0104341 0.0220902 0.0337808 0.0771794 0.158862 0.691682 
4.08953e-06 3.75952e-05 0.000173287 0.000748896 0.00213408 0.00723187 0.0140011 0.041643 0.7646 0.169426 
2.05769e-06 1.05611e-05 5.77626e-05 0.000308627 0.00141889 0.00670446 0.0157919 0.0629153 0.519543 0.393247 
1.22356e-07 4.7325e-07 2.87913e-06 1.68652e-05 0.000139361 0.00106485 0.00296942 0.015025 0.03961 0.941171 
6.35871e-06 4.32378e-05 0.000271962 0.00151427 0.00585007 0.0160773 0.0389038 0.0943648 0.634328 0.20864 
0.00412696 0.0322485 0.171442 0.441083 0.194657 0.108201 0.0343229 0.00981687 0.00324817 0.000854239 
7.64005e-06 6.65976e-05 0.000334302 0.00198138 0.00521179 0.0133935 0.026272 0.0632773 0.131028 0.758427 
0.0001926 0.00140222 0.00562937 0.0228156 0.0778042 0.153268 0.386232 0.178232 0.111447 0.0629775 
8.38515e-05 0.00069318 0.0044122 0.0149011 0.0360628 0.10198 0.165633 0.178617 0.263366 0.234251 
1.37925e-06 1.36689e-05 5.53963e-05 0.000348514 0.000804826 0.00273101 0.00397553 0.0103649 0.0679032 0.913802 
6.08348e-06 4.74995e-05 0.000282673 0.00132612 0.00428623 0.0211017 0.045019 0.240259 0.380445 0.307227 
2.02018e-05 6.47887e-05 0.000564899 0.00290037 0.0174315 0.0956194 0.0978245 0.249764 0.3967 0.13911 
6.32097e-06 4.04585e-05 0.000313137 0.00197283 0.00651779 0.0180033 0.0519411 0.577036 0.173616 0.170553 
7.62021e-14 1.51472e-12 1.67407e-11 1.11829e-09 8.1705e-08 6.69379e-07 8.84738e-06 0.000218828 0.000948715 0.998823 
9.25562e-06 8.63374e-05 0.00042162 0.00221046 0.00630517 0.0176251 0.0448828 0.113743 0.595778 0.218938 
4.24651e-07 2.09459e-06 1.05609e-05 4.58938e-05 0.000327677 0.00124827 0.00368248 0.0161211 0.0644626 0.914099 
0.000105162 0.000912995 0.0051564 0.0184209 0.0433589 0.105957 0.392747 0.206013 0.148663 0.0786662 
1.70032e-05 0.000110307 0.000591826 0.00358201 0.00936024 0.0219053 0.0444872 0.131671 0.229105 0.559171 
0.000132519 0.00138497 0.00721754 0.0233224 0.055575 0.0893771 0.13175 0.181132 0.398742 0.111366 
8.67517e-15 1.58469e-13 1.46499e-12 1.04551e-10 9.37741e-09 1.07289e-07 4.62542e-06 0.000255829 0.0051976 0.994542 
0.000216425 0.00194016 0.00838863 0.0309428 0.0880161 0.307858 0.227849 0.180126 0.0966426 0.0580205 
2.44679e-05 0.000329552 0.00124836 0.00535297 0.0133324 0.0305483 0.0553032 0.122996 0.548729 0.222136 
0.000210407 0.00223999 0.0105048 0.0345489 0.0871259 0.12974 0.357518 0.179158 0.12458 0.0743744 
3.68396e-05 0.000147649 0.000825611 0.00365 0.0125887 0.0325871 0.0959037 0.367213 0.139631 0.347416 
1.77355e-07 3.93476e-07 2.34454e-06 1.34214e-05 0.000153628 0.000974074 0.00288647 0.0135919 0.0354625 0.946915 
1.18727e-05 0.000102603 0.000545827 0.00312637 0.0110312 0.0327102 0.0776539 0.16192 0.516708 0.19619 
4.05126e-05 0.0010727 0.00553399 0.021037 0.155538 0.06345 0.0774216 0.181366 0.128394 0.366145 
6.35546e-08 5.55511e-07 2.74685e-06 3.45645e-05 4.13021e-05 9.75605e-05 0.000279434 0.00297592 0.0281628 0.968405 
2.8925e-05 0.000303782 0.00179383 0.00647577 0.0161971 0.036236 0.0709461 0.140239 0.585835 0.141944 
3.261e-06 2.8641e-05 0.000180873 0.000952381 0.00244904 0.00612722 0.0139036 0.0372379 0.0937166 0.8454 
4.33373e-09 7.87849e-09 7.39056e-08 7.21322e-07 1.3892e-05 0.000167252 0.000943997 0.0101859 0.0478996 0.940789 
0.000226881 0.00249052 0.0119931 0.0469349 0.279837 0.182646 0.173185 0.13615 0.101113 0.0654242 
2.60672e-22 3.50542e-19 1.22103e-16 1.23253e-13 1.06903e-11 6.77308e-09 9.6972e-06 0.000465597 0.013183 0.986342 
2.48054e-06 1.35176e-05 7.99355e-05 0.000670223 0.00205224 0.00791901 0.0188403 0.0548376 0.128294 0.787291 
4.06623e-06 3.4275e-05 0.000181323 0.00102101 0.00310615 0.00893496 0.02265 0.192579 0.586457 0.185032 
5.98471e-08 5.67377e-08 4.64746e-07 4.61781e-06 6.6106e-05 0.00064362 0.00234896 0.015644 0.0632442 0.918048 
2.01834e-07 5.40089e-07 3.24404e-06 1.76747e-05 0.000178362 0.0010594 0.00322951 0.0121294 0.0753179 0.908064 
1.67005e-06 1.3048e-05 6.83318e-05 0.000318316 0.00109681 0.0031709 0.00618373 0.0154597 0.0386093 0.935078 
0.000198204 0.00119754 0.00617697 0.0235746 0.142427 0.26502 0.240982 0.170707 0.096427 0.0532882 
6.28809e-07 2.78295e-06 1.81906e-05 6.90426e-05 0.000499588 0.002057 0.00342081 0.0097944 0.0226297 0.961508 
3.28632e-06 1.46688e-05 0.00016986 0.000860556 0.00423908 0.0131136 0.0446587 0.639541 0.167729 0.12967 
0.000166172 0.00112904 0.00779852 0.032919 0.311053 0.176881 0.159786 0.147797 0.0990655 0.0634059 
2.60829e-08 2.75628e-08 2.33285e-07 2.38419e-06 3.85792e-05 0.000472964 0.00178612 0.0147719 0.0529871 0.929941 
9.35231e-06 9.51231e-05 0.000611825 0.00261322 0.00640527 0.0157044 0.0284764 0.0764552 0.650507 0.219123 
5.83074e-07 5.85557e-06 2.59536e-05 0.000169305 0.0003374 0.00121529 0.00509267 0.147501 0.795914 0.0497378 
1.08634e-05 9.78506e-05 0.00059031 0.00267903 0.00848043 0.0615658 0.0818228 0.0792018 0.203274 0.562277 
1.60901e-05 0.000183068 0.000886536 0.00305983 0.0104259 0.038948 0.0941569 0.344042 0.330526 0.177756 
0.000110255 0.00126464 0.0065708 0.0225718 0.0585495 0.315086 0.177856 0.193815 0.14229 0.0818864 
8.88772e-06 6.93797e-05 0.000465953 0.00274729 0.00798315 0.0212393 0.0536071 0.496877 0.191324 0.225678 
1.74243e-05 0.000176356 0.00103607 0.00617555 0.0138347 0.0295427 0.0378901 0.072665 0.115928 0.722735 
4.51421e-06 3.04066e-05 0.000170996 0.00104728 0.00471136 0.0164494 0.0551285 0.125887 0.622862 0.173708 
2.45512e-05 0.000301378 0.00152625 0.00756594 0.0182735 0.0405966 0.0738004 0.161591 0.522508 0.173812 
6.98147e-06 5.75458e-05 0.000378233 0.00184163 0.00586436 0.0149719 0.0363525 0.0836041 0.136584 0.720338 
3.35417e-05 0.000330334 0.00272405 0.00962163 0.0222636 0.0786016 0.184687 0.400066 0.200203 0.101469 
5.97109e-05 0.000547332 0.00449564 0.016367 0.0394711 0.0761032 0.106405 0.159147 0.481909 0.115496 
7.90801e-05 0.000536262 0.00361752 0.0152799 0.0671548 0.239605 0.167262 0.196259 0.172111 0.138096 
0.000177451 0.00158393 0.00716868 0.0253572 0.0687541 0.120297 0.306988 0.308635 0.104154 0.0568852 
1.42763e-11 3.98907e-11 4.14474e-10 3.74276e-09 8.22637e-08 8.83077e-07 2.34418e-05 0.00106439 0.0200924 0.978819 
3.41909e-07 8.2745e-07 5.112e-06 5.12552e-05 0.000715803 0.00281309 0.0115625 0.0405525 0.0953681 0.84893 
0.00618124 0.116099 0.080719 0.170146 0.239846 0.176958 0.0958184 0.0567752 0.0353209 0.0221364 
2.04218e-05 0.000142292 0.000605718 0.00280708 0.00764887 0.0206291 0.140746 0.230344 0.23602 0.361036 
0.00063551 0.0105216 0.0356808 0.0798565 0.166893 0.388774 0.181935 0.0606097 0.0427475 0.0323465 
2.74065e-05 0.000320688 0.00157044 0.00752239 0.018398 0.04055 0.0676207 0.130732 0.175519 0.55774 
0.00911742 0.0183437 0.0405603 0.130638 0.473664 0.183933 0.108685 0.0244403 0.00820897 0.00241025 
0.000123027 0.000935958 0.00514057 0.0191286 0.0466648 0.0921615 0.143498 0.463095 0.141001 0.088252 
7.94669e-05 0.00106849 0.0285514 0.140526 0.139758 0.188952 0.16463 0.14726 0.115394 0.0737806 
0.000148516 0.000730093 0.00411701 0.0169276 0.0453462 0.243784 0.142405 0.196478 0.135144 0.214919 
3.26095e-05 0.000397455 0.00205201 0.00927183 0.0227575 0.0503274 0.0958037 0.449211 0.198418 0.171728 
1.55105e-07 5.397e-07 4.79509e-06 1.9238e-05 7.99179e-05 0.000678112 0.00151675 0.0034664 0.00909015 0.985144 
0.000156636 0.000935796 0.00620195 0.0258385 0.265763 0.178968 0.161734 0.197168 0.101767 0.0614668 
6.80401e-07 6.23067e-06 3.8578e-05 0.000204724 0.000505806 0.00108357 0.00218112 0.00390956 0.0116668 0.980403 
1.28717e-06 8.02295e-06 4.75471e-05 0.000442549 0.00101332 0.00301263 0.0073557 0.0271833 0.868952 0.0919839 
1.64242e-05 0.000171261 0.000841823 0.0023058 0.00598145 0.0146436 0.032915 0.087466 0.637981 0.217677 
5.48203e-06 4.86014e-05 0.000251033 0.00112263 0.00346223 0.0103908 0.0224042 0.0485082 0.422532 0.491275 
6.94101e-05 0.000696545 0.00472091 0.0148543 0.0319815 0.0716192 0.111138 0.171986 0.474865 0.11807 
1.1276e-05 0.000118864 0.000525777 0.00243033 0.00745819 0.0202331 0.0435263 0.409166 0.267991 0.248539 
1.66022e-07 5.98188e-07 3.23217e-06 1.44506e-05 0.000134897 0.000892076 0.00222818 0.00994142 0.0224439 0.964341 
6.77679e-05 0.000503801 0.0034491 0.010489 0.0263832 0.0466514 0.108387 0.308747 0.345964 0.149357 
9.81925e-26 1.34662e-22 4.60611e-20 4.5799e-17 7.88826e-15 4.48539e-12 3.43356e-09 2.19619e-06 0.00170095 0.998297 
0.000112539 0.000905345 0.00384574 0.013033 0.0487317 0.358387 0.301468 0.120427 0.114321 0.0387692 
0.0186969 0.098273 0.2041 0.395584 0.150878 0.089896 0.0280064 0.0106435 0.00317472 0.00074745 
0.000113664 0.000772529 0.00550388 0.0213481 0.0619551 0.314321 0.186419 0.195971 0.135345 0.0782507 
6.19165e-06 4.88688e-05 0.00031253 0.00117448 0.00401972 0.0124021 0.0251816 0.0570974 0.100896 0.798861 
6.61478e-06 5.59292e-05 0.000446959 0.00157535 0.00589653 0.01411 0.0333607 0.0779984 0.689788 0.176762 
1.70242e-05 0.000219804 0.00064354 0.00290617 0.0114886 0.0394916 0.420401 0.161817 0.193974 0.169041 
0.000658593 0.00743074 0.0270166 0.0729817 0.210891 0.233405 0.0997278 0.0818202 0.0904848 0.175583 
0.00013604 0.00139044 0.00655173 0.0244398 0.077384 0.395491 0.173252 0.162298 0.105141 0.0539159 
8.11021e-05 0.000702791 0.00415813 0.0139551 0.0350019 0.0588698 0.0852336 0.133116 0.487544 0.181338 
1.17012e-05 0.000124263 0.000640713 0.00302731 0.00855254 0.0217537 0.041561 0.0863433 0.14094 0.697046 
0.00027676 0.00190028 0.00864312 0.0364754 0.122674 0.524335 0.153687 0.0925092 0.0451414 0.0143573 
5.1183e-07 1.40604e-06 1.02954e-05 7.27527e-05 0.00098544 0.00522367 0.0939464 0.208052 0.566246 0.125462 
3.55086e-08 6.50178e-08 5.46257e-07 6.50183e-06 0.0003185 0.00134313 0.00663796 0.0404375 0.0877842 0.863472 
2.02151e-06 8.14205e-06 4.90079e-05 0.000214477 0.00148901 0.00705143 0.0157173 0.0578598 0.729936 0.187672 
0.000356868 0.00352598 0.0150352 0.0589394 0.16474 0.35279 0.158287 0.115667 0.0712796 0.0593789 
5.42128e-06 2.96895e-05 0.000197197 0.0010307 0.00595156 0.0191449 0.0582731 0.569515 0.177244 0.168609 
2.25605e-10 1.29227e-09 7.29155e-09 1.027e-07 3.90227e-07 2.95654e-06 0.000386224 0.011997 0.972203 0.0154108 
3.52404e-07 1.4285e-06 7.90342e-06 5.90556e-05 0.000396913 0.00149077 0.00376292 0.017134 0.639546 0.337601 
8.31643e-10 2.15746e-10 8.40821e-10 1.7685e-08 1.06779e-06 6.67182e-06 0.000214546 0.00605771 0.689783 0.303937 
1.29827e-05 0.000111566 0.000913394 0.00375905 0.0127493 0.0377724 0.469295 0.168087 0.156796 0.150503 
4.96762e-07 2.4856e-06 1.6928e-05 8.21512e-05 0.000639336 0.00244581 0.00691998 0.025791 0.0698624 0.894239 
0.000425629 0.00666623 0.0451122 0.0946164 0.304215 0.192479 0.105448 0.0680702 0.0894599 0.0935084 
0.000227747 0.00156426 0.0095845 0.0311905 0.0705939 0.131069 0.162052 0.173379 0.353201 0.0671373 
8.82591e-10 2.45923e-09 2.56628e-08 2.04793e-07 2.89699e-06 8.22751e-06 0.000120938 0.00724762 0.971223 0.0213975 
1.19556e-08 2.79169e-08 2.88342e-07 2.48342e-06 3.92511e-05 0.000361592 0.00062047 0.0083918 0.0386126 0.951971 
5.95743e-06 5.29381e-05 0.000288972 0.00158983 0.00455386 0.0109028 0.0203062 0.0479835 0.768991 0.145325 
2.9771e-05 0.000312166 0.00174357 0.00611926 0.0152746 0.0338774 0.0581887 0.0973624 0.140448 0.646644 
0.00012413 0.00154743 0.0075012 0.0248996 0.059679 0.111112 0.39429 0.190409 0.142018 0.0684204 
1.38125e-05 0.000157113 0.00071139 0.00317816 0.00958201 0.0286203 0.0775104 0.544482 0.176569 0.159176 
1.01825e-05 0.000102199 0.000598388 0.00383976 0.00948141 0.0221812 0.119613 0.0801929 0.169476 0.594505 
2.8171e-05 0.000351423 0.00158087 0.0068788 0.0199065 0.0542252 0.434922 0.183857 0.171431 0.126819 
4.60998e-09 7.37247e-09 6.64151e-08 7.13235e-07 1.46317e-05 0.000226923 0.00088457 0.00863249 0.036674 0.953567 
1.05292e-05 0.000112092 0.000471181 0.00232567 0.00744084 0.0225871 0.199567 0.156089 0.188233 0.423164 
0.000231274 0.00119123 0.00505724 0.0177554 0.196624 0.304052 0.159328 0.157991 0.0951615 0.0626085 
5.90064e-11 7.39053e-10 5.61181e-09 4.674e-07 6.66868e-05 0.000245621 0.00159042 0.0102438 0.890474 0.0973786 
1.02257e-05 8.39395e-05 0.00048815 0.00252675 0.00827986 0.0226871 0.0593786 0.540283 0.186487 0.179776 
8.53299e-06 6.99093e-05 0.000390878 0.00213679 0.0072513 0.0181137 0.039474 0.0859185 0.158614 0.688022 
4.71885e-09 9.91164e-09 1.01204e-07 9.42085e-07 1.67508e-05 0.000213311 0.00073453 0.851444 0.0793393 0.0682507 
5.17089e-06 3.95926e-05 0.000221532 0.00118433 0.00395055 0.0118965 0.0239396 0.0611636 0.125989 0.77161 
4.10091e-08 8.3155e-08 6.10352e-07 5.04645e-06 5.32622e-05 0.000609396 0.00177838 0.0106171 0.0236627 0.963273 
2.37925e-14 1.27886e-12 1.03619e-11 2.06847e-10 1.57656e-08 9.71534e-08 4.26028e-06 3.39855e-05 0.000255823 0.999706 
1.16661e-15 1.89751e-14 1.36294e-13 1.30576e-11 1.95601e-09 2.81232e-08 1.34508e-06 9.64112e-05 0.00376094 0.996141 
1.00501e-06 3.71569e-06 2.47892e-05 0.000118518 0.000777468 0.00367102 0.00816978 0.035272 0.811651 0.14031 
5.881e-28 1.20496e-24 1.3441e-21 4.01627e-18 8.4057e-15 7.19404e-12 1.74024e-08 1.75305e-05 0.00126174 0.998721 
9.52425e-08 1.55702e-07 1.07282e-06 8.45517e-06 8.12578e-05 0.000825342 0.00291446 0.0182756 0.0646646 0.913229 
0.000147882 0.00165175 0.00760633 0.0243582 0.0677426 0.114159 0.165991 0.388275 0.142439 0.0876285 
8.69993e-05 0.000451132 0.00251806 0.011659 0.0342888 0.0858256 0.366529 0.199267 0.173688 0.125686 
7.85763e-06 6.99875e-05 0.000389053 0.00208924 0.00523746 0.0132344 0.026779 0.0533034 0.0974928 0.801397 
0.000207368 0.00286421 0.0143577 0.0543824 0.0985626 0.120604 0.152812 0.425292 0.0906543 0.0402631 
7.54198e-06 5.9167e-05 0.000347816 0.0021399 0.00577127 0.0151791 0.0317566 0.0669902 0.118989 0.758759 
2.79342e-08 4.7497e-08 3.48256e-07 3.33013e-06 5.28062e-05 0.000156737 0.000561764 0.00210703 0.00474097 0.992377 
1.15133e-05 9.51755e-05 0.000835845 0.00617739 0.0753358 0.204863 0.0941383 0.201789 0.189421 0.227333 
1.91715e-05 0.000247604 0.00108687 0.00409296 0.0118254 0.028237 0.0591724 0.144263 0.561617 0.189438 
0.000191815 0.00117084 0.00745759 0.0254475 0.0645962 0.21361 0.268043 0.181504 0.142394 0.0955848 
9.09183e-06 6.67552e-05 0.000491738 0.00240242 0.00816558 0.021842 0.0613322 0.506127 0.188885 0.210678 
6.1404e-05 0.000613276 0.00540792 0.0171726 0.0413409 0.329466 0.139093 0.192285 0.165134 0.109426 
9.71603e-06 7.30281e-05 0.000432954 0.00214587 0.00821947 0.0222488 0.0564331 0.12499 0.187863 0.597584 
9.96851e-05 0.0011125 0.00616612 0.0210177 0.047991 0.0789321 0.107455 0.221966 0.33982 0.175439 
0.00584354 0.030143 0.162937 0.222463 0.37245 0.120527 0.0575198 0.0191972 0.00712772 0.0017924 
2.02095e-06 9.84593e-06 6.61279e-05 0.000299461 0.00179765 0.00896394 0.17139 0.41201 0.121291 0.28417 
0.000124046 0.00111386 0.00789308 0.0253324 0.0534418 0.0787927 0.115675 0.305646 0.304106 0.107875 
6.86278e-06 1.02774e-05 6.28758e-05 0.000363731 0.00224933 0.00973182 0.0368748 0.0678581 0.152545 0.730298 
4.57473e-15 6.77532e-14 2.1926e-13 1.20119e-11 9.13291e-10 5.77894e-08 5.90641e-06 0.000488434 0.0133347 0.986171 
4.96626e-05 0.000517175 0.0024551 0.0116969 0.03019 0.0738806 0.205103 0.400806 0.149029 0.126272 
6.9249e-06 7.29095e-05 0.00041286 0.00211612 0.00585561 0.0232069 0.0386965 0.18079 0.53911 0.209732 
1.09332e-05 9.78496e-05 0.000558402 0.00358704 0.00980035 0.0255612 0.0667721 0.490881 0.189563 0.213168 
4.53431e-06 3.60251e-05 0.000212817 0.0011816 0.00353591 0.0118735 0.0384423 0.101007 0.67406 0.169646 
9.88481e-07 8.65568e-06 6.10026e-05 0.000405351 0.000682521 0.00145921 0.00294642 0.00588 0.0227505 0.965805 
0.00102283 0.0149442 0.0517088 0.133745 0.29747 0.173775 0.131625 0.0931691 0.0619205 0.0406202 
0.00703269 0.046859 0.136679 0.431321 0.195279 0.105369 0.0480025 0.0195962 0.00799514 0.00186635 
8.16068e-06 6.90192e-05 0.000397781 0.00191619 0.00560235 0.0158842 0.0308247 0.0610166 0.108194 0.776087 
1.20495e-08 1.90652e-08 1.37712e-07 1.19237e-06 1.62439e-05 0.000227847 0.000532566 0.00348375 0.0136838 0.982054 
0.000417226 0.00281442 0.0121197 0.0364529 0.0950769 0.198627 0.337528 0.228305 0.0592001 0.0294588 
2.47582e-06 2.03477e-05 9.72765e-05 0.000566934 0.00164036 0.00493869 0.00821763 0.0212632 0.0561597 0.907093 
9.27029e-06 4.30139e-05 0.000234834 0.00132885 0.0163478 0.0318859 0.0512782 0.197752 0.513607 0.187513 
1.30642e-05 0.000173402 0.000497018 0.0020261 0.00636062 0.0179806 0.0355325 0.0750278 0.290618 0.571771 
8.60485e-05 0.000184006 0.0013289 0.00645161 0.026392 0.073482 0.432196 0.159782 0.154206 0.14589 
1.32576e-05 0.000148027 0.000803732 0.00395816 0.0102402 0.024063 0.0504139 0.127722 0.597168 0.18547 
0.000252752 0.00135902 0.00661931 0.0221894 0.0658034 0.132287 0.463027 0.153558 0.0983318 0.056572 
2.78038e-06 1.77815e-05 9.85687e-05 0.000497949 0.00213024 0.00686603 0.0163973 0.0627524 0.738299 0.172937 
7.16665e-41 1.17684e-36 2.52563e-32 2.80726e-27 1.47902e-22 2.48903e-18 1.72928e-13 5.14473e-09 0.000216591 0.999783 
2.63616e-05 0.000302098 0.00167835 0.0076498 0.0189373 0.044739 0.0823423 0.165369 0.197852 0.481105 
0.000748128 0.00735156 0.0461271 0.136253 0.310863 0.225267 0.149975 0.0627102 0.0341737 0.0265314 
0.00586409 0.027444 0.0848429 0.200258 0.414136 0.16477 0.0694766 0.022669 0.00854091 0.00199815 
1.26411e-05 0.000141445 0.000976077 0.00647261 0.0126896 0.0223081 0.0322108 0.0633757 0.0883088 0.773504 
1.65818e-07 5.02466e-07 2.83207e-06 1.46096e-05 0.000161451 0.00107329 0.00315179 0.014957 0.0439259 0.936712 
6.92515e-07 6.26413e-06 2.97382e-05 0.000234588 0.000433763 0.0010323 0.00186947 0.00483124 0.0107789 0.980783 
6.36757e-05 0.000646335 0.00310758 0.00898501 0.0219053 0.0470288 0.101185 0.165874 0.283669 0.367536 
5.8383e-06 4.31823e-05 0.000235037 0.00119152 0.00456351 0.0133087 0.0282126 0.0767214 0.630111 0.245608 
0.000138709 0.00127406 0.00767249 0.0251468 0.0580686 0.113289 0.166871 0.436131 0.119753 0.0716553 
1.23273e-06 6.90207e-06 4.65019e-05 0.000262574 0.00108889 0.00325922 0.01382 0.0459657 0.142171 0.793378 
3.15682e-07 1.19581e-06 7.82038e-06 4.27895e-05 0.000342352 0.00113907 0.00246673 0.00976334 0.0262029 0.960034 
1.33234e-06 5.28125e-06 3.02399e-05 0.00014684 0.000857587 0.0046121 0.0106674 0.0364237 0.101647 0.845609 
2.07664e-05 0.000202267 0.00110582 0.00347732 0.0112086 0.0257376 0.0599342 0.134404 0.569099 0.19481 
0.000195357 0.00156498 0.00777986 0.0289627 0.302586 0.118463 0.207436 0.190807 0.0913526 0.0508526 
6.11448e-06 7.19153e-05 0.00042274 0.00194106 0.00948138 0.023845 0.0356738 0.168121 0.515089 0.245348 
1.14514e-06 3.19072e-06 2.01061e-05 0.000100766 0.0011307 0.0043292 0.0144379 0.202366 0.0831263 0.694485 
4.05333e-07 8.82068e-07 5.37651e-06 3.18659e-05 0.000355382 0.00268409 0.0106085 0.112042 0.106842 0.767429 
3.60644e-05 0.00046775 0.00211921 0.00807627 0.025085 0.0426964 0.0638901 0.116819 0.504344 0.236466 
7.47614e-07 5.64805e-06 2.8316e-05 0.000183603 0.00055693 0.00131351 0.00272689 0.00548106 0.0190602 0.970643 
7.85361e-06 6.54862e-05 0.000370498 0.00211966 0.00587194 0.0150409 0.028811 0.0626709 0.118164 0.766878 
1.20941e-15 1.78598e-14 6.35531e-14 7.17137e-12 6.37397e-10 6.07991e-08 4.65552e-06 0.000362224 0.00952074 0.990112 
0.000312748 0.0020002 0.0101724 0.0383599 0.0995997 0.165339 0.352832 0.147475 0.106026 0.0778832 
