24358
1.14093e-18 9.17013e-15 3.85555e-12 7.06222e-09 1.79652e-07 5.73207e-05 0.0033721 0.994857 0.00167553 3.75328e-05 
7.56058e-28 3.8188e-24 4.61117e-21 4.84304e-17 2.96082e-15 1.62485e-12 1.86038e-08 0.0001549 0.500752 0.499094 
1.54159e-16 1.496e-13 6.75929e-11 1.9045e-08 6.32091e-06 0.000123556 0.00501957 0.992535 0.00226459 5.10287e-05 
4.72041e-07 0.000591722 0.011846 0.0323034 0.951506 0.00373733 1.47543e-05 2.32068e-08 3.07379e-12 3.13714e-16 
3.42114e-23 1.51723e-19 9.7931e-17 6.24643e-13 2.15031e-11 1.20588e-08 7.80937e-05 0.00220581 0.995121 0.00259512 
2.96641e-09 2.81704e-06 0.000283922 0.00691458 0.866219 0.0242431 0.102317 2.00897e-05 2.29566e-08 1.09581e-11 
1.21136e-18 1.01626e-14 4.22801e-12 7.0703e-09 1.91714e-07 6.85533e-05 0.00394001 0.994255 0.00170786 2.81864e-05 
1.31778e-14 1.82672e-11 1.01769e-09 9.50452e-08 5.12877e-06 0.000828306 0.00464567 0.99253 0.0019632 2.7241e-05 
2.70382e-13 4.15655e-10 1.23616e-07 0.000207112 0.00697514 0.983632 0.00842853 0.000755612 1.34481e-06 1.19311e-08 
4.99965e-23 2.39183e-19 2.37105e-16 1.264e-12 1.30479e-09 9.77189e-08 0.000350675 0.990826 0.00765867 0.00116441 
0.926912 0.0515326 0.0208957 0.000658412 1.12887e-06 1.35254e-09 1.53182e-12 4.26388e-15 6.4677e-19 5.85051e-23 
3.5965e-07 0.000380586 0.0102307 0.966898 0.0190626 0.00336735 6.06518e-05 2.25831e-08 2.00533e-11 4.53475e-16 
1.87239e-27 9.77701e-24 1.19292e-20 1.25634e-16 3.51034e-15 2.37014e-12 2.47215e-08 0.000137179 0.0078533 0.992009 
9.51829e-13 1.26464e-09 1.23911e-07 3.81745e-06 0.00137865 0.0103192 0.985697 0.00259702 4.07429e-06 7.58934e-09 
0.00282755 0.935153 0.047489 0.0140542 0.00047156 4.74397e-06 1.09215e-08 4.6546e-11 7.47096e-15 7.05717e-19 
1.59963e-18 1.31926e-14 5.75555e-12 1.14964e-08 2.74033e-07 9.72065e-05 0.00545617 0.991912 0.00248762 4.70832e-05 
4.94312e-16 6.9507e-13 4.37744e-11 1.64742e-08 5.88573e-06 0.000113905 0.00443306 0.993311 0.00208815 4.82e-05 
1.11587e-13 8.2649e-10 4.52598e-07 0.000296447 0.00614148 0.970407 0.0204091 0.00273969 6.08968e-06 2.9209e-08 
3.05474e-23 1.39367e-19 8.40354e-17 4.84322e-13 1.71467e-11 9.38287e-09 6.95627e-05 0.00176717 0.9968 0.00136276 
1.03563e-18 7.94631e-15 3.36915e-12 6.56506e-09 1.84692e-07 6.04254e-05 0.00374118 0.994396 0.00176169 4.03629e-05 
4.17699e-07 0.000596247 0.0133718 0.0384803 0.944601 0.00275781 0.000192753 2.68772e-08 3.55424e-12 3.36109e-16 
8.59379e-19 6.44771e-15 2.65274e-12 4.10251e-09 1.00064e-07 2.02302e-05 0.00106359 0.00365406 0.993849 0.00141271 
1.65219e-12 2.28657e-09 3.05225e-07 0.000307395 0.00944136 0.983464 0.00675883 2.81211e-05 4.08031e-08 2.79944e-11 
9.94364e-28 5.1657e-24 6.26949e-21 6.58425e-17 1.83827e-15 1.23641e-12 1.37964e-08 5.24235e-05 0.00178227 0.998165 
5.6933e-14 1.09357e-10 7.33043e-08 0.000226476 0.00449553 0.985826 0.00841403 0.00103599 1.80146e-06 1.49589e-08 
3.50092e-23 1.54926e-19 9.95799e-17 6.31351e-13 2.17617e-11 1.22299e-08 0.00010733 0.00143058 0.00882292 0.989639 
1.12769e-12 1.61123e-09 2.76788e-07 0.000302004 0.00990103 0.978748 0.0102454 0.000801402 1.53266e-06 2.5537e-08 
1.00734e-09 1.51293e-06 0.000141614 0.00323763 0.957876 0.03233 0.00638959 2.31376e-05 1.52947e-08 1.09259e-11 
5.91459e-28 3.59187e-24 4.56936e-21 4.89524e-17 1.34985e-15 9.12553e-13 1.16407e-08 3.68811e-05 0.994442 0.00552098 
1.11056e-18 9.14131e-15 3.86955e-12 7.41333e-09 1.79424e-07 5.79185e-05 0.00389508 0.98896 0.00705214 3.42525e-05 
2.68795e-23 1.35632e-19 7.71401e-17 4.02854e-13 1.38635e-11 7.60392e-09 6.65964e-05 0.00165047 0.013404 0.984879 
1.0387e-14 1.39507e-11 1.21908e-09 1.43405e-07 4.44598e-05 0.00141068 0.00619961 0.990356 0.00196609 2.30771e-05 
4.679e-10 2.25226e-07 3.17219e-05 0.000861347 0.0107198 0.982449 0.0059189 1.88643e-05 3.76925e-08 2.2571e-11 
3.51523e-14 4.61592e-11 5.90672e-09 9.37222e-07 0.000470445 0.00532671 0.0115644 0.982126 0.000511155 1.28448e-07 
3.50117e-05 0.00616381 0.83323 0.155904 0.00403076 0.000634924 1.79055e-06 7.41107e-09 1.20056e-12 1.12452e-16 
2.6166e-17 4.66578e-13 2.24026e-10 1.96907e-07 8.0174e-05 0.000921864 0.00521197 0.991833 0.00187783 7.51794e-05 
4.23881e-23 2.08328e-19 1.15535e-16 5.72002e-13 2.07732e-11 1.09699e-08 0.000103566 0.00104491 0.70576 0.293092 
4.24983e-10 1.38758e-07 1.18207e-05 0.000353586 0.0083141 0.985531 0.00576809 2.16201e-05 4.54555e-08 2.56952e-11 
9.70328e-09 4.72268e-05 0.00115355 0.945299 0.0397691 0.0129753 0.000755865 4.16143e-07 4.73187e-10 1.7652e-13 
5.7411e-16 6.79002e-13 2.31037e-10 5.66132e-08 3.36238e-05 0.000940872 0.984733 0.0116996 0.00253824 5.40826e-05 
3.33313e-14 4.02108e-11 8.11371e-09 1.25414e-06 0.00076463 0.00736546 0.015935 0.97593 3.29858e-06 1.28156e-08 
1.28005e-27 6.83282e-24 8.4051e-21 8.88414e-17 2.44888e-15 1.66314e-12 1.71141e-08 6.19167e-05 0.985446 0.0144917 
1.13462e-08 1.07048e-05 0.000892201 0.0108301 0.969867 0.0168444 0.00155265 2.7029e-06 1.04379e-09 2.13568e-13 
2.43315e-07 0.000114879 0.00399301 0.0114604 0.0232581 0.960349 0.000823506 4.79709e-07 1.37363e-10 1.1867e-14 
1.83462e-18 1.51266e-14 6.19555e-12 9.14395e-09 2.25111e-07 4.53468e-05 0.00295443 0.00657078 0.989529 0.000900364 
8.44174e-28 4.74834e-24 5.96362e-21 6.36266e-17 1.74329e-15 1.18782e-12 1.36726e-08 5.5745e-05 0.0020815 0.997863 
1.07884e-26 5.81172e-23 9.46714e-20 1.13959e-15 2.27922e-14 1.92743e-11 1.06531e-08 4.40133e-05 0.00142542 0.998531 
1.34285e-27 7.1812e-24 8.91763e-21 9.22502e-17 1.36142e-14 6.65341e-12 6.12937e-08 0.000370236 0.995065 0.00456461 
5.81224e-05 0.0093239 0.970061 0.0183356 0.00211862 0.000102836 4.09891e-07 2.11546e-10 7.26242e-14 6.74582e-18 
1.07759e-23 2.23837e-20 1.23468e-17 5.81393e-14 4.20697e-12 1.58829e-09 2.7144e-07 0.000157179 0.00251456 0.997328 
3.72373e-14 4.99217e-11 1.71661e-08 1.65739e-06 0.00100698 0.980639 0.0161899 0.00215914 3.34599e-06 1.70027e-08 
2.12405e-09 1.87051e-06 0.000133338 0.00178627 0.00980157 0.0242444 0.963337 0.000695811 2.03214e-07 5.26119e-11 
6.92468e-09 7.61503e-06 0.000677452 0.0101679 0.034464 0.953674 0.00100852 7.37166e-07 7.61044e-10 2.45693e-13 
0.00177735 0.0169103 0.953858 0.026872 0.00057705 5.21903e-06 1.26197e-08 5.07842e-11 8.30116e-15 7.95683e-19 
1.0713e-20 1.16772e-16 9.50422e-14 6.89171e-10 3.66382e-08 2.4064e-05 0.00250199 0.990462 0.00611794 0.000893537 
8.057e-28 3.84168e-24 4.60651e-21 4.82293e-17 1.33716e-15 9.07899e-13 9.10341e-09 4.14603e-05 0.00175739 0.998201 
9.04803e-09 1.04096e-05 0.000897659 0.011445 0.0389409 0.947043 0.00166182 1.00335e-06 8.23485e-10 2.35956e-13 
1.20049e-18 1.00424e-14 4.21695e-12 7.63303e-09 1.83712e-07 5.96433e-05 0.00331497 0.995004 0.0015838 3.76865e-05 
2.64652e-23 1.21953e-19 6.98606e-17 3.68526e-13 1.34408e-11 7.10382e-09 4.96646e-05 0.00148937 0.997415 0.00104629 
5.5527e-23 2.37658e-19 1.38773e-16 7.56925e-13 2.81351e-11 1.51917e-08 0.000152574 0.00166408 0.994547 0.00363678 
6.82208e-19 4.89076e-15 2.16512e-12 5.33464e-09 1.59384e-07 6.83249e-05 0.00424119 0.992112 0.00335263 0.000226162 
8.18775e-09 9.69968e-06 0.000713395 0.00925169 0.0275864 0.959208 0.00321056 2.05132e-05 3.13046e-09 4.44159e-13 
2.3263e-14 3.19542e-11 3.55968e-09 9.57958e-07 0.000891368 0.976263 0.0176537 0.0042304 0.000908115 5.26611e-05 
1.48752e-06 0.000451371 0.172044 0.818079 0.00852055 0.000901922 2.50022e-06 9.07394e-09 1.52159e-12 1.44359e-16 
5.35283e-14 6.7174e-11 1.02205e-08 1.36339e-06 0.000733253 0.00796223 0.988812 0.0024869 3.8964e-06 2.03346e-08 
2.173e-24 1.65582e-20 8.18347e-18 3.08579e-14 9.17074e-13 5.03401e-10 7.93015e-07 0.000971895 0.995595 0.00343217 
2.75554e-23 1.26115e-19 7.92844e-17 4.87822e-13 1.66935e-11 9.3452e-09 6.85215e-05 0.00151332 0.997229 0.00118886 
3.89095e-23 1.71997e-19 9.58701e-17 4.79771e-13 1.82642e-11 9.33817e-09 3.74188e-05 0.00171365 0.987883 0.0103661 
7.08581e-09 7.57529e-06 0.000716976 0.0115559 0.972215 0.0145943 0.00090944 5.77431e-07 7.08547e-10 2.39767e-13 
1.46318e-27 7.76259e-24 9.5236e-21 1.00538e-16 2.77573e-15 1.88212e-12 1.90112e-08 6.47148e-05 0.00250584 0.997429 
2.57015e-07 0.000218539 0.004149 0.0148837 0.963943 0.0158106 0.000994085 7.64537e-07 1.84472e-10 1.2761e-14 
1.16275e-06 0.000732277 0.0148578 0.971032 0.0119452 0.00142743 4.40113e-06 1.44071e-08 2.48111e-12 2.39812e-16 
1.33665e-27 7.049e-24 8.59094e-21 9.03814e-17 2.51012e-15 1.69437e-12 1.80876e-08 6.39872e-05 0.00210617 0.99783 
2.5209e-27 2.51602e-23 1.87737e-20 1.16173e-16 6.9849e-15 3.13462e-12 2.68637e-08 0.000102189 0.00265834 0.997239 
1.30844e-18 1.07878e-14 4.42233e-12 6.64097e-09 1.469e-07 2.38742e-05 0.00185152 0.993552 0.00422807 0.000344363 
3.18006e-19 2.91943e-15 1.21339e-12 1.93922e-09 5.41713e-08 1.31829e-05 0.00212008 0.992642 0.0047023 0.000522571 
1.67822e-18 1.41031e-14 5.85699e-12 9.80486e-09 2.18645e-07 5.67459e-05 0.00347487 0.994805 0.00161673 4.65967e-05 
5.32745e-14 6.52679e-11 1.17609e-08 1.66123e-06 0.000884628 0.00947974 0.986775 0.00285401 4.78971e-06 2.08054e-08 
2.12553e-23 6.92587e-20 5.38088e-17 4.20141e-13 1.51957e-11 8.60749e-09 8.08805e-05 0.000505295 0.00354878 0.995865 
3.42454e-07 0.000551022 0.0122649 0.975756 0.0100666 0.00135743 3.23623e-06 8.97222e-09 1.58932e-12 1.54194e-16 
6.0394e-14 7.66369e-11 1.14673e-08 1.75501e-06 0.00101442 0.975581 0.0205793 0.00281901 4.95613e-06 2.42549e-08 
6.27844e-23 2.70849e-19 1.62502e-16 9.26319e-13 3.42667e-11 1.83442e-08 0.000152619 0.00137641 0.007946 0.990525 
5.472e-14 6.84067e-11 1.07202e-08 1.43636e-06 0.000769354 0.0079809 0.0171087 0.974012 0.000127821 2.63459e-08 
1.91982e-13 2.54835e-10 2.72487e-08 3.964e-06 0.00142308 0.973104 0.0222705 0.00319341 5.26752e-06 3.31801e-08 
7.72705e-09 8.88933e-06 0.000738491 0.0112784 0.972669 0.0144872 0.000817473 5.13337e-07 5.54895e-10 1.93479e-13 
1.07366e-13 1.4624e-10 2.13303e-08 3.55626e-06 0.00164785 0.0113057 0.984827 0.00221239 3.00128e-06 2.59338e-08 
7.21435e-14 1.01064e-10 2.32268e-08 0.000166825 0.00405803 0.975972 0.0175261 0.00227332 3.33546e-06 2.68175e-08 
3.36993e-18 2.53202e-14 2.17294e-11 7.11015e-08 3.59795e-06 0.00224464 0.990134 0.00631186 0.00127011 3.54887e-05 
4.04017e-09 5.39294e-06 0.000570282 0.00785647 0.972362 0.0171232 0.00206291 1.92437e-05 1.78532e-08 1.41558e-11 
9.82522e-05 0.0112996 0.971059 0.0168776 0.000637457 2.75457e-05 2.75296e-08 7.21625e-11 1.35525e-14 1.35951e-18 
5.36297e-34 2.75225e-30 4.30225e-27 2.14327e-23 2.69256e-19 5.56749e-17 4.08993e-11 3.55984e-07 2.26731e-05 0.999977 
1.45412e-18 1.17154e-14 4.9316e-12 9.14754e-09 2.33809e-07 6.7495e-05 0.00459802 0.992196 0.00296291 0.000175178 
6.12906e-09 6.69952e-06 0.000654902 0.0126395 0.969678 0.0160991 0.000921639 5.5079e-07 6.7813e-10 2.12756e-13 
3.6499e-31 1.47177e-27 1.59949e-24 1.58214e-20 1.28569e-18 4.51023e-16 1.37073e-10 1.26256e-06 0.000110737 0.999888 
2.1235e-20 1.15352e-16 1.89485e-13 2.28796e-09 4.32516e-08 3.76078e-05 0.000985629 0.972877 0.0241259 0.00197405 
5.95328e-09 7.11913e-06 0.00061505 0.00992199 0.976406 0.0123183 0.000730759 4.64677e-07 5.20021e-10 1.45739e-13 
0 0 0 0 0 0 2.8403e-16 3.57602e-11 2.15214e-05 0.999978 
6.68664e-14 8.5023e-11 1.48724e-08 5.50733e-05 0.00156052 0.97627 0.0193876 0.00272173 4.94772e-06 2.608e-08 
6.60453e-20 2.89388e-16 2.91822e-13 2.74775e-09 7.72947e-08 5.4691e-05 0.00310261 0.988055 0.00780021 0.00098742 
1.64533e-18 1.31004e-14 6.27409e-12 1.27931e-08 4.29397e-07 0.000267365 0.989382 0.00847154 0.00183086 4.81876e-05 
3.70883e-14 4.57347e-11 8.71506e-09 1.27291e-06 0.000768366 0.00549388 0.0140041 0.979334 0.00039833 3.27992e-07 
5.11341e-37 2.69455e-33 4.55131e-30 4.17614e-26 3.6817e-22 1.61726e-19 2.97155e-15 3.31796e-11 8.99685e-06 0.999991 
8.72868e-28 4.77223e-24 5.88123e-21 6.21686e-17 1.72238e-15 1.16331e-12 1.29613e-08 4.42767e-05 0.00130716 0.998649 
5.96874e-14 7.36606e-11 1.19639e-08 1.37494e-06 0.000745253 0.00805679 0.987306 0.00359724 0.000292836 3.6446e-07 
1.87765e-18 1.31704e-14 9.32639e-12 3.05942e-08 1.34549e-06 0.0006515 0.98959 0.00783825 0.00187763 4.12896e-05 
1.43006e-19 6.40367e-16 3.69743e-13 2.0232e-09 5.76231e-08 3.36379e-05 0.00113006 0.0042782 0.992753 0.00180486 
2.9625e-23 1.57572e-19 7.62888e-17 2.66524e-13 1.04101e-11 4.75733e-09 2.92037e-05 0.000407121 0.0029077 0.996656 
1.31743e-18 1.10681e-14 4.51253e-12 6.44358e-09 1.39378e-07 1.69052e-05 0.00163569 0.990458 0.00693554 0.000954175 
4.37951e-23 1.92296e-19 1.21839e-16 7.61471e-13 1.19203e-10 5.58666e-08 0.000452394 0.986373 0.0112646 0.00191018 
4.71304e-20 3.69509e-16 1.49495e-13 2.13075e-10 5.84124e-09 5.6024e-07 0.00039604 0.986321 0.0113586 0.00192386 
3.55289e-23 1.63093e-19 9.44121e-17 5.08199e-13 1.82549e-11 9.81395e-09 6.37753e-05 0.00178214 0.996778 0.00137567 
9.66459e-28 5.14271e-24 6.32366e-21 6.68337e-17 1.84552e-15 1.25128e-12 1.32159e-08 4.88187e-05 0.00181788 0.998133 
1.98603e-13 2.15305e-09 5.24035e-07 0.000681552 0.00895663 0.976565 0.0122834 0.00150997 2.68015e-06 1.60755e-08 
1.46942e-12 2.04876e-09 2.86477e-07 0.000103298 0.0082799 0.981293 0.00992843 0.000394467 1.31241e-07 2.98761e-11 
1.81717e-27 9.61019e-24 1.17355e-20 1.23584e-16 3.4302e-15 2.31607e-12 2.46488e-08 8.4144e-05 0.00304217 0.996874 
1.24556e-27 6.6501e-24 8.15869e-21 8.61129e-17 2.37321e-15 1.61099e-12 1.60581e-08 5.24607e-05 0.00184448 0.998103 
1.55723e-27 8.27912e-24 1.00981e-20 1.06245e-16 2.96068e-15 1.99223e-12 2.19393e-08 7.66152e-05 0.00288603 0.997037 
4.10146e-23 1.91491e-19 1.03267e-16 4.81413e-13 1.83129e-11 9.425e-09 9.48145e-05 0.000697005 0.993444 0.00576437 
5.56291e-14 6.76044e-11 1.13509e-08 9.08741e-07 0.000358319 0.00516494 0.986237 0.00709729 0.00113995 1.23388e-06 
0.00276552 0.945212 0.042356 0.00944871 0.000216834 1.31264e-06 2.68919e-09 1.15975e-11 1.7948e-15 1.62294e-19 
2.29057e-08 0.000146788 0.00232353 0.488862 0.499804 0.00830303 0.00055974 3.2531e-07 3.59384e-10 1.34117e-13 
8.54998e-23 4.04157e-19 4.42685e-16 2.18359e-12 7.11224e-10 4.05646e-07 0.00123637 0.00612746 0.990642 0.00199341 
3.21219e-18 2.70874e-14 2.21216e-11 6.94502e-08 4.2556e-05 0.000448586 0.00454437 0.993254 0.00168588 2.46684e-05 
3.19314e-07 0.000367459 0.00702463 0.0211421 0.965171 0.00615204 0.000142427 1.73375e-08 2.50252e-12 2.46621e-16 
7.30476e-29 4.17052e-25 5.31134e-22 5.70583e-18 1.5308e-16 1.06022e-13 9.0285e-10 2.24234e-06 0.000242293 0.999755 
8.8107e-19 8.0571e-15 3.34478e-12 5.48537e-09 1.2726e-07 3.60256e-05 0.00207367 0.994107 0.00330746 0.000476013 
1.20742e-12 2.33392e-09 1.20084e-06 0.00228263 0.969456 0.0230477 0.00518918 2.32574e-05 3.89036e-08 1.00312e-10 
3.98359e-20 3.68363e-16 1.50014e-13 2.17828e-10 4.26979e-09 5.2372e-07 0.000125772 0.00267747 0.995106 0.0020898 
5.28681e-12 4.86726e-09 2.4246e-06 0.00196117 0.954611 0.0354737 0.00779333 0.000158515 9.6093e-08 2.68983e-11 
4.32132e-23 1.95885e-19 1.19132e-16 6.95671e-13 2.4766e-11 1.34519e-08 8.59933e-05 0.00329598 0.994655 0.00196307 
8.03898e-24 6.19249e-20 2.59242e-17 4.49365e-14 1.36971e-12 3.9388e-10 6.77316e-08 8.77479e-05 0.00148676 0.998425 
6.19997e-09 7.00137e-06 0.000573997 0.0100089 0.973689 0.0148946 0.000826296 4.59103e-07 5.41798e-10 1.74684e-13 
4.05639e-14 5.24139e-11 7.14248e-09 1.26157e-06 0.000708596 0.00749181 0.0165983 0.974977 0.000222718 3.16281e-08 
1.84527e-18 1.51702e-14 6.3689e-12 1.15382e-08 2.8425e-07 8.67232e-05 0.00492317 0.99262 0.00231713 5.29357e-05 
7.17303e-28 3.89009e-24 4.8268e-21 5.12279e-17 1.40857e-15 9.57668e-13 1.01405e-08 3.53064e-05 0.00151435 0.99845 
3.60322e-10 5.08261e-07 3.20265e-05 0.00193058 0.962986 0.0293624 0.00566249 2.63482e-05 5.46232e-08 3.26343e-11 
3.2223e-24 2.1226e-20 2.69182e-17 2.86961e-13 8.0552e-12 5.27259e-09 3.46083e-05 0.00171101 0.994269 0.00398555 
7.24746e-10 8.94815e-07 0.00016881 0.00525934 0.969056 0.0215398 0.00395193 2.29387e-05 1.03626e-07 1.36374e-09 
1.40282e-39 5.22813e-35 2.75464e-31 1.27929e-26 1.47226e-22 6.52107e-20 3.48059e-15 1.61097e-10 5.23774e-05 0.999948 
1.53478e-28 9.47153e-25 1.24797e-21 1.36097e-17 3.70429e-16 2.54152e-13 4.31842e-09 2.83904e-05 0.00105577 0.998916 
6.94205e-28 4.01564e-24 5.04518e-21 5.3783e-17 1.48149e-15 1.00423e-12 1.19049e-08 4.13727e-05 0.49674 0.503218 
4.87141e-14 5.92679e-11 1.03806e-08 1.07322e-06 0.000520036 0.00483738 0.0125605 0.980233 0.00184578 2.12337e-06 
1.41067e-27 7.50685e-24 9.21472e-21 9.72947e-17 2.69199e-15 1.8226e-12 1.9617e-08 7.20486e-05 0.00268873 0.997239 
1.05602e-18 8.09432e-15 3.44681e-12 6.8221e-09 1.91196e-07 6.72131e-05 0.00432863 0.993564 0.00199615 4.36961e-05 
4.00724e-07 0.000330994 0.00671447 0.024283 0.958981 0.00934359 0.000346538 9.11508e-08 4.34193e-11 3.0983e-15 
1.03894e-14 1.37873e-11 1.59385e-09 1.78145e-07 9.89921e-05 0.00171434 0.988156 0.00831038 0.00167651 4.34449e-05 
3.40055e-14 4.30007e-11 6.76068e-09 9.58865e-07 0.000484193 0.00679132 0.99048 0.00218771 4.27874e-05 1.31461e-05 
3.31907e-07 0.000543861 0.0110401 0.964949 0.0187691 0.00460563 9.14741e-05 7.77561e-08 6.71714e-11 6.26561e-15 
3.12027e-33 1.59655e-29 2.48943e-26 1.19531e-22 7.93396e-19 2.34719e-16 7.313e-11 6.62217e-07 0.000185062 0.999814 
3.63134e-20 2.22015e-16 2.71925e-13 2.93565e-09 6.44881e-08 4.56809e-05 0.00221217 0.987863 0.00850198 0.00137697 
1.54073e-12 2.12701e-09 2.85439e-07 0.000184566 0.00777975 0.986152 0.00585707 2.58403e-05 4.80318e-08 2.77053e-11 
1.07681e-18 8.63745e-15 3.67895e-12 7.33541e-09 1.92918e-07 6.9042e-05 0.00455445 0.993276 0.00206313 3.69564e-05 
2.02378e-12 2.73139e-09 2.79041e-07 1.51685e-05 0.00410065 0.980542 0.0140573 0.00128308 1.65951e-06 1.66349e-09 
2.12606e-09 2.36589e-06 0.000163924 0.00202949 0.294516 0.701221 0.00205485 1.30437e-05 2.32037e-09 8.86683e-13 
1.83544e-25 4.6802e-22 3.45987e-19 2.57642e-15 1.03603e-13 5.57898e-11 3.42195e-08 8.31389e-05 0.00259096 0.997326 
6.60018e-08 0.000280803 0.00698022 0.957421 0.025938 0.0087582 0.000621717 4.33416e-07 5.21673e-10 1.69676e-13 
8.77684e-26 2.02301e-22 1.0395e-19 3.72166e-16 4.43822e-14 1.70557e-11 2.99785e-08 0.000128503 0.986746 0.0131254 
1.36366e-12 1.8822e-09 2.64736e-07 0.000246105 0.00843221 0.977639 0.012651 0.00102971 1.65172e-06 4.65203e-09 
1.26618e-27 6.87962e-24 8.50974e-21 9.016e-17 2.48827e-15 1.68758e-12 1.88712e-08 7.61995e-05 0.00278864 0.997135 
3.8029e-14 4.79748e-11 7.20473e-09 1.13817e-06 0.000648271 0.00677432 0.990443 0.00213044 3.06349e-06 1.63315e-08 
9.54848e-28 5.1028e-24 6.27759e-21 6.63543e-17 1.82477e-15 1.24139e-12 1.20194e-08 3.84459e-05 0.00166006 0.998301 
2.12487e-14 2.67915e-11 3.31343e-09 2.2839e-07 7.40918e-05 0.00133307 0.00532674 0.991919 0.00132645 2.04581e-05 
1.41625e-14 1.92071e-11 1.61755e-09 1.57362e-07 7.00773e-05 0.00134582 0.990363 0.00673797 0.00144329 3.94984e-05 
9.63325e-21 1.08701e-16 8.53951e-14 5.93836e-10 2.81131e-08 1.87194e-05 0.00134958 0.0057566 0.991129 0.00174562 
3.28372e-15 3.5431e-12 9.19382e-10 9.64805e-08 9.55789e-05 0.00046827 0.00548492 0.991839 0.0020507 6.16245e-05 
8.95968e-28 4.80864e-24 5.89085e-21 6.21117e-17 1.72453e-15 1.16381e-12 1.31767e-08 4.97555e-05 0.00166179 0.998288 
5.01553e-14 6.29448e-11 9.43589e-09 1.291e-06 0.000731327 0.00815924 0.988363 0.00265992 7.86169e-05 6.10614e-06 
1.51059e-12 2.11362e-09 3.12285e-07 0.000330159 0.00875343 0.030875 0.959814 0.000226994 1.28817e-07 4.81402e-11 
2.50737e-28 1.33869e-24 1.70117e-21 1.82948e-17 4.96754e-16 3.41662e-13 3.74685e-09 1.72408e-05 0.000927181 0.999056 
2.78476e-23 1.06994e-19 5.9652e-17 2.97713e-13 1.23104e-11 6.14734e-09 1.98608e-05 0.000528634 0.993874 0.00557707 
1.87663e-13 2.47937e-10 2.96124e-08 2.44595e-06 0.00126285 0.00929946 0.987095 0.00233594 3.85415e-06 1.96386e-08 
1.79681e-08 0.000136203 0.00289267 0.777353 0.212627 0.00640568 0.000583962 8.59383e-07 2.10966e-09 4.40134e-12 
6.1629e-33 3.1496e-29 4.90779e-26 2.32946e-22 9.10979e-19 3.9418e-16 1.17834e-11 7.86592e-08 0.000342532 0.999657 
4.72103e-23 2.13819e-19 1.292e-16 7.45837e-13 2.67401e-11 1.4501e-08 0.000113343 0.00124855 0.0075251 0.991113 
2.20414e-23 8.78345e-20 6.28334e-17 4.5357e-13 1.56754e-11 9.04979e-09 7.92881e-05 0.00138467 0.996914 0.00162198 
4.04539e-08 0.000317525 0.00693893 0.969172 0.0168549 0.00631679 0.000399502 3.61317e-07 4.66916e-10 1.76279e-13 
2.62333e-12 1.79559e-08 5.20283e-06 0.000718785 0.012267 0.978989 0.00791432 0.000105614 1.09939e-07 7.62906e-11 
1.78619e-34 9.1339e-31 1.4262e-27 6.92565e-24 2.83793e-20 1.25244e-17 1.6064e-13 1.55098e-09 3.77189e-05 0.999962 
4.36468e-09 4.9062e-06 0.000495076 0.00981133 0.97618 0.0127608 0.000746721 7.16831e-07 4.40734e-09 1.58313e-12 
0 0 0 0 0 0 0 0 5.0544e-06 0.999995 
1.46058e-27 7.78745e-24 9.54923e-21 9.98402e-17 5.13853e-15 2.96132e-12 2.43602e-08 8.29307e-05 0.00257314 0.997344 
1.31528e-27 6.89624e-24 8.41432e-21 8.85976e-17 2.45999e-15 1.6612e-12 1.78064e-08 6.43621e-05 0.00225188 0.997684 
6.55296e-14 1.07756e-10 6.0862e-08 0.000197733 0.0033646 0.0176399 0.975979 0.00280053 1.84313e-05 1.26005e-07 
8.31712e-15 1.03295e-11 1.62489e-09 2.21019e-07 0.000128906 0.00109437 0.00677348 0.989939 0.00201837 4.53977e-05 
1.29511e-18 1.01648e-14 4.33133e-12 8.6612e-09 2.35172e-07 8.33163e-05 0.00507481 0.992425 0.00236424 5.27589e-05 
1.13996e-13 1.98662e-10 1.16492e-07 0.000330728 0.00765132 0.976865 0.0135105 0.00163914 3.06434e-06 2.77129e-08 
5.35293e-23 2.349e-19 1.37991e-16 7.60469e-13 2.80652e-11 1.49512e-08 0.000112996 0.00242565 0.995683 0.00177837 
1.28002e-18 1.06752e-14 4.35454e-12 6.19719e-09 1.47404e-07 2.1651e-05 0.00148221 0.00368114 0.993881 0.00093361 
0.00914962 0.942386 0.0391452 0.00922842 9.0544e-05 3.70496e-07 7.22889e-10 2.93806e-12 4.54711e-16 4.13288e-20 
5.38525e-25 3.30877e-21 4.80847e-18 5.49214e-14 1.31953e-12 1.02641e-09 3.4095e-07 0.00146849 0.00750077 0.99103 
4.23438e-07 0.000688761 0.013672 0.971666 0.0124233 0.00154494 4.12283e-06 1.50881e-08 2.53274e-12 2.38839e-16 
5.84505e-23 2.6159e-19 1.59554e-16 9.36234e-13 3.32428e-11 1.82043e-08 0.000137602 0.00255619 0.995211 0.00209499 
2.27559e-12 3.14651e-09 4.35285e-07 0.00089134 0.953105 0.037385 0.00853047 8.68863e-05 5.03609e-07 8.53003e-11 
4.39831e-14 5.31537e-11 9.56566e-09 1.11344e-06 0.000626561 0.00501747 0.012714 0.980455 0.00118499 6.73704e-07 
0.000766894 0.286625 0.698637 0.0124269 0.00148903 5.45604e-05 5.75629e-07 3.28197e-10 1.20038e-13 1.55139e-17 
7.01347e-29 4.21125e-25 5.92888e-22 6.67889e-18 1.74304e-16 1.23961e-13 2.12777e-09 1.75907e-05 0.000785963 0.999196 
1.10427e-27 5.61869e-24 6.76548e-21 7.07958e-17 1.98381e-15 1.33103e-12 1.50105e-08 5.9047e-05 0.00211761 0.997823 
3.40621e-23 1.46291e-19 9.26544e-17 5.75509e-13 2.05936e-11 1.13421e-08 0.00023564 0.98119 0.016906 0.00166828 
4.91502e-23 2.20147e-19 1.37311e-16 8.33791e-13 2.9151e-11 1.61864e-08 0.000125932 0.00242674 0.995472 0.00197493 
3.90964e-14 4.82062e-11 8.36724e-09 1.18033e-06 0.000633456 0.0070781 0.0165231 0.975761 3.25648e-06 1.64986e-08 
1.60176e-18 1.28203e-14 5.44573e-12 1.06934e-08 2.7695e-07 9.62144e-05 0.00561467 0.991653 0.00258298 5.30025e-05 
6.32334e-09 6.85539e-06 0.000655272 0.0106611 0.974944 0.0129991 0.000732765 4.83886e-07 6.00926e-10 1.93123e-13 
6.57384e-14 8.14129e-11 1.32177e-08 1.6608e-06 0.000863622 0.00942845 0.986821 0.00288046 5.03282e-06 2.62317e-08 
3.82888e-07 0.000401403 0.00902263 0.890585 0.0964299 0.0035176 4.33458e-05 1.85105e-08 2.93497e-12 2.69437e-16 
7.97645e-29 4.39822e-25 5.65758e-22 6.11649e-18 1.67915e-16 1.14759e-13 1.84119e-09 1.15657e-05 0.000678401 0.99931 
8.61152e-06 0.00201967 0.0214069 0.965331 0.0101317 0.00109858 3.18963e-06 9.37313e-09 1.64977e-12 1.60081e-16 
7.5448e-18 6.51937e-14 4.02662e-11 1.03979e-07 8.26462e-05 0.000716426 0.282419 0.715331 0.00141843 3.32519e-05 
1.28392e-07 0.000496281 0.00997148 0.0352015 0.946082 0.007559 0.000688783 5.07816e-07 6.01221e-10 1.94644e-13 
6.98679e-13 9.22845e-10 9.48704e-08 3.09854e-06 0.00117528 0.00880002 0.987713 0.00230442 3.61253e-06 1.17336e-08 
2.436e-20 1.55079e-16 1.83122e-13 1.89178e-09 4.70405e-08 3.69101e-05 0.00148803 0.00449949 0.993007 0.000968321 
1.46927e-05 0.00230919 0.0191162 0.968629 0.00946055 0.000468163 2.32001e-06 3.67458e-09 7.79266e-13 7.99115e-17 
9.6014e-19 7.35115e-15 3.15669e-12 6.6523e-09 1.82777e-07 6.61703e-05 0.00350236 0.00756143 0.988743 0.000127071 
5.02646e-28 3.30054e-24 4.29188e-21 4.63979e-17 1.26292e-15 8.6167e-13 1.02866e-08 3.48905e-05 0.00150549 0.99846 
5.03726e-09 5.53207e-06 0.000564372 0.00961921 0.0318533 0.955892 0.00205555 1.04134e-05 7.29666e-09 5.72605e-12 
3.38504e-23 1.45518e-19 9.26538e-17 5.79799e-13 2.02319e-11 1.14561e-08 0.000100351 0.00205672 0.996218 0.00162532 
4.84461e-15 6.63494e-12 2.39575e-09 8.50075e-07 0.000491588 0.00469186 0.0123556 0.981248 0.00121091 1.66739e-06 
2.18196e-14 2.69039e-11 5.13818e-09 8.51514e-07 0.000479993 0.00528824 0.0125176 0.981219 0.000478053 1.60153e-05 
5.07652e-19 4.80281e-15 1.9624e-12 2.8421e-09 5.30536e-08 7.26001e-06 0.000429833 0.00873355 0.989047 0.00178217 
7.57034e-06 0.000797513 0.00939545 0.0241003 0.95627 0.00913578 0.000292908 3.67004e-08 4.25709e-12 4.03908e-16 
0.00178008 0.00977183 0.698747 0.289067 0.000632561 1.4878e-06 2.39692e-09 1.11434e-11 1.71585e-15 1.55724e-19 
1.20035e-28 5.80159e-25 6.71411e-22 6.88032e-18 2.00093e-16 1.30424e-13 1.7606e-09 7.04449e-06 0.000198922 0.999794 
7.12748e-14 9.18961e-11 1.34891e-08 1.77661e-06 0.000916626 0.00919717 0.987173 0.00270672 4.618e-06 2.26177e-08 
4.82126e-23 1.88088e-19 1.19965e-16 7.49605e-13 2.80104e-11 1.50754e-08 0.000108188 0.00220653 0.995607 0.00207807 
0.00468212 0.925048 0.0580042 0.0121899 7.5725e-05 1.81989e-07 3.0513e-10 6.68658e-13 1.03124e-16 9.36959e-21 
5.16645e-25 3.48625e-21 2.67101e-18 2.06923e-14 6.20393e-13 3.57435e-10 1.08916e-06 8.92917e-05 0.0020345 0.997875 
3.49768e-09 4.79069e-06 0.000452201 0.00918276 0.972378 0.0161076 0.00186951 4.66e-06 3.37287e-08 2.45697e-11 
3.15231e-23 1.06003e-19 7.74218e-17 5.70537e-13 2.068e-11 1.16099e-08 7.48335e-05 0.00207722 0.996129 0.00171899 
1.15549e-18 9.12535e-15 3.83725e-12 7.04609e-09 1.83944e-07 5.44017e-05 0.00367822 0.994148 0.00202599 9.2931e-05 
6.79493e-28 2.9832e-24 3.37896e-21 3.4346e-17 9.84998e-16 6.52252e-13 5.92693e-09 2.37927e-05 0.000645728 0.99933 
1.55511e-23 4.80259e-20 4.31595e-17 3.79544e-13 1.31789e-11 7.74369e-09 8.42866e-05 0.00195689 0.995578 0.00238074 
3.30088e-15 3.87977e-12 1.10141e-09 1.21776e-07 4.30731e-05 0.00122409 0.00602532 0.990962 0.00171395 3.16871e-05 
1.05895e-13 1.40165e-10 2.31693e-08 3.12206e-06 0.00109473 0.0109196 0.984955 0.00302276 4.65893e-06 2.26568e-08 
0.972878 0.0242184 0.00289143 1.16878e-05 4.90767e-08 6.31087e-11 8.77455e-14 1.03217e-16 1.61677e-20 1.4551e-24 
5.89682e-14 7.51424e-11 1.13162e-08 1.91243e-06 0.000761884 0.00845844 0.988015 0.00275798 4.64858e-06 2.33649e-08 
1.76225e-18 1.45835e-14 6.0689e-12 1.03504e-08 2.39199e-07 6.23544e-05 0.00402028 0.993885 0.00197679 5.4957e-05 
1.47003e-28 9.67348e-25 1.2879e-21 1.40886e-17 3.85071e-16 2.6214e-13 4.29298e-09 2.20799e-05 0.000663518 0.999314 
3.95433e-23 1.7914e-19 1.09109e-16 6.39241e-13 2.25099e-11 1.23244e-08 8.43829e-05 0.00193099 0.996468 0.00151646 
8.22478e-28 4.2646e-24 5.17614e-21 5.43679e-17 1.5204e-15 1.02209e-12 1.22372e-08 6.5621e-05 0.00185693 0.998077 
3.61886e-13 5.22038e-10 1.03713e-07 0.000173951 0.00455641 0.6998 0.294057 0.00140983 2.52606e-06 2.01282e-08 
0 0 0 0 0 0 1.87923e-16 3.06033e-11 4.17128e-06 0.999996 
1.24501e-27 6.65458e-24 8.14744e-21 8.58872e-17 2.37965e-15 1.60831e-12 1.68467e-08 5.51711e-05 0.00193034 0.998014 
1.55867e-27 8.24005e-24 1.00816e-20 1.06227e-16 4.01583e-15 2.46518e-12 2.6714e-08 0.000116157 0.00283248 0.997051 
4.18303e-29 1.72268e-25 1.90009e-22 1.90541e-18 6.90907e-17 3.86833e-14 2.61099e-09 2.19413e-05 0.000529146 0.999449 
2.04092e-18 1.67409e-14 7.05185e-12 1.31149e-08 3.08188e-07 0.000101533 0.00573816 0.990003 0.00385489 0.000302548 
1.64377e-18 1.37086e-14 5.72816e-12 9.98663e-09 2.43434e-07 6.78076e-05 0.00395701 0.992296 0.00332351 0.000355767 
1.57604e-27 8.41468e-24 1.02422e-20 1.07622e-16 3.00394e-15 2.01855e-12 2.25926e-08 7.78426e-05 0.00251401 0.997408 
1.45158e-19 1.37309e-15 5.83203e-13 1.15634e-09 2.65801e-08 6.99312e-06 0.000638686 0.986878 0.0108215 0.00165512 
2.03361e-12 3.11205e-09 9.12239e-07 0.000970836 0.014539 0.977063 0.00739696 2.90012e-05 5.84832e-08 3.59238e-11 
9.64829e-13 1.28684e-09 1.77264e-07 1.40725e-05 0.00406216 0.978886 0.0154228 0.00161236 2.16428e-06 7.00377e-09 
5.31909e-14 6.79488e-11 9.78549e-09 1.37179e-06 0.000755428 0.00862013 0.985124 0.00541476 8.44724e-05 2.61493e-08 
2.72533e-23 1.4195e-19 8.6465e-17 5.07563e-13 1.67459e-11 9.41928e-09 5.88269e-05 0.00184199 0.0102189 0.98788 
1.46874e-22 1.27512e-18 1.1234e-15 9.31125e-12 2.52124e-10 1.37723e-07 8.88162e-05 0.00204035 0.996174 0.00169657 
3.92901e-24 2.06963e-20 2.41083e-17 2.47274e-13 7.07455e-12 4.74588e-09 7.40265e-05 0.000421922 0.00341278 0.996091 
4.62175e-14 5.95404e-11 7.12912e-09 7.33264e-07 0.00038566 0.00482307 0.98592 0.00763625 0.00123157 2.50854e-06 
1.48029e-18 1.20666e-14 5.03426e-12 8.79407e-09 2.28357e-06 0.000973245 0.987796 0.00916952 0.00200891 5.0264e-05 
1.74114e-09 8.34012e-07 0.000127004 0.00317559 0.959548 0.0318237 0.00530062 2.44883e-05 2.26461e-08 1.56235e-11 
5.91069e-14 7.38089e-11 1.13564e-08 1.37097e-06 0.000670822 0.0082805 0.987739 0.00312552 0.000182694 2.96265e-07 
7.85245e-24 2.76331e-20 2.31371e-17 1.93745e-13 6.33485e-12 3.9572e-09 4.52601e-05 0.00143059 0.994614 0.00390965 
2.18606e-27 1.13394e-23 1.5543e-20 1.27246e-16 1.18854e-14 6.8319e-12 3.74294e-08 0.000125032 0.00233394 0.997541 
2.77991e-14 3.57612e-11 4.29392e-09 2.9486e-07 7.26291e-05 0.00148266 0.00520613 0.99162 0.00161638 2.33281e-06 
1.56956e-23 7.91913e-20 3.51038e-17 8.45441e-14 4.28898e-12 1.45522e-09 3.00284e-07 0.000641534 0.993118 0.00624041 
3.23714e-23 1.45115e-19 8.67001e-17 4.92572e-13 1.75198e-11 9.65789e-09 8.27919e-05 0.00172314 0.996563 0.00163118 
1.67586e-18 1.38067e-14 5.81762e-12 1.08245e-08 2.58423e-07 8.48192e-05 0.00442304 0.00944416 0.985627 0.000420547 
4.30645e-23 1.88656e-19 1.16755e-16 7.00714e-13 2.48516e-11 1.3693e-08 0.000105248 0.00243248 0.995514 0.00194786 
8.97715e-28 4.55966e-24 5.42169e-21 5.63333e-17 1.58429e-15 1.05943e-12 1.05417e-08 2.73276e-05 0.000827657 0.999145 
3.82769e-05 0.00377718 0.0162086 0.97689 0.00306623 1.99694e-05 2.21113e-08 3.13308e-11 5.15604e-15 4.72584e-19 
1.07138e-27 5.78973e-24 7.11955e-21 7.52012e-17 2.08285e-15 1.40816e-12 1.54024e-08 5.35535e-05 0.0020557 0.997891 
5.08168e-30 2.57521e-26 3.40518e-23 3.73897e-19 1.23283e-17 7.63385e-15 3.49058e-10 2.9706e-06 0.000425132 0.999572 
5.64e-30 1.80242e-26 1.63439e-23 1.44717e-19 4.94988e-18 2.90636e-15 1.26321e-11 1.07913e-09 8.80392e-06 0.999991 
5.60965e-14 7.31666e-11 8.21589e-09 8.90589e-07 0.000479173 0.00455378 0.00996049 0.983814 0.00118948 1.99342e-06 
7.37642e-09 8.23664e-06 0.000710912 0.00956041 0.966693 0.0197221 0.00329172 1.32511e-05 5.04989e-09 8.03972e-13 
1.62356e-08 0.000100968 0.00178052 0.0124863 0.9674 0.0161237 0.00210354 5.42165e-06 5.00906e-08 3.37441e-11 
2.96514e-23 1.11911e-19 6.21198e-17 3.0659e-13 1.3049e-11 6.41493e-09 2.28699e-05 0.00078643 0.996483 0.00270765 
3.87663e-23 1.77556e-19 1.06357e-16 6.07069e-13 2.13625e-11 1.17564e-08 8.98425e-05 0.00184949 0.996527 0.00153385 
1.28567e-18 1.0486e-14 4.27321e-12 6.07107e-09 1.44524e-07 1.67123e-05 0.00111586 0.00256185 0.742425 0.25388 
4.43722e-09 6.05672e-06 0.000359625 0.00130659 0.956857 0.0350454 0.00639627 2.93403e-05 6.19778e-08 3.90843e-11 
1.38009e-25 1.06726e-21 4.84272e-19 1.2976e-15 4.41541e-14 1.96024e-11 1.81476e-08 6.74657e-05 0.496935 0.502997 
1.23823e-14 1.1131e-11 4.86756e-09 3.41424e-07 0.000161264 0.000551165 0.00516485 0.991995 0.00207248 5.47248e-05 
1.73026e-27 9.34895e-24 1.18915e-20 1.17689e-16 9.19248e-15 4.9734e-12 4.67251e-08 0.000305743 0.993984 0.00570987 
4.83e-12 7.08531e-08 2.34119e-05 0.00374643 0.960083 0.0294784 0.00663165 3.73659e-05 4.6014e-08 2.57404e-11 
3.12573e-06 0.00139223 0.0149448 0.965524 0.0162419 0.00189062 3.70193e-06 1.11746e-08 1.93921e-12 1.85294e-16 
5.36588e-14 6.71352e-11 9.48644e-09 9.98379e-07 0.000515307 0.00459859 0.00979649 0.984269 0.00081884 4.58656e-07 
2.21372e-23 1.17334e-19 7.11529e-17 4.15414e-13 1.34298e-11 7.73346e-09 6.39226e-05 0.00177694 0.996817 0.00134173 
3.93006e-23 1.85768e-19 1.1056e-16 6.24915e-13 2.16882e-11 1.19351e-08 8.1841e-05 0.00227628 0.995891 0.00175085 
6.10512e-06 0.907976 0.0471357 0.0336787 0.0100531 0.0011458 4.34979e-06 1.00637e-08 1.88639e-12 2.32715e-16 
5.30462e-06 0.000904798 0.0135722 0.973969 0.0104167 0.00112803 3.41795e-06 1.1156e-08 1.92217e-12 1.85159e-16 
8.44208e-14 1.07981e-10 1.47304e-08 1.76415e-06 0.000895157 0.00816282 0.986015 0.00459586 0.000328974 4.80626e-08 
2.58785e-14 3.21694e-11 6.00422e-09 1.15658e-06 0.000676056 0.00779644 0.989036 0.00248256 7.28333e-06 1.73735e-07 
1.41616e-13 1.84361e-10 2.21466e-08 2.00222e-06 0.000992345 0.010406 0.985521 0.00307327 5.13456e-06 2.31366e-08 
4.95187e-05 0.00316258 0.94929 0.0374225 0.00897273 0.00109994 2.61752e-06 1.40066e-08 2.17519e-12 1.984e-16 
0.00415963 0.749011 0.241145 0.00541397 0.000267767 2.17056e-06 4.50474e-09 1.95486e-11 3.09108e-15 2.83363e-19 
6.19128e-09 7.16828e-06 0.00059126 0.00751245 0.0234729 0.0186989 0.949674 4.29762e-05 4.49502e-09 2.38446e-13 
9.71193e-17 2.90332e-13 9.55824e-11 1.1669e-07 4.19339e-05 0.00181412 0.993006 0.00417286 0.000924421 4.00543e-05 
1.0871e-26 5.92332e-23 9.49291e-20 1.09493e-15 8.02149e-14 4.44145e-11 2.17906e-07 0.00111201 0.99536 0.00352797 
5.88272e-14 7.35944e-11 1.1779e-08 1.67281e-06 0.00107561 0.0101325 0.986115 0.00267027 4.68688e-06 2.34451e-08 
3.01033e-07 0.000554441 0.0117261 0.973699 0.012788 0.00122906 2.79423e-06 8.24172e-09 1.42743e-12 1.36335e-16 
9.77332e-08 0.000114566 0.00289674 0.0144165 0.970027 0.0119152 0.000629949 2.52021e-07 1.46547e-10 4.828e-14 
4.0011e-24 1.18588e-20 1.0225e-17 8.74568e-14 2.98167e-12 1.82287e-09 7.91823e-06 0.000667647 0.996046 0.00327794 
2.48664e-23 1.30355e-19 6.66251e-17 2.72991e-13 1.03182e-11 4.98583e-09 1.12888e-05 0.00102475 0.992541 0.0064232 
9.77041e-28 4.94267e-24 5.96472e-21 6.25084e-17 1.74884e-15 1.17537e-12 1.31746e-08 5.32041e-05 0.0020805 0.997866 
8.35797e-09 4.2699e-05 0.000990701 0.94691 0.0380295 0.0131472 0.000879016 5.20522e-07 5.78627e-10 1.79004e-13 
1.51526e-19 1.1169e-15 5.30678e-13 1.74931e-09 6.00193e-08 2.80577e-05 0.00227948 0.987349 0.00894237 0.00140148 
1.2055e-11 2.4918e-08 1.3567e-06 0.000561892 0.951916 0.0389485 0.00854037 3.22715e-05 6.25194e-08 3.62582e-11 
1.85031e-18 1.52157e-14 6.38424e-12 1.14823e-08 2.77312e-07 8.41918e-05 0.00412904 0.991997 0.00360336 0.00018637 
1.66941e-29 7.16678e-26 7.74737e-23 7.65032e-19 2.32676e-17 1.46452e-14 1.40211e-10 8.05488e-09 1.33641e-05 0.999987 
1.93418e-23 1.05943e-19 4.63859e-17 1.04812e-13 5.10088e-12 1.70467e-09 2.89892e-07 0.000254131 0.982889 0.0168567 
1.85897e-40 6.92693e-36 3.64902e-32 1.69512e-27 1.94816e-23 8.62853e-21 6.00672e-16 3.90566e-11 2.84826e-05 0.999972 
1.71509e-05 0.00439811 0.972296 0.0186132 0.00413529 0.000538226 1.7843e-06 6.54021e-09 1.08846e-12 1.03355e-16 
5.06817e-14 6.3703e-11 1.0471e-08 1.53513e-06 0.000819367 0.955504 0.0401535 0.00345961 6.15454e-05 1.97206e-07 
5.69865e-28 2.48973e-24 2.82583e-21 2.87711e-17 8.17216e-16 5.46035e-13 4.70088e-09 2.25713e-05 0.000409595 0.999568 
3.13665e-15 4.28136e-12 8.98658e-10 2.58859e-07 0.000133964 0.00339395 0.986595 0.00784456 0.00196394 6.7984e-05 
1.94104e-14 2.43034e-11 3.48365e-09 2.86819e-07 0.000116518 0.00155542 0.84106 0.105057 0.0521641 4.70481e-05 
5.24289e-28 3.36023e-24 4.36062e-21 4.71294e-17 1.26795e-15 8.73525e-13 8.50437e-09 1.8284e-05 0.00118206 0.9988 
1.95419e-23 9.47157e-20 5.32746e-17 2.7135e-13 9.84527e-12 5.16522e-09 4.47356e-05 0.000496187 0.00476477 0.994694 
4.74706e-23 2.27216e-19 1.28922e-16 6.68199e-13 2.41017e-11 1.27345e-08 8.59951e-05 0.970831 0.0271865 0.00189679 
2.00481e-25 1.12199e-21 1.78822e-18 2.13155e-14 4.36883e-13 3.66638e-10 8.58489e-07 0.000121913 0.982034 0.017843 
6.31279e-09 7.30219e-06 0.00062224 0.00974372 0.031044 0.956701 0.00188023 1.67728e-06 1.13492e-09 2.42128e-13 
6.81229e-13 9.20713e-10 9.77407e-08 6.4416e-06 0.00207668 0.970362 0.0254472 0.00210529 2.65085e-06 1.77109e-08 
1.47434e-18 1.26942e-14 5.5335e-12 1.09617e-08 2.45577e-07 0.000113526 0.985456 0.0115666 0.00267458 0.000188563 
1.76747e-12 2.44622e-09 3.14281e-07 0.000206354 0.00898653 0.983438 0.0072044 0.000164563 3.24288e-07 2.72538e-10 
2.29901e-20 1.27594e-16 2.0515e-13 2.45595e-09 4.76103e-08 4.44464e-05 0.00137423 0.00469712 0.992044 0.00184021 
7.23284e-13 9.67233e-10 9.44692e-08 3.25269e-06 0.00129613 0.00706823 0.50989 0.481735 7.08667e-06 1.36285e-09 
6.3059e-14 1.02161e-10 5.85336e-08 0.000255645 0.00364373 0.972603 0.0209044 0.00258703 5.70386e-06 2.23604e-08 
1.04657e-27 5.21228e-24 6.24546e-21 6.52293e-17 1.82905e-15 1.22723e-12 1.31206e-08 4.97149e-05 0.00185927 0.998091 
3.20687e-23 1.48839e-19 8.92811e-17 5.10669e-13 1.80578e-11 9.64053e-09 3.28285e-05 0.0019934 0.996477 0.00149676 
2.72329e-23 1.39622e-19 8.6779e-17 5.25192e-13 1.73744e-11 9.75681e-09 6.98092e-05 0.00233631 0.995584 0.00200991 
7.01481e-16 1.39786e-12 2.57689e-10 1.19857e-07 2.58183e-05 0.000745982 0.00526827 0.991955 0.00195843 4.67231e-05 
2.82157e-17 5.29442e-13 2.44064e-10 1.69858e-07 3.70019e-05 0.00158573 0.00695811 0.990051 0.00133939 2.84456e-05 
2.99876e-14 3.65687e-11 6.11866e-09 6.62847e-07 0.000385134 0.00301449 0.982874 0.0125682 0.00115622 1.01284e-06 
5.71142e-09 6.54985e-06 0.000611116 0.0122289 0.971433 0.0147003 0.00101631 4.19549e-06 9.8629e-10 2.37744e-13 
1.14518e-14 1.48242e-11 1.61081e-09 1.54067e-07 5.64208e-05 0.00147529 0.335147 0.661688 0.00161668 1.70927e-05 
1.42287e-19 1.43774e-15 6.32306e-13 1.47901e-09 3.12223e-08 1.44726e-05 0.000722962 0.00379477 0.993585 0.0018824 
9.63196e-06 0.00159928 0.0160537 0.968932 0.0118199 0.00158186 3.99965e-06 1.6189e-08 2.64976e-12 2.49719e-16 
1.59089e-29 9.44134e-26 1.40584e-22 1.62242e-18 5.03319e-17 3.16032e-14 2.03142e-09 1.83326e-05 0.000492902 0.999489 
6.28811e-09 7.92812e-06 0.000749298 0.0108214 0.973622 0.0140073 0.000791625 4.5287e-07 4.36092e-10 9.79638e-14 
2.82281e-11 2.69141e-08 1.00506e-05 0.000347497 0.00786134 0.986653 0.0051001 2.83363e-05 5.17676e-08 1.21973e-10 
8.54481e-29 4.09181e-25 4.68709e-22 4.77475e-18 1.38733e-16 9.04872e-14 8.93601e-10 2.18727e-06 6.76224e-05 0.99993 
8.81232e-28 4.75365e-24 5.84252e-21 6.16985e-17 1.70874e-15 1.15505e-12 1.24593e-08 4.28108e-05 0.00149271 0.998464 
8.42036e-13 1.19962e-09 2.01046e-07 0.000192107 0.00803219 0.983126 0.00836734 0.000281595 5.22157e-07 4.06444e-09 
2.9378e-30 1.74083e-26 2.6246e-23 3.04735e-19 7.33433e-18 5.58754e-15 3.64119e-11 3.30696e-07 9.78408e-05 0.999902 
8.58405e-28 4.52494e-24 5.5129e-21 5.79886e-17 1.6143e-15 1.0885e-12 1.17135e-08 4.31741e-05 0.00161278 0.998344 
4.57554e-23 1.98921e-19 1.14426e-16 6.07709e-13 2.28409e-11 1.19614e-08 7.83014e-05 0.00182653 0.996693 0.00140188 
2.26996e-32 1.25318e-28 2.02678e-25 2.41587e-21 9.99988e-20 5.58154e-17 4.85126e-12 4.57136e-08 4.85359e-05 0.999951 
2.12882e-18 1.80333e-14 7.47892e-12 1.2287e-08 2.9357e-07 7.44849e-05 0.00456544 0.988242 0.00645874 0.000659031 
3.35396e-07 0.00065016 0.0140457 0.972357 0.0116635 0.00127939 3.54689e-06 1.23405e-08 2.08721e-12 1.98734e-16 
4.34461e-14 5.44612e-11 7.52286e-09 9.44982e-07 0.000549481 0.00508314 0.98726 0.0061139 0.000991696 7.54933e-07 
1.09126e-27 5.81572e-24 7.11055e-21 7.49053e-17 2.09003e-15 1.4053e-12 1.6528e-08 6.37012e-05 0.00213731 0.997799 
9.90561e-19 8.05212e-15 3.3854e-12 6.19963e-09 1.56022e-07 4.81341e-05 0.00221984 0.00481567 0.9923 0.00061659 
1.16157e-33 5.99497e-30 9.35867e-27 4.94449e-23 5.3296e-19 1.11804e-16 7.6687e-11 6.95922e-07 0.000115055 0.999884 
2.38524e-15 2.82778e-12 6.98673e-10 1.55905e-07 0.000120262 0.00176943 0.989545 0.00704876 0.00148008 3.66562e-05 
0.00890177 0.963686 0.0245935 0.00281057 8.41969e-06 3.25267e-08 7.65718e-11 1.35256e-13 2.12176e-17 1.96702e-21 
