4832
2.37147e-06 7.95033e-06 9.1681e-05 0.000495483 0.00281171 0.00977145 0.0285622 0.513403 0.297464 0.14739 
0.00316433 0.0219417 0.0925352 0.230073 0.46107 0.140569 0.0370737 0.0110865 0.00213144 0.000354677 
0.000988693 0.0120171 0.0409857 0.10998 0.219351 0.471997 0.100289 0.0316222 0.0105846 0.00218464 
5.75653e-06 2.82885e-05 0.000229578 0.00128734 0.00663998 0.019377 0.0513402 0.127384 0.190007 0.603701 
3.39437e-06 8.27882e-06 0.000105378 0.000667058 0.00861126 0.0401438 0.115496 0.651411 0.114481 0.0690737 
0.000232921 0.000877937 0.00513317 0.0209201 0.06029 0.116102 0.282223 0.384067 0.107745 0.0224103 
3.39304e-06 2.44325e-05 0.000189476 0.000608302 0.00319814 0.00699259 0.0154203 0.0413558 0.793633 0.138575 
0.000306979 0.00560508 0.0271586 0.0875738 0.184635 0.208656 0.390029 0.064481 0.0241029 0.00745213 
5.11168e-07 1.58299e-06 9.45928e-06 7.83952e-05 0.00100504 0.00333089 0.0119063 0.218829 0.568745 0.196094 
0.000566742 0.0102803 0.0944386 0.353511 0.208317 0.184725 0.0867131 0.0388749 0.0180061 0.00456788 
2.7625e-06 1.141e-05 0.000149816 0.000745936 0.0035749 0.0107634 0.0312683 0.08144 0.133012 0.739031 
2.3321e-07 4.10918e-07 2.83206e-06 1.73009e-05 0.000194061 0.00219798 0.0230049 0.897303 0.0408148 0.0364645 
0.0013365 0.0112334 0.0464632 0.103894 0.193656 0.202185 0.383264 0.0437854 0.011732 0.0024514 
2.21147e-07 3.31418e-07 2.49348e-06 1.28803e-05 7.68372e-05 0.0007453 0.00145907 0.00284044 0.00611925 0.988743 
9.16572e-08 3.68398e-07 1.97495e-06 7.38222e-06 4.2069e-05 0.00024995 0.0005317 0.00156674 0.00413717 0.993463 
5.54472e-14 2.53481e-12 1.98916e-11 4.68325e-10 4.26501e-08 2.43045e-07 1.32927e-05 8.94606e-05 0.000464898 0.999432 
1.5316e-07 5.69486e-07 3.16948e-06 1.3957e-05 0.000140217 0.00100011 0.00233371 0.0162226 0.0573839 0.922902 
0.000161797 0.000325142 0.00165831 0.00843939 0.042388 0.251374 0.486294 0.115975 0.0640654 0.029319 
1.48792e-06 4.23037e-06 2.72676e-05 0.000151049 0.00161292 0.00750389 0.0334666 0.632705 0.170141 0.154386 
1.27865e-06 3.28784e-06 2.22361e-05 0.000131122 0.0012177 0.0057174 0.0157671 0.0495084 0.11789 0.809742 
2.04628e-15 3.09941e-14 1.34437e-13 9.8515e-12 1.21781e-09 2.77109e-08 1.8051e-06 8.13344e-05 0.00322528 0.996692 
0.000205557 0.000690477 0.0040865 0.0212116 0.316178 0.177135 0.1995 0.171521 0.0797677 0.029704 
2.77954e-07 8.50387e-07 5.13912e-06 2.50348e-05 0.000296403 0.0020149 0.00765195 0.0565006 0.82038 0.113125 
1.56355e-06 5.78546e-06 4.86204e-05 0.000276676 0.00105917 0.00648816 0.0157345 0.0557045 0.737885 0.182796 
4.3463e-07 9.47253e-07 5.89698e-06 2.81866e-05 0.000196216 0.00184848 0.00353718 0.00872372 0.0463318 0.939327 
0.00016019 0.0014517 0.00905832 0.0876867 0.134305 0.253226 0.357176 0.0963387 0.0460267 0.0145705 
4.12069e-06 1.45689e-05 0.000195853 0.00102109 0.00587583 0.0188704 0.0512386 0.119326 0.161384 0.642069 
1.2242e-24 1.29017e-21 4.04656e-19 3.42325e-16 3.84072e-14 3.19336e-11 4.59958e-09 2.196e-06 0.000757914 0.99924 
9.41246e-05 0.00163787 0.0189637 0.0788083 0.135296 0.359815 0.163045 0.145846 0.0650942 0.0313999 
0.0028573 0.113634 0.297298 0.158076 0.195136 0.145824 0.0577972 0.0200656 0.00766287 0.00164976 
5.59071e-22 2.30136e-19 5.15891e-17 3.43838e-14 3.31237e-12 1.12529e-09 2.43462e-07 8.22494e-05 0.00420411 0.995713 
3.12713e-06 1.48794e-05 0.000210629 0.000977917 0.00406522 0.0123866 0.0782251 0.739607 0.101435 0.063075 
2.17767e-06 9.18847e-06 0.000121296 0.000592103 0.00221689 0.00771153 0.0207925 0.0460319 0.0757123 0.84681 
2.14827e-15 3.26955e-14 1.49291e-13 1.27745e-11 1.6034e-09 4.71387e-08 3.17766e-06 0.000262253 0.00826708 0.991467 
0.00024971 0.00100283 0.00521772 0.0142227 0.0423935 0.087278 0.127171 0.593791 0.094581 0.0340928 
2.05509e-06 6.79178e-06 4.66568e-05 0.000349573 0.0050202 0.0281783 0.0878524 0.623839 0.139229 0.115476 
4.24536e-06 2.38346e-05 0.000185215 0.000916846 0.00544334 0.0710189 0.0362406 0.0708763 0.24806 0.567231 
1.2633e-09 1.20405e-09 8.64055e-09 1.15242e-07 2.38995e-06 5.04115e-05 0.000281961 0.00968787 0.955681 0.0342966 
8.21491e-23 4.92318e-20 1.44727e-17 1.32171e-14 1.20092e-12 6.73933e-10 3.21492e-08 2.22645e-06 0.000318986 0.999679 
1.91957e-15 3.40803e-14 2.87533e-13 2.24362e-11 2.60454e-09 1.70803e-08 4.92809e-07 8.83922e-05 0.00380409 0.996107 
0.000112809 0.000221365 0.002094 0.00973598 0.0477934 0.113275 0.537455 0.137182 0.0946549 0.0574761 
2.20263e-06 7.35612e-06 0.000114337 0.000585204 0.00316889 0.0109726 0.0345698 0.112482 0.678607 0.15949 
0.000350221 0.00348006 0.0190254 0.0593666 0.427355 0.228353 0.145304 0.0766531 0.0310976 0.00901561 
0.000148102 0.000162101 0.000932204 0.0100052 0.434251 0.141889 0.143702 0.140482 0.0882891 0.0401388 
0.000310022 0.00271234 0.0177408 0.0699951 0.0914908 0.380621 0.229122 0.0923661 0.0636232 0.0520184 
5.82479e-06 1.68122e-05 0.000226051 0.00154333 0.0133674 0.0600753 0.546676 0.168046 0.1276 0.0824424 
5.37113e-07 1.09159e-06 7.52802e-06 4.06219e-05 0.000294576 0.00252676 0.00757811 0.0319307 0.819821 0.1378 
2.67251e-09 4.54211e-09 4.52856e-08 4.5319e-07 1.01744e-05 0.000174595 0.000545739 0.00942154 0.0486415 0.941206 
1.18483e-10 2.32354e-10 1.3591e-09 1.05532e-08 1.49574e-07 7.75281e-07 3.72123e-06 2.27412e-05 0.000334593 0.999638 
3.0993e-13 6.23312e-12 7.07754e-11 4.67291e-09 3.21255e-07 2.61895e-06 5.4903e-05 0.000941549 0.0120436 0.986957 
2.03111e-07 5.03459e-07 3.05408e-06 2.19812e-05 0.000324609 0.00208237 0.00930739 0.0471039 0.101444 0.839712 
3.23227e-07 8.53087e-07 5.38763e-06 2.86796e-05 0.000213613 0.0021255 0.00509701 0.0225554 0.827867 0.142107 
0.0048338 0.0472911 0.149406 0.478382 0.196025 0.090221 0.0243764 0.00784924 0.00130415 0.00031118 
1.40911e-06 4.69692e-06 3.07561e-05 0.000147376 0.000988399 0.00504982 0.0133738 0.0398108 0.0901591 0.850434 
1.33058e-07 3.5459e-07 2.27884e-06 1.11893e-05 8.73163e-05 0.000684957 0.00137386 0.00425248 0.0196056 0.973982 
1.45609e-07 2.77813e-07 1.85581e-06 1.1686e-05 0.000101395 0.000605512 0.00189864 0.00587387 0.0130603 0.978446 
0.000281481 0.00398822 0.0150001 0.106563 0.131223 0.323318 0.24761 0.0809703 0.0558748 0.0351718 
0.0001634 0.000331976 0.00176751 0.00926191 0.0920629 0.535894 0.121541 0.158708 0.0597012 0.020568 
7.06719e-05 0.000194559 0.00163946 0.00735633 0.0335001 0.0963565 0.577354 0.156697 0.0868028 0.0400286 
0.00123624 0.00757496 0.0250657 0.0653867 0.146596 0.341331 0.302213 0.087182 0.0186054 0.0048097 
9.37365e-06 5.28745e-05 0.000472191 0.00202502 0.00920274 0.0292811 0.0552721 0.117333 0.549179 0.237173 
0.00242855 0.033114 0.289036 0.269657 0.154718 0.103293 0.115258 0.0240934 0.00686891 0.00153316 
4.60792e-05 3.99755e-05 0.000424097 0.00248117 0.0144165 0.0530713 0.340856 0.161171 0.356821 0.0706736 
1.93989e-07 4.0235e-07 2.86822e-06 1.65541e-05 0.000111588 0.000898637 0.00312388 0.0141642 0.0373346 0.944347 
0.000304281 0.000927834 0.00567165 0.0190256 0.0780146 0.171073 0.4809 0.148228 0.06834 0.0275143 
4.3013e-05 4.55529e-05 0.000350257 0.0017461 0.0259825 0.0955168 0.1463 0.482737 0.203751 0.0435281 
0.000196852 0.000603277 0.00433103 0.0189646 0.0791047 0.520772 0.173344 0.130944 0.0556096 0.0161299 
5.85954e-05 0.000132986 0.00129355 0.00411421 0.0174818 0.054848 0.449661 0.225418 0.19865 0.0483415 
1.45558e-06 4.87778e-06 3.09066e-05 0.000145139 0.000845147 0.00530047 0.0126279 0.0396484 0.770129 0.171267 
7.12736e-06 2.12889e-05 5.95251e-05 0.00113473 0.0361635 0.0141212 0.176474 0.117116 0.282274 0.372629 
0.000131207 0.00077285 0.00530368 0.0187653 0.38418 0.151143 0.165358 0.156191 0.0888663 0.0292877 
2.22524e-07 6.06407e-07 3.74544e-06 2.12904e-05 0.00034737 0.0024148 0.0127663 0.734659 0.132959 0.116828 
1.46347e-06 6.01476e-06 0.000102267 0.000494908 0.00193232 0.00646033 0.0200488 0.074745 0.743687 0.152522 
7.60623e-08 1.82235e-07 1.4015e-06 6.03336e-06 3.05122e-05 0.000195931 0.000235549 0.00146919 0.0156993 0.982362 
0.000220856 0.00141783 0.00808909 0.0288479 0.0806941 0.159619 0.457397 0.150091 0.0806555 0.0329676 
1.90313e-07 5.64851e-07 3.45344e-06 1.83739e-05 0.000162596 0.000979036 0.00282818 0.0160204 0.336876 0.643111 
6.27934e-25 1.15025e-21 4.04701e-19 4.10801e-16 9.3009e-14 5.30527e-11 5.8497e-08 4.74227e-05 0.00290356 0.997049 
3.94692e-07 7.21702e-07 4.86778e-06 2.44634e-05 0.000179392 0.00162415 0.00429485 0.0186539 0.0546601 0.920557 
0.000340336 0.00108664 0.00589059 0.021694 0.0710227 0.448108 0.208869 0.157056 0.0653351 0.0205976 
6.38963e-07 1.8951e-06 1.13488e-05 5.44326e-05 0.000411629 0.00278122 0.0107697 0.303179 0.35302 0.32977 
0.00303624 0.195939 0.0679549 0.172554 0.200292 0.18403 0.11096 0.0427835 0.0185652 0.00388515 
1.28096e-06 4.67193e-06 4.63433e-05 0.000219277 0.00113408 0.00544341 0.0143181 0.0500687 0.742807 0.185957 
3.30857e-06 8.26196e-06 6.32565e-05 0.000448267 0.00515111 0.0236695 0.0758114 0.622099 0.140606 0.132141 
4.65892e-05 0.000251716 0.00170378 0.00764858 0.0984428 0.0716259 0.396164 0.171462 0.0913199 0.161334 
8.26644e-10 4.26216e-10 2.39579e-09 3.97589e-08 1.24933e-06 1.19986e-05 0.00015145 0.00419222 0.0315677 0.964075 
1.22918e-08 2.8103e-08 2.80472e-07 3.0511e-06 0.000113791 0.000837673 0.00427889 0.409049 0.483116 0.102601 
0.0002209 0.000944678 0.00625258 0.0213525 0.077042 0.390173 0.161206 0.260814 0.0619295 0.0200648 
0.00106154 0.0185371 0.0646898 0.144537 0.454974 0.182995 0.0826689 0.0330191 0.014639 0.00287824 
2.44041e-07 5.10487e-07 3.51133e-06 1.97851e-05 0.000158608 0.001283 0.00404121 0.0193688 0.327595 0.64753 
2.85216e-08 3.31528e-08 2.86562e-07 4.20094e-06 0.000225683 0.00124414 0.00547416 0.0388127 0.0896938 0.864545 
9.16593e-07 2.86217e-06 2.41167e-05 0.000170464 0.00141124 0.00515801 0.0144766 0.0471133 0.0976451 0.833997 
1.25849e-06 4.14337e-06 2.3601e-05 0.000120753 0.00112551 0.00531936 0.0158788 0.0586587 0.129219 0.789649 
9.62632e-06 4.04747e-05 0.000504987 0.00228905 0.0114492 0.040311 0.519553 0.173949 0.161911 0.0899829 
1.34317e-06 3.12193e-06 1.93891e-05 0.000168002 0.00257954 0.00741546 0.0266399 0.0858423 0.161925 0.715406 
1.01851e-27 2.08437e-24 2.30409e-21 6.89078e-18 1.45319e-14 1.24289e-11 2.99344e-08 3.04703e-05 0.00286803 0.997101 
1.84929e-06 5.84524e-06 3.81983e-05 0.000259485 0.00295086 0.00910383 0.032758 0.101943 0.159206 0.693732 
6.22458e-08 1.14285e-07 1.00469e-06 6.19555e-06 5.60657e-05 0.000535016 0.00182427 0.0101628 0.0424209 0.944994 
7.26522e-10 1.62236e-09 1.59472e-08 1.66285e-07 4.0807e-06 5.12706e-05 0.000339933 0.00441897 0.024792 0.970394 
2.55641e-07 7.20617e-07 4.44118e-06 2.49688e-05 0.000223094 0.00150304 0.00415977 0.022944 0.0963204 0.874819 
2.55392e-06 7.27898e-06 6.20852e-05 0.000451261 0.00573058 0.035303 0.593914 0.139489 0.122161 0.102878 
0.000229232 0.00118688 0.00745505 0.0291504 0.0810387 0.160862 0.51156 0.142658 0.0519792 0.0138807 
1.15576e-05 5.38071e-05 0.000510255 0.00231872 0.0140808 0.059528 0.543446 0.187573 0.134033 0.0584454 
3.85178e-06 1.93171e-05 0.000207642 0.000942393 0.00607005 0.0160124 0.0450534 0.114684 0.159403 0.657604 
3.61254e-06 9.87583e-06 0.000117321 0.000736868 0.00651002 0.211972 0.289548 0.215685 0.145103 0.130314 
1.05966e-06 3.18245e-06 1.92033e-05 0.000164114 0.0027209 0.0116138 0.0519909 0.666921 0.141919 0.124648 
2.26098e-06 4.86282e-06 3.12769e-05 0.000255187 0.00348857 0.0158225 0.050416 0.119355 0.689869 0.120755 
9.22406e-05 5.05087e-05 0.000366843 0.00239231 0.0195834 0.0601065 0.132361 0.594897 0.118345 0.0718053 
6.31546e-06 2.94981e-05 0.000360396 0.00169865 0.00769316 0.0238446 0.0605898 0.179269 0.609552 0.116956 
1.32951e-06 5.28583e-06 9.13692e-05 0.000427138 0.00117729 0.00456213 0.0123451 0.0276641 0.0603594 0.893367 
1.51391e-06 4.33085e-06 2.72736e-05 0.000173312 0.00177355 0.00628707 0.0213183 0.0612062 0.126061 0.783147 
7.83122e-08 1.60725e-07 1.13612e-06 9.39295e-06 0.000127029 0.00122459 0.00503319 0.0324405 0.0918484 0.869315 
1.35051e-06 4.917e-06 3.83412e-05 0.000188292 0.00101157 0.00454939 0.0124641 0.0334527 0.0893379 0.858951 
0.000116762 0.000321302 0.00387358 0.0121265 0.0558459 0.125181 0.172447 0.493435 0.0894461 0.0472061 
1.35148e-08 3.17216e-08 2.47857e-07 1.27006e-06 1.13368e-05 8.42123e-05 0.000337313 0.00592758 0.0440064 0.949632 
0.0035618 0.0473298 0.119449 0.501297 0.203333 0.0924414 0.0210472 0.00756969 0.00291046 0.00106083 
1.201e-06 4.75463e-06 3.62066e-05 0.000212919 0.00135888 0.00488193 0.0150892 0.0507789 0.756136 0.1715 
9.19954e-07 2.55769e-06 1.46887e-05 9.88307e-05 0.00120415 0.00463824 0.0151769 0.0488292 0.0992781 0.830756 
0.00285849 0.0289953 0.0892639 0.190884 0.255067 0.357968 0.0557578 0.0154145 0.00320446 0.000587001 
0.000110919 9.00718e-05 0.000647697 0.00334659 0.0251858 0.0930873 0.527976 0.166782 0.116818 0.0659567 
0.197713 0.471572 0.140215 0.155071 0.0278698 0.00683261 0.000654804 6.68138e-05 4.97371e-06 5.2155e-07 
1.06997e-06 3.71628e-06 2.17208e-05 0.000113501 0.00109723 0.00483376 0.0149505 0.0607439 0.755774 0.162461 
2.32455e-06 8.67605e-06 0.000166357 0.000782427 0.00272842 0.0091346 0.0261865 0.0636927 0.10744 0.789858 
8.64009e-06 5.72658e-05 0.000452806 0.00187331 0.00760819 0.0218357 0.042703 0.61631 0.159806 0.149345 
1.29571e-09 3.05714e-09 3.11856e-08 2.70551e-07 4.59209e-06 3.53132e-05 0.000201727 0.00291749 0.0210737 0.975767 
4.27439e-07 1.15806e-06 6.72454e-06 3.73105e-05 0.00064531 0.00340535 0.0178764 0.274202 0.477619 0.226206 
5.15936e-07 1.79042e-06 9.93615e-06 4.76824e-05 0.000622004 0.0031308 0.0137062 0.0573997 0.107313 0.817768 
7.49621e-05 0.000167827 0.00146616 0.00385322 0.0173893 0.164047 0.145259 0.370405 0.196388 0.10095 
4.72465e-08 1.09934e-07 8.33647e-07 6.69602e-06 7.99121e-05 0.000760751 0.00209689 0.0176881 0.0613473 0.918019 
1.55103e-24 2.65328e-21 9.28494e-19 9.30979e-16 1.51647e-13 7.63745e-11 3.66488e-08 1.36624e-05 0.00405798 0.995928 
1.22681e-05 8.73724e-05 0.000608045 0.00314596 0.0132338 0.0426786 0.100843 0.639645 0.14026 0.0594854 
2.96755e-06 1.40694e-05 0.000147503 0.00068339 0.00482317 0.0157916 0.0546987 0.414321 0.41734 0.092178 
8.15919e-07 2.97343e-06 1.63728e-05 7.41074e-05 0.000622037 0.00325697 0.00915745 0.0364392 0.104958 0.845472 
1.71449e-06 4.89041e-06 2.90007e-05 0.000192832 0.00254013 0.0108032 0.0477143 0.636933 0.153367 0.148414 
7.94984e-06 3.14466e-05 0.000286786 0.00151329 0.00833643 0.0322567 0.0709267 0.143305 0.65893 0.0844053 
9.26199e-25 1.69992e-21 5.9006e-19 5.80239e-16 1.29334e-13 7.30215e-11 8.57301e-08 7.02924e-05 0.00340391 0.996526 
0.000117831 3.32784e-05 0.000214978 0.00169482 0.015915 0.0565295 0.11542 0.60409 0.119481 0.0865034 
0.000159316 0.00132722 0.0100138 0.0383278 0.126239 0.501088 0.171435 0.101462 0.0389734 0.0109742 
2.46074e-07 5.48279e-07 3.30939e-06 2.05918e-05 0.000467365 0.00271435 0.0241831 0.751077 0.127049 0.0944846 
1.6434e-11 1.1958e-10 1.21805e-09 1.02531e-08 5.45922e-07 3.92053e-06 8.14279e-05 0.00266404 0.0285695 0.968681 
1.35519e-06 5.25802e-06 7.48768e-05 0.000324236 0.000856881 0.00422798 0.0109915 0.0368617 0.09153 0.855126 
0.00873051 0.0786302 0.099932 0.314628 0.202124 0.23026 0.0503078 0.0110509 0.00359111 0.000745609 
0.000330404 0.00198405 0.0115474 0.0406409 0.119953 0.203496 0.486093 0.0951118 0.03405 0.00679446 
1.03573e-08 2.09821e-08 2.12845e-07 1.99262e-06 3.42159e-05 0.000484183 0.000942828 0.00891389 0.0363045 0.953318 
1.1329e-06 3.47954e-06 2.00015e-05 8.33336e-05 0.000524745 0.00387829 0.0100365 0.0390866 0.110644 0.835722 
0.00260717 0.0199601 0.0698812 0.168883 0.514806 0.152178 0.0481864 0.014824 0.00694129 0.00173249 
8.52022e-10 6.30918e-10 5.05989e-09 7.75644e-08 3.34755e-06 1.01033e-05 0.000159009 0.00363311 0.02516 0.971034 
4.35727e-07 1.56109e-06 8.96856e-06 3.67018e-05 0.00024464 0.00173082 0.00501382 0.0243253 0.0776372 0.891001 
1.17867e-06 5.11251e-06 3.35323e-05 0.000234704 0.00130387 0.00504604 0.0122435 0.0391715 0.0846092 0.857351 
1.95644e-05 0.000184132 0.00105845 0.00488856 0.0173552 0.0368653 0.0601704 0.111637 0.12857 0.639251 
0.00028775 0.00404133 0.01539 0.106951 0.137051 0.328338 0.252818 0.0883247 0.0491806 0.0176184 
1.20207e-09 2.8022e-09 2.85817e-08 2.65858e-07 5.72558e-06 5.36906e-05 0.000360421 0.00748473 0.0442272 0.947868 
1.37758e-39 1.71735e-35 2.52808e-31 1.4454e-26 6.03677e-22 7.79287e-18 3.94006e-13 1.00216e-08 0.000283608 0.999716 
6.56123e-05 0.000308086 0.00195536 0.00574934 0.0199694 0.0556065 0.11174 0.183173 0.54633 0.0751035 
9.34981e-07 2.70399e-06 1.60405e-05 7.34857e-05 0.00055548 0.00358568 0.00922182 0.0215494 0.0471117 0.917883 
2.31633e-05 0.000118881 0.000896828 0.00416218 0.0185693 0.0599977 0.560859 0.191352 0.118805 0.0452167 
5.18425e-08 1.14936e-07 8.07533e-07 5.39455e-06 4.11932e-05 0.00030421 0.00119622 0.00633544 0.840268 0.151849 
9.36633e-05 0.000101317 0.000854524 0.00582788 0.031992 0.103165 0.605477 0.149074 0.0742665 0.0291478 
6.89636e-05 0.000519663 0.00426759 0.0115989 0.0407868 0.0959859 0.53484 0.13017 0.0953984 0.0863641 
2.04007e-06 5.70415e-06 3.94727e-05 0.000270195 0.00294286 0.0118461 0.0523067 0.13573 0.165066 0.631791 
0.000331423 0.00402449 0.0197892 0.0756089 0.188877 0.305247 0.21096 0.139669 0.0422635 0.01323 
4.31596e-09 1.02577e-08 1.01776e-07 9.95537e-07 1.87837e-05 0.000238308 0.00116243 0.0120768 0.886796 0.0997063 
5.45652e-06 1.97682e-05 0.000246081 0.00137622 0.00945305 0.0364266 0.103004 0.609588 0.152345 0.0875362 
8.84585e-13 1.14261e-11 8.94632e-11 3.62081e-09 4.11319e-07 2.80552e-06 8.48393e-05 0.00159897 0.00737809 0.990935 
0.000149818 0.00013782 0.000803602 0.00621178 0.0453076 0.405422 0.161654 0.172668 0.127809 0.079836 
0.000442108 0.00190094 0.00962896 0.0326904 0.0819912 0.142473 0.505515 0.145833 0.0629811 0.0165447 
1.06297e-09 2.26398e-09 1.72958e-08 1.89077e-07 2.69336e-06 3.74383e-05 0.0001476 0.000581852 0.00402483 0.995205 
1.3555e-05 5.89949e-05 0.000586222 0.00332743 0.0165403 0.0500737 0.124461 0.565126 0.148742 0.091071 
6.69881e-05 0.000260895 0.00178247 0.00852325 0.0555738 0.334858 0.254855 0.207294 0.106303 0.0304828 
7.4751e-08 2.59329e-07 1.4249e-06 7.01993e-06 0.000205549 0.00110342 0.00776022 0.252117 0.286272 0.452533 
4.82272e-06 2.38421e-05 0.000230816 0.00100849 0.00578391 0.0156862 0.0442563 0.659826 0.171817 0.101362 
5.64483e-07 1.25847e-06 8.56345e-06 8.38556e-05 0.00109653 0.00422875 0.0161122 0.0587075 0.320754 0.599006 
2.77581e-06 8.70587e-06 0.000122787 0.000678673 0.0042065 0.0195826 0.605062 0.14019 0.139067 0.0910789 
3.40226e-13 5.02056e-13 3.47226e-12 4.58584e-11 1.67402e-09 1.01346e-08 4.06301e-07 1.17979e-06 0.000639673 0.999359 
3.08246e-06 8.63244e-06 9.8872e-05 0.000560719 0.00305913 0.025386 0.0836575 0.168411 0.44078 0.278035 
2.29331e-06 6.34619e-06 5.27388e-05 0.000315564 0.00328221 0.0139036 0.0575047 0.668755 0.141386 0.114791 
3.92669e-06 1.87101e-05 0.000195614 0.00159996 0.0129095 0.566991 0.131598 0.12533 0.098983 0.0623706 
1.11895e-05 6.13207e-05 0.000546367 0.00221537 0.0131242 0.052938 0.576856 0.167516 0.119963 0.0667684 
2.90512e-06 1.33688e-05 0.000162927 0.000766158 0.00363061 0.0101572 0.0287724 0.0745041 0.107077 0.774914 
5.99261e-24 7.48015e-21 2.46256e-18 2.18974e-15 2.65368e-13 2.35217e-10 3.48933e-08 1.9871e-05 0.00207315 0.997907 
4.11991e-06 1.20988e-05 0.00018418 0.00122666 0.0105065 0.162205 0.210658 0.363809 0.149712 0.101683 
4.75663e-24 6.59792e-21 2.22258e-18 2.08424e-15 3.38397e-13 2.33687e-10 1.35091e-07 0.000105536 0.00604406 0.99385 
5.56343e-07 1.47295e-06 9.33254e-06 4.85633e-05 0.000372629 0.00264844 0.00672937 0.0267524 0.061505 0.901932 
0.000146586 0.000873811 0.00498005 0.0222303 0.19195 0.168749 0.384866 0.118877 0.0868881 0.0204398 
2.5404e-06 1.71023e-05 0.000149777 0.000560434 0.00275202 0.00798558 0.0225897 0.293542 0.0909962 0.581404 
7.00582e-07 2.37434e-06 1.32925e-05 6.26706e-05 0.00049263 0.00305573 0.0091811 0.0429963 0.784858 0.159337 
8.07473e-05 0.000839202 0.00713661 0.0254187 0.0954177 0.495659 0.188888 0.121341 0.0498089 0.0154106 
4.9177e-13 9.46253e-12 9.70417e-11 6.67201e-09 5.49492e-07 3.79946e-06 7.50972e-05 0.00181353 0.0206779 0.977429 
2.66107e-07 1.08305e-06 6.13705e-06 2.97752e-05 0.000333775 0.00168809 0.00496336 0.0246897 0.0689498 0.899338 
8.20955e-07 2.5964e-06 1.49785e-05 5.89362e-05 0.00034406 0.00271233 0.00583542 0.0196962 0.057445 0.91389 
5.69051e-06 3.31045e-05 0.00033105 0.00151069 0.00812734 0.0420528 0.104302 0.185395 0.595339 0.062904 
6.71894e-05 0.00213452 0.011229 0.0414107 0.331003 0.10704 0.104048 0.271594 0.0864693 0.0450052 
2.57304e-14 4.9919e-13 3.61784e-12 2.47575e-10 3.26312e-08 4.34566e-07 1.75651e-05 0.00217236 0.0127172 0.985092 
1.72162e-06 4.66426e-06 3.10013e-05 0.000183668 0.00188557 0.00706325 0.0209657 0.0712596 0.734017 0.164588 
9.12388e-07 2.53107e-06 1.54826e-05 8.0957e-05 0.000705157 0.00429783 0.0110811 0.0378725 0.0881834 0.85776 
6.44929e-13 1.46325e-11 1.30561e-10 7.82505e-09 7.52804e-07 4.99668e-06 0.000130441 0.00265826 0.019642 0.977563 
1.54479e-06 5.17043e-06 4.39014e-05 0.000220536 0.00135594 0.00651562 0.0171349 0.0513022 0.104634 0.818786 
0.000138758 0.000707858 0.00400584 0.0149384 0.0446434 0.10985 0.171029 0.488633 0.121061 0.0449938 
4.24429e-06 2.66293e-05 0.000263268 0.00109777 0.00510755 0.014334 0.0406254 0.10442 0.682538 0.151583 
9.16969e-16 1.35726e-14 4.54781e-14 3.58253e-12 3.35959e-10 2.14874e-08 2.30684e-06 0.000236542 0.00690652 0.992855 
7.44906e-07 1.99726e-06 1.26896e-05 7.1428e-05 0.00114423 0.00980825 0.0399502 0.641663 0.140024 0.167324 
3.05871e-05 0.000166279 0.000963211 0.00450348 0.0180951 0.0519149 0.656711 0.172229 0.0692651 0.0261208 
1.17772e-07 1.3451e-07 9.84304e-07 7.7766e-06 9.31419e-05 0.000841296 0.00274933 0.0153051 0.0471495 0.933853 
1.61461e-06 5.6053e-06 8.93947e-05 0.000486403 0.00281832 0.00791078 0.0239878 0.0722867 0.135237 0.757177 
2.57987e-26 3.22755e-23 1.167e-20 1.32849e-17 2.50018e-15 1.45673e-12 9.89406e-10 7.88632e-07 0.00129287 0.998706 
0.000848663 0.00450193 0.0204198 0.0621062 0.142495 0.208381 0.446947 0.0823262 0.0263735 0.00560052 
1.56582e-05 0.000114643 0.000813294 0.00309716 0.0155198 0.058834 0.413896 0.364434 0.0952703 0.0480056 
9.3199e-07 2.66991e-06 1.62348e-05 8.04571e-05 0.000739587 0.00464891 0.0179519 0.45909 0.284157 0.233312 
2.31601e-14 7.25149e-14 3.03239e-13 1.33975e-11 9.79861e-10 6.42331e-08 5.36579e-06 0.000474355 0.0100235 0.989497 
3.14834e-07 8.19581e-07 4.96992e-06 3.63479e-05 0.00124251 0.0100265 0.687752 0.0980458 0.109877 0.0930134 
1.1712e-10 9.65129e-11 7.45114e-10 7.16764e-09 1.94577e-07 1.60464e-06 7.97567e-06 5.21129e-05 0.00248159 0.997457 
4.87298e-25 8.90393e-22 3.17802e-19 3.32288e-16 6.50099e-14 3.39258e-11 1.8834e-08 9.42715e-06 0.00268503 0.997306 
1.28904e-06 3.97359e-06 2.83181e-05 0.000127441 0.000824463 0.00474458 0.0118784 0.0414494 0.110058 0.830884 
0.000232779 0.00309108 0.0207759 0.336825 0.144234 0.173105 0.13737 0.110848 0.0523382 0.0211807 
2.29226e-06 7.34457e-06 8.01795e-05 0.000433621 0.00296667 0.0105271 0.0341854 0.10908 0.707133 0.135585 
3.12828e-07 8.1065e-07 5.19418e-06 4.25096e-05 0.00112377 0.0241052 0.409253 0.162158 0.249078 0.154234 
5.55828e-06 2.14054e-05 0.000305635 0.0013485 0.00883967 0.0355644 0.303271 0.418912 0.143173 0.0885592 
0.00134924 0.0139132 0.0674553 0.352072 0.271473 0.182735 0.0725435 0.0252255 0.0109927 0.002241 
0.000253847 0.00235825 0.0124392 0.049653 0.266298 0.286756 0.230928 0.10022 0.0415324 0.00956052 
4.51617e-06 9.89408e-06 9.55469e-05 0.000581101 0.00597676 0.0297667 0.582264 0.177533 0.121762 0.0820072 
1.55487e-05 6.54963e-05 0.000575509 0.00261648 0.0134632 0.0422902 0.096039 0.621099 0.150667 0.0731682 
0.000627857 0.00505408 0.022114 0.0714344 0.178611 0.527781 0.132783 0.0448932 0.0138948 0.00280636 
7.66299e-07 2.36262e-06 1.45202e-05 6.84339e-05 0.000547218 0.0031283 0.00973801 0.148596 0.531161 0.306743 
2.14586e-06 7.11814e-06 0.000100109 0.000572577 0.00393742 0.013586 0.0417063 0.115458 0.727636 0.0969945 
2.65791e-08 7.44199e-08 5.05217e-07 6.5385e-06 0.000315215 0.00194199 0.0114172 0.0666269 0.859484 0.0602073 
7.80228e-08 2.26296e-07 1.34524e-06 7.89169e-06 7.02811e-05 0.000461717 0.00172515 0.0139471 0.658849 0.324937 
0.00174631 0.0135073 0.12279 0.336818 0.190447 0.140918 0.0842328 0.0622074 0.0339642 0.0133694 
1.02838e-06 3.95036e-06 2.7894e-05 0.000130297 0.00120076 0.00407927 0.0121738 0.0364304 0.0942445 0.851708 
1.12556e-06 3.27282e-06 2.43923e-05 0.000145174 0.00153715 0.00703956 0.241132 0.343065 0.176199 0.230853 
2.8706e-07 7.35723e-07 4.21738e-06 2.04402e-05 0.000132593 0.00100262 0.0019516 0.00524256 0.011535 0.98011 
2.5636e-05 0.00105077 0.00756257 0.0461861 0.490751 0.139182 0.116284 0.0969445 0.062754 0.03926 
0.000110915 0.000242529 0.00244611 0.00953666 0.0430187 0.488259 0.19505 0.1525 0.0773846 0.0314518 
5.66351e-08 3.21068e-08 2.04653e-07 2.45877e-06 4.20384e-05 0.000529658 0.00211549 0.0140313 0.0508564 0.932422 
1.47689e-08 1.0867e-08 7.71514e-08 1.01146e-06 1.95254e-05 0.000397007 0.00161309 0.0207447 0.878741 0.0984833 
8.00295e-07 2.5032e-06 1.39733e-05 5.82169e-05 0.000365012 0.00224147 0.00485894 0.0141673 0.0438323 0.93446 
2.52694e-09 7.2798e-09 6.75779e-08 3.20549e-07 2.00602e-06 1.19019e-05 4.93859e-05 0.000183868 0.0028175 0.996935 
0.00018446 0.00213371 0.0134636 0.0391922 0.42985 0.20265 0.151372 0.0951008 0.0455111 0.0205419 
1.24288e-06 3.65903e-06 2.15498e-05 9.63902e-05 0.000745449 0.004141 0.0112549 0.0291897 0.0653159 0.88923 
2.37523e-05 3.11849e-05 0.000242851 0.00112435 0.0249005 0.0255516 0.0960199 0.422828 0.340715 0.0885627 
1.2649e-24 2.29e-21 8.03919e-19 8.09159e-16 1.49802e-13 7.70928e-11 5.0872e-08 3.01975e-05 0.003197 0.996773 
6.99387e-08 1.7781e-07 1.05601e-06 6.43389e-06 8.41392e-05 0.000855464 0.00240049 0.0137121 0.0454949 0.937445 
2.7861e-06 1.05187e-05 0.000171518 0.000870238 0.00331762 0.0123856 0.0349067 0.101582 0.726369 0.120384 
1.3821e-05 0.000133415 0.00086528 0.00328649 0.0115596 0.0324561 0.0708393 0.624263 0.159675 0.0969072 
0.000442122 0.00415918 0.0180541 0.0566428 0.140588 0.191156 0.138194 0.418908 0.0266351 0.00522058 
6.47027e-05 8.65567e-05 0.000862571 0.0243543 0.0323285 0.120139 0.15421 0.587421 0.0623823 0.0181506 
2.58768e-14 3.49511e-13 2.87487e-12 6.72402e-11 5.20369e-09 3.2304e-07 5.45989e-07 0.000156409 0.00534497 0.994498 
1.00576e-06 3.63262e-06 2.39306e-05 0.000126998 0.000709313 0.0039947 0.0105954 0.0367794 0.147625 0.800141 
1.42808e-06 4.6629e-06 3.39894e-05 0.000175698 0.00121762 0.00629528 0.328544 0.390633 0.13665 0.136444 
6.00457e-07 1.57594e-06 9.6239e-06 4.52462e-05 0.000370014 0.00242477 0.00710934 0.309838 0.282781 0.397419 
0.0016407 0.0140145 0.0542611 0.143329 0.247056 0.42744 0.0717945 0.0268246 0.0109535 0.00268698 
5.2458e-17 9.01324e-16 1.43084e-14 4.1694e-12 4.84102e-10 2.97942e-08 1.85475e-06 0.000304289 0.00997159 0.989722 
0.000265176 0.00130919 0.00780782 0.0340639 0.199891 0.490088 0.128322 0.0829402 0.0386472 0.0166661 
0.000195621 0.000761629 0.00392234 0.0156657 0.0660251 0.569842 0.135694 0.111541 0.0661591 0.030194 
6.3854e-06 2.37505e-05 0.000264282 0.00141569 0.00878645 0.0366813 0.298299 0.436021 0.143181 0.0753217 
3.69905e-06 9.93734e-06 0.000112429 0.000648686 0.00507615 0.0177736 0.0522891 0.123795 0.680011 0.120281 
5.47812e-07 1.60655e-06 9.54161e-06 5.06319e-05 0.00050469 0.0025963 0.543638 0.184778 0.142629 0.125791 
4.04255e-07 6.39463e-07 4.54152e-06 2.78299e-05 0.00026223 0.00245082 0.00766594 0.0340769 0.739105 0.216406 
1.64968e-11 7.8624e-11 9.11478e-10 1.29724e-08 9.98222e-07 7.21416e-06 0.000341081 0.181126 0.313434 0.50509 
8.97833e-05 0.000520561 0.00363518 0.0130394 0.038054 0.0779076 0.139206 0.602836 0.0962382 0.0284738 
7.06672e-06 4.53018e-05 0.000300734 0.0013868 0.00602692 0.0185453 0.0343557 0.0807063 0.661942 0.196684 
6.18672e-06 2.68849e-05 0.000283899 0.00136977 0.00725918 0.0216947 0.0568217 0.14688 0.654052 0.111605 
2.2814e-06 8.19622e-06 0.000146357 0.000720425 0.00312293 0.00835126 0.0259497 0.0635201 0.0957068 0.802472 
0.000310167 0.00151934 0.00912461 0.0307714 0.0920758 0.352815 0.353271 0.107768 0.0426389 0.00970595 
2.35356e-08 3.97781e-08 2.43373e-07 2.23398e-06 8.1414e-05 0.00064976 0.00418852 0.397393 0.307748 0.289937 
1.84328e-06 2.92328e-06 2.32035e-05 0.00141789 0.031328 0.629457 0.0784151 0.107997 0.0915761 0.0597808 
2.81648e-07 1.04658e-06 6.01428e-06 4.6281e-05 0.000556752 0.00218751 0.0122762 0.0524498 0.601467 0.331009 
7.26625e-06 6.87327e-06 6.96031e-05 0.000462461 0.00299494 0.0160843 0.0410222 0.124935 0.713312 0.101105 
1.41507e-06 3.22841e-06 1.99755e-05 0.000131102 0.00190232 0.00692312 0.023542 0.0739569 0.56404 0.32948 
4.66133e-07 1.23705e-06 8.1649e-06 4.54875e-05 0.000394852 0.00210327 0.00646502 0.025678 0.0820232 0.88328 
4.42526e-06 2.38086e-05 0.000179049 0.000832384 0.00410691 0.0133803 0.0279257 0.064463 0.185573 0.703511 
2.7045e-06 8.60931e-06 7.11315e-05 0.000396506 0.00380132 0.0108822 0.0362247 0.667462 0.160565 0.120586 
1.53592e-06 7.62023e-06 0.000108197 0.000508616 0.00207139 0.00592253 0.018322 0.0507137 0.115942 0.806403 
9.8298e-07 2.76305e-06 1.63875e-05 7.66225e-05 0.000590013 0.00378982 0.0104557 0.0406874 0.78914 0.155241 
4.05849e-25 7.4516e-22 2.59912e-19 2.59367e-16 6.89043e-14 4.24044e-11 6.25018e-08 5.61963e-05 0.00341585 0.996528 
0.000336792 0.0011543 0.00565218 0.0264198 0.0826505 0.323632 0.260498 0.153774 0.127526 0.0183571 
2.55465e-06 8.94233e-06 0.000103217 0.000596424 0.00437577 0.013074 0.0443637 0.122135 0.178784 0.636557 
1.11976e-07 2.96537e-07 2.05188e-06 1.52541e-05 0.000130639 0.00118636 0.00397865 0.0295107 0.0851523 0.880024 
1.09852e-06 3.9874e-06 2.21032e-05 9.08031e-05 0.000656968 0.00346666 0.00763423 0.0193469 0.0436123 0.925165 
9.307e-09 1.24007e-08 1.05897e-07 1.13659e-06 2.11641e-05 0.000423973 0.00113084 0.0111479 0.0452695 0.942005 
3.26423e-06 1.81465e-05 0.000162451 0.000882294 0.00483587 0.0128399 0.0384465 0.326369 0.533197 0.0832455 
5.61666e-09 5.42495e-09 4.21957e-08 4.511e-07 7.76664e-06 0.000149939 0.000371333 0.00385574 0.947676 0.0479386 
5.71773e-07 1.63214e-06 9.63356e-06 4.73699e-05 0.000366309 0.00220225 0.00565178 0.0191459 0.0566546 0.91592 
9.92387e-07 3.38837e-06 1.92067e-05 0.000119594 0.0013098 0.00574978 0.02077 0.0736642 0.779668 0.118695 
0.000248863 0.00129429 0.00960313 0.0407475 0.429419 0.18172 0.15625 0.108526 0.0544565 0.0177348 
0.000255794 0.00135937 0.00662113 0.0215086 0.0679017 0.536152 0.158539 0.133181 0.0598547 0.014627 
1.61896e-06 5.47896e-06 9.62244e-05 0.000507734 0.00240945 0.00980876 0.125442 0.581101 0.0961562 0.184471 
3.32048e-06 1.11687e-05 0.000148697 0.000765817 0.00562969 0.0205154 0.0645307 0.144531 0.672203 0.091662 
5.6806e-11 1.72975e-10 1.58477e-09 1.84444e-08 3.76355e-07 7.68125e-06 6.11907e-05 0.000399639 0.00131706 0.998214 
0.00118259 0.0111718 0.0414913 0.141091 0.312483 0.385795 0.0837075 0.0185155 0.00359098 0.00097212 
1.25587e-06 4.14226e-06 6.44622e-05 0.000355854 0.00214905 0.00806584 0.0348868 0.697536 0.196954 0.0599822 
3.81162e-06 1.86997e-05 0.000194809 0.0010043 0.00919784 0.0464271 0.605584 0.139691 0.115917 0.0819608 
1.74692e-06 7.91883e-06 0.00012736 0.000631626 0.00213324 0.0077678 0.0229565 0.0683348 0.118673 0.779366 
3.46876e-07 1.08444e-06 6.62286e-06 3.41697e-05 0.000364379 0.00145813 0.00461995 0.0132086 0.0359808 0.944326 
2.57223e-08 7.26946e-08 6.29803e-07 8.661e-06 9.85644e-05 0.000265735 0.00125048 0.00788366 0.448072 0.54242 
6.88981e-07 1.82179e-06 1.12858e-05 5.76749e-05 0.000425686 0.0028628 0.00771809 0.0229554 0.0542953 0.911671 
6.26602e-05 0.000211119 0.000942343 0.00456927 0.0189422 0.0620042 0.124618 0.620808 0.122348 0.0454938 
1.41713e-14 2.24218e-13 1.29422e-12 1.10144e-10 1.51171e-08 2.13514e-07 8.70648e-06 0.000439309 0.0106873 0.988864 
4.88936e-27 1.37943e-23 3.81722e-20 1.43168e-16 1.39476e-13 8.67931e-11 2.55981e-08 2.38814e-05 0.00276526 0.997211 
6.23506e-05 0.000186558 0.000648657 0.00271752 0.0113016 0.0354521 0.0601685 0.108012 0.117501 0.66395 
0.00026269 0.000771165 0.00492941 0.0242301 0.0972927 0.434906 0.188045 0.151548 0.0699769 0.0280377 
0.000139372 0.000185448 0.00148537 0.00783748 0.0438498 0.319268 0.367731 0.146498 0.0777276 0.0352779 
0.000209375 0.00100596 0.00513456 0.0229502 0.146963 0.281177 0.259351 0.183071 0.0747819 0.0253555 
6.42491e-06 2.83579e-05 0.000309527 0.00161642 0.0106898 0.0463759 0.577347 0.1517 0.128712 0.0832145 
1.00307e-06 3.69744e-06 2.04089e-05 8.06781e-05 0.00050294 0.00313837 0.00804194 0.0297715 0.0724475 0.885992 
0.000326123 0.0059904 0.0244759 0.0755778 0.160421 0.186302 0.421646 0.0810873 0.0333237 0.0108496 
1.54427e-05 0.000107908 0.000937563 0.00410465 0.0150413 0.0435045 0.0883534 0.163232 0.168403 0.516301 
2.04891e-06 6.48917e-06 7.62523e-05 0.000394115 0.00306129 0.00914127 0.0337596 0.108178 0.710502 0.134879 
1.48351e-06 4.55314e-06 3.0933e-05 0.000162463 0.00110227 0.00658705 0.0162 0.0472182 0.0908621 0.837831 
3.73538e-07 9.02139e-07 5.91836e-06 2.70014e-05 0.00016229 0.00122199 0.00337194 0.00688056 0.0160733 0.972256 
4.83574e-05 3.4597e-05 0.000279447 0.00142016 0.00984846 0.0364479 0.322734 0.234953 0.315632 0.0786022 
1.8849e-05 2.9631e-05 0.00027365 0.00143394 0.0108085 0.0442985 0.680217 0.122536 0.0927956 0.0475885 
3.01088e-06 9.73644e-06 0.000139987 0.00072682 0.0045255 0.0126995 0.042947 0.118978 0.649734 0.170237 
8.49972e-08 1.92416e-07 1.53387e-06 7.23335e-06 4.39614e-05 0.000324555 0.00109379 0.00519456 0.0176578 0.975676 
2.72893e-06 1.468e-05 0.000150113 0.000675363 0.00351116 0.00984514 0.0293759 0.0744573 0.133289 0.748679 
9.55489e-09 2.08076e-08 2.1105e-07 1.96775e-06 3.52205e-05 0.000446498 0.0012062 0.0104379 0.0342756 0.953596 
8.22512e-22 3.68851e-19 9.2609e-17 7.38824e-14 6.952e-12 3.29834e-09 5.97155e-07 0.000182684 0.00766296 0.992154 
7.62631e-07 2.55034e-06 1.46446e-05 5.86223e-05 0.000387899 0.00235573 0.00527251 0.0123319 0.0360577 0.943518 
0.00023588 0.000846324 0.00518651 0.0193999 0.0599227 0.127502 0.172497 0.176469 0.413209 0.0247312 
3.55416e-06 1.43835e-05 0.000119555 0.00062005 0.00371956 0.0139236 0.035476 0.215925 0.323901 0.406298 
5.23782e-06 2.27765e-05 0.000224095 0.00119668 0.00476473 0.0166739 0.0389683 0.0948055 0.720084 0.123254 
3.06425e-07 5.02645e-07 3.617e-06 2.03499e-05 0.000163467 0.00166418 0.0045288 0.0221364 0.0814043 0.890078 
2.97502e-06 1.17245e-05 0.000150322 0.000911482 0.00580093 0.0240617 0.364595 0.423928 0.113105 0.0674338 
8.26228e-06 4.13236e-05 0.000498643 0.00283389 0.0236154 0.49754 0.12798 0.147524 0.123832 0.0761268 
0.000270425 0.000675354 0.00368499 0.0182699 0.0762107 0.499685 0.188307 0.133685 0.0569498 0.0222615 
4.92527e-13 9.98793e-12 9.20996e-11 6.06539e-09 5.6078e-07 3.91726e-06 0.000102568 0.00340765 0.0316458 0.96484 
1.25645e-07 2.56055e-07 1.75566e-06 1.38586e-05 0.000236503 0.000879136 0.00337415 0.0188621 0.060765 0.915867 
2.98316e-09 1.34951e-08 6.87995e-08 2.37782e-07 2.49223e-06 1.65741e-05 0.000254668 0.00483093 0.0343101 0.960585 
6.71602e-24 7.75713e-21 2.55292e-18 2.35622e-15 3.47022e-13 2.71965e-10 1.38596e-07 0.000108309 0.00614947 0.993742 
1.62243e-05 0.000193134 0.000966011 0.00478407 0.0144145 0.0326093 0.0576055 0.115861 0.13778 0.63577 
2.46532e-06 8.79781e-06 0.000100256 0.000502948 0.00263077 0.00892075 0.0267104 0.0782419 0.430578 0.452303 
9.53662e-07 2.69039e-06 1.55903e-05 7.30282e-05 0.000613484 0.00373199 0.0124263 0.0408321 0.79404 0.148263 
5.76339e-14 1.71496e-12 1.45967e-11 6.97636e-10 7.6059e-08 6.99735e-07 1.52299e-05 0.000475259 0.00365007 0.995859 
4.72742e-07 2.06621e-06 1.10275e-05 3.90946e-05 0.000311463 0.00175848 0.00598484 0.0393006 0.836947 0.115645 
7.97178e-07 2.78423e-06 1.76528e-05 7.90909e-05 0.000543749 0.00306826 0.00839038 0.560417 0.184369 0.243111 
0.00437793 0.0356894 0.14116 0.223204 0.409499 0.14943 0.0282112 0.00722459 0.000988646 0.000215032 
2.50139e-06 8.94297e-06 0.000117747 0.000606188 0.00317483 0.0108442 0.0416878 0.650279 0.164001 0.129278 
2.30551e-08 2.50398e-08 1.90242e-07 1.77778e-06 2.78929e-05 0.000306115 0.00120556 0.00961558 0.027882 0.960961 
1.13654e-07 4.80524e-07 2.55714e-06 8.91132e-06 5.46619e-05 0.000241325 0.000434369 0.00321685 0.0242557 0.971785 
6.92421e-08 2.08886e-07 1.41023e-06 1.87754e-05 0.000286399 0.00102297 0.00391469 0.0291145 0.651758 0.313883 
4.06728e-07 1.21115e-06 6.98229e-06 3.24161e-05 0.000260532 0.00150722 0.00424463 0.017216 0.871082 0.105648 
0.000169352 0.000779462 0.00398895 0.0168373 0.0537744 0.132415 0.485412 0.184309 0.0914596 0.0308555 
0.000673021 0.0065734 0.0292391 0.115442 0.339917 0.377807 0.0891658 0.0303706 0.00902565 0.00178625 
9.77538e-08 5.80008e-08 4.1168e-07 4.31734e-06 6.35018e-05 0.000635504 0.00282667 0.0144721 0.0569865 0.925011 
5.83156e-08 7.72157e-08 5.90533e-07 6.59635e-06 0.000229065 0.00149807 0.00741428 0.771092 0.129342 0.0904179 
1.07842e-06 4.83446e-06 7.51444e-05 0.000323414 0.00071802 0.00367056 0.00962121 0.0336474 0.0841713 0.867767 
0.0031371 0.0293137 0.110454 0.450969 0.270135 0.101552 0.0243008 0.00710388 0.00251883 0.00051548 
7.98059e-06 2.91438e-05 0.000332329 0.0016508 0.0108038 0.0366378 0.0943451 0.164671 0.615782 0.0757399 
5.80723e-07 2.42409e-06 1.30493e-05 5.00528e-05 0.000292329 0.00158037 0.00439589 0.0219528 0.876195 0.0955178 
0.00508265 0.240788 0.0962481 0.143738 0.260165 0.114241 0.0881884 0.0414673 0.00806433 0.00201706 
0.000134863 3.8543e-05 0.000172242 0.0024338 0.0264049 0.494652 0.144441 0.132785 0.103862 0.0950745 
7.24067e-13 1.09989e-11 9.76162e-11 6.16217e-09 6.03507e-07 4.58957e-06 0.000173378 0.00675423 0.937834 0.0552329 
3.86248e-07 1.23452e-06 7.12107e-06 2.81317e-05 0.000153825 0.00122912 0.00281703 0.0124559 0.0702062 0.913101 
0.000451863 0.00165056 0.00897499 0.0284013 0.0894807 0.162669 0.182424 0.451926 0.059097 0.0149248 
4.25726e-07 1.35196e-06 7.75544e-06 3.27445e-05 0.000226439 0.00181036 0.00470853 0.0201792 0.844842 0.128191 
1.11143e-06 3.38757e-06 2.02322e-05 0.000106551 0.00118507 0.00668695 0.0341008 0.716295 0.120286 0.121315 
1.40869e-06 3.33825e-06 2.09124e-05 0.000161562 0.00241593 0.0107626 0.048419 0.649296 0.161597 0.127322 
1.00612e-29 2.17485e-26 3.1163e-23 1.00323e-19 1.02535e-16 7.06525e-14 9.30263e-11 2.9091e-07 0.00133659 0.998663 
6.74475e-07 2.14436e-06 1.26765e-05 0.00010918 0.00140955 0.00441055 0.0146948 0.0515457 0.118086 0.809729 
3.64022e-07 1.29991e-06 7.60027e-06 3.49217e-05 0.00024894 0.00150296 0.00335556 0.00991373 0.0307761 0.954159 
2.36061e-07 4.5032e-07 3.41004e-06 1.9319e-05 0.000167133 0.00102868 0.0036896 0.0190205 0.835386 0.140685 
0.000780248 0.00492241 0.0177332 0.044366 0.0966763 0.34994 0.374272 0.0841072 0.022425 0.00477747 
1.61761e-07 4.87359e-07 2.8865e-06 1.44769e-05 0.000137475 0.00105866 0.00321295 0.0211346 0.0720826 0.902356 
0.000220431 0.000816505 0.00352173 0.015886 0.0504878 0.106109 0.36116 0.251624 0.129047 0.0811288 
2.84176e-05 6.48046e-05 0.000540911 0.00259584 0.0133606 0.043703 0.222313 0.504974 0.176358 0.0360616 
1.09513e-05 4.88987e-05 0.000484469 0.00325339 0.0220626 0.0906118 0.551851 0.170793 0.108212 0.0526719 
1.4062e-06 5.40073e-06 9.44122e-05 0.000472747 0.00151792 0.00645062 0.0164748 0.0423109 0.804872 0.1278 
7.59717e-06 4.44277e-05 0.00048348 0.00198613 0.00778906 0.0229204 0.0430911 0.0917082 0.116099 0.715871 
9.7195e-09 2.03318e-08 2.07815e-07 1.91505e-06 3.2348e-05 0.000424251 0.000896739 0.0142033 0.896491 0.08795 
3.52662e-07 1.08074e-06 6.28084e-06 3.01112e-05 0.000271055 0.0017858 0.00604459 0.0286304 0.826029 0.137202 
7.11557e-07 2.24406e-06 1.80861e-05 8.07123e-05 0.000590903 0.00318655 0.0110266 0.397695 0.346491 0.240908 
0.000259889 0.00238465 0.0135017 0.0454217 0.125409 0.445986 0.192175 0.118469 0.0446016 0.0117903 
6.63898e-05 4.01454e-05 0.000400261 0.00205663 0.0123734 0.0412472 0.104573 0.645478 0.125734 0.0680317 
8.74498e-07 2.72705e-06 1.5891e-05 0.000102324 0.00105501 0.00490641 0.0167073 0.0602765 0.786479 0.130454 
