2557
1.42889e-05 0.000341922 0.00362754 0.0114913 0.0200648 0.0358188 0.0623036 0.488584 0.251085 0.126668 
0.00220369 0.0169796 0.0732548 0.151741 0.505654 0.134141 0.0703803 0.0276741 0.0140398 0.00393061 
1.60626e-06 5.81092e-05 0.000467966 0.00185261 0.0105159 0.0358176 0.0834025 0.672282 0.10542 0.090181 
7.30366e-05 0.00139759 0.00877576 0.0299898 0.0647037 0.111752 0.262019 0.396341 0.0963983 0.0285497 
2.55388e-07 1.08336e-05 6.45668e-05 0.000317269 0.00188841 0.00604944 0.0162459 0.214087 0.591257 0.17008 
2.59203e-06 0.000101466 0.000934964 0.00346166 0.0103831 0.0251641 0.0526122 0.0982121 0.135593 0.673534 
5.39862e-08 1.04111e-06 1.29023e-05 5.33266e-05 0.000490718 0.00266953 0.021043 0.89948 0.0360236 0.0402263 
1.04393e-08 1.37564e-07 1.10121e-06 4.02545e-06 2.4027e-05 0.000135068 0.000248846 0.000814504 0.00186052 0.996912 
1.37162e-15 3.28099e-13 4.15184e-12 5.30078e-11 8.51113e-09 4.14424e-08 3.90831e-07 6.67736e-05 0.000151247 0.999782 
0.000291164 0.00594448 0.0501108 0.0990755 0.361391 0.226134 0.0919046 0.0496202 0.0651311 0.0503977 
6.78201e-06 0.000301814 0.0102082 0.0286437 0.0698758 0.340828 0.311401 0.111105 0.0792348 0.0483943 
5.42284e-06 0.00016153 0.000973409 0.00360235 0.00841441 0.0233033 0.0416925 0.0816925 0.122947 0.717207 
3.72491e-19 2.20339e-16 2.93049e-14 1.70773e-12 2.83911e-10 6.08324e-09 8.23245e-07 4.31516e-05 0.00055717 0.999399 
1.38415e-06 6.24642e-05 0.000313847 0.00143297 0.00494169 0.0136706 0.0305149 0.0707193 0.744094 0.134249 
4.74774e-06 0.000200274 0.00134967 0.00912488 0.018469 0.0330463 0.0507684 0.0872876 0.649556 0.150193 
5.3355e-07 2.33552e-05 0.00012142 0.000545121 0.00181884 0.00605221 0.0121782 0.0248133 0.0663685 0.888079 
2.5714e-05 0.00132066 0.00826618 0.094875 0.13239 0.209859 0.325531 0.0889366 0.0810674 0.0577295 
9.82898e-29 4.89436e-25 2.86822e-22 1.53724e-18 1.40171e-16 3.92719e-14 2.34363e-10 3.80407e-08 4.63202e-05 0.999954 
4.31487e-05 0.00172526 0.0189531 0.0776536 0.110091 0.339743 0.158327 0.135767 0.0999673 0.0577292 
0.00141893 0.122896 0.316347 0.140599 0.174393 0.139152 0.0690909 0.0248687 0.00908299 0.00215132 
3.242e-19 2.19085e-16 2.51815e-14 1.84407e-12 3.22052e-10 9.29833e-09 1.66509e-06 0.000147198 0.00231251 0.997539 
2.51108e-06 0.000124344 0.000858013 0.00576317 0.015459 0.0391777 0.0815932 0.586748 0.1362 0.134074 
6.67462e-27 1.11362e-23 2.78009e-21 5.50403e-18 1.20916e-15 9.69266e-14 1.96646e-10 1.6708e-08 8.93089e-06 0.999991 
4.49088e-06 0.000216881 0.00308121 0.0102332 0.0371633 0.0807835 0.485257 0.135418 0.127955 0.119887 
1.94982e-06 9.38582e-05 0.000882372 0.00486966 0.0108062 0.0219064 0.0403997 0.0704882 0.721759 0.128793 
1.50187e-16 7.49112e-14 4.50617e-12 4.01388e-10 3.76405e-08 4.1595e-07 3.54538e-05 0.000414981 0.0045718 0.994977 
8.35053e-09 1.54417e-07 1.92347e-06 9.04074e-06 0.000180241 0.00147312 0.00469938 0.0182361 0.0389136 0.936486 
2.56998e-08 4.07569e-07 4.25848e-06 1.6623e-05 0.000102393 0.000751948 0.00088116 0.00288744 0.00884384 0.986512 
6.44414e-08 1.10587e-06 1.26544e-05 4.78647e-05 0.000295541 0.00196038 0.00533595 0.00973197 0.0169631 0.965651 
0.000456 0.00518182 0.0201416 0.0546615 0.135193 0.229522 0.445724 0.07524 0.0260652 0.00781564 
4.39949e-06 0.000107296 0.00114279 0.00495103 0.066641 0.291083 0.111653 0.0923013 0.284584 0.147533 
0.00217463 0.039058 0.383364 0.314988 0.0900093 0.0636597 0.0810073 0.0171262 0.00684443 0.00176861 
2.64803e-06 5.60814e-05 0.000737373 0.00295886 0.0136844 0.0361499 0.0990076 0.0658454 0.218013 0.563545 
3.74564e-06 0.000144466 0.00111276 0.0108805 0.0257926 0.0553 0.124974 0.148347 0.272573 0.360872 
4.49897e-05 0.00220781 0.0117852 0.0283821 0.0753892 0.500736 0.149013 0.123893 0.0762081 0.0323403 
4.79462e-06 0.000135294 0.00183146 0.0060836 0.0177767 0.046216 0.444087 0.207614 0.198063 0.0781882 
1.50945e-06 6.22752e-05 0.000348874 0.00170949 0.00595249 0.0184226 0.0361114 0.0697211 0.698919 0.168752 
3.6549e-05 0.00079806 0.00880156 0.0289399 0.37103 0.134309 0.153815 0.150122 0.0996167 0.0525314 
3.88335e-08 7.69449e-07 9.19826e-06 4.66838e-05 0.000547767 0.00335491 0.0117405 0.830071 0.0801683 0.0740606 
1.76438e-07 7.62574e-06 4.83424e-05 0.000382322 0.000994947 0.00253461 0.00517415 0.0254805 0.361147 0.60423 
2.81428e-05 0.00103453 0.0067749 0.024929 0.0617899 0.431267 0.172018 0.152308 0.10139 0.0484607 
7.74873e-07 3.28497e-05 0.000209242 0.0007028 0.00261343 0.00855002 0.0192715 0.337072 0.339543 0.292005 
8.20543e-05 0.011672 0.00398681 0.0137135 0.0402067 0.124721 0.519655 0.158103 0.0594238 0.0684355 
1.44787e-05 0.000622018 0.00275849 0.00982179 0.0282388 0.0666611 0.408664 0.282404 0.115089 0.0857267 
5.07808e-08 3.05851e-06 1.10784e-05 2.12259e-05 5.44121e-05 0.000115982 0.000450749 0.00214719 0.0122834 0.984913 
3.82876e-08 8.27177e-07 1.10868e-05 3.52484e-05 0.000294301 0.00173932 0.00415401 0.158883 0.780654 0.0542284 
3.97972e-07 1.43357e-05 0.000104066 0.000528264 0.00185857 0.00637468 0.0147605 0.0300026 0.308123 0.638233 
6.93862e-08 1.90357e-06 1.92092e-05 0.000112124 0.00564223 0.00597017 0.0560234 0.171679 0.5233 0.237252 
3.23845e-07 9.1045e-06 8.38789e-05 0.00078345 0.00369405 0.0103151 0.029547 0.063993 0.108539 0.783035 
1.70432e-06 8.19832e-05 0.000436531 0.00317357 0.00896941 0.0209075 0.0457725 0.09745 0.141998 0.681208 
6.05065e-08 1.61801e-06 3.0962e-05 0.000136312 0.00110216 0.00528945 0.157706 0.59494 0.0423613 0.198432 
7.97914e-12 1.51068e-09 2.89606e-08 2.41027e-07 5.92414e-06 3.89172e-05 0.000198381 0.00263637 0.0104753 0.986645 
3.04928e-08 5.23031e-07 5.6817e-06 2.32986e-05 0.000208545 0.00161753 0.00277689 0.0132356 0.0550658 0.927066 
1.02203e-06 5.09647e-05 0.000309829 0.00265334 0.00736445 0.0212111 0.405008 0.121619 0.124539 0.317243 
3.25955e-06 0.000118761 0.00103871 0.00506805 0.0189226 0.0521142 0.480854 0.161848 0.150086 0.129946 
1.14661e-06 5.20261e-05 0.000342596 0.0021617 0.00687398 0.297305 0.373068 0.194833 0.0640511 0.0613111 
1.35435e-07 3.40262e-06 3.65829e-05 0.000250953 0.00236679 0.010159 0.0369928 0.757438 0.100007 0.0927458 
4.50863e-08 1.91633e-06 1.09933e-05 4.10347e-05 0.00024119 0.000976036 0.00217558 0.0068765 0.0245349 0.965142 
6.63188e-07 2.71103e-05 0.000155901 0.00093743 0.00313009 0.00871692 0.021968 0.0478249 0.0815512 0.835688 
0.00257998 0.0523276 0.59539 0.25013 0.063471 0.0233505 0.00787675 0.003099 0.00137712 0.000397861 
2.28028e-05 0.00115317 0.00445565 0.0135931 0.0314003 0.0684921 0.0898876 0.562602 0.131077 0.0973161 
2.45818e-08 3.81458e-07 3.84027e-06 1.71748e-05 0.000314534 0.00203165 0.0091553 0.290558 0.520473 0.177447 
3.25408e-06 9.30551e-05 0.000583708 0.00199036 0.0061845 0.0202396 0.0311443 0.0562202 0.0843628 0.799178 
9.21559e-06 0.000547565 0.002306 0.00712945 0.021128 0.187514 0.154546 0.407075 0.14557 0.074175 
3.61811e-28 2.27002e-24 2.90523e-21 3.12144e-17 8.42948e-16 5.79136e-13 5.72925e-09 1.1857e-05 0.000869824 0.999118 
2.17149e-05 0.00122085 0.00452263 0.0164752 0.0425722 0.0792417 0.114099 0.56491 0.118085 0.0588521 
1.52605e-29 8.82821e-26 1.3631e-22 1.5975e-18 5.13e-17 3.17063e-14 2.30396e-09 2.08207e-05 0.000697624 0.999282 
2.78999e-07 1.20979e-05 5.99311e-05 0.000222742 0.00109641 0.00444119 0.0199053 0.810132 0.087821 0.0763092 
0.00927202 0.0976434 0.100172 0.302412 0.156057 0.264621 0.0512337 0.0118674 0.00539545 0.00132453 
0.000222252 0.00323354 0.0132393 0.0427996 0.0856784 0.141009 0.312987 0.282668 0.0791912 0.038972 
1.16007e-10 2.24389e-08 4.32485e-07 3.54641e-06 7.59035e-05 0.000532669 0.000463032 0.00447649 0.0169021 0.977546 
7.64219e-07 2.67512e-05 0.000175911 0.00102251 0.00340164 0.011123 0.0252161 0.0554847 0.107765 0.795784 
0.000652957 0.0128864 0.0482508 0.113311 0.402767 0.141669 0.105383 0.075882 0.0613955 0.0378029 
2.18002e-06 9.81931e-05 0.000559038 0.00315829 0.00767309 0.0215668 0.0358372 0.0637489 0.102684 0.764673 
1.08501e-07 1.77227e-06 1.92304e-05 0.000102222 0.000934534 0.00455372 0.00920741 0.0257937 0.0527406 0.906647 
1.08632e-06 4.92946e-05 0.000229498 0.000660051 0.00215618 0.0067715 0.0100391 0.0167713 0.0197499 0.943572 
1.30383e-06 5.8371e-05 0.000297213 0.00156794 0.00460556 0.0125621 0.028052 0.0530667 0.088335 0.811454 
1.39661e-05 0.000328104 0.00322746 0.0114348 0.0304689 0.0761867 0.529792 0.164142 0.120997 0.0634091 
2.47859e-06 0.000112903 0.000781222 0.00435992 0.0143358 0.0380668 0.232002 0.0712658 0.0675587 0.571514 
8.92986e-15 1.53737e-12 2.68265e-11 1.01216e-09 2.26998e-07 1.31229e-06 4.94529e-05 0.00101045 0.00299979 0.995939 
1.74089e-06 9.44806e-05 0.000587817 0.00459321 0.012002 0.0301572 0.202763 0.589666 0.0893668 0.0707676 
1.04264e-15 7.93991e-14 1.03019e-12 7.8995e-12 4.16379e-10 2.68569e-09 3.69761e-07 4.18593e-07 7.37001e-05 0.999926 
1.71467e-07 4.65186e-06 8.54563e-05 0.000420097 0.00226733 0.0290143 0.0945795 0.179801 0.445031 0.248796 
2.47559e-09 1.21112e-07 3.67307e-07 1.08583e-06 2.76471e-06 6.75725e-06 6.50999e-06 7.67357e-05 0.000361395 0.999544 
8.69369e-07 3.20947e-05 0.000303228 0.00157334 0.00430679 0.0108725 0.0199092 0.0452634 0.0780178 0.839721 
1.77219e-06 6.18013e-05 0.000525749 0.00294463 0.0070966 0.0158669 0.0268697 0.284164 0.0660891 0.59638 
3.71827e-07 1.68141e-05 7.80148e-05 0.000268429 0.00120347 0.00467254 0.0114048 0.0365473 0.8422 0.103608 
2.5193e-16 1.18198e-13 7.7464e-12 6.19026e-10 8.64801e-08 6.81379e-07 5.06429e-05 0.000710185 0.00782571 0.991413 
1.18016e-05 0.000737182 0.00518169 0.0175222 0.223273 0.0511676 0.0555671 0.180108 0.0552886 0.411142 
9.06602e-07 3.54289e-05 0.000212416 0.000986255 0.00447098 0.0139263 0.0347899 0.0726284 0.709012 0.163937 
1.84337e-06 7.16876e-05 0.000547542 0.00196815 0.00665431 0.0203672 0.0343695 0.0660839 0.111571 0.758364 
3.5349e-15 9.32155e-13 2.12845e-11 1.0836e-09 2.18106e-07 1.34173e-06 9.0022e-05 0.00134992 0.00836886 0.99019 
8.12714e-06 0.000256958 0.00186508 0.0119395 0.0254567 0.0497089 0.0749774 0.118118 0.586755 0.130915 
1.82854e-05 0.000418617 0.00325372 0.013059 0.0355579 0.109925 0.490037 0.193306 0.0994603 0.0549645 
1.69663e-29 9.43838e-26 1.18652e-22 1.26735e-18 3.43309e-17 2.37012e-14 2.16886e-10 3.81423e-07 0.000176027 0.999824 
1.68094e-06 6.33769e-05 0.000487707 0.00300913 0.00632462 0.013061 0.0202837 0.316715 0.391857 0.248197 
1.02705e-15 3.52559e-14 5.43464e-13 5.23205e-12 3.18562e-10 9.15306e-09 2.02574e-06 0.000236631 0.00303727 0.996724 
8.84685e-07 4.01184e-05 0.000203039 0.00103968 0.0035475 0.0117907 0.679871 0.0769326 0.108658 0.117916 
5.03079e-29 3.11512e-25 4.49242e-22 5.11032e-18 1.25816e-16 9.37888e-14 3.97279e-10 1.81384e-06 0.000532624 0.999466 
1.09469e-07 3.04554e-06 3.13228e-05 0.000267426 0.00115219 0.0226276 0.431358 0.156083 0.251465 0.137012 
0.00117026 0.00821924 0.0629855 0.467071 0.250814 0.119387 0.0577403 0.0212368 0.00865188 0.00272395 
3.72919e-05 0.00124453 0.00932424 0.044199 0.241838 0.320572 0.16985 0.139934 0.0516416 0.0213591 
2.49768e-05 0.000540124 0.00572472 0.0167852 0.0376688 0.0715071 0.109749 0.561609 0.126952 0.0694391 
0.00170315 0.0243345 0.0948436 0.226494 0.204755 0.299354 0.0949609 0.0363329 0.0135984 0.00362369 
1.0812e-06 5.77247e-05 0.000288124 0.0027593 0.00589013 0.0122359 0.0210865 0.1669 0.524412 0.266369 
6.80488e-07 3.00093e-05 0.000150821 0.000973727 0.00257931 0.00599006 0.0173197 0.052436 0.855458 0.0650614 
1.97681e-08 6.26455e-07 6.0514e-06 3.15133e-05 0.000233453 0.00111723 0.00240623 0.00893472 0.665714 0.321556 
9.40515e-08 2.35458e-06 3.27916e-05 0.000148389 0.00145875 0.00525687 0.280453 0.340076 0.13733 0.235241 
4.55825e-06 0.000561205 0.00697784 0.030183 0.518716 0.0967932 0.0841958 0.0928652 0.0838486 0.0858543 
8.73293e-11 7.8476e-09 1.29269e-07 1.32186e-06 3.09923e-05 0.000463198 0.00132961 0.0078137 0.025731 0.96463 
6.09207e-07 3.01543e-05 0.000138236 0.000410816 0.00153222 0.00442758 0.010818 0.0290221 0.871162 0.0824579 
1.53098e-07 3.74799e-06 3.0135e-05 0.000101403 0.000508269 0.00309883 0.00728572 0.0149682 0.030529 0.943475 
1.56412e-07 7.59351e-06 3.35907e-05 0.000149994 0.000494056 0.00124162 0.00248052 0.00553535 0.00963009 0.980427 
2.23634e-06 0.000104224 0.000731009 0.00332994 0.00817985 0.0220493 0.039841 0.0650974 0.0943512 0.766314 
5.90615e-06 0.000183171 0.00133464 0.00487048 0.0294419 0.0309129 0.0985996 0.44768 0.321866 0.0651051 
2.98136e-08 1.28289e-06 8.90415e-06 4.39556e-05 0.000207474 0.000733837 0.00142542 0.00294001 0.00732913 0.98731 
3.40905e-16 7.11909e-14 1.01572e-12 1.58375e-11 1.61772e-09 2.65437e-07 2.51599e-07 4.34864e-05 0.00114803 0.998808 
4.08373e-07 1.68413e-05 0.000118265 0.000486489 0.00183047 0.00662122 0.0131592 0.327111 0.28074 0.369916 
0.00172179 0.027042 0.0849712 0.2323 0.340935 0.222028 0.06054 0.0206397 0.00807593 0.00174593 
8.02045e-06 0.000225214 0.00293342 0.00982633 0.0342564 0.376823 0.091753 0.272436 0.121786 0.0899529 
1.46928e-05 0.000251913 0.00179198 0.00538023 0.0132398 0.0724203 0.493926 0.181056 0.113775 0.118144 
2.23365e-07 9.73269e-06 7.75579e-05 0.000242284 0.00118843 0.00562518 0.0167322 0.0337981 0.757852 0.184474 
1.01378e-12 6.41574e-11 3.07542e-09 6.6038e-09 4.04731e-07 2.20461e-06 0.000155894 0.177187 0.363473 0.459181 
5.20064e-05 0.000691057 0.00636055 0.0280087 0.119417 0.327861 0.121143 0.202766 0.11516 0.0785403 
1.81453e-10 1.1466e-08 1.27119e-07 9.71909e-07 4.13473e-05 0.000428445 0.00253126 0.39533 0.316202 0.285466 
2.03829e-08 4.39781e-07 3.93801e-06 3.60336e-05 0.000494922 0.00173392 0.0072212 0.0247451 0.635138 0.330627 
2.8006e-07 1.30325e-05 0.000101959 0.000480343 0.00282384 0.0134576 0.0333616 0.126523 0.678322 0.144916 
1.3845e-06 6.03639e-05 0.000297691 0.00138615 0.00703754 0.0179275 0.0474292 0.644802 0.138304 0.142754 
6.00633e-30 3.55849e-26 5.36466e-23 6.22037e-19 2.57654e-17 1.33168e-14 1.83906e-09 1.66666e-05 0.00067031 0.999313 
7.53105e-07 2.8052e-05 0.000154446 0.000950808 0.00296391 0.00849702 0.0170573 0.0328632 0.0601378 0.877347 
2.8904e-07 8.83952e-06 8.68187e-05 0.000530778 0.002432 0.0210031 0.0556194 0.119318 0.616159 0.184842 
2.54412e-11 2.52788e-09 4.705e-08 4.0031e-07 8.18071e-06 0.000139652 0.00021805 0.00196262 0.981679 0.0159916 
9.32515e-08 1.65453e-06 1.46387e-05 9.34583e-05 0.00102867 0.0049441 0.0158649 0.0430628 0.865634 0.0693561 
1.88061e-05 0.000833881 0.00699584 0.0253275 0.27708 0.117842 0.122659 0.325472 0.0841164 0.0396546 
0.000613202 0.0080813 0.0251234 0.0681023 0.134519 0.421491 0.154691 0.101292 0.0620808 0.024006 
1.07555e-06 4.907e-05 0.000355931 0.00194223 0.00463168 0.0103919 0.058574 0.242036 0.0521428 0.629875 
1.42358e-06 6.02977e-05 0.000386085 0.00177294 0.00790763 0.0243259 0.0637586 0.117445 0.661431 0.122911 
3.0673e-12 6.09364e-11 8.74445e-10 6.69737e-09 1.03027e-07 2.16447e-06 1.94224e-05 0.000239119 0.000320101 0.999419 
0.000374206 0.00665448 0.0226791 0.100497 0.327568 0.451671 0.0714668 0.0138119 0.00374756 0.00153067 
2.41429e-06 9.43324e-05 0.000873729 0.00461174 0.010177 0.0209998 0.0439156 0.688744 0.16459 0.0659912 
2.90412e-06 0.000113561 0.00126606 0.00625856 0.0165654 0.0475807 0.580589 0.124359 0.121238 0.102026 
1.35665e-06 6.06258e-05 0.000524674 0.00168686 0.00597692 0.0156467 0.0377193 0.0739213 0.104739 0.759723 
1.18861e-06 5.75406e-05 0.000319589 0.00172411 0.00480286 0.0119735 0.0258054 0.0475924 0.0746666 0.833057 
2.24672e-10 9.5618e-09 1.59214e-07 2.01634e-06 5.64338e-05 0.000242383 0.000680996 0.00298944 0.465382 0.530647 
6.67028e-07 2.97092e-05 0.0001509 0.00101941 0.00262214 0.00631694 0.0137171 0.0242863 0.0469603 0.904897 
1.37321e-05 0.000411323 0.00517644 0.0248912 0.0714315 0.395476 0.152169 0.15587 0.115527 0.079034 
0.00144298 0.012305 0.0324059 0.065556 0.197148 0.295507 0.203623 0.118601 0.0551657 0.0182452 
2.19901e-06 0.000121381 0.000588489 0.00580763 0.0114534 0.0214231 0.0334943 0.059012 0.0885495 0.779548 
1.10768e-05 0.000274392 0.00250316 0.00722343 0.019854 0.0465845 0.081534 0.134356 0.574913 0.132747 
3.23455e-08 7.21015e-07 1.11733e-05 5.47173e-05 0.000526676 0.002049 0.0262546 0.315376 0.549196 0.106531 
1.13511e-10 2.17342e-08 4.18543e-07 3.41736e-06 7.42231e-05 0.000467964 0.000551376 0.00526163 0.0167598 0.976881 
1.7827e-24 2.21958e-21 3.71679e-19 4.54811e-16 8.69946e-14 1.1043e-11 4.68841e-08 5.85302e-05 0.00195844 0.997983 
1.53938e-07 2.98215e-06 3.04141e-05 0.000171674 0.000723993 0.00325839 0.00888981 0.0161333 0.032437 0.938352 
2.96433e-05 0.000797547 0.00729681 0.0315539 0.0680412 0.12962 0.162584 0.159486 0.377391 0.0632007 
3.93606e-06 0.000124668 0.00105285 0.00583602 0.0134102 0.0308177 0.0519959 0.230563 0.298807 0.367388 
3.9721e-06 0.000161425 0.00148435 0.00895753 0.0276831 0.437256 0.10352 0.145439 0.144373 0.131123 
2.65435e-07 8.8094e-06 5.3178e-05 0.000752922 0.00142725 0.00229261 0.00482392 0.00823696 0.0254305 0.956974 
4.41069e-16 1.20722e-13 3.05881e-12 1.94439e-10 4.55538e-08 2.44669e-07 7.48517e-06 0.000322314 0.00121962 0.99845 
1.47427e-10 1.2286e-08 2.3119e-07 1.72402e-06 3.62997e-05 0.00031862 0.000741656 0.00477384 0.0132016 0.980926 
1.4617e-08 1.88347e-07 1.48355e-06 5.00884e-06 3.21722e-05 0.000120271 0.000214188 0.00138319 0.00813364 0.99011 
2.30416e-09 1.56021e-07 1.61537e-06 2.14971e-05 0.000270055 0.00100482 0.00235185 0.0146252 0.68033 0.301394 
7.71806e-07 3.06796e-05 0.000166962 0.000992933 0.00308031 0.00834838 0.0179198 0.0374322 0.823852 0.108176 
0.000335388 0.00629019 0.0618151 0.271749 0.34719 0.215466 0.063902 0.0224317 0.00802139 0.00279937 
6.15306e-08 2.96022e-06 1.18503e-05 4.79531e-05 0.000193337 0.000936119 0.00243625 0.00951791 0.0280486 0.958805 
3.91822e-10 4.16072e-08 7.62765e-07 6.23285e-06 0.000196817 0.00148281 0.00476188 0.882375 0.0651262 0.04605 
9.35319e-08 1.27827e-06 1.08454e-05 3.72022e-05 0.000209463 0.00135839 0.00292752 0.0109903 0.934691 0.0497739 
0.000418131 0.233098 0.0908414 0.124331 0.261216 0.0922416 0.110871 0.0534917 0.0250253 0.00846574 
9.81452e-07 3.85086e-05 0.000304452 0.00263428 0.0178257 0.519467 0.105477 0.110735 0.11331 0.130207 
3.28293e-15 7.35044e-13 1.62109e-11 7.43816e-10 1.40671e-07 1.13406e-06 0.000106913 0.00223779 0.975932 0.0217222 
1.06004e-07 2.91328e-06 2.15087e-05 8.58094e-05 0.000739718 0.00313247 0.00851572 0.125432 0.168117 0.693952 
0.000824912 0.00524978 0.0196482 0.0496274 0.112251 0.151263 0.150249 0.436157 0.0579328 0.0167975 
5.41955e-07 2.27961e-05 0.000106398 0.000351135 0.0018151 0.00800749 0.0252109 0.76183 0.0979311 0.104725 
1.30597e-05 0.000283708 0.00200501 0.00841914 0.0328604 0.0797934 0.0851713 0.426022 0.170623 0.194809 
6.49804e-08 1.32164e-06 1.22647e-05 0.000106134 0.00114521 0.00424456 0.0122292 0.0325077 0.0679859 0.881768 
1.43655e-06 6.81187e-05 0.00034872 0.00243352 0.00600288 0.0138485 0.027414 0.0484152 0.0737872 0.82768 
1.14816e-06 4.86405e-05 0.000261436 0.00158461 0.00433636 0.0102254 0.0244663 0.0473849 0.0882625 0.823429 
6.84604e-07 2.59367e-05 0.000222339 0.0011225 0.00377953 0.0123598 0.0288674 0.0540437 0.764977 0.134601 
8.49158e-06 0.000256906 0.00250675 0.0114069 0.0261429 0.0555071 0.0828535 0.126728 0.127832 0.566757 
3.89604e-10 3.45203e-08 5.26707e-07 3.93623e-06 8.10503e-05 0.000494906 0.000431073 0.00626041 0.957303 0.0354252 
1.07404e-06 4.28828e-05 0.000389878 0.00186925 0.00782531 0.0237054 0.0587343 0.11687 0.637265 0.153296 
4.16317e-05 0.00115716 0.00378885 0.0129107 0.0397992 0.066124 0.557503 0.223014 0.065369 0.0302931 
2.13494e-06 7.83046e-05 0.000872853 0.00439 0.0141615 0.0283714 0.0628447 0.10754 0.136337 0.645403 
0.00266315 0.0247156 0.0679736 0.48708 0.162055 0.205763 0.0384432 0.00945885 0.00163411 0.000214008 
7.47409e-07 2.82636e-05 0.000156751 0.00065703 0.00277486 0.00952348 0.0256997 0.0572364 0.768339 0.135584 
7.4859e-05 0.00164814 0.0139789 0.0472088 0.164384 0.344995 0.168424 0.128832 0.0886741 0.0417812 
3.21192e-17 1.57613e-14 9.39043e-13 8.34064e-11 7.94039e-09 7.50899e-08 5.22638e-06 1.41847e-05 0.000288816 0.999692 
8.22529e-07 3.73115e-05 0.00017709 0.000789876 0.00352046 0.0123594 0.0298643 0.0755342 0.74784 0.129877 
2.56531e-39 9.62247e-35 5.10517e-31 2.34693e-26 2.83706e-22 1.25903e-19 4.26311e-15 1.8601e-10 5.76883e-05 0.999942 
0.000299537 0.00296622 0.0127489 0.0367052 0.0846901 0.328967 0.227176 0.159635 0.112497 0.034314 
1.71176e-06 7.67863e-05 0.00046859 0.00223687 0.00845657 0.025682 0.068105 0.127436 0.607788 0.159748 
2.72281e-12 1.83849e-10 2.52246e-09 9.26384e-08 2.41435e-06 0.000242056 0.000214993 0.00398094 0.964195 0.0313642 
1.54581e-16 5.60034e-14 2.89934e-12 2.09719e-10 3.64953e-08 3.06688e-07 2.82786e-05 0.000512289 0.00604966 0.993409 
1.12835e-09 9.33224e-08 1.31207e-06 1.39406e-05 0.000267315 0.00157213 0.00471952 0.0261194 0.902985 0.0643207 
0.000716109 0.00260413 0.0137912 0.0407454 0.0900977 0.127109 0.142784 0.460887 0.0901821 0.0310828 
1.31807e-10 4.30483e-09 4.78436e-08 2.76901e-07 1.08644e-06 6.53662e-06 8.53722e-06 3.59529e-05 0.000112398 0.999835 
4.27962e-05 0.00117866 0.00865595 0.281914 0.147465 0.155031 0.22009 0.0971777 0.0559267 0.0325184 
7.9528e-07 4.02905e-05 0.000290274 0.00143085 0.00322018 0.00716503 0.010976 0.0352553 0.132414 0.809207 
6.52894e-07 3.65841e-05 0.000171233 0.00043473 0.0014187 0.00569485 0.0105709 0.0309252 0.860613 0.0901339 
1.38901e-07 2.71643e-06 2.50436e-05 0.000167206 0.00074137 0.00412164 0.00814912 0.0289528 0.584667 0.373173 
7.27581e-09 2.30514e-07 2.29666e-06 1.08229e-05 0.000125723 0.00101987 0.0016834 0.00874716 0.0216175 0.966793 
7.56119e-07 2.86654e-05 0.000221261 0.00107645 0.00511385 0.0141179 0.0360657 0.0731031 0.726065 0.144208 
0.00122405 0.0203579 0.220469 0.547822 0.118581 0.064817 0.0195639 0.00560287 0.00130544 0.000256372 
1.12975e-06 4.88974e-05 0.000242298 0.00131005 0.00393779 0.0112208 0.02356 0.0517512 0.0962028 0.811725 
1.96178e-05 0.00113166 0.00472042 0.020169 0.067283 0.134523 0.462956 0.156643 0.0994063 0.053148 
9.52125e-06 0.000254313 0.00152645 0.00573492 0.018559 0.0878073 0.150312 0.15437 0.306571 0.274855 
3.02143e-07 1.62605e-05 5.63285e-05 0.00015199 0.000512919 0.0023151 0.00355514 0.00946457 0.0637903 0.920137 
6.06222e-07 2.62801e-05 0.000159667 0.000738204 0.00259839 0.0202364 0.0451891 0.264841 0.371817 0.294393 
6.2938e-07 2.23845e-05 0.000289887 0.00168322 0.0182299 0.151609 0.0977766 0.247012 0.397301 0.0860758 
5.16266e-07 1.62381e-05 0.000253492 0.00160803 0.00572897 0.016432 0.0431137 0.684007 0.124167 0.124673 
3.38335e-17 1.6907e-14 1.02164e-12 8.98804e-11 8.52111e-09 9.25135e-08 4.61724e-06 8.36715e-05 0.000304348 0.999607 
1.38121e-06 6.03078e-05 0.000321931 0.00147712 0.00518332 0.0154003 0.0365138 0.0822488 0.703644 0.155149 
4.641e-08 6.53996e-07 5.41079e-06 2.17503e-05 0.00020102 0.000855327 0.00245689 0.00951257 0.0323593 0.954587 
4.88217e-06 0.000139018 0.00121015 0.00573574 0.016755 0.0979857 0.552348 0.1617 0.118725 0.0453957 
1.12822e-06 6.00907e-05 0.000379394 0.00278007 0.00674313 0.0156419 0.0324297 0.105397 0.199854 0.636714 
2.48107e-05 0.000882955 0.00512485 0.0169828 0.0405183 0.0771288 0.114086 0.152283 0.505197 0.0877717 
3.11838e-18 1.67834e-15 1.25005e-13 9.93931e-12 1.34493e-09 1.81376e-08 2.57572e-06 0.000112658 0.00131485 0.99857 
3.01201e-05 0.00144152 0.00759118 0.028614 0.0682568 0.394043 0.23437 0.144152 0.0774374 0.0440636 
3.5736e-06 0.000152782 0.000983532 0.00498103 0.0118001 0.0293409 0.0532789 0.097107 0.64095 0.161402 
5.44243e-05 0.00199804 0.0103005 0.0351701 0.0820298 0.121162 0.433441 0.145934 0.109706 0.0602038 
1.31489e-06 3.91142e-05 0.000580843 0.0027619 0.00980966 0.0253676 0.0830292 0.423941 0.0930354 0.361434 
6.92741e-09 1.20159e-07 1.38614e-06 6.66759e-06 0.000105176 0.000722946 0.0013386 0.0058233 0.0147375 0.977264 
1.49555e-06 6.80263e-05 0.00040444 0.00258495 0.00923998 0.0281776 0.0719776 0.131518 0.598198 0.15783 
1.06516e-05 0.00064529 0.00435859 0.0153037 0.179466 0.0500403 0.0647789 0.184296 0.104807 0.396293 
7.53778e-09 3.71732e-07 1.4903e-06 5.13581e-06 2.24555e-05 5.48236e-05 0.000201578 0.00143533 0.0102421 0.988037 
4.51914e-06 0.000139586 0.00109385 0.00557371 0.0130739 0.0309641 0.0598858 0.10191 0.686257 0.101098 
3.58942e-07 9.09588e-06 7.8431e-05 0.000697785 0.00193435 0.00513317 0.012018 0.0257678 0.0568152 0.897546 
3.80221e-11 6.93408e-09 1.31828e-07 1.08549e-06 2.40691e-05 0.000155883 0.000496128 0.00588236 0.0224194 0.971021 
5.99007e-05 0.00173236 0.0126619 0.0442738 0.35351 0.164965 0.154299 0.116735 0.0947458 0.0570156 
3.0775e-25 2.07608e-21 2.61725e-18 2.78981e-14 7.57673e-13 5.27111e-10 8.69695e-06 0.000132771 0.00388171 0.995977 
3.23676e-07 1.31512e-05 6.71368e-05 0.000273912 0.00138598 0.00702277 0.0171847 0.0414661 0.0875099 0.845076 
5.37333e-07 2.21498e-05 0.000118963 0.000648849 0.00215665 0.00652655 0.0169641 0.196277 0.639749 0.137536 
2.18906e-10 3.40958e-08 6.33858e-07 5.42342e-06 0.000116265 0.000754978 0.00162075 0.00906725 0.0320106 0.956424 
1.15387e-08 2.00887e-07 2.25811e-06 9.66729e-06 0.000120225 0.000952906 0.00208456 0.00682454 0.0623904 0.927615 
1.90098e-07 8.53189e-06 4.86817e-05 0.000172279 0.000627763 0.00216209 0.00507683 0.0110854 0.0213581 0.95946 
1.51069e-05 0.000810782 0.00456976 0.0176734 0.164701 0.338565 0.227708 0.132694 0.0746487 0.0386147 
3.71909e-08 6.8962e-07 7.93244e-06 2.838e-05 0.000198592 0.001236 0.00215395 0.00618508 0.0121415 0.978048 
1.54136e-07 5.3274e-06 0.000145133 0.000656391 0.00444438 0.0119356 0.0357098 0.748852 0.111357 0.0868948 
1.48074e-05 0.000404337 0.00659985 0.0271359 0.427927 0.150035 0.138363 0.123367 0.0771926 0.0489596 
1.0521e-10 1.73294e-08 3.25563e-07 2.77857e-06 5.97164e-05 0.000481236 0.00106673 0.00803005 0.0255117 0.964847 
1.65909e-06 7.79973e-05 0.000569827 0.00232748 0.00596827 0.0140658 0.0242086 0.0615138 0.753128 0.138139 
8.94666e-08 4.64813e-06 1.65408e-05 4.6319e-05 0.000161348 0.000599818 0.00260842 0.180043 0.799067 0.0174531 
1.22334e-06 3.591e-05 0.000290046 0.00125876 0.00444865 0.0694806 0.0688062 0.0369908 0.177368 0.64132 
2.2311e-06 5.60057e-05 0.000599329 0.00182703 0.00700231 0.0329294 0.0922353 0.404496 0.320778 0.140075 
2.18679e-05 0.000995361 0.00486203 0.0204348 0.0481863 0.412646 0.156344 0.168115 0.125131 0.0632641 
1.03449e-06 3.96321e-05 0.00034588 0.00237963 0.00724061 0.0195475 0.0499943 0.59705 0.149828 0.173574 
3.12002e-06 0.000115502 0.000671081 0.0061893 0.0116961 0.0246685 0.0317944 0.0543609 0.0840373 0.786464 
4.44763e-07 1.12076e-05 0.000109766 0.000908778 0.00397185 0.0132805 0.0452621 0.0854349 0.721893 0.129128 
3.87562e-06 0.00018377 0.00128301 0.00802376 0.0185374 0.039135 0.0682279 0.126608 0.60428 0.133718 
8.59715e-07 3.65264e-05 0.000277035 0.00116357 0.00456374 0.0120493 0.0314383 0.0602447 0.0914119 0.798814 
3.55606e-06 0.000103789 0.00108432 0.00424867 0.0127036 0.0745394 0.196822 0.46086 0.182786 0.0668487 
1.13246e-05 0.00024645 0.00282991 0.0111119 0.0270825 0.0644712 0.0920654 0.129933 0.590284 0.081964 
4.44109e-06 0.000183376 0.00193039 0.00789366 0.0524403 0.254786 0.165334 0.220832 0.176502 0.120095 
2.9876e-05 0.00122163 0.00574365 0.0219087 0.0504664 0.088447 0.360841 0.355189 0.0777624 0.0383901 
2.19593e-13 4.33364e-11 8.38425e-10 6.73954e-09 1.48634e-07 5.03618e-07 1.3957e-05 0.000519258 0.0064735 0.992993 
6.06051e-09 3.68082e-07 3.6213e-06 4.09604e-05 0.00056348 0.0026123 0.0084145 0.024915 0.0548649 0.908585 
0.00452417 0.201616 0.0885735 0.133973 0.187262 0.157186 0.0992831 0.0623619 0.0413517 0.0238685 
8.22197e-07 3.39615e-05 0.000220349 0.00137801 0.00399555 0.0115297 0.100326 0.165994 0.230765 0.485757 
0.000248172 0.0121009 0.0319775 0.072271 0.16882 0.432454 0.179709 0.0441934 0.0343977 0.0238295 
3.83961e-06 0.000175643 0.00120063 0.00678984 0.0164593 0.038933 0.0643617 0.114222 0.134069 0.623785 
0.026006 0.0177644 0.0347286 0.0974826 0.476885 0.176061 0.149577 0.0155833 0.00465152 0.00126002 
1.27205e-05 0.000411822 0.00285238 0.0144497 0.0367104 0.0812229 0.117588 0.568735 0.10986 0.0681576 
7.35965e-06 0.000501971 0.0356184 0.184131 0.145946 0.219792 0.154244 0.119841 0.0878089 0.0521078 
4.29709e-06 0.000213778 0.00176575 0.00781572 0.0204474 0.174683 0.118032 0.249652 0.0827345 0.344651 
4.95878e-06 0.000207878 0.0015003 0.00904493 0.0218014 0.0498262 0.0911116 0.534181 0.155424 0.136898 
6.34704e-09 1.42885e-07 2.19638e-06 7.97559e-06 3.85542e-05 0.00045624 0.000820737 0.00169484 0.00424803 0.992731 
2.06091e-05 0.000372341 0.00471733 0.019505 0.322699 0.163212 0.155413 0.219568 0.0718101 0.0426825 
6.57821e-08 1.97143e-06 1.74984e-05 0.000122532 0.000338854 0.000808759 0.00164405 0.00267147 0.00542403 0.988971 
1.29858e-07 2.95612e-06 2.30666e-05 0.00014499 0.000671872 0.00231219 0.00572831 0.0149277 0.92922 0.0469686 
1.29362e-06 4.6459e-05 0.000283879 0.000888097 0.00278257 0.0112482 0.025375 0.0616222 0.752083 0.14567 
6.26312e-07 2.8929e-05 0.000134684 0.000404512 0.00172317 0.00617637 0.0135561 0.0274618 0.461827 0.488687 
1.1717e-05 0.000277689 0.00286545 0.00837517 0.0230211 0.0620373 0.0952707 0.142765 0.580694 0.0846818 
1.07172e-06 4.73096e-05 0.000318137 0.00156437 0.00503472 0.0151082 0.0334723 0.488985 0.24948 0.205989 
1.68501e-08 2.37169e-07 2.15166e-06 8.72891e-06 0.000109973 0.000809442 0.00136015 0.00548569 0.0116803 0.980543 
1.26171e-05 0.000285897 0.00336003 0.00841054 0.0173815 0.0330324 0.097891 0.348418 0.387792 0.103416 
3.19215e-29 1.6218e-25 1.72741e-22 1.69713e-18 5.03441e-17 3.23916e-14 3.5689e-10 5.34787e-07 0.000156985 0.999842 
1.08741e-05 0.000523281 0.00275632 0.0095713 0.0457247 0.437006 0.310741 0.0757672 0.0941818 0.0237173 
0.0214259 0.103074 0.208489 0.467966 0.10325 0.064342 0.0184885 0.0105976 0.00192763 0.000439887 
1.30138e-05 0.000381958 0.00456974 0.0192081 0.0520897 0.399605 0.162546 0.168325 0.121834 0.0714276 
6.6214e-07 2.9196e-05 0.000222395 0.000681054 0.00257431 0.0098069 0.0226009 0.04345 0.0715747 0.84906 
7.3215e-07 2.11423e-05 0.000333544 0.00106787 0.0054593 0.0114655 0.0263637 0.0523298 0.792459 0.1105 
1.82181e-06 8.45763e-05 0.000507738 0.00250348 0.00933696 0.0329202 0.540266 0.125888 0.156106 0.132386 
0.000150895 0.00547462 0.0218793 0.062676 0.270766 0.291276 0.0702694 0.0511874 0.0696913 0.156629 
1.80101e-05 0.00130037 0.00567158 0.021565 0.0628374 0.499757 0.145415 0.133768 0.0855434 0.044125 
1.71711e-05 0.000402981 0.00316184 0.011612 0.0274012 0.0485375 0.0701294 0.105939 0.594761 0.138037 
1.58218e-06 7.00702e-05 0.000445409 0.00228866 0.00677544 0.0192333 0.0376628 0.0664192 0.102516 0.764588 
0.000113941 0.00102776 0.00653283 0.0332761 0.116823 0.60396 0.115875 0.0632072 0.0501799 0.00900466 
1.62573e-08 4.04539e-07 5.36853e-06 3.54052e-05 0.000564051 0.00309359 0.19252 0.183005 0.529439 0.0913372 
3.40847e-10 4.66859e-08 8.84276e-07 7.24566e-06 0.000272746 0.00131425 0.00427387 0.023619 0.0491758 0.921336 
1.95109e-07 3.39633e-06 3.32861e-05 0.000148751 0.00116436 0.00610256 0.0112033 0.0390321 0.827517 0.114795 
9.68417e-05 0.00378365 0.0168762 0.0552225 0.131796 0.43459 0.13994 0.105109 0.0669905 0.0455957 
5.90301e-07 2.20312e-05 0.000170527 0.000625368 0.00498736 0.0170929 0.0511967 0.674921 0.130093 0.120891 
2.65418e-12 1.43644e-10 1.28932e-09 1.91908e-08 1.00139e-07 7.78848e-07 0.000186965 0.00322772 0.992897 0.00368783 
2.04616e-08 4.55334e-07 4.55395e-06 2.56385e-05 0.00025287 0.00156514 0.00300669 0.00974648 0.675435 0.309963 
1.57848e-13 1.074e-11 1.27597e-10 3.27139e-09 4.56738e-07 2.32118e-06 0.000130508 0.0024709 0.705909 0.291487 
1.85912e-06 7.5555e-05 0.000810896 0.0032884 0.0118573 0.0302204 0.584932 0.127941 0.122739 0.118135 
2.054e-08 5.21007e-07 7.43295e-06 3.23106e-05 0.000371676 0.0021657 0.00801812 0.0175707 0.0407406 0.931093 
0.000288703 0.00589046 0.0495937 0.0977404 0.354686 0.216011 0.0884316 0.0466776 0.0701857 0.0704943 
2.41499e-05 0.000875999 0.00687222 0.0259199 0.0566452 0.115904 0.13564 0.139356 0.466402 0.0523599 
1.38459e-11 2.74717e-09 5.31727e-08 4.23126e-07 8.99693e-06 2.10743e-05 9.1806e-05 0.00179902 0.992258 0.00582082 
1.58183e-10 3.10954e-08 6.00912e-07 4.85266e-06 0.000104092 0.000491131 0.000371617 0.00461761 0.0192045 0.975206 
7.2988e-07 3.11779e-05 0.000175707 0.000945447 0.00306577 0.00807975 0.0190676 0.0362837 0.841466 0.0908839 
3.26873e-06 8.49628e-05 0.000712706 0.00388492 0.00992079 0.0265242 0.0466341 0.0737175 0.103061 0.735456 
2.44268e-05 0.0012494 0.00628461 0.0229463 0.0485015 0.0991335 0.501665 0.153356 0.114161 0.0526784 
1.81952e-06 8.82697e-05 0.000609806 0.00229116 0.0080311 0.0271292 0.0688476 0.646396 0.132152 0.114454 
1.16508e-06 6.19268e-05 0.000399608 0.00333479 0.0075908 0.0172047 0.133486 0.0521891 0.144284 0.641447 
3.71008e-06 0.000166634 0.00129098 0.00682852 0.019913 0.0491919 0.553983 0.144151 0.129616 0.0948547 
3.28501e-11 5.86358e-09 1.10981e-07 9.48477e-07 2.14708e-05 0.000250289 0.000547965 0.00462676 0.0172266 0.977326 
1.082e-06 3.89092e-05 0.000250577 0.00129827 0.00419749 0.0124426 0.198234 0.139907 0.149242 0.494388 
5.14725e-05 0.000840494 0.00430944 0.014071 0.255025 0.367348 0.129831 0.133785 0.0648121 0.0299264 
2.96565e-13 6.69383e-11 2.38846e-09 1.12971e-07 3.12615e-05 0.00014924 0.0011462 0.00539154 0.947882 0.0453992 
1.54488e-06 6.85528e-05 0.000421162 0.00187592 0.00707573 0.0196355 0.0526825 0.642992 0.139907 0.13534 
1.0834e-06 4.27212e-05 0.000273419 0.00157813 0.00589692 0.0149442 0.0364481 0.0694713 0.118702 0.752642 
5.71785e-11 1.11191e-08 2.14509e-07 1.75693e-06 3.82472e-05 0.000247034 0.00037667 0.943565 0.0287346 0.0270362 
5.61365e-07 2.21587e-05 0.00013574 0.000670682 0.00251438 0.00861345 0.019963 0.0436067 0.0812613 0.843212 
4.43813e-10 3.24975e-08 5.76126e-07 3.91114e-06 6.32755e-05 0.000581005 0.00104471 0.00579476 0.013551 0.978961 
4.39017e-16 1.0921e-13 1.57427e-12 4.7575e-11 9.5184e-09 3.86941e-08 9.78418e-07 2.48691e-05 6.24572e-05 0.999912 
3.42938e-19 2.6063e-16 2.59892e-14 1.90933e-12 4.17915e-10 5.64179e-09 7.36404e-07 3.53277e-05 0.000856268 0.999108 
7.1609e-08 1.39873e-06 1.73286e-05 6.26779e-05 0.000430647 0.00318616 0.0078539 0.0215901 0.88973 0.0771276 
3.17666e-33 1.64271e-29 2.58218e-26 1.39369e-22 3.30733e-18 5.24244e-16 5.81087e-10 5.24342e-06 0.000105115 0.99989 
8.98932e-10 5.98592e-08 1.03779e-06 6.52827e-06 9.04603e-05 0.000847889 0.00178688 0.0107777 0.0340279 0.952462 
4.18597e-05 0.00151211 0.00788336 0.0212397 0.0563404 0.102584 0.140288 0.48555 0.117773 0.0667882 
6.13981e-06 0.000239342 0.00208051 0.0119479 0.0333079 0.0813317 0.461392 0.168558 0.140074 0.101062 
1.15989e-06 5.28692e-05 0.000275627 0.00117839 0.00365756 0.0104453 0.0244246 0.0441287 0.0698558 0.84598 
0.000103795 0.0038272 0.0109666 0.0213451 0.0535048 0.0911765 0.125108 0.584531 0.0768678 0.0325692 
8.10349e-07 2.99052e-05 0.000199264 0.00123014 0.00422551 0.0124844 0.0293507 0.0543071 0.0885638 0.809608 
5.16797e-10 1.26517e-08 1.78892e-07 1.2952e-06 3.57228e-05 9.10696e-05 0.000283073 0.00129246 0.0024574 0.995839 
7.86562e-07 2.87036e-05 0.000451821 0.00335946 0.107257 0.338685 0.0580473 0.197749 0.0977393 0.196683 
2.51078e-06 0.000112679 0.000936039 0.00372082 0.0110327 0.028316 0.0559054 0.112022 0.645081 0.142871 
2.48857e-05 0.000663837 0.00539842 0.0161963 0.0477534 0.266891 0.312784 0.153759 0.118344 0.0781854 
1.07269e-06 4.04669e-05 0.000396164 0.00173602 0.00698031 0.0197766 0.0572238 0.605146 0.147579 0.16112 
1.09736e-05 0.000227734 0.00318749 0.00972626 0.0284647 0.453522 0.120322 0.161015 0.133382 0.0901422 
1.10007e-06 4.26634e-05 0.000318745 0.0015533 0.00690602 0.0187462 0.0541572 0.102213 0.145422 0.67064 
1.72416e-05 0.000733232 0.00431895 0.0152134 0.034055 0.0633858 0.0821623 0.225146 0.394869 0.180099 
0.00222672 0.0231971 0.196415 0.193753 0.433206 0.08392 0.0453872 0.015455 0.00559454 0.000845666 
1.77131e-07 3.97853e-06 3.98893e-05 0.000170485 0.00119479 0.00637394 0.190117 0.482509 0.0725913 0.247 
1.87749e-05 0.000467619 0.00402281 0.0138884 0.0281119 0.0505654 0.0806734 0.372672 0.379011 0.0705691 
1.71957e-07 5.10361e-06 5.72808e-05 0.00039991 0.00267146 0.0150659 0.0673169 0.0787073 0.13865 0.697126 
4.69431e-19 1.82242e-16 3.87116e-14 1.71805e-12 6.35379e-11 1.11165e-08 2.39401e-06 0.00026245 0.00384385 0.995891 
4.83301e-06 0.000199441 0.00131343 0.00855765 0.0205651 0.0635626 0.235339 0.481283 0.104118 0.0850571 
4.12422e-07 1.82104e-05 0.00012115 0.000659569 0.00209355 0.0173466 0.0270089 0.178787 0.601136 0.172828 
1.64919e-06 8.05571e-05 0.000457282 0.00330978 0.00893214 0.0226051 0.0602975 0.579361 0.155002 0.169953 
6.23815e-07 2.57533e-05 0.000149868 0.000712758 0.00280916 0.00900372 0.0298161 0.0644596 0.775352 0.11767 
2.20033e-07 9.13896e-06 4.01329e-05 0.000128838 0.000474139 0.0011098 0.0021728 0.00439556 0.00970173 0.981968 
0.000527514 0.0152454 0.0477528 0.114762 0.357623 0.159816 0.123957 0.0888598 0.0570308 0.0344253 
0.00439081 0.0432431 0.137024 0.523002 0.136552 0.086214 0.0426979 0.0187667 0.00705535 0.00105406 
1.00151e-06 4.20602e-05 0.000265158 0.00105359 0.00373519 0.0128106 0.0287736 0.0474253 0.0778186 0.828075 
1.0147e-10 8.4713e-09 1.30144e-07 1.06495e-06 2.15708e-05 0.000242351 0.000369765 0.0018237 0.00641786 0.991124 
9.29535e-05 0.00244884 0.0102597 0.029173 0.0906345 0.182134 0.409665 0.21775 0.0388667 0.0189758 
3.24302e-07 1.60944e-05 7.0226e-05 0.000227109 0.000935724 0.00307381 0.00634311 0.0155947 0.0332744 0.940465 
4.57516e-07 1.92066e-05 0.000134817 0.000780411 0.0190429 0.0290462 0.0446669 0.206394 0.531057 0.168858 
1.27339e-06 5.0211e-05 0.000263217 0.00114332 0.00419229 0.0142032 0.0300128 0.0549874 0.285036 0.61011 
3.33625e-06 0.000106253 0.00114778 0.00522358 0.0209052 0.0600683 0.524766 0.133054 0.134318 0.120407 
2.24248e-06 0.000109804 0.000690729 0.00353808 0.00966419 0.0223118 0.044467 0.0983413 0.684818 0.136057 
3.93356e-05 0.000765592 0.00487746 0.0157847 0.0467365 0.100203 0.620634 0.109311 0.0690211 0.0326277 
3.46744e-07 1.24755e-05 7.25888e-05 0.000283498 0.00139803 0.00568313 0.0142441 0.0414938 0.831237 0.105575 
0 0 0 0 0 0 0 0 1.15715e-05 0.999988 
3.35568e-06 0.000144129 0.00116103 0.00688338 0.0190748 0.0442925 0.0754991 0.132748 0.148004 0.572189 
0.000250581 0.00390688 0.0302196 0.131349 0.396739 0.222799 0.143529 0.0352934 0.017186 0.0187275 
0.00199654 0.0205594 0.0796386 0.160971 0.506079 0.139677 0.0627953 0.0201921 0.00704261 0.00104817 
1.86393e-06 0.000103535 0.000696323 0.00621319 0.0125355 0.0189157 0.0259179 0.0462469 0.0592589 0.83011 
1.28246e-08 2.0234e-07 2.13163e-06 9.70754e-06 0.000152525 0.00107392 0.00209412 0.00801084 0.0218692 0.966787 
5.63103e-08 1.93672e-06 1.06717e-05 5.46318e-05 0.000177797 0.000526105 0.0011879 0.00405297 0.00681843 0.98717 
6.31804e-06 0.00016002 0.00128454 0.00454247 0.0110929 0.0304039 0.0850896 0.16273 0.299948 0.404742 
8.42801e-07 3.46164e-05 0.000183257 0.000733345 0.00359839 0.0114752 0.026413 0.0608709 0.728477 0.168213 
4.35355e-05 0.00133885 0.00671135 0.0210568 0.0483113 0.0961446 0.135514 0.53866 0.0992263 0.0529934 
6.90481e-08 2.27936e-06 2.31814e-05 0.000166957 0.00066402 0.00199499 0.0140424 0.0393727 0.121906 0.821827 
3.03545e-08 5.80473e-07 6.12825e-06 2.13538e-05 0.000178709 0.00072662 0.00172722 0.00623146 0.0143536 0.976754 
9.06851e-08 1.8543e-06 1.69868e-05 7.0366e-05 0.000413568 0.0027588 0.00559827 0.0166532 0.0443655 0.930121 
2.17846e-06 5.15308e-05 0.000454479 0.00184986 0.00782722 0.0220914 0.0532349 0.105313 0.665574 0.143601 
3.60774e-05 0.00101951 0.00548034 0.0206184 0.413214 0.0875471 0.197472 0.17437 0.0662807 0.033961 
1.19007e-06 5.40126e-05 0.000374289 0.00154748 0.0124967 0.0331211 0.0223591 0.174581 0.552127 0.203339 
6.5126e-08 9.92444e-07 1.04159e-05 4.26543e-05 0.000722757 0.00315208 0.0103914 0.208775 0.0457752 0.73113 
1.85514e-08 3.42194e-07 4.12721e-06 2.06574e-05 0.000312359 0.00261012 0.00685621 0.102814 0.0599301 0.827452 
4.25506e-06 0.000215819 0.00130337 0.00548448 0.0143468 0.0312694 0.04676 0.0763042 0.594179 0.230133 
9.24859e-08 4.76171e-06 1.94438e-05 6.0802e-05 0.000296637 0.000845295 0.00194855 0.00398214 0.00904372 0.983799 
