4832
1.41643e-07 3.53375e-06 8.06877e-05 0.000356201 0.00228614 0.00784312 0.0216147 0.616912 0.268218 0.0826853 
0.00120815 0.0139537 0.0696673 0.149387 0.632158 0.0972612 0.02567 0.00902205 0.00147161 0.000200735 
0.000368296 0.0104848 0.0372703 0.104191 0.180533 0.551898 0.0788344 0.026413 0.0085364 0.00147128 
4.58327e-07 1.06774e-05 0.000146629 0.000938068 0.00569811 0.0163769 0.0424988 0.0888726 0.122202 0.723256 
8.68092e-08 3.45733e-06 0.000101995 0.000511162 0.00624593 0.0272818 0.0754918 0.764762 0.0797829 0.0458185 
4.91272e-05 0.000428174 0.00434279 0.0185067 0.0447088 0.082983 0.279564 0.473234 0.0836578 0.0125259 
2.06145e-07 4.01329e-06 0.000109471 0.000409381 0.00203142 0.00554926 0.0115468 0.0247301 0.882912 0.0727069 
0.000103514 0.0039348 0.0256694 0.0874401 0.152545 0.165366 0.496641 0.0451003 0.0175415 0.00565778 
2.56379e-08 6.30253e-07 5.699e-06 5.38467e-05 0.000707367 0.00252411 0.00737334 0.217444 0.621896 0.149995 
0.00017942 0.00593446 0.115713 0.497741 0.143136 0.128561 0.060975 0.0284556 0.015769 0.00353582 
1.51683e-07 5.74934e-06 0.000176304 0.000713189 0.00295184 0.00946091 0.0259679 0.0550609 0.0835335 0.82213 
4.9056e-09 1.10536e-07 1.58507e-06 7.57158e-06 0.000103787 0.00119157 0.011283 0.946197 0.0206757 0.0205393 
0.000363937 0.0104543 0.0399699 0.0934307 0.155971 0.157639 0.495123 0.0366593 0.00879534 0.00159416 
1.87851e-09 5.0685e-08 8.51788e-07 3.97236e-06 2.48631e-05 0.000490748 0.000739461 0.00138373 0.00321936 0.994137 
1.04393e-08 1.37564e-07 1.10121e-06 4.02545e-06 2.4027e-05 0.000135068 0.000248846 0.000814504 0.00186052 0.996912 
1.37162e-15 3.28099e-13 4.15184e-12 5.30078e-11 8.51113e-09 4.14424e-08 3.90831e-07 6.67736e-05 0.000151247 0.999782 
1.65659e-08 2.33605e-07 2.15998e-06 8.99764e-06 0.000123764 0.000939597 0.00147076 0.0090602 0.0303644 0.95803 
1.63439e-06 5.59511e-05 0.001003 0.00508128 0.0217281 0.27051 0.609453 0.0501199 0.0294446 0.0126031 
1.10492e-07 1.88582e-06 2.02364e-05 0.000108439 0.00120428 0.00637336 0.0244076 0.755391 0.109872 0.102621 
7.13662e-08 1.33752e-06 1.54922e-05 9.0231e-05 0.000937863 0.00519994 0.0113324 0.0313895 0.0725087 0.878524 
3.72491e-19 2.20339e-16 2.93049e-14 1.70773e-12 2.83911e-10 6.08324e-09 8.23245e-07 4.31516e-05 0.00055717 0.999399 
1.02777e-05 0.000509672 0.00451235 0.0218113 0.431352 0.147043 0.158279 0.14224 0.0711673 0.0230755 
2.30524e-08 3.6562e-07 3.81214e-06 1.85324e-05 0.000288553 0.00188781 0.00494697 0.030887 0.901699 0.0602679 
1.46913e-07 2.82346e-06 4.09746e-05 0.00018367 0.00088955 0.00590423 0.0122372 0.0347125 0.839949 0.10608 
1.90193e-08 2.88499e-07 2.75419e-06 1.27971e-05 9.01848e-05 0.00118521 0.00159574 0.00409893 0.0372061 0.955808 
2.1445e-05 0.000857197 0.00826983 0.116059 0.155213 0.240502 0.376375 0.0577595 0.0359295 0.00901243 
3.34912e-07 8.36389e-06 0.000219959 0.000964378 0.00552033 0.0168985 0.0426621 0.08282 0.106765 0.744141 
9.82898e-29 4.89436e-25 2.86822e-22 1.53724e-18 1.40171e-16 3.92719e-14 2.34363e-10 3.80407e-08 4.63202e-05 0.999954 
9.89631e-06 0.00100201 0.0224986 0.101219 0.130754 0.468893 0.126595 0.0935946 0.0389092 0.0165253 
0.00106292 0.145984 0.36936 0.129221 0.162797 0.117212 0.0495779 0.0183711 0.00543429 0.000980609 
9.52008e-26 2.44739e-22 8.38488e-20 2.18673e-16 2.35102e-14 3.95317e-12 1.34102e-08 1.82044e-05 0.000930244 0.999052 
1.34808e-07 5.87306e-06 0.000234233 0.000965003 0.00313264 0.00966946 0.0725814 0.815942 0.0610336 0.0364361 
1.80377e-07 4.22958e-06 0.000111936 0.000468583 0.00159987 0.00613668 0.0151468 0.0259154 0.0423874 0.908229 
3.242e-19 2.19085e-16 2.51815e-14 1.84407e-12 3.22052e-10 9.29833e-09 1.66509e-06 0.000147198 0.00231251 0.997539 
5.48758e-05 0.000420693 0.00474805 0.013606 0.0340349 0.0691388 0.0906682 0.697484 0.0677177 0.0221271 
1.9863e-07 4.03135e-06 4.503e-05 0.000285925 0.00386827 0.0187586 0.0576357 0.747235 0.0924009 0.0797658 
2.28406e-07 5.56819e-06 8.94863e-05 0.000576866 0.00348977 0.0698158 0.0221633 0.0421896 0.242283 0.619387 
3.16791e-12 3.28459e-10 5.22497e-09 6.06247e-08 1.72169e-06 5.57579e-05 0.000205835 0.00283103 0.985166 0.0117398 
6.67462e-27 1.11362e-23 2.78009e-21 5.50403e-18 1.20916e-15 9.69266e-14 1.96646e-10 1.6708e-08 8.93089e-06 0.999991 
6.75397e-19 3.59793e-16 2.99318e-14 2.21184e-12 4.75219e-10 3.62216e-09 2.23056e-07 2.56925e-05 0.000618224 0.999356 
2.59303e-06 0.000131555 0.00333642 0.00909952 0.0389334 0.0885677 0.638628 0.102672 0.0740604 0.044568 
6.80526e-08 2.47173e-06 0.00011544 0.000523832 0.00247502 0.0102527 0.0287695 0.0756526 0.779716 0.102492 
0.000125186 0.00220351 0.0178609 0.0563533 0.541997 0.176128 0.10914 0.059192 0.0291631 0.00783777 
2.41598e-06 0.000138622 0.000993055 0.00731883 0.565499 0.102033 0.108423 0.114448 0.0717947 0.0293485 
0.000105896 0.00128775 0.0187124 0.0850143 0.0619174 0.506973 0.19771 0.0468529 0.0419546 0.0394724 
3.07149e-07 9.68532e-06 0.000266266 0.00150912 0.0105481 0.0421843 0.66201 0.125386 0.0973305 0.0607554 
1.61154e-08 3.28705e-07 4.36283e-06 2.08617e-05 0.000196709 0.00216845 0.00477649 0.018123 0.90212 0.0725901 
2.53101e-11 4.75958e-09 9.15883e-08 7.62162e-07 1.75162e-05 0.000181252 0.00030833 0.00569912 0.0236656 0.970127 
3.38888e-12 7.80371e-11 1.28728e-09 6.51313e-09 7.20806e-08 5.06964e-07 1.26413e-06 8.28329e-06 0.000118034 0.999872 
1.50187e-16 7.49112e-14 4.50617e-12 4.01388e-10 3.76405e-08 4.1595e-07 3.54538e-05 0.000414981 0.0045718 0.994977 
7.49116e-09 1.34181e-07 1.72442e-06 8.59331e-06 0.000178531 0.00147014 0.00468171 0.0181241 0.0387426 0.936792 
1.70847e-08 3.21053e-07 3.80979e-06 1.81817e-05 0.000178371 0.00198857 0.0031207 0.0131486 0.910725 0.0708161 
0.00330433 0.0488647 0.129613 0.587431 0.138301 0.0646674 0.0178768 0.00890244 0.000824462 0.000214384 
1.4197e-07 2.45273e-06 2.61418e-05 0.000108976 0.000708372 0.00396736 0.00843999 0.0242648 0.0522128 0.910269 
7.13661e-09 1.10994e-07 1.10613e-06 5.33859e-06 5.2284e-05 0.000429488 0.00066201 0.00203327 0.00708332 0.989733 
1.07581e-09 5.44538e-08 9.35643e-07 4.59888e-06 4.95282e-05 0.000444217 0.00104121 0.00336509 0.0070024 0.988092 
8.18287e-05 0.00291949 0.0100512 0.152238 0.125743 0.454167 0.178786 0.0394 0.024352 0.0122616 
1.62817e-06 6.06181e-05 0.00132758 0.00562297 0.0760124 0.68441 0.0685736 0.119589 0.0350668 0.0093352 
3.14623e-06 0.000144473 0.00189183 0.0063065 0.0285525 0.0725428 0.677039 0.117726 0.065971 0.0298223 
0.000231626 0.00569303 0.0181409 0.0468412 0.114604 0.374385 0.344195 0.0793761 0.0134932 0.00303983 
9.6519e-07 1.99685e-05 0.000402355 0.00173366 0.00785822 0.0238957 0.0393228 0.0787722 0.601259 0.246735 
0.00129807 0.0362248 0.423463 0.33444 0.0724278 0.0437836 0.0734473 0.0108822 0.00337141 0.000661522 
7.09873e-07 1.68829e-05 0.000360303 0.00174262 0.0106392 0.0345227 0.41264 0.0943898 0.411487 0.0342003 
2.04936e-09 8.61198e-08 1.53344e-06 7.22019e-06 5.62858e-05 0.000654627 0.00160693 0.00810935 0.0193754 0.970189 
1.03399e-05 0.00033345 0.0062211 0.0171358 0.0654966 0.135016 0.576986 0.119713 0.0572321 0.0218556 
5.90405e-07 1.2478e-05 0.000245486 0.00103973 0.0267471 0.0824985 0.130819 0.563993 0.1683 0.0263443 
8.86802e-06 0.000371981 0.00414803 0.0167705 0.0599798 0.644603 0.126414 0.0946332 0.0422226 0.0108485 
2.0892e-06 6.18793e-05 0.00114014 0.00354796 0.0137063 0.0382345 0.525645 0.208345 0.182501 0.026816 
1.43524e-07 2.2796e-06 2.34876e-05 9.56882e-05 0.000630442 0.00448029 0.00865287 0.0239394 0.868431 0.0937442 
2.24826e-08 4.68912e-06 3.69454e-05 0.000498276 0.0381875 0.00642946 0.200853 0.110649 0.259674 0.383667 
1.25039e-05 0.000393683 0.00582649 0.0201051 0.525479 0.113628 0.126815 0.115472 0.0703445 0.0219233 
1.39786e-08 2.5717e-07 3.03637e-06 1.55125e-05 0.000296683 0.00231743 0.00787249 0.852229 0.0740147 0.0632514 
7.03774e-08 2.3631e-06 0.00010591 0.000443286 0.00170323 0.00651568 0.0163877 0.0448827 0.841002 0.0889568 
6.25557e-10 1.5955e-08 3.22564e-07 1.06184e-06 4.98894e-06 3.89541e-05 7.27454e-05 0.00057312 0.00489879 0.99441 
3.16489e-05 0.00101312 0.00872838 0.0322399 0.0710875 0.134322 0.544653 0.116099 0.0662514 0.0255739 
9.61231e-09 1.56183e-07 1.73477e-06 7.59435e-06 8.85886e-05 0.000632278 0.00146751 0.0146543 0.321885 0.661263 
3.54395e-29 2.19589e-25 3.16303e-22 3.5958e-18 9.6988e-17 6.7366e-14 1.65561e-09 1.38792e-05 0.000672114 0.999314 
1.26145e-08 2.27478e-07 2.91592e-06 1.34643e-05 0.00015689 0.00145338 0.0024283 0.0106505 0.0287649 0.956529 
2.53987e-05 0.000494621 0.00632348 0.0239995 0.0599135 0.557203 0.162326 0.118708 0.0549414 0.0160652 
3.82883e-08 5.74349e-07 5.65017e-06 2.32906e-05 0.000212903 0.00190724 0.00562496 0.364982 0.35029 0.276953 
0.00149931 0.354838 0.0555513 0.193218 0.155058 0.119313 0.084695 0.0232024 0.0108139 0.00181203 
1.1209e-07 2.22475e-06 4.31884e-05 0.00017882 0.000945906 0.00479926 0.0102554 0.0307424 0.849063 0.10397 
1.82346e-07 4.15579e-06 6.1719e-05 0.000361727 0.00391112 0.0178971 0.0574308 0.730115 0.0965198 0.0936982 
2.42044e-06 0.000100294 0.00146359 0.0057022 0.0963937 0.0485559 0.470856 0.157941 0.0612426 0.157742 
1.32991e-12 9.20775e-11 1.08894e-09 1.40741e-08 4.71859e-07 2.46641e-06 8.67559e-05 0.00128467 0.0114301 0.987196 
9.56024e-11 1.84787e-08 3.57463e-07 3.03213e-06 9.6928e-05 0.000533409 0.00225278 0.463825 0.494414 0.0388748 
3.13678e-05 0.000507333 0.00619866 0.02009 0.0616758 0.460584 0.119582 0.270405 0.0464416 0.0144839 
0.000679299 0.0187318 0.0587736 0.133384 0.523392 0.148754 0.0709776 0.0281008 0.0150488 0.00215813 
6.68971e-09 1.40024e-07 1.88528e-06 9.33704e-06 0.000105789 0.0010171 0.00232788 0.0093137 0.314083 0.673141 
1.3835e-10 2.38972e-08 4.59212e-07 4.17293e-06 0.000177801 0.0011445 0.00334725 0.0229624 0.0501528 0.922211 
1.27531e-08 5.74167e-07 1.21174e-05 6.3117e-05 0.0011096 0.00464132 0.0122884 0.0319505 0.0578043 0.89213 
1.18932e-07 1.82425e-06 1.66445e-05 7.82333e-05 0.000850251 0.00487561 0.0116301 0.0372033 0.0792399 0.866104 
1.42217e-06 2.4283e-05 0.000579304 0.00223659 0.0108296 0.0340027 0.648416 0.123644 0.117211 0.0630547 
5.4775e-08 1.55655e-06 1.41759e-05 0.000130402 0.00231325 0.00708439 0.0227027 0.0565546 0.0956648 0.815534 
9.25074e-33 4.76057e-29 7.45746e-26 3.8322e-22 6.25798e-18 1.14797e-15 1.00402e-09 9.0687e-06 0.000380081 0.999611 
1.2881e-07 2.64748e-06 2.66298e-05 0.00018529 0.00266781 0.00766897 0.0262135 0.0688166 0.0988157 0.795603 
1.03152e-09 3.71088e-08 6.6951e-07 4.13878e-06 6.1624e-05 0.000458078 0.00125144 0.00594629 0.0211473 0.97113 
7.97914e-12 1.51068e-09 2.89606e-08 2.41027e-07 5.92414e-06 3.89172e-05 0.000198381 0.00263637 0.0104753 0.986645 
1.47057e-08 2.69448e-07 3.13024e-06 1.4942e-05 0.000182857 0.00144575 0.00270209 0.0128523 0.0541251 0.928674 
1.22172e-07 3.22428e-06 5.05658e-05 0.000315785 0.00407919 0.0231145 0.721522 0.0918582 0.0852821 0.0737743 
2.07364e-05 0.000697765 0.00821451 0.0300668 0.0697935 0.127287 0.60867 0.103133 0.0415075 0.0106094 
1.16931e-06 2.59412e-05 0.000523759 0.00231295 0.0127456 0.0473669 0.6573 0.141339 0.0982861 0.0400992 
4.52834e-07 1.0413e-05 0.000245925 0.000964456 0.00552358 0.0143334 0.038161 0.0761162 0.102321 0.762324 
6.69461e-08 2.18219e-06 5.34865e-05 0.000348238 0.00304806 0.320908 0.400419 0.193341 0.04394 0.0379391 
6.48766e-08 1.59543e-06 1.44195e-05 0.000137294 0.00208124 0.00910946 0.0350777 0.779004 0.093542 0.0810321 
8.75549e-08 2.13795e-06 2.22789e-05 0.000174632 0.00247651 0.0119664 0.0373152 0.075012 0.795437 0.0775942 
3.79614e-07 1.79743e-05 0.000325846 0.00200325 0.0146555 0.0423466 0.100142 0.702608 0.0851025 0.0527976 
4.63163e-07 1.02871e-05 0.000260322 0.00107682 0.00488978 0.0147665 0.0364429 0.127953 0.756663 0.057937 
9.03063e-08 2.47628e-06 8.89685e-05 0.000371 0.000903171 0.00361378 0.00884252 0.0140668 0.0314396 0.940672 
9.21609e-08 1.73002e-06 1.65224e-05 0.000104335 0.00139743 0.00496852 0.0163032 0.0406468 0.0776311 0.85893 
7.42226e-10 7.09597e-08 1.27008e-06 8.43709e-06 0.000147039 0.00125228 0.00342204 0.0184352 0.0491209 0.927613 
1.18152e-07 1.95853e-06 2.78073e-05 0.000112162 0.000657395 0.00351186 0.00864283 0.0206304 0.0516937 0.914722 
4.8495e-06 0.000180895 0.00489373 0.0112259 0.0442992 0.0952827 0.127189 0.607109 0.0726224 0.0371922 
1.63675e-10 7.44391e-09 1.44842e-07 8.17835e-07 1.38962e-05 6.87669e-05 0.000191561 0.00287224 0.0180533 0.978799 
0.00235121 0.0499334 0.105448 0.624736 0.123133 0.0646645 0.0173686 0.00899409 0.00261525 0.000755409 
1.18227e-07 2.2446e-06 2.81176e-05 0.000123916 0.00111238 0.0042483 0.0113102 0.0317466 0.855801 0.0956273 
3.34352e-08 7.02882e-07 6.31954e-06 5.46347e-05 0.000744438 0.0028986 0.00884648 0.0256902 0.0490729 0.912686 
0.00124759 0.0261964 0.0810343 0.160422 0.207585 0.460701 0.0452769 0.0147679 0.00239181 0.000377374 
1.40006e-06 3.24477e-05 0.000631169 0.00310277 0.0202269 0.0723842 0.631587 0.130916 0.0923517 0.0487657 
0.145693 0.421334 0.148384 0.245312 0.0295321 0.00918394 0.000515455 4.21533e-05 3.15592e-06 2.90081e-07 
1.03168e-07 1.59812e-06 1.5014e-05 7.02942e-05 0.000873503 0.00405497 0.0102469 0.0384995 0.854778 0.0914605 
8.61937e-08 3.18446e-06 0.000163621 0.000682001 0.00224499 0.00773458 0.0208684 0.0394848 0.0677906 0.861028 
4.90778e-07 1.38086e-05 0.000291064 0.00144358 0.00545217 0.0187233 0.0332386 0.743638 0.105521 0.0916775 
1.64423e-11 3.21592e-09 6.20736e-08 4.9969e-07 1.09474e-05 3.81233e-05 0.000108005 0.00173622 0.00785794 0.990248 
2.45818e-08 3.81458e-07 3.84027e-06 1.71748e-05 0.000314534 0.00203165 0.0091553 0.290558 0.520473 0.177447 
5.03055e-08 7.90238e-07 7.00361e-06 2.89285e-05 0.000501527 0.00197634 0.00911664 0.0327301 0.05796 0.897679 
1.07456e-06 4.30721e-05 0.00108785 0.00256735 0.00999014 0.176858 0.139395 0.445221 0.150612 0.0742241 
5.97481e-10 5.82025e-08 1.0585e-06 7.41727e-06 0.00013597 0.000844223 0.00114893 0.0100644 0.0334695 0.954328 
3.61811e-28 2.27002e-24 2.90523e-21 3.12144e-17 8.42948e-16 5.79136e-13 5.72925e-09 1.1857e-05 0.000869824 0.999118 
1.64487e-06 8.81593e-05 0.000642301 0.00264364 0.012326 0.0361371 0.0738669 0.735251 0.0991371 0.0399066 
5.13049e-07 9.41712e-06 0.000177712 0.000639297 0.00487761 0.0123312 0.0378331 0.442313 0.445689 0.0561294 
9.19931e-08 1.30065e-06 1.20236e-05 4.59683e-05 0.000492505 0.00320646 0.00688835 0.0235683 0.061379 0.904406 
1.29898e-07 2.43105e-06 2.13122e-05 0.000157627 0.00208051 0.00867271 0.0316503 0.755698 0.103859 0.0978582 
4.70174e-07 1.25003e-05 0.000208833 0.00115151 0.00690522 0.0260619 0.0555924 0.102656 0.754854 0.0525571 
1.52605e-29 8.82821e-26 1.3631e-22 1.5975e-18 5.13e-17 3.17063e-14 2.30396e-09 2.08207e-05 0.000697624 0.999282 
2.45985e-07 8.70201e-06 0.000216926 0.00138745 0.0118894 0.0412677 0.0878082 0.708305 0.0858519 0.0632643 
2.06156e-05 0.000892998 0.0110849 0.0379052 0.100164 0.598482 0.132453 0.0769803 0.0335242 0.00849283 
1.30278e-08 2.36623e-07 2.89083e-06 1.40803e-05 0.000351506 0.00227588 0.0143199 0.852239 0.0752665 0.05553 
7.68783e-13 1.83629e-11 3.45061e-10 2.31076e-09 2.03937e-07 1.17345e-06 5.00576e-05 0.00128908 0.0112878 0.987372 
1.05627e-07 1.92313e-06 6.96926e-05 0.000284721 0.000609255 0.00342865 0.00734727 0.0219983 0.0543719 0.911888 
0.0100987 0.107628 0.0873975 0.322621 0.146469 0.279636 0.0385592 0.00579593 0.00150132 0.000292157 
0.000117731 0.00107001 0.0119422 0.0377115 0.0927467 0.157128 0.591369 0.0706936 0.0324279 0.00479321 
1.16007e-10 2.24389e-08 4.32485e-07 3.54641e-06 7.59035e-05 0.000532669 0.000463032 0.00447649 0.0169021 0.977546 
1.04661e-07 1.46003e-06 1.31477e-05 5.06587e-05 0.00036374 0.00306462 0.00657073 0.0248941 0.0658882 0.899153 
0.000973394 0.0182492 0.0646187 0.142589 0.583655 0.12314 0.0458848 0.0150129 0.00483145 0.00104636 
2.75608e-12 1.41549e-10 4.12779e-09 2.05321e-08 1.67451e-06 5.91335e-06 8.45998e-05 0.00179367 0.00850375 0.98961 
4.55071e-08 6.41276e-07 5.89481e-06 2.39913e-05 0.000224034 0.00155271 0.00344578 0.0147032 0.043206 0.936838 
9.61622e-08 1.50556e-06 1.54301e-05 8.66813e-05 0.000851126 0.00413181 0.00872743 0.02428 0.0508989 0.911007 
2.78235e-06 0.000136263 0.000908006 0.00420743 0.0131697 0.0302552 0.0434513 0.0777258 0.0829964 0.747147 
8.14982e-05 0.00293169 0.0101689 0.150738 0.12693 0.45158 0.180614 0.043519 0.0245015 0.00893515 
1.55765e-11 3.03751e-09 5.85805e-08 4.76919e-07 1.08319e-05 5.42011e-05 0.00019985 0.0039237 0.0187824 0.977028 
0 0 0 0 0 0 0 0 1.68269e-05 0.999983 
3.18596e-06 0.000166119 0.00208446 0.00552936 0.0180505 0.0490932 0.0909228 0.139909 0.645524 0.0487165 
6.72761e-08 9.68369e-07 9.27058e-06 3.69198e-05 0.000327722 0.00282308 0.00600436 0.0118631 0.0266552 0.952279 
2.10634e-06 5.32908e-05 0.000811308 0.00372008 0.0166217 0.048801 0.677154 0.136646 0.0853429 0.0308478 
7.17349e-10 3.23542e-08 5.47637e-07 2.67239e-06 1.90505e-05 0.00020521 0.000570357 0.00312773 0.866366 0.129708 
1.42383e-06 4.82201e-05 0.000819805 0.00487544 0.0242024 0.0727921 0.707789 0.109579 0.0584482 0.0214444 
7.46929e-06 0.000216994 0.00421184 0.00956738 0.0314992 0.0698823 0.648098 0.0958123 0.0710101 0.0696947 
1.05937e-07 2.36348e-06 2.60681e-05 0.000172108 0.00265887 0.00996657 0.0420316 0.0884036 0.106122 0.750616 
6.0101e-05 0.00458572 0.0431674 0.124297 0.187001 0.322647 0.165197 0.135839 0.0134136 0.00379349 
5.52407e-11 1.04881e-08 2.00995e-07 1.65104e-06 3.61235e-05 0.000227494 0.000568798 0.00601487 0.952989 0.0401621 
5.28731e-07 1.20289e-05 0.000298744 0.00126908 0.00837557 0.0294921 0.083244 0.706949 0.109472 0.0608873 
8.92986e-15 1.53737e-12 2.68265e-11 1.01216e-09 2.26998e-07 1.31229e-06 4.94529e-05 0.00101045 0.00299979 0.995939 
1.94477e-06 4.86638e-05 0.000914721 0.00534915 0.0351992 0.511282 0.134966 0.143545 0.105589 0.0631042 
9.8337e-05 0.00098098 0.00816818 0.0308797 0.0602237 0.105066 0.622157 0.109513 0.0501903 0.012722 
1.60427e-11 9.51447e-10 3.61991e-08 1.11482e-07 2.2326e-06 5.08221e-05 0.000141233 0.000257086 0.00149119 0.998057 
1.52629e-06 3.43422e-05 0.000598772 0.00279874 0.0155281 0.0406226 0.0964324 0.65791 0.114975 0.0710989 
1.95933e-06 8.23611e-05 0.00101931 0.00426337 0.0389823 0.33332 0.283435 0.244486 0.0809792 0.0134301 
7.32981e-09 1.01081e-07 8.83002e-07 3.79992e-06 9.35971e-05 0.000534171 0.00410175 0.285471 0.300328 0.409467 
2.63514e-07 8.73608e-06 0.000256123 0.0010193 0.00467599 0.0148082 0.0361188 0.77384 0.108469 0.0608035 
9.51233e-09 5.20873e-07 6.50231e-06 6.26256e-05 0.000932216 0.00435278 0.0122691 0.0377184 0.309222 0.635436 
1.43855e-07 4.23148e-06 0.00012774 0.000582234 0.00342925 0.0137517 0.742522 0.0881511 0.092893 0.0585382 
1.04264e-15 7.93991e-14 1.03019e-12 7.8995e-12 4.16379e-10 2.68569e-09 3.69761e-07 4.18593e-07 7.37001e-05 0.999926 
1.53412e-07 4.27265e-06 8.26551e-05 0.000411163 0.00223028 0.0289391 0.0947268 0.180047 0.446342 0.247217 
1.30125e-07 2.78961e-06 4.27683e-05 0.000247193 0.00278062 0.0111184 0.0407899 0.774917 0.0923981 0.0777035 
2.0566e-07 8.44034e-06 0.000187391 0.00145649 0.00879556 0.711357 0.0828784 0.0840018 0.0697714 0.0415437 
7.1614e-07 2.18551e-05 0.000494608 0.00196444 0.0103603 0.0406664 0.686946 0.123638 0.0883017 0.0476065 
1.63046e-07 4.46092e-06 0.000135038 0.000590203 0.00271539 0.00764542 0.0207122 0.0445756 0.0590021 0.864619 
9.18086e-28 4.38187e-24 3.03432e-21 2.13067e-17 7.16346e-16 4.19687e-13 3.09323e-09 1.05312e-05 0.000299905 0.99969 
6.58963e-08 2.62953e-06 9.92582e-05 0.000651207 0.00578815 0.255068 0.279314 0.354508 0.0638933 0.0406748 
9.04978e-28 5.28382e-24 4.78692e-21 4.28602e-17 1.24983e-15 8.06996e-13 1.02366e-08 4.19523e-05 0.00148432 0.998474 
2.87714e-08 5.02333e-07 5.64423e-06 2.66311e-05 0.000275792 0.00223592 0.00372204 0.0153833 0.037666 0.940684 
7.76485e-06 0.000385137 0.00389773 0.0156324 0.215052 0.138908 0.488587 0.0617637 0.0658021 0.00996383 
8.86119e-08 2.09373e-06 6.78779e-05 0.000277878 0.00137751 0.00496683 0.0128958 0.332764 0.0466856 0.600962 
6.98558e-08 9.95234e-07 8.92959e-06 3.69196e-05 0.000341298 0.00226335 0.00568965 0.0259464 0.881253 0.0844594 
1.58673e-05 0.000558419 0.00808196 0.0244747 0.0771945 0.594715 0.147852 0.0930875 0.0418408 0.0121797 
2.5193e-16 1.18198e-13 7.7464e-12 6.19026e-10 8.64801e-08 6.81379e-07 5.06429e-05 0.000710185 0.00782571 0.991413 
2.38799e-08 3.59162e-07 3.55275e-06 1.54733e-05 0.000234347 0.00130083 0.00253127 0.0111051 0.0302148 0.954594 
7.15064e-08 9.85325e-07 8.74663e-06 3.37039e-05 0.000236926 0.00193472 0.00347915 0.0113702 0.031552 0.951384 
5.25783e-07 1.08624e-05 0.000231512 0.000977636 0.00517512 0.0548222 0.135148 0.138372 0.638178 0.0270841 
2.11101e-05 0.00132484 0.00920279 0.0312666 0.400183 0.0845827 0.0813876 0.297758 0.0622374 0.0320359 
3.27123e-17 1.01727e-14 4.9827e-13 2.70631e-11 5.43548e-09 8.00383e-08 3.36923e-06 0.000684441 0.0035691 0.995743 
1.17985e-07 2.13085e-06 2.30252e-05 0.00013548 0.00170554 0.00613837 0.0166791 0.0448128 0.828229 0.102274 
6.62126e-08 1.08662e-06 1.11149e-05 4.85966e-05 0.000504774 0.00367751 0.00729652 0.0226271 0.0528663 0.912967 
3.5349e-15 9.32155e-13 2.12845e-11 1.0836e-09 2.18106e-07 1.34173e-06 9.0022e-05 0.00134992 0.00836886 0.99019 
1.13922e-07 2.40365e-06 3.42162e-05 0.000146109 0.000875319 0.00469813 0.0104697 0.0258348 0.0505846 0.907355 
1.1333e-05 0.000460764 0.00439609 0.0160574 0.0417528 0.0959952 0.137277 0.574362 0.0966914 0.032996 
2.26314e-07 7.299e-06 0.000220193 0.000944937 0.00377999 0.0125994 0.0339136 0.0710767 0.784701 0.0927571 
9.40061e-20 4.11656e-17 7.7754e-15 4.01774e-13 1.90944e-11 3.11115e-09 1.25353e-06 0.000120956 0.00199628 0.997882 
4.71963e-08 8.55313e-07 9.98881e-06 4.64912e-05 0.000791783 0.00655001 0.0212824 0.775372 0.0920868 0.103859 
2.33284e-06 0.000143023 0.00083524 0.00331523 0.013836 0.0357944 0.745839 0.139571 0.044655 0.0160087 
8.34843e-10 5.2915e-08 1.01983e-06 6.04578e-06 0.000106333 0.000841825 0.00167323 0.00884841 0.0242715 0.964252 
7.42251e-08 2.76005e-06 9.2645e-05 0.000442372 0.00253534 0.00711338 0.0188432 0.0443659 0.0811374 0.845467 
1.69663e-29 9.43838e-26 1.18652e-22 1.26735e-18 3.43309e-17 2.37012e-14 2.16886e-10 3.81423e-07 0.000176027 0.999824 
0.000192771 0.00279952 0.0188248 0.0565418 0.112785 0.158626 0.556696 0.0676163 0.0213567 0.00456099 
5.85138e-07 3.44425e-05 0.000361546 0.00139287 0.00933564 0.0530905 0.461001 0.377095 0.0692216 0.0284667 
2.48356e-08 3.93295e-07 4.06712e-06 1.75464e-05 0.000234693 0.00159183 0.00567714 0.326722 0.412286 0.253466 
4.01305e-17 4.71355e-15 1.02708e-13 2.11025e-12 6.18462e-11 8.92677e-09 2.02478e-06 0.00023663 0.00303726 0.996724 
1.915e-08 3.16153e-07 3.49591e-06 1.61388e-05 0.00061766 0.00499523 0.818294 0.0523923 0.0670993 0.0565818 
4.87793e-13 2.53259e-11 3.51209e-10 3.36756e-09 1.24202e-07 1.24804e-06 7.55834e-06 2.16006e-05 0.000372024 0.999597 
5.03079e-29 3.11512e-25 4.49242e-22 5.11032e-18 1.25816e-16 9.37888e-14 3.97279e-10 1.81384e-06 0.000532624 0.999466 
1.0892e-07 1.63424e-06 2.1767e-05 8.85917e-05 0.000634141 0.00417564 0.00789991 0.0261804 0.0663554 0.894642 
3.39606e-05 0.00193685 0.0190443 0.455482 0.114907 0.144891 0.112358 0.0899277 0.0448006 0.0166187 
1.18941e-07 2.8872e-06 7.13113e-05 0.000344243 0.00248995 0.00924258 0.0286708 0.0724046 0.798139 0.0886344 
1.16578e-08 2.70783e-07 2.62489e-06 2.26909e-05 0.000580025 0.0219351 0.437571 0.155782 0.251035 0.133072 
8.75015e-07 1.77003e-05 0.0004383 0.00162175 0.00889733 0.029093 0.347721 0.452546 0.0977135 0.0619506 
0.000269795 0.00719133 0.0581403 0.558676 0.240711 0.0910257 0.0292469 0.0105308 0.0035716 0.000636496 
3.2084e-05 0.00112369 0.010712 0.0546622 0.282809 0.359132 0.183889 0.0752072 0.0279641 0.00446992 
2.19224e-07 4.84357e-06 9.00874e-05 0.000406044 0.00448628 0.0217388 0.715037 0.111446 0.0847814 0.0620093 
1.81172e-06 3.57997e-05 0.000684491 0.00272554 0.0145339 0.0369734 0.0698597 0.723579 0.104961 0.0466457 
0.000193483 0.00314598 0.0199847 0.0625204 0.134464 0.619897 0.108285 0.0383112 0.0109925 0.0022058 
4.55288e-08 6.79619e-07 6.95026e-06 2.85844e-05 0.000286921 0.00186845 0.00507539 0.162663 0.571942 0.258128 
8.13845e-08 3.10296e-06 9.81525e-05 0.000473977 0.00320852 0.0108879 0.0340389 0.0722197 0.823038 0.0560315 
1.54531e-10 3.03937e-08 3.87819e-07 3.34065e-06 0.000185732 0.0011794 0.00770476 0.0372847 0.925416 0.0282255 
4.52936e-09 8.5092e-08 1.01025e-06 4.87671e-06 6.17261e-05 0.000401239 0.000913617 0.0058739 0.674594 0.31815 
0.000947133 0.0116154 0.141053 0.386162 0.158052 0.127842 0.0757712 0.0575862 0.0303862 0.0105845 
8.75415e-08 1.62581e-06 1.92746e-05 7.60308e-05 0.00080529 0.00278877 0.00746017 0.0185271 0.0431162 0.927205 
4.94626e-08 9.9135e-07 1.26982e-05 6.79762e-05 0.000733385 0.00364236 0.288062 0.347901 0.130768 0.228812 
1.75599e-08 2.59975e-07 2.35946e-06 1.03543e-05 7.89254e-05 0.000773224 0.000807353 0.00266372 0.00565346 0.99001 
4.82891e-06 0.000636383 0.00805322 0.0348344 0.605761 0.106269 0.0851065 0.078065 0.0514298 0.0298399 
5.81535e-06 0.000140686 0.00268963 0.0086368 0.0376767 0.615133 0.134562 0.116289 0.0618799 0.0229863 
8.73293e-11 7.8476e-09 1.29269e-07 1.32186e-06 3.09923e-05 0.000463198 0.00132961 0.0078137 0.025731 0.96463 
2.75079e-11 3.09812e-09 5.42109e-08 5.79935e-07 1.32305e-05 0.000375243 0.00103424 0.0097282 0.944935 0.0439135 
5.52838e-08 7.45839e-07 6.22352e-06 2.38874e-05 0.000162387 0.00125288 0.00203935 0.00674997 0.0187406 0.971024 
5.14415e-11 1.10471e-09 2.02331e-08 8.21601e-08 5.3815e-07 4.99413e-06 1.52041e-05 8.42189e-05 0.000735958 0.999159 
2.05596e-05 0.00101675 0.0128786 0.0364386 0.558124 0.157156 0.113515 0.0697984 0.0354275 0.0156238 
9.31742e-08 1.34761e-06 1.29144e-05 5.0129e-05 0.000495919 0.00313713 0.00758021 0.0173777 0.037202 0.934143 
1.72288e-07 5.12985e-06 0.000121361 0.000601949 0.0238945 0.0151935 0.0848044 0.479995 0.340432 0.0549523 
1.77817e-28 1.1531e-24 1.53656e-21 1.68346e-17 4.4518e-16 3.11569e-13 3.18794e-09 1.24125e-05 0.000701236 0.999286 
4.28979e-09 7.53749e-08 8.98795e-07 4.91991e-06 9.04824e-05 0.00092224 0.00172796 0.00756398 0.0231589 0.966531 
1.14698e-07 4.19375e-06 0.000171311 0.000771812 0.00252132 0.0107222 0.0276914 0.0650332 0.819444 0.0736404 
1.55236e-06 0.000114625 0.000709986 0.00294919 0.0101018 0.0299363 0.0562304 0.728391 0.108497 0.0630677 
0.000132803 0.00182293 0.0128082 0.0391438 0.0839796 0.115961 0.0824279 0.645559 0.0156157 0.00254834 
1.02939e-06 3.08305e-05 0.000628541 0.032973 0.0290853 0.11334 0.130869 0.63692 0.0471734 0.00897861 
3.40905e-16 7.11909e-14 1.01572e-12 1.58375e-11 1.61772e-09 2.65437e-07 2.51599e-07 4.34864e-05 0.00114803 0.998808 
1.04626e-07 2.03141e-06 2.09356e-05 9.1249e-05 0.000483356 0.00300926 0.00632811 0.0189111 0.115949 0.855205 
1.1216e-07 1.90682e-06 2.42947e-05 9.85987e-05 0.000790835 0.00503184 0.406382 0.434094 0.0771636 0.0764127 
3.22914e-08 4.81195e-07 4.75397e-06 1.99763e-05 0.000208142 0.0016357 0.00379138 0.349149 0.277507 0.367683 
0.000583402 0.0133535 0.0479586 0.122824 0.201022 0.514933 0.0631909 0.0258329 0.00841423 0.00188813 
2.12395e-20 1.57703e-17 1.63029e-15 1.35162e-13 3.27999e-11 5.79825e-10 2.40246e-07 0.000111662 0.00274811 0.99714 
9.03886e-05 0.000490504 0.00740068 0.0276979 0.19366 0.572951 0.0907917 0.0641727 0.0301915 0.0125527 
9.72592e-06 0.000231509 0.00390096 0.0125905 0.0474592 0.681609 0.0972861 0.0841592 0.0516523 0.0211017 
2.71015e-07 6.30785e-06 0.000149303 0.000702377 0.00465551 0.0252951 0.353617 0.498012 0.0860393 0.0315222 
1.91839e-07 5.15153e-06 0.000112632 0.000555787 0.00427138 0.0148688 0.0411571 0.084897 0.775839 0.0782933 
3.49709e-08 5.38372e-07 5.06172e-06 2.49105e-05 0.000301156 0.00181561 0.569924 0.198569 0.111658 0.117701 
9.02509e-09 2.19645e-07 3.42564e-06 1.76418e-05 0.000233416 0.00235759 0.00531325 0.0190469 0.807296 0.165732 
1.01378e-12 6.41574e-11 3.07542e-09 6.6038e-09 4.04731e-07 2.20461e-06 0.000155894 0.177187 0.363473 0.459181 
6.13623e-06 0.000305659 0.00383782 0.0139503 0.0303543 0.0616411 0.100864 0.703104 0.0667975 0.0191384 
2.28556e-07 9.96373e-06 8.90311e-05 0.00050844 0.00221717 0.00825957 0.01546 0.0326314 0.803089 0.137735 
2.93437e-07 7.80139e-06 0.000225192 0.00103533 0.0055692 0.0177298 0.045693 0.0970012 0.76744 0.0652983 
7.64058e-08 2.91608e-06 0.000137135 0.000586125 0.00266167 0.00690578 0.0199143 0.0417843 0.0589975 0.86901 
7.49447e-05 0.000679635 0.0077292 0.0256966 0.0614264 0.399395 0.396233 0.069542 0.0326837 0.00653905 
1.81453e-10 1.1466e-08 1.27119e-07 9.71909e-07 4.13473e-05 0.000428445 0.00253126 0.39533 0.316202 0.285466 
4.9562e-08 1.21074e-06 2.04486e-05 0.000542553 0.0112663 0.761479 0.0522037 0.0728057 0.0610714 0.0406096 
2.03829e-08 4.39781e-07 3.93801e-06 3.60336e-05 0.000494922 0.00173392 0.00722119 0.0247451 0.635138 0.330627 
5.14248e-08 2.31011e-06 5.02855e-05 0.000288155 0.00197479 0.0132594 0.0335399 0.112231 0.760486 0.0781682 
6.00106e-08 1.22489e-06 1.13935e-05 8.01178e-05 0.00127169 0.00503342 0.0158697 0.0414897 0.61202 0.324222 
2.05989e-08 3.75734e-07 4.83668e-06 2.06583e-05 0.000249409 0.00165422 0.00459373 0.0134309 0.0387336 0.941312 
2.4931e-07 5.83083e-06 9.38141e-05 0.000530133 0.0027915 0.0102244 0.0206168 0.0426615 0.16789 0.755186 
1.88756e-07 4.1707e-06 5.67379e-05 0.000270271 0.00318175 0.00886472 0.0271432 0.795194 0.0933808 0.0719044 
1.04256e-07 3.40292e-06 0.0001117 0.000458594 0.00167241 0.00558623 0.0144397 0.031153 0.0705116 0.876063 
7.20713e-08 1.08639e-06 1.07375e-05 4.4564e-05 0.000415731 0.00324575 0.00690862 0.0236696 0.879715 0.085989 
6.00633e-30 3.55849e-26 5.36466e-23 6.22037e-19 2.57654e-17 1.33168e-14 1.83906e-09 1.66666e-05 0.00067031 0.999313 
2.65638e-05 0.0005176 0.00613769 0.0285829 0.0706457 0.369625 0.248116 0.114457 0.147337 0.0145536 
1.26871e-07 4.17206e-06 9.90981e-05 0.000468727 0.00382107 0.01154 0.0380481 0.080823 0.11448 0.750716 
1.77158e-09 1.15389e-07 2.03018e-06 1.1555e-05 0.000144749 0.00123649 0.00243168 0.0152607 0.0444362 0.936477 
1.12293e-07 1.50482e-06 1.29885e-05 4.66959e-05 0.000386585 0.00249393 0.00506611 0.0108827 0.0230696 0.95804 
5.41166e-11 6.9139e-09 1.2898e-07 1.12889e-06 2.47349e-05 0.000411362 0.000604608 0.00532875 0.0206024 0.973027 
2.49608e-07 4.98653e-06 6.10314e-05 0.000306617 0.00306014 0.00705033 0.0200282 0.340146 0.593195 0.0361472 
1.91181e-11 2.38905e-09 4.36148e-08 3.87806e-07 8.12205e-06 0.000139384 0.000216261 0.0019521 0.981721 0.0159624 
3.95144e-08 5.91355e-07 5.84233e-06 2.39013e-05 0.00022497 0.00159639 0.00339211 0.0110757 0.0298203 0.95386 
8.89236e-08 1.56645e-06 1.36956e-05 9.04295e-05 0.0010122 0.00486896 0.015546 0.0426069 0.867694 0.0681666 
1.69325e-05 0.000535314 0.00938052 0.0335412 0.53895 0.1489 0.122167 0.0853912 0.046478 0.0146389 
2.18353e-05 0.000762752 0.00635539 0.021568 0.0532559 0.639399 0.120444 0.0982652 0.0489874 0.01094 
3.03418e-08 1.43812e-06 7.39166e-05 0.000340636 0.0015752 0.00590127 0.129981 0.648924 0.0498746 0.163328 
2.27436e-07 6.15268e-06 0.000175798 0.000722655 0.00513485 0.0169189 0.0517716 0.0978671 0.768587 0.0588154 
3.0673e-12 6.09364e-11 8.74445e-10 6.69737e-09 1.03027e-07 2.16447e-06 1.94224e-05 0.000239119 0.000320101 0.999419 
0.000168768 0.00354186 0.014908 0.0806118 0.283357 0.542214 0.0671963 0.00682268 0.000933341 0.000245512 
4.59122e-08 1.58702e-06 5.0705e-05 0.00024396 0.00140811 0.00485178 0.0201005 0.794618 0.149887 0.0288384 
1.75502e-07 5.94121e-06 0.000179301 0.000826787 0.00606546 0.0317549 0.730668 0.0948809 0.0805708 0.0550478 
8.68739e-08 3.03307e-06 0.00012379 0.000529847 0.0017527 0.007168 0.0192313 0.0431663 0.0749333 0.853092 
2.40224e-08 3.57371e-07 3.79091e-06 1.47288e-05 0.000221728 0.00112552 0.00308467 0.00721696 0.0172937 0.971039 
2.24478e-10 9.55321e-09 1.59172e-07 2.01618e-06 5.64332e-05 0.000242381 0.000680992 0.00298943 0.465382 0.530646 
3.73238e-08 6.18821e-07 6.84384e-06 2.88937e-05 0.000261903 0.00239789 0.00459508 0.0131646 0.030998 0.948546 
1.52048e-06 4.61367e-05 0.000711961 0.00407956 0.0155144 0.0489827 0.0939788 0.7191 0.0878544 0.0297303 
3.12601e-18 2.07953e-15 2.24009e-13 1.45949e-11 2.95945e-09 3.80064e-08 3.58419e-06 0.000164946 0.00326901 0.996562 
1.42076e-31 8.67887e-28 1.30743e-24 1.62645e-20 2.88571e-17 1.21839e-14 5.7237e-10 5.58519e-06 0.000212773 0.999782 
1.09631e-06 2.59805e-05 0.000471215 0.00217712 0.00940406 0.0274417 0.0419518 0.0725648 0.0722967 0.773666 
1.33939e-05 0.000324308 0.00548134 0.0239943 0.0786634 0.521829 0.154848 0.127826 0.0629048 0.024115 
2.97027e-06 8.39682e-05 0.00140459 0.00661421 0.03373 0.369363 0.402999 0.104176 0.0572053 0.0244209 
1.1022e-05 0.000472807 0.00460248 0.0214996 0.174457 0.354379 0.236221 0.136529 0.0550769 0.0167511 
3.88944e-07 1.00507e-05 0.000294495 0.00140691 0.00819036 0.0342875 0.700486 0.106917 0.0910762 0.0573305 
1.1273e-07 1.51538e-06 1.31191e-05 4.86712e-05 0.000341119 0.00236217 0.00529138 0.018628 0.0436035 0.92971 
8.90941e-05 0.00385254 0.0212418 0.0716998 0.130396 0.147449 0.535068 0.0560412 0.0258741 0.00828832 
1.85371e-06 5.31469e-05 0.000893875 0.00371113 0.0138203 0.0392203 0.0688398 0.118982 0.116684 0.637794 
1.24997e-07 2.86543e-06 7.44242e-05 0.000338328 0.00263318 0.00806541 0.0287589 0.0710486 0.803388 0.08569 
9.90624e-08 1.59056e-06 1.93392e-05 8.16899e-05 0.000810407 0.00581382 0.012261 0.0305382 0.0564634 0.894011 
1.58442e-08 2.42904e-07 2.63969e-06 1.05657e-05 6.91177e-05 0.000777161 0.00209338 0.00361506 0.00948521 0.983947 
4.57099e-07 1.05254e-05 0.000218856 0.000967528 0.00553569 0.0201225 0.343234 0.232944 0.359918 0.0370489 
3.44263e-07 7.445e-06 0.000134583 0.000603347 0.00498878 0.0209093 0.867775 0.0526718 0.0363491 0.0165606 
1.48385e-07 4.85275e-06 0.00014435 0.000633368 0.00404782 0.0117908 0.0377215 0.0836126 0.752469 0.109575 
8.64244e-10 2.155e-08 4.15398e-07 1.57147e-06 1.00446e-05 0.000108654 0.000567652 0.00201388 0.00576582 0.991532 
1.44298e-07 4.57181e-06 0.000123549 0.00051201 0.00278809 0.00884673 0.0249306 0.0485227 0.0855233 0.828748 
1.12146e-10 2.17083e-08 4.18272e-07 3.41588e-06 7.42036e-05 0.000467589 0.000550743 0.00525866 0.0167583 0.976887 
1.7827e-24 2.21958e-21 3.71679e-19 4.54811e-16 8.69946e-14 1.1043e-11 4.68841e-08 5.85302e-05 0.00195844 0.997983 
6.78008e-08 9.1968e-07 8.1504e-06 2.95466e-05 0.000214302 0.00146209 0.00342677 0.00691458 0.0188061 0.969137 
1.6111e-05 0.000409589 0.00550166 0.0217098 0.0523276 0.103268 0.136098 0.129674 0.534088 0.0169064 
2.65266e-07 6.24377e-06 0.000107175 0.000493575 0.00265453 0.00943845 0.0231579 0.232301 0.320053 0.411788 
2.77761e-07 8.15038e-06 0.000189451 0.00109604 0.00409091 0.0136169 0.0310991 0.0635965 0.818916 0.0673866 
7.22608e-09 1.6246e-07 2.26392e-06 1.26242e-05 0.00015361 0.00155776 0.0028845 0.0131531 0.0446048 0.937631 
1.6335e-07 4.37027e-06 0.000120127 0.000586029 0.00367269 0.0145415 0.434203 0.453938 0.0588905 0.0340437 
1.28139e-06 2.64979e-05 0.000623866 0.00286447 0.0177593 0.630254 0.0938052 0.107043 0.093041 0.0545819 
6.48139e-06 0.000236727 0.00404376 0.0203201 0.0600797 0.613386 0.140752 0.0977364 0.046716 0.0167238 
1.50491e-15 4.15308e-13 1.18298e-11 6.53039e-10 1.1659e-07 8.40805e-07 6.82336e-05 0.00142705 0.0113129 0.987191 
1.38744e-09 8.12638e-08 1.39019e-06 8.15684e-06 0.000171507 0.00078382 0.00169481 0.0104102 0.0292221 0.957708 
4.3284e-10 5.48887e-09 4.16485e-08 1.34704e-07 9.61467e-07 6.96366e-06 0.000184135 0.00239111 0.015473 0.981944 
1.92966e-27 9.26246e-24 8.16732e-21 7.14496e-17 2.18321e-15 1.37563e-12 1.35137e-08 5.2318e-05 0.00168867 0.998259 
2.63511e-06 0.000210016 0.000869912 0.00353783 0.0117856 0.0272833 0.0464353 0.0821645 0.090576 0.737135 
1.29391e-07 2.8019e-06 6.58903e-05 0.00027611 0.00150922 0.00543475 0.0149858 0.0372497 0.467608 0.472868 
7.35553e-08 1.06122e-06 9.98134e-06 4.04789e-05 0.000395198 0.00305958 0.00884798 0.023674 0.883618 0.0803535 
4.41069e-16 1.20722e-13 3.05881e-12 1.94439e-10 4.55538e-08 2.44669e-07 7.48517e-06 0.000322314 0.00121962 0.99845 
6.98196e-08 9.24233e-07 7.57058e-06 2.83661e-05 0.000263384 0.00135837 0.00364824 0.0221131 0.919084 0.0534961 
5.21712e-08 7.66265e-07 8.41002e-06 3.4034e-05 0.000287064 0.00187629 0.00421985 0.639938 0.157081 0.196554 
0.00254509 0.0203819 0.120521 0.283704 0.45525 0.103878 0.0103583 0.00307888 0.000238783 4.4356e-05 
1.38883e-07 3.5228e-06 0.000113698 0.000505442 0.00245884 0.00862259 0.030531 0.76828 0.107932 0.0815524 
1.47427e-10 1.2286e-08 2.3119e-07 1.72402e-06 3.62997e-05 0.00031862 0.000741656 0.00477384 0.0132016 0.980926 
1.4616e-08 1.88335e-07 1.48342e-06 5.00822e-06 3.21703e-05 0.000120251 0.000214178 0.00138317 0.00813345 0.99011 
1.61679e-09 1.3603e-07 1.36507e-06 2.0294e-05 0.000263122 0.00096859 0.0022474 0.014439 0.680762 0.301298 
3.10957e-08 4.48303e-07 4.2669e-06 1.69996e-05 0.000173172 0.00114373 0.0027217 0.00981153 0.936033 0.0500952 
1.00517e-05 0.000571802 0.00427371 0.0188786 0.0469162 0.11007 0.579602 0.140441 0.0757947 0.0234421 
0.000168667 0.0040279 0.0257483 0.114451 0.361777 0.398054 0.0667215 0.0211489 0.00695163 0.000950793 
1.92089e-10 2.64876e-08 4.82798e-07 4.25159e-06 8.9245e-05 0.000664491 0.0018639 0.00816085 0.0262981 0.962919 
3.91822e-10 4.16072e-08 7.62765e-07 6.23285e-06 0.000196817 0.00148281 0.00476188 0.882375 0.0651262 0.04605 
8.80622e-08 1.7344e-06 7.16179e-05 0.000291855 0.000571036 0.00335533 0.00664958 0.0196154 0.0477583 0.921685 
0.00192978 0.0215062 0.0979407 0.532375 0.247836 0.0742186 0.0166168 0.00575286 0.00155531 0.000268303 
8.63772e-07 1.76209e-05 0.00039466 0.00161243 0.0107397 0.0298095 0.0755793 0.11865 0.714203 0.0489928 
7.60021e-08 9.87506e-07 7.8693e-06 2.75947e-05 0.000178644 0.0011617 0.00281909 0.0104095 0.937835 0.04756 
0.000461471 0.269426 0.10295 0.138217 0.280221 0.0841632 0.0818145 0.0369607 0.00467069 0.00111492 
3.50245e-07 1.3809e-05 0.000161543 0.00202443 0.0183047 0.62624 0.107371 0.0963255 0.0768462 0.0727128 
3.28293e-15 7.35044e-13 1.62109e-11 7.43816e-10 1.40671e-07 1.13406e-06 0.000106913 0.00223779 0.975932 0.0217222 
2.76932e-08 3.78015e-07 3.31715e-06 1.24415e-05 7.24076e-05 0.00069256 0.00134883 0.0063442 0.0543367 0.937189 
0.000125982 0.00132731 0.00965436 0.027736 0.0736572 0.129401 0.136514 0.56263 0.0474636 0.0114916 
3.81612e-08 5.39693e-07 4.9399e-06 1.98295e-05 0.000168273 0.00155629 0.00305755 0.0117689 0.922697 0.0607271 
8.78878e-08 1.41592e-06 1.3713e-05 6.84029e-05 0.000872562 0.00507403 0.0214199 0.823772 0.074627 0.074151 
6.45564e-08 1.5428e-06 1.48637e-05 0.000125527 0.00178331 0.00835109 0.0340537 0.763664 0.108041 0.0839648 
3.59201e-34 1.83583e-30 2.86164e-27 1.36335e-23 5.26575e-20 2.32496e-17 2.74209e-13 2.35886e-09 8.89154e-05 0.999911 
4.21109e-08 1.03779e-06 8.78171e-06 9.02026e-05 0.00108122 0.00374534 0.0109417 0.0308971 0.0652082 0.888026 
3.13787e-08 4.71535e-07 4.71104e-06 1.83259e-05 0.000152456 0.00119886 0.00211131 0.00550739 0.0146768 0.97633 
2.99987e-09 1.04762e-07 2.20107e-06 8.8273e-06 0.000114358 0.000839127 0.0029496 0.0127034 0.916818 0.0665646 
0.000248898 0.00366404 0.0136328 0.034056 0.0748273 0.39308 0.404003 0.0564785 0.0166055 0.00340397 
1.23975e-08 1.94627e-07 1.99663e-06 9.97467e-06 0.000151839 0.0010077 0.00205131 0.0122969 0.0391486 0.945331 
2.31493e-05 0.000365859 0.00308741 0.0149481 0.0375789 0.0719381 0.440646 0.244432 0.108899 0.0780806 
5.84085e-07 1.48957e-05 0.000243877 0.00123125 0.0069104 0.0206608 0.193508 0.614559 0.1486 0.0142715 
1.20018e-06 2.75347e-05 0.000524467 0.00306971 0.0182554 0.066722 0.661783 0.13045 0.082415 0.036751 
3.15856e-08 1.34891e-06 8.0468e-05 0.000346044 0.00112298 0.0052194 0.0119855 0.023995 0.885915 0.0713338 
9.71543e-07 1.89067e-05 0.000477623 0.00178267 0.00697338 0.020355 0.036032 0.065418 0.0740834 0.794858 
1.17954e-10 2.29653e-08 4.43167e-07 3.61933e-06 7.75266e-05 0.000490075 0.000410909 0.0062392 0.957382 0.0353958 
2.85115e-08 4.33857e-07 4.40854e-06 1.86532e-05 0.000224197 0.00160323 0.00379632 0.0163534 0.913907 0.0640928 
3.78215e-08 6.46759e-07 1.08074e-05 4.50444e-05 0.000369869 0.00237064 0.00607247 0.493006 0.317461 0.180664 
