9815
1.1605e-09 2.77235e-09 2.84979e-08 2.61878e-07 4.46616e-06 5.4563e-05 0.000216087 0.00388243 0.486779 0.509063 
1.90964e-08 9.4696e-08 7.01353e-07 7.32308e-06 0.000374788 0.00242719 0.0232212 0.786697 0.102724 0.0845478 
1.48155e-08 2.71368e-08 2.60913e-07 3.16502e-06 0.000154555 0.000851916 0.00468806 0.616755 0.297832 0.0797153 
6.77252e-08 2.38586e-07 1.407e-06 1.09166e-05 0.000381468 0.00169823 0.0117454 0.0506527 0.101635 0.833875 
0.000134832 4.67451e-05 0.000212396 0.00306708 0.0289686 0.650619 0.139261 0.120384 0.0470041 0.0103024 
0.00115535 0.0170203 0.0829809 0.208313 0.581316 0.0908565 0.0155866 0.00231698 0.000417767 3.59351e-05 
0.000229661 0.0095935 0.0301398 0.0954831 0.182756 0.604995 0.0630863 0.0115577 0.00199456 0.000164059 
1.88844e-08 7.94296e-08 5.99813e-07 4.6171e-06 7.10798e-05 0.000804699 0.00275655 0.02222 0.0626553 0.911487 
0.0001662 6.26043e-05 0.000255176 0.00448791 0.0496833 0.690694 0.154252 0.0812184 0.0163047 0.00287487 
8.62787e-08 4.87739e-07 2.71808e-06 1.65046e-05 0.000373438 0.00187108 0.0138268 0.0695851 0.143934 0.770389 
0.000194454 6.8561e-05 0.000301902 0.00444105 0.0349208 0.100753 0.140071 0.695699 0.0202537 0.00329692 
0.000650653 0.0177552 0.389185 0.24915 0.0865707 0.0585141 0.0318417 0.0226459 0.139835 0.00385262 
1.00959e-06 1.12015e-06 8.40698e-06 0.000132914 0.00570508 0.038992 0.109915 0.778919 0.0514852 0.0148405 
1.06643e-06 1.08806e-06 8.08963e-06 6.78982e-05 0.00174977 0.0057844 0.024988 0.0637475 0.819641 0.0840112 
0.00249195 0.0481479 0.115713 0.259029 0.465501 0.0969622 0.0110301 0.00106025 6.06225e-05 5.13058e-06 
2.2713e-08 6.27573e-08 5.182e-07 8.82759e-06 0.000733235 0.00536816 0.0382506 0.103062 0.802458 0.0501188 
3.52633e-08 1.44116e-07 9.11256e-07 6.72866e-06 0.000238184 0.00146762 0.0102594 0.22138 0.268144 0.498503 
8.88246e-09 1.87154e-08 1.90438e-07 1.79654e-06 3.22797e-05 0.000447811 0.00133061 0.0149527 0.887067 0.0961673 
0.000133508 0.00614828 0.0247167 0.0836725 0.171142 0.172231 0.532671 0.00857614 0.0006515 5.75695e-05 
0.000169053 0.0075096 0.0491178 0.495423 0.276244 0.146763 0.0211782 0.003121 0.000435565 3.9034e-05 
9.79656e-05 0.00394164 0.0166415 0.0656346 0.137602 0.743811 0.0283265 0.00348727 0.000420341 3.77796e-05 
2.85189e-08 2.46946e-07 1.38443e-06 8.5093e-06 0.000230443 0.00115514 0.00758783 0.0513074 0.892859 0.0468502 
3.19329e-08 2.36109e-07 1.35597e-06 7.82517e-06 0.00012777 0.000787098 0.00496195 0.224098 0.598964 0.171051 
2.78647e-05 0.00135508 0.011463 0.0625194 0.168339 0.669404 0.0663648 0.0180485 0.00227766 0.000200639 
0.000197825 0.0096934 0.130863 0.5373 0.178519 0.113245 0.0261467 0.00352678 0.000467835 4.11791e-05 
2.0932e-08 3.1012e-07 1.83346e-06 9.88517e-06 9.98632e-05 0.000699323 0.00167842 0.0156183 0.0561041 0.925788 
5.27289e-08 1.51191e-07 8.63923e-07 5.69999e-06 0.000101109 0.000959925 0.00505403 0.0248126 0.0722309 0.896835 
8.51148e-10 2.03785e-09 2.4602e-08 5.72087e-07 5.53238e-05 0.00128273 0.0211822 0.946898 0.0239321 0.00664916 
0.000216249 0.000370377 0.00360023 0.0166412 0.0727009 0.648998 0.179887 0.0657499 0.0103218 0.00151417 
8.70877e-05 0.00290016 0.0142067 0.045086 0.100328 0.133351 0.672449 0.0289912 0.00247074 0.000130428 
1.20008e-06 1.48349e-05 0.000472514 0.0136419 0.575583 0.101726 0.111346 0.103752 0.0664397 0.0270225 
3.69844e-26 2.20321e-23 5.9243e-21 4.16092e-18 9.46259e-16 5.72608e-13 1.26126e-09 1.26771e-06 0.00027835 0.99972 
9.31407e-07 1.50781e-06 9.89784e-06 0.000152309 0.00280568 0.0167721 0.0639869 0.825389 0.0670174 0.0238643 
8.05181e-09 1.62676e-08 1.65037e-07 1.56781e-06 2.82884e-05 0.000408278 0.00102044 0.0117026 0.0415321 0.945306 
1.59235e-11 4.4428e-11 4.65121e-10 3.72514e-09 5.63933e-08 1.67527e-07 1.83157e-06 1.42446e-05 0.000702989 0.999281 
5.54472e-14 2.53481e-12 1.98916e-11 4.68325e-10 4.26501e-08 2.43045e-07 1.32927e-05 8.94606e-05 0.000464898 0.999432 
8.56663e-09 1.48245e-08 1.48167e-07 1.50245e-06 2.92079e-05 0.000531281 0.00108155 0.0129267 0.0505129 0.934917 
0.000107346 6.9474e-05 0.000478742 0.00442703 0.0352795 0.293656 0.595172 0.0566617 0.0120179 0.00213039 
1.62859e-07 3.33565e-07 2.08762e-06 1.90815e-05 0.000609877 0.00371121 0.0209736 0.0938186 0.803394 0.0774707 
7.04507e-08 3.61141e-07 2.02918e-06 1.36703e-05 0.000444334 0.00258372 0.0241119 0.793175 0.122283 0.0573862 
5.48966e-08 2.49926e-07 1.62028e-06 1.49883e-05 0.000498626 0.00230917 0.015537 0.808041 0.116164 0.0574329 
1.04001e-06 1.57242e-06 1.06589e-05 0.000103428 0.00246196 0.0124799 0.0384637 0.0846704 0.824051 0.037756 
1.40177e-05 0.000310241 0.00374471 0.0177019 0.0807992 0.708915 0.132333 0.0487045 0.00687574 0.000601657 
5.19591e-08 2.83762e-07 1.63743e-06 8.90677e-06 9.07435e-05 0.000492475 0.00168231 0.0159276 0.0554921 0.926304 
0.00209231 0.042572 0.0930934 0.250479 0.521153 0.0798806 0.00967298 0.00097785 7.20216e-05 6.62824e-06 
0.000138172 4.15296e-05 0.000155364 0.00201452 0.0135975 0.0317327 0.0539594 0.088352 0.78251 0.0274989 
2.04628e-15 3.09941e-14 1.34437e-13 9.8515e-12 1.21781e-09 2.77109e-08 1.8051e-06 8.13344e-05 0.00322528 0.996692 
0.00019894 0.000156681 0.00155003 0.0138783 0.548795 0.172354 0.154895 0.0858028 0.0190639 0.00330579 
1.1666e-06 1.23437e-06 9.03424e-06 0.000100586 0.00253197 0.0133651 0.0425784 0.09453 0.813299 0.0335831 
6.14415e-05 0.00247248 0.0131671 0.0607233 0.642563 0.165566 0.0714708 0.0287696 0.0118319 0.00337468 
1.78056e-08 4.02473e-08 4.0744e-07 4.44327e-06 0.000165991 0.00114805 0.00522454 0.0514102 0.855348 0.086698 
1.28164e-08 2.81359e-08 2.87733e-07 2.62467e-06 4.50333e-05 0.000553497 0.00151225 0.021575 0.868563 0.107748 
3.43734e-33 1.31717e-29 5.15612e-26 2.90385e-22 4.53629e-18 7.2794e-15 2.87576e-11 1.5331e-07 0.00104716 0.998953 
2.70284e-09 5.24726e-09 5.22952e-08 5.18808e-07 1.10461e-05 0.000162786 0.000866614 0.0151269 0.654577 0.329255 
4.37063e-09 8.05416e-09 8.01906e-08 8.0619e-07 1.55062e-05 0.000272302 0.000948877 0.0109356 0.321215 0.666612 
6.31376e-21 1.30108e-18 1.73252e-16 7.35269e-14 8.47648e-12 5.1994e-10 4.44842e-08 6.88026e-06 0.00186672 0.998126 
5.3104e-05 0.00156138 0.01167 0.142352 0.120035 0.216916 0.480691 0.0232489 0.00314579 0.000326739 
1.42338e-07 7.08384e-07 4.01716e-06 2.30393e-05 0.00040181 0.00176045 0.0116492 0.0455755 0.0841595 0.856426 
1.0013e-08 2.19855e-08 2.24666e-07 2.05717e-06 3.62398e-05 0.000450656 0.00117943 0.0132686 0.867718 0.117345 
0.000184111 7.23954e-05 0.000283437 0.00491026 0.053957 0.667138 0.147877 0.0925009 0.0271981 0.00587883 
1.24621e-08 2.73857e-08 2.8004e-07 2.55583e-06 4.39601e-05 0.000537924 0.00150083 0.0155739 0.060295 0.922045 
0.000181421 6.56958e-05 0.000296714 0.00412135 0.030646 0.09761 0.755863 0.0866528 0.0204235 0.00413963 
5.40775e-06 1.54581e-05 0.000102873 0.00120155 0.0120038 0.0288823 0.0942393 0.714591 0.133062 0.0158964 
0.000241606 0.000229049 0.00223073 0.0119772 0.0696636 0.184992 0.62929 0.0815229 0.0173457 0.00250713 
4.22314e-09 9.78334e-09 1.00742e-07 9.1299e-07 1.58691e-05 0.000171546 0.000593455 0.00751952 0.0349663 0.956732 
6.44729e-05 3.30271e-05 0.000179566 0.00228443 0.0228091 0.0793317 0.727218 0.117418 0.0421283 0.00853294 
1.2242e-24 1.29017e-21 4.04656e-19 3.42325e-16 3.84072e-14 3.19336e-11 4.59958e-09 2.196e-06 0.000757914 0.99924 
0.000252048 8.06852e-05 0.000395028 0.00425508 0.033682 0.0977195 0.144589 0.68795 0.0268972 0.00418015 
0.00237613 0.176186 0.444711 0.140502 0.131931 0.0810008 0.0186365 0.00371388 0.000867495 7.44611e-05 
5.59071e-22 2.30136e-19 5.15891e-17 3.43838e-14 3.31237e-12 1.12529e-09 2.43462e-07 8.22494e-05 0.00420411 0.995713 
1.26556e-06 1.23492e-06 9.49848e-06 9.0349e-05 0.00232354 0.00918501 0.0351143 0.815006 0.104985 0.0332842 
1.45017e-08 3.17547e-08 3.22086e-07 2.99747e-06 5.34958e-05 0.00070993 0.0029836 0.0368708 0.860967 0.0984122 
3.26498e-14 6.54929e-13 7.37474e-12 4.873e-10 3.38017e-08 2.73179e-07 4.96053e-06 0.000197482 0.0056414 0.994156 
0.0018424 0.0370866 0.119538 0.580623 0.169104 0.0813337 0.009596 0.000827262 4.60802e-05 3.59232e-06 
8.86528e-05 4.16486e-05 0.000201145 0.00261296 0.0157161 0.0357426 0.0671979 0.0925526 0.767303 0.0185428 
2.14827e-15 3.26955e-14 1.49291e-13 1.27745e-11 1.6034e-09 4.71387e-08 3.17766e-06 0.000262253 0.00826708 0.991467 
7.85668e-07 1.11144e-06 6.64237e-06 6.83064e-05 0.00253056 0.0159095 0.0595444 0.820769 0.0740719 0.0270976 
2.95582e-07 1.1096e-06 8.6454e-06 0.000149528 0.00348519 0.0269171 0.0902544 0.766602 0.0805037 0.0320784 
7.66957e-08 3.48422e-07 2.0155e-06 1.35601e-05 0.000378716 0.00233217 0.0178283 0.0818201 0.83488 0.0627446 
1.82518e-07 3.69799e-07 2.35764e-06 6.42086e-05 0.00171306 0.0692316 0.0178496 0.0361124 0.244002 0.631024 
6.34989e-11 1.71393e-10 1.71043e-09 2.04303e-08 8.17147e-07 2.39442e-05 0.000196153 0.00939974 0.957936 0.0324435 
8.26466e-09 2.0567e-08 2.12633e-07 1.84716e-06 2.875e-05 0.000243663 0.000716329 0.00593527 0.0226068 0.970467 
8.21491e-23 4.92318e-20 1.44727e-17 1.32171e-14 1.20092e-12 6.73933e-10 3.21492e-08 2.22645e-06 0.000318986 0.999679 
1.91957e-15 3.40803e-14 2.87533e-13 2.24362e-11 2.60454e-09 1.70803e-08 4.92809e-07 8.83922e-05 0.00380409 0.996107 
5.85988e-06 1.51479e-05 0.000102826 0.00128147 0.0108108 0.0322604 0.098769 0.762241 0.0776292 0.0168846 
1.05365e-08 2.32015e-08 2.37175e-07 2.17263e-06 3.75229e-05 0.000460133 0.00132014 0.0138997 0.0501583 0.934122 
0.000184712 6.96028e-05 0.000323332 0.00432424 0.0325664 0.102508 0.714882 0.112329 0.0272167 0.0055963 
7.83328e-08 4.12815e-07 2.32522e-06 1.57901e-05 0.000329859 0.00244269 0.0150493 0.0633251 0.850471 0.0683638 
3.33517e-05 0.00124011 0.00776311 0.0422774 0.604348 0.212895 0.0989743 0.0273877 0.00453097 0.000549861 
0.000155975 0.000281077 0.00248311 0.0116649 0.0575315 0.127995 0.707019 0.0748345 0.0146601 0.00337465 
3.75663e-11 6.77022e-11 5.50463e-10 6.71707e-09 2.58648e-07 2.15854e-06 5.13757e-05 0.00087281 0.0144314 0.984642 
4.48452e-08 2.76684e-07 1.54644e-06 9.96923e-06 0.000340465 0.00194666 0.0165222 0.450942 0.495865 0.0343724 
1.96083e-08 4.26425e-08 3.7743e-07 3.66341e-06 6.68411e-05 0.000867644 0.00409179 0.0239904 0.0487678 0.922211 
9.56239e-09 2.07454e-08 2.11813e-07 1.95325e-06 3.38276e-05 0.000440731 0.00116711 0.0119007 0.0435748 0.942881 
3.72233e-05 1.9067e-05 0.000115589 0.00184239 0.014084 0.0615694 0.12603 0.73829 0.0471033 0.010909 
6.99277e-08 4.75434e-07 2.65479e-06 1.59818e-05 0.000420785 0.00166161 0.0122398 0.0678328 0.838052 0.0797734 
5.71728e-05 0.00231323 0.010072 0.0346209 0.646898 0.199257 0.0857719 0.0190097 0.00166311 0.000336327 
0.000195926 5.19337e-05 0.000243669 0.00968641 0.616746 0.14921 0.115755 0.0704622 0.0282124 0.00943691 
4.24413e-09 1.02673e-08 1.06027e-07 9.18504e-07 1.4643e-05 0.000134568 0.000566832 0.0131707 0.926658 0.0594543 
0.000222338 7.35684e-05 0.000349843 0.00419915 0.0317651 0.108272 0.742692 0.0929106 0.0167306 0.00278468 
1.95815e-06 4.53527e-06 4.58838e-05 0.000811144 0.0114722 0.0628198 0.747877 0.11234 0.0509879 0.0136402 
6.15256e-05 4.11209e-05 0.000192536 0.00318776 0.0266339 0.0822088 0.728661 0.108164 0.0411218 0.00972736 
0.0025435 0.0446094 0.429417 0.213017 0.153264 0.107677 0.0365186 0.0110496 0.00173593 0.000167401 
8.33497e-09 1.80619e-08 1.84353e-07 1.70417e-06 3.01485e-05 0.000388619 0.00111698 0.0175392 0.894536 0.0863869 
1.41709e-06 2.77789e-06 3.03413e-05 0.000841738 0.0113775 0.0648351 0.758568 0.105955 0.0471295 0.0112583 
2.21116e-08 1.18859e-07 1.01548e-06 1.28319e-05 0.000455058 0.00320043 0.0128594 0.0505229 0.851284 0.0816642 
2.65457e-09 4.47459e-09 4.45656e-08 4.49396e-07 1.01531e-05 0.000174451 0.000545063 0.00941703 0.0486229 0.94123 
3.87278e-08 2.17618e-07 1.30501e-06 1.09955e-05 0.000382631 0.00353894 0.0268106 0.485454 0.226618 0.257184 
1.68265e-06 1.61427e-06 1.19135e-05 0.000166848 0.00268967 0.0120368 0.0547226 0.811531 0.0896833 0.0291544 
2.13818e-24 2.54401e-21 8.25529e-19 7.22861e-16 9.31897e-14 7.64548e-11 1.35834e-08 3.64759e-06 0.000220883 0.999775 
2.85628e-33 1.05599e-29 4.0209e-26 1.95358e-22 2.0576e-18 2.86406e-15 1.18539e-11 7.07867e-08 0.000628171 0.999372 
3.0993e-13 6.23312e-12 7.07754e-11 4.67291e-09 3.21255e-07 2.61895e-06 5.4903e-05 0.000941549 0.0120436 0.986957 
1.546e-08 2.66339e-08 2.56709e-07 3.32134e-06 0.00015374 0.000969258 0.0054104 0.037753 0.078652 0.877058 
9.70788e-09 2.18093e-08 2.23621e-07 2.03713e-06 3.50377e-05 0.000421768 0.00117574 0.0130024 0.876393 0.10897 
4.92241e-05 3.40371e-05 0.000195718 0.00337423 0.0322715 0.683395 0.152744 0.0949134 0.0276615 0.00536079 
5.00459e-08 4.38396e-07 2.52205e-06 1.36687e-05 0.000143597 0.00102283 0.00447545 0.0359195 0.870222 0.0881999 
0.00257962 0.0418217 0.127697 0.667886 0.112016 0.0430602 0.00448831 0.000428449 2.1467e-05 1.99903e-06 
5.49685e-09 1.02786e-08 1.03327e-07 1.02797e-06 1.93551e-05 0.00031423 0.0007692 0.00790823 0.0314412 0.959547 
7.09488e-05 0.000135975 0.00078223 0.00902209 0.067901 0.70062 0.132341 0.0682222 0.0169706 0.00393344 
4.61068e-26 8.46191e-23 3.04293e-20 3.26212e-17 7.65051e-15 4.09334e-12 2.64209e-09 1.53072e-06 0.000475408 0.999523 
1.82385e-09 4.12888e-09 4.25743e-08 3.70351e-07 5.66777e-06 5.54539e-05 5.34446e-05 0.00081701 0.01361 0.985458 
3.49067e-12 6.04636e-12 5.80666e-11 8.09118e-10 3.45623e-08 9.80164e-07 2.47464e-06 0.000191191 0.000662611 0.999143 
0.000257351 0.00700049 0.0218695 0.203973 0.166132 0.547852 0.0473353 0.0047023 0.00076972 0.000108615 
5.48656e-12 1.18996e-11 1.1736e-10 2.9322e-09 1.90644e-07 1.63142e-06 3.63709e-05 0.00136592 0.0209135 0.977682 
4.35304e-09 1.17394e-08 1.22187e-07 1.04013e-06 1.57626e-05 0.00011155 0.000393956 0.00268042 0.00524998 0.991547 
1.34449e-06 1.2029e-06 8.45021e-06 8.42402e-05 0.00193155 0.00895005 0.0353571 0.784529 0.124605 0.0445321 
0.000155272 5.32683e-05 0.000528545 0.00248839 0.0199397 0.0765076 0.62457 0.227779 0.0396137 0.00836416 
2.47835e-05 1.06939e-05 6.61191e-05 0.00130434 0.0220643 0.753034 0.123938 0.0664935 0.026648 0.006416 
0.00018947 0.000190181 0.00178323 0.0135304 0.473304 0.260468 0.147351 0.0814072 0.0176634 0.00411215 
0.000187208 0.000215751 0.00184934 0.0147902 0.604138 0.182993 0.120608 0.0586457 0.0132802 0.00329233 
2.47319e-08 3.51391e-08 3.1349e-07 3.10804e-06 6.49788e-05 0.000796177 0.00452347 0.0350248 0.0920773 0.86751 
0.000135324 2.69702e-05 8.52632e-05 0.00142471 0.020227 0.0914123 0.762965 0.086234 0.0291776 0.0083123 
8.06181e-05 5.93169e-05 0.000807598 0.00383306 0.0252454 0.0782106 0.781356 0.0848043 0.0218218 0.00378136 
1.00159e-06 4.17028e-06 3.23717e-05 0.000453283 0.00535303 0.0455799 0.249699 0.667927 0.0258267 0.0051236 
6.02139e-08 2.76944e-07 1.55518e-06 1.06333e-05 0.000407888 0.0038877 0.542471 0.340335 0.0788467 0.0340396 
0.000103846 0.00459922 0.0175636 0.106063 0.248193 0.339129 0.275876 0.00770612 0.000701019 6.44661e-05 
8.40498e-08 4.29466e-07 2.44538e-06 1.54303e-05 0.000340682 0.00191438 0.011345 0.0595538 0.65411 0.272718 
0.00176002 0.0475113 0.521496 0.339575 0.0608768 0.0247169 0.00357834 0.000441073 4.01729e-05 4.03828e-06 
6.9307e-05 0.000318926 0.00342477 0.0164627 0.077034 0.725946 0.130529 0.0385239 0.00632054 0.00137094 
1.11691e-08 2.49902e-08 2.56373e-07 2.29905e-06 3.8609e-05 0.000437635 0.00111358 0.0128432 0.86784 0.117724 
0.000176721 0.00016119 0.0013399 0.00792068 0.0437478 0.115686 0.748449 0.0677565 0.0123108 0.00245061 
7.92946e-09 1.75161e-08 1.79243e-07 1.65884e-06 2.9731e-05 0.000376993 0.00113645 0.0131624 0.0501231 0.935169 
2.7034e-09 6.33e-09 6.51616e-08 5.84727e-07 1.02427e-05 0.000102441 0.0005725 0.0126043 0.915748 0.0709618 
1.48015e-06 1.42183e-06 1.06018e-05 0.000110799 0.00294411 0.0143487 0.0507802 0.100984 0.804973 0.0258452 
0.000109347 2.71331e-05 0.000101848 0.00116324 0.0157888 0.058816 0.765383 0.108392 0.0412704 0.00894816 
0.000200773 5.9523e-05 0.00023907 0.00334057 0.0261065 0.0759378 0.121762 0.742365 0.0257836 0.00420542 
1.93497e-09 4.69049e-09 4.78134e-08 4.64072e-07 8.87542e-06 0.000112683 0.000643338 0.00599623 0.0189419 0.974296 
1.86389e-08 3.83725e-08 3.89704e-07 3.61654e-06 6.16813e-05 0.000749571 0.0024733 0.0171613 0.0567417 0.922808 
3.85202e-06 6.21953e-06 4.68013e-05 0.000600435 0.0099459 0.0448059 0.743702 0.126343 0.0605065 0.0140394 
0.000200828 0.000147175 0.00156308 0.0100396 0.0698285 0.154929 0.677264 0.0682494 0.0147401 0.00303896 
2.99116e-05 6.98267e-06 2.24106e-05 0.000442982 0.0294948 0.0795934 0.124563 0.679132 0.0818375 0.00487695 
0.000227759 0.000160988 0.00115123 0.0108831 0.0765178 0.659794 0.140004 0.0816513 0.0247756 0.00483386 
5.75559e-05 1.01153e-05 1.8652e-05 0.000231261 0.00439571 0.0274577 0.547903 0.20695 0.192296 0.0206798 
1.23412e-08 2.71303e-08 2.77567e-07 2.51923e-06 4.2723e-05 0.000504795 0.00131327 0.0142024 0.876921 0.107013 
0.000154649 4.14636e-05 0.000161442 0.00301411 0.0407406 0.743727 0.113049 0.0680945 0.024849 0.00616775 
4.97326e-08 2.01734e-07 1.12286e-06 6.30484e-06 8.29917e-05 0.000622392 0.00805986 0.433083 0.47151 0.0866345 
5.58393e-06 1.22643e-05 9.19286e-05 0.00119978 0.010108 0.0248095 0.0728095 0.813391 0.0621068 0.0154652 
6.58529e-07 1.11008e-06 7.52401e-06 7.51132e-05 0.0020584 0.0117702 0.0548422 0.814953 0.0864677 0.0298236 
7.60054e-08 3.04933e-07 1.71184e-06 1.03809e-05 0.000148117 0.00133444 0.0101431 0.0401011 0.0789436 0.869317 
4.82324e-06 1.44352e-05 0.000101539 0.00116595 0.00496948 0.0173795 0.0514889 0.831988 0.0731422 0.0197448 
4.911e-05 0.000318506 0.00311905 0.0172336 0.0963024 0.740211 0.104876 0.0314898 0.00547207 0.00092865 
2.73751e-09 7.95212e-09 7.67548e-08 1.33288e-06 0.000112066 0.000843315 0.210084 0.158071 0.113668 0.51722 
0.000191282 4.69067e-05 0.000192072 0.00237355 0.0205985 0.0747644 0.740953 0.11405 0.0385977 0.00823268 
2.08323e-06 7.36248e-06 4.23569e-05 0.00204868 0.567955 0.113747 0.111982 0.110461 0.0700231 0.023731 
1.49188e-08 3.6008e-08 3.39093e-07 4.14497e-06 0.000233725 0.00148564 0.0103963 0.792337 0.117835 0.0777088 
8.33384e-09 1.76378e-08 1.79466e-07 1.66789e-06 2.9651e-05 0.000404633 0.00147244 0.0162325 0.0511251 0.930734 
5.35829e-08 2.78123e-07 1.61736e-06 1.03998e-05 0.00026931 0.00161384 0.00792118 0.0478843 0.114662 0.827637 
1.13641e-08 2.43711e-08 2.39462e-07 3.21943e-06 0.000191281 0.000952992 0.00438129 0.0440607 0.868606 0.0818045 
7.57154e-14 1.41709e-12 1.3715e-11 9.78747e-10 9.09306e-08 9.22227e-07 2.90009e-05 0.000894357 0.0143158 0.98476 
2.13198e-09 4.10368e-09 4.12827e-08 4.17971e-07 9.60345e-06 0.000124841 0.000633764 0.010025 0.0459555 0.943251 
0.00020714 0.000158223 0.00122141 0.00917688 0.0520762 0.643242 0.179259 0.0924548 0.0187862 0.00341802 
1.47892e-08 3.26471e-08 3.32208e-07 3.20696e-06 7.9591e-05 0.00071534 0.00252893 0.0277579 0.845708 0.123206 
4.9133e-05 0.00129601 0.00700909 0.0293177 0.0812516 0.13348 0.700172 0.0393504 0.00682757 0.00124625 
2.26056e-09 5.67373e-09 5.87911e-08 5.00763e-07 7.70616e-06 5.92509e-05 0.00015596 0.00215838 0.389961 0.607657 
6.27934e-25 1.15025e-21 4.04701e-19 4.10801e-16 9.3009e-14 5.30527e-11 5.8497e-08 4.74227e-05 0.00290356 0.997049 
8.50575e-09 2.07259e-08 2.13838e-07 1.92387e-06 3.24612e-05 0.000347659 0.00109168 0.0116287 0.0409828 0.945915 
0.000161378 6.26093e-05 0.000312797 0.00396529 0.0344908 0.6886 0.166144 0.0824993 0.0189659 0.00479764 
5.50391e-09 1.46177e-08 1.49336e-07 1.43483e-06 3.72322e-05 0.000681673 0.0122032 0.865382 0.0662201 0.0554738 
1.06404e-07 6.42671e-07 3.7032e-06 2.21117e-05 0.000517727 0.00292597 0.0213188 0.0770058 0.817331 0.0808741 
7.59462e-05 0.00371303 0.015121 0.0557335 0.386289 0.179055 0.332109 0.0253437 0.00238806 0.000171385 
1.37241e-13 5.14523e-13 5.44145e-12 2.70933e-10 2.08932e-08 2.03689e-07 3.21024e-06 6.07516e-05 0.00265796 0.997278 
2.11603e-07 5.24845e-07 3.16445e-06 2.04502e-05 0.000306966 0.00129009 0.0064891 0.050279 0.22565 0.715961 
0.000179716 0.00051905 0.00852694 0.28403 0.377355 0.198341 0.102139 0.0255589 0.00284088 0.000510007 
6.38377e-08 1.69541e-07 1.11637e-06 7.72512e-06 0.000159592 0.00103313 0.00789122 0.0393647 0.855895 0.0956476 
2.65203e-05 9.09149e-06 5.65497e-05 0.00105886 0.0145229 0.0670903 0.712496 0.128914 0.0571961 0.0186296 
3.09555e-05 0.00189191 0.00704201 0.0222696 0.0704174 0.130784 0.724533 0.0390708 0.00374617 0.000214178 
1.34209e-08 2.762e-08 2.74616e-07 2.6003e-06 5.29214e-05 0.000756395 0.00199959 0.0195214 0.86655 0.111117 
0.000880936 0.0309236 0.44587 0.169798 0.197005 0.128254 0.0249346 0.00219964 0.000124189 9.59719e-06 
4.16067e-06 1.95322e-05 0.00011147 0.00163206 0.00901651 0.0225239 0.0641455 0.844165 0.0480832 0.0102989 
2.30476e-09 5.87142e-09 6.52425e-08 1.37281e-06 0.00022675 0.0021314 0.0248333 0.925461 0.0318059 0.0155401 
0.000268893 0.000125492 0.000516091 0.00884748 0.0690727 0.688226 0.134983 0.0716449 0.0214475 0.00486842 
1.86514e-09 4.20027e-09 4.28405e-08 4.14723e-07 8.72186e-06 0.000106889 0.000519886 0.00744373 0.0382114 0.953709 
1.28129e-06 1.94246e-06 1.71335e-05 0.000234325 0.00422805 0.019981 0.0714279 0.834664 0.0579788 0.0114659 
8.24688e-09 1.61931e-08 1.63823e-07 1.57631e-06 2.78562e-05 0.000437166 0.00121181 0.019155 0.893965 0.0852013 
6.20893e-14 1.22878e-12 1.35796e-11 9.0626e-10 6.52961e-08 5.83477e-07 1.8629e-05 0.000456143 0.00670894 0.992816 
1.1348e-05 0.000260701 0.00292847 0.0222331 0.648716 0.182736 0.0966217 0.0362026 0.00829738 0.00199281 
8.15968e-09 1.9266e-08 1.9126e-07 2.63699e-06 0.000161455 0.00107148 0.00916238 0.40768 0.52781 0.0541123 
0.000853032 0.0276413 0.0672235 0.195491 0.423325 0.264129 0.0193018 0.00189836 0.000125954 1.1165e-05 
5.06414e-13 9.77183e-12 1.01549e-10 6.94969e-09 5.59719e-07 4.42674e-06 0.000118422 0.0039406 0.0311104 0.964826 
1.2147e-08 2.7522e-08 2.77772e-07 3.00835e-06 0.000113072 0.000819269 0.00402348 0.412742 0.485215 0.0970835 
4.18688e-06 9.36955e-06 6.0815e-05 0.000765619 0.00539682 0.021895 0.075473 0.827562 0.0570526 0.0117808 
0.000766222 0.0225531 0.060041 0.151736 0.639115 0.107531 0.0168009 0.00138212 6.93222e-05 5.15663e-06 
6.02015e-09 1.26533e-08 1.28988e-07 1.19907e-06 2.12344e-05 0.000284897 0.000917687 0.0120372 0.328827 0.65791 
1.05676e-10 2.11226e-10 1.88472e-09 2.72182e-08 9.79476e-07 1.4744e-05 0.000145815 0.00420418 0.0275902 0.968044 
0.0143036 0.0977701 0.582498 0.176235 0.0822826 0.041997 0.00445039 0.000426494 3.37569e-05 3.13849e-06 
9.60792e-07 1.08299e-06 8.09198e-06 8.20971e-05 0.00255478 0.0122436 0.058258 0.820266 0.0806068 0.0259782 
1.45317e-08 2.42636e-08 2.30695e-07 3.53668e-06 0.000220411 0.00110625 0.00497772 0.0371821 0.0854372 0.871073 
1.17825e-08 4.06896e-08 3.40119e-07 2.72445e-06 4.3429e-05 0.000511556 0.00143231 0.0163864 0.0636829 0.91794 
1.34293e-05 0.000260084 0.00348749 0.0157147 0.0661782 0.279014 0.585437 0.0416109 0.00733551 0.000948438 
6.00035e-10 9.3314e-10 9.27732e-09 1.01251e-07 1.89018e-06 4.33351e-05 5.39908e-05 0.000986577 0.0141829 0.984731 
0.00470528 0.0537399 0.146531 0.592464 0.136364 0.0598124 0.005806 0.000554335 2.1399e-05 1.69665e-06 
3.61902e-08 2.50041e-07 1.48866e-06 9.11352e-06 0.00016933 0.00107636 0.00442133 0.0314895 0.0746976 0.888135 
9.69739e-07 9.76665e-07 7.59373e-06 7.13262e-05 0.00209113 0.0117208 0.774755 0.0935608 0.0869373 0.0308545 
9.49849e-08 4.47717e-07 2.53025e-06 1.4587e-05 0.000194069 0.00155049 0.0100782 0.0495046 0.120094 0.81856 
1.01851e-27 2.08437e-24 2.30409e-21 6.89078e-18 1.45319e-14 1.24289e-11 2.99344e-08 3.04703e-05 0.00286803 0.997101 
4.22787e-22 9.40257e-20 1.34226e-17 7.88945e-15 9.90206e-13 3.61945e-10 1.15621e-07 7.49033e-05 0.00592165 0.994003 
1.06246e-07 5.20157e-07 2.9218e-06 1.80137e-05 0.000379755 0.00206807 0.0156515 0.0685334 0.114958 0.798388 
1.03617e-06 9.43127e-07 7.48823e-06 6.89982e-05 0.00195374 0.00725356 0.0443795 0.800488 0.106986 0.0388599 
0.000194218 0.00031728 0.00317613 0.0190126 0.0974016 0.191793 0.58545 0.080959 0.017766 0.00393062 
6.41689e-09 1.25472e-08 1.27301e-07 1.19041e-06 2.121e-05 0.000296684 0.000601655 0.00812943 0.0380316 0.952918 
6.9498e-10 1.52234e-09 1.528e-08 1.58048e-07 3.85271e-06 4.80512e-05 0.000302658 0.00421095 0.0243643 0.97107 
1.7632e-07 3.68207e-07 2.07596e-06 1.40241e-05 0.000211172 0.00157194 0.0102005 0.0486995 0.873005 0.0662955 
2.9771e-08 1.31149e-07 8.87406e-07 6.23903e-06 0.000110517 0.000933898 0.00380192 0.0260807 0.0757108 0.893355 
8.74661e-09 1.79932e-08 1.83037e-07 1.68013e-06 2.98238e-05 0.000385116 0.000933117 0.0139233 0.0789217 0.905805 
8.02422e-07 1.41858e-06 1.0586e-05 0.000154318 0.00458767 0.035222 0.766443 0.114531 0.0604183 0.0186304 
2.71595e-05 0.000140322 0.00241499 0.00896307 0.0451805 0.112656 0.711069 0.0940374 0.0222165 0.00329491 
1.09097e-06 1.21525e-06 9.77122e-06 0.000142665 0.00622574 0.0461069 0.786696 0.0989027 0.047558 0.0143564 
1.98428e-07 7.5746e-07 4.92569e-06 4.43548e-05 0.00111924 0.00733232 0.0363612 0.457228 0.0789052 0.419004 
0.00013092 0.000102494 0.000405449 0.00760201 0.0613655 0.683172 0.138806 0.0802484 0.0235745 0.00459309 
1.52172e-06 1.67981e-06 1.25764e-05 0.000173641 0.00506424 0.0350078 0.70046 0.139108 0.0890072 0.0311637 
1.23621e-07 4.81903e-07 2.85103e-06 1.89342e-05 0.000384256 0.0022136 0.0131565 0.0478939 0.095664 0.840665 
3.80617e-08 1.21045e-07 8.54228e-07 7.05091e-06 0.0001793 0.00128809 0.00717478 0.0511142 0.817293 0.122943 
0.000141607 0.0061162 0.0261212 0.109484 0.647052 0.153855 0.0442185 0.010744 0.00208293 0.000183842 
8.703e-08 5.2658e-07 3.00647e-06 1.7638e-05 0.000347297 0.00149898 0.0101922 0.0484153 0.0934142 0.846111 
6.70684e-08 3.64979e-07 2.02971e-06 1.11019e-05 0.000141517 0.000772512 0.005419 0.0339216 0.871993 0.0877384 
1.7328e-05 0.000741253 0.00671901 0.196512 0.50537 0.168486 0.0895322 0.0279169 0.00435109 0.000353777 
3.02122e-07 1.44076e-06 1.073e-05 0.0002338 0.00326824 0.290294 0.366551 0.198376 0.0768469 0.0644175 
8.07525e-08 4.77178e-07 2.72052e-06 2.46067e-05 0.00128329 0.00828001 0.0484914 0.808785 0.0912938 0.0418391 
1.53328e-05 0.000345061 0.00397948 0.0184178 0.0797717 0.151289 0.712236 0.0298576 0.00364408 0.00044477 
2.15364e-09 5.88068e-09 6.12396e-08 5.09694e-07 7.62473e-06 3.83637e-05 0.000156722 0.00131843 0.00419114 0.994287 
1.01266e-06 1.26513e-06 8.38903e-06 8.675e-05 0.0019943 0.0111902 0.0424115 0.0970643 0.818572 0.0286702 
0.000903127 0.0197218 0.0558907 0.178174 0.586232 0.130771 0.0249691 0.00310325 0.000214532 2.06439e-05 
0.00012533 3.43207e-05 0.000118836 0.00177676 0.0194765 0.0638741 0.127796 0.734315 0.0438577 0.00862597 
1.88243e-07 3.57596e-07 2.04906e-06 1.63308e-05 0.00050624 0.00274697 0.0212156 0.300457 0.622428 0.0526266 
5.90689e-08 3.19077e-07 1.80316e-06 1.16306e-05 0.000333363 0.00148125 0.00926874 0.0567944 0.869031 0.0630777 
2.4149e-10 6.66032e-10 6.8814e-09 6.27565e-08 1.22073e-06 9.50232e-06 8.55465e-05 0.00126513 0.0177738 0.980865 
7.14551e-08 4.63173e-07 2.56712e-06 1.37856e-05 0.000163649 0.000942297 0.00627285 0.027103 0.072449 0.893052 
1.04651e-06 1.02532e-06 7.09401e-06 7.45637e-05 0.00267951 0.015092 0.416123 0.466962 0.0741397 0.0249207 
2.99773e-05 7.53508e-06 2.73673e-05 0.00029283 0.00708138 0.0858127 0.635948 0.177954 0.0716766 0.0211695 
1.47498e-08 2.844e-08 2.8672e-07 2.92008e-06 8.14704e-05 0.000729856 0.00346022 0.027756 0.0802149 0.887754 
8.57856e-08 4.72523e-07 2.78502e-06 2.78694e-05 0.00166024 0.0124867 0.383223 0.438018 0.114674 0.0499069 
1.60225e-06 7.40924e-06 1.6289e-05 0.00103079 0.0190096 0.0775689 0.76051 0.0866516 0.043358 0.0118456 
0.000138725 2.71762e-05 6.78377e-05 0.000665478 0.00981137 0.0346339 0.0847574 0.808907 0.0512593 0.00973186 
0.00214862 0.0278282 0.0902209 0.576262 0.205332 0.0877358 0.00990696 0.000543494 2.08338e-05 1.2661e-06 
2.39721e-09 5.52342e-09 5.66515e-08 5.09918e-07 9.09733e-06 9.81221e-05 0.000381197 0.00549365 0.0365486 0.957469 
7.79495e-08 4.88012e-07 2.75858e-06 1.66792e-05 0.000377013 0.00179488 0.0129013 0.0694858 0.848986 0.0664348 
0.000147684 0.000194235 0.00199676 0.0103933 0.0609094 0.12471 0.151734 0.62551 0.0203743 0.0040316 
1.21634e-09 2.96356e-09 3.05761e-08 2.73728e-07 5.21614e-06 4.83546e-05 0.000278776 0.00568139 0.0434806 0.950505 
0.00224368 0.0531791 0.117291 0.62274 0.134343 0.0632123 0.00629522 0.000669122 2.423e-05 1.75468e-06 
1.4599e-08 3.23624e-08 3.31545e-07 3.00363e-06 5.06545e-05 0.000602626 0.00150649 0.0147158 0.0535974 0.929524 
1.64301e-08 3.27391e-08 3.11532e-07 2.87694e-06 5.27592e-05 0.000660922 0.00230015 0.0239804 0.860682 0.112321 
2.20481e-13 7.27996e-12 5.26603e-11 1.91964e-09 2.31848e-07 1.36475e-06 5.77635e-05 0.000961574 0.0117404 0.987239 
5.79332e-09 1.02481e-08 1.01706e-07 1.10319e-06 2.7566e-05 0.000399043 0.00144808 0.0150779 0.0569995 0.926047 
1.12741e-08 2.45139e-08 2.4862e-07 2.33421e-06 4.57622e-05 0.000629028 0.00231406 0.0279671 0.644132 0.32491 
4.79979e-20 1.15576e-17 1.70089e-15 7.86813e-13 8.73576e-11 6.9153e-09 7.00765e-07 0.000168812 0.00908994 0.990741 
0.00118392 0.0265524 0.0690082 0.160271 0.185679 0.53645 0.0188804 0.00170052 0.000252482 2.15478e-05 
0.000159844 3.36665e-05 0.000107458 0.00162642 0.0208845 0.0934386 0.748034 0.0949973 0.0321817 0.00853664 
0.126473 0.354498 0.18691 0.277571 0.0443991 0.0093112 0.000774214 6.10338e-05 3.30038e-06 2.59884e-07 
1.24024e-07 4.31765e-07 2.46893e-06 1.83912e-05 0.000620561 0.00366827 0.0247383 0.0789067 0.85113 0.0409145 
1.34012e-08 1.03655e-07 6.91703e-07 5.51747e-06 0.000184555 0.00118513 0.00581488 0.0392397 0.867881 0.0856886 
5.75033e-09 9.00906e-09 8.87473e-08 9.39655e-07 1.86858e-05 0.000383501 0.000662138 0.00803593 0.0289162 0.961982 
2.77784e-08 5.361e-08 4.40396e-07 5.29132e-06 0.000296173 0.00125055 0.00755826 0.785328 0.117576 0.0879854 
3.39369e-06 5.17445e-06 4.88443e-05 0.000687926 0.0061621 0.0177806 0.0539341 0.102187 0.794246 0.0249449 
1.28182e-09 3.0154e-09 3.09007e-08 2.67917e-07 4.51702e-06 3.47465e-05 0.000195359 0.00275485 0.0208657 0.976145 
6.20383e-09 1.30193e-08 1.30386e-07 3.01131e-06 0.000336329 0.00207083 0.0176399 0.366537 0.388561 0.224852 
1.18712e-07 2.33753e-07 1.39465e-06 1.29575e-05 0.000427054 0.00186345 0.0110695 0.0500877 0.0909768 0.845561 
1.63954e-08 3.54491e-08 3.59911e-07 3.41662e-06 6.47662e-05 0.000901183 0.0039657 0.0423864 0.851551 0.101127 
5.34712e-08 8.339e-08 4.78171e-07 5.35122e-06 0.000232521 0.000988634 0.00730615 0.0419816 0.784055 0.16543 
1.3512e-08 3.08654e-08 3.1723e-07 2.81996e-06 4.733e-05 0.000520964 0.00124914 0.0144865 0.0532659 0.930427 
5.9324e-05 0.00256469 0.0821245 0.172139 0.368159 0.316254 0.0452774 0.0113847 0.00184928 0.000189057 
1.19467e-06 1.18743e-06 8.92841e-06 9.08768e-05 0.00225661 0.00935714 0.029104 0.079796 0.840718 0.0386665 
9.66808e-09 2.17767e-08 2.23132e-07 2.02485e-06 3.52389e-05 0.000570053 0.00965518 0.832547 0.0710534 0.0861373 
3.15644e-06 8.18608e-06 5.46958e-05 0.000800267 0.00979315 0.0485422 0.760363 0.114575 0.053067 0.0127934 
8.32391e-14 1.55168e-12 1.41511e-11 1.00543e-09 9.80111e-08 5.38048e-07 1.01816e-05 0.000378254 0.00937681 0.990234 
1.55103e-24 2.65328e-21 9.28494e-19 9.30979e-16 1.51647e-13 7.63745e-11 3.66488e-08 1.36624e-05 0.00405798 0.995928 
2.15865e-13 4.48612e-12 4.01625e-11 2.10842e-09 1.8368e-07 1.89757e-06 5.76566e-05 0.00404834 0.931571 0.0643214 
0.00022857 0.00376727 0.0193594 0.084134 0.642733 0.168505 0.0578914 0.0197703 0.00304421 0.00056617 
1.2676e-06 1.13454e-06 8.23541e-06 7.97797e-05 0.00223794 0.00896276 0.0508852 0.802415 0.100555 0.0348543 
5.54581e-08 3.31304e-07 1.94067e-06 1.62661e-05 0.000575102 0.00540488 0.0365458 0.471084 0.459354 0.0270177 
1.01719e-08 2.18314e-08 2.22826e-07 2.05337e-06 3.60174e-05 0.000458337 0.00121809 0.014129 0.058487 0.925669 
5.66521e-07 9.70915e-07 6.16778e-06 6.61008e-05 0.00176153 0.0101985 0.040233 0.799496 0.111896 0.0363412 
4.59805e-07 7.68606e-07 4.68904e-06 4.71764e-05 0.00117055 0.00689439 0.026525 0.0840356 0.834846 0.046475 
5.24923e-05 1.98855e-05 9.82626e-05 0.00159465 0.0145045 0.0596376 0.123232 0.743928 0.0458955 0.0110368 
7.75473e-09 3.19739e-08 2.44278e-07 1.84543e-06 2.7575e-05 0.000306311 0.00105272 0.00759349 0.016802 0.974216 
1.08114e-07 4.10374e-07 2.7709e-06 3.04887e-05 0.000960296 0.00870379 0.323197 0.596631 0.049481 0.020993 
4.56874e-08 4.78734e-07 2.78783e-06 1.78656e-05 0.000640264 0.00465386 0.0374882 0.780526 0.100681 0.0759897 
5.73708e-05 2.87787e-05 0.000128705 0.00293666 0.0440479 0.668982 0.129511 0.0999301 0.0433387 0.011039 
3.27222e-06 1.86697e-05 0.000144442 0.00228716 0.0171676 0.551602 0.331785 0.0699438 0.0217993 0.00524926 
8.27636e-09 2.34425e-08 2.07876e-07 1.7798e-06 3.06728e-05 0.000390878 0.00123518 0.0164737 0.0665679 0.9153 
9.56182e-07 8.82023e-07 6.72732e-06 6.11198e-05 0.0015699 0.00608647 0.023439 0.0792883 0.843085 0.0464614 
9.26199e-25 1.69992e-21 5.9006e-19 5.80239e-16 1.29334e-13 7.30215e-11 8.57301e-08 7.02924e-05 0.00340391 0.996526 
1.58687e-06 1.53332e-06 1.12504e-05 0.000123231 0.00284073 0.0136634 0.0470909 0.0988194 0.806863 0.0305848 
0.000165855 3.34138e-05 0.000101565 0.00136914 0.0162365 0.06111 0.110183 0.759124 0.0416223 0.0100544 
7.99535e-08 4.8112e-07 2.68205e-06 1.63424e-05 0.000415821 0.0017481 0.0130166 0.757926 0.148974 0.0778994 
2.28255e-05 0.000806059 0.00734139 0.0329363 0.125241 0.681233 0.117679 0.0300664 0.00402009 0.000653323 
4.48985e-08 5.73772e-08 4.18301e-07 5.5893e-06 0.000315714 0.00192116 0.0227111 0.806135 0.11165 0.0572603 
7.34063e-10 3.85434e-10 2.94401e-09 1.06085e-07 3.7571e-06 0.000105951 0.000361301 0.00619062 0.485782 0.507556 
1.31008e-08 2.96324e-08 3.03612e-07 2.75585e-06 4.70884e-05 0.000549938 0.00159579 0.0160552 0.0542309 0.927518 
5.34933e-13 1.73893e-11 1.47054e-10 5.81904e-09 5.20707e-07 3.63044e-06 8.11055e-05 0.00266273 0.0285674 0.968685 
1.5598e-06 1.81142e-06 1.27903e-05 0.000128371 0.00315563 0.0149196 0.228484 0.655507 0.0740369 0.0237521 
1.2245e-08 2.69985e-08 2.75864e-07 2.5521e-06 4.44115e-05 0.000558711 0.00156018 0.0157828 0.0489094 0.933142 
0.0118597 0.104787 0.0943972 0.349949 0.153804 0.250499 0.0329225 0.00167789 9.68509e-05 6.99593e-06 
1.11479e-06 1.29611e-06 1.2687e-05 0.00241636 0.0317231 0.672485 0.106398 0.107959 0.0600754 0.0189283 
0.116325 0.721995 0.117486 0.0368496 0.00697901 0.000346885 1.73488e-05 4.77807e-07 2.5485e-08 8.19215e-10 
1.53845e-05 4.26996e-06 2.36709e-05 0.000588565 0.00650778 0.041275 0.77923 0.0953487 0.0541797 0.0228273 
0.000135154 0.000111064 0.000590407 0.0101326 0.560484 0.176465 0.140266 0.0820568 0.0240043 0.00575537 
1.90761e-05 0.000389483 0.00479324 0.0188217 0.0725472 0.14738 0.696417 0.0511677 0.0077206 0.000744112 
1.03213e-08 2.08575e-08 2.12233e-07 1.98674e-06 3.39443e-05 0.000483026 0.000886533 0.00847147 0.0355612 0.954562 
7.58414e-09 1.61934e-08 1.65232e-07 1.70092e-06 3.43797e-05 0.000500736 0.00219954 0.0209001 0.0755716 0.900792 
0.000431972 0.0119774 0.045566 0.115474 0.687845 0.11659 0.0201988 0.00170392 0.000196247 1.67205e-05 
2.32639e-12 3.43796e-11 2.82963e-10 9.32075e-09 8.80898e-07 6.01436e-06 0.000188407 0.0051619 0.0354847 0.959158 
1.50219e-06 1.64685e-06 1.38774e-05 0.000229302 0.00567879 0.0370456 0.798117 0.0998602 0.04774 0.0113116 
1.23317e-08 2.7789e-08 2.84857e-07 2.59427e-06 4.43502e-05 0.000534666 0.00145859 0.0154566 0.0581591 0.924344 
1.13322e-08 2.42829e-08 2.47555e-07 2.26675e-06 3.89778e-05 0.00049435 0.00127861 0.012948 0.0344964 0.950741 
0.000159814 0.000112381 0.00122206 0.00525197 0.0269909 0.0828784 0.754986 0.0963183 0.0283572 0.00372272 
5.78724e-08 3.55938e-07 2.06239e-06 1.2093e-05 0.000162255 0.00152213 0.00919562 0.04833 0.0888812 0.851894 
0.000101662 7.92883e-05 0.00120864 0.0337191 0.0522558 0.0597891 0.673759 0.104223 0.0726001 0.0022637 
1.18338e-09 2.74983e-09 2.82352e-08 2.60925e-07 5.60356e-06 5.2274e-05 0.000345722 0.00741485 0.0439925 0.948189 
1.37758e-39 1.71735e-35 2.52808e-31 1.4454e-26 6.03677e-22 7.79287e-18 3.94006e-13 1.00216e-08 0.000283608 0.999716 
1.69325e-07 2.1826e-06 3.11044e-06 0.000159024 0.0090114 0.123088 0.600729 0.0918566 0.0844034 0.0907468 
1.13986e-08 2.51496e-08 2.56996e-07 2.35676e-06 4.21246e-05 0.00052065 0.00199346 0.0270511 0.482686 0.487704 
3.71042e-08 1.13541e-07 8.37686e-07 7.0205e-06 0.000171175 0.00250024 0.0220051 0.802017 0.0925628 0.0807357 
8.37737e-07 9.75236e-07 7.42815e-06 7.09165e-05 0.0020945 0.0116078 0.0519086 0.118448 0.763632 0.0522287 
8.36495e-08 4.22888e-07 2.3752e-06 1.45836e-05 0.000354677 0.00163479 0.0118288 0.0566623 0.864711 0.0647911 
3.09974e-06 5.97172e-06 4.55326e-05 0.000624013 0.00599905 0.0206617 0.0654414 0.108066 0.77886 0.0202929 
0.000179166 8.37618e-05 0.000407842 0.0053236 0.0365026 0.104944 0.165579 0.659667 0.0230187 0.00429331 
9.56299e-16 1.70963e-14 1.87224e-13 1.87798e-11 2.91131e-09 3.32376e-08 1.27036e-06 5.80758e-05 0.00343928 0.996501 
6.03571e-05 4.42509e-05 0.000315493 0.00300416 0.0220847 0.0578831 0.102188 0.779104 0.0306959 0.00461969 
6.55257e-07 1.32568e-06 8.89308e-06 8.69197e-05 0.00220505 0.0124559 0.0480578 0.816048 0.0889172 0.0322184 
1.74134e-06 2.48694e-06 1.75271e-05 0.000219882 0.00353086 0.0176715 0.746301 0.135484 0.0755607 0.0212102 
7.79704e-08 2.91413e-07 1.65836e-06 1.21571e-05 0.000523809 0.00735421 0.312437 0.592696 0.0611532 0.0258218 
2.65005e-07 7.848e-07 5.83364e-06 6.67373e-05 0.00179544 0.0123158 0.0623391 0.795439 0.0904058 0.0376312 
1.88783e-10 2.95449e-10 2.91701e-09 3.00116e-08 7.31804e-07 1.55694e-05 4.67064e-05 0.00151056 0.47281 0.525616 
0.000111675 5.48885e-05 0.00036158 0.00402908 0.0273427 0.0930824 0.736298 0.10045 0.0309611 0.00730867 
0.000137568 6.91413e-05 0.000547053 0.00430265 0.0279672 0.0829967 0.124218 0.736308 0.0205612 0.00289228 
7.47316e-05 0.000137469 0.0015484 0.00702963 0.0339262 0.0849617 0.768738 0.077717 0.0225185 0.00334806 
9.90749e-05 0.00440306 0.0266785 0.113196 0.606193 0.171502 0.0588804 0.0152264 0.00313924 0.000682202 
2.60705e-09 4.43322e-09 4.43207e-08 4.53575e-07 8.67965e-06 0.000166514 0.000289807 0.00407429 0.911301 0.0841596 
8.1045e-05 0.00340054 0.0139684 0.127889 0.281296 0.499733 0.0679702 0.00523961 0.000390892 3.16307e-05 
1.10497e-07 5.45142e-07 3.0587e-06 2.0539e-05 0.0007133 0.00473536 0.0391875 0.108406 0.116747 0.730187 
7.85888e-06 3.46452e-06 1.87958e-05 0.000194326 0.00430921 0.0209283 0.755634 0.132467 0.0683157 0.0181211 
0.000328087 0.0135655 0.062918 0.244044 0.292061 0.315996 0.0633604 0.00682463 0.000827404 7.4635e-05 
1.23994e-08 2.95884e-08 2.93084e-07 4.00183e-06 0.000252686 0.00103863 0.00537032 0.0361001 0.0798391 0.877395 
4.08016e-09 9.47243e-09 9.6819e-08 9.14997e-07 1.69067e-05 0.000210561 0.000890818 0.010856 0.894975 0.0930498 
7.8999e-08 4.1779e-07 2.33633e-06 1.32346e-05 0.000169807 0.00118556 0.00841616 0.034604 0.0923235 0.863285 
1.24481e-08 2.67141e-08 2.72669e-07 2.51002e-06 4.34602e-05 0.000538455 0.00146024 0.0185954 0.870977 0.108383 
3.5546e-08 1.03354e-07 7.29781e-07 6.54131e-06 0.000222912 0.0013022 0.0085181 0.0579057 0.829335 0.102708 
0.000144358 4.32029e-05 0.000187896 0.00224069 0.0191679 0.0570287 0.0972455 0.789543 0.0303317 0.0040674 
1.27419e-06 1.74551e-06 1.34471e-05 0.000328483 0.00484859 0.0273392 0.0864276 0.781807 0.0766081 0.0226242 
2.45789e-08 4.4403e-07 2.57428e-06 1.42582e-05 0.000274024 0.000958408 0.00269028 0.0246029 0.07534 0.896117 
3.64475e-13 9.67646e-12 7.65275e-11 3.45934e-09 4.0662e-07 2.77033e-06 8.4028e-05 0.00159824 0.00736754 0.990947 
3.38425e-09 7.90688e-09 8.10099e-08 7.50163e-07 1.30669e-05 0.000179114 0.000518311 0.00491913 0.0138333 0.980536 
3.87936e-08 1.32554e-07 8.22988e-07 6.62397e-06 0.000227534 0.00128245 0.00855094 0.0528135 0.097671 0.839447 
0.000164667 0.00640235 0.175335 0.248092 0.245823 0.256451 0.0561129 0.0107552 0.000799099 6.52437e-05 
0.000211923 5.68924e-05 0.000323443 0.00594128 0.0563195 0.649805 0.154848 0.0945971 0.0306104 0.00728663 
4.06284e-08 8.15413e-08 5.66219e-07 6.07974e-06 0.000295409 0.00155483 0.0097357 0.0629307 0.85312 0.0723564 
5.24396e-06 2.05474e-05 0.000128283 0.00180788 0.0103334 0.0308969 0.0864387 0.789465 0.0657874 0.0151162 
