7450
2.45966e-10 1.83928e-08 3.2026e-07 1.58904e-06 1.18763e-05 0.000114471 8.96885e-05 0.00133007 0.497579 0.500873 
4.06095e-08 1.35624e-06 4.03554e-05 0.000206313 0.00168998 0.00858352 0.0243244 0.833781 0.0755126 0.0558607 
2.10198e-09 1.32055e-07 1.55208e-06 1.42998e-05 0.000732649 0.0022909 0.00848385 0.670388 0.265865 0.0522237 
7.3678e-09 4.53159e-07 4.17821e-06 5.39274e-05 0.00144036 0.00485731 0.0184438 0.0491124 0.0757048 0.850383 
5.60758e-07 2.91797e-05 0.000308336 0.00298368 0.0186444 0.723557 0.099044 0.09702 0.0468884 0.0115246 
0.000631605 0.0102912 0.0580256 0.132779 0.686959 0.0855055 0.0210322 0.00383489 0.000867587 7.26503e-05 
0.000168738 0.00937287 0.0310746 0.0941501 0.166902 0.622292 0.0592942 0.0137667 0.00258829 0.000390598 
5.86635e-06 0.000199651 0.00443823 0.00968332 0.0402198 0.721448 0.122397 0.0713944 0.026073 0.00414069 
1.31065e-08 8.43012e-07 6.60918e-06 0.000108831 0.00181744 0.00519412 0.0191643 0.0563518 0.0953684 0.821988 
2.55284e-08 1.38575e-06 2.33797e-05 0.000192074 0.00451083 0.0243881 0.0654142 0.827424 0.054931 0.0231154 
1.37551e-06 1.84779e-05 0.000295889 0.00120294 0.00777551 0.0212233 0.0453536 0.0679781 0.818237 0.037914 
0.00195197 0.0460396 0.109795 0.215589 0.527348 0.0818071 0.0152199 0.00212721 0.000111278 1.15602e-05 
1.47184e-09 1.07625e-07 1.06679e-06 1.47031e-05 0.00025407 0.0014817 0.00433103 0.158512 0.534463 0.300943 
2.68173e-10 3.11959e-08 5.68044e-07 4.28497e-06 8.01497e-05 0.000706939 0.00143412 0.00985595 0.936591 0.0513266 
0.000110336 0.0045134 0.0283615 0.0870656 0.153663 0.143737 0.561199 0.0176349 0.00283636 0.000879499 
0.000116693 0.00549877 0.0429881 0.535179 0.253247 0.136563 0.0218179 0.00376183 0.000746264 8.13461e-05 
4.5674e-09 2.78592e-07 2.27413e-06 3.32442e-05 0.000706577 0.00234348 0.00822086 0.0288461 0.937018 0.0228292 
4.82691e-09 3.26282e-07 2.67684e-06 4.34374e-05 0.000559647 0.00170619 0.00540585 0.219222 0.631214 0.141845 
0.000123213 0.00653024 0.137424 0.59265 0.133833 0.0946527 0.0273353 0.00593325 0.00136352 0.000154312 
3.50738e-09 2.23879e-07 1.85654e-06 2.91128e-05 0.000529056 0.00270777 0.00777499 0.0247163 0.0546129 0.909628 
2.31682e-10 1.69623e-08 2.84272e-07 1.80311e-06 3.9114e-05 0.000628749 0.0101814 0.961979 0.0147448 0.0124251 
0.000121194 0.00454913 0.0260773 0.0642026 0.121463 0.125471 0.630733 0.0233016 0.00363048 0.000450093 
4.56472e-30 2.02867e-26 8.25224e-24 1.69767e-20 2.959e-18 6.26514e-16 4.21708e-11 3.56056e-07 2.26851e-05 0.999977 
2.40499e-13 4.78113e-11 9.25651e-10 7.36587e-09 1.57667e-07 3.70407e-07 8.18836e-07 9.66749e-06 4.35325e-05 0.999945 
1.37162e-15 3.28099e-13 4.15184e-12 5.30078e-11 8.51113e-09 4.14424e-08 3.90831e-07 6.67736e-05 0.000151247 0.999782 
8.37335e-11 1.56654e-08 3.00145e-07 2.53943e-06 5.59381e-05 0.000625036 0.000752786 0.00754622 0.0274112 0.963606 
1.17503e-06 4.08107e-05 0.000817401 0.00324638 0.018234 0.282689 0.648907 0.0317312 0.0120152 0.0023176 
1.18072e-08 8.37401e-07 7.3946e-06 0.000117476 0.00193394 0.00683902 0.0240089 0.071172 0.839238 0.0566829 
6.30755e-09 3.95062e-07 3.33389e-06 4.64901e-05 0.000712528 0.00315894 0.0188089 0.836126 0.0850847 0.0560584 
4.55164e-09 2.72681e-07 2.49055e-06 3.09035e-05 0.000941462 0.00372099 0.0161229 0.864447 0.0723234 0.0424104 
5.1898e-09 3.47572e-07 3.08439e-06 4.30805e-05 0.000536289 0.00221129 0.00515842 0.0190574 0.0480783 0.924912 
0.00166343 0.032308 0.08519 0.232957 0.541276 0.0828579 0.0208846 0.00262509 0.000210169 2.83547e-05 
3.72491e-19 2.20339e-16 2.93049e-14 1.70773e-12 2.83911e-10 6.08324e-09 8.23245e-07 4.31516e-05 0.00055717 0.999399 
4.62444e-06 0.000147458 0.00358454 0.0124451 0.565819 0.125414 0.137777 0.103914 0.0424663 0.00842731 
3.15168e-10 5.09525e-08 9.67866e-07 7.89194e-06 0.000214184 0.00133401 0.00365066 0.0285035 0.914554 0.0517342 
4.25362e-10 4.90991e-08 8.91725e-07 6.77025e-06 0.000127007 0.00106443 0.00203234 0.0143424 0.918864 0.0635619 
1.40282e-39 5.22813e-35 2.75464e-31 1.27929e-26 1.47226e-22 6.52107e-20 3.48059e-15 1.61097e-10 5.23774e-05 0.999948 
1.26798e-12 2.2536e-10 4.23532e-09 3.5643e-08 7.93701e-07 7.60809e-06 2.94418e-05 0.000350337 0.0299193 0.969692 
4.30263e-10 3.4021e-08 5.8532e-07 3.57067e-06 4.493e-05 0.000585203 0.00136686 0.00774534 0.333258 0.656996 
2.2152e-05 0.0010241 0.00971456 0.167144 0.121391 0.19581 0.479037 0.0187119 0.00637836 0.000767746 
4.14575e-08 1.72142e-06 3.13205e-05 0.000233248 0.00249641 0.0082452 0.0240922 0.0527342 0.0722988 0.839867 
1.24258e-09 1.0152e-07 1.53582e-06 1.24321e-05 0.000154587 0.0013521 0.00270821 0.0132999 0.906917 0.0755536 
1.87445e-10 3.28581e-08 6.27888e-07 5.10172e-06 0.000107344 0.000707473 0.00117344 0.00968784 0.0332243 0.955094 
5.23481e-06 0.000146353 0.00325151 0.0062957 0.0227637 0.0430171 0.102455 0.699639 0.113474 0.00895218 
4.51819e-06 0.000166628 0.00369168 0.0075961 0.028476 0.070167 0.755712 0.0888275 0.0382082 0.00714998 
9.82898e-29 4.89436e-25 2.86822e-22 1.53724e-18 1.40171e-16 3.92719e-14 2.34363e-10 3.80407e-08 4.63202e-05 0.999954 
3.99984e-06 0.000130834 0.00269085 0.00739116 0.0343977 0.0779833 0.112405 0.733622 0.0261006 0.00527462 
0.000856317 0.183431 0.461776 0.109857 0.125789 0.0855217 0.0237876 0.00728798 0.00157193 0.000121176 
9.52008e-26 2.44739e-22 8.38488e-20 2.18673e-16 2.35102e-14 3.95317e-12 1.34102e-08 1.82044e-05 0.000930244 0.999052 
1.20136e-08 7.26431e-07 1.09991e-05 7.21576e-05 0.00274097 0.0105352 0.037828 0.831253 0.0793414 0.0382178 
2.07786e-10 3.57064e-08 6.77301e-07 5.82508e-06 0.00017511 0.0010004 0.0030435 0.0207108 0.488945 0.486118 
1.54284e-17 7.62333e-15 4.55273e-13 4.04474e-11 3.66399e-09 3.93611e-08 2.66032e-06 6.77795e-05 0.00128828 0.998641 
6.31505e-06 0.000209629 0.00435439 0.00877535 0.0230369 0.0389233 0.0600755 0.0623507 0.793044 0.00922387 
3.242e-19 2.19085e-16 2.51815e-14 1.84407e-12 3.22052e-10 9.29833e-09 1.66509e-06 0.000147198 0.00231251 0.997539 
2.73489e-06 0.000118315 0.00310472 0.00430478 0.00751336 0.0266414 0.0560445 0.822454 0.0599207 0.0198954 
1.81893e-08 1.00647e-06 1.29827e-05 0.000172202 0.00313242 0.0165797 0.0543792 0.835795 0.0627709 0.0271562 
4.94648e-09 3.23629e-07 2.77263e-06 3.7946e-05 0.000598167 0.00230828 0.0138822 0.0503183 0.883518 0.049334 
6.38133e-09 4.62196e-07 3.99602e-06 7.5988e-05 0.00143462 0.066967 0.0136284 0.0260678 0.243415 0.648407 
3.16791e-12 3.28459e-10 5.22497e-09 6.06247e-08 1.72169e-06 5.57579e-05 0.000205835 0.00283103 0.985166 0.0117398 
6.67462e-27 1.11362e-23 2.78009e-21 5.50403e-18 1.20916e-15 9.69266e-14 1.96646e-10 1.6708e-08 8.93089e-06 0.999991 
6.75397e-19 3.59793e-16 2.99318e-14 2.21184e-12 4.75219e-10 3.62216e-09 2.23056e-07 2.56925e-05 0.000618224 0.999356 
6.96113e-10 6.39473e-08 1.14018e-06 7.29328e-06 0.000106741 0.00078665 0.00129299 0.00986379 0.0302161 0.957725 
6.16674e-06 0.000179186 0.0036076 0.00928764 0.0373011 0.0870709 0.732019 0.0929296 0.0311861 0.00641233 
5.76136e-08 2.08887e-06 6.02108e-05 0.000339328 0.00142421 0.00793921 0.0197733 0.0522555 0.876082 0.0421239 
1.80947e-06 0.000137349 0.00351007 0.00905476 0.0379514 0.0893472 0.750275 0.0725213 0.0294064 0.00779456 
2.48954e-13 2.77372e-11 4.2606e-10 4.08028e-09 1.35024e-07 1.33475e-06 4.40599e-05 0.000339442 0.00418526 0.99543 
9.21902e-09 5.37692e-07 7.09621e-06 7.66503e-05 0.0010704 0.00361949 0.0150733 0.442356 0.513001 0.0247955 
2.30119e-10 3.43032e-08 6.19898e-07 5.11816e-06 0.000111206 0.000770637 0.00258995 0.013921 0.0277602 0.954841 
9.72117e-09 5.95842e-07 5.16523e-06 6.91286e-05 0.00122457 0.0047923 0.0170478 0.0536494 0.864079 0.0591324 
3.74383e-05 0.00165008 0.0174312 0.0418731 0.693487 0.144611 0.0722796 0.023674 0.00367998 0.00127669 
2.72612e-07 1.54166e-05 0.000317376 0.00517659 0.688578 0.0903529 0.0896827 0.0718474 0.0412393 0.0127905 
4.49255e-06 0.000128358 0.00226274 0.00722107 0.0333088 0.0869921 0.77761 0.0662079 0.0226314 0.00363274 
9.27818e-08 4.47822e-06 8.53507e-05 0.000874727 0.00883671 0.0396318 0.777036 0.0974971 0.0571805 0.0188535 
5.75976e-10 5.16705e-08 9.07067e-07 6.08973e-06 9.26906e-05 0.000971076 0.00211786 0.0130642 0.92638 0.0573667 
5.4507e-06 0.000159719 0.00389992 0.006217 0.0172308 0.0562886 0.761731 0.0929643 0.0497633 0.0117403 
4.06017e-10 6.08952e-08 9.65714e-07 7.93205e-06 0.000294358 0.00197468 0.00830684 0.0263178 0.925869 0.0372284 
2.46956e-11 4.74741e-09 9.13549e-08 7.61412e-07 1.75121e-05 0.000181232 0.00030826 0.0056986 0.0236644 0.970129 
1.98209e-09 1.20174e-07 1.22149e-06 1.01467e-05 0.000442026 0.0024344 0.017658 0.474248 0.216093 0.289113 
3.31182e-08 1.75314e-06 3.04542e-05 0.000252653 0.00371031 0.0124159 0.047653 0.845674 0.0649935 0.0252685 
5.16955e-28 2.52191e-24 1.45805e-21 7.93964e-18 2.9455e-16 1.58937e-13 9.93238e-10 8.64305e-07 4.81023e-05 0.999951 
1.50187e-16 7.49112e-14 4.50617e-12 4.01388e-10 3.76405e-08 4.1595e-07 3.54538e-05 0.000414981 0.0045718 0.994977 
1.43574e-10 2.03653e-08 3.80004e-07 3.34309e-06 0.00010432 0.00080907 0.00292808 0.0154472 0.0329746 0.947733 
6.05124e-10 5.6832e-08 1.01206e-06 6.64336e-06 0.000103659 0.000961845 0.00172006 0.0104928 0.926261 0.060453 
7.04626e-08 2.58621e-06 8.06858e-05 0.000445489 0.00188814 0.00823074 0.0149646 0.0369777 0.890601 0.0468089 
0.00199916 0.0424528 0.11094 0.682411 0.102597 0.0446288 0.0125508 0.0022894 0.00011816 1.33887e-05 
6.15301e-10 4.85033e-08 8.37926e-07 5.00912e-06 6.09406e-05 0.000740111 0.00151396 0.00748455 0.023884 0.966311 
2.9378e-30 1.74083e-26 2.6246e-23 3.04735e-19 7.33433e-18 5.58754e-15 3.64119e-11 3.30696e-07 9.78408e-05 0.999902 
2.14396e-11 4.19177e-09 8.09294e-08 6.56667e-07 1.4003e-05 7.18088e-05 3.5248e-05 0.000325005 0.00361421 0.995939 
2.99323e-10 2.02352e-08 3.35684e-07 1.85859e-06 1.56606e-05 0.000293841 0.000848531 0.00254378 0.00504606 0.99125 
0.000106796 0.00422813 0.0130986 0.213916 0.132009 0.588161 0.0438634 0.00377247 0.000667846 0.000176404 
3.32692e-14 6.42094e-12 1.27465e-10 1.26221e-09 6.25503e-08 4.71781e-07 2.06459e-05 0.000619501 0.00683558 0.992524 
4.77709e-10 4.054e-08 7.11914e-07 4.36289e-06 5.63873e-05 0.000387784 0.00076887 0.0031565 0.00712108 0.988504 
5.57848e-06 0.000205448 0.0052418 0.00862524 0.0255434 0.0747978 0.5922 0.237188 0.0470431 0.00914971 
7.25544e-07 3.83896e-05 0.000944046 0.00449452 0.0836009 0.808582 0.0532171 0.0337238 0.0123966 0.00300159 
6.12645e-07 3.8858e-05 0.00126815 0.0033346 0.019087 0.0514088 0.827309 0.0667792 0.0248029 0.00597095 
8.62348e-10 5.05488e-08 5.54077e-07 3.45758e-06 0.00013114 0.00104476 0.290771 0.162959 0.161575 0.383515 
2.8615e-05 0.00128603 0.00747218 0.0259901 0.0922669 0.4068 0.383778 0.07531 0.0056604 0.00140818 
3.83147e-08 1.53488e-06 4.17475e-05 0.00025591 0.00177718 0.00699158 0.0169121 0.0446109 0.661778 0.267631 
0.00148467 0.044736 0.530315 0.338718 0.0563648 0.0214667 0.0060102 0.000835199 6.13118e-05 7.8942e-06 
2.81675e-10 3.76408e-08 7.01846e-07 5.28534e-06 0.000101012 0.000628377 0.000851376 0.007675 0.940998 0.0497401 
3.25942e-10 3.42418e-08 6.13085e-07 4.59833e-06 8.42767e-05 0.000907417 0.00181088 0.0105785 0.0344283 0.952185 
1.85456e-10 1.69245e-08 2.9447e-07 2.14183e-06 3.4739e-05 0.000307545 0.000915822 0.00699733 0.957705 0.0340372 
1.75193e-08 9.1561e-07 1.63391e-05 9.04494e-05 0.00315058 0.01369 0.0482687 0.0752118 0.840266 0.0193056 
1.2165e-07 5.25596e-06 9.77248e-05 0.000685487 0.00715439 0.0266999 0.444781 0.0768402 0.429513 0.014223 
2.64278e-06 7.38298e-05 0.00131367 0.00521662 0.0279083 0.0654623 0.103718 0.755023 0.0343102 0.00697167 
4.07803e-10 3.05255e-08 5.18295e-07 3.10645e-06 3.40446e-05 0.000450462 0.00132516 0.00627073 0.0160509 0.975865 
9.65346e-10 9.22931e-08 1.64745e-06 1.10235e-05 0.000173145 0.00129674 0.00288736 0.01448 0.038192 0.942958 
3.84531e-06 9.75543e-05 0.00217418 0.00398892 0.0151693 0.0434394 0.769255 0.0993711 0.0539524 0.0125481 
1.08553e-05 0.000319695 0.00704514 0.0157204 0.063822 0.122897 0.695425 0.0679341 0.022832 0.00399423 
1.51336e-07 3.39175e-06 6.87546e-05 0.000375661 0.0278041 0.0641916 0.124842 0.65339 0.109865 0.0194592 
4.75901e-06 0.000144725 0.00303978 0.00976593 0.0486905 0.721353 0.10848 0.0731983 0.0297322 0.00559144 
5.66389e-07 2.46568e-05 0.000625745 0.00119708 0.00511839 0.021513 0.575557 0.198611 0.181075 0.0162783 
3.98711e-10 4.70253e-08 8.69648e-07 6.07162e-06 0.000108311 0.000698025 0.000939228 0.00914862 0.940569 0.0485296 
1.88619e-08 1.16117e-06 1.52583e-05 0.000146614 0.00326614 0.012233 0.0490795 0.828257 0.0744487 0.0325523 
1.17129e-08 7.76999e-07 6.24846e-06 0.000104673 0.00171997 0.00454724 0.016292 0.039332 0.0601035 0.877894 
1.20352e-10 1.31688e-08 2.3718e-07 1.935e-06 7.22757e-05 0.000528081 0.200464 0.132061 0.198125 0.468747 
3.08772e-06 9.34774e-05 0.00228675 0.00422384 0.648027 0.0708309 0.0971464 0.0952474 0.0625729 0.0195684 
5.10644e-10 5.56044e-08 9.98061e-07 7.66613e-06 0.000232103 0.00184829 0.00694801 0.864485 0.0699262 0.0565521 
8.31309e-10 7.24158e-08 1.27164e-06 8.53859e-06 0.000198278 0.00163723 0.00456337 0.0270563 0.904083 0.0624521 
2.17695e-17 1.18469e-14 8.96344e-13 7.07606e-11 1.05395e-08 1.27176e-07 1.27512e-05 0.000332039 0.00427408 0.995381 
4.06541e-11 5.41179e-09 9.65571e-08 8.69291e-07 2.0719e-05 0.00016438 0.000705405 0.00678097 0.024056 0.968272 
9.55817e-10 8.79983e-08 1.5537e-06 1.04916e-05 0.000174832 0.00161688 0.00350589 0.0206048 0.894409 0.0796765 
3.83455e-05 0.00117588 0.0100256 0.0281909 0.0669449 0.110769 0.686553 0.0604398 0.0297742 0.00608895 
1.49396e-10 1.38784e-08 2.48481e-07 1.56229e-06 2.26754e-05 0.000150824 0.000246859 0.0135931 0.353677 0.632308 
3.54395e-29 2.19589e-25 3.16303e-22 3.5958e-18 9.6988e-17 6.7366e-14 1.65561e-09 1.38792e-05 0.000672114 0.999314 
1.17905e-10 2.2888e-08 4.41042e-07 3.58412e-06 7.73371e-05 0.000414505 0.000714133 0.00719403 0.0219577 0.969638 
8.4849e-06 0.000242347 0.00502842 0.0113205 0.0414594 0.696756 0.133343 0.0771343 0.0290118 0.00569547 
3.04978e-10 2.4651e-08 4.37344e-07 2.39453e-06 3.27397e-05 0.000334798 0.00272188 0.376144 0.352192 0.268572 
0.00161616 0.415262 0.0572732 0.20585 0.143191 0.0952161 0.06775 0.0108903 0.00234007 0.00061096 
6.24643e-07 2.9855e-05 0.000803345 0.00172684 0.00344697 0.0104862 0.022075 0.0621433 0.221424 0.677864 
9.42815e-06 0.00038535 0.00900729 0.37136 0.420679 0.108928 0.0629256 0.0217909 0.00396348 0.000951051 
2.67064e-08 9.27342e-07 1.29877e-05 9.92712e-05 0.00137827 0.00474049 0.0144017 0.0351728 0.892747 0.0514461 
2.27313e-07 9.59067e-06 0.000225056 0.001415 0.0112013 0.0502406 0.749799 0.105516 0.0620781 0.0195149 
1.33105e-05 0.000965425 0.00838182 0.0201302 0.0574798 0.10574 0.727975 0.051649 0.0242089 0.00345649 
8.46401e-10 7.60108e-08 1.34504e-06 8.80301e-06 0.00013027 0.00146514 0.00289125 0.0151353 0.913128 0.0672403 
2.15353e-06 6.89517e-05 0.00105477 0.00840366 0.0465909 0.715632 0.108126 0.0787302 0.0339152 0.0074767 
2.86265e-08 1.77902e-06 2.70563e-05 0.00024341 0.00353248 0.0152544 0.0536575 0.839102 0.0578054 0.0303754 
3.07617e-12 1.69504e-10 2.04054e-09 2.59563e-08 3.87509e-07 1.78904e-06 4.88459e-05 0.000403953 0.00237534 0.99717 
6.08317e-06 0.000236233 0.00651004 0.0191326 0.69798 0.122799 0.0873215 0.0454648 0.0172371 0.00331302 
0.000427087 0.0146403 0.0436016 0.165483 0.460597 0.293335 0.0181449 0.00345304 0.000288625 3.01971e-05 
1.32991e-12 9.20775e-11 1.08894e-09 1.40741e-08 4.71859e-07 2.46641e-06 8.67559e-05 0.00128467 0.0114301 0.987196 
9.56024e-11 1.84787e-08 3.57463e-07 3.03213e-06 9.6928e-05 0.000533409 0.00225278 0.463825 0.494414 0.0388748 
6.16439e-06 0.000205277 0.00474188 0.0080639 0.0183002 0.036936 0.0697228 0.815927 0.0380545 0.00804226 
0.000615062 0.0219602 0.0628772 0.140264 0.64758 0.0991658 0.0229505 0.00412211 0.000415014 5.07492e-05 
2.45844e-10 2.48921e-08 4.46517e-07 3.1235e-06 5.29709e-05 0.000497549 0.000992787 0.00690354 0.313789 0.677761 
0.0139378 0.0708127 0.552446 0.163258 0.125157 0.0567913 0.0150148 0.00236886 0.000190638 2.2015e-05 
1.3835e-10 2.38972e-08 4.59212e-07 4.17293e-06 0.000177801 0.0011445 0.00334725 0.0229624 0.0501528 0.922211 
1.33338e-09 9.73784e-08 1.4437e-06 1.12815e-05 0.000289689 0.00182844 0.00419185 0.0165015 0.04422 0.932956 
3.79608e-09 2.48634e-07 2.58813e-06 2.67331e-05 0.000388414 0.00206171 0.00597047 0.025003 0.0556847 0.910862 
6.89379e-07 9.27398e-06 0.000192521 0.000700697 0.00464125 0.0194323 0.798685 0.0803225 0.0726014 0.0234146 
1.23312e-08 7.96409e-07 6.48499e-06 0.000102625 0.00172251 0.00558194 0.0183328 0.0473858 0.0830081 0.843859 
9.25074e-33 4.76057e-29 7.45746e-26 3.8322e-22 6.25798e-18 1.14797e-15 1.00402e-09 9.0687e-06 0.000380081 0.999611 
4.248e-24 4.92668e-21 6.68829e-19 1.77432e-16 7.06646e-14 1.78648e-12 4.68943e-09 2.04878e-05 0.00124856 0.998731 
1.32998e-08 8.6124e-07 6.67081e-06 0.000110505 0.00181932 0.00468641 0.0187075 0.0536695 0.0786491 0.84235 
1.32852e-05 0.000433403 0.00993278 0.0245711 0.0845787 0.156233 0.609447 0.0827161 0.0265094 0.00556482 
6.98501e-11 1.3527e-08 2.60745e-07 2.14338e-06 4.66798e-05 0.00033996 0.000319634 0.00477963 0.017677 0.976835 
7.97914e-12 1.51068e-09 2.89606e-08 2.41027e-07 5.92414e-06 3.89172e-05 0.000198381 0.00263637 0.0104753 0.986645 
1.00531e-08 6.79162e-07 5.39069e-06 9.18966e-05 0.00141237 0.00358145 0.0139911 0.038432 0.899614 0.0428713 
5.25689e-10 4.87103e-08 8.64133e-07 5.75681e-06 8.86272e-05 0.000843207 0.00153256 0.00991115 0.0483138 0.939304 
1.3003e-08 1.01087e-06 1.02086e-05 0.000154963 0.00335849 0.0201281 0.815912 0.0751604 0.0561026 0.0291726 
1.35532e-05 0.000299803 0.00678469 0.0147521 0.0491263 0.094547 0.729153 0.0764341 0.0246234 0.00426616 
4.76462e-08 1.77313e-06 3.94058e-05 0.000222889 0.00522515 0.0315389 0.810574 0.08311 0.0508989 0.0183886 
2.32981e-08 9.91997e-07 2.47948e-05 0.000161245 0.00140374 0.00708982 0.0277658 0.469855 0.0493164 0.444382 
9.54643e-08 3.32621e-06 0.000102384 0.000521098 0.00478567 0.0294164 0.751736 0.111398 0.0762701 0.0257668 
1.59213e-08 9.17602e-07 8.08633e-06 0.000114639 0.0019802 0.00612733 0.0199689 0.0480615 0.0718431 0.851895 
3.20275e-09 2.48675e-07 2.65621e-06 3.49333e-05 0.000512132 0.00222789 0.00709696 0.0345894 0.870744 0.0847915 
1.67374e-08 9.89886e-07 1.05852e-05 0.000131507 0.00199761 0.0057069 0.0184807 0.0478611 0.0726892 0.853121 
1.06364e-08 8.5714e-07 1.28418e-05 0.000194788 0.00232666 0.339618 0.419733 0.190593 0.028329 0.0191913 
1.26066e-08 8.467e-07 7.08652e-06 0.00011376 0.00185274 0.00792908 0.0335155 0.823667 0.078508 0.0544064 
2.20902e-10 1.91813e-08 3.36148e-07 2.15617e-06 3.0104e-05 0.00030004 0.000602295 0.00228982 0.00521136 0.991564 
1.70319e-08 1.15784e-06 1.17282e-05 0.000141657 0.00222412 0.00951227 0.0331425 0.0656838 0.858034 0.031249 
0.000634257 0.0181389 0.0576041 0.159138 0.602884 0.121913 0.0331159 0.0057324 0.000749131 8.9685e-05 
1.98922e-07 1.37468e-05 8.44812e-05 0.00117247 0.0134445 0.040201 0.0936393 0.779763 0.0529115 0.0187699 
2.86426e-08 9.833e-07 2.70175e-05 0.000148497 0.00117649 0.00476378 0.016765 0.105424 0.840292 0.0314021 
4.26577e-10 2.95975e-08 4.99282e-07 2.5474e-06 1.81789e-05 0.000210879 0.000529542 0.00221847 0.0102965 0.986723 
7.8344e-09 4.83658e-07 3.78843e-06 5.49482e-05 0.000866671 0.00249154 0.0100689 0.0263172 0.0529284 0.907268 
1.35609e-06 5.76863e-05 0.00147896 0.00255023 0.00918701 0.0889846 0.670661 0.156109 0.0553988 0.0155711 
4.64427e-10 5.16805e-08 9.38646e-07 6.95583e-06 0.000141617 0.00115924 0.00335105 0.0183661 0.0489761 0.927998 
8.16652e-09 5.15124e-07 4.09567e-06 6.28622e-05 0.00165343 0.00778762 0.422579 0.4573 0.0742886 0.0363243 
1.11314e-06 3.24464e-05 0.000762267 0.00159816 0.00847433 0.0303265 0.0701956 0.830449 0.0464439 0.0117164 
0.00450767 0.0392222 0.0919058 0.647458 0.139267 0.0624729 0.0124645 0.00252895 0.000157561 1.52844e-05 
5.48536e-10 4.09643e-08 6.93445e-07 4.26583e-06 5.02954e-05 0.000737276 0.001835 0.00726936 0.0257971 0.964306 
7.37734e-08 2.46872e-06 6.96975e-05 0.000371665 0.00192883 0.00901263 0.022993 0.0590299 0.866045 0.0405467 
4.36226e-06 0.000193738 0.00541044 0.0113006 0.0448119 0.0897696 0.113576 0.691549 0.0346182 0.00876621 
2.0808e-11 3.61839e-09 6.93011e-08 5.46875e-07 1.15951e-05 5.83372e-05 0.000174957 0.00276636 0.0178325 0.979156 
0.00213195 0.0496342 0.100429 0.693277 0.0988441 0.0470526 0.00689776 0.00163406 8.88227e-05 1.01091e-05 
8.35454e-10 7.58069e-08 1.32063e-06 8.74499e-06 0.000140882 0.00128894 0.00284944 0.0171242 0.908872 0.0697141 
2.56868e-14 2.92576e-12 3.52227e-11 5.83226e-10 8.31151e-08 4.69186e-07 3.27675e-05 0.00052339 0.00386568 0.995578 
4.38296e-09 3.0337e-07 2.66015e-06 4.1554e-05 0.00063333 0.0021279 0.0073351 0.0221871 0.0416351 0.926037 
1.89223e-10 2.86822e-08 5.30744e-07 4.6121e-06 9.96809e-05 0.000911693 0.00223371 0.0154555 0.669938 0.311356 
8.40143e-23 9.6921e-20 1.18272e-17 3.05882e-15 1.10876e-12 3.35794e-11 6.3923e-08 6.25441e-05 0.0024198 0.997518 
0.000694157 0.0210282 0.0663552 0.140381 0.17845 0.556325 0.029432 0.00599263 0.00121081 0.000131242 
1.80442e-07 7.80238e-06 0.000138823 0.00131733 0.0133181 0.0592579 0.750392 0.0903589 0.0597932 0.025416 
0.138632 0.429622 0.147786 0.24485 0.0294643 0.00916019 0.000456573 2.63982e-05 1.92745e-06 1.5518e-07 
5.15843e-08 1.72102e-06 3.18656e-05 0.00020939 0.00280623 0.00913119 0.0320386 0.0646918 0.862847 0.0282425 
2.41227e-09 1.75788e-07 2.07347e-06 2.09337e-05 0.000359042 0.00182089 0.00516359 0.0267929 0.911733 0.0541078 
1.02384e-09 6.13718e-08 7.2104e-07 6.92678e-06 0.000294588 0.00135516 0.00416546 0.012248 0.0277862 0.954143 
1.81558e-09 1.39716e-07 1.96569e-06 1.73348e-05 0.000427906 0.00255869 0.00762099 0.833626 0.0803298 0.0754173 
2.56942e-06 8.26201e-05 0.00193622 0.00354714 0.012048 0.0293972 0.0608686 0.0725877 0.806014 0.0135164 
1.64423e-11 3.21592e-09 6.20736e-08 4.9969e-07 1.09474e-05 3.81233e-05 0.000108005 0.00173622 0.00785794 0.990248 
5.67584e-10 3.75974e-08 6.08678e-07 4.38564e-06 0.000175621 0.00126944 0.00914801 0.361011 0.434664 0.193727 
1.09409e-09 1.39575e-07 1.61046e-06 9.27051e-06 0.00037593 0.001223 0.00774575 0.0285351 0.0501968 0.911912 
3.67174e-10 5.13715e-08 9.58039e-07 7.6107e-06 0.000153045 0.0013408 0.00346214 0.0236939 0.911477 0.0598648 
1.64243e-09 1.05986e-07 1.14433e-06 1.25723e-05 0.000222396 0.00148883 0.00638334 0.0255271 0.800182 0.166183 
3.41463e-10 4.55293e-08 8.48083e-07 6.37212e-06 0.000123689 0.000785403 0.00106691 0.0096429 0.0325497 0.955824 
0.0185818 0.00592315 0.117892 0.172573 0.444681 0.215324 0.0198682 0.00445475 0.000640308 6.12215e-05 
5.25206e-10 5.08863e-08 8.95895e-07 6.60455e-06 0.000113069 0.00114428 0.00561749 0.88258 0.045494 0.0650435 
4.2828e-17 1.78468e-14 1.23772e-12 8.95569e-11 1.60397e-08 9.88421e-08 6.26263e-06 7.98151e-05 0.00270658 0.997207 
3.61811e-28 2.27002e-24 2.90523e-21 3.12144e-17 8.42948e-16 5.79136e-13 5.72925e-09 1.1857e-05 0.000869824 0.999118 
9.55112e-11 6.5952e-09 1.12448e-07 5.35138e-07 2.88101e-06 6.02994e-05 0.000128605 0.00170805 0.97557 0.0225294 
1.01056e-07 3.44991e-06 0.00010746 0.000530776 0.00391752 0.0181785 0.0538472 0.820948 0.0776897 0.0247775 
6.38639e-09 4.02188e-07 3.44012e-06 4.70162e-05 0.00117242 0.00484963 0.0263724 0.474298 0.47262 0.0206365 
8.04358e-10 6.98837e-08 1.22171e-06 8.03992e-06 0.000117851 0.00127885 0.00265718 0.0139354 0.0431414 0.93886 
3.22737e-08 1.2773e-06 1.82004e-05 0.000133919 0.00201203 0.00960761 0.0345261 0.850474 0.0747256 0.0285014 
1.2688e-08 8.42345e-07 7.23061e-06 0.000111275 0.00176542 0.00634426 0.0284575 0.826629 0.0823857 0.0542986 
5.65035e-08 1.86471e-06 4.53267e-05 0.000217209 0.00280626 0.0118071 0.0342145 0.068409 0.85533 0.0271686 
1.52605e-29 8.82821e-26 1.3631e-22 1.5975e-18 5.13e-17 3.17063e-14 2.30396e-09 2.08207e-05 0.000697624 0.999282 
3.39512e-08 1.48052e-06 2.76867e-05 0.000163477 0.00383645 0.0148337 0.0504165 0.0846471 0.817243 0.028831 
1.31166e-07 5.89877e-06 8.5582e-05 0.00095875 0.011019 0.0392902 0.0797793 0.799729 0.04978 0.0193521 
1.7412e-05 0.000695972 0.0113201 0.0308997 0.0931134 0.689438 0.106694 0.0474189 0.0178602 0.00254197 
5.0623e-10 4.75474e-08 7.99024e-07 6.30832e-06 0.000234417 0.001632 0.0130079 0.869539 0.0696135 0.0459666 
1.20349e-09 9.80482e-08 1.48633e-06 1.03988e-05 0.000300131 0.0013833 0.00202803 0.012488 0.0370583 0.94673 
5.12119e-15 1.31745e-12 2.3992e-11 1.0349e-09 1.96258e-07 1.04165e-06 4.99086e-05 0.00128846 0.011287 0.987373 
2.63819e-08 1.08607e-06 2.82642e-05 0.00016361 0.00160363 0.00711083 0.239169 0.71439 0.0284582 0.00907495 
3.939e-10 4.59037e-08 8.24821e-07 6.50149e-06 0.000132479 0.00126541 0.00224418 0.0128389 0.034028 0.949484 
0.0107383 0.113574 0.086316 0.332637 0.135298 0.285533 0.033032 0.00237123 0.000399983 9.96859e-05 
7.73234e-08 2.77379e-06 8.11372e-05 0.00125278 0.0131235 0.736395 0.080053 0.09081 0.0592445 0.0190367 
1.61335e-05 0.000354197 0.00716567 0.019134 0.0643779 0.11864 0.713013 0.0558159 0.0190095 0.00247385 
1.16007e-10 2.24389e-08 4.32485e-07 3.54641e-06 7.59035e-05 0.000532669 0.000463032 0.00447649 0.0169021 0.977546 
4.17841e-10 3.91809e-08 6.8771e-07 5.00292e-06 8.19838e-05 0.000875009 0.00250596 0.0161617 0.0483016 0.932068 
0.000577771 0.0124242 0.0534372 0.119518 0.688502 0.0990427 0.0238441 0.00230769 0.000313686 3.22034e-05 
2.3601e-13 1.69082e-11 2.53612e-10 4.04452e-09 3.51285e-07 2.59845e-06 7.46145e-05 0.00174686 0.00845674 0.989719 
1.31477e-07 3.44279e-06 8.98887e-05 0.00047806 0.00537128 0.0286379 0.822322 0.0838074 0.0473317 0.0119577 
2.02669e-10 3.40359e-08 6.44753e-07 5.25677e-06 0.000111362 0.000927527 0.00150647 0.0112602 0.0358134 0.950375 
1.17032e-09 9.92153e-08 1.41503e-06 1.29661e-05 0.000173428 0.00118451 0.00212941 0.0116122 0.030214 0.954672 
1.14071e-05 0.000274711 0.004563 0.0110071 0.0326077 0.0705556 0.796654 0.0622669 0.0193312 0.00272808 
2.40889e-08 1.16542e-06 3.30969e-05 0.000210194 0.00116783 0.00562255 0.0149829 0.0413146 0.0638533 0.872814 
1.45198e-06 5.97685e-05 0.00123231 0.0371312 0.0495207 0.0386422 0.699642 0.0954601 0.0758001 0.0025105 
1.55765e-11 3.03751e-09 5.85805e-08 4.76919e-07 1.08319e-05 5.42011e-05 0.00019985 0.0039237 0.0187824 0.977028 
0 0 0 0 0 0 0 0 1.68269e-05 0.999983 
9.14769e-10 8.07109e-08 2.80516e-06 9.07119e-05 0.00920322 0.136933 0.680814 0.0818764 0.0516617 0.0394177 
1.18933e-09 8.84691e-08 1.23714e-06 1.00046e-05 0.000296228 0.00154241 0.00379666 0.0185772 0.483717 0.49206 
1.20447e-06 5.7052e-05 0.00155126 0.00238245 0.00568584 0.021333 0.063496 0.102066 0.769317 0.0341111 
1.46056e-07 6.60176e-06 0.000141166 0.000836758 0.00567204 0.0221685 0.0638517 0.0950855 0.786086 0.0261519 
8.54662e-11 5.89268e-09 1.00377e-07 4.6886e-07 2.02236e-06 3.03438e-05 2.64461e-05 0.000218146 0.00174044 0.997982 
3.81843e-08 1.57228e-06 2.79173e-05 0.00019905 0.00264213 0.0099548 0.0305729 0.455135 0.461397 0.0400695 
7.60423e-07 1.41876e-05 0.000265902 0.0013117 0.00807473 0.0269538 0.779737 0.103858 0.0621835 0.0176008 
1.79418e-10 1.23052e-08 2.06838e-07 1.03186e-06 6.71358e-06 7.81603e-05 0.000273493 0.0022542 0.869149 0.128238 
5.28174e-07 3.30254e-05 0.000515093 0.00388061 0.0201794 0.06373 0.773638 0.0873568 0.0400484 0.010618 
1.2098e-05 0.000279193 0.00415485 0.0123485 0.038038 0.075899 0.0918358 0.761067 0.0136219 0.00274377 
8.81474e-06 0.000263255 0.0050967 0.0111262 0.0330508 0.0700329 0.799469 0.0579354 0.0192214 0.00379575 
4.29704e-05 0.00155629 0.010859 0.0716464 0.264965 0.523164 0.0893889 0.0251811 0.0115699 0.00162597 
1.20226e-08 7.52813e-07 5.98713e-06 9.2926e-05 0.00177933 0.00634321 0.0337126 0.0730976 0.0845464 0.800421 
5.48284e-05 0.00484615 0.0460217 0.129304 0.19129 0.330608 0.159355 0.13136 0.00593828 0.00122122 
5.52407e-11 1.04881e-08 2.00995e-07 1.65104e-06 3.61235e-05 0.000227494 0.000568798 0.00601487 0.952989 0.0401621 
1.08058e-08 6.44113e-07 6.73612e-06 8.02353e-05 0.00152792 0.00401287 0.0155125 0.0363202 0.0608059 0.881733 
8.44434e-10 6.84096e-08 1.15038e-06 8.70257e-06 0.000143758 0.00153922 0.00377536 0.0162637 0.912592 0.0656762 
2.29786e-08 1.1539e-06 2.21405e-05 0.000226205 0.00387031 0.0212943 0.068533 0.799018 0.0756191 0.031416 
8.92986e-15 1.53737e-12 2.68265e-11 1.01216e-09 2.26998e-07 1.31229e-06 4.94529e-05 0.00101045 0.00299979 0.995939 
4.49174e-09 3.25379e-07 3.06074e-06 4.62435e-05 0.000628 0.00311915 0.00839283 0.035101 0.0637787 0.888931 
0.000114795 0.00474487 0.183996 0.227718 0.244486 0.294594 0.0354068 0.00780585 0.00102899 0.000105326 
3.93121e-07 2.05722e-05 0.000388407 0.0037564 0.0321695 0.645781 0.122922 0.104015 0.061729 0.0292181 
5.75929e-06 0.000860559 0.0135715 0.633662 0.0710422 0.0985219 0.0942399 0.0613095 0.0225862 0.00420029 
1.84158e-10 2.64007e-08 4.96591e-07 3.77343e-06 7.5174e-05 0.00045448 0.00133674 0.013906 0.683574 0.300649 
4.16893e-08 1.59318e-06 3.11014e-05 0.000207775 0.00249378 0.00823082 0.0257141 0.0519131 0.870861 0.0405463 
1.66233e-05 0.000350528 0.00552782 0.0126362 0.0305487 0.0570018 0.740178 0.0990469 0.0439039 0.0107892 
1.00386e-16 4.92431e-14 3.0016e-12 2.62116e-10 2.67118e-08 2.41073e-07 1.90727e-05 0.000136491 0.0012756 0.998569 
5.67879e-07 1.78751e-05 0.000195732 0.00142088 0.0102058 0.0314061 0.0856079 0.784984 0.0666229 0.0195387 
2.32064e-08 9.21063e-07 2.18697e-05 0.00013277 0.00132663 0.00539918 0.484825 0.439815 0.0582849 0.0101933 
1.58864e-05 0.000676535 0.00900526 0.027771 0.084874 0.724344 0.0975986 0.0449301 0.00898346 0.00180078 
4.03139e-11 6.7338e-09 1.38634e-07 1.22468e-06 7.88238e-05 0.000465762 0.00400711 0.285918 0.300463 0.409067 
1.06358e-08 6.90256e-07 5.39212e-06 9.04665e-05 0.0013269 0.00426782 0.0182518 0.856717 0.0812439 0.0380964 
5.0322e-07 2.41007e-05 0.000565196 0.00190765 0.00969129 0.0312844 0.0690789 0.814013 0.0581993 0.015236 
5.22987e-09 3.72546e-07 3.49088e-06 4.98914e-05 0.000629068 0.00251252 0.00756243 0.0289486 0.307608 0.652685 
9.98527e-09 6.15027e-07 5.28787e-06 7.42733e-05 0.00171997 0.00840006 0.821324 0.0679254 0.067094 0.0334567 
1.29602e-05 0.000421943 0.00942646 0.0234684 0.0725926 0.716735 0.107604 0.0469253 0.0199738 0.00283982 
1.04264e-15 7.93991e-14 1.03019e-12 7.8995e-12 4.16379e-10 2.68569e-09 3.69761e-07 4.18593e-07 7.37001e-05 0.999926 
9.13253e-06 0.000276319 0.00524317 0.0131281 0.0411712 0.0800399 0.0980652 0.725938 0.0308515 0.00527785 
1.0456e-17 5.12094e-15 3.17971e-13 2.74699e-11 2.31324e-09 3.14184e-08 3.66018e-06 0.000279161 0.00335669 0.99636 
1.00826e-11 6.70371e-10 1.03508e-08 7.23233e-08 1.19442e-06 1.56076e-05 9.28077e-05 0.00109024 0.00800882 0.990791 
1.31592e-08 8.74889e-07 7.20469e-06 0.000109403 0.00236898 0.01066 0.0379569 0.836442 0.0751227 0.0373319 
2.38383e-10 2.13917e-08 3.77178e-07 2.48275e-06 3.7046e-05 0.000381266 0.000935354 0.00611056 0.638212 0.354321 
1.30885e-08 8.94084e-07 7.39589e-06 0.00011131 0.00204892 0.00734315 0.0348344 0.863426 0.0635874 0.0286404 
6.40942e-08 4.29663e-06 6.2174e-05 0.00102397 0.00742744 0.791513 0.0741697 0.063519 0.0427392 0.0195411 
1.64588e-07 8.42416e-06 0.000334501 0.00464366 0.0279132 0.78228 0.0679314 0.0669124 0.0385924 0.0113838 
4.60692e-08 1.83578e-06 4.72294e-05 0.000252715 0.00488988 0.0256044 0.821972 0.0816291 0.049062 0.0165405 
1.50751e-08 9.96316e-07 8.21544e-06 0.000127964 0.00226995 0.00852498 0.0330574 0.855009 0.067602 0.0333993 
5.43825e-09 3.57232e-07 3.11636e-06 4.60278e-05 0.000897747 0.00257086 0.00678046 0.0199171 0.0317603 0.938024 
9.18086e-28 4.38187e-24 3.03432e-21 2.13067e-17 7.16346e-16 4.19687e-13 3.09323e-09 1.05312e-05 0.000299905 0.99969 
1.34045e-07 7.68048e-06 9.14029e-05 0.000990491 0.10987 0.0452639 0.249626 0.255855 0.319914 0.0183806 
8.17183e-05 0.00456159 0.0211699 0.217241 0.488059 0.221777 0.0360724 0.00925567 0.00156209 0.00021904 
2.68295e-08 1.12482e-06 2.12895e-05 0.000344207 0.00471277 0.274644 0.292411 0.365147 0.0428473 0.0198713 
9.04978e-28 5.28382e-24 4.78692e-21 4.28602e-17 1.24983e-15 8.06996e-13 1.02366e-08 4.19523e-05 0.00148432 0.998474 
0.000415842 0.0133616 0.0343616 0.162842 0.673407 0.0872965 0.023381 0.00418439 0.000682063 6.85534e-05 
0.00173039 0.0464602 0.483771 0.19638 0.168931 0.0793595 0.020335 0.00277683 0.00022263 3.36856e-05 
6.36654e-10 6.40261e-08 1.16125e-06 7.57488e-06 0.000119409 0.000931699 0.00109682 0.00897519 0.0244748 0.964393 
1.28964e-06 3.70124e-05 0.000927531 0.00170859 0.00557646 0.0191447 0.0440579 0.0592545 0.0488697 0.820422 
1.22491e-06 3.17934e-05 0.000682997 0.00232037 0.182077 0.215184 0.543947 0.0355554 0.0162208 0.00397869 
2.24496e-09 1.50356e-07 1.34019e-06 1.85782e-05 0.000274323 0.0012791 0.00596269 0.336005 0.0358535 0.620605 
4.36799e-06 8.01269e-05 0.0011143 0.00595931 0.0334375 0.0746512 0.782636 0.0670574 0.0239111 0.0111489 
7.02607e-10 6.00254e-08 1.02284e-06 7.51405e-06 0.000137962 0.00119332 0.00372035 0.0202929 0.910203 0.0644436 
1.28059e-09 8.5089e-08 8.92727e-07 7.6161e-06 0.000185247 0.00112036 0.00559463 0.144685 0.784969 0.0634368 
0.000576666 0.0165254 0.0519315 0.280772 0.303794 0.322021 0.020626 0.00295661 0.00072492 7.21451e-05 
7.3302e-06 0.000276904 0.00727001 0.016218 0.0636536 0.705541 0.122995 0.0582647 0.0219012 0.00387237 
2.5193e-16 1.18198e-13 7.7464e-12 6.19026e-10 8.64801e-08 6.81379e-07 5.06429e-05 0.000710185 0.00782571 0.991413 
3.12113e-10 3.76649e-08 6.95655e-07 5.04612e-06 9.34706e-05 0.000780907 0.00124425 0.00775754 0.0234976 0.96662 
1.34374e-10 2.32098e-08 4.40295e-07 3.69128e-06 7.94859e-05 0.000554149 0.000864898 0.00607808 0.0200484 0.972371 
2.92345e-06 9.14812e-05 0.00200319 0.00422835 0.0148539 0.0407721 0.750353 0.111269 0.0611449 0.0152811 
5.39054e-10 4.66324e-08 8.1993e-07 5.142e-06 7.56003e-05 0.000580616 0.00122976 0.00503514 0.0109231 0.98215 
1.47084e-08 7.136e-07 1.64918e-05 0.000141116 0.00145081 0.0501478 0.132061 0.127299 0.672074 0.016809 
7.25052e-08 2.63101e-06 7.18601e-05 0.000514378 0.00401338 0.0205844 0.0637166 0.848183 0.0507906 0.0121227 
3.27123e-17 1.01727e-14 4.9827e-13 2.70631e-11 5.43548e-09 8.00383e-08 3.36923e-06 0.000684441 0.0035691 0.995743 
8.74788e-11 7.31068e-09 1.28805e-07 8.01462e-07 1.08775e-05 0.000323911 0.00191495 0.481102 0.494935 0.021712 
6.34199e-09 4.47325e-07 3.95146e-06 6.44827e-05 0.00097228 0.00267401 0.00813026 0.0288376 0.90345 0.0558667 
5.61233e-10 5.2154e-08 9.21107e-07 6.31188e-06 0.000100224 0.00101455 0.0019212 0.0103168 0.0284043 0.958236 
4.62108e-09 2.98995e-07 2.9455e-06 3.69638e-05 0.00075871 0.00263415 0.0110688 0.0455699 0.077025 0.862903 
3.5349e-15 9.32155e-13 2.12845e-11 1.0836e-09 2.18106e-07 1.34173e-06 9.0022e-05 0.00134992 0.00836886 0.99019 
6.78825e-10 5.24475e-08 8.67032e-07 6.62298e-06 0.000147479 0.0011762 0.00276279 0.0106918 0.0264417 0.958772 
4.42548e-05 0.00232596 0.0161069 0.039981 0.102359 0.736967 0.0744766 0.0234173 0.00343735 0.000884596 
4.89094e-06 0.000126455 0.00287266 0.00553864 0.0193276 0.0501919 0.103184 0.725797 0.0730322 0.0199239 
3.6407e-06 9.98314e-05 0.00246795 0.0933248 0.1823 0.523278 0.0826711 0.0692028 0.0372597 0.00939157 
1.12548e-08 7.45001e-07 6.21924e-06 9.90416e-05 0.00126193 0.00445967 0.0137493 0.0375112 0.893459 0.0494529 
7.83497e-05 0.002695 0.0476597 0.130087 0.344792 0.334434 0.110998 0.0203045 0.00786754 0.00108341 
9.40061e-20 4.11656e-17 7.7754e-15 4.01774e-13 1.90944e-11 3.11115e-09 1.25353e-06 0.000120956 0.00199628 0.997882 
1.54336e-09 1.26963e-07 1.98506e-06 1.52983e-05 0.000513905 0.00455507 0.0171563 0.831162 0.0726582 0.0739367 
3.36663e-07 9.44211e-06 0.000178907 0.000783865 0.00578482 0.0193201 0.817372 0.12259 0.0271478 0.00681326 
2.75345e-10 3.01294e-08 5.44095e-07 4.03995e-06 7.27473e-05 0.000613188 0.00116895 0.00725995 0.021515 0.969366 
9.32596e-09 6.09853e-07 5.15137e-06 7.82418e-05 0.0012944 0.00390131 0.0103502 0.0311405 0.0595478 0.893682 
1.69663e-29 9.43838e-26 1.18652e-22 1.26735e-18 3.43309e-17 2.37012e-14 2.16886e-10 3.81423e-07 0.000176027 0.999824 
2.22469e-05 0.000717697 0.00643372 0.0194821 0.0630941 0.111322 0.714429 0.0645845 0.0159516 0.00396306 
1.06553e-08 1.25676e-06 2.01939e-05 0.000177903 0.00584823 0.0468886 0.505939 0.392689 0.042516 0.00591989 
2.5405e-10 2.45606e-08 4.40961e-07 3.155e-06 0.000107397 0.00069944 0.00370535 0.332944 0.415926 0.246614 
1.6178e-06 5.88201e-05 0.000861115 0.00422722 0.0235442 0.0551819 0.0909247 0.0922002 0.72203 0.01097 
4.01305e-17 4.71355e-15 1.02708e-13 2.11025e-12 6.18462e-11 8.92677e-09 2.02478e-06 0.00023663 0.00303726 0.996724 
5.91902e-05 0.00261006 0.0199674 0.0593914 0.13045 0.665421 0.0861533 0.0298506 0.00476415 0.00133331 
4.90473e-10 3.60169e-08 6.3874e-07 4.913e-06 0.000448566 0.00451101 0.843954 0.0488847 0.0586154 0.0435807 
2.55939e-21 9.62358e-19 2.12955e-16 7.23502e-15 4.45939e-13 1.84848e-11 1.12378e-08 1.02452e-05 0.000339117 0.999651 
5.03079e-29 3.11512e-25 4.49242e-22 5.11032e-18 1.25816e-16 9.37888e-14 3.97279e-10 1.81384e-06 0.000532624 0.999466 
2.81315e-06 6.51062e-05 0.00128722 0.00314726 0.0148743 0.0514474 0.800199 0.0747655 0.0447443 0.00946707 
0.0169448 0.11361 0.209363 0.605279 0.0381905 0.0158463 0.000723601 4.00367e-05 2.72004e-06 2.25551e-07 
1.64268e-06 4.44414e-05 0.000844087 0.00222746 0.0088598 0.0222427 0.677118 0.261546 0.0230657 0.00405021 
7.22253e-10 6.88352e-08 1.22353e-06 8.31467e-06 0.000133474 0.00120199 0.00228957 0.0135016 0.0412022 0.941662 
4.02665e-05 0.00239996 0.0234052 0.596437 0.125053 0.129077 0.0701101 0.035443 0.0153266 0.00270836 
9.43856e-09 5.96934e-07 4.72559e-06 7.55793e-05 0.00136199 0.00418588 0.016211 0.0507449 0.88767 0.0397457 
2.10193e-09 1.33737e-07 1.09775e-06 1.75731e-05 0.000586328 0.0274126 0.557185 0.178576 0.198094 0.0381275 
7.03798e-11 4.56214e-09 6.44701e-08 8.47486e-07 1.69397e-05 0.000377677 0.00134617 0.00549645 0.0101964 0.982565 
5.66693e-08 2.08938e-06 5.83277e-05 0.000335356 0.00189229 0.00762127 0.0148925 0.0385763 0.880947 0.0556753 
1.02246e-07 3.457e-06 0.000102973 0.000547963 0.00402242 0.0202198 0.3888 0.497174 0.0663034 0.0228264 
0.000127454 0.00466237 0.0567349 0.617788 0.236542 0.0683224 0.0125807 0.00268746 0.000506257 4.87986e-05 
1.83626e-06 6.22074e-05 0.00131413 0.0042841 0.339282 0.285288 0.323702 0.0325885 0.0112318 0.00224543 
4.07899e-10 3.93335e-08 7.10368e-07 4.50438e-06 6.72895e-05 0.000563422 0.000685327 0.00658784 0.0241766 0.967914 
1.34306e-07 4.60797e-06 0.000126801 0.000826002 0.00737406 0.706779 0.0963384 0.103802 0.0666015 0.0181474 
4.8546e-08 1.998e-06 5.66207e-05 0.000291915 0.00343727 0.0180498 0.805521 0.101328 0.057072 0.0142413 
1.25243e-07 4.18903e-06 0.000117613 0.000648128 0.00355858 0.0155817 0.043645 0.828394 0.0773349 0.0307159 
6.28012e-05 0.00194569 0.0129124 0.0378 0.102652 0.737806 0.0795395 0.0238462 0.00292176 0.000513578 
3.4551e-15 9.00359e-13 1.79758e-11 9.8688e-10 2.15276e-07 1.0899e-06 3.72559e-05 0.000914262 0.00422131 0.994826 
4.05024e-10 3.50202e-08 5.71325e-07 3.97013e-06 7.92014e-05 0.000581893 0.00230242 0.163814 0.585388 0.24783 
9.5507e-09 6.35235e-07 5.50082e-06 8.20278e-05 0.00166878 0.00659916 0.022301 0.0540244 0.883843 0.0314755 
7.03686e-10 5.9301e-08 1.02816e-06 6.77488e-06 9.49197e-05 0.00132988 0.00261939 0.0150265 0.0463476 0.934574 
2.52812e-08 1.20337e-06 2.33782e-05 0.000139585 0.00389438 0.0193449 0.812832 0.0860746 0.0570064 0.0206839 
6.13511e-10 5.43429e-08 9.56669e-07 6.30493e-06 9.3651e-05 0.0010658 0.00199248 0.0105435 0.0384933 0.947804 
1.54531e-10 3.03937e-08 3.87819e-07 3.34065e-06 0.000185732 0.0011794 0.00770476 0.0372847 0.925416 0.0282255 
9.58533e-09 5.83433e-07 5.1496e-06 6.52015e-05 0.00150596 0.00505682 0.0143312 0.855749 0.0643445 0.0589415 
2.00748e-10 1.92676e-08 3.42942e-07 2.2967e-06 3.67173e-05 0.000255838 0.000596652 0.00492686 0.676759 0.317422 
0.00083844 0.0111715 0.18842 0.53115 0.155333 0.0851036 0.0216617 0.00513535 0.00107518 0.00011181 
6.42609e-10 4.70952e-08 8.16569e-07 5.34591e-06 0.000188056 0.00148457 0.00882409 0.03361 0.0717204 0.884167 
4.06327e-07 2.36019e-05 0.000532239 0.00257677 0.016889 0.0539029 0.0838737 0.810731 0.0259964 0.00547421 
