7450
9.24588e-09 7.7005e-08 5.15338e-07 3.44532e-06 1.83774e-05 0.000169083 0.000321499 0.00431428 0.485959 0.509213 
1.16175e-06 2.286e-06 3.4653e-05 0.000205602 0.00192056 0.0101661 0.0388113 0.726342 0.120626 0.10189 
3.27915e-07 2.5158e-07 1.66376e-06 1.9918e-05 0.000700366 0.00232748 0.0109299 0.577671 0.296334 0.112015 
7.02349e-07 8.87036e-07 5.71162e-06 7.21396e-05 0.00183483 0.00569919 0.0228932 0.0754891 0.128594 0.76541 
0.000123815 5.99543e-05 0.000357219 0.00360843 0.0294048 0.5955 0.149566 0.140164 0.0646852 0.0165302 
0.00130135 0.0179751 0.0875615 0.204281 0.521279 0.130217 0.0300771 0.00610621 0.00109355 0.000108199 
0.000298566 0.0113902 0.0388165 0.103593 0.207161 0.531101 0.0840115 0.0194003 0.00365039 0.000577045 
0.000154015 0.000286824 0.00405216 0.0102274 0.0565844 0.613774 0.177478 0.101518 0.0304776 0.00544771 
6.84324e-07 1.46298e-06 9.11705e-06 0.000116787 0.00195211 0.0057047 0.0238676 0.0900647 0.166095 0.712188 
1.8778e-06 2.56294e-06 2.31446e-05 0.000265006 0.00721759 0.0395198 0.112722 0.718335 0.0834485 0.0384637 
6.3052e-06 2.8645e-05 0.000332701 0.00164179 0.00898047 0.0289664 0.0634906 0.100919 0.716292 0.0793415 
0.0028622 0.047111 0.123206 0.259306 0.445331 0.103637 0.0164032 0.00196339 0.000161225 1.91652e-05 
1.37461e-07 2.63814e-07 1.69046e-06 2.11009e-05 0.000375585 0.00220043 0.00791671 0.160291 0.519442 0.309751 
5.80399e-08 6.15143e-08 4.42432e-07 3.9927e-06 5.46519e-05 0.000675928 0.00248201 0.0186254 0.864814 0.113344 
0.000183193 0.00663229 0.0329766 0.0985378 0.196868 0.197171 0.442224 0.0207363 0.00376083 0.000910707 
0.000252643 0.00978743 0.0557226 0.448102 0.280565 0.163419 0.0336982 0.00690989 0.00135728 0.000186519 
4.41459e-07 7.30728e-07 4.58434e-06 5.62232e-05 0.0012214 0.00372426 0.0147343 0.0663156 0.854045 0.0598976 
2.65972e-07 7.42218e-07 4.64589e-06 5.72314e-05 0.000807173 0.00241146 0.00930703 0.22243 0.582797 0.182185 
0.000293131 0.0122251 0.123654 0.461852 0.20471 0.14271 0.0427326 0.0094168 0.00211234 0.000293262 
3.45217e-07 4.58872e-07 2.87216e-06 3.73702e-05 0.000625553 0.00293281 0.01056 0.0402223 0.0973132 0.848305 
6.12032e-08 6.12249e-08 3.83518e-07 3.56071e-06 8.14139e-05 0.00152174 0.0216109 0.922009 0.031681 0.0230921 
0.00024373 0.00743403 0.0408957 0.0778556 0.160903 0.172542 0.500003 0.0345649 0.00491593 0.000641514 
3.69844e-26 2.20321e-23 5.9243e-21 4.16092e-18 9.46259e-16 5.72608e-13 1.26126e-09 1.26771e-06 0.00027835 0.99972 
1.59235e-11 4.4428e-11 4.65121e-10 3.72514e-09 5.63933e-08 1.67527e-07 1.83157e-06 1.42446e-05 0.000702989 0.999281 
5.54472e-14 2.53481e-12 1.98916e-11 4.68325e-10 4.26501e-08 2.43045e-07 1.32927e-05 8.94606e-05 0.000464898 0.999432 
9.87002e-09 1.61845e-08 1.56421e-07 1.63669e-06 3.18588e-05 0.000578478 0.00131043 0.0136658 0.0522793 0.932132 
0.000101363 0.000127993 0.00137338 0.00672587 0.0409645 0.281685 0.556399 0.0803361 0.0263769 0.00590989 
8.29437e-07 1.33297e-06 8.65181e-06 0.00011918 0.00224827 0.00763793 0.0305849 0.112837 0.744799 0.101763 
4.05177e-07 8.3062e-07 5.09413e-06 5.6963e-05 0.00102978 0.00423843 0.028005 0.725066 0.143347 0.0982507 
4.65415e-07 5.98839e-07 3.96206e-06 4.85976e-05 0.00135476 0.00475944 0.0222095 0.754034 0.135009 0.082579 
3.29676e-07 7.23536e-07 4.48032e-06 4.96377e-05 0.000649434 0.00239432 0.00749917 0.0317725 0.0859464 0.871683 
0.00230083 0.040313 0.10449 0.246053 0.473473 0.107036 0.0225779 0.00327343 0.000421245 6.12326e-05 
2.04628e-15 3.09941e-14 1.34437e-13 9.8515e-12 1.21781e-09 2.77109e-08 1.8051e-06 8.13344e-05 0.00322528 0.996692 
0.000163152 0.000260128 0.0030584 0.016067 0.428954 0.175109 0.184532 0.129837 0.0486586 0.0133604 
3.33709e-08 6.037e-08 5.32625e-07 5.53564e-06 0.000173007 0.00127207 0.00584264 0.0534175 0.837175 0.102114 
8.7797e-08 9.66742e-08 7.01644e-07 6.31663e-06 8.21307e-05 0.000966028 0.00319099 0.026945 0.835046 0.133763 
3.43734e-33 1.31717e-29 5.15612e-26 2.90385e-22 4.53629e-18 7.2794e-15 2.87576e-11 1.5331e-07 0.00104716 0.998953 
1.39784e-10 2.9883e-10 2.76743e-09 3.05153e-08 6.31527e-07 9.20925e-06 5.91008e-05 0.000809831 0.0315493 0.967572 
8.94922e-08 1.14522e-07 7.34933e-07 5.89233e-06 5.68037e-05 0.000651828 0.00248793 0.0156454 0.320036 0.661115 
6.21795e-05 0.00166243 0.0115676 0.13346 0.121654 0.221276 0.461639 0.0375313 0.00959626 0.00155159 
1.38212e-06 3.0842e-06 3.1756e-05 0.00024487 0.00291062 0.00950906 0.03061 0.0815132 0.121931 0.753246 
1.61321e-07 2.44608e-07 1.61817e-06 1.47334e-05 0.000138999 0.00127747 0.004084 0.022339 0.815771 0.156373 
2.39243e-08 3.7531e-08 3.44625e-07 3.20397e-06 5.08721e-05 0.00064664 0.00204958 0.0176624 0.065715 0.913872 
2.10952e-05 0.000236468 0.00366487 0.00822762 0.0297767 0.0677649 0.136691 0.606757 0.128188 0.0186733 
6.85366e-05 0.000242729 0.00354607 0.00860883 0.0358057 0.103822 0.652789 0.132897 0.0514928 0.0107275 
1.2242e-24 1.29017e-21 4.04656e-19 3.42325e-16 3.84072e-14 3.19336e-11 4.59958e-09 2.196e-06 0.000757914 0.99924 
0.000227045 0.00021851 0.0026824 0.00875944 0.0437264 0.115005 0.16515 0.61974 0.0371328 0.00735824 
0.00202855 0.146758 0.379808 0.142772 0.162534 0.116205 0.0365157 0.0107485 0.00236877 0.000260636 
5.59071e-22 2.30136e-19 5.15891e-17 3.43838e-14 3.31237e-12 1.12529e-09 2.43462e-07 8.22494e-05 0.00420411 0.995713 
2.15542e-06 2.16188e-06 1.36048e-05 0.000146623 0.00384413 0.014454 0.0486041 0.727712 0.1358 0.0694213 
5.81832e-08 4.97652e-08 4.11472e-07 4.72078e-06 0.000165658 0.00105621 0.00518024 0.0394412 0.474399 0.479752 
3.26498e-14 6.54929e-13 7.37474e-12 4.873e-10 3.38017e-08 2.73179e-07 4.96053e-06 0.000197482 0.0056414 0.994156 
9.58343e-05 0.000408866 0.00563818 0.0119937 0.0314614 0.0626486 0.0938496 0.104075 0.671567 0.0182612 
2.14827e-15 3.26955e-14 1.49291e-13 1.27745e-11 1.6034e-09 4.71387e-08 3.17766e-06 0.000262253 0.00826708 0.991467 
1.0644e-05 0.000176849 0.00307101 0.0042589 0.0106373 0.0370434 0.0894388 0.729653 0.0916284 0.034082 
7.84945e-07 1.9523e-06 1.48125e-05 0.00022115 0.00453907 0.0285432 0.0922126 0.72486 0.100725 0.0488813 
2.45176e-07 6.62745e-07 3.99153e-06 4.26174e-05 0.000686768 0.00310515 0.0203147 0.0858136 0.796266 0.0937663 
5.03777e-07 9.42322e-07 6.09787e-06 0.000119757 0.00256919 0.0673541 0.023226 0.0493904 0.249882 0.607451 
1.2633e-09 1.20405e-09 8.64055e-09 1.15242e-07 2.38995e-06 5.04115e-05 0.000281961 0.00968787 0.955681 0.0342966 
8.21491e-23 4.92318e-20 1.44727e-17 1.32171e-14 1.20092e-12 6.73933e-10 3.21492e-08 2.22645e-06 0.000318986 0.999679 
1.91957e-15 3.40803e-14 2.87533e-13 2.24362e-11 2.60454e-09 1.70803e-08 4.92809e-07 8.83922e-05 0.00380409 0.996107 
9.97983e-08 1.58438e-07 1.08393e-06 8.43492e-06 7.82204e-05 0.000807264 0.00239163 0.0169721 0.0571478 0.922593 
0.000163411 0.000267942 0.00347787 0.0107896 0.0461882 0.126028 0.628697 0.135503 0.0399175 0.00896783 
1.28083e-06 3.99378e-06 5.96217e-05 0.000339721 0.00211674 0.00959866 0.0277744 0.087568 0.789017 0.0835203 
0.00014015 0.000253483 0.00227042 0.0107321 0.0534691 0.125193 0.653811 0.102882 0.0393617 0.0118865 
4.13498e-11 8.31916e-11 6.64823e-10 8.3723e-09 2.91191e-07 2.53265e-06 5.25535e-05 0.000889216 0.0144877 0.984568 
6.37635e-07 1.20045e-06 1.01375e-05 0.000101413 0.00154047 0.0055013 0.0252469 0.432127 0.479341 0.0561297 
1.98487e-08 4.32978e-08 3.79752e-07 3.72453e-06 6.9931e-05 0.000901304 0.00448364 0.0259912 0.0545754 0.913974 
7.07986e-07 1.24042e-06 7.75403e-06 8.87281e-05 0.00183097 0.00581401 0.022204 0.088234 0.774803 0.107015 
9.6396e-05 0.00306878 0.01994 0.0542597 0.566118 0.217092 0.103516 0.0297984 0.00484559 0.00126543 
0.000175204 5.06429e-05 0.000285807 0.00894858 0.54767 0.143326 0.128896 0.0979686 0.0531393 0.01954 
0.000202633 0.000251077 0.0023211 0.00903055 0.0437056 0.12898 0.672465 0.109605 0.028352 0.00508821 
3.86767e-06 7.04e-06 7.19016e-05 0.000927446 0.0127842 0.0643974 0.674211 0.140378 0.0784465 0.0287728 
1.16544e-07 1.35397e-07 8.95858e-07 7.51459e-06 8.13555e-05 0.000909001 0.00337534 0.0240087 0.853147 0.11847 
1.41562e-05 0.000216359 0.00364674 0.00628807 0.0219476 0.0835724 0.661307 0.136217 0.0690627 0.017728 
8.62189e-08 1.96293e-07 1.48895e-06 1.6491e-05 0.000469032 0.0034749 0.0139026 0.05403 0.82171 0.106395 
2.6553e-09 4.4774e-09 4.45856e-08 4.49743e-07 1.01558e-05 0.000174462 0.0005453 0.00942021 0.0486386 0.941211 
2.70647e-07 3.61898e-07 2.26821e-06 2.29581e-05 0.000814098 0.00439366 0.0297237 0.469008 0.231608 0.264427 
2.81151e-06 3.44363e-06 3.20483e-05 0.000334395 0.00460881 0.0177192 0.0685813 0.756838 0.107752 0.0441276 
2.13818e-24 2.54401e-21 8.25529e-19 7.22861e-16 9.31897e-14 7.64548e-11 1.35834e-08 3.64759e-06 0.000220883 0.999775 
3.0993e-13 6.23312e-12 7.07754e-11 4.67291e-09 3.21255e-07 2.61895e-06 5.4903e-05 0.000941549 0.0120436 0.986957 
6.67457e-08 5.57011e-08 4.2394e-07 5.2065e-06 0.000176215 0.00128504 0.00674528 0.0417842 0.0893627 0.860641 
7.00217e-08 1.34689e-07 9.37489e-07 7.47483e-06 7.74735e-05 0.000871928 0.00278489 0.0179443 0.849155 0.129157 
1.30774e-06 4.50356e-06 7.53292e-05 0.000427783 0.00226588 0.00944068 0.0221616 0.0642792 0.802876 0.0984676 
0.00309773 0.0478581 0.140884 0.602685 0.137965 0.055007 0.0108442 0.00151992 0.000122451 1.6066e-05 
1.00045e-07 1.50987e-07 9.83957e-07 7.7649e-06 7.02352e-05 0.000792761 0.00253408 0.0136285 0.0453637 0.937602 
4.61068e-26 8.46191e-23 3.04293e-20 3.26212e-17 7.65051e-15 4.09334e-12 2.64209e-09 1.53072e-06 0.000475408 0.999523 
1.83638e-09 4.17391e-09 4.27943e-08 3.7463e-07 5.79887e-06 5.73459e-05 6.17896e-05 0.000840089 0.013656 0.985379 
7.97697e-08 8.3633e-08 5.04887e-07 4.03174e-06 3.5489e-05 0.00033599 0.00140479 0.00435818 0.00935477 0.984506 
0.000271894 0.00750365 0.0268948 0.194561 0.17721 0.516614 0.0619864 0.0120497 0.00238143 0.000527557 
5.48656e-12 1.18996e-11 1.1736e-10 2.9322e-09 1.90644e-07 1.63142e-06 3.63709e-05 0.00136592 0.0209135 0.977682 
8.05175e-08 1.2042e-07 8.00019e-07 6.14761e-06 5.17362e-05 0.000435372 0.00150816 0.00608958 0.0147697 0.977138 
0.00013607 0.000330313 0.00515799 0.00990534 0.0337517 0.103235 0.541352 0.227502 0.064033 0.0145967 
0.000111196 0.000114091 0.00110671 0.00782859 0.108543 0.686737 0.103239 0.0640789 0.0221987 0.00604235 
7.62875e-05 7.27879e-05 0.000897925 0.00449755 0.0274618 0.084972 0.72909 0.106271 0.037151 0.00951015 
1.32052e-07 2.6319e-07 1.57758e-06 1.2165e-05 0.000324719 0.00274259 0.282689 0.191442 0.172061 0.350726 
0.000157252 0.00315017 0.0151692 0.0371215 0.116959 0.37898 0.351209 0.0852126 0.00984934 0.00219228 
1.20987e-06 3.20268e-06 4.36846e-05 0.000279009 0.00218121 0.00870962 0.0257175 0.0791744 0.621454 0.262436 
0.0019959 0.0448809 0.45552 0.321235 0.108836 0.0507898 0.0138581 0.0025461 0.000300576 3.77935e-05 
3.69629e-08 5.83507e-08 4.63861e-07 3.92917e-06 5.08014e-05 0.000570265 0.00156771 0.0145173 0.858022 0.125267 
6.84443e-08 8.32606e-08 5.92667e-07 5.386e-06 6.64522e-05 0.00083808 0.00266758 0.0179776 0.0625415 0.915903 
6.91352e-08 5.16994e-08 3.32146e-07 2.99074e-06 3.45979e-05 0.000327778 0.00147769 0.0151423 0.901716 0.0812986 
2.66424e-06 2.75807e-06 1.8427e-05 0.000186769 0.00444004 0.0201118 0.0668403 0.120597 0.74925 0.0385507 
5.27333e-05 1.78885e-05 0.000119569 0.000969685 0.0112351 0.0452624 0.398155 0.133513 0.38045 0.0302237 
0.000171361 0.000132172 0.00142077 0.00682009 0.0349524 0.0962799 0.15173 0.648806 0.0483613 0.0113263 
9.93812e-08 1.07431e-07 6.70049e-07 5.4443e-06 5.134e-05 0.000521039 0.00237827 0.0113712 0.0316155 0.954056 
1.63602e-07 2.17159e-07 1.48562e-06 1.20816e-05 0.000137963 0.00131117 0.00457417 0.0232897 0.0707464 0.899927 
1.34814e-05 0.000138264 0.00214725 0.00453655 0.0194323 0.0649649 0.66747 0.145432 0.0768599 0.0190055 
0.000185004 0.000601443 0.00636316 0.0194794 0.0832378 0.173917 0.5925 0.0918608 0.0267685 0.00508618 
3.13711e-05 1.2827e-05 0.000110879 0.000731027 0.0266055 0.0741913 0.135858 0.593284 0.142169 0.027006 
0.00017531 0.00026767 0.00322565 0.0123785 0.0676394 0.612362 0.15691 0.10124 0.037545 0.00825568 
5.41335e-05 5.18675e-05 0.000741463 0.00153279 0.008149 0.036063 0.507271 0.214129 0.197567 0.0344409 
2.52172e-08 7.97791e-08 6.15345e-07 4.81896e-06 5.53562e-05 0.000618541 0.00178364 0.0161706 0.865112 0.116254 
1.89027e-06 2.58241e-06 1.92339e-05 0.000208222 0.00431766 0.0171713 0.0675229 0.732406 0.121425 0.0569251 
6.55095e-07 1.34044e-06 8.43813e-06 0.000112851 0.00180489 0.00515948 0.0204541 0.0626299 0.10688 0.802948 
4.1072e-08 3.79578e-08 2.62472e-07 2.96856e-06 0.000116382 0.000962538 0.178542 0.139179 0.220446 0.460751 
1.03975e-05 0.000132489 0.00213201 0.00523297 0.492402 0.119414 0.136327 0.132456 0.0839444 0.027949 
7.58379e-08 1.10166e-07 8.00696e-07 8.0584e-06 0.000259516 0.00189614 0.0116475 0.750293 0.12819 0.107705 
1.39777e-07 1.87357e-07 1.24906e-06 1.1213e-05 0.000245088 0.0016066 0.00676398 0.0498229 0.820921 0.120628 
7.57154e-14 1.41709e-12 1.3715e-11 9.78747e-10 9.09306e-08 9.22227e-07 2.90009e-05 0.000894357 0.0143158 0.98476 
3.07789e-08 1.36021e-08 8.6424e-08 9.74749e-07 2.01116e-05 0.000189872 0.0011986 0.0116469 0.0488726 0.938071 
1.57592e-07 2.12388e-07 1.44192e-06 1.21172e-05 0.000151119 0.00147449 0.00539055 0.0358732 0.793637 0.163459 
5.69689e-05 0.00124472 0.00973402 0.0303811 0.0822314 0.150898 0.588753 0.0894393 0.0372349 0.0100267 
2.17599e-08 4.59825e-08 3.19098e-07 2.40216e-06 2.06257e-05 0.000185667 0.00054512 0.0117218 0.372987 0.614537 
6.27934e-25 1.15025e-21 4.04701e-19 4.10801e-16 9.3009e-14 5.30527e-11 5.8497e-08 4.74227e-05 0.00290356 0.997049 
8.66731e-09 2.13041e-08 2.16927e-07 1.9784e-06 3.41589e-05 0.000379359 0.00141731 0.0127996 0.0443957 0.940972 
0.000144439 0.000356124 0.00484465 0.0129684 0.0518602 0.576404 0.196292 0.113029 0.0360295 0.00807184 
2.24752e-08 8.43396e-08 5.70477e-07 4.21657e-06 5.15223e-05 0.000533862 0.00567617 0.319138 0.356923 0.317673 
0.00358671 0.281858 0.080612 0.199199 0.182255 0.142504 0.0817519 0.0221086 0.0049692 0.00115652 
3.37406e-06 4.88934e-05 0.000862615 0.00155994 0.00396227 0.0130519 0.0330916 0.0839825 0.232193 0.631244 
0.000183117 0.00116205 0.0121409 0.252438 0.347844 0.211179 0.125181 0.0406717 0.00752702 0.00167336 
8.56525e-07 1.70549e-06 1.35952e-05 0.000109812 0.00179164 0.00590895 0.0188759 0.0603245 0.806807 0.106166 
2.53879e-05 1.82057e-05 0.000206063 0.00154591 0.0160375 0.0728829 0.633187 0.158735 0.0869682 0.0303938 
4.96239e-05 0.00195271 0.00838068 0.0243152 0.0749884 0.152116 0.624045 0.0790521 0.0287484 0.00635148 
1.23572e-07 1.93802e-07 1.32317e-06 1.08329e-05 0.00011605 0.00143444 0.00433471 0.0262602 0.82466 0.143182 
0.00023296 0.000159063 0.00107676 0.0103097 0.0686787 0.605123 0.156981 0.104917 0.0413686 0.0111533 
2.13065e-06 3.11515e-06 2.26321e-05 0.000296127 0.00504067 0.0231567 0.0781416 0.750723 0.0924544 0.0501593 
6.07242e-09 1.4976e-09 5.45711e-09 7.33516e-08 1.49859e-06 7.11358e-06 0.000101564 0.000713843 0.00721468 0.991961 
2.41399e-05 0.000427679 0.00573879 0.0251656 0.559875 0.189576 0.128753 0.0643287 0.0215148 0.00459597 
0.00105833 0.0268938 0.0863729 0.198215 0.401407 0.248083 0.0315785 0.00549233 0.000801735 9.72927e-05 
8.26644e-10 4.26216e-10 2.39579e-09 3.97589e-08 1.24933e-06 1.19986e-05 0.00015145 0.00419222 0.0315677 0.964075 
1.22918e-08 2.8103e-08 2.80472e-07 3.0511e-06 0.000113791 0.000837673 0.00427889 0.409049 0.483116 0.102601 
2.65949e-05 0.000500675 0.00657075 0.0102411 0.0238887 0.0559957 0.108411 0.721298 0.0605099 0.0125574 
0.00100414 0.0236699 0.0778882 0.16509 0.565876 0.128942 0.0312517 0.00522 0.000930034 0.00012756 
4.57913e-08 6.23973e-08 4.36303e-07 3.67217e-06 4.28643e-05 0.000508836 0.00182681 0.0149678 0.327823 0.654827 
0.0117688 0.0847493 0.481365 0.194985 0.141506 0.069033 0.0143005 0.0020353 0.000227594 2.93151e-05 
2.85216e-08 3.31528e-08 2.86562e-07 4.20094e-06 0.000225683 0.00124414 0.00547416 0.0388127 0.0896938 0.864545 
2.19104e-07 2.25585e-07 1.51348e-06 1.45398e-05 0.000278391 0.00177148 0.00534984 0.026006 0.079683 0.886895 
2.78972e-07 5.77807e-07 3.59615e-06 3.41909e-05 0.000515581 0.00223831 0.00883131 0.0427852 0.0982497 0.847341 
4.42902e-06 1.34676e-05 0.00018488 0.000818527 0.00606255 0.0278034 0.679092 0.132057 0.112653 0.0413103 
7.81781e-07 1.40373e-06 8.88543e-06 0.000113463 0.00204616 0.0060235 0.0221991 0.0765606 0.147462 0.745584 
1.01851e-27 2.08437e-24 2.30409e-21 6.89078e-18 1.45319e-14 1.24289e-11 2.99344e-08 3.04703e-05 0.00286803 0.997101 
4.22787e-22 9.40257e-20 1.34226e-17 7.88945e-15 9.90206e-13 3.61945e-10 1.15621e-07 7.49033e-05 0.00592165 0.994003 
6.16442e-07 1.51416e-06 9.41553e-06 0.000119433 0.00199698 0.00543784 0.0243915 0.0863537 0.136231 0.745458 
0.000177038 0.000791248 0.00881317 0.0277674 0.104425 0.20319 0.510237 0.10636 0.031166 0.00707308 
6.41689e-09 1.25472e-08 1.27301e-07 1.19041e-06 2.121e-05 0.000296684 0.000601655 0.00812943 0.0380316 0.952918 
7.26522e-10 1.62236e-09 1.59472e-08 1.66285e-07 4.0807e-06 5.12706e-05 0.000339933 0.00441897 0.024792 0.970394 
6.11176e-07 1.2138e-06 7.60433e-06 0.000101183 0.00164224 0.00421066 0.0186708 0.0671179 0.820488 0.0877597 
8.163e-08 1.22327e-07 8.43352e-07 6.89485e-06 7.03288e-05 0.000793101 0.00227186 0.0181789 0.0879651 0.890713 
1.16157e-06 2.09814e-06 1.49038e-05 0.000218011 0.00523987 0.0352117 0.69744 0.125424 0.0874321 0.0490165 
4.68134e-05 0.000499712 0.00643684 0.0190166 0.0630733 0.138705 0.623318 0.111266 0.0317421 0.00589528 
3.08607e-06 4.1604e-06 3.87251e-05 0.000335855 0.00812505 0.0506793 0.711285 0.127171 0.0736356 0.0287221 
1.33521e-06 3.11333e-06 3.92011e-05 0.000272588 0.00283059 0.012995 0.0478955 0.437685 0.104104 0.394174 
3.55812e-06 6.55042e-06 8.93984e-05 0.000584609 0.00710072 0.0431663 0.637205 0.162025 0.10989 0.039929 
8.50541e-07 1.63095e-06 1.06809e-05 0.000129746 0.00231279 0.0071305 0.0251955 0.0749148 0.124942 0.765362 
1.87594e-07 4.32334e-07 2.85253e-06 3.47253e-05 0.000505629 0.00222643 0.0102929 0.0585847 0.771133 0.15722 
9.14671e-07 1.77672e-06 1.31365e-05 0.000145668 0.00246985 0.00656253 0.0238706 0.0779161 0.126416 0.762604 
1.73954e-06 3.08155e-06 2.50646e-05 0.000349788 0.00528596 0.25616 0.337098 0.211154 0.108485 0.0814374 
6.02623e-07 1.53371e-06 9.59309e-06 0.000125183 0.00251771 0.0106808 0.0517405 0.721422 0.123669 0.0898328 
3.20412e-08 5.77307e-08 3.97245e-07 3.19653e-06 2.84116e-05 0.000285943 0.000899479 0.00420237 0.0111842 0.983396 
1.50535e-06 2.30239e-06 1.5169e-05 0.00018882 0.00327871 0.0141901 0.0478763 0.112399 0.76259 0.0594585 
0.00110719 0.0217648 0.0714923 0.181742 0.522685 0.151174 0.0403878 0.00799283 0.00145224 0.000200957 
0.000109385 3.17735e-05 0.000119063 0.00167995 0.0194055 0.0630226 0.134291 0.673055 0.0793544 0.0289321 
1.28512e-06 2.70974e-06 4.05162e-05 0.000236874 0.00225358 0.00807911 0.0300267 0.142162 0.74543 0.0717669 
6.12758e-08 1.04236e-07 6.5711e-07 4.79093e-06 3.35608e-05 0.000262539 0.000967623 0.00406066 0.0244041 0.970266 
4.05651e-07 9.97836e-07 6.03414e-06 6.6224e-05 0.000985922 0.00291325 0.0129884 0.0424956 0.0950355 0.845508 
3.22504e-05 0.000101778 0.00163581 0.00298529 0.0134512 0.0936172 0.577525 0.192833 0.0901431 0.0276756 
7.58075e-08 1.05032e-07 7.67807e-07 6.99075e-06 0.000116679 0.00114107 0.00490185 0.0323477 0.0917007 0.869784 
4.77863e-07 1.06365e-06 6.66874e-06 8.7683e-05 0.00267735 0.0139564 0.360666 0.42246 0.131905 0.0682394 
0.000124592 6.55406e-05 0.000753909 0.00187993 0.012836 0.0449488 0.105735 0.740375 0.0739144 0.0193669 
0.0062369 0.0452858 0.109177 0.539545 0.201048 0.0849139 0.0123434 0.00134055 9.6968e-05 1.15073e-05 
1.26413e-07 1.41521e-07 8.95675e-07 7.42247e-06 6.983e-05 0.000740882 0.0026954 0.0124986 0.052648 0.931339 
1.49137e-06 4.12963e-06 6.18269e-05 0.00035056 0.00232021 0.01054 0.0321157 0.0966913 0.776454 0.0814605 
0.000132756 0.000327053 0.00438577 0.0131591 0.0613572 0.131497 0.172925 0.559232 0.0448944 0.0120905 
1.44268e-09 3.84072e-09 3.63794e-08 3.16794e-07 5.53201e-06 5.30163e-05 0.000296219 0.00577483 0.0436813 0.950189 
0.00298835 0.0558396 0.12967 0.591706 0.144382 0.0661543 0.00803418 0.00113751 7.80909e-05 9.31894e-06 
1.11482e-07 1.76044e-07 1.20451e-06 9.77551e-06 0.000108867 0.00119291 0.00433862 0.030116 0.822505 0.141728 
1.48596e-12 1.20533e-11 8.94948e-11 2.65835e-09 2.38447e-07 1.40885e-06 5.82125e-05 0.000966677 0.0117666 0.987207 
3.8495e-07 8.02988e-07 4.50432e-06 5.64201e-05 0.000917568 0.00296895 0.0114791 0.0401558 0.0811325 0.863284 
8.19929e-08 5.14866e-08 3.82519e-07 4.07463e-06 7.34936e-05 0.000931237 0.00394333 0.0326 0.625184 0.337263 
4.79979e-20 1.15576e-17 1.70089e-15 7.86813e-13 8.73576e-11 6.9153e-09 7.00765e-07 0.000168812 0.00908994 0.990741 
0.00118812 0.0260939 0.0800686 0.165357 0.229041 0.447133 0.0408165 0.00826711 0.00178753 0.000247237 
0.000133061 3.13167e-05 0.000132985 0.00164229 0.0202299 0.0880417 0.641803 0.129224 0.0798794 0.0388819 
0.195788 0.481338 0.138322 0.150947 0.0267712 0.00625378 0.000530245 4.60916e-05 2.89297e-06 2.4165e-07 
1.98044e-06 3.11584e-06 2.97278e-05 0.000232422 0.00338493 0.0121519 0.045079 0.107385 0.776161 0.0555707 
1.64829e-07 3.77151e-07 2.43695e-06 2.52285e-05 0.00043265 0.00210163 0.00838848 0.0460107 0.826952 0.116086 
2.12568e-07 1.46368e-07 9.59293e-07 1.1496e-05 0.000343731 0.00141199 0.00522489 0.0199563 0.0483852 0.924665 
2.54791e-07 3.12136e-07 2.07013e-06 2.25144e-05 0.000522195 0.00258565 0.0113282 0.711589 0.137894 0.136056 
1.18384e-05 0.000123078 0.00197345 0.00396881 0.0144726 0.0403738 0.0853622 0.121793 0.704331 0.0275904 
1.29571e-09 3.05714e-09 3.11856e-08 2.70551e-07 4.59209e-06 3.53132e-05 0.000201727 0.00291749 0.0210737 0.975767 
1.49324e-07 1.26551e-07 8.80915e-07 9.74483e-06 0.000472912 0.00261961 0.0194358 0.357235 0.384924 0.235302 
1.34285e-07 2.47397e-07 1.48187e-06 1.37375e-05 0.000428687 0.00196919 0.0115676 0.0518808 0.0964092 0.837729 
5.79394e-08 7.7507e-08 6.19951e-07 5.83155e-06 8.93098e-05 0.00122115 0.00519558 0.0458215 0.825162 0.122503 
2.09173e-07 2.92887e-07 1.83608e-06 2.08754e-05 0.000435739 0.00208218 0.00980121 0.0484266 0.754623 0.184608 
4.01269e-08 7.18675e-08 5.7379e-07 4.83715e-06 6.34161e-05 0.000695685 0.00190695 0.0170567 0.0600094 0.920262 
0.0104521 0.00927013 0.0874655 0.171959 0.354393 0.295783 0.0539352 0.013965 0.00246933 0.000307335 
1.47512e-07 1.29069e-07 8.57742e-07 7.76739e-06 9.41158e-05 0.00117136 0.0115987 0.774223 0.0889388 0.123965 
8.32391e-14 1.55168e-12 1.41511e-11 1.00543e-09 9.80111e-08 5.38048e-07 1.01816e-05 0.000378254 0.00937681 0.990234 
1.55103e-24 2.65328e-21 9.28494e-19 9.30979e-16 1.51647e-13 7.63745e-11 3.66488e-08 1.36624e-05 0.00405798 0.995928 
7.34148e-09 2.21412e-08 1.42074e-07 9.90605e-07 5.99351e-06 5.72505e-05 0.000215965 0.00447056 0.9289 0.0663487 
3.80832e-06 6.95546e-06 9.74065e-05 0.000577391 0.00515161 0.0232063 0.0793255 0.731456 0.11893 0.0412449 
5.7141e-07 8.9243e-07 5.66449e-06 7.00784e-05 0.00173097 0.00797229 0.0428252 0.454979 0.448627 0.0437886 
1.50569e-07 1.87669e-07 1.24468e-06 1.03369e-05 0.000106099 0.00118496 0.00400059 0.0226819 0.0787285 0.893286 
1.31417e-06 2.51186e-06 2.02819e-05 0.000169829 0.00298923 0.0138384 0.0481015 0.747533 0.133076 0.0542675 
7.05775e-07 1.49448e-06 9.51065e-06 0.000118396 0.00221419 0.00844275 0.0454825 0.716405 0.129448 0.0978773 
2.55566e-06 3.75927e-06 4.03005e-05 0.000262934 0.00349139 0.0150622 0.0458522 0.107125 0.773329 0.0548307 
9.26199e-25 1.69992e-21 5.9006e-19 5.80239e-16 1.29334e-13 7.30215e-11 8.57301e-08 7.02924e-05 0.00340391 0.996526 
3.05934e-06 3.44612e-06 2.77733e-05 0.000258526 0.00514865 0.0205878 0.0669459 0.13113 0.721467 0.0544274 
0.000145833 3.07898e-05 9.82852e-05 0.00131199 0.0165384 0.0598394 0.115969 0.698723 0.0760228 0.0313204 
3.99246e-05 0.00098386 0.0105496 0.0362809 0.123584 0.592257 0.149456 0.0626637 0.0201459 0.00403859 
1.09078e-07 1.07958e-07 7.04813e-07 8.00396e-06 0.000328247 0.00213204 0.0231851 0.773482 0.119822 0.0810416 
8.76197e-08 1.74517e-07 1.22617e-06 1.05755e-05 0.000196478 0.00107694 0.00333888 0.0221169 0.068269 0.90499 
5.34933e-13 1.73893e-11 1.47054e-10 5.81904e-09 5.20707e-07 3.63044e-06 8.11055e-05 0.00266273 0.0285674 0.968685 
3.01336e-06 5.52524e-06 6.87337e-05 0.000475388 0.00531776 0.0229331 0.224551 0.613965 0.0966395 0.0360409 
6.08407e-08 9.01561e-08 6.81796e-07 6.92107e-06 0.000105251 0.00114819 0.00348864 0.0220228 0.0635956 0.909632 
0.00953367 0.0889233 0.102187 0.333065 0.182488 0.235102 0.0413486 0.00599197 0.00112697 0.000233707 
3.11561e-06 5.75309e-06 7.62092e-05 0.002492 0.0303946 0.601557 0.119705 0.132215 0.0840482 0.0295032 
4.2041e-05 0.00077072 0.00658999 0.0255521 0.0849981 0.170582 0.604147 0.0811009 0.0221639 0.00405337 
1.03573e-08 2.09821e-08 2.12845e-07 1.99262e-06 3.42159e-05 0.000484183 0.000942828 0.00891389 0.0363045 0.953318 
1.14202e-07 1.02248e-07 6.78073e-07 6.19329e-06 7.74923e-05 0.000928879 0.00406194 0.0265937 0.0889753 0.879356 
0.000925335 0.0162134 0.0643559 0.139274 0.621344 0.127767 0.0267759 0.00297658 0.000330857 3.66336e-05 
2.26964e-10 1.59672e-10 1.07158e-09 1.58754e-08 7.09093e-07 5.90103e-06 0.000136985 0.00352189 0.0249781 0.971356 
3.79014e-06 6.89082e-06 8.44341e-05 0.000609971 0.00807841 0.04542 0.726312 0.128733 0.070934 0.0198178 
2.15286e-08 3.87416e-08 3.50356e-07 3.34838e-06 5.56551e-05 0.00072464 0.0023965 0.0191149 0.0674279 0.910277 
1.05178e-07 2.22991e-07 1.52088e-06 1.48521e-05 0.00015615 0.0011732 0.00343757 0.0198385 0.0531602 0.922218 
0.000165751 0.000697967 0.0077307 0.016416 0.0468053 0.106834 0.691152 0.0977332 0.0283987 0.00406634 
8.22324e-07 2.27287e-06 3.40577e-05 0.000221627 0.00171984 0.00694643 0.0220748 0.070967 0.113165 0.784868 
9.80796e-05 0.000127565 0.00188445 0.032847 0.0542373 0.0716431 0.638693 0.118125 0.0772143 0.00513029 
1.20207e-09 2.8022e-09 2.85817e-08 2.65858e-07 5.72558e-06 5.36906e-05 0.000360421 0.00748473 0.0442272 0.947868 
1.37758e-39 1.71735e-35 2.52808e-31 1.4454e-26 6.03677e-22 7.79287e-18 3.94006e-13 1.00216e-08 0.000283608 0.999716 
3.45869e-07 2.24489e-06 4.53434e-06 0.000160767 0.00836084 0.112522 0.54738 0.0952055 0.104746 0.131618 
1.93912e-07 1.87762e-07 1.28231e-06 1.31358e-05 0.000317023 0.00147348 0.00562584 0.0369265 0.466192 0.489451 
6.25962e-06 8.20586e-05 0.00144425 0.00221274 0.00728954 0.0275522 0.0841073 0.150013 0.666533 0.0607599 
4.86967e-06 1.171e-05 0.000144746 0.00098334 0.00793874 0.0307308 0.0863806 0.143792 0.682575 0.0474379 
5.62733e-09 2.04489e-08 1.31603e-07 8.89961e-07 4.57722e-06 3.73434e-05 8.76196e-05 0.0004025 0.00458421 0.994883 
1.79721e-06 3.38306e-06 3.4817e-05 0.000273829 0.00391494 0.0145699 0.0463573 0.422168 0.429676 0.0829996 
6.86139e-06 2.63183e-05 0.000293641 0.00182323 0.0098962 0.038194 0.660638 0.165461 0.0949863 0.0286744 
2.97147e-08 4.499e-08 2.79272e-07 2.04104e-06 1.83583e-05 0.000142193 0.00066062 0.00482106 0.8456 0.148755 
0.000100334 6.83862e-05 0.000562351 0.00502962 0.0295925 0.0985146 0.668994 0.129042 0.0526857 0.0154109 
0.000148937 0.000738222 0.00566281 0.0168875 0.0529855 0.112073 0.141401 0.645192 0.0215494 0.00336196 
8.93655e-05 0.00069074 0.00557751 0.0144427 0.0475487 0.109388 0.697833 0.0900549 0.0287575 0.00561754 
0.000114618 0.00324149 0.0185731 0.108667 0.285328 0.416659 0.109681 0.0407582 0.0143875 0.00259064 
7.56932e-07 1.37146e-06 8.42154e-06 0.000102955 0.00207667 0.00828729 0.0460673 0.123794 0.143604 0.676057 
0.000126105 0.00453937 0.0241795 0.0866859 0.210576 0.341443 0.202105 0.109708 0.0168817 0.00375503 
4.31596e-09 1.02577e-08 1.01776e-07 9.95537e-07 1.87837e-05 0.000238308 0.00116243 0.0120768 0.886796 0.0997063 
6.70021e-07 1.21757e-06 8.87877e-06 9.41394e-05 0.0016888 0.00447056 0.0187112 0.0569423 0.11308 0.805002 
2.26371e-07 1.79618e-07 1.24965e-06 1.2142e-05 0.000216077 0.00153076 0.00531196 0.0287573 0.825962 0.138208 
2.34253e-06 2.96983e-06 2.51848e-05 0.000383615 0.00603108 0.0304007 0.0940815 0.704407 0.113771 0.0508942 
8.84585e-13 1.14261e-11 8.94632e-11 3.62081e-09 4.11319e-07 2.80552e-06 8.48393e-05 0.00159897 0.00737809 0.990935 
2.6911e-07 6.19418e-07 3.97993e-06 5.21131e-05 0.000741404 0.00383574 0.0129176 0.0627503 0.116142 0.803556 
0.000320787 0.00978486 0.158281 0.231073 0.261895 0.25495 0.0665743 0.0148022 0.00205887 0.00025964 
0.000171417 5.88303e-05 0.00040599 0.00566694 0.0503731 0.530243 0.159757 0.133756 0.0783984 0.041169 
0.000161403 0.001663 0.0236701 0.50287 0.100112 0.133299 0.125102 0.081092 0.0263774 0.00565347 
1.50807e-08 3.80874e-08 3.194e-07 2.75248e-06 4.52436e-05 0.000519204 0.00265789 0.0278815 0.639999 0.328894 
1.61e-06 2.92758e-06 2.98004e-05 0.000225521 0.00282119 0.0098213 0.0326694 0.0826635 0.789115 0.0826492 
4.09226e-05 0.000645457 0.00746816 0.0166868 0.0375278 0.0883016 0.630206 0.141686 0.0621331 0.0153039 
2.13965e-13 4.27499e-12 4.77306e-11 3.17213e-09 2.26359e-07 1.614e-06 2.85472e-05 0.000361459 0.00360846 0.996 
7.99905e-06 2.8172e-05 0.000233114 0.00196119 0.0131572 0.044607 0.121013 0.691889 0.0976336 0.0294702 
1.56262e-06 3.00663e-06 3.84924e-05 0.000253661 0.00251482 0.0118419 0.477736 0.391595 0.0924598 0.023556 
0.000242144 0.00181666 0.0120959 0.0378855 0.12323 0.61661 0.135519 0.0579329 0.012337 0.00233036 
1.73406e-08 1.49775e-08 1.18937e-07 2.2601e-06 0.000179799 0.000967059 0.00757149 0.252665 0.286284 0.45233 
6.25836e-07 1.2818e-06 8.02569e-06 0.000101733 0.0017706 0.00539031 0.0261413 0.749459 0.144447 0.0726799 
7.13064e-06 3.71212e-05 0.00055921 0.00202912 0.0128486 0.0474298 0.105269 0.719768 0.0863628 0.0256888 
2.68021e-07 7.06753e-07 4.4695e-06 5.27995e-05 0.000705072 0.00265625 0.010889 0.0470537 0.318559 0.620079 
8.30749e-07 1.20287e-06 7.62037e-06 9.41461e-05 0.00226525 0.0146674 0.697636 0.118725 0.10834 0.0582632 
5.04391e-05 0.00107588 0.00903192 0.02881 0.100577 0.610357 0.155508 0.06658 0.0232783 0.00473094 
3.40226e-13 5.02056e-13 3.47226e-12 4.58584e-11 1.67402e-09 1.01346e-08 4.06301e-07 1.17979e-06 0.000639673 0.999359 
0.000172988 0.000800284 0.00585321 0.0161678 0.0552257 0.112094 0.145733 0.611427 0.0450652 0.00746009 
2.31925e-14 4.5487e-13 4.88698e-12 3.19433e-10 2.14125e-08 1.98439e-07 6.85719e-06 0.000759922 0.0118385 0.987395 
5.07318e-09 3.08249e-09 1.70134e-08 1.627e-07 2.35412e-06 2.1215e-05 0.000162065 0.00222013 0.022963 0.974631 
6.74006e-07 1.53772e-06 9.68964e-06 0.000121958 0.00299088 0.0177566 0.0697514 0.722532 0.119114 0.0677219 
5.34816e-08 7.50697e-08 5.06974e-07 4.16084e-06 4.51048e-05 0.000519962 0.0019383 0.0151775 0.61148 0.370834 
7.96417e-07 1.65713e-06 1.03735e-05 0.000128921 0.00251533 0.0102719 0.0529254 0.773641 0.107509 0.0529958 
1.66425e-06 6.18975e-06 5.98619e-05 0.00110142 0.0118808 0.658413 0.131463 0.100703 0.0635585 0.0328123 
4.89735e-05 2.34828e-05 0.000344089 0.00920379 0.057832 0.660337 0.104183 0.0963595 0.0529262 0.0187417 
3.08835e-06 4.28967e-06 4.60424e-05 0.000347964 0.00715744 0.0421068 0.722766 0.127139 0.073792 0.0266371 
7.10181e-07 1.80342e-06 1.15899e-05 0.000150959 0.00267738 0.0121773 0.047019 0.757241 0.118826 0.0618943 
4.26924e-07 7.1958e-07 4.64926e-06 5.98744e-05 0.00110815 0.00323226 0.0101454 0.0353985 0.0653409 0.884709 
5.99261e-24 7.48015e-21 2.46256e-18 2.18974e-15 2.65368e-13 2.35217e-10 3.48933e-08 1.9871e-05 0.00207315 0.997907 
8.77787e-05 3.06217e-05 0.000129267 0.0016782 0.10224 0.0727239 0.253125 0.255415 0.278211 0.0363593 
0.000171931 0.00714148 0.0300928 0.192334 0.449156 0.252911 0.0525437 0.0129273 0.00237618 0.000345709 
2.09284e-06 4.27967e-06 4.62331e-05 0.000623513 0.00933296 0.19517 0.235745 0.394914 0.108352 0.0558093 
4.75663e-24 6.59792e-21 2.22258e-18 2.08424e-15 3.38397e-13 2.33687e-10 1.35091e-07 0.000105536 0.00604406 0.99385 
0.000991769 0.0169122 0.0530655 0.177879 0.579983 0.129998 0.0333867 0.00659918 0.0010505 0.000134474 
0.0028702 0.0541898 0.403967 0.234579 0.190239 0.0917856 0.0191334 0.00280742 0.000371389 5.71067e-05 
4.3179e-08 1.4103e-07 1.02603e-06 7.81016e-06 7.48348e-05 0.000858098 0.00199933 0.0162108 0.0415017 0.939346 
6.85648e-06 5.77503e-05 0.000964241 0.00191932 0.00751631 0.026036 0.0648437 0.0882121 0.079917 0.730527 
6.09418e-05 8.98772e-05 0.00113948 0.0043956 0.136958 0.204099 0.521361 0.0859919 0.0352536 0.0106502 
1.6022e-07 4.09942e-07 2.52005e-06 2.82494e-05 0.000434911 0.0021975 0.0118239 0.296537 0.072591 0.616384 
0.000102624 0.000129068 0.00110142 0.00823991 0.043065 0.117451 0.681397 0.10139 0.0309145 0.0162088 
1.68307e-07 1.56927e-07 1.04298e-06 9.79457e-06 0.000175264 0.00135741 0.00603539 0.0352855 0.821165 0.13597 
1.18527e-07 2.72305e-07 1.65244e-06 1.44254e-05 0.000304627 0.00185419 0.0105505 0.170311 0.717173 0.0997902 
0.00105199 0.0218767 0.0716236 0.289568 0.310597 0.27136 0.0283438 0.00471124 0.000769285 9.79467e-05 
3.0814e-05 0.000532576 0.00654133 0.0195259 0.0854572 0.598335 0.175183 0.0831629 0.0259325 0.00529861 
4.9177e-13 9.46253e-12 9.70417e-11 6.67201e-09 5.49492e-07 3.79946e-06 7.50972e-05 0.00181353 0.0206779 0.977429 
3.23771e-08 8.45644e-08 6.54922e-07 5.46512e-06 6.83446e-05 0.000855248 0.00258601 0.0178921 0.0545424 0.92405 
3.29009e-08 3.08451e-08 2.64622e-07 2.58474e-06 4.1778e-05 0.000476281 0.00134144 0.0107502 0.040561 0.946826 
2.5753e-05 0.000136094 0.00198935 0.00492099 0.0189956 0.0562183 0.627387 0.178022 0.0888849 0.0234206 
7.82038e-08 1.32248e-07 8.93634e-07 7.0365e-06 6.80286e-05 0.000632305 0.00219685 0.00956385 0.0210337 0.966497 
7.65709e-07 2.07777e-06 2.69975e-05 0.000234471 0.00306581 0.0329702 0.0938847 0.169536 0.654816 0.0454621 
2.68035e-06 5.2542e-06 6.98773e-05 0.000585397 0.00574213 0.0299397 0.0941514 0.765441 0.0834961 0.0205669 
2.57304e-14 4.9919e-13 3.61784e-12 2.47575e-10 3.26312e-08 4.34566e-07 1.75651e-05 0.00217236 0.0127172 0.985092 
1.05445e-08 2.62541e-08 1.77326e-07 1.45556e-06 1.76525e-05 0.000485318 0.00510752 0.445807 0.48214 0.0664415 
4.27763e-07 6.98142e-07 4.5729e-06 6.35706e-05 0.00100551 0.00295292 0.0106206 0.0513624 0.823492 0.110497 
1.08994e-07 1.37941e-07 9.38347e-07 7.92969e-06 8.58688e-05 0.00100968 0.00315192 0.0182046 0.0505785 0.92696 
3.44192e-07 5.1801e-07 3.36085e-06 4.29999e-05 0.000874852 0.00301698 0.0151627 0.0774654 0.139561 0.763872 
6.44929e-13 1.46325e-11 1.30561e-10 7.82505e-09 7.52804e-07 4.99668e-06 0.000130441 0.00265826 0.019642 0.977563 
1.98352e-07 1.81413e-07 1.25107e-06 1.2789e-05 0.000214897 0.00156178 0.00486093 0.0223038 0.0617927 0.909251 
0.000124969 0.00460383 0.0212238 0.0512438 0.137281 0.6363 0.11209 0.0309304 0.00514232 0.00105948 
1.593e-05 0.000175271 0.00271515 0.00625841 0.0214647 0.0675405 0.142767 0.624932 0.102464 0.0316677 
4.39806e-05 0.000148495 0.0026742 0.0733288 0.15606 0.472837 0.129471 0.10179 0.05026 0.0133866 
6.57819e-07 1.4269e-06 9.00896e-06 0.000113083 0.0017212 0.00521203 0.0189323 0.0631785 0.806254 0.104578 
0.00026636 0.00593035 0.0574921 0.145582 0.312612 0.311963 0.121432 0.0316409 0.0110679 0.00201384 
9.16969e-16 1.35726e-14 4.54781e-14 3.58253e-12 3.35959e-10 2.14874e-08 2.30684e-06 0.000236542 0.00690652 0.992855 
1.68663e-07 2.79184e-07 1.85673e-06 1.91494e-05 0.000798146 0.00821563 0.0374654 0.705336 0.117049 0.131114 
2.14856e-05 2.11656e-05 0.000204013 0.00118588 0.00855462 0.0340182 0.743242 0.153271 0.0467421 0.0127391 
7.04422e-08 6.87889e-08 4.8056e-07 4.26317e-06 5.34394e-05 0.000614673 0.00207656 0.0128723 0.0426107 0.941767 
5.78682e-07 1.08162e-06 6.90407e-06 8.69003e-05 0.00152647 0.00435244 0.0137675 0.0521467 0.106245 0.821867 
2.57987e-26 3.22755e-23 1.167e-20 1.32849e-17 2.50018e-15 1.45673e-12 9.89406e-10 7.88632e-07 0.00129287 0.998706 
0.000226052 0.00146434 0.0085575 0.0253139 0.0797456 0.163483 0.605732 0.0896869 0.0207174 0.0050743 
3.61197e-06 4.1807e-06 3.28905e-05 0.000305897 0.00628233 0.0453432 0.499752 0.393585 0.0468291 0.00786086 
1.20818e-07 1.73878e-07 1.20688e-06 1.06023e-05 0.000221911 0.00183782 0.0113309 0.509584 0.279513 0.1975 
0.000136281 0.000104142 0.000928864 0.00539357 0.0295756 0.0813355 0.1326 0.138576 0.589903 0.0214479 
2.31601e-14 7.25149e-14 3.03239e-13 1.33975e-11 9.79861e-10 6.42331e-08 5.36579e-06 0.000474355 0.0100235 0.989497 
0.000127007 0.00433661 0.0238468 0.0699238 0.170708 0.568066 0.118903 0.0360561 0.0065707 0.00146134 
1.35985e-07 1.36699e-07 9.32227e-07 1.58121e-05 0.00104185 0.00977798 0.722214 0.095024 0.0980755 0.0738493 
2.08632e-17 3.12228e-16 1.7415e-15 4.18067e-13 4.36313e-11 2.55961e-09 1.28204e-07 3.56119e-05 0.00244182 0.997522 
4.87298e-25 8.90393e-22 3.17802e-19 3.32288e-16 6.50099e-14 3.39258e-11 1.8834e-08 9.42715e-06 0.00268503 0.997306 
9.201e-05 9.97183e-05 0.00125494 0.00338217 0.0182637 0.0769305 0.707185 0.116928 0.0606704 0.0151931 
0.144733 0.374675 0.165748 0.275689 0.0292586 0.00909807 0.000729299 6.38445e-05 3.69834e-06 3.01695e-07 
1.478e-05 0.000135627 0.00181007 0.00576618 0.02171 0.0623847 0.55393 0.285694 0.0573415 0.0112126 
1.25085e-07 1.62878e-07 1.11245e-06 9.20859e-06 0.000100027 0.00110202 0.00361867 0.0224468 0.0753552 0.897367 
7.99966e-05 0.0035747 0.0271271 0.463663 0.169418 0.167711 0.0977435 0.0478332 0.0181008 0.00474931 
5.8263e-07 1.09564e-06 6.83484e-06 8.68097e-05 0.00165196 0.00506204 0.0210236 0.085404 0.808624 0.0781389 
1.77592e-07 3.15822e-07 1.99943e-06 2.87672e-05 0.00118107 0.0295591 0.514132 0.184855 0.219271 0.0509714 
7.40491e-08 3.63527e-08 2.17427e-07 2.63935e-06 3.73375e-05 0.000498623 0.00219306 0.010235 0.0188709 0.968162 
1.37197e-06 3.52732e-06 5.3149e-05 0.000324282 0.00238989 0.00899435 0.0223156 0.0629343 0.779995 0.122989 
2.95589e-06 6.64823e-06 9.30011e-05 0.00058708 0.00548035 0.0285475 0.350748 0.466743 0.106164 0.0416275 
0.00037308 0.0114257 0.0719771 0.455367 0.268787 0.139859 0.0398833 0.0102181 0.00187764 0.000231987 
7.47026e-05 0.000123081 0.00156903 0.00728574 0.333476 0.261344 0.316173 0.0572257 0.0186241 0.00410553 
2.55364e-08 8.76916e-08 6.29426e-07 4.73164e-06 4.3866e-05 0.000521582 0.00125344 0.0119292 0.048603 0.937643 
2.57245e-05 1.21309e-05 0.000119302 0.000995961 0.0118462 0.565463 0.14921 0.148268 0.0941183 0.0299411 
3.12507e-06 4.3495e-06 5.35948e-05 0.000373735 0.00485361 0.0268687 0.680446 0.175835 0.0886652 0.0228971 
2.72011e-06 7.3736e-06 0.000106812 0.000628152 0.00433024 0.0194438 0.0672289 0.731111 0.122467 0.0546745 
0.00010932 0.00315159 0.0147604 0.049663 0.148222 0.633867 0.113523 0.0314688 0.00451002 0.000724973 
3.39622e-13 1.01706e-11 8.69252e-11 4.01938e-09 4.10208e-07 2.89056e-06 7.28885e-05 0.00169681 0.0106367 0.98759 
8.09662e-08 1.14642e-07 7.69747e-07 6.48167e-06 0.000101313 0.000823786 0.00432296 0.14859 0.555215 0.29094 
6.43191e-07 1.23803e-06 8.18249e-06 0.000108323 0.00230829 0.00916381 0.0297144 0.0940033 0.798993 0.0656984 
1.43049e-07 1.6779e-07 1.09968e-06 9.35635e-06 9.99904e-05 0.00134319 0.00406817 0.0258784 0.0832688 0.885331 
2.89831e-06 3.28647e-06 2.58311e-05 0.000240381 0.0056015 0.0323629 0.703816 0.137597 0.0871795 0.0331703 
9.84831e-08 1.42968e-07 9.68132e-07 8.00739e-06 8.14863e-05 0.000999817 0.00290301 0.0179358 0.0740312 0.90404 
2.65791e-08 7.44199e-08 5.05217e-07 6.5385e-06 0.000315215 0.00194199 0.0114172 0.0666269 0.859484 0.0602073 
8.04184e-07 1.15867e-06 7.28983e-06 8.34719e-05 0.00183933 0.00547961 0.0180254 0.739145 0.115202 0.120215 
3.92946e-08 4.94641e-08 3.39031e-07 2.75757e-06 3.10915e-05 0.000287867 0.00123689 0.0124675 0.662464 0.323509 
0.000859607 0.0144357 0.17719 0.477502 0.183119 0.106864 0.0309603 0.00714751 0.00170129 0.000220879 
1.65123e-07 1.67946e-07 1.0603e-06 1.0901e-05 0.000339382 0.00183344 0.0115718 0.0591522 0.137353 0.789738 
0.000159336 5.87745e-05 0.000461875 0.00335892 0.0257974 0.0832352 0.132139 0.706642 0.039325 0.00882275 
9.29772e-08 1.39826e-07 9.15787e-07 7.11811e-06 5.97851e-05 0.00060293 0.00197709 0.0126492 0.0559217 0.928781 
1.59301e-05 0.000115115 0.00140954 0.0057652 0.0228163 0.0581851 0.101561 0.637961 0.129778 0.0423928 
3.38249e-07 6.45825e-07 4.08639e-06 4.88691e-05 0.00103013 0.00464144 0.260011 0.362235 0.161694 0.210334 
