14307
1.89601e-09 1.09141e-07 7.28812e-07 1.05534e-05 0.000451617 0.00563568 0.0383654 0.922503 0.0290851 0.0039481 
1.08593e-13 2.03263e-12 1.99111e-11 1.39094e-09 1.18615e-07 1.24042e-06 4.18196e-05 0.00270468 0.488094 0.509158 
3.61099e-10 1.23411e-08 8.06065e-08 2.92164e-06 0.000352655 0.00173686 0.0232718 0.898088 0.0581929 0.018355 
2.69716e-09 1.57549e-07 1.3645e-06 2.64057e-05 0.000841902 0.0077349 0.0429266 0.9157 0.029666 0.00310254 
7.39236e-11 1.24437e-09 9.0154e-09 8.09361e-07 0.000122574 0.000288899 0.00239137 0.668059 0.292992 0.0361452 
0.0150851 0.0649875 0.129984 0.710371 0.0685557 0.0107037 0.000301327 1.08615e-05 7.42486e-07 1.13646e-08 
1.6211e-10 2.71311e-09 1.89726e-08 1.66451e-06 0.000256402 0.000326913 0.0019941 0.0133563 0.0545126 0.929552 
3.09447e-09 1.86286e-07 1.25119e-06 1.73544e-05 0.000649221 0.00782729 0.0495085 0.898792 0.038113 0.00509079 
9.88982e-09 4.28457e-07 9.02474e-06 0.000570068 0.0157738 0.769526 0.0983017 0.0803953 0.030482 0.00494119 
1.56267e-10 2.61786e-09 1.81643e-08 1.59695e-06 0.00023582 0.000506211 0.00376962 0.0335371 0.929162 0.0327879 
0.000798486 0.0110505 0.0665431 0.198608 0.667256 0.050318 0.00520814 0.000208939 8.22434e-06 3.11538e-07 
3.66567e-05 0.00192674 0.0101857 0.0451346 0.110345 0.789856 0.039894 0.00253657 7.99702e-05 4.64234e-06 
6.91245e-13 1.35283e-11 1.45089e-10 9.8356e-09 7.564e-07 5.85214e-06 0.000112053 0.00262046 0.0280165 0.969244 
4.07055e-11 6.04999e-10 1.95896e-09 9.28887e-08 7.40414e-06 0.000128537 0.00133959 0.0183941 0.071186 0.908944 
7.45214e-07 1.18383e-05 4.34508e-05 0.00229376 0.036851 0.796785 0.113773 0.0447034 0.00532913 0.000208619 
5.62045e-10 2.48351e-08 1.76029e-07 5.6974e-06 0.000650402 0.00469834 0.0382964 0.887464 0.056897 0.0119884 
1.69544e-10 2.78082e-09 1.75687e-08 1.49687e-06 0.000214562 0.000521056 0.0036487 0.0321944 0.0977954 0.865624 
6.48661e-06 0.00054281 0.00468578 0.0320794 0.0984383 0.811503 0.0469415 0.00562863 0.000163511 1.09732e-05 
1.90242e-07 1.5007e-05 8.27467e-05 0.00182105 0.020753 0.0669725 0.0987983 0.803064 0.00819035 0.000302863 
0.000757655 0.0234832 0.562832 0.334551 0.0624982 0.0145504 0.00128636 3.98804e-05 1.49932e-06 5.87758e-08 
1.5325e-09 1.0191e-07 6.77085e-07 9.2324e-06 0.000679862 0.00697182 0.0446429 0.911442 0.0319974 0.00425577 
3.19124e-05 0.00173382 0.00714111 0.0430544 0.107142 0.813155 0.0267942 0.000921135 2.54146e-05 1.03508e-06 
3.4807e-09 1.21207e-07 1.24669e-06 7.1712e-05 0.00470182 0.036439 0.0984861 0.837259 0.0197188 0.00332186 
8.60624e-11 1.46642e-09 1.03615e-08 8.89744e-07 0.000127576 0.000245396 0.00162531 0.0122371 0.916635 0.0691286 
0.00232088 0.0246481 0.0852473 0.239282 0.587292 0.0558514 0.00518826 0.000163708 6.45122e-06 2.72099e-07 
4.06822e-10 1.10517e-08 7.82227e-08 5.14582e-06 0.000740471 0.00484483 0.0367287 0.0815139 0.86103 0.0151373 
1.88037e-14 3.56722e-13 3.59027e-12 2.42696e-10 1.85321e-08 2.02124e-07 9.89148e-06 0.000536105 0.0129596 0.986494 
4.32937e-13 8.50631e-12 9.19978e-11 6.21681e-09 4.71993e-07 3.66066e-06 6.76256e-05 0.00165957 0.0200611 0.978208 
7.16761e-13 1.40731e-11 1.5854e-10 1.3215e-08 9.19691e-07 1.24779e-05 0.000161055 0.00451344 0.933573 0.0617395 
0.000741312 0.0237881 0.647913 0.150736 0.114529 0.0550148 0.00690151 0.000361112 1.44191e-05 5.23714e-07 
3.77997e-05 0.00207333 0.00897513 0.0470423 0.11089 0.128845 0.696941 0.00510368 8.93519e-05 3.26519e-06 
5.30367e-05 0.00306589 0.0171856 0.0909477 0.20045 0.669354 0.0180553 0.000856998 3.04383e-05 1.18151e-06 
0.0172477 0.104535 0.743345 0.114394 0.0185514 0.00182667 9.694e-05 2.93415e-06 1.15177e-07 3.31362e-09 
2.75074e-05 0.00182141 0.00793648 0.0453019 0.105842 0.820405 0.0180012 0.000648879 1.47112e-05 4.99534e-07 
2.22862e-09 1.3141e-07 8.83048e-07 1.23894e-05 0.000677305 0.00745338 0.0477542 0.903907 0.0354685 0.00472652 
1.14568e-10 1.89361e-09 1.23136e-08 1.05601e-06 0.000153886 0.000413579 0.00320158 0.0305432 0.942052 0.023635 
1.7727e-10 2.89763e-09 1.85842e-08 1.59364e-06 0.000237745 0.000483544 0.00375205 0.0355874 0.917607 0.0423304 
1.34507e-05 0.00115135 0.00825166 0.0583965 0.147142 0.757415 0.0245626 0.00298675 7.52433e-05 5.39761e-06 
0.000122575 0.00646932 0.149103 0.643599 0.127618 0.0619647 0.0106019 0.000501346 1.91794e-05 7.37256e-07 
1.64469e-10 2.8742e-09 1.91962e-08 1.55463e-06 0.000223585 0.000524384 0.00369747 0.0274245 0.924043 0.0440854 
1.07487e-10 1.7874e-09 1.19294e-08 1.03022e-06 0.000157636 0.00039098 0.0031567 0.027346 0.946173 0.0227744 
5.67045e-13 1.10931e-11 1.18952e-10 8.07734e-09 6.24385e-07 4.89232e-06 9.36961e-05 0.00229791 0.0269824 0.97062 
4.62361e-13 8.9773e-12 9.46577e-11 6.46337e-09 5.10781e-07 3.96734e-06 8.4167e-05 0.00247908 0.0298488 0.967583 
4.66812e-13 7.62686e-11 4.5503e-09 3.93405e-07 5.256e-05 0.00125503 0.0211735 0.950328 0.0227768 0.00441344 
0.000275846 0.0121819 0.0638519 0.714924 0.136307 0.0619955 0.00995798 0.000486081 1.85862e-05 7.21367e-07 
9.42785e-07 8.48855e-05 0.000239821 0.0047018 0.0305445 0.761021 0.150908 0.0481196 0.00423 0.000149711 
3.61718e-08 2.09272e-06 2.14537e-05 0.000811559 0.011555 0.066085 0.121603 0.794196 0.0055331 0.000192308 
2.18912e-05 0.00107053 0.00198872 0.013512 0.0451178 0.0974027 0.808803 0.0300076 0.00201442 6.12134e-05 
3.69976e-09 2.15739e-07 1.47639e-06 2.30621e-05 0.000696213 0.0151267 0.836429 0.0849721 0.0494 0.0133509 
4.18438e-07 1.52326e-05 0.000566947 0.0169585 0.723814 0.110955 0.0945259 0.043782 0.00849376 0.000889138 
3.69844e-26 2.20321e-23 5.9243e-21 4.16092e-18 9.46259e-16 5.72608e-13 1.26126e-09 1.26771e-06 0.00027835 0.99972 
4.98743e-09 1.97443e-07 1.75148e-06 8.55573e-05 0.00120496 0.00936993 0.0439869 0.909386 0.0314413 0.00452292 
4.09153e-13 7.95577e-12 8.4313e-11 5.73935e-09 4.48147e-07 3.62502e-06 7.83514e-05 0.00196344 0.0176708 0.980283 
2.76845e-05 0.00166874 0.00774917 0.0588541 0.838371 0.0778424 0.013826 0.00161685 4.18528e-05 2.58381e-06 
6.78576e-35 3.11395e-31 1.5079e-27 1.61899e-23 4.54446e-19 1.30971e-15 8.54449e-12 7.23343e-08 0.000666886 0.999333 
2.72347e-07 2.5214e-05 5.99829e-05 0.0014212 0.0143335 0.80329 0.125695 0.0473385 0.00730987 0.000526192 
2.12628e-10 3.81167e-09 3.33281e-08 2.22231e-06 0.000248772 0.00316863 0.836248 0.0723253 0.0648364 0.0231705 
3.80065e-18 6.05825e-17 2.88899e-16 2.08851e-14 2.24161e-12 3.90433e-11 3.12763e-10 3.4581e-08 9.82431e-05 0.999902 
5.84327e-13 1.14771e-11 1.2409e-10 8.41806e-09 6.4643e-07 4.93093e-06 9.37585e-05 0.00203833 0.0212413 0.976621 
1.06539e-07 8.08051e-06 2.67162e-05 0.000656398 0.00983028 0.0548766 0.846207 0.0687165 0.017758 0.00192031 
4.39339e-08 3.43806e-06 2.2987e-05 0.00076512 0.00842817 0.0402939 0.861428 0.0712761 0.0167212 0.00106082 
5.13976e-10 2.22938e-08 1.4579e-07 3.62054e-06 0.0003893 0.0016994 0.0109913 0.0561411 0.893029 0.0377461 
2.11376e-10 3.51939e-09 2.44982e-08 2.18623e-06 0.000331543 0.00151754 0.016448 0.880765 0.0761808 0.0247548 
1.54744e-10 2.63384e-09 1.75237e-08 1.49379e-06 0.000215075 0.000503353 0.00523965 0.889746 0.0790998 0.0251951 
1.12033e-09 6.44194e-08 4.26098e-07 5.29995e-06 0.000106913 0.00184961 0.00679223 0.0308202 0.938497 0.0219279 
9.27192e-07 5.70569e-05 0.000220126 0.00500624 0.0436424 0.809772 0.103095 0.0346717 0.00338839 0.000146038 
1.4835e-12 2.47207e-11 1.64327e-10 1.04446e-08 8.11151e-07 5.42102e-06 8.00627e-05 0.00181632 0.0264014 0.971696 
6.91049e-11 1.13502e-09 7.9336e-09 7.16954e-07 0.000116708 3.31592e-05 0.000388469 0.00761582 0.927988 0.0638566 
0.0266575 0.67979 0.171147 0.0882834 0.0259391 0.00756239 0.000597204 2.26284e-05 8.5785e-07 3.34707e-08 
1.60978e-09 1.06152e-07 6.9983e-07 7.29494e-06 0.000135782 0.00219818 0.0117633 0.0575745 0.899621 0.0286994 
7.2031e-05 0.0058923 0.033007 0.112131 0.78036 0.0595318 0.008597 0.000393242 1.46372e-05 5.70981e-07 
2.04628e-15 3.09941e-14 1.34437e-13 9.8515e-12 1.21781e-09 2.77109e-08 1.8051e-06 8.13344e-05 0.00322528 0.996692 
1.67522e-06 4.58072e-05 0.0001562 0.00907594 0.717071 0.135373 0.0976996 0.0360379 0.00437021 0.000169221 
1.85665e-09 1.0322e-07 6.81921e-07 9.3704e-06 0.000205156 0.00353959 0.0144123 0.0518527 0.900408 0.029572 
3.28977e-05 0.00197203 0.00860832 0.0529953 0.754387 0.143995 0.0355059 0.00243957 5.98923e-05 3.38798e-06 
8.8015e-11 1.48249e-09 1.00634e-08 8.70349e-07 0.000115142 0.000382581 0.00316014 0.0352174 0.922123 0.0390007 
6.15826e-13 1.21286e-11 1.32151e-10 8.91419e-09 6.70679e-07 5.44829e-06 0.000110019 0.00257251 0.0287309 0.96858 
1.19379e-05 0.0011146 0.0054673 0.0358457 0.75528 0.14633 0.0500658 0.00569728 0.000175708 1.1877e-05 
5.28935e-13 1.03135e-11 1.09796e-10 7.47459e-09 5.83242e-07 4.59415e-06 0.000151308 0.00884985 0.929034 0.0619593 
3.43734e-33 1.31717e-29 5.15612e-26 2.90385e-22 4.53629e-18 7.2794e-15 2.87576e-11 1.5331e-07 0.00104716 0.998953 
2.60528e-13 5.18826e-12 5.79714e-11 3.88097e-09 2.82687e-07 2.30717e-06 4.53172e-05 0.000902454 0.0112079 0.987842 
2.91892e-15 4.96438e-14 3.60151e-13 2.80174e-11 3.12728e-09 3.53732e-08 1.58059e-06 0.00020056 0.485867 0.513931 
0.001146 0.0137811 0.0647608 0.201179 0.68273 0.0345078 0.00183096 6.22208e-05 2.21691e-06 9.69281e-08 
6.31376e-21 1.30108e-18 1.73252e-16 7.35269e-14 8.47648e-12 5.1994e-10 4.44842e-08 6.88026e-06 0.00186672 0.998126 
9.81661e-07 3.8093e-05 0.000110149 0.00244192 0.01729 0.251523 0.709791 0.0176479 0.00112268 3.43079e-05 
6.79582e-06 0.000497699 0.00441551 0.0248374 0.355268 0.545345 0.0534691 0.0145916 0.00150972 5.93644e-05 
9.04998e-11 1.5164e-09 1.01558e-08 8.49252e-07 0.000131394 6.09669e-05 0.000621109 0.00567513 0.0293864 0.964124 
1.48115e-05 0.00119115 0.0114823 0.256589 0.585384 0.111201 0.0302851 0.00374521 0.000102674 5.8508e-06 
2.94628e-12 4.70023e-11 2.54397e-10 1.53885e-08 1.71181e-06 2.16277e-05 0.000143719 0.00325035 0.911615 0.0849676 
1.44344e-06 2.45929e-05 0.000101191 0.00350348 0.0468143 0.797257 0.108124 0.0392445 0.00474168 0.000188418 
6.94512e-13 1.36382e-11 1.47054e-10 9.91198e-09 7.46982e-07 5.70264e-06 0.000105957 0.0027386 0.0323206 0.964828 
2.66376e-08 1.05355e-06 1.90011e-05 0.000712327 0.0100725 0.0567536 0.883506 0.0425666 0.0059557 0.000413331 
3.36893e-09 2.05094e-07 1.36788e-06 1.86429e-05 0.000436989 0.00653075 0.0586258 0.798128 0.126035 0.010223 
1.66899e-06 2.83079e-05 7.97941e-05 0.00366818 0.0456828 0.149507 0.76051 0.035798 0.00453767 0.000186696 
5.72198e-13 1.1188e-11 1.19847e-10 8.14073e-09 6.30085e-07 4.92249e-06 9.49309e-05 0.00221104 0.0217003 0.975988 
5.14888e-13 1.01234e-11 1.10212e-10 7.46937e-09 5.69386e-07 4.92109e-06 0.000203801 0.00533532 0.927083 0.0673726 
1.65539e-08 6.62312e-07 1.19184e-05 0.000369109 0.00878812 0.0559761 0.841976 0.0683756 0.0206802 0.00382255 
4.60702e-07 0.000183707 0.00658288 0.564486 0.205021 0.084372 0.0936731 0.0401104 0.00534073 0.000229509 
2.09344e-05 0.00202529 0.0229791 0.725075 0.142689 0.0886695 0.0173104 0.00116984 5.7986e-05 3.21824e-06 
1.2242e-24 1.29017e-21 4.04656e-19 3.42325e-16 3.84072e-14 3.19336e-11 4.59958e-09 2.196e-06 0.000757914 0.99924 
1.20014e-38 1.23765e-34 1.41051e-30 4.73501e-26 1.5147e-21 1.34691e-17 3.5192e-13 7.52949e-09 0.000193059 0.999807 
2.97878e-09 1.39068e-07 2.61424e-06 0.00047341 0.00885277 0.049174 0.858339 0.0526004 0.0237217 0.00683628 
3.67131e-08 1.47438e-06 2.42309e-05 0.000853952 0.0105431 0.0512501 0.0908551 0.830532 0.0152594 0.000680618 
7.0153e-13 1.38819e-11 1.52064e-10 1.02281e-08 7.60581e-07 5.94577e-06 0.000293272 0.0120409 0.937267 0.0503924 
2.9698e-10 6.89138e-09 5.07748e-08 3.40648e-06 0.000435472 0.00292065 0.0194388 0.0866559 0.82324 0.067306 
5.72359e-13 1.12404e-11 1.21476e-10 8.23311e-09 6.31028e-07 4.90134e-06 0.000106175 0.00684722 0.0393786 0.953662 
4.2588e-07 5.81868e-05 0.000209029 0.0033778 0.0182621 0.514128 0.415675 0.040192 0.00794877 0.000149307 
0.00245335 0.221583 0.553275 0.109383 0.0763655 0.0322171 0.00455047 0.000167036 5.13336e-06 1.94864e-07 
5.59071e-22 2.30136e-19 5.15891e-17 3.43838e-14 3.31237e-12 1.12529e-09 2.43462e-07 8.22494e-05 0.00420411 0.995713 
9.29884e-13 1.61605e-11 1.28757e-10 9.29923e-09 1.40424e-06 1.56246e-05 0.000346676 0.0055492 0.0325337 0.961553 
1.10445e-09 5.9177e-08 3.79004e-07 5.28287e-06 0.000115145 0.00197926 0.0088263 0.891325 0.076931 0.0208179 
2.77771e-11 4.17141e-10 1.39202e-09 6.50381e-08 4.04954e-06 7.65907e-05 0.00172171 0.025956 0.921872 0.0503696 
3.60954e-07 5.63728e-06 1.43678e-05 0.000763832 0.0101747 0.0640993 0.872826 0.0459478 0.00578855 0.000379132 
3.2645e-14 6.54851e-13 7.37427e-12 4.87261e-10 3.37965e-08 2.73147e-07 4.95974e-06 0.000197365 0.00564126 0.994156 
0.00127043 0.0195519 0.103702 0.686617 0.135917 0.0472052 0.00541376 0.000309542 1.26162e-05 4.67376e-07 
1.21409e-09 7.52688e-08 5.03391e-07 6.52507e-06 0.000263479 0.00282399 0.017025 0.0440134 0.920093 0.0157736 
2.14827e-15 3.26955e-14 1.49291e-13 1.27745e-11 1.6034e-09 4.71387e-08 3.17766e-06 0.000262253 0.00826708 0.991467 
8.04046e-10 3.97781e-08 2.88209e-07 1.08007e-05 0.00164879 0.0132882 0.0502067 0.891985 0.035634 0.00722629 
4.34272e-09 2.21504e-07 2.06139e-06 9.41404e-05 0.00226876 0.0228618 0.0783226 0.867458 0.0252102 0.00378228 
1.64299e-10 2.75142e-09 1.94336e-08 1.73262e-06 0.000257144 0.00126216 0.00998829 0.0494747 0.9096 0.0294164 
0.00312788 0.027549 0.0896955 0.198402 0.647996 0.0316275 0.00154792 5.22808e-05 1.58899e-06 8.00465e-08 
1.10549e-11 1.85619e-10 1.39582e-09 1.23892e-07 1.94447e-05 1.02627e-05 0.00013775 0.00277495 0.0207649 0.976293 
4.01929e-11 6.68616e-10 4.62147e-09 4.01748e-07 6.33843e-05 2.71202e-05 0.000288304 0.00377796 0.0291499 0.966693 
0.000434377 0.00505688 0.0467757 0.255659 0.392438 0.282988 0.0157788 0.000846713 2.18591e-05 9.19768e-07 
9.80575e-11 1.72456e-09 1.57284e-08 7.78681e-07 4.87745e-05 0.000352939 0.00183937 0.0124691 0.256417 0.728872 
1.22725e-09 4.87125e-08 3.44313e-07 9.21548e-06 0.000607968 0.00648623 0.0453214 0.895225 0.042544 0.00980569 
6.56387e-15 1.29972e-13 1.42125e-12 9.76229e-11 7.31898e-09 1.81757e-07 0.000116834 0.00837967 0.965803 0.0256999 
0.894008 0.0893447 0.0146838 0.00185385 0.000100808 8.33593e-06 2.06425e-07 5.15282e-09 1.90363e-10 4.55828e-12 
4.60624e-14 8.60776e-13 8.44654e-12 5.96802e-10 5.22597e-08 5.59048e-07 1.68032e-05 0.000958948 0.0159428 0.983081 
3.16263e-08 1.29422e-06 2.46398e-05 0.0012092 0.0201947 0.597511 0.323465 0.0494311 0.00773579 0.000426847 
8.21491e-23 4.92318e-20 1.44727e-17 1.32171e-14 1.20092e-12 6.73933e-10 3.21492e-08 2.22645e-06 0.000318986 0.999679 
1.67963e-15 3.00406e-14 2.60667e-13 2.0195e-11 2.28021e-09 1.62768e-08 4.80756e-07 8.72617e-05 0.00379917 0.996113 
2.59564e-09 1.55632e-07 1.03082e-06 1.40632e-05 0.000589813 0.00741951 0.0491625 0.895377 0.0415648 0.00587096 
5.22574e-13 1.02427e-11 1.09997e-10 7.44946e-09 5.70898e-07 4.29584e-06 8.35905e-05 0.00197388 0.0238736 0.974064 
2.30305e-07 7.49838e-06 5.42312e-05 0.00217967 0.0286757 0.805272 0.118717 0.0403449 0.00455527 0.000193599 
2.54272e-08 1.00752e-06 1.52471e-05 0.000612841 0.00990417 0.0597944 0.839015 0.0733403 0.014965 0.00235168 
9.56175e-11 1.59364e-09 1.08251e-08 9.41625e-07 0.000138587 0.000194252 0.00190315 0.0219268 0.0739955 0.901841 
5.12289e-10 1.62296e-08 1.14767e-07 3.62172e-06 0.00018941 0.00142773 0.00721543 0.0341584 0.910487 0.0465178 
1.40728e-10 2.32457e-09 1.49587e-08 1.27425e-06 0.000182209 0.000506394 0.00338952 0.02447 0.0579195 0.913531 
9.19848e-06 0.0008397 0.00254478 0.0293353 0.727911 0.169595 0.0611384 0.00835338 0.000257065 1.63074e-05 
3.2305e-06 0.000224146 0.000481011 0.00685128 0.0319127 0.0923907 0.824357 0.0405603 0.00310235 0.000117383 
1.23633e-10 2.02647e-09 1.31103e-08 1.12574e-06 0.000164307 0.000414614 0.0026115 0.026036 0.925319 0.045453 
8.61965e-15 1.63004e-13 1.68391e-12 1.22363e-10 1.14479e-08 1.19767e-07 4.75149e-06 0.00054636 0.0136574 0.985791 
8.41907e-11 1.42029e-09 1.01177e-08 9.58993e-07 0.00018568 0.00169804 0.0221173 0.0649351 0.881868 0.0291952 
1.52926e-10 2.54958e-09 1.70383e-08 1.46915e-06 0.000214504 0.000534657 0.00380628 0.0351666 0.929923 0.0303537 
4.02663e-13 7.86278e-12 8.3882e-11 5.72508e-09 4.50875e-07 3.37616e-06 6.18797e-05 0.00110022 0.0122146 0.986619 
0.00315149 0.0244185 0.0733751 0.833337 0.0550343 0.0101286 0.00053373 2.08866e-05 7.22363e-07 3.1077e-08 
4.27795e-13 8.41627e-12 9.13954e-11 6.1757e-09 4.68111e-07 3.67573e-06 6.6755e-05 0.00152157 0.0219484 0.976459 
6.65316e-13 1.30367e-11 1.3997e-10 9.46876e-09 7.23487e-07 5.44798e-06 9.77346e-05 0.00206406 0.016347 0.981485 
8.59633e-14 1.74942e-12 2.03033e-11 1.33902e-09 9.17587e-08 6.74684e-07 9.19483e-06 0.000101106 0.00148956 0.998399 
1.96481e-08 8.08673e-07 1.75286e-05 0.000650163 0.0081484 0.0469581 0.0971529 0.824682 0.0196147 0.00277494 
0.000942787 0.00988684 0.0339071 0.133943 0.732716 0.0785663 0.00981864 0.000212109 6.58328e-06 2.72092e-07 
2.135e-10 3.53871e-09 2.33641e-08 2.01902e-06 0.000292826 0.000649005 0.00493052 0.0385505 0.90867 0.0469054 
3.43451e-06 0.000205818 0.00156974 0.0124608 0.766777 0.156961 0.0553685 0.00646548 0.000177471 1.08814e-05 
1.95624e-07 1.53734e-05 0.000168284 0.01066 0.744434 0.138503 0.0787278 0.0241497 0.00319156 0.000150303 
1.9367e-13 3.63089e-12 3.60917e-11 2.59217e-09 2.33469e-07 2.78816e-06 0.000270401 0.0106544 0.937861 0.0512112 
7.75669e-08 5.21554e-06 3.073e-05 0.00114254 0.0141528 0.0730094 0.842324 0.0622968 0.00683734 0.00020085 
2.30117e-08 9.38959e-07 1.67749e-05 0.000620028 0.0092239 0.0561926 0.87978 0.0458723 0.007658 0.00063551 
8.26262e-07 1.33997e-05 3.48415e-05 0.00144093 0.0138208 0.0611592 0.86008 0.0467784 0.0138448 0.00282658 
0.00304144 0.0376444 0.673289 0.206599 0.0636709 0.0145965 0.00110842 4.79398e-05 1.90292e-06 7.54246e-08 
0.0314471 0.655822 0.275115 0.0333001 0.00416273 0.000146643 6.13311e-06 1.7524e-07 8.30804e-09 1.56412e-10 
3.1502e-06 0.000197619 0.00137848 0.029502 0.113642 0.145695 0.699327 0.00988562 0.000349388 1.93988e-05 
5.40541e-13 1.08138e-11 1.1984e-10 9.71542e-09 7.1169e-07 1.33031e-05 0.000125912 0.00797993 0.940037 0.0518436 
1.99761e-08 9.1503e-07 1.80771e-05 0.000772639 0.00939343 0.0593888 0.858144 0.0553999 0.0143476 0.00253489 
1.20532e-10 2.00635e-09 1.30185e-08 1.0972e-06 0.000156878 0.000467406 0.002694 0.0227648 0.934214 0.0397017 
4.66373e-13 9.15443e-12 9.90489e-11 6.7078e-09 5.12128e-07 4.12363e-06 8.61168e-05 0.00221772 0.0269896 0.970702 
4.33911e-05 0.00238671 0.0102043 0.665746 0.177858 0.11142 0.0294253 0.00283275 7.99203e-05 3.37778e-06 
4.13985e-10 1.56042e-08 1.01031e-07 3.66072e-06 0.00042444 0.00222597 0.0216139 0.867246 0.0824862 0.0259995 
8.25435e-10 3.85796e-08 2.74844e-07 6.83615e-06 0.000477368 0.00452771 0.0329009 0.889348 0.057302 0.0154372 
2.13818e-24 2.54401e-21 8.25529e-19 7.22861e-16 9.31897e-14 7.64548e-11 1.35834e-08 3.64759e-06 0.000220883 0.999775 
6.93906e-10 4.44442e-08 2.82845e-07 3.22578e-06 0.00018584 0.000858826 0.00390671 0.023918 0.919455 0.0516723 
2.85628e-33 1.05599e-29 4.0209e-26 1.95358e-22 2.0576e-18 2.86406e-15 1.18539e-11 7.07867e-08 0.000628171 0.999372 
3.0993e-13 6.23312e-12 7.07754e-11 4.67291e-09 3.21255e-07 2.61895e-06 5.4903e-05 0.000941549 0.0120436 0.986957 
9.4943e-11 1.55157e-09 9.44705e-09 7.78868e-07 0.000112452 0.000272379 0.00221813 0.0196844 0.0502329 0.927479 
4.62867e-13 9.12202e-12 9.9212e-11 6.68786e-09 5.02546e-07 3.87638e-06 7.28953e-05 0.00195688 0.92368 0.0742858 
2.08534e-10 3.44834e-09 2.23156e-08 1.90085e-06 0.000277208 0.00111586 0.794399 0.0757066 0.0835444 0.0449546 
1.50647e-06 8.69527e-05 0.000459302 0.00969473 0.223023 0.0904079 0.378477 0.296926 0.00089055 3.31569e-05 
2.66562e-08 1.12449e-06 2.22384e-05 0.00126635 0.0180612 0.817376 0.1178 0.0407502 0.00450389 0.00021975 
2.98983e-11 4.7573e-10 2.21406e-09 1.51598e-07 1.40066e-05 0.000285081 0.00204819 0.0252393 0.933111 0.0393025 
4.13468e-12 9.91019e-11 1.11365e-09 9.88168e-08 6.46024e-06 0.000177288 0.00108236 0.0214923 0.926635 0.0506061 
1.27831e-08 5.57366e-07 1.02875e-05 0.000476612 0.004549 0.0269557 0.0617192 0.884894 0.0192733 0.0021216 
1.73216e-10 2.86075e-09 1.85282e-08 1.59269e-06 0.000242914 0.000696943 0.00581491 0.0441283 0.916607 0.0325078 
0.00164599 0.023125 0.0986372 0.768197 0.0870236 0.0198697 0.00144448 5.50178e-05 1.98031e-06 7.92217e-08 
5.26354e-13 1.03522e-11 1.12194e-10 7.59966e-09 5.82122e-07 4.38678e-06 7.27332e-05 0.00122571 0.0114247 0.987272 
4.68039e-13 9.18887e-12 9.90875e-11 6.67548e-09 5.01409e-07 3.83639e-06 7.17539e-05 0.00157606 0.0168599 0.981488 
3.0553e-13 5.91637e-12 6.20812e-11 4.24374e-09 3.36844e-07 2.71553e-06 5.65837e-05 0.00158457 0.0193495 0.979006 
2.08371e-06 7.51111e-05 0.000223223 0.00531855 0.0517567 0.850023 0.0746764 0.0162347 0.00161726 7.32817e-05 
4.61068e-26 8.46191e-23 3.04293e-20 3.26212e-17 7.65051e-15 4.09334e-12 2.64209e-09 1.53072e-06 0.000475408 0.999523 
3.84487e-16 5.6973e-15 2.32146e-14 3.62141e-12 3.5084e-10 2.87058e-08 2.24876e-06 0.000439588 0.0127251 0.986833 
3.64312e-28 6.79843e-25 3.20051e-22 5.48026e-19 3.33066e-16 2.08752e-13 2.29165e-10 2.28796e-07 0.000594812 0.999405 
6.13305e-09 2.6883e-07 2.14767e-06 4.09689e-05 0.00110336 0.0100094 0.0468529 0.899306 0.0372127 0.00547219 
0.000486996 0.0079252 0.0373707 0.655536 0.189866 0.0852505 0.0234474 0.0001154 2.21672e-06 6.69233e-08 
1.73324e-09 1.0093e-07 7.38408e-07 1.80114e-05 0.00214613 0.0192223 0.86918 0.0780963 0.0273403 0.00399614 
1.41747e-13 2.72917e-12 2.82843e-11 1.92644e-09 1.5035e-07 1.34222e-06 3.37938e-05 0.00130131 0.0204881 0.978175 
6.03611e-22 2.82686e-19 7.03216e-17 5.53185e-14 4.46419e-12 1.91546e-09 2.09201e-07 3.47095e-05 0.0020335 0.997932 
9.96757e-09 4.98798e-07 6.71665e-06 0.000337634 0.00404636 0.028212 0.832257 0.0972708 0.0330996 0.0047692 
3.29431e-10 1.59388e-08 1.03769e-07 2.1907e-06 0.000223999 0.000669056 0.00741397 0.875523 0.0877205 0.0284476 
1.45291e-06 3.27138e-05 8.88144e-05 0.00297497 0.0401417 0.822203 0.0976476 0.0326903 0.00406496 0.000154287 
2.66716e-09 1.54625e-07 1.43537e-06 0.000189367 0.00736735 0.640629 0.244504 0.0727311 0.0294602 0.00511702 
1.14803e-07 1.37287e-05 0.000479087 0.00931609 0.594044 0.264139 0.089651 0.0374088 0.00475232 0.000195402 
4.78817e-07 4.99128e-05 0.000523764 0.0101569 0.753354 0.158001 0.0615609 0.0145211 0.00175889 7.30967e-05 
3.04204e-11 4.70413e-10 1.71294e-09 7.74384e-08 6.10123e-06 9.9591e-05 0.00134665 0.0176998 0.0607657 0.920082 
2.89314e-08 1.17112e-06 2.19256e-05 0.000874296 0.0151994 0.0771943 0.85748 0.0441871 0.00482026 0.000221978 
1.76879e-08 7.26153e-07 1.38365e-05 0.00049942 0.00678912 0.0442838 0.879727 0.0542392 0.0131525 0.00129432 
1.28264e-08 4.62639e-07 5.86078e-06 0.000166451 0.00341511 0.0180708 0.044489 0.91029 0.0217584 0.00180351 
1.44529e-10 2.4077e-09 1.79148e-08 1.7864e-06 0.000313906 0.00323005 0.588919 0.345936 0.0467695 0.0148296 
2.71087e-05 0.00135691 0.0063636 0.0894958 0.229871 0.350795 0.317412 0.00455989 0.000114699 2.9746e-06 
5.12155e-13 9.9946e-12 1.06822e-10 7.26388e-09 5.63167e-07 4.57966e-06 0.000101524 0.00275 0.0313677 0.965776 
1.82823e-10 4.26137e-09 2.66756e-08 1.59535e-06 0.000174539 0.000664853 0.00447234 0.0311003 0.688336 0.275251 
0.00609173 0.383287 0.529804 0.0699968 0.00987157 0.000904599 4.28602e-05 1.24416e-06 4.88597e-08 1.35129e-09 
1.93044e-06 9.44948e-05 0.000335483 0.00610007 0.0437631 0.836427 0.0963433 0.0161985 0.000717634 1.8382e-05 
7.63706e-13 1.49721e-11 1.61108e-10 1.09134e-08 8.3586e-07 6.44205e-06 0.000124923 0.00300232 0.912317 0.0845489 
2.75911e-07 3.02129e-05 0.000140145 0.00284197 0.0220801 0.0790586 0.85185 0.0400419 0.00382007 0.000137057 
6.74176e-13 1.32989e-11 1.4523e-10 9.7658e-09 7.27245e-07 5.83767e-06 0.000107667 0.00231216 0.0233905 0.974183 
2.01601e-06 9.89948e-05 0.000351744 0.00690579 0.0493739 0.834676 0.0931898 0.0149522 0.000434929 1.46189e-05 
0.0024667 0.0335252 0.135165 0.706455 0.0980176 0.0225958 0.00171068 6.1877e-05 2.46524e-06 8.38807e-08 
3.84936e-13 7.58929e-12 8.28537e-11 5.58234e-09 4.13543e-07 3.83242e-06 0.00025354 0.00929807 0.934508 0.0559359 
1.50083e-09 8.92721e-08 5.87176e-07 7.73047e-06 0.000287171 0.00395894 0.021343 0.0559489 0.898455 0.0199984 
1.13896e-08 4.08322e-07 5.09133e-06 0.00013652 0.00390723 0.0301903 0.867275 0.0722286 0.0228964 0.00335995 
2.58561e-08 1.08325e-06 1.98936e-05 0.000788581 0.00785153 0.0400787 0.0777753 0.856147 0.0162745 0.00106315 
3.24103e-13 6.31081e-12 6.6873e-11 4.55722e-09 3.5738e-07 2.71339e-06 5.29723e-05 0.00123512 0.00930111 0.989408 
5.63616e-13 1.11423e-11 1.22214e-10 8.22258e-09 6.12848e-07 4.8677e-06 9.53543e-05 0.0024496 0.0287697 0.96868 
4.06528e-09 1.96702e-07 1.71381e-06 5.82765e-05 0.00373598 0.031981 0.858561 0.0727622 0.0282151 0.00468455 
5.47192e-19 9.25497e-18 8.5468e-17 8.57349e-15 1.37263e-12 1.58267e-11 8.67715e-10 6.56225e-07 0.00183301 0.998166 
1.31125e-06 5.65951e-05 0.000232381 0.00506699 0.0468409 0.12063 0.800407 0.02428 0.00238643 9.8184e-05 
5.77427e-09 2.43974e-07 3.21144e-06 0.000189482 0.00286222 0.0194908 0.0562169 0.887176 0.0298226 0.00423814 
1.46654e-06 8.81322e-05 0.000465322 0.0077903 0.0625534 0.810201 0.0789351 0.0286283 0.0101004 0.00123626 
3.81168e-09 1.72714e-07 1.31894e-06 4.28806e-05 0.0032172 0.024539 0.867146 0.0755401 0.0255815 0.00393143 
1.21678e-10 2.18732e-09 1.46309e-08 1.07238e-06 0.000126309 0.000687709 0.00494285 0.0387627 0.924449 0.0310303 
2.48279e-07 2.85094e-05 0.000115935 0.00348211 0.0469333 0.826424 0.0877519 0.0316525 0.0034611 0.000150702 
1.53411e-09 8.93276e-08 5.87446e-07 7.71096e-06 0.000184599 0.00273865 0.0116246 0.0398845 0.922564 0.0229951 
4.78624e-13 9.33446e-12 9.95863e-11 6.77104e-09 5.25476e-07 4.24949e-06 8.96084e-05 0.00240635 0.927935 0.0695641 
4.75999e-07 9.33247e-06 5.9231e-05 0.00222935 0.0360087 0.856156 0.0764684 0.025323 0.00357529 0.000170612 
1.09371e-11 1.64881e-10 6.17285e-10 3.59456e-08 2.18016e-06 0.000180974 0.00986809 0.892117 0.0486139 0.049218 
0.000989166 0.0188919 0.291463 0.570745 0.0910226 0.0248259 0.00199927 6.07271e-05 2.2353e-06 8.34636e-08 
1.06064e-11 1.75638e-10 1.2263e-09 1.07299e-07 1.5106e-05 6.26145e-05 0.000975329 0.0172821 0.920425 0.0612402 
1.81992e-09 1.04566e-07 7.01535e-07 1.00945e-05 0.000370363 0.00536347 0.0368797 0.898182 0.0474522 0.0117413 
2.41672e-09 1.43929e-07 9.43325e-07 1.22779e-05 0.000493661 0.00588338 0.0363364 0.89488 0.0497568 0.0126364 
0.00133827 0.0132434 0.136779 0.693594 0.133547 0.0195372 0.00189723 6.16132e-05 2.17292e-06 8.84832e-08 
1.3656e-10 2.27522e-09 1.51358e-08 1.29531e-06 0.000188089 0.000428222 0.00340239 0.0311672 0.923961 0.040852 
5.26956e-06 0.000241813 0.00128425 0.0236029 0.0997013 0.801269 0.0645562 0.0090613 0.000263805 1.45902e-05 
2.15618e-10 3.60571e-09 2.72296e-08 2.60865e-06 0.000435975 0.00196626 0.0264424 0.893805 0.0560609 0.021287 
2.03779e-12 4.07628e-11 3.73147e-10 2.72061e-08 1.24314e-06 3.0329e-05 0.000353948 0.00500427 0.0319133 0.962697 
7.35774e-07 1.48078e-05 0.000237663 0.0074395 0.289701 0.566417 0.074361 0.0446093 0.0145407 0.00267833 
1.47095e-09 8.85777e-08 5.82605e-07 7.53671e-06 0.000226348 0.00322219 0.0225769 0.904544 0.0551741 0.0142485 
2.3173e-06 0.00010916 0.000303378 0.00778611 0.0701953 0.842046 0.0680349 0.010697 0.000784501 4.15827e-05 
5.34175e-10 1.76035e-08 1.18725e-07 6.06861e-06 0.000817362 0.00531815 0.0445733 0.886635 0.0506208 0.0120291 
2.44686e-08 9.97774e-07 1.58907e-05 0.000685956 0.00670519 0.0420006 0.857763 0.0705268 0.0195604 0.00274119 
3.78012e-07 7.04541e-06 3.70711e-05 0.00238108 0.69898 0.125227 0.0913251 0.0504983 0.0237022 0.00784134 
4.59586e-13 8.95888e-12 9.60741e-11 6.69633e-09 5.40739e-07 6.14885e-06 0.000565123 0.0124475 0.0554886 0.931492 
3.15195e-13 6.07881e-12 6.35894e-11 4.39272e-09 3.55495e-07 3.38956e-06 0.000224112 0.00952016 0.934015 0.0562366 
1.156e-10 1.92535e-09 1.2972e-08 1.18163e-06 0.000199705 0.000747617 0.00863603 0.869137 0.0910989 0.0301792 
1.85457e-12 2.97444e-11 1.68015e-10 1.06305e-08 8.40421e-07 1.09115e-05 0.00056979 0.00725579 0.0311338 0.961029 
3.19061e-09 1.85862e-07 1.40091e-06 3.58616e-05 0.0026645 0.0279507 0.812443 0.104648 0.0436363 0.00861942 
1.12167e-10 1.89428e-09 1.36568e-08 1.25588e-06 0.000177697 0.000733876 0.00407877 0.0292975 0.0756135 0.890097 
1.31779e-10 2.15282e-09 1.35564e-08 1.16256e-06 0.000169288 0.000388184 0.00302111 0.0327464 0.931125 0.0325485 
7.30345e-14 1.35721e-12 1.32848e-11 9.55525e-10 8.79562e-08 9.10654e-07 2.86628e-05 0.000883606 0.0142682 0.984819 
5.82204e-13 1.14294e-11 1.23374e-10 8.35288e-09 6.39018e-07 4.89562e-06 8.55408e-05 0.00184797 0.0221638 0.975897 
8.94734e-07 2.04177e-05 6.88363e-05 0.00212089 0.0244298 0.791055 0.131967 0.0455062 0.00465339 0.000177148 
2.43192e-11 4.00209e-10 2.55964e-09 2.12076e-07 3.14873e-05 6.63652e-05 0.000949683 0.0131145 0.914194 0.071644 
7.35304e-06 0.000264165 0.000481696 0.00578923 0.032089 0.0840695 0.851554 0.0245934 0.00109295 5.89018e-05 
0.0112344 0.063643 0.151725 0.711573 0.0522272 0.00900624 0.000565533 2.45884e-05 1.28676e-06 3.18111e-08 
1.16657e-16 1.71726e-15 5.193e-15 2.36863e-13 1.18526e-11 1.36728e-09 1.92307e-07 5.88984e-05 0.00543443 0.994506 
6.27934e-25 1.15025e-21 4.04701e-19 4.10801e-16 9.3009e-14 5.30527e-11 5.8497e-08 4.74227e-05 0.00290356 0.997049 
2.8758e-13 5.59627e-12 5.90995e-11 3.99832e-09 3.05884e-07 2.34366e-06 4.8027e-05 0.00136481 0.0175506 0.981034 
3.16567e-08 1.22476e-06 2.1409e-05 0.000897113 0.0160477 0.80161 0.129295 0.0471537 0.00478958 0.000183903 
2.94089e-11 4.60815e-10 2.61537e-09 1.84976e-07 1.80461e-05 0.000549315 0.0121142 0.898641 0.0546793 0.0339981 
1.63671e-09 8.7798e-08 5.91232e-07 1.01338e-05 0.000570194 0.00606844 0.0305114 0.0695502 0.874517 0.0187719 
2.00497e-10 3.54293e-09 2.76267e-08 2.29908e-06 0.000335441 0.00183808 0.0151233 0.0495061 0.90617 0.0270246 
1.24534e-05 0.000884932 0.0048271 0.0359772 0.411519 0.142553 0.382256 0.0205758 0.00134525 4.96323e-05 
1.76697e-06 9.85122e-05 0.000499733 0.0100883 0.0586821 0.12584 0.791343 0.0130372 0.000393698 1.50353e-05 
0.00053241 0.00628338 0.0287021 0.114045 0.766544 0.0750565 0.00852108 0.000304355 1.00311e-05 4.03821e-07 
1.6079e-14 3.18973e-13 3.56591e-12 2.45042e-10 1.95995e-08 1.72705e-07 3.1438e-06 5.63869e-05 0.00265363 0.997287 
6.71522e-09 3.77252e-07 6.18131e-06 0.0003237 0.00292708 0.021293 0.868572 0.0782546 0.0253926 0.0032304 
2.2073e-13 4.35567e-12 4.74742e-11 3.20873e-09 2.40122e-07 2.06068e-06 7.95371e-05 0.00140501 0.191789 0.806724 
5.02049e-06 0.000310078 0.00564652 0.342385 0.416401 0.15789 0.0685415 0.00856155 0.000244335 1.46449e-05 
4.44821e-12 8.63798e-11 6.82358e-10 4.77823e-08 4.69067e-06 2.65071e-05 0.000663653 0.0125283 0.918091 0.068686 
3.28145e-08 1.27485e-06 2.32896e-05 0.000886129 0.0116129 0.0592673 0.84882 0.0678339 0.0109554 0.000600029 
1.41216e-10 2.36039e-09 1.65455e-08 1.38218e-06 0.000198749 0.000522772 0.00599106 0.8975 0.0723033 0.0234824 
7.15018e-07 6.00567e-05 0.000199951 0.00287575 0.0224917 0.0796517 0.85696 0.034732 0.00291268 0.000115451 
1.01277e-11 1.77029e-10 1.16093e-09 9.24968e-08 1.0299e-05 0.000200143 0.000677514 0.00720883 0.924406 0.0674969 
1.22614e-09 6.97113e-08 4.6356e-07 7.41663e-06 0.00042347 0.00481751 0.0310287 0.902507 0.0498181 0.011397 
0.000676022 0.0212827 0.588716 0.132473 0.148834 0.0906315 0.0164494 0.000901188 3.45769e-05 1.3958e-06 
1.905e-09 1.14751e-07 7.55552e-07 1.03219e-05 0.000416256 0.00508793 0.0330235 0.926729 0.0299746 0.00475783 
1.03263e-11 3.31219e-10 8.11835e-09 8.87853e-07 0.00022219 0.00208946 0.0250164 0.938036 0.0270057 0.00762904 
1.57404e-06 6.66484e-05 0.000248772 0.00739929 0.0613572 0.828938 0.0808353 0.0191652 0.00188952 9.84173e-05 
8.09656e-13 1.6063e-11 1.76868e-10 1.18034e-08 8.55518e-07 6.54848e-06 0.000105716 0.00225788 0.0234434 0.974186 
8.20613e-09 3.41016e-07 3.78398e-06 0.000110505 0.00155092 0.00915968 0.0430081 0.91312 0.0297509 0.00329528 
2.4126e-06 0.000138885 0.000485923 0.00881415 0.0609028 0.81835 0.0961878 0.0146953 0.000405629 1.68053e-05 
2.4658e-11 4.16001e-10 2.86468e-09 2.34204e-07 3.5106e-05 2.24509e-05 0.000416761 0.00633028 0.0357329 0.957462 
3.98598e-13 7.81565e-12 8.44226e-11 6.04872e-09 4.5804e-07 5.68449e-06 0.000337293 0.0127699 0.923049 0.0638381 
1.79583e-10 3.7809e-09 3.99841e-08 2.19733e-06 0.000202654 0.00100992 0.00552361 0.0294854 0.925909 0.0378673 
3.88806e-10 1.4303e-08 1.25953e-07 6.42251e-06 0.000752174 0.0071577 0.0420532 0.883999 0.0513313 0.0147004 
1.46606e-10 2.48699e-09 1.83152e-08 1.55757e-06 0.000225348 0.000810135 0.00553102 0.036196 0.930108 0.0271282 
6.74358e-08 2.00715e-06 4.14612e-05 0.00403511 0.0518941 0.790841 0.104412 0.0428205 0.00567425 0.00027907 
6.20893e-14 1.22878e-12 1.35796e-11 9.0626e-10 6.52961e-08 5.83477e-07 1.8629e-05 0.000456143 0.00670894 0.992816 
2.71767e-08 1.10012e-06 2.09439e-05 0.00073349 0.0107522 0.064804 0.866822 0.0492614 0.00706111 0.000543658 
1.63072e-06 0.000133918 0.000878726 0.0169179 0.760298 0.157655 0.0562755 0.00761474 0.000212918 1.22696e-05 
1.12631e-10 1.86188e-09 1.21563e-08 1.07127e-06 0.000154312 0.00075231 0.00890432 0.308075 0.659715 0.022398 
0.000199207 0.00684877 0.0400655 0.16934 0.484196 0.288235 0.0106057 0.000489402 1.98182e-05 7.28896e-07 
1.01141e-05 0.000932456 0.00501624 0.052204 0.804344 0.101536 0.0306442 0.00514198 0.000159519 1.0922e-05 
4.48507e-13 8.80835e-12 9.55133e-11 6.44664e-09 4.86719e-07 4.0374e-06 9.1225e-05 0.00381396 0.0299462 0.966144 
1.25113e-10 2.08839e-09 1.35262e-08 1.11378e-06 0.000150462 0.000572345 0.00468292 0.850978 0.0997087 0.0439062 
1.06666e-09 5.98279e-08 4.11244e-07 7.3684e-06 0.000569968 0.00626645 0.0456083 0.90819 0.0345633 0.00479461 
0.000100675 0.00319466 0.0228901 0.102651 0.763887 0.0910567 0.015193 0.000989752 3.57156e-05 1.72164e-06 
1.81799e-10 3.06392e-09 2.14434e-08 1.82793e-06 0.000262462 0.000878512 0.00553213 0.0414907 0.915247 0.0365871 
3.35957e-13 6.63477e-12 7.23257e-11 4.8716e-09 3.65678e-07 2.62339e-06 4.45309e-05 0.0010574 0.0192027 0.979692 
4.21143e-13 8.27284e-12 9.06524e-11 6.42204e-09 5.47379e-07 5.37656e-06 0.000287929 0.00572593 0.328268 0.665712 
4.69983e-10 1.2011e-08 9.45525e-08 5.14769e-06 0.000560448 0.00544997 0.0431226 0.904878 0.0383673 0.00761645 
2.18493e-12 3.3036e-11 1.24452e-10 6.391e-09 3.51622e-07 4.66627e-06 0.000112011 0.00324925 0.0228369 0.973797 
0.0184728 0.107738 0.708185 0.128785 0.0309022 0.00539906 0.000500161 1.63476e-05 7.54304e-07 2.21576e-08 
9.19552e-10 5.31208e-08 3.5972e-07 6.16971e-06 0.000618594 0.00450506 0.0363484 0.897203 0.0497115 0.0116073 
8.97124e-09 3.94725e-07 6.36975e-06 0.000186619 0.00309507 0.0158611 0.67788 0.279906 0.0209511 0.0021132 
1.3966e-10 2.32155e-09 1.54548e-08 1.29504e-06 0.000193754 0.000211839 0.00131744 0.0131816 0.0453646 0.939729 
4.32186e-05 0.0025891 0.0112079 0.0740322 0.812673 0.0873381 0.0116702 0.000430568 1.48472e-05 5.84261e-07 
6.32444e-13 1.0519e-11 6.73196e-11 4.97022e-09 4.30616e-07 1.30879e-05 0.00106341 0.022529 0.924682 0.0517125 
8.21102e-13 1.61559e-11 1.76417e-10 1.21802e-08 9.82892e-07 8.20732e-06 0.000235477 0.00379811 0.0333155 0.962642 
1.08012e-06 8.57161e-05 0.000314447 0.00562389 0.034384 0.0855261 0.854973 0.0183413 0.000732431 1.76945e-05 
9.38205e-15 1.4358e-13 6.14819e-13 4.79951e-11 5.43341e-09 1.67875e-07 1.34058e-05 0.00076545 0.0131694 0.986052 
0.0045017 0.0356503 0.125269 0.700013 0.107321 0.0253731 0.00180735 6.27644e-05 2.0669e-06 9.07754e-08 
8.06116e-11 1.30797e-09 7.56371e-09 6.07422e-07 8.21336e-05 0.000362576 0.00233962 0.0162997 0.0457954 0.93512 
5.85001e-13 1.15175e-11 1.24948e-10 8.43285e-09 6.37366e-07 4.80641e-06 8.34414e-05 0.00188101 0.0230819 0.974948 
2.97506e-16 4.42502e-15 1.46994e-14 7.9452e-13 5.72572e-11 2.64381e-09 1.85807e-07 1.14247e-05 0.000314773 0.999674 
1.53848e-10 2.54516e-09 1.73687e-08 1.85322e-06 0.000309521 0.00713172 0.852314 0.0630448 0.057225 0.019973 
3.14422e-11 4.92075e-10 2.15263e-09 1.34932e-07 1.4508e-05 0.000262293 0.00178105 0.0213254 0.0707485 0.905868 
1.01851e-27 2.08437e-24 2.30409e-21 6.89078e-18 1.45319e-14 1.24289e-11 2.99344e-08 3.04703e-05 0.00286803 0.997101 
4.22787e-22 9.40257e-20 1.34226e-17 7.88945e-15 9.90206e-13 3.61945e-10 1.15621e-07 7.49033e-05 0.00592165 0.994003 
1.12341e-10 1.90239e-09 1.28836e-08 1.08579e-06 0.00015247 0.000363591 0.00315794 0.0230225 0.0546943 0.918608 
1.61412e-10 2.85229e-09 2.5169e-08 2.39883e-06 0.000436874 0.00260654 0.0272302 0.888912 0.061954 0.0188577 
2.0329e-30 3.85484e-27 2.26799e-24 4.83112e-21 3.75247e-18 2.95261e-15 5.59768e-12 2.68281e-08 0.000273375 0.999727 
2.45298e-06 0.000142608 0.000532299 0.00971948 0.0630453 0.139674 0.764805 0.0212902 0.000764793 2.42857e-05 
7.43651e-13 1.48051e-11 1.60258e-10 1.07769e-08 8.16495e-07 6.26546e-06 0.000168229 0.00635753 0.0520932 0.941374 
1.69497e-14 3.18418e-13 3.11757e-12 2.14158e-10 1.65852e-08 1.92166e-07 8.11259e-06 0.000676555 0.0164993 0.982816 
2.23254e-13 4.40741e-12 4.77881e-11 3.20884e-09 2.37963e-07 1.57344e-06 2.57704e-05 0.000672565 0.0146096 0.98469 
9.13217e-12 1.49945e-10 6.54513e-10 3.26462e-08 3.84372e-06 3.9679e-05 0.00114914 0.0203101 0.933848 0.0446492 
1.43509e-11 2.38698e-10 1.81336e-09 1.71681e-07 2.45326e-05 5.63453e-05 0.000364361 0.00449295 0.0368243 0.958237 
0.00914889 0.0667897 0.752153 0.131489 0.0344891 0.00548443 0.000439975 5.9962e-06 2.53086e-07 3.98228e-09 
7.10988e-13 1.39667e-11 1.50967e-10 1.02122e-08 7.78066e-07 6.01451e-06 0.000121919 0.00507566 0.0556174 0.939178 
4.50257e-09 2.39072e-07 3.18711e-06 8.53438e-05 0.00312262 0.0306569 0.849267 0.0812089 0.0308372 0.00481817 
1.77124e-06 8.20453e-05 0.000285504 0.00617446 0.0587283 0.859518 0.0640261 0.0105511 0.000612252 1.99983e-05 
2.41202e-10 5.55791e-09 3.23325e-08 1.72689e-06 0.000141816 0.000956408 0.00917284 0.870572 0.0893574 0.0297974 
6.9424e-08 4.85145e-06 2.65058e-05 0.000706211 0.0120129 0.0663059 0.829584 0.072577 0.0170395 0.00174316 
4.93098e-09 1.66413e-07 1.9193e-06 6.8065e-05 0.00456441 0.0419933 0.877077 0.0561576 0.0172189 0.00291816 
1.9787e-09 1.16531e-07 7.75554e-07 1.24237e-05 0.000553332 0.00624817 0.0428727 0.914263 0.0318691 0.00418015 
1.9304e-06 6.45599e-05 0.000213803 0.00569022 0.0523571 0.803116 0.096349 0.0350647 0.00657845 0.000564096 
3.65597e-09 1.49349e-07 1.57344e-06 8.46471e-05 0.00328583 0.0310623 0.829753 0.0867841 0.0392605 0.00976758 
6.26514e-13 1.24017e-11 1.36593e-10 9.17805e-09 6.7898e-07 5.62241e-06 0.000123056 0.0036152 0.0330267 0.963229 
9.06667e-11 1.53668e-09 1.0675e-08 9.27435e-07 0.00012438 0.000386294 0.0025492 0.0155197 0.0539619 0.927458 
2.97849e-06 0.000134839 0.000418578 0.00817425 0.0653573 0.848815 0.0678795 0.00896294 0.000240911 1.32942e-05 
5.73798e-11 9.6647e-10 6.83282e-09 6.01762e-07 8.83183e-05 0.000167532 0.00159898 0.020969 0.907081 0.0700946 
8.83941e-05 0.00527773 0.0189956 0.0966363 0.765338 0.099957 0.0131521 0.000534497 1.98026e-05 7.71624e-07 
0.00675004 0.041427 0.649401 0.19872 0.0851759 0.0174132 0.00107728 3.47022e-05 1.58071e-06 3.70532e-08 
1.93275e-10 3.20935e-09 2.10493e-08 1.79372e-06 0.000255225 0.000601914 0.00453284 0.742222 0.217243 0.0351441 
1.34258e-10 2.20085e-09 1.40452e-08 1.19768e-06 0.000173096 0.000417021 0.00288724 0.0212544 0.0525779 0.922689 
4.82614e-12 8.59255e-11 6.98874e-10 5.7488e-08 8.27976e-06 1.02098e-05 0.000586232 0.0142085 0.940408 0.044779 
6.83574e-06 0.000664485 0.00369499 0.231924 0.579546 0.121187 0.0529593 0.0094836 0.000510046 2.30155e-05 
2.20728e-10 3.6733e-09 2.4809e-08 2.15247e-06 0.000318855 0.000473203 0.00359913 0.0316884 0.0887889 0.875129 
1.85413e-08 4.71395e-07 5.5832e-06 0.000200732 0.00270464 0.370359 0.424089 0.191255 0.00736014 0.00402524 
9.37901e-10 2.29353e-08 1.6893e-07 1.16047e-05 0.00127174 0.00797396 0.0448484 0.88714 0.0472527 0.0115018 
2.88901e-10 5.4836e-09 6.50382e-08 5.09587e-06 0.000859211 0.00513236 0.037374 0.882263 0.0578816 0.0164846 
8.33996e-07 6.99487e-05 0.000280183 0.0047446 0.0383696 0.0974015 0.843414 0.0149645 0.00070369 5.11558e-05 
