14307
1.72985e-10 4.15017e-08 4.88415e-07 4.42353e-06 0.000235927 0.00240607 0.021292 0.961233 0.0126894 0.00213881 
3.11268e-17 1.64307e-14 1.17399e-12 9.502e-11 1.19837e-08 1.55452e-07 1.66817e-05 0.00072045 0.498268 0.500994 
1.50064e-11 3.59624e-09 4.72813e-08 7.86608e-07 0.000181218 0.000750058 0.010797 0.949827 0.0295118 0.00893175 
2.14307e-10 5.48438e-08 6.6732e-07 1.68274e-05 0.0005041 0.00374087 0.0222676 0.95842 0.013531 0.00151837 
4.39814e-14 2.37923e-11 2.30205e-09 1.57415e-07 5.53167e-05 0.000150642 0.00111408 0.727358 0.259938 0.0113834 
0.018842 0.0630497 0.108031 0.760452 0.0433663 0.00611845 0.000138408 1.70854e-06 1.955e-07 2.67483e-09 
1.36265e-13 5.50742e-11 5.36024e-09 3.39726e-07 0.000132624 0.000198597 0.00123243 0.00770399 0.0258029 0.964929 
3.14647e-10 7.51347e-08 8.72731e-07 8.61881e-06 0.000379174 0.0038192 0.0284697 0.946727 0.0177103 0.00288521 
8.15281e-09 5.30099e-07 8.58994e-06 0.000429622 0.0068913 0.876528 0.052428 0.0430814 0.0175268 0.00310529 
1.24413e-13 5.68009e-11 5.34333e-09 3.49022e-07 0.000119971 0.000329747 0.00230891 0.0153659 0.969773 0.012102 
0.000210473 0.00480012 0.0338503 0.0916039 0.843384 0.023836 0.0022721 4.09317e-05 2.41208e-06 1.04491e-07 
2.42873e-05 0.00151911 0.0083436 0.0361517 0.0723599 0.860765 0.0196953 0.00111131 2.74565e-05 2.12546e-06 
3.18822e-16 1.60271e-13 1.01692e-11 8.72838e-10 9.62628e-08 9.71701e-07 6.91146e-05 0.00101341 0.0100024 0.988914 
1.68417e-14 6.52403e-12 1.35879e-09 4.23805e-08 5.89645e-07 5.74965e-05 0.000722268 0.00670657 0.0258675 0.966646 
1.47367e-08 1.13268e-06 2.89551e-05 0.00142784 0.0181172 0.892545 0.0598704 0.0238268 0.00408272 9.95798e-05 
3.38603e-11 8.18592e-09 1.02385e-07 1.67995e-06 0.000326094 0.00202983 0.0202407 0.940754 0.0304193 0.00622863 
1.27167e-13 5.62096e-11 5.89462e-09 3.5466e-07 0.000110587 0.000358016 0.00232272 0.0149233 0.0423057 0.939979 
1.40557e-06 0.000294796 0.00470448 0.0227641 0.0571415 0.888454 0.0232133 0.00336411 5.69691e-05 4.93693e-06 
2.17093e-08 3.59721e-06 6.04546e-05 0.00101802 0.0118067 0.0334178 0.0472911 0.902027 0.00419568 0.000179445 
0.000195601 0.0118818 0.639072 0.307526 0.0332057 0.00755152 0.000559804 7.09407e-06 2.59176e-07 1.29984e-08 
1.77115e-10 4.21503e-08 4.81378e-07 4.00344e-06 0.00034617 0.00314889 0.0233354 0.95746 0.0136518 0.00205362 
2.05031e-05 0.00109214 0.0049583 0.0299048 0.0629506 0.888516 0.0122605 0.000289154 7.82123e-06 3.76817e-07 
1.0893e-10 3.0342e-08 4.98941e-07 1.78219e-05 0.0016655 0.0176441 0.0437839 0.923597 0.0113635 0.00192728 
8.80089e-14 3.66485e-11 2.93988e-09 1.92571e-07 6.45694e-05 0.000174991 0.000963402 0.00662919 0.966489 0.0256787 
0.00154753 0.0209919 0.0614793 0.154322 0.721939 0.0363342 0.00333342 4.96636e-05 2.85377e-06 1.38352e-07 
2.47256e-12 8.7531e-10 1.85213e-08 1.19191e-06 0.000353553 0.00227355 0.0203434 0.0370413 0.933395 0.0065921 
7.84322e-18 4.00261e-15 2.72355e-13 2.26546e-11 2.50173e-09 3.52527e-08 5.88822e-06 0.000261084 0.00379902 0.995934 
1.80101e-16 9.03682e-14 5.6819e-12 4.90476e-10 5.29209e-08 5.34991e-07 3.66701e-05 0.000539678 0.0059977 0.993425 
3.44855e-16 1.79821e-13 1.24865e-11 2.35343e-09 1.49391e-07 7.22866e-06 0.000105099 0.00143159 0.975509 0.0229466 
0.000180335 0.0119922 0.763419 0.0963241 0.0836119 0.0400493 0.00426145 0.000155971 5.90031e-06 2.25689e-07 
2.11878e-05 0.00119598 0.0065473 0.0341836 0.0686703 0.0727909 0.814841 0.00172539 2.30465e-05 1.2718e-06 
3.11987e-05 0.0023852 0.0142068 0.0660762 0.12465 0.779288 0.012941 0.000408317 1.23565e-05 4.9414e-07 
0.0147617 0.0617838 0.824318 0.0825763 0.0154024 0.00111314 4.37307e-05 4.73278e-07 2.64241e-08 8.78875e-10 
1.16281e-05 0.00107013 0.00530281 0.0291062 0.0567733 0.899548 0.00795937 0.000224176 4.10878e-06 1.65719e-07 
4.29599e-10 6.27416e-08 7.81983e-07 6.37114e-06 0.000349314 0.00340272 0.0270978 0.949921 0.0166579 0.00256446 
6.45097e-14 2.94229e-11 2.92307e-09 1.78445e-07 5.69365e-05 0.000182135 0.00142861 0.0104915 0.981222 0.00661831 
1.14263e-13 5.35768e-11 6.07548e-09 3.55e-07 0.000122107 0.000291642 0.00222695 0.0163572 0.967572 0.01343 
2.39417e-06 0.00056522 0.00688345 0.03935 0.0815252 0.855673 0.0138706 0.00209882 2.82429e-05 2.70534e-06 
4.52009e-05 0.00323379 0.158453 0.727527 0.0687427 0.0361865 0.00564612 0.000159937 5.46493e-06 2.19797e-07 
4.20662e-13 1.27478e-10 6.30544e-09 3.57083e-07 0.000111508 0.000335598 0.00217471 0.013527 0.968283 0.0155681 
8.87838e-14 3.78813e-11 3.62188e-09 2.25765e-07 7.6477e-05 0.000228806 0.00186827 0.0118427 0.978298 0.0076855 
2.61362e-16 1.31797e-13 8.38957e-12 7.1942e-10 7.99964e-08 8.14655e-07 5.71823e-05 0.000865143 0.00942358 0.989653 
2.08824e-16 1.05289e-13 6.79954e-12 5.77463e-10 6.65323e-08 6.68813e-07 5.19656e-05 0.00101159 0.0104232 0.988512 
3.05753e-16 3.41774e-13 4.6071e-11 3.62267e-08 1.83936e-05 0.000344198 0.00960577 0.979122 0.0090187 0.00189082 
0.000133221 0.00875968 0.0387928 0.799818 0.0950031 0.0498148 0.00745226 0.000218709 7.45274e-06 3.01828e-07 
1.86944e-08 1.51791e-05 0.000263005 0.00322048 0.017981 0.877226 0.0739274 0.0241199 0.00317198 7.47691e-05 
1.63321e-08 1.10837e-06 1.81772e-05 0.000526177 0.00589465 0.0327773 0.0561177 0.901174 0.0033947 9.58372e-05 
1.50159e-05 0.000974028 0.00147108 0.0110352 0.0304152 0.0575062 0.884993 0.012266 0.00129449 2.95983e-05 
4.04599e-10 8.67308e-08 1.0322e-06 1.00143e-05 0.000426018 0.00612459 0.922074 0.04023 0.0254064 0.00572779 
1.19341e-08 5.57529e-06 0.000532392 0.00805445 0.843017 0.0602225 0.0560346 0.02543 0.00624239 0.000460999 
4.56472e-30 2.02867e-26 8.25224e-24 1.69767e-20 2.959e-18 6.26514e-16 4.21708e-11 3.56056e-07 2.26851e-05 0.999977 
1.99882e-10 5.38502e-08 7.97675e-07 3.46918e-05 0.000661138 0.00474572 0.0245219 0.953391 0.0141993 0.00244498 
1.81123e-16 9.17561e-14 5.9363e-12 5.04338e-10 5.68578e-08 5.99872e-07 4.72016e-05 0.000781507 0.00593538 0.993235 
1.47186e-05 0.00101625 0.00506224 0.0352357 0.90564 0.0441106 0.00786818 0.00103704 1.3983e-05 1.12265e-06 
0 0 0 0 0 0 2.8403e-16 3.57602e-11 2.15214e-05 0.999978 
3.25464e-09 1.04724e-06 3.41645e-05 0.000837357 0.00680116 0.905793 0.0593922 0.0222188 0.00461473 0.000307647 
5.02007e-13 1.97115e-10 1.35699e-08 6.11982e-07 0.000133178 0.00103343 0.931677 0.0257866 0.0312307 0.0101385 
4.90226e-22 4.18569e-19 3.90175e-17 2.01876e-15 5.32595e-14 5.43442e-12 4.89178e-11 2.05993e-09 9.05216e-06 0.999991 
2.65966e-16 1.33724e-13 8.43873e-12 7.28453e-10 8.09398e-08 8.04065e-07 5.83e-05 0.000750172 0.00779902 0.991392 
1.05304e-08 8.14044e-07 1.4312e-05 0.00049029 0.00550904 0.0257282 0.922815 0.0338769 0.010296 0.00126915 
1.55885e-08 1.21901e-06 2.0384e-05 0.000603051 0.00509797 0.0187206 0.938299 0.0284967 0.00818259 0.000578417 
3.35559e-11 7.99502e-09 9.78321e-08 1.19319e-06 0.000215005 0.000973745 0.00635781 0.026363 0.951396 0.0146936 
1.54441e-13 7.29528e-11 7.44442e-09 4.83086e-07 0.000163838 0.000713085 0.00836839 0.943176 0.0368436 0.0107348 
2.52656e-13 8.56775e-11 5.37707e-09 3.32436e-07 0.000110645 0.000320564 0.0024387 0.955227 0.0328171 0.00908544 
1.03729e-10 2.47318e-08 2.91671e-07 2.49587e-06 7.23241e-05 0.000955137 0.0047028 0.0139487 0.973019 0.00729889 
2.87467e-08 2.19823e-05 0.000298524 0.00301966 0.0203947 0.917947 0.0427539 0.0136082 0.0018946 6.14944e-05 
6.49629e-16 2.83337e-13 3.98329e-11 1.75752e-09 1.89618e-07 1.81075e-06 5.03638e-05 0.00061469 0.00872503 0.990608 
2.89569e-14 1.55389e-11 2.13921e-09 1.2647e-07 6.15176e-05 1.53086e-05 0.000221802 0.00285655 0.97494 0.0219044 
0.0204792 0.771574 0.116979 0.0680323 0.0190636 0.00376365 0.000105748 2.20795e-06 6.99939e-08 3.27141e-09 
1.8901e-10 4.49176e-08 5.16109e-07 3.85633e-06 0.000101967 0.0011328 0.00664442 0.0222809 0.959886 0.00994903 
3.41849e-05 0.00335261 0.0186631 0.0652439 0.86597 0.0408563 0.00571436 0.000159782 5.20315e-06 2.1312e-07 
3.72491e-19 2.20339e-16 2.93049e-14 1.70773e-12 2.83911e-10 6.08324e-09 8.23245e-07 4.31516e-05 0.00055717 0.999399 
2.2795e-08 8.66897e-06 0.000161408 0.00481817 0.845721 0.0698399 0.0544849 0.0213649 0.00353267 6.84882e-05 
1.66422e-10 3.98545e-08 4.72063e-07 4.35805e-06 0.000134646 0.0018321 0.0100556 0.0240165 0.954155 0.00980167 
2.09553e-05 0.00158143 0.0072658 0.0395901 0.8522 0.0808605 0.0171992 0.00125668 2.31881e-05 1.71042e-06 
8.25793e-14 3.74187e-11 3.18344e-09 2.14723e-07 6.02358e-05 0.000280721 0.0020461 0.0158224 0.966479 0.0153116 
2.91206e-16 1.47035e-13 9.25567e-12 8.01926e-10 8.60459e-08 9.12434e-07 6.8313e-05 0.00103415 0.0103057 0.988591 
1.87933e-06 0.000557099 0.00478732 0.025602 0.858802 0.0799328 0.0264154 0.00382821 6.73416e-05 5.49996e-06 
2.4664e-16 1.24351e-13 7.97329e-12 6.81466e-10 7.77297e-08 7.87852e-07 9.45401e-05 0.00261269 0.974306 0.0229863 
1.40282e-39 5.22813e-35 2.75464e-31 1.27929e-26 1.47226e-22 6.52107e-20 3.48059e-15 1.61097e-10 5.23774e-05 0.999948 
1.24636e-16 6.2839e-14 3.89482e-12 3.42085e-10 3.53682e-08 3.78604e-07 2.78026e-05 0.000344716 0.00375578 0.995871 
6.69196e-19 3.68462e-16 3.24729e-14 2.27129e-12 4.03653e-10 4.54877e-09 5.27183e-07 6.20973e-05 0.496298 0.503639 
0.000453187 0.0098011 0.0381673 0.104267 0.82798 0.0185513 0.000768259 1.17187e-05 3.84644e-07 2.33244e-08 
1.44931e-23 1.68091e-20 2.17456e-18 1.27438e-15 2.72311e-13 2.12929e-11 1.97631e-08 2.36976e-06 0.0002163 0.999781 
6.54006e-09 6.51584e-06 9.69888e-05 0.00134843 0.00852126 0.244054 0.738567 0.00686072 0.000533017 1.17199e-05 
2.35008e-06 0.000226918 0.00193183 0.0106132 0.3639 0.592637 0.0236875 0.00606706 0.000909971 2.37559e-05 
8.61421e-14 3.27786e-11 2.9607e-09 1.67436e-07 6.82404e-05 3.59243e-05 0.000252403 0.00290279 0.0117687 0.984972 
5.06809e-06 0.000832131 0.0083054 0.273187 0.637231 0.0617771 0.0165224 0.002106 3.23105e-05 2.3425e-06 
1.22936e-15 4.95441e-13 8.33485e-11 3.09728e-09 1.1964e-07 3.74246e-06 7.96433e-05 0.00129664 0.96688 0.03174 
1.95812e-08 2.03853e-06 6.6508e-05 0.00212307 0.0241201 0.893029 0.0559233 0.0209686 0.00369258 7.49732e-05 
3.26369e-16 1.62735e-13 1.01905e-11 8.78785e-10 9.29977e-08 9.30519e-07 6.55625e-05 0.00109789 0.0113649 0.987471 
1.38367e-08 9.15688e-07 1.50298e-05 0.000504696 0.00513236 0.0265035 0.945185 0.0184664 0.00391737 0.000274424 
2.86571e-10 6.86962e-08 7.99717e-07 7.51684e-06 0.000240525 0.00277994 0.0509487 0.833866 0.108803 0.00335306 
1.99981e-08 1.82176e-06 4.75274e-05 0.002222 0.0243293 0.0694033 0.880388 0.0199077 0.00362354 7.67161e-05 
2.57584e-16 1.29928e-13 8.2754e-12 7.09436e-10 7.90896e-08 8.03229e-07 5.73445e-05 0.000791091 0.00797335 0.991177 
2.47631e-16 1.26154e-13 8.04536e-12 6.96474e-10 7.8015e-08 8.57006e-07 0.00012446 0.00204058 0.974562 0.0232724 
6.50292e-09 4.82974e-07 7.70289e-06 0.000227283 0.00397326 0.0276991 0.919244 0.0338578 0.0126621 0.00232792 
2.90384e-08 0.000127894 0.00269587 0.71191 0.202703 0.0311305 0.0346948 0.0138629 0.00278354 9.09484e-05 
4.7991e-06 0.00151762 0.0143754 0.82439 0.0878746 0.0597282 0.0116455 0.000445404 1.78575e-05 9.03423e-07 
9.82898e-29 4.89436e-25 2.86822e-22 1.53724e-18 1.40171e-16 3.92719e-14 2.34363e-10 3.80407e-08 4.63202e-05 0.999954 
0 0 0 0 0 0 0 0 5.0544e-06 0.999995 
1.41093e-11 2.14582e-08 5.80191e-07 0.000237697 0.00383624 0.0218317 0.932002 0.0240631 0.0139119 0.00411702 
1.70457e-08 1.12469e-06 1.86559e-05 0.000622304 0.00569861 0.0259812 0.0459889 0.914658 0.00675499 0.000276636 
3.40061e-16 1.6897e-13 1.04078e-11 9.09284e-10 9.47289e-08 9.42625e-07 0.000185882 0.0034787 0.977522 0.0188126 
8.15126e-13 3.41819e-10 9.34391e-09 6.41564e-07 0.000163763 0.00120146 0.0100542 0.0579649 0.867998 0.0626168 
2.67232e-16 1.34393e-13 8.47528e-12 7.30714e-10 8.00971e-08 8.03846e-07 5.35226e-05 0.00203945 0.0132774 0.984629 
2.14264e-08 2.11405e-05 0.000248403 0.00229877 0.00957548 0.550594 0.410267 0.0199413 0.00698395 6.99611e-05 
0.000736884 0.251601 0.61577 0.0657406 0.0430111 0.0201303 0.00293421 7.39739e-05 1.5615e-06 5.86882e-08 
9.52008e-26 2.44739e-22 8.38488e-20 2.18673e-16 2.35102e-14 3.95317e-12 1.34102e-08 1.82044e-05 0.000930244 0.999052 
3.98645e-16 1.8298e-13 2.16149e-11 1.11867e-09 1.08912e-07 1.76533e-06 0.00020113 0.00247829 0.0117501 0.985569 
8.83489e-11 2.12055e-08 2.48959e-07 2.31289e-06 6.87289e-05 0.000935497 0.00584084 0.953997 0.0323197 0.006836 
1.51292e-14 5.25568e-12 9.33848e-10 2.92431e-08 5.41814e-07 3.92905e-05 0.000937849 0.00929498 0.970554 0.0191729 
3.68486e-09 3.38337e-07 6.45295e-06 0.000431939 0.00484185 0.0336177 0.93703 0.0201016 0.00382297 0.000147064 
1.54279e-17 7.62313e-15 4.55254e-13 4.04462e-11 3.66362e-09 3.93598e-08 2.66031e-06 6.77793e-05 0.00128827 0.998641 
0.000583651 0.0135518 0.0696777 0.776797 0.100337 0.0353328 0.00358118 0.000133008 5.68883e-06 2.19804e-07 
1.2034e-10 2.86469e-08 3.34414e-07 2.81727e-06 0.000166127 0.00129529 0.00977781 0.0181553 0.965171 0.0054309 
3.242e-19 2.19085e-16 2.51815e-14 1.84407e-12 3.22052e-10 9.29833e-09 1.66509e-06 0.000147198 0.00231251 0.997539 
5.87724e-11 1.41552e-08 1.74485e-07 2.87622e-06 0.000681033 0.00632467 0.0244746 0.947829 0.0170728 0.00361444 
6.98499e-10 9.72034e-08 1.28957e-06 7.15984e-05 0.00122484 0.00970802 0.0341707 0.93957 0.0131431 0.00211032 
1.43279e-13 6.12031e-11 5.75122e-09 3.8398e-07 0.00013394 0.000617404 0.00532321 0.0245055 0.958437 0.0109822 
0.0022658 0.0238299 0.065369 0.119675 0.770024 0.0181921 0.000632879 1.03597e-05 2.43109e-07 2.02683e-08 
5.17946e-15 2.63903e-12 3.19958e-10 1.98519e-08 9.62757e-06 2.41365e-06 7.73465e-05 0.00111256 0.00776753 0.991031 
2.80041e-14 1.19094e-11 1.26869e-09 7.38997e-08 3.28372e-05 1.29554e-05 0.000149934 0.00158207 0.0108422 0.98738 
0.000136822 0.00282086 0.0405768 0.274157 0.389387 0.285789 0.00689222 0.00023569 4.13564e-06 2.32873e-07 
1.08114e-13 7.03505e-11 5.91897e-09 2.26851e-07 2.28801e-05 0.000163712 0.00104049 0.00521859 0.254477 0.739077 
5.59476e-11 1.38921e-08 1.89942e-07 3.18293e-06 0.000294492 0.00300523 0.0254114 0.943995 0.0212699 0.00602012 
3.06721e-18 1.50096e-15 9.13613e-14 8.33984e-12 8.32943e-10 1.49335e-08 8.42466e-05 0.00198821 0.990352 0.00757541 
0.945076 0.0416054 0.0114063 0.00185502 5.25441e-05 4.82854e-06 6.4335e-08 5.51814e-10 2.62791e-11 6.64371e-13 
1.82576e-17 9.76924e-15 7.02207e-13 5.64907e-11 7.12564e-09 9.02048e-08 8.27162e-06 0.000310539 0.00433754 0.995344 
9.90166e-09 7.58948e-07 1.25388e-05 0.000750817 0.00918625 0.655105 0.307927 0.0220847 0.00482623 0.000106957 
6.67462e-27 1.11362e-23 2.78009e-21 5.50403e-18 1.20916e-15 9.69266e-14 1.96646e-10 1.6708e-08 8.93089e-06 0.999991 
5.61914e-19 3.09424e-16 2.50288e-14 1.90816e-12 3.75943e-10 3.32415e-09 2.19966e-07 2.54662e-05 0.000613238 0.999361 
2.67984e-10 6.28926e-08 7.32747e-07 6.4009e-06 0.000329757 0.00343295 0.0277189 0.946552 0.0189782 0.00298107 
2.39397e-16 1.19682e-13 7.53477e-12 6.48326e-10 7.07131e-08 7.03557e-07 5.33123e-05 0.000791132 0.00824241 0.990912 
1.47986e-08 1.38087e-06 2.79001e-05 0.00139094 0.0142373 0.904935 0.0564793 0.0194468 0.00338359 9.81292e-05 
1.42302e-08 9.2271e-07 1.517e-05 0.000361571 0.0047163 0.0288564 0.920797 0.034638 0.00915058 0.00146385 
8.40637e-14 3.31605e-11 3.21109e-09 2.05191e-07 7.30024e-05 0.000160931 0.00119786 0.00896702 0.0264811 0.96312 
1.37861e-11 3.53327e-09 5.70812e-08 1.2333e-06 0.000104991 0.000810662 0.00503117 0.0164104 0.958832 0.01881 
1.09816e-13 4.85046e-11 4.74171e-09 2.91308e-07 8.87525e-05 0.000313818 0.00204501 0.0119349 0.0255713 0.960046 
9.26786e-07 0.000270352 0.00220856 0.0186355 0.848596 0.0899559 0.0347751 0.00545594 9.35228e-05 7.78001e-06 
1.62391e-06 0.00011649 0.00068932 0.00581226 0.0209194 0.057207 0.894679 0.0185049 0.00199391 7.65118e-05 
7.36522e-14 3.78148e-11 4.1836e-09 2.53182e-07 8.19732e-05 0.000253005 0.00153446 0.0111384 0.971345 0.0156468 
3.94239e-18 2.25363e-15 1.66482e-13 1.37572e-11 2.15206e-09 2.52171e-08 2.23035e-06 0.000168855 0.00368852 0.99614 
8.98153e-14 3.76334e-11 3.12632e-09 2.1697e-07 7.46883e-05 0.000651576 0.0109142 0.0239058 0.952185 0.0122688 
1.33419e-13 5.68478e-11 5.29603e-09 3.3329e-07 0.00010803 0.000337586 0.00235298 0.0159277 0.970067 0.0112064 
1.77968e-16 8.97145e-14 5.72996e-12 4.90357e-10 5.67206e-08 5.50515e-07 3.86621e-05 0.000367749 0.00401393 0.995579 
0.00322679 0.0180983 0.0396206 0.910919 0.023314 0.00465472 0.000163429 3.1756e-06 1.01397e-07 6.51002e-09 
1.99549e-16 1.00462e-13 6.32542e-12 5.46322e-10 5.90365e-08 5.99895e-07 3.95998e-05 0.000500942 0.00722356 0.992235 
2.98126e-16 1.4892e-13 9.38249e-12 8.06288e-10 8.72987e-08 8.60102e-07 5.80953e-05 0.000760786 0.0062197 0.99296 
4.1901e-17 2.06699e-14 1.21214e-12 1.09813e-10 1.02911e-08 1.00177e-07 5.63809e-06 2.3548e-05 0.000488677 0.999482 
4.54193e-09 3.85565e-07 6.64105e-06 0.000398297 0.00379257 0.0251953 0.05121 0.90756 0.0101084 0.00172841 
0.000396121 0.00733678 0.0200798 0.0736208 0.848437 0.0446565 0.00541687 5.39853e-05 1.73465e-06 8.60281e-08 
1.79139e-13 7.5914e-11 7.44891e-09 4.58394e-07 0.000156008 0.000419004 0.00299067 0.0183052 0.958511 0.0196177 
3.20279e-07 7.20652e-05 0.00158975 0.00803217 0.878871 0.0781984 0.0293838 0.00379043 5.78353e-05 4.55878e-06 
2.22909e-08 6.80943e-06 0.000154565 0.00499425 0.867597 0.0698609 0.0418303 0.0130408 0.00243355 8.18497e-05 
8.24628e-17 4.46378e-14 3.23404e-12 2.67243e-10 3.80417e-08 4.99626e-07 0.000171866 0.00328349 0.976372 0.0201719 
1.65291e-08 1.23631e-06 2.23945e-05 0.000733346 0.0075218 0.0367939 0.926822 0.0241773 0.00383185 9.61026e-05 
1.04511e-08 7.23933e-07 1.17997e-05 0.000441168 0.00475227 0.0256149 0.943674 0.0205216 0.00468328 0.000300549 
9.69648e-10 3.33696e-07 7.39107e-06 0.000825797 0.0072267 0.0309368 0.929086 0.0218593 0.00831131 0.00174632 
0.00186891 0.0296566 0.817317 0.105448 0.0373424 0.00806185 0.000295988 8.54715e-06 3.44936e-07 1.70353e-08 
0.0146191 0.703455 0.263803 0.0162354 0.00181898 6.63845e-05 2.44296e-06 2.60435e-08 1.55274e-09 2.59741e-11 
7.96841e-08 6.25305e-05 0.00130007 0.0173955 0.0623033 0.0867139 0.826235 0.0057946 0.00018662 8.13432e-06 
2.35628e-16 1.25375e-13 8.29986e-12 6.81512e-10 8.47146e-08 9.54831e-07 5.19447e-05 0.0026749 0.97818 0.0190923 
1.68616e-09 3.00497e-07 4.75791e-06 0.000530179 0.00481492 0.0282417 0.93001 0.0266107 0.00823402 0.00155302 
1.03702e-13 4.50651e-11 4.06189e-09 2.50385e-07 7.38405e-05 0.000272119 0.00151345 0.0103568 0.974187 0.0135969 
2.18387e-16 1.10378e-13 6.99751e-12 6.03648e-10 6.62506e-08 6.94927e-07 5.3917e-05 0.000900946 0.00943761 0.989607 
2.77635e-05 0.00169797 0.00753412 0.79454 0.0996681 0.0746238 0.0200331 0.0018471 2.69753e-05 1.41764e-06 
1.68204e-11 4.15122e-09 5.2129e-08 1.01988e-06 0.000211682 0.00114039 0.0118607 0.93775 0.0384063 0.0106301 
5.35456e-11 1.30214e-08 1.68287e-07 2.34328e-06 0.000274826 0.00229935 0.0182065 0.947623 0.0257432 0.00585095 
5.16955e-28 2.52191e-24 1.45805e-21 7.93964e-18 2.9455e-16 1.58937e-13 9.93238e-10 8.64305e-07 4.81023e-05 0.999951 
7.55239e-11 1.7886e-08 2.00623e-07 1.46759e-06 0.000103973 0.000501939 0.00253194 0.0116199 0.962501 0.02274 
1.85897e-40 6.92693e-36 3.64902e-32 1.69512e-27 1.94816e-23 8.62853e-21 6.00672e-16 3.90566e-11 2.84826e-05 0.999972 
1.50187e-16 7.49112e-14 4.50617e-12 4.01388e-10 3.76405e-08 4.1595e-07 3.54538e-05 0.000414981 0.0045718 0.994977 
4.90987e-14 2.03077e-11 2.08123e-09 1.17596e-07 3.61045e-05 0.000106389 0.000803859 0.00579742 0.0146471 0.978609 
2.15966e-16 1.0801e-13 6.73079e-12 5.83935e-10 6.18366e-08 6.24168e-07 4.49221e-05 0.000756051 0.96929 0.0299086 
1.75895e-13 7.62275e-11 7.50403e-09 4.46132e-07 0.00015028 0.000422812 0.911909 0.0281061 0.0396505 0.0197604 
2.35503e-08 2.49706e-05 0.000491884 0.00504074 0.201045 0.0427379 0.393593 0.356598 0.000454271 1.37125e-05 
1.84487e-09 3.06169e-07 5.27399e-06 0.000810682 0.00864146 0.914077 0.0545417 0.0187775 0.0030565 8.92333e-05 
1.42936e-14 1.15611e-11 1.12261e-09 5.77764e-08 1.08376e-06 0.000150218 0.0011596 0.00933745 0.975006 0.0143457 
6.28054e-15 8.36745e-12 2.72667e-10 3.17302e-08 7.16786e-07 0.000112845 0.000669816 0.00757257 0.972205 0.0194387 
3.02201e-10 1.18847e-07 2.24403e-06 0.000213885 0.00196636 0.0152829 0.0336161 0.938831 0.00892429 0.00116355 
1.3243e-13 6.12895e-11 6.1006e-09 3.71705e-07 0.000120806 0.000403277 0.00326406 0.019337 0.965136 0.0117381 
0.00105975 0.0170462 0.0623509 0.859173 0.0482126 0.0114554 0.000691113 1.05147e-05 4.19433e-07 2.12902e-08 
2.36323e-16 1.18879e-13 7.47697e-12 6.46188e-10 7.16295e-08 7.02755e-07 4.37712e-05 0.000317445 0.00412978 0.995508 
2.10665e-16 1.05154e-13 6.60556e-12 5.69358e-10 6.06972e-08 6.0915e-07 4.15298e-05 0.000573554 0.00577682 0.993607 
1.23085e-16 6.25026e-14 4.07004e-12 3.44172e-10 3.97965e-08 4.14254e-07 3.04322e-05 0.000564872 0.00602784 0.993376 
2.32201e-08 1.50386e-05 0.000263825 0.00345271 0.0266445 0.923373 0.0373184 0.00763261 0.00125763 4.21814e-05 
2.9378e-30 1.74083e-26 2.6246e-23 3.04735e-19 7.33433e-18 5.58754e-15 3.64119e-11 3.30696e-07 9.78408e-05 0.999902 
4.2963e-20 1.60985e-17 3.5828e-15 1.73818e-13 9.24411e-12 1.30627e-09 4.65377e-07 0.000131061 0.00310811 0.99676 
2.26996e-32 1.25318e-28 2.02678e-25 2.41587e-21 9.99988e-20 5.58154e-17 4.85126e-12 4.57136e-08 4.85359e-05 0.999951 
5.66321e-09 3.67398e-07 5.63882e-06 4.76051e-05 0.000556713 0.00530605 0.0267536 0.946544 0.0178918 0.00289411 
0.000111532 0.00372699 0.0150341 0.659502 0.20687 0.0818681 0.0328624 2.49208e-05 2.73461e-07 1.41148e-08 
1.61953e-10 3.89395e-08 4.73526e-07 5.64378e-06 0.00090734 0.00854097 0.939706 0.0348786 0.0137363 0.00222463 
6.16227e-17 3.14269e-14 2.06718e-12 1.73359e-10 1.9128e-08 2.21726e-07 1.95932e-05 0.000546641 0.00639021 0.993043 
1.07311e-25 2.65453e-22 8.75391e-20 2.12877e-16 2.39322e-14 3.54353e-12 8.41184e-09 1.01018e-06 0.000195366 0.999804 
2.75597e-09 2.64327e-07 4.34649e-06 0.000164849 0.00165368 0.0150334 0.919421 0.0434353 0.0176127 0.00267487 
2.47733e-11 5.88803e-09 7.00542e-08 7.57682e-07 0.000119743 0.000427934 0.00342804 0.949641 0.0356926 0.0106895 
1.70582e-08 2.6948e-06 6.80314e-05 0.00175087 0.0202526 0.90989 0.0477801 0.0171018 0.00309319 6.08507e-05 
2.22072e-10 5.48122e-08 7.00261e-07 9.4857e-05 0.00262478 0.720497 0.226441 0.0336201 0.0142308 0.00249061 
1.76061e-08 6.89701e-06 0.000429855 0.00462899 0.691942 0.233837 0.0456378 0.0198659 0.00356001 9.15434e-05 
2.31343e-08 1.3427e-05 0.000428603 0.00543613 0.876207 0.0776085 0.0309299 0.00806592 0.00127951 3.08444e-05 
2.84096e-14 9.64285e-12 1.06083e-09 3.79872e-08 8.54103e-07 4.0938e-05 0.00067755 0.00684104 0.0221118 0.970328 
1.04916e-08 7.71206e-07 1.27923e-05 0.000584256 0.0070823 0.0369568 0.932234 0.0198139 0.00321435 0.000100419 
5.80003e-09 4.44516e-07 6.98191e-06 0.000382229 0.00377806 0.0202738 0.944047 0.0244017 0.00638227 0.00072727 
7.5669e-09 4.6054e-07 7.49794e-06 0.000103211 0.00171383 0.00668098 0.0193113 0.962611 0.00873859 0.000832851 
7.60517e-14 3.66541e-11 3.99298e-09 2.96596e-07 0.000114347 0.0010353 0.639641 0.336967 0.0173417 0.00490051 
1.46546e-05 0.000950957 0.00504379 0.0846973 0.199408 0.352273 0.356076 0.00148626 4.87215e-05 8.28301e-07 
2.36975e-16 1.20104e-13 7.71561e-12 6.60174e-10 7.4345e-08 7.83107e-07 6.34968e-05 0.00118909 0.0112054 0.987541 
6.25331e-13 2.41829e-10 6.61228e-09 4.10277e-07 8.20982e-05 0.000366144 0.00267695 0.0133623 0.703663 0.279849 
0.00485704 0.397887 0.556489 0.034937 0.00542488 0.000390569 1.38138e-05 1.44599e-07 7.79185e-09 2.47427e-10 
3.28593e-08 2.84481e-05 0.000456554 0.00448599 0.0245599 0.923643 0.0398516 0.00650977 0.00045857 6.15854e-06 
3.59099e-16 1.80304e-13 1.13998e-11 9.80888e-10 1.07969e-07 1.08404e-06 7.85894e-05 0.00119603 0.970024 0.0287005 
2.23174e-08 9.97436e-06 0.000161653 0.00199602 0.0131193 0.041657 0.922499 0.0176235 0.00286828 6.54145e-05 
3.12813e-16 1.57239e-13 9.83053e-12 8.53341e-10 8.94195e-08 9.41085e-07 6.29712e-05 0.000899218 0.00894106 0.990096 
2.88736e-08 2.85034e-05 0.000439702 0.00477883 0.0289386 0.918442 0.041158 0.00604125 0.000167459 5.71525e-06 
0.0022651 0.0260355 0.0849882 0.815345 0.0570345 0.0134893 0.000829695 1.21293e-05 5.15215e-07 1.99215e-08 
1.84815e-16 9.28414e-14 5.7968e-12 5.06399e-10 5.22386e-08 6.07132e-07 0.000158587 0.00302425 0.976186 0.0206308 
1.45176e-10 3.47069e-08 4.03608e-07 3.52793e-06 0.000149372 0.00187215 0.0128114 0.0252601 0.953167 0.00673617 
1.05025e-08 6.20447e-07 1.00681e-05 0.000114457 0.00213229 0.0124066 0.939084 0.0321678 0.0120648 0.00201969 
5.89349e-09 5.12435e-07 8.50667e-06 0.000475803 0.00434997 0.0206155 0.03877 0.928231 0.00696795 0.00058034 
1.39334e-16 7.00101e-14 4.48224e-12 3.82146e-10 4.34524e-08 4.29703e-07 3.12302e-05 0.000489414 0.0035009 0.995978 
2.70309e-16 1.35777e-13 8.45651e-12 7.36828e-10 7.78585e-08 8.10386e-07 6.0623e-05 0.00103587 0.0100506 0.988852 
2.77985e-10 6.95624e-08 9.07122e-07 2.38656e-05 0.00148047 0.0151316 0.926363 0.0383754 0.0159157 0.00270935 
2.51875e-22 2.0578e-19 1.86484e-17 1.5661e-15 3.95796e-13 4.55733e-12 4.43426e-10 2.02372e-08 0.00022731 0.999773 
2.33131e-08 1.40956e-05 0.000245181 0.00308791 0.0264824 0.0611648 0.896197 0.0109905 0.0017785 3.96743e-05 
1.41462e-10 6.1938e-08 1.14904e-06 9.70091e-05 0.00106982 0.0107268 0.0296626 0.94211 0.0142207 0.00211193 
4.79031e-08 3.65939e-05 0.00060161 0.00580647 0.0347092 0.893435 0.0419399 0.016636 0.0064 0.000435529 
2.46706e-10 5.94056e-08 7.60149e-07 9.93452e-06 0.00109437 0.0119655 0.937074 0.0339967 0.0136438 0.00221487 
1.90003e-13 7.8242e-11 4.36942e-09 3.0755e-07 5.82599e-05 0.000435055 0.00299425 0.0181166 0.9669 0.0114958 
1.91057e-08 7.26993e-06 0.000128578 0.00232696 0.0195674 0.913653 0.0450601 0.0165546 0.00261967 8.23963e-05 
1.43581e-10 3.43363e-08 4.0245e-07 3.48215e-06 0.000115332 0.00121943 0.00770867 0.0170517 0.966915 0.00698643 
2.19511e-16 1.11184e-13 7.14654e-12 6.10517e-10 6.86517e-08 7.18148e-07 5.4522e-05 0.000927928 0.975756 0.023261 
1.69006e-08 1.44325e-06 3.87857e-05 0.0012397 0.0173241 0.931702 0.0340977 0.0128932 0.00261509 8.74582e-05 
4.51283e-15 1.70614e-12 3.52142e-10 1.34818e-08 3.35773e-07 6.60706e-05 0.00364364 0.956509 0.0186481 0.0211326 
0.000332712 0.0108149 0.337801 0.591861 0.0461667 0.0122422 0.000771853 9.45033e-06 3.48775e-07 1.61338e-08 
4.75955e-15 2.87501e-12 3.43698e-10 2.30451e-08 6.70998e-06 3.19002e-05 0.000566888 0.00634775 0.968213 0.0248339 
1.72012e-10 4.1117e-08 4.84854e-07 4.4412e-06 0.000209314 0.00243357 0.0205588 0.949228 0.0222504 0.00531458 
2.36309e-10 5.64557e-08 6.54044e-07 5.62324e-06 0.000242319 0.00256272 0.020847 0.948574 0.0222132 0.00555472 
0.00037731 0.00623451 0.157985 0.700665 0.124462 0.00950474 0.000757907 1.28133e-05 4.14861e-07 2.002e-08 
1.22586e-13 5.10546e-11 4.72954e-09 2.96743e-07 9.62589e-05 0.000281453 0.00208235 0.0140715 0.97098 0.0124884 
2.76482e-06 0.000162184 0.00115649 0.0146086 0.0565907 0.88394 0.0380037 0.00543024 9.89771e-05 6.43449e-06 
1.35397e-13 7.2754e-11 8.4284e-09 5.69242e-07 0.000227898 0.00101126 0.0126535 0.948108 0.0275495 0.0104497 
1.98369e-15 1.82107e-12 7.87708e-11 6.82595e-09 2.10079e-07 2.08034e-05 0.000197807 0.00204736 0.0115585 0.986175 
2.95013e-09 2.00374e-06 0.000165754 0.00361846 0.311688 0.623283 0.0334423 0.0196616 0.00698081 0.00115773 
1.4503e-10 3.46334e-08 4.0147e-07 3.42153e-06 0.000134324 0.00148738 0.0125917 0.95865 0.0221728 0.0049603 
2.22919e-08 1.88835e-05 0.000312849 0.00505087 0.0378641 0.915131 0.0354441 0.00571039 0.000450148 1.80366e-05 
1.14895e-11 3.05355e-09 4.25777e-08 1.4186e-06 0.0003869 0.00245903 0.0238723 0.939926 0.0265691 0.00678516 
8.81736e-09 6.59548e-07 1.09197e-05 0.000415239 0.00354557 0.0207928 0.931588 0.0317924 0.0103541 0.00150024 
1.21712e-09 4.99214e-07 1.58078e-05 0.00102904 0.838548 0.0590297 0.052052 0.0283376 0.0160194 0.00496812 
2.15827e-16 1.09499e-13 7.09105e-12 6.21656e-10 7.60462e-08 9.55384e-07 0.000313144 0.00432424 0.0174296 0.977932 
1.44324e-16 7.44653e-14 4.9671e-12 4.20751e-10 5.19495e-08 5.95452e-07 0.000121627 0.00304239 0.975763 0.0210727 
9.18111e-14 4.4058e-11 4.14278e-09 2.77395e-07 0.000106437 0.00038408 0.00421634 0.944143 0.0396965 0.0114532 
7.67497e-16 3.16962e-13 5.20359e-11 2.08293e-09 1.51723e-07 3.44299e-06 0.0003138 0.00278093 0.0118743 0.985027 
3.17668e-10 7.61302e-08 9.10197e-07 2.04593e-05 0.00127436 0.0131881 0.904118 0.0528046 0.0235075 0.0050862 
7.74994e-14 4.32422e-11 3.9696e-09 2.96118e-07 8.39369e-05 0.000452587 0.002786 0.0148197 0.0342671 0.94759 
8.69856e-14 4.05468e-11 4.49265e-09 2.66972e-07 8.649e-05 0.000249518 0.00177814 0.0136789 0.973126 0.0110808 
2.07727e-17 1.1509e-14 8.74046e-13 6.95649e-11 1.02184e-08 1.25669e-07 1.27357e-05 0.000328544 0.00425841 0.9954 
2.68219e-16 1.34738e-13 8.49232e-12 7.31826e-10 8.0081e-08 7.96968e-07 5.11125e-05 0.000602859 0.00751553 0.99183 
2.18326e-08 3.06742e-06 5.29722e-05 0.00132648 0.0140927 0.899678 0.0606673 0.0207357 0.00337523 6.85756e-05 
1.62062e-14 7.74426e-12 8.11721e-10 4.56571e-08 1.53644e-05 3.30339e-05 0.000491333 0.00501506 0.97063 0.0238147 
6.72822e-06 0.00014691 0.000426439 0.00376727 0.0193668 0.0473707 0.919591 0.00873358 0.000536896 5.38032e-05 
0.0136353 0.0581331 0.109823 0.776467 0.0366791 0.00508317 0.000174621 4.18168e-06 2.78524e-07 5.96424e-09 
1.38234e-20 5.06968e-18 1.14175e-15 3.44713e-14 5.39519e-13 4.97853e-11 2.13674e-08 3.86724e-05 0.00146479 0.998497 
3.54395e-29 2.19589e-25 3.16303e-22 3.5958e-18 9.6988e-17 6.7366e-14 1.65561e-09 1.38792e-05 0.000672114 0.999314 
1.26053e-16 6.27561e-14 3.99246e-12 3.39431e-10 3.63435e-08 3.62373e-07 2.82297e-05 0.000515725 0.00571573 0.99374 
1.30912e-08 9.09664e-07 1.51189e-05 0.00061482 0.00730072 0.904826 0.0628458 0.0209889 0.00331632 9.09663e-05 
1.26168e-14 6.48601e-12 1.03037e-09 4.79849e-08 4.3114e-06 0.000177975 0.00478433 0.963679 0.0196917 0.0116624 
1.36784e-10 3.28771e-08 3.93834e-07 4.10906e-06 0.00029684 0.00286025 0.0193721 0.0348205 0.936811 0.0058352 
2.24347e-13 9.88415e-11 7.69403e-09 4.93025e-07 0.000160032 0.000783365 0.00909909 0.0235333 0.955927 0.0104964 
3.00766e-06 0.000410506 0.00396247 0.0239347 0.451654 0.0800135 0.428829 0.0102456 0.000930355 1.69387e-05 
2.24041e-08 2.24859e-05 0.000410285 0.00519583 0.0294901 0.0615579 0.898288 0.00488173 0.000148282 5.56435e-06 
0.000220055 0.00430891 0.0181335 0.0655823 0.860431 0.0466881 0.00453371 9.91348e-05 3.15507e-06 1.4633e-07 
7.57561e-18 3.98568e-15 2.55371e-13 2.24064e-11 2.73824e-09 3.06063e-08 1.97145e-06 2.44735e-05 0.000494039 0.999479 
2.0737e-10 9.97431e-08 1.82193e-06 0.000162919 0.00134951 0.0102608 0.94218 0.0321943 0.0121356 0.00171494 
9.30292e-17 4.62553e-14 2.86612e-12 2.50328e-10 2.61513e-08 2.77575e-07 3.40852e-05 0.000523711 0.19256 0.806882 
9.2107e-07 0.000150249 0.00276869 0.436375 0.467749 0.0627573 0.0265584 0.00357929 5.67711e-05 4.37396e-06 
1.49753e-14 4.43133e-12 1.68948e-10 1.23295e-08 1.96142e-06 1.64668e-05 0.000405048 0.00417538 0.968771 0.0266306 
1.3031e-08 9.04864e-07 1.50458e-05 0.000587443 0.00612401 0.030113 0.930048 0.0272831 0.0054599 0.000368268 
1.16661e-13 5.0518e-11 4.91961e-09 3.03239e-07 9.99275e-05 0.000300759 0.00297273 0.957458 0.0303445 0.00882393 
1.60076e-08 1.66195e-05 0.00028862 0.00214349 0.0122946 0.0393751 0.927856 0.0160767 0.00190098 4.80405e-05 
5.63165e-15 6.61868e-12 4.15939e-10 2.82778e-08 5.8672e-07 8.50967e-05 0.000343872 0.00312085 0.973378 0.0230712 
7.49611e-11 1.79813e-08 2.11763e-07 2.13896e-06 0.000188685 0.00182872 0.0150695 0.960615 0.0186994 0.00359615 
0.00031098 0.0106705 0.826305 0.0630855 0.0592276 0.0345078 0.00570953 0.000176215 6.43244e-06 2.7189e-07 
1.83219e-10 4.38006e-08 5.07018e-07 4.46289e-06 0.000225271 0.00232067 0.0180486 0.962909 0.0138421 0.002649 
1.0647e-14 2.09805e-11 1.26279e-09 1.53351e-07 8.3326e-05 0.000719444 0.0120692 0.972547 0.0110259 0.00355552 
2.91479e-08 1.60051e-05 0.000265168 0.00542783 0.0321664 0.912409 0.0396585 0.00866805 0.00132811 6.06199e-05 
3.8442e-16 1.90566e-13 1.16535e-11 1.01825e-09 9.98204e-08 1.00895e-06 6.24905e-05 0.000807286 0.00846308 0.990666 
8.12308e-09 4.92362e-07 7.83093e-06 9.06202e-05 0.0009615 0.0045673 0.023433 0.955667 0.013723 0.00154893 
4.72184e-08 4.37277e-05 0.000651361 0.00647274 0.0361888 0.905889 0.0439453 0.00664112 0.000161741 6.68253e-06 
2.3669e-14 9.31819e-12 8.18567e-10 4.7468e-08 1.82449e-05 1.13411e-05 0.000212039 0.00279717 0.0129544 0.984007 
1.87983e-16 9.69941e-14 6.26815e-12 5.39703e-10 6.20923e-08 7.4339e-07 0.000210958 0.00388778 0.970841 0.0250596 
1.25651e-12 4.04356e-10 1.65989e-08 6.31872e-07 0.000122645 0.000571542 0.00345655 0.0137863 0.970425 0.0116376 
1.39369e-11 3.5016e-09 5.27891e-08 1.37988e-06 0.000359662 0.00283057 0.0192442 0.94303 0.0268542 0.00767986 
1.32531e-13 5.84352e-11 5.17427e-09 3.4156e-07 0.000107025 0.000439781 0.00346226 0.0172478 0.968471 0.0102717 
1.32695e-08 1.00603e-06 3.23553e-05 0.00195352 0.0204005 0.89622 0.0546101 0.0223751 0.00423578 0.000171524 
2.89133e-17 1.4657e-14 9.24316e-13 8.09594e-11 8.50162e-09 1.02894e-07 1.26103e-05 0.000254119 0.00214158 0.997592 
3.43551e-09 3.8142e-07 6.31635e-06 0.000472949 0.00573436 0.0308432 0.936802 0.0215564 0.0042937 0.00029091 
1.89264e-07 3.62096e-05 0.000759704 0.0100796 0.871401 0.0823976 0.0308042 0.00445061 6.56422e-05 5.12784e-06 
7.6462e-14 3.48615e-11 3.42033e-09 2.19165e-07 6.49425e-05 0.000356167 0.00427257 0.307278 0.680124 0.0079042 
3.22413e-05 0.0022519 0.0157106 0.140171 0.511495 0.326243 0.00399215 9.95637e-05 3.9356e-06 1.50606e-07 
1.66899e-06 0.000365046 0.00261922 0.0300879 0.882821 0.0608108 0.0197469 0.00348612 5.70017e-05 4.50629e-06 
2.11458e-16 1.07072e-13 6.80126e-12 5.85996e-10 6.323e-08 6.77103e-07 4.69171e-05 0.0011473 0.0103524 0.988453 
9.02516e-14 5.02865e-11 4.56726e-09 2.71735e-07 7.04132e-05 0.000286559 0.00281025 0.937907 0.041777 0.0171485 
9.64104e-11 2.31081e-08 2.769e-07 2.84539e-06 0.000289683 0.00266972 0.0232666 0.955784 0.0154891 0.00249808 
3.04239e-05 0.00167901 0.0175785 0.0674746 0.841267 0.0609856 0.0103381 0.00063036 1.55189e-05 8.31846e-07 
1.70394e-13 7.83141e-11 7.18199e-09 4.43915e-07 0.000135062 0.000586835 0.00332706 0.0196875 0.962364 0.0138994 
1.56001e-16 7.73772e-14 4.78146e-12 4.15803e-10 4.40772e-08 4.15718e-07 2.796e-05 0.000365713 0.00588598 0.99372 
1.80249e-16 9.19063e-14 5.93935e-12 5.33838e-10 7.45564e-08 8.7357e-07 0.000141654 0.00176631 0.312069 0.686022 
3.17317e-12 1.09968e-09 2.8854e-08 1.38348e-06 0.000259348 0.00241605 0.0228764 0.95189 0.0180926 0.004464 
8.26636e-16 3.14633e-13 6.40398e-11 2.06429e-09 5.8092e-08 2.63755e-06 6.54693e-05 0.000899831 0.00714439 0.991888 
0.021063 0.0837992 0.773418 0.0944009 0.0238488 0.00309772 0.000369387 3.06231e-06 1.70569e-07 5.46997e-09 
8.85099e-11 2.11104e-08 2.49158e-07 2.38771e-06 0.00029531 0.00208026 0.0189014 0.949193 0.0240701 0.00545699 
2.19037e-09 1.72514e-07 2.69996e-06 9.68274e-05 0.0014923 0.00504096 0.72379 0.260784 0.00787183 0.00092127 
1.0648e-13 4.76418e-11 4.69559e-09 2.70305e-07 0.000101435 0.000130695 0.000610516 0.00676436 0.0197829 0.97261 
2.52868e-05 0.00187257 0.00930687 0.0508871 0.87575 0.0544462 0.00753408 0.000171911 5.3316e-06 2.27156e-07 
2.94061e-16 2.05977e-13 2.02005e-11 1.10766e-09 7.64176e-08 3.00155e-06 0.000572026 0.00748797 0.971443 0.0204936 
3.87902e-16 1.95131e-13 1.23844e-11 1.09226e-09 1.36724e-07 1.46833e-06 0.000156337 0.00165155 0.0121083 0.986082 
2.37806e-08 2.35621e-05 0.000356543 0.0035952 0.0186209 0.0444506 0.925831 0.00679458 0.000321723 5.66249e-06 
1.06391e-18 5.40269e-16 8.69315e-14 4.21883e-12 3.28949e-10 2.14487e-08 7.11032e-06 0.000394685 0.00404657 0.995552 
0.00560688 0.0328483 0.0890211 0.789729 0.0671537 0.0148573 0.000770872 1.21981e-05 3.22272e-07 2.14142e-08 
5.95249e-14 2.70124e-11 2.7588e-09 1.53532e-07 3.69582e-05 0.000204603 0.00130764 0.00804751 0.0200153 0.970388 
2.70889e-16 1.35357e-13 8.45303e-12 7.31578e-10 7.83472e-08 7.71868e-07 5.018e-05 0.000639697 0.0077373 0.991572 
3.43285e-20 1.3035e-17 2.70452e-15 1.06852e-13 5.37967e-12 4.77044e-10 2.86086e-08 8.01678e-06 5.24178e-05 0.99994 
1.15006e-13 5.35099e-11 5.43951e-09 4.14401e-07 0.000163046 0.00230278 0.936314 0.0235645 0.0286921 0.00896308 
1.60381e-14 1.0305e-11 1.14418e-09 5.06648e-08 9.37259e-07 0.000115015 0.000999158 0.00782945 0.026542 0.964513 
9.25074e-33 4.76057e-29 7.45746e-26 3.8322e-22 6.25798e-18 1.14797e-15 1.00402e-09 9.0687e-06 0.000380081 0.999611 
4.248e-24 4.92668e-21 6.68829e-19 1.77432e-16 7.06646e-14 1.78648e-12 4.68943e-09 2.04878e-05 0.00124856 0.998731 
1.22053e-13 4.88235e-11 3.8818e-09 2.46449e-07 7.65142e-05 0.000246802 0.00184915 0.0114683 0.0241276 0.962231 
1.42656e-13 7.8259e-11 6.68705e-09 5.01344e-07 0.000204978 0.00110072 0.0137506 0.94608 0.0300726 0.00879032 
1.683e-36 8.91372e-33 1.52744e-29 1.51513e-25 1.39765e-21 6.15489e-19 1.0916e-14 1.47906e-10 2.4937e-05 0.999975 
4.85071e-08 4.34697e-05 0.000668922 0.00684827 0.0385593 0.0830092 0.861254 0.00915741 0.000450645 9.19225e-06 
4.67963e-16 2.30898e-13 1.22235e-11 1.1023e-09 1.10763e-07 1.0574e-06 0.000111364 0.00173246 0.015852 0.982303 
6.7149e-18 3.35976e-15 2.3259e-13 1.86615e-11 1.96306e-09 2.45594e-08 3.50987e-06 0.000257444 0.00463189 0.995107 
1.01315e-16 4.95903e-14 3.03046e-12 2.63594e-10 2.74111e-08 2.42189e-07 1.68154e-05 0.000192769 0.00403954 0.995751 
1.84636e-14 5.04422e-12 3.24147e-10 1.15996e-08 2.973e-07 1.24865e-05 0.000553258 0.00711802 0.976461 0.0158547 
6.17318e-15 3.36077e-12 4.45367e-10 3.56733e-08 1.24286e-05 4.64779e-05 0.000260666 0.00202343 0.0134474 0.98421 
0.0101384 0.0505833 0.822896 0.0905157 0.0223554 0.00308885 0.000421701 9.6063e-07 6.23993e-08 8.70423e-10 
3.35295e-16 1.68223e-13 1.0589e-11 9.13549e-10 9.92456e-08 9.99691e-07 7.1162e-05 0.00150099 0.0254543 0.972972 
5.6756e-10 9.55908e-08 1.23098e-06 5.34898e-05 0.00150679 0.0134952 0.92579 0.0397192 0.0166073 0.00282704 
2.14578e-08 1.86419e-05 0.000333382 0.00387545 0.0306872 0.925521 0.0336025 0.00556106 0.000394448 5.90776e-06 
8.45805e-13 3.22955e-10 8.17492e-09 4.61944e-07 6.60542e-05 0.000509991 0.0041164 0.946534 0.0376456 0.0111275 
1.16576e-08 8.69918e-07 1.72381e-05 0.000440557 0.0057844 0.0318712 0.914307 0.0362515 0.0102219 0.00110522 
1.81415e-10 4.51802e-08 7.03726e-07 1.57914e-05 0.00160934 0.0204507 0.939959 0.025982 0.0101891 0.00179297 
1.87821e-10 4.49499e-08 5.23791e-07 5.85937e-06 0.000298876 0.00297626 0.0239773 0.95591 0.0146016 0.00222955 
1.98643e-08 1.91703e-05 0.000227255 0.00375206 0.0299322 0.883654 0.0564097 0.0210427 0.00475666 0.000206746 
1.28319e-10 4.06131e-08 6.58903e-07 3.22328e-05 0.00136749 0.0152224 0.908035 0.0464779 0.0226475 0.00621682 
3.03279e-16 1.5308e-13 9.54931e-12 8.3326e-10 8.7213e-08 9.46296e-07 7.75544e-05 0.00130289 0.0114819 0.987137 
8.95681e-14 3.93272e-11 3.21519e-09 2.25039e-07 6.32613e-05 0.00030674 0.00172918 0.00870972 0.0234088 0.965782 
3.37223e-08 3.32372e-05 0.000526856 0.00564341 0.0357215 0.919223 0.034125 0.00465361 6.7917e-05 5.41208e-06 
5.22707e-14 2.12746e-11 1.95991e-09 1.3053e-07 4.6237e-05 0.0001153 0.000964784 0.00896351 0.960589 0.0293206 
3.84671e-05 0.00372704 0.0141918 0.0676944 0.838294 0.066881 0.0089459 0.000219606 7.70497e-06 3.13793e-07 
0.00963286 0.0342496 0.775199 0.121534 0.0483502 0.0104424 0.0005856 5.64346e-06 3.35231e-07 6.29892e-09 
1.54892e-13 6.6845e-11 6.34481e-09 3.93494e-07 0.000124674 0.000389618 0.00258778 0.801734 0.181804 0.0133593 
9.02844e-14 4.20892e-11 4.49393e-09 2.70454e-07 8.60881e-05 0.000274608 0.00174861 0.0103702 0.0224169 0.965103 
5.42566e-15 2.25452e-12 1.57049e-10 1.08681e-08 4.11751e-06 2.29099e-06 0.00034407 0.00456304 0.977455 0.0176316 
7.25584e-07 0.000245833 0.00212194 0.283669 0.640248 0.0503609 0.0200496 0.0030451 0.000247129 1.15232e-05 
1.8972e-13 7.68483e-11 7.5234e-09 4.72002e-07 0.000169381 0.000354216 0.0022868 0.015408 0.0382189 0.943562 
2.34208e-09 1.70388e-07 2.90814e-06 0.000118034 0.00124508 0.376877 0.424348 0.189914 0.00367279 0.00382198 
8.87833e-12 2.99192e-09 5.40629e-08 2.86173e-06 0.000579323 0.00440347 0.0236685 0.939237 0.0254038 0.00670457 
