3134
7.9686e-06 6.38395e-05 0.000489225 0.00235727 0.00700767 0.0186753 0.04385 0.449216 0.291279 0.187054 
0.00426712 0.0240809 0.0855034 0.220973 0.395969 0.167707 0.0678801 0.0227677 0.00857696 0.00227447 
0.000876587 0.0116237 0.0397156 0.120065 0.220524 0.385453 0.123232 0.0587116 0.0292794 0.0105181 
6.63198e-06 4.15591e-05 0.000330881 0.00163676 0.0108049 0.041315 0.113865 0.590137 0.13669 0.105172 
0.000266478 0.00190098 0.00806125 0.0306404 0.0742378 0.130884 0.26882 0.340603 0.111382 0.0332036 
1.66331e-06 9.45722e-06 5.54463e-05 0.000347073 0.00216425 0.00618968 0.0165987 0.215333 0.546298 0.213003 
1.33962e-05 0.00012671 0.00113505 0.00431186 0.0116739 0.0250298 0.0531526 0.112444 0.166545 0.625568 
9.0875e-07 3.5775e-06 2.42219e-05 0.000122424 0.000873732 0.00417883 0.0273278 0.850151 0.0552998 0.0620174 
9.16572e-08 3.68398e-07 1.97495e-06 7.38222e-06 4.2069e-05 0.00024995 0.0005317 0.00156674 0.00413717 0.993463 
5.54472e-14 2.53481e-12 1.98916e-11 4.68325e-10 4.26501e-08 2.43045e-07 1.32927e-05 8.94606e-05 0.000464898 0.999432 
1.65529e-06 1.39183e-05 9.75734e-05 0.000471912 0.00120326 0.00330472 0.00723006 0.0202183 0.0516057 0.915853 
0.000119616 0.000317277 0.00184814 0.00988307 0.038109 0.190389 0.436337 0.140291 0.106318 0.0763885 
3.0004e-05 0.000335904 0.0034536 0.0110286 0.0141428 0.027837 0.0438562 0.0955157 0.147685 0.656115 
2.04628e-15 3.09941e-14 1.34437e-13 9.8515e-12 1.21781e-09 2.77109e-08 1.8051e-06 8.13344e-05 0.00322528 0.996692 
0.000162184 0.00133172 0.00559605 0.0183579 0.0589163 0.0985973 0.541214 0.13917 0.0915092 0.045146 
4.41156e-06 3.58504e-05 0.000252331 0.00129536 0.00373371 0.00976841 0.0232691 0.0764787 0.720323 0.164839 
1.41247e-05 0.000145741 0.00112666 0.00729007 0.015282 0.0293141 0.045208 0.103309 0.586021 0.21229 
2.71035e-06 1.87537e-05 0.000127241 0.000638838 0.00207876 0.00675031 0.0123328 0.0268301 0.0728668 0.878354 
0.000168566 0.0019318 0.0101986 0.0767249 0.122571 0.221139 0.311858 0.121248 0.0831295 0.0510311 
1.2242e-24 1.29017e-21 4.04656e-19 3.42325e-16 3.84072e-14 3.19336e-11 4.59958e-09 2.196e-06 0.000757914 0.99924 
0.000248692 0.00312671 0.0208972 0.0845769 0.124784 0.268976 0.168039 0.163061 0.111467 0.0548246 
0.00279132 0.0843097 0.223274 0.177982 0.228196 0.171196 0.072127 0.0261616 0.0108364 0.0031253 
2.14827e-15 3.26955e-14 1.49291e-13 1.27745e-11 1.6034e-09 4.71387e-08 3.17766e-06 0.000262253 0.00826708 0.991467 
1.17827e-05 0.000114552 0.000839254 0.00490123 0.0139406 0.0403062 0.0957629 0.514472 0.171255 0.158397 
1.2633e-09 1.20405e-09 8.64055e-09 1.15242e-07 2.38995e-06 5.04115e-05 0.000281961 0.00968787 0.955681 0.0342966 
8.21491e-23 4.92318e-20 1.44727e-17 1.32171e-14 1.20092e-12 6.73933e-10 3.21492e-08 2.22645e-06 0.000318986 0.999679 
9.22989e-05 0.000256543 0.0022811 0.0105881 0.0431602 0.0995115 0.426135 0.156412 0.139233 0.122331 
1.24656e-05 0.00013406 0.00110337 0.00492602 0.0110737 0.0231817 0.0419196 0.0909918 0.648681 0.177977 
3.0993e-13 6.23312e-12 7.07754e-11 4.67291e-09 3.21255e-07 2.61895e-06 5.4903e-05 0.000941549 0.0120436 0.986957 
2.04465e-07 5.11355e-07 3.13912e-06 2.23169e-05 0.000325968 0.00208744 0.00933426 0.047245 0.101671 0.83931 
3.26678e-07 8.76814e-07 5.63701e-06 2.96388e-05 0.00021753 0.00214109 0.00516036 0.0228779 0.826762 0.142804 
0.0047691 0.0360995 0.114057 0.369047 0.236954 0.14821 0.0615671 0.0199405 0.00742274 0.00193342 
3.2947e-07 1.2945e-06 7.68017e-06 3.07788e-05 0.000184196 0.00115785 0.00180393 0.00557556 0.0219257 0.969313 
9.57508e-07 4.01127e-06 2.49423e-05 9.98037e-05 0.000675148 0.00285376 0.00534333 0.0138292 0.0251108 0.952058 
0.000207839 0.00290254 0.0113417 0.0805444 0.104961 0.248765 0.206012 0.120366 0.114922 0.109978 
0.000752471 0.00660769 0.0254115 0.081014 0.157224 0.230221 0.35331 0.0939414 0.0384455 0.0130717 
4.20621e-05 0.000411279 0.00354527 0.0146517 0.0312268 0.0592577 0.0867391 0.151421 0.447194 0.205511 
0.00758255 0.0612995 0.192967 0.235657 0.207246 0.14652 0.100981 0.0307107 0.0127943 0.00424156 
3.37811e-05 0.00027969 0.00293411 0.0100473 0.023873 0.0513769 0.101678 0.108987 0.217669 0.483121 
3.72746e-06 2.9212e-05 0.000167993 0.000874074 0.00292348 0.00780625 0.015773 0.0405371 0.0757231 0.856162 
7.18474e-06 1.23706e-05 9.63644e-05 0.000468916 0.00438753 0.0176701 0.0407153 0.107754 0.134665 0.694223 
0.000225154 0.00187112 0.010171 0.0321287 0.0906738 0.416352 0.181073 0.154052 0.0835723 0.0298817 
6.56031e-05 0.000331709 0.00364088 0.0116073 0.0262013 0.0624181 0.375966 0.223252 0.210077 0.0864401 
6.61277e-06 4.87369e-05 0.000319557 0.00168212 0.00552667 0.0152792 0.0325768 0.0737603 0.647449 0.223351 
0.000165396 0.00119604 0.00698333 0.0260873 0.29586 0.156479 0.177252 0.175052 0.108989 0.051937 
6.6583e-07 2.5989e-06 1.6885e-05 9.98439e-05 0.000882256 0.00370966 0.0149293 0.714234 0.137358 0.128768 
1.03344e-07 3.95216e-07 2.73649e-06 1.523e-05 5.50097e-05 0.000259193 0.000424654 0.00230511 0.0171645 0.979773 
1.33737e-06 1.20874e-05 8.09756e-05 0.00051309 0.00124644 0.00302407 0.00643496 0.0271437 0.37466 0.586883 
0.00029319 0.00158974 0.0080244 0.0283623 0.0786399 0.357086 0.202283 0.179758 0.101932 0.0420307 
3.62476e-06 2.80898e-05 0.000226222 0.000844514 0.00296115 0.00892642 0.0210194 0.285697 0.341751 0.338542 
0.00162252 0.080659 0.054729 0.191602 0.273339 0.210455 0.106676 0.0456385 0.0216797 0.0135988 
1.03699e-05 0.000103823 0.000756693 0.00499511 0.0111923 0.0225764 0.0370275 0.0847499 0.623967 0.214621 
7.86962e-06 4.97244e-05 0.000360319 0.00178191 0.00843323 0.0292292 0.0791625 0.509812 0.173722 0.197441 
3.2866e-09 8.65761e-09 7.49788e-08 3.2216e-07 2.11212e-06 1.65009e-05 0.000169701 0.00420892 0.0315954 0.964007 
3.65483e-07 1.90072e-06 1.51977e-05 6.26546e-05 0.000412137 0.00200237 0.00557391 0.404271 0.47902 0.108641 
0.000797322 0.0134766 0.0488647 0.114931 0.344352 0.176393 0.11314 0.0928724 0.0647137 0.0304579 
3.02716e-06 2.19292e-05 0.000152716 0.000731132 0.00234437 0.00697126 0.0148455 0.039709 0.319446 0.615775 
3.80912e-06 4.28166e-06 2.72559e-05 0.000182049 0.00448074 0.00864659 0.0460639 0.181688 0.506653 0.252251 
3.50019e-06 2.48129e-05 0.000154417 0.000926347 0.00413978 0.0102689 0.0316682 0.0910586 0.169851 0.691904 
7.87212e-06 7.03233e-05 0.00044928 0.00295511 0.00824721 0.0188315 0.0461018 0.116616 0.177707 0.629014 
1.14081e-06 4.72868e-06 4.25247e-05 0.000239944 0.0018817 0.00883723 0.153499 0.538266 0.0763255 0.220902 
7.26522e-10 1.62236e-09 1.59472e-08 1.66285e-07 4.0807e-06 5.12706e-05 0.000339933 0.00441897 0.024792 0.970394 
3.50032e-07 1.05811e-06 6.19823e-06 3.25005e-05 0.000251384 0.00168829 0.0042737 0.0233163 0.0971898 0.87324 
1.0626e-05 9.47364e-05 0.000646819 0.00484038 0.01407 0.0443602 0.482627 0.152373 0.149619 0.151358 
1.94819e-05 0.000147666 0.00131082 0.00576917 0.0194217 0.0606658 0.429277 0.193476 0.169924 0.119987 
9.90742e-06 7.98277e-05 0.000624618 0.00363965 0.0120336 0.187035 0.257997 0.217779 0.166557 0.154244 
1.71488e-06 7.886e-06 4.67819e-05 0.000302846 0.00313461 0.0127261 0.0526527 0.648221 0.146901 0.136005 
4.16032e-05 0.000321235 0.00236889 0.0173594 0.0627936 0.0730022 0.108943 0.217225 0.412241 0.105704 
3.03369e-07 1.48351e-06 9.96832e-06 4.64568e-05 0.000307619 0.000988648 0.00170753 0.00941529 0.0487161 0.938807 
1.36684e-05 0.000149812 0.00144821 0.00514724 0.00995298 0.0214912 0.0423526 0.0957733 0.626592 0.197079 
5.71244e-06 4.74959e-05 0.000280697 0.00158579 0.0048779 0.0123121 0.0294527 0.0724016 0.133551 0.745485 
0.00356869 0.0530956 0.564977 0.248871 0.0788604 0.0337745 0.0110078 0.00387229 0.00153656 0.000436263 
3.87633e-06 1.83565e-05 0.000213976 0.000995325 0.0039351 0.0128376 0.0312037 0.074962 0.122099 0.753731 
8.37802e-05 0.00126374 0.00512439 0.0167203 0.0384696 0.0658148 0.0921339 0.476673 0.171193 0.132523 
4.27439e-07 1.15806e-06 6.72454e-06 3.73105e-05 0.00064531 0.00340535 0.0178764 0.274202 0.477619 0.226206 
3.03266e-06 2.63868e-05 0.000163978 0.000890641 0.00253464 0.00692573 0.0205629 0.0654204 0.121277 0.782195 
0.000127456 0.00105165 0.00381798 0.0126998 0.0391782 0.176892 0.163987 0.327602 0.179065 0.09558 
1.55103e-24 2.65328e-21 9.28494e-19 9.30979e-16 1.51647e-13 7.63745e-11 3.66488e-08 1.36624e-05 0.00405798 0.995928 
9.06608e-05 0.00124338 0.00347333 0.0139103 0.0429054 0.0806326 0.13087 0.507645 0.145878 0.0733513 
9.26199e-25 1.69992e-21 5.9006e-19 5.80239e-16 1.29334e-13 7.30215e-11 8.57301e-08 7.02924e-05 0.00340391 0.996526 
1.01772e-06 6.16813e-06 4.84447e-05 0.000218175 0.00110109 0.00424225 0.0268687 0.726223 0.132811 0.108479 
0.00782229 0.0633135 0.101724 0.281605 0.230264 0.223385 0.0644519 0.0183898 0.00706755 0.00197834 
0.000426199 0.00652174 0.0212185 0.0936889 0.192299 0.21244 0.337761 0.080252 0.0375302 0.0178628 
1.03573e-08 2.09821e-08 2.12845e-07 1.99262e-06 3.42159e-05 0.000484183 0.000942828 0.00891389 0.0363045 0.953318 
4.95142e-06 3.59317e-05 0.000222724 0.00116348 0.00367421 0.0110301 0.0232126 0.0625311 0.139627 0.758498 
0.00195263 0.0155912 0.0546407 0.13796 0.401081 0.157762 0.0901916 0.0639853 0.0490811 0.0277545 
7.34278e-06 6.80744e-05 0.000443842 0.00268609 0.00638366 0.0141251 0.0259115 0.0603433 0.123181 0.76685 
1.30068e-06 5.59432e-06 3.67494e-05 0.000247087 0.0013677 0.00533488 0.0125657 0.0399139 0.085875 0.854652 
1.20207e-09 2.8022e-09 2.85817e-08 2.65858e-07 5.72558e-06 5.36906e-05 0.000360421 0.00748473 0.0442272 0.947868 
1.47657e-07 9.4723e-07 9.8513e-06 3.41603e-05 0.000117518 0.000362219 0.000898694 0.00110218 0.00221945 0.995255 
0.000232574 0.00122985 0.00537593 0.0206101 0.1981 0.307134 0.1648 0.166904 0.092266 0.0433471 
5.73292e-06 4.74631e-05 0.00029845 0.00166883 0.00454205 0.0117885 0.0252358 0.0500446 0.0922654 0.814103 
5.76009e-05 0.000518195 0.00416227 0.0151552 0.0368372 0.0812208 0.437982 0.20294 0.148864 0.0722631 
8.35432e-05 0.000303352 0.00201992 0.0107993 0.0395114 0.100968 0.456088 0.169086 0.127643 0.0934966 
8.84585e-13 1.14261e-11 8.94632e-11 3.62081e-09 4.11319e-07 2.80552e-06 8.48393e-05 0.00159897 0.00737809 0.990935 
9.21402e-06 7.90069e-05 0.000647107 0.00434836 0.0129651 0.0350496 0.200518 0.535837 0.119256 0.0912906 
3.40226e-13 5.02056e-13 3.47226e-12 4.58584e-11 1.67402e-09 1.01346e-08 4.06301e-07 1.17979e-06 0.000639673 0.999359 
3.25294e-06 9.37597e-06 0.00010262 0.000574371 0.00313098 0.0255876 0.0833318 0.168228 0.43888 0.280152 
1.21687e-05 0.000109666 0.000699274 0.00538318 0.0137729 0.0310902 0.0696232 0.538872 0.170268 0.170169 
1.07076e-05 9.60439e-05 0.000764614 0.0035983 0.010411 0.0235664 0.0499459 0.111362 0.152298 0.647948 
3.86917e-12 2.07549e-11 1.33132e-10 6.62831e-10 2.62256e-09 1.24831e-08 6.32786e-08 1.99626e-05 0.00207386 0.997906 
6.46772e-06 6.0192e-05 0.000436106 0.00192824 0.00513271 0.012615 0.0237179 0.0599616 0.107505 0.788637 
7.22797e-06 6.41954e-05 0.000466597 0.00292845 0.00801989 0.017053 0.0342736 0.248733 0.104225 0.584229 
9.4643e-07 4.03113e-06 2.53124e-05 0.00011695 0.000690752 0.00364546 0.0103367 0.0449859 0.776363 0.163831 
4.9177e-13 9.46253e-12 9.70417e-11 6.67201e-09 5.49492e-07 3.79946e-06 7.50972e-05 0.00181353 0.0206779 0.977429 
4.15665e-05 0.00126759 0.00671466 0.0247717 0.196805 0.0683519 0.0729487 0.181192 0.0824001 0.365508 
2.57304e-14 4.9919e-13 3.61784e-12 2.47575e-10 3.26312e-08 4.34566e-07 1.75651e-05 0.00217236 0.0127172 0.985092 
4.91166e-06 2.99401e-05 0.000210474 0.00103444 0.00442118 0.0132831 0.031603 0.0868877 0.656276 0.206249 
5.97193e-06 5.19304e-05 0.000362959 0.00156485 0.00482123 0.0127038 0.0262504 0.0643849 0.122818 0.767036 
6.44929e-13 1.46325e-11 1.30561e-10 7.82505e-09 7.52804e-07 4.99668e-06 0.000130441 0.00265826 0.019642 0.977563 
8.1891e-06 7.61524e-05 0.000609092 0.00237635 0.00664837 0.018011 0.038059 0.084944 0.142635 0.706633 
3.13782e-05 0.000341682 0.00345147 0.0149263 0.0265744 0.0461137 0.0752764 0.143602 0.531891 0.157791 
9.16969e-16 1.35726e-14 4.54781e-14 3.58253e-12 3.35959e-10 2.14874e-08 2.30684e-06 0.000236542 0.00690652 0.992855 
8.13636e-05 0.000636486 0.00362012 0.0139825 0.039283 0.0929226 0.496643 0.191768 0.109423 0.0516391 
6.21308e-07 2.72241e-06 2.16988e-05 9.81283e-05 0.000633205 0.00233847 0.005126 0.0205379 0.0543982 0.916843 
2.57987e-26 3.22755e-23 1.167e-20 1.32849e-17 2.50018e-15 1.45673e-12 9.89406e-10 7.88632e-07 0.00129287 0.998706 
1.15427e-05 0.00012645 0.000952719 0.00550667 0.0119723 0.0245655 0.0447596 0.406219 0.2741 0.231786 
8.13863e-14 1.78465e-13 9.90813e-13 1.82079e-11 1.18299e-09 6.44717e-08 5.36672e-06 0.000474356 0.0100235 0.989497 
3.47702e-06 2.90248e-05 0.000170838 0.000986648 0.00370916 0.0143754 0.608884 0.107153 0.131595 0.133093 
4.87298e-25 8.90393e-22 3.17802e-19 3.32288e-16 6.50099e-14 3.39258e-11 1.8834e-08 9.42715e-06 0.00268503 0.997306 
4.77043e-06 3.21392e-05 0.000221578 0.00107427 0.00369251 0.0115381 0.024616 0.0657477 0.14023 0.752843 
1.5115e-06 1.2769e-05 7.83763e-05 0.000453409 0.00200894 0.0250096 0.399133 0.162445 0.250186 0.160671 
1.33118e-05 0.000119669 0.00100631 0.00401096 0.0137711 0.0412324 0.241394 0.35084 0.183526 0.164087 
0.00402564 0.018075 0.0756586 0.310314 0.252159 0.190089 0.0972878 0.033545 0.0152054 0.00363997 
0.000236977 0.00243311 0.011573 0.0451549 0.217459 0.243138 0.211316 0.1712 0.0680636 0.0294251 
4.6186e-05 0.000419198 0.00356944 0.0126952 0.0306927 0.0655739 0.111699 0.524847 0.164136 0.0863201 
0.0017319 0.00824513 0.0361779 0.125345 0.230751 0.413091 0.124318 0.0421977 0.014643 0.00349868 
7.02689e-06 6.77928e-05 0.000431276 0.00332103 0.007464 0.0154038 0.0259931 0.156413 0.483543 0.307356 
8.9571e-06 7.28831e-05 0.000565684 0.00303247 0.0099709 0.0254004 0.0582596 0.135826 0.597749 0.169115 
2.35989e-06 2.47644e-05 0.000148906 0.000908563 0.00212403 0.00504038 0.0170735 0.0725348 0.821914 0.0802288 
1.81737e-07 9.14988e-07 7.04485e-06 3.29993e-05 0.000149162 0.0007624 0.00264451 0.0156285 0.654689 0.326085 
2.24153e-06 9.04158e-06 6.45435e-05 0.000353143 0.00301876 0.0102846 0.229042 0.329563 0.183682 0.243981 
8.09421e-07 4.6434e-06 4.30097e-05 0.000174036 0.000522182 0.00209438 0.00481289 0.00877053 0.0179225 0.965655 
2.46893e-05 0.000937701 0.00673369 0.0410557 0.433663 0.12777 0.11036 0.106026 0.0876485 0.0857806 
5.66351e-08 3.21068e-08 2.04653e-07 2.45877e-06 4.20384e-05 0.000529658 0.00211549 0.0140313 0.0508564 0.932422 
9.69805e-07 7.08231e-06 7.13242e-05 0.000264652 0.000616317 0.00211717 0.006178 0.0277394 0.847952 0.115053 
1.76762e-06 7.69401e-06 5.69569e-05 0.000208725 0.00106738 0.00490404 0.0100816 0.0250312 0.0593417 0.899299 
3.42473e-07 3.11039e-06 1.83904e-05 0.000112236 0.000309151 0.000634346 0.00126772 0.00284378 0.00697056 0.98784 
0.0001504 0.0017274 0.0110285 0.0330343 0.339406 0.170356 0.143805 0.121694 0.095458 0.0833402 
9.63684e-06 9.30917e-05 0.000763935 0.00327207 0.00850114 0.0203051 0.0351909 0.0724554 0.114526 0.744882 
6.03146e-05 0.00053651 0.00343269 0.011758 0.0416292 0.0586017 0.119035 0.361415 0.2999 0.103632 
1.40696e-09 7.90753e-09 5.30048e-08 1.88159e-07 1.03615e-06 4.155e-06 9.05985e-06 5.41879e-05 0.00323379 0.996698 
0.00027763 0.0107787 0.0271154 0.103184 0.247565 0.261463 0.124688 0.120609 0.0682806 0.0360385 
2.58768e-14 3.49511e-13 2.87487e-12 6.72402e-11 5.20369e-09 3.2304e-07 5.45989e-07 0.000156409 0.00534497 0.994498 
9.34441e-06 9.07988e-05 0.000638771 0.00358669 0.00879911 0.0191078 0.0364122 0.078629 0.178535 0.674192 
2.59958e-06 1.62181e-05 9.76884e-05 0.000525624 0.00204874 0.0064827 0.0134152 0.295333 0.282159 0.399919 
0.00255857 0.0233951 0.0737614 0.241444 0.345412 0.219987 0.0632128 0.020473 0.00743199 0.0023248 
0.000122877 0.000584595 0.00351812 0.0135152 0.0498373 0.336949 0.115814 0.262175 0.134581 0.0829033 
1.15211e-05 9.98842e-05 0.000754358 0.00397761 0.0121006 0.0295116 0.0710017 0.14852 0.557267 0.176755 
3.16487e-06 2.31468e-05 0.000159756 0.000834114 0.0029394 0.00902707 0.505016 0.183563 0.152357 0.146078 
1.77837e-06 8.86869e-06 6.77312e-05 0.000319232 0.00150477 0.00583669 0.014631 0.0463807 0.695567 0.235682 
1.64968e-11 7.8624e-11 9.11478e-10 1.29724e-08 9.98222e-07 7.21416e-06 0.000341081 0.181126 0.313434 0.50509 
0.000173059 0.00119936 0.00786988 0.0341931 0.127799 0.282192 0.137991 0.202635 0.123629 0.0823185 
1.59911e-06 1.27916e-05 0.000119386 0.000409792 0.00170511 0.00495497 0.0187178 0.263802 0.0722026 0.638074 
0.000355348 0.00309729 0.0142019 0.0493105 0.10792 0.299507 0.307359 0.126663 0.0677547 0.023831 
2.35356e-08 3.97781e-08 2.43373e-07 2.23398e-06 8.1414e-05 0.00064976 0.00418852 0.397393 0.307748 0.289937 
2.81649e-07 1.04659e-06 6.01434e-06 4.62813e-05 0.000556754 0.00218751 0.0122762 0.0524499 0.601467 0.331009 
7.04739e-06 1.31516e-05 0.000109762 0.000651185 0.00361418 0.0159529 0.0405669 0.138634 0.656469 0.143982 
6.70116e-06 4.33004e-05 0.000280243 0.00148788 0.00735829 0.0185617 0.0496979 0.567371 0.181741 0.173453 
9.76658e-06 8.094e-05 0.00061887 0.0030949 0.00971638 0.0218282 0.044689 0.0923651 0.151602 0.675994 
4.05849e-25 7.4516e-22 2.59912e-19 2.59367e-16 6.89043e-14 4.24044e-11 6.25018e-08 5.61963e-05 0.00341585 0.996528 
0.000249724 0.00115833 0.00783829 0.0340835 0.0828205 0.25032 0.221055 0.18112 0.157732 0.0636229 
4.30027e-06 3.36842e-05 0.000184197 0.00108011 0.00335308 0.00901343 0.0167964 0.0368053 0.073786 0.858944 
7.24766e-06 7.82257e-05 0.000543587 0.00438487 0.00867173 0.0143606 0.0195263 0.0438817 0.0743105 0.834235 
4.1134e-06 1.69213e-05 0.000108802 0.000635912 0.00330514 0.0241663 0.059306 0.12885 0.616738 0.166869 
5.70216e-09 5.85419e-09 4.73876e-08 4.73902e-07 7.87539e-06 0.000150396 0.000373808 0.00386894 0.947628 0.0479704 
1.02714e-06 3.55099e-06 2.02921e-05 0.000124749 0.00134144 0.00584921 0.0209399 0.0740151 0.777798 0.119907 
0.000196593 0.00208876 0.00896565 0.03363 0.207378 0.135833 0.151618 0.278743 0.118942 0.0626055 
0.000431444 0.00588603 0.0235785 0.112186 0.204905 0.360274 0.138629 0.0948644 0.0447311 0.0145144 
1.09785e-05 0.000117463 0.000895194 0.0043118 0.0102277 0.0217205 0.0833872 0.29584 0.114866 0.468624 
7.00052e-06 4.31162e-05 0.000348859 0.00173359 0.00794215 0.0255515 0.0692439 0.150902 0.603097 0.14113 
5.6806e-11 1.72975e-10 1.58477e-09 1.84444e-08 3.76355e-07 7.68125e-06 6.11907e-05 0.000399639 0.00131706 0.998214 
0.00163249 0.0142565 0.0469994 0.166249 0.321085 0.316836 0.0908864 0.0283542 0.0100523 0.00364841 
1.13242e-05 0.00011982 0.000758089 0.00469874 0.0120768 0.023844 0.0548743 0.59701 0.20638 0.100228 
1.25113e-05 0.000117029 0.000947157 0.00483549 0.0162923 0.0530673 0.495443 0.157588 0.149185 0.122511 
5.88987e-06 5.19059e-05 0.000509861 0.00176812 0.00524801 0.0143613 0.0373923 0.0907896 0.140442 0.709431 
5.22494e-06 4.57387e-05 0.000317294 0.00178423 0.00461778 0.0106997 0.0217115 0.0422332 0.0786184 0.839967 
2.57223e-08 7.26946e-08 6.29803e-07 8.661e-06 9.85644e-05 0.000265735 0.00125048 0.00788366 0.448072 0.54242 
2.53473e-06 2.45959e-05 0.000162505 0.00105175 0.00234214 0.0043211 0.00909332 0.0145499 0.0371003 0.931352 
0.000208929 0.000749339 0.00520135 0.0252326 0.0861822 0.343205 0.172659 0.172875 0.116805 0.0768816 
0.000555625 0.00984509 0.0268574 0.117041 0.24002 0.250457 0.173116 0.111103 0.052025 0.0189793 
1.72902e-05 0.000139912 0.000992902 0.00455262 0.0183385 0.0531424 0.445533 0.169881 0.166684 0.140718 
1.00603e-05 0.000103289 0.000694645 0.0054766 0.0111716 0.0207237 0.0294224 0.0634347 0.10656 0.762403 
2.51145e-05 0.000232945 0.00119816 0.00454652 0.0171364 0.036263 0.0701684 0.15534 0.539884 0.175205 
2.13469e-06 2.00735e-06 1.54517e-05 9.14466e-05 0.000851246 0.00337154 0.0292378 0.309346 0.54031 0.116772 
9.63923e-09 2.09561e-08 2.12128e-07 1.97447e-06 3.52905e-05 0.0004477 0.00120869 0.0104449 0.0342825 0.953579 
8.22512e-22 3.68851e-19 9.2609e-17 7.38824e-14 6.952e-12 3.29834e-09 5.97155e-07 0.000182684 0.00766296 0.992154 
1.72933e-06 9.35668e-06 5.87498e-05 0.00028662 0.00123965 0.00459072 0.00967028 0.0225771 0.0513738 0.910192 
0.000208902 0.00120937 0.00640462 0.0266695 0.0736761 0.138521 0.181426 0.191903 0.32372 0.0562613 
1.51723e-05 0.000143212 0.000996161 0.00582179 0.0175758 0.0350036 0.0635682 0.218324 0.303756 0.354796 
1.639e-05 0.000148423 0.00109372 0.00491936 0.0142767 0.0350845 0.0664795 0.134443 0.580545 0.162994 
5.38135e-06 4.98373e-05 0.000313432 0.00200185 0.00476769 0.0105487 0.0198728 0.0482743 0.11432 0.799846 
2.13044e-05 0.000193452 0.00182208 0.00919985 0.0308633 0.363548 0.127264 0.172654 0.163192 0.131242 
2.17214e-06 2.51162e-05 0.000123556 0.000887857 0.0017134 0.00238227 0.0042623 0.00883349 0.0427232 0.939047 
3.72018e-07 2.40421e-06 1.65275e-05 8.69793e-05 0.000408065 0.00130875 0.00440077 0.0206169 0.0633517 0.909808 
1.12273e-05 0.000102416 0.000744212 0.0050791 0.0120893 0.0251007 0.0458307 0.111883 0.386469 0.41269 
1.25459e-06 4.6333e-06 3.04788e-05 0.000136344 0.000785439 0.00434086 0.013333 0.0430325 0.78449 0.153846 
5.76339e-14 1.71496e-12 1.45967e-11 6.97636e-10 7.6059e-08 6.99735e-07 1.52299e-05 0.000475259 0.00365007 0.995859 
1.12956e-05 0.000128077 0.00106465 0.00556375 0.0104446 0.0203032 0.0322757 0.488488 0.198481 0.24324 
2.30551e-08 2.50398e-08 1.90242e-07 1.77778e-06 2.78929e-05 0.000306115 0.00120556 0.00961558 0.027882 0.960961 
1.13666e-07 4.80563e-07 2.55733e-06 8.91215e-06 5.46652e-05 0.000241348 0.000434385 0.00321689 0.0242559 0.971785 
8.16259e-08 2.9186e-07 2.01076e-06 2.08217e-05 0.000297192 0.00106103 0.00401251 0.0292541 0.651379 0.313973 
4.18249e-06 3.42259e-05 0.00019482 0.00109714 0.00316209 0.00794772 0.0151382 0.0375904 0.784733 0.150098 
0.00100662 0.0118343 0.16283 0.475599 0.157619 0.101541 0.0507562 0.0281687 0.00788538 0.00275965 
1.55e-07 4.03572e-07 4.16702e-06 1.63982e-05 8.54948e-05 0.000733672 0.00304757 0.0148272 0.0574492 0.923836 
5.83156e-08 7.72157e-08 5.90533e-07 6.59635e-06 0.000229065 0.00149807 0.00741428 0.771092 0.129342 0.0904179 
1.47607e-06 7.95077e-06 9.6917e-05 0.00043598 0.00109445 0.00449518 0.0112627 0.0365042 0.0878357 0.858265 
6.90311e-07 2.82078e-06 1.51919e-05 5.9242e-05 0.000327814 0.00179828 0.00456751 0.022583 0.873052 0.0975934 
0.00434342 0.204401 0.0832684 0.127747 0.237378 0.118582 0.117461 0.0635435 0.0316435 0.0116312 
0.000118971 6.02163e-05 0.000328454 0.0030322 0.0251942 0.430631 0.136189 0.137892 0.128057 0.138497 
7.24067e-13 1.09989e-11 9.76162e-11 6.16217e-09 6.03507e-07 4.58957e-06 0.000173378 0.00675423 0.937834 0.0552329 
1.3972e-06 5.5414e-06 3.67117e-05 0.000181807 0.00140241 0.00557683 0.0141431 0.138091 0.188813 0.651748 
0.000514115 0.00510245 0.0152974 0.0506206 0.101573 0.165957 0.184297 0.380511 0.0742783 0.0218502 
1.5483e-06 5.15989e-06 3.04717e-05 0.000147569 0.00136264 0.00763978 0.0343018 0.697275 0.126295 0.13294 
5.32434e-05 0.000364851 0.00215319 0.00842899 0.0304013 0.0607567 0.0793752 0.375968 0.199332 0.243166 
9.40168e-07 3.25115e-06 1.89757e-05 0.000136983 0.00154436 0.00502683 0.0154745 0.0530643 0.120224 0.804506 
6.92716e-06 6.40123e-05 0.000414146 0.00264801 0.00630818 0.0135441 0.0237331 0.0459381 0.0801107 0.827233 
5.05479e-06 4.78777e-05 0.000287596 0.00167853 0.0041008 0.00822552 0.0183371 0.045182 0.105453 0.816682 
5.15847e-06 3.49275e-05 0.000270028 0.0014012 0.0046587 0.0137325 0.0283424 0.0671036 0.69868 0.185771 
3.96662e-05 0.000415469 0.00413703 0.0154745 0.0281644 0.05578 0.0845774 0.154344 0.171027 0.48604 
9.7195e-09 2.03318e-08 2.07815e-07 1.91505e-06 3.2348e-05 0.000424251 0.000896739 0.0142033 0.896491 0.08795 
1.51182e-06 6.93838e-06 4.69945e-05 0.000214946 0.00134377 0.00498923 0.0102268 0.0384431 0.785759 0.158968 
7.26757e-06 7.5712e-05 0.000612455 0.0025769 0.00650218 0.0159101 0.0338077 0.0872752 0.687074 0.166158 
8.14379e-06 4.71829e-05 0.00040395 0.0020578 0.00856301 0.0247236 0.0584699 0.14344 0.585721 0.176565 
0.000108796 0.000639542 0.00378531 0.0144431 0.0412341 0.0868314 0.459914 0.239719 0.103524 0.0498002 
1.58718e-05 0.000150696 0.00143127 0.00582249 0.0147749 0.0307655 0.0679411 0.136651 0.186495 0.555953 
0.00857521 0.0320677 0.129035 0.386352 0.195258 0.191545 0.0437299 0.0112714 0.00187494 0.000290045 
3.90126e-06 2.29626e-05 0.00015682 0.000757465 0.00326591 0.0099804 0.0223768 0.070937 0.711863 0.180635 
0.000227322 0.00187863 0.012994 0.044551 0.153606 0.318361 0.182095 0.155807 0.0918929 0.038587 
6.9729e-14 1.39861e-12 1.57489e-11 1.04764e-09 7.48061e-08 5.2987e-07 8.0695e-06 7.01674e-05 0.000635851 0.999285 
0.000213405 0.00146571 0.00664505 0.0244375 0.0766862 0.402151 0.199298 0.158617 0.0843673 0.0461192 
2.92776e-06 1.80851e-05 0.000108392 0.000625133 0.00303077 0.010408 0.0296044 0.0978572 0.695253 0.163092 
4.67867e-32 1.5275e-28 5.14011e-25 2.1641e-21 1.13953e-17 1.4201e-14 4.84848e-11 2.1654e-07 0.0011997 0.9988 
0.000176195 0.00280098 0.00819763 0.0292647 0.0621085 0.280317 0.233434 0.199345 0.140818 0.0435383 
7.49357e-06 5.33218e-05 0.00038065 0.00203203 0.00777506 0.0240299 0.0698298 0.155175 0.565216 0.175501 
1.87513e-06 7.12397e-06 4.33971e-05 0.000177327 0.00121088 0.00658806 0.014424 0.0457387 0.11026 0.821549 
2.167e-09 9.05418e-10 5.99236e-09 2.19611e-07 6.60606e-06 0.000250344 0.00037626 0.0103877 0.908885 0.0800934 
1.52999e-13 2.91263e-12 2.82131e-11 1.99202e-09 1.84764e-07 1.40972e-06 4.11187e-05 0.00109772 0.0181287 0.980731 
1.18717e-07 1.67823e-07 1.19569e-06 1.40301e-05 0.000258832 0.00163558 0.00708962 0.0451911 0.815693 0.130116 
0.000163304 0.00212517 0.00804875 0.0297898 0.0713777 0.125355 0.167589 0.423239 0.125939 0.0463728 
6.9174e-17 1.59839e-15 1.11671e-14 6.83285e-13 9.31406e-11 4.64772e-10 3.33623e-08 3.70625e-07 0.00102661 0.998973 
0.000197385 0.00227113 0.0126445 0.222069 0.161265 0.173772 0.190023 0.116912 0.0773948 0.0434517 
9.66676e-06 0.000116528 0.000926662 0.00395099 0.00885359 0.0185254 0.0272014 0.065529 0.144764 0.730123 
3.46887e-07 1.19747e-06 8.08255e-06 3.89049e-05 0.000272363 0.00172845 0.00509033 0.0236692 0.818808 0.150383 
2.05544e-06 1.05452e-05 5.76636e-05 0.000307753 0.00141671 0.00670018 0.0157856 0.0628818 0.519598 0.39324 
1.11055e-07 3.70832e-07 2.34933e-06 1.48462e-05 0.000131324 0.00104492 0.00292807 0.0149457 0.0394758 0.941457 
5.14877e-06 3.07583e-05 0.00022329 0.00118439 0.0052876 0.0146057 0.036743 0.0910167 0.654285 0.196618 
0.00379213 0.029348 0.170285 0.448003 0.194942 0.107695 0.0331216 0.00925819 0.00284625 0.000709046 
4.9262e-06 3.88867e-05 0.000224637 0.00130718 0.00378953 0.0100555 0.0207526 0.051762 0.115857 0.796208 
0.000185906 0.00124396 0.00428502 0.0201205 0.075784 0.155196 0.409784 0.176376 0.102886 0.0541389 
6.1616e-05 0.00048641 0.0033831 0.0121182 0.0296076 0.0982577 0.160847 0.1763 0.271757 0.247181 
5.45945e-06 3.34341e-05 0.000246024 0.00120927 0.00545278 0.0160577 0.04148 0.138651 0.566 0.230865 
2.18915e-08 1.17825e-07 7.36019e-07 5.88723e-06 7.12191e-05 0.001125 0.00113197 0.00433624 0.0606089 0.93272 
1.80903e-06 8.98232e-06 6.49728e-05 0.000317379 0.00189716 0.0195218 0.0462296 0.324388 0.495738 0.111832 
4.34502e-06 2.2187e-05 0.000160741 0.000911922 0.00435338 0.0303956 0.116046 0.419626 0.312494 0.115985 
5.98106e-06 3.89309e-05 0.000305614 0.00171856 0.00629712 0.0173459 0.0517955 0.591645 0.173531 0.157316 
2.63841e-05 0.000248492 0.00126545 0.00807314 0.0176811 0.0360992 0.0468428 0.0976456 0.14216 0.649958 
7.62021e-14 1.51472e-12 1.67407e-11 1.11829e-09 8.1705e-08 6.69379e-07 8.84738e-06 0.000218828 0.000948715 0.998823 
1.60507e-07 4.0751e-07 2.47722e-06 1.36159e-05 0.000152323 0.00124134 0.00357474 0.0205146 0.0737454 0.900755 
5.57017e-06 4.39304e-05 0.000285282 0.00142561 0.00454541 0.0134272 0.0389521 0.105526 0.645659 0.190129 
4.24651e-07 2.09459e-06 1.05609e-05 4.58938e-05 0.000327677 0.00124827 0.00368248 0.0161211 0.0644626 0.914099 
9.14722e-05 0.000675333 0.004512 0.017394 0.0413747 0.104521 0.418032 0.207936 0.14076 0.0647033 
1.45429e-05 6.68943e-05 0.000504018 0.00323814 0.0085598 0.0199635 0.0414916 0.128479 0.22526 0.572423 
8.30797e-05 0.00102095 0.00485461 0.0173219 0.0421582 0.0700581 0.109901 0.178701 0.462723 0.113178 
8.67517e-15 1.58469e-13 1.46499e-12 1.04551e-10 9.37741e-09 1.07289e-07 4.62542e-06 0.000255829 0.0051976 0.994542 
0.000195519 0.00185027 0.00677401 0.026737 0.0824427 0.343147 0.235561 0.177179 0.0815398 0.0445743 
3.37838e-06 1.83675e-05 0.000108511 0.000624114 0.00299755 0.0103191 0.02095 0.0593194 0.725846 0.179813 
1.27941e-05 0.000131081 0.000935437 0.00435731 0.0107631 0.0242863 0.0460258 0.110924 0.589096 0.213469 
0.000149121 0.00184819 0.00685838 0.0236652 0.0678557 0.117272 0.410729 0.18589 0.121467 0.0642647 
3.96689e-06 1.77402e-05 0.000192991 0.000996217 0.0050772 0.0152808 0.0487616 0.473589 0.121221 0.334859 
1.76615e-07 3.8661e-07 2.28995e-06 1.31795e-05 0.000152975 0.000970093 0.00287896 0.0135745 0.0354381 0.946969 
8.86655e-06 6.18978e-05 0.000402799 0.00246031 0.00980962 0.0307192 0.075924 0.158842 0.545629 0.176143 
4.0287e-05 0.00115932 0.00617673 0.0232147 0.177599 0.065931 0.0763574 0.182238 0.103882 0.363402 
6.79974e-13 1.35816e-11 1.52376e-10 1.01557e-08 7.27145e-07 6.06012e-06 0.000118537 0.00265631 0.0276401 0.969578 
9.93803e-06 9.56142e-05 0.000787762 0.00390746 0.0103839 0.024208 0.057597 0.135218 0.626414 0.141378 
3.06513e-06 2.77294e-05 0.000176227 0.000923192 0.00227862 0.00565426 0.0132494 0.0363191 0.092372 0.848996 
4.33373e-09 7.87849e-09 7.39056e-08 7.21322e-07 1.3892e-05 0.000167252 0.000943997 0.0101859 0.0478996 0.940789 
0.000245015 0.00261008 0.0131848 0.052347 0.332735 0.201617 0.177873 0.11951 0.0666808 0.0331971 
2.60672e-22 3.50542e-19 1.22103e-16 1.23253e-13 1.06903e-11 6.77308e-09 9.6972e-06 0.000465597 0.013183 0.986342 
1.47959e-06 5.85478e-06 4.37715e-05 0.000222609 0.00134482 0.00624368 0.0167829 0.0519286 0.125304 0.798122 
6.15083e-06 4.33116e-05 0.000263023 0.00157701 0.00530363 0.015093 0.0332604 0.103802 0.5894 0.251251 
5.98471e-08 5.67377e-08 4.64746e-07 4.61781e-06 6.6106e-05 0.00064362 0.00234896 0.015644 0.0632442 0.918048 
2.01834e-07 5.40089e-07 3.24404e-06 1.76747e-05 0.000178362 0.0010594 0.00322951 0.0121294 0.0753179 0.908064 
1.04825e-06 6.4122e-06 4.23962e-05 0.000203545 0.000798679 0.00249686 0.00485811 0.0124329 0.0340173 0.945143 
0.000213444 0.00125945 0.00630469 0.0246838 0.156089 0.286462 0.250837 0.164356 0.0776027 0.0321923 
7.61002e-05 0.000706506 0.00485532 0.017534 0.0378616 0.0701859 0.0928449 0.143479 0.148978 0.483479 
6.28809e-07 2.78295e-06 1.81906e-05 6.90426e-05 0.000499588 0.002057 0.00342081 0.0097944 0.0226297 0.961508 
3.28632e-06 1.46688e-05 0.00016986 0.000860556 0.00423908 0.0131136 0.0446587 0.639541 0.167729 0.12967 
0.000164819 0.00103311 0.00751519 0.0335362 0.339748 0.181451 0.155692 0.142205 0.0878013 0.0508523 
3.59288e-05 0.000329516 0.00330331 0.0119262 0.0245634 0.0583203 0.105912 0.517912 0.16728 0.110417 
2.60829e-08 2.75628e-08 2.33285e-07 2.38419e-06 3.85792e-05 0.000472964 0.00178612 0.0147719 0.0529871 0.929941 
6.19084e-06 5.72988e-05 0.000516532 0.00206845 0.0050642 0.0130418 0.0235085 0.0672578 0.689364 0.199115 
3.40003e-08 2.38536e-07 2.72893e-06 8.93501e-06 4.434e-05 0.000496816 0.00390668 0.147267 0.805369 0.042904 
1.65763e-05 0.000132371 0.00106181 0.0058307 0.022339 0.260663 0.314529 0.155018 0.133275 0.107134 
1.0523e-05 8.97411e-05 0.000701076 0.00249028 0.00919219 0.0367084 0.0924032 0.348527 0.333352 0.176525 
4.00101e-10 3.67877e-10 1.98018e-09 3.84969e-08 1.50284e-06 1.29385e-05 0.000173632 0.00215126 0.00860384 0.989057 
9.09567e-05 0.00110155 0.00486194 0.0182155 0.0529164 0.351375 0.172418 0.196042 0.136168 0.0668106 
7.78078e-06 6.02821e-05 0.000431218 0.00244093 0.00734605 0.0193185 0.0517432 0.526498 0.186213 0.205942 
1.00006e-05 0.000102979 0.000667984 0.00521126 0.0108309 0.0205567 0.0267434 0.0569694 0.100106 0.778802 
4.47717e-06 3.03023e-05 0.0001699 0.00102311 0.00469815 0.0163306 0.0550951 0.125949 0.624292 0.172407 
1.74152e-05 0.00017891 0.00136422 0.0072258 0.017081 0.0373036 0.0685833 0.155018 0.559548 0.15368 
9.83168e-08 3.44823e-07 4.03149e-06 1.85131e-05 0.000106343 0.000492022 0.00149815 0.00805512 0.653402 0.336424 
5.95919e-06 5.47639e-05 0.000387577 0.00178593 0.00546041 0.0140545 0.0286848 0.0694121 0.143465 0.736689 
4.65224e-06 3.31787e-05 0.000286237 0.00134392 0.00469901 0.0121525 0.031694 0.0749054 0.122075 0.752806 
1.51094e-05 0.000146982 0.00118439 0.00627761 0.0181567 0.04635 0.109138 0.499206 0.171869 0.147656 
4.81624e-05 0.00045367 0.0038577 0.0148818 0.0356109 0.0694171 0.0981391 0.154488 0.511581 0.111523 
1.04262e-06 8.92028e-06 4.9273e-05 0.000303011 0.000845602 0.00219785 0.00595119 0.0170113 0.0411445 0.932487 
0.000211912 0.00168934 0.0108533 0.039739 0.109949 0.360845 0.182053 0.157185 0.0945181 0.0429565 
0.000124358 0.00115906 0.00338754 0.0147218 0.0510936 0.108933 0.336016 0.346892 0.0940463 0.0436265 
1.42763e-11 3.98907e-11 4.14474e-10 3.74276e-09 8.22637e-08 8.83077e-07 2.34418e-05 0.00106439 0.0200924 0.978819 
3.41909e-07 8.2745e-07 5.112e-06 5.12552e-05 0.000715803 0.00281309 0.0115625 0.0405525 0.0953681 0.84893 
0.00708886 0.133818 0.0889934 0.181632 0.246256 0.17468 0.0819085 0.0419007 0.0261705 0.0175529 
1.4976e-05 5.34671e-05 0.000356579 0.0021001 0.00568758 0.0155756 0.143104 0.233904 0.230117 0.369086 
0.000678831 0.0113047 0.0381611 0.0850277 0.177181 0.414894 0.183554 0.0485128 0.0257106 0.0149745 
2.40512e-06 1.21791e-05 7.52195e-05 0.000362054 0.00201676 0.00784732 0.0174348 0.0535769 0.122879 0.795793 
0.000114392 0.00331739 0.00484733 0.0172891 0.0272501 0.0359513 0.0461025 0.11088 0.327208 0.42704 
1.80883e-05 0.00017341 0.00133094 0.00684362 0.0164324 0.0354056 0.0590318 0.116295 0.151828 0.612641 
0.000365434 0.00327064 0.0153335 0.0736134 0.312448 0.216263 0.174585 0.117206 0.0620823 0.0248323 
0.000104089 0.00058901 0.00381037 0.0167416 0.0421579 0.0848417 0.132045 0.519499 0.12978 0.0704313 
0.000231034 0.00171571 0.00660133 0.025405 0.214213 0.309556 0.176682 0.148619 0.0801359 0.0368401 
7.71639e-05 0.00101641 0.0310634 0.15345 0.150412 0.199078 0.168209 0.140605 0.0990816 0.0570062 
0.000156644 0.000668991 0.00422452 0.0174756 0.046913 0.262886 0.144636 0.194834 0.116981 0.211224 
2.03736e-05 0.000207834 0.00166992 0.00829043 0.0201254 0.0436312 0.0906224 0.481739 0.189576 0.164117 
1.54062e-07 5.30643e-07 4.73927e-06 1.89773e-05 7.91768e-05 0.000676027 0.00151126 0.00344735 0.00907373 0.985188 
2.90134e-05 0.00024065 0.00196062 0.00862433 0.0243217 0.051965 0.0925181 0.578061 0.153958 0.0883214 
6.21398e-07 5.84708e-06 3.6618e-05 0.000186066 0.000452392 0.000950264 0.00197593 0.00355576 0.0110791 0.981757 
1.07546e-05 9.53122e-05 0.000644669 0.00332945 0.010343 0.024054 0.0620161 0.536137 0.181689 0.181681 
9.68051e-07 5.95245e-06 3.45429e-05 0.000178256 0.000781959 0.00233032 0.00635788 0.0253005 0.881402 0.0836078 
2.40191e-06 1.36488e-05 8.31125e-05 0.000444822 0.00205643 0.00725328 0.0202411 0.0782514 0.675036 0.216618 
1.64022e-06 8.50668e-06 8.35211e-05 0.000307124 0.00110732 0.00483214 0.0123468 0.0307408 0.443238 0.507334 
4.22273e-05 0.000414587 0.00368819 0.0125468 0.0252331 0.0579549 0.092521 0.163626 0.540173 0.1038 
9.22642e-06 8.56336e-05 0.000677444 0.00302933 0.00919836 0.0232628 0.0596389 0.525865 0.192647 0.185586 
1.66022e-07 5.98188e-07 3.23217e-06 1.44506e-05 0.000134897 0.000892076 0.00222818 0.00994142 0.0224439 0.964341 
9.94594e-06 0.000100007 0.00070922 0.00471512 0.0110626 0.0228657 0.0447593 0.63224 0.166008 0.117529 
4.25599e-11 1.08936e-10 1.08696e-09 5.54892e-09 6.24847e-08 5.5667e-07 7.91212e-06 0.000508636 0.0122709 0.987212 
1.34496e-05 0.000142828 0.00111963 0.0032809 0.0105339 0.0264435 0.0898573 0.329889 0.38317 0.15555 
9.81925e-26 1.34662e-22 4.60611e-20 4.5799e-17 7.88826e-15 4.48539e-12 3.43356e-09 2.19619e-06 0.00170095 0.998297 
0.00010174 0.000776613 0.00291144 0.0106631 0.0450727 0.377648 0.310218 0.113304 0.108822 0.0304839 
0.0190487 0.0996712 0.205597 0.400391 0.148195 0.0876405 0.02595 0.010019 0.00285473 0.000633024 
0.000112863 0.000665747 0.00545753 0.0220025 0.0654199 0.346853 0.192324 0.195095 0.118006 0.0540634 
0.000122412 0.00151008 0.00515106 0.018232 0.0540602 0.10031 0.43321 0.180929 0.138508 0.0679679 
3.03446e-06 1.88797e-05 0.000167253 0.000610147 0.00223972 0.00718279 0.0163622 0.0424339 0.0798573 0.851125 
6.59544e-06 5.57833e-05 0.000446216 0.00157123 0.00587967 0.0140467 0.0332354 0.077839 0.690391 0.176528 
4.88339e-06 2.58515e-05 0.000191431 0.000986588 0.00570918 0.0167799 0.0462973 0.543334 0.204834 0.181837 
2.23583e-09 1.6914e-08 1.58753e-07 6.0337e-07 5.44113e-06 1.03607e-05 0.000102508 0.00164245 0.0167876 0.981451 
6.18208e-06 4.19061e-05 0.000339229 0.0019571 0.00932117 0.0348029 0.464543 0.158226 0.185241 0.145521 
0.000658752 0.00743255 0.0270231 0.0729988 0.21094 0.233449 0.0997324 0.081797 0.0904341 0.175534 
0.000130192 0.00134415 0.00584767 0.0234649 0.0780385 0.42855 0.168061 0.155598 0.0960505 0.0429144 
3.3125e-05 0.000275499 0.00121293 0.00498645 0.0158985 0.0310619 0.0541553 0.118879 0.576071 0.197426 
6.62013e-06 5.49606e-05 0.000416879 0.00219065 0.00630369 0.0164225 0.0335352 0.0702915 0.118074 0.752704 
0.000132043 0.00133588 0.00659857 0.0294799 0.115147 0.54672 0.152141 0.0909069 0.044101 0.0134376 
5.1183e-07 1.40604e-06 1.02954e-05 7.27527e-05 0.00098544 0.00522367 0.0939464 0.208052 0.566246 0.125462 
3.57491e-06 2.20002e-05 0.000164437 0.00074011 0.00247635 0.00913807 0.0215603 0.0611183 0.679222 0.225555 
3.55086e-08 6.50178e-08 5.46257e-07 6.50183e-06 0.0003185 0.00134313 0.00663796 0.0404375 0.0877842 0.863472 
2.01748e-06 8.09438e-06 4.86161e-05 0.000212739 0.00148517 0.00702852 0.0156376 0.0577397 0.730433 0.187404 
0.000373975 0.00365456 0.0158417 0.0618814 0.17371 0.372089 0.163642 0.114016 0.0636259 0.031166 
4.5231e-06 2.01979e-05 0.000158626 0.000786479 0.00554428 0.0181472 0.0575411 0.585371 0.173866 0.15856 
2.25605e-10 1.29227e-09 7.29155e-09 1.027e-07 3.90227e-07 2.95654e-06 0.000386224 0.011997 0.972203 0.0154108 
7.26911e-05 0.000928752 0.00323884 0.0168814 0.0434684 0.0711185 0.0845214 0.11714 0.0772744 0.585356 
3.18309e-07 1.08387e-06 6.42046e-06 5.28535e-05 0.000377756 0.00145202 0.00363535 0.0169522 0.63986 0.337662 
4.34232e-05 0.000353271 0.00339317 0.0121139 0.0357649 0.0810432 0.321129 0.353091 0.113712 0.0793563 
8.31643e-10 2.15746e-10 8.40821e-10 1.7685e-08 1.06779e-06 6.67182e-06 0.000214546 0.00605771 0.689783 0.303937 
1.16126e-05 9.77429e-05 0.000892933 0.00345882 0.0124537 0.0373391 0.50877 0.169226 0.145549 0.122201 
4.96762e-07 2.4856e-06 1.6928e-05 8.21512e-05 0.000639336 0.00244581 0.00691998 0.025791 0.0698624 0.894239 
0.000450458 0.00706492 0.047903 0.100185 0.32247 0.20172 0.106945 0.0617771 0.0776493 0.0738351 
0.000239858 0.00156261 0.00953163 0.032188 0.0723056 0.130733 0.155608 0.166834 0.379718 0.051279 
8.81568e-10 2.45216e-09 2.56151e-08 2.04566e-07 2.89593e-06 8.22325e-06 0.000120807 0.00724756 0.971223 0.0213973 
4.44451e-07 1.77904e-06 1.11084e-05 5.22065e-05 0.000505879 0.00287529 0.0150711 0.0671227 0.789689 0.124671 
1.19556e-08 2.79169e-08 2.88342e-07 2.48342e-06 3.92511e-05 0.000361592 0.00062047 0.0083918 0.0386126 0.951971 
4.00321e-06 3.36123e-05 0.000210201 0.0011385 0.00352547 0.00802397 0.0149073 0.0374018 0.813101 0.121654 
9.09389e-06 7.92459e-05 0.000579777 0.00323783 0.00822608 0.0190807 0.0395562 0.0840636 0.13347 0.711698 
0.000101675 0.00138215 0.00609148 0.0220892 0.0549364 0.104783 0.422432 0.190587 0.139216 0.0583812 
5.32331e-06 3.35407e-05 0.000337296 0.00175657 0.00651274 0.0230892 0.0725386 0.60854 0.155654 0.131533 
6.99468e-06 6.96215e-05 0.000465118 0.00340047 0.00817286 0.0180991 0.120688 0.071598 0.161125 0.616375 
1.531e-05 0.000140236 0.00119145 0.00586094 0.017783 0.0503656 0.46673 0.180642 0.162377 0.114894 
3.9007e-07 2.04959e-06 1.17783e-05 7.06255e-05 0.00036869 0.00163183 0.00528083 0.0235289 0.082098 0.887007 
4.60998e-09 7.37247e-09 6.64151e-08 7.13235e-07 1.46317e-05 0.000226923 0.00088457 0.00863249 0.036674 0.953567 
