5950
1.29823e-06 3.32022e-06 2.75626e-05 0.000206003 0.00209201 0.00662808 0.0217138 0.545034 0.295369 0.128925 
0.00269053 0.0193085 0.0885024 0.232982 0.487964 0.130333 0.0299817 0.00692959 0.00118277 0.000126573 
0.000902865 0.0120482 0.0399005 0.106832 0.217883 0.495021 0.096052 0.0247709 0.00559659 0.000993866 
0.000262066 0.000616219 0.00421069 0.0133303 0.0625636 0.555579 0.190778 0.124026 0.0395442 0.00908945 
3.04014e-06 1.47418e-05 0.000135891 0.000796621 0.00452732 0.0120531 0.0375022 0.111278 0.1757 0.657989 
2.84058e-06 5.76022e-06 5.12911e-05 0.000426145 0.00810786 0.040023 0.114457 0.673271 0.103642 0.0600139 
0.000247071 0.000571626 0.00301485 0.0125599 0.0402735 0.0889958 0.299635 0.431708 0.104986 0.0180074 
0.00449703 0.0494817 0.128424 0.261002 0.428641 0.106302 0.0178214 0.00347594 0.000295975 5.91014e-05 
1.41309e-07 2.88827e-07 1.86537e-06 2.23011e-05 0.000384305 0.00224728 0.00805011 0.160285 0.518766 0.310243 
1.10755e-07 3.36081e-07 2.57665e-06 1.79214e-05 0.000358144 0.00111009 0.0044027 0.0243547 0.84398 0.125773 
0.000320048 0.00599144 0.0287998 0.0911901 0.189384 0.207399 0.406599 0.0503284 0.0157237 0.00426448 
9.63137e-07 2.69404e-06 2.16218e-05 0.000181364 0.00197523 0.0059164 0.0201065 0.0774249 0.824255 0.0701148 
3.17256e-07 8.54519e-07 5.47402e-06 6.47381e-05 0.000943587 0.00288882 0.0112226 0.219798 0.572296 0.19278 
0.000602603 0.01112 0.10469 0.392745 0.215154 0.177972 0.0693937 0.0199821 0.00703432 0.00130569 
1.27732e-06 4.04409e-06 3.37332e-05 0.000225017 0.00204885 0.0070545 0.0219657 0.0657902 0.114771 0.788105 
7.84546e-08 1.25745e-07 8.31482e-07 7.53587e-06 0.000135323 0.00168091 0.0219844 0.910661 0.036074 0.0294554 
0.00129596 0.0108956 0.0441069 0.0929547 0.185592 0.196328 0.423127 0.0372134 0.0073999 0.00108721 
3.69844e-26 2.20321e-23 5.9243e-21 4.16092e-18 9.46259e-16 5.72608e-13 1.26126e-09 1.26771e-06 0.00027835 0.99972 
2.26016e-09 8.07997e-09 4.9736e-08 6.44551e-07 8.28767e-06 2.00788e-05 0.000171555 0.000668102 0.00236862 0.996763 
5.54472e-14 2.53481e-12 1.98916e-11 4.68325e-10 4.26501e-08 2.43045e-07 1.32927e-05 8.94606e-05 0.000464898 0.999432 
1.79718e-08 4.12237e-08 3.21275e-07 4.07708e-06 9.21455e-05 0.000696028 0.00188218 0.0152411 0.0556603 0.926424 
0.000175504 0.000345897 0.00168198 0.0086212 0.0445591 0.269221 0.521053 0.101468 0.0405067 0.0123682 
4.84176e-07 1.08039e-06 6.96527e-06 7.38745e-05 0.00129978 0.00490609 0.0299515 0.681659 0.157998 0.124103 
3.90593e-07 9.39221e-07 6.08688e-06 6.43453e-05 0.000862213 0.00297981 0.0100316 0.0392465 0.1007 0.846108 
0.00254967 0.0371316 0.101372 0.258846 0.454566 0.113125 0.0262012 0.00535722 0.000750761 9.98933e-05 
2.04628e-15 3.09941e-14 1.34437e-13 9.8515e-12 1.21781e-09 2.77109e-08 1.8051e-06 8.13344e-05 0.00322528 0.996692 
0.000215087 0.000490438 0.00332608 0.0180816 0.349685 0.17566 0.19804 0.157449 0.07082 0.0262321 
4.28543e-08 9.63983e-08 7.68136e-07 8.09243e-06 0.000208562 0.00137946 0.0063109 0.0546145 0.831363 0.106115 
2.69927e-07 1.42516e-06 1.34341e-05 0.000118789 0.000442983 0.00255894 0.00773666 0.0402981 0.797341 0.151488 
3.95415e-09 1.56706e-08 9.52951e-08 1.37864e-06 2.01548e-05 3.73806e-05 0.000292513 0.00166802 0.0333107 0.96467 
1.7251e-07 4.93864e-07 3.84848e-06 3.14693e-05 0.000349484 0.00147112 0.00568915 0.0252154 0.3209 0.646339 
0.000157689 0.00152812 0.00961553 0.105209 0.112057 0.272376 0.397174 0.0698543 0.0248503 0.00717855 
2.782e-06 8.87803e-06 9.07094e-05 0.000548729 0.00489298 0.0154482 0.0433236 0.106325 0.141133 0.688226 
0.000306992 0.000930251 0.00447155 0.0160798 0.0613665 0.136997 0.565898 0.145352 0.0555705 0.0130269 
1.2242e-24 1.29017e-21 4.04656e-19 3.42325e-16 3.84072e-14 3.19336e-11 4.59958e-09 2.196e-06 0.000757914 0.99924 
0.000277805 0.000454902 0.00304494 0.0124249 0.0508419 0.128137 0.181365 0.569538 0.0434859 0.0104292 
0.00270088 0.131593 0.339555 0.150439 0.180176 0.130561 0.0476965 0.0137991 0.00308003 0.000399499 
5.59071e-22 2.30136e-19 5.15891e-17 3.43838e-14 3.31237e-12 1.12529e-09 2.43462e-07 8.22494e-05 0.00420411 0.995713 
3.2051e-06 6.50279e-06 5.15586e-05 0.000385763 0.00533426 0.0184381 0.0589383 0.671535 0.153669 0.0916384 
4.0933e-07 1.84174e-06 1.52217e-05 0.000103378 0.000882589 0.00263073 0.0083123 0.0214394 0.0387294 0.927885 
0.000295824 0.00100011 0.00624526 0.0195123 0.0537611 0.102264 0.132909 0.129891 0.53433 0.0197911 
2.14827e-15 3.26955e-14 1.49291e-13 1.27745e-11 1.6034e-09 4.71387e-08 3.17766e-06 0.000262253 0.00826708 0.991467 
0.000257663 0.000832254 0.00432122 0.00994319 0.0306343 0.0696414 0.111001 0.649584 0.0910496 0.0327356 
9.44379e-07 2.25568e-06 1.73825e-05 0.000235226 0.00463256 0.0272686 0.0887559 0.669638 0.123475 0.0859739 
2.67596e-07 7.50191e-07 4.59194e-06 4.8739e-05 0.000787422 0.00335713 0.0211366 0.0876772 0.783043 0.103945 
1.81095e-06 8.51696e-06 7.8239e-05 0.00048288 0.00399935 0.0676821 0.0294797 0.0605428 0.249952 0.587773 
1.2633e-09 1.20405e-09 8.64055e-09 1.15242e-07 2.38995e-06 5.04115e-05 0.000281961 0.00968787 0.955681 0.0342966 
8.21491e-23 4.92318e-20 1.44727e-17 1.32171e-14 1.20092e-12 6.73933e-10 3.21492e-08 2.22645e-06 0.000318986 0.999679 
1.91957e-15 3.40803e-14 2.87533e-13 2.24362e-11 2.60454e-09 1.70803e-08 4.92809e-07 8.83922e-05 0.00380409 0.996107 
0.000124743 0.000239558 0.00219144 0.0101742 0.0516187 0.121197 0.588143 0.125864 0.0674545 0.0329935 
2.0742e-08 4.48573e-08 3.89563e-07 3.88968e-06 7.49402e-05 0.000904583 0.00450572 0.0260649 0.0547912 0.913654 
1.24959e-06 3.65974e-06 2.79768e-05 0.000214883 0.00276254 0.0085182 0.0300958 0.105539 0.71676 0.136077 
0.000363643 0.00330261 0.0192051 0.0581486 0.493994 0.22991 0.129464 0.0499364 0.0121833 0.00349281 
0.00015659 7.77993e-05 0.000603937 0.00928592 0.479399 0.140984 0.138234 0.123103 0.0750945 0.033061 
0.000267907 0.000513615 0.00281906 0.0126258 0.0503957 0.139503 0.615355 0.132193 0.0370428 0.00928505 
4.92468e-06 1.20503e-05 0.000117765 0.00109338 0.0134114 0.0619318 0.59505 0.161521 0.107168 0.0596897 
1.30313e-07 2.37636e-07 1.59459e-06 1.28769e-05 0.000128761 0.00112697 0.00401576 0.0258569 0.845625 0.123232 
1.04774e-07 2.79312e-07 2.05463e-06 2.11074e-05 0.000522523 0.00363471 0.0144541 0.055674 0.813502 0.112189 
2.6553e-09 4.4774e-09 4.45856e-08 4.49743e-07 1.01558e-05 0.000174462 0.0005453 0.00942021 0.0486386 0.941211 
3.57576e-06 8.40613e-06 7.97195e-05 0.000579579 0.00592632 0.0208469 0.0731912 0.715454 0.123212 0.0606986 
1.18483e-10 2.32354e-10 1.3591e-09 1.05532e-08 1.49574e-07 7.75281e-07 3.72123e-06 2.27412e-05 0.000334593 0.999638 
3.0993e-13 6.23312e-12 7.07754e-11 4.67291e-09 3.21255e-07 2.61895e-06 5.4903e-05 0.000941549 0.0120436 0.986957 
9.97164e-08 1.7446e-07 1.1936e-06 1.49164e-05 0.000288159 0.00178611 0.00879874 0.0460474 0.0994956 0.843568 
8.4872e-08 2.55531e-07 1.75295e-06 1.31875e-05 0.000114289 0.00116163 0.00356101 0.0195676 0.841124 0.134456 
0.00470997 0.0481147 0.139791 0.529025 0.189424 0.0706659 0.0145675 0.00312802 0.000472297 0.000101684 
3.7022e-07 6.65402e-07 5.04025e-06 4.10853e-05 0.000594455 0.00219569 0.00781959 0.027096 0.0684717 0.893775 
4.61068e-26 8.46191e-23 3.04293e-20 3.26212e-17 7.65051e-15 4.09334e-12 2.64209e-09 1.53072e-06 0.000475408 0.999523 
3.99524e-09 1.56731e-08 1.08263e-07 1.46589e-06 2.39198e-05 7.25785e-05 0.000159601 0.00111166 0.0143175 0.984313 
9.3225e-08 1.63911e-07 1.05003e-06 8.14885e-06 8.24585e-05 0.000475469 0.00181703 0.00576044 0.0124417 0.979413 
0.000379913 0.00602882 0.022017 0.149994 0.176545 0.458218 0.117688 0.0518305 0.0134654 0.00383372 
5.48656e-12 1.18996e-11 1.1736e-10 2.9322e-09 1.90644e-07 1.63142e-06 3.63709e-05 0.00136592 0.0209135 0.977682 
0.000207372 0.000560628 0.00477157 0.0117192 0.0406689 0.110638 0.4578 0.235779 0.0946781 0.0431763 
0.000171255 0.000322131 0.00164226 0.00896712 0.0957494 0.56792 0.11595 0.148309 0.0476128 0.0133561 
6.96885e-05 0.000100019 0.00115683 0.005505 0.0305523 0.0887221 0.641237 0.134744 0.0685625 0.0293511 
0.00121184 0.00737581 0.0233573 0.0596552 0.140589 0.357492 0.319222 0.0787621 0.0101585 0.00217628 
4.81648e-06 2.4765e-05 0.000270137 0.0012783 0.00646585 0.0187636 0.0423144 0.0992261 0.582394 0.249258 
0.0029842 0.042236 0.399162 0.322476 0.148959 0.0634526 0.0162186 0.00395496 0.00049217 6.45078e-05 
4.93266e-05 3.4842e-05 0.000332554 0.00174212 0.0146595 0.0521725 0.368657 0.153172 0.36236 0.0468196 
1.07594e-07 2.00195e-07 1.32764e-06 9.93448e-06 7.82901e-05 0.000684179 0.00292475 0.0137008 0.0362325 0.946368 
5.37744e-07 2.27943e-06 1.90533e-05 0.000145204 0.000838558 0.0036848 0.0105109 0.0379416 0.0855122 0.861345 
0.000337699 0.000977154 0.00595069 0.0197893 0.0821215 0.174645 0.522713 0.128418 0.0485729 0.0164749 
3.9817e-05 3.52932e-05 0.000241449 0.001269 0.0255809 0.0954429 0.1297 0.506381 0.204729 0.0365805 
0.000203566 0.000390938 0.00339406 0.0141731 0.0702409 0.578174 0.167323 0.114422 0.0413685 0.010311 
5.53578e-05 7.95385e-05 0.000954125 0.00260138 0.0129637 0.0459545 0.47222 0.221666 0.199431 0.0440738 
9.74024e-08 3.39758e-07 2.34241e-06 2.25888e-05 0.000273793 0.00135945 0.00497998 0.0242296 0.833218 0.135914 
8.07275e-06 2.41105e-05 6.69716e-05 0.00128755 0.0411343 0.0158275 0.200184 0.129494 0.200239 0.411734 
0.000108186 0.00040031 0.00246292 0.00833894 0.445041 0.129386 0.153331 0.146937 0.0852203 0.0287737 
9.49964e-08 1.82743e-07 1.29987e-06 1.2007e-05 0.000300447 0.00207834 0.0122148 0.74112 0.131259 0.113013 
4.15828e-07 1.66156e-06 1.30486e-05 8.05061e-05 0.000902398 0.00334417 0.0119831 0.0626564 0.779089 0.14193 
7.57154e-14 1.41709e-12 1.3715e-11 9.78747e-10 9.09306e-08 9.22227e-07 2.90009e-05 0.000894357 0.0143158 0.98476 
2.37081e-07 5.22521e-07 3.51537e-06 3.43845e-05 0.000508994 0.0023642 0.00928504 0.0463214 0.75216 0.189322 
0.000247777 0.00153976 0.00870979 0.0305728 0.0845273 0.161757 0.512543 0.126192 0.0559728 0.0179376 
4.46391e-08 1.24454e-07 8.48603e-07 7.679e-06 9.73429e-05 0.000449504 0.00160288 0.0138404 0.337688 0.646313 
6.27934e-25 1.15025e-21 4.04701e-19 4.10801e-16 9.3009e-14 5.30527e-11 5.8497e-08 4.74227e-05 0.00290356 0.997049 
2.33193e-08 3.10119e-08 3.00916e-07 2.79437e-06 5.57682e-05 0.000463143 0.00176031 0.0137945 0.0458888 0.938034 
0.000382918 0.00103822 0.00549018 0.0192269 0.0663315 0.50164 0.209395 0.137638 0.0468257 0.0120323 
7.36734e-08 2.64572e-07 1.75278e-06 1.64738e-05 0.000208365 0.00115821 0.00790636 0.311027 0.355803 0.323878 
0.00355624 0.239584 0.0747759 0.185547 0.198325 0.168717 0.0945666 0.0267473 0.00669808 0.00148236 
0.000135932 0.000382766 0.00126303 0.003997 0.0133066 0.0338517 0.0579545 0.107599 0.222133 0.559376 
0.000534164 0.00201122 0.0128953 0.210943 0.314959 0.226905 0.146822 0.0632964 0.0166832 0.00495012 
3.38434e-05 9.28263e-05 0.000753967 0.00477681 0.0248394 0.0856568 0.565855 0.176064 0.101954 0.0399735 
0.000107625 0.00179234 0.00734419 0.0219054 0.0705413 0.147378 0.548365 0.115158 0.0599627 0.0274446 
2.30006e-07 8.24132e-07 6.60282e-06 4.06099e-05 0.000536618 0.00243547 0.00807842 0.0378212 0.785924 0.165156 
2.16513e-06 3.88225e-06 2.88408e-05 0.000327161 0.00511967 0.0224455 0.0761863 0.68118 0.120543 0.0941631 
6.66955e-09 2.94313e-09 1.53797e-08 3.02543e-07 1.34284e-05 1.35267e-05 0.000147162 0.000935723 0.00763431 0.991256 
0.000176671 0.000763558 0.00540697 0.0244905 0.467118 0.18343 0.146407 0.104597 0.0491679 0.0184411 
8.26644e-10 4.26216e-10 2.39579e-09 3.97589e-08 1.24933e-06 1.19986e-05 0.00015145 0.00419222 0.0315677 0.964075 
1.22918e-08 2.8103e-08 2.80472e-07 3.0511e-06 0.000113791 0.000837673 0.00427889 0.409049 0.483116 0.102601 
0.000374052 0.00129192 0.00731543 0.0156281 0.0455992 0.0888949 0.129305 0.627366 0.0677043 0.0165211 
0.0011517 0.0207103 0.070157 0.153959 0.500405 0.170774 0.0617762 0.0159581 0.00431998 0.000789178 
5.46053e-08 1.18622e-07 8.11501e-07 6.94621e-06 8.08759e-05 0.000633252 0.00224131 0.0160637 0.327804 0.653169 
2.85216e-08 3.31528e-08 2.86562e-07 4.20094e-06 0.000225683 0.00124414 0.00547416 0.0388127 0.0896938 0.864545 
8.97919e-07 2.83796e-06 2.3914e-05 0.000169175 0.0013606 0.00502349 0.0140787 0.0454068 0.0969222 0.837011 
3.73709e-07 9.41009e-07 6.17726e-06 5.99731e-05 0.000848418 0.00315643 0.0125431 0.0526426 0.119001 0.811741 
7.11345e-06 2.80807e-05 0.000333228 0.00149333 0.00978065 0.0359633 0.580568 0.16175 0.13932 0.0707562 
1.13024e-06 2.15035e-06 1.43809e-05 0.000152669 0.0025263 0.00714207 0.0265147 0.0854982 0.16106 0.717088 
1.01851e-27 2.08437e-24 2.30409e-21 6.89078e-18 1.45319e-14 1.24289e-11 2.99344e-08 3.04703e-05 0.00286803 0.997101 
4.22787e-22 9.40257e-20 1.34226e-17 7.88945e-15 9.90206e-13 3.61945e-10 1.15621e-07 7.49033e-05 0.00592165 0.994003 
1.21129e-06 2.95195e-06 2.12119e-05 0.000205743 0.00279783 0.00776483 0.031632 0.100052 0.153935 0.703587 
6.41689e-09 1.25472e-08 1.27301e-07 1.19041e-06 2.121e-05 0.000296684 0.000601655 0.00812943 0.0380316 0.952918 
7.26522e-10 1.62236e-09 1.59472e-08 1.66285e-07 4.0807e-06 5.12706e-05 0.000339933 0.00441897 0.024792 0.970394 
1.52896e-06 4.2346e-06 3.36481e-05 0.000281409 0.00290116 0.00803866 0.028455 0.0863724 0.773066 0.100845 
1.00859e-07 2.46356e-07 1.67526e-06 1.42486e-05 0.000167637 0.00108159 0.00335588 0.0213074 0.0938491 0.880222 
1.7031e-06 4.45504e-06 3.49522e-05 0.000344716 0.00578045 0.0355383 0.649823 0.136639 0.103309 0.0685257 
0.000240598 0.00103525 0.00691329 0.0251535 0.0718805 0.152911 0.564932 0.128401 0.0395803 0.00895241 
3.28935e-06 1.3439e-05 0.000151212 0.000687097 0.00579188 0.0199979 0.0581964 0.423559 0.118176 0.373423 
7.02587e-06 2.7766e-05 0.000336498 0.00158185 0.0115938 0.051761 0.589614 0.175382 0.121001 0.0486956 
2.3791e-07 6.36615e-07 4.2423e-06 4.92753e-05 0.000754208 0.00273559 0.0125186 0.0643588 0.74488 0.174698 
2.39432e-06 8.53329e-06 8.85464e-05 0.000478936 0.0046512 0.0127514 0.0360881 0.100996 0.141739 0.703196 
2.79709e-06 6.59265e-06 5.87615e-05 0.000498106 0.00646449 0.230103 0.310938 0.219511 0.129285 0.103132 
6.59271e-07 1.76676e-06 1.12709e-05 0.000137762 0.00264223 0.0107936 0.0515923 0.684936 0.137011 0.112873 
7.0895e-08 1.61804e-07 1.14037e-06 1.07608e-05 0.000161812 0.000812282 0.00306013 0.0107738 0.0256325 0.959547 
1.53588e-06 2.68711e-06 1.80719e-05 0.000210812 0.00341578 0.0142726 0.0485597 0.116603 0.723818 0.0930985 
0.00306859 0.0251198 0.0772577 0.185532 0.488488 0.158495 0.0487078 0.010899 0.00212849 0.000303484 
9.76974e-05 3.26828e-05 0.0001515 0.00175393 0.0191624 0.0611801 0.133119 0.624982 0.103354 0.0561663 
4.22006e-06 1.82264e-05 0.000199274 0.000966973 0.00634351 0.0188348 0.0510695 0.170043 0.65532 0.0972005 
1.0867e-07 2.57337e-07 1.73351e-06 1.38223e-05 0.00014523 0.000844499 0.00326499 0.0103354 0.0376013 0.947793 
7.55218e-07 1.80929e-06 1.2764e-05 0.000122646 0.00156854 0.00441662 0.0179686 0.0546241 0.113779 0.807505 
0.000161025 0.000428999 0.00194836 0.00531424 0.0215281 0.102708 0.519225 0.210051 0.102348 0.0362869 
7.83122e-08 1.60725e-07 1.13612e-06 9.39295e-06 0.000127029 0.00122459 0.00503319 0.0324405 0.0918484 0.869315 
0.00733694 0.0512842 0.121939 0.512511 0.20458 0.0856062 0.013629 0.00277428 0.00026099 7.81021e-05 
1.77989e-07 3.62946e-07 2.36362e-06 2.27587e-05 0.000276349 0.00127857 0.00502445 0.0201012 0.0677873 0.905506 
5.13151e-06 2.29958e-05 0.000289537 0.00138987 0.00652575 0.021588 0.0519902 0.124476 0.69963 0.0940823 
0.000123315 0.000316831 0.00396744 0.012268 0.0572554 0.125562 0.171966 0.515688 0.0754671 0.0373855 
2.2365e-09 5.21215e-09 4.67556e-08 4.05113e-07 6.99679e-06 5.64003e-05 0.000312848 0.00586995 0.0438714 0.949882 
0.00357305 0.0494629 0.121977 0.530493 0.198745 0.0798333 0.0126134 0.00270071 0.000522398 7.97369e-05 
3.64771e-07 1.22267e-06 1.07424e-05 8.78255e-05 0.000643943 0.00283319 0.00910804 0.0409954 0.788443 0.157876 
4.03778e-07 9.02528e-07 5.18634e-06 6.40747e-05 0.0010491 0.00323959 0.0127607 0.0441338 0.0903391 0.848407 
8.87181e-08 6.86473e-08 4.87543e-07 5.45384e-06 8.73215e-05 0.00101658 0.0042654 0.0331182 0.623668 0.337839 
0.00238515 0.0271965 0.0815132 0.187475 0.25373 0.384278 0.0494403 0.011247 0.00238577 0.000348908 
0.000117254 5.04337e-05 0.0003602 0.00245967 0.0227084 0.0887472 0.57081 0.152936 0.103749 0.0580617 
0.193707 0.472826 0.141162 0.156544 0.0281315 0.00689608 0.00066011 6.71302e-05 4.96637e-06 5.0451e-07 
3.08544e-06 7.57631e-06 7.27525e-05 0.000473124 0.00493008 0.0165609 0.0551399 0.129583 0.715224 0.0780051 
3.23243e-07 8.53356e-07 6.08167e-06 5.97269e-05 0.000854269 0.00312149 0.012377 0.0563333 0.78335 0.143897 
7.4836e-07 1.92052e-06 1.59147e-05 9.82391e-05 0.00129433 0.00409508 0.0144525 0.0428356 0.0767373 0.860468 
2.83669e-06 1.51996e-05 0.000149482 0.000780885 0.00323959 0.0092005 0.0249761 0.657305 0.152616 0.151714 
1.29571e-09 3.05714e-09 3.11856e-08 2.70551e-07 4.59209e-06 3.53132e-05 0.000201727 0.00291749 0.0210737 0.975767 
1.71663e-07 2.6299e-07 1.78865e-06 1.92589e-05 0.000551897 0.00257158 0.0169856 0.276926 0.482472 0.220472 
1.52638e-07 3.21357e-07 1.94644e-06 1.96393e-05 0.000482938 0.00211075 0.0123282 0.0546916 0.102195 0.82817 
1.03019e-07 2.6039e-07 1.7784e-06 1.98293e-05 0.000321028 0.00174968 0.00780373 0.0525316 0.794655 0.142917 
7.66808e-05 0.000161398 0.00139488 0.0034951 0.0163722 0.168186 0.1444 0.376943 0.1927 0.0962719 
4.72465e-08 1.09934e-07 8.33647e-07 6.69602e-06 7.99121e-05 0.000760751 0.00209689 0.0176881 0.0613473 0.918019 
0.00875251 0.0169652 0.128192 0.18961 0.32693 0.257364 0.054769 0.0143469 0.0026998 0.000370235 
1.84026e-07 2.30456e-07 1.60023e-06 1.38349e-05 0.000180203 0.00146763 0.0125791 0.754205 0.0969234 0.134629 
8.32391e-14 1.55168e-12 1.41511e-11 1.00543e-09 9.80111e-08 5.38048e-07 1.01816e-05 0.000378254 0.00937681 0.990234 
1.55103e-24 2.65328e-21 9.28494e-19 9.30979e-16 1.51647e-13 7.63745e-11 3.66488e-08 1.36624e-05 0.00405798 0.995928 
7.98135e-06 3.35651e-05 0.00039513 0.00186893 0.0106684 0.0357536 0.0939039 0.676762 0.129892 0.0507143 
2.42266e-06 1.3225e-05 0.000143479 0.0006676 0.00481513 0.0145658 0.0531652 0.43708 0.428728 0.0608188 
2.12872e-07 4.62809e-07 3.0987e-06 3.01793e-05 0.000425501 0.00209205 0.00775489 0.032914 0.0994041 0.857376 
3.50404e-06 1.29236e-05 0.000125549 0.000698608 0.00590647 0.0213404 0.0627729 0.677988 0.152663 0.0784894 
7.73104e-07 1.71439e-06 1.10441e-05 0.000132289 0.00235966 0.00870627 0.0458783 0.68519 0.140842 0.116879 
5.00444e-06 1.74195e-05 0.000191535 0.000951335 0.00666149 0.0238933 0.0607458 0.128769 0.704844 0.0739216 
9.26199e-25 1.69992e-21 5.9006e-19 5.80239e-16 1.29334e-13 7.30215e-11 8.57301e-08 7.02924e-05 0.00340391 0.996526 
4.87878e-06 1.42445e-05 0.000144224 0.000762971 0.0078169 0.0265105 0.0774553 0.156024 0.652489 0.0787784 
0.000129767 3.26636e-05 0.000141323 0.00144474 0.0167784 0.059094 0.118118 0.65046 0.0991659 0.0546357 
0.000157623 0.00123293 0.0099346 0.0367804 0.125438 0.534162 0.166649 0.0882932 0.0298258 0.00752534 
1.39378e-07 1.81329e-07 1.24346e-06 1.29589e-05 0.000428726 0.00241123 0.0239175 0.7562 0.125769 0.0912589 
5.34933e-13 1.73893e-11 1.47054e-10 5.81904e-09 5.20707e-07 3.63044e-06 8.11055e-05 0.00266273 0.0285674 0.968685 
4.4548e-06 1.29012e-05 0.000152243 0.00081352 0.00742616 0.028078 0.210946 0.562741 0.122425 0.0674004 
8.23811e-08 2.20794e-07 1.5061e-06 1.70224e-05 0.000270806 0.00144195 0.00491956 0.0265264 0.0727303 0.894092 
0.00928776 0.0838489 0.10098 0.326511 0.195545 0.230145 0.0445932 0.00738459 0.00142769 0.000277053 
0.000318117 0.00142429 0.00849018 0.0341631 0.109659 0.194072 0.536954 0.0849149 0.0250754 0.00492893 
1.03573e-08 2.09821e-08 2.12845e-07 1.99262e-06 3.42159e-05 0.000484183 0.000942828 0.00891389 0.0363045 0.953318 
1.38878e-07 2.08744e-07 1.39242e-06 1.30604e-05 0.000159061 0.00118757 0.0051286 0.0297648 0.0950631 0.868682 
0.00259287 0.0205725 0.0710319 0.165392 0.562074 0.136077 0.0342935 0.00663609 0.00113892 0.000191237 
8.51853e-10 6.30532e-10 5.05726e-09 7.75529e-08 3.34748e-06 1.01029e-05 0.000159009 0.00363311 0.02516 0.971034 
3.16151e-08 6.93112e-08 5.49989e-07 5.7464e-06 9.32941e-05 0.000816833 0.00285299 0.0204606 0.0701937 0.905576 
5.68958e-07 2.56565e-06 2.02583e-05 0.00019452 0.00112026 0.00389037 0.010492 0.0350545 0.0773474 0.871878 
4.28265e-06 2.19554e-05 0.00021178 0.0010616 0.00560687 0.0166413 0.0405674 0.0914653 0.122591 0.721828 
0.000123399 0.000233327 0.00212616 0.032523 0.0571101 0.0817158 0.608424 0.128404 0.0802545 0.00908654 
1.20207e-09 2.8022e-09 2.85817e-08 2.65858e-07 5.72558e-06 5.36906e-05 0.000360421 0.00748473 0.0442272 0.947868 
1.37758e-39 1.71735e-35 2.52808e-31 1.4454e-26 6.03677e-22 7.79287e-18 3.94006e-13 1.00216e-08 0.000283608 0.999716 
6.50697e-05 0.000232937 0.00166496 0.00381172 0.014702 0.0436703 0.101232 0.16919 0.598861 0.066569 
7.31134e-06 2.67374e-05 0.000314905 0.00162314 0.011713 0.0396614 0.0984896 0.17027 0.603997 0.0738971 
6.79871e-08 2.02197e-07 1.37082e-06 1.44061e-05 0.000232618 0.000857038 0.0033477 0.00902317 0.0230619 0.963462 
2.99077e-06 1.01878e-05 0.000111834 0.000612294 0.00560135 0.0187654 0.0553717 0.40777 0.412144 0.0996108 
1.76901e-05 7.35456e-05 0.000609325 0.00319759 0.0152977 0.049339 0.604329 0.179684 0.108899 0.0385525 
3.50157e-08 8.85166e-08 5.85328e-07 4.15006e-06 3.24745e-05 0.000226735 0.00094047 0.00583886 0.842003 0.150953 
9.53728e-05 8.11854e-05 0.000718615 0.00548081 0.0310841 0.100288 0.631413 0.140565 0.0659474 0.0243269 
7.59658e-05 0.000578331 0.00471921 0.0126916 0.0450168 0.103386 0.592191 0.12501 0.0705069 0.0458251 
0.000356417 0.00326766 0.0162011 0.0954372 0.243816 0.363968 0.137778 0.0831901 0.0403399 0.0156457 
1.3304e-06 3.34893e-06 2.63708e-05 0.000228087 0.00282423 0.0106126 0.0512024 0.135055 0.155847 0.644199 
0.000361586 0.00439637 0.0213021 0.0805986 0.199996 0.324849 0.210302 0.124141 0.0262125 0.00784112 
4.31596e-09 1.02577e-08 1.01776e-07 9.95537e-07 1.87837e-05 0.000238308 0.00116243 0.0120768 0.886796 0.0997063 
2.20045e-06 6.96646e-06 5.81752e-05 0.000397391 0.00370077 0.0104308 0.0333148 0.0880008 0.134089 0.729999 
4.18415e-06 1.32765e-05 0.000132949 0.00085854 0.00846676 0.0349135 0.0999466 0.649146 0.134157 0.0723618 
8.84585e-13 1.14261e-11 8.94632e-11 3.62081e-09 4.11319e-07 2.80552e-06 8.48393e-05 0.00159897 0.00737809 0.990935 
3.01225e-07 7.63697e-07 4.97701e-06 5.99552e-05 0.000829963 0.00402273 0.0137011 0.0654404 0.121872 0.794068 
0.000166432 0.0001277 0.000691748 0.00606919 0.0480663 0.450427 0.161208 0.159222 0.107368 0.0666528 
0.000268773 0.00179521 0.021184 0.440305 0.0982413 0.142292 0.141851 0.10647 0.0370758 0.0105173 
3.25263e-06 1.13575e-05 0.000122222 0.000646825 0.00546678 0.0169806 0.0460831 0.110737 0.717558 0.10239 
0.000445933 0.00170726 0.00928983 0.0306821 0.0779327 0.137395 0.535219 0.136586 0.0564062 0.014336 
1.06297e-09 2.26398e-09 1.72958e-08 1.89077e-07 2.69336e-06 3.74383e-05 0.0001476 0.000581852 0.00402483 0.995205 
1.36402e-05 6.01836e-05 0.00053639 0.00319171 0.0173274 0.0519637 0.127715 0.6171 0.125301 0.0567907 
6.14161e-05 0.000135036 0.00115544 0.00584868 0.0524728 0.363636 0.265124 0.197091 0.0932588 0.021216 
0.000261081 0.00175516 0.0111886 0.0356938 0.117592 0.567282 0.144825 0.0830584 0.0285193 0.0098243 
1.84037e-08 2.00921e-08 1.49021e-07 2.7043e-06 0.000184831 0.000973086 0.00761533 0.252542 0.286344 0.452339 
1.30582e-06 4.0057e-06 3.122e-05 0.000238747 0.00274149 0.00825007 0.0336115 0.705021 0.157721 0.0923795 
3.63503e-07 9.90128e-07 6.46679e-06 7.31457e-05 0.0010408 0.00353871 0.0144599 0.0565503 0.32079 0.60354 
1.69884e-06 3.86241e-06 3.19625e-05 0.000251839 0.00334174 0.0172776 0.650803 0.132257 0.122179 0.0738521 
3.40226e-13 5.02056e-13 3.47226e-12 4.58584e-11 1.67402e-09 1.01346e-08 4.06301e-07 1.17979e-06 0.000639673 0.999359 
2.31925e-14 4.5487e-13 4.88698e-12 3.19433e-10 2.14125e-08 1.98439e-07 6.85719e-06 0.000759922 0.0118385 0.987395 
2.30527e-08 3.02639e-08 2.02723e-07 2.58833e-06 5.57286e-05 8.9286e-05 0.000604319 0.00423618 0.0273439 0.967668 
7.28736e-08 1.45586e-07 1.00908e-06 8.41922e-06 0.000129984 0.000782728 0.00290308 0.0177314 0.606112 0.372331 
1.16962e-06 2.70369e-06 1.95268e-05 0.000189002 0.00306632 0.0114944 0.0556955 0.729365 0.123884 0.0762824 
2.41039e-06 8.49706e-06 7.80921e-05 0.00117697 0.0122276 0.612385 0.131549 0.1145 0.0792639 0.0488091 
4.97535e-06 1.54167e-05 0.000157213 0.000897734 0.00935544 0.0441403 0.626693 0.152727 0.105717 0.0602923 
1.21709e-06 3.54123e-06 2.90882e-05 0.000207679 0.00225419 0.00650294 0.0196662 0.0581793 0.0846159 0.82854 
5.99261e-24 7.48015e-21 2.46256e-18 2.18974e-15 2.65368e-13 2.35217e-10 3.48933e-08 1.9871e-05 0.00207315 0.997907 
8.18413e-05 5.74149e-05 0.000439146 0.0028999 0.0958855 0.0788887 0.245798 0.258826 0.270597 0.0465264 
0.000769773 0.0094979 0.0336943 0.190582 0.435184 0.252257 0.0597695 0.0149472 0.00287324 0.000425365 
3.1615e-06 7.42046e-06 7.29455e-05 0.000759823 0.0100075 0.174202 0.219624 0.377664 0.132762 0.0848966 
4.75663e-24 6.59792e-21 2.22258e-18 2.08424e-15 3.38397e-13 2.33687e-10 1.35091e-07 0.000105536 0.00604406 0.99385 
0.00424172 0.0464176 0.315518 0.263389 0.240656 0.102016 0.0217252 0.00523437 0.000701019 0.000101956 
6.33303e-08 2.9732e-07 2.07919e-06 1.69132e-05 0.000192278 0.0011458 0.0030183 0.0198104 0.0486116 0.927202 
1.01592e-05 6.82882e-05 0.000978616 0.00256306 0.0113317 0.0354152 0.0835901 0.126538 0.111014 0.628491 
0.000111866 0.000275207 0.00159219 0.00755178 0.131661 0.204031 0.493123 0.106024 0.0419471 0.013682 
4.92441e-07 2.10792e-06 1.71186e-05 0.000116853 0.00101323 0.00392471 0.0161588 0.295472 0.082906 0.600389 
2.03342e-07 3.74461e-07 2.41528e-06 2.49177e-05 0.000292331 0.00166914 0.00738307 0.0394369 0.804292 0.146899 
1.43599e-07 3.48186e-07 2.20211e-06 1.92902e-05 0.000366247 0.00215853 0.0116648 0.169888 0.7066 0.1093 
0.0022966 0.0225759 0.0773653 0.299687 0.325282 0.235375 0.0297381 0.00646757 0.00106807 0.000144939 
6.34813e-05 0.000657698 0.00652358 0.021137 0.0880709 0.562021 0.183452 0.0984631 0.0316523 0.0079581 
4.9177e-13 9.46253e-12 9.70417e-11 6.67201e-09 5.49492e-07 3.79946e-06 7.50972e-05 0.00181353 0.0206779 0.977429 
6.81023e-08 1.98922e-07 1.4357e-06 1.41291e-05 0.000258371 0.00124206 0.00441658 0.023518 0.0667391 0.90381 
3.43421e-08 3.35218e-08 2.84593e-07 2.78264e-06 4.44019e-05 0.000506462 0.00149155 0.0112521 0.041386 0.945316 
0.000168601 0.000491184 0.00227439 0.00692853 0.0264146 0.0731188 0.567119 0.192869 0.0992331 0.0313831 
3.33647e-06 1.86859e-05 0.000193756 0.000956758 0.00642576 0.0384256 0.100283 0.179424 0.620932 0.0533371 
7.18144e-05 0.0023156 0.0120878 0.0444632 0.358549 0.112303 0.102557 0.27416 0.0658151 0.0276777 
2.57304e-14 4.9919e-13 3.61784e-12 2.47575e-10 3.26312e-08 4.34566e-07 1.75651e-05 0.00217236 0.0127172 0.985092 
7.44803e-07 1.28849e-06 9.49055e-06 0.000105293 0.00156519 0.00440085 0.0163979 0.0639517 0.777942 0.135626 
1.62536e-07 3.78926e-07 2.53318e-06 2.62509e-05 0.000409648 0.00169546 0.00627507 0.0276781 0.0702908 0.893622 
6.44929e-13 1.46325e-11 1.30561e-10 7.82505e-09 7.52804e-07 4.99668e-06 0.000130441 0.00265826 0.019642 0.977563 
3.92742e-07 7.73263e-07 6.02876e-06 4.44036e-05 0.000691432 0.00272624 0.00964863 0.0358623 0.0830079 0.868012 
0.000141462 0.000511325 0.00303535 0.0100347 0.0343467 0.0922988 0.164463 0.542823 0.112391 0.0399544 
1.60364e-06 5.57586e-06 4.45215e-05 0.000340946 0.00321653 0.00944775 0.0300273 0.0896352 0.739221 0.12806 
9.16969e-16 1.35726e-14 4.54781e-14 3.58253e-12 3.35959e-10 2.14874e-08 2.30684e-06 0.000236542 0.00690652 0.992855 
2.33909e-07 5.17551e-07 3.5185e-06 3.395e-05 0.000974584 0.00853896 0.038311 0.6687 0.131234 0.152203 
2.28184e-05 3.80368e-05 0.000385332 0.0019555 0.0117154 0.040737 0.700383 0.163379 0.0599872 0.0213972 
8.79686e-08 1.10519e-07 7.95851e-07 6.52455e-06 8.45939e-05 0.000717098 0.00254194 0.0147393 0.046373 0.935537 
8.02763e-07 1.71805e-06 1.26586e-05 0.000127229 0.00198255 0.0053635 0.0173408 0.0612533 0.12329 0.790627 
2.57987e-26 3.22755e-23 1.167e-20 1.32849e-17 2.50018e-15 1.45673e-12 9.89406e-10 7.88632e-07 0.00129287 0.998706 
0.000768068 0.00322095 0.0131748 0.0434515 0.122893 0.200737 0.504504 0.0838734 0.0222178 0.00515959 
6.09171e-06 1.94166e-05 0.000181317 0.000955297 0.00817563 0.0485933 0.465279 0.384376 0.0677723 0.0246413 
1.86337e-07 4.05063e-07 2.78776e-06 2.64159e-05 0.000470755 0.00254828 0.0139619 0.484515 0.283609 0.214865 
2.31601e-14 7.25149e-14 3.03239e-13 1.33975e-11 9.79861e-10 6.42331e-08 5.36579e-06 0.000474355 0.0100235 0.989497 
1.68194e-07 2.76657e-07 1.89351e-06 2.51496e-05 0.00119796 0.00978954 0.695634 0.097351 0.10746 0.0885396 
1.1712e-10 9.65129e-11 7.45114e-10 7.16764e-09 1.94577e-07 1.60464e-06 7.97567e-06 5.21129e-05 0.00248159 0.997457 
4.87298e-25 8.90393e-22 3.17802e-19 3.32288e-16 6.50099e-14 3.39258e-11 1.8834e-08 9.42715e-06 0.00268503 0.997306 
0.140969 0.371812 0.168464 0.277331 0.0307284 0.00972216 0.000876167 9.00557e-05 6.3818e-06 6.40807e-07 
0.000211571 0.00059731 0.00289074 0.0110021 0.0397222 0.0897377 0.508387 0.274904 0.0594133 0.0131341 
1.85922e-07 3.93904e-07 2.65306e-06 2.6065e-05 0.000409573 0.00175712 0.00657674 0.0312856 0.0935163 0.866425 
0.00025391 0.00344546 0.023157 0.384836 0.155684 0.174211 0.127508 0.0862817 0.033254 0.0113695 
1.18339e-06 3.33155e-06 2.57536e-05 0.00020562 0.00254269 0.00773433 0.028902 0.102152 0.756101 0.102332 
1.68849e-07 2.99632e-07 1.89759e-06 2.72879e-05 0.00111949 0.0279933 0.48687 0.175165 0.208543 0.10028 
4.93924e-06 1.91279e-05 0.000245792 0.00106411 0.00880998 0.0355103 0.326589 0.442851 0.123619 0.0612876 
0.000906387 0.0124509 0.0660564 0.392965 0.272507 0.170402 0.061375 0.0173839 0.00512888 0.000824319 
0.000187754 0.00076178 0.00624163 0.0294718 0.279671 0.25612 0.2728 0.106028 0.0409898 0.00772749 
2.45037e-05 1.91411e-05 0.000211233 0.00127739 0.0133197 0.507345 0.149159 0.165347 0.112958 0.0503392 
3.96663e-06 7.79792e-06 8.70729e-05 0.000566126 0.00612688 0.0295046 0.627003 0.180307 0.107415 0.0489784 
1.36884e-05 5.61931e-05 0.000515965 0.00229151 0.01207 0.0369683 0.0885669 0.655918 0.138676 0.0649231 
0.000523653 0.00398701 0.0163109 0.057093 0.166018 0.571752 0.130193 0.0417356 0.0102028 0.00218451 
3.39622e-13 1.01706e-11 8.69252e-11 4.01938e-09 4.10208e-07 2.89056e-06 7.28885e-05 0.00169681 0.0106367 0.98759 
1.19826e-07 2.70321e-07 1.83967e-06 1.82758e-05 0.000282399 0.00125794 0.00614779 0.148674 0.546263 0.297355 
1.44784e-06 3.71357e-06 2.88029e-05 0.000247195 0.00328711 0.0118329 0.0369999 0.108194 0.750506 0.0888997 
2.07513e-07 4.48415e-07 3.19309e-06 2.69545e-05 0.000363065 0.00220253 0.00751384 0.0349979 0.100766 0.854126 
2.65791e-08 7.44199e-08 5.05217e-07 6.5385e-06 0.000315215 0.00194199 0.0114172 0.0666269 0.859484 0.0602073 
3.89492e-06 1.91181e-05 0.000165872 0.000799594 0.00530523 0.0135215 0.0334224 0.691754 0.130053 0.124955 
4.80254e-08 9.7885e-08 6.65651e-07 5.63767e-06 5.94118e-05 0.000398097 0.00165921 0.0138047 0.659376 0.324696 
0.00210833 0.0164363 0.151525 0.413122 0.21201 0.130367 0.0533516 0.0159449 0.00433898 0.000795729 
2.08193e-07 7.74612e-07 6.50774e-06 3.29386e-05 0.000507527 0.00175203 0.00613259 0.0245975 0.076545 0.890425 
4.84e-07 1.06355e-06 7.48347e-06 7.28522e-05 0.00129475 0.0053366 0.251045 0.353934 0.169296 0.219011 
1.22373e-07 3.42085e-07 2.35926e-06 1.97078e-05 0.00040762 0.00202088 0.00785589 0.043271 0.10312 0.843302 
2.48909e-08 9.28582e-08 6.17129e-07 5.42371e-06 4.9581e-05 0.000155473 0.000545916 0.00226385 0.00622436 0.990755 
2.5933e-05 0.00113666 0.00817034 0.0499434 0.533018 0.144995 0.114534 0.0872621 0.0441763 0.0167376 
1.08405e-07 2.08714e-07 1.43549e-06 1.31144e-05 0.000186924 0.00120655 0.00466913 0.038391 0.86292 0.0926119 
0.000427725 0.00257518 0.0125544 0.0418463 0.126474 0.584827 0.152802 0.0615808 0.0141194 0.00279399 
0.00125036 0.0133252 0.0468245 0.123494 0.567126 0.166427 0.0612085 0.0167202 0.00317026 0.000455045 
0.000116062 0.000229175 0.00240958 0.00900859 0.0425919 0.524675 0.195313 0.139493 0.0623344 0.0238291 
5.66351e-08 3.21068e-08 2.04653e-07 2.45877e-06 4.20384e-05 0.000529658 0.00211549 0.0140313 0.0508564 0.932422 
1.47689e-08 1.0867e-08 7.71514e-08 1.01146e-06 1.95254e-05 0.000397007 0.00161309 0.0207447 0.878741 0.0984833 
1.27311e-08 6.69182e-08 3.79858e-07 6.27269e-06 0.000102841 0.000111518 0.000829944 0.00550029 0.0282031 0.965246 
4.23349e-24 4.57794e-21 1.45182e-18 1.28103e-15 1.97195e-13 1.01002e-10 4.29851e-08 1.1738e-05 0.00256357 0.997425 
0.000198874 0.00233137 0.014655 0.0423408 0.474287 0.211899 0.148845 0.0756173 0.0234834 0.00634203 
6.31105e-06 2.68013e-05 0.000252508 0.00231316 0.0353073 0.596766 0.113476 0.123864 0.0875085 0.0404797 
2.05181e-07 3.44674e-07 2.30378e-06 2.26725e-05 0.000371488 0.00126989 0.00564187 0.0174621 0.0424868 0.932742 
4.93334e-06 2.57682e-06 1.51705e-05 0.000125893 0.00199173 0.00674311 0.0552867 0.459691 0.421432 0.0547065 
0.0027959 0.0351604 0.0985018 0.23394 0.456231 0.124211 0.0373519 0.00947633 0.00202475 0.000306967 
1.2649e-24 2.29e-21 8.03919e-19 8.09159e-16 1.49802e-13 7.70928e-11 5.0872e-08 3.01975e-05 0.003197 0.996773 
3.93036e-08 4.72983e-08 3.67147e-07 4.14809e-06 7.23584e-05 0.00077922 0.0023406 0.0135671 0.0452251 0.938011 
0.000445575 0.00664479 0.0284079 0.120562 0.232009 0.232595 0.172196 0.170757 0.0286029 0.00778057 
1.43079e-06 4.81826e-06 3.89167e-05 0.000277564 0.00267345 0.00877323 0.0265429 0.0865243 0.784499 0.0906649 
2.795e-06 9.87771e-06 0.000117985 0.00064445 0.00504401 0.016191 0.0535042 0.683909 0.150004 0.0905731 
0.000475714 0.00435895 0.0170383 0.0544682 0.137737 0.181984 0.121491 0.467669 0.0129694 0.00180796 
0.000194245 0.00042999 0.00323659 0.0106035 0.0480871 0.331905 0.165226 0.136501 0.282172 0.0216454 
2.58768e-14 3.49511e-13 2.87487e-12 6.72402e-11 5.20369e-09 3.2304e-07 5.45989e-07 0.000156409 0.00534497 0.994498 
1.6672e-07 3.30687e-07 2.22029e-06 2.20117e-05 0.000329528 0.00145633 0.0055716 0.0245099 0.135132 0.832976 
3.47734e-07 5.77515e-07 3.85244e-06 3.55106e-05 0.000569634 0.00338908 0.347256 0.407269 0.124102 0.117373 
6.57015e-08 1.29908e-07 8.69907e-07 9.41999e-06 0.000174722 0.000819742 0.00397753 0.317496 0.282064 0.395458 
0.0014813 0.0138106 0.0532367 0.136445 0.244885 0.463544 0.0626725 0.0184685 0.00454475 0.000912353 
5.2458e-17 9.01324e-16 1.43084e-14 4.1694e-12 4.84102e-10 2.97942e-08 1.85475e-06 0.000304289 0.00997159 0.989722 
0.00029204 0.00137456 0.00820088 0.0357418 0.220387 0.542858 0.117121 0.0538376 0.0154908 0.00469553 
8.1936e-05 0.000101961 0.000551306 0.00283959 0.0161328 0.0478231 0.384091 0.432301 0.0852318 0.0308452 
0.000215422 0.000827795 0.0041521 0.0164938 0.0705013 0.629557 0.131356 0.0920528 0.0411397 0.0137041 
4.90616e-06 1.61912e-05 0.000158494 0.000914497 0.00758783 0.03393 0.310232 0.449972 0.131977 0.0652074 
2.55006e-06 4.39287e-06 3.33685e-05 0.000302539 0.00473474 0.0155763 0.0487983 0.116846 0.721093 0.0926087 
8.94424e-08 2.18081e-07 1.3694e-06 1.65648e-05 0.00031543 0.00126445 0.712283 0.0945361 0.152413 0.0391706 
1.68484e-07 1.954e-07 1.4082e-06 1.21606e-05 0.000157757 0.00137227 0.00561483 0.0294468 0.757538 0.205857 
1.64968e-11 7.8624e-11 9.11478e-10 1.29724e-08 9.98222e-07 7.21416e-06 0.000341081 0.181126 0.313434 0.50509 
5.36174e-06 1.53694e-05 0.000184183 0.0010781 0.0119954 0.540876 0.127053 0.154798 0.110296 0.053698 
8.21179e-05 0.000362527 0.00281313 0.00865994 0.0259253 0.0625011 0.128997 0.656864 0.0888674 0.0249275 
1.28556e-06 4.12538e-06 3.57824e-05 0.000236106 0.00206361 0.00659515 0.0199076 0.0628625 0.703242 0.205052 
3.16765e-06 1.0274e-05 8.94562e-05 0.000580805 0.00519675 0.0152962 0.0471181 0.133941 0.694322 0.103443 
1.24687e-06 3.00435e-06 2.7544e-05 0.000183038 0.00191657 0.00555308 0.0180547 0.049819 0.0772159 0.847226 
3.88301e-06 5.77233e-06 4.60468e-05 0.000348052 0.00368036 0.0128276 0.0423373 0.769878 0.109642 0.0612304 
1.97439e-07 4.70017e-07 3.14693e-06 2.83277e-05 0.00039207 0.00158559 0.00610358 0.0238921 0.0550331 0.912961 
2.53683e-08 3.65348e-08 3.12272e-07 3.32459e-06 7.02437e-05 0.000404458 0.00144585 0.00910526 0.0304823 0.958488 
0.000311972 0.00111909 0.00664126 0.0224511 0.0759202 0.3742 0.383112 0.0965714 0.0328294 0.00684345 
2.35356e-08 3.97781e-08 2.43373e-07 2.23398e-06 8.1414e-05 0.00064976 0.00418852 0.397393 0.307748 0.289937 
1.56357e-06 2.02958e-06 1.81043e-05 0.00143969 0.0322007 0.648587 0.078736 0.106788 0.0852575 0.0469699 
1.98221e-07 6.0609e-07 3.85129e-06 4.92973e-05 0.000692124 0.00246878 0.0165763 0.0702527 0.826981 0.082975 
7.09706e-06 5.48418e-06 4.05459e-05 0.000329923 0.00266534 0.01545 0.0390529 0.122285 0.722051 0.0981124 
8.47607e-07 1.25394e-06 9.09715e-06 9.32005e-05 0.00176388 0.00549033 0.0216224 0.0706751 0.578425 0.321919 
9.71779e-08 2.9122e-07 1.9288e-06 1.84722e-05 0.000235162 0.000856407 0.00349177 0.0201096 0.0718848 0.903401 
1.65254e-06 7.2077e-06 6.24125e-05 0.000343082 0.00240666 0.00622857 0.0190883 0.0509043 0.182922 0.738036 
1.44891e-06 3.16445e-06 2.56091e-05 0.000184143 0.00278341 0.00784318 0.0291088 0.718753 0.143768 0.0975291 
2.16752e-07 5.15928e-07 3.62349e-06 3.21361e-05 0.000436582 0.00214857 0.00793293 0.0336136 0.0958941 0.859938 
1.95162e-07 3.88822e-07 2.59552e-06 2.27359e-05 0.000307544 0.00151723 0.00626348 0.0337685 0.824115 0.134003 
4.05849e-25 7.4516e-22 2.59912e-19 2.59367e-16 6.89043e-14 4.24044e-11 6.25018e-08 5.61963e-05 0.00341585 0.996528 
0.000414378 0.0022207 0.0119209 0.0400113 0.10896 0.194123 0.297789 0.298084 0.0382047 0.00827208 
0.000331894 0.00089021 0.00570756 0.0159548 0.0531008 0.139642 0.560168 0.149484 0.0592327 0.0154877 
3.42555e-08 6.08712e-08 4.77857e-07 4.15179e-06 5.56263e-05 0.000642968 0.00196795 0.0169162 0.0612221 0.91919 
5.93999e-06 2.46139e-05 0.000299985 0.0015679 0.012091 0.0586961 0.689488 0.128532 0.0802161 0.0290784 
0.0003752 0.00108803 0.00488243 0.0230658 0.0743675 0.349663 0.270702 0.139614 0.124933 0.0113084 
1.66494e-06 4.97366e-06 3.87413e-05 0.000285895 0.00335797 0.0101735 0.0367801 0.110471 0.163674 0.675212 
1.11976e-07 2.96537e-07 2.05188e-06 1.52541e-05 0.000130639 0.00118636 0.00397865 0.0295107 0.0851523 0.880024 
4.48885e-08 1.72681e-07 1.11224e-06 1.57204e-05 0.000289293 0.000779777 0.00356351 0.0100933 0.0251867 0.96007 
4.28028e-07 1.10762e-06 7.39622e-06 4.62651e-05 0.000744467 0.00241582 0.00768184 0.0274893 0.851807 0.109806 
7.80684e-09 9.59211e-09 8.31475e-08 9.96354e-07 2.008e-05 0.000418315 0.00108864 0.0110778 0.0451484 0.942246 
3.11853e-06 1.77429e-05 0.000160997 0.000878117 0.00481225 0.0126057 0.0380649 0.328687 0.536438 0.0783324 
5.30884e-09 4.72674e-09 3.70712e-08 4.29092e-07 7.65577e-06 0.00014923 0.00037088 0.00385487 0.947681 0.0479358 
1.05377e-07 2.4838e-07 1.62088e-06 1.57769e-05 0.000194733 0.000771353 0.00281563 0.0136812 0.0461875 0.936332 
4.29661e-07 1.14089e-06 7.19943e-06 7.98064e-05 0.00114238 0.00453251 0.0193819 0.0713706 0.800324 0.10316 
0.000267819 0.0012835 0.0097327 0.0406738 0.485845 0.179529 0.145649 0.0870376 0.0385937 0.0113875 
0.000248609 0.00092856 0.00446194 0.0148337 0.0548853 0.580055 0.150645 0.126348 0.0546491 0.0129443 
8.28147e-07 2.44551e-06 2.00322e-05 0.000175459 0.00200959 0.00778606 0.126844 0.607491 0.0818425 0.173828 
2.47586e-06 8.13392e-06 7.52585e-05 0.000440923 0.0050941 0.0189509 0.0600725 0.13876 0.707921 0.0686746 
5.6806e-11 1.72975e-10 1.58477e-09 1.84444e-08 3.76355e-07 7.68125e-06 6.11907e-05 0.000399639 0.00131706 0.998214 
0.00082063 0.00907904 0.0348176 0.136518 0.316443 0.398349 0.0831045 0.0169417 0.00328491 0.000641156 
7.25578e-07 1.66416e-06 1.47322e-05 0.000125642 0.00163685 0.00657875 0.0314529 0.717031 0.190923 0.0522349 
1.95978e-06 5.01124e-06 4.17863e-05 0.00044304 0.00807243 0.0452996 0.637491 0.132206 0.102948 0.0734917 
7.47907e-07 3.047e-06 2.45165e-05 0.000157563 0.00126868 0.00491776 0.0152473 0.0541618 0.101957 0.822261 
