11732
1.61353e-09 2.37085e-07 3.0666e-06 2.48105e-05 0.00102027 0.00617324 0.0308629 0.934415 0.0228053 0.00469468 
3.30632e-17 1.72757e-14 1.25462e-12 9.97352e-11 1.34272e-08 1.61336e-07 1.73728e-05 0.000723807 0.498276 0.500983 
1.47839e-11 3.50675e-09 4.68206e-08 8.33381e-07 0.00017561 0.000772174 0.0114198 0.909481 0.0498621 0.0282886 
3.51131e-13 7.13264e-11 3.26509e-09 1.88432e-07 5.54038e-05 0.000169272 0.00153423 0.710858 0.264263 0.0231195 
3.75136e-12 7.70807e-10 2.45845e-08 7.20765e-07 0.000143814 0.00040202 0.00366158 0.0215394 0.0429706 0.931282 
1.21756e-07 5.38961e-06 8.34346e-05 0.000971327 0.0104047 0.840815 0.068825 0.0540348 0.0206266 0.00423343 
0.000409408 0.0068905 0.0396047 0.104319 0.80726 0.0351756 0.00600708 0.000321864 1.14075e-05 6.7572e-07 
0.000156052 0.0086299 0.0210687 0.0719523 0.115599 0.752127 0.0287358 0.00167649 5.10716e-05 3.39286e-06 
4.35217e-13 7.83723e-11 1.52918e-09 7.80334e-08 2.51841e-06 6.52114e-05 0.000674774 0.00624124 0.0221732 0.970843 
3.90033e-14 1.19967e-11 1.41906e-09 4.48187e-08 1.38605e-06 5.98366e-05 0.000873663 0.00964889 0.0359336 0.953483 
1.65683e-07 7.7551e-06 0.000130682 0.00212796 0.0220856 0.844195 0.0838107 0.0385405 0.00816012 0.000941889 
1.23039e-10 2.01866e-08 2.86625e-07 3.27102e-06 0.000365617 0.00228583 0.0225976 0.911248 0.0491852 0.0143139 
2.86476e-12 4.89668e-10 1.59525e-08 6.50237e-07 0.000112759 0.000524267 0.00494901 0.0306816 0.0623865 0.901345 
1.75531e-07 9.75072e-06 0.000156442 0.00174403 0.0154619 0.0509268 0.0667037 0.856718 0.00736038 0.000918393 
0.000290248 0.0122147 0.604663 0.303918 0.0525455 0.0193262 0.00654585 0.000460463 3.00909e-05 5.64679e-06 
1.53704e-09 2.37295e-07 3.02189e-06 2.16379e-05 0.00107361 0.00599964 0.0310515 0.928207 0.0269078 0.00673519 
1.97921e-05 0.00121589 0.0109102 0.0373764 0.0913871 0.815384 0.034174 0.00895533 0.000524533 5.26009e-05 
1.36203e-09 2.07338e-07 2.72542e-06 3.23277e-05 0.00214189 0.0188235 0.0490031 0.897957 0.0250694 0.00697031 
4.77535e-10 6.73747e-08 8.15775e-07 5.03062e-06 0.000202935 0.000497953 0.00375954 0.0223665 0.940461 0.0327063 
0.00184218 0.050256 0.0836825 0.190348 0.618308 0.0497398 0.00516644 0.000649109 7.62702e-06 3.65306e-07 
4.33664e-12 1.14902e-09 2.54971e-08 1.3626e-06 0.000345209 0.00231991 0.0217413 0.0485702 0.913351 0.0136709 
5.04716e-12 1.19649e-09 1.59976e-08 2.88749e-07 7.19186e-05 0.000363664 0.0036052 0.227682 0.240229 0.528047 
2.22763e-14 5.68887e-12 1.08153e-10 6.27146e-09 1.05085e-06 1.11546e-05 0.000247692 0.0042323 0.963324 0.0321838 
0.000838045 0.0408758 0.643681 0.144641 0.109757 0.0533434 0.00612799 0.000725885 9.95739e-06 4.30808e-07 
6.32405e-05 0.00262773 0.0141151 0.0580127 0.107394 0.0975551 0.716327 0.00377552 0.000119971 9.23808e-06 
7.92323e-05 0.00345492 0.0373665 0.594543 0.241957 0.111792 0.0103262 0.000462259 1.72028e-05 9.06202e-07 
4.82918e-05 0.00197508 0.009648 0.0408694 0.073817 0.861215 0.011927 0.000485583 1.3604e-05 7.2744e-07 
1.28184e-12 2.1942e-10 8.05394e-09 3.10304e-07 5.9011e-05 0.000247681 0.00250636 0.0174223 0.968844 0.0109206 
2.99187e-12 4.90317e-10 1.71117e-08 6.45084e-07 0.000124007 0.00044911 0.00454333 0.0298692 0.945031 0.0199822 
6.31708e-06 0.000643914 0.00960606 0.0420615 0.0937139 0.816463 0.0299949 0.00719814 0.000289603 2.22087e-05 
7.66382e-05 0.00413368 0.151152 0.686665 0.0929516 0.0524556 0.0120268 0.000518162 1.98159e-05 1.02314e-06 
1.96107e-12 3.65702e-10 1.23784e-08 4.95947e-07 0.000111058 0.00041065 0.00375663 0.0250083 0.940067 0.0306462 
1.60546e-12 2.72757e-10 9.68814e-09 3.8005e-07 7.84566e-05 0.000310445 0.00322845 0.0196122 0.964758 0.0120124 
1.4257e-13 2.12208e-11 3.26245e-10 1.50351e-08 1.25636e-06 7.56114e-06 0.000311978 0.00449389 0.0199339 0.975251 
3.84805e-13 5.9206e-11 1.62751e-09 3.16461e-08 2.01367e-06 1.9669e-05 0.000542485 0.0066203 0.0248311 0.967984 
6.77034e-16 4.36008e-13 4.77513e-11 3.62982e-08 1.84071e-05 0.000344188 0.00960568 0.978911 0.00911658 0.00200443 
0.000182015 0.00979052 0.04399 0.717908 0.133229 0.0755385 0.0184304 0.000896806 3.32061e-05 1.81229e-06 
2.46645e-07 3.12647e-05 0.00160056 0.00564053 0.0303962 0.821767 0.097598 0.036635 0.00551795 0.000813594 
6.13584e-05 0.00220702 0.00764953 0.0295956 0.0584028 0.0734346 0.815581 0.0118191 0.00121603 3.27727e-05 
3.68188e-08 6.83008e-06 0.000518415 0.00763056 0.771883 0.0629416 0.0685467 0.0564888 0.0261194 0.00586438 
4.56472e-30 2.02867e-26 8.25224e-24 1.69767e-20 2.959e-18 6.26514e-16 4.21708e-11 3.56056e-07 2.26851e-05 0.999977 
1.40586e-09 2.26003e-07 2.99136e-06 4.94185e-05 0.00130715 0.00747552 0.0316821 0.933022 0.0219172 0.00454328 
2.54723e-14 6.44444e-12 1.14156e-10 4.88699e-09 1.05907e-06 5.16494e-06 0.000209057 0.0040074 0.0149841 0.980793 
2.67475e-05 0.00140647 0.0082952 0.0422861 0.864871 0.0612844 0.0175457 0.00408046 0.000187233 1.63367e-05 
2.2588e-17 4.63365e-15 1.26516e-13 4.50098e-12 1.22783e-09 9.4915e-09 7.31206e-07 8.66254e-06 3.76744e-05 0.999953 
1.37162e-15 3.28099e-13 4.15184e-12 5.30078e-11 8.51113e-09 4.14424e-08 3.90831e-07 6.67736e-05 0.000151247 0.999782 
6.1226e-14 1.34281e-11 2.31615e-10 1.21504e-08 1.51089e-06 8.56371e-06 0.000272184 0.00496675 0.0201023 0.974649 
2.14405e-07 1.21554e-05 0.000608929 0.00190081 0.0142935 0.0529733 0.866834 0.0482496 0.0131356 0.00199231 
1.73476e-07 7.87649e-06 0.000122238 0.00135083 0.00988437 0.0384717 0.895714 0.0416484 0.0114908 0.00130967 
2.79332e-10 4.22754e-08 5.30904e-07 4.24149e-06 0.000303324 0.00157847 0.00979036 0.0449126 0.919027 0.0243833 
2.93248e-12 5.04701e-10 1.81044e-08 7.73287e-07 0.000163499 0.00084338 0.0105383 0.913048 0.0557705 0.0196351 
3.87521e-11 9.41944e-09 1.53356e-07 2.28095e-06 0.000218635 0.000866622 0.00593007 0.931691 0.047081 0.0142098 
1.3366e-09 2.04471e-07 2.65424e-06 2.1118e-05 0.000914757 0.00483403 0.0154932 0.0350911 0.934077 0.00956601 
3.27697e-07 4.67318e-05 0.00228583 0.00624854 0.0317239 0.878902 0.0569904 0.0202262 0.00334539 0.000230792 
6.353e-14 1.31689e-11 2.53351e-10 1.36109e-08 1.48772e-06 8.03895e-06 0.000235546 0.00435773 0.0188189 0.976578 
5.97664e-14 2.30057e-11 2.21052e-09 1.28074e-07 6.08973e-05 2.05745e-05 0.000419692 0.0070916 0.957867 0.0345398 
0.0015929 0.0320221 0.0398309 0.214619 0.683886 0.0247243 0.00304198 0.000272667 9.36331e-06 5.993e-07 
6.63765e-08 1.99123e-06 2.19326e-05 0.000111441 0.00294068 0.0111998 0.0207841 0.0338976 0.920673 0.0103693 
9.57953e-05 0.00494607 0.0258699 0.0873128 0.798315 0.0666753 0.0159812 0.000773744 2.84981e-05 1.55865e-06 
3.72491e-19 2.20339e-16 2.93049e-14 1.70773e-12 2.83911e-10 6.08324e-09 8.23245e-07 4.31516e-05 0.00055717 0.999399 
3.46569e-07 3.02154e-05 0.00169854 0.00675042 0.77053 0.0949149 0.0806165 0.0375534 0.0069938 0.000911759 
1.2885e-09 2.03392e-07 2.6177e-06 2.10873e-05 0.000883907 0.00523087 0.0193607 0.0421625 0.920632 0.0117062 
5.43114e-05 0.00255263 0.013446 0.0512289 0.810388 0.0950448 0.0242978 0.00286744 0.000103896 1.62921e-05 
3.2212e-13 8.13762e-11 4.04738e-09 2.35131e-07 6.04233e-05 0.000296536 0.00259222 0.0220378 0.94778 0.0272331 
3.38216e-14 8.53652e-12 1.48991e-10 6.30091e-09 1.32584e-06 6.56437e-06 0.000238741 0.00489835 0.0206899 0.974165 
2.93836e-14 7.42152e-12 1.33882e-10 5.71687e-09 1.23956e-06 6.21651e-06 0.000288075 0.00668836 0.957292 0.0357239 
1.40282e-39 5.22813e-35 2.75464e-31 1.27929e-26 1.47226e-22 6.52107e-20 3.48059e-15 1.61097e-10 5.23774e-05 0.999948 
1.41683e-14 3.64532e-12 6.95057e-11 3.47577e-09 7.45341e-07 3.56006e-06 0.000114669 0.00240687 0.00869061 0.988784 
1.71245e-14 4.24894e-12 6.7512e-11 2.38011e-09 5.22112e-07 2.31651e-06 7.58365e-05 0.0014816 0.495247 0.503193 
1.44931e-23 1.68091e-20 2.17456e-18 1.27438e-15 2.72311e-13 2.12929e-11 1.97631e-08 2.36976e-06 0.0002163 0.999781 
2.0112e-05 0.00101946 0.00896883 0.178463 0.116312 0.18594 0.502027 0.00669472 0.000534168 2.04498e-05 
2.19549e-12 3.53687e-10 1.12567e-08 3.91572e-07 7.09687e-05 0.000150073 0.00189274 0.0143873 0.0266536 0.956845 
2.25741e-14 5.85495e-12 1.74508e-10 6.82683e-09 9.87794e-07 7.65872e-06 0.000219681 0.00406952 0.955047 0.0406552 
1.79893e-07 8.66636e-06 0.00016629 0.00274836 0.0270306 0.834955 0.079117 0.0426749 0.0112853 0.00201324 
2.09647e-14 5.34188e-12 1.04438e-10 4.87181e-09 1.02898e-06 5.29605e-06 0.000236812 0.00418355 0.0215303 0.974043 
1.6107e-07 7.16205e-06 0.00010817 0.00120638 0.00998191 0.0474694 0.897434 0.0340196 0.0086186 0.00115462 
6.25071e-09 4.32699e-07 7.28627e-06 4.98748e-05 0.00161084 0.00815526 0.0626489 0.808366 0.113425 0.00573669 
2.489e-07 1.18815e-05 0.000260186 0.00324006 0.0300478 0.0920132 0.826919 0.0381947 0.00816375 0.00114946 
1.04002e-14 2.78224e-12 6.3282e-11 3.73049e-09 8.04236e-07 4.08943e-06 0.000189875 0.00323667 0.0144299 0.982139 
6.72913e-08 3.32857e-06 4.9431e-05 0.000548288 0.00667654 0.0386404 0.870635 0.0569876 0.0222741 0.00418526 
9.82898e-29 4.89436e-25 2.86822e-22 1.53724e-18 1.40171e-16 3.92719e-14 2.34363e-10 3.80407e-08 4.63202e-05 0.999954 
2.11014e-07 9.14843e-06 0.000195971 0.00142709 0.012059 0.0500719 0.0732098 0.851314 0.0104682 0.00124429 
1.46205e-14 3.71526e-12 6.82989e-11 2.97469e-09 5.91374e-07 3.09089e-06 0.000203845 0.00369027 0.496802 0.4993 
2.79802e-12 6.29367e-10 1.64227e-08 8.25222e-07 0.000163401 0.00128689 0.0115588 0.0671561 0.853425 0.0664087 
0.000985344 0.234749 0.573881 0.0873277 0.0642038 0.0320492 0.00651343 0.000280454 9.52914e-06 5.19076e-07 
9.52008e-26 2.44739e-22 8.38488e-20 2.18673e-16 2.35102e-14 3.95317e-12 1.34102e-08 1.82044e-05 0.000930244 0.999052 
7.87381e-10 1.23463e-07 1.58453e-06 1.20461e-05 0.000477258 0.00242544 0.0111043 0.932386 0.0425722 0.0110208 
4.00949e-14 1.14852e-11 1.02156e-09 3.31298e-08 1.61314e-06 4.30734e-05 0.00112767 0.0120771 0.955394 0.0313568 
1.54284e-17 7.62333e-15 4.55273e-13 4.04474e-11 3.66399e-09 3.93611e-08 2.66032e-06 6.77795e-05 0.00128828 0.998641 
0.001036 0.0292644 0.0850144 0.716487 0.115816 0.0469321 0.00503017 0.000410966 8.0628e-06 3.45026e-07 
3.83232e-08 1.14416e-06 1.23845e-05 6.55754e-05 0.00188633 0.00774715 0.021432 0.0352995 0.926623 0.00693301 
3.242e-19 2.19085e-16 2.51815e-14 1.84407e-12 3.22052e-10 9.29833e-09 1.66509e-06 0.000147198 0.00231251 0.997539 
5.839e-10 8.76037e-08 1.08102e-06 8.38426e-06 0.000822126 0.006512 0.0261935 0.921026 0.0339816 0.0114554 
2.3209e-09 2.25663e-07 5.24618e-06 8.89763e-05 0.00179666 0.0129843 0.0431971 0.904707 0.0306943 0.00652619 
2.89554e-12 4.85595e-10 1.68195e-08 6.68891e-07 0.000134319 0.000728435 0.00745644 0.0393002 0.930937 0.0214432 
3.65938e-14 1.04456e-11 4.42627e-10 2.45687e-08 1.04869e-05 7.57691e-06 0.000295208 0.00471374 0.0190023 0.975971 
8.40424e-13 1.38135e-10 4.66853e-09 1.448e-07 3.44639e-05 4.53736e-05 0.00097977 0.00776443 0.0221625 0.969013 
3.84465e-10 5.40139e-08 6.67389e-07 4.17281e-06 0.000134858 0.000471261 0.00219167 0.0103537 0.256283 0.730561 
4.10095e-15 1.02718e-12 1.76246e-11 7.1158e-10 1.63269e-07 7.60126e-07 0.000118821 0.00246778 0.98796 0.00945273 
0.930353 0.0439928 0.0231052 0.0023644 0.000176385 8.38742e-06 2.52271e-07 2.02886e-09 1.33557e-10 2.97863e-12 
6.86164e-17 2.20834e-14 9.36418e-13 6.49576e-11 8.97535e-09 9.85078e-08 8.64484e-06 0.00031828 0.00437826 0.995295 
6.67462e-27 1.11362e-23 2.78009e-21 5.50403e-18 1.20916e-15 9.69266e-14 1.96646e-10 1.6708e-08 8.93089e-06 0.999991 
6.75397e-19 3.59793e-16 2.99318e-14 2.21184e-12 4.75219e-10 3.62216e-09 2.23056e-07 2.56925e-05 0.000618224 0.999356 
4.35148e-09 4.65155e-07 6.4486e-06 4.53086e-05 0.00167873 0.00880519 0.0411974 0.908848 0.0326889 0.00672939 
2.5634e-14 6.48588e-12 1.16308e-10 4.977e-09 1.06361e-06 5.28876e-06 0.00021632 0.00423814 0.0184712 0.977068 
1.71762e-07 7.64161e-06 0.000116439 0.00109666 0.0100721 0.049501 0.875413 0.0486395 0.0127476 0.00240583 
3.2349e-13 7.63178e-11 3.78356e-09 2.3288e-07 7.29007e-05 0.000174161 0.00177949 0.0150798 0.0384502 0.944443 
1.53191e-11 3.71743e-09 6.29182e-08 1.40534e-06 0.000106565 0.00091183 0.00678726 0.0279089 0.939668 0.0246164 
1.50306e-11 1.8482e-09 5.79615e-08 1.16409e-06 0.000107295 0.000679347 0.00512662 0.0288788 0.0455752 0.919632 
1.87306e-05 0.000737566 0.00665457 0.0271775 0.787642 0.116688 0.0500597 0.01063 0.000363212 2.92168e-05 
1.82905e-06 0.000140016 0.00394823 0.00865713 0.0330963 0.0813443 0.839492 0.0292585 0.00352852 0.000533057 
8.13268e-13 1.41096e-10 7.48482e-09 3.04223e-07 8.13611e-05 0.000270651 0.00205153 0.0163598 0.95593 0.0253065 
7.07729e-16 1.76824e-13 2.69789e-12 9.27277e-11 1.85678e-08 9.25903e-08 3.48752e-06 0.000194675 0.00378723 0.996014 
5.79723e-13 1.19353e-10 4.431e-09 2.62523e-07 7.48046e-05 0.000686613 0.0115853 0.0315617 0.931281 0.02481 
1.25024e-12 2.2676e-10 8.72551e-09 4.23169e-07 0.000114545 0.000594715 0.00668141 0.456339 0.526718 0.00955154 
1.38947e-12 2.09087e-10 5.12613e-09 1.72939e-07 3.51927e-06 6.37629e-05 0.00103428 0.00753418 0.0159143 0.97545 
1.93407e-14 4.87437e-12 8.63735e-11 3.61521e-09 7.61438e-07 3.9011e-06 0.00014851 0.003165 0.0143176 0.982364 
1.90567e-14 4.841e-12 9.09885e-11 3.89462e-09 8.00821e-07 4.36421e-06 0.000178719 0.00379078 0.0150346 0.980991 
4.20881e-08 2.28112e-06 3.72358e-05 0.000616195 0.00542236 0.0320754 0.0629566 0.874641 0.0199803 0.00426859 
1.79635e-12 3.35684e-10 1.38108e-08 6.2022e-07 0.00015407 0.000533415 0.00490464 0.0312531 0.93173 0.0314241 
7.04328e-07 0.000105404 0.00494809 0.0124183 0.817951 0.106531 0.0465161 0.010795 0.000420402 0.000313679 
1.96615e-07 1.39055e-05 0.000259026 0.00545955 0.798429 0.0882951 0.0665324 0.0309911 0.00833099 0.00168837 
4.0041e-15 1.03391e-12 2.0658e-11 1.02665e-09 2.10681e-07 1.25412e-06 0.000194369 0.00373227 0.974361 0.0217105 
1.90649e-07 8.47731e-06 0.0001432 0.00160071 0.0127621 0.0578976 0.880112 0.0388705 0.00763413 0.000971083 
4.49999e-08 3.05391e-06 4.74262e-05 0.000768696 0.00587668 0.0314103 0.887505 0.0502166 0.0200435 0.00412829 
4.3706e-08 2.14344e-06 2.75441e-05 0.000871768 0.00977456 0.0388821 0.884577 0.0447212 0.0174766 0.00366715 
0.00208803 0.0487137 0.670603 0.152582 0.0827207 0.0321684 0.00895861 0.00209414 6.25221e-05 8.9091e-06 
5.6146e-07 0.000103997 0.00535418 0.021588 0.0796876 0.116897 0.762794 0.0129493 0.00058016 4.52409e-05 
2.70669e-14 6.89187e-12 1.2595e-10 5.68461e-09 1.22118e-06 6.08432e-06 0.000214063 0.00618396 0.963709 0.0298855 
5.15545e-09 6.67779e-07 1.01218e-05 0.00054107 0.00567153 0.033289 0.884421 0.0509123 0.0207105 0.00444395 
1.11165e-10 2.7185e-08 3.39554e-07 3.40297e-06 0.000218715 0.00131532 0.00723465 0.022069 0.94781 0.0213484 
3.12911e-14 7.90963e-12 1.40181e-10 6.03556e-09 1.30366e-06 6.35859e-06 0.000237651 0.00490114 0.0201145 0.974739 
1.81744e-11 4.30709e-09 5.70104e-08 1.15717e-06 0.00021039 0.00121462 0.0132396 0.919495 0.0501113 0.0157275 
8.75666e-10 1.27838e-07 1.60228e-06 1.12856e-05 0.000531001 0.00326851 0.0209064 0.923467 0.0394635 0.0123507 
5.16955e-28 2.52191e-24 1.45805e-21 7.93964e-18 2.9455e-16 1.58937e-13 9.93238e-10 8.64305e-07 4.81023e-05 0.999951 
1.05151e-09 1.59873e-07 2.03375e-06 1.56825e-05 0.000729395 0.0037249 0.0112676 0.0302506 0.929292 0.0247172 
1.85897e-40 6.92693e-36 3.64902e-32 1.69512e-27 1.94816e-23 8.62853e-21 6.00672e-16 3.90566e-11 2.84826e-05 0.999972 
1.50187e-16 7.49112e-14 4.50617e-12 4.01388e-10 3.76405e-08 4.1595e-07 3.54538e-05 0.000414981 0.0045718 0.994977 
6.43353e-13 1.17711e-10 4.24786e-09 1.97941e-07 3.77813e-05 0.000149164 0.00152554 0.0107326 0.0225162 0.965039 
3.01174e-14 7.62198e-12 1.34402e-10 5.83459e-09 1.25093e-06 5.97193e-06 0.000211112 0.0042988 0.95504 0.0404433 
1.64738e-07 3.03172e-05 0.00117421 0.00585375 0.154876 0.27673 0.298436 0.260813 0.0018992 0.000187785 
3.57628e-08 1.74848e-06 2.3766e-05 0.000906582 0.0105779 0.866545 0.0693219 0.0391379 0.011581 0.00190422 
1.72093e-13 3.47278e-11 6.6131e-10 4.70357e-08 2.06001e-06 0.000122226 0.000990167 0.0114087 0.955693 0.0317841 
1.9734e-12 3.47181e-10 1.30747e-08 5.59834e-07 0.000121843 0.000518115 0.00498379 0.0300403 0.947208 0.0171275 
0.00156665 0.0297307 0.0779784 0.797926 0.0663625 0.0239948 0.00213965 0.000298502 2.65766e-06 1.30669e-07 
2.61065e-15 7.31858e-13 2.06749e-11 1.24027e-09 2.22791e-07 1.39214e-06 0.000121322 0.000685128 0.00723416 0.991958 
1.31102e-14 3.44461e-12 7.05373e-11 3.87653e-09 8.17184e-07 3.8155e-06 0.000132339 0.00222431 0.0112834 0.986355 
1.05517e-14 2.67472e-12 4.70734e-11 1.94011e-09 4.00648e-07 2.08714e-06 9.09976e-05 0.00186694 0.00997736 0.988062 
1.39223e-07 2.26805e-05 0.000750276 0.00420721 0.0312091 0.881404 0.0579554 0.0197949 0.00402581 0.000630968 
2.9378e-30 1.74083e-26 2.6246e-23 3.04735e-19 7.33433e-18 5.58754e-15 3.64119e-11 3.30696e-07 9.78408e-05 0.999902 
3.48323e-19 1.66868e-16 2.06602e-14 1.12253e-12 2.73709e-10 2.51653e-09 5.83916e-07 0.000132007 0.00312433 0.996743 
2.26996e-32 1.25318e-28 2.02678e-25 2.41587e-21 9.99988e-20 5.58154e-17 4.85126e-12 4.57136e-08 4.85359e-05 0.999951 
0.000105205 0.00395981 0.0105592 0.215341 0.110847 0.620499 0.0383285 0.000350591 8.48065e-06 4.74547e-07 
2.1721e-10 5.29616e-08 6.99208e-07 8.64408e-06 0.00111869 0.00899316 0.894922 0.0510191 0.0327815 0.0111566 
6.57609e-17 3.3326e-14 2.2782e-12 1.85176e-10 2.26264e-08 2.33769e-07 1.97442e-05 0.000566257 0.00665009 0.992764 
1.5232e-17 3.39243e-15 1.32583e-13 6.38597e-12 1.69965e-09 1.07541e-08 4.42657e-07 4.27716e-06 0.000228128 0.999767 
1.4681e-09 2.12849e-07 2.61101e-06 1.73332e-05 0.000701388 0.00247314 0.0108967 0.910218 0.0564689 0.0192216 
1.2731e-07 8.5981e-06 0.000645539 0.000692895 0.00555613 0.0430079 0.697222 0.236887 0.0143429 0.00163757 
1.28848e-09 2.08943e-07 2.75797e-06 0.000107131 0.00325746 0.689346 0.225739 0.0529332 0.0238153 0.00479844 
2.48407e-07 2.22704e-05 0.00154387 0.00542884 0.638337 0.239421 0.0722113 0.0348345 0.00725544 0.000945522 
2.51399e-07 2.80284e-05 0.00146581 0.00710616 0.810552 0.0981229 0.0554464 0.022145 0.00442656 0.000707264 
7.22993e-13 1.18356e-10 3.47485e-09 1.42519e-07 3.1443e-06 6.56874e-05 0.00121168 0.011377 0.0335328 0.95381 
1.1845e-07 5.22199e-06 8.27713e-05 0.00111178 0.00999984 0.0498607 0.891221 0.0369382 0.00905948 0.0017213 
1.50973e-07 1.33541e-05 0.00119497 0.00119988 0.00706367 0.0315018 0.917883 0.0319215 0.00805271 0.00116924 
8.51059e-09 5.82278e-07 9.57099e-06 0.000146737 0.00195228 0.0394952 0.147152 0.803535 0.00656233 0.00114675 
1.51452e-12 2.56322e-10 9.55871e-09 4.46564e-07 0.000115486 0.00109105 0.627615 0.337024 0.0258949 0.00825864 
4.8821e-05 0.00220312 0.0104409 0.0947023 0.210786 0.343601 0.336123 0.00202498 6.74999e-05 2.57612e-06 
2.44432e-14 6.18036e-12 1.11105e-10 4.79028e-09 1.02214e-06 5.11685e-06 0.000217212 0.00411919 0.020226 0.975431 
2.50267e-12 5.30517e-10 1.34372e-08 6.11484e-07 8.44957e-05 0.000479789 0.0044717 0.0243489 0.694208 0.276406 
0.00144415 0.0464805 0.576931 0.349715 0.0229156 0.00243462 7.16332e-05 6.71946e-06 8.70821e-08 4.30837e-09 
2.86094e-07 5.30027e-05 0.00294263 0.00709951 0.0352877 0.88486 0.054667 0.0137052 0.00113986 0.000244393 
1.49451e-14 3.75059e-12 7.12857e-11 2.83701e-09 5.63187e-07 3.46773e-06 0.00020696 0.00345975 0.959123 0.0372063 
2.21266e-07 2.35824e-05 0.00125499 0.00288535 0.0180753 0.0582545 0.884438 0.0289438 0.00542314 0.000701072 
3.56641e-14 9.01892e-12 1.5876e-10 6.87543e-09 1.44943e-06 7.10191e-06 0.000240505 0.00492481 0.0201699 0.974656 
0.00234065 0.049554 0.0972215 0.740055 0.0801606 0.0274596 0.0026511 0.000552422 4.87666e-06 2.26082e-07 
1.26217e-14 3.18011e-12 5.63879e-11 2.31036e-09 4.64589e-07 2.57203e-06 0.000225545 0.00453922 0.969129 0.0261028 
1.20881e-09 1.86782e-07 2.40489e-06 1.88712e-05 0.000783517 0.00502475 0.0210626 0.0424826 0.921945 0.0086798 
1.22746e-07 6.05314e-06 9.22014e-05 0.000714501 0.00677153 0.0299269 0.89725 0.0465828 0.0157909 0.00286471 
1.33298e-07 5.1839e-06 7.31375e-05 0.000863194 0.0089089 0.0361201 0.0576196 0.885797 0.00938275 0.00123048 
6.14461e-15 1.57569e-12 2.9851e-11 1.32801e-09 2.72562e-07 1.5842e-06 8.64938e-05 0.00145918 0.00674156 0.991711 
3.94525e-13 5.71135e-11 1.24006e-09 3.31819e-08 1.5899e-06 2.41705e-05 0.000490027 0.00543025 0.0196853 0.974369 
1.74996e-09 2.59104e-07 3.65232e-06 4.42744e-05 0.00228187 0.0183582 0.888485 0.0591057 0.0263526 0.00536853 
2.92529e-07 3.43752e-05 0.00200176 0.00540786 0.0370371 0.0848399 0.841193 0.0246816 0.00416702 0.000636769 
5.16288e-09 4.16486e-07 6.86974e-06 0.000127629 0.0021555 0.0149841 0.0393971 0.917032 0.0224669 0.00382918 
2.76578e-07 4.68045e-05 0.0014207 0.00673349 0.0402237 0.83044 0.0718749 0.0361931 0.0113883 0.00167864 
2.31171e-08 4.63908e-07 3.97329e-06 2.57903e-05 0.00129627 0.00940614 0.532794 0.232658 0.218809 0.00500644 
2.1871e-10 4.89415e-08 6.81803e-07 7.48554e-06 0.000376996 0.002609 0.0127236 0.0303144 0.943526 0.0104419 
2.66363e-14 6.74964e-12 1.20381e-10 5.26276e-09 1.13023e-06 5.5554e-06 0.000208268 0.00432498 0.961914 0.0335464 
1.4711e-07 6.98921e-06 0.000124561 0.0018227 0.0201914 0.887912 0.0526034 0.0285776 0.00751832 0.00124265 
8.5075e-14 1.51486e-11 3.93857e-10 1.55294e-08 1.23415e-06 4.06305e-05 0.00206125 0.474987 0.491829 0.0310812 
8.03018e-09 5.29286e-07 8.51709e-06 5.06876e-05 0.00184317 0.00730164 0.0318073 0.925093 0.0276367 0.00625796 
7.46947e-10 1.30496e-07 1.67132e-06 1.46663e-05 0.000702577 0.00459036 0.0276009 0.922239 0.0350813 0.00976979 
4.50115e-10 6.90479e-08 8.75321e-07 6.76936e-06 0.000362893 0.00122189 0.00696991 0.030261 0.942642 0.0185345 
2.51313e-12 3.79589e-10 9.85175e-09 2.60392e-07 6.08658e-06 0.000162733 0.00225692 0.0142763 0.0264197 0.956878 
2.5308e-09 2.23328e-07 2.75389e-06 1.797e-05 0.000792793 0.00412771 0.0187079 0.941723 0.0281534 0.00647447 
2.49227e-07 3.93002e-05 0.00211803 0.00734775 0.0474844 0.86891 0.0549153 0.0162191 0.00238859 0.000577016 
8.09683e-13 2.08338e-10 4.36904e-09 1.90485e-07 5.44354e-05 0.000335971 0.342885 0.217133 0.0184361 0.421156 
1.55406e-07 6.66908e-06 0.000101529 0.00111457 0.00794075 0.0386268 0.888227 0.046251 0.0149663 0.00276561 
2.77199e-09 6.94752e-07 1.76181e-05 0.00097349 0.776592 0.0586054 0.0594599 0.0557065 0.0361835 0.0124612 
6.89892e-13 1.46398e-10 6.64345e-09 3.22009e-07 0.00010579 0.000404098 0.00499787 0.921626 0.0509471 0.0219188 
2.12522e-14 5.44128e-12 1.37777e-10 5.47169e-09 9.23422e-07 6.93149e-06 0.000414042 0.0053117 0.0188663 0.9754 
5.11208e-10 1.02316e-07 1.2693e-06 2.25585e-05 0.00133648 0.0130848 0.843638 0.0742242 0.0511073 0.016585 
8.66001e-13 1.62302e-10 6.82142e-09 3.60945e-07 8.33335e-05 0.000480734 0.00360422 0.0225915 0.0514424 0.921797 
1.41434e-13 5.3503e-11 4.56866e-09 2.6768e-07 8.52672e-05 0.000249325 0.00219595 0.018455 0.954178 0.0248365 
2.17695e-17 1.18469e-14 8.96344e-13 7.07606e-11 1.05395e-08 1.27176e-07 1.27512e-05 0.000332039 0.00427408 0.995381 
3.35232e-14 8.45968e-12 1.50474e-10 6.3934e-09 1.37078e-06 6.68215e-06 0.000256573 0.00469529 0.0199018 0.975138 
2.191e-07 1.16679e-05 0.000203663 0.00235168 0.0200318 0.842607 0.0876971 0.0381537 0.00790658 0.00103646 
5.46037e-14 1.727e-11 9.50338e-10 5.08932e-08 1.63394e-05 3.95884e-05 0.000711885 0.00973006 0.951293 0.0382095 
4.10343e-05 0.0012243 0.00525366 0.0192898 0.0439029 0.062595 0.858109 0.00899471 0.000535732 5.33337e-05 
0.0123556 0.0678685 0.123291 0.721508 0.0585165 0.0144264 0.00162684 0.0004036 3.21905e-06 1.43996e-07 
1.38234e-20 5.06968e-18 1.14175e-15 3.44713e-14 5.39519e-13 4.97853e-11 2.13674e-08 3.86724e-05 0.00146479 0.998497 
3.54395e-29 2.19589e-25 3.16303e-22 3.5958e-18 9.6988e-17 6.7366e-14 1.65561e-09 1.38792e-05 0.000672114 0.999314 
2.31809e-14 5.89623e-12 1.07748e-10 4.91946e-09 1.08535e-06 5.13627e-06 0.000180932 0.00381204 0.014378 0.981623 
1.71228e-07 8.01565e-06 0.00015563 0.00149214 0.0126133 0.863228 0.0818853 0.0334557 0.00638288 0.000778516 
1.88328e-14 8.02188e-12 1.04969e-09 4.86844e-08 4.54529e-06 0.000177651 0.00480701 0.956176 0.0232827 0.0155522 
1.65128e-10 3.79696e-08 4.77568e-07 5.29224e-06 0.000373547 0.00322017 0.0216865 0.0436292 0.915753 0.0153316 
1.54988e-12 3.87906e-10 1.21944e-08 5.76452e-07 0.000156399 0.000812119 0.0101995 0.0348835 0.924144 0.0298041 
2.01379e-05 0.000887789 0.00621616 0.0315481 0.446511 0.0894405 0.413586 0.0108387 0.000929728 2.23375e-05 
7.61184e-18 4.00494e-15 2.57763e-13 2.25316e-11 2.77297e-09 3.07389e-08 1.9733e-06 2.46397e-05 0.000496205 0.999477 
6.20063e-14 1.06982e-11 2.20306e-10 7.41014e-09 5.90995e-07 7.86869e-06 0.000138195 0.00221505 0.194851 0.802787 
1.17074e-06 0.000170447 0.00548856 0.409954 0.449577 0.0835109 0.0400529 0.0103449 0.000659176 0.000240943 
1.58912e-12 2.51071e-10 5.63686e-09 2.18131e-07 6.95524e-06 0.000142313 0.00197806 0.0142044 0.946682 0.0369859 
5.90482e-08 3.54393e-06 5.21125e-05 0.00088188 0.00802954 0.0378233 0.874797 0.0555183 0.0189958 0.00389884 
1.79837e-06 0.000133163 0.00411377 0.00885058 0.0305501 0.0629987 0.872188 0.019145 0.00196133 5.74175e-05 
3.65594e-14 1.42465e-11 5.39269e-10 3.30852e-08 1.85304e-06 8.8449e-05 0.000532501 0.00693445 0.95698 0.0354623 
0.000355601 0.0147695 0.763418 0.0798844 0.0821722 0.0488828 0.0100213 0.000479215 1.60381e-05 7.73315e-07 
7.58067e-10 1.30263e-07 1.68284e-06 1.44924e-05 0.000734655 0.00479229 0.0242131 0.944167 0.0212945 0.00478243 
1.54457e-14 2.20968e-11 1.27727e-09 1.53422e-07 8.31226e-05 0.000716999 0.0120422 0.968742 0.0128416 0.00557372 
2.3697e-07 2.3208e-05 0.000428308 0.00604859 0.036283 0.847268 0.0699208 0.0303305 0.00819708 0.00150007 
1.61614e-14 4.17559e-12 8.28993e-11 4.08506e-09 8.18984e-07 4.32482e-06 0.000173479 0.00319398 0.0154447 0.981183 
1.71836e-08 1.10064e-06 1.72637e-05 0.000174708 0.00165983 0.00894925 0.0333831 0.929183 0.0230188 0.0036129 
3.69764e-07 7.00172e-05 0.00357159 0.00853675 0.0472506 0.848811 0.0675157 0.0212063 0.00224776 0.000789774 
1.93349e-12 3.01089e-10 8.30735e-09 2.59205e-07 2.22948e-05 0.000102454 0.00164175 0.011676 0.0264942 0.960063 
3.12769e-15 8.26097e-13 2.01275e-11 9.85608e-10 1.87565e-07 1.40532e-06 0.000272835 0.00457625 0.96782 0.0273291 
2.89133e-17 1.4657e-14 9.24316e-13 8.09594e-11 8.50162e-09 1.02894e-07 1.26103e-05 0.000254119 0.00214158 0.997592 
4.45648e-07 5.96901e-05 0.0029109 0.0127813 0.830501 0.100131 0.0436038 0.00912416 0.000786876 0.000101272 
1.61196e-13 5.44101e-11 3.53959e-09 2.20146e-07 5.99624e-05 0.000361607 0.00433275 0.417733 0.5628 0.0147128 
0.000233788 0.0121297 0.0243227 0.150825 0.491724 0.313815 0.00663313 0.000306343 1.03491e-05 5.34217e-07 
3.50129e-06 0.000419019 0.00682382 0.0338119 0.811893 0.0949635 0.0404648 0.0110265 0.000511001 8.31478e-05 
2.43232e-16 1.22307e-13 8.34782e-12 6.79414e-10 9.21016e-08 8.22192e-07 8.07344e-05 0.00118769 0.0111264 0.987604 
8.17897e-14 3.41551e-11 2.42449e-09 1.40655e-07 3.58858e-05 0.000158244 0.00190121 0.469654 0.497434 0.0308173 
2.17715e-09 2.43255e-07 3.19494e-06 2.13608e-05 0.000829736 0.00518338 0.0297756 0.937211 0.0225624 0.00441324 
0.000326805 0.0189522 0.0331005 0.0985757 0.770682 0.0666163 0.0108934 0.00083461 1.75324e-05 9.84268e-07 
2.69209e-12 4.66916e-10 1.6702e-08 6.95354e-07 0.000135724 0.000719666 0.00571863 0.0339979 0.937968 0.0214593 
1.54395e-14 3.9112e-12 7.13721e-11 3.13284e-09 6.72269e-07 3.63381e-06 0.000239292 0.00377266 0.313547 0.682437 
2.17357e-10 3.02604e-08 4.09576e-07 4.33203e-06 0.000349766 0.00293851 0.0259699 0.916696 0.0404905 0.013551 
1.56017e-15 5.06945e-13 6.92856e-11 2.31704e-09 1.29778e-07 2.92471e-06 7.26844e-05 0.00123308 0.0105599 0.988131 
0.0195361 0.0848558 0.73351 0.114973 0.0367071 0.00959756 0.000785059 3.39726e-05 1.0989e-06 5.38224e-08 
8.85467e-10 1.38012e-07 1.78275e-06 1.46479e-05 0.000831947 0.00467621 0.0261285 0.927194 0.0333011 0.0078516 
4.61775e-08 1.61477e-06 2.03949e-05 0.000213439 0.00304387 0.0111457 0.7158 0.259913 0.00871366 0.0011485 
9.40279e-13 1.8661e-10 7.57464e-09 3.53378e-07 0.000100751 0.000203626 0.00183995 0.0176836 0.0385541 0.941618 
1.19629e-14 3.13612e-12 7.03712e-11 3.15341e-09 5.39854e-07 5.08341e-06 0.000633389 0.00883976 0.965932 0.0245891 
3.30768e-14 8.38871e-12 1.52658e-10 6.66456e-09 1.42002e-06 7.39819e-06 0.000363402 0.00600246 0.0252424 0.968383 
1.75461e-07 3.35232e-05 0.00177213 0.00497554 0.0237998 0.273083 0.68283 0.0121945 0.00124232 6.98532e-05 
1.1297e-17 5.52327e-15 6.05151e-13 3.4999e-11 9.58114e-09 6.8404e-08 1.72677e-05 0.000410842 0.00433734 0.995234 
0.0052817 0.0491307 0.104879 0.7178 0.0901382 0.0295988 0.00272066 0.000446899 4.23678e-06 2.07353e-07 
7.01829e-13 1.22471e-10 5.2585e-09 2.34781e-07 3.80797e-05 0.000225445 0.00163746 0.0124773 0.0289841 0.956637 
1.99694e-14 5.04617e-12 9.07266e-11 3.80412e-09 7.87551e-07 4.08888e-06 0.000174308 0.00312777 0.0158126 0.98088 
1.10844e-16 5.49473e-14 4.24709e-12 3.13348e-10 5.68687e-08 3.65722e-07 3.30991e-05 0.000556568 0.00434783 0.995062 
2.82364e-10 4.07313e-08 4.84051e-07 3.64864e-06 0.000288074 0.00277522 0.908506 0.0336843 0.0411016 0.0136407 
1.20179e-12 1.94888e-10 4.86401e-09 1.85266e-07 5.00947e-06 0.000186648 0.00218829 0.0170377 0.0455279 0.935054 
9.25074e-33 4.76057e-29 7.45746e-26 3.8322e-22 6.25798e-18 1.14797e-15 1.00402e-09 9.0687e-06 0.000380081 0.999611 
4.248e-24 4.92668e-21 6.68829e-19 1.77432e-16 7.06646e-14 1.78648e-12 4.68943e-09 2.04878e-05 0.00124856 0.998731 
5.83844e-12 1.16186e-09 2.58622e-08 7.23351e-07 9.67648e-05 0.000472011 0.00504688 0.0298634 0.046983 0.917537 
1.76153e-10 2.48327e-08 3.17393e-07 2.59413e-06 0.000255411 0.00133846 0.0160726 0.91442 0.0504141 0.0174965 
1.683e-36 8.91372e-33 1.52744e-29 1.51513e-25 1.39765e-21 6.15489e-19 1.0916e-14 1.47906e-10 2.4937e-05 0.999975 
5.21176e-07 7.46004e-05 0.00339921 0.0105137 0.0543821 0.120498 0.776363 0.0291464 0.00465847 0.000964355 
2.80366e-14 7.0379e-12 1.20561e-10 4.92967e-09 1.11817e-06 5.11296e-06 0.000184565 0.0036576 0.0139826 0.982169 
1.53434e-14 3.98339e-12 7.48668e-11 3.84934e-09 8.39115e-07 3.65797e-06 0.000120181 0.00202093 0.00964892 0.988205 
1.50032e-10 1.95665e-08 2.71075e-07 1.99617e-06 4.88322e-05 0.000367982 0.00261381 0.0180288 0.957085 0.0218536 
3.96313e-13 6.75153e-11 1.93506e-09 7.73996e-08 1.43826e-05 8.81595e-05 0.000833975 0.0084368 0.027348 0.963279 
3.21046e-14 8.13114e-12 1.45531e-10 6.32013e-09 1.32971e-06 6.49964e-06 0.000270493 0.00519193 0.0365231 0.958007 
1.73548e-09 2.54847e-07 3.35209e-06 6.79771e-05 0.00214873 0.0161032 0.897208 0.055144 0.0244889 0.00483599 
4.08438e-11 5.66386e-09 1.18857e-07 2.00585e-06 0.000133793 0.00119942 0.0077013 0.918606 0.0545743 0.0177829 
3.88807e-07 3.63315e-05 0.00318223 0.00413494 0.0192292 0.0574954 0.860998 0.0428656 0.0107291 0.00132883 
1.3467e-09 2.11965e-07 2.89997e-06 3.24125e-05 0.00225381 0.0231071 0.905932 0.0448371 0.0197016 0.00413328 
3.70272e-10 7.62718e-08 1.12066e-06 1.4063e-05 0.000805205 0.00583259 0.0324555 0.925227 0.0295767 0.00608736 
1.04956e-07 2.11488e-05 0.000257478 0.00383932 0.0316239 0.841758 0.0734809 0.0365915 0.010767 0.00166097 
1.17443e-09 1.87529e-07 2.56578e-06 4.42413e-05 0.00180506 0.0168698 0.848643 0.0719082 0.0454117 0.0153152 
1.87298e-14 4.79903e-12 9.10675e-11 4.33615e-09 8.92008e-07 4.57413e-06 0.000206785 0.00371804 0.0182734 0.977796 
1.84106e-11 4.41947e-09 7.31033e-08 1.25455e-06 0.00011319 0.000666706 0.00439357 0.0199242 0.036524 0.938377 
1.86238e-12 3.08778e-10 8.78276e-09 3.60472e-07 4.994e-05 0.000235966 0.00273647 0.021679 0.930838 0.0444599 
8.38999e-05 0.00515394 0.0206779 0.0844659 0.786996 0.08479 0.0171241 0.000681193 2.58134e-05 1.29455e-06 
1.81743e-12 3.0519e-10 1.10983e-08 4.52862e-07 8.77046e-05 0.000358834 0.00315892 0.0192655 0.035839 0.94129 
5.65739e-13 9.57165e-11 2.59433e-09 8.25862e-08 6.52513e-06 3.72453e-05 0.000851266 0.0106793 0.957628 0.0307979 
8.65104e-07 0.000253668 0.00348409 0.276175 0.626484 0.0614038 0.0263526 0.00544907 0.000374652 2.23497e-05 
3.93561e-09 5.32154e-07 6.94559e-06 0.000155017 0.00146135 0.356452 0.434737 0.185961 0.0120655 0.00915964 
1.37738e-11 3.50991e-09 7.27961e-08 3.12258e-06 0.000564535 0.00440745 0.0249416 0.916978 0.0400664 0.0130385 
3.04551e-07 4.6312e-05 0.00243842 0.00610526 0.0330199 0.0719046 0.873491 0.0119007 0.000867649 0.000225767 
8.55654e-16 2.0812e-13 3.00832e-12 7.9247e-11 1.89416e-08 1.01582e-07 2.95505e-06 0.000104979 0.000346173 0.999546 
9.28783e-10 1.49883e-07 1.96451e-06 1.59921e-05 0.000626412 0.00403639 0.0191567 0.0415088 0.924881 0.00977257 
0.000513917 0.0167622 0.0410285 0.126319 0.723681 0.0744642 0.0162125 0.000989922 2.69074e-05 1.44757e-06 
6.65587e-08 2.06162e-06 2.51222e-05 0.000379614 0.00573041 0.0292742 0.0606499 0.885178 0.0160689 0.00269203 
1.64689e-10 2.31351e-08 2.98274e-07 2.27424e-06 0.000185406 0.000815069 0.00864139 0.297722 0.674087 0.0185462 
3.8584e-12 5.06837e-10 1.64535e-08 5.64782e-07 0.000121091 0.000416525 0.00402049 0.0246826 0.953594 0.0171646 
1.08011e-16 5.46723e-14 3.74608e-12 3.06819e-10 4.36947e-08 3.78443e-07 3.0905e-05 0.000415476 0.00587025 0.993683 
1.03058e-12 1.55029e-10 3.87504e-09 1.13491e-07 7.64286e-06 5.29453e-05 0.000914536 0.00867428 0.0263796 0.963971 
2.4601e-10 3.41412e-08 4.57897e-07 3.68788e-06 0.000213848 0.00161607 0.277786 0.67306 0.0347782 0.0125413 
1.69006e-12 2.73528e-10 9.5655e-09 3.42187e-07 7.44353e-05 0.000224165 0.00240315 0.940835 0.0345497 0.0219133 
6.21659e-10 8.89485e-08 1.04808e-06 7.27228e-06 0.000758048 0.00483651 0.471212 0.487988 0.0262885 0.00890952 
1.41256e-08 6.07693e-07 7.00346e-06 4.77147e-05 0.00229247 0.0817601 0.750887 0.130493 0.02715 0.0073624 
2.71622e-13 4.77661e-11 1.91229e-09 7.35443e-08 1.86573e-05 7.89591e-05 0.00122537 0.0108083 0.0331692 0.954699 
3.74329e-11 8.72479e-09 1.32341e-07 2.85449e-06 0.000671099 0.0053269 0.449953 0.477174 0.0495721 0.0173006 
1.36508e-09 2.10631e-07 4.01999e-06 0.000747234 0.00809465 0.0350299 0.894088 0.0404129 0.0178786 0.00374478 
9.19479e-08 3.64218e-06 4.92603e-05 0.000363448 0.00432038 0.0181247 0.0425916 0.912137 0.0191498 0.00326028 
2.50456e-12 3.89375e-10 1.33554e-08 5.73516e-07 0.000143536 0.00082241 0.00925552 0.899949 0.0589668 0.0308625 
1.88543e-13 6.16957e-11 3.94698e-09 2.32633e-07 7.01343e-05 0.000246326 0.00203219 0.0178246 0.960181 0.0196452 
0.000911266 0.0101031 0.0438365 0.748322 0.12944 0.0602445 0.00680318 0.000332771 6.45133e-06 2.64848e-07 
5.95173e-15 1.56474e-12 3.43818e-11 1.80369e-09 3.75913e-07 2.02819e-06 0.000112174 0.00199478 0.0133832 0.984507 
0.0155457 0.0623925 0.753979 0.118191 0.0421113 0.00743274 0.000332404 1.55597e-05 5.10649e-07 1.69324e-08 
7.38191e-06 0.000889529 0.0058542 0.0315973 0.777072 0.109838 0.0555319 0.0164748 0.00215676 0.000578428 
2.59017e-12 4.33569e-10 1.55269e-08 5.94534e-07 0.000113876 0.000467372 0.00468086 0.0304967 0.943106 0.0211344 
2.78579e-07 4.02857e-05 0.00215346 0.00496784 0.0272932 0.0672615 0.0645894 0.828359 0.004595 0.000739647 
8.03128e-05 0.00313587 0.0151743 0.0676339 0.123393 0.758368 0.028234 0.00380303 0.000158956 1.85346e-05 
7.24081e-15 1.84729e-12 3.70586e-11 1.62067e-09 3.10153e-07 1.92236e-06 0.000125835 0.00232362 0.0167444 0.980804 
0.00151806 0.0441989 0.0703135 0.775209 0.0771026 0.0283338 0.00278891 0.000529834 4.99407e-06 2.37816e-07 
2.60225e-14 6.6235e-12 1.2251e-10 5.65201e-09 1.16754e-06 5.71408e-06 0.000244945 0.00382449 0.018639 0.977285 
1.79403e-13 3.17613e-11 8.88287e-10 3.29951e-08 2.76917e-06 5.73644e-05 0.000659996 0.00826118 0.953222 0.0377968 
5.69214e-15 1.37091e-12 1.9064e-11 3.50246e-10 7.95826e-08 4.471e-07 3.25884e-05 0.000520515 0.00385063 0.995596 
2.01612e-12 3.85882e-10 1.4785e-08 6.49367e-07 0.000106432 0.000589467 0.00483879 0.0260365 0.950861 0.0175667 
7.03671e-14 1.80106e-11 4.54734e-10 2.50396e-08 3.88562e-06 1.45192e-05 0.000398558 0.00502089 0.0186037 0.975958 
3.79812e-14 1.24816e-11 7.46819e-10 3.08673e-08 1.60649e-06 6.08315e-05 0.000694639 0.00910622 0.688852 0.301284 
3.81076e-09 3.34886e-07 7.58188e-06 8.61276e-05 0.00213973 0.0186951 0.901619 0.0506704 0.0224792 0.00430235 
8.40143e-23 9.6921e-20 1.18272e-17 3.05882e-15 1.10876e-12 3.35794e-11 6.3923e-08 6.25441e-05 0.0024198 0.997518 
0.000554068 0.01953 0.0391707 0.10426 0.104591 0.722905 0.00848816 0.000495258 5.74525e-06 2.6212e-07 
1.38531e-07 6.14969e-06 9.43404e-05 0.00111045 0.0105176 0.0538271 0.890119 0.0352906 0.00746659 0.00156792 
0.154303 0.466438 0.10323 0.253513 0.0188191 0.00351837 0.000171733 6.70524e-06 1.66956e-07 8.96294e-09 
9.04734e-11 1.22267e-08 1.89846e-07 2.29951e-06 0.000216845 0.00138962 0.0117715 0.0334603 0.941707 0.0114524 
1.03392e-12 1.96157e-10 7.41864e-09 3.78672e-07 6.24573e-05 0.000400245 0.0029465 0.0180844 0.954797 0.0237093 
1.68498e-14 4.36901e-12 8.33631e-11 4.38493e-09 9.83737e-07 4.43251e-06 0.000156551 0.00301818 0.0107126 0.986107 
5.643e-13 1.40442e-10 7.79347e-09 4.47123e-07 0.000133285 0.000384142 0.00336029 0.913318 0.0533961 0.0294082 
2.75035e-07 5.53233e-05 0.00252964 0.00780294 0.044064 0.0960904 0.836915 0.0115892 0.000908235 4.47484e-05 
1.30143e-09 1.98665e-07 2.50324e-06 1.95024e-05 0.000763055 0.00431947 0.0201077 0.0381877 0.927594 0.00900578 
7.26538e-15 1.85054e-12 3.18506e-11 1.48307e-09 3.29649e-07 1.37947e-06 4.50228e-05 0.00125906 0.00711078 0.991583 
6.04935e-13 1.27424e-10 5.70627e-09 3.55659e-07 0.000127405 0.000644223 0.00725759 0.36762 0.438751 0.1856 
8.39572e-10 1.18816e-07 1.35679e-06 7.76517e-06 0.000343181 0.00086278 0.00468767 0.0227474 0.0398968 0.931453 
3.24232e-14 8.01941e-12 1.45703e-10 6.86253e-09 1.23751e-06 7.0158e-06 0.000240807 0.00425407 0.0174013 0.978096 
1.64261e-13 3.73857e-11 1.36914e-09 6.90277e-08 3.24151e-06 0.000154544 0.001634 0.016118 0.948767 0.0333228 
1.22138e-12 2.15345e-10 7.72232e-09 3.54782e-07 7.59399e-05 0.000270161 0.00254604 0.0169792 0.828351 0.151778 
3.98908e-14 1.00969e-11 1.77969e-10 7.54241e-09 1.48601e-06 8.46115e-06 0.000293557 0.00514579 0.0207406 0.97381 
2.36461e-05 0.00150156 0.164405 0.206945 0.526566 0.0935883 0.00665546 0.000302569 1.21662e-05 6.64895e-07 
9.69015e-10 1.33602e-07 1.72033e-06 1.23802e-05 0.000463874 0.00260119 0.00866268 0.0330213 0.93976 0.0154767 
2.49524e-14 6.3629e-12 1.18825e-10 9.0763e-09 1.23e-06 6.78019e-05 0.00355039 0.938351 0.0262678 0.0317622 
8.09177e-09 6.2274e-07 1.25424e-05 0.000101662 0.00284293 0.0222169 0.900018 0.0490241 0.0214052 0.00437755 
3.77721e-17 1.67072e-14 1.21471e-12 8.88228e-11 1.58813e-08 9.79598e-08 6.14074e-06 7.80949e-05 0.00270319 0.997212 
3.61811e-28 2.27002e-24 2.90523e-21 3.12144e-17 8.42948e-16 5.79136e-13 5.72925e-09 1.1857e-05 0.000869824 0.999118 
4.32537e-14 1.14781e-11 5.03579e-10 2.02621e-08 2.3833e-06 6.09653e-05 0.00248659 0.929348 0.035833 0.0322689 
1.69316e-17 8.96303e-15 5.96624e-13 5.10107e-11 6.42086e-09 7.28636e-08 6.11362e-06 0.000155083 0.00238828 0.99745 
2.08688e-12 3.59474e-10 1.14566e-08 5.22347e-07 9.70112e-05 0.000407363 0.00350579 0.0218419 0.0415522 0.932595 
6.45787e-16 1.77243e-13 4.5599e-12 2.57662e-10 4.505e-08 3.20999e-07 2.78884e-05 0.00144591 0.977286 0.0212395 
1.73625e-05 0.00157092 0.0143894 0.0573972 0.794988 0.0923683 0.0266811 0.0110659 0.00112366 0.000398248 
7.84955e-10 1.12391e-07 1.36398e-06 8.8656e-06 0.00053302 0.00202438 0.0200934 0.906668 0.0522173 0.0184532 
9.82992e-11 2.32129e-08 2.82633e-07 2.8941e-06 0.00024053 0.00208645 0.0175921 0.490056 0.48346 0.00656181 
8.61932e-13 1.53719e-10 5.1883e-09 1.9449e-07 1.50429e-05 0.000279939 0.00296481 0.0228308 0.0546038 0.919305 
3.07656e-14 7.81645e-12 1.41386e-10 6.28934e-09 1.31193e-06 6.63151e-06 0.000242309 0.00527481 0.0224437 0.972031 
7.8782e-10 1.24812e-07 1.63582e-06 1.38658e-05 0.000723202 0.00441942 0.0215115 0.911498 0.0488074 0.0130249 
9.27694e-05 0.00372111 0.0186225 0.764976 0.126949 0.0694622 0.0153838 0.00076317 2.84631e-05 1.6243e-06 
4.14257e-10 6.15651e-08 8.69662e-07 8.14498e-06 0.000431867 0.00275931 0.0125565 0.037935 0.930418 0.0158906 
3.71606e-08 1.73646e-06 2.52365e-05 0.00049617 0.0052973 0.0279637 0.0540621 0.891649 0.0169049 0.00359974 
7.72263e-15 1.93488e-12 3.14879e-11 1.24104e-09 2.65641e-07 1.06328e-06 3.75545e-05 0.000375511 0.00275943 0.996826 
