11732
2.17559e-07 5.15578e-07 3.81225e-06 5.43012e-05 0.00171678 0.0121895 0.0532199 0.879742 0.0450436 0.00802977 
1.12966e-13 2.10546e-12 2.03692e-11 1.42845e-09 1.23955e-07 1.26139e-06 4.27101e-05 0.00271734 0.488083 0.509156 
3.54085e-10 1.19158e-08 8.0891e-08 2.92897e-06 0.000331966 0.00174858 0.0232096 0.832339 0.0874171 0.0549502 
9.11125e-11 1.53992e-09 1.1742e-08 8.66137e-07 0.000120097 0.000329912 0.00305538 0.63803 0.297101 0.0613625 
3.3844e-10 7.03177e-09 6.99779e-08 2.98246e-06 0.000286699 0.000857631 0.00611169 0.0356577 0.0803099 0.876773 
0.000148353 2.88677e-05 7.77202e-05 0.00119874 0.0213654 0.727411 0.116831 0.0931529 0.0337256 0.00606077 
0.0011198 0.0148451 0.0717152 0.20568 0.627054 0.0677349 0.0109211 0.000885555 4.13098e-05 2.98821e-06 
0.000202206 0.00798671 0.023499 0.0802005 0.154969 0.681738 0.0473931 0.00384956 0.000151843 1.01043e-05 
1.8513e-11 5.90722e-10 6.9985e-09 2.72289e-07 8.83833e-06 0.000123508 0.00121011 0.0115068 0.0464154 0.940735 
4.00702e-11 6.2273e-10 2.2311e-09 1.01017e-07 8.44972e-06 0.000130612 0.00154125 0.0218155 0.0850504 0.891454 
0.000176524 4.6088e-05 0.000136245 0.00298166 0.0424323 0.740266 0.138333 0.0636713 0.0106319 0.00132503 
3.51937e-08 5.20074e-08 3.82604e-07 8.77843e-06 0.000685781 0.00511461 0.0409825 0.843915 0.0838305 0.0254623 
2.98826e-10 5.41132e-09 4.6921e-08 2.29969e-06 0.000225771 0.000948975 0.00809411 0.0562829 0.124674 0.809772 
0.000209873 5.26757e-05 0.000165218 0.00248791 0.0271127 0.0891474 0.121351 0.745749 0.012401 0.0013233 
0.000853165 0.0230914 0.524351 0.325088 0.0848656 0.0320916 0.0085862 0.000993282 6.86447e-05 1.11256e-05 
2.37204e-07 4.91967e-07 3.54081e-06 4.57491e-05 0.00174759 0.0116881 0.0558163 0.866685 0.0524007 0.0116123 
7.86743e-05 0.00198198 0.0108888 0.0494224 0.137599 0.72773 0.0568145 0.0141271 0.00124019 0.000117414 
2.04319e-07 4.36899e-07 3.41519e-06 9.35693e-05 0.00503749 0.0371374 0.102816 0.801894 0.0414832 0.0115349 
7.57501e-08 1.15341e-07 7.29303e-07 7.81641e-06 0.000242962 0.00098758 0.00662914 0.0381328 0.8754 0.0785985 
0.00261138 0.050025 0.101612 0.258942 0.49876 0.0792429 0.00810319 0.000683521 1.90121e-05 9.79123e-07 
4.73539e-10 1.22848e-08 9.56353e-08 5.47583e-06 0.000714132 0.00487935 0.0381488 0.0973172 0.832049 0.0268863 
1.31554e-10 4.65511e-09 3.27192e-08 1.12677e-06 0.000170413 0.000832804 0.00788818 0.222634 0.263992 0.504482 
1.97486e-12 6.34741e-11 5.54754e-10 2.5647e-08 2.28108e-06 2.01737e-05 0.000393294 0.00823297 0.911788 0.0795634 
0.00157002 0.0488014 0.522449 0.194345 0.142655 0.0796522 0.00964997 0.000850546 2.51433e-05 1.16134e-06 
8.29205e-05 0.00335072 0.0165914 0.0683792 0.148837 0.154986 0.600133 0.00736067 0.000257402 2.14244e-05 
0.000138731 0.00549996 0.0467596 0.530507 0.270582 0.129853 0.0153122 0.00128636 5.81567e-05 3.78677e-06 
7.79634e-05 0.00286622 0.0132437 0.0581101 0.125774 0.775525 0.0229984 0.00135245 4.88903e-05 3.09152e-06 
1.73348e-10 3.34853e-09 3.20948e-08 1.57912e-06 0.000163668 0.000641635 0.00581062 0.0453439 0.914821 0.0332174 
3.11923e-10 5.50878e-09 4.87996e-08 2.36559e-06 0.000247651 0.000870449 0.00764472 0.0562572 0.882448 0.0525293 
1.71107e-05 0.00113738 0.00984177 0.0594979 0.16044 0.707785 0.0487473 0.0117801 0.000698572 5.52459e-05 
0.00015622 0.00710381 0.138863 0.589509 0.156159 0.0866265 0.0198722 0.00163168 7.3812e-05 4.6735e-06 
2.28776e-10 4.18065e-09 3.51355e-08 1.90916e-06 0.000221766 0.000717502 0.00635353 0.0440086 0.877635 0.0710619 
1.84387e-10 3.3227e-09 2.93228e-08 1.48563e-06 0.000166498 0.000628378 0.00559445 0.0400025 0.923347 0.0302596 
7.93805e-12 1.08089e-10 8.57657e-10 3.21644e-08 2.56577e-06 1.92422e-05 0.000477528 0.00720762 0.0434115 0.948881 
2.75596e-11 4.7364e-10 4.44319e-09 1.06044e-07 5.1936e-06 6.35951e-05 0.000901443 0.0103498 0.0518211 0.936859 
4.86606e-13 7.71419e-11 4.55602e-09 3.93461e-07 5.25605e-05 0.00125466 0.0211681 0.950002 0.0229053 0.00461691 
0.000299283 0.0123147 0.064511 0.632424 0.17181 0.094217 0.0223057 0.00201862 9.28308e-05 6.25416e-06 
0.000235299 0.000151993 0.00141962 0.00864181 0.0511143 0.697603 0.170309 0.0620711 0.00740498 0.00104946 
6.34511e-05 0.0020822 0.00897336 0.0332139 0.0776106 0.115352 0.732645 0.0281076 0.00188437 6.72442e-05 
5.4134e-07 1.53318e-05 0.000516193 0.0150524 0.636398 0.108595 0.107675 0.0847538 0.0373597 0.00963444 
3.69844e-26 2.20321e-23 5.9243e-21 4.16092e-18 9.46259e-16 5.72608e-13 1.26126e-09 1.26771e-06 0.00027835 0.99972 
1.92296e-07 5.33029e-07 4.16544e-06 0.000114112 0.00218552 0.0139785 0.0547536 0.877777 0.0435074 0.00767879 
1.82944e-12 6.4387e-11 5.36437e-10 1.99359e-08 1.97468e-06 1.26855e-05 0.000350655 0.00635773 0.0323237 0.960953 
4.15543e-05 0.00199025 0.0101964 0.063992 0.786909 0.101584 0.0285733 0.00625713 0.000417606 3.83398e-05 
3.39795e-15 1.2523e-13 1.20203e-12 4.40514e-11 5.1557e-09 4.05268e-08 1.71689e-06 1.10567e-05 0.000691093 0.999296 
5.54472e-14 2.53481e-12 1.98916e-11 4.68325e-10 4.26501e-08 2.43045e-07 1.32927e-05 8.94606e-05 0.000464898 0.999432 
3.11002e-12 1.14317e-10 1.10991e-09 4.26956e-08 3.03007e-06 2.11456e-05 0.000461512 0.00791156 0.0405422 0.95106 
0.000242254 7.12434e-05 0.000684224 0.00335164 0.0259055 0.0897439 0.771712 0.0848223 0.0207007 0.00276591 
0.000210406 4.37163e-05 0.000121955 0.00161087 0.0171624 0.0670861 0.803778 0.08731 0.0205843 0.00209239 
4.01353e-08 8.10397e-08 5.47751e-07 8.95509e-06 0.000489444 0.00274828 0.01628 0.0822729 0.845731 0.052469 
3.2464e-10 5.95813e-09 5.41731e-08 2.92957e-06 0.000333045 0.00182518 0.0196122 0.835768 0.102905 0.0395537 
9.46033e-10 4.97889e-08 4.95615e-07 8.82681e-06 0.000435029 0.00170826 0.0112896 0.853199 0.0994558 0.0339028 
1.91147e-07 4.68673e-07 3.54984e-06 5.06304e-05 0.00157765 0.00900398 0.0254692 0.0649897 0.874388 0.0245168 
3.86367e-06 0.000116674 0.00190603 0.0103302 0.0639856 0.750166 0.121793 0.0455157 0.00570987 0.000472677 
3.66086e-12 1.14829e-10 1.02507e-09 4.07191e-08 2.81429e-06 1.79585e-05 0.000394389 0.00680344 0.04147 0.951311 
6.71665e-11 1.14118e-09 8.0485e-09 6.96468e-07 0.000112404 4.35507e-05 0.000721489 0.0129912 0.897376 0.0887546 
0.00206743 0.0417982 0.0601858 0.243361 0.592141 0.0539943 0.00592047 0.000504453 2.54356e-05 2.0191e-06 
0.000144412 2.45655e-05 3.61396e-05 0.000311986 0.00553582 0.018393 0.0323296 0.0743103 0.840704 0.0282098 
0.000130869 0.00688748 0.0384267 0.12618 0.714466 0.0912326 0.0207309 0.00185384 8.52948e-05 5.81522e-06 
2.04628e-15 3.09941e-14 1.34437e-13 9.8515e-12 1.21781e-09 2.77109e-08 1.8051e-06 8.13344e-05 0.00322528 0.996692 
0.000224551 0.000112942 0.00114059 0.0112103 0.632917 0.161156 0.126063 0.0568696 0.00905297 0.00125329 
1.68888e-07 4.52951e-07 3.37868e-06 4.80998e-05 0.00145221 0.00948506 0.029706 0.079161 0.848953 0.0311906 
6.08089e-05 0.00263114 0.0137127 0.0633284 0.711937 0.15831 0.0441996 0.00554494 0.000241457 3.41013e-05 
9.41748e-11 1.70771e-09 1.27279e-08 9.19559e-07 0.000114713 0.000435251 0.00405441 0.0432118 0.893631 0.0585515 
2.32215e-12 8.23346e-11 6.97125e-10 2.60384e-08 2.49068e-06 1.64143e-05 0.000422023 0.00764479 0.0443825 0.947532 
2.15478e-12 7.13067e-11 5.96539e-10 2.38134e-08 2.40709e-06 1.53701e-05 0.000468952 0.0139505 0.897731 0.0878322 
3.43734e-33 1.31717e-29 5.15612e-26 2.90385e-22 4.53629e-18 7.2794e-15 2.87576e-11 1.5331e-07 0.00104716 0.998953 
1.1588e-12 4.23775e-11 3.64646e-10 1.34382e-08 1.28756e-06 8.47253e-06 0.000206155 0.00363398 0.0188373 0.977313 
9.52414e-13 4.11526e-11 3.29606e-10 9.05084e-09 9.17087e-07 5.45128e-06 0.000149342 0.00259058 0.482676 0.514578 
6.31376e-21 1.30108e-18 1.73252e-16 7.35269e-14 8.47648e-12 5.1994e-10 4.44842e-08 6.88026e-06 0.00186672 0.998126 
4.94039e-05 0.00154418 0.0111076 0.148377 0.113069 0.207853 0.500021 0.0167119 0.00120229 6.35138e-05 
1.8958e-10 3.4916e-09 3.41209e-08 1.48134e-06 0.000143543 0.000377133 0.00361493 0.0247116 0.0533484 0.917803 
4.05659e-12 9.19159e-11 6.19307e-10 2.71464e-08 2.99495e-06 2.87282e-05 0.000366686 0.0069827 0.890485 0.102134 
0.000200422 5.92342e-05 0.000177805 0.00391032 0.0497422 0.728507 0.131614 0.0680084 0.0150266 0.00275353 
2.00628e-12 6.09905e-11 5.27142e-10 2.32491e-08 2.28762e-06 1.47122e-05 0.000366761 0.00708161 0.0471663 0.945368 
0.000197643 3.98899e-05 0.000116068 0.00158348 0.0186613 0.0829377 0.817832 0.0639701 0.0128728 0.00178875 
1.30141e-06 1.95113e-06 1.36952e-05 0.000160704 0.00371782 0.016128 0.0775123 0.752027 0.135231 0.0152065 
0.000272773 7.91941e-05 0.000259281 0.00469728 0.0532755 0.16911 0.7002 0.0599073 0.0106069 0.00159227 
1.3622e-12 3.78319e-11 3.35247e-10 1.67588e-08 1.62595e-06 1.073e-05 0.000294202 0.00534528 0.0314845 0.962864 
6.54137e-05 1.4888e-05 5.49958e-05 0.000767552 0.0134191 0.0686761 0.774937 0.0995265 0.0355675 0.00697062 
1.2242e-24 1.29017e-21 4.04656e-19 3.42325e-16 3.84072e-14 3.19336e-11 4.59958e-09 2.196e-06 0.000757914 0.99924 
0.000278862 5.49463e-05 0.000185229 0.00189777 0.021449 0.0821545 0.121343 0.751099 0.0195734 0.00196433 
1.64931e-12 5.41134e-11 4.6308e-10 1.87169e-08 1.74259e-06 1.12538e-05 0.000363662 0.00992951 0.487452 0.502242 
4.18915e-10 9.22188e-09 7.86218e-08 4.05558e-06 0.000428423 0.00316177 0.0227125 0.107117 0.788698 0.0778778 
0.00264976 0.203667 0.503201 0.130751 0.0996301 0.0504614 0.00901511 0.00059531 2.74127e-05 1.82531e-06 
5.59071e-22 2.30136e-19 5.15891e-17 3.43838e-14 3.31237e-12 1.12529e-09 2.43462e-07 8.22494e-05 0.00420411 0.995713 
1.56033e-07 2.85484e-07 2.07817e-06 2.65506e-05 0.000780541 0.00457488 0.0181981 0.857503 0.0917782 0.0271357 
2.79208e-11 4.53413e-10 1.77991e-09 7.69981e-08 5.53901e-06 8.24436e-05 0.00190683 0.0290793 0.89393 0.0749959 
3.26498e-14 6.54929e-13 7.37474e-12 4.873e-10 3.38017e-08 2.73179e-07 4.96053e-06 0.000197482 0.0056414 0.994156 
0.0018209 0.0365527 0.113246 0.621652 0.150652 0.0678777 0.00760959 0.000568934 1.9442e-05 8.99238e-07 
9.21708e-05 1.53938e-05 2.07856e-05 0.00016615 0.00341163 0.0138808 0.0352361 0.0708062 0.858687 0.0176842 
2.14827e-15 3.26955e-14 1.49291e-13 1.27745e-11 1.6034e-09 4.71387e-08 3.17766e-06 0.000262253 0.00826708 0.991467 
9.82399e-08 1.61828e-07 1.07001e-06 1.85818e-05 0.00169732 0.0132735 0.0515716 0.852738 0.0607577 0.0199417 
2.919e-08 5.7498e-07 5.74262e-06 0.000140532 0.00345866 0.027573 0.0884976 0.816418 0.0518715 0.0120348 
2.80653e-10 5.23465e-09 4.97721e-08 2.47461e-06 0.000261882 0.00155781 0.0133277 0.0710263 0.86596 0.047864 
1.25912e-11 2.5021e-10 1.91853e-09 1.36789e-07 2.0359e-05 2.34152e-05 0.000490016 0.00795141 0.038481 0.953034 
9.03269e-11 1.56257e-09 1.39304e-08 6.18372e-07 6.85184e-05 0.000143975 0.00175849 0.0128521 0.0469002 0.938276 
7.65997e-08 1.03571e-07 6.61826e-07 7.06407e-06 0.000153503 0.000919223 0.00401623 0.0214153 0.259649 0.713839 
2.45508e-13 9.26685e-12 7.44267e-11 2.47128e-09 2.65429e-07 1.71091e-06 0.000167374 0.00905097 0.960922 0.0298578 
0.882139 0.0917432 0.0233125 0.00256557 0.00022536 1.41722e-05 5.17829e-07 1.34121e-08 6.05567e-10 1.27986e-11 
4.94191e-14 9.84978e-13 9.47738e-12 6.28172e-10 5.55208e-08 5.76262e-07 1.7215e-05 0.00097127 0.015988 0.983023 
8.21491e-23 4.92318e-20 1.44727e-17 1.32171e-14 1.20092e-12 6.73933e-10 3.21492e-08 2.22645e-06 0.000318986 0.999679 
1.91957e-15 3.40803e-14 2.87533e-13 2.24362e-11 2.60454e-09 1.70803e-08 4.92809e-07 8.83922e-05 0.00380409 0.996107 
6.98923e-07 1.19525e-06 8.29587e-06 0.000100411 0.00272914 0.0159603 0.0679719 0.840846 0.0611755 0.0112068 
1.95542e-12 6.51779e-11 5.47638e-10 2.16961e-08 2.13935e-06 1.35547e-05 0.000358742 0.00664528 0.0395715 0.953409 
0.000204443 4.08927e-05 0.000113967 0.00146935 0.0191052 0.0852832 0.781016 0.0898458 0.0194472 0.00347348 
1.05328e-10 1.83116e-09 1.30075e-08 9.90192e-07 0.00013688 0.000261185 0.00286835 0.0300391 0.0899719 0.876722 
5.86462e-10 1.7286e-08 1.30376e-07 4.04507e-06 0.000198576 0.00167509 0.0101742 0.0517467 0.880799 0.0554027 
1.67808e-08 1.34637e-08 1.2159e-07 3.8445e-06 0.00023587 0.00128592 0.00881401 0.0515809 0.0880348 0.850044 
2.38449e-05 0.00114979 0.00603053 0.0372358 0.66244 0.195461 0.0804795 0.0161796 0.000931419 6.80316e-05 
0.000166902 0.000289377 0.00261047 0.0109983 0.0519637 0.12297 0.75253 0.0523192 0.00540355 0.00074943 
1.45683e-10 2.47823e-09 2.04677e-08 1.23612e-06 0.000161932 0.000459673 0.0034599 0.0329598 0.897867 0.0650905 
3.44047e-14 1.4923e-12 1.21624e-11 3.47468e-10 3.07982e-08 2.28285e-07 8.15807e-06 0.000583914 0.0138077 0.9856 
1.11099e-10 1.90034e-09 1.41516e-08 1.05735e-06 0.000182704 0.00173823 0.0224765 0.073431 0.852026 0.0501448 
1.91743e-10 3.4589e-09 3.18596e-08 1.94746e-06 0.00025932 0.00146383 0.013748 0.45939 0.50034 0.0247967 
6.71876e-11 1.37376e-09 1.63368e-08 5.09219e-07 1.38442e-05 0.000183103 0.00197863 0.013816 0.0325541 0.951454 
1.44792e-12 4.75808e-11 4.04802e-10 1.64391e-08 1.59144e-06 1.0418e-05 0.000282085 0.00501054 0.0328099 0.961885 
1.87784e-12 5.67302e-11 4.89047e-10 2.17548e-08 2.11026e-06 1.36738e-05 0.000339779 0.00625439 0.0303846 0.963005 
3.72743e-05 8.77181e-06 4.17214e-05 0.000846485 0.0106266 0.0555864 0.11082 0.780931 0.0345253 0.00657667 
2.71028e-10 4.96567e-09 4.14195e-08 2.45473e-06 0.0002902 0.000922894 0.00814003 0.057631 0.867874 0.0651392 
1.71051e-05 0.000269696 0.00389654 0.0188813 0.689752 0.189112 0.0790104 0.0176211 0.00112372 0.000316217 
0.000210243 5.45076e-05 0.000251822 0.0103407 0.664477 0.155045 0.107226 0.049779 0.0106062 0.00200984 
4.12861e-13 1.25146e-11 1.08274e-10 4.83183e-09 4.71455e-07 4.14247e-06 0.00030485 0.0112232 0.934351 0.0541166 
0.000236929 4.98416e-05 0.000148226 0.00208067 0.022973 0.0983189 0.783196 0.0798178 0.0117995 0.0013793 
3.61936e-07 3.56613e-06 3.99832e-05 0.000797498 0.0103532 0.0616157 0.801863 0.0885211 0.0304783 0.0063277 
6.33063e-05 2.46373e-05 6.13226e-05 0.00154389 0.0174478 0.0701716 0.795945 0.0795612 0.0289565 0.00622496 
0.0031314 0.0520507 0.528746 0.229466 0.117181 0.0513645 0.0138015 0.00408144 0.000158472 2.01762e-05 
6.81689e-06 0.000270314 0.00401562 0.0339307 0.134994 0.18119 0.622904 0.0212551 0.00132795 0.000104874 
2.05096e-12 7.1611e-11 6.10721e-10 2.49794e-08 2.34911e-06 2.26901e-05 0.000396022 0.0123384 0.914834 0.0724068 
2.54789e-07 1.99814e-06 2.51183e-05 0.000833445 0.0105365 0.0640092 0.794929 0.0891705 0.0335687 0.00692564 
1.43148e-09 8.69044e-08 6.85796e-07 1.0032e-05 0.000425189 0.00263118 0.0117356 0.042459 0.887006 0.0557324 
2.15003e-12 7.61419e-11 6.38308e-10 2.3772e-08 2.35645e-06 1.51582e-05 0.000404697 0.00747385 0.0432836 0.94882 
4.78803e-10 1.65675e-08 1.14144e-07 3.98486e-06 0.000420926 0.00240227 0.023422 0.840565 0.0988589 0.0343265 
1.51474e-07 2.33009e-07 1.5418e-06 2.05859e-05 0.000716672 0.00608187 0.0366057 0.854237 0.0768831 0.0254527 
2.13818e-24 2.54401e-21 8.25529e-19 7.22861e-16 9.31897e-14 7.64548e-11 1.35834e-08 3.64759e-06 0.000220883 0.999775 
1.34667e-07 3.53794e-07 2.62915e-06 3.7423e-05 0.00124108 0.00671047 0.0188986 0.0541952 0.865408 0.0535064 
2.85628e-33 1.05599e-29 4.0209e-26 1.95358e-22 2.0576e-18 2.86406e-15 1.18539e-11 7.07867e-08 0.000628171 0.999372 
3.0993e-13 6.23312e-12 7.07754e-11 4.67291e-09 3.21255e-07 2.61895e-06 5.4903e-05 0.000941549 0.0120436 0.986957 
1.27811e-10 2.40332e-09 1.98489e-08 1.10232e-06 0.000118609 0.000431302 0.00410579 0.0314604 0.0678113 0.896071 
2.04891e-12 7.33797e-11 6.16259e-10 2.27327e-08 2.21834e-06 1.40283e-05 0.000361527 0.006658 0.898524 0.0944402 
5.20274e-05 0.00010807 0.00117863 0.0107459 0.164073 0.354972 0.269932 0.194984 0.00354779 0.000405783 
4.81309e-05 1.17143e-05 5.11214e-05 0.00152403 0.0211516 0.755485 0.132041 0.0692397 0.017542 0.00290516 
1.63125e-11 2.71172e-10 2.26903e-09 1.3115e-07 8.71038e-06 0.000200389 0.00152598 0.0258906 0.89759 0.0747841 
2.6143e-10 4.6197e-09 3.82112e-08 2.10903e-06 0.000248883 0.000975478 0.00868684 0.0601823 0.8886 0.0413039 
0.00238804 0.036116 0.110578 0.700238 0.107493 0.0391519 0.00369305 0.000332438 8.38779e-06 4.26216e-07 
8.00608e-13 1.8022e-11 1.69017e-10 1.01044e-08 8.96635e-07 6.01021e-06 0.000150831 0.0019554 0.0159405 0.981946 
1.33165e-12 4.49713e-11 3.92374e-10 1.57556e-08 1.45174e-06 9.22884e-06 0.0001945 0.00394668 0.0246752 0.971173 
9.44444e-13 3.09894e-11 2.60073e-10 1.0445e-08 1.00416e-06 6.65311e-06 0.000174202 0.00354522 0.0262378 0.970035 
7.21439e-05 9.52808e-05 0.000560905 0.00617836 0.058246 0.797679 0.0975856 0.0330035 0.00563162 0.0009472 
4.61068e-26 8.46191e-23 3.04293e-20 3.26212e-17 7.65051e-15 4.09334e-12 2.64209e-09 1.53072e-06 0.000475408 0.999523 
1.35554e-15 2.15427e-14 1.20108e-13 1.14877e-11 1.448e-09 3.27943e-08 2.38271e-06 0.000442059 0.0127524 0.986803 
3.64312e-28 6.79843e-25 3.20051e-22 5.48026e-19 3.33066e-16 2.08752e-13 2.29165e-10 2.28796e-07 0.000594812 0.999405 
0.000266741 0.00618114 0.0193663 0.203301 0.12404 0.604567 0.0410378 0.00120075 3.73818e-05 2.3289e-06 
2.8865e-09 1.71677e-07 1.47548e-06 2.88461e-05 0.00250813 0.0193296 0.801667 0.100604 0.0563744 0.0194868 
1.51589e-13 2.88994e-12 2.92805e-11 2.00903e-09 1.62192e-07 1.37484e-06 3.42183e-05 0.00134096 0.020784 0.977839 
5.53513e-15 1.1785e-13 9.80649e-13 6.09242e-11 8.75067e-09 4.95399e-08 1.13818e-06 4.79745e-05 0.00208879 0.997862 
1.99989e-07 3.87355e-07 2.66374e-06 3.18419e-05 0.000914887 0.00446887 0.0196435 0.819265 0.11506 0.0406125 
0.000173981 4.36389e-05 0.000484408 0.00121897 0.011535 0.0661585 0.681554 0.215259 0.0209926 0.00258007 
1.8563e-07 5.15453e-07 4.21707e-06 0.000216535 0.00813855 0.592355 0.241802 0.102766 0.0457053 0.00901191 
0.000211408 7.08463e-05 0.00111358 0.00996871 0.5337 0.268121 0.118383 0.0572729 0.00980408 0.00135489 
0.000205743 0.000106227 0.00126657 0.0119279 0.677234 0.177309 0.0907251 0.0341458 0.00607159 0.00100707 
4.85159e-11 1.01716e-09 9.50687e-09 3.30678e-07 1.24407e-05 0.000165318 0.00213186 0.0244566 0.0776221 0.895611 
0.000143916 2.78059e-05 8.23011e-05 0.00137216 0.0198397 0.0926923 0.800857 0.0684255 0.0138679 0.00269159 
8.25636e-05 3.43001e-05 0.000680287 0.00145274 0.0129759 0.0601458 0.843305 0.0640727 0.015337 0.00191358 
7.64154e-08 9.00818e-07 1.08117e-05 0.000220423 0.00453846 0.050699 0.162889 0.765669 0.0138244 0.0021474 
2.32223e-10 4.1313e-09 3.77963e-08 2.29037e-06 0.000317162 0.00335836 0.565363 0.3453 0.0631908 0.0224686 
8.0092e-05 0.00305229 0.0133914 0.101145 0.243667 0.341377 0.291503 0.00559351 0.000181929 9.95609e-06 
1.83849e-12 6.1414e-11 5.17924e-10 2.05323e-08 2.0259e-06 1.3144e-05 0.000348558 0.00681244 0.0450383 0.947786 
2.77488e-10 6.03055e-09 4.68639e-08 2.15538e-06 0.000184837 0.000962374 0.00760495 0.048513 0.672161 0.270572 
0.00174833 0.0485519 0.568222 0.351377 0.0267035 0.00321336 0.000168047 1.52638e-05 5.01451e-07 2.60253e-08 
6.58412e-05 0.000153863 0.00205839 0.010147 0.0611928 0.786855 0.111489 0.0256253 0.00204009 0.000371971 
1.68071e-12 4.44387e-11 3.88296e-10 1.96324e-08 1.90616e-06 1.26483e-05 0.000344952 0.00641636 0.890258 0.102966 
0.000188641 7.86853e-05 0.000800565 0.00395651 0.0306074 0.0999462 0.800759 0.0551133 0.00752461 0.00102473 
2.52332e-12 8.94015e-11 7.5831e-10 2.84352e-08 2.72119e-06 1.77633e-05 0.000440227 0.00769381 0.0402597 0.951586 
0.00262135 0.0520841 0.137676 0.634271 0.121258 0.0468863 0.00465349 0.00053587 1.35142e-05 6.83141e-07 
1.06526e-12 3.31303e-11 2.8483e-10 1.22718e-08 1.16422e-06 8.26523e-06 0.00038656 0.0112926 0.920932 0.0673796 
1.80031e-07 4.09407e-07 2.99698e-06 4.2269e-05 0.00132805 0.00942235 0.0347101 0.0815676 0.850665 0.0222613 
0.000116509 2.62512e-05 8.64689e-05 0.00088708 0.0122913 0.053552 0.811424 0.0896223 0.0274909 0.00450347 
0.000216951 4.01757e-05 9.38844e-05 0.00136554 0.0159005 0.0612519 0.0993771 0.800523 0.0192376 0.00199348 
7.12503e-13 1.97426e-11 1.69958e-10 8.29344e-09 7.98065e-07 5.41855e-06 0.000148113 0.002758 0.0152969 0.981791 
3.43058e-11 4.78577e-10 3.56317e-09 9.13406e-08 4.34648e-06 7.6645e-05 0.000784487 0.008199 0.0438005 0.947135 
3.02718e-07 6.34876e-07 5.07552e-06 0.000105104 0.00481492 0.0361598 0.80403 0.101711 0.0444746 0.00869781 
0.00022171 0.000127988 0.00149713 0.00833766 0.062279 0.14605 0.734038 0.0408789 0.00566259 0.000907189 
2.36307e-06 1.39448e-06 1.07607e-05 0.000260334 0.00461347 0.0259389 0.069053 0.85022 0.0427033 0.00719655 
0.000254957 0.000137637 0.00100064 0.00877035 0.0690416 0.734508 0.112443 0.0543177 0.0167302 0.00279642 
7.14247e-05 1.08711e-05 8.20829e-06 7.98652e-05 0.0028252 0.0201629 0.484518 0.241888 0.238318 0.0121178 
3.16355e-09 1.64245e-07 1.36939e-06 2.31782e-05 0.000776739 0.0055785 0.0202438 0.0601252 0.884844 0.0284067 
1.91496e-12 6.63429e-11 5.56905e-10 2.12664e-08 2.09755e-06 1.35811e-05 0.000358106 0.00691596 0.903114 0.0895962 
0.000165335 3.9646e-05 0.000129218 0.00266374 0.0394922 0.798137 0.0985666 0.0476942 0.0110876 0.00202475 
1.02887e-11 1.64895e-10 1.00554e-09 4.18623e-08 3.27055e-06 0.000109259 0.00521529 0.442926 0.477538 0.0742085 
1.52268e-06 1.9861e-06 1.35098e-05 0.000151776 0.00363366 0.0129707 0.0517205 0.862212 0.0559164 0.0133775 
7.66601e-08 3.192e-07 2.37342e-06 3.49983e-05 0.0013356 0.00937012 0.0464993 0.853721 0.0691995 0.0198365 
5.60378e-08 1.55975e-07 1.2189e-06 1.64578e-05 0.000568252 0.00239934 0.0120213 0.0567986 0.878853 0.0493415 
1.40882e-10 2.52948e-09 2.75176e-08 7.72437e-07 2.42299e-05 0.000407866 0.00394141 0.0251733 0.0553017 0.915151 
1.93206e-06 7.67313e-07 3.79699e-06 4.53575e-05 0.00140016 0.00780011 0.0326572 0.878164 0.0636912 0.0162357 
4.32117e-05 0.000148766 0.00149153 0.010808 0.083142 0.783615 0.0910973 0.0251514 0.00372366 0.000779487 
8.70788e-11 2.09959e-09 1.5214e-08 9.25664e-07 0.00012853 0.00100483 0.310658 0.223604 0.0423221 0.422282 
0.00020987 4.01894e-05 0.000104465 0.00145448 0.014515 0.0655892 0.800376 0.0883963 0.0250784 0.00423662 
5.90692e-07 6.68106e-06 3.59326e-05 0.00215757 0.622774 0.117783 0.09841 0.0878471 0.0524222 0.0185633 
1.39759e-10 2.44124e-09 1.91564e-08 1.30225e-06 0.00019703 0.000814582 0.00964736 0.833298 0.105495 0.0505464 
2.91722e-12 7.34849e-11 5.23427e-10 2.16557e-08 2.02821e-06 1.77894e-05 0.000750014 0.0105072 0.0416008 0.947122 
3.86886e-08 2.3327e-07 1.77942e-06 3.98433e-05 0.00263777 0.026418 0.730606 0.130532 0.082462 0.0273029 
1.48573e-10 2.55362e-09 2.08082e-08 1.38265e-06 0.000172875 0.000811475 0.00532658 0.0391854 0.0988831 0.855619 
1.26965e-10 2.13316e-09 1.37578e-08 1.12661e-06 0.000162335 0.000400908 0.00351971 0.0377637 0.8982 0.0599517 
7.57154e-14 1.41709e-12 1.3715e-11 9.78747e-10 9.09306e-08 9.22227e-07 2.90009e-05 0.000894357 0.0143158 0.98476 
2.42031e-12 8.37265e-11 7.02732e-10 2.66743e-08 2.63844e-06 1.66608e-05 0.000426544 0.00745189 0.0410229 0.951079 
0.000233202 6.5723e-05 0.000230789 0.00324051 0.0341165 0.724388 0.15785 0.067706 0.0106836 0.00148533 
2.50394e-11 4.59787e-10 3.07835e-09 2.21722e-07 3.18949e-05 7.8634e-05 0.00129409 0.018793 0.880484 0.0993185 
4.16241e-05 0.00122515 0.00583027 0.0219929 0.0611953 0.102238 0.781513 0.024806 0.00109335 6.37152e-05 
0.0101702 0.0705532 0.160785 0.652923 0.0794146 0.0227902 0.00287507 0.000476749 1.1871e-05 5.34231e-07 
1.16657e-16 1.71726e-15 5.193e-15 2.36863e-13 1.18526e-11 1.36728e-09 1.92307e-07 5.88984e-05 0.00543443 0.994506 
6.27934e-25 1.15025e-21 4.04701e-19 4.10801e-16 9.3009e-14 5.30527e-11 5.8497e-08 4.74227e-05 0.00290356 0.997049 
1.64655e-12 5.90955e-11 4.93459e-10 1.81383e-08 1.83324e-06 1.15061e-05 0.000301821 0.00572702 0.0309408 0.963017 
0.000174565 3.84845e-05 0.000166936 0.00203387 0.0248554 0.750831 0.148415 0.0633183 0.00902391 0.00114231 
2.92336e-11 4.67986e-10 2.69556e-09 1.85814e-07 1.82277e-05 0.000539151 0.0119289 0.878268 0.0620907 0.0471552 
2.01453e-09 1.11786e-07 8.4968e-07 1.42258e-05 0.000719475 0.00661861 0.0337669 0.0815705 0.843355 0.0339548 
2.42714e-10 4.89257e-09 4.09375e-08 2.44501e-06 0.000318749 0.00188256 0.0163224 0.0629159 0.857185 0.0613725 
4.15711e-05 0.00167767 0.00912699 0.0480411 0.40232 0.159527 0.354804 0.0228474 0.00154293 7.13089e-05 
1.61667e-14 3.20382e-13 3.57409e-12 2.45695e-10 1.96898e-08 1.73006e-07 3.14773e-06 5.66432e-05 0.00265629 0.997284 
5.7929e-12 1.06954e-10 8.43216e-10 2.67983e-08 1.551e-06 2.25599e-05 0.000279143 0.00399022 0.195621 0.800085 
0.00018532 0.00038079 0.00750478 0.300092 0.38854 0.187309 0.091924 0.0218798 0.00175647 0.000427812 
8.94336e-11 1.77408e-09 1.82171e-08 6.29355e-07 2.19808e-05 0.000305172 0.00333256 0.0285167 0.881707 0.0861163 
2.80623e-05 8.5893e-06 5.16431e-05 0.00107724 0.014049 0.0675111 0.775236 0.105333 0.0309865 0.005719 
6.1246e-06 0.000279776 0.00344746 0.0118355 0.0511459 0.112022 0.779577 0.0383305 0.0032139 0.000141923 
1.13648e-11 2.36593e-10 1.65399e-09 1.05569e-07 1.16991e-05 0.000201362 0.000966871 0.0121624 0.895316 0.0913416 
0.000775103 0.0290146 0.488873 0.155378 0.18118 0.118692 0.0242155 0.00178905 7.82706e-05 4.81046e-06 
1.03123e-07 3.33439e-07 2.52627e-06 3.80024e-05 0.00136978 0.00955508 0.0429415 0.894943 0.0426886 0.00846129 
1.05031e-11 3.38525e-10 8.12989e-09 8.82946e-07 0.000220591 0.00207343 0.0248542 0.930933 0.0298361 0.0120822 
0.000294855 0.000113887 0.000403407 0.00778882 0.065495 0.750191 0.114874 0.0481535 0.0107346 0.00195142 
1.78418e-12 5.23702e-11 4.67277e-10 2.17713e-08 1.98723e-06 1.31015e-05 0.000293893 0.00561351 0.0346607 0.959417 
1.39888e-07 1.04537e-06 1.01544e-05 0.000179883 0.00282379 0.0162669 0.0582808 0.870988 0.0446077 0.00684145 
0.000232727 0.00021815 0.00245162 0.0121752 0.0774116 0.749075 0.120419 0.0333512 0.00367969 0.000986668 
1.22189e-10 2.30836e-09 2.45577e-08 8.3776e-07 5.03368e-05 0.000283018 0.00296969 0.0209176 0.0573414 0.918437 
6.54992e-13 1.40003e-11 1.28301e-10 8.41253e-09 7.7757e-07 7.40971e-06 0.000410202 0.0137294 0.914713 0.0711392 
6.20893e-14 1.22878e-12 1.35796e-11 9.0626e-10 6.52961e-08 5.83477e-07 1.8629e-05 0.000456143 0.00670894 0.992816 
3.69151e-06 0.000179146 0.00238097 0.020242 0.709299 0.176788 0.0736618 0.015506 0.0016821 0.000256821 
1.06797e-10 1.91281e-09 1.35684e-08 1.05627e-06 0.000139053 0.000755999 0.00884925 0.41523 0.533658 0.0413666 
0.000728499 0.0250461 0.0552083 0.188313 0.440732 0.272372 0.0163408 0.00120162 5.41587e-05 3.46988e-06 
1.40794e-05 0.000929779 0.00730822 0.0536463 0.713391 0.144595 0.0609985 0.0176419 0.00132823 0.00014701 
5.06414e-13 9.77183e-12 1.01549e-10 6.94969e-09 5.59719e-07 4.42674e-06 0.000118422 0.0039406 0.0311104 0.964826 
6.41802e-11 1.12858e-09 7.51439e-09 5.76368e-07 7.61626e-05 0.000317338 0.00314786 0.424654 0.494199 0.0776056 
1.3037e-06 6.7187e-07 3.8301e-06 4.44021e-05 0.00130718 0.0103862 0.0551427 0.880669 0.0449439 0.00750068 
0.000573153 0.0195874 0.0405514 0.134632 0.689327 0.0982976 0.0158065 0.00117981 4.27478e-05 2.42844e-06 
2.95085e-10 5.31978e-09 4.75603e-08 2.48894e-06 0.000268576 0.00123082 0.0094515 0.0628508 0.877787 0.0484089 
1.36871e-12 4.42671e-11 3.78048e-10 1.58955e-08 1.5963e-06 1.1511e-05 0.000465368 0.00865695 0.329199 0.661666 
3.45019e-08 6.55952e-08 4.77889e-07 1.05458e-05 0.000655604 0.00625495 0.0465243 0.851528 0.0716944 0.0233312 
2.35415e-12 3.65885e-11 1.50681e-10 8.1004e-09 5.88781e-07 5.50632e-06 0.000128605 0.00403325 0.0272118 0.96862 
0.0165369 0.106483 0.648999 0.15515 0.0486338 0.0222601 0.00183229 9.92494e-05 4.42835e-06 2.52224e-07 
1.06923e-07 3.12004e-07 2.38728e-06 3.54321e-05 0.00150696 0.00902896 0.0473388 0.863362 0.0633913 0.0153341 
0.000106353 1.89077e-05 3.69215e-05 0.000463271 0.00666535 0.026829 0.663817 0.277556 0.0220409 0.00246651 
1.7728e-10 3.15075e-09 2.43113e-08 1.50932e-06 0.000191716 0.000398519 0.0034978 0.0294337 0.0725244 0.893952 
1.23113e-12 3.45508e-11 2.62182e-10 1.11343e-08 1.08794e-06 1.68075e-05 0.00115311 0.0239952 0.91525 0.0595842 
2.62429e-12 8.5296e-11 7.26551e-10 3.00773e-08 2.9695e-06 1.98092e-05 0.000573559 0.0095801 0.0527082 0.937115 
3.02778e-06 0.000120066 0.00191043 0.00936292 0.0495609 0.275571 0.631324 0.0295812 0.00238695 0.000178513 
2.96341e-14 4.80249e-13 2.7258e-12 2.20706e-10 2.98681e-08 2.99624e-07 2.19431e-05 0.000808293 0.0136475 0.985522 
0.00441843 0.0505933 0.133468 0.626495 0.129655 0.050129 0.00476952 0.000459452 1.19707e-05 6.33815e-07 
9.82778e-11 1.7682e-09 1.49511e-08 8.0997e-07 8.43967e-05 0.000414968 0.00291984 0.0226926 0.0603082 0.913579 
1.69094e-12 5.29276e-11 4.51799e-10 1.92601e-08 1.85494e-06 1.18969e-05 0.000297228 0.0054782 0.0359599 0.958251 
2.65409e-13 4.95296e-12 4.60964e-11 3.24437e-09 2.99533e-07 1.90801e-06 4.56647e-05 0.0012744 0.0119755 0.986702 
1.95342e-08 7.67089e-08 5.29568e-07 7.62806e-06 0.000442389 0.00779066 0.811988 0.0765895 0.0754152 0.0277662 
1.12559e-10 1.87469e-09 1.40186e-08 4.95323e-07 2.56214e-05 0.000452079 0.00364282 0.0332345 0.0967846 0.86586 
1.01851e-27 2.08437e-24 2.30409e-21 6.89078e-18 1.45319e-14 1.24289e-11 2.99344e-08 3.04703e-05 0.00286803 0.997101 
4.22787e-22 9.40257e-20 1.34226e-17 7.88945e-15 9.90206e-13 3.61945e-10 1.15621e-07 7.49033e-05 0.00592165 0.994003 
3.27143e-10 8.3018e-09 8.10714e-08 2.5897e-06 0.000207929 0.000942473 0.00867661 0.0523964 0.0893674 0.848406 
3.07263e-08 4.57129e-08 3.12447e-07 5.71798e-06 0.000474936 0.00306058 0.0300644 0.841496 0.0914018 0.0334965 
2.0329e-30 3.85484e-27 2.26799e-24 4.83112e-21 3.75247e-18 2.95261e-15 5.59768e-12 2.68281e-08 0.000273375 0.999727 
0.000225415 0.000222275 0.00238574 0.0144568 0.0854914 0.179525 0.661916 0.0478469 0.00666044 0.00127027 
1.59858e-12 6.32359e-11 5.10564e-10 1.62399e-08 1.73804e-06 1.05441e-05 0.000305759 0.00539339 0.0319 0.962389 
1.1402e-12 4.40826e-11 3.70385e-10 1.26384e-08 1.19527e-06 7.1012e-06 0.000155603 0.00314304 0.0230109 0.973682 
6.74882e-08 4.35238e-08 2.88968e-07 3.77235e-06 7.44367e-05 0.00070248 0.00484507 0.0367208 0.903671 0.0539818 
3.5151e-11 6.79466e-10 6.50581e-09 3.05223e-07 2.9059e-05 0.000135638 0.00135436 0.0135072 0.0571534 0.92782 
2.41764e-12 8.26924e-11 6.99471e-10 2.69127e-08 2.5838e-06 1.65333e-05 0.000428372 0.00995728 0.0712904 0.918305 
1.83716e-07 5.53704e-07 5.49239e-06 0.000115463 0.00406243 0.0340607 0.807967 0.102586 0.0432964 0.00790588 
1.11846e-08 2.75263e-08 2.45622e-07 6.75789e-06 0.000296235 0.0023262 0.0146225 0.831352 0.111463 0.0399327 
2.20622e-05 8.13672e-05 0.00213309 0.0062761 0.0344332 0.100262 0.759489 0.0782644 0.017097 0.00194173 
1.87608e-07 5.01816e-07 4.40549e-06 0.00010128 0.00532459 0.0451319 0.827399 0.0834005 0.0320692 0.00656847 
3.37624e-08 2.62934e-07 2.26465e-06 4.15105e-05 0.0016422 0.0114257 0.055438 0.86565 0.0545914 0.0112089 
0.000140186 8.4164e-05 0.000248084 0.00568925 0.0539249 0.749378 0.115996 0.0564033 0.0156431 0.00249237 
2.06691e-07 4.20845e-07 3.47901e-06 0.00010302 0.00366871 0.0320512 0.747539 0.120179 0.072317 0.0241383 
1.65646e-12 5.32329e-11 4.65206e-10 1.96267e-08 1.82031e-06 1.23922e-05 0.000317378 0.006775 0.0431383 0.949755 
4.80268e-10 2.40032e-08 2.41261e-07 4.70729e-06 0.000212342 0.00120161 0.00727086 0.033964 0.0738754 0.883471 
1.28522e-10 2.62696e-09 2.71827e-08 1.21998e-06 0.000100716 0.000446553 0.0045909 0.0400545 0.858751 0.0960549 
0.00013371 0.0065188 0.0254903 0.109546 0.714677 0.120006 0.0220137 0.00154093 6.9141e-05 4.37052e-06 
2.14546e-10 3.78838e-09 3.29326e-08 1.69847e-06 0.000179992 0.000662001 0.00532335 0.0354337 0.0728175 0.885582 
2.66147e-11 6.58137e-10 8.50096e-09 2.90111e-07 1.53282e-05 9.85806e-05 0.00158557 0.0227961 0.903813 0.0716912 
9.36291e-06 0.000666176 0.00568342 0.209378 0.536172 0.153867 0.0741767 0.0186311 0.0013279 8.92009e-05 
4.80929e-08 1.00815e-06 7.91375e-06 0.000231591 0.00298098 0.318966 0.396336 0.194987 0.0487265 0.0377638 
5.19759e-09 2.50667e-08 1.97094e-07 1.18649e-05 0.00121946 0.00788958 0.0457174 0.853488 0.0691724 0.0225007 
3.49269e-06 0.000123804 0.00178852 0.00973941 0.0596983 0.127322 0.77451 0.0244799 0.00202459 0.000309896 
3.19465e-14 9.92376e-13 7.15428e-12 3.08762e-10 4.04177e-08 2.42467e-07 8.32713e-06 0.000167725 0.0021648 0.997659 
1.65329e-07 3.53159e-07 2.60837e-06 3.66328e-05 0.00106091 0.00785242 0.0315384 0.0814554 0.854266 0.0237872 
0.000924981 0.0180909 0.0511611 0.166558 0.635792 0.105814 0.0197247 0.00185409 7.50834e-05 4.9496e-06 
0.000136179 2.3242e-05 4.06339e-05 0.000700356 0.0111343 0.0527021 0.105752 0.793868 0.0309886 0.00465365 
3.3658e-08 4.39219e-08 2.93208e-07 4.73501e-06 0.000328135 0.00173779 0.0167663 0.302821 0.634785 0.0435565 
2.52105e-10 4.84746e-09 4.49024e-08 2.17452e-06 0.000237565 0.000754421 0.0067448 0.0484431 0.899139 0.044679 
2.31388e-13 4.4726e-12 4.6581e-11 3.21175e-09 2.64624e-07 1.98422e-06 4.38775e-05 0.00101009 0.0174837 0.98146 
6.26796e-11 1.05814e-09 1.06738e-08 3.27361e-07 1.80969e-05 0.000146952 0.00151057 0.0139024 0.0526447 0.931777 
4.57745e-08 6.9836e-08 4.87615e-07 8.26904e-06 0.000374656 0.00378132 0.262262 0.637939 0.0688228 0.0268111 
1.85605e-10 3.17077e-09 2.7913e-08 1.3485e-06 0.00014713 0.000425896 0.0042115 0.859776 0.0834007 0.0520373 
7.57523e-08 1.94633e-07 1.28794e-06 2.15959e-05 0.00167179 0.0114682 0.427346 0.475597 0.0625141 0.0213801 
3.13469e-05 5.87488e-06 1.22709e-05 0.000138467 0.00490545 0.0866406 0.682897 0.159364 0.0516903 0.0143152 
3.82078e-11 6.43374e-10 5.09594e-09 2.92026e-07 3.90407e-05 0.000159219 0.00191991 0.0199412 0.0686401 0.9093 
8.30716e-10 3.41338e-08 3.54066e-07 1.55527e-05 0.00161692 0.0123659 0.405722 0.453017 0.0934382 0.0338241 
6.22838e-07 6.74482e-06 9.35559e-06 0.00103563 0.019193 0.0783163 0.797801 0.0693661 0.0285211 0.00575058 
0.000147085 2.79712e-05 6.20969e-05 0.000632878 0.00847896 0.0321546 0.0736523 0.840947 0.0386342 0.00526306 
1.36925e-09 4.68942e-09 4.12831e-08 2.23682e-06 0.000331339 0.00196748 0.0155781 0.796385 0.119845 0.0658911 
1.08738e-10 1.91928e-09 1.30585e-08 1.02163e-06 0.000144074 0.000454875 0.00355551 0.03637 0.915285 0.0441896 
0.00163892 0.0150279 0.0584849 0.613005 0.210868 0.0903016 0.0101503 0.000506751 1.54072e-05 6.0093e-07 
8.63388e-13 2.32524e-11 2.01861e-10 1.00484e-08 9.73751e-07 6.2574e-06 0.000161369 0.00361808 0.0335863 0.962627 
0.0125244 0.0743847 0.677762 0.16901 0.0529119 0.0125884 0.000771377 4.50492e-05 2.16458e-06 8.88494e-08 
0.000166745 0.000936246 0.00478321 0.0449851 0.681884 0.162976 0.0776787 0.0227263 0.00318638 0.000677318 
2.7398e-10 4.95509e-09 4.43423e-08 2.18316e-06 0.000230865 0.000892335 0.00780298 0.0572923 0.88533 0.0484494 
0.000164545 0.000118658 0.0013889 0.00716868 0.0466573 0.109622 0.120212 0.704614 0.00899714 0.00105634 
9.03753e-05 0.00333503 0.0172862 0.0803796 0.173211 0.674345 0.0441119 0.00679541 0.000404674 4.10395e-05 
9.63942e-13 2.47499e-11 2.18077e-10 1.13533e-08 1.07444e-06 7.35321e-06 0.000196835 0.00484256 0.0419118 0.95304 
0.0021089 0.0488638 0.0982123 0.662617 0.128232 0.0540249 0.00533781 0.00058635 1.54997e-05 8.18797e-07 
2.18642e-12 7.13167e-11 6.15958e-10 2.52202e-08 2.34622e-06 1.51723e-05 0.000380151 0.00656406 0.0402564 0.952782 
1.17318e-11 2.65787e-10 2.75365e-09 1.04881e-07 6.75631e-06 8.6303e-05 0.00101549 0.0153661 0.893586 0.0899398 
2.20481e-13 7.27996e-12 5.26603e-11 1.91964e-09 2.31848e-07 1.36475e-06 5.77635e-05 0.000961574 0.0117404 0.987239 
2.95314e-10 5.25211e-09 4.54485e-08 2.41609e-06 0.000223697 0.00128805 0.00807326 0.0497764 0.896668 0.0439685 
1.11082e-11 2.50668e-10 1.88297e-09 9.20203e-08 9.20023e-06 3.46907e-05 0.000870563 0.0106311 0.049078 0.939376 
1.90055e-11 3.35781e-10 1.61587e-09 8.12053e-08 8.72127e-06 0.00014049 0.00142502 0.0215758 0.660127 0.316723 
1.28723e-07 7.20614e-07 6.90419e-06 0.000178714 0.00463905 0.0384941 0.820109 0.0913497 0.0379081 0.00731387 
4.79979e-20 1.15576e-17 1.70089e-15 7.86813e-13 8.73576e-11 6.9153e-09 7.00765e-07 0.000168812 0.00908994 0.990741 
0.00110044 0.0250314 0.0500435 0.146465 0.160716 0.599685 0.0162267 0.000713188 1.77216e-05 8.33415e-07 
0.000175817 3.51635e-05 0.000101468 0.0015842 0.019551 0.0937689 0.805013 0.0675707 0.0103403 0.00185937 
0.141491 0.384875 0.151655 0.28142 0.0342369 0.00590617 0.000394185 2.14879e-05 7.39653e-07 3.69438e-08 
4.43998e-08 4.16862e-08 3.09575e-07 6.84237e-06 0.000498087 0.0030214 0.0208553 0.0687823 0.879356 0.0274798 
1.45061e-10 2.80537e-09 2.35613e-08 1.35771e-06 0.000138962 0.000711781 0.00497158 0.0323158 0.896202 0.0656584 
1.14715e-12 4.61303e-11 3.81506e-10 1.24493e-08 1.2772e-06 8.48942e-06 0.00021907 0.00458204 0.0208532 0.974336 
1.92203e-10 3.43297e-09 2.53632e-08 1.88001e-06 0.000253361 0.00061106 0.00599474 0.825804 0.104543 0.0627925 
4.91632e-06 0.000158777 0.00181072 0.0113023 0.0764943 0.168514 0.720794 0.0192302 0.00155229 0.000138674 
1.92951e-07 4.65293e-07 3.32781e-06 4.29414e-05 0.00123305 0.00792548 0.0327894 0.0807267 0.854423 0.0228552 
3.8557e-13 1.74931e-11 1.40914e-10 3.75897e-09 3.70379e-07 2.29459e-06 6.72388e-05 0.0019605 0.0197126 0.978257 
1.38597e-10 2.55688e-09 2.57866e-08 2.00451e-06 0.000326496 0.0018028 0.0169943 0.371751 0.390583 0.21854 
8.34868e-08 1.91511e-07 1.14828e-06 1.08795e-05 0.000389175 0.00150643 0.00790185 0.0423788 0.0779585 0.869853 
2.65403e-12 8.70721e-11 7.46846e-10 2.98495e-08 2.57544e-06 1.79186e-05 0.000416227 0.00683178 0.0357159 0.957016 
3.19434e-11 5.49899e-10 3.25119e-09 1.84952e-07 1.23218e-05 0.00025423 0.00261481 0.0343393 0.884533 0.0782465 
1.68102e-10 3.05442e-09 2.65098e-08 1.48436e-06 0.000158345 0.000548344 0.00463528 0.0348281 0.8009 0.158928 
3.11264e-12 1.06442e-10 9.01288e-10 3.56094e-08 3.19819e-06 2.28038e-05 0.000507155 0.0083724 0.0411633 0.949931 
5.70346e-05 0.00293515 0.144586 0.215976 0.49639 0.123372 0.0151067 0.00150502 6.68297e-05 4.62491e-06 
1.65601e-07 2.50077e-07 1.73012e-06 2.45629e-05 0.00068173 0.00466543 0.0145335 0.0621544 0.881522 0.0364158 
2.08175e-12 6.57863e-11 5.79085e-10 3.24881e-08 2.91791e-06 0.000194431 0.00917819 0.857795 0.0624538 0.0703756 
5.40162e-07 1.42049e-06 1.2133e-05 0.000218496 0.00613758 0.0428381 0.819342 0.0888925 0.0353729 0.00718398 
8.16447e-14 1.50418e-12 1.3806e-11 9.9257e-10 9.64722e-08 5.30055e-07 9.95909e-06 0.000369514 0.00936068 0.990259 
1.55103e-24 2.65328e-21 9.28494e-19 9.30979e-16 1.51647e-13 7.63745e-11 3.66488e-08 1.36624e-05 0.00405798 0.995928 
1.24655e-11 2.39067e-10 1.32005e-09 6.69558e-08 1.07531e-05 0.00021015 0.0059373 0.838233 0.0824934 0.0731157 
3.66599e-14 7.15492e-13 7.74428e-12 5.36277e-10 4.37115e-08 4.05413e-07 9.7097e-06 0.00034075 0.00851347 0.991136 
2.4528e-10 4.38734e-09 3.67986e-08 1.9368e-06 0.000198204 0.000737646 0.00608899 0.0407941 0.0900058 0.862173 
1.62328e-13 3.96072e-12 3.57893e-11 1.9501e-09 1.71322e-07 1.44035e-06 5.64956e-05 0.00402382 0.93167 0.0642477 
0.00022279 0.00246278 0.0148621 0.0763913 0.702958 0.145592 0.0404482 0.0147444 0.00181465 0.000503373 
1.04743e-07 1.88617e-07 1.23774e-06 1.51046e-05 0.000858352 0.00407744 0.0364314 0.835282 0.090997 0.0323376 
1.22904e-09 6.7796e-08 4.80685e-07 8.51382e-06 0.000498919 0.00499422 0.0339766 0.481834 0.462641 0.0160458 
1.00589e-10 1.732e-09 1.28995e-08 5.61153e-07 4.77223e-05 0.000573958 0.00479565 0.0421698 0.106267 0.846146 
2.38929e-12 7.95198e-11 6.81749e-10 2.74967e-08 2.60735e-06 1.71646e-05 0.000424927 0.00820107 0.0485227 0.942831 
1.13663e-07 2.90333e-07 2.21829e-06 3.33749e-05 0.00126635 0.00814974 0.0343709 0.825154 0.101771 0.0292518 
0.000121959 0.0041055 0.022909 0.646195 0.200822 0.103134 0.0207653 0.00185384 8.75313e-05 6.20126e-06 
7.05843e-08 1.50072e-07 1.17067e-06 2.09968e-05 0.000801982 0.00502628 0.0203159 0.0723888 0.863899 0.0375459 
5.48007e-05 1.10504e-05 3.64052e-05 0.000774886 0.00971803 0.0518458 0.105493 0.796265 0.0298164 0.00598517 
3.72983e-13 1.85665e-11 1.50924e-10 3.47278e-09 3.14963e-07 1.77891e-06 3.99189e-05 0.000631751 0.0065956 0.992731 
2.12853e-08 1.40257e-07 1.18029e-06 2.17543e-05 0.000823476 0.00824317 0.337221 0.618727 0.0286288 0.00633405 
2.20432e-10 4.16818e-09 3.97484e-08 3.48033e-06 0.000527437 0.00401768 0.0373746 0.822716 0.0834368 0.0519244 
1.53443e-10 2.65133e-09 1.90643e-08 1.43218e-06 0.000198384 0.000554464 0.0042847 0.0383503 0.90708 0.0495306 
