24358
3.99632e-16 2.65247e-13 6.15667e-11 2.63947e-08 1.44749e-06 0.000195996 0.0101312 0.982305 0.00724632 0.000120159 
3.27658e-24 4.42702e-21 1.58324e-18 1.79252e-15 7.16647e-13 4.78534e-10 6.80502e-07 0.00119633 0.495869 0.502934 
9.85231e-15 2.64934e-12 4.37507e-10 9.48835e-08 1.52954e-05 0.000356129 0.0142421 0.975378 0.00985081 0.000157376 
8.39745e-06 0.00152823 0.0281716 0.0908399 0.870622 0.00876329 6.63196e-05 2.67763e-07 6.54397e-10 6.98759e-13 
3.13819e-20 2.21573e-17 5.89892e-15 4.06434e-12 3.96575e-10 1.75077e-07 0.000118117 0.009891 0.977734 0.0122563 
7.77904e-08 9.65174e-06 0.000484018 0.0171464 0.821116 0.0642154 0.0967695 0.000253492 5.41266e-06 3.64059e-09 
4.03605e-16 2.77616e-13 6.46534e-11 2.69982e-08 1.66513e-06 0.000429133 0.0131941 0.978521 0.00775043 0.000103156 
1.2405e-13 3.59484e-11 2.81572e-09 6.15808e-07 6.01033e-05 0.00169064 0.0145563 0.975059 0.00852093 0.000112702 
1.36597e-11 5.13113e-09 9.42993e-07 0.000456245 0.0197785 0.952977 0.0236446 0.00309178 5.05546e-05 3.84542e-07 
3.91854e-20 4.11961e-17 1.28675e-14 1.11873e-11 4.03174e-09 1.41484e-06 0.00135326 0.963104 0.0293564 0.00618528 
0.846301 0.113403 0.0392294 0.00105904 7.58396e-06 2.82922e-08 1.22664e-10 5.03369e-13 9.55138e-16 1.23572e-18 
6.30667e-06 0.00113969 0.0270004 0.916141 0.0481562 0.00744318 0.000113358 3.5329e-07 7.87314e-10 9.13446e-13 
5.72375e-24 7.76925e-21 2.68787e-18 2.75594e-15 5.13271e-13 3.02436e-10 3.65375e-07 0.000563566 0.0181501 0.981286 
4.38573e-11 1.22875e-08 7.32676e-07 2.97838e-05 0.00470148 0.0272457 0.955864 0.0119982 0.000159016 5.97256e-07 
0.00808666 0.828089 0.125811 0.0362317 0.0017625 1.90821e-05 1.3198e-07 1.20371e-09 3.02583e-12 3.95777e-15 
4.78006e-16 3.47103e-13 8.30961e-11 3.73651e-08 1.89445e-06 0.000302028 0.0158744 0.972578 0.011089 0.000155027 
1.41857e-14 4.43963e-12 3.29762e-10 7.5776e-08 1.85001e-05 0.000414573 0.0141199 0.975886 0.00941178 0.000148738 
4.43808e-12 3.61834e-09 1.04389e-06 0.000492138 0.0162572 0.918975 0.0528641 0.0112182 0.000191621 1.01545e-06 
2.37324e-20 1.59692e-17 4.23823e-15 2.98198e-12 3.15239e-10 1.39561e-07 0.000104616 0.00733131 0.98511 0.00745381 
3.99212e-16 2.5287e-13 5.8447e-11 2.59379e-08 1.5357e-06 0.000208811 0.0110637 0.980818 0.00777806 0.000130163 
7.5125e-06 0.00144026 0.0315593 0.111372 0.85014 0.00528712 0.000192897 2.98032e-07 6.48292e-10 7.24923e-13 
2.39743e-16 1.57283e-13 3.60604e-11 1.46516e-08 8.00391e-07 6.47479e-05 0.00258333 0.0167488 0.971341 0.00926096 
8.43935e-11 2.55465e-08 2.28063e-06 0.000688726 0.0282618 0.949868 0.0208714 0.000306101 2.01502e-06 5.26596e-09 
2.85282e-24 3.64071e-21 1.2569e-18 1.30075e-15 2.43646e-13 1.40961e-10 1.39918e-07 0.000105331 0.00695537 0.992939 
3.46131e-12 2.85024e-09 7.98047e-07 0.000482769 0.0133955 0.95357 0.0272931 0.00516337 9.34306e-05 5.6112e-07 
2.60403e-20 1.75811e-17 4.73641e-15 3.44897e-12 3.40192e-10 1.50435e-07 0.000137672 0.00618069 0.0328844 0.960797 
5.74661e-11 1.80622e-08 2.09914e-06 0.000762572 0.0274923 0.93894 0.0295554 0.00319089 5.6212e-05 5.5546e-07 
1.03185e-08 2.96918e-06 0.000192789 0.00774195 0.885632 0.0876124 0.0185864 0.000229601 1.5192e-06 3.11191e-09 
2.05558e-24 3.28968e-21 1.15783e-18 1.19387e-15 2.3599e-13 1.34786e-10 1.45979e-07 0.000267596 0.97092 0.0288121 
3.85868e-16 2.64312e-13 6.22222e-11 2.71267e-08 1.4173e-06 0.000179638 0.0113759 0.973405 0.0148536 0.000184269 
1.97953e-20 1.36056e-17 3.58161e-15 2.43195e-12 2.44416e-10 1.0702e-07 9.35646e-05 0.00735602 0.0407332 0.951817 
2.01853e-13 5.17023e-11 5.27942e-09 1.13053e-06 0.000219251 0.00315147 0.0194153 0.968767 0.00834625 9.92791e-05 
1.65855e-08 1.48584e-06 7.74072e-05 0.00245985 0.0311553 0.947842 0.0181953 0.000267201 1.78125e-06 4.94091e-09 
9.90059e-13 2.50586e-10 2.85219e-08 5.96471e-06 0.001398 0.0121488 0.0351107 0.947666 0.00366004 1.02042e-05 
0.000405046 0.0180111 0.793123 0.176605 0.0110511 0.000797809 6.68485e-06 6.78358e-08 1.7686e-10 2.32591e-13 
3.86656e-15 5.23816e-12 1.65817e-09 9.08097e-07 0.000167573 0.00198267 0.0155018 0.972478 0.00934615 0.000522572 
3.57859e-20 2.37695e-17 6.10485e-15 3.89212e-12 3.395e-10 1.32942e-07 0.00013327 0.00514673 0.698016 0.296704 
1.46546e-08 1.01075e-06 3.43009e-05 0.0011707 0.0253926 0.954832 0.0182843 0.000283557 1.8919e-06 5.43439e-09 
2.0245e-07 6.40841e-05 0.00274348 0.857195 0.109745 0.02908 0.0011668 5.48673e-06 3.17081e-08 5.47773e-11 
6.69911e-14 1.60862e-11 1.74867e-09 4.28458e-07 0.000130846 0.00348766 0.934219 0.0518361 0.0101538 0.000172568 
1.53041e-12 3.69732e-10 4.45701e-08 8.50752e-06 0.00206226 0.0188022 0.0543821 0.924483 0.000261452 6.16059e-07 
4.08193e-24 5.75421e-21 1.99555e-18 2.04073e-15 3.62046e-13 1.96444e-10 1.51777e-07 0.000104328 0.955226 0.0446695 
2.32064e-07 3.10703e-05 0.00136184 0.0243237 0.933022 0.037923 0.00330633 3.15043e-05 1.49192e-07 1.76985e-10 
4.6278e-06 0.000546811 0.0104225 0.0371516 0.0688947 0.879946 0.00302562 7.96387e-06 2.02055e-08 1.79059e-11 
6.0561e-16 4.08635e-13 9.40294e-11 3.7869e-08 1.97105e-06 0.000206452 0.00739725 0.0277424 0.958428 0.00622411 
3.17516e-24 4.9572e-21 1.73336e-18 1.7709e-15 3.34168e-13 1.84234e-10 1.62469e-07 0.000120113 0.00764287 0.992237 
5.00238e-24 8.11432e-21 2.98595e-18 3.34318e-15 3.53427e-13 2.02946e-10 1.54109e-07 0.000139271 0.00643034 0.99343 
6.54525e-24 1.15856e-20 1.3058e-17 3.82285e-14 2.75754e-11 1.57345e-08 7.33622e-06 0.00206666 0.978817 0.0191095 
0.000527007 0.0252672 0.920754 0.046945 0.00627658 0.000228069 1.86321e-06 6.87335e-09 2.19843e-11 2.55319e-14 
1.19837e-20 6.52668e-18 1.56428e-15 9.22809e-13 8.9774e-11 2.13209e-08 4.69453e-06 0.000661892 0.00948682 0.989847 
1.47292e-12 4.21433e-10 8.12628e-08 1.22817e-05 0.00367534 0.932346 0.054041 0.00978713 0.000137619 6.24585e-07 
4.87326e-08 5.51176e-06 0.000226138 0.00478976 0.0287654 0.0638042 0.898514 0.00386909 2.6211e-05 2.00459e-08 
1.20514e-07 1.80499e-05 0.000945623 0.0242761 0.0977837 0.874722 0.00224447 1.00289e-05 7.21844e-08 9.43469e-11 
0.00300239 0.04085 0.897519 0.0564068 0.00220306 1.8885e-05 1.28697e-07 1.16244e-09 3.04509e-12 3.91888e-15 
2.13994e-18 3.56303e-15 1.21305e-12 1.0399e-09 1.55213e-07 0.000104916 0.00748941 0.968081 0.0208621 0.00346257 
3.03627e-24 4.02504e-21 1.38338e-18 1.41002e-15 2.63164e-13 1.45892e-10 1.27424e-07 8.85281e-05 0.00742645 0.992485 
1.38685e-07 2.23462e-05 0.00116407 0.0263632 0.0965589 0.87145 0.00442838 1.32815e-05 5.15475e-08 7.32348e-11 
3.89394e-16 2.7345e-13 6.4188e-11 2.70511e-08 1.39379e-06 0.000201219 0.00980775 0.982751 0.0070953 0.000143324 
2.13092e-20 1.38865e-17 3.6081e-15 2.43528e-12 2.58896e-10 1.08933e-07 7.9947e-05 0.00648916 0.987006 0.00642451 
4.16178e-20 2.606e-17 6.70364e-15 4.49195e-12 4.47295e-10 1.83031e-07 0.000192605 0.00667166 0.97359 0.0195458 
2.04242e-16 1.3386e-13 3.19277e-11 1.54035e-08 1.04662e-06 0.00022017 0.0122597 0.97272 0.0135423 0.00125706 
1.27921e-07 2.08284e-05 0.000971006 0.0192032 0.0706397 0.899696 0.00932421 0.000144899 3.2888e-07 4.93702e-10 
5.71886e-13 1.55188e-10 1.83292e-08 5.91145e-06 0.00330345 0.911338 0.0588475 0.0230212 0.00334097 0.000142927 
3.11834e-05 0.00158923 0.173321 0.795656 0.027739 0.0016496 1.3963e-05 1.27885e-07 3.4226e-10 4.429e-13 
1.61471e-12 3.98342e-10 4.81615e-08 8.44975e-06 0.00192694 0.0208941 0.965328 0.0116877 0.000153713 6.24763e-07 
2.91434e-21 2.55674e-18 6.90809e-16 4.62688e-13 7.1026e-11 3.64266e-08 1.48573e-05 0.00372516 0.979074 0.0171861 
1.9917e-20 1.36012e-17 3.65361e-15 2.62382e-12 2.54068e-10 1.12556e-07 9.33891e-05 0.00690715 0.985507 0.00749216 
2.97172e-20 1.8868e-17 4.8481e-15 3.21773e-12 3.34376e-10 1.34083e-07 7.33672e-05 0.00725831 0.976475 0.0161928 
1.22321e-07 1.76131e-05 0.000984118 0.0272937 0.938562 0.0317569 0.00137849 6.93918e-06 4.23358e-08 6.80786e-11 
4.55267e-24 6.2362e-21 2.16017e-18 2.21626e-15 3.90527e-13 2.13009e-10 1.64013e-07 0.000106759 0.00904322 0.99085 
4.59812e-06 0.000649899 0.0111453 0.0428976 0.905534 0.0374995 0.00226042 9.14824e-06 2.388e-08 1.9262e-11 
1.10684e-05 0.00161047 0.0362908 0.929471 0.030669 0.00193021 1.7226e-05 1.51207e-07 4.15043e-10 5.29928e-13 
3.44207e-24 4.45263e-21 1.54231e-18 1.6002e-15 2.87556e-13 1.63432e-10 1.4749e-07 0.000108338 0.00769344 0.992198 
1.13963e-23 1.86124e-20 6.8012e-18 7.5113e-15 1.15759e-12 6.37149e-10 3.61105e-07 0.000246624 0.00947256 0.99028 
4.48911e-16 3.01676e-13 6.93453e-11 2.77898e-08 1.33508e-06 7.90006e-05 0.00593854 0.973463 0.0180938 0.0024239 
7.24478e-17 6.15409e-14 1.48916e-11 5.99079e-09 3.06054e-07 6.88716e-05 0.00670277 0.975636 0.0153877 0.00220401 
5.43318e-16 3.77476e-13 8.77065e-11 3.59414e-08 1.76994e-06 0.000186732 0.0105648 0.981559 0.00754478 0.000142618 
1.86215e-12 4.56937e-10 5.83159e-08 1.06185e-05 0.00239265 0.0232036 0.961158 0.0130519 0.000182122 7.31991e-07 
1.51535e-20 9.29946e-18 2.55986e-15 2.05443e-12 2.05221e-10 9.12131e-08 9.738e-05 0.00230606 0.0133693 0.984227 
6.33545e-06 0.00123491 0.0302863 0.939094 0.0273964 0.00196735 1.43674e-05 1.02155e-07 2.83262e-10 3.5072e-13 
1.79773e-12 4.46059e-10 5.32392e-08 9.94402e-06 0.0036876 0.911439 0.0718215 0.0128751 0.000165544 7.83365e-07 
4.68128e-20 3.00097e-17 7.81982e-15 5.32517e-12 4.8563e-10 1.94543e-07 0.000186557 0.00556943 0.025477 0.968767 
1.75256e-12 4.30861e-10 5.20056e-08 9.17561e-06 0.00205643 0.0189824 0.05235 0.925505 0.001095 1.52047e-06 
5.96217e-12 1.49916e-09 1.32727e-07 2.13498e-05 0.00495758 0.906163 0.0746081 0.0140629 0.00018569 1.08562e-06 
1.22079e-07 1.94757e-05 0.000978061 0.0268799 0.938851 0.0319716 0.00129311 6.67001e-06 3.96551e-08 5.99693e-11 
4.79774e-12 1.3805e-09 1.58297e-07 4.39021e-05 0.00538512 0.029405 0.954465 0.0105503 0.000149227 8.18099e-07 
2.58644e-12 7.94399e-10 1.90509e-07 0.00020082 0.013315 0.922027 0.0544842 0.0098108 0.000160988 8.30356e-07 
1.12339e-15 1.49767e-12 4.69604e-10 3.35175e-07 2.84722e-05 0.00829849 0.959161 0.0268899 0.0054321 0.000190035 
4.30431e-08 1.03017e-05 0.000657974 0.0196923 0.93081 0.0423326 0.00639867 9.7135e-05 7.04832e-07 1.95066e-09 
0.000974453 0.0296655 0.924594 0.0426018 0.00211921 4.46003e-05 2.1605e-07 1.80698e-09 4.7967e-12 6.0763e-15 
3.62403e-29 7.45523e-26 8.47013e-23 2.57287e-19 5.75588e-16 4.97357e-13 1.22933e-09 1.26394e-06 0.00027762 0.999721 
4.90986e-16 3.28406e-13 7.62994e-11 3.26584e-08 1.79266e-06 0.000184617 0.013555 0.973854 0.0118033 0.000601624 
1.08918e-07 1.65121e-05 0.000903059 0.0297009 0.932682 0.0353225 0.00136814 6.6053e-06 3.99952e-08 6.8282e-11 
1.37616e-27 1.83471e-24 9.60369e-22 1.90834e-18 2.42885e-15 1.97185e-12 4.32772e-09 4.55782e-06 0.001614 0.998381 
2.58584e-18 4.70707e-15 1.78932e-12 2.08437e-09 9.45814e-08 5.02384e-05 0.00280097 0.928775 0.058276 0.0100982 
9.48804e-08 1.65858e-05 0.000852216 0.0235766 0.9465 0.0278699 0.00117796 6.07087e-06 3.57723e-08 5.5857e-11 
6.78576e-35 3.11395e-31 1.5079e-27 1.61899e-23 4.54446e-19 1.30971e-15 8.54449e-12 7.23343e-08 0.000666886 0.999333 
2.17132e-12 5.86549e-10 9.17312e-08 6.7e-05 0.00502065 0.921798 0.0607255 0.012196 0.000191695 8.89455e-07 
2.01874e-17 1.36255e-14 3.99696e-12 3.5823e-09 3.13789e-07 0.000165076 0.00908648 0.961829 0.0246833 0.00423606 
5.61603e-16 4.20016e-13 1.04671e-10 5.57443e-08 3.58842e-06 0.00179742 0.948719 0.0413562 0.00797409 0.000149647 
1.4999e-12 3.71839e-10 4.5505e-08 7.99508e-06 0.00194158 0.0135574 0.0433827 0.937794 0.00330637 9.43863e-06 
3.45821e-30 6.50583e-27 3.5774e-24 7.13093e-21 4.23977e-18 2.57635e-15 2.42354e-12 8.49269e-09 9.799e-05 0.999902 
2.69096e-24 3.67282e-21 1.27175e-18 1.30457e-15 2.3785e-13 1.33244e-10 1.19887e-07 8.51594e-05 0.00429981 0.995615 
1.90991e-12 4.65922e-10 5.64809e-08 8.9565e-06 0.00197511 0.0209949 0.961006 0.0151038 0.000905894 5.11459e-06 
6.12046e-16 6.31262e-13 1.83073e-10 1.32399e-07 8.55763e-06 0.0035005 0.953701 0.0355125 0.00714512 0.000131706 
4.91073e-17 2.79848e-14 7.15025e-12 4.64005e-09 3.55007e-07 9.66185e-05 0.00264815 0.0178768 0.969449 0.00992955 
2.33149e-20 1.50473e-17 3.70764e-15 2.09182e-12 1.73363e-10 5.51312e-08 3.91507e-05 0.00159829 0.0105397 0.987823 
4.3174e-16 2.96633e-13 6.85499e-11 2.75093e-08 1.32939e-06 7.69716e-05 0.00597718 0.968076 0.0218786 0.00398945 
3.15845e-20 2.12303e-17 5.80667e-15 4.56261e-12 1.95099e-09 1.19486e-06 0.00183419 0.954312 0.0359807 0.007872 
2.94724e-17 1.67496e-14 3.65893e-12 1.49444e-09 8.0234e-08 3.79392e-06 0.00193096 0.952488 0.0370254 0.00855133 
2.72948e-20 1.79761e-17 4.68869e-15 3.17915e-12 3.27686e-10 1.39399e-07 9.92024e-05 0.00734783 0.98541 0.00714295 
2.87405e-24 4.21003e-21 1.47105e-18 1.51787e-15 2.7982e-13 1.54344e-10 1.27687e-07 9.13313e-05 0.00660876 0.9933 
1.59699e-11 2.01448e-08 4.61693e-06 0.00170235 0.0252432 0.925836 0.0396338 0.00745069 0.000128546 6.25457e-07 
7.43517e-11 2.19766e-08 1.92626e-06 0.00039985 0.0242334 0.936548 0.0367565 0.00205605 4.2258e-06 7.52003e-09 
5.10145e-24 6.83312e-21 2.36832e-18 2.4437e-15 4.41091e-13 2.47016e-10 2.14348e-07 0.000149931 0.0106589 0.989191 
3.38134e-24 4.64335e-21 1.61405e-18 1.66526e-15 2.85869e-13 1.5499e-10 1.11526e-07 7.22057e-05 0.0064346 0.993493 
4.47117e-24 6.02638e-21 2.0859e-18 2.14341e-15 3.92271e-13 2.24295e-10 2.15723e-07 0.000204889 0.0111872 0.988608 
3.28726e-20 2.06335e-17 5.16333e-15 3.1477e-12 2.81098e-10 1.01238e-07 0.000113584 0.00308556 0.969665 0.0271353 
1.92976e-12 4.54987e-10 5.23432e-08 6.42262e-06 0.0011315 0.0133899 0.952587 0.0286733 0.00418796 2.35295e-05 
0.00842826 0.851195 0.1148 0.0249685 0.000602814 5.59685e-06 3.31972e-08 3.21692e-10 7.47028e-13 1.00208e-15 
5.56361e-07 0.000215496 0.00515279 0.464121 0.509315 0.0202555 0.000935218 4.52091e-06 2.76386e-08 4.86643e-11 
7.52127e-20 1.00596e-16 3.39248e-14 3.42096e-11 1.30507e-08 7.09083e-06 0.0045189 0.0284985 0.957933 0.00904242 
1.22153e-15 1.38341e-12 4.74884e-10 3.37086e-07 9.49637e-05 0.00100876 0.0135293 0.977289 0.00797932 9.82255e-05 
5.87193e-06 0.00103602 0.0168939 0.0575371 0.909854 0.014465 0.000207533 3.35979e-07 6.20202e-10 5.67603e-13 
2.58001e-25 4.13166e-22 1.45956e-19 1.51544e-16 2.61653e-14 1.35875e-11 6.9376e-09 3.71692e-06 0.00236357 0.997633 
2.75751e-16 2.13396e-13 5.10165e-11 2.1119e-08 1.04431e-06 0.000148386 0.0061001 0.976135 0.0147533 0.00286212 
7.23475e-11 4.1997e-08 1.14098e-05 0.00658621 0.916204 0.0621327 0.0148305 0.000233456 1.68535e-06 6.79109e-09 
2.53152e-17 1.49163e-14 3.25098e-12 1.27807e-09 6.27894e-08 1.77995e-06 0.000244021 0.0112414 0.97778 0.0107328 
1.31396e-10 4.20501e-08 1.02563e-05 0.00550168 0.879255 0.0924594 0.0220628 0.000707816 2.88601e-06 6.20852e-09 
3.19625e-20 2.15523e-17 5.7607e-15 4.12322e-12 4.30864e-10 1.90886e-07 0.000138048 0.0117387 0.977322 0.0108011 
8.44615e-21 6.42837e-18 1.54398e-15 6.81917e-13 3.80132e-11 7.70771e-09 1.21991e-06 0.00046253 0.00776692 0.991769 
1.07895e-07 1.67553e-05 0.000848863 0.0260215 0.932769 0.0385475 0.00178909 6.99627e-06 3.69475e-08 6.56172e-11 
1.01268e-12 2.64566e-10 3.40121e-08 7.53576e-06 0.00180085 0.0181551 0.0504862 0.927669 0.00187912 2.62242e-06 
6.09524e-16 4.15361e-13 9.67795e-11 4.09958e-08 2.18072e-06 0.000277075 0.0140205 0.975721 0.00980896 0.000170078 
2.44106e-24 3.47049e-21 1.20881e-18 1.24731e-15 2.32854e-13 1.29381e-10 1.09755e-07 7.55027e-05 0.00551322 0.994411 
9.57205e-09 1.95239e-06 4.73139e-05 0.00580358 0.896987 0.0791431 0.0177239 0.00029072 2.01226e-06 6.01229e-09 
2.22153e-21 3.61798e-18 1.32145e-15 1.42369e-12 1.79112e-10 1.0445e-07 6.13269e-05 0.00702437 0.975357 0.0175576 
1.4376e-08 3.07245e-06 0.000213934 0.0140564 0.917457 0.0556104 0.0123873 0.000268625 3.13982e-06 2.45482e-08 
3.43734e-33 1.31717e-29 5.15612e-26 2.90385e-22 4.53629e-18 7.2794e-15 2.87576e-11 1.5331e-07 0.00104716 0.998953 
6.61913e-25 1.09869e-21 3.91991e-19 4.16192e-16 1.03066e-13 6.38584e-11 8.36292e-08 7.61861e-05 0.00470738 0.995216 
2.16352e-24 3.55436e-21 1.25583e-18 1.2987e-15 2.48218e-13 1.38071e-10 1.23486e-07 9.99546e-05 0.486956 0.512944 
1.79947e-12 4.31144e-10 5.04931e-08 7.41171e-06 0.00155595 0.0103119 0.0341762 0.945887 0.00802465 3.65413e-05 
3.72738e-24 5.5299e-21 1.94095e-18 2.01566e-15 3.7532e-13 2.0926e-10 1.80123e-07 0.000133543 0.00996034 0.989906 
3.37673e-16 2.27557e-13 5.38689e-11 2.42653e-08 1.44288e-06 0.00024307 0.0121064 0.979239 0.00827676 0.000132998 
5.9529e-06 0.000927269 0.0180233 0.0734876 0.886311 0.0207109 0.000531787 1.74136e-06 7.76798e-09 6.74279e-12 
3.64298e-13 8.82832e-11 7.842e-09 1.25111e-06 0.000344516 0.00478721 0.948242 0.0394231 0.00706686 0.000134678 
1.16929e-12 2.87241e-10 3.35609e-08 6.20251e-06 0.00136932 0.0184071 0.968496 0.0113749 0.000318107 2.81807e-05 
5.15065e-06 0.00110321 0.0271528 0.918034 0.044939 0.00856618 0.000198995 1.1956e-06 5.27802e-09 5.41676e-12 
1.11318e-28 2.22775e-25 2.10925e-22 6.12489e-19 1.23178e-15 1.03388e-12 2.35388e-09 2.73496e-06 0.0017688 0.998228 
7.86598e-18 9.94684e-15 3.37379e-12 3.26377e-09 1.8672e-07 5.87048e-05 0.00667784 0.961481 0.0264335 0.00534875 
7.91989e-11 2.33978e-08 2.00658e-06 0.000498901 0.0234077 0.956081 0.0196003 0.000404171 5.84576e-06 6.60266e-09 
3.56828e-16 2.40879e-13 5.64137e-11 2.46606e-08 1.40296e-06 0.000234267 0.013252 0.977178 0.00921063 0.000123645 
1.04419e-10 2.8981e-08 1.80785e-06 0.000163403 0.0132701 0.925845 0.0541035 0.00653639 7.96365e-05 1.02104e-07 
4.72479e-08 6.85959e-06 0.000322056 0.00620254 0.294195 0.692002 0.00716043 0.000111051 3.22805e-07 4.4454e-10 
1.10973e-22 6.00939e-20 1.63033e-17 1.38462e-14 1.55921e-12 7.34841e-10 3.20158e-07 0.000152347 0.00923363 0.990614 
1.24191e-06 0.000395158 0.0169083 0.895614 0.0687946 0.0173756 0.000905849 5.05394e-06 3.21834e-08 5.30995e-11 
1.38658e-22 8.89968e-20 2.35872e-17 1.69875e-14 1.95519e-12 8.20338e-10 3.45236e-07 0.000465957 0.958096 0.0414376 
7.23235e-11 2.15346e-08 1.93647e-06 0.00056497 0.025753 0.933077 0.03609 0.00443106 8.14356e-05 2.88501e-07 
3.94557e-24 5.53673e-21 1.92214e-18 1.97391e-15 3.70106e-13 2.07855e-10 1.94378e-07 0.000227104 0.0107873 0.988985 
1.0871e-12 2.78107e-10 3.60248e-08 7.51561e-06 0.00186281 0.0178773 0.970295 0.00983234 0.00012485 5.2779e-07 
2.67116e-24 3.87682e-21 1.35461e-18 1.39826e-15 2.42358e-13 1.29458e-10 8.60153e-08 5.33268e-05 0.00641381 0.993533 
4.22504e-13 1.02311e-10 1.26554e-08 1.31169e-06 0.000185016 0.00350085 0.0196636 0.971158 0.00542381 6.74305e-05 
3.17399e-13 7.86736e-11 6.76446e-09 1.26224e-06 0.000316828 0.00411625 0.953909 0.0354554 0.00608218 0.000118824 
2.13434e-18 3.53515e-15 1.19714e-12 9.61555e-10 1.26894e-07 8.69009e-05 0.00379007 0.0282259 0.958752 0.00914464 
1.36466e-13 3.36028e-11 4.67224e-09 5.89913e-07 0.00013965 0.0012591 0.0163128 0.972781 0.00932575 0.000180902 
2.24714e-24 3.10348e-21 1.08363e-18 1.12777e-15 2.10778e-13 1.20916e-10 1.16563e-07 9.09931e-05 0.00614938 0.99376 
1.45069e-12 3.60493e-10 4.41713e-08 7.83846e-06 0.00181682 0.0212561 0.96399 0.0125163 0.000398612 1.44059e-05 
8.04899e-11 2.44697e-08 2.32641e-06 0.000745125 0.0254532 0.0879057 0.884357 0.00151295 2.34819e-05 1.71583e-08 
1.86608e-24 2.95188e-21 1.02422e-18 1.02966e-15 1.96862e-13 1.05263e-10 8.47969e-08 5.45562e-05 0.00336996 0.996575 
1.94709e-20 1.10188e-17 2.73839e-15 1.77549e-12 1.80015e-10 6.55977e-08 3.5941e-05 0.00205657 0.970294 0.0276138 
1.141e-11 2.77984e-09 1.96378e-07 2.77977e-05 0.0035137 0.0240936 0.961336 0.0108825 0.00014551 6.21864e-07 
4.37185e-07 0.000225903 0.00839257 0.728831 0.239254 0.0200777 0.00319377 2.50546e-05 3.17036e-07 1.20279e-09 
1.87011e-28 3.9149e-25 4.84402e-22 1.49424e-18 1.40435e-15 8.97131e-13 8.7523e-10 1.30109e-06 0.00257621 0.997422 
3.55759e-20 2.37045e-17 6.26716e-15 4.35238e-12 4.01355e-10 1.68823e-07 0.000145076 0.00533156 0.0241468 0.970376 
1.75023e-20 1.24187e-17 3.40645e-15 2.5376e-12 2.56607e-10 1.21865e-07 0.000107255 0.00618963 0.985819 0.00788408 
1.12583e-06 0.000484822 0.0174555 0.922775 0.0458824 0.0126863 0.000710353 4.42678e-06 2.80223e-08 5.25611e-11 
1.25517e-10 6.47259e-08 9.45929e-06 0.00164963 0.0345151 0.940419 0.0229432 0.000460269 3.22584e-06 9.57659e-09 
6.96166e-30 1.52706e-26 2.30174e-23 7.62545e-20 8.83813e-17 6.2576e-14 8.48836e-11 2.19108e-07 0.00072316 0.999277 
1.04012e-07 1.65418e-05 0.000872691 0.0282589 0.933925 0.0351869 0.00172743 1.24878e-05 1.29916e-07 4.33066e-10 
1.20014e-38 1.23765e-34 1.41051e-30 4.73501e-26 1.5147e-21 1.34691e-17 3.5192e-13 7.52949e-09 0.000193059 0.999807 
1.25817e-23 2.07209e-20 8.03941e-18 1.00255e-14 2.55015e-12 1.42928e-09 6.97649e-07 0.000197798 0.00955029 0.990251 
4.07224e-24 5.46704e-21 1.89002e-18 1.9404e-15 3.54219e-13 1.97977e-10 1.74286e-07 0.000122403 0.00805167 0.991826 
2.87985e-12 2.00131e-09 5.63942e-07 0.000360775 0.0081005 0.0439071 0.934486 0.0128371 0.00030536 2.63197e-06 
2.92719e-13 7.1589e-11 8.49418e-09 1.68015e-06 0.000442503 0.00264113 0.0183419 0.969705 0.00872583 0.000141901 
4.2763e-16 2.85597e-13 6.68057e-11 2.94337e-08 1.72231e-06 0.000270369 0.0142158 0.975369 0.00997858 0.000164344 
5.13329e-12 3.7551e-09 1.07201e-06 0.000648848 0.0212149 0.934058 0.0371413 0.00681955 0.000115129 8.10668e-07 
4.01922e-20 2.55832e-17 6.62176e-15 4.47619e-12 4.68757e-10 1.94299e-07 0.000160407 0.00993609 0.980321 0.00958185 
4.35089e-16 2.96419e-13 6.86192e-11 2.78445e-08 1.40014e-06 0.00012954 0.00395944 0.017231 0.972807 0.00587112 
0.0196043 0.862114 0.0990256 0.0188828 0.000371848 1.59444e-06 8.47588e-09 4.96399e-11 1.0648e-13 1.38172e-16 
4.33798e-22 7.85294e-19 3.12715e-16 4.02323e-13 8.87438e-11 5.14214e-08 2.06942e-05 0.00526985 0.0247211 0.969988 
7.7119e-06 0.0016269 0.0351993 0.929661 0.0315329 0.00195612 1.58685e-05 1.45152e-07 3.96811e-10 5.03344e-13 
4.43719e-20 2.95352e-17 7.81191e-15 5.45718e-12 5.39665e-10 2.31888e-07 0.000187857 0.0106202 0.979008 0.0101837 
1.0851e-10 3.20702e-08 3.50882e-06 0.00285676 0.870651 0.101045 0.0248365 0.000600407 7.02075e-06 1.2662e-08 
1.62484e-12 3.91433e-10 4.73975e-08 7.65715e-06 0.00181203 0.0116224 0.0389774 0.941303 0.00625635 2.10658e-05 
0.00278062 0.276053 0.681781 0.0345998 0.00454346 0.000238513 3.16384e-06 1.93947e-08 5.7201e-11 7.12094e-14 
1.01333e-24 1.84078e-21 6.45605e-19 6.50296e-16 1.36172e-13 7.50315e-11 7.28403e-08 5.67984e-05 0.00341492 0.996528 
2.91422e-24 3.69182e-21 1.27554e-18 1.32435e-15 2.51612e-13 1.47021e-10 1.5168e-07 0.000127007 0.00828962 0.991583 
2.51507e-20 1.65943e-17 4.44851e-15 3.26528e-12 6.82146e-10 4.52482e-07 0.000787265 0.945601 0.0453511 0.00826055 
3.62612e-20 2.43567e-17 6.5052e-15 4.6454e-12 4.65237e-10 2.04901e-07 0.000170238 0.0102912 0.979336 0.0102019 
1.43182e-12 3.50729e-10 4.29029e-08 7.84981e-06 0.001797 0.0181635 0.0553472 0.924443 0.000240613 7.8062e-07 
5.27735e-16 3.54905e-13 8.29102e-11 3.60529e-08 2.02436e-06 0.000306055 0.0157315 0.972903 0.010886 0.000171015 
1.14264e-07 1.69375e-05 0.000894962 0.025708 0.942912 0.0293045 0.00115798 5.90869e-06 3.57362e-08 5.46629e-11 
2.01972e-12 4.97468e-10 6.19254e-08 1.03031e-05 0.00221904 0.0234981 0.960824 0.0132652 0.000182815 8.67625e-07 
6.82589e-06 0.00114386 0.0214599 0.842802 0.126711 0.00778693 8.93168e-05 2.70684e-07 5.14079e-10 5.94738e-13 
3.19711e-25 5.42868e-22 1.94655e-19 2.0807e-16 5.13735e-14 3.16856e-11 4.03146e-08 3.56415e-05 0.00359678 0.996368 
6.57577e-05 0.00610995 0.0551128 0.911281 0.0259141 0.00150369 1.28484e-05 1.03785e-07 2.91102e-10 3.65694e-13 
3.71894e-15 4.13404e-12 1.28138e-09 8.33478e-07 0.000267342 0.00219735 0.283264 0.707584 0.00657246 0.000113364 
3.41637e-06 0.0009979 0.0230687 0.0946061 0.865014 0.0152677 0.00103658 5.87715e-06 3.77686e-08 7.08704e-11 
3.18159e-11 9.25401e-09 5.66031e-07 2.26486e-05 0.00335447 0.0226522 0.963164 0.0106634 0.000142568 5.35434e-07 
1.6345e-17 1.2573e-14 3.64418e-12 2.88941e-09 1.92594e-07 0.000111938 0.00370964 0.0171822 0.972934 0.00606207 
0.000211511 0.00521756 0.0457525 0.923279 0.0246214 0.000908282 9.66762e-06 6.2244e-08 1.80033e-10 2.22395e-13 
3.10401e-16 2.01429e-13 4.67627e-11 2.08471e-08 1.29479e-06 0.00019439 0.00932596 0.0326484 0.954971 0.00285918 
1.66232e-24 2.91932e-21 1.04024e-18 1.08343e-15 2.09173e-13 1.16102e-10 9.95453e-08 7.54122e-05 0.00614114 0.993783 
9.39827e-08 1.44093e-05 0.000791973 0.0213553 0.0856007 0.886183 0.00597837 7.5531e-05 3.68382e-07 8.32257e-10 
2.47217e-20 1.63055e-17 4.37186e-15 3.20284e-12 3.46828e-10 1.58235e-07 0.000139566 0.00863545 0.982478 0.00874673 
5.63852e-13 1.43894e-10 1.77607e-08 5.42083e-06 0.00137861 0.0104505 0.0325634 0.948646 0.00691792 3.77324e-05 
7.88931e-13 1.96262e-10 2.59328e-08 4.94675e-06 0.0010927 0.0140601 0.0462249 0.936733 0.00183401 4.98836e-05 
1.82257e-16 1.3066e-13 3.03333e-11 1.19119e-08 5.03569e-07 2.4592e-05 0.00109487 0.0187691 0.970938 0.0091724 
2.60004e-05 0.00201765 0.0209866 0.0635894 0.893172 0.0198373 0.000370021 6.13718e-07 1.03695e-09 9.01017e-13 
0.00418172 0.0284952 0.681421 0.283533 0.00235853 1.03303e-05 4.5134e-08 3.86502e-10 8.98578e-13 1.20201e-15 
1.8901e-25 1.97893e-22 6.7968e-20 7.25935e-17 1.5884e-14 1.08174e-11 1.71712e-08 1.57796e-05 0.00147776 0.998506 
2.57874e-12 6.30249e-10 6.82866e-08 1.28308e-05 0.00241402 0.0234312 0.961164 0.012799 0.000177827 7.11978e-07 
3.54914e-20 2.21831e-17 5.9024e-15 4.34314e-12 4.50869e-10 1.91222e-07 0.000150173 0.00947059 0.979758 0.0106215 
0.00839307 0.796921 0.165448 0.0288262 0.000410376 1.66004e-06 7.87542e-09 3.37934e-11 6.60825e-14 8.41963e-17 
3.18617e-22 3.33096e-19 1.06535e-16 9.62447e-14 8.83912e-12 4.7871e-09 1.97684e-06 0.000248207 0.00730939 0.99244 
4.08196e-08 9.63676e-06 0.000545804 0.0227752 0.93229 0.0388631 0.00542491 9.04816e-05 9.69802e-07 3.52354e-09 
2.15098e-20 1.30731e-17 3.60059e-15 2.94418e-12 3.44e-10 1.56474e-07 0.000114832 0.00859304 0.981677 0.00961448 
3.91938e-16 2.58636e-13 5.99877e-11 2.56787e-08 1.44488e-06 0.000184224 0.0111869 0.979706 0.0086045 0.000317191 
2.12676e-24 2.07161e-21 6.79834e-19 6.77024e-16 1.05202e-13 5.84836e-11 4.85765e-08 2.87878e-05 0.00345753 0.996514 
1.1227e-20 7.19823e-18 2.10704e-15 1.91764e-12 2.54562e-10 1.23884e-07 0.000117267 0.00828749 0.980823 0.0107718 
3.30657e-13 7.56201e-11 7.29776e-09 1.21511e-06 0.000231364 0.00288079 0.0180151 0.971009 0.00775473 0.000107703 
4.92833e-12 1.44032e-09 1.3279e-07 2.35924e-05 0.00318244 0.028282 0.954467 0.0138642 0.000179739 8.07697e-07 
0.931292 0.0636244 0.00503405 4.95155e-05 3.84637e-07 1.2028e-09 5.20829e-12 1.77668e-14 3.14414e-17 3.93175e-20 
1.68875e-12 4.39649e-10 5.59361e-08 1.09895e-05 0.00192678 0.0212559 0.964146 0.0124905 0.000169182 7.65039e-07 
5.48109e-16 3.81206e-13 8.85763e-11 3.63697e-08 1.82786e-06 0.00019593 0.0122111 0.978506 0.00891775 0.000167831 
9.36135e-25 1.6976e-21 6.01972e-19 6.20149e-16 1.35806e-13 7.88099e-11 8.76079e-08 7.1467e-05 0.00347945 0.996449 
2.94985e-20 1.9694e-17 5.21942e-15 3.65972e-12 3.56413e-10 1.52043e-07 0.000117906 0.00828797 0.983074 0.00851985 
2.22735e-24 2.76436e-21 9.55229e-19 9.97924e-16 2.11871e-13 1.41785e-10 1.94133e-07 0.000259854 0.00806723 0.991673 
1.66485e-11 6.06598e-09 8.38963e-07 0.000369752 0.0129556 0.682718 0.297323 0.0065374 9.46182e-05 6.39155e-07 
5.25523e-35 2.436e-31 1.19929e-27 1.32011e-23 3.70321e-19 1.08382e-15 6.53333e-12 4.79369e-08 0.000287708 0.999712 
3.55849e-24 4.85148e-21 1.68236e-18 1.73016e-15 3.04636e-13 1.68039e-10 1.36563e-07 9.22477e-05 0.00730872 0.992599 
4.6672e-24 6.4001e-21 2.32095e-18 2.70752e-15 9.23377e-13 5.52041e-10 3.98164e-07 0.000384167 0.0105089 0.989107 
1.18298e-25 1.31004e-22 4.71386e-20 5.68407e-17 3.89397e-14 3.14633e-11 7.08664e-08 7.03269e-05 0.00347498 0.996455 
6.3086e-16 4.36677e-13 1.0164e-10 4.24007e-08 2.16891e-06 0.00030608 0.0158402 0.967868 0.0150014 0.000981598 
5.13196e-16 3.59995e-13 8.44239e-11 3.54664e-08 1.86078e-06 0.000216183 0.011017 0.974267 0.013181 0.00131735 
4.17477e-24 5.44484e-21 1.87853e-18 1.92838e-15 3.45406e-13 1.95523e-10 1.82342e-07 0.000132767 0.00877861 0.991088 
4.18767e-17 3.43987e-14 8.37924e-12 3.61261e-09 1.60266e-07 1.37234e-05 0.0020609 0.946148 0.0427692 0.00900753 
1.08632e-10 4.45562e-08 7.62297e-06 0.00252974 0.0400872 0.935078 0.0219691 0.000326299 2.35171e-06 6.66808e-09 
5.11192e-11 1.47408e-08 1.07002e-06 9.46147e-05 0.0133703 0.930483 0.0485474 0.00739371 0.000109826 4.4047e-07 
1.72086e-12 4.24359e-10 4.81132e-08 9.12752e-06 0.00216121 0.0212478 0.950695 0.0247599 0.00112546 1.73834e-06 
2.02201e-20 1.47836e-17 4.03055e-15 2.92368e-12 3.09124e-10 1.45905e-07 9.52724e-05 0.00856448 0.0411265 0.950214 
4.06868e-20 4.78822e-17 1.55597e-14 1.37804e-11 1.90246e-09 3.37959e-06 0.000136158 0.00891837 0.982171 0.00877071 
2.08133e-21 2.4893e-18 8.53466e-16 8.51274e-13 7.63532e-11 4.6451e-08 8.07432e-05 0.00180286 0.0123439 0.985772 
1.16511e-12 2.90759e-10 3.15663e-08 4.95103e-06 0.00111189 0.0130249 0.950364 0.0307146 0.00474144 3.83667e-05 
4.8538e-16 3.29271e-13 7.80117e-11 3.76541e-08 1.13778e-05 0.00483659 0.947065 0.0399455 0.00797776 0.000163587 
6.59984e-08 6.65101e-06 0.000259663 0.00875547 0.879884 0.0949806 0.015871 0.000241091 1.36836e-06 3.06764e-09 
1.67683e-12 4.15483e-10 5.19068e-08 8.4961e-06 0.0017821 0.0211526 0.963178 0.013399 0.000477007 2.52964e-06 
5.29746e-21 3.5823e-18 1.04652e-15 9.42375e-13 1.36532e-10 7.13635e-08 6.74858e-05 0.00589095 0.977208 0.0168337 
1.21097e-23 2.04157e-20 7.73354e-18 9.31744e-15 2.34929e-12 1.23284e-09 7.92271e-07 0.00035515 0.00880244 0.990842 
7.7647e-13 1.86014e-10 1.82911e-08 1.98038e-06 0.000271533 0.0029133 0.0163115 0.970451 0.00981519 0.000235404 
1.13957e-20 6.48158e-18 1.52803e-15 8.13011e-13 7.57091e-11 1.57797e-08 4.25704e-06 0.00347389 0.968786 0.0277354 
2.62369e-20 1.7565e-17 4.61978e-15 3.16786e-12 3.05671e-10 1.30376e-07 0.000112171 0.00740572 0.984042 0.00844013 
5.07594e-16 3.57163e-13 8.35812e-11 3.49968e-08 1.78887e-06 0.000254233 0.0113113 0.0380123 0.947134 0.00328684 
3.18204e-20 2.10375e-17 5.60523e-15 4.02324e-12 4.26915e-10 1.89405e-07 0.000150387 0.0102787 0.979647 0.0099239 
1.58753e-24 1.68798e-21 5.77733e-19 6.08671e-16 9.06063e-14 5.17876e-11 3.89856e-08 2.35983e-05 0.00395265 0.996024 
0.00054719 0.0106827 0.054035 0.925146 0.0095152 7.32222e-05 3.86957e-07 1.5265e-09 2.82598e-12 3.45049e-15 
2.96827e-24 4.1105e-21 1.43202e-18 1.48373e-15 2.7366e-13 1.53962e-10 1.36657e-07 9.8918e-05 0.00770643 0.992195 
4.41846e-26 7.22064e-23 2.58517e-20 2.80811e-17 9.81135e-15 6.66124e-12 1.1043e-08 1.07853e-05 0.00248355 0.997506 
1.53279e-25 1.13998e-22 3.41626e-20 3.06552e-17 3.87838e-15 2.10457e-12 1.99896e-09 1.59755e-07 0.000173984 0.999826 
1.40866e-12 3.44011e-10 3.59073e-08 6.09804e-06 0.00150837 0.00968323 0.0285192 0.954296 0.00595087 3.60433e-05 
1.10069e-07 1.68686e-05 0.00091778 0.0239778 0.923124 0.045708 0.00618545 6.91609e-05 4.15012e-07 5.89377e-10 
2.58032e-07 0.000122997 0.00285824 0.0293119 0.92253 0.0391456 0.0059288 0.000100994 1.17311e-06 4.81477e-09 
2.23298e-20 1.27804e-17 3.17205e-15 2.02701e-12 1.98183e-10 6.92581e-08 4.00002e-05 0.00365495 0.983352 0.0129529 
2.79885e-20 1.8797e-17 4.98486e-15 3.49056e-12 3.34457e-10 1.44646e-07 0.000122438 0.00817573 0.983444 0.00825747 
5.60194e-16 3.75323e-13 8.64317e-11 3.50396e-08 1.76966e-06 9.66867e-05 0.00423674 0.0169919 0.713694 0.264978 
3.10753e-08 7.92745e-06 0.000370337 0.0035219 0.881305 0.0958511 0.0186301 0.000311055 2.204e-06 6.84084e-09 
1.47612e-22 1.58755e-19 4.92607e-17 4.25073e-14 3.01631e-12 1.72678e-09 3.17638e-07 0.000214698 0.487131 0.512654 
7.43119e-13 1.73741e-10 2.48045e-08 2.28262e-06 0.000348515 0.00144017 0.0152577 0.974276 0.00852507 0.000150269 
5.09943e-24 7.50527e-21 2.91199e-18 3.89142e-15 2.07413e-12 1.3377e-09 1.3666e-06 0.00195677 0.972171 0.0258711 
2.91749e-10 2.2901e-07 4.24296e-05 0.00980499 0.89741 0.0744851 0.0179214 0.000333981 2.03454e-06 5.14714e-09 
8.62786e-05 0.00292417 0.0348518 0.905864 0.0524985 0.00375848 1.61818e-05 1.20004e-07 3.25219e-10 4.10189e-13 
1.55432e-12 3.80381e-10 4.43649e-08 6.8373e-06 0.00158313 0.0100055 0.0280619 0.956224 0.00410467 1.37923e-05 
1.60171e-20 1.17469e-17 3.20104e-15 2.31873e-12 2.4941e-10 1.19513e-07 9.46366e-05 0.00766842 0.984584 0.00765292 
2.90979e-20 1.95743e-17 5.18029e-15 3.61886e-12 3.82285e-10 1.68805e-07 0.000124028 0.00951334 0.980931 0.00943165 
0.000305902 0.757846 0.127945 0.08828 0.0240552 0.0015457 2.15864e-05 1.51585e-07 5.77458e-10 8.90826e-13 
2.43181e-05 0.00201918 0.0349161 0.933345 0.028048 0.00163232 1.44734e-05 1.24624e-07 3.40405e-10 4.35152e-13 
2.77735e-12 6.8433e-10 7.06169e-08 1.12447e-05 0.00248816 0.0198656 0.947475 0.027749 0.00240685 4.41074e-06 
9.88805e-13 2.47354e-10 3.19773e-08 7.14422e-06 0.00172341 0.021285 0.964863 0.0119609 0.000159299 8.88065e-07 
6.18843e-12 1.51497e-09 1.17694e-07 1.74355e-05 0.00282453 0.0259056 0.95703 0.01403 0.000191629 8.16719e-07 
0.000267372 0.00774966 0.860894 0.107446 0.0224571 0.00117698 9.0556e-06 1.10375e-07 2.7476e-10 3.68034e-13 
0.012496 0.702758 0.268655 0.0152042 0.00087794 8.69437e-06 5.49542e-08 5.21963e-10 1.27364e-12 1.67438e-15 
1.00131e-07 1.61549e-05 0.000833036 0.0175907 0.0601922 0.0467241 0.873692 0.00095152 3.69398e-07 2.00981e-10 
2.83321e-15 3.18321e-12 9.35836e-10 5.605e-07 7.77243e-05 0.00560746 0.968301 0.0220762 0.00382507 0.00011202 
2.28512e-23 4.37318e-20 3.48281e-17 8.89983e-14 6.06809e-11 3.44765e-08 1.68295e-05 0.00508108 0.978285 0.0166168 
1.89823e-12 4.68986e-10 5.72373e-08 1.06534e-05 0.00356196 0.0297176 0.954348 0.0121765 0.000184547 8.08053e-07 
5.63988e-06 0.0012798 0.0298722 0.928781 0.0376797 0.00236917 1.26005e-05 8.89517e-08 2.41804e-10 3.01569e-13 
2.43988e-06 0.000435393 0.00614782 0.0366279 0.929212 0.0265623 0.001008 4.11094e-06 2.0513e-08 3.46115e-11 
2.41851e-21 1.49056e-18 4.29606e-16 3.87386e-13 4.26494e-11 2.15704e-08 1.48115e-05 0.00320126 0.982194 0.0145902 
2.22261e-20 1.51073e-17 3.82373e-15 2.29365e-12 1.90002e-10 6.73703e-08 2.54154e-05 0.00482454 0.967191 0.0279586 
3.09846e-24 4.19988e-21 1.45279e-18 1.49183e-15 2.83804e-13 1.61073e-10 1.54666e-07 0.000118256 0.00771491 0.992167 
1.3802e-07 5.38214e-05 0.002648 0.856698 0.109811 0.029453 0.00132942 6.48398e-06 3.90471e-08 6.20089e-11 
5.34522e-17 3.78611e-14 9.60003e-12 5.24856e-09 3.84485e-07 8.43951e-05 0.00711386 0.959095 0.0281157 0.00559086 
1.00141e-09 2.4166e-07 1.02198e-05 0.00224233 0.86851 0.104333 0.024548 0.000353199 2.64849e-06 7.056e-09 
5.17468e-16 3.75788e-13 8.89418e-11 3.74786e-08 1.94444e-06 0.000276848 0.0108571 0.968572 0.0176619 0.00263038 
1.4614e-25 1.10636e-22 3.32736e-20 2.99007e-17 3.91562e-15 2.17548e-12 2.32754e-09 1.53542e-07 0.000120147 0.99988 
1.6473e-20 1.03613e-17 2.47814e-15 1.27012e-12 1.01133e-10 2.19682e-08 3.76233e-06 0.0015422 0.961102 0.0373515 
2.85628e-33 1.05599e-29 4.0209e-26 1.95358e-22 2.0576e-18 2.86406e-15 1.18539e-11 7.07867e-08 0.000628171 0.999372 
0.000244213 0.0143898 0.920259 0.0527645 0.0115943 0.000741225 7.08156e-06 6.74744e-08 1.7725e-10 2.31719e-13 
1.72554e-12 4.24408e-10 5.12214e-08 9.62089e-06 0.00217655 0.887324 0.0951364 0.0149659 0.000384924 2.35887e-06 
1.24618e-24 1.16166e-21 3.84738e-19 3.95278e-16 5.81899e-14 3.28441e-11 2.48261e-08 1.84191e-05 0.00124518 0.998736 
1.1577e-13 3.26504e-11 4.9163e-09 1.41071e-06 0.000258707 0.0113095 0.947299 0.0343832 0.00655574 0.000192328 
6.618e-13 1.58561e-10 1.72965e-08 2.19885e-06 0.000427617 0.00395327 0.819336 0.12087 0.0550282 0.000382626 
1.83208e-24 3.20112e-21 1.13403e-18 1.1656e-15 1.98396e-13 1.01158e-10 5.01163e-08 2.18844e-05 0.00357583 0.996402 
2.45552e-20 1.60573e-17 4.0871e-15 2.55597e-12 2.1917e-10 7.91098e-08 6.47682e-05 0.00281036 0.0176191 0.979506 
3.63018e-20 2.40445e-17 6.27639e-15 4.24176e-12 4.31541e-10 1.80696e-07 0.000128429 0.923711 0.0656368 0.0105234 
5.54587e-23 9.95958e-20 3.74486e-17 4.2722e-14 2.87751e-12 1.6161e-09 1.31409e-06 0.000332784 0.953554 0.046112 
1.06252e-07 1.6954e-05 0.000866313 0.0213268 0.0821598 0.890644 0.00494322 4.30489e-05 1.17514e-07 1.9534e-10 
3.37954e-11 9.19864e-09 6.02792e-07 6.0438e-05 0.00646664 0.91341 0.0700122 0.00993441 0.000114962 6.23509e-07 
3.52629e-16 2.92793e-13 7.15516e-11 3.11948e-08 1.57944e-06 0.000746312 0.937545 0.049848 0.0110249 0.000834583 
8.75653e-11 2.57535e-08 2.19563e-06 0.000525931 0.0261878 0.950199 0.0220496 0.0010042 3.11155e-05 3.08976e-08 
2.87608e-18 5.22619e-15 1.97778e-12 2.28321e-09 1.15709e-07 7.50255e-05 0.00407676 0.0209217 0.966037 0.00888967 
4.48417e-11 1.22132e-08 7.30881e-07 5.27986e-05 0.00493899 0.0224102 0.52275 0.449695 0.000152394 2.38589e-07 
2.98484e-12 2.14372e-09 5.96622e-07 0.000430005 0.0103814 0.9158 0.0617915 0.0114176 0.000177692 8.39901e-07 
3.18438e-24 4.11594e-21 1.41793e-18 1.45762e-15 2.7005e-13 1.52926e-10 1.41712e-07 0.000101229 0.00694658 0.992952 
2.34206e-20 1.58819e-17 4.26803e-15 3.09e-12 3.25748e-10 1.43208e-07 6.87116e-05 0.00861914 0.982788 0.00852425 
2.02473e-20 1.4828e-17 4.07469e-15 3.01278e-12 3.2284e-10 1.51492e-07 0.000106681 0.0101498 0.978406 0.0113374 
8.41188e-15 5.43338e-12 1.25019e-09 5.39118e-07 6.57434e-05 0.00146615 0.0148938 0.975207 0.00822523 0.000142025 
3.47344e-15 4.96895e-12 1.49025e-09 7.34137e-07 8.29544e-05 0.00467948 0.0253449 0.964368 0.00543167 9.25301e-05 
9.66631e-13 2.33227e-10 2.85705e-08 4.00217e-06 0.000815854 0.00699766 0.940712 0.0459944 0.00545181 2.46037e-05 
9.65573e-08 1.55357e-05 0.0008388 0.0281243 0.935829 0.0334826 0.00169147 1.83949e-05 6.34934e-08 9.3358e-11 
3.11301e-13 8.00529e-11 8.44035e-09 1.20488e-06 0.000238612 0.00512518 0.355004 0.632751 0.00680439 7.56319e-05 
2.45929e-17 2.71345e-14 6.92849e-12 2.95394e-09 1.18476e-07 4.28949e-05 0.00163168 0.0145238 0.974626 0.00917517 
3.83361e-05 0.00286147 0.040198 0.92498 0.030002 0.00190501 1.52548e-05 1.5093e-07 3.97963e-10 5.10699e-13 
2.52571e-25 4.62431e-22 1.65516e-19 1.7555e-16 5.71628e-14 3.86799e-11 6.58968e-08 6.22993e-05 0.00226597 0.997672 
8.02301e-08 1.58488e-05 0.000906491 0.0260663 0.940185 0.0316259 0.00119453 5.69985e-06 3.27618e-08 4.31043e-11 
1.39116e-09 2.71336e-07 1.47843e-05 0.000902222 0.0232238 0.959157 0.0164496 0.000250473 1.98623e-06 1.60335e-08 
8.91484e-25 6.86465e-22 2.08517e-19 1.90197e-16 2.47494e-14 1.36398e-11 1.32819e-08 2.43611e-06 0.000696276 0.999301 
2.76787e-24 3.7814e-21 1.31397e-18 1.35765e-15 2.47178e-13 1.38565e-10 1.20969e-07 8.57904e-05 0.0059353 0.993979 
4.68713e-11 1.47278e-08 1.58774e-06 0.000548901 0.0243236 0.948767 0.0247973 0.00154551 1.5921e-05 9.71916e-08 
4.61068e-26 8.46191e-23 3.04293e-20 3.26212e-17 7.65051e-15 4.09334e-12 2.64209e-09 1.53072e-06 0.000475408 0.999523 
2.51036e-24 3.27097e-21 1.13065e-18 1.16679e-15 2.12812e-13 1.23905e-10 1.2381e-07 0.00015089 0.00681256 0.993036 
3.5125e-20 2.23542e-17 5.77588e-15 3.87949e-12 3.89614e-10 1.57878e-07 0.000115834 0.00779406 0.984182 0.00790773 
3.64312e-28 6.79843e-25 3.20051e-22 5.48026e-19 3.33066e-16 2.08752e-13 2.29165e-10 2.28796e-07 0.000594812 0.999405 
6.97746e-16 4.85196e-13 1.13267e-10 4.68699e-08 2.35134e-06 0.000244073 0.0130937 0.961458 0.0223415 0.00286079 
1.52882e-05 0.00149314 0.0349748 0.932046 0.0298692 0.00158802 1.30527e-05 1.16199e-07 3.22468e-10 4.13293e-13 
1.06479e-12 2.70786e-10 3.48556e-08 6.2829e-06 0.00156375 0.0128293 0.954196 0.0276521 0.00373758 1.46693e-05 
3.23318e-24 4.33204e-21 1.49999e-18 1.54611e-15 2.9661e-13 1.71499e-10 1.75319e-07 0.000135669 0.00833804 0.991526 
3.68251e-16 2.41985e-13 5.58296e-11 2.37398e-08 1.3179e-06 0.000163286 0.0057774 0.0212521 0.968242 0.0045644 
1.38081e-28 2.70843e-25 2.23264e-22 5.97211e-19 1.15987e-15 9.88721e-13 2.35867e-09 2.57314e-06 0.0014372 0.99856 
1.2848e-13 3.19615e-11 4.15904e-09 9.46862e-07 0.000210963 0.00569197 0.950436 0.0373146 0.00622853 0.000116713 
0.020299 0.922057 0.0527967 0.00480172 4.5085e-05 2.90701e-07 1.68443e-09 9.59733e-12 2.17871e-14 2.75456e-17 
0.00367082 0.0357059 0.933507 0.0266354 0.000476737 4.16169e-06 2.45396e-08 2.04765e-10 4.91004e-13 6.46314e-16 
6.80906e-25 9.97738e-22 3.56082e-19 3.80578e-16 6.1613e-14 3.39446e-11 2.39943e-08 5.45783e-05 0.00335793 0.996587 
