3599
4.40012e-06 2.57999e-05 0.000259669 0.000867954 0.00413236 0.0136032 0.0362822 0.480066 0.294229 0.17053 
0.00439105 0.0241148 0.0863666 0.223521 0.4056 0.166556 0.061729 0.0194113 0.00680547 0.00150508 
0.000845171 0.0109717 0.0374311 0.113436 0.222459 0.406345 0.119548 0.0535085 0.0265495 0.00890562 
5.24152e-06 2.46787e-05 0.000254211 0.00110816 0.00981057 0.0406799 0.114069 0.605241 0.131291 0.097517 
0.00025291 0.00169568 0.00714257 0.0269262 0.0712815 0.128457 0.273693 0.352763 0.112199 0.0255895 
0.000297124 0.00528545 0.0264972 0.0854323 0.176783 0.202777 0.369849 0.0801509 0.0389039 0.0140242 
1.32309e-06 5.55194e-06 3.7749e-05 0.000217837 0.00185771 0.00576477 0.0159633 0.215992 0.547844 0.212316 
1.0608e-05 9.58426e-05 0.000976184 0.00311827 0.00947644 0.0215635 0.0477138 0.109812 0.155994 0.65124 
9.0875e-07 3.5775e-06 2.42219e-05 0.000122424 0.000873732 0.00417883 0.0273278 0.850151 0.0552998 0.0620174 
0.00116877 0.0105516 0.0447188 0.112767 0.200363 0.204834 0.327991 0.0618483 0.0267015 0.00905607 
9.16572e-08 3.68398e-07 1.97495e-06 7.38222e-06 4.2069e-05 0.00024995 0.0005317 0.00156674 0.00413717 0.993463 
5.54472e-14 2.53481e-12 1.98916e-11 4.68325e-10 4.26501e-08 2.43045e-07 1.32927e-05 8.94606e-05 0.000464898 0.999432 
1.85903e-07 7.29365e-07 4.21117e-06 1.79789e-05 0.000164481 0.00110165 0.00250318 0.0166494 0.0579774 0.921581 
0.000123209 0.000283433 0.00158854 0.00725404 0.0346887 0.193992 0.457042 0.133895 0.100056 0.0710764 
2.91411e-05 0.000335919 0.00351628 0.0106223 0.0127489 0.0230732 0.036415 0.087279 0.14076 0.68522 
2.04628e-15 3.09941e-14 1.34437e-13 9.8515e-12 1.21781e-09 2.77109e-08 1.8051e-06 8.13344e-05 0.00322528 0.996692 
0.000154819 0.00122807 0.00515987 0.0160386 0.05433 0.0924493 0.592394 0.133434 0.0802499 0.0245608 
1.76958e-06 8.62952e-06 6.60601e-05 0.000280259 0.00173066 0.00629356 0.0156451 0.0714338 0.759957 0.144584 
5.68351e-06 4.3123e-05 0.000444244 0.00118225 0.00459599 0.0149478 0.0316233 0.0837044 0.644174 0.219279 
1.488e-06 6.30147e-06 4.73039e-05 0.000200156 0.00118065 0.00510479 0.00843238 0.0219451 0.0631879 0.899894 
0.000176975 0.00203145 0.0106697 0.0805201 0.127984 0.231015 0.325085 0.11822 0.0713407 0.0329563 
4.29143e-06 2.92677e-05 0.000286663 0.000947624 0.00459561 0.0138988 0.0369616 0.123256 0.603726 0.216294 
1.2242e-24 1.29017e-21 4.04656e-19 3.42325e-16 3.84072e-14 3.19336e-11 4.59958e-09 2.196e-06 0.000757914 0.99924 
0.000145339 0.00233088 0.0190765 0.073753 0.127434 0.289156 0.173822 0.166583 0.103367 0.0443326 
0.00283587 0.0886503 0.23356 0.171742 0.229739 0.171657 0.0678955 0.0229223 0.0088941 0.00210453 
5.59071e-22 2.30136e-19 5.15891e-17 3.43838e-14 3.31237e-12 1.12529e-09 2.43462e-07 8.22494e-05 0.00420411 0.995713 
2.14827e-15 3.26955e-14 1.49291e-13 1.27745e-11 1.6034e-09 4.71387e-08 3.17766e-06 0.000262253 0.00826708 0.991467 
0.000223088 0.00106089 0.00686999 0.0201629 0.049232 0.0942871 0.13285 0.5232 0.116925 0.0551896 
5.99771e-06 4.75912e-05 0.000418089 0.00120381 0.00734795 0.0314713 0.0908675 0.550341 0.165436 0.152861 
9.67671e-06 8.47192e-05 0.000644156 0.00199839 0.00700522 0.0511385 0.0430295 0.16208 0.344852 0.389159 
1.2633e-09 1.20405e-09 8.64055e-09 1.15242e-07 2.38995e-06 5.04115e-05 0.000281961 0.00968787 0.955681 0.0342966 
8.21491e-23 4.92318e-20 1.44727e-17 1.32171e-14 1.20092e-12 6.73933e-10 3.21492e-08 2.22645e-06 0.000318986 0.999679 
1.91957e-15 3.40803e-14 2.87533e-13 2.24362e-11 2.60454e-09 1.70803e-08 4.92809e-07 8.83922e-05 0.00380409 0.996107 
9.73129e-05 0.000226083 0.00211837 0.00902705 0.0425935 0.101344 0.461104 0.154116 0.126093 0.103282 
0.000143093 0.000406293 0.00409977 0.0183876 0.362074 0.138111 0.145598 0.157123 0.114919 0.0591395 
0.000245332 0.00215623 0.0142713 0.0553367 0.0753155 0.305221 0.201317 0.12448 0.113325 0.108332 
6.53302e-06 7.31844e-05 0.000652361 0.0015373 0.00447599 0.0122552 0.0290919 0.0743996 0.707796 0.169711 
1.18483e-10 2.32354e-10 1.3591e-09 1.05532e-08 1.49574e-07 7.75281e-07 3.72123e-06 2.27412e-05 0.000334593 0.999638 
3.0993e-13 6.23312e-12 7.07754e-11 4.67291e-09 3.21255e-07 2.61895e-06 5.4903e-05 0.000941549 0.0120436 0.986957 
2.04348e-07 5.10851e-07 3.13579e-06 2.23015e-05 0.000325911 0.00208705 0.0093338 0.0472449 0.101671 0.839311 
3.26678e-07 8.76814e-07 5.63701e-06 2.96388e-05 0.00021753 0.00214109 0.00516036 0.0228779 0.826762 0.142804 
0.00478306 0.0360919 0.114793 0.374609 0.238389 0.145888 0.0581767 0.0187477 0.00678453 0.00173704 
3.23598e-07 1.2267e-06 7.40706e-06 2.95555e-05 0.000181439 0.00115338 0.00180023 0.00556987 0.0219083 0.969348 
9.57508e-07 4.01127e-06 2.49423e-05 9.98037e-05 0.000675148 0.00285376 0.00534333 0.0138292 0.0251108 0.952058 
0.000234575 0.00330288 0.0125496 0.0879309 0.110304 0.272487 0.21894 0.105477 0.0958668 0.0929069 
0.00069543 0.00503036 0.0202589 0.0696445 0.15048 0.235823 0.375787 0.0931564 0.0371323 0.0119921 
3.88539e-05 0.000367766 0.00334692 0.0117681 0.0259324 0.0519595 0.081913 0.142998 0.470281 0.211395 
0.00804221 0.0644008 0.202715 0.238255 0.207966 0.144376 0.0965234 0.0252966 0.00976272 0.0026617 
5.49898e-05 0.000256329 0.00323528 0.0102822 0.0212334 0.058782 0.2933 0.181968 0.334354 0.0965332 
1.79436e-06 8.11206e-06 6.02389e-05 0.000269543 0.00159532 0.00550933 0.0118364 0.0364593 0.0652644 0.878996 
3.62704e-05 4.63728e-05 0.000361462 0.00165928 0.0223105 0.0809499 0.125905 0.409166 0.218239 0.141326 
0.000204169 0.00125135 0.00751886 0.0278776 0.0852464 0.43427 0.179814 0.152113 0.0829957 0.0287096 
6.68407e-05 0.000319964 0.00363758 0.0111133 0.0250578 0.0614838 0.395789 0.227825 0.206934 0.0677732 
3.61121e-06 1.57046e-05 0.000116641 0.00051427 0.00324959 0.0116294 0.0252034 0.068311 0.68302 0.207936 
0.000151724 0.00104861 0.00685185 0.0249175 0.3293 0.159293 0.17932 0.166783 0.0968929 0.0354413 
6.6583e-07 2.5989e-06 1.6885e-05 9.98439e-05 0.000882256 0.00370966 0.0149293 0.714234 0.137358 0.128768 
9.26577e-08 2.55623e-07 2.05465e-06 8.76829e-06 4.27487e-05 0.000246808 0.000405497 0.00228666 0.0171064 0.979901 
0.000198006 0.00146696 0.00960627 0.0333687 0.0818853 0.150017 0.369555 0.174334 0.120152 0.0594171 
2.99958e-07 1.19409e-06 8.82016e-06 3.43174e-05 0.000232951 0.00121418 0.00319281 0.0160582 0.365798 0.613459 
0.00030438 0.00162044 0.00828513 0.0291035 0.0803333 0.372434 0.205582 0.173366 0.0941635 0.0348083 
2.48078e-06 1.7521e-05 0.000124652 0.000415599 0.00198116 0.00709016 0.0174459 0.290254 0.34436 0.338308 
0.00169732 0.089964 0.0551627 0.192829 0.288831 0.216853 0.0994038 0.0364445 0.0150172 0.00379665 
4.2262e-06 2.86787e-05 0.000262934 0.00080765 0.00373848 0.011892 0.0269657 0.0744491 0.666324 0.215528 
5.73169e-06 2.60553e-05 0.000199751 0.000893134 0.0069156 0.0272279 0.0767289 0.539523 0.165334 0.183146 
9.77542e-05 0.00117365 0.00478011 0.0182637 0.105925 0.0978277 0.357957 0.17559 0.10143 0.136955 
8.26644e-10 4.26216e-10 2.39579e-09 3.97589e-08 1.24933e-06 1.19986e-05 0.00015145 0.00419222 0.0315677 0.964075 
3.65483e-07 1.90072e-06 1.51977e-05 6.26546e-05 0.000412137 0.00200237 0.00557391 0.404271 0.47902 0.108641 
0.000853765 0.0146804 0.0532902 0.123954 0.372367 0.180322 0.108902 0.0795862 0.0487721 0.0172723 
1.53581e-06 6.82649e-06 5.09319e-05 0.00021634 0.00128683 0.00493607 0.0105241 0.0352863 0.321547 0.626144 
3.79112e-06 4.05551e-06 2.608e-05 0.000174814 0.00446829 0.00863064 0.0460527 0.181707 0.506704 0.252229 
1.71703e-06 5.18234e-06 3.62399e-05 0.000241927 0.00292057 0.0083206 0.0285232 0.0898743 0.165137 0.704939 
3.03918e-06 1.56546e-05 9.40383e-05 0.000463761 0.00358757 0.0116696 0.0377654 0.11266 0.168924 0.664818 
1.14081e-06 4.72868e-06 4.25246e-05 0.000239944 0.0018817 0.00883723 0.153499 0.538266 0.0763255 0.220902 
7.26522e-10 1.62236e-09 1.59472e-08 1.66285e-07 4.0807e-06 5.12706e-05 0.000339933 0.00441897 0.024792 0.970394 
3.50032e-07 1.05811e-06 6.19823e-06 3.25005e-05 0.000251384 0.00168829 0.0042737 0.0233163 0.0971898 0.87324 
4.29788e-06 1.65495e-05 0.000126431 0.000720612 0.00689775 0.0361152 0.519879 0.147737 0.142354 0.146149 
0.000219711 0.00145151 0.00831324 0.0321979 0.0889437 0.163775 0.451232 0.157667 0.0723124 0.0238875 
1.66544e-05 0.000110944 0.00110517 0.00417402 0.0171211 0.0599097 0.465694 0.198337 0.158875 0.0946555 
7.75098e-06 5.38058e-05 0.00048662 0.00177986 0.0095564 0.0238285 0.0612077 0.135938 0.18215 0.584991 
6.05962e-06 3.69305e-05 0.000308084 0.00122217 0.00781404 0.191756 0.266159 0.217155 0.162995 0.152548 
1.5032e-06 5.31118e-06 3.50637e-05 0.000221985 0.00297921 0.0125476 0.052527 0.650065 0.146343 0.135274 
0.000115289 0.000630936 0.00388696 0.0130629 0.0293034 0.0731648 0.140829 0.534489 0.129448 0.0750702 
3.76676e-05 0.000256446 0.00194944 0.0136161 0.0600442 0.0637592 0.103584 0.21517 0.443091 0.0984919 
0.000126445 0.000689579 0.00583742 0.0191969 0.0641594 0.128926 0.171457 0.43229 0.116882 0.060435 
2.92464e-07 1.37057e-06 9.40109e-06 4.3047e-05 0.000299638 0.000972338 0.00166919 0.00936107 0.0486006 0.939043 
9.67226e-06 0.000110572 0.00115359 0.00320235 0.00566378 0.0147401 0.0333116 0.0861205 0.669427 0.186261 
2.42568e-06 1.05473e-05 7.62754e-05 0.000333956 0.00237987 0.00850325 0.0228226 0.0676098 0.118998 0.779263 
0.00334577 0.0528929 0.580305 0.252071 0.0746327 0.0271338 0.00698323 0.00196401 0.000549284 0.000121796 
3.59752e-06 1.50286e-05 0.000198912 0.000894436 0.00372389 0.0125555 0.0308413 0.0747787 0.121111 0.755877 
7.55828e-05 0.00124133 0.00509072 0.0161169 0.0359113 0.0593996 0.0866025 0.500182 0.1664 0.12898 
3.08603e-09 1.3596e-08 1.42667e-07 5.3972e-07 5.43854e-06 3.87942e-05 0.00020781 0.00292553 0.021086 0.975736 
4.27439e-07 1.15806e-06 6.72454e-06 3.73105e-05 0.00064531 0.00340535 0.0178764 0.274202 0.477619 0.226206 
6.97333e-07 2.85525e-06 1.87304e-05 7.84922e-05 0.000749955 0.00368948 0.01442 0.0597864 0.111129 0.810124 
9.18963e-05 0.000685309 0.00219065 0.00637042 0.0254484 0.164817 0.151452 0.356956 0.193183 0.0988045 
4.72465e-08 1.09934e-07 8.33647e-07 6.69602e-06 7.99121e-05 0.000760751 0.00209689 0.0176881 0.0613473 0.918019 
1.55103e-24 2.65328e-21 9.28494e-19 9.30979e-16 1.51647e-13 7.63745e-11 3.66488e-08 1.36624e-05 0.00405798 0.995928 
6.03194e-05 0.0010489 0.00261954 0.0101725 0.034128 0.0697759 0.124622 0.555574 0.141008 0.0609896 
9.26199e-25 1.69992e-21 5.9006e-19 5.80239e-16 1.29334e-13 7.30215e-11 8.57301e-08 7.02924e-05 0.00340391 0.996526 
0.000160615 0.00147671 0.0103935 0.0395625 0.122238 0.441763 0.178412 0.123655 0.0616485 0.0206907 
5.67946e-07 2.15701e-06 1.45739e-05 7.99971e-05 0.000836668 0.00361702 0.0254565 0.736886 0.130266 0.102841 
7.01565e-06 7.79346e-05 0.000685652 0.00175389 0.00509749 0.0141161 0.0314077 0.0774322 0.130237 0.739185 
0.00827686 0.0660737 0.0916448 0.294959 0.225345 0.230916 0.0610017 0.015189 0.00531749 0.00127601 
0.000441869 0.00683371 0.0217846 0.0974366 0.199311 0.217146 0.351522 0.0735165 0.0263744 0.00563215 
1.03573e-08 2.09821e-08 2.12845e-07 1.99262e-06 3.42159e-05 0.000484183 0.000942828 0.00891389 0.0363045 0.953318 
2.70153e-06 1.12497e-05 7.77812e-05 0.000328666 0.00197482 0.00832046 0.0178983 0.0584902 0.130323 0.782573 
0.00219666 0.0175044 0.0612243 0.151488 0.447573 0.160263 0.0806587 0.0438412 0.0260276 0.00922279 
8.84349e-08 4.14882e-07 3.52042e-06 2.34032e-05 0.000149792 0.000266009 0.000461269 0.00449649 0.0265627 0.968036 
2.44115e-06 1.32811e-05 0.000107481 0.000368069 0.00193425 0.00715194 0.0144838 0.0484285 0.103448 0.824062 
1.2948e-06 5.5502e-06 3.63989e-05 0.000245425 0.00136258 0.00532044 0.0125152 0.0398214 0.0857218 0.85497 
5.51089e-05 0.000575575 0.00515999 0.0178674 0.0363782 0.0612638 0.0860789 0.145816 0.15133 0.495474 
1.20207e-09 2.8022e-09 2.85817e-08 2.65858e-07 5.72558e-06 5.36906e-05 0.000360421 0.00748473 0.0442272 0.947868 
2.01199e-08 1.07179e-07 9.31135e-07 3.81278e-06 2.47005e-05 8.16925e-05 0.000100331 0.000189689 0.000665628 0.998933 
0.000251165 0.00128222 0.00541287 0.0183969 0.211974 0.327021 0.166984 0.159061 0.0801476 0.0294698 
2.28632e-06 9.71739e-06 7.39715e-05 0.000305195 0.00180016 0.00743537 0.0167097 0.0415772 0.0719343 0.860152 
4.92825e-05 0.000429018 0.00402761 0.0143952 0.0338443 0.0765967 0.463929 0.200715 0.142615 0.063398 
4.17987e-07 1.85113e-06 1.38024e-05 8.09061e-05 0.000511063 0.0013938 0.00284264 0.0101162 0.626534 0.358505 
8.82647e-05 0.00027535 0.00181163 0.00890599 0.0381434 0.102745 0.500438 0.167662 0.112374 0.067556 
9.6662e-07 4.73128e-06 3.73182e-05 0.000175126 0.000990857 0.00306012 0.00616567 0.0251143 0.842509 0.121942 
8.84585e-13 1.14261e-11 8.94632e-11 3.62081e-09 4.11319e-07 2.80552e-06 8.48393e-05 0.00159897 0.00737809 0.990935 
0.000131323 0.000225637 0.00180119 0.00882263 0.0458992 0.341917 0.156289 0.18333 0.151173 0.110411 
1.06297e-09 2.26398e-09 1.72958e-08 1.89077e-07 2.69336e-06 3.74383e-05 0.0001476 0.000581852 0.00402483 0.995205 
4.42899e-06 2.19344e-05 0.000248336 0.00114141 0.00739119 0.0272574 0.205201 0.562605 0.112504 0.0836252 
3.40226e-13 5.02056e-13 3.47226e-12 4.58584e-11 1.67402e-09 1.01346e-08 4.06301e-07 1.17979e-06 0.000639673 0.999359 
3.253e-06 9.37567e-06 0.00010262 0.000574372 0.00313104 0.0255884 0.0833334 0.168234 0.438887 0.280137 
4.23191e-06 1.6697e-05 0.000128581 0.000625403 0.00485063 0.0182456 0.0595413 0.592012 0.160824 0.163751 
3.14326e-05 0.000414969 0.00213154 0.00793617 0.0266016 0.47602 0.142067 0.148511 0.119939 0.0763478 
6.72555e-06 5.29448e-05 0.000478575 0.00159406 0.00664359 0.0174365 0.0417871 0.104607 0.14046 0.686934 
5.99261e-24 7.48015e-21 2.46256e-18 2.18974e-15 2.65368e-13 2.35217e-10 3.48933e-08 1.9871e-05 0.00207315 0.997907 
1.94244e-05 0.000154526 0.000815553 0.00305903 0.0155658 0.150186 0.198893 0.346001 0.165944 0.119361 
4.75663e-24 6.59792e-21 2.22258e-18 2.08424e-15 3.38397e-13 2.33687e-10 1.35091e-07 0.000105536 0.00604406 0.99385 
3.42048e-06 2.7235e-05 0.00024279 0.000641619 0.00265018 0.00875117 0.0170893 0.0536637 0.0945385 0.822392 
0.000179729 0.0015511 0.00745745 0.0291079 0.17713 0.170715 0.352014 0.136821 0.0977714 0.0272518 
4.22533e-06 3.00416e-05 0.000219878 0.000968123 0.00441569 0.011215 0.0285974 0.249781 0.0995808 0.605188 
8.46162e-07 3.08735e-06 1.82004e-05 8.26714e-05 0.000617776 0.00348886 0.00990587 0.0445027 0.778795 0.162585 
4.9177e-13 9.46253e-12 9.70417e-11 6.67201e-09 5.49492e-07 3.79946e-06 7.50972e-05 0.00181353 0.0206779 0.977429 
4.15665e-05 0.00126759 0.00671466 0.0247717 0.196805 0.0683519 0.0729487 0.181192 0.0824001 0.365508 
2.57304e-14 4.9919e-13 3.61784e-12 2.47575e-10 3.26312e-08 4.34566e-07 1.75651e-05 0.00217236 0.0127172 0.985092 
3.23367e-06 1.23589e-05 8.56915e-05 0.000420493 0.00322933 0.0112638 0.0274791 0.0845811 0.675375 0.19755 
3.51865e-06 2.45898e-05 0.000216777 0.000616187 0.00287263 0.009815 0.0210101 0.0601842 0.111231 0.794026 
6.44929e-13 1.46325e-11 1.30561e-10 7.82505e-09 7.52804e-07 4.99668e-06 0.000130441 0.00265826 0.019642 0.977563 
4.86195e-06 4.10097e-05 0.000400794 0.000976156 0.00390866 0.0134989 0.0306548 0.0786274 0.130312 0.741576 
0.00016258 0.00141501 0.00556991 0.0210755 0.0595233 0.125271 0.186731 0.424531 0.126132 0.0495884 
2.61919e-05 0.000276936 0.00312575 0.0105198 0.0183418 0.0338837 0.0662195 0.135443 0.5757 0.156464 
9.16969e-16 1.35726e-14 4.54781e-14 3.58253e-12 3.35959e-10 2.14874e-08 2.30684e-06 0.000236542 0.00690652 0.992855 
1.71677e-06 6.11699e-06 4.24607e-05 0.000187804 0.00184586 0.0120471 0.0424971 0.606856 0.151159 0.185356 
5.83888e-05 0.000422696 0.00299571 0.0113318 0.0326745 0.0861383 0.525289 0.190798 0.103257 0.0470343 
6.14938e-07 2.62763e-06 2.07866e-05 9.50665e-05 0.00061558 0.00231976 0.00508506 0.020462 0.0541808 0.917218 
4.2972e-06 3.13957e-05 0.000299438 0.00113984 0.00511341 0.0132562 0.0363625 0.0961614 0.153043 0.694589 
2.57987e-26 3.22755e-23 1.167e-20 1.32849e-17 2.50018e-15 1.45673e-12 9.89406e-10 7.88632e-07 0.00129287 0.998706 
4.9171e-06 5.18197e-05 0.000430997 0.00107437 0.00375355 0.0117264 0.0327204 0.426366 0.283165 0.240706 
2.31601e-14 7.25149e-14 3.03239e-13 1.33975e-11 9.79861e-10 6.42331e-08 5.36579e-06 0.000474355 0.0100235 0.989497 
1.31504e-06 5.6614e-06 4.40204e-05 0.00021049 0.00212486 0.0121046 0.637661 0.10639 0.122598 0.118859 
1.07916e-07 6.12521e-07 5.56593e-06 2.50552e-05 9.66649e-05 0.000195414 0.000879954 0.00289425 0.00505515 0.990847 
4.87298e-25 8.90393e-22 3.17802e-19 3.32288e-16 6.50099e-14 3.39258e-11 1.8834e-08 9.42715e-06 0.00268503 0.997306 
3.00381e-06 1.29002e-05 9.4584e-05 0.000414876 0.0024314 0.00958418 0.0199681 0.0620829 0.132017 0.773391 
5.19004e-07 1.84102e-06 1.48866e-05 7.11054e-05 0.00124111 0.0242294 0.40436 0.163148 0.249403 0.15753 
9.63942e-06 7.75345e-05 0.000771327 0.00221143 0.010613 0.0379763 0.255679 0.373594 0.17403 0.145037 
0.00410809 0.0175098 0.0746547 0.315982 0.254077 0.189992 0.0939268 0.0321581 0.0144118 0.00317926 
0.000234968 0.00244197 0.0117855 0.0457699 0.225971 0.249871 0.214644 0.168644 0.0600212 0.0206161 
4.26133e-05 0.000374432 0.00356074 0.0124154 0.0288465 0.0610364 0.109086 0.549701 0.158287 0.0766503 
0.00168833 0.0072746 0.0339345 0.122504 0.231396 0.423795 0.121996 0.0407193 0.0136567 0.00303638 
2.12971e-06 1.06454e-05 6.92805e-05 0.000302243 0.00181708 0.00686266 0.0167967 0.153558 0.50512 0.315462 
5.38463e-06 3.27735e-05 0.000294283 0.00116899 0.00667864 0.0205907 0.0523438 0.133452 0.632616 0.152817 
2.91172e-07 1.46422e-06 1.27839e-05 4.47052e-05 0.000475143 0.00262111 0.0128536 0.0701268 0.847686 0.0661776 
8.68091e-08 2.82244e-07 1.76531e-06 9.26911e-06 7.85522e-05 0.000495904 0.0017684 0.0140371 0.658645 0.324964 
2.18759e-06 8.35995e-06 6.14711e-05 0.000329567 0.00297447 0.0102377 0.229145 0.329744 0.183575 0.243923 
3.40632e-07 1.03408e-06 6.55266e-06 2.88181e-05 0.000171731 0.00119416 0.00220286 0.00567438 0.0122326 0.978487 
2.44452e-05 0.000941931 0.00677815 0.0413072 0.437791 0.128451 0.110467 0.105896 0.0853444 0.082999 
5.66351e-08 3.21068e-08 2.04653e-07 2.45877e-06 4.20384e-05 0.000529658 0.00211549 0.0140313 0.0508564 0.932422 
2.20511e-07 1.03713e-06 8.83547e-06 3.80117e-05 0.00021731 0.000961665 0.00259175 0.0232745 0.870076 0.102831 
1.55585e-06 6.14707e-06 3.92013e-05 0.000150133 0.000976182 0.00458501 0.00886049 0.0235215 0.0565417 0.905318 
1.16552e-07 5.82246e-07 4.52998e-06 2.29446e-05 0.000123491 0.000354513 0.000731559 0.00226518 0.00544492 0.991052 
0.000161068 0.00185347 0.0117923 0.034301 0.370808 0.180481 0.147051 0.117759 0.0783197 0.0574731 
5.21667e-06 4.85081e-05 0.000418567 0.000989042 0.00370884 0.0121393 0.0246305 0.0581515 0.102792 0.797117 
5.32418e-05 0.000465589 0.00331296 0.0109482 0.039713 0.0521444 0.116522 0.373938 0.307815 0.0950878 
1.40696e-09 7.90753e-09 5.30048e-08 1.88159e-07 1.03615e-06 4.155e-06 9.05985e-06 5.41879e-05 0.00323379 0.996698 
8.11163e-06 7.57199e-05 0.000734413 0.00208051 0.00737299 0.0208709 0.0549544 0.138729 0.623261 0.151913 
6.80376e-05 0.000287747 0.00249659 0.0233574 0.0369113 0.110742 0.150932 0.491175 0.116278 0.0677528 
2.58768e-14 3.49511e-13 2.87487e-12 6.72402e-11 5.20369e-09 3.2304e-07 5.45989e-07 0.000156409 0.00534497 0.994498 
4.27115e-06 3.11637e-05 0.000268246 0.000758565 0.00368295 0.0118545 0.0268393 0.0694971 0.16846 0.718604 
7.1473e-06 5.84102e-05 0.000371771 0.00134601 0.00545728 0.0137394 0.297888 0.369436 0.156815 0.154882 
1.86425e-06 7.69299e-06 5.56241e-05 0.000260014 0.00149423 0.00568061 0.0120887 0.298271 0.281807 0.400333 
0.00251948 0.0230074 0.0729324 0.240365 0.351533 0.221688 0.0604942 0.0190109 0.00654443 0.00190566 
0.000126344 0.000576388 0.00350942 0.0131819 0.0497168 0.350771 0.114645 0.261752 0.128442 0.0772791 
8.47945e-06 4.47206e-05 0.000377963 0.00182862 0.0106725 0.0389429 0.268033 0.399651 0.163428 0.117013 
6.98806e-06 4.62291e-05 0.000415388 0.00139821 0.00769937 0.0235318 0.0652816 0.147567 0.595263 0.158791 
1.72023e-06 7.71735e-06 5.07645e-05 0.000245002 0.00172963 0.00706707 0.518511 0.184097 0.14848 0.13981 
1.51653e-06 6.27294e-06 4.94963e-05 0.000228965 0.00131557 0.00545614 0.0138157 0.0455783 0.699255 0.234293 
1.64968e-11 7.8624e-11 9.11478e-10 1.29724e-08 9.98222e-07 7.21416e-06 0.000341081 0.181126 0.313434 0.50509 
0.000199198 0.0013058 0.00859226 0.0330503 0.141092 0.321305 0.137407 0.197518 0.101768 0.0577611 
1.21675e-05 9.30711e-05 0.000626334 0.00276295 0.0121266 0.0320987 0.077347 0.137718 0.53616 0.201055 
4.72192e-06 3.75138e-05 0.000394496 0.00128623 0.00513434 0.0126667 0.0366244 0.0842043 0.114439 0.745208 
0.000319977 0.00262527 0.0125366 0.0415087 0.104128 0.313295 0.320691 0.125075 0.0618187 0.0180019 
2.35356e-08 3.97781e-08 2.43373e-07 2.23398e-06 8.1414e-05 0.00064976 0.00418852 0.397393 0.307748 0.289937 
2.81649e-07 1.04659e-06 6.01434e-06 4.62813e-05 0.000556754 0.00218751 0.0122762 0.0524499 0.601467 0.331009 
6.92045e-06 9.61032e-06 8.90485e-05 0.000537301 0.00344762 0.0159712 0.0407812 0.141883 0.670157 0.127117 
5.71128e-06 3.01472e-05 0.000231101 0.00107393 0.00589803 0.0173281 0.0367374 0.0806076 0.193639 0.664449 
4.58673e-06 1.95377e-05 0.000144852 0.00072084 0.00598192 0.0163469 0.0463659 0.594655 0.175634 0.160126 
4.82789e-06 3.52596e-05 0.000301451 0.00119144 0.00538059 0.0142187 0.0357142 0.0808008 0.14133 0.721023 
4.05849e-25 7.4516e-22 2.59912e-19 2.59367e-16 6.89043e-14 4.24044e-11 6.25018e-08 5.61963e-05 0.00341585 0.996528 
0.0002759 0.0012157 0.00819797 0.0328756 0.0831345 0.267447 0.232243 0.174967 0.151484 0.0481596 
1.65502e-06 1.79278e-05 0.000163873 0.00041386 0.00121516 0.00416832 0.00975614 0.0438312 0.098604 0.841828 
2.1263e-06 8.89587e-06 5.81467e-05 0.000246242 0.0015327 0.00633393 0.0123194 0.0324533 0.0620028 0.885042 
9.81526e-07 4.90817e-06 3.97093e-05 0.00018252 0.00100808 0.00313956 0.00750148 0.0250119 0.0615899 0.901521 
3.4982e-06 9.682e-06 7.35238e-05 0.000403233 0.00281092 0.0236296 0.0587397 0.129042 0.620478 0.164809 
5.70216e-09 5.85419e-09 4.73876e-08 4.73902e-07 7.87539e-06 0.000150396 0.000373808 0.00386894 0.947628 0.0479704 
1.02714e-06 3.55099e-06 2.02921e-05 0.000124749 0.00134144 0.00584921 0.0209399 0.0740151 0.777798 0.119907 
0.000192709 0.00211045 0.00929145 0.0343547 0.224141 0.136392 0.152375 0.286748 0.107737 0.0466577 
0.000380114 0.00518663 0.0216972 0.108409 0.207607 0.376161 0.133658 0.0917842 0.0424875 0.0126285 
5.81976e-06 6.06153e-05 0.000527497 0.00139612 0.0047714 0.0133225 0.0784658 0.312942 0.0967914 0.491717 
4.51433e-06 1.74426e-05 0.000187263 0.000888059 0.00636198 0.0229687 0.0657309 0.149925 0.629586 0.12433 
5.6806e-11 1.72975e-10 1.58477e-09 1.84444e-08 3.76355e-07 7.68125e-06 6.11907e-05 0.000399639 0.00131706 0.998214 
0.00165809 0.0139882 0.0457257 0.162728 0.331319 0.328535 0.0854698 0.022374 0.00644229 0.00176053 
6.98321e-06 6.81813e-05 0.00042192 0.00185875 0.00714889 0.0170294 0.0487028 0.636214 0.203692 0.0848574 
8.02408e-06 6.42426e-05 0.000629288 0.00208902 0.011679 0.0475849 0.530292 0.156262 0.140298 0.111094 
4.41975e-06 3.71094e-05 0.000372039 0.00120283 0.00419759 0.0125456 0.0341351 0.0878343 0.135092 0.724579 
1.76733e-06 9.95215e-06 6.88937e-05 0.000281463 0.00155179 0.00535427 0.0121394 0.0306821 0.0584374 0.891473 
2.57223e-08 7.26946e-08 6.29803e-07 8.661e-06 9.85644e-05 0.000265735 0.00125048 0.00788366 0.448072 0.54242 
6.21846e-05 0.000235388 0.00122634 0.00586064 0.0230489 0.0647042 0.125469 0.577854 0.133032 0.0685083 
4.48733e-07 2.262e-06 1.63223e-05 9.06349e-05 0.000520003 0.00127642 0.00254089 0.00655605 0.0194683 0.969529 
7.28258e-05 0.000363537 0.0023774 0.00870811 0.0242256 0.0522889 0.0772828 0.127039 0.134087 0.573554 
0.000225988 0.000753763 0.00521893 0.0234877 0.0873585 0.369663 0.177315 0.16675 0.105988 0.0632393 
0.000463682 0.00880054 0.0229788 0.108924 0.24158 0.256239 0.175717 0.11336 0.0528908 0.0190454 
1.22015e-05 7.82803e-05 0.000707014 0.00316047 0.0150049 0.0493991 0.481881 0.165278 0.155299 0.129179 
2.48586e-06 1.16337e-05 8.1097e-05 0.000358744 0.00199152 0.00736007 0.0159453 0.0458367 0.092779 0.835633 
3.25777e-05 0.000307563 0.00302461 0.0109439 0.0271597 0.0583666 0.102784 0.179825 0.184369 0.433186 
2.10846e-05 0.000188127 0.00104709 0.00382853 0.0149863 0.0295536 0.0639394 0.146687 0.566113 0.173636 
2.13469e-06 2.00735e-06 1.54517e-05 9.14466e-05 0.000851246 0.00337154 0.0292378 0.309346 0.54031 0.116772 
6.89045e-06 4.52425e-05 0.000423934 0.00182542 0.00785782 0.0170947 0.044493 0.095994 0.150142 0.682117 
9.63923e-09 2.09561e-08 2.12128e-07 1.97447e-06 3.52905e-05 0.0004477 0.00120869 0.0104449 0.0342825 0.953579 
8.22512e-22 3.68851e-19 9.2609e-17 7.38824e-14 6.952e-12 3.29834e-09 5.97155e-07 0.000182684 0.00766296 0.992154 
1.34355e-06 5.17307e-06 3.24381e-05 0.000145315 0.000960341 0.00412175 0.00867944 0.0213599 0.0488149 0.915879 
0.00023315 0.0012727 0.00662428 0.0242918 0.0728964 0.139457 0.188402 0.184431 0.34802 0.034372 
1.00911e-05 8.8387e-05 0.000584896 0.00258845 0.0119668 0.0256866 0.0541024 0.219536 0.313806 0.37163 
1.07884e-05 8.63093e-05 0.000737618 0.00232684 0.00885148 0.0250185 0.0584093 0.12494 0.619336 0.160283 
1.67903e-06 7.71728e-06 5.88406e-05 0.00024344 0.00143886 0.00550036 0.0114009 0.0396216 0.0991166 0.84261 
1.60866e-05 0.000125329 0.00137726 0.00528812 0.0255834 0.399601 0.126903 0.168125 0.155565 0.117415 
0.000221438 0.000651344 0.00416407 0.0186504 0.0700518 0.401865 0.176012 0.152818 0.0993036 0.0762631 
2.30551e-08 1.11093e-07 9.55744e-07 3.2807e-06 1.64578e-05 5.63956e-05 0.000482173 0.00435454 0.032414 0.962672 
1.74693e-07 4.7411e-07 3.22023e-06 1.91429e-05 0.000260865 0.00100331 0.00362331 0.0197606 0.0616488 0.91368 
2.98316e-09 1.34951e-08 6.87995e-08 2.37782e-07 2.49223e-06 1.65741e-05 0.000254668 0.00483093 0.0343101 0.960585 
5.40755e-06 3.09012e-05 0.000308769 0.00108275 0.00500643 0.0149759 0.0365964 0.101949 0.404077 0.435968 
1.12323e-06 3.38996e-06 2.00329e-05 9.16841e-05 0.000699788 0.0041622 0.0129037 0.0425679 0.78694 0.15261 
5.76339e-14 1.71496e-12 1.45967e-11 6.97636e-10 7.6059e-08 6.99735e-07 1.52299e-05 0.000475259 0.00365007 0.995859 
5.7383e-06 6.43052e-05 0.000639334 0.00165903 0.00318 0.00927283 0.0207822 0.515821 0.197899 0.250676 
0.0038747 0.0216114 0.0902911 0.216708 0.370653 0.196241 0.0647413 0.022409 0.0100762 0.00339401 
2.30551e-08 2.50398e-08 1.90242e-07 1.77778e-06 2.78929e-05 0.000306115 0.00120556 0.00961558 0.027882 0.960961 
1.13666e-07 4.80563e-07 2.55733e-06 8.91215e-06 5.46652e-05 0.000241348 0.000434385 0.00321689 0.0242559 0.971785 
7.86847e-08 2.71562e-07 1.83874e-06 2.00547e-05 0.000295097 0.00105347 0.00397066 0.0292115 0.651522 0.313925 
1.72959e-06 7.15911e-06 4.65578e-05 0.00021626 0.0012773 0.0049053 0.00976513 0.0321185 0.816543 0.135119 
0.00102635 0.0120754 0.167604 0.488971 0.156874 0.0984089 0.0449671 0.02321 0.00539354 0.00146897 
1.14402e-07 1.15277e-07 7.43573e-07 5.7789e-06 7.22968e-05 0.000682219 0.00287887 0.0146436 0.0572042 0.924512 
5.83156e-08 7.72157e-08 5.90533e-07 6.59635e-06 0.000229065 0.00149807 0.00741428 0.771092 0.129342 0.0904179 
1.23766e-06 5.63607e-06 8.02588e-05 0.000353402 0.000925671 0.00415258 0.010492 0.0356962 0.0863635 0.86193 
1.22473e-05 8.28967e-05 0.000806839 0.00271829 0.0134208 0.040142 0.0995531 0.181639 0.54165 0.119975 
6.90311e-07 2.82078e-06 1.51919e-05 5.9242e-05 0.000327814 0.00179828 0.00456751 0.022583 0.873052 0.0975934 
0.00464133 0.219105 0.0886288 0.134449 0.248519 0.117556 0.105838 0.0551889 0.0199432 0.00613201 
0.000124045 4.11928e-05 0.000203487 0.00240018 0.0250422 0.453879 0.138077 0.138186 0.118804 0.123243 
7.24067e-13 1.09989e-11 9.76162e-11 6.16217e-09 6.03507e-07 4.58957e-06 0.000173378 0.00675423 0.937834 0.0552329 
1.39569e-06 5.52185e-06 3.65601e-05 0.000180952 0.00140069 0.00557066 0.0140428 0.138175 0.188704 0.651882 
0.000442518 0.00413194 0.0117167 0.0374333 0.0957833 0.166427 0.187999 0.39814 0.0760918 0.0218353 
1.54822e-06 5.15857e-06 3.04646e-05 0.000147483 0.00136254 0.00763973 0.0343017 0.697276 0.126295 0.13294 
1.3301e-06 5.22465e-06 3.90545e-05 0.000162974 0.00126118 0.00554913 0.0184903 0.156293 0.181536 0.636662 
9.40168e-07 3.25115e-06 1.89757e-05 0.000136983 0.00154436 0.00502683 0.0154745 0.0530643 0.120224 0.804506 
1.95786e-06 9.33632e-06 6.94225e-05 0.000314729 0.00185461 0.00601632 0.0122357 0.0326726 0.0587396 0.888086 
6.45329e-07 2.31627e-06 1.50107e-05 6.18746e-05 0.000426457 0.00222644 0.00518632 0.0238295 0.817969 0.150283 
0.000664039 0.00506181 0.0219754 0.0769689 0.153847 0.307904 0.30065 0.0880464 0.0334882 0.0113944 
1.31473e-06 6.0866e-06 4.86614e-05 0.00022429 0.00126084 0.00386615 0.0104471 0.0383159 0.0892313 0.856598 
3.38163e-06 1.48688e-05 0.000151629 0.000736582 0.00334397 0.0117693 0.0246647 0.0642657 0.71839 0.17666 
3.64065e-05 0.000381289 0.00406934 0.0127038 0.0221432 0.0460976 0.0751944 0.143505 0.163101 0.532767 
9.7195e-09 2.03318e-08 2.07815e-07 1.91505e-06 3.2348e-05 0.000424251 0.000896739 0.0142033 0.896491 0.08795 
1.48726e-06 6.75093e-06 4.53846e-05 0.000207264 0.00132374 0.0049159 0.00991095 0.0379089 0.788076 0.157604 
3.82315e-06 3.97544e-05 0.000322324 0.000752242 0.00279594 0.00994001 0.0263827 0.0794487 0.724294 0.156021 
6.89508e-06 3.21498e-05 0.000322634 0.00155854 0.00766184 0.0236444 0.0567079 0.144156 0.597398 0.168512 
5.2847e-06 3.19444e-05 0.000293958 0.00108982 0.00516245 0.016384 0.0376818 0.10051 0.151112 0.687728 
9.5744e-05 0.00049927 0.00331928 0.0124761 0.036664 0.0820686 0.480113 0.243245 0.0987986 0.0427204 
1.22618e-05 0.000109703 0.00121396 0.0039725 0.0114269 0.025911 0.0633435 0.135074 0.180011 0.578925 
0.0083584 0.0313441 0.123533 0.391393 0.196561 0.193135 0.0430227 0.0107603 0.00166231 0.000231077 
2.87356e-06 1.25876e-05 8.38654e-05 0.000403629 0.00256344 0.00862146 0.0187872 0.067925 0.731665 0.169935 
0.000206541 0.00164848 0.0122194 0.0409385 0.15462 0.326548 0.180768 0.155503 0.0903174 0.0372297 
6.9729e-14 1.39861e-12 1.57489e-11 1.04764e-09 7.48061e-08 5.2987e-07 8.0695e-06 7.01674e-05 0.000635851 0.999285 
0.000202807 0.00121621 0.00577611 0.0212893 0.0715791 0.433445 0.200461 0.158386 0.0780584 0.0295861 
1.87862e-06 6.34614e-06 4.2078e-05 0.000234615 0.00223 0.0091751 0.0273693 0.097128 0.70722 0.156593 
4.67867e-32 1.5275e-28 5.14011e-25 2.1641e-21 1.13953e-17 1.4201e-14 4.84848e-11 2.1654e-07 0.0011997 0.9988 
0.000138234 0.00248408 0.0064233 0.0222441 0.0557441 0.291321 0.239351 0.204364 0.142382 0.0355468 
4.69441e-06 2.17095e-05 0.000173749 0.000822611 0.00567307 0.0212453 0.0664772 0.156322 0.590304 0.158956 
1.87512e-06 7.12382e-06 4.33953e-05 0.000177322 0.00121086 0.00658805 0.014424 0.0457387 0.11026 0.821549 
2.167e-09 9.05418e-10 5.99236e-09 2.19611e-07 6.60606e-06 0.000250344 0.00037626 0.0103877 0.908885 0.0800934 
1.52999e-13 2.91263e-12 2.82131e-11 1.99202e-09 1.84764e-07 1.40972e-06 4.11187e-05 0.00109772 0.0181287 0.980731 
1.18717e-07 1.67823e-07 1.19569e-06 1.40301e-05 0.000258832 0.00163558 0.00708962 0.0451911 0.815693 0.130116 
0.000331375 0.00509703 0.0111793 0.0423526 0.102267 0.146453 0.171847 0.410076 0.0832678 0.0271287 
0.000123478 0.00154116 0.00602619 0.0234001 0.0660753 0.121928 0.166128 0.439023 0.128876 0.0468796 
6.9174e-17 1.59839e-15 1.11671e-14 6.83285e-13 9.31406e-11 4.64772e-10 3.33623e-08 3.70625e-07 0.00102661 0.998973 
9.66254e-06 6.65933e-05 0.000489752 0.00157582 0.00811372 0.0288247 0.453985 0.253667 0.148099 0.105168 
4.78761e-06 6.72815e-05 0.000565409 0.00121387 0.00316042 0.00888259 0.0160299 0.050111 0.137464 0.7825 
3.1956e-07 9.84552e-07 6.04371e-06 3.02688e-05 0.000255821 0.00167877 0.00490446 0.0234261 0.819781 0.149916 
1.67142e-06 5.91567e-06 3.64144e-05 0.000152308 0.00108608 0.00629159 0.015224 0.0625992 0.520925 0.393677 
1.11055e-07 3.70832e-07 2.34933e-06 1.48462e-05 0.000131324 0.00104492 0.00292807 0.0149457 0.0394758 0.941457 
3.80693e-06 1.56256e-05 0.000135848 0.000683586 0.00435812 0.0131472 0.0339226 0.0892736 0.671035 0.187424 
0.00380747 0.0294638 0.170889 0.449986 0.195074 0.107038 0.0317599 0.00875348 0.00259363 0.000634904 
2.23774e-06 9.04578e-06 6.32152e-05 0.000289439 0.00165962 0.00685643 0.0145189 0.0465038 0.102739 0.827358 
0.000182708 0.00114524 0.00385189 0.0184648 0.0738388 0.156599 0.438889 0.173882 0.0910781 0.0420688 
5.54906e-05 0.00040564 0.00315801 0.0109986 0.0258818 0.0960514 0.161499 0.174712 0.2777 0.249537 
3.67926e-06 1.41919e-05 0.00011105 0.000558103 0.00432251 0.0142725 0.0375331 0.13915 0.583901 0.220134 
1.37215e-07 2.26356e-07 1.526e-06 1.19737e-05 0.000137197 0.00105794 0.00419614 0.016961 0.050453 0.927181 
1.50778e-06 6.05156e-06 3.97767e-05 0.00020989 0.00170983 0.0192938 0.0455878 0.326449 0.498262 0.10844 
3.54671e-06 1.9784e-05 0.000178616 0.000591299 0.00279776 0.0102834 0.0220315 0.0639355 0.13385 0.766309 
3.22615e-06 9.36318e-06 8.4976e-05 0.000477282 0.00355829 0.0298146 0.116668 0.429753 0.313415 0.106216 
4.10073e-06 1.58138e-05 0.000189368 0.000905813 0.00482617 0.0156437 0.049819 0.610873 0.168594 0.149129 
1.4957e-05 0.000123161 0.000469404 0.0015116 0.00528906 0.0143435 0.0252621 0.0653748 0.13059 0.757022 
7.62021e-14 1.51472e-12 1.67407e-11 1.11829e-09 8.1705e-08 6.69379e-07 8.84738e-06 0.000218828 0.000948715 0.998823 
1.60507e-07 4.0751e-07 2.47722e-06 1.36159e-05 0.000152323 0.00124134 0.00357474 0.0205146 0.0737454 0.900755 
2.90008e-06 1.45575e-05 0.00011819 0.00042495 0.00251928 0.0103651 0.0338293 0.104176 0.67317 0.17538 
3.68512e-07 1.44823e-06 7.95083e-06 3.40359e-05 0.000299988 0.00120351 0.00363182 0.016069 0.0642633 0.914489 
9.38224e-05 0.000660474 0.0045099 0.0162287 0.0392435 0.104491 0.444525 0.204381 0.13289 0.0529753 
5.06277e-05 6.24738e-05 0.000452394 0.00169324 0.0082007 0.0248738 0.0593789 0.31222 0.243849 0.349219 
4.79796e-05 0.000719165 0.00368736 0.0126842 0.0329149 0.0582699 0.0998546 0.178281 0.504632 0.108908 
8.67517e-15 1.58469e-13 1.46499e-12 1.04551e-10 9.37741e-09 1.07289e-07 4.62542e-06 0.000255829 0.0051976 0.994542 
0.000182521 0.00175312 0.00640978 0.0249175 0.0795416 0.372448 0.245358 0.175843 0.0665965 0.0269495 
2.55461e-06 9.14452e-06 5.68644e-05 0.000299059 0.0023307 0.00929484 0.0192122 0.0581134 0.734348 0.176333 
8.44872e-06 8.26243e-05 0.000573845 0.00150851 0.00555573 0.016566 0.0382342 0.101742 0.621464 0.214265 
0.000121174 0.00169568 0.00616742 0.0199334 0.0617309 0.111292 0.462295 0.186474 0.10997 0.0403197 
3.72375e-06 1.49195e-05 0.000178489 0.000904866 0.0048973 0.0150343 0.0484542 0.475552 0.120295 0.334665 
4.96142e-05 0.000553095 0.00506457 0.0161385 0.0286287 0.0529333 0.0978574 0.524802 0.176436 0.0975373 
1.76353e-07 3.84355e-07 2.27213e-06 1.30957e-05 0.000152706 0.00096913 0.00286372 0.0135667 0.0353717 0.94706 
5.30817e-06 2.06118e-05 0.000151501 0.000794475 0.00684568 0.0270493 0.0724635 0.160097 0.571924 0.160648 
4.02888e-05 0.00121749 0.00645549 0.0238176 0.189019 0.0665595 0.0739762 0.185618 0.0899999 0.363297 
6.79974e-13 1.35816e-11 1.52376e-10 1.01557e-08 7.27145e-07 6.06012e-06 0.000118537 0.00265631 0.0276401 0.969578 
1.26959e-05 0.000104084 0.000867791 0.0032474 0.0123392 0.0242351 0.0690583 0.392933 0.173739 0.323464 
6.40333e-06 5.67826e-05 0.000517241 0.00150909 0.00611763 0.0173856 0.0509536 0.129049 0.657064 0.137341 
7.62012e-07 3.34118e-06 2.04482e-05 7.75837e-05 0.000613335 0.00279026 0.00737215 0.0301574 0.0802109 0.878754 
4.33373e-09 7.87849e-09 7.39056e-08 7.21322e-07 1.3892e-05 0.000167252 0.000943997 0.0101859 0.0478996 0.940789 
0.000239494 0.00244668 0.0125235 0.0509167 0.350031 0.206178 0.178282 0.118761 0.0613792 0.0192413 
2.60672e-22 3.50542e-19 1.22103e-16 1.23253e-13 1.06903e-11 6.77308e-09 9.6972e-06 0.000465597 0.013183 0.986342 
1.24421e-06 3.7878e-06 2.81759e-05 0.000145431 0.00117838 0.00579497 0.0153356 0.0496797 0.121223 0.80661 
2.71894e-06 1.47557e-05 0.000132217 0.000406299 0.00241433 0.00873455 0.0230037 0.0556359 0.101798 0.807857 
3.65961e-06 1.49009e-05 0.000105239 0.000475879 0.00310526 0.0118805 0.0278779 0.101823 0.61129 0.243424 
5.64739e-09 9.13258e-09 9.0309e-08 9.50175e-07 1.92722e-05 0.000375488 0.000793234 0.0108491 0.0479991 0.939963 
5.98471e-08 5.67377e-08 4.64746e-07 4.61781e-06 6.6106e-05 0.00064362 0.00234896 0.015644 0.0632442 0.918048 
2.01834e-07 5.40089e-07 3.24404e-06 1.76747e-05 0.000178362 0.0010594 0.00322951 0.0121294 0.0753179 0.908064 
6.97146e-07 3.14345e-06 2.36374e-05 9.77286e-05 0.000564816 0.00201298 0.00369997 0.0112497 0.0315389 0.950808 
0.000209592 0.0011806 0.00613407 0.0238151 0.160094 0.296304 0.256964 0.162903 0.070246 0.0221503 
4.89082e-05 0.000487611 0.00436052 0.0150407 0.029872 0.0589584 0.0827957 0.139088 0.14396 0.525388 
6.28809e-07 2.78295e-06 1.81906e-05 6.90426e-05 0.000499588 0.002057 0.00342081 0.0097944 0.0226297 0.961508 
3.28632e-06 1.46688e-05 0.00016986 0.000860556 0.00423908 0.0131136 0.0446587 0.639541 0.167729 0.12967 
0.000318201 0.00110426 0.00650146 0.0250379 0.0791206 0.374471 0.176931 0.16168 0.108408 0.0664287 
0.000174748 0.00106042 0.00783266 0.0332368 0.366566 0.186057 0.156103 0.130921 0.0771018 0.0409464 
3.39278e-05 0.000306856 0.00322735 0.0103796 0.0214122 0.0528762 0.102625 0.540586 0.164144 0.104408 
2.60829e-08 2.75628e-08 2.33285e-07 2.38419e-06 3.85792e-05 0.000472964 0.00178612 0.0147719 0.0529871 0.929941 
4.01282e-05 2.73579e-05 0.00023426 0.00121761 0.00914338 0.0398488 0.39877 0.124805 0.141797 0.284118 
4.17485e-06 3.58233e-05 0.000368234 0.000789258 0.00264076 0.0091604 0.0185498 0.0612667 0.710687 0.196498 
6.29147e-08 9.79334e-08 5.93795e-07 3.54621e-06 3.30863e-05 0.000333528 0.00144465 0.00739276 0.0296066 0.961185 
6.30155e-09 2.50973e-08 1.82503e-07 9.71028e-07 3.27665e-05 0.000459353 0.00377722 0.147275 0.806015 0.0424397 
1.23833e-05 8.22761e-05 0.000717992 0.00342162 0.0185278 0.278098 0.33422 0.152003 0.12189 0.0910266 
9.38265e-06 7.58754e-05 0.000642741 0.00222957 0.00839438 0.035131 0.0910697 0.351816 0.33631 0.174321 
1.66399e-07 4.38769e-07 2.62057e-06 1.2074e-05 6.79599e-05 0.00054461 0.00159408 0.00728726 0.939262 0.0512292 
4.00101e-10 3.67877e-10 1.98018e-09 3.84969e-08 1.50284e-06 1.29385e-05 0.000173632 0.00215126 0.00860384 0.989057 
8.54111e-05 0.00109063 0.00493409 0.0179568 0.052641 0.376001 0.174594 0.188162 0.127674 0.056861 
4.21891e-06 1.85766e-05 0.000179529 0.000767661 0.00426709 0.0151461 0.0463669 0.563644 0.177959 0.191647 
2.46343e-06 1.10659e-05 7.73965e-05 0.000337282 0.00216441 0.00766502 0.0141578 0.0409156 0.0859852 0.848684 
1.098e-07 2.12173e-07 1.69128e-06 9.45568e-06 9.70331e-05 0.000634379 0.00248735 0.0104083 0.0382253 0.948136 
2.81844e-06 1.06087e-05 7.5073e-05 0.000372881 0.00331499 0.014637 0.0532586 0.126398 0.636534 0.165396 
1.04568e-05 9.81414e-05 0.000809548 0.0021286 0.00802319 0.0233791 0.0574533 0.143947 0.611482 0.152668 
9.83168e-08 3.44823e-07 4.03149e-06 1.85131e-05 0.000106343 0.000492022 0.00149815 0.00805512 0.653402 0.336424 
3.26428e-06 3.0957e-05 0.000164528 0.00070784 0.00319957 0.00943828 0.0202821 0.0606492 0.133527 0.771997 
3.02209e-06 1.55839e-05 0.000179561 0.000757477 0.00355262 0.0102728 0.0280685 0.0722788 0.114291 0.77058 
9.39403e-06 7.92815e-05 0.000713848 0.00216933 0.0111213 0.0369931 0.105425 0.528458 0.168973 0.146058 
4.61277e-05 0.000426551 0.00385049 0.0134887 0.0328265 0.0633862 0.0939102 0.144781 0.542384 0.104901 
3.93775e-07 1.33033e-06 9.75488e-06 4.86073e-05 0.000309489 0.00146502 0.0047908 0.0158284 0.0379368 0.939609 
0.000221338 0.00175285 0.0113559 0.0414794 0.114158 0.377161 0.185099 0.15099 0.0845683 0.0332146 
0.000103806 0.000986929 0.00260644 0.0115899 0.0440315 0.103365 0.357907 0.36785 0.0832065 0.0283523 
1.42763e-11 3.98907e-11 4.14474e-10 3.74276e-09 8.22637e-08 8.83077e-07 2.34418e-05 0.00106439 0.0200924 0.978819 
3.41909e-07 8.2745e-07 5.112e-06 5.12552e-05 0.000715803 0.00281309 0.0115625 0.0405525 0.0953681 0.84893 
0.00797106 0.151071 0.0982253 0.195275 0.263679 0.177318 0.0694799 0.0245095 0.00955215 0.00292011 
