18112
7.00962e-15 7.68257e-12 1.29792e-09 9.35761e-08 6.4046e-05 0.000620931 0.0119633 0.980788 0.00580025 0.000763747 
1.55811e-19 5.85923e-17 1.30056e-14 7.50588e-13 5.71186e-11 7.70151e-09 6.91763e-06 0.000425273 0.499435 0.500133 
9.24952e-14 1.01369e-10 1.07943e-08 4.62251e-07 0.000196818 0.00154123 0.0165711 0.973266 0.00748326 0.000941356 
1.1145e-14 4.22188e-12 9.33254e-10 4.63136e-08 8.45112e-06 0.000253518 0.00808689 0.981552 0.00812235 0.00197657 
2.2452e-14 2.83301e-11 2.78647e-09 2.20416e-07 0.000107603 0.00155668 0.0134889 0.977395 0.00669781 0.000753706 
1.59641e-10 8.87207e-08 2.29296e-06 0.000320505 0.00805964 0.961228 0.0240993 0.00548002 0.000770482 3.95138e-05 
3.64052e-17 1.32983e-14 3.00842e-12 9.37335e-11 3.22211e-09 2.27119e-07 0.000300877 0.737177 0.255465 0.00705704 
0.805436 0.0751305 0.0694763 0.0337982 0.0149348 0.00081025 0.000413107 4.37031e-07 5.09109e-09 1.86213e-11 
0.00193054 0.00816012 0.0360486 0.91289 0.0352391 0.005636 9.50639e-05 8.57427e-07 1.90346e-07 4.0809e-10 
2.44612e-19 9.21883e-17 2.04334e-14 1.19748e-12 9.43444e-11 1.24175e-08 1.1327e-05 0.000605861 0.0116399 0.987743 
0.00489125 0.875276 0.0740135 0.0381999 0.00748739 0.000124396 7.0942e-06 2.33145e-08 3.60592e-09 8.32803e-12 
1.03626e-14 1.1369e-11 1.93465e-09 1.26911e-07 9.24123e-05 0.000735456 0.0135349 0.978294 0.00661405 0.00072912 
1.9135e-12 5.10081e-09 1.30891e-07 1.23958e-05 0.000343023 0.00243351 0.0150558 0.975289 0.0060272 0.000839187 
2.28634e-13 9.21544e-10 4.48183e-07 0.000285243 0.00620156 0.933975 0.0345827 0.0187858 0.00525038 0.000918659 
5.95417e-15 2.18439e-12 4.9184e-10 1.47996e-08 2.40133e-07 2.01785e-05 0.000663416 0.00635846 0.987228 0.00572935 
1.40223e-14 1.53826e-11 2.62472e-09 1.48261e-07 0.000119906 0.000753482 0.011254 0.981668 0.00558958 0.000615315 
2.55844e-05 0.00256294 0.0201095 0.0572903 0.909663 0.00960736 0.000738858 2.15821e-06 9.54741e-08 9.28359e-10 
1.11466e-14 4.12891e-12 9.26105e-10 3.96795e-08 1.07424e-05 0.000157306 0.00303984 0.009233 0.983922 0.00363709 
3.67556e-07 0.00012798 0.00110798 0.00737938 0.0272494 0.949497 0.0141966 0.000432733 7.7643e-06 2.6201e-07 
2.04223e-19 7.66999e-17 1.70378e-14 9.62943e-13 7.21529e-11 9.68835e-09 8.79717e-06 0.000391571 0.0045143 0.995085 
1.6586e-14 6.05932e-12 1.36852e-09 4.06968e-08 3.9384e-07 5.22023e-05 0.000603083 0.00567873 0.0175336 0.976132 
2.05549e-10 1.40683e-07 1.38049e-05 0.000836566 0.0132039 0.945444 0.0316487 0.00783794 0.000978184 3.64198e-05 
1.58291e-19 5.93854e-17 1.32007e-14 7.40084e-13 5.9046e-11 7.40979e-09 8.0448e-06 0.000251538 0.990875 0.00886567 
9.21716e-15 1.01245e-11 1.72108e-09 1.14641e-07 8.38218e-05 0.000697154 0.0126248 0.974525 0.0113708 0.000698281 
1.23849e-14 4.52758e-12 1.02207e-09 3.04587e-08 3.31765e-07 3.94995e-05 0.000577782 0.00595371 0.0229675 0.970461 
3.94696e-08 1.19653e-05 0.000655788 0.00800226 0.0284321 0.950517 0.0117462 0.000628769 5.40394e-06 3.60436e-07 
7.83224e-12 2.15248e-08 5.32388e-07 5.19967e-05 0.00109876 0.012995 0.0242584 0.959886 0.00157279 0.000136143 
6.95372e-05 0.00759438 0.674202 0.295234 0.0195173 0.00307508 0.000306513 7.91141e-07 9.56949e-08 2.67102e-10 
1.01551e-14 1.15334e-11 2.08894e-09 3.14283e-07 0.000196465 0.00166705 0.0161394 0.972849 0.00806316 0.00108506 
6.30734e-07 0.000197825 0.00114495 0.0115523 0.0313728 0.948377 0.00730473 4.94561e-05 3.19115e-07 8.32531e-09 
2.1272e-12 3.73316e-09 1.76333e-07 1.17584e-05 0.00150995 0.0161399 0.032752 0.947456 0.00185328 0.000276652 
8.23677e-16 3.01038e-13 6.79679e-11 2.02484e-09 2.1937e-08 2.63136e-06 3.46301e-05 0.000762915 0.978556 0.0206441 
0.000390192 0.00490099 0.0268652 0.0687353 0.877723 0.0194988 0.00188286 3.91692e-06 2.46479e-07 5.45761e-10 
1.30585e-14 1.4331e-11 2.4403e-09 1.48328e-07 0.000112046 0.000813693 0.0125244 0.0208793 0.963979 0.00169112 
3.70794e-20 1.42934e-17 3.1293e-15 2.77369e-13 2.62483e-11 3.79953e-09 3.35521e-06 0.000188052 0.00334309 0.996465 
8.86517e-20 3.33809e-17 7.4033e-15 4.30572e-13 3.31534e-11 4.43271e-09 3.9336e-06 0.000213611 0.00302045 0.996762 
1.8501e-19 7.00252e-17 1.54847e-14 9.96113e-13 8.26794e-11 1.12042e-08 1.01302e-05 0.000764903 0.988082 0.0111431 
7.9898e-05 0.0106474 0.905739 0.0461732 0.0260862 0.0101229 0.0011437 7.38939e-06 3.06149e-07 4.0818e-09 
1.71188e-19 6.53713e-17 1.45179e-14 1.51312e-12 2.71939e-10 1.835e-08 1.49506e-05 0.000539073 0.00555444 0.993892 
8.97278e-07 0.000279517 0.00126769 0.0114436 0.0294687 0.0400639 0.916394 0.00107806 3.56889e-06 2.34949e-07 
2.50588e-06 0.00037939 0.00377209 0.0278873 0.0642361 0.901071 0.00264282 9.05781e-06 1.10037e-07 3.51272e-09 
0.00388199 0.0315483 0.909994 0.0484542 0.00601754 9.88916e-05 5.03745e-06 1.74004e-08 2.79709e-09 6.37868e-12 
1.1373e-14 4.15886e-12 9.38729e-10 2.86764e-08 3.55305e-07 6.01739e-05 0.00296274 0.979257 0.0141561 0.00356368 
2.36377e-19 8.91261e-17 1.97533e-14 1.19899e-12 9.51892e-11 1.28724e-08 1.16348e-05 0.000487691 0.00506862 0.994432 
1.48353e-06 0.000488021 0.00317907 0.0307005 0.0749693 0.886935 0.0037162 1.07382e-05 1.04346e-07 4.11264e-09 
1.7481e-14 1.65736e-11 2.83458e-09 1.78761e-07 0.000131988 0.00102449 0.0153482 0.975008 0.00750783 0.000979751 
6.07709e-15 2.22402e-12 5.01707e-10 1.50811e-08 2.07033e-07 2.60579e-05 0.000611369 0.00585522 0.9899 0.00360708 
1.20413e-14 4.41047e-12 9.94249e-10 2.98156e-08 4.27165e-07 3.99623e-05 0.00103291 0.00866226 0.982109 0.0081551 
7.55163e-07 0.000247994 0.00222644 0.0248964 0.0579209 0.909963 0.0047176 2.63306e-05 6.93394e-08 2.35869e-09 
2.4143e-05 0.00190376 0.17195 0.79438 0.0248957 0.00632753 0.000515174 3.69921e-06 1.57274e-07 2.05043e-09 
7.90245e-13 8.46891e-10 7.92804e-08 4.44381e-06 0.00137877 0.0137525 0.963594 0.0167319 0.00385128 0.000686901 
7.22594e-15 2.64617e-12 5.96601e-10 1.78697e-08 2.44285e-07 2.38024e-05 0.000477122 0.00477851 0.987156 0.00756458 
6.06507e-15 2.23949e-12 5.0179e-10 1.60881e-08 3.15995e-06 3.59767e-05 0.000787145 0.00586961 0.989582 0.00372162 
9.17774e-09 8.63088e-06 0.000778279 0.0146847 0.937026 0.0329186 0.0120136 0.00221578 0.000353221 1.30884e-06 
1.48434e-19 5.58684e-17 1.23951e-14 7.30684e-13 5.60919e-11 7.64862e-09 6.79667e-06 0.000342873 0.00470191 0.994948 
2.10776e-19 7.95631e-17 1.76232e-14 1.09415e-12 8.83623e-11 1.19767e-08 1.08942e-05 0.00051577 0.00608228 0.993391 
8.22437e-15 3.18046e-12 6.95912e-10 2.68595e-08 7.82481e-06 9.57214e-05 0.00392799 0.98576 0.00854177 0.00166692 
3.05753e-16 3.41774e-13 4.6071e-11 3.62267e-08 1.83936e-05 0.000344198 0.00960577 0.979122 0.0090187 0.00189082 
5.9155e-05 0.00409715 0.0322998 0.908599 0.0438237 0.0102138 0.000901733 5.80284e-06 3.64544e-07 3.11504e-09 
2.28098e-10 1.60819e-07 3.76482e-06 0.000370409 0.00447392 0.938437 0.0446393 0.0108638 0.001164 4.80647e-05 
1.91038e-11 5.35625e-08 1.27613e-06 0.000127264 0.00180381 0.0191833 0.0374183 0.940294 0.00112435 4.74973e-05 
2.55121e-11 6.10074e-08 1.47659e-06 0.000146189 0.00271128 0.935818 0.0481628 0.0117291 0.00137319 5.77162e-05 
1.39594e-06 0.000454627 0.00292655 0.0287385 0.93398 0.0310979 0.00279124 9.73898e-06 1.05056e-07 4.07071e-09 
2.59946e-10 1.55646e-07 8.46733e-06 0.000682109 0.00661285 0.0269472 0.957279 0.00761636 0.000832858 2.08202e-05 
4.1193e-12 9.84739e-09 3.15232e-07 0.000184727 0.00466483 0.947601 0.0338936 0.0114333 0.00200899 0.000213307 
1.63151e-14 8.85461e-12 1.78099e-09 1.43399e-07 2.5002e-05 0.0024699 0.970449 0.0126057 0.0112203 0.00322988 
4.39555e-09 5.3131e-06 0.000572484 0.0080098 0.919745 0.0397877 0.0245914 0.00640284 0.000874782 1.09666e-05 
4.56472e-30 2.02867e-26 8.25224e-24 1.69767e-20 2.959e-18 6.26514e-16 4.21708e-11 3.56056e-07 2.26851e-05 0.999977 
1.30512e-12 3.64375e-09 8.16621e-08 8.49122e-06 0.000105432 0.000782672 0.0107973 0.981575 0.00612469 0.000606451 
1.9684e-19 7.39954e-17 1.6428e-14 9.37206e-13 7.12053e-11 9.49843e-09 8.5634e-06 0.0003191 0.00233673 0.997336 
7.93858e-07 0.000256992 0.00195916 0.0216116 0.94561 0.0263918 0.00406148 0.000105866 2.12928e-06 1.3836e-07 
0 0 0 0 0 0 2.8403e-16 3.57602e-11 2.15214e-05 0.999978 
1.32976e-11 3.51717e-08 9.15533e-07 0.000136294 0.00260395 0.943512 0.0422232 0.0102912 0.00116677 6.55249e-05 
1.41858e-14 5.28251e-12 1.18388e-09 6.907e-08 2.47358e-05 0.000509609 0.968268 0.0156931 0.0123699 0.00313447 
5.11341e-37 2.69455e-33 4.55131e-30 4.17614e-26 3.6817e-22 1.61726e-19 2.97155e-15 3.31796e-11 8.99685e-06 0.999991 
1.58695e-19 5.99286e-17 1.327e-14 8.27634e-13 6.68907e-11 9.0904e-09 8.19896e-06 0.000363968 0.00356334 0.996064 
1.46974e-12 2.64145e-09 1.24454e-07 8.62254e-06 0.00138008 0.0138114 0.962654 0.0173428 0.00408805 0.000715137 
8.44111e-12 2.50294e-08 5.45216e-07 5.83242e-05 0.000306806 0.00373035 0.97387 0.0164504 0.00510042 0.000483598 
1.76532e-14 6.50978e-12 1.46238e-09 7.02179e-08 1.87274e-05 0.000268815 0.00321992 0.0118418 0.978294 0.0063562 
1.62751e-14 6.51155e-12 1.41475e-09 6.52034e-08 1.77434e-05 0.000296081 0.00624854 0.975314 0.0148074 0.00331597 
3.88436e-15 1.42469e-12 3.21028e-10 9.8985e-09 1.83602e-07 2.30265e-05 0.000895142 0.976714 0.0182991 0.00406843 
8.31047e-15 3.04017e-12 6.8596e-10 2.04896e-08 2.48771e-07 2.69121e-05 0.000507877 0.00543863 0.99027 0.00375591 
2.29442e-10 1.26612e-07 5.42827e-06 0.00107727 0.0122102 0.956466 0.0250811 0.00476346 0.000371558 2.48523e-05 
9.08254e-10 3.79478e-07 3.62211e-05 0.000882987 0.0154074 0.93405 0.0394086 0.00890152 0.00124631 6.65372e-05 
7.54433e-20 2.86738e-17 6.32514e-15 4.30668e-13 3.75729e-11 5.03896e-09 4.64568e-06 0.000284589 0.0051852 0.994526 
2.09313e-19 9.41316e-17 2.23432e-14 4.84926e-12 1.36984e-09 5.72804e-08 0.000152224 0.00174898 0.985821 0.0122773 
0.0050027 0.919154 0.0614679 0.013423 0.000946125 6.73603e-06 5.14329e-08 3.64577e-10 7.22255e-11 1.51565e-13 
3.3461e-06 0.000784383 0.00483653 0.473132 0.496424 0.0227404 0.00207082 8.25996e-06 8.94957e-08 3.36757e-09 
1.35741e-14 4.96803e-12 1.12057e-09 3.35201e-08 4.41348e-07 4.51314e-05 0.0019897 0.0122475 0.979733 0.0059844 
1.39931e-05 0.0021461 0.0140109 0.0428568 0.926992 0.0130134 0.000962542 4.08939e-06 1.01835e-07 2.11564e-09 
3.5523e-20 1.30785e-17 2.93893e-15 1.00146e-13 3.64567e-12 3.52017e-10 3.72019e-07 9.71655e-06 0.000373251 0.999617 
6.60044e-10 3.20826e-07 3.91111e-05 0.00335712 0.920474 0.0463977 0.0236672 0.00553609 0.000521524 7.34628e-06 
1.70871e-14 6.36591e-12 1.42714e-09 4.31847e-08 9.11268e-07 6.5041e-05 0.00112533 0.00984647 0.982407 0.00655513 
6.04282e-07 0.000192945 0.00118081 0.0130349 0.926841 0.0481038 0.0103675 0.000277326 9.801e-07 8.51928e-08 
2.47363e-15 9.09562e-13 2.04531e-10 6.24674e-09 1.46605e-07 9.23321e-06 0.000606459 0.0085155 0.983785 0.00708345 
1.2356e-19 4.72286e-17 1.05511e-14 1.14578e-12 7.44308e-11 1.47971e-08 2.46456e-05 0.000683307 0.00364299 0.995649 
1.91728e-19 7.24823e-17 1.60376e-14 9.97947e-13 8.18624e-11 1.09076e-08 9.89674e-06 0.000435529 0.00485178 0.994703 
7.78206e-07 0.000248609 0.00146367 0.0135056 0.924842 0.0485685 0.0110866 0.000283198 1.28178e-06 1.11341e-07 
2.32295e-19 8.76839e-17 1.94456e-14 1.48015e-12 1.0387e-10 1.8222e-08 4.58787e-05 0.00215228 0.985149 0.0126528 
1.12127e-09 1.05043e-06 0.000183575 0.00542143 0.921178 0.0389603 0.0255013 0.00764581 0.00104087 6.77787e-05 
1.40282e-39 5.22813e-35 2.75464e-31 1.27929e-26 1.47226e-22 6.52107e-20 3.48059e-15 1.61097e-10 5.23774e-05 0.999948 
7.50636e-20 2.82664e-17 6.27221e-15 3.98849e-13 3.20865e-11 4.4922e-09 4.29297e-06 0.000153712 0.00171535 0.998127 
5.76514e-21 2.17259e-18 4.81315e-16 2.43539e-14 1.88312e-12 2.09196e-10 2.03098e-07 5.3508e-05 0.496376 0.50357 
2.61668e-05 0.00252 0.0177727 0.0510097 0.916617 0.0115559 0.000497517 8.07225e-07 1.30623e-07 2.95354e-10 
1.44931e-23 1.68091e-20 2.17456e-18 1.27438e-15 2.72311e-13 2.12929e-11 1.97631e-08 2.36976e-06 0.0002163 0.999781 
6.75842e-15 7.43867e-12 1.27e-09 8.40786e-08 5.48256e-05 0.00050376 0.00983765 0.984219 0.00497159 0.000412631 
2.55027e-10 1.0793e-07 1.14627e-05 0.000383477 0.0037698 0.240717 0.750649 0.00428856 0.000179881 1.4855e-06 
2.56502e-09 2.51952e-06 0.000177825 0.00249939 0.289455 0.690787 0.0135718 0.00308727 0.000399438 1.97084e-05 
1.04648e-19 3.93457e-17 8.73545e-15 5.08804e-13 3.84726e-11 5.27511e-09 4.68655e-06 0.000275623 0.00455767 0.995162 
3.51987e-07 0.000186224 0.00310381 0.283938 0.673245 0.0323464 0.00671751 0.000458343 4.25897e-06 2.77995e-07 
8.91389e-16 3.25392e-13 7.35404e-11 2.18687e-09 2.12306e-08 2.80881e-06 2.22992e-05 0.000790588 0.976658 0.0225258 
6.85763e-10 3.03822e-07 3.02838e-05 0.00127416 0.01664 0.948801 0.028008 0.00487897 0.000362093 5.02106e-06 
2.05412e-19 7.75852e-17 1.71764e-14 1.05979e-12 8.60632e-11 1.15151e-08 1.04719e-05 0.000496306 0.00606941 0.993424 
1.194e-11 3.31263e-08 8.00884e-07 7.92855e-05 0.00140608 0.0155099 0.974817 0.00731693 0.000834527 3.58606e-05 
2.84687e-14 3.45624e-11 4.70846e-09 3.7099e-07 0.000184745 0.00216066 0.0130129 0.9792 0.00484198 0.000599318 
7.86294e-15 2.87872e-12 6.49247e-10 2.00326e-08 2.96213e-07 4.43476e-05 0.00185664 0.0102508 0.983202 0.00464547 
3.0683e-12 8.38773e-09 2.11215e-07 2.02258e-05 0.000489876 0.00437597 0.0207516 0.966253 0.00719734 0.00091214 
2.18034e-12 5.93986e-09 1.53989e-07 1.5676e-05 0.00113049 0.0113323 0.966288 0.0161409 0.00423196 0.000860078 
1.17233e-09 5.09455e-07 2.82433e-05 0.00162024 0.019449 0.050744 0.925682 0.00233081 0.000142484 2.96961e-06 
1.57359e-19 5.92283e-17 1.31423e-14 7.8806e-13 6.11043e-11 8.39505e-09 7.54866e-06 0.000297253 0.00315649 0.996539 
2.54033e-19 9.5938e-17 2.14568e-14 2.01833e-12 1.26672e-10 2.86121e-08 6.58266e-05 0.00153562 0.986163 0.0122352 
6.28896e-12 1.51933e-08 4.70384e-07 3.9315e-05 0.00219359 0.0209319 0.964834 0.0105472 0.00135364 0.000100048 
1.78288e-08 0.000131816 0.00280511 0.751368 0.208327 0.0164533 0.016356 0.00376416 0.000745664 4.87842e-05 
7.05141e-07 0.000507973 0.0078784 0.928285 0.0421551 0.019426 0.00174066 5.9375e-06 5.33554e-08 2.00335e-09 
6.25103e-10 2.78303e-07 4.02269e-05 0.00169894 0.0202354 0.949258 0.0240879 0.00424327 0.000424272 1.16073e-05 
9.82898e-29 4.89436e-25 2.86822e-22 1.53724e-18 1.40171e-16 3.92719e-14 2.34363e-10 3.80407e-08 4.63202e-05 0.999954 
0 0 0 0 0 0 0 0 5.0544e-06 0.999995 
4.5927e-12 1.30189e-08 3.6241e-07 0.000221685 0.0035831 0.0206594 0.95749 0.0137462 0.00376966 0.000529822 
1.00934e-11 2.75351e-08 6.8683e-07 6.52908e-05 0.000722882 0.0092043 0.0231713 0.962164 0.00443613 0.000235614 
1.23525e-11 3.3189e-08 9.40304e-07 0.000395383 0.00836613 0.947658 0.0344137 0.00806068 0.00105477 5.05085e-05 
1.68492e-19 6.45123e-17 1.44413e-14 2.10368e-12 1.20045e-10 3.03237e-08 0.000133039 0.00308637 0.986127 0.0106535 
1.15521e-14 1.26773e-11 2.163e-09 1.33994e-07 0.000106896 0.000719886 0.00864576 0.0153777 0.97337 0.00177997 
0.0141094 0.887569 0.0764967 0.0181877 0.00358162 5.16778e-05 3.4456e-06 9.36219e-09 1.17165e-09 2.74191e-12 
1.15038e-19 4.30421e-17 9.5833e-15 5.22403e-13 3.31442e-11 4.94914e-09 3.80582e-06 0.00162348 0.00945907 0.988914 
3.95324e-15 1.44893e-12 3.26466e-10 9.80972e-09 1.5028e-07 1.33027e-05 0.000505891 0.0061965 0.982254 0.0110303 
1.18433e-09 4.48649e-07 3.29202e-05 0.00194664 0.915646 0.0570397 0.0224354 0.0027032 0.000153304 4.21617e-05 
2.37482e-11 6.1411e-08 1.43022e-06 0.000145406 0.00144526 0.562907 0.41593 0.0131761 0.00633981 5.53815e-05 
0.000734851 0.274603 0.671194 0.0260356 0.0178822 0.00867585 0.000871894 2.85921e-06 3.73277e-08 1.00377e-09 
9.52008e-26 2.44739e-22 8.38488e-20 2.18673e-16 2.35102e-14 3.95317e-12 1.34102e-08 1.82044e-05 0.000930244 0.999052 
1.67097e-16 6.33314e-14 1.3924e-11 4.62774e-10 3.06908e-08 9.47868e-07 0.000151506 0.0016925 0.00657392 0.991581 
7.29057e-15 2.66768e-12 6.01812e-10 1.79909e-08 2.26937e-07 2.37254e-05 0.000629748 0.973134 0.022619 0.00359302 
1.11984e-14 4.09955e-12 9.24518e-10 2.76842e-08 3.73845e-07 3.68393e-05 0.000854638 0.00848144 0.984782 0.00584443 
2.03596e-11 5.23319e-08 1.70409e-06 0.000169643 0.00237512 0.0252126 0.959393 0.0114802 0.00132039 4.7664e-05 
1.02655e-20 3.86885e-18 8.57751e-16 5.11829e-14 4.05233e-12 5.42105e-10 5.05041e-07 3.71628e-05 0.00114067 0.998822 
0.000195973 0.00636895 0.0421443 0.909607 0.0365298 0.00460502 0.00054651 1.72326e-06 2.83774e-07 6.20322e-10 
4.95827e-15 5.45761e-12 9.32685e-10 5.21122e-08 2.07779e-05 0.000329864 0.00555073 0.0101227 0.981213 0.00276325 
6.04566e-21 2.54881e-18 5.29469e-16 7.76416e-14 9.93071e-12 1.21603e-09 1.05126e-06 8.66013e-05 0.0019825 0.99793 
9.66772e-15 1.19363e-11 3.28274e-09 9.02812e-07 0.000520209 0.00498926 0.0167538 0.973824 0.00356317 0.000348609 
1.96914e-13 2.21182e-10 2.34185e-08 1.51454e-06 0.000609752 0.00641138 0.0215672 0.966802 0.00411892 0.000489513 
1.23168e-14 4.59349e-12 1.02565e-09 6.30464e-08 2.49071e-05 0.000315273 0.00372942 0.0155747 0.975587 0.00476827 
0.00162103 0.00910291 0.035957 0.0548123 0.887328 0.0108439 0.000334787 1.45715e-07 3.7371e-09 2.82412e-11 
2.47756e-19 9.32428e-17 2.06896e-14 1.22794e-12 9.70636e-11 1.29486e-08 1.22541e-05 0.000412105 0.00260029 0.996975 
1.64226e-11 4.73269e-08 1.09003e-06 0.000112375 0.00172357 0.0170072 0.973359 0.00700347 0.000763636 2.9724e-05 
8.31965e-15 6.79826e-12 1.22815e-09 5.19886e-08 4.43396e-05 0.000153281 0.00137065 0.0082737 0.985306 0.00485153 
4.15043e-17 1.68186e-14 3.5171e-12 1.33378e-10 1.77811e-08 3.5513e-07 4.68517e-05 0.000476995 0.0047669 0.994709 
5.52847e-08 1.31491e-05 0.000431804 0.00479214 0.463754 0.523462 0.00724454 0.000298919 2.41183e-06 2.13019e-07 
1.41269e-15 5.18243e-13 1.16691e-10 3.51271e-09 5.75311e-08 4.80105e-06 0.000193335 0.00329232 0.987072 0.00943705 
1.0741e-14 1.17626e-11 1.99666e-09 1.30918e-07 0.000110303 0.000749535 0.0125954 0.97906 0.00662582 0.000858392 
1.83694e-19 6.94384e-17 1.53657e-14 9.60408e-13 7.87548e-11 1.05449e-08 9.5693e-06 0.000408067 0.00387385 0.995709 
1.04089e-22 1.5017e-19 5.52412e-17 3.80508e-13 1.42806e-11 7.7367e-09 8.38047e-05 0.00198782 0.990374 0.0075539 
0.958343 0.0318518 0.0080577 0.00172215 2.3126e-05 2.36265e-06 5.3728e-09 1.88241e-11 3.62322e-15 5.1549e-17 
2.25779e-13 2.59898e-10 2.91362e-08 2.6064e-06 0.000952064 0.0101349 0.965959 0.017507 0.00475734 0.000687555 
2.20597e-11 6.33838e-08 1.445e-06 0.000148038 0.000833823 0.00870205 0.0196841 0.966571 0.0037959 0.000263867 
4.45735e-23 4.73842e-20 5.94846e-18 3.13842e-15 5.82706e-13 5.34249e-11 4.61241e-08 2.92626e-05 0.000805361 0.999165 
4.00874e-20 1.51947e-17 3.35589e-15 2.08358e-13 1.71929e-11 2.25774e-09 1.96601e-06 0.000171506 0.00339127 0.996435 
1.89929e-11 5.24475e-08 1.34428e-06 0.000287979 0.00539143 0.678671 0.303569 0.010104 0.00194861 2.62474e-05 
6.67462e-27 1.11362e-23 2.78009e-21 5.50403e-18 1.20916e-15 9.69266e-14 1.96646e-10 1.6708e-08 8.93089e-06 0.999991 
1.30421e-22 1.51614e-19 1.95765e-17 1.42521e-14 2.60024e-12 2.54025e-10 2.84118e-07 9.32339e-05 0.00310319 0.996803 
1.79918e-16 6.56696e-14 1.48422e-11 4.40851e-10 3.71662e-09 5.68449e-07 1.40144e-05 0.000608654 0.00700253 0.992374 
1.30509e-21 4.7907e-19 1.07854e-16 3.38362e-15 7.61795e-14 7.25009e-12 8.94241e-09 2.31034e-05 0.000586806 0.99939 
1.10203e-14 1.2113e-11 2.06436e-09 1.37492e-07 9.31041e-05 0.000814699 0.0145382 0.975074 0.00849911 0.000980478 
1.08297e-11 3.06419e-08 7.14039e-07 7.15646e-05 0.000353335 0.00448929 0.0150083 0.973916 0.00554835 0.000611998 
1.48453e-19 5.59359e-17 1.24044e-14 7.64485e-13 6.1289e-11 8.34907e-09 7.88433e-06 0.000352073 0.00482729 0.994813 
6.81355e-10 3.20893e-07 1.02411e-05 0.000746761 0.00886105 0.95426 0.0310036 0.00471678 0.000361122 4.01763e-05 
1.27934e-11 3.55093e-08 8.6599e-07 8.51599e-05 0.00157954 0.0182706 0.963719 0.0144276 0.00172384 0.000193869 
7.53676e-18 8.45445e-15 9.5821e-13 1.46399e-10 6.5107e-08 1.02679e-06 0.000386537 0.00499259 0.0165904 0.978029 
1.89244e-15 6.94313e-13 1.56331e-10 4.7236e-09 8.16631e-08 6.63964e-06 0.000331776 0.00410345 0.984169 0.0113886 
1.13408e-14 4.14741e-12 9.36e-10 2.79195e-08 3.19264e-07 3.63798e-05 0.000577628 0.00402455 0.0106986 0.984663 
1.80424e-11 4.7642e-08 1.13429e-06 0.000111937 0.00137846 0.0157989 0.966794 0.0136657 0.00220371 4.63703e-05 
6.83277e-07 0.000211354 0.000889893 0.0125514 0.924709 0.0494033 0.0115558 0.000670661 7.46915e-06 4.24686e-07 
1.72397e-11 4.70759e-08 1.1677e-06 0.000112803 0.00191524 0.022256 0.963263 0.0109532 0.00143274 6.57139e-05 
1.01152e-14 3.69874e-12 8.34803e-10 2.48919e-08 2.78361e-07 3.2396e-05 0.000476886 0.00523632 0.986568 0.00768566 
2.73914e-21 1.05185e-18 2.30026e-16 1.08265e-14 1.06077e-12 8.23434e-11 1.28002e-07 0.000156981 0.00352125 0.996322 
2.69623e-19 1.03402e-16 2.30781e-14 2.88203e-12 4.36283e-10 3.86156e-08 2.32548e-05 0.00150188 0.9844 0.0140743 
6.84244e-15 2.50849e-12 5.65113e-10 1.69832e-08 2.65068e-07 2.29731e-05 0.000578278 0.00551261 0.987899 0.00598725 
1.58852e-14 6.0474e-12 1.3323e-09 8.20871e-08 3.90679e-05 0.000472418 0.0100667 0.0182974 0.968124 0.0030006 
6.75135e-15 2.4736e-12 5.57497e-10 1.67239e-08 2.42184e-07 2.24568e-05 0.000633914 0.0068434 0.987751 0.00474864 
1.63844e-20 6.39693e-18 1.38988e-15 1.40303e-13 1.42486e-11 2.02631e-09 1.83695e-06 0.000102323 0.00132758 0.998568 
0.000532371 0.0045994 0.0235348 0.954721 0.0145666 0.00201505 3.05565e-05 2.15596e-07 3.80603e-08 9.31595e-11 
3.28982e-20 1.25486e-17 2.75809e-15 1.55695e-13 1.30985e-11 1.48942e-09 1.07969e-06 0.000194026 0.0039495 0.995855 
1.57135e-19 5.88199e-17 1.30935e-14 7.16174e-13 5.00698e-11 7.00495e-09 6.09587e-06 0.000225736 0.00143601 0.998332 
1.47638e-26 4.13492e-23 2.08639e-20 1.0428e-16 1.76918e-14 3.39747e-12 1.62964e-08 8.55077e-06 0.000298082 0.999693 
1.6478e-11 4.6128e-08 1.10145e-06 0.000109473 0.00153789 0.0154759 0.0306404 0.949728 0.0024486 5.85262e-05 
6.58756e-06 0.000275904 0.00212447 0.0234118 0.937 0.0326761 0.00448582 1.88657e-05 6.36301e-08 2.44403e-09 
5.89618e-16 2.21823e-13 4.90131e-11 1.58266e-09 8.41184e-08 2.93302e-06 0.000357721 0.00400426 0.989069 0.00656616 
1.20175e-14 4.40837e-12 9.92857e-10 3.19633e-08 3.19218e-06 6.50239e-05 0.00104055 0.00716061 0.983793 0.00793786 
5.17854e-09 6.18945e-06 0.000372048 0.0021215 0.932118 0.0503243 0.0143727 0.000679113 5.95496e-06 4.1504e-07 
1.02444e-09 4.41295e-07 5.62263e-05 0.00406391 0.916717 0.0506085 0.0243 0.00372662 0.000493944 3.34743e-05 
2.75689e-13 2.87722e-10 3.22577e-08 2.06066e-06 0.000825278 0.00758376 0.0208036 0.967113 0.00313956 0.000532372 
5.36791e-19 4.20194e-16 5.98087e-14 9.44952e-12 3.49354e-09 8.63199e-08 0.000143674 0.00283319 0.987658 0.00936493 
9.36108e-15 1.03219e-11 1.77712e-09 6.6741e-08 2.22278e-05 0.000203354 0.0015179 0.00808057 0.985798 0.00437755 
0.000401287 0.00500965 0.0326999 0.92592 0.0308405 0.00474906 0.000378344 1.30221e-06 2.20581e-07 4.85968e-10 
2.30199e-11 5.9339e-08 1.60045e-06 0.000163924 0.00273706 0.0204188 0.963906 0.0113154 0.00141823 3.91e-05 
1.08488e-11 3.06292e-08 7.27018e-07 7.33741e-05 0.00145722 0.015217 0.972956 0.00882085 0.00134057 0.000134533 
6.32771e-10 2.4531e-07 6.14399e-06 0.000672294 0.00613409 0.0222777 0.965721 0.00488338 0.000304343 1.28984e-06 
0.00133687 0.0140841 0.900422 0.0631404 0.0189945 0.00200008 2.07298e-05 7.79974e-07 1.84926e-07 3.8123e-10 
0.00755881 0.735514 0.247042 0.00854277 0.00133298 8.91581e-06 4.46527e-08 7.89778e-11 8.06684e-13 1.94828e-15 
3.93417e-08 1.89748e-05 0.000708898 0.0129307 0.0416796 0.0432484 0.900291 0.00110991 1.20671e-05 7.93169e-07 
1.32565e-14 1.47168e-11 2.54623e-09 2.54264e-07 0.000155123 0.00251952 0.971357 0.0190157 0.00607675 0.000876116 
1.60071e-19 6.05527e-17 1.33934e-14 8.47617e-13 6.95936e-11 9.42008e-09 8.58092e-06 0.00144291 0.989204 0.00934462 
1.70517e-11 4.86794e-08 1.12928e-06 0.000115708 0.00199361 0.0185343 0.96345 0.0129914 0.00251168 0.000401966 
9.34938e-15 3.41334e-12 7.71304e-10 2.29104e-08 2.06087e-07 2.92184e-05 0.000219785 0.00308245 0.987848 0.00881984 
2.46624e-19 9.70046e-17 2.20949e-14 5.22521e-12 2.79013e-10 8.05763e-08 0.000172426 0.00286123 0.983365 0.0136016 
1.78515e-19 6.75756e-17 1.49422e-14 9.66792e-13 8.02521e-11 1.09239e-08 9.82441e-06 0.000449356 0.00526976 0.994271 
8.64859e-07 0.000313236 0.00170927 0.904119 0.0575486 0.0289813 0.00675288 0.000570381 4.45057e-06 2.5612e-07 
1.28672e-14 6.56405e-12 1.32029e-09 5.43177e-08 3.12514e-05 0.000205827 0.00581336 0.968701 0.0202181 0.00503058 
2.37724e-14 1.83418e-11 3.36968e-09 1.42011e-07 3.77481e-05 0.00055835 0.00829952 0.973604 0.0141227 0.0033778 
5.16955e-28 2.52191e-24 1.45805e-21 7.93964e-18 2.9455e-16 1.58937e-13 9.93238e-10 8.64305e-07 4.81023e-05 0.999951 
7.21807e-15 2.63856e-12 5.95704e-10 1.7777e-08 2.03738e-07 2.33062e-05 0.00043378 0.00480274 0.97498 0.01976 
1.85897e-40 6.92693e-36 3.64902e-32 1.69512e-27 1.94816e-23 8.62853e-21 6.00672e-16 3.90566e-11 2.84826e-05 0.999972 
0.000201483 0.00756081 0.92325 0.0472599 0.0188109 0.00266274 0.000253259 9.09064e-07 1.55997e-07 3.4153e-10 
1.43344e-11 2.58575e-08 1.0516e-06 6.08561e-05 0.00164983 0.914572 0.0611684 0.0181237 0.00372107 0.000702662 
6.59955e-13 4.91341e-10 6.41228e-08 2.44246e-06 0.000557999 0.00861909 0.956374 0.0256714 0.00789185 0.000883006 
8.06437e-14 6.89832e-11 9.76072e-09 5.68013e-07 0.000239759 0.00259435 0.827783 0.113719 0.0550382 0.000625827 
1.40128e-19 5.28262e-17 1.17097e-14 7.1469e-13 5.74269e-11 7.71998e-09 7.20687e-06 0.000260354 0.0026142 0.997118 
6.06483e-15 2.21753e-12 5.00529e-10 1.49268e-08 1.67736e-07 1.94487e-05 0.000341465 0.00315992 0.00956576 0.986913 
1.21506e-19 4.60093e-17 1.01718e-14 6.66503e-13 5.44524e-11 7.52137e-09 7.36116e-06 0.000393239 0.976571 0.0230284 
1.29155e-14 4.74409e-12 1.07176e-09 4.26112e-08 7.04106e-07 0.000152912 0.955933 0.0189407 0.0183603 0.00661239 
2.82496e-19 2.29494e-16 2.25425e-13 2.42272e-09 4.77839e-08 4.38222e-05 0.0014622 0.0064861 0.981541 0.0104669 
5.64755e-10 2.14815e-07 1.60889e-05 0.00055448 0.00693797 0.0183734 0.503674 0.470364 7.9924e-05 4.1542e-07 
1.63163e-11 4.70243e-08 1.1261e-06 0.000363609 0.00436492 0.953716 0.0337762 0.0070273 0.000719131 3.11631e-05 
1.15417e-14 4.2218e-12 9.52637e-10 2.84461e-08 3.40672e-07 3.73102e-05 0.000654832 0.00715217 0.987491 0.00466383 
9.93801e-16 3.65295e-13 8.21358e-11 2.49892e-09 5.20613e-08 3.65598e-06 0.000330926 0.00558784 0.985513 0.00856451 
1.42056e-11 3.97592e-08 9.45458e-07 9.3725e-05 0.000801128 0.00996761 0.0207851 0.964379 0.00380526 0.000167178 
7.71346e-15 7.50118e-12 1.46678e-09 2.36736e-07 6.9098e-05 0.0019674 0.012636 0.976301 0.00741139 0.00161507 
1.47671e-14 5.49041e-12 1.23128e-09 3.96406e-08 4.56865e-06 7.51143e-05 0.00169545 0.0107192 0.981565 0.00594025 
0.000817815 0.00800502 0.0420843 0.917031 0.0277154 0.0039439 0.000401179 9.7587e-07 1.41408e-07 3.17971e-10 
2.70358e-21 1.05066e-18 2.29271e-16 2.528e-14 2.55854e-12 3.81924e-10 3.67277e-07 2.86941e-05 0.000537834 0.999433 
2.00949e-19 7.45604e-17 1.66784e-14 6.95658e-13 3.92799e-11 4.51243e-09 4.40624e-06 0.000164188 0.00205174 0.99778 
1.3076e-19 4.88807e-17 1.08887e-14 5.64825e-13 3.87955e-11 5.18753e-09 4.66127e-06 0.000219413 0.00313802 0.996638 
8.56436e-10 3.2752e-07 2.29191e-05 0.00118917 0.0168987 0.959515 0.0205292 0.00161508 0.000201468 2.83125e-05 
2.9378e-30 1.74083e-26 2.6246e-23 3.04735e-19 7.33433e-18 5.58754e-15 3.64119e-11 3.30696e-07 9.78408e-05 0.999902 
1.11376e-20 4.34998e-18 9.4026e-16 5.0114e-14 5.85553e-12 4.07463e-10 4.10619e-07 0.000120752 0.00307698 0.996802 
2.26996e-32 1.25318e-28 2.02678e-25 2.41587e-21 9.99988e-20 5.58154e-17 4.85126e-12 4.57136e-08 4.85359e-05 0.999951 
7.32784e-13 1.82693e-09 5.16308e-08 4.43093e-06 0.000138732 0.00121234 0.00973142 0.982432 0.00586511 0.000615421 
4.10397e-05 0.00341448 0.0292591 0.916763 0.0397234 0.00985927 0.00093386 5.62737e-06 2.66281e-07 3.04068e-09 
1.66942e-13 1.91389e-10 2.10061e-08 1.52176e-06 0.000737083 0.00668414 0.967295 0.0192356 0.00539787 0.000648989 
1.07141e-19 4.05901e-17 8.97015e-15 5.79645e-13 4.81568e-11 6.5307e-09 5.7928e-06 0.000315257 0.00445269 0.995226 
1.58292e-14 5.88285e-12 1.31642e-09 5.79921e-08 1.03369e-05 0.000253208 0.00535596 0.0108475 0.979375 0.00415816 
1.07311e-25 2.65453e-22 8.75391e-20 2.12877e-16 2.39322e-14 3.54353e-12 8.41184e-09 1.01018e-06 0.000195366 0.999804 
1.58094e-11 4.50866e-08 1.04363e-06 0.000106039 0.00106683 0.0109646 0.961754 0.020121 0.00550024 0.000486049 
0.00415829 0.0276875 0.953361 0.0136943 0.00109188 6.52005e-06 5.21695e-08 4.10967e-10 8.40715e-11 1.76247e-13 
7.21308e-28 3.9611e-24 4.05516e-21 3.90643e-17 1.11554e-15 7.34375e-13 7.42203e-09 1.89439e-05 0.000664129 0.999317 
7.76429e-15 2.84027e-12 6.40879e-10 1.91911e-08 2.4015e-07 2.6253e-05 0.0012884 0.977248 0.0175702 0.00386675 
9.0962e-07 0.000300066 0.00157368 0.0230999 0.921324 0.0423598 0.0106259 0.000709867 5.57105e-06 3.6027e-07 
7.08009e-10 2.90198e-07 2.59687e-05 0.00102951 0.0144318 0.955977 0.0240488 0.00403014 0.000452243 3.77535e-06 
1.67036e-11 4.65829e-08 1.19891e-06 0.000267371 0.143117 0.825188 0.0246676 0.0058362 0.000883686 3.88952e-05 
7.79402e-13 1.91287e-09 9.37285e-08 9.35405e-05 0.002522 0.752085 0.224056 0.0157615 0.0047035 0.000778093 
4.67296e-09 6.40659e-06 0.0004457 0.00434013 0.737233 0.231221 0.0203483 0.00559752 0.000777176 3.10631e-05 
4.18387e-09 2.36956e-06 0.000257359 0.00404902 0.920441 0.0591837 0.0150826 0.000965477 1.74415e-05 1.10877e-06 
1.18736e-14 4.34053e-12 9.79884e-10 2.92001e-08 3.17206e-07 3.78895e-05 0.000584102 0.00552906 0.0153366 0.978512 
1.75143e-11 4.82352e-08 1.21482e-06 0.000117661 0.00312004 0.0246807 0.961513 0.0094782 0.00103218 5.71666e-05 
3.68654e-12 1.01105e-08 2.59022e-07 2.49775e-05 0.000921085 0.0108618 0.970885 0.0137746 0.0029469 0.000585683 
6.82482e-15 7.52172e-12 1.28785e-09 7.17344e-08 3.37411e-05 0.00041601 0.0084129 0.986592 0.00419618 0.00034903 
1.5623e-11 4.52719e-08 1.02204e-06 0.000105963 0.000827258 0.0100317 0.966769 0.0172397 0.00466145 0.000364153 
8.1056e-15 3.60087e-12 7.89584e-10 8.09622e-08 3.79597e-05 0.000842017 0.652349 0.338498 0.00685171 0.00142164 
1.199e-14 4.38241e-12 9.89439e-10 2.94633e-08 3.08928e-07 3.8057e-05 0.000495272 0.00543623 0.989486 0.00454408 
3.95706e-08 1.3578e-05 0.00275835 0.0266824 0.638696 0.318991 0.0122803 0.000571218 6.44379e-06 4.54215e-07 
2.37648e-19 9.02744e-17 1.99204e-14 1.35688e-12 1.15892e-10 1.59023e-08 1.40281e-05 0.00063477 0.00601864 0.993333 
1.33358e-14 4.87642e-12 1.10063e-09 3.28301e-08 3.73455e-07 4.27869e-05 0.000630307 0.00755941 0.984339 0.00742791 
0.000474055 0.406126 0.568589 0.0225396 0.00222963 4.04634e-05 1.37997e-06 4.5864e-09 7.11258e-10 1.63086e-12 
7.82874e-10 2.92129e-07 3.18016e-05 0.000961138 0.0110821 0.956476 0.0276728 0.0034986 0.000275893 1.10537e-06 
2.97674e-10 1.78e-07 2.51395e-05 0.00081588 0.0157636 0.941868 0.0325234 0.00789844 0.00109569 9.38022e-06 
2.31898e-19 8.76363e-17 1.93957e-14 1.20697e-12 9.87525e-11 1.32035e-08 1.20187e-05 0.000545034 0.983825 0.0156183 
7.69133e-10 3.16501e-07 5.82187e-06 0.000313405 0.00484298 0.0212573 0.9666 0.00621605 0.000733811 3.01097e-05 
2.65581e-19 9.83317e-17 2.20218e-14 8.64444e-13 4.06139e-11 4.87328e-09 3.76369e-06 0.000231929 0.00333167 0.996433 
1.18412e-09 4.52547e-07 3.28591e-05 0.00106704 0.0140709 0.953224 0.0282355 0.00331678 5.12428e-05 1.21294e-06 
0.000440782 0.0113488 0.0606131 0.895145 0.0283928 0.00359108 0.000465993 1.82498e-06 3.33455e-07 7.00883e-10 
1.98136e-19 7.79916e-17 1.75758e-14 3.84608e-12 5.43987e-10 5.65368e-08 0.000124923 0.00261356 0.98481 0.0124512 
1.25082e-14 4.8226e-12 1.05134e-09 7.5196e-08 5.0843e-05 0.000438384 0.00645172 0.0130355 0.976232 0.00379136 
9.41718e-13 2.37952e-09 7.16245e-08 6.35849e-06 0.000569254 0.00678264 0.973137 0.0147183 0.0041923 0.000593917 
1.74401e-11 4.93867e-08 1.15372e-06 0.000115589 0.00077011 0.00834611 0.0217209 0.963585 0.00498198 0.000479364 
1.03313e-19 3.89803e-17 8.63737e-15 5.42073e-13 4.37161e-11 6.00036e-09 5.46212e-06 0.000190424 0.00100342 0.998801 
1.94774e-19 7.37165e-17 1.63023e-14 1.05718e-12 8.78314e-11 1.19761e-08 1.08551e-05 0.000541655 0.00594704 0.9935 
1.40051e-12 2.49791e-09 1.1916e-07 8.01995e-06 0.00120641 0.0123813 0.965925 0.0158526 0.0040219 0.000604764 
3.88538e-33 1.98522e-29 3.09193e-26 1.4588e-22 5.47338e-19 2.41676e-16 2.73591e-12 2.01356e-08 0.000227306 0.999773 
1.12448e-09 4.26932e-07 3.24702e-05 0.000905709 0.0136796 0.035961 0.946926 0.00245678 3.79073e-05 6.03136e-07 
9.39862e-12 2.51174e-08 6.33081e-07 5.98972e-05 0.000748655 0.008662 0.018957 0.964767 0.00624984 0.000555065 
9.88898e-09 4.21735e-06 0.000139986 0.00201942 0.0199647 0.961151 0.0157453 0.00096546 9.35405e-06 6.11538e-07 
7.94541e-13 6.3e-10 7.84436e-08 3.33276e-06 0.000889444 0.00966424 0.973154 0.0134123 0.00268193 0.000194974 
1.8217e-07 7.27344e-05 0.000584864 0.0111524 0.0444099 0.93026 0.0128472 0.000666165 5.9991e-06 4.26159e-07 
1.48935e-14 5.44957e-12 1.22942e-09 3.67796e-08 4.59588e-07 4.85556e-05 0.000890474 0.00794623 0.985684 0.00543005 
3.39491e-11 6.904e-08 2.20822e-06 0.000472713 0.0116885 0.956664 0.0242037 0.00613517 0.000783056 5.06557e-05 
8.55047e-15 3.43155e-12 7.4971e-10 2.30038e-08 1.4407e-06 3.47367e-05 0.000747177 0.00743489 0.987114 0.00466812 
2.12856e-19 8.00028e-17 1.77617e-14 9.9326e-13 7.534e-11 9.84629e-09 8.97655e-06 0.000401632 0.986958 0.0126318 
6.14969e-10 2.31917e-07 1.94788e-05 0.000650977 0.0122536 0.970627 0.0145122 0.00171745 0.000185039 3.42947e-05 
1.62472e-14 5.94359e-12 1.34107e-09 4.00467e-08 4.84152e-07 5.24503e-05 0.000827787 0.00665088 0.985573 0.00689523 
4.20011e-15 1.53589e-12 3.4693e-10 1.26525e-08 2.16398e-07 6.63624e-05 0.00365106 0.978421 0.0118857 0.0059752 
4.19587e-05 0.00415455 0.357122 0.607535 0.0251514 0.0054526 0.000540423 1.41415e-06 1.72031e-07 4.3286e-10 
5.34859e-16 1.97937e-13 4.42926e-11 1.38234e-09 4.56686e-08 2.29685e-06 0.000370053 0.00491477 0.984961 0.00975191 
1.53526e-14 9.38838e-12 1.80005e-09 9.85501e-08 4.3256e-05 0.000515862 0.0107702 0.978149 0.00879177 0.00173025 
1.6337e-14 6.47355e-12 1.39487e-09 1.00729e-07 8.72877e-05 0.000582082 0.0106645 0.978157 0.00882245 0.00168672 
7.3152e-12 2.00414e-08 4.9566e-07 4.81846e-05 0.000969278 0.65078 0.342975 0.00476158 0.000445208 1.96598e-05 
1.17415e-05 0.00115411 0.0112027 0.939978 0.0454788 0.00208414 9.03537e-05 3.6604e-07 6.44301e-08 1.42075e-10 
2.81767e-07 9.3292e-05 0.000687487 0.00981281 0.0337534 0.937367 0.0172135 0.00106208 9.75613e-06 6.43241e-07 
3.17293e-15 1.40127e-12 2.90653e-10 2.6154e-08 2.18917e-05 0.00018644 0.262662 0.734749 0.00217145 0.000209922 
8.55406e-15 3.13101e-12 7.06167e-10 2.11308e-08 2.77207e-07 2.8028e-05 0.000660572 0.00651701 0.985222 0.00757212 
7.52879e-09 4.38495e-06 0.00043613 0.00948769 0.0362011 0.93514 0.0172836 0.00141705 2.87766e-05 9.57874e-07 
1.46486e-19 5.55955e-17 1.22935e-14 1.00317e-12 7.62713e-11 1.32381e-08 2.90985e-05 0.00142015 0.010168 0.988383 
6.94778e-15 7.49283e-12 1.28325e-09 7.94313e-08 4.02716e-05 0.000489029 0.0108183 0.981112 0.00658321 0.000957537 
2.74047e-23 3.154e-20 3.7533e-18 8.64773e-16 3.28715e-13 8.51342e-12 9.68086e-09 2.39177e-06 0.000512334 0.999485 
0.00311542 0.0342567 0.913574 0.0432501 0.00566929 0.000131682 2.46461e-06 1.32878e-08 2.3912e-09 5.31357e-12 
3.33667e-15 1.22211e-12 2.75521e-10 8.2565e-09 1.16278e-07 1.09838e-05 0.000179323 0.00119085 0.00525432 0.993364 
1.43362e-14 8.70925e-12 1.69037e-09 5.46834e-08 5.54646e-06 0.000125439 0.000869494 0.00708346 0.987317 0.00459898 
3.7469e-15 1.37331e-12 3.0945e-10 9.30223e-09 1.4448e-07 1.26194e-05 0.000314418 0.0027909 0.00886671 0.988015 
4.17549e-16 1.53023e-13 3.44715e-11 1.03345e-09 1.25543e-08 1.42829e-06 9.29103e-05 0.00144362 0.00661058 0.991851 
1.8329e-09 1.94652e-06 0.000172883 0.00362993 0.328056 0.650596 0.0144609 0.00272148 0.000357344 3.27822e-06 
1.05278e-14 5.84537e-12 1.14765e-09 4.89445e-08 2.09408e-05 0.000219312 0.00558809 0.973368 0.0169261 0.00387788 
4.0092e-10 1.8749e-07 1.0588e-05 0.000552108 0.0124484 0.955047 0.0256208 0.00555167 0.000731702 3.71e-05 
1.17355e-09 4.68367e-07 3.98072e-05 0.00179488 0.0234045 0.955851 0.0179621 0.000936796 9.48334e-06 6.07621e-07 
1.11487e-14 1.22182e-11 2.07233e-09 1.45385e-07 0.000117612 0.000883623 0.0151172 0.975218 0.00773746 0.000925918 
1.89411e-11 5.48114e-08 1.24152e-06 0.000127894 0.00073604 0.00869472 0.976809 0.01113 0.00240346 9.78706e-05 
7.40147e-10 3.38764e-07 1.41357e-05 0.000772695 0.910933 0.0490351 0.0292618 0.0085113 0.00138279 8.91601e-05 
1.48092e-18 1.45225e-15 1.80233e-13 3.19633e-11 1.20574e-08 2.85693e-07 0.0002756 0.00369861 0.01262 0.983405 
2.60538e-19 1.00696e-16 2.26076e-14 3.64898e-12 4.36191e-10 5.24e-08 8.38835e-05 0.00270239 0.985546 0.0116679 
1.07436e-14 4.00367e-12 8.92326e-10 4.08501e-08 3.0292e-05 0.000106202 0.00276467 0.966367 0.0246028 0.0061289 
8.70346e-12 2.39955e-08 5.8633e-07 5.76956e-05 0.00108731 0.0105485 0.022191 0.964183 0.00182703 0.000104697 
5.46348e-16 2.05083e-13 4.54274e-11 1.4801e-09 8.55596e-08 2.8027e-06 0.000274759 0.00242899 0.00832196 0.988971 
5.18685e-14 4.0346e-11 5.32072e-09 2.50595e-07 0.000134763 0.00108747 0.0147449 0.969627 0.0125415 0.00186421 
8.54041e-06 0.000805147 0.00725887 0.372929 0.503284 0.114117 0.00159122 5.48617e-06 8.74051e-08 2.13216e-09 
8.34065e-14 1.00686e-10 1.61433e-08 1.87009e-06 0.000976757 0.0101624 0.955363 0.0247248 0.00755882 0.00121239 
1.19505e-14 4.37488e-12 9.86604e-10 2.95254e-08 3.90813e-07 3.91169e-05 0.000666258 0.00500181 0.0126159 0.981676 
1.10811e-14 4.04858e-12 9.14358e-10 2.72229e-08 2.78291e-07 3.52166e-05 0.00065337 0.00768515 0.985238 0.0063883 
1.17537e-06 0.000376564 0.00240295 0.0262634 0.921268 0.0432114 0.00643333 4.28406e-05 2.33753e-07 1.8075e-08 
8.95362e-20 3.44116e-17 7.54174e-15 5.93627e-13 5.65524e-11 7.5797e-09 6.90869e-06 0.000370403 0.00523167 0.994391 
6.27173e-20 2.35755e-17 5.23197e-15 2.75496e-13 2.06745e-11 2.53217e-09 2.28778e-06 0.000165474 0.00329253 0.99654 
3.17767e-10 1.29203e-07 6.06607e-06 0.000370252 0.00690674 0.949248 0.0362997 0.00671332 0.000451606 3.7476e-06 
1.86574e-15 6.85161e-13 1.5417e-10 4.67898e-09 9.58442e-08 6.69847e-06 0.000345366 0.00399533 0.981446 0.0142062 
6.14052e-10 2.32063e-07 1.30775e-05 0.000245419 0.00496093 0.0220663 0.966361 0.00577691 0.000522395 5.35382e-05 
0.00162787 0.0145135 0.0544464 0.904255 0.023151 0.0019177 8.77524e-05 9.9142e-07 2.27249e-07 4.74771e-10 
7.42625e-27 3.50157e-23 2.13011e-20 1.28812e-16 5.9955e-15 2.70265e-12 1.94445e-08 3.75951e-05 0.00145499 0.998507 
3.54395e-29 2.19589e-25 3.16303e-22 3.5958e-18 9.6988e-17 6.7366e-14 1.65561e-09 1.38792e-05 0.000672114 0.999314 
1.27484e-19 4.81295e-17 1.0659e-14 6.58447e-13 5.3161e-11 7.17015e-09 6.48978e-06 0.000269406 0.00302242 0.996702 
0.00628121 0.0367818 0.94079 0.0145634 0.00157371 9.91546e-06 8.62539e-08 5.76734e-10 1.15931e-10 2.43564e-13 
1.74462e-11 4.81732e-08 1.1786e-06 0.000189629 0.00305399 0.943846 0.0428052 0.00904468 0.0010173 4.23557e-05 
1.54874e-14 5.71617e-12 1.28557e-09 5.98258e-08 7.72441e-06 0.000266475 0.00800753 0.975122 0.0134268 0.00316893 
1.18594e-14 1.30073e-11 2.21777e-09 1.07886e-07 9.17793e-05 0.000485925 0.00684832 0.01634 0.972603 0.00363116 
1.52651e-14 6.67381e-12 1.39997e-09 7.24378e-08 2.74433e-05 0.000392689 0.00687774 0.0127727 0.976592 0.00333727 
9.11497e-07 0.000301882 0.00241467 0.0240173 0.907155 0.0532443 0.0120437 0.000811919 9.66015e-06 5.87495e-07 
3.75832e-09 1.81904e-06 0.000188507 0.0045853 0.0268589 0.0520245 0.915547 0.000786383 7.03462e-06 5.01458e-07 
1.45356e-09 5.51625e-07 5.03917e-05 0.00212411 0.940621 0.0401906 0.0154543 0.00154957 8.58559e-06 4.92182e-07 
6.07784e-06 0.000884341 0.00756766 0.0320085 0.933299 0.0242723 0.00195625 6.20941e-06 8.14424e-08 2.90795e-09 
1.29426e-14 1.42457e-11 2.43737e-09 1.16341e-07 8.50045e-05 0.000501193 0.00783713 0.0156463 0.974082 0.00184789 
4.05982e-22 1.49054e-19 3.35473e-17 1.02381e-15 1.92213e-14 1.61035e-12 8.75255e-10 2.21217e-06 0.000403589 0.999594 
1.43734e-11 4.16979e-08 9.42892e-07 9.76325e-05 0.000836219 0.00775801 0.968512 0.0175722 0.00478022 0.000443031 
