18112
7.74017e-12 2.22327e-10 7.39556e-09 6.77068e-07 0.00018846 0.00200311 0.0252834 0.953661 0.0174128 0.00145086 
1.33749e-15 1.97709e-14 7.16763e-14 8.0554e-12 7.32942e-10 6.50403e-08 1.28908e-05 0.00187805 0.49163 0.506479 
2.01849e-11 9.26004e-10 4.00566e-08 2.59394e-06 0.000536149 0.00415869 0.0359372 0.936198 0.0214461 0.00172139 
2.80433e-11 4.23438e-10 2.07458e-09 2.00658e-07 2.3237e-05 0.00100092 0.0199301 0.952795 0.0212915 0.00495876 
1.01877e-11 2.57575e-10 8.26966e-09 1.29113e-06 0.000341881 0.00372071 0.0306898 0.944876 0.018934 0.00143582 
1.02506e-08 6.06333e-07 1.05128e-05 0.000643959 0.0220249 0.906504 0.0544563 0.0150122 0.00129491 5.24658e-05 
1.02721e-13 1.50978e-12 4.48683e-12 2.37961e-10 1.55022e-08 1.59849e-06 0.00104828 0.687372 0.285405 0.0261732 
0.683494 0.161887 0.0905734 0.0437668 0.0181941 0.00172133 0.000360602 2.629e-06 4.72682e-08 3.59819e-10 
0.00197167 0.0110082 0.0589877 0.849642 0.0676827 0.0104984 0.00020129 7.45329e-06 7.19991e-07 5.65625e-09 
1.44549e-15 2.14014e-14 8.26979e-14 1.11257e-11 1.05815e-09 9.17272e-08 1.52899e-05 0.00149394 0.0300177 0.968473 
0.00981442 0.760906 0.152173 0.0669118 0.00987169 0.000310714 1.25896e-05 2.32399e-07 1.69778e-08 1.38473e-10 
1.09805e-11 2.62401e-10 7.11157e-09 7.27489e-07 0.00026538 0.00216113 0.0302475 0.945441 0.0204977 0.0013868 
5.08703e-10 1.78269e-08 3.44953e-07 1.64373e-05 0.000894104 0.00562544 0.0338586 0.939862 0.0183109 0.00143189 
4.5684e-11 4.94705e-09 1.02844e-06 0.000458225 0.0157758 0.851839 0.0770116 0.041638 0.0117673 0.00150908 
1.52378e-11 2.24006e-10 6.57125e-10 2.79126e-08 8.02982e-07 2.70132e-05 0.00117766 0.0187132 0.959408 0.0206732 
1.49729e-11 2.96665e-10 5.76893e-09 6.9336e-07 0.00034561 0.00207455 0.0253463 0.954476 0.0164075 0.00134923 
0.000105409 0.00728934 0.048004 0.14077 0.778211 0.0237522 0.00184021 2.67811e-05 9.34677e-07 1.58053e-08 
2.81282e-11 4.4233e-10 3.06709e-09 2.00981e-07 2.27335e-05 0.000477377 0.00585139 0.028495 0.949233 0.0159204 
4.00021e-06 0.000263682 0.00320791 0.0120286 0.0557878 0.89252 0.0345063 0.00163865 4.12988e-05 1.33762e-06 
1.22495e-15 1.81014e-14 6.4804e-14 7.05512e-12 6.34349e-10 5.88148e-08 1.14163e-05 0.000781894 0.0153146 0.983892 
4.20164e-11 6.17175e-10 1.77418e-09 7.14389e-08 1.13308e-06 5.41266e-05 0.001036 0.0158625 0.0548907 0.928155 
8.21405e-07 1.20754e-05 2.12991e-05 0.00150534 0.0322685 0.87558 0.0698839 0.0190102 0.00165831 5.94966e-05 
1.0117e-15 1.49146e-14 4.78088e-14 3.20698e-12 2.41413e-10 2.95719e-08 9.3099e-06 0.00066325 0.961667 0.0376604 
9.72286e-12 2.3067e-10 6.27887e-09 6.95178e-07 0.000230907 0.0021663 0.0273746 0.943747 0.0250156 0.00146537 
3.14259e-11 4.61652e-10 1.33028e-09 5.40592e-08 9.86498e-07 4.26494e-05 0.000987022 0.0176908 0.0654736 0.915805 
7.18092e-07 5.90446e-05 0.00106018 0.0143163 0.0627921 0.890831 0.0292491 0.00165911 3.12667e-05 9.61988e-07 
2.58543e-09 8.34057e-08 1.54356e-06 8.32785e-05 0.00358371 0.0259107 0.0600442 0.904808 0.00537921 0.00018939 
0.000412274 0.0191955 0.619006 0.317582 0.0376458 0.00569114 0.000460114 7.05556e-06 4.09702e-07 3.83498e-09 
1.08764e-11 2.78568e-10 9.52314e-09 1.69567e-06 0.000485642 0.00431781 0.0349079 0.934256 0.0233926 0.00263821 
7.13313e-06 0.0006469 0.00273612 0.0205572 0.0685259 0.886494 0.0206481 0.000380578 3.82901e-06 4.77967e-08 
2.22611e-09 4.55233e-08 6.74214e-07 5.28708e-05 0.00469179 0.034716 0.0862384 0.870202 0.00368752 0.000410375 
2.1452e-12 3.15229e-11 9.14714e-11 3.76115e-09 7.91509e-08 3.15818e-06 7.18224e-05 0.00185289 0.937016 0.061056 
0.00048955 0.00841857 0.0417289 0.117221 0.790668 0.0382311 0.00320467 3.70359e-05 1.04918e-06 7.49957e-09 
1.38305e-11 3.174e-10 8.11853e-09 8.47136e-07 0.000320433 0.00246887 0.02524 0.0561844 0.908463 0.00732279 
2.53547e-16 3.76608e-15 1.60365e-14 2.59509e-12 2.6088e-10 2.69274e-08 4.77547e-06 0.000423867 0.01197 0.987601 
5.68198e-16 8.41339e-15 3.26635e-14 4.45811e-12 4.24794e-10 3.76049e-08 6.23062e-06 0.000554532 0.0123787 0.987061 
1.12953e-15 1.67281e-14 6.48606e-14 8.6828e-12 8.57485e-10 8.70374e-08 1.99529e-05 0.00275562 0.96111 0.0361141 
0.000513509 0.0255395 0.820951 0.09185 0.0433338 0.0157311 0.00203909 4.04781e-05 1.49482e-06 2.85741e-08 
9.96474e-16 1.4878e-14 7.81728e-14 1.79872e-11 2.11763e-09 1.90198e-07 3.19646e-05 0.001565 0.0191773 0.979226 
1.1819e-05 0.000931082 0.00347638 0.0202551 0.0636735 0.0946012 0.812539 0.00446131 4.97953e-05 1.13623e-06 
1.01943e-05 0.00089391 0.00782287 0.0521767 0.141548 0.791887 0.00559794 6.21217e-05 1.09545e-06 2.5999e-08 
0.0103483 0.0839815 0.81439 0.0821069 0.00890696 0.000256489 9.37389e-06 1.74259e-07 1.29148e-08 1.04591e-10 
2.88771e-11 4.24224e-10 1.22456e-09 5.08906e-08 1.10099e-06 0.000140727 0.00807843 0.938905 0.0407852 0.0120893 
1.39931e-15 2.07043e-14 7.77079e-14 9.64186e-12 9.04525e-10 8.19524e-08 1.4897e-05 0.00094531 0.0175884 0.981451 
1.52458e-05 0.00141439 0.00662652 0.0544908 0.1508 0.778239 0.00833499 7.76765e-05 1.36966e-06 3.42667e-08 
2.93147e-11 5.62536e-10 9.86202e-09 1.06324e-06 0.000370233 0.00297932 0.031661 0.942395 0.0207215 0.0018722 
2.08382e-11 3.06185e-10 8.91249e-10 3.94166e-08 1.03366e-06 5.42079e-05 0.00141942 0.0201299 0.962499 0.0158961 
3.03101e-11 4.45396e-10 1.29395e-09 5.40813e-08 1.34946e-06 4.87834e-05 0.00177089 0.023071 0.942379 0.0327294 
7.77653e-06 0.000719733 0.00435549 0.0434003 0.121135 0.818308 0.0118945 0.000177524 1.20166e-06 2.15942e-08 
8.73997e-05 0.00517441 0.173276 0.744629 0.0611844 0.0140887 0.00152838 2.98333e-05 1.09656e-06 2.07313e-08 
6.34038e-10 1.36948e-08 3.15197e-07 2.68851e-05 0.00376848 0.0319789 0.915566 0.0386019 0.00898249 0.00107467 
1.87273e-11 2.75185e-10 7.98799e-10 3.32066e-08 7.85465e-07 2.92764e-05 0.000891913 0.0128284 0.956702 0.0295476 
1.56125e-11 2.30939e-10 7.743e-10 4.5702e-08 1.1577e-05 8.2453e-05 0.00140223 0.0172188 0.965923 0.0153621 
1.91996e-06 4.78168e-05 0.00111477 0.0320914 0.873557 0.0659591 0.0215818 0.00515109 0.000489072 5.67283e-06 
8.81992e-16 1.30454e-14 4.84611e-14 5.90724e-12 5.47902e-10 5.2358e-08 9.29905e-06 0.000713924 0.0162254 0.983051 
1.27064e-15 1.8796e-14 6.98198e-14 8.42967e-12 7.87423e-10 7.51834e-08 1.43011e-05 0.00107679 0.0201363 0.978773 
2.11064e-11 3.3763e-10 2.63443e-09 1.574e-07 3.03795e-05 0.000349967 0.00949766 0.957257 0.0266464 0.0062189 
4.66812e-13 7.62686e-11 4.5503e-09 3.93405e-07 5.256e-05 0.00125503 0.0211735 0.950328 0.0227768 0.00441344 
0.000111566 0.0076129 0.0609805 0.838117 0.0752187 0.016246 0.00167784 3.40702e-05 1.58462e-06 2.35649e-08 
1.61874e-07 2.8669e-06 1.07091e-05 0.000611864 0.0107369 0.841803 0.114038 0.0306932 0.00202929 7.39255e-05 
4.54031e-09 1.71797e-07 3.37254e-06 0.000161225 0.00504661 0.0392679 0.0909358 0.861805 0.00270951 6.99898e-05 
5.86083e-09 2.07978e-07 3.84494e-06 0.00019684 0.0085259 0.836507 0.119224 0.0331156 0.00234415 8.26861e-05 
1.41621e-05 0.00131017 0.00653528 0.0526098 0.872152 0.0617916 0.00551628 6.97194e-05 1.35323e-06 3.48787e-08 
9.5594e-07 1.41584e-05 1.64428e-05 0.00108878 0.0139894 0.0590091 0.899923 0.0244047 0.00151215 4.09279e-05 
2.17277e-09 5.44806e-08 1.0483e-06 0.000236939 0.0148376 0.867906 0.0846586 0.0282835 0.00370818 0.000368076 
3.46699e-11 5.21055e-10 2.6702e-09 5.22673e-07 6.84992e-05 0.00845659 0.914316 0.0405423 0.0271457 0.0094701 
4.47188e-07 1.59169e-05 0.000632282 0.0187075 0.839499 0.0811257 0.0456014 0.0130809 0.00130641 3.06887e-05 
3.69844e-26 2.20321e-23 5.9243e-21 4.16092e-18 9.46259e-16 5.72608e-13 1.26126e-09 1.26771e-06 0.00027835 0.99972 
2.52155e-10 1.08202e-08 2.1033e-07 8.90508e-06 0.000280065 0.00205963 0.0252547 0.95249 0.0184946 0.0014124 
1.22389e-15 1.80958e-14 6.63411e-14 7.77737e-12 7.14932e-10 6.29913e-08 1.11851e-05 0.000629905 0.00889392 0.990465 
9.51653e-06 0.000804722 0.00442182 0.0424869 0.888675 0.0560148 0.00729703 0.000278797 1.08932e-05 5.16991e-07 
6.78576e-35 3.11395e-31 1.5079e-27 1.61899e-23 4.54446e-19 1.30971e-15 8.54449e-12 7.23343e-08 0.000666886 0.999333 
4.64167e-09 1.39852e-07 2.52142e-06 0.000183782 0.00806576 0.857173 0.102374 0.0299363 0.00217011 9.45616e-05 
3.52246e-11 5.26737e-10 2.2958e-09 2.72293e-07 4.04273e-05 0.00240192 0.897903 0.057592 0.0324894 0.00957325 
3.45821e-30 6.50583e-27 3.5774e-24 7.13093e-21 4.23977e-18 2.57635e-15 2.42354e-12 8.49269e-09 9.799e-05 0.999902 
9.91643e-16 1.46758e-14 5.55118e-14 6.99288e-12 6.60453e-10 5.78486e-08 1.06914e-05 0.000696985 0.0110718 0.98822 
9.77408e-10 2.29833e-08 4.66721e-07 3.4968e-05 0.00381243 0.0322276 0.911607 0.04179 0.00938985 0.00113808 
1.56705e-09 7.29172e-08 1.4781e-06 6.73471e-05 0.000925348 0.00909275 0.923673 0.0519047 0.0134349 0.00089992 
4.36506e-11 6.43661e-10 2.09527e-09 1.74842e-07 2.43754e-05 0.000499621 0.00641328 0.0339573 0.936461 0.0226442 
4.0259e-11 6.18475e-10 3.57158e-09 2.9526e-07 4.91219e-05 0.000883126 0.013767 0.936465 0.0385339 0.0103014 
9.85384e-12 1.44857e-10 4.29509e-10 2.07717e-08 8.01758e-07 5.38238e-05 0.00291536 0.92618 0.0551109 0.0157394 
2.14979e-11 3.15844e-10 9.13016e-10 3.75116e-08 7.81445e-07 3.14955e-05 0.000929902 0.0164953 0.967576 0.0149667 
6.53011e-07 9.95413e-06 1.98597e-05 0.00257032 0.0317373 0.877445 0.0699215 0.017254 0.000996361 4.45711e-05 
8.12751e-07 1.31499e-05 5.46565e-05 0.00186469 0.0363907 0.852182 0.0868417 0.0206384 0.00192914 8.45411e-05 
4.261e-16 6.3251e-15 2.66454e-14 4.24025e-12 4.20953e-10 4.02444e-08 6.87804e-06 0.000717536 0.0186087 0.980667 
1.16087e-15 1.81756e-14 1.99782e-13 5.59345e-11 9.16246e-09 6.38548e-07 0.000235635 0.00520905 0.951165 0.04339 
0.0183396 0.821992 0.130719 0.027663 0.00127117 1.50823e-05 1.44687e-07 2.89901e-09 2.07049e-10 1.61028e-12 
1.93214e-05 0.00218503 0.0119105 0.434194 0.498776 0.0483394 0.00451309 6.17797e-05 1.19459e-06 3.07327e-08 
3.36067e-11 4.93776e-10 1.43065e-09 5.98341e-08 1.35033e-06 5.88638e-05 0.00563485 0.0415319 0.931669 0.0211043 
4.46315e-05 0.00491036 0.0304281 0.0921031 0.845159 0.0255047 0.00182158 2.75057e-05 7.91796e-07 1.7902e-08 
1.91874e-16 2.82288e-15 8.51548e-15 4.39584e-13 2.25971e-11 2.12019e-09 5.08765e-07 3.34304e-05 0.00282351 0.997143 
1.71584e-06 2.54849e-05 6.08065e-05 0.00792228 0.827177 0.103863 0.049177 0.0108617 0.000881372 2.94115e-05 
4.22759e-11 6.21547e-10 1.83492e-09 8.43154e-08 2.68641e-06 0.00010503 0.00205851 0.0274148 0.946274 0.0241446 
6.05106e-06 0.000549826 0.00279159 0.0232391 0.83177 0.114185 0.0264026 0.0010474 8.79263e-06 2.628e-07 
6.19032e-12 9.10355e-11 2.70512e-10 1.23119e-08 5.24878e-07 1.60317e-05 0.00113115 0.0241036 0.949962 0.0247869 
9.32396e-16 1.38618e-14 6.60893e-14 1.32679e-11 1.2592e-09 2.23741e-07 6.52311e-05 0.00184342 0.0157317 0.982359 
1.17924e-15 1.74661e-14 6.8212e-14 9.3517e-12 8.97761e-10 7.93834e-08 1.33464e-05 0.000899418 0.0163931 0.982694 
8.6107e-06 0.000763203 0.00328966 0.0234794 0.83381 0.111012 0.0268223 0.000799242 1.52844e-05 5.02099e-07 
1.3756e-15 2.03602e-14 7.8151e-14 1.10708e-11 1.0863e-09 1.84032e-07 7.40578e-05 0.00767965 0.952093 0.0401532 
3.14221e-07 7.69376e-06 0.000220858 0.0132954 0.830741 0.085384 0.0525772 0.0160299 0.00165938 8.40648e-05 
3.43734e-33 1.31717e-29 5.15612e-26 2.90385e-22 4.53629e-18 7.2794e-15 2.87576e-11 1.5331e-07 0.00104716 0.998953 
4.77844e-16 7.04879e-15 2.30136e-14 1.64688e-12 1.31995e-10 1.62828e-08 5.02358e-06 0.000294575 0.00634402 0.993356 
3.8606e-17 5.74097e-16 2.65345e-15 5.30736e-13 5.29841e-11 5.79579e-09 7.47577e-07 0.000169686 0.486052 0.513778 
7.10167e-05 0.00532967 0.0365163 0.11673 0.817358 0.023307 0.000680463 7.25451e-06 4.97208e-07 3.88945e-09 
6.31376e-21 1.30108e-18 1.73252e-16 7.35269e-14 8.47648e-12 5.1994e-10 4.44842e-08 6.88026e-06 0.00186672 0.998126 
7.00641e-12 1.58543e-10 4.02936e-09 4.58772e-07 0.000141995 0.00153841 0.0233236 0.958183 0.015948 0.000864855 
7.59239e-07 1.13583e-05 2.19425e-05 0.000897605 0.00850873 0.244785 0.732336 0.0129038 0.0005267 7.96739e-06 
7.55032e-07 1.76813e-05 0.000335956 0.00711208 0.280134 0.665404 0.0369952 0.00907089 0.000891239 3.80444e-05 
6.22027e-16 9.20031e-15 3.42071e-14 4.19531e-12 3.91017e-10 3.69052e-08 6.63155e-06 0.000578377 0.0155451 0.98387 
4.18085e-06 0.000456994 0.00694541 0.272282 0.627786 0.0756109 0.0156778 0.00121202 2.40929e-05 7.5292e-07 
2.2949e-12 3.3714e-11 9.72783e-11 3.94793e-09 6.77906e-08 3.00583e-06 3.61599e-05 0.00174598 0.932132 0.0660826 
1.6156e-06 2.4242e-05 4.90168e-05 0.00243711 0.0389538 0.882446 0.0630853 0.0122492 0.000733552 2.05936e-05 
1.2387e-15 1.8336e-14 6.9992e-14 9.03788e-12 8.57604e-10 7.53561e-08 1.35227e-05 0.00102309 0.0206052 0.978358 
3.16122e-09 1.13991e-07 2.22778e-06 0.000112956 0.00429994 0.034108 0.93697 0.0227688 0.00167737 6.05444e-05 
9.85878e-12 3.15906e-10 1.82765e-08 2.13617e-06 0.000474128 0.0056348 0.0336897 0.94537 0.0137074 0.00112204 
1.96432e-11 2.88614e-10 8.36983e-10 3.56855e-08 9.48467e-07 0.000113803 0.00458251 0.0382376 0.938833 0.0182325 
8.34776e-10 2.96749e-08 5.94244e-07 3.00924e-05 0.00148276 0.00961354 0.0450543 0.921589 0.0205548 0.00167499 
3.06971e-10 1.67256e-08 4.37755e-07 2.63406e-05 0.00268644 0.0276975 0.920078 0.0380741 0.010043 0.00139411 
1.88705e-06 2.91533e-05 5.80877e-05 0.00306568 0.0419363 0.124227 0.824713 0.00571827 0.000241461 9.07518e-06 
9.95612e-16 1.47133e-14 5.25863e-14 5.6418e-12 5.10873e-10 4.77871e-08 9.75473e-06 0.000610439 0.0101633 0.989216 
1.52214e-15 2.25504e-14 9.43504e-14 1.60873e-11 1.4977e-09 2.95178e-07 0.000114932 0.00410272 0.951498 0.0442838 
3.18901e-09 8.42488e-08 1.56609e-06 0.000107524 0.00664562 0.044433 0.915932 0.0300402 0.00268373 0.000156591 
4.44465e-07 0.000204612 0.00756271 0.652607 0.223329 0.0485264 0.0498237 0.0160235 0.00183972 8.34431e-05 
8.43278e-06 0.00110924 0.0185271 0.847425 0.0905462 0.0387407 0.00359626 4.5948e-05 8.21895e-07 1.873e-08 
1.66925e-06 2.47935e-05 5.69413e-05 0.00335417 0.0466245 0.887772 0.0520768 0.00929291 0.000769747 2.65738e-05 
1.2242e-24 1.29017e-21 4.04656e-19 3.42325e-16 3.84072e-14 3.19336e-11 4.59958e-09 2.196e-06 0.000757914 0.99924 
1.20014e-38 1.23765e-34 1.41051e-30 4.73501e-26 1.5147e-21 1.34691e-17 3.5192e-13 7.52949e-09 0.000193059 0.999807 
1.04008e-09 4.34595e-08 1.38415e-06 0.000379195 0.00865931 0.048585 0.896909 0.0361601 0.00837689 0.000928606 
3.35597e-09 1.05919e-07 1.89068e-06 9.46885e-05 0.00259354 0.0175438 0.0502651 0.91549 0.0134042 0.000606269 
3.78949e-09 1.23709e-07 3.17272e-06 0.000704225 0.0225899 0.875857 0.076742 0.0222434 0.00179323 6.68246e-05 
1.06804e-15 1.58841e-14 7.82689e-14 1.75827e-11 1.742e-09 4.14916e-07 0.0002135 0.0110361 0.955806 0.032944 
1.25174e-11 2.77158e-10 6.68063e-09 7.22368e-07 0.000302584 0.0020628 0.0181586 0.0415338 0.930152 0.00778982 
0.0329741 0.805284 0.130421 0.0277967 0.00341862 0.000100058 4.83845e-06 7.87878e-08 5.05214e-09 4.15573e-11 
7.15568e-16 1.05812e-14 3.96188e-14 5.28979e-12 5.37359e-10 8.67789e-08 2.54156e-05 0.00555678 0.030859 0.963559 
9.94929e-12 1.46199e-10 4.24715e-10 1.78413e-08 4.64754e-07 1.67874e-05 0.000824169 0.018242 0.947909 0.0330078 
1.55552e-06 2.43387e-05 6.19695e-05 0.00462739 0.800341 0.137304 0.0507802 0.00628052 0.000535472 4.39297e-05 
5.41387e-09 2.19473e-07 4.29643e-06 0.000198017 0.00474312 0.534381 0.424703 0.0286241 0.00724134 0.000104819 
0.00256411 0.254503 0.631263 0.0555031 0.0368149 0.0171762 0.00214971 2.60281e-05 5.29432e-07 1.25952e-08 
5.59071e-22 2.30136e-19 5.15891e-17 3.43838e-14 3.31237e-12 1.12529e-09 2.43462e-07 8.22494e-05 0.00420411 0.995713 
4.28595e-13 6.33488e-12 2.11983e-11 1.25567e-09 1.15259e-07 2.64485e-06 0.000249014 0.00361262 0.0210213 0.975114 
1.87545e-11 2.75532e-10 7.96078e-10 3.27564e-08 6.96032e-07 2.78079e-05 0.00147382 0.924089 0.0599004 0.0145082 
2.80463e-11 4.12088e-10 1.1942e-09 4.95813e-08 1.15619e-06 4.36383e-05 0.00148513 0.0242858 0.952108 0.0220761 
3.70294e-07 5.37292e-06 4.47734e-06 0.000275247 0.00668344 0.0505074 0.907221 0.0328696 0.00235755 7.59585e-05 
7.43375e-17 1.10042e-15 4.26277e-15 5.94462e-13 5.61055e-11 5.53489e-09 9.54983e-07 0.00012339 0.00528667 0.994589 
0.000299987 0.0125331 0.0829794 0.831652 0.0637615 0.00817439 0.000585685 1.30368e-05 1.04382e-06 8.23663e-09 
5.05828e-12 9.53366e-11 1.69027e-09 2.20941e-07 3.45283e-05 0.000913735 0.0110946 0.0303694 0.94732 0.0102671 
3.68629e-17 5.62919e-16 4.48134e-15 1.27087e-12 1.4092e-10 1.06221e-08 1.57575e-06 0.000173576 0.00754722 0.992278 
5.46629e-12 2.74634e-10 2.15637e-08 5.66116e-06 0.00143198 0.011221 0.040091 0.933866 0.0126709 0.000713457 
2.13391e-11 1.61624e-09 9.2722e-08 8.21642e-06 0.00145755 0.0166492 0.0614059 0.909083 0.0104057 0.000990404 
3.1034e-11 4.82003e-10 3.1148e-09 2.94795e-07 4.38134e-05 0.000808298 0.00768706 0.0352509 0.938207 0.0180025 
0.00170021 0.0132454 0.0548912 0.108923 0.799747 0.0210831 0.000408824 1.29902e-06 2.27764e-08 1.90452e-10 
1.5448e-15 2.28237e-14 8.06228e-14 8.2815e-12 7.41001e-10 6.98439e-08 1.50717e-05 0.000759977 0.00872836 0.990497 
2.90467e-09 1.33736e-07 2.84063e-06 0.000134497 0.00460713 0.0373163 0.93316 0.0233775 0.00135809 4.39154e-05 
1.35521e-11 2.12569e-10 1.47042e-09 1.70614e-07 0.00013182 0.000367638 0.00304095 0.0229737 0.954235 0.0192503 
1.04252e-13 1.5503e-12 5.9017e-12 4.32955e-10 5.75609e-08 9.31331e-07 6.55904e-05 0.0011926 0.0160631 0.982678 
1.73615e-06 6.39785e-05 0.00127192 0.0117723 0.464586 0.502074 0.0190821 0.00112323 2.35596e-05 1.06231e-06 
3.61041e-12 5.30653e-11 1.55007e-10 6.5697e-09 1.86383e-07 6.29383e-06 0.000319834 0.0111707 0.958566 0.0299366 
1.17469e-11 2.76862e-10 7.37777e-09 7.89389e-07 0.000323047 0.00230138 0.0276283 0.948849 0.0191973 0.00170034 
1.11468e-15 1.65081e-14 6.41624e-14 8.68452e-12 8.32086e-10 7.46383e-08 1.28212e-05 0.000813765 0.0140543 0.985119 
5.06486e-20 1.6855e-17 3.5863e-15 2.65453e-12 3.28281e-10 1.36349e-07 0.000116197 0.00837449 0.965855 0.0256546 
0.912066 0.0746333 0.0115277 0.00171317 5.59508e-05 3.80515e-06 2.25586e-08 1.85719e-10 5.36388e-13 1.27012e-15 
2.37796e-11 1.81504e-09 1.18473e-07 1.40903e-05 0.00234969 0.0243834 0.919968 0.041002 0.0109599 0.00132254 
4.61938e-09 1.9223e-07 3.81085e-06 0.000169959 0.00244093 0.0164704 0.0439548 0.923992 0.0124425 0.00052535 
6.22409e-19 1.09393e-17 2.52093e-16 8.22729e-14 9.52545e-12 8.37671e-10 2.24467e-07 9.12838e-05 0.00394031 0.995968 
2.29501e-16 3.4157e-15 1.59246e-14 3.08744e-12 3.12036e-10 2.87068e-08 3.62077e-06 0.000557199 0.0136699 0.985769 
5.12458e-09 1.89027e-07 4.22836e-06 0.000493034 0.0150648 0.635494 0.316096 0.0290295 0.00367216 0.000145451 
8.21491e-23 4.92318e-20 1.44727e-17 1.32171e-14 1.20092e-12 6.73933e-10 3.21492e-08 2.22645e-06 0.000318986 0.999679 
5.21982e-20 1.09315e-17 1.56905e-15 7.3002e-13 7.96995e-11 9.83169e-09 1.25593e-06 0.000265092 0.0118776 0.987856 
4.64809e-13 6.82645e-12 1.95552e-11 7.84647e-10 1.07561e-08 6.2972e-07 1.92034e-05 0.0013719 0.0237906 0.974818 
6.50934e-18 9.57579e-17 2.93115e-16 1.95143e-14 1.15536e-12 2.70117e-10 1.16513e-07 7.81393e-05 0.00372625 0.996195 
1.13811e-11 2.56559e-10 6.48537e-09 7.41972e-07 0.000249223 0.00237888 0.0317893 0.937981 0.025357 0.00224392 
2.78468e-09 1.01935e-07 1.89449e-06 8.49242e-05 0.00112812 0.00846005 0.0318545 0.938744 0.0178672 0.0018591 
8.95106e-16 1.32281e-14 4.71944e-14 5.05385e-12 4.58598e-10 4.56118e-08 1.00114e-05 0.000714175 0.0161013 0.983175 
2.00461e-07 4.31958e-06 2.7796e-05 0.00127537 0.0223463 0.881341 0.0783716 0.0157441 0.000842763 4.69669e-05 
3.84841e-09 1.28464e-07 2.40116e-06 0.000126191 0.00496862 0.0382357 0.909969 0.0422456 0.00412673 0.000325962 
1.79546e-15 9.45387e-14 5.72839e-12 1.09267e-09 2.22159e-07 4.85601e-06 0.000674945 0.0159924 0.0573907 0.925937 
4.81068e-12 7.07153e-11 2.07273e-10 8.91003e-09 2.78639e-07 1.21599e-05 0.000562674 0.0128482 0.952482 0.0340945 
2.96048e-11 4.34927e-10 1.25533e-09 5.12259e-08 9.89969e-07 4.10907e-05 0.000972201 0.0104916 0.0311606 0.957333 
4.26388e-09 1.59821e-07 3.06364e-06 0.000146787 0.00415835 0.0328419 0.912435 0.0441113 0.00617504 0.000128492 
8.43979e-06 0.000775793 0.00168742 0.0242791 0.822038 0.123574 0.0261625 0.00143812 3.50365e-05 9.80898e-07 
4.90717e-09 1.65386e-07 3.12287e-06 0.00015738 0.00557464 0.0457025 0.914058 0.031884 0.00253018 8.96348e-05 
2.58987e-11 3.80453e-10 1.09608e-09 4.4577e-08 8.16849e-07 3.57216e-05 0.000861654 0.015388 0.955135 0.0285784 
1.52803e-17 2.32609e-16 1.93806e-15 6.39884e-13 6.91214e-11 7.87469e-09 1.59148e-06 0.00050588 0.0132554 0.986237 
1.5639e-15 2.3283e-14 1.13111e-13 2.39743e-11 2.40379e-09 2.93857e-07 5.14441e-05 0.00490394 0.948015 0.0470292 
1.75533e-11 2.57974e-10 7.52012e-10 3.16769e-08 8.54789e-07 2.89211e-05 0.000993956 0.016329 0.960824 0.0218235 
3.95536e-11 6.10208e-10 3.79638e-09 4.16191e-07 0.000111145 0.00141298 0.0214591 0.0566321 0.91065 0.00973478 
1.71344e-11 2.51802e-10 7.32693e-10 3.06541e-08 7.69879e-07 2.79381e-05 0.00109973 0.0203711 0.960137 0.0183633 
8.09345e-17 1.21098e-15 6.25037e-15 1.27446e-12 1.3566e-10 1.25697e-08 2.36724e-06 0.000158871 0.00548355 0.994355 
0.000815762 0.00890052 0.0530432 0.897355 0.0356756 0.00412742 7.98828e-05 2.55453e-06 2.16577e-07 1.74106e-09 
1.7748e-16 2.66527e-15 1.60979e-14 4.05206e-12 4.17396e-10 3.37318e-08 3.0758e-06 0.000473479 0.0143729 0.98515 
9.76149e-16 1.44096e-14 4.95192e-14 4.69149e-12 4.01441e-10 3.4877e-08 7.4399e-06 0.00039103 0.00500404 0.994597 
1.39344e-22 4.96153e-20 1.06878e-17 7.28146e-15 9.58855e-13 5.34787e-10 1.5397e-07 4.48411e-05 0.00108669 0.998868 
3.81714e-09 1.47e-07 2.92729e-06 0.000139403 0.00463384 0.030195 0.0692639 0.887876 0.00773637 0.000152163 
1.64814e-05 0.000781945 0.00386513 0.0448561 0.873829 0.0682439 0.00830352 0.00010314 1.11092e-06 1.83196e-08 
1.51306e-12 2.23117e-11 7.08132e-11 3.82052e-09 2.93799e-07 7.3568e-06 0.000669219 0.0120699 0.963628 0.0236251 
3.03527e-11 4.46635e-10 1.3708e-09 8.5712e-08 6.87696e-06 0.000151833 0.0019878 0.0209365 0.950939 0.0259782 
1.42662e-06 2.89595e-05 0.000390171 0.00501571 0.833181 0.12549 0.033796 0.00205193 4.36725e-05 1.65379e-06 
6.55769e-08 2.90969e-06 8.88228e-05 0.0101489 0.822411 0.110969 0.0480097 0.00764081 0.000691052 3.79342e-05 
5.75603e-11 3.23316e-09 1.79089e-07 1.66776e-05 0.00253623 0.0171604 0.0507359 0.91913 0.00952273 0.000898248 
1.5028e-15 2.55704e-14 3.80419e-13 7.71122e-11 1.40148e-08 6.42812e-07 0.000223331 0.00969908 0.961703 0.0283737 
9.31267e-12 1.57324e-10 1.70432e-09 1.46224e-07 4.73122e-05 0.000363145 0.0030634 0.0220765 0.957454 0.0169959 
0.000476641 0.00918964 0.0638888 0.858265 0.0596907 0.0080347 0.000443445 1.05656e-05 8.68598e-07 6.83838e-09 
4.71732e-09 1.86338e-07 3.98434e-06 0.000224527 0.00642957 0.041656 0.905103 0.0425115 0.00400587 6.56135e-05 
2.24285e-09 9.35021e-08 1.96495e-06 9.87819e-05 0.00409305 0.0348101 0.931525 0.0264034 0.00279519 0.000272816 
8.94265e-07 1.4123e-05 2.4761e-05 0.00127568 0.0125214 0.050977 0.915342 0.0191263 0.000709965 7.83506e-06 
0.00174571 0.0226118 0.7944 0.143872 0.0347544 0.00254041 6.84605e-05 6.51257e-06 6.72934e-07 5.25671e-09 
0.0252704 0.696062 0.259661 0.0172208 0.00176644 1.93441e-05 1.50289e-07 1.15682e-09 5.61917e-12 2.66703e-14 
2.44052e-06 8.28957e-05 0.00108033 0.0263092 0.090295 0.0943405 0.784387 0.00343207 6.79711e-05 2.66193e-06 
1.40904e-11 3.38549e-10 9.82727e-09 1.37742e-06 0.000400855 0.00754714 0.922681 0.051661 0.0160575 0.00165106 
9.31971e-16 1.38104e-14 5.48374e-14 7.82639e-12 8.09279e-10 9.79504e-08 2.72158e-05 0.00560609 0.962837 0.0315298 
3.02638e-09 1.37312e-07 2.90994e-06 0.000136047 0.00582964 0.0450517 0.910308 0.03264 0.00541861 0.000612678 
2.4728e-11 3.63162e-10 1.03958e-09 4.1593e-08 5.89304e-07 3.06723e-05 0.000434242 0.00963561 0.959063 0.0308358 
1.45652e-15 2.21674e-14 2.07651e-13 6.9206e-11 7.95975e-09 1.15909e-06 0.000333116 0.0093271 0.944401 0.045938 
1.11246e-15 1.64705e-14 6.32079e-14 8.26108e-12 7.86712e-10 7.24711e-08 1.29553e-05 0.000915221 0.017595 0.981477 
1.04324e-05 0.000929756 0.00425279 0.780177 0.139044 0.0619162 0.0126045 0.00103589 2.80741e-05 8.94009e-07 
2.83272e-11 4.3489e-10 2.4682e-09 2.15148e-07 8.96543e-05 0.000596467 0.0129373 0.915195 0.0549411 0.01624 
3.9374e-11 6.18659e-10 4.40901e-09 4.16554e-07 7.60198e-05 0.00131093 0.0185879 0.928326 0.0401601 0.011539 
2.13818e-24 2.54401e-21 8.25529e-19 7.22861e-16 9.31897e-14 7.64548e-11 1.35834e-08 3.64759e-06 0.000220883 0.999775 
1.85892e-11 2.731e-10 7.88863e-10 3.24278e-08 6.67287e-07 2.81444e-05 0.000920099 0.0128802 0.940044 0.0461267 
2.85628e-33 1.05599e-29 4.0209e-26 1.95358e-22 2.0576e-18 2.86406e-15 1.18539e-11 7.07867e-08 0.000628171 0.999372 
0.000497486 0.0190791 0.838496 0.10089 0.0360049 0.00471319 0.000311076 7.63823e-06 6.28705e-07 4.96615e-09 
2.25285e-09 8.64244e-08 2.12603e-06 9.23637e-05 0.00458837 0.811351 0.130615 0.0435735 0.00866517 0.00111223 
1.36177e-09 2.42907e-08 2.8934e-07 2.82154e-05 0.00179605 0.0204022 0.888487 0.0688997 0.0187506 0.00163597 
1.82944e-10 3.16265e-09 4.35188e-08 4.64213e-06 0.000775561 0.00664631 0.787329 0.141227 0.0624244 0.00159321 
8.31848e-16 1.23001e-14 4.46816e-14 4.95436e-12 4.583e-10 4.11889e-08 8.83103e-06 0.000441312 0.00725604 0.992294 
2.39451e-11 3.51778e-10 1.01514e-09 4.14358e-08 7.96533e-07 3.38423e-05 0.000928271 0.0125163 0.0365382 0.949983 
7.46893e-16 1.10683e-14 4.4088e-14 6.32714e-12 6.12425e-10 5.41695e-08 9.92396e-06 0.000869093 0.939654 0.0594673 
3.16593e-11 4.65531e-10 1.42038e-09 8.54296e-08 2.9011e-06 0.000738305 0.865207 0.0638985 0.0495631 0.0205905 
1.47224e-15 2.74325e-14 2.1048e-12 2.25723e-09 1.18959e-07 7.28992e-05 0.00413943 0.0241334 0.941174 0.03048 
1.02641e-06 1.59357e-05 3.67545e-05 0.0014592 0.0168307 0.0508737 0.50636 0.424113 0.000307971 2.60437e-06 
3.03435e-09 1.36586e-07 3.37616e-06 0.000543531 0.0123503 0.879029 0.0852045 0.0214917 0.00133201 4.51689e-05 
2.93719e-11 4.31521e-10 1.24673e-09 5.11489e-08 1.04945e-06 4.26728e-05 0.00120615 0.0204512 0.959981 0.0183179 
2.50468e-12 3.6819e-11 1.08226e-10 4.81127e-09 1.74829e-07 6.49503e-06 0.000622568 0.0178063 0.953532 0.0280329 
4.16253e-09 1.41339e-07 2.5552e-06 0.000120987 0.00269596 0.0178529 0.0445352 0.923028 0.0113716 0.00039243 
1.07811e-11 2.07563e-10 4.85652e-09 1.0583e-06 0.000151265 0.00562604 0.0350568 0.937011 0.0182153 0.00393874 
3.67819e-11 5.41072e-10 1.61981e-09 8.11052e-08 1.46396e-05 0.000146808 0.00335087 0.0300856 0.944714 0.0216876 
0.000980323 0.0133612 0.0775897 0.848475 0.0528768 0.00630455 0.000404609 7.42101e-06 5.61909e-07 4.394e-09 
1.72266e-17 2.5499e-16 9.1328e-16 8.63849e-14 8.44755e-12 1.27702e-09 4.77632e-07 7.90135e-05 0.00239409 0.997526 
1.14251e-15 1.68645e-14 5.87959e-14 6.16739e-12 5.32242e-10 4.32138e-08 6.38394e-06 0.00040886 0.00792817 0.991657 
8.52388e-16 1.25829e-14 4.34259e-14 4.26132e-12 3.66574e-10 3.57771e-08 6.85797e-06 0.000512214 0.0118381 0.987643 
1.8393e-06 2.78621e-05 4.69647e-05 0.00251539 0.039194 0.901605 0.0497066 0.00645482 0.000418159 2.93269e-05 
4.61068e-26 8.46191e-23 3.04293e-20 3.26212e-17 7.65051e-15 4.09334e-12 2.64209e-09 1.53072e-06 0.000475408 0.999523 
6.90289e-17 1.0546e-15 9.11544e-15 2.90198e-12 3.06416e-10 2.47183e-08 1.99892e-06 0.00042655 0.0126629 0.986909 
3.64312e-28 6.79843e-25 3.20051e-22 5.48026e-19 3.33066e-16 2.08752e-13 2.29165e-10 2.28796e-07 0.000594812 0.999405 
3.06924e-10 8.23528e-09 1.29646e-07 6.13319e-06 0.00046147 0.00275998 0.0235076 0.95371 0.0179915 0.00156273 
9.24365e-05 0.00658529 0.0579119 0.848524 0.0701434 0.0151653 0.00154592 3.09848e-05 1.23449e-06 2.13754e-08 
1.82946e-11 1.33429e-09 8.41186e-08 9.06694e-06 0.0019768 0.0162162 0.914595 0.0524486 0.0135146 0.00123938 
6.89738e-16 1.02183e-14 4.02816e-14 5.65337e-12 5.44844e-10 4.92122e-08 8.15479e-06 0.00067875 0.0159329 0.98338 
4.14282e-11 6.11465e-10 2.08828e-09 1.90325e-07 1.96346e-05 0.000697453 0.0111195 0.0348364 0.938786 0.0145409 
6.03611e-22 2.82686e-19 7.03216e-17 5.53185e-14 4.46419e-12 1.91546e-09 2.09201e-07 3.47095e-05 0.0020335 0.997932 
3.65743e-09 1.42276e-07 2.76008e-06 0.000129545 0.00323111 0.0217981 0.898522 0.0616848 0.0136913 0.000940352 
0.0131094 0.0843299 0.871696 0.0294423 0.00140797 1.45712e-05 1.45382e-07 3.23165e-09 2.50147e-10 1.94914e-12 
2.74877e-24 3.80787e-21 1.29399e-18 1.21512e-15 1.6258e-13 1.28418e-10 3.13883e-08 5.70162e-05 0.00345484 0.996488 
1.95463e-11 2.87174e-10 8.30358e-10 3.42576e-08 7.35132e-07 3.62284e-05 0.00435715 0.920501 0.0586797 0.0164249 
1.05099e-05 0.000859584 0.00326022 0.0439871 0.843759 0.0864234 0.0198721 0.00178519 4.15556e-05 1.65184e-06 
1.47326e-06 2.23947e-05 4.83267e-05 0.00204954 0.0335128 0.894977 0.0584456 0.0101394 0.000787524 1.59442e-05 
5.33194e-09 2.10537e-07 4.90622e-06 0.000558603 0.131936 0.773234 0.0713588 0.0207636 0.00206476 7.88202e-05 
3.28201e-10 1.09176e-08 5.19874e-07 0.000191459 0.00764874 0.692977 0.245011 0.0407094 0.0119266 0.0015357 
4.20743e-08 9.76986e-06 0.000519829 0.00965707 0.670724 0.259303 0.0458535 0.0126528 0.00123126 4.78942e-05 
1.37131e-07 1.35828e-05 0.000426085 0.00870787 0.817809 0.135873 0.0346966 0.00240752 6.3889e-05 2.79898e-06 
3.06237e-11 4.49881e-10 1.29731e-09 5.27547e-08 9.70478e-07 4.2039e-05 0.00102252 0.0148859 0.0464934 0.937555 
4.77518e-09 1.65424e-07 3.2979e-06 0.000182659 0.00961591 0.0546134 0.906545 0.0267998 0.00212563 0.000114025 
8.10467e-10 3.26378e-08 7.27644e-07 4.08199e-05 0.00256465 0.0265296 0.924505 0.0369904 0.00835556 0.00101352 
7.54832e-12 1.73917e-10 4.4187e-09 4.01919e-07 9.22143e-05 0.00131399 0.0206863 0.962542 0.0145388 0.000825967 
3.15636e-09 1.33616e-07 2.62006e-06 0.000116166 0.00249579 0.0217672 0.91696 0.0470223 0.010952 0.000683396 
2.53014e-11 4.05909e-10 3.69222e-09 5.18779e-07 0.000124554 0.00293432 0.617355 0.350729 0.0231294 0.00572797 
3.08705e-11 4.53487e-10 1.30618e-09 5.28807e-08 9.1565e-07 4.10021e-05 0.000838661 0.0163803 0.965229 0.0175104 
2.0279e-06 5.81685e-05 0.00207994 0.0285828 0.621624 0.325768 0.0201207 0.00171682 4.5374e-05 1.82059e-06 
1.43479e-15 2.12767e-14 8.64376e-14 1.28075e-11 1.25564e-09 1.11848e-07 1.84518e-05 0.00118709 0.0196972 0.979097 
3.35378e-11 4.92704e-10 1.42194e-09 5.80654e-08 1.12507e-06 4.70892e-05 0.00119958 0.0219627 0.950495 0.026294 
0.0015511 0.395061 0.544349 0.0535958 0.00528258 0.000156853 4.24378e-06 6.98677e-08 4.85259e-09 3.92277e-11 
1.46404e-06 2.21973e-05 4.90018e-05 0.00191911 0.0245769 0.879284 0.0811882 0.0124627 0.000491519 5.32708e-06 
1.80602e-06 2.61745e-05 3.49987e-05 0.00166568 0.0361992 0.875248 0.0682827 0.0168356 0.00166714 3.85942e-05 
1.42057e-15 2.10334e-14 8.10716e-14 1.07486e-11 1.02577e-09 9.01062e-08 1.57037e-05 0.00107439 0.941513 0.0573969 
3.73686e-08 2.26909e-06 2.54628e-05 0.000653286 0.0105015 0.0465137 0.919347 0.021663 0.0012549 3.83286e-05 
1.42774e-15 2.10583e-14 7.12094e-14 6.69029e-12 5.50285e-10 4.23135e-08 5.74447e-06 0.000469969 0.010162 0.989362 
1.55209e-06 2.43376e-05 6.05761e-05 0.0023529 0.0286388 0.880405 0.0766428 0.0116049 0.000264148 4.76823e-06 
0.000718695 0.0208507 0.119129 0.800683 0.0523213 0.00578425 0.000498371 1.38164e-05 1.19642e-06 9.36674e-09 
1.20386e-15 1.80755e-14 1.17141e-13 3.27758e-11 3.29734e-09 5.37137e-07 0.000199806 0.00840926 0.952914 0.0384765 
3.13278e-11 5.10663e-10 4.73492e-09 4.78767e-07 0.000143302 0.00141898 0.0127609 0.0351805 0.936069 0.0144266 
2.72824e-10 8.8589e-09 1.75767e-07 1.12506e-05 0.00120797 0.0183596 0.925193 0.0430033 0.0111179 0.00110635 
3.91464e-09 1.54493e-07 3.01686e-06 0.00013498 0.00238091 0.0161655 0.0472202 0.918802 0.0143598 0.000933488 
5.76271e-16 8.52806e-15 3.19715e-14 3.87178e-12 3.67213e-10 3.17767e-08 6.66002e-06 0.000308283 0.00308846 0.996597 
1.18282e-15 1.7512e-14 6.70874e-14 8.68301e-12 8.26969e-10 7.44552e-08 1.39641e-05 0.00108711 0.0195393 0.97936 
1.0525e-09 2.30355e-08 4.05222e-07 2.96089e-05 0.0035642 0.0282299 0.922848 0.035674 0.00866842 0.000985656 
5.94359e-29 1.18465e-25 1.06235e-22 3.07709e-19 3.5459e-16 2.42429e-13 2.82817e-10 6.54008e-07 0.00183291 0.998166 
1.04239e-06 1.7047e-05 6.07875e-05 0.00219116 0.0287767 0.0842703 0.874776 0.00973438 0.000169919 2.2011e-06 
3.46104e-09 1.03531e-07 1.78039e-06 9.1255e-05 0.00239135 0.015884 0.0415281 0.921362 0.0171074 0.00163427 
1.24404e-06 2.93656e-05 0.000198332 0.00409048 0.045744 0.904565 0.0424682 0.00284473 5.63977e-05 1.92784e-06 
1.36723e-09 2.53174e-08 3.61814e-07 3.14593e-05 0.00310771 0.0209252 0.926574 0.0417349 0.00729809 0.000327849 
2.24187e-06 0.000129758 0.00136326 0.022367 0.0953869 0.852136 0.0269878 0.00158717 3.84851e-05 1.46248e-06 
3.79092e-11 5.58397e-10 1.69832e-09 7.04117e-08 1.78624e-06 6.32964e-05 0.00158587 0.0218501 0.956399 0.0201001 
4.51661e-09 2.27613e-07 6.87523e-06 0.00109369 0.0383556 0.889976 0.0547521 0.0144203 0.00132743 6.73633e-05 
2.09969e-11 3.09399e-10 9.50801e-10 4.25742e-08 3.49702e-06 4.36161e-05 0.00142695 0.0218121 0.957853 0.018861 
1.29789e-15 1.91983e-14 7.17657e-14 8.93908e-12 8.32393e-10 7.28721e-08 1.21329e-05 0.00091626 0.952135 0.046937 
4.87716e-07 8.13006e-06 3.44909e-05 0.00149105 0.0296333 0.923427 0.0403197 0.00462737 0.000423546 3.503e-05 
4.15243e-11 6.1006e-10 1.76263e-09 7.22582e-08 1.48452e-06 5.87304e-05 0.00136718 0.0179947 0.956402 0.024176 
1.06308e-11 1.56225e-10 4.6015e-10 2.45724e-08 1.00391e-06 0.00017649 0.0102176 0.938455 0.0342907 0.0168595 
0.000139165 0.0108421 0.325597 0.596532 0.0545945 0.0113007 0.000979904 1.37612e-05 7.94095e-07 6.5479e-09 
1.36258e-12 2.00501e-11 6.06113e-11 2.9769e-09 1.63569e-07 5.58244e-06 0.000681017 0.0144965 0.955524 0.0292927 
3.1161e-11 5.29411e-10 6.04885e-09 5.37833e-07 0.000125833 0.00160581 0.0237345 0.946328 0.0237067 0.00449905 
4.11367e-11 6.72601e-10 6.3915e-09 6.82005e-07 0.000272497 0.00202687 0.0232152 0.942322 0.0270263 0.00513645 
2.16272e-09 7.65609e-08 1.49028e-06 7.4851e-05 0.00305677 0.603626 0.374283 0.0179489 0.000975944 3.33674e-05 
3.3894e-05 0.00279775 0.0268082 0.906148 0.0602559 0.00381568 0.000136886 3.37575e-06 2.78152e-07 2.18945e-09 
4.38225e-06 0.000295919 0.00142704 0.0168232 0.0713875 0.867597 0.0393475 0.0030544 6.12988e-05 2.09817e-06 
8.57668e-12 1.47361e-10 1.80958e-09 1.98066e-07 7.35428e-05 0.000702517 0.269954 0.720908 0.00779015 0.00057109 
2.15563e-11 3.16723e-10 9.17188e-10 3.79766e-08 8.61075e-07 3.32123e-05 0.00116162 0.019017 0.947267 0.0325199 
1.97762e-06 4.48157e-05 0.000738081 0.0189154 0.075381 0.864797 0.0361656 0.00385301 9.94659e-05 3.19477e-06 
8.67863e-16 1.28653e-14 5.21588e-14 8.17242e-12 8.21043e-10 1.25604e-07 4.84906e-05 0.0046903 0.0336165 0.961645 
7.33476e-12 1.41575e-10 2.68015e-09 3.54396e-07 9.7336e-05 0.00135187 0.025169 0.951278 0.0198338 0.00226939 
1.92832e-20 4.69837e-18 7.02461e-16 3.33918e-13 3.67156e-11 3.10254e-09 1.86657e-07 2.18271e-05 0.0025475 0.99743 
0.00692126 0.063897 0.850318 0.0707942 0.00779586 0.000267098 6.0132e-06 1.34518e-07 1.03373e-08 8.24913e-11 
8.79775e-12 1.29285e-10 3.75875e-10 1.56295e-08 3.7845e-07 1.31838e-05 0.000294024 0.00292945 0.017059 0.979704 
2.89791e-11 4.3499e-10 1.80422e-09 9.10546e-08 4.24404e-06 0.000126788 0.00150046 0.0209303 0.958903 0.0185354 
9.72019e-12 1.42866e-10 4.17323e-10 1.76364e-08 4.76808e-07 1.66454e-05 0.000582509 0.00658255 0.0244252 0.968393 
1.08076e-12 1.58879e-11 4.65555e-11 1.96819e-09 4.48697e-08 2.58244e-06 0.000213597 0.00327104 0.0210286 0.975484 
8.18848e-07 1.59947e-05 0.000256905 0.00785209 0.325411 0.619385 0.038237 0.00804671 0.000777417 1.7627e-05 
2.2269e-11 3.61947e-10 3.2233e-09 2.55595e-07 5.45884e-05 0.000663332 0.0127174 0.927341 0.0467149 0.0125082 
1.92843e-08 1.10684e-06 2.0338e-05 0.00106444 0.0315822 0.89527 0.0571129 0.0137539 0.0011455 4.91653e-05 
1.70909e-06 2.63519e-05 6.50861e-05 0.00375379 0.0520393 0.900623 0.0408206 0.00260929 5.85736e-05 2.1815e-06 
1.20208e-11 2.99734e-10 8.63094e-09 9.03623e-07 0.000333585 0.00267837 0.0320192 0.94147 0.0217152 0.00178267 
3.67227e-09 1.62204e-07 3.29444e-06 0.000145902 0.00217392 0.0197356 0.933787 0.0369985 0.00692246 0.000232958 
4.11766e-07 7.14586e-06 2.57482e-05 0.00199983 0.797351 0.118403 0.0615961 0.0182773 0.00221344 0.000125566 
1.97275e-15 4.09935e-14 1.20735e-12 2.79085e-10 4.88974e-08 2.23901e-06 0.000509468 0.0111612 0.045667 0.94266 
1.55023e-15 2.31737e-14 1.32802e-13 3.34755e-11 3.29975e-09 5.49106e-07 0.000168296 0.00876657 0.954485 0.0365797 
2.65392e-11 3.93027e-10 1.4077e-09 1.41617e-07 4.86042e-05 0.000299845 0.00662407 0.906009 0.0665822 0.0204357 
2.33504e-09 8.41234e-08 1.65565e-06 8.37713e-05 0.00328547 0.0215578 0.0524662 0.915546 0.00689292 0.00016575 
1.40995e-12 2.0787e-11 6.60283e-11 3.72344e-09 3.18876e-07 7.05107e-06 0.000515128 0.00627148 0.023086 0.97012 
8.35276e-11 1.49166e-09 1.88762e-08 1.66222e-06 0.000371595 0.00299682 0.0308565 0.925415 0.0351259 0.00523281 
2.46926e-05 0.00185091 0.0161433 0.372084 0.486691 0.119879 0.00328402 4.30399e-05 9.17905e-07 2.08151e-08 
1.86343e-11 8.79611e-10 6.74011e-08 1.06009e-05 0.00242329 0.0238455 0.89135 0.0623372 0.0178736 0.00215922 
3.0736e-11 4.51626e-10 1.30956e-09 5.42322e-08 1.23868e-06 4.63879e-05 0.00121867 0.0121554 0.0333969 0.953181 
2.7873e-11 4.09461e-10 1.17998e-09 4.79685e-08 8.63351e-07 3.92173e-05 0.00122319 0.0228887 0.952311 0.0235369 
1.18958e-05 0.00109566 0.00527562 0.0463785 0.843038 0.0898522 0.0140822 0.000263817 2.32907e-06 5.30138e-08 
6.59686e-16 9.78865e-15 4.04457e-14 6.12397e-12 6.06499e-10 5.50037e-08 9.4623e-06 0.000729829 0.0172953 0.981965 
3.28368e-16 4.86777e-15 1.98151e-14 3.02062e-12 2.92974e-10 2.62163e-08 3.75863e-06 0.000399708 0.01222 0.987376 
9.29483e-07 1.398e-05 1.82299e-05 0.000881731 0.0141463 0.867039 0.0943588 0.0224761 0.00104631 1.84602e-05 
4.77734e-12 7.02197e-11 2.05801e-10 9.05919e-09 3.24779e-07 1.05324e-05 0.000647746 0.0108151 0.93716 0.051366 
2.9313e-08 1.61222e-06 2.54461e-05 0.000682604 0.0102923 0.0493329 0.91662 0.0219309 0.00105886 5.57313e-05 
0.00221395 0.024744 0.103936 0.828331 0.0375964 0.00304373 0.000125834 8.3104e-06 8.4721e-07 6.64912e-09 
4.57692e-23 3.70969e-20 1.10699e-17 8.91975e-15 1.05673e-12 7.37057e-10 1.32706e-07 5.75849e-05 0.00541687 0.994525 
6.27934e-25 1.15025e-21 4.04701e-19 4.10801e-16 9.3009e-14 5.30527e-11 5.8497e-08 4.74227e-05 0.00290356 0.997049 
7.93354e-16 1.17378e-14 4.39042e-14 5.40671e-12 5.09458e-10 4.72465e-08 8.67981e-06 0.000586354 0.0112761 0.988129 
0.0203992 0.107928 0.842102 0.0276977 0.00185145 2.10994e-05 2.27626e-07 4.55786e-09 3.42732e-10 2.67032e-12 
4.4142e-09 1.5933e-07 3.13946e-06 0.00022246 0.0100329 0.862304 0.0978779 0.0275614 0.00193422 6.42642e-05 
3.79635e-11 5.80236e-10 3.12667e-09 2.33951e-07 2.01187e-05 0.000802453 0.020058 0.931369 0.0378325 0.00991745 
1.25685e-11 2.89788e-10 7.24125e-09 6.16476e-07 0.000264788 0.00147897 0.0125025 0.0384944 0.931331 0.0159275 
3.65139e-11 6.04916e-10 6.00495e-09 4.63605e-07 7.67518e-05 0.00121769 0.0119035 0.0321781 0.940746 0.0138771 
9.44283e-06 0.000874114 0.00470605 0.0417739 0.814166 0.112901 0.0235375 0.00198502 4.6048e-05 1.41267e-06 
1.53763e-06 3.05998e-05 0.00043879 0.0108952 0.0591714 0.121534 0.805416 0.00246487 4.60813e-05 1.76185e-06 
1.59087e-06 2.52648e-05 8.00943e-05 0.0056042 0.855376 0.0963988 0.037706 0.00471818 8.77973e-05 2.01493e-06 
2.92747e-05 0.0026889 0.015684 0.066158 0.862279 0.0493216 0.00379075 4.71168e-05 1.00255e-06 2.53719e-08 
1.34822e-11 2.96905e-10 6.92908e-09 6.0507e-07 0.000239546 0.00144951 0.0154948 0.0437166 0.931224 0.00787496 
1.58481e-18 2.33122e-17 7.05401e-17 4.14473e-15 2.53517e-13 1.09118e-10 9.37696e-09 4.75852e-06 0.00239757 0.997598 
2.60639e-09 1.18526e-07 2.42395e-06 0.000105188 0.00215897 0.0166361 0.912059 0.0547681 0.0133743 0.000895392 
3.83309e-16 5.92424e-15 6.60593e-14 2.3065e-11 2.89511e-09 2.95755e-07 5.18214e-05 0.000927528 0.190646 0.808374 
2.68385e-06 0.000130443 0.00595847 0.389783 0.444731 0.115273 0.0408837 0.00315951 7.52254e-05 2.97097e-06 
1.57281e-15 2.41193e-14 2.47517e-13 8.77042e-11 1.0148e-08 1.33472e-06 0.000372839 0.0100058 0.95259 0.03703 
