9815
1.06999e-11 2.08989e-09 4.03473e-08 3.26993e-07 6.98368e-06 3.4576e-05 5.71381e-05 0.0011413 0.497929 0.500831 
5.73225e-10 6.17458e-08 9.59837e-07 7.85046e-06 0.000315454 0.00168634 0.0118976 0.880068 0.061616 0.0444083 
1.34313e-10 2.49354e-08 4.81426e-07 4.05367e-06 0.000136335 0.000717421 0.00262047 0.697881 0.266093 0.0325469 
1.44097e-09 7.97441e-08 7.30329e-07 4.71353e-06 0.000219552 0.00104631 0.00843717 0.0301489 0.055384 0.904759 
3.08109e-07 2.21832e-05 0.000169095 0.00255221 0.0171167 0.772238 0.0883822 0.0792738 0.0324728 0.00777246 
0.00046422 0.00889286 0.0500333 0.116711 0.759647 0.0523237 0.00971808 0.00158421 0.000574745 5.08416e-05 
0.000159721 0.00921079 0.0272847 0.0873611 0.145019 0.680466 0.0412938 0.00766862 0.00144711 8.89429e-05 
4.94129e-10 5.22638e-08 8.23908e-07 6.41577e-06 0.000134981 0.000823547 0.00148722 0.0117407 0.0328902 0.952916 
3.59086e-07 2.6627e-05 0.000211776 0.00341141 0.0293494 0.79906 0.0982736 0.0540514 0.012903 0.00271242 
3.25805e-09 1.56617e-07 1.04707e-06 5.12192e-06 0.000182957 0.00116762 0.0101458 0.0390056 0.0749039 0.874588 
3.38572e-07 2.19205e-05 0.000235684 0.00320868 0.0216999 0.0588641 0.0821785 0.817324 0.0138792 0.00258747 
0.000223012 0.00951289 0.45716 0.23537 0.0521336 0.0346478 0.0205711 0.0140065 0.17461 0.00176505 
5.27939e-09 4.66534e-07 7.29655e-06 5.22612e-05 0.00272725 0.0212356 0.0564791 0.878051 0.0324101 0.00903726 
4.14743e-09 3.45219e-07 5.99476e-06 2.86086e-05 0.00118029 0.00375082 0.0171869 0.040438 0.90011 0.0372988 
0.00178764 0.0487089 0.100448 0.199909 0.56832 0.0725402 0.00746278 0.000794305 2.78488e-05 1.87069e-06 
3.23117e-10 4.42798e-08 7.79172e-07 7.37074e-06 0.000463113 0.00308544 0.0226583 0.0533226 0.894705 0.0257576 
7.27492e-10 5.22156e-08 6.31565e-07 4.54026e-06 0.000157471 0.000905837 0.0052235 0.226867 0.243195 0.523646 
1.0632e-10 2.06e-08 3.97134e-07 3.25185e-06 7.02939e-05 0.000468827 0.000669427 0.00751167 0.950599 0.0406766 
8.25096e-05 0.00420288 0.0212131 0.0734494 0.131397 0.117055 0.646269 0.00546343 0.000797689 7.02515e-05 
8.85992e-05 0.00447474 0.0396625 0.565701 0.24916 0.124455 0.0142846 0.00176249 0.000380518 3.101e-05 
5.52553e-05 0.00251491 0.0124235 0.0474112 0.0840877 0.835674 0.0154992 0.00197802 0.000327761 2.8707e-05 
1.19997e-09 5.75579e-08 3.79095e-07 1.91055e-06 8.18669e-05 0.000550594 0.00351371 0.0199925 0.959423 0.0164364 
1.26305e-09 6.76675e-08 5.64218e-07 3.23648e-06 7.61485e-05 0.000499764 0.00269503 0.220076 0.640884 0.135765 
8.85468e-06 0.000769721 0.0110106 0.0456104 0.103861 0.783793 0.0419675 0.0116758 0.00123214 7.1482e-05 
9.01804e-05 0.00539265 0.144404 0.642547 0.114802 0.0731943 0.0168861 0.00210128 0.00053488 4.753e-05 
2.03758e-09 1.18864e-07 1.12565e-06 6.87749e-06 0.000127193 0.000681424 0.00080635 0.00861625 0.0277292 0.962031 
8.64884e-10 4.24801e-08 3.00922e-07 1.65499e-06 4.64136e-05 0.000674538 0.0036138 0.0142628 0.037483 0.943917 
1.09165e-11 2.12302e-09 4.09851e-08 3.67979e-07 2.54581e-05 0.000379473 0.00963889 0.977147 0.00975176 0.00305685 
2.36683e-06 0.000129016 0.00326957 0.0115517 0.046302 0.780409 0.109159 0.0406309 0.00745694 0.00108919 
7.08798e-05 0.00265444 0.012467 0.0413301 0.07721 0.0866169 0.764067 0.0135476 0.00194675 8.97885e-05 
4.23573e-08 6.77092e-06 0.000488096 0.00713011 0.719697 0.0614866 0.0767121 0.0724275 0.045879 0.0161726 
4.56472e-30 2.02867e-26 8.25224e-24 1.69767e-20 2.959e-18 6.26514e-16 4.21708e-11 3.56056e-07 2.26851e-05 0.999977 
6.2904e-09 5.26373e-07 6.15883e-06 6.4477e-05 0.00170225 0.0104197 0.0402883 0.898248 0.0368283 0.0124427 
8.9946e-11 1.7376e-08 3.34812e-07 2.75245e-06 5.96964e-05 0.0004366 0.000544252 0.00654206 0.0206649 0.971749 
2.40499e-13 4.78113e-11 9.25651e-10 7.36587e-09 1.57667e-07 3.70407e-07 8.18836e-07 9.66749e-06 4.35325e-05 0.999945 
1.37162e-15 3.28099e-13 4.15184e-12 5.30078e-11 8.51113e-09 4.14424e-08 3.90831e-07 6.67736e-05 0.000151247 0.999782 
8.13044e-11 1.552e-08 2.98421e-07 2.49789e-06 5.46155e-05 0.000557155 0.000572375 0.00714317 0.0265442 0.965126 
1.88361e-07 1.74924e-05 0.000315481 0.00207684 0.013546 0.2873 0.670229 0.0204041 0.00503803 0.00107247 
1.86196e-09 1.55173e-07 1.8892e-06 1.31482e-05 0.000483659 0.00274842 0.0144528 0.0537064 0.889744 0.0388494 
2.35367e-09 1.1373e-07 7.76923e-07 4.14682e-06 0.000217618 0.00138126 0.0150081 0.886095 0.0677248 0.029568 
1.3025e-09 7.35816e-08 6.49768e-07 4.70376e-06 0.000254027 0.00129098 0.00957334 0.904286 0.0575736 0.0270166 
7.30917e-09 5.63665e-07 7.3004e-06 4.23597e-05 0.00149209 0.00786783 0.0259565 0.0491966 0.899025 0.0164122 
2.20962e-06 0.000118797 0.00349881 0.0107428 0.0422671 0.851148 0.0650226 0.0229383 0.00399635 0.000265239 
1.81902e-09 1.02007e-07 9.09978e-07 5.33664e-06 9.69519e-05 0.000451656 0.0010676 0.0089452 0.0272444 0.962188 
0.0016086 0.0346457 0.0719231 0.221929 0.612079 0.051717 0.0055842 0.000482705 2.9254e-05 2.06842e-06 
2.21724e-07 1.50335e-05 8.8323e-05 0.00133685 0.00857485 0.0182666 0.034324 0.0455422 0.880808 0.0110442 
3.72491e-19 2.20339e-16 2.93049e-14 1.70773e-12 2.83911e-10 6.08324e-09 8.23245e-07 4.31516e-05 0.00055717 0.999399 
1.01568e-06 6.08557e-05 0.00190276 0.00941663 0.693153 0.108047 0.105744 0.0632658 0.0156778 0.00273089 
6.52915e-09 4.95101e-07 7.6585e-06 4.26791e-05 0.00155146 0.00818042 0.0297207 0.0550286 0.891439 0.0140288 
5.03327e-05 0.00236447 0.0133771 0.0507751 0.752835 0.102964 0.0452851 0.0211479 0.00875574 0.00244478 
2.36678e-10 4.61009e-08 8.91865e-07 7.45155e-06 0.000212298 0.00119544 0.00321532 0.026934 0.926218 0.0422167 
1.66609e-10 3.24252e-08 6.25547e-07 5.09403e-06 0.000109722 0.000646622 0.000813112 0.0106665 0.941187 0.0465715 
1.40282e-39 5.22813e-35 2.75464e-31 1.27929e-26 1.47226e-22 6.52107e-20 3.48059e-15 1.61097e-10 5.23774e-05 0.999948 
2.69615e-11 5.12252e-09 9.83653e-08 8.13685e-07 1.83006e-05 0.000151139 0.000504584 0.00690647 0.696706 0.295712 
3.9655e-11 7.57308e-09 1.45767e-07 1.21761e-06 2.65995e-05 0.000260805 0.000485716 0.00503285 0.334105 0.660087 
1.44931e-23 1.68091e-20 2.17456e-18 1.27438e-15 2.72311e-13 2.12929e-11 1.97631e-08 2.36976e-06 0.0002163 0.999781 
2.05157e-05 0.00102933 0.00949544 0.174703 0.11958 0.191464 0.492135 0.00997687 0.00150821 8.72596e-05 
4.54906e-09 2.19409e-07 1.58275e-06 7.0531e-06 0.00019896 0.00101415 0.00850577 0.0258243 0.0433766 0.921071 
1.27808e-10 2.48796e-08 4.80077e-07 3.91189e-06 8.4245e-05 0.000501175 0.000612033 0.0072289 0.942531 0.0490381 
3.62689e-07 2.5865e-05 0.000243492 0.00368037 0.0319928 0.777977 0.0941573 0.0650145 0.0219366 0.00497226 
1.60475e-10 3.12388e-08 6.02709e-07 4.90394e-06 0.000105526 0.000610936 0.000806108 0.00844657 0.0303615 0.959664 
4.06147e-07 2.89286e-05 0.000211191 0.0031227 0.0195466 0.057687 0.847885 0.053568 0.0146096 0.00334089 
1.05033e-07 9.99845e-06 6.03158e-05 0.00068575 0.00677227 0.0148285 0.0725988 0.784779 0.113428 0.00683726 
2.83049e-06 0.000120751 0.00179396 0.00849862 0.0442667 0.111757 0.759648 0.057951 0.0142561 0.00170529 
5.43765e-11 1.06386e-08 2.05489e-07 1.67164e-06 3.62768e-05 0.000192739 0.000323536 0.00426258 0.0164509 0.978732 
2.48833e-07 1.95897e-05 0.000133787 0.00166623 0.0141698 0.0465855 0.829188 0.0739298 0.028415 0.00589244 
9.82898e-29 4.89436e-25 2.86822e-22 1.53724e-18 1.40171e-16 3.92719e-14 2.34363e-10 3.80407e-08 4.63202e-05 0.999954 
4.6393e-07 3.24167e-05 0.000346861 0.00325264 0.0221402 0.0608033 0.0922472 0.800633 0.0170227 0.00352136 
0.000938862 0.206587 0.513039 0.103535 0.100542 0.0596239 0.0127214 0.0023311 0.000635941 4.68429e-05 
9.52008e-26 2.44739e-22 8.38488e-20 2.18673e-16 2.35102e-14 3.95317e-12 1.34102e-08 1.82044e-05 0.000930244 0.999052 
6.64394e-09 4.61699e-07 8.05168e-06 3.84083e-05 0.00146257 0.00546219 0.0240814 0.901055 0.0529372 0.0149544 
1.91447e-10 3.72464e-08 7.19349e-07 5.88691e-06 0.000126403 0.000812592 0.00168657 0.0165813 0.936856 0.0439306 
1.54284e-17 7.62333e-15 4.55273e-13 4.04474e-11 3.66399e-09 3.93611e-08 2.66032e-06 6.77795e-05 0.00128828 0.998641 
0.00109173 0.0308999 0.0948629 0.667183 0.138042 0.0609298 0.0064415 0.000526642 2.0491e-05 1.29004e-06 
2.47426e-07 2.02593e-05 0.00010983 0.00173093 0.00998301 0.019532 0.0406746 0.0521947 0.86701 0.00874449 
3.242e-19 2.19085e-16 2.51815e-14 1.84407e-12 3.22052e-10 9.29833e-09 1.66509e-06 0.000147198 0.00231251 0.997539 
1.44032e-08 6.9281e-07 5.30454e-06 4.22836e-05 0.00129974 0.00860162 0.0334545 0.898464 0.0429901 0.0151417 
6.40744e-09 4.17959e-07 6.85206e-06 9.2573e-05 0.00188572 0.0136362 0.049191 0.870801 0.0474274 0.0169589 
2.29111e-09 1.25322e-07 1.1037e-06 6.78844e-06 0.000244167 0.00143014 0.0118841 0.0460618 0.911285 0.0290868 
1.64064e-09 1.30695e-07 1.36504e-06 2.59384e-05 0.000722483 0.0674656 0.009604 0.017819 0.240244 0.664117 
8.32716e-13 1.62521e-10 3.11796e-09 2.60155e-08 7.57767e-07 1.98581e-05 0.000131898 0.00264347 0.986497 0.0107069 
1.14108e-10 2.24008e-08 4.32769e-07 3.48374e-06 7.41795e-05 0.000285455 0.000299485 0.00281384 0.00819514 0.988328 
6.67462e-27 1.11362e-23 2.78009e-21 5.50403e-18 1.20916e-15 9.69266e-14 1.96646e-10 1.6708e-08 8.93089e-06 0.999991 
6.75397e-19 3.59793e-16 2.99318e-14 2.21184e-12 4.75219e-10 3.62216e-09 2.23056e-07 2.56925e-05 0.000618224 0.999356 
1.27673e-07 1.10441e-05 6.93482e-05 0.000887881 0.00738497 0.0194196 0.0663653 0.846628 0.0479882 0.0112458 
1.327e-10 2.58194e-08 4.98096e-07 4.05686e-06 8.74563e-05 0.000510587 0.000662296 0.00783715 0.0252568 0.965641 
4.50027e-07 3.21909e-05 0.000240351 0.00328021 0.0210353 0.0614996 0.819801 0.0699834 0.0195244 0.00460288 
2.59929e-09 1.27977e-07 8.92903e-07 5.01954e-06 0.000167054 0.0014518 0.0110618 0.0348188 0.920937 0.0315573 
1.99275e-05 0.00079511 0.00815864 0.0317522 0.736425 0.135936 0.0638953 0.0196323 0.00311464 0.000270779 
1.89501e-06 0.000147688 0.0037511 0.00945216 0.0391721 0.0863115 0.798844 0.0489959 0.0105904 0.00273299 
1.63519e-13 2.02538e-11 3.41702e-10 2.87074e-09 1.12704e-07 8.08072e-07 4.31781e-05 0.000327426 0.00414059 0.995488 
1.48224e-09 7.1245e-08 4.77418e-07 2.45343e-06 0.000146078 0.000869539 0.00879704 0.452723 0.524102 0.0133596 
2.28912e-10 3.43522e-08 6.2239e-07 5.12768e-06 0.000109572 0.000741088 0.00238628 0.012775 0.0253203 0.958662 
1.17222e-10 2.27766e-08 4.39292e-07 3.5832e-06 7.71226e-05 0.000477332 0.000560105 0.00652222 0.0211387 0.97122 
1.09786e-07 7.23639e-06 7.47961e-05 0.00130199 0.00793238 0.036346 0.0769201 0.839754 0.030333 0.00733039 
3.19285e-09 1.53507e-07 1.034e-06 4.92102e-06 0.000217912 0.00105819 0.00859781 0.0373459 0.913638 0.0391357 
1.72121e-05 0.00121678 0.0102002 0.0265539 0.776557 0.118962 0.0529749 0.012149 0.00103174 0.000337107 
2.03566e-07 1.39645e-05 0.000253586 0.00522473 0.753817 0.0876848 0.0764734 0.0484792 0.0216212 0.00643181 
5.90408e-11 1.1594e-08 2.24011e-07 1.80628e-06 3.86498e-05 0.000168728 0.000319591 0.00475277 0.970438 0.0242802 
4.93603e-07 2.72327e-05 0.000275732 0.00306622 0.0196843 0.0648652 0.847328 0.0508942 0.011529 0.00233003 
4.99827e-08 3.33288e-06 5.30799e-05 0.000752148 0.00687269 0.0344368 0.841755 0.0714354 0.0355973 0.00909388 
2.51468e-07 1.90451e-05 0.000123358 0.00221052 0.0172847 0.0481352 0.827448 0.0699414 0.0280852 0.00675256 
0.0017355 0.0420196 0.557961 0.155731 0.121094 0.0841687 0.0271092 0.00856833 0.00150602 0.000106289 
1.03943e-10 2.01916e-08 3.89414e-07 3.1788e-06 6.88868e-05 0.000423436 0.000562708 0.0087648 0.952961 0.0372153 
1.11568e-08 1.00212e-06 1.64278e-05 0.000543086 0.00644302 0.0354494 0.853389 0.065456 0.0311608 0.00754083 
2.26307e-10 4.9225e-08 7.71029e-07 6.86357e-06 0.000288874 0.00176239 0.00776361 0.0246534 0.936779 0.0287453 
2.46819e-11 4.74639e-09 9.13455e-08 7.61266e-07 1.75103e-05 0.000181228 0.000308244 0.00569839 0.0236521 0.970142 
9.09275e-10 6.33584e-08 6.30193e-07 4.42998e-06 0.000196618 0.00166896 0.0150547 0.481954 0.213578 0.287542 
1.13336e-08 7.99919e-07 1.00634e-05 9.09132e-05 0.00172549 0.00731259 0.0355698 0.889493 0.0503949 0.0154026 
5.16955e-28 2.52191e-24 1.45805e-21 7.93964e-18 2.9455e-16 1.58937e-13 9.93238e-10 8.64305e-07 4.81023e-05 0.999951 
1.85897e-40 6.92693e-36 3.64902e-32 1.69512e-27 1.94816e-23 8.62853e-21 6.00672e-16 3.90566e-11 2.84826e-05 0.999972 
1.50187e-16 7.49112e-14 4.50617e-12 4.01388e-10 3.76405e-08 4.1595e-07 3.54538e-05 0.000414981 0.0045718 0.994977 
8.87299e-11 1.69666e-08 3.3165e-07 2.84577e-06 9.44211e-05 0.000554963 0.00214316 0.0131654 0.0276685 0.95637 
1.24645e-10 2.43148e-08 4.69293e-07 3.81897e-06 8.24921e-05 0.000468109 0.000555131 0.0074245 0.943672 0.0477934 
2.67403e-07 2.25595e-05 0.000123972 0.00240327 0.0201624 0.802507 0.0889383 0.0618184 0.0197982 0.00422515 
2.94664e-09 1.60275e-07 1.36686e-06 7.75207e-06 0.000134822 0.000890447 0.0033287 0.0172687 0.939405 0.0389628 
0.00173799 0.0364388 0.101056 0.759984 0.069716 0.0281259 0.00261029 0.000322104 8.34633e-06 7.30562e-07 
5.45275e-11 1.04361e-08 2.00787e-07 1.66684e-06 3.63474e-05 0.000309323 0.000415511 0.00408438 0.0154715 0.979681 
4.85092e-07 5.22857e-05 0.000842432 0.00662868 0.0415151 0.801967 0.0847117 0.0477071 0.0129979 0.00357775 
2.9378e-30 1.74083e-26 2.6246e-23 3.04735e-19 7.33433e-18 5.58754e-15 3.64119e-11 3.30696e-07 9.78408e-05 0.999902 
2.13322e-11 4.18401e-09 8.08422e-08 6.54763e-07 1.39162e-05 6.95095e-05 2.80897e-05 0.000310706 0.00358364 0.995993 
1.57925e-14 2.89494e-12 5.57542e-11 4.98602e-10 1.68165e-08 3.9104e-07 7.91731e-07 0.000100401 7.18064e-05 0.999827 
0.000104317 0.00414577 0.0117201 0.21702 0.127871 0.59793 0.0396145 0.00135557 0.000208578 3.06325e-05 
3.32692e-14 6.42094e-12 1.27465e-10 1.26221e-09 6.25503e-08 4.71781e-07 2.06459e-05 0.000619501 0.00683558 0.992524 
6.30465e-11 1.24398e-08 2.40563e-07 1.92918e-06 4.10148e-05 0.000132756 0.00015371 0.0012311 0.0018273 0.996612 
7.51037e-09 5.41284e-07 8.19137e-06 4.14308e-05 0.00136111 0.00620877 0.023454 0.881048 0.0654279 0.0224502 
2.49303e-07 1.88779e-05 0.000657866 0.00158412 0.0115756 0.0498819 0.659615 0.244064 0.0271302 0.00547176 
5.75897e-08 3.8175e-06 5.26734e-05 0.000837688 0.00986397 0.839479 0.0892137 0.0388811 0.0174621 0.00420605 
9.85495e-07 6.68348e-05 0.00209308 0.00859067 0.588197 0.233317 0.0952176 0.0555246 0.0132001 0.0037924 
8.68925e-07 6.48542e-05 0.00196055 0.00974462 0.749833 0.105962 0.0777454 0.0418527 0.00982679 0.00300944 
1.68601e-10 2.91125e-08 5.54005e-07 4.54579e-06 9.98112e-05 0.000728168 0.00284355 0.0170668 0.0437776 0.935479 
1.18781e-07 5.32291e-06 8.57051e-05 0.00111961 0.0106853 0.050798 0.859925 0.052016 0.0200746 0.00529007 
3.66031e-07 3.25968e-05 0.0012273 0.00290534 0.016328 0.0432979 0.870485 0.0493715 0.0133659 0.00298637 
1.36481e-08 9.30038e-07 1.28523e-05 0.000184427 0.00216143 0.0342866 0.246868 0.702325 0.0117497 0.00241137 
1.366e-09 6.62438e-08 4.58692e-07 2.46192e-06 0.00015056 0.0014329 0.617684 0.335039 0.0328428 0.0128477 
5.57158e-05 0.00293096 0.0134943 0.0988798 0.21584 0.342056 0.322935 0.00336553 0.000417862 2.44974e-05 
2.72587e-09 1.42211e-07 1.12259e-06 6.66065e-06 0.000209875 0.00124626 0.00752985 0.0308704 0.684329 0.275807 
0.00144382 0.0462906 0.561283 0.345052 0.0349999 0.0097637 0.00105813 0.000101161 7.59583e-06 6.46716e-07 
1.31899e-06 0.000107493 0.00365468 0.0113357 0.0471748 0.836004 0.0724004 0.0241576 0.00404425 0.00111998 
1.46652e-10 2.86479e-08 5.5305e-07 4.4893e-06 9.61952e-05 0.000529902 0.000599081 0.00674015 0.947408 0.0446218 
6.35467e-07 4.83277e-05 0.00168225 0.00587039 0.0277736 0.0690461 0.845083 0.0395945 0.008871 0.00203003 
9.81463e-11 1.91079e-08 3.68694e-07 3.01031e-06 6.55055e-05 0.000407969 0.000584996 0.00754195 0.0265327 0.964863 
3.62261e-11 7.09604e-09 1.37038e-07 1.11037e-06 2.40815e-05 0.000120006 0.000336762 0.00523211 0.966519 0.0277672 
7.60718e-09 5.53675e-07 9.20153e-06 4.72837e-05 0.00180818 0.00860484 0.0338178 0.0583214 0.885952 0.0114388 
1.48017e-07 7.30668e-06 0.000104018 0.000914216 0.00999894 0.0341518 0.859302 0.0638052 0.0258563 0.00586001 
3.10241e-07 2.30133e-05 0.000159751 0.00227555 0.0168049 0.0454953 0.0747437 0.842188 0.0149918 0.00331811 
2.41239e-11 4.66854e-09 8.9985e-08 7.33329e-07 1.5911e-05 7.77288e-05 0.000258355 0.00297387 0.00870883 0.987964 
2.19831e-10 4.26891e-08 8.24782e-07 6.72478e-06 0.00014393 0.000797656 0.00155386 0.0102664 0.0281651 0.959065 
7.06523e-08 4.61187e-06 3.76654e-05 0.000419136 0.00630628 0.0246897 0.838736 0.081655 0.038987 0.00916412 
5.70872e-07 5.49377e-05 0.00200164 0.00699976 0.0456239 0.0936641 0.789926 0.0473776 0.011649 0.00270202 
2.0789e-08 8.9337e-07 1.16983e-05 0.000199575 0.0305385 0.0688119 0.108876 0.717392 0.072157 0.00201227 
6.02688e-07 7.00854e-05 0.00149872 0.00864262 0.0492017 0.764099 0.0944532 0.0594821 0.0186162 0.00393577 
2.96241e-08 9.51425e-07 1.09382e-05 0.000106381 0.00225004 0.0142732 0.603683 0.193798 0.176956 0.00892154 
1.56423e-10 3.04579e-08 5.87649e-07 4.78233e-06 0.000102952 0.000583698 0.000684848 0.00796338 0.947788 0.0428722 
1.69919e-07 8.359e-06 0.000144699 0.00210055 0.0222859 0.841625 0.067207 0.0453786 0.0172484 0.0040008 
1.10007e-09 5.35751e-08 3.73796e-07 1.70696e-06 3.29608e-05 0.000370168 0.00421893 0.469163 0.488295 0.0379172 
1.13323e-07 7.64798e-06 6.02233e-05 0.000816014 0.00664686 0.0139551 0.0473642 0.889364 0.0337433 0.00804245 
5.18246e-09 3.81772e-07 4.91083e-06 2.90785e-05 0.00113716 0.00647927 0.0353 0.895836 0.0464769 0.014736 
1.89134e-09 9.30827e-08 6.75318e-07 3.33987e-06 6.03329e-05 0.000817831 0.00759047 0.0225403 0.039215 0.929772 
7.22146e-08 4.50819e-06 4.31944e-05 0.000688383 0.00289742 0.00913396 0.0319807 0.909358 0.0366487 0.00924486 
2.13696e-06 0.000111981 0.00335522 0.0119541 0.0580456 0.835135 0.0658402 0.0212557 0.00365906 0.000641229 
3.15475e-11 6.19044e-09 1.20074e-07 1.10397e-06 6.4669e-05 0.000360352 0.22848 0.148091 0.0988449 0.524158 
2.80569e-07 1.28445e-05 0.000169391 0.00191406 0.0131084 0.0459468 0.836621 0.0698645 0.0265805 0.00578185 
1.17719e-08 1.17374e-06 2.58859e-05 0.000944462 0.723017 0.0594281 0.0739605 0.0759107 0.0502302 0.0164818 
2.10008e-10 3.58932e-08 6.75441e-07 5.76763e-06 0.000218259 0.00125547 0.00558139 0.894345 0.0614199 0.0371737 
9.97476e-11 1.93454e-08 3.73022e-07 3.04972e-06 6.59101e-05 0.000438075 0.000770059 0.00814284 0.0251474 0.965432 
1.83256e-09 1.02191e-07 9.12169e-07 5.71903e-06 0.00018272 0.00126033 0.0057705 0.0276086 0.0623199 0.902851 
1.33469e-10 2.57619e-08 4.99706e-07 4.33243e-06 0.000169883 0.000904367 0.00270019 0.0220894 0.93718 0.0369517 
2.17695e-17 1.18469e-14 8.96344e-13 7.07606e-11 1.05395e-08 1.27176e-07 1.27512e-05 0.000332039 0.00427408 0.995381 
2.24034e-11 4.3191e-09 8.31892e-08 6.91275e-07 1.60127e-05 0.000122888 0.000355863 0.00570739 0.0223877 0.971409 
1.81347e-06 8.27023e-05 0.000999755 0.00678225 0.0343692 0.769384 0.109376 0.0612499 0.0147292 0.00302452 
1.92371e-10 3.74108e-08 7.22231e-07 5.92222e-06 0.000141105 0.0007963 0.00134726 0.0145692 0.931324 0.0518154 
3.93886e-05 0.00122093 0.00641639 0.0249052 0.0573926 0.0846497 0.800404 0.0199214 0.00432963 0.000720816 
2.44858e-11 4.8183e-09 9.31231e-08 7.48666e-07 1.5978e-05 6.14608e-05 6.4767e-05 0.000693569 0.372234 0.626929 
3.54395e-29 2.19589e-25 3.16303e-22 3.5958e-18 9.6988e-17 6.7366e-14 1.65561e-09 1.38792e-05 0.000672114 0.999314 
1.16881e-10 2.28639e-08 4.41537e-07 3.58246e-06 7.72953e-05 0.00039069 0.000558579 0.0066837 0.0205374 0.971748 
3.82267e-07 2.98754e-05 0.000231834 0.00287359 0.0210286 0.809575 0.0995634 0.0499467 0.0129043 0.00384667 
6.7275e-11 1.32514e-08 2.57034e-07 2.10307e-06 4.82623e-05 0.000331279 0.00494091 0.950119 0.0256451 0.0189129 
4.4636e-09 2.33675e-07 1.94588e-06 1.06031e-05 0.000336546 0.0017317 0.0150481 0.043871 0.898835 0.0401649 
2.6882e-05 0.00151973 0.0090379 0.0358813 0.438584 0.101063 0.400135 0.0124369 0.00126051 5.54249e-05 
6.98019e-16 1.35746e-13 2.81442e-12 4.50133e-11 3.55563e-09 4.50588e-08 1.99977e-06 2.82839e-05 0.000496699 0.999473 
3.60977e-09 1.61742e-07 1.55923e-06 5.85466e-06 0.000134422 0.000538956 0.00432999 0.0405175 0.218147 0.736325 
2.55039e-06 0.000224014 0.00630077 0.39969 0.442785 0.0918293 0.0455589 0.0122191 0.00113241 0.000258275 
8.98042e-10 5.14425e-08 6.20317e-07 2.89376e-06 9.14854e-05 0.000611345 0.00577142 0.020601 0.930238 0.0426836 
6.35332e-08 3.84398e-06 5.74333e-05 0.000863711 0.00890314 0.0405979 0.823431 0.0769268 0.0373277 0.0118889 
8.91324e-06 0.000997925 0.00659399 0.0165784 0.0470823 0.0807802 0.825073 0.0206051 0.00219676 8.33592e-05 
1.58741e-10 2.98231e-08 5.71171e-07 4.68853e-06 0.000101288 0.000739806 0.00110266 0.0106624 0.940891 0.0464976 
0.000403798 0.0162212 0.726945 0.0900665 0.0963889 0.0584228 0.0108261 0.000695283 2.88344e-05 1.81643e-06 
1.28418e-07 1.41943e-05 5.22647e-05 0.00104907 0.00533835 0.0114478 0.0372374 0.912291 0.0260389 0.00653062 
3.19465e-11 6.2911e-09 1.22405e-07 1.13015e-06 0.000103625 0.000806909 0.0120718 0.965771 0.0140974 0.00714846 
4.1605e-07 4.0231e-05 0.000493937 0.0069723 0.0412518 0.79215 0.0872234 0.0503109 0.0174085 0.00414877 
2.31014e-11 4.48245e-09 8.64391e-08 7.09143e-07 1.59069e-05 0.000105545 0.000298725 0.00406966 0.0177834 0.977726 
2.3507e-08 1.42779e-06 2.364e-05 0.000194597 0.00260203 0.0115979 0.0447268 0.901411 0.0328405 0.00660196 
9.3371e-11 1.79791e-08 3.46264e-07 2.8515e-06 6.10332e-05 0.000472078 0.000665949 0.00745816 0.956485 0.034855 
2.89133e-17 1.4657e-14 9.24316e-13 8.09594e-11 8.50162e-09 1.02894e-07 1.26103e-05 0.000254119 0.00214158 0.997592 
1.19166e-06 9.63733e-05 0.00338699 0.0149097 0.78438 0.10713 0.0587422 0.0238729 0.00563019 0.00185003 
5.98686e-11 1.16666e-08 2.27513e-07 2.04227e-06 9.83217e-05 0.00059871 0.00447765 0.415163 0.561062 0.0185975 
0.000293646 0.0138204 0.0316702 0.155824 0.481539 0.307907 0.00826346 0.000648844 3.13763e-05 2.37574e-06 
2.43232e-16 1.22307e-13 8.34782e-12 6.79414e-10 9.21016e-08 8.22192e-07 8.07344e-05 0.00118769 0.0111264 0.987604 
9.46655e-11 1.84422e-08 3.57547e-07 3.02948e-06 9.69921e-05 0.000523788 0.0021727 0.46497 0.49517 0.037063 
4.15653e-08 3.40039e-06 2.58275e-05 0.000384944 0.00307816 0.0111921 0.0453232 0.900156 0.0323762 0.00746025 
0.00046441 0.0216587 0.0502358 0.115354 0.721213 0.0784498 0.0116881 0.000905393 2.91149e-05 1.81268e-06 
6.55827e-11 1.27344e-08 2.45585e-07 2.00861e-06 4.34212e-05 0.000287817 0.000436393 0.00522167 0.314077 0.679931 
9.23554e-13 1.74197e-10 3.40225e-09 3.06616e-08 7.40169e-07 1.14026e-05 7.95077e-05 0.00129788 0.0107861 0.987824 
0.0172796 0.0803425 0.671295 0.133421 0.0667668 0.0282861 0.00240868 0.000185584 1.40456e-05 1.01745e-06 
5.50482e-09 4.17667e-07 6.77831e-06 3.55429e-05 0.00156869 0.00715357 0.0357547 0.896276 0.0450525 0.0141522 
1.21748e-10 2.29734e-08 4.46945e-07 3.97429e-06 0.000175212 0.000975821 0.00288988 0.0217151 0.0474343 0.926805 
2.5276e-10 3.32326e-08 5.74041e-07 4.54731e-06 9.70192e-05 0.000582959 0.000761886 0.00942945 0.0326883 0.956435 
7.2162e-07 5.76273e-05 0.0022625 0.00701342 0.0298868 0.273974 0.667441 0.0162233 0.00288154 0.000258862 
4.87008e-12 9.166e-10 1.7602e-08 1.51011e-07 3.21931e-06 4.54282e-05 3.57107e-05 0.000491137 0.00464233 0.994782 
0.0052092 0.0544394 0.123837 0.676157 0.0971836 0.0393673 0.00333568 0.00046242 8.00337e-06 6.01786e-07 
1.62438e-09 9.73576e-08 9.62005e-07 6.2806e-06 0.000150543 0.00090404 0.00264091 0.0171319 0.0385294 0.940636 
4.80602e-09 3.43295e-07 6.35871e-06 2.85697e-05 0.00134827 0.00537547 0.879711 0.0474486 0.0499387 0.0161424 
2.96055e-09 1.5137e-07 1.16897e-06 6.11929e-06 0.000110447 0.00106331 0.00796307 0.0267179 0.0601367 0.904001 
9.25074e-33 4.76057e-29 7.45746e-26 3.8322e-22 6.25798e-18 1.14797e-15 1.00402e-09 9.0687e-06 0.000380081 0.999611 
4.248e-24 4.92668e-21 6.68829e-19 1.77432e-16 7.06646e-14 1.78648e-12 4.68943e-09 2.04878e-05 0.00124856 0.998731 
3.33139e-09 1.6162e-07 1.1099e-06 5.51725e-06 0.000176978 0.00125431 0.0112526 0.0395121 0.0618198 0.885977 
7.02439e-09 3.7466e-07 6.98338e-06 2.79251e-05 0.00116352 0.0038756 0.0287762 0.882904 0.0617961 0.0214493 
1.9664e-06 0.000138437 0.00394698 0.0147308 0.0684827 0.134394 0.701375 0.0588996 0.0142307 0.00380045 
6.98501e-11 1.3527e-08 2.60745e-07 2.14338e-06 4.66798e-05 0.00033996 0.000319634 0.00477963 0.017677 0.976835 
7.81297e-12 1.49655e-09 2.87777e-08 2.39167e-07 5.8795e-06 3.68867e-05 0.00018074 0.0025121 0.0102944 0.98697 
2.16561e-09 1.18618e-07 9.76362e-07 5.3528e-06 0.000116184 0.00103087 0.00706061 0.0249644 0.938412 0.0284094 
8.26158e-10 6.88444e-08 9.47665e-07 6.99879e-06 0.000157882 0.00092971 0.00238978 0.0151013 0.0397236 0.94169 
1.04465e-10 2.02849e-08 3.91154e-07 3.19632e-06 6.93798e-05 0.000459557 0.000566507 0.00704145 0.0418734 0.949986 
6.06322e-09 5.22013e-07 6.18668e-06 8.06826e-05 0.00249199 0.0179941 0.868124 0.0649402 0.0361661 0.0101961 
8.98727e-07 6.22996e-05 0.0033692 0.00639267 0.0280672 0.0668397 0.819552 0.0576264 0.0154066 0.00268271 
5.1403e-09 4.74826e-07 7.92208e-06 5.39987e-05 0.00306744 0.0250873 0.875236 0.0575393 0.0302448 0.00876287 
2.39952e-09 1.58499e-07 1.61115e-06 1.19446e-05 0.000504379 0.00370019 0.021236 0.479797 0.0361039 0.458645 
3.41382e-07 4.09768e-05 0.000351143 0.00549875 0.0397314 0.782708 0.0931341 0.0572458 0.0174477 0.00384172 
1.10399e-08 6.986e-07 1.09374e-05 7.60118e-05 0.00282614 0.0199718 0.809032 0.0895626 0.0581082 0.0204116 
3.23203e-09 1.55169e-07 1.26737e-06 6.1149e-06 0.000202554 0.00137046 0.00948734 0.0280847 0.0493448 0.911503 
7.67762e-10 7.09978e-08 1.05316e-06 8.14566e-06 0.000209649 0.00122275 0.00476334 0.0283889 0.905194 0.0602124 
8.68347e-05 0.00508293 0.0222457 0.0869861 0.730903 0.114633 0.0316046 0.00728995 0.00110032 6.71938e-05 
3.41372e-09 1.79449e-07 1.44988e-06 8.06226e-06 0.000224802 0.00101392 0.00710839 0.0264275 0.0476304 0.917585 
2.31847e-09 1.10777e-07 7.20976e-07 3.17631e-06 6.14511e-05 0.000446864 0.00377075 0.016429 0.940173 0.0391147 
1.65541e-06 0.000276592 0.00392653 0.271166 0.616141 0.0675736 0.0311721 0.00829028 0.00136502 8.69351e-05 
4.8761e-09 5.91631e-07 7.75749e-06 0.000157314 0.00160414 0.350479 0.428914 0.186745 0.0183426 0.0137498 
3.08324e-09 1.54404e-07 1.13557e-06 7.89176e-06 0.000616255 0.00487317 0.0289753 0.890843 0.0524786 0.0222041 
3.116e-06 0.000153861 0.00420978 0.0120204 0.046859 0.0902181 0.828565 0.0158542 0.00185502 0.00026201 
3.15634e-11 6.23964e-09 1.2068e-07 9.64047e-07 2.05423e-05 5.49125e-05 7.45085e-05 0.00066608 0.00142652 0.997756 
7.3735e-09 4.63527e-07 5.99236e-06 3.30077e-05 0.00109221 0.0062484 0.0280218 0.0535846 0.898124 0.0128898 
0.000496474 0.0172532 0.0463481 0.142105 0.669686 0.101422 0.020483 0.00208294 0.000112931 9.96102e-06 
2.03627e-07 1.45187e-05 7.78617e-05 0.00119547 0.0125575 0.0370562 0.0810791 0.835909 0.0264348 0.00567534 
1.96788e-09 1.1895e-07 1.10194e-06 6.33805e-06 0.000279912 0.00161622 0.0125666 0.296534 0.665635 0.0233613 
2.04146e-09 1.01323e-07 7.20862e-07 4.02825e-06 0.000182285 0.00100828 0.00604948 0.029766 0.936467 0.0265219 
3.59101e-12 7.0524e-10 1.36278e-08 1.0959e-07 2.37297e-06 7.40801e-06 4.88214e-05 0.00053116 0.00603117 0.993379 
2.96919e-09 1.41725e-07 9.19308e-07 4.02468e-06 7.04842e-05 0.000524743 0.00472885 0.0156801 0.0370502 0.941941 
4.44534e-09 3.03111e-07 4.48869e-06 2.23297e-05 0.00120012 0.00686916 0.464982 0.483467 0.0326791 0.0107752 
2.57562e-08 1.32123e-06 1.7244e-05 0.000118839 0.0037028 0.0814853 0.71763 0.144385 0.0410077 0.0116521 
1.64014e-10 3.17899e-08 6.14049e-07 5.07013e-06 0.000124854 0.00071232 0.00222029 0.0151277 0.0408971 0.940912 
2.77e-09 1.42073e-07 1.05749e-06 7.03617e-06 0.000721113 0.00577504 0.438554 0.468493 0.0613502 0.0250982 
9.70891e-09 6.27701e-07 9.9734e-06 0.000737665 0.00834844 0.0364932 0.864508 0.0542891 0.0280819 0.00753097 
9.6652e-08 3.93583e-06 5.63795e-05 0.000378909 0.00542508 0.0201414 0.052832 0.886561 0.0284803 0.00612113 
0.00126591 0.0206263 0.0763527 0.702084 0.131703 0.060975 0.00664935 0.000334267 8.85634e-06 5.69648e-07 
3.10129e-11 6.06464e-09 1.17085e-07 9.48088e-07 2.05691e-05 0.000102993 0.000203128 0.00290471 0.0153157 0.981452 
3.25317e-09 1.64349e-07 1.23518e-06 6.57743e-06 0.00021328 0.00119743 0.00924726 0.0380579 0.920666 0.0306098 
9.84513e-07 8.19111e-05 0.00276609 0.00772382 0.0397874 0.0779545 0.0905442 0.763781 0.0137818 0.00357804 
1.7107e-11 3.36182e-09 6.49632e-08 5.24994e-07 1.14683e-05 5.33784e-05 0.0001634 0.00270622 0.0177201 0.979345 
0.00159958 0.0475987 0.0919149 0.729223 0.0853067 0.0402302 0.00357347 0.000544244 8.61896e-06 5.43457e-07 
1.87174e-10 3.64965e-08 7.04346e-07 5.7279e-06 0.000123085 0.000696202 0.000774765 0.00788202 0.0274046 0.963113 
1.8848e-10 3.29873e-08 6.21389e-07 5.07086e-06 0.000110592 0.000718416 0.00138307 0.012783 0.934782 0.0502176 
5.69214e-15 1.37091e-12 1.9064e-11 3.50246e-10 7.95826e-08 4.471e-07 3.25884e-05 0.000520515 0.00385063 0.995596 
4.60628e-11 8.76055e-09 1.68447e-07 1.42787e-06 3.38873e-05 0.000329781 0.000641344 0.00681903 0.023173 0.969001 
1.31899e-10 2.56345e-08 4.94918e-07 4.0583e-06 8.7505e-05 0.000597252 0.00112824 0.0122407 0.681316 0.304625 
8.40143e-23 9.6921e-20 1.18272e-17 3.05882e-15 1.10876e-12 3.35794e-11 6.3923e-08 6.25441e-05 0.0024198 0.997518 
0.00064565 0.0214896 0.0572442 0.121094 0.136815 0.649073 0.0116228 0.00153265 0.000444351 3.90785e-05 
1.46673e-07 6.66549e-06 0.000101519 0.00115371 0.0122288 0.0561973 0.840686 0.0595933 0.023794 0.0062382 
0.1419 0.433715 0.143172 0.247972 0.0262991 0.00654621 0.000375975 1.85596e-05 1.13486e-06 9.11049e-08 
2.6124e-09 1.33334e-07 9.8662e-07 5.79789e-06 0.0002815 0.00185569 0.0154388 0.0400198 0.924354 0.018043 
6.58365e-10 5.19269e-08 6.84953e-07 5.24795e-06 0.000159451 0.000940121 0.00336476 0.0217658 0.939515 0.0342493 
4.65314e-11 8.74133e-09 1.67635e-07 1.42316e-06 3.14248e-05 0.000393065 0.000446569 0.00459815 0.0158867 0.978643 
2.92941e-10 4.08056e-08 7.32446e-07 6.15074e-06 0.000249082 0.00116084 0.00456437 0.887408 0.0634937 0.0431173 
7.64267e-08 3.99886e-06 4.13722e-05 0.000585668 0.0044255 0.0103677 0.0356896 0.055715 0.882166 0.0110046 
1.63495e-11 3.20721e-09 6.19451e-08 4.9864e-07 1.09212e-05 3.79394e-05 0.000105176 0.00160026 0.0077563 0.990489 
4.73022e-11 9.12308e-09 1.78743e-07 1.77657e-06 0.000156399 0.000862361 0.00773557 0.36519 0.437391 0.188663 
1.03816e-09 1.36602e-07 1.55377e-06 8.89393e-06 0.000375343 0.00108787 0.00735817 0.0271807 0.047013 0.916974 
2.14213e-10 4.17205e-08 8.05802e-07 6.6063e-06 0.000142536 0.000950878 0.00242074 0.0208537 0.929752 0.0458724 
3.86119e-10 1.9816e-08 1.6354e-07 1.24347e-06 0.000105275 0.000526325 0.00462499 0.0209878 0.818358 0.155396 
1.769e-10 3.45952e-08 6.67951e-07 5.41868e-06 0.000116752 0.000636308 0.000664971 0.00806077 0.0285181 0.961997 
2.57899e-05 0.00155389 0.125312 0.180693 0.45494 0.216424 0.0168334 0.00366949 0.000510389 3.79823e-05 
6.40345e-09 4.63009e-07 7.86464e-06 3.81968e-05 0.00143017 0.00584758 0.0198371 0.0470647 0.907937 0.0178374 
1.29696e-10 2.52925e-08 4.88101e-07 3.96846e-06 8.56519e-05 0.000528133 0.00388669 0.922603 0.0325984 0.0402934 
6.36383e-08 5.88113e-06 3.93115e-05 0.000500519 0.00540132 0.0271802 0.852026 0.0712565 0.0350738 0.00851668 
4.2828e-17 1.78468e-14 1.23772e-12 8.95569e-11 1.60397e-08 9.88421e-08 6.26263e-06 7.98151e-05 0.00270658 0.997207 
3.61811e-28 2.27002e-24 2.90523e-21 3.12144e-17 8.42948e-16 5.79136e-13 5.72925e-09 1.1857e-05 0.000869824 0.999118 
1.4323e-15 2.86146e-13 6.19675e-12 2.79386e-10 4.7336e-08 5.4784e-07 2.83766e-05 0.00145384 0.977239 0.0212782 
3.0768e-05 0.00233463 0.0185397 0.0682907 0.742805 0.11206 0.0386431 0.0147179 0.00215191 0.000426202 
6.39111e-09 4.52169e-07 7.45654e-06 3.72677e-05 0.00142959 0.00579386 0.0319166 0.879598 0.0606495 0.0205673 
1.63e-09 9.6704e-08 7.75895e-07 5.04958e-06 0.000273629 0.00240852 0.0202445 0.484644 0.480954 0.0114689 
1.27135e-10 2.4708e-08 4.76552e-07 3.88949e-06 8.41108e-05 0.000525328 0.000645907 0.00820325 0.0291963 0.961341 
4.30599e-09 3.28008e-07 3.57886e-06 2.38433e-05 0.000973822 0.00601443 0.0265011 0.893113 0.0565869 0.0167825 
3.80534e-09 2.49591e-07 2.56149e-06 1.67972e-05 0.000631783 0.0043035 0.0174614 0.0462399 0.911062 0.0202822 
1.06745e-07 7.81194e-06 6.10907e-05 0.00106048 0.00872634 0.0336739 0.07037 0.849779 0.0290948 0.00722634 
1.83154e-10 1.99601e-08 3.19207e-07 2.47036e-06 5.18755e-05 0.000278962 0.000493908 0.00353622 0.00811599 0.98752 
1.64195e-09 1.10421e-07 1.18803e-06 9.3104e-06 0.000416762 0.00400328 0.335786 0.626661 0.023793 0.00932904 
3.37965e-09 1.86329e-07 1.62569e-06 9.9828e-06 0.000448805 0.00253491 0.0195006 0.879323 0.0591803 0.0390007 
1.24443e-07 7.67115e-06 0.000111432 0.00198152 0.0236515 0.776226 0.0854488 0.0716142 0.0327688 0.00818978 
1.08233e-07 7.43938e-06 8.56306e-05 0.0015619 0.0090548 0.61958 0.309976 0.0405383 0.0155446 0.00365118 
1.41289e-10 2.09919e-08 3.77642e-07 3.03644e-06 6.5673e-05 0.000429253 0.000700058 0.00877344 0.0320047 0.958023 
5.82424e-09 3.82435e-07 6.59681e-06 3.00262e-05 0.00108706 0.00413037 0.0160397 0.0460393 0.911339 0.0213271 
1.52605e-29 8.82821e-26 1.3631e-22 1.5975e-18 5.13e-17 3.17063e-14 2.30396e-09 2.08207e-05 0.000697624 0.999282 
9.93979e-09 6.60667e-07 1.03863e-05 5.96085e-05 0.00179419 0.00821579 0.032297 0.0574177 0.887109 0.0130956 
1.35791e-07 5.90572e-06 8.68019e-05 0.000967829 0.0100002 0.037171 0.069055 0.850668 0.0255348 0.00651032 
3.25796e-09 1.56683e-07 1.0502e-06 5.10248e-06 0.000212922 0.0010922 0.00911654 0.876297 0.0759194 0.0373552 
9.10361e-06 0.000572613 0.0085097 0.0268397 0.0849905 0.780563 0.0746417 0.0208772 0.00261669 0.000380183 
2.887e-10 3.33402e-08 5.71944e-07 4.92211e-06 0.000225904 0.00130551 0.0122991 0.892555 0.0630112 0.0305978 
9.50275e-13 6.87731e-11 1.00977e-09 3.65392e-08 1.23487e-06 8.96275e-05 0.000211056 0.00303521 0.49489 0.501773 
1.708e-10 3.32858e-08 6.42296e-07 5.21945e-06 0.000112354 0.000617239 0.000816653 0.00876622 0.028369 0.961313 
5.12119e-15 1.31745e-12 2.3992e-11 1.0349e-09 1.96258e-07 1.04165e-06 4.99086e-05 0.00128846 0.011287 0.987373 
4.24567e-09 2.72496e-07 3.93046e-06 2.03361e-05 0.000770712 0.00388494 0.240674 0.72815 0.0206185 0.0058774 
1.52901e-10 2.96865e-08 5.72492e-07 4.67383e-06 0.000100886 0.00060855 0.000793195 0.00884667 0.0252401 0.964405 
0.0119733 0.122018 0.0707371 0.341241 0.119562 0.303498 0.0302443 0.000688167 3.48722e-05 2.46506e-06 
6.4042e-09 5.27941e-07 9.0009e-06 0.000970362 0.0119902 0.800945 0.0662045 0.068631 0.0395094 0.0117398 
0.0273173 0.850892 0.088207 0.0268979 0.00647142 0.000204529 9.86336e-06 9.22462e-08 5.47185e-09 1.39313e-10 
1.40633e-08 9.12771e-07 1.11612e-05 0.000415898 0.00392343 0.0226595 0.8736 0.0550334 0.0319989 0.0123568 
4.65791e-07 6.17624e-05 0.000723618 0.00727141 0.707426 0.105535 0.0937686 0.059654 0.0200759 0.0054827 
3.86579e-06 0.000177009 0.00522864 0.012446 0.0463178 0.0906382 0.810837 0.0287225 0.00524691 0.000381992 
1.1588e-10 2.24462e-08 4.32762e-07 3.54859e-06 7.59301e-05 0.000532904 0.00043259 0.00416016 0.0165544 0.97824 
9.27641e-11 1.78695e-08 3.45099e-07 2.87389e-06 6.28712e-05 0.00048128 0.00122809 0.0122356 0.0390638 0.946925 
0.000271563 0.00956606 0.0379513 0.0872321 0.766065 0.082949 0.014769 0.000909342 0.000263385 2.37449e-05 
2.20727e-14 3.77519e-12 6.28374e-11 2.18962e-09 4.43856e-07 2.13893e-06 9.96256e-05 0.00249656 0.0118624 0.985539 
8.93957e-09 6.44881e-07 1.07263e-05 0.000107354 0.00307651 0.0196824 0.880056 0.0598896 0.0302025 0.00697386 
1.62262e-10 3.16244e-08 6.10288e-07 4.96655e-06 0.000107016 0.000611754 0.000746549 0.00874907 0.0300344 0.959746 
1.3365e-10 2.59686e-08 5.0081e-07 4.08072e-06 8.8084e-05 0.000527349 0.000586564 0.00744187 0.0185466 0.972805 
1.43325e-06 5.19152e-05 0.000797311 0.00351723 0.0162755 0.0491953 0.852993 0.0570238 0.017902 0.0022429 
2.31123e-09 1.26473e-07 1.10287e-06 6.43131e-06 0.000118992 0.00106309 0.00632233 0.0258892 0.0458441 0.920755 
2.45989e-07 3.20325e-05 0.000650946 0.0377333 0.0471407 0.0298732 0.723512 0.0868931 0.0727928 0.00137133 
1.54448e-11 3.02789e-09 5.84856e-08 4.75679e-07 1.081e-05 5.34372e-05 0.000194399 0.00390596 0.0186918 0.977143 
0 0 0 0 0 0 0 0 1.68269e-05 0.999983 
2.16096e-10 3.31598e-08 2.22493e-06 8.75897e-05 0.00941906 0.140461 0.699719 0.0804274 0.0442062 0.0256769 
1.41923e-10 2.75958e-08 5.32296e-07 4.33463e-06 9.34588e-05 0.000546183 0.00102908 0.0117274 0.494209 0.49239 
7.13665e-10 7.31285e-08 1.13934e-06 8.97741e-06 0.000218118 0.0017167 0.0125507 0.896536 0.0492638 0.0397041 
6.40679e-09 4.03521e-07 6.71607e-06 3.26726e-05 0.00136148 0.0067674 0.0381196 0.0732954 0.853537 0.0268793 
2.69472e-09 1.30574e-07 9.04026e-07 4.41269e-06 0.00017525 0.00102492 0.00856424 0.0307336 0.932038 0.0274584 
5.40458e-08 3.42668e-06 3.12981e-05 0.00043001 0.00383921 0.0114882 0.0442907 0.0645985 0.865995 0.00932388 
5.1776e-07 3.74432e-05 0.000293973 0.00424026 0.0247279 0.0628603 0.0979765 0.789805 0.0163551 0.00370337 
5.47358e-19 4.36756e-16 3.82486e-14 3.26831e-12 8.10269e-10 9.31285e-09 9.15521e-07 2.9472e-05 0.000907988 0.999062 
3.67737e-07 2.51503e-05 0.000199537 0.00212839 0.0139515 0.030726 0.0591579 0.872713 0.01794 0.00315792 
6.26618e-09 4.60942e-07 5.4866e-06 3.31671e-05 0.00124927 0.00712546 0.0309373 0.898284 0.0468683 0.015497 
1.01751e-08 7.45055e-07 1.14169e-05 0.000104275 0.00219188 0.00975633 0.855658 0.0745462 0.0445403 0.0131908 
1.73247e-09 8.31532e-08 6.32038e-07 3.41677e-06 0.000224726 0.00284361 0.32005 0.635336 0.029604 0.0119379 
2.98554e-09 2.64337e-07 2.97068e-06 2.54541e-05 0.00100782 0.00689611 0.0400095 0.879935 0.0511225 0.021 
1.46556e-12 2.82308e-10 5.43077e-09 4.4872e-08 9.96539e-07 1.24453e-05 2.09096e-05 0.00062612 0.489104 0.510235 
3.22125e-07 2.74682e-05 0.000349682 0.00303204 0.0165275 0.0540734 0.835257 0.0617241 0.0228631 0.0061456 
5.19023e-07 3.46833e-05 0.000529189 0.00308945 0.0170177 0.0500541 0.0751677 0.839398 0.0123288 0.00238017 
1.58561e-06 8.11161e-05 0.0014927 0.00441709 0.019985 0.0488432 0.862253 0.0462264 0.0140859 0.00261419 
6.52288e-05 0.00370703 0.0234934 0.0915626 0.698732 0.12869 0.0403857 0.0105631 0.00201208 0.000789292 
2.40379e-11 4.58221e-09 8.81121e-08 7.39e-07 1.60387e-05 0.000175089 0.000152428 0.00210134 0.966806 0.0307482 
3.37156e-05 0.00149945 0.00741453 0.07367 0.265174 0.586808 0.0627795 0.00245249 0.000155943 1.2505e-05 
3.63411e-09 1.7532e-07 1.19683e-06 6.17516e-06 0.000366421 0.0025062 0.0253684 0.0568786 0.0622841 0.852589 
2.00301e-08 1.20965e-06 1.55528e-05 8.84866e-05 0.00290399 0.0115627 0.860704 0.0719157 0.0412061 0.0116026 
0.000110458 0.0101835 0.0949211 0.267668 0.267461 0.304097 0.0532159 0.0021182 0.000209248 1.59127e-05 
1.56883e-10 3.06284e-08 5.95131e-07 5.12507e-06 0.000211606 0.000879188 0.00310086 0.0209738 0.0430625 0.931766 
5.35337e-11 1.0376e-08 2.00037e-07 1.63504e-06 3.57449e-05 0.000207432 0.000451408 0.00542775 0.957566 0.0363097 
2.70144e-09 1.305e-07 8.86456e-07 4.1206e-06 7.31459e-05 0.00071645 0.00636193 0.0194397 0.0445628 0.928841 
1.56111e-10 3.04226e-08 5.87197e-07 4.79051e-06 0.000103167 0.000611434 0.000732651 0.00953276 0.943886 0.0451289 
6.44269e-10 5.98054e-08 8.94914e-07 6.99088e-06 0.000214037 0.00109938 0.00579569 0.0321774 0.91235 0.0483555 
2.76295e-07 1.70604e-05 0.000156973 0.00184758 0.0119735 0.0344166 0.0591445 0.872904 0.0168493 0.00269004 
8.42801e-09 6.48944e-07 9.46811e-06 0.000165042 0.00280224 0.0167183 0.0565021 0.864092 0.0462528 0.0134573 
2.99737e-09 1.6492e-07 1.42469e-06 8.30174e-06 0.000224251 0.000863861 0.00146766 0.0143916 0.0399274 0.943115 
4.13446e-15 1.04576e-12 1.98825e-11 9.44306e-10 2.25709e-07 1.30549e-06 4.94418e-05 0.00101037 0.00299525 0.995943 
4.19226e-11 8.15928e-09 1.57403e-07 1.28031e-06 2.7515e-05 0.000169123 0.000222489 0.00237315 0.00635497 0.990851 
7.93079e-10 5.16639e-08 5.79212e-07 4.23496e-06 0.000155809 0.000926615 0.0054282 0.0278397 0.0504255 0.915219 
6.97271e-05 0.00319 0.195156 0.231033 0.236929 0.299574 0.0278384 0.0055563 0.000604007 4.87401e-05 
