3134
9.01812e-07 3.0117e-05 0.000361132 0.00205883 0.00637378 0.0165622 0.0388413 0.544739 0.265229 0.125803 
0.00181903 0.0170026 0.0757655 0.154934 0.554507 0.119962 0.0523666 0.017061 0.00513984 0.00144274 
0.00041751 0.010975 0.0387483 0.102021 0.174884 0.475199 0.109989 0.05261 0.0262379 0.00891761 
4.33844e-07 1.48e-05 0.000258462 0.00128702 0.00917169 0.0300801 0.0795452 0.701674 0.0996308 0.0783378 
6.65061e-05 0.00126751 0.00679117 0.0246978 0.0545653 0.103083 0.272217 0.430225 0.0890858 0.0180008 
9.10366e-08 2.41114e-06 2.45498e-05 0.000197751 0.00129223 0.00440227 0.0130209 0.215214 0.603357 0.162488 
1.83633e-06 5.60379e-05 0.000850272 0.00333663 0.00972458 0.0231908 0.0490012 0.0852003 0.116604 0.712035 
5.39862e-08 1.04111e-06 1.29023e-05 5.33266e-05 0.000490718 0.00266953 0.021043 0.89948 0.0360236 0.0402263 
1.04393e-08 1.37564e-07 1.10121e-06 4.02545e-06 2.4027e-05 0.000135068 0.000248846 0.000814504 0.00186052 0.996912 
1.37162e-15 3.28099e-13 4.15184e-12 5.30078e-11 8.51113e-09 4.14424e-08 3.90831e-07 6.67736e-05 0.000151247 0.999782 
1.48441e-07 3.92013e-06 4.39199e-05 0.000299108 0.000897018 0.00269432 0.00613313 0.0135872 0.0303478 0.945993 
2.21683e-06 9.35993e-05 0.00120706 0.00717729 0.0240459 0.227109 0.574479 0.0714244 0.0544551 0.0400063 
5.1501e-06 0.000129417 0.00090167 0.00351879 0.00754347 0.0210108 0.0370746 0.0666481 0.100814 0.762354 
3.72491e-19 2.20339e-16 2.93049e-14 1.70773e-12 2.83911e-10 6.08324e-09 8.23245e-07 4.31516e-05 0.00055717 0.999399 
1.65567e-05 0.00081096 0.00380354 0.0125016 0.0470177 0.0707915 0.660467 0.106113 0.0715099 0.0269689 
4.41373e-07 1.18772e-05 0.000136177 0.00100071 0.00309108 0.00863159 0.0232331 0.0525803 0.802255 0.10906 
2.11231e-06 0.000122141 0.000912784 0.00838687 0.0162722 0.0278404 0.0418547 0.0772517 0.679302 0.148055 
1.88681e-07 4.92387e-06 5.76062e-05 0.000369798 0.0012166 0.00454003 0.00932886 0.0171826 0.0560927 0.911207 
2.68329e-05 0.00137682 0.00869769 0.100863 0.140057 0.220455 0.341003 0.081099 0.0665504 0.0398712 
9.82898e-29 4.89436e-25 2.86822e-22 1.53724e-18 1.40171e-16 3.92719e-14 2.34363e-10 3.80407e-08 4.63202e-05 0.999954 
4.3155e-05 0.0018263 0.0199585 0.0846388 0.117765 0.371769 0.15338 0.123376 0.0851865 0.0420573 
0.0014357 0.12792 0.327255 0.136895 0.169987 0.136719 0.0663793 0.0237022 0.00773286 0.00197381 
3.242e-19 2.19085e-16 2.51815e-14 1.84407e-12 3.22052e-10 9.29833e-09 1.66509e-06 0.000147198 0.00231251 0.997539 
1.7116e-06 8.4084e-05 0.000726781 0.00559773 0.0146494 0.0346987 0.0765073 0.616898 0.126094 0.124742 
3.16791e-12 3.28459e-10 5.22497e-09 6.06247e-08 1.72169e-06 5.57579e-05 0.000205835 0.00283103 0.985166 0.0117398 
6.67462e-27 1.11362e-23 2.78009e-21 5.50403e-18 1.20916e-15 9.69266e-14 1.96646e-10 1.6708e-08 8.93089e-06 0.999991 
3.34597e-06 0.000156914 0.00314219 0.0104768 0.0384619 0.0830561 0.51453 0.127209 0.11548 0.107484 
1.77953e-06 8.41465e-05 0.000868417 0.00490672 0.0107033 0.0213405 0.0392065 0.0662545 0.738946 0.117688 
1.50187e-16 7.49112e-14 4.50617e-12 4.01388e-10 3.76405e-08 4.1595e-07 3.54538e-05 0.000414981 0.0045718 0.994977 
8.35053e-09 1.54417e-07 1.92347e-06 9.04074e-06 0.000180241 0.00147312 0.00469938 0.0182361 0.0389136 0.936486 
1.89099e-08 3.62391e-07 4.27445e-06 1.93189e-05 0.000182675 0.00200044 0.00317568 0.0134561 0.909704 0.0714576 
0.00347709 0.0423973 0.122123 0.484325 0.158449 0.110459 0.0552041 0.0176721 0.00481108 0.00108209 
2.54972e-08 4.01898e-07 4.17266e-06 1.62444e-05 0.000100608 0.000731962 0.000872129 0.00287336 0.00878015 0.986621 
6.44414e-08 1.10587e-06 1.26544e-05 4.78647e-05 0.000295541 0.00196038 0.00533595 0.00973197 0.0169631 0.965651 
7.45974e-05 0.00267551 0.0093457 0.140222 0.118984 0.418693 0.173541 0.0549078 0.0446318 0.0369243 
0.000234957 0.00488992 0.0177877 0.0504143 0.127349 0.2309 0.458752 0.0755218 0.0263059 0.00784372 
7.10134e-06 0.00017697 0.00151402 0.0096042 0.0234202 0.0499622 0.0698532 0.113801 0.510478 0.221184 
0.00221911 0.0392178 0.39541 0.3189 0.0832442 0.0594583 0.078662 0.0157569 0.00555737 0.00157434 
2.61448e-06 5.32751e-05 0.000732019 0.00295261 0.0136838 0.0361338 0.0992293 0.0644428 0.216982 0.565788 
2.80884e-07 7.29453e-06 7.62564e-05 0.000527086 0.00173356 0.00576987 0.0149552 0.0302525 0.0520044 0.894674 
3.7827e-06 0.000122277 0.00118458 0.0143427 0.0302379 0.0588211 0.139899 0.136338 0.274313 0.344738 
3.69008e-05 0.00222359 0.0106723 0.0233877 0.0689441 0.545545 0.144846 0.118639 0.0644602 0.0212451 
4.61889e-06 0.000116694 0.00184697 0.00622509 0.0179251 0.0466826 0.468003 0.207424 0.191128 0.0606438 
6.69974e-07 1.73523e-05 0.000186479 0.0013161 0.00451495 0.0132776 0.0287048 0.0560399 0.744246 0.151696 
3.08229e-05 0.000685623 0.00716212 0.0263749 0.406801 0.132306 0.149092 0.144696 0.092211 0.0406405 
3.88335e-08 7.69449e-07 9.19826e-06 4.66838e-05 0.000547767 0.00335491 0.0117405 0.830071 0.0801683 0.0740606 
2.78454e-09 7.64729e-08 9.81998e-07 6.40671e-06 1.74268e-05 6.94559e-05 0.000168252 0.00101655 0.00569215 0.993029 
1.1416e-07 4.31835e-06 3.42252e-05 0.000341037 0.000806554 0.00196861 0.00403937 0.0229136 0.361811 0.608081 
2.85028e-05 0.00104141 0.00683813 0.0259108 0.0645283 0.466131 0.173005 0.144178 0.0854341 0.0329041 
3.47621e-07 9.50718e-06 0.000127507 0.000471229 0.0017385 0.00630099 0.0150079 0.34752 0.34245 0.286374 
0.00164952 0.273056 0.0611872 0.183544 0.167689 0.14467 0.10568 0.0361514 0.017316 0.00905585 
1.51363e-06 7.90846e-05 0.000593973 0.005543 0.0115988 0.0211493 0.0331859 0.0636233 0.72056 0.143666 
7.42871e-07 2.15136e-05 0.000266035 0.00145493 0.00709308 0.0244155 0.0702103 0.601453 0.135335 0.159749 
7.87068e-11 1.99888e-09 2.83749e-08 1.37018e-07 9.64109e-07 5.75971e-06 0.000105571 0.00130017 0.0114511 0.987136 
8.63686e-09 3.51425e-07 6.60925e-06 1.68447e-05 0.000188555 0.0010072 0.00267599 0.461693 0.493014 0.0413976 
0.000524507 0.0144807 0.0461001 0.108971 0.412682 0.156562 0.100806 0.0790248 0.0566493 0.0241993 
2.43324e-07 6.19423e-06 7.46153e-05 0.000442507 0.0015127 0.00526328 0.0131343 0.0259451 0.308887 0.644734 
5.85213e-08 1.30393e-06 1.68008e-05 0.000105365 0.00563091 0.00592166 0.0560037 0.171643 0.523739 0.236939 
3.13384e-07 8.58932e-06 8.09039e-05 0.000772619 0.00361358 0.00972145 0.0292538 0.063187 0.106989 0.786373 
9.27278e-07 4.00015e-05 0.000298902 0.0029957 0.00809818 0.0172547 0.0406305 0.086072 0.122927 0.721683 
6.05065e-08 1.61801e-06 3.0962e-05 0.000136312 0.00110216 0.00528945 0.157706 0.59494 0.0423613 0.198432 
7.97914e-12 1.51068e-09 2.89606e-08 2.41027e-07 5.92414e-06 3.89172e-05 0.000198381 0.00263637 0.0104753 0.986645 
3.04928e-08 5.23031e-07 5.6817e-06 2.32986e-05 0.000208545 0.00161753 0.00277689 0.0132356 0.0550658 0.927066 
1.36444e-06 7.41868e-05 0.000489924 0.00556924 0.01336 0.0348891 0.592961 0.112708 0.117457 0.122491 
2.4964e-06 6.98166e-05 0.000950351 0.00511393 0.0192739 0.0529586 0.532937 0.156224 0.132602 0.0998682 
5.41014e-07 2.64748e-05 0.000246283 0.0018827 0.00615834 0.304797 0.381642 0.194807 0.0570394 0.0534007 
1.35092e-07 3.39112e-06 3.64367e-05 0.000250239 0.00236212 0.0101323 0.036983 0.757844 0.099914 0.0924747 
3.2918e-06 0.000135618 0.00158145 0.0223919 0.0844329 0.0734291 0.0931756 0.220507 0.449256 0.055087 
1.50607e-08 3.29589e-07 4.16433e-06 1.84178e-05 0.000144032 0.000686582 0.00160093 0.00558423 0.0218411 0.97012 
1.95423e-06 6.8866e-05 0.000800071 0.00354041 0.00894416 0.0189115 0.0374033 0.0702033 0.727232 0.132894 
3.39912e-07 9.38501e-06 9.3398e-05 0.000786627 0.00253741 0.00708406 0.019291 0.0411584 0.0725957 0.856444 
0.00259037 0.0526448 0.600171 0.249371 0.0628158 0.0217629 0.00631606 0.00275356 0.00122331 0.000350587 
2.40836e-07 6.44499e-06 0.000191667 0.000840279 0.00315896 0.010513 0.0249467 0.0497825 0.0816521 0.828908 
1.38877e-05 0.00105611 0.00245597 0.0087131 0.0230233 0.0562185 0.0746877 0.615444 0.125763 0.0926246 
2.45818e-08 3.81458e-07 3.84027e-06 1.71748e-05 0.000314534 0.00203165 0.0091553 0.290558 0.520473 0.177447 
3.37261e-07 8.62491e-06 7.69295e-05 0.000687015 0.00213577 0.00529283 0.015759 0.0398128 0.0718068 0.86442 
9.01949e-06 0.000543953 0.00228977 0.0070437 0.0209131 0.188819 0.153972 0.410647 0.144021 0.0717425 
3.61811e-28 2.27002e-24 2.90523e-21 3.12144e-17 8.42948e-16 5.79136e-13 5.72925e-09 1.1857e-05 0.000869824 0.999118 
1.40213e-05 0.00111789 0.00291438 0.0115347 0.0368922 0.0725041 0.106931 0.600386 0.113813 0.0538921 
1.52605e-29 8.82821e-26 1.3631e-22 1.5975e-18 5.13e-17 3.17063e-14 2.30396e-09 2.08207e-05 0.000697624 0.999282 
8.64158e-08 1.89623e-06 2.39971e-05 0.000124481 0.000762221 0.00351812 0.0185812 0.826303 0.0822496 0.068435 
0.00958461 0.101036 0.101144 0.306832 0.150971 0.267981 0.0478301 0.0100697 0.0036194 0.000932763 
0.000436414 0.00560075 0.0172792 0.0531435 0.109178 0.167745 0.507221 0.0770383 0.0448108 0.0175471 
1.16007e-10 2.24389e-08 4.32485e-07 3.54641e-06 7.59035e-05 0.000532669 0.000463032 0.00447649 0.0169021 0.977546 
4.9738e-07 1.18957e-05 0.000122161 0.000890687 0.00278002 0.00936784 0.0225459 0.0486119 0.0982273 0.817442 
0.000768101 0.014983 0.0531191 0.12162 0.465346 0.140374 0.0843243 0.0578853 0.0411382 0.0204412 
8.71052e-07 3.31225e-05 0.000269861 0.00245855 0.00558574 0.012332 0.0246936 0.0471005 0.0873523 0.820173 
1.05526e-07 1.66277e-06 1.79404e-05 9.47811e-05 0.000886142 0.00438701 0.00902863 0.0249495 0.0521172 0.908517 
1.55765e-11 3.03751e-09 5.85805e-08 4.76919e-07 1.08319e-05 5.42011e-05 0.00019985 0.0039237 0.0187824 0.977028 
1.24589e-08 2.78547e-07 4.04422e-06 1.46111e-05 0.000102582 0.000320756 0.000673896 0.00070122 0.00103535 0.997147 
5.01119e-05 0.000857567 0.00442473 0.0176791 0.247205 0.357229 0.134142 0.140722 0.0684268 0.0292638 
5.37302e-07 1.54552e-05 0.000148945 0.00124562 0.00342463 0.00949955 0.0221741 0.036433 0.0648877 0.86217 
8.88395e-06 0.000208173 0.00185204 0.00784722 0.0254512 0.0688233 0.566786 0.160259 0.115581 0.0531838 
4.44893e-06 0.000195334 0.0015462 0.00951964 0.0317857 0.0809718 0.550192 0.138592 0.10595 0.0812431 
8.92986e-15 1.53737e-12 2.68265e-11 1.01216e-09 2.26998e-07 1.31229e-06 4.94529e-05 0.00101045 0.00299979 0.995939 
1.01023e-06 5.75328e-05 0.000477996 0.00439243 0.0113375 0.0268543 0.206264 0.608945 0.0791312 0.0625398 
1.04264e-15 7.93991e-14 1.03019e-12 7.8995e-12 4.16379e-10 2.68569e-09 3.69761e-07 4.18593e-07 7.37001e-05 0.999926 
1.68564e-07 4.50703e-06 8.4892e-05 0.000418133 0.00225686 0.0290021 0.094623 0.179854 0.445235 0.248521 
1.5455e-06 8.05351e-05 0.000512339 0.00609853 0.01387 0.0289302 0.0597746 0.623648 0.131183 0.135901 
1.17444e-06 4.67947e-05 0.000561415 0.0031033 0.0095535 0.0195161 0.0398927 0.0761565 0.0983315 0.752837 
1.18886e-13 3.33539e-12 4.35562e-11 2.32757e-10 7.64965e-10 2.71095e-09 9.47578e-09 1.05541e-05 0.00030011 0.999689 
7.43127e-07 2.48987e-05 0.000280008 0.00152737 0.00407439 0.0101863 0.0187199 0.0424438 0.0745705 0.848172 
6.39679e-07 2.88643e-05 0.000252584 0.00216653 0.0055748 0.0114236 0.0214388 0.286905 0.0569187 0.615291 
9.25657e-08 1.54082e-06 1.54679e-05 7.22018e-05 0.000474152 0.00274229 0.00724743 0.0280687 0.872339 0.0890393 
2.5193e-16 1.18198e-13 7.7464e-12 6.19026e-10 8.64801e-08 6.81379e-07 5.06429e-05 0.000710185 0.00782571 0.991413 
1.18016e-05 0.000737182 0.00518169 0.0175222 0.223273 0.0511676 0.0555671 0.180108 0.0552886 0.411142 
3.27123e-17 1.01727e-14 4.9827e-13 2.70631e-11 5.43548e-09 8.00383e-08 3.36923e-06 0.000684441 0.0035691 0.995743 
4.69632e-07 1.07682e-05 0.000122942 0.000758853 0.00366322 0.0117437 0.0311644 0.0628987 0.744823 0.144813 
7.20081e-07 2.09344e-05 0.00025758 0.00115664 0.00410569 0.0104847 0.0215986 0.0466024 0.0853274 0.830445 
3.5349e-15 9.32155e-13 2.12845e-11 1.0836e-09 2.18106e-07 1.34173e-06 9.0022e-05 0.00134992 0.00836886 0.99019 
9.79033e-07 3.23968e-05 0.000420877 0.00182954 0.00490821 0.0133912 0.0297185 0.0542272 0.0862734 0.809198 
4.33178e-06 0.000155362 0.00137201 0.0104636 0.0224779 0.0419668 0.0663277 0.11131 0.630567 0.115355 
9.40061e-20 4.11656e-17 7.7754e-15 4.01774e-13 1.90944e-11 3.11115e-09 1.25353e-06 0.000120956 0.00199628 0.997882 
9.20959e-06 0.000265913 0.00194442 0.00772477 0.0237257 0.104527 0.511957 0.198554 0.0979672 0.0533237 
2.00127e-08 8.04727e-07 1.64006e-05 4.211e-05 0.000379576 0.00193692 0.00388275 0.0126355 0.0298624 0.951244 
1.69663e-29 9.43838e-26 1.18652e-22 1.26735e-18 3.43309e-17 2.37012e-14 2.16886e-10 3.81423e-07 0.000176027 0.999824 
6.8607e-07 3.83496e-05 0.000308617 0.00246004 0.00515171 0.00957107 0.0161944 0.318827 0.396759 0.250689 
1.02705e-15 3.52559e-14 5.43464e-13 5.23205e-12 3.18562e-10 9.15306e-09 2.02574e-06 0.000236631 0.00303727 0.996724 
3.28591e-07 9.10093e-06 9.0744e-05 0.000775158 0.00256733 0.00934189 0.735456 0.0662424 0.0913243 0.0941931 
5.03079e-29 3.11512e-25 4.49242e-22 5.11032e-18 1.25816e-16 9.37888e-14 3.97279e-10 1.81384e-06 0.000532624 0.999466 
4.79096e-07 1.12573e-05 0.000135482 0.000780455 0.00279877 0.00982537 0.0234625 0.0509327 0.09966 0.812393 
1.09469e-07 3.04554e-06 3.13228e-05 0.000267426 0.00115219 0.0226276 0.431358 0.156083 0.251465 0.137012 
2.128e-06 7.0235e-05 0.000999442 0.00424799 0.0139184 0.0367399 0.283971 0.378737 0.143576 0.137738 
0.000690792 0.00809238 0.0638539 0.51842 0.235617 0.10647 0.0456872 0.014654 0.00526198 0.00125204 
3.37779e-05 0.00132454 0.010335 0.0504573 0.249102 0.320867 0.176514 0.135744 0.0417695 0.0138536 
7.76101e-06 0.000147182 0.00151972 0.00613513 0.0219797 0.055842 0.0901232 0.642663 0.122946 0.0586365 
0.000973842 0.00558406 0.0348161 0.0837916 0.145283 0.551756 0.121272 0.0408962 0.0127056 0.00292122 
6.5902e-07 3.57304e-05 0.000221952 0.0026565 0.00533414 0.0103342 0.0175027 0.165143 0.536228 0.262543 
9.47951e-07 4.02137e-05 0.000432837 0.00292491 0.00918271 0.0222999 0.0557404 0.100548 0.681977 0.126853 
2.68458e-07 7.80863e-06 7.09452e-05 0.000771931 0.00176479 0.00383292 0.0133088 0.0436924 0.890311 0.0462391 
1.06357e-08 2.76068e-07 3.27015e-06 1.73855e-05 0.000103761 0.000616697 0.00190667 0.00772064 0.670799 0.318832 
9.40398e-08 2.35408e-06 3.27875e-05 0.000148368 0.00145871 0.00525662 0.280459 0.340083 0.137328 0.235231 
7.05069e-08 1.48504e-06 1.86884e-05 9.43691e-05 0.000428746 0.00165474 0.00344649 0.00546835 0.010405 0.978482 
4.45793e-06 0.000565997 0.00715729 0.0310352 0.535379 0.0987395 0.0844857 0.0897206 0.0772978 0.0756142 
8.73293e-11 7.8476e-09 1.29269e-07 1.32186e-06 3.09923e-05 0.000463198 0.00132961 0.0078137 0.025731 0.96463 
1.04798e-07 2.31844e-06 3.50392e-05 0.00013906 0.000461791 0.0017378 0.00547536 0.0162608 0.916895 0.0589925 
1.16129e-07 1.97795e-06 2.40694e-05 7.84061e-05 0.000441654 0.00276418 0.00706574 0.0141502 0.0294446 0.946029 
2.79147e-08 8.1316e-07 7.86852e-06 7.44747e-05 0.000194804 0.00043934 0.000869999 0.00177757 0.00346475 0.99317 
1.7299e-05 0.000843615 0.0106412 0.0315664 0.446234 0.138051 0.117331 0.0991893 0.079142 0.0769846 
1.27624e-06 5.4611e-05 0.000562346 0.00291746 0.0067701 0.0166382 0.031641 0.0520064 0.0797704 0.809638 
2.6999e-06 0.000103327 0.000517369 0.00211221 0.0266566 0.0248555 0.0929943 0.461779 0.330445 0.0605339 
4.71232e-11 1.19563e-09 1.61984e-08 6.5577e-08 4.34935e-07 1.71512e-06 9.45434e-06 3.13648e-05 0.000727418 0.99923 
0.000181842 0.014849 0.0294226 0.116396 0.278213 0.288857 0.103488 0.0992338 0.0466631 0.0226961 
3.40905e-16 7.11909e-14 1.01572e-12 1.58375e-11 1.61772e-09 2.65437e-07 2.51599e-07 4.34864e-05 0.00114803 0.998808 
1.11513e-06 4.71802e-05 0.000418904 0.00318799 0.00733601 0.0150048 0.0295477 0.0533263 0.143653 0.747477 
1.80508e-07 4.53501e-06 5.40804e-05 0.000296494 0.00109017 0.00430269 0.00881051 0.336047 0.277901 0.371493 
0.00171761 0.0262558 0.0808942 0.230471 0.347976 0.229037 0.0573413 0.0191625 0.00554714 0.00159688 
7.99109e-06 0.000200759 0.00310407 0.0104841 0.0364619 0.419295 0.0916551 0.280949 0.0979131 0.0599287 
1.41572e-06 6.00698e-05 0.000630057 0.00416808 0.012273 0.0274483 0.0661515 0.116896 0.63578 0.136591 
2.36451e-07 7.57778e-06 7.09559e-05 0.000512249 0.00170788 0.0057276 0.55051 0.192638 0.119147 0.129678 
1.04921e-07 3.14394e-06 5.22589e-05 0.00017307 0.00092091 0.00495473 0.0154407 0.0305551 0.766957 0.180943 
1.01378e-12 6.41574e-11 3.07542e-09 6.6038e-09 4.04731e-07 2.20461e-06 0.000155894 0.177187 0.363473 0.459181 
5.57849e-05 0.000661741 0.00636177 0.0294026 0.131289 0.358425 0.116045 0.200924 0.0956034 0.0612311 
1.11422e-07 3.92574e-06 7.85826e-05 0.000227729 0.00126312 0.00322095 0.0111291 0.283352 0.0376067 0.663118 
9.90981e-05 0.00174313 0.0112338 0.0366476 0.0768716 0.355329 0.357416 0.0893756 0.0535856 0.0176979 
1.81453e-10 1.1466e-08 1.27119e-07 9.71909e-07 4.13473e-05 0.000428445 0.00253126 0.39533 0.316202 0.285466 
2.03829e-08 4.39781e-07 3.93801e-06 3.60336e-05 0.000494922 0.00173392 0.0072212 0.0247451 0.635138 0.330627 
1.14502e-07 3.89829e-06 6.70946e-05 0.000393954 0.0025244 0.0128758 0.032572 0.127 0.702019 0.122543 
5.31592e-07 1.44165e-05 0.000164813 0.00108201 0.00598094 0.0150569 0.0425091 0.692988 0.121108 0.121095 
9.61094e-07 4.02626e-05 0.000430899 0.00274202 0.00805196 0.0186036 0.0393603 0.0663368 0.104997 0.759436 
6.00633e-30 3.55849e-26 5.36466e-23 6.22037e-19 2.57654e-17 1.33168e-14 1.83906e-09 1.66666e-05 0.00067031 0.999313 
2.47212e-05 0.000563403 0.00590972 0.0316269 0.0715533 0.294886 0.222598 0.149955 0.165512 0.0573718 
4.25427e-07 1.02508e-05 9.22791e-05 0.000800268 0.00236549 0.00687547 0.0141659 0.0254218 0.0491807 0.901087 
8.02629e-07 5.27117e-05 0.000310532 0.0037932 0.0068175 0.0104411 0.0155359 0.0262921 0.0417213 0.895035 
1.80025e-07 4.76896e-06 5.78424e-05 0.00040261 0.00217721 0.0212297 0.0567856 0.122275 0.642274 0.154793 
2.54412e-11 2.52788e-09 4.705e-08 4.0031e-07 8.18071e-06 0.000139652 0.00021805 0.00196262 0.981679 0.0159916 
9.32515e-08 1.65453e-06 1.46387e-05 9.34583e-05 0.00102867 0.0049441 0.0158649 0.0430628 0.865634 0.0693561 
1.72708e-05 0.000816674 0.00677968 0.0248129 0.285457 0.116115 0.11928 0.329951 0.0808634 0.0359074 
0.000375937 0.00430952 0.0143886 0.0476669 0.0872431 0.505787 0.155363 0.108582 0.057719 0.0185649 
6.91268e-07 2.89744e-05 0.00030044 0.00180778 0.00413983 0.00882617 0.0575181 0.243343 0.0446119 0.639423 
6.54087e-07 1.74084e-05 0.000275244 0.00150393 0.00719762 0.0220896 0.0602449 0.110252 0.691237 0.107182 
3.0673e-12 6.09364e-11 8.74445e-10 6.69737e-09 1.03027e-07 2.16447e-06 1.94224e-05 0.000239119 0.000320101 0.999419 
0.000357495 0.00646198 0.0218705 0.0993396 0.328528 0.459032 0.0690209 0.0113567 0.00298972 0.00104252 
1.10882e-06 5.40151e-05 0.000404599 0.00363229 0.00849848 0.0169864 0.0381619 0.711422 0.161048 0.0597912 
1.69651e-06 7.25962e-05 0.000828343 0.00509392 0.0149413 0.042905 0.612126 0.118337 0.112919 0.092775 
6.61199e-07 2.22587e-05 0.000412272 0.00140298 0.00500424 0.0133721 0.0334747 0.0633556 0.0917515 0.791204 
5.17997e-07 1.95502e-05 0.000177257 0.00144542 0.003579 0.00866519 0.0192 0.0305572 0.0515687 0.884787 
2.24478e-10 9.55321e-09 1.59172e-07 2.01618e-06 5.64332e-05 0.000242381 0.000680992 0.00298943 0.465382 0.530646 
2.50442e-07 7.54525e-06 6.94072e-05 0.000809828 0.00179866 0.00336554 0.00913877 0.0112375 0.0244645 0.949108 
1.33646e-05 0.000376917 0.00532311 0.0260553 0.0746684 0.417567 0.152642 0.151071 0.102162 0.0701199 
0.000619847 0.00977064 0.0223609 0.0516287 0.178528 0.313895 0.216535 0.125909 0.0607326 0.02002 
1.71686e-06 4.55485e-05 0.000654092 0.00335354 0.0133339 0.0437062 0.5627 0.131653 0.1317 0.112853 
1.34726e-06 7.7646e-05 0.000466856 0.00575302 0.0105773 0.017901 0.026071 0.0470542 0.0756589 0.816439 
5.25181e-06 0.000103255 0.000743624 0.00261231 0.012849 0.0316315 0.0638358 0.119309 0.647193 0.121717 
3.23455e-08 7.21015e-07 1.11733e-05 5.47173e-05 0.000526676 0.002049 0.0262546 0.315376 0.549196 0.106531 
1.13511e-10 2.17342e-08 4.18543e-07 3.41736e-06 7.42231e-05 0.000467964 0.000551376 0.00526163 0.0167598 0.976881 
1.7827e-24 2.21958e-21 3.71679e-19 4.54811e-16 8.69946e-14 1.1043e-11 4.68841e-08 5.85302e-05 0.00195844 0.997983 
1.52265e-07 2.92444e-06 2.96362e-05 0.000167549 0.000689838 0.00308521 0.00874984 0.0157821 0.0318499 0.939643 
2.54635e-05 0.000686017 0.00649832 0.0306015 0.0681412 0.128064 0.156966 0.151555 0.409858 0.0476046 
1.54286e-06 6.6198e-05 0.000503153 0.00442679 0.01097 0.0247187 0.0451036 0.231398 0.304781 0.378032 
2.08928e-06 8.27295e-05 0.000912445 0.00486172 0.013323 0.0307422 0.0606259 0.10192 0.678572 0.108958 
5.90344e-07 2.29162e-05 0.000176596 0.00182067 0.0041567 0.00923667 0.018781 0.0371702 0.0767518 0.851883 
3.53489e-06 0.000132803 0.00147342 0.0094272 0.0289947 0.480205 0.10517 0.139646 0.127747 0.107199 
2.18819e-07 6.58788e-06 4.3826e-05 0.000721455 0.00125178 0.00170138 0.00378414 0.00591614 0.0211973 0.965377 
2.71791e-08 7.13133e-07 7.86085e-06 5.6529e-05 0.000305289 0.00110755 0.00255486 0.0118894 0.0312909 0.952787 
1.12226e-06 5.82678e-05 0.000453822 0.00422124 0.00994688 0.017888 0.0308966 0.0620364 0.430661 0.443837 
1.17533e-07 1.95656e-06 2.02934e-05 8.62492e-05 0.000539847 0.00356486 0.00974469 0.0258098 0.874121 0.0861107 
4.41069e-16 1.20722e-13 3.05881e-12 1.94439e-10 4.55538e-08 2.44669e-07 7.48517e-06 0.000322314 0.00121962 0.99845 
1.22472e-06 6.11778e-05 0.000519952 0.0039093 0.00781549 0.0136354 0.0203838 0.587604 0.164551 0.201518 
1.47427e-10 1.2286e-08 2.3119e-07 1.72402e-06 3.62997e-05 0.00031862 0.000741656 0.00477384 0.0132016 0.980926 
1.4617e-08 1.88347e-07 1.48355e-06 5.00884e-06 3.21722e-05 0.000120271 0.000214188 0.00138319 0.00813364 0.99011 
2.02827e-09 1.47138e-07 1.5071e-06 2.09145e-05 0.000267249 0.000988004 0.00233727 0.0145632 0.680475 0.301346 
3.95035e-07 9.70077e-06 8.9911e-05 0.000800581 0.00228825 0.00634332 0.0138015 0.0272586 0.857583 0.0918243 
0.00087185 0.0111199 0.169663 0.490753 0.152027 0.0934013 0.0461594 0.0278836 0.00617123 0.00194924 
6.47329e-09 1.18345e-07 1.84372e-06 8.74451e-06 0.000100035 0.000732364 0.00203634 0.00837416 0.0265933 0.962153 
3.91822e-10 4.16072e-08 7.62765e-07 6.23285e-06 0.000196817 0.00148281 0.00476188 0.882375 0.0651262 0.04605 
1.21558e-07 2.63712e-06 8.14631e-05 0.000362475 0.000824537 0.00401633 0.00870792 0.0223681 0.0513819 0.912255 
9.35319e-08 1.27827e-06 1.08454e-05 3.72022e-05 0.000209463 0.00135839 0.00292752 0.0109903 0.934691 0.0497739 
0.000422091 0.242987 0.0936803 0.127865 0.262049 0.0878214 0.108091 0.048936 0.0222759 0.00587205 
6.92451e-07 2.2895e-05 0.000256067 0.00258165 0.0180252 0.543377 0.107342 0.107116 0.104423 0.116857 
3.28293e-15 7.35044e-13 1.62109e-11 7.43816e-10 1.40671e-07 1.13406e-06 0.000106913 0.00223779 0.975932 0.0217222 
8.25033e-08 1.5576e-06 1.64809e-05 7.41435e-05 0.00070237 0.00303602 0.00832685 0.125191 0.167797 0.694855 
0.00013824 0.00390202 0.0128836 0.0373859 0.0848047 0.144634 0.152629 0.482704 0.0629032 0.0180147 
1.69799e-07 2.85677e-06 2.83001e-05 0.000112602 0.00102693 0.00595473 0.0217734 0.803334 0.0814179 0.0863492 
1.00043e-05 0.000192098 0.00113487 0.00572286 0.0298697 0.0752871 0.0762144 0.444105 0.1698 0.197664 
6.49804e-08 1.32164e-06 1.22647e-05 0.000106134 0.00114521 0.00424456 0.0122292 0.0325077 0.0679859 0.881768 
7.18495e-07 2.81311e-05 0.000214531 0.00221497 0.00499104 0.0110437 0.0219294 0.0330961 0.0539474 0.872534 
5.21951e-07 1.49485e-05 0.000145193 0.00132541 0.0032128 0.00694759 0.0189157 0.0344114 0.0721759 0.862851 
4.15403e-07 1.07095e-05 0.000169302 0.00100015 0.00329673 0.0111926 0.0265751 0.0481071 0.783801 0.125847 
6.62323e-06 0.000190225 0.00208817 0.0105675 0.0247172 0.0509996 0.0756313 0.120248 0.123305 0.592247 
1.17954e-10 2.29653e-08 4.43167e-07 3.61933e-06 7.75266e-05 0.000490075 0.000410909 0.0062392 0.957382 0.0353958 
1.00511e-07 2.13396e-06 2.93131e-05 9.71387e-05 0.000719109 0.00389996 0.00847842 0.0250646 0.87669 0.0850195 
1.05924e-06 4.57149e-05 0.000479332 0.00248172 0.00575682 0.0139898 0.0309586 0.0601189 0.774814 0.111354 
6.01856e-07 1.62786e-05 0.000307132 0.00170379 0.00723188 0.0224114 0.0568107 0.109488 0.670662 0.131368 
6.93904e-06 0.00024685 0.0014361 0.00643986 0.0232757 0.0560176 0.591599 0.230583 0.062576 0.027819 
1.93792e-06 6.6487e-05 0.000843622 0.00437186 0.0138615 0.027693 0.0610305 0.104252 0.132649 0.65523 
0.0026469 0.0246865 0.0678164 0.487963 0.161956 0.205899 0.037884 0.00937361 0.00158025 0.000195346 
3.66688e-07 7.79001e-06 8.82305e-05 0.000466955 0.0021788 0.00785309 0.0234895 0.050384 0.79051 0.125022 
5.47936e-05 0.0012021 0.0114313 0.0374131 0.162002 0.382959 0.162255 0.129937 0.0794493 0.033296 
3.21192e-17 1.57613e-14 9.39043e-13 8.34064e-11 7.94039e-09 7.50899e-08 5.22638e-06 1.41847e-05 0.000288816 0.999692 
2.36638e-05 0.00102541 0.00612061 0.0221729 0.0686196 0.499161 0.15874 0.12994 0.0771541 0.0370423 
2.69494e-07 6.60238e-06 6.43813e-05 0.000509689 0.00249343 0.00961342 0.0253337 0.0651086 0.787444 0.109425 
2.56531e-39 9.62247e-35 5.10517e-31 2.34693e-26 2.83706e-22 1.25903e-19 4.26311e-15 1.8601e-10 5.76883e-05 0.999942 
6.40581e-05 0.00229945 0.00758788 0.0237599 0.0503518 0.3641 0.245376 0.163845 0.114407 0.0282081 
7.62999e-07 2.41724e-05 0.000272433 0.00180785 0.0069928 0.0211123 0.0637118 0.115959 0.652393 0.137725 
1.78874e-07 2.95956e-06 3.06787e-05 0.000110733 0.000780646 0.00556785 0.0131802 0.0322307 0.0722986 0.875797 
2.72281e-12 1.83849e-10 2.52246e-09 9.26384e-08 2.41435e-06 0.000242056 0.000214993 0.00398094 0.964195 0.0313642 
1.54581e-16 5.60034e-14 2.89934e-12 2.09719e-10 3.64953e-08 3.06688e-07 2.82786e-05 0.000512289 0.00604966 0.993409 
1.12835e-09 9.33224e-08 1.31207e-06 1.39406e-05 0.000267315 0.00157213 0.00471952 0.0261194 0.902985 0.0643207 
3.56856e-05 0.00147801 0.00712051 0.0283365 0.0607779 0.117925 0.14322 0.50847 0.098728 0.0339075 
9.4016e-19 2.31985e-16 3.8147e-15 1.12519e-13 3.06417e-11 1.55363e-10 1.31731e-09 6.25063e-08 5.89005e-05 0.999941 
4.16928e-05 0.00116185 0.00819349 0.295808 0.151328 0.154547 0.220436 0.0912654 0.0495276 0.0276914 
4.88559e-07 2.4557e-05 0.000252581 0.00132707 0.0027703 0.00589229 0.00849118 0.0306415 0.127413 0.823187 
2.16345e-08 4.03407e-07 4.68801e-06 2.31266e-05 0.000226182 0.00166442 0.00352501 0.0145264 0.910276 0.0697535 
1.38735e-07 2.70799e-06 2.49902e-05 0.000166932 0.000740391 0.00411903 0.00814588 0.0289198 0.584699 0.373181 
5.65052e-09 1.37404e-07 1.85202e-06 9.68471e-06 0.000119104 0.00100443 0.00164318 0.00868793 0.0215165 0.967017 
4.63678e-07 1.20253e-05 0.000164242 0.000936366 0.00466541 0.0129486 0.0340918 0.0677165 0.745074 0.13439 
0.0011948 0.0193801 0.220624 0.551699 0.118043 0.0639021 0.0185664 0.005331 0.00104375 0.000216747 
4.69948e-07 1.21242e-05 0.000115068 0.00101819 0.00287899 0.00845182 0.0187255 0.0388146 0.0797929 0.85019 
1.53601e-05 0.00111917 0.00404809 0.018422 0.0663512 0.133376 0.486915 0.153444 0.0920514 0.0442585 
6.53025e-06 0.000196286 0.000970741 0.00414305 0.015578 0.0848194 0.148307 0.152164 0.311717 0.282099 
2.42557e-07 6.00146e-06 7.9058e-05 0.000444224 0.00264954 0.00864088 0.0262636 0.119745 0.622746 0.219425 
1.16656e-09 3.12652e-08 4.50133e-07 2.73162e-06 2.81865e-05 0.00101914 0.00142752 0.00414664 0.0588228 0.934552 
1.28708e-07 2.81583e-06 3.28295e-05 0.000190011 0.00128513 0.022606 0.0524469 0.36087 0.495867 0.0666991 
1.91057e-07 4.95767e-06 6.9953e-05 0.000456599 0.00235743 0.0348938 0.120442 0.52302 0.257876 0.0608789 
4.87831e-07 1.47651e-05 0.00024928 0.00160157 0.00564066 0.0157702 0.0429094 0.694904 0.121953 0.116956 
5.23273e-06 0.000167774 0.000873949 0.00842026 0.0165081 0.0314572 0.0412561 0.0725553 0.102568 0.726188 
3.38335e-17 1.6907e-14 1.02164e-12 8.98804e-11 8.52111e-09 9.25135e-08 4.61724e-06 8.36715e-05 0.000304348 0.999607 
1.031e-08 1.76446e-07 1.95073e-06 1.0492e-05 0.000172171 0.00129006 0.002455 0.0120028 0.0385453 0.945522 
5.59281e-07 1.4686e-05 0.000166999 0.00109402 0.00379774 0.0113417 0.030028 0.0692419 0.751768 0.132547 
4.641e-08 6.53996e-07 5.41079e-06 2.17503e-05 0.00020102 0.000855327 0.00245689 0.00951257 0.0323593 0.954587 
3.9384e-06 0.000103489 0.000984114 0.00521432 0.0158429 0.0964916 0.564986 0.160227 0.115669 0.0404773 
7.12874e-07 3.78512e-05 0.000317082 0.00269457 0.00631276 0.014236 0.0300914 0.100363 0.194764 0.651182 
1.34307e-05 0.000691211 0.00249135 0.00996317 0.0299462 0.0608459 0.0963821 0.145432 0.569725 0.0845096 
3.11838e-18 1.67834e-15 1.25005e-13 9.93931e-12 1.34493e-09 1.81376e-08 2.57572e-06 0.000112658 0.00131485 0.99857 
2.07762e-05 0.0013592 0.00569619 0.0236628 0.0628433 0.429166 0.239608 0.140755 0.063992 0.0328973 
2.94074e-07 6.19506e-06 5.87773e-05 0.000466547 0.00217357 0.00899407 0.0173268 0.040511 0.820908 0.109554 
2.36541e-06 8.98034e-05 0.000807311 0.00464984 0.0105383 0.0226615 0.0446758 0.0840233 0.683013 0.149539 
2.72305e-05 0.00164577 0.00666592 0.0226767 0.0583248 0.108633 0.504948 0.148802 0.100069 0.0482072 
2.98211e-07 7.13047e-06 0.00017535 0.00079204 0.00404596 0.0113798 0.0350001 0.557679 0.0719793 0.318941 
6.84873e-09 1.1736e-07 1.35848e-06 6.49166e-06 0.000104711 0.00072048 0.00133489 0.00579384 0.0147211 0.977317 
8.38638e-07 3.07568e-05 0.000278017 0.00235851 0.00843762 0.0263703 0.0692278 0.123121 0.629427 0.140748 
1.09538e-05 0.000671521 0.00473933 0.0167894 0.201986 0.0507639 0.0621017 0.182217 0.0772501 0.403471 
3.36719e-16 1.69085e-13 1.03415e-11 9.13121e-10 9.00568e-08 9.90911e-07 7.45845e-05 0.00116339 0.00981944 0.988941 
1.37083e-06 6.57835e-05 0.000707864 0.00419304 0.0104594 0.022758 0.0519737 0.0956276 0.716319 0.0978945 
3.40373e-07 8.09395e-06 7.40078e-05 0.00068488 0.00184586 0.00476049 0.0116923 0.0248187 0.0553421 0.900773 
3.80221e-11 6.93408e-09 1.31828e-07 1.08549e-06 2.40691e-05 0.000155883 0.000496128 0.00588236 0.0224194 0.971021 
6.5771e-05 0.00188986 0.014179 0.0491607 0.422358 0.178253 0.154246 0.0966899 0.0591936 0.0239644 
3.0775e-25 2.07608e-21 2.61725e-18 2.78981e-14 7.57673e-13 5.27111e-10 8.69695e-06 0.000132771 0.00388171 0.995977 
1.1058e-07 2.46008e-06 3.18223e-05 0.000162292 0.000956787 0.00549857 0.0159283 0.037602 0.0827125 0.857105 
6.45359e-07 1.91309e-05 0.000173893 0.00145934 0.00472428 0.0140197 0.0341603 0.0807453 0.675626 0.189071 
2.18906e-10 3.40958e-08 6.33858e-07 5.42342e-06 0.000116265 0.000754978 0.00162075 0.00906725 0.0320106 0.956424 
1.15387e-08 2.00887e-07 2.25811e-06 9.66729e-06 0.000120225 0.000952906 0.00208456 0.00682454 0.0623904 0.927615 
7.30345e-08 1.85129e-06 2.40417e-05 0.00011503 0.000433725 0.0017047 0.00401562 0.00842133 0.0178197 0.967464 
1.47704e-05 0.000846174 0.00433402 0.0178059 0.17805 0.361519 0.233907 0.123795 0.0574669 0.0222604 
1.28598e-05 0.000324241 0.00199939 0.00845852 0.0264974 0.0593674 0.0769015 0.114046 0.108604 0.603789 
3.71909e-08 6.8962e-07 7.93244e-06 2.838e-05 0.000198592 0.001236 0.00215395 0.00618508 0.0121415 0.978048 
1.54136e-07 5.3274e-06 0.000145133 0.000656391 0.00444438 0.0119356 0.0357098 0.748852 0.111357 0.0868948 
1.28837e-05 0.000367485 0.00663726 0.0277321 0.459135 0.150068 0.133946 0.115454 0.0669983 0.0396487 
5.6186e-06 0.000155667 0.00206483 0.00865533 0.0237097 0.0535532 0.0916434 0.613488 0.123999 0.0827258 
1.0521e-10 1.73294e-08 3.25563e-07 2.77857e-06 5.97164e-05 0.000481236 0.00106673 0.00803005 0.0255117 0.964847 
9.12571e-07 3.69138e-05 0.000451428 0.00207803 0.00496194 0.0114795 0.0189769 0.0499826 0.789425 0.122607 
2.77797e-09 5.20578e-08 8.36549e-07 2.76335e-06 2.4046e-05 0.000223931 0.001976 0.179793 0.803205 0.0147743 
1.76532e-06 6.71294e-05 0.000741406 0.00455653 0.0157874 0.386274 0.350404 0.0913385 0.0826978 0.0681322 
1.73108e-06 3.56078e-05 0.000547247 0.00165394 0.00655652 0.0315304 0.091103 0.407448 0.321824 0.1393 
1.061e-12 7.33315e-11 8.26236e-10 1.51869e-08 9.35495e-07 1.0969e-05 9.64883e-05 0.00147006 0.00414352 0.994278 
1.36144e-05 0.000865165 0.00315807 0.0134256 0.0417242 0.463821 0.145102 0.166122 0.115666 0.0501031 
8.4422e-07 2.88748e-05 0.000311339 0.00234841 0.00683989 0.0181173 0.0484495 0.626713 0.140184 0.157007 
1.28586e-06 7.23503e-05 0.000433647 0.00536969 0.010026 0.0175003 0.0230742 0.0422648 0.0691215 0.832136 
4.43468e-07 1.11577e-05 0.000109078 0.000906138 0.00396503 0.0131424 0.0452629 0.08506 0.723388 0.128154 
2.99882e-06 0.000138055 0.00120622 0.00828972 0.0184079 0.0361692 0.0619632 0.115391 0.644778 0.113653 
5.81951e-09 1.17219e-07 3.15807e-06 1.27658e-05 8.04616e-05 0.000388784 0.000872277 0.0039112 0.657266 0.337466 
6.041e-07 2.45276e-05 0.000231541 0.00133736 0.00441037 0.013035 0.028674 0.0535372 0.0981712 0.800578 
3.75745e-07 1.02861e-05 0.000186709 0.000933405 0.00370417 0.00957578 0.0275828 0.0495985 0.07516 0.833248 
2.19035e-06 0.000112007 0.00104924 0.0071077 0.0181683 0.0409726 0.0913023 0.592092 0.130354 0.118839 
8.15978e-06 0.00018091 0.00172583 0.00909964 0.0233297 0.0590678 0.0845019 0.123703 0.622536 0.0758476 
8.3649e-08 2.3493e-06 2.18706e-05 0.000216055 0.000606872 0.00178789 0.00429498 0.0112791 0.0240217 0.957769 
2.62103e-05 0.00115789 0.0111023 0.0375855 0.0953602 0.445579 0.162356 0.132009 0.0816043 0.0332193 
1.11967e-05 0.0008802 0.00247581 0.0122066 0.0367448 0.0768743 0.38695 0.390265 0.0656165 0.0279754 
2.19593e-13 4.33364e-11 8.38425e-10 6.73954e-09 1.48634e-07 5.03618e-07 1.3957e-05 0.000519258 0.0064735 0.992993 
6.06051e-09 3.68082e-07 3.6213e-06 4.09604e-05 0.00056348 0.0026123 0.0084145 0.024915 0.0548649 0.908585 
0.00540248 0.243202 0.100063 0.140734 0.170038 0.148592 0.0890285 0.0518249 0.0313186 0.0197968 
4.27493e-07 1.54893e-05 0.00014372 0.00116668 0.00327114 0.00859297 0.0998322 0.164397 0.227344 0.495236 
0.000263337 0.0128728 0.033634 0.0759509 0.177918 0.456975 0.182448 0.0335316 0.0170749 0.00933129 
2.12176e-07 4.04904e-06 4.21042e-05 0.000230121 0.00133782 0.00664114 0.0155006 0.0369573 0.0786012 0.860685 
2.03939e-05 0.00216934 0.00355403 0.00836206 0.0151075 0.0249632 0.0296613 0.0874471 0.347674 0.48104 
2.31112e-06 9.95557e-05 0.000969509 0.00659817 0.0153693 0.0329841 0.0544544 0.0950959 0.107465 0.686962 
8.04744e-05 0.00180548 0.0126337 0.0804529 0.446363 0.170606 0.13235 0.0881289 0.0480731 0.0195066 
8.21683e-06 0.00029058 0.00189675 0.0125638 0.034051 0.0736422 0.106942 0.619841 0.0977838 0.0529805 
3.76637e-05 0.00138639 0.00578237 0.0232501 0.290654 0.359708 0.129801 0.103918 0.0588134 0.0266498 
6.84747e-06 0.000490957 0.037263 0.193021 0.151964 0.225752 0.154744 0.114612 0.0775954 0.0445506 
3.96313e-06 0.000199875 0.00174581 0.00779402 0.0203699 0.177778 0.117322 0.251058 0.0739241 0.349805 
2.86836e-06 0.000133398 0.00119581 0.0084749 0.0204795 0.042413 0.0843183 0.56739 0.143445 0.132147 
6.29265e-09 1.40641e-07 2.17656e-06 7.87458e-06 3.82528e-05 0.000455212 0.000817792 0.00168611 0.00423948 0.992753 
3.51432e-06 0.000101257 0.00105331 0.00612587 0.0162406 0.0357474 0.0575732 0.750808 0.0829252 0.0494214 
5.59869e-08 1.50554e-06 1.59554e-05 0.000117546 0.000313051 0.000717592 0.0015512 0.00241536 0.00502867 0.989839 
1.63725e-06 5.61932e-05 0.00049392 0.0032651 0.0100419 0.0227219 0.0552267 0.640424 0.132056 0.135713 
1.094e-07 2.00046e-06 1.80874e-05 0.000124106 0.000573962 0.00191984 0.0050767 0.0136398 0.934644 0.0440017 
2.29851e-07 4.85672e-06 4.99403e-05 0.000312271 0.00147199 0.00657295 0.0187911 0.0525084 0.778556 0.141733 
1.07843e-07 1.83227e-06 2.55578e-05 9.00805e-05 0.000463209 0.00282566 0.00732043 0.0147635 0.474097 0.500412 
7.05648e-06 0.00013764 0.0012867 0.00494423 0.0170752 0.0473485 0.0780529 0.128737 0.654305 0.0681058 
1.25189e-06 5.50904e-05 0.000572619 0.00309664 0.00865602 0.02168 0.0540896 0.628357 0.141396 0.142096 
1.68501e-08 2.37169e-07 2.15166e-06 8.72891e-06 0.000109973 0.000809442 0.00136015 0.00548569 0.0116803 0.980543 
8.43191e-07 4.52796e-05 0.000372864 0.00315476 0.00722964 0.0141531 0.0277837 0.722284 0.134537 0.0904392 
8.31107e-13 1.61313e-11 2.61901e-10 1.10308e-09 1.51489e-08 3.59319e-07 3.96356e-06 0.000170382 0.00310728 0.996718 
1.62368e-06 4.57763e-05 0.000637731 0.00158555 0.00691789 0.0192879 0.0865773 0.36979 0.415144 0.100012 
3.19215e-29 1.6218e-25 1.72741e-22 1.69713e-18 5.03441e-17 3.23916e-14 3.5689e-10 5.34787e-07 0.000156985 0.999842 
8.03775e-06 0.00047245 0.00216339 0.00774177 0.0440823 0.452525 0.316684 0.0690492 0.0896527 0.0176206 
0.022211 0.10581 0.20326 0.474549 0.103111 0.0636528 0.0151666 0.0102179 0.00166089 0.000361484 
1.15137e-05 0.000312159 0.00395314 0.0189937 0.0541907 0.444812 0.164946 0.164008 0.102658 0.0461163 
1.39877e-05 0.00126661 0.00471503 0.0161567 0.0394789 0.0893269 0.548602 0.140682 0.111144 0.0486134 
2.40103e-07 5.76044e-06 9.06924e-05 0.00030017 0.00128675 0.00520979 0.0152673 0.031135 0.0540456 0.892659 
7.31067e-07 2.10918e-05 0.000333345 0.00106595 0.00544452 0.0114243 0.026253 0.0521449 0.7931 0.110212 
3.57495e-07 9.55394e-06 0.000131473 0.000689505 0.00535942 0.0151572 0.0409909 0.662656 0.141056 0.13395 
2.26282e-10 9.32833e-09 1.72331e-07 5.57364e-07 7.02232e-06 7.50024e-06 7.37737e-05 0.000921032 0.00607203 0.992918 
6.05393e-07 2.3213e-05 0.000296203 0.00193468 0.00785387 0.0266956 0.589846 0.119364 0.143757 0.11023 
0.000150921 0.00547558 0.0218831 0.0626868 0.270812 0.291321 0.07027 0.0511715 0.0696443 0.156585 
1.45242e-05 0.00130928 0.00449034 0.0194661 0.0619912 0.539526 0.13978 0.124859 0.0768866 0.0316773 
4.97804e-06 0.000145406 0.000736246 0.00326533 0.0148726 0.0261708 0.0456339 0.0933765 0.673932 0.141862 
7.04206e-07 2.52611e-05 0.00027462 0.00188104 0.00548677 0.0146234 0.029952 0.0499909 0.0801118 0.817654 
1.85826e-05 0.000778227 0.00527339 0.0305734 0.111156 0.618342 0.115654 0.0614726 0.0482966 0.00843589 
1.62573e-08 4.04539e-07 5.36853e-06 3.54052e-05 0.000564051 0.00309359 0.19252 0.183005 0.529439 0.0913372 
4.02966e-07 8.62827e-06 0.000105152 0.000543055 0.00194937 0.00762563 0.0179179 0.0446163 0.780577 0.146656 
3.40847e-10 4.66859e-08 8.84276e-07 7.24566e-06 0.000272746 0.00131425 0.00427387 0.023619 0.0491758 0.921336 
1.94397e-07 3.36742e-06 3.29998e-05 0.00014687 0.00116007 0.00608094 0.0111599 0.0387226 0.828088 0.114605 
0.000100961 0.00393433 0.0176623 0.0577637 0.137647 0.454144 0.143112 0.100652 0.0590956 0.0258887 
3.61771e-07 9.48716e-06 0.000127241 0.000505917 0.00466202 0.0162434 0.0503422 0.690716 0.124669 0.112724 
2.65418e-12 1.43644e-10 1.28932e-09 1.91908e-08 1.00139e-07 7.78848e-07 0.000186965 0.00322772 0.992897 0.00368783 
1.11979e-05 0.000676906 0.00248905 0.0149913 0.0304586 0.0519499 0.0606143 0.08514 0.0504834 0.703185 
1.6255e-08 2.42885e-07 3.59818e-06 2.28267e-05 0.000241894 0.0015359 0.00286482 0.00958445 0.67575 0.309996 
5.48477e-06 0.00018919 0.00310448 0.0110489 0.029211 0.0567327 0.381032 0.393912 0.0712028 0.0535615 
1.57848e-13 1.074e-11 1.27597e-10 3.27139e-09 4.56738e-07 2.32118e-06 0.000130508 0.0024709 0.705909 0.291487 
1.48909e-06 5.41392e-05 0.000773784 0.0032548 0.0117299 0.0295461 0.630236 0.1222 0.10715 0.0950529 
2.054e-08 5.21007e-07 7.43295e-06 3.23106e-05 0.000371676 0.0021657 0.00801812 0.0175707 0.0407406 0.931093 
0.000301037 0.00613126 0.0516995 0.101829 0.369532 0.223405 0.0885282 0.0400996 0.0602835 0.0581912 
2.18273e-05 0.000862624 0.00606139 0.0254343 0.0568551 0.113611 0.129062 0.127428 0.505292 0.0353722 
1.38254e-11 2.74665e-09 5.31676e-08 4.23086e-07 8.99677e-06 2.10736e-05 9.17715e-05 0.00179901 0.992258 0.00582078 
3.20049e-08 5.93695e-07 6.35241e-06 3.37654e-05 0.000411433 0.00240208 0.00895949 0.0341751 0.886043 0.0679686 
1.58183e-10 3.10954e-08 6.00912e-07 4.85266e-06 0.000104092 0.000491131 0.000371617 0.00461761 0.0192045 0.975206 
3.29303e-07 9.23079e-06 9.76906e-05 0.000776622 0.00232683 0.00612377 0.0150952 0.0255048 0.877971 0.0720942 
9.2516e-07 3.47022e-05 0.000389283 0.00292543 0.0072023 0.0167563 0.0359824 0.0625119 0.0959896 0.778207 
1.86718e-05 0.00119954 0.00482996 0.0186617 0.0438967 0.0939995 0.541857 0.148167 0.106961 0.0404085 
4.11116e-07 1.51285e-05 0.000250874 0.00145089 0.00568739 0.020462 0.0603615 0.714362 0.106496 0.0909142 
