2472
4.87874e-15 1.51202e-12 2.54321e-09 4.55723e-08 1.01304e-07 1.25662e-06 9.80224e-07 7.34603e-07 2.58829e-06 5.53756e-06 4.3432e-06 1.55884e-05 4.94257e-06 4.43494e-05 0.000108639 4.55946e-05 2.08829e-05 4.71677e-05 2.40488e-05 8.23541e-06 7.1293e-06 1.95887e-05 3.50947e-05 3.58792e-05 0.999567 
4.08535e-05 0.00160899 0.0170227 0.533107 0.0252202 0.0172581 0.0274351 0.0292755 0.0265733 0.0406513 0.0368067 0.0290443 0.033687 0.0302368 0.0194146 0.0249564 0.022125 0.0115402 0.0130222 0.00858842 0.0160929 0.00602751 0.0151156 0.00624926 0.00889979 
8.11744e-07 7.76271e-05 0.000499823 0.0023717 0.00706356 0.015386 0.0147884 0.0130119 0.0156449 0.0213373 0.0322881 0.0314128 0.0252806 0.0257799 0.0199957 0.0269151 0.0190007 0.025649 0.0139524 0.0185493 0.0165811 0.00649478 0.0222221 0.0239567 0.60174 
6.39838e-12 1.41998e-11 5.88347e-06 9.16102e-05 0.000113593 0.000405782 0.000936869 0.0029747 0.00242298 0.00361244 0.00459796 0.00372966 0.00413888 0.00906583 0.00855118 0.897425 0.0111141 0.00946767 0.00633231 0.0063144 0.0063175 0.00416155 0.00437214 0.00959922 0.00424875 
2.99396e-13 2.46582e-11 1.74483e-07 1.90958e-06 1.04278e-05 1.14562e-05 0.000587945 0.000119753 0.000541087 0.000515649 0.000505946 0.000658633 0.000557237 0.00230707 0.000816585 0.000957856 0.000988505 0.00133724 0.00423041 0.0009965 0.0019129 0.000739825 0.974474 0.00751646 0.000212904 
3.44756e-07 0.0002374 0.00176808 0.00560005 0.00881986 0.0600362 0.514457 0.0643173 0.0140094 0.0275862 0.0449783 0.0351951 0.0156274 0.0131903 0.0121474 0.0152343 0.0109275 0.0125873 0.0341945 0.00653994 0.0335457 0.0544569 0.00594563 0.00574236 0.00285589 
1.02051e-06 0.000776336 0.00344846 0.0143101 0.0200255 0.0179185 0.0221206 0.0241337 0.0223082 0.0396349 0.589835 0.0308695 0.0321063 0.0324135 0.0227936 0.0235457 0.0203855 0.0188084 0.0115988 0.00935398 0.0108133 0.00735896 0.0106826 0.0083029 0.00645479 
1.85961e-17 2.64122e-15 4.82002e-14 5.887e-08 1.21668e-07 9.20605e-07 2.42219e-05 3.88444e-05 0.000372299 0.000548473 0.000809264 0.000810903 0.000830249 0.00208679 0.00141943 0.00152677 0.00162283 0.00196662 0.00243855 0.00153558 0.00105655 0.964058 0.0114918 0.00676421 0.000597933 
2.982e-11 6.47343e-11 2.75036e-05 0.000248839 0.000360214 0.00167719 0.889717 0.0212239 0.00691753 0.00982208 0.00388993 0.00296043 0.00248054 0.00308745 0.0115768 0.0231689 0.00482958 0.00763834 0.00360181 0.00138921 0.00265006 0.000294034 0.000987148 0.000711889 0.000739263 
0 0 0 0 0 0 0 1.99332e-15 1.23023e-09 3.22174e-14 6.98097e-10 1.04278e-07 6.61456e-07 3.84028e-06 1.96804e-05 5.45046e-05 3.50514e-05 6.88756e-05 0.00035474 0.988148 0.0033229 0.00154448 0.00336838 0.00293619 0.000142924 
3.1792e-14 6.37986e-11 1.76832e-10 1.163e-09 1.41464e-09 2.76878e-09 1.06169e-08 1.57076e-08 2.25048e-08 2.72292e-08 2.9356e-08 2.34361e-06 2.03492e-07 2.42301e-05 3.27936e-05 7.88296e-05 9.12246e-06 0.000121808 5.75816e-05 0.000165105 0.000232857 0.00229776 0.985738 0.00617271 0.0050667 
0.000188582 0.00281279 0.0102804 0.0108959 0.0118992 0.0164484 0.0504427 0.35736 0.30939 0.0180335 0.0315198 0.0180389 0.0234953 0.0276154 0.0113976 0.0150198 0.0146699 0.0115342 0.0054173 0.017474 0.00935475 0.00591253 0.00697172 0.00414468 0.00968247 
0.000353824 0.00692635 0.0247957 0.0283319 0.0350809 0.0276253 0.0328743 0.0361686 0.0403576 0.0575728 0.0643945 0.0465182 0.0591106 0.052355 0.0275613 0.027868 0.0366067 0.0259509 0.0172208 0.013584 0.0222372 0.27783 0.0207114 0.00904603 0.0089184 
1.03623e-06 7.54172e-05 0.000693136 0.0026588 0.00500386 0.00882238 0.018093 0.00530055 0.00501479 0.0112946 0.0162708 0.0128188 0.0100816 0.0169055 0.00612469 0.00828588 0.011362 0.019939 0.0197414 0.0107832 0.77778 0.0117759 0.0118622 0.00745697 0.00185476 
1.84229e-11 3.11941e-08 2.74169e-06 2.20623e-06 1.47951e-06 2.38731e-05 0.000400102 0.000106643 0.000517099 0.000783942 0.00112866 0.00199416 0.000933169 0.00233338 0.00158569 0.00170377 0.0018153 0.00488876 0.962621 0.00389404 0.00417494 0.00274503 0.00296979 0.00472946 0.00064496 
0 0 0 0 0 0 0 0 0 0 0 0 0 0 0 0 0 0 0 1.76663e-05 8.39895e-05 0.000139656 0.000197486 0.00051411 0.999047 
4.41577e-20 6.26926e-18 1.14458e-16 6.21614e-10 7.28813e-10 1.57539e-08 4.19942e-08 2.91687e-06 1.92332e-05 4.16108e-05 0.000226105 2.97309e-05 0.000467104 0.000734201 0.0029322 0.959122 0.0133359 0.00541564 0.00107405 0.00215015 0.000732666 0.00238789 0.000967901 0.00797752 0.00238318 
1.06994e-16 1.38593e-14 9.01984e-12 5.96945e-06 9.80012e-07 0.000120329 0.000374697 0.0022326 0.00176024 0.00289036 0.00328884 0.00295719 0.00375959 0.00611964 0.00714904 0.916901 0.00987556 0.0085002 0.00526572 0.00587035 0.00407005 0.00239485 0.00349368 0.00926936 0.00369996 
3.05023e-12 7.42974e-12 2.81027e-06 1.92541e-05 2.86411e-05 0.000100102 5.68407e-05 8.76658e-06 1.04816e-05 0.000310437 0.000332151 0.000782519 0.000625631 0.00150501 0.00564609 0.956801 0.00491595 0.00755205 0.00127887 0.000736472 0.00150523 0.000988241 0.00218491 0.0116515 0.00295697 
0 0 0 0 0 0 0 0 0 0 7.88132e-16 1.01552e-13 6.11311e-13 8.35035e-13 5.47397e-12 1.85086e-11 3.50234e-10 3.60056e-08 2.00835e-08 1.62301e-08 1.21656e-06 4.75386e-08 1.0716e-07 0.988895 0.0111033 
2.89111e-06 0.000137346 0.00148942 0.00232689 0.00393328 0.00644002 0.00944281 0.00673937 0.00618965 0.00959384 0.00975312 0.0128193 0.0175752 0.0158712 0.0115138 0.0139211 0.0152412 0.719177 0.0356659 0.02471 0.018774 0.0228584 0.0135627 0.0188271 0.00343463 
5.93889e-14 1.41752e-12 2.74215e-08 2.43248e-05 6.83134e-05 0.000114495 0.000459359 0.000575946 0.000754185 0.00106033 0.00115563 0.00102788 0.00115833 0.00276199 0.0018165 0.00209477 0.00187719 0.00240864 0.00312964 0.00211086 0.0014773 0.00494453 0.964382 0.00592745 0.000670195 
0.000289247 0.00592091 0.023665 0.0338558 0.0288467 0.02186 0.02678 0.0336793 0.0347678 0.0497239 0.0533691 0.0518072 0.0509598 0.040493 0.0262381 0.032012 0.0293488 0.0204145 0.0158837 0.0118642 0.0233967 0.0118979 0.0227683 0.334899 0.0152589 
1.1117e-11 2.53377e-11 1.02349e-05 0.000256264 0.000339441 0.000695255 0.00219434 0.00384228 0.00362992 0.00507842 0.00564193 0.717376 0.00818842 0.0088256 0.191255 0.00956716 0.00688256 0.00616156 0.00478139 0.00387591 0.00381287 0.00209329 0.00491785 0.00845603 0.00211896 
4.03664e-16 5.73311e-14 1.04628e-12 1.19476e-05 6.98254e-06 1.64098e-05 0.000270906 0.00147155 0.00141502 0.00254115 0.00245062 0.00239637 0.00310781 0.00534529 0.00505813 0.0065699 0.921141 0.0125406 0.00583302 0.00584386 0.00418485 0.00321793 0.00424669 0.00800202 0.0043282 
5.32639e-10 3.01581e-06 0.000225828 0.00150126 0.00241392 0.00525748 0.00904018 0.00793482 0.0107799 0.0127576 0.0176144 0.830303 0.0127439 0.00988773 0.0103585 0.0136525 0.00824927 0.0113749 0.00585348 0.0065331 0.00549215 0.00296274 0.00659311 0.00554193 0.00292496 
1.7088e-08 9.12715e-06 7.12034e-05 4.11672e-05 0.000102651 0.000268916 0.00157787 0.000609154 0.00146583 0.00193572 0.00212217 0.00171322 0.00209068 0.00459777 0.00290835 0.00393579 0.00203904 0.0060547 0.926942 0.0131293 0.00967812 0.00363596 0.00742675 0.00696291 0.000681726 
2.72766e-06 0.000231124 0.00137302 0.00221184 0.00518617 0.00741377 0.015336 0.00535203 0.00554035 0.00900882 0.0115308 0.0157106 0.0178559 0.0204209 0.00889953 0.00912066 0.0126424 0.0819925 0.0251347 0.0110188 0.0137246 0.0187094 0.684286 0.0144871 0.0028104 
8.32692e-12 2.0976e-10 1.97814e-06 1.12979e-05 9.74676e-05 0.000123049 0.000362029 0.000231503 0.000732358 0.000542575 0.000893423 0.00090081 0.00107265 0.00297662 0.00152145 0.00141969 0.00160407 0.00190852 0.0053724 0.00268941 0.00329445 0.00380883 0.951603 0.00914503 0.0096874 
2.09918e-11 6.05503e-11 1.89598e-05 0.000315325 0.000375548 0.0012626 0.0038029 0.00523608 0.00681126 0.00786562 0.894079 0.00685414 0.00503911 0.00817161 0.00801278 0.0106148 0.00665415 0.00630913 0.00373497 0.00578344 0.003273 0.0023087 0.00376591 0.00452295 0.00518832 
1.69878e-06 5.63372e-05 0.000703435 0.000610301 0.000696883 0.00102534 0.00401012 0.00312551 0.00332707 0.00370106 0.00351988 0.00591012 0.0104272 0.00866571 0.00566597 0.00662627 0.00659354 0.0623769 0.0198721 0.0129664 0.80372 0.0190285 0.00715969 0.00872127 0.00148853 
2.8415e-06 0.00261443 0.0248867 0.19172 0.055268 0.0352927 0.306446 0.0504571 0.0314147 0.0894159 0.0260153 0.0151193 0.0202272 0.0302013 0.0212551 0.0134631 0.00999079 0.0251615 0.00976326 0.00441341 0.00861223 0.0106511 0.00822296 0.00657724 0.0028075 
2.55164e-12 7.25359e-12 2.29559e-06 6.80624e-06 9.11292e-06 6.10926e-05 0.000867993 0.000227481 0.000842568 0.000994132 0.00146398 0.00111297 0.000974085 0.00404129 0.00193208 0.00201708 0.00182158 0.00239432 0.00930324 0.955356 0.00452453 0.00237285 0.00188402 0.00714669 0.000643531 
2.46665e-13 1.01377e-10 2.13521e-07 2.86626e-06 5.24007e-06 0.00017095 0.000670112 0.0025897 0.00216785 0.00320381 0.00411534 0.00370298 0.00433413 0.00630818 0.920811 0.0115058 0.00712897 0.00766588 0.00594843 0.0039934 0.0040066 0.00225117 0.00356004 0.0022954 0.00356181 
8.07107e-07 0.000181901 0.00296584 0.0108806 0.0182594 0.0237371 0.0237622 0.0217739 0.0248976 0.59831 0.0298749 0.0234547 0.0264805 0.0289596 0.0221042 0.023708 0.0175375 0.0216707 0.0187133 0.0111608 0.0140071 0.00616383 0.00991305 0.0087338 0.0127483 
3.17646e-11 6.17973e-08 9.44115e-07 0.000107732 9.66232e-05 0.000372723 0.00192753 0.00432624 0.00468653 0.00630253 0.00525596 0.00648397 0.00506838 0.0102667 0.0102968 0.013865 0.00978504 0.00841781 0.00639886 0.00554947 0.00958649 0.00932016 0.858024 0.010766 0.0130948 
3.15553e-09 2.27998e-07 4.52625e-06 9.2387e-06 3.26873e-05 1.93827e-05 3.49072e-05 0.000113352 7.48327e-05 3.57125e-05 5.49859e-05 0.000341636 2.34694e-05 0.000107525 0.000151474 0.000332884 0.000175379 0.000355169 8.58029e-05 0.000562523 0.000135794 0.000668409 0.98881 0.00738194 0.000487869 
3.64532e-07 0.000154739 0.0014098 0.0831342 0.007887 0.0106429 0.0112578 0.0774847 0.0127742 0.0650313 0.0893482 0.0191374 0.0167307 0.0153315 0.0638195 0.0122936 0.00880132 0.0144205 0.452781 0.00851361 0.00957428 0.00441416 0.00684551 0.00542767 0.00278432 
3.31704e-11 6.08492e-08 2.79024e-06 2.63057e-05 1.07646e-05 4.18514e-05 0.000610345 0.000133575 0.000634697 0.000891843 0.00133708 0.0031389 0.00099676 0.00321803 0.00182812 0.00192648 0.0018675 0.0024115 0.0059876 0.00166466 0.00231129 0.949841 0.0122846 0.0077887 0.00104584 
1.58693e-16 2.25157e-14 4.11357e-13 9.98087e-06 1.61304e-06 1.6974e-05 0.000249716 0.000569419 0.00143802 0.00176805 0.00208258 0.00357234 0.958277 0.00431852 0.0033279 0.00378901 0.00222775 0.00154403 0.00188256 0.000760384 0.000347848 0.000992438 0.00185347 0.00913142 0.00183918 
1.95108e-20 2.77017e-18 5.05726e-17 9.07281e-12 2.14447e-10 5.93153e-08 1.02478e-07 8.86494e-06 1.92798e-05 0.000223744 0.000241026 0.000482034 0.000620745 0.00150657 0.00116395 0.00105868 0.00495595 0.964862 0.0101096 0.00129891 0.00276901 0.00231328 0.00206607 0.00431256 0.00198714 
2.14859e-11 8.72352e-11 2.101e-05 2.37668e-05 4.42569e-05 0.000193906 0.00117437 0.000466967 0.00119408 0.00121629 0.00162829 0.00120171 0.00122743 0.00435794 0.00202837 0.00257247 0.00186537 0.00269867 0.00653897 0.939708 0.0188215 0.00282747 0.00745928 0.00158324 0.00114632 
1.79257e-13 2.58666e-12 1.09527e-07 3.11156e-05 3.44982e-05 0.000300535 0.00145161 0.00391701 0.00351009 0.00539967 0.00508283 0.00400919 0.0045946 0.0107991 0.010307 0.889645 0.0130732 0.0106165 0.0050387 0.00632743 0.0060708 0.00458144 0.00320982 0.00791705 0.00408297 
2.35132e-13 9.66861e-13 2.08525e-07 2.31313e-06 2.0887e-05 0.000257355 0.0010827 0.00371843 0.00308453 0.00449832 0.00486222 0.00377327 0.00446545 0.00932205 0.00864453 0.0118149 0.889775 0.0151187 0.0057908 0.00644204 0.00563377 0.00454359 0.00505712 0.00698915 0.00510238 
0 0 0 0 0 0 1.70225e-06 2.57839e-05 7.88702e-05 0.000152915 0.000226806 0.000357578 0.000408694 0.000556877 0.000444619 0.000600176 0.000599509 0.000767357 0.000396547 0.000667536 0.000924182 0.000915088 0.00146231 0.00104957 0.990364 
9.9619e-33 2.03907e-32 2.77456e-29 6.95574e-27 5.14969e-23 4.42622e-19 1.18379e-14 3.03138e-13 2.61016e-09 3.19117e-12 1.52145e-08 2.57776e-07 1.43158e-06 4.11303e-06 5.5049e-05 0.00232593 0.963961 0.0176446 0.0026991 0.000952144 0.00028313 0.000455332 0.00200646 0.00659765 0.00301398 
2.78345e-05 0.00940106 0.0293464 0.0257122 0.018291 0.0139329 0.0233306 0.0227144 0.0245278 0.443436 0.0371483 0.0499697 0.0396962 0.0310627 0.0263755 0.0360037 0.0316299 0.0193591 0.0220068 0.0117013 0.0288706 0.0186578 0.0190543 0.00758076 0.0101634 
3.46972e-12 7.81353e-12 3.18552e-06 1.8707e-05 7.48952e-06 4.05965e-05 0.000647939 0.000132724 0.000650176 0.000954234 0.00138872 0.000932181 0.000958724 0.00344345 0.00181769 0.00196021 0.00181552 0.00235296 0.00537425 0.00200616 0.964755 0.00159977 0.0066333 0.00119655 0.00131054 
3.539e-12 2.20112e-10 2.92522e-06 2.08387e-05 7.19634e-05 0.000228808 0.00146363 0.000459901 0.00144908 0.00141328 0.00207481 0.00127481 0.0018315 0.00455718 0.00204976 0.00289934 0.00188323 0.00268214 0.00637435 0.00176705 0.959618 0.00179789 0.00412739 0.000978212 0.000973685 
1.39654e-06 0.000214101 0.00336478 0.0111073 0.019032 0.0245071 0.025962 0.615393 0.0233411 0.0326042 0.0296309 0.0228085 0.0256562 0.0233217 0.0218042 0.0207178 0.0160577 0.0221808 0.0102146 0.009685 0.0111222 0.00737931 0.0107958 0.00820336 0.00489476 
3.75132e-12 1.14325e-11 3.37673e-06 0.000125334 0.000104129 0.000417947 0.00204469 0.00430092 0.00455224 0.00591902 0.00520142 0.00460194 0.0100302 0.0101338 0.0130455 0.0175628 0.016062 0.0159464 0.00585191 0.00578131 0.00692244 0.00462647 0.0108709 0.841009 0.0148858 
5.09498e-08 5.37022e-06 5.69318e-05 2.33233e-05 4.10704e-05 4.98598e-05 0.000713919 0.000190049 0.000617988 0.000945054 0.000638171 0.0011016 0.000890902 0.00251017 0.00161704 0.00188402 0.00120563 0.00397741 0.00826407 0.00703865 0.00510648 0.00395982 0.946658 0.00963401 0.00287066 
1.05374e-09 1.9801e-06 2.80912e-05 1.15665e-05 1.44126e-05 2.85598e-05 0.000157264 4.00263e-05 8.22572e-05 0.000147078 0.000264019 0.00181434 0.000518302 0.000936476 0.000538234 0.000495256 0.000601555 0.00105234 0.00281399 0.00148322 0.00103347 0.0025505 0.977201 0.00736612 0.000819643 
3.24666e-07 0.000184582 0.000257755 0.000334293 0.000364799 0.000498276 0.000551174 0.000585065 0.000752722 0.00131998 0.000655575 0.000743149 0.00109049 0.00194604 0.963129 0.00600839 0.00274006 0.00520376 0.00136823 0.00134856 0.000584832 0.00159092 0.00273091 0.00405646 0.00195441 
1.40908e-05 0.000709858 0.00577846 0.00997755 0.0142567 0.0158296 0.0209445 0.0209955 0.159709 0.149232 0.0383446 0.259476 0.0376186 0.0313383 0.02341 0.0206525 0.020375 0.0853277 0.0196291 0.0131301 0.0127228 0.0119935 0.0119693 0.0101589 0.00640718 
2.94394e-12 6.90008e-11 8.51745e-07 6.62786e-05 8.39338e-05 0.000157037 0.000542765 0.000762106 0.00121678 0.00160101 0.00167861 0.00174381 0.00250876 0.00472211 0.899973 0.0282433 0.0087998 0.00695908 0.00512928 0.00551041 0.00479016 0.00289696 0.00306555 0.0146926 0.00485601 
8.25518e-07 3.12096e-05 0.000337546 0.000375358 0.000470257 0.000895205 0.00287712 0.00130713 0.00159467 0.00238618 0.00308973 0.00367341 0.00521924 0.00606329 0.00364319 0.00361935 0.00430855 0.0282492 0.0129941 0.884446 0.0119885 0.00794504 0.00840768 0.00469342 0.00138383 
8.44775e-12 1.19667e-10 4.65761e-06 9.92696e-05 0.000103961 0.000192279 0.000676862 0.00047223 0.00061762 0.00186761 0.00189327 0.00124042 0.00356667 0.93331 0.0101097 0.0063824 0.00544917 0.00657633 0.00668149 0.00291642 0.00296676 0.00164387 0.00903572 0.00114697 0.00304649 
3.77302e-12 1.75812e-10 2.973e-06 2.1256e-05 6.51416e-05 0.000225142 0.00119349 0.000439901 0.00126546 0.00122309 0.00170257 0.00118833 0.00135985 0.00450687 0.00206207 0.00277231 0.00190176 0.00260196 0.00638654 0.00163402 0.961777 0.00171355 0.0039603 0.000985856 0.0010107 
0 0 0 0 0 0 0 0 0 0 0 0 0 0 0 9.50555e-06 6.62304e-05 0.000127935 0.000124772 0.000348891 0.000495789 0.000626314 0.00087538 0.00130138 0.996024 
8.7279e-07 2.91339e-05 0.000466058 0.000304075 0.000371972 0.000569513 0.00243836 0.00178734 0.00256657 0.00297189 0.00285898 0.0038588 0.00610482 0.00637932 0.00468609 0.00472208 0.00446186 0.0346282 0.863075 0.016072 0.0126801 0.0120013 0.00483921 0.0111197 0.00100667 
7.23542e-20 1.02762e-17 1.87539e-16 2.03596e-11 2.15427e-10 3.82011e-07 5.46171e-07 5.28378e-05 6.77616e-05 0.000292082 0.000490662 0.000889227 0.000836637 0.00151835 0.00118298 0.00127088 0.00114611 0.00151106 0.00193311 0.00145302 0.00148422 0.00267861 0.9686 0.00624523 0.00834611 
5.89277e-12 1.66302e-11 5.3142e-06 0.000207046 0.000118468 0.000457255 0.001144 0.00340895 0.0033444 0.00479207 0.00536764 0.00413427 0.00463704 0.0108147 0.905536 0.0123894 0.00705288 0.00864257 0.00549039 0.00457949 0.0060986 0.00270789 0.00335556 0.00221831 0.00349747 
0 0 0 0 0 0 0 0 5.49592e-33 2.29799e-32 6.1143e-10 1.15575e-08 4.40404e-08 8.07108e-07 2.71353e-05 4.38204e-05 6.81576e-05 0.00010612 2.00152e-05 0.000230995 0.000467867 0.000604772 0.000840036 0.000937769 0.996652 
1.08394e-21 7.78668e-19 6.57174e-16 1.75128e-15 1.17401e-14 1.97152e-11 5.23451e-07 1.26723e-05 1.45528e-05 4.66761e-05 3.01638e-05 2.0603e-05 0.000594391 0.0012136 0.00125347 0.00438099 0.971765 0.00700166 0.00152734 0.00225545 0.000511965 0.00200733 0.00109123 0.0047883 0.00148394 
5.74196e-07 0.000126052 0.00187053 0.00602647 0.0108073 0.651373 0.0278388 0.0175155 0.0177463 0.0241775 0.0264657 0.0162389 0.0251303 0.0252225 0.0175573 0.0148817 0.0291341 0.0225699 0.0171085 0.0160042 0.00830456 0.00565951 0.00771837 0.00772066 0.00280118 
2.26847e-12 6.27626e-12 2.04599e-06 8.12381e-06 8.31079e-06 5.60022e-05 0.000792643 0.000145787 0.000670737 0.000996945 0.00139533 0.000971544 0.00096621 0.00387033 0.00193102 0.00201301 0.00186978 0.00233451 0.00564287 0.949841 0.0162305 0.00269306 0.00528067 0.00120885 0.00107047 
4.95521e-05 0.0010265 0.00898548 0.0172136 0.512487 0.0305833 0.0247374 0.0238574 0.0277664 0.0294682 0.0341359 0.0641493 0.0462681 0.0304244 0.0221799 0.019837 0.0243879 0.012508 0.0211704 0.00959292 0.0111187 0.00774869 0.0106143 0.00661364 0.00307611 
3.52791e-13 1.96008e-12 2.88845e-07 1.9294e-05 2.60822e-05 7.13272e-05 0.000470931 0.000140133 0.000340769 0.000296478 0.000526124 0.000498454 0.000743614 0.0028843 0.00118906 0.00112298 0.000898616 0.00124723 0.00425054 0.00138941 0.00257212 0.963413 0.0125995 0.00462615 0.000673895 
3.05003e-11 2.47902e-07 1.30081e-05 2.41568e-05 1.52542e-05 5.5755e-05 0.000150936 0.000259861 0.000247041 0.000352555 0.000509014 0.000606399 0.000841207 0.00161178 0.00147221 0.00122012 0.00152366 0.00151619 0.00344754 0.0023076 0.00144754 0.962725 0.0128861 0.0061415 0.00062518 
0 0 0 0 0 0 0 0 3.51868e-38 1.47125e-37 3.55697e-17 1.19778e-14 7.38412e-14 1.04132e-13 1.19189e-13 1.64084e-13 4.65873e-13 1.25008e-10 1.6768e-07 8.17372e-10 1.3332e-10 5.37925e-09 2.01477e-08 0.00195124 0.998049 
0 0 0 0 0 0 0 0 0 0 0 0 0 0 0 0 9.29711e-27 5.3689e-26 8.48713e-26 2.2187e-25 3.45642e-12 3.32047e-07 1.08227e-05 0.00107617 0.998913 
4.22062e-09 9.83016e-06 4.89967e-05 0.000185402 0.000242809 0.000451391 0.000680661 0.00280317 0.00235101 0.00376301 0.00427127 0.00412566 0.00459373 0.00836476 0.908815 0.0118497 0.00695873 0.00823173 0.00533264 0.00461694 0.00391688 0.00292552 0.0072337 0.00448847 0.00373905 
6.0247e-13 1.23495e-12 5.56603e-07 8.25379e-07 1.39297e-07 4.95888e-06 3.74262e-05 0.000129553 0.000109189 0.000324617 0.000501917 0.000746081 0.000764192 0.00139588 0.00128922 0.00148153 0.00117065 0.00148172 0.00206672 0.00147044 0.978724 0.00487091 0.0025438 0.000209871 0.000675424 
2.03166e-09 2.04257e-06 4.64983e-05 0.000703825 0.000701223 0.00135419 0.00306425 0.00692245 0.0101356 0.874629 0.00867286 0.00326044 0.0050051 0.00647323 0.0105058 0.01049 0.00706926 0.00955536 0.00457967 0.00609056 0.00456964 0.00340747 0.00394573 0.00572721 0.0130887 
2.03784e-20 2.89226e-18 5.28229e-17 1.08138e-11 4.3618e-10 1.12458e-07 1.6473e-07 7.18401e-06 2.10894e-05 0.000231457 0.000338332 0.000709594 0.000639228 0.00161414 0.00115866 0.00105181 0.00637772 0.954424 0.0116974 0.0040316 0.00403418 0.00213609 0.00196089 0.0066775 0.00288914 
8.83755e-23 1.16767e-20 2.30274e-19 3.85177e-12 3.87632e-11 7.34603e-08 9.55059e-08 1.5578e-06 6.0916e-06 0.000445049 0.000727574 0.00163939 0.0016248 0.00140384 0.00107851 0.00109428 0.00141528 0.00121171 0.00144098 0.00188512 0.00206693 0.00315327 0.96751 0.00642813 0.00686747 
1.74736e-05 0.000383735 0.00316366 0.0109981 0.0165968 0.0189875 0.023238 0.0222517 0.0224371 0.0305653 0.0287902 0.151013 0.02565 0.0231587 0.367987 0.149832 0.0195898 0.0194348 0.0121927 0.00876523 0.01155 0.00755752 0.0120636 0.00814679 0.00562892 
5.37399e-09 7.75729e-07 1.73002e-06 1.67234e-06 7.64668e-06 9.95051e-06 1.60243e-05 3.15524e-05 0.000358683 0.000540245 0.000784061 0.000931983 0.000793459 0.00209027 0.00141429 0.00141408 0.00159043 0.00190553 0.00260552 0.0016329 0.974932 0.00212879 0.005054 0.000761289 0.00099279 
0.000439 0.0132102 0.0127737 0.0131385 0.0144141 0.0233013 0.0192454 0.0254232 0.0207247 0.0293398 0.0221336 0.0113508 0.0222134 0.00954476 0.0125499 0.0153628 0.00416452 0.0279062 0.0199009 0.0170018 0.0255044 0.613648 0.012476 0.00906528 0.00516795 
1.43737e-06 5.73157e-05 0.000653458 0.000933963 0.00151028 0.002235 0.00617307 0.00489669 0.00480834 0.00491651 0.00681696 0.00983992 0.0112555 0.0113702 0.00707676 0.00854817 0.0086101 0.0550902 0.0236124 0.00998218 0.767371 0.0303226 0.0104042 0.0118999 0.00161341 
1.14824e-06 3.94169e-05 0.000480623 0.00061785 0.000560929 0.000925122 0.00353777 0.00409523 0.00393007 0.00297254 0.00322493 0.00619824 0.00873138 0.00759943 0.00569481 0.00613843 0.00547977 0.857635 0.026995 0.00703178 0.012736 0.0167947 0.00650121 0.0108996 0.00117957 
2.12855e-13 4.38836e-13 1.96633e-07 1.93592e-07 2.09796e-07 1.02884e-06 8.78933e-05 3.58557e-05 0.000484569 0.000673089 0.000983186 0.000809809 0.000794767 0.00209181 0.00135854 0.00144991 0.00167532 0.00207753 0.0026603 0.00268563 0.973112 0.0013333 0.00490254 0.00164529 0.00113655 
3.31985e-07 2.07403e-05 0.000707897 0.00214861 0.00707851 0.475486 0.0171501 0.00695189 0.00610474 0.0157812 0.0110929 0.00933206 0.0127043 0.0091494 0.00781946 0.00924424 0.178686 0.0156195 0.0135114 0.168622 0.00890287 0.00479113 0.00514785 0.0102991 0.00364754 
0 0 0 0 0 0 0 0 0 0 0 0 0 0 0 0 0 3.97848e-05 0.000100061 0.000290708 0.000623074 0.000894385 0.0013135 0.00155138 0.995187 
0 0 0 0 0 0 0 1.639e-25 1.01155e-19 2.61884e-36 1.54107e-16 2.00022e-15 6.41229e-14 6.76589e-15 4.71927e-14 1.49672e-12 2.22221e-09 4.51083e-12 1.25419e-11 1.42582e-08 8.73217e-11 2.19756e-09 0.000476607 0.993702 0.00582113 
0 0 0 0 0 0 0 0 0 0 0 0 0 0 0 0 1.78967e-27 1.0335e-26 1.63376e-26 4.27095e-26 1.09355e-25 6.6991e-23 1.22488e-06 0.990503 0.00949574 
9.62682e-12 1.93186e-08 5.35458e-08 3.52184e-07 4.2854e-07 3.49434e-06 6.9586e-06 0.000147414 8.87024e-05 0.000253367 0.000295891 0.00127441 0.000758302 0.00206992 0.00235326 0.00366455 0.00619522 0.94751 0.0111952 0.00268385 0.00200517 0.0036541 0.00468953 0.00900288 0.00214699 
1.33704e-07 0.000434575 0.000502923 0.00179663 0.00225948 0.00161203 0.000988502 0.00325064 0.00242209 0.0164758 0.0073331 0.0050166 0.00756408 0.00894487 0.00704179 0.0107246 0.867826 0.0138435 0.00769105 0.00631409 0.00467371 0.00407237 0.00490336 0.008823 0.00548463 
1.55678e-11 3.12373e-08 8.81379e-08 6.48276e-07 7.96787e-07 2.31693e-06 8.20707e-05 2.99947e-05 0.000245682 0.00035772 0.000369588 0.001636 0.00035681 0.000974671 0.000567418 0.000663432 0.000908229 0.00110356 0.00244415 0.000925426 0.00074177 0.0021306 0.97706 0.00789691 0.0015021 
3.22098e-12 6.59304e-12 2.97583e-06 1.07324e-05 1.76682e-06 5.12964e-06 3.39851e-05 0.000652008 0.000410025 0.00149749 0.00138787 0.00143327 0.00241144 0.00382444 0.00372059 0.933956 0.0224412 0.00435912 0.00317712 0.00532465 0.00379019 0.00255784 0.00174527 0.00438419 0.00287242 
4.05546e-09 1.25251e-07 3.50256e-07 5.12089e-07 8.20325e-07 2.48873e-06 4.37601e-06 7.06794e-05 0.000167648 0.000292192 0.000542202 0.000683414 0.000698658 0.001426 0.00125467 0.00122038 0.00129628 0.00162252 0.00289182 0.00148939 0.00101365 0.969009 0.0149319 0.000729601 0.000651581 
4.15186e-05 0.0131058 0.0348731 0.0455703 0.0243067 0.0204216 0.0319622 0.138393 0.0291095 0.0603599 0.0460645 0.0768575 0.0436118 0.0368705 0.0310603 0.141607 0.0416392 0.0248543 0.0286344 0.0167441 0.028833 0.0413518 0.0234008 0.0126903 0.00763695 
2.32836e-12 4.98301e-12 2.14465e-06 1.79389e-05 6.27041e-06 2.93297e-05 0.000405837 0.000102631 0.000510022 0.000796148 0.00115546 0.000870027 0.000883806 0.00233102 0.0015606 0.00171941 0.00176216 0.00309815 0.960139 0.00750832 0.00355159 0.00166831 0.00310438 0.0081181 0.000659355 
2.55808e-05 0.000873897 0.00762242 0.0153253 0.212398 0.0212899 0.0956827 0.0271064 0.0280346 0.0363662 0.0363586 0.0400768 0.0373222 0.0308096 0.021964 0.281437 0.0224438 0.0159704 0.0148466 0.00877167 0.0137547 0.00761358 0.00967222 0.0089459 0.00528764 
1.72465e-06 5.91536e-05 0.000748786 0.000505984 0.000593644 0.000824068 0.00297876 0.00255169 0.00306255 0.0035385 0.00326201 0.00496987 0.00953319 0.00759426 0.00571315 0.00479273 0.00611248 0.0602154 0.818116 0.0197689 0.0141086 0.0132204 0.00701636 0.00940249 0.00130934 
0.280377 0.583979 0.023925 0.0310415 0.00346289 0.00270463 0.00231728 0.00488332 0.00452347 0.00767008 0.00415682 0.00354119 0.00526288 0.00295952 0.00236227 0.00642804 0.00701363 0.00377811 0.00255081 0.00254047 0.0017251 0.00340847 0.00511993 0.000786547 0.00348282 
5.1386e-13 1.03118e-09 2.86179e-09 1.88938e-08 2.32275e-08 1.26407e-05 2.31967e-05 0.000162657 7.64402e-05 0.000229456 0.000357126 0.000567054 0.000682165 0.00127254 0.00115623 0.00127496 0.0011417 0.00121849 0.00204384 0.978894 0.00315104 0.00143752 0.00423365 0.00110481 0.000960099 
0.000480327 0.0108625 0.0247021 0.0241014 0.0270868 0.0257777 0.0298833 0.0359036 0.0379376 0.0491362 0.0532129 0.0403716 0.047793 0.0910298 0.0241679 0.0256058 0.0296348 0.0229302 0.0158454 0.0136726 0.321519 0.0139222 0.0190765 0.00789821 0.00744813 
9.73921e-11 2.08214e-09 3.30398e-05 0.000586969 0.00106132 0.00195808 0.00388125 0.00429838 0.00446622 0.00663604 0.00601838 0.108212 0.00795966 0.00773509 0.00762829 0.0100589 0.0074709 0.00866327 0.00480013 0.00362524 0.00386925 0.002111 0.00658787 0.00695386 0.785384 
7.33582e-10 1.15359e-06 5.78742e-06 8.17651e-06 3.47105e-06 6.18639e-06 2.38693e-05 3.44194e-05 4.52017e-05 0.000296366 0.000333035 0.000534706 0.000698192 0.00131114 0.00110031 0.00124378 0.00131019 0.00167244 0.00381874 0.00270206 0.00144847 0.961132 0.0121467 0.00690914 0.00321434 
1.15129e-32 2.35654e-32 3.20654e-29 8.03872e-27 1.9208e-22 1.68108e-18 1.34617e-14 8.05131e-13 1.16675e-08 3.71109e-10 1.02592e-08 1.06269e-06 3.59082e-05 1.83421e-05 0.000336893 0.00032181 0.000355527 0.000105171 0.00155455 0.00253189 0.00235243 0.00417128 0.966788 0.00846686 0.0129606 
1.48182e-06 0.000213276 0.00251039 0.0105447 0.0148379 0.0200666 0.0219861 0.0214609 0.0237919 0.031411 0.0330341 0.604541 0.0266554 0.0228989 0.021607 0.0220503 0.0156644 0.0231198 0.0195476 0.0106204 0.0131652 0.00684285 0.0172614 0.0108421 0.00532523 
3.79496e-10 4.3315e-07 1.01425e-05 4.65303e-06 5.82913e-06 8.23363e-05 0.000152172 0.00163136 0.00110827 0.00218037 0.00217021 0.00906976 0.00321846 0.00481886 0.00622754 0.895724 0.00919308 0.00807948 0.00785798 0.00725736 0.00454502 0.0125554 0.00576795 0.0139287 0.00441094 
0 0 0 0 0 0 0 0 9.01555e-34 3.76964e-33 3.72803e-15 2.57427e-14 1.71522e-13 5.38352e-11 7.52603e-12 1.95414e-10 5.42036e-10 1.86818e-05 5.10553e-05 0.000161279 0.000247174 0.000305501 0.000395638 0.000849224 0.997971 
9.90138e-10 1.81983e-05 1.85873e-05 4.3058e-05 4.14187e-05 3.21401e-05 0.000184903 5.85119e-05 0.000553996 0.00080669 0.00111487 0.000926589 0.000884917 0.00220243 0.00146266 0.00167463 0.00171237 0.00213676 0.00303323 0.94607 0.0185698 0.00655864 0.00857978 0.00198175 0.00133364 
1.32748e-13 4.13322e-13 1.19184e-07 4.78297e-07 1.29966e-06 0.000175046 0.000554532 0.00303633 0.00233985 0.00323007 0.0040606 0.00363276 0.00408997 0.00701674 0.910284 0.0116378 0.00835826 0.00771198 0.00547565 0.00619273 0.00462108 0.00354004 0.00380263 0.00642688 0.00381069 
1.08261e-11 1.66288e-10 9.65355e-06 0.000193838 0.000190315 0.000564384 0.00330243 0.00500246 0.00574394 0.00676307 0.00591141 0.00497814 0.00688989 0.00977894 0.0123344 0.878567 0.0128158 0.0110324 0.00523382 0.00463279 0.00511064 0.00271066 0.00419876 0.00962395 0.00441115 
4.62692e-12 9.50542e-12 4.27465e-06 5.96208e-06 2.19688e-06 0.000155829 0.000589386 0.00242474 0.00233286 0.00321189 0.00361252 0.00329484 0.00409823 0.00650245 0.00774818 0.0245588 0.880567 0.011607 0.00575837 0.00633567 0.00457285 0.00381012 0.00533358 0.0181422 0.00533118 
0 0 0 0 0 0 0 0 0 0 0 0 0 0 0 0 0 0 0 0 0 9.02673e-06 7.69507e-05 0.00024082 0.999673 
1.06875e-12 2.1931e-12 9.87386e-07 7.10161e-07 2.14301e-07 1.29567e-06 9.03102e-05 3.83631e-05 0.000474693 0.000653944 0.000845107 0.0007748 0.000761155 0.00222185 0.00140842 0.00180432 0.00949589 0.921872 0.0114099 0.0163574 0.0119867 0.0026049 0.00336342 0.0104266 0.00340709 
1.44813e-32 2.96413e-32 4.03329e-29 1.01113e-26 3.77447e-19 3.3272e-15 1.31654e-12 1.32156e-09 1.91795e-05 1.30803e-07 9.031e-07 3.59399e-06 0.000164334 0.000782718 0.00124045 0.00476326 0.958165 0.0190926 0.00076641 0.00184817 0.000448439 0.00171128 0.00260572 0.00649528 0.00189202 
2.99239e-12 1.12006e-11 2.61776e-06 9.83479e-06 1.92823e-05 0.000243206 0.00111039 0.000440066 0.00123745 0.0012247 0.00162653 0.00118064 0.00115851 0.00436046 0.00200682 0.0025919 0.00185949 0.00256856 0.00658548 0.952518 0.00681568 0.00279306 0.0052303 0.00354087 0.000876666 
1.2731e-09 1.10513e-06 1.50706e-05 5.48746e-06 5.68657e-06 1.01994e-05 2.67313e-05 6.49323e-05 3.63818e-05 0.000233591 0.000101197 0.000393151 0.000289977 0.000670897 0.00053869 0.000560723 0.000493956 0.00100493 0.00246233 0.00273643 0.00167246 0.00101495 0.00235353 0.985127 0.000180138 
2.63384e-12 9.47574e-12 2.31016e-06 9.94054e-06 1.49169e-05 0.000183099 0.00109371 0.000386608 0.0011057 0.00114063 0.00151202 0.00117049 0.00108967 0.00426621 0.00198709 0.00235937 0.00189547 0.00406115 0.959244 0.00328031 0.00513215 0.00209036 0.00278403 0.00453812 0.000652227 
1.03587e-13 6.89134e-13 8.12561e-08 6.08927e-07 1.38751e-06 3.41719e-06 0.000528856 4.1584e-05 0.000377154 0.000594087 0.000848974 0.000811551 0.000757511 0.00352745 0.00158467 0.00146902 0.00166533 0.00207753 0.955653 0.00955654 0.00511786 0.00286477 0.00245353 0.00915817 0.000907242 
9.75645e-19 1.38173e-16 2.52938e-15 2.16534e-10 1.10412e-08 3.6466e-06 3.77416e-05 0.000940548 0.000665657 0.0018211 0.00177747 0.0020212 0.00281098 0.00470245 0.00425566 0.924135 0.0242104 0.0054344 0.0043575 0.0056001 0.00404014 0.00301818 0.00243997 0.00497576 0.00275167 
1.34255e-06 0.00051995 0.00370763 0.0134701 0.0207678 0.0284761 0.0296129 0.0278308 0.0299869 0.0409088 0.038883 0.0315669 0.0369634 0.519255 0.0235222 0.0267908 0.0181081 0.0239949 0.0172967 0.0106718 0.0159102 0.00846447 0.0144749 0.0109102 0.00790543 
3.98081e-06 0.000206641 0.00189472 0.00362634 0.00650294 0.008998 0.0141942 0.0120926 0.0102196 0.0166852 0.0157702 0.0190382 0.0212832 0.63209 0.015758 0.0164885 0.018238 0.0769689 0.0246422 0.0117097 0.0142179 0.0255197 0.0151439 0.0129028 0.00580436 
9.97545e-07 6.12458e-05 0.000717701 0.00145825 0.00221682 0.00328273 0.00444774 0.00281738 0.00248366 0.00412858 0.00432042 0.0149937 0.005992 0.00587224 0.00400026 0.00386594 0.00452963 0.0236961 0.0110104 0.00596592 0.00540969 0.869671 0.0145959 0.00328278 0.00117853 
0 0 0 0 0 0 0 0 0 0 0 0 0 0 0 0 1.53058e-27 8.83881e-27 1.39724e-26 3.65264e-26 9.3524e-26 5.72926e-23 7.56309e-07 0.00182879 0.99817 
3.08026e-11 6.18132e-08 1.7133e-07 1.12681e-06 1.37062e-06 2.68269e-06 1.03218e-05 1.52191e-05 2.05684e-05 2.63805e-05 3.62167e-05 0.00226256 0.000135275 0.000242681 0.000625902 0.000648053 0.000482776 0.000452917 0.00156345 0.000764644 0.000734214 0.00544458 0.973353 0.00592658 0.00724959 
0 0 0 0 0 0 0 1.20907e-16 7.4621e-11 5.01549e-32 5.42727e-13 1.93081e-11 3.07454e-10 4.21868e-10 2.12376e-05 4.15918e-05 1.54956e-06 5.80873e-05 6.79404e-07 0.000427307 2.79089e-06 1.43217e-06 0.991658 0.00764811 0.00013888 
1.53777e-21 3.1476e-21 4.28294e-18 7.726e-13 7.89312e-12 1.27467e-08 2.86277e-05 0.000588656 0.000330778 0.0013293 0.00116004 0.00107005 0.00222971 0.003517 0.00342892 0.00644108 0.937221 0.0149406 0.00285974 0.00522002 0.00357543 0.00285825 0.00390842 0.00601457 0.00327821 
0 0 0 0 0 0 0 0 0 0 0 0 0 0 0 0 1.83561e-28 1.06003e-27 1.67569e-27 4.38058e-27 1.12162e-26 6.87105e-24 9.07034e-08 0.992618 0.00738216 
6.6354e-17 9.41429e-15 1.72001e-13 3.13036e-06 5.53402e-07 0.000135576 0.000263399 0.00220851 0.00174751 0.0027645 0.0032738 0.00332354 0.00783588 0.91722 0.00693645 0.0081837 0.00675957 0.00787921 0.00489863 0.00452757 0.00367144 0.00199612 0.00824555 0.00397893 0.00414614 
3.25195e-11 2.21255e-08 1.96393e-05 0.000216006 0.000322856 0.000800582 0.00358746 0.00531987 0.00640058 0.0073435 0.00698455 0.00757992 0.873195 0.00924637 0.0115289 0.0132944 0.00770111 0.00871552 0.00623463 0.00508945 0.00468661 0.00417877 0.00548562 0.00907691 0.00299154 
2.30534e-06 7.76962e-05 0.000959158 0.000546973 0.000717511 0.000835336 0.00315545 0.00181456 0.00279759 0.00381121 0.00354263 0.00507555 0.0116731 0.00882372 0.00588713 0.00443699 0.00741914 0.0784592 0.801162 0.0164272 0.0124912 0.0144193 0.00707518 0.00691213 0.00147728 
1.49471e-06 0.000154581 0.0220971 0.0205121 0.00779177 0.0433765 0.0118066 0.0477195 0.0239952 0.0391621 0.014031 0.0274302 0.012592 0.357478 0.132939 0.02121 0.0115707 0.0265853 0.00874753 0.0879321 0.0397743 0.00535809 0.00782416 0.00555068 0.0243592 
5.57342e-06 0.000679221 0.00773786 0.0115361 0.022483 0.0278736 0.0316867 0.0238077 0.0206139 0.0324314 0.0286246 0.0262267 0.0257632 0.0313149 0.0159268 0.0152412 0.020241 0.0197803 0.0211095 0.0100799 0.0148507 0.0099193 0.56549 0.0120386 0.00453835 
4.41387e-07 0.000116051 0.00228394 0.00906466 0.445185 0.0184587 0.114959 0.053152 0.01679 0.0200599 0.0192117 0.0299633 0.02225 0.0180451 0.0741198 0.0164628 0.00984632 0.0120773 0.0112693 0.0807174 0.00684195 0.00456583 0.00665432 0.00516833 0.00273592 
2.09403e-06 6.86126e-05 0.000855305 0.000669103 0.000750596 0.00100147 0.00364943 0.00312322 0.00350203 0.00384569 0.00358491 0.00615413 0.01215 0.00920281 0.00638818 0.00595078 0.00736968 0.0732842 0.794332 0.0150017 0.0106721 0.0185034 0.00598501 0.0125317 0.00142213 
8.37242e-07 3.49739e-05 0.000407831 0.000284066 0.00030726 0.000370059 0.00151307 0.00134861 0.00167652 0.00198395 0.00138602 0.00319156 0.00473566 0.00417621 0.00375975 0.00357778 0.00316754 0.0300859 0.0167452 0.0130847 0.0104321 0.0111704 0.872284 0.012658 0.00161802 
3.70224e-06 0.00103968 0.0811612 0.00797355 0.0109969 0.012344 0.0150422 0.0152819 0.0152806 0.124929 0.0207504 0.0180808 0.048223 0.0186511 0.0347493 0.0140471 0.0528652 0.244275 0.0124528 0.153173 0.0105241 0.0381874 0.0384746 0.0067291 0.0047649 
2.74363e-11 2.65104e-10 2.52155e-05 0.000447635 0.000451092 0.00108758 0.00409861 0.00545483 0.0067032 0.00812283 0.00785906 0.00528487 0.00645967 0.0102502 0.852803 0.0222349 0.0139541 0.0129871 0.00572272 0.00742681 0.00598147 0.00491176 0.00423691 0.00884196 0.00465462 
1.15866e-05 0.000687702 0.00519687 0.0146613 0.146825 0.0185341 0.0211155 0.0208673 0.152632 0.0333417 0.11816 0.0741224 0.211879 0.0281412 0.0198896 0.0207207 0.0167564 0.0274196 0.0127504 0.00967638 0.0141031 0.00606773 0.0129771 0.00873899 0.00472437 
1.24727e-11 2.36134e-10 5.03593e-06 2.77323e-05 5.92256e-05 5.9099e-05 0.000211732 8.44604e-05 0.000613012 0.000951214 0.00118918 0.000936784 0.000907677 0.00219873 0.00153026 0.00175968 0.00172218 0.00219197 0.00334043 0.967634 0.00412105 0.00230196 0.00401358 0.0033736 0.000767284 
1.2668e-20 2.59296e-20 3.52824e-17 8.8452e-15 8.15172e-14 8.93343e-07 3.14717e-05 3.96917e-05 7.18036e-05 0.000216143 9.00539e-05 4.91988e-06 0.000181015 0.000913431 0.000815976 0.00104634 0.000723708 0.000500655 0.485763 0.00458096 0.00321341 0.00435067 0.49232 0.00267744 0.00245827 
3.19265e-12 1.04626e-11 2.83112e-06 1.07157e-05 1.57529e-05 0.000218871 0.00105954 0.000415535 0.00113995 0.00114824 0.00162517 0.0011448 0.00112633 0.00425772 0.00203907 0.00253401 0.00187404 0.00246292 0.00661485 0.949504 0.0106815 0.00198802 0.00699332 0.00169808 0.00144484 
1.71103e-23 2.17709e-21 4.46984e-20 1.62912e-12 1.64889e-11 9.36403e-09 2.50676e-08 1.97298e-06 7.57234e-06 0.00014707 0.000282411 0.000463215 0.000618873 0.00100545 0.000974365 0.00101111 0.000802926 0.00106435 0.00191191 0.00132825 0.000941067 0.97127 0.0148479 0.00269989 0.000621977 
4.43638e-09 3.40419e-06 2.21099e-05 3.97029e-05 6.0889e-05 5.84853e-05 0.000284272 0.00024392 0.000683425 0.000973539 0.00107311 0.00115349 0.000988328 0.00249526 0.00276412 0.00225932 0.00181599 0.00291811 0.00738177 0.00577033 0.00898338 0.0139746 0.941031 0.00311554 0.00190629 
3.34542e-11 1.67853e-08 9.55787e-08 4.19335e-07 7.05633e-07 2.06537e-06 2.08708e-05 5.13947e-05 0.000187866 0.00041915 0.000651928 0.00121234 0.000795366 0.00184513 0.00137397 0.00156301 0.00137102 0.00156738 0.00222573 0.00144182 0.00104299 0.967258 0.0139259 0.0023823 0.000660266 
2.56319e-08 4.02133e-06 6.57413e-05 3.92067e-05 9.81044e-05 0.000262553 0.00155597 0.000621464 0.00147482 0.00190357 0.00213813 0.00173789 0.00217712 0.00456729 0.0030371 0.00388236 0.00238744 0.00558497 0.919809 0.0203226 0.00912892 0.00493002 0.00426737 0.0093432 0.000661311 
0.000405296 0.0249941 0.04487 0.0417698 0.0313411 0.0348171 0.0427617 0.038424 0.0473747 0.0641199 0.0461818 0.0399122 0.0501307 0.0222217 0.024781 0.0272448 0.0288378 0.0149312 0.0274214 0.0253865 0.272451 0.0138362 0.0212845 0.0063963 0.0081051 
2.58187e-06 0.000354128 0.00233919 0.0079105 0.0169711 0.0209997 0.0193631 0.023756 0.0239184 0.0309837 0.0332355 0.0298251 0.0311827 0.519922 0.0315454 0.0266977 0.0207077 0.0720275 0.017515 0.0157067 0.0155577 0.00764577 0.0155537 0.0101146 0.0061642 
1.57007e-09 2.80905e-07 2.39644e-06 3.20924e-06 8.01017e-06 4.38084e-05 0.000270007 3.32126e-05 6.56604e-05 0.000247865 0.000321414 0.0025865 0.000626613 0.00123009 0.000859752 0.000903837 0.000879165 0.00114754 0.00213693 0.00126262 0.485974 0.494308 0.00603174 0.000291817 0.000765327 
0 0 0 0 0 0 0 0 0 0 0 0 0 0 0 0 2.0431e-26 1.17985e-25 1.8651e-25 1.41938e-05 6.28935e-05 9.00457e-05 0.000200749 0.995707 0.00392508 
5.30314e-08 0.000236157 0.000799212 0.00133991 0.00120376 0.00107816 0.00322931 0.00752734 0.0058652 0.00685841 0.00633801 0.00524537 0.00574356 0.0115928 0.00889189 0.0126572 0.855406 0.0177322 0.00659901 0.00713701 0.00750717 0.00448135 0.00669451 0.0101733 0.00566329 
1.13471e-13 1.39867e-12 6.93448e-08 8.83914e-07 1.91203e-06 8.98402e-05 0.000819071 0.00178143 0.0013049 0.00244288 0.00238583 0.00283262 0.00335551 0.00634612 0.00513741 0.00651725 0.899059 0.0200136 0.0126952 0.0059195 0.00734208 0.00256068 0.00442844 0.00959811 0.00536761 
0 0 0 0 0 0 0 0 0 0 0 6.3766e-06 7.39395e-06 0 8.87597e-06 8.66733e-06 0 8.06299e-06 7.38923e-06 0 7.32375e-06 1.78211e-05 7.51618e-05 0.000164981 0.999688 
4.69404e-11 8.80558e-08 2.81921e-06 2.24091e-05 6.62774e-05 0.000219241 0.0013411 0.000447657 0.00135801 0.00138589 0.00175375 0.0044375 0.00166343 0.00453637 0.00205223 0.00278841 0.00190512 0.00291147 0.00892175 0.00182964 0.941084 0.0133108 0.00600902 0.0010338 0.000918846 
5.41646e-12 1.23765e-11 4.96687e-06 8.64505e-05 4.45448e-05 0.000191559 0.00108803 0.00221116 0.00261464 0.00391938 0.00442843 0.00313449 0.00402611 0.0100614 0.00705997 0.0124924 0.90045 0.00730823 0.00740256 0.00637435 0.00659426 0.00411014 0.00468648 0.00859865 0.00311163 
