1757
1.17514e-13 4.59679e-11 4.50786e-09 4.97625e-08 1.57809e-07 1.24992e-06 1.2144e-06 8.99505e-07 2.96889e-06 4.76143e-06 4.39121e-06 1.46974e-05 6.3175e-06 4.51828e-05 0.000103793 4.45836e-05 2.16135e-05 4.55257e-05 2.39638e-05 8.47975e-06 7.29934e-06 1.8964e-05 3.40997e-05 3.65997e-05 0.999573 
6.16912e-11 3.06656e-08 1.17607e-05 4.51127e-05 0.000130952 0.000605061 0.00146207 0.00352087 0.00429186 0.00484261 0.00584559 0.00471967 0.00895425 0.0143156 0.0133004 0.85976 0.0151507 0.0120844 0.00698637 0.0072514 0.00732125 0.00493646 0.00572339 0.0139678 0.00477276 
9.38771e-12 2.23967e-09 4.72668e-07 4.33471e-06 1.96037e-05 3.70191e-05 0.000736069 0.00020884 0.000786994 0.000675288 0.000701011 0.000789388 0.00161744 0.00330237 0.00117684 0.00295932 0.00143636 0.00152696 0.00462947 0.00174925 0.00253546 0.00123226 0.965375 0.00815431 0.000346395 
2.72295e-05 0.000742198 0.00463765 0.0151485 0.02399 0.0266934 0.0280577 0.0324159 0.0353882 0.0382827 0.213252 0.0288556 0.0308495 0.0291017 0.0203725 0.0221794 0.0177543 0.0401831 0.289875 0.0222555 0.0211171 0.0216013 0.0173629 0.0128088 0.00704728 
7.64667e-07 3.30368e-06 1.57548e-05 2.91708e-05 2.25913e-05 4.42045e-05 0.000113013 8.42299e-05 0.000522605 0.000809238 0.000972685 0.00108274 0.00271173 0.00310822 0.00174372 0.00206867 0.00197454 0.00221878 0.00286826 0.00256157 0.00165961 0.953016 0.013539 0.00804121 0.000787876 
2.77483e-10 1.27068e-07 5.35964e-05 0.000139504 0.000387949 0.00281696 0.845215 0.0304485 0.0124418 0.0128952 0.00467087 0.00438093 0.00517364 0.00645835 0.0271649 0.0217856 0.00376755 0.0100685 0.0041129 0.0014015 0.00299674 0.000509097 0.00118324 0.000980119 0.00094739 
6.02314e-39 3.33137e-36 2.59716e-35 3.13214e-29 2.17533e-28 4.78024e-23 1.97245e-20 7.48536e-14 4.06846e-09 1.09192e-11 1.28108e-09 1.14033e-07 8.82712e-07 4.0524e-06 1.99503e-05 4.76605e-05 0.000116614 0.00100285 0.000834774 0.977533 0.00515411 0.00462657 0.00721784 0.00318319 0.000258078 
2.77971e-09 6.58101e-08 3.08061e-07 5.64841e-07 1.02556e-06 1.72552e-06 4.16531e-06 5.61864e-06 7.70727e-06 9.82006e-06 8.45034e-06 1.00156e-05 1.19549e-05 5.17777e-05 5.89342e-05 8.84855e-05 0.00034126 0.000684605 0.000102646 0.000319411 0.00187497 0.00441715 0.979777 0.00710129 0.00512153 
0.00015474 0.00251124 0.0088002 0.0163756 0.0285497 0.0369562 0.0366818 0.0357273 0.0371018 0.0409003 0.0403912 0.029758 0.0311501 0.0348593 0.0216066 0.0270546 0.0278849 0.0586927 0.0546183 0.0293777 0.324102 0.028806 0.0201146 0.0123492 0.0154754 
1.29199e-08 3.45881e-07 6.78567e-06 5.99649e-06 7.84541e-06 8.87061e-05 0.000455282 0.000170554 0.000809047 0.00121111 0.00134893 0.00221749 0.00303639 0.00319419 0.00203981 0.00288845 0.00380665 0.0110733 0.935056 0.00698662 0.0105002 0.00336128 0.00559755 0.00517527 0.000962088 
0 0 0 0 0 0 0 0 0 0 0 0 0 0 0 0 0 0 0 1.7666e-05 8.39886e-05 0.000150429 0.000202962 0.000514107 0.999031 
5.32655e-16 4.70489e-13 3.25293e-12 1.26781e-09 2.76901e-09 2.77749e-08 1.13888e-07 8.51533e-06 2.22431e-05 4.59057e-05 0.000374977 0.000172769 0.000726782 0.0011 0.00464925 0.943455 0.0172076 0.00813105 0.00153369 0.00364868 0.00133345 0.00275694 0.00221022 0.00997611 0.00264672 
2.31905e-11 3.79112e-09 3.88982e-08 8.81285e-06 3.42916e-06 0.000179854 0.000663472 0.00273311 0.00369214 0.00407002 0.00412482 0.00384027 0.00874469 0.00981289 0.0130777 0.880892 0.0127863 0.0118633 0.00623381 0.00596698 0.00409866 0.00327133 0.00534456 0.0143428 0.00424931 
6.45851e-08 8.38197e-07 1.07193e-05 3.56751e-05 4.64801e-05 0.000132703 7.80851e-05 1.00323e-05 2.43534e-05 0.000375748 0.000345971 0.000881859 0.00230055 0.00251345 0.0107144 0.925283 0.00645901 0.0129523 0.00263383 0.000806938 0.00149074 0.00285039 0.00528108 0.0213145 0.00345687 
0 0 0 0 0 8.49791e-40 5.03852e-37 6.87166e-27 6.59677e-21 3.17686e-20 1.03786e-12 2.53898e-11 1.47177e-10 1.75183e-10 5.48867e-10 1.13356e-09 8.399e-08 4.47983e-07 1.5163e-07 7.48685e-07 3.72178e-06 1.12718e-06 0.00117305 0.987708 0.0111129 
3.76076e-11 1.13005e-08 9.2045e-07 3.74858e-05 0.000114584 0.000223914 0.000637037 0.000719024 0.0013227 0.00199718 0.00141298 0.00132316 0.00318403 0.00401786 0.00229181 0.00348722 0.0022717 0.00270486 0.00365152 0.00314686 0.00211649 0.00708947 0.950321 0.0070541 0.000874044 
1.97834e-10 1.104e-07 2.3194e-05 0.000232405 0.000497005 0.00124655 0.00309796 0.00419393 0.00550174 0.00747194 0.00695984 0.685806 0.0174952 0.0135519 0.186211 0.0120835 0.00809806 0.00861399 0.00571813 0.00398233 0.00452024 0.00267603 0.00780613 0.0113269 0.00288603 
1.8994e-11 5.11832e-09 1.08212e-07 1.30375e-05 1.24028e-05 3.36312e-05 0.000364707 0.00189214 0.00280786 0.00315138 0.00328306 0.00310053 0.00781839 0.00819328 0.00679649 0.00832083 0.887119 0.0193773 0.00817302 0.00734118 0.00465972 0.00359059 0.00844693 0.00967059 0.00583397 
1.46183e-07 4.03523e-05 0.000407387 0.00162503 0.00291929 0.00735691 0.0116209 0.00921014 0.0137931 0.017393 0.0206564 0.771825 0.0230492 0.0143595 0.012572 0.0147825 0.0107569 0.0130913 0.00886133 0.0151946 0.0063848 0.00444558 0.00740415 0.00841846 0.00383245 
1.38573e-05 0.000212572 0.00158053 0.00365178 0.00672637 0.00762781 0.0139151 0.00767411 0.00792225 0.0135569 0.0125933 0.00824924 0.00853034 0.0113515 0.00742617 0.0139251 0.0116479 0.0171649 0.763913 0.0210375 0.0201671 0.0126509 0.0132592 0.00793365 0.00726931 
0.000309825 0.00429826 0.0263118 0.0279319 0.0355976 0.0406176 0.070835 0.0774595 0.0412608 0.0633009 0.0649546 0.0532789 0.156656 0.0457275 0.041852 0.0266252 0.0219856 0.0333472 0.0212684 0.0135161 0.0520762 0.0136411 0.0266061 0.0116031 0.0289387 
2.1654e-11 1.05378e-08 3.19329e-06 2.67772e-05 0.000125973 0.000191778 0.000694651 0.000313595 0.000842843 0.000772515 0.00106569 0.00112349 0.00299841 0.00433935 0.00187548 0.00225205 0.00205939 0.00278179 0.00586938 0.00542758 0.0054643 0.00671066 0.934419 0.0107423 0.00989995 
2.82312e-10 1.45637e-07 3.96905e-05 0.000257427 0.000599628 0.00216832 0.00560608 0.0058314 0.0096257 0.0126683 0.854778 0.0136869 0.00920204 0.0117989 0.0105626 0.0120973 0.00793939 0.00755762 0.0045621 0.0061092 0.00380454 0.00389452 0.00436345 0.00716049 0.0056864 
1.48196e-05 0.00147012 0.0200747 0.151825 0.0497104 0.0335146 0.249421 0.0509135 0.0333028 0.0859996 0.0306537 0.0198736 0.0240567 0.0306628 0.0238279 0.0172138 0.0169989 0.040915 0.0401513 0.0107955 0.0219987 0.0193078 0.0141171 0.00942037 0.00376096 
3.09099e-11 1.00934e-08 4.72035e-06 6.36218e-06 2.70842e-05 0.000144186 0.00116785 0.00032546 0.00126806 0.00149309 0.00178029 0.00143888 0.00299668 0.0059053 0.00264898 0.00321416 0.00260146 0.00380147 0.00985121 0.93946 0.00576538 0.00287462 0.00455432 0.00786097 0.00080933 
2.51048e-11 3.20155e-09 4.53937e-07 5.02842e-06 1.15995e-05 0.000255522 0.00109037 0.00301096 0.00401426 0.00458301 0.00524397 0.00457536 0.00962792 0.0111591 0.876753 0.017191 0.00866473 0.017827 0.00756715 0.00423725 0.00404952 0.00269389 0.00716423 0.00511911 0.00515585 
3.95939e-08 1.61612e-06 9.24957e-06 0.000168532 0.000170126 0.000627132 0.00287545 0.00463264 0.00758005 0.00863325 0.00671993 0.00735946 0.0101496 0.0150118 0.0135758 0.0216674 0.0157463 0.0167397 0.0103415 0.01194 0.0198537 0.0125619 0.778837 0.0215091 0.0132891 
5.42436e-07 1.53312e-06 9.47566e-06 2.56976e-05 4.33846e-05 2.77721e-05 5.91548e-05 0.000128203 8.1959e-05 5.40085e-05 6.66329e-05 0.000355239 4.20904e-05 0.000133761 0.000223147 0.000338144 0.000225233 0.000380558 0.000318037 0.00113142 0.000353791 0.00104599 0.986683 0.00772833 0.000542558 
2.47433e-08 6.56146e-07 8.12138e-06 1.63544e-05 2.28452e-05 0.000123818 0.000724818 0.000228856 0.00103196 0.00142158 0.00165548 0.00341404 0.00306898 0.00474619 0.00237543 0.00315094 0.00495614 0.00736683 0.006379 0.00298238 0.0142134 0.916982 0.0146738 0.00916964 0.00128652 
1.15863e-11 4.16032e-09 3.4861e-08 1.03684e-05 4.56652e-06 2.785e-05 0.00033138 0.000635024 0.00193302 0.00255132 0.00254294 0.00587708 0.934761 0.00804686 0.0061197 0.00413278 0.00305857 0.00237167 0.00297588 0.000837267 0.000586957 0.00160839 0.0049215 0.0139516 0.00271396 
3.56751e-16 3.38413e-13 2.23627e-12 9.4119e-10 1.15226e-09 1.04195e-07 3.4651e-07 9.71614e-06 3.53469e-05 0.000246266 0.000248974 0.000612352 0.00240442 0.00199272 0.00155154 0.00178178 0.00702496 0.949884 0.0133201 0.00217146 0.00284699 0.00300793 0.00549753 0.00517465 0.00218884 
8.08443e-11 4.33491e-08 2.351e-05 4.06705e-05 9.70613e-05 0.000343169 0.00159433 0.000649591 0.00164019 0.00188264 0.00207361 0.00154265 0.0033066 0.00646259 0.00279207 0.00507899 0.00262878 0.00307372 0.00729439 0.917032 0.0214246 0.0057944 0.0109793 0.00230833 0.00193706 
4.55719e-11 1.41779e-08 4.38168e-07 3.55708e-05 8.90239e-05 0.000485682 0.00222076 0.00433057 0.00629343 0.0075556 0.00669583 0.00519473 0.0096748 0.015972 0.0136761 0.847971 0.0181688 0.0144211 0.00663197 0.00731417 0.00722054 0.00522319 0.00535592 0.0109322 0.00453641 
2.83863e-11 3.86404e-09 5.00521e-07 7.66131e-06 5.10717e-05 0.000400031 0.00169808 0.00418858 0.00548043 0.00613203 0.00636243 0.00483984 0.00953646 0.0140696 0.0114184 0.0149033 0.847784 0.0212243 0.00791988 0.00736203 0.00646904 0.0051377 0.00904793 0.00951012 0.00645703 
6.00108e-31 3.32493e-28 2.33658e-27 1.29451e-25 1.07625e-21 2.97218e-09 1.78563e-06 2.66207e-05 8.13249e-05 0.000155987 0.000236392 0.000360677 0.000430432 0.000597479 0.000560457 0.000712134 0.000717236 0.000918572 0.000414307 0.000689152 0.000964329 0.000999853 0.00169408 0.00113089 0.989308 
2.03754e-31 6.43749e-29 3.58812e-26 2.57342e-21 3.75879e-20 1.21037e-16 4.07208e-14 1.24478e-12 2.50291e-08 3.33362e-11 5.21061e-08 6.73586e-07 2.72762e-06 7.36252e-06 0.000114487 0.00277402 0.952289 0.0234091 0.00354461 0.00232886 0.000654171 0.000642088 0.00426199 0.0066194 0.00335164 
3.69161e-11 1.39231e-08 6.46929e-06 9.40514e-06 1.11661e-05 0.000119231 0.000755152 0.000184934 0.00101955 0.00145557 0.00167339 0.00124661 0.00292524 0.00498718 0.00230066 0.00308821 0.00249765 0.00279384 0.00572314 0.00399487 0.948106 0.00362028 0.0091707 0.00187792 0.00243305 
4.20375e-11 1.97552e-08 6.16526e-06 2.77364e-05 0.000119375 0.000408803 0.00192298 0.000692632 0.00205808 0.00219407 0.00265666 0.00175204 0.0040118 0.00683899 0.00288834 0.00667155 0.00268248 0.00304797 0.00735516 0.00294733 0.938109 0.00385012 0.00600348 0.00201789 0.0017369 
1.17104e-10 6.22222e-08 7.70186e-06 0.000134414 0.000170939 0.000708254 0.00295052 0.00456231 0.00688902 0.00835494 0.00656117 0.00589831 0.01573 0.0160783 0.02292 0.0267273 0.0204878 0.0273439 0.00921567 0.00599516 0.00694331 0.00542345 0.0166148 0.774636 0.0156467 
5.73318e-07 2.75079e-05 0.000417754 0.00166027 0.00087845 0.000829008 0.00274086 0.0011734 0.00233771 0.00537076 0.00238313 0.00297212 0.00281169 0.00416778 0.00350452 0.00494181 0.00656015 0.00785361 0.0366779 0.0288515 0.00698637 0.00734459 0.856827 0.00968536 0.00299603 
8.87958e-07 1.88586e-05 0.000208766 0.000292596 0.000315457 0.000403248 0.000523548 0.000523229 0.000482504 0.000687267 0.000750644 0.00224727 0.00206959 0.00145608 0.00102723 0.00105033 0.00326804 0.00474929 0.0068751 0.00838937 0.00816819 0.00386904 0.943966 0.00766525 0.000992603 
5.00881e-05 0.000527831 0.00158887 0.00148092 0.00127712 0.00121614 0.00161812 0.00180234 0.00222386 0.00316569 0.00172111 0.00173679 0.0020511 0.00339894 0.904855 0.0165267 0.00461329 0.0142595 0.002187 0.00167469 0.00112654 0.00470741 0.00540278 0.0167462 0.00404157 
1.48433e-11 8.66584e-09 1.53695e-06 3.57311e-05 0.00010955 0.000222456 0.000925282 0.00108046 0.00231042 0.00170623 0.00223381 0.00220772 0.0070009 0.00690293 0.852874 0.0385194 0.0113855 0.0129528 0.00538765 0.0055891 0.00506038 0.00578985 0.00478656 0.0272188 0.00569885 
0.000334518 0.00296316 0.0113832 0.0178648 0.0260579 0.0306709 0.0265437 0.0327165 0.0355219 0.0370787 0.0299237 0.0271771 0.0253832 0.029907 0.023108 0.0183395 0.0212235 0.0454455 0.0449998 0.42006 0.0275291 0.0275073 0.0208351 0.00968398 0.00774162 
5.08221e-11 2.57883e-08 8.86919e-06 6.01964e-05 0.000129569 0.000338711 0.000805317 0.000533325 0.00117615 0.00209816 0.00242488 0.00183159 0.00778222 0.903461 0.0175187 0.0113249 0.0063902 0.0108628 0.00756168 0.00318252 0.00336069 0.00196602 0.0108024 0.00195305 0.00442671 
4.03726e-11 1.85135e-08 6.00772e-06 2.81432e-05 9.14889e-05 0.000381224 0.00160189 0.000655686 0.0017936 0.00190221 0.00216121 0.00155957 0.00350611 0.00675632 0.00288068 0.00597969 0.00269019 0.00295125 0.00721678 0.00294344 0.940001 0.0043635 0.00614174 0.00237031 0.00201795 
0 0 0 0 0 0 0 0 0 0 0 0 0 0 0 1.04416e-05 7.3273e-05 0.000131027 0.000124807 0.000348849 0.000498823 0.000686182 0.000937638 0.00130128 0.995888 
1.02696e-15 9.7408e-13 6.43123e-12 2.73721e-09 2.8044e-09 5.08377e-07 1.84316e-06 5.46845e-05 0.000115039 0.000430969 0.000541094 0.00114978 0.00261749 0.00251811 0.00146164 0.00176892 0.00148817 0.0017158 0.00226765 0.00246859 0.00201706 0.0042426 0.959314 0.00729877 0.00852767 
8.46129e-11 3.83472e-08 1.08044e-05 8.13943e-05 0.000148776 0.000715606 0.00202163 0.00393274 0.00582531 0.00666356 0.00698869 0.00524418 0.0099749 0.0171465 0.861288 0.017618 0.00876163 0.015966 0.00666991 0.00483539 0.00707781 0.00334942 0.00576161 0.00472346 0.00519466 
0 0 0 4.25019e-54 2.99574e-45 3.35211e-36 7.43397e-34 2.92515e-24 2.80431e-18 1.25382e-16 2.19347e-09 2.73014e-08 1.85173e-07 1.04128e-06 2.92888e-05 4.98993e-05 8.721e-05 0.000132365 3.84397e-05 0.000243492 0.000476974 0.000637915 0.000923676 0.000952949 0.996427 
4.00985e-20 1.3339e-17 2.33239e-15 1.13869e-12 3.03186e-13 2.43088e-09 9.81636e-07 1.83704e-05 5.09165e-05 4.89027e-05 5.90465e-05 9.2133e-05 0.00175214 0.00152971 0.00180378 0.00585007 0.958309 0.0106061 0.00267067 0.00375099 0.000994927 0.00216329 0.00188242 0.00528198 0.00313424 
2.88319e-11 9.17087e-09 4.21e-06 6.25564e-06 2.32213e-05 0.000132203 0.000938173 0.000203969 0.00107428 0.0014752 0.00169743 0.00128598 0.00296621 0.00561111 0.00261251 0.00319987 0.00259595 0.00284946 0.00592522 0.932916 0.0184688 0.00497396 0.00692539 0.00220954 0.00190482 
5.22041e-12 3.09398e-09 6.86406e-07 8.2627e-06 4.21934e-05 0.000109959 0.000764676 0.000211457 0.000449734 0.0003606 0.000628013 0.000691381 0.00254054 0.00432001 0.00159746 0.00177045 0.00130883 0.00139935 0.00430893 0.00244642 0.00378554 0.951699 0.015016 0.00569706 0.000843412 
4.39805e-09 1.31505e-06 2.70975e-05 5.26465e-05 2.38907e-05 7.56236e-05 0.000183469 0.000321346 0.000344339 0.000510106 0.000611949 0.000855963 0.00267008 0.00256659 0.00179316 0.00189282 0.00204175 0.00213252 0.00379477 0.00420086 0.00266951 0.951068 0.0140477 0.00735792 0.000756525 
4.34634e-66 2.40811e-63 1.69229e-62 4.20351e-59 2.89657e-50 3.32601e-41 7.69109e-39 3.51461e-29 3.37032e-23 1.24514e-21 8.55613e-13 2.08903e-11 1.20895e-10 1.43906e-10 4.26928e-10 8.54677e-10 6.88024e-08 2.50087e-07 2.31256e-07 3.84651e-07 7.41829e-07 2.56121e-06 0.00097743 0.00223457 0.996784 
0 0 0 0 0 0 0 0 0 0 4.33218e-13 1.05649e-11 6.1165e-11 7.2801e-11 2.15986e-10 4.32351e-10 3.48454e-08 1.26549e-07 2.95486e-08 1.93176e-07 3.01615e-07 2.53935e-06 0.000505213 0.00120715 0.998284 
2.98973e-08 1.01315e-05 5.28008e-05 0.000297093 0.000357907 0.000823407 0.00156905 0.003361 0.0045385 0.00516249 0.00544258 0.00498259 0.0097736 0.0134866 0.856193 0.0196446 0.00832551 0.0168363 0.0070152 0.00484735 0.00404579 0.00468854 0.0109668 0.0119067 0.00567232 
5.107e-12 2.37805e-09 1.1311e-06 1.28688e-06 4.46387e-07 6.94332e-06 6.49386e-05 0.000145941 0.000188454 0.00050527 0.000566227 0.000980037 0.00245503 0.0021619 0.00162299 0.00206233 0.00157162 0.00170405 0.00236206 0.00247718 0.968166 0.00706041 0.00405606 0.000867305 0.000971989 
1.99709e-06 4.39632e-05 0.000485595 0.00160157 0.00154796 0.00299465 0.00708256 0.0122123 0.0270508 0.723503 0.0114852 0.004929 0.00630866 0.0104901 0.0125584 0.0121912 0.0167311 0.0112608 0.0261404 0.0616238 0.00880267 0.00961189 0.0120265 0.00801582 0.0113003 
4.99743e-16 4.74074e-13 3.13093e-12 1.31757e-09 2.05652e-09 1.70406e-07 5.48219e-07 8.41576e-06 4.22705e-05 0.000266227 0.00034574 0.000854288 0.002339 0.00210233 0.00163632 0.00188193 0.0092316 0.938845 0.0145494 0.00494584 0.00412573 0.00244169 0.00580786 0.00750756 0.00306778 
2.05357e-16 1.94851e-13 1.28605e-12 5.43221e-10 4.82935e-10 9.03017e-08 3.09827e-07 2.61383e-06 2.32633e-05 0.000445025 0.000747079 0.00191854 0.00671853 0.00243976 0.00134758 0.00147677 0.00233638 0.0017776 0.00161623 0.00326202 0.00306987 0.00576696 0.952583 0.00752578 0.00694304 
0.00010307 0.00160286 0.00795461 0.0185719 0.0307352 0.0372522 0.0456738 0.0376379 0.069434 0.0434298 0.093319 0.0922741 0.0353111 0.0318951 0.124318 0.063025 0.0221221 0.0470547 0.0310582 0.0516881 0.0256192 0.0526498 0.0185049 0.0116912 0.00707367 
1.01096e-06 1.41078e-05 6.61091e-05 8.54203e-05 0.000134177 0.000133555 0.000271831 0.000195973 0.000666299 0.000960884 0.00109103 0.00138267 0.00274439 0.00316186 0.0017831 0.00205533 0.00248443 0.00300123 0.00340551 0.00310679 0.957234 0.00480861 0.00778487 0.00155359 0.00187279 
4.36856e-06 0.000125911 0.00129722 0.00396577 0.00431341 0.00543362 0.0112413 0.00845481 0.00896451 0.0145873 0.0118779 0.0135638 0.0154389 0.0155552 0.00970705 0.0140739 0.0166204 0.0686816 0.040942 0.0155522 0.653419 0.0358059 0.0154715 0.0123695 0.00253254 
1.33717e-11 1.14351e-09 4.06711e-07 6.99578e-07 8.93135e-07 3.0234e-06 0.0001152 6.82708e-05 0.000726747 0.000955704 0.00110726 0.00104367 0.00264305 0.00293078 0.00166425 0.00213835 0.00222553 0.00273706 0.00305629 0.00499201 0.958253 0.00326242 0.00750372 0.00220364 0.00236765 
0 0 0 0 0 0 0 0 0 0 0 0 0 0 0 0 0 3.98673e-05 0.000100055 0.000290692 0.000623039 0.000932282 0.00133273 0.00155131 0.99513 
4.09137e-57 2.26684e-54 1.59302e-53 8.84527e-52 8.09878e-48 3.88843e-27 7.13569e-25 6.16211e-18 3.44267e-13 1.96016e-18 1.09723e-12 2.09495e-11 1.054e-10 2.54035e-10 2.8434e-09 2.30089e-08 3.95727e-06 1.54924e-06 2.33977e-07 6.63787e-06 9.29227e-06 3.68898e-05 0.00123977 0.992799 0.00590262 
0 0 0 0 0 0 0 0 0 0 3.58369e-13 8.73951e-12 5.05973e-11 6.02228e-11 1.78669e-10 3.57652e-10 2.88203e-08 1.04659e-07 2.44045e-08 1.59699e-07 2.48296e-07 7.3452e-07 0.000409752 0.990096 0.00949307 
4.90248e-09 1.33258e-07 6.08237e-07 1.26393e-06 2.29269e-06 7.01747e-06 2.27874e-05 0.000157641 0.000164689 0.000308718 0.000322943 0.00139276 0.00268526 0.00292841 0.00317509 0.00565731 0.0122063 0.917837 0.0154966 0.00518184 0.00411565 0.00400415 0.0110273 0.0108556 0.00244866 
6.35485e-06 0.000682191 0.00181926 0.00401353 0.0030837 0.00259882 0.00227759 0.00447841 0.00528927 0.0261257 0.0114873 0.00803144 0.0148796 0.0165353 0.0103506 0.0185046 0.797366 0.0186649 0.00998641 0.00789981 0.0051912 0.00440889 0.00863905 0.0109428 0.0067375 
1.34335e-08 3.49139e-07 1.57458e-06 3.52506e-06 6.25494e-06 1.55585e-05 0.000112551 7.29133e-05 0.000395331 0.000460883 0.000459731 0.00171185 0.00146164 0.00130127 0.000730712 0.00132577 0.00260289 0.00382082 0.00263688 0.00173187 0.00690975 0.00233673 0.961957 0.00832413 0.00161998 
3.01437e-09 7.26394e-07 1.13921e-05 1.35942e-05 8.67779e-06 7.32166e-06 5.8989e-05 0.000919909 0.00120618 0.00165679 0.00201127 0.00205359 0.00700659 0.00555824 0.00633663 0.906196 0.0279176 0.0079704 0.00426066 0.00657202 0.00425796 0.00288471 0.00310509 0.00539111 0.00459417 
1.14937e-08 2.01911e-07 8.4606e-07 1.44247e-06 1.95747e-06 4.13184e-06 1.0005e-05 7.63257e-05 0.00022873 0.000365165 0.000610331 0.000863696 0.00246496 0.00207554 0.00153363 0.0017379 0.00165518 0.00180636 0.00309015 0.00262838 0.00170416 0.958765 0.0173882 0.00221566 0.000772136 
3.0001e-11 9.80069e-09 4.34885e-06 7.6476e-06 7.90508e-06 8.23676e-05 0.000446801 0.000145311 0.000797751 0.00119204 0.00135506 0.00110682 0.00288481 0.00313021 0.00195886 0.00282223 0.00244743 0.00524612 0.944301 0.0103818 0.00419455 0.0022113 0.00570209 0.0086312 0.000942219 
0.284102 0.418349 0.0530743 0.0218427 0.00887207 0.0085505 0.0125521 0.014433 0.0150343 0.0176893 0.0133945 0.0149611 0.0124114 0.00951963 0.00792221 0.00996983 0.0083239 0.0103501 0.00833449 0.00557478 0.00994815 0.00673657 0.0114265 0.00343402 0.0131937 
3.97672e-09 9.52444e-08 4.44057e-07 1.23664e-06 1.55269e-06 2.27345e-05 6.91014e-05 0.000200033 0.000148991 0.000267796 0.000381917 0.000787019 0.0023937 0.00198353 0.00146491 0.00178978 0.0018756 0.00264083 0.00258992 0.961909 0.00633149 0.00520614 0.00663352 0.00204353 0.0012572 
4.43408e-10 2.22257e-07 4.98299e-05 0.000617798 0.00148667 0.00311334 0.00532304 0.00481495 0.00644226 0.008825 0.0075331 0.104372 0.0133775 0.0130048 0.0127925 0.0139336 0.00890947 0.0120789 0.00598867 0.00382454 0.00457398 0.00270367 0.01072 0.00917702 0.746337 
2.45073e-31 7.98725e-29 4.1449e-26 4.67856e-21 5.4411e-20 4.94851e-16 5.1422e-14 3.655e-12 4.8347e-08 6.78878e-10 2.16782e-08 5.10942e-06 4.99615e-05 3.66601e-05 0.000439109 0.000389043 0.000525319 0.00113189 0.00204477 0.00616918 0.00423434 0.00689184 0.955205 0.00974343 0.0131343 
2.32394e-07 7.00211e-06 8.80159e-05 0.000284262 0.000210966 0.000317016 0.00110321 0.00224977 0.00292305 0.0032506 0.00308101 0.00897471 0.00765146 0.00733417 0.00942166 0.778246 0.0202729 0.0254659 0.0148201 0.0198109 0.0370545 0.0157297 0.00971945 0.0268579 0.00512513 
0 0 0 8.91901e-55 6.28655e-46 6.9226e-37 1.49373e-34 5.23439e-25 5.01696e-19 2.58814e-17 1.65298e-14 1.94329e-13 2.89938e-11 1.91248e-10 2.20916e-09 2.48445e-09 3.08993e-09 1.98851e-05 5.11874e-05 0.000161863 0.000249434 0.000328229 0.000414845 0.000849374 0.997925 
1.04436e-07 4.03231e-05 3.76277e-05 6.27137e-05 5.32849e-05 6.9218e-05 0.000220347 0.00010017 0.000860976 0.00117221 0.00128581 0.00119117 0.00280515 0.00313194 0.0018293 0.00259695 0.00232082 0.00260431 0.00350785 0.927329 0.0212006 0.010326 0.0119119 0.00297088 0.00237089 
1.36864e-11 2.28443e-09 2.54831e-07 4.40009e-06 4.04695e-06 0.000259287 0.00101183 0.00349863 0.00458807 0.00440147 0.00523169 0.0045093 0.00901679 0.01076 0.854047 0.0236174 0.0109328 0.0121204 0.0062675 0.00619543 0.00456532 0.00697327 0.0055069 0.020428 0.00606024 
2.06485e-10 1.14481e-07 2.03773e-05 0.000212085 0.000288212 0.001063 0.00438373 0.00566857 0.00878326 0.0101142 0.00792988 0.00640846 0.0125999 0.0143927 0.0203011 0.832874 0.0153129 0.0138847 0.00737268 0.00483206 0.00524183 0.00326437 0.00688421 0.0133212 0.00484632 
5.09501e-11 1.79482e-08 8.03382e-06 9.80584e-06 5.026e-06 0.000275483 0.000925466 0.00283206 0.00462186 0.00449006 0.00442451 0.0040838 0.00911187 0.0103186 0.0119824 0.039644 0.811736 0.0166141 0.00715696 0.00621498 0.00444333 0.00837675 0.00744594 0.0369431 0.00833565 
0 0 0 0 0 0 0 0 0 0 0 0 0 0 0 0 0 0 0 0 0 9.02673e-06 7.69507e-05 0.00024082 0.999673 
1.8097e-11 4.08816e-09 1.96216e-06 1.40565e-06 8.68795e-07 3.6978e-06 0.000112232 6.84764e-05 0.00068031 0.000855712 0.000925233 0.000928293 0.00265966 0.00277103 0.00185942 0.00275134 0.0135841 0.898319 0.0166082 0.0176079 0.0119238 0.00295745 0.00955065 0.0117515 0.00407757 
4.11163e-29 2.14555e-26 7.51414e-25 6.09233e-18 3.94074e-17 1.01852e-12 1.47195e-11 7.07626e-09 6.0113e-05 1.77054e-07 1.60074e-06 1.66753e-05 0.000340923 0.0010186 0.0019076 0.00669574 0.943895 0.0252131 0.00141179 0.00189618 0.000476559 0.00188134 0.00571823 0.00689753 0.00256834 
3.46034e-11 1.23081e-08 5.45937e-06 1.48488e-05 6.15401e-05 0.000385117 0.00152739 0.000629055 0.00170638 0.00186204 0.00208439 0.00153842 0.00319981 0.00647957 0.00277771 0.005472 0.00262021 0.00335877 0.0076036 0.92919 0.00954176 0.00520353 0.00903327 0.00436756 0.00133745 
3.20971e-11 1.08711e-08 4.79774e-06 1.39155e-05 4.94673e-05 0.000307706 0.00149987 0.000556255 0.00153804 0.00163469 0.00183566 0.00147955 0.00318847 0.00624802 0.00273521 0.00444885 0.00274812 0.00652062 0.936376 0.0074457 0.00649927 0.0026412 0.00607155 0.00524927 0.00090772 
1.39129e-12 6.98337e-10 2.13488e-07 1.46908e-06 4.37929e-06 1.15e-05 0.000577081 6.2506e-05 0.000499778 0.000826736 0.00103005 0.00106527 0.00255734 0.00514312 0.00202151 0.00212729 0.00208675 0.00342208 0.936475 0.0136779 0.00699803 0.00373976 0.00633719 0.0099197 0.00141537 
4.74586e-15 4.00702e-12 2.88234e-11 1.25327e-08 5.31746e-08 4.09144e-06 7.10326e-05 0.00121299 0.0016291 0.00221959 0.00247804 0.00268452 0.00753982 0.00734733 0.00575773 0.893871 0.0304413 0.00913385 0.00603074 0.00680216 0.00448474 0.00332177 0.00407071 0.0061939 0.00470598 
0 0 0 0 0 0 0 0 0 0 0 0 0 0 0 0 1.21831e-12 6.60038e-12 1.00722e-11 2.63206e-11 6.765e-11 4.12983e-08 8.69674e-07 0.00182879 0.99817 
2.62885e-08 6.65007e-07 3.29116e-06 6.48254e-06 1.15776e-05 2.14356e-05 5.37926e-05 6.67123e-05 9.91923e-05 0.000127072 0.000125906 0.00227571 0.000372376 0.000473297 0.000990516 0.000961625 0.00301657 0.00539139 0.00269529 0.00577275 0.012286 0.00781907 0.943202 0.00699247 0.00723482 
1.34315e-49 7.44135e-47 5.24813e-46 2.94963e-41 4.31502e-40 3.41116e-24 6.25985e-22 5.40577e-15 3.02012e-10 1.79385e-15 7.58571e-12 2.25518e-10 9.23864e-10 7.82721e-08 2.13912e-05 3.35326e-05 4.83236e-05 0.000259234 4.38239e-05 0.000699338 0.000181513 0.0004765 0.989979 0.0080371 0.000220026 
4.06374e-17 3.85487e-14 2.58359e-13 4.03598e-10 4.94108e-09 1.39396e-07 5.05353e-05 0.000865793 0.00101043 0.00140768 0.00172041 0.00147503 0.0066472 0.00475808 0.00497047 0.00828556 0.912785 0.0203296 0.0036725 0.00643624 0.00405825 0.00314101 0.00731054 0.00676957 0.00430601 
0 0 0 0 0 0 0 0 0 0 6.44226e-13 1.57107e-11 9.09568e-11 1.0826e-10 3.21187e-10 6.42938e-10 5.18068e-08 1.88128e-07 4.38511e-08 2.87032e-07 4.46212e-07 4.91027e-07 0.000734259 0.991877 0.00738767 
3.83786e-12 2.2394e-09 1.78962e-08 5.75289e-06 2.11744e-06 0.000190552 0.000586318 0.0026807 0.00329855 0.00367246 0.00425229 0.0041967 0.0137128 0.890966 0.0117156 0.0103062 0.00792488 0.00979793 0.00635777 0.00477804 0.00376918 0.00238514 0.00921482 0.00525843 0.00492827 
7.53602e-09 3.34087e-07 4.08779e-05 0.000223841 0.000466374 0.00152038 0.00497731 0.00589465 0.00922795 0.0111493 0.00891212 0.0095173 0.830901 0.0142598 0.0153713 0.0164841 0.00987854 0.011411 0.00747199 0.00521166 0.00800629 0.00484618 0.00767662 0.0127271 0.00382409 
0.000206133 0.00292085 0.0333641 0.0216881 0.0305935 0.0600458 0.0827737 0.0396552 0.0611691 0.0862933 0.0393116 0.0756785 0.0472152 0.033836 0.0308011 0.0266579 0.0409258 0.101584 0.026605 0.0692141 0.0236582 0.0257893 0.0198723 0.0117902 0.00835058 
4.62543e-10 5.01267e-07 5.27733e-05 0.000330658 0.000598837 0.00180519 0.00556338 0.00618672 0.0100874 0.0116186 0.00990847 0.00667759 0.0118844 0.0143565 0.806066 0.0279885 0.0189844 0.0176017 0.00693373 0.00825705 0.00643864 0.00539106 0.00619588 0.0114734 0.00559901 
5.67008e-11 2.16363e-08 8.4092e-06 3.94662e-05 7.56248e-05 0.000124794 0.000258656 0.000130917 0.000942105 0.00137558 0.00135883 0.00119671 0.00279122 0.0031512 0.00192193 0.00266101 0.00232308 0.00295153 0.00398004 0.95048 0.00593094 0.00477539 0.00783503 0.00460283 0.0010844 
1.99331e-19 7.33203e-17 4.52254e-14 8.447e-09 7.34852e-08 1.43119e-06 3.77434e-05 0.000157948 0.000327494 0.000240988 0.000209351 2.48102e-05 0.000487588 0.00112837 0.00131726 0.00163237 0.000882728 0.000555922 0.47924 0.00553936 0.00495521 0.00810797 0.488841 0.00333233 0.00298006 
7.87629e-10 3.06185e-08 5.92564e-06 1.28271e-05 5.18807e-05 0.000382537 0.00146199 0.000594629 0.00159473 0.00173404 0.00196747 0.00149221 0.00318397 0.00633256 0.00282118 0.00472123 0.00270074 0.00309099 0.00725949 0.92679 0.0141783 0.00489949 0.0091961 0.0030298 0.00249793 
3.65908e-17 3.47134e-14 2.30637e-13 1.01501e-10 1.32108e-10 1.4879e-08 7.71678e-08 2.43311e-06 3.06771e-05 0.000152177 0.000291167 0.000629617 0.00229428 0.00138817 0.0012237 0.00149441 0.00112593 0.00118603 0.00200991 0.00232984 0.001537 0.962361 0.0169653 0.00425155 0.000726641 
2.03388e-06 4.83201e-05 0.00050793 0.0016208 0.00119678 0.00117506 0.00505849 0.0037073 0.00327585 0.00477734 0.00366468 0.00367355 0.00387665 0.00500435 0.00470708 0.00572764 0.00747221 0.00839006 0.031139 0.00949162 0.0151037 0.0203129 0.852222 0.00541888 0.00242577 
7.62747e-10 4.80581e-08 3.32808e-07 1.56251e-06 7.19084e-06 7.68485e-06 2.99649e-05 5.66721e-05 0.000275464 0.000599458 0.000737885 0.00146805 0.00253829 0.00278081 0.00167849 0.00209682 0.00170646 0.00177601 0.0025321 0.00244495 0.00159538 0.95716 0.0162608 0.00344043 0.000805318 
1.03146e-06 1.56651e-05 9.45094e-05 0.000176776 0.000287147 0.000287879 0.00057836 0.000449296 0.000429158 0.000709232 0.000683694 0.00331961 0.00239821 0.00232291 0.00145754 0.00193227 0.00404324 0.00646627 0.00546378 0.00358211 0.476251 0.47721 0.00922072 0.00121212 0.00140745 
0 0 0 0 0 0 0 0 0 0 0 0 0 0 0 0 1.62624e-11 8.8104e-11 1.34447e-10 1.41939e-05 6.35734e-05 9.71676e-05 0.000205603 0.995693 0.00392689 
5.74714e-06 0.0004485 0.00114583 0.00198523 0.00161701 0.00226157 0.00487349 0.00840688 0.00874082 0.00877689 0.00805002 0.00627713 0.0118161 0.0170416 0.0117709 0.0155337 0.807684 0.0232003 0.00911316 0.00893464 0.00875307 0.00512163 0.00993489 0.0121378 0.00636866 
2.28559e-12 1.31567e-09 2.24184e-07 3.50347e-06 6.64761e-06 0.000142506 0.00105509 0.00227434 0.00275586 0.00288569 0.00324851 0.0036036 0.00805636 0.00998898 0.00697438 0.00867542 0.862917 0.0262689 0.015658 0.00830975 0.00827743 0.00319806 0.00882954 0.0109973 0.00587265 
0 0 0 0 0 0 0 0 0 0 0 6.3766e-06 7.39395e-06 0 8.87597e-06 8.66733e-06 0 8.08019e-06 7.38924e-06 0 7.32375e-06 1.78211e-05 7.51618e-05 0.000164981 0.999688 
7.12589e-11 2.94936e-08 9.85896e-06 4.20714e-05 5.4644e-05 0.000359507 0.00147703 0.00271049 0.0047784 0.00579532 0.00569375 0.00399374 0.00925736 0.0149188 0.00909187 0.0199282 0.85389 0.0102009 0.00817794 0.00705315 0.00771204 0.00645831 0.00618289 0.0171172 0.00509647 
1.50131e-12 8.32913e-10 6.5732e-09 2.15707e-06 9.27541e-07 0.000157969 0.00038573 0.00256804 0.00290345 0.00288892 0.00319008 0.00344725 0.00777295 0.00790978 0.00722524 0.013926 0.887305 0.0115222 0.00671149 0.00738526 0.00472161 0.00484887 0.00698553 0.0126373 0.00550397 
3.28226e-10 1.63855e-07 3.92016e-05 0.000290979 0.000563164 0.00169084 0.0052206 0.00612299 0.00973875 0.0116144 0.00866293 0.00677462 0.819818 0.0246184 0.0180911 0.0169124 0.00990386 0.0132741 0.00704972 0.00549451 0.00543393 0.00378812 0.0124048 0.00615042 0.00634203 
3.16494e-11 1.08836e-08 5.61468e-06 2.97251e-06 4.30642e-06 8.55882e-05 0.000385437 0.000142696 0.000888904 0.00138114 0.00133858 0.00115136 0.0030148 0.00368242 0.0020103 0.00287612 0.00237494 0.0030535 0.00608215 0.947645 0.00632722 0.00399907 0.00632862 0.00620905 0.00101044 
1.18359e-08 3.01477e-07 4.11968e-06 4.30528e-06 6.19468e-06 5.08326e-05 0.000272173 0.000136639 0.000851653 0.00119865 0.00127645 0.00174868 0.00289859 0.00336285 0.00188028 0.00292604 0.00350632 0.00473562 0.00355207 0.00270529 0.00712985 0.941566 0.016761 0.00257324 0.000853164 
1.93918e-66 1.07441e-63 7.55042e-63 2.55513e-58 1.79803e-49 1.99121e-40 4.33907e-38 1.58824e-28 1.52241e-22 7.44624e-21 1.05143e-12 2.57305e-11 1.49067e-10 1.77486e-10 5.25918e-10 1.05137e-09 8.45154e-08 3.08463e-07 1.22404e-06 4.75606e-07 1.96355e-06 2.7101e-06 0.00120386 0.987597 0.0111924 
1.66169e-08 4.30285e-07 1.93185e-06 3.86317e-06 7.10176e-06 1.39492e-05 4.08856e-05 9.1597e-05 0.000398282 0.000711742 0.000908232 0.00239229 0.00265095 0.00307223 0.00172395 0.00205028 0.00346727 0.00502613 0.00306541 0.00265388 0.00907886 0.00785548 0.94365 0.00840606 0.00272895 
7.30709e-12 1.14343e-09 1.04171e-08 2.61796e-06 7.31006e-07 0.000159683 0.000352612 0.00242985 0.00265185 0.0030161 0.00336812 0.00375026 0.00839411 0.00859624 0.00717993 0.00790029 0.0116679 0.886048 0.0150452 0.00829544 0.00661711 0.00382629 0.00821213 0.00843727 0.0040479 
6.75306e-11 2.84233e-08 1.04025e-05 5.10106e-05 0.000184692 0.000405774 0.00144426 0.000510376 0.00159209 0.00160883 0.00184359 0.00155315 0.00344803 0.00634015 0.00285567 0.00380057 0.00264274 0.00293182 0.00686082 0.0027219 0.00411061 0.932191 0.0158692 0.00615514 0.000868006 
0 0 0 0 0 0 0 0 0 0 1.6003e-14 3.90265e-13 2.25943e-12 2.68926e-12 7.9785e-12 1.5971e-11 1.2965e-09 4.72517e-09 1.16854e-09 7.33717e-09 1.37578e-08 1.01712e-06 2.7282e-05 0.00135166 0.99862 
5.5615e-11 2.06139e-08 5.19299e-07 5.74822e-05 0.000145724 0.000821975 0.00328065 0.00570035 0.00736166 0.00808629 0.00688351 0.0056773 0.0100795 0.016078 0.018033 0.824338 0.0146731 0.0134786 0.00530495 0.00616812 0.00663427 0.00747096 0.0065677 0.027625 0.00553364 
1.93663e-08 4.79219e-05 4.63833e-05 2.5749e-05 4.20376e-05 0.000416769 0.00123268 0.0031667 0.00410613 0.00523875 0.00495248 0.00433888 0.00944599 0.0103042 0.00886557 0.0138982 0.860927 0.0244768 0.00755926 0.00720771 0.00496332 0.00451897 0.00977867 0.00931143 0.0051282 
2.73268e-11 5.59727e-09 5.78342e-07 1.28669e-05 5.23422e-05 0.000394195 0.00149392 0.00377756 0.0058396 0.00591884 0.00599053 0.00503823 0.00951401 0.0120314 0.014962 0.847864 0.0122373 0.0171846 0.0053463 0.00655276 0.00471014 0.00491154 0.00878016 0.0223863 0.00500057 
4.53956e-11 3.11438e-09 1.00169e-08 3.46276e-08 6.45604e-08 1.66961e-07 5.09176e-07 5.78863e-07 9.99719e-07 1.29729e-06 1.0026e-06 7.35873e-05 2.55721e-06 1.70946e-06 1.40048e-06 1.59482e-06 1.094e-06 2.72537e-06 1.51048e-06 1.55614e-06 1.60692e-06 0.000120424 0.000938319 0.991533 0.00731401 
3.62824e-11 1.30469e-08 5.69474e-06 1.27751e-05 8.076e-05 0.000302588 0.000548789 0.00020599 0.0009264 0.00135979 0.00151053 0.00120911 0.00304066 0.00407337 0.00250543 0.00298494 0.00251127 0.0035857 0.93502 0.0160804 0.00551527 0.00290977 0.00712344 0.00767904 0.000808034 
8.41169e-09 2.2416e-07 1.4535e-06 8.6449e-06 1.60569e-05 0.000212571 0.000998434 0.00284786 0.00258424 0.00240033 0.00303737 0.00334381 0.00657049 0.00815374 0.00678177 0.009249 0.455939 0.0129646 0.446631 0.00677216 0.0103713 0.00461275 0.00635375 0.00590706 0.00424269 
1.15158e-05 0.000681911 0.000946747 0.00103056 0.0008236 0.000699482 0.00250904 0.00142229 0.00267852 0.00749059 0.00295688 0.00351541 0.005019 0.00822715 0.00353206 0.00623745 0.00286192 0.00435955 0.00906649 0.00452206 0.908918 0.00521117 0.0114555 0.00323197 0.00259065 
0.00156156 0.00638208 0.0227479 0.0446508 0.0498068 0.0949296 0.061855 0.0583275 0.0561373 0.141509 0.0546926 0.0522318 0.0399321 0.0357821 0.0332525 0.0354296 0.0243973 0.0449833 0.0406306 0.0190704 0.0215479 0.0226082 0.0164284 0.0121822 0.00892341 
2.81149e-10 1.44122e-07 3.90687e-05 0.000243423 0.00047545 0.00152073 0.00472894 0.00598483 0.00891933 0.0112451 0.00840316 0.00674557 0.0155411 0.826972 0.0195858 0.0186968 0.0106862 0.0177705 0.00700352 0.00527724 0.00543977 0.00354147 0.0100307 0.00592959 0.00521912 
4.30136e-10 2.11455e-08 5.34054e-06 1.75572e-05 3.64728e-05 0.000312607 0.00143614 0.000515235 0.0015411 0.00168829 0.00191465 0.0015823 0.00321594 0.00642829 0.00280549 0.00395521 0.00263712 0.0028904 0.00693691 0.002653 0.00434682 0.937401 0.0143271 0.00235279 0.00100027 
2.65442e-06 8.06785e-05 0.00135885 0.00371445 0.00378637 0.00368363 0.00819767 0.00755195 0.00644276 0.0156358 0.00916212 0.00707023 0.00791647 0.0095839 0.00715198 0.0105793 0.0123427 0.0334874 0.761225 0.0298642 0.0244959 0.0139786 0.011797 0.00910233 0.00178847 
3.71645e-11 1.54002e-08 5.69343e-06 2.49168e-05 0.000112577 0.000417592 0.00188244 0.00065054 0.00187928 0.00200475 0.0023715 0.00166376 0.0040088 0.0065215 0.00269102 0.00634457 0.00276379 0.00473373 0.00932307 0.927456 0.00726608 0.00320093 0.00649043 0.00717043 0.00101659 
1.27998e-10 6.33692e-08 2.54145e-05 0.000145052 0.000172239 0.000764669 0.00270427 0.0039696 0.00614126 0.00835801 0.00693458 0.0058012 0.0116763 0.0219147 0.853036 0.0165157 0.0102617 0.0129075 0.00626684 0.00455345 0.00537755 0.00289275 0.00908662 0.00488251 0.00561167 
5.92314e-11 2.26458e-08 1.02455e-05 1.25782e-05 2.15633e-05 0.000227234 0.000810199 0.00234551 0.00364453 0.00491398 0.00465537 0.00389609 0.00905151 0.0101886 0.86772 0.0211409 0.0103823 0.0144831 0.00641362 0.00553638 0.00428556 0.00418435 0.00627332 0.0139196 0.0058833 
0.000191298 0.00259031 0.0102126 0.01759 0.0235418 0.0301769 0.0339097 0.0305641 0.0319712 0.0357827 0.0334064 0.0278398 0.0289372 0.029303 0.0238858 0.0283451 0.274166 0.0545367 0.0553046 0.0374604 0.0331749 0.0260883 0.106144 0.0122979 0.0125788 
8.86268e-11 4.90904e-08 2.32676e-05 0.000117762 0.000232921 0.000491011 0.00190386 0.000560287 0.00151845 0.00204548 0.00215111 0.00142746 0.00385235 0.00587892 0.00285765 0.00507586 0.00583294 0.92039 0.0178671 0.00323719 0.00559493 0.0026342 0.00776839 0.0068926 0.00164588 
4.10111e-27 1.40088e-24 4.41794e-22 3.44961e-17 3.56085e-16 6.48847e-12 1.1745e-09 3.48319e-08 3.08953e-07 3.8934e-07 8.1929e-06 0.000122319 0.00026767 0.000673435 0.000913098 0.00093993 0.000648644 0.00137146 0.00141362 0.955466 0.0210004 0.00476221 0.00801895 0.00236611 0.00202745 
2.83154e-11 8.92946e-09 4.31187e-06 4.52178e-06 5.36397e-06 7.97327e-05 0.000566547 0.000164733 0.000889383 0.00132974 0.00151066 0.00121703 0.00295638 0.00406195 0.00217915 0.00297408 0.00241427 0.00247926 0.00443113 0.00265369 0.00275161 0.944144 0.0163814 0.00597416 0.000826973 
2.29658e-09 7.28462e-08 5.65863e-06 1.75331e-05 3.59435e-05 0.000280723 0.00147568 0.000564739 0.00156461 0.00170843 0.00190483 0.00180108 0.00324161 0.00633389 0.00280403 0.00427379 0.00280771 0.00320555 0.00655779 0.00272708 0.943729 0.00506552 0.00627832 0.00211723 0.00149893 
1.49677e-11 2.69944e-09 1.18197e-06 1.42743e-06 1.4949e-05 4.85827e-05 0.000282024 9.26226e-05 0.000705015 0.000928638 0.0010726 0.00103931 0.00276284 0.00296579 0.00219939 0.00346783 0.928001 0.0242184 0.00582677 0.00173494 0.00141657 0.00289968 0.0078828 0.00893574 0.00350212 
0.000108437 3.24242e-05 9.02801e-05 0.000180556 0.000268319 0.000624208 0.00211515 0.0010066 0.00201206 0.00229159 0.00263151 0.00220626 0.00413297 0.00676477 0.00306717 0.00654213 0.00346715 0.00984969 0.924699 0.00512747 0.00835893 0.00280396 0.00556144 0.00499507 0.0010629 
2.87647e-07 0.000217539 0.000810009 0.0016063 0.00159719 0.00233862 0.00263266 0.00293193 0.00332681 0.00284655 0.00301321 0.00461688 0.00468008 0.00657517 0.00366734 0.00478596 0.00319331 0.00604327 0.0126923 0.910732 0.00683128 0.00187243 0.00586931 0.00617266 0.000946783 
2.68299e-11 7.63822e-09 3.6737e-06 3.88973e-06 6.06308e-06 7.15935e-05 0.000772712 0.000163885 0.000929479 0.00131129 0.00158844 0.00123493 0.00297846 0.00486044 0.00221438 0.0030726 0.00461946 0.936033 0.0143127 0.0055856 0.0058684 0.00181712 0.00442954 0.00606221 0.00206055 
1.20711e-08 4.22192e-07 2.95258e-05 0.000191468 0.000313274 0.0012372 0.00410402 0.00525937 0.0082393 0.0101059 0.007804 0.00718346 0.0147204 0.828923 0.0168627 0.0182827 0.012907 0.0164685 0.00669826 0.00553302 0.0103539 0.0048882 0.00923267 0.00550814 0.00515332 
3.80983e-08 1.07844e-06 1.04372e-05 1.97687e-05 5.70246e-05 0.000366795 0.00145577 0.000656091 0.00164973 0.00195222 0.00202121 0.00436952 0.00347167 0.00654924 0.00296866 0.00439742 0.00641508 0.0103781 0.0093937 0.00319258 0.0214333 0.891808 0.0140345 0.00842155 0.00497648 
0 0 0 0 0 0 0 0 0 0 0 0 0 0 0 0 0 2.14814e-05 3.73737e-05 0.000145397 0.000248194 0.000375139 0.000507331 0.000885568 0.99778 
1.87588e-09 5.74631e-08 5.34645e-06 1.56943e-05 6.65743e-05 0.000371439 0.00155811 0.000614343 0.00160172 0.00171017 0.00214713 0.00151008 0.00325966 0.00628553 0.00269331 0.00573124 0.00498194 0.921477 0.0177573 0.00549801 0.00753165 0.00222808 0.0056484 0.00529278 0.00201481 
2.52298e-10 1.31987e-07 3.10158e-05 0.00022818 0.000349001 0.00128019 0.00427089 0.00543667 0.00845268 0.0104295 0.00780533 0.00629393 0.013209 0.842225 0.017598 0.0175975 0.0118989 0.0137988 0.00646686 0.00509629 0.00521101 0.00323634 0.00868583 0.00505959 0.00533941 
8.18532e-11 3.60617e-08 1.21961e-05 5.65749e-05 0.000116201 0.000624519 0.00155647 0.00345324 0.00530348 0.00534139 0.00638336 0.00488415 0.009571 0.0152458 0.828756 0.0266949 0.00987473 0.0205164 0.00681561 0.00484208 0.00650317 0.00703777 0.00811048 0.0214904 0.00681044 
