2302
4.87873e-15 1.51201e-12 2.54321e-09 4.55722e-08 1.01303e-07 1.25662e-06 9.80229e-07 7.34737e-07 2.58856e-06 5.53867e-06 4.34406e-06 1.55897e-05 5.50904e-06 4.51452e-05 0.000108643 4.56015e-05 2.12918e-05 4.73785e-05 2.4054e-05 8.2397e-06 7.13272e-06 1.95907e-05 3.51049e-05 3.58849e-05 0.999565 
8.94444e-07 8.02506e-05 0.000524216 0.00244081 0.00715125 0.0165489 0.0154613 0.0144619 0.0165164 0.0211876 0.0323823 0.0310864 0.0255519 0.0268567 0.0198429 0.0277469 0.0188257 0.0261294 0.0143138 0.0191971 0.0164307 0.0102184 0.0243778 0.0236285 0.589038 
6.39838e-12 1.41998e-11 5.88347e-06 9.16102e-05 0.000113593 0.000405782 0.000936869 0.0029747 0.00242298 0.00361244 0.00459796 0.00372966 0.00413888 0.00906583 0.00855118 0.897425 0.0111141 0.00946767 0.00633231 0.0063144 0.0063175 0.00416155 0.00437214 0.00959922 0.00424875 
2.99396e-13 2.46582e-11 1.74483e-07 1.90958e-06 1.04278e-05 1.14562e-05 0.000587945 0.000119753 0.000541087 0.000515649 0.000505946 0.000658633 0.000557237 0.00230707 0.000816585 0.000957856 0.000988505 0.00133724 0.00423041 0.0009965 0.0019129 0.000739825 0.974474 0.00751646 0.000212904 
5.63464e-07 0.000241567 0.00180355 0.00565203 0.00926761 0.0613789 0.508289 0.0644786 0.0145669 0.0280282 0.0451011 0.0351926 0.01614 0.0135067 0.0123417 0.015306 0.0109289 0.0127951 0.0340461 0.00756868 0.0342524 0.0540178 0.00633958 0.00585394 0.0029029 
1.37369e-06 0.000756595 0.00340932 0.0141387 0.0201384 0.0221729 0.0235056 0.0281217 0.024783 0.0388591 0.565105 0.030545 0.0334914 0.034105 0.0225223 0.0241572 0.0199745 0.0196426 0.0121379 0.0124783 0.0111517 0.0102756 0.0136639 0.00836094 0.00650168 
1.85961e-17 2.64122e-15 4.82002e-14 5.887e-08 1.21668e-07 9.20605e-07 2.42219e-05 3.88444e-05 0.000372299 0.000548473 0.000809264 0.000810903 0.000830249 0.00208679 0.00141943 0.00152677 0.00162283 0.00196662 0.00243855 0.00153558 0.00105655 0.964058 0.0114918 0.00676421 0.000597933 
2.982e-11 6.47343e-11 2.75036e-05 0.000248839 0.000360214 0.00167719 0.889717 0.0212239 0.00691753 0.00982208 0.00388993 0.00296043 0.00248054 0.00308745 0.0115768 0.0231689 0.00482958 0.00763834 0.00360181 0.00138921 0.00265006 0.000294034 0.000987148 0.000711889 0.000739263 
0 0 0 0 0 0 0 1.99332e-15 1.23023e-09 3.22174e-14 6.98097e-10 1.04278e-07 6.61456e-07 3.84028e-06 1.96804e-05 5.45046e-05 3.50514e-05 6.88756e-05 0.00035474 0.988148 0.0033229 0.00154448 0.00336838 0.00293619 0.000142924 
1.42478e-09 1.49839e-08 1.27693e-07 3.20514e-07 5.72411e-07 9.5805e-07 2.92885e-06 4.5484e-06 4.41188e-06 6.094e-06 5.99577e-06 8.33886e-06 5.40354e-06 3.64955e-05 4.24176e-05 9.26323e-05 0.000355251 0.000791626 7.18686e-05 0.00018003 0.00153026 0.00230248 0.983332 0.00616652 0.0050584 
0.000175102 0.00270008 0.010446 0.012943 0.015642 0.0222685 0.0506253 0.334318 0.292916 0.0213 0.0343889 0.0200853 0.0274235 0.029517 0.0131436 0.0166379 0.0152078 0.0138475 0.00637578 0.0180947 0.0132638 0.00639702 0.00747019 0.00516777 0.00964499 
0.000350728 0.00684448 0.0259597 0.0281459 0.0344961 0.0276176 0.032414 0.0357362 0.0402308 0.0575961 0.0634261 0.0472727 0.0587931 0.0516199 0.0272491 0.0277192 0.0364268 0.0257512 0.0170629 0.0148128 0.0219004 0.279804 0.0203988 0.00958372 0.00878787 
1.39745e-06 9.90574e-05 0.000852 0.00295583 0.00626552 0.0133487 0.0199 0.00933011 0.00780067 0.0125468 0.0177971 0.0141054 0.0122986 0.0193694 0.00688326 0.0103574 0.0113645 0.0211781 0.020123 0.0136038 0.73647 0.0178211 0.0158807 0.00757086 0.00207699 
6.36333e-09 9.73193e-08 3.27971e-06 3.60473e-06 4.00672e-06 2.78677e-05 0.000408735 0.00012567 0.00053101 0.000802413 0.00114292 0.00199979 0.000946157 0.00236281 0.00161162 0.00174752 0.00333708 0.00781979 0.95218 0.00391982 0.00990992 0.00276208 0.00297994 0.00471767 0.000656249 
0 0 0 0 0 0 0 0 0 0 0 0 0 0 0 0 0 0 0 1.76663e-05 8.39895e-05 0.000139656 0.000197486 0.00051411 0.999047 
4.41577e-20 6.26926e-18 1.14458e-16 6.21614e-10 7.28813e-10 1.57539e-08 4.19942e-08 2.91687e-06 1.92332e-05 4.16108e-05 0.000226105 2.97309e-05 0.000467104 0.000734201 0.0029322 0.959122 0.0133359 0.00541564 0.00107405 0.00215015 0.000732666 0.00238789 0.000967901 0.00797752 0.00238318 
1.06994e-16 1.38593e-14 9.01984e-12 5.96945e-06 9.80012e-07 0.000120329 0.000374697 0.0022326 0.00176024 0.00289036 0.00328884 0.00295719 0.00375959 0.00611964 0.00714904 0.916901 0.00987556 0.0085002 0.00526572 0.00587035 0.00407005 0.00239485 0.00349368 0.00926936 0.00369996 
3.05023e-12 7.42974e-12 2.81027e-06 1.92541e-05 2.86411e-05 0.000100102 5.68407e-05 8.76658e-06 1.04816e-05 0.000310437 0.000332151 0.000782519 0.000625631 0.00150501 0.00564609 0.956801 0.00491595 0.00755205 0.00127887 0.000736472 0.00150523 0.000988241 0.00218491 0.0116515 0.00295697 
0 0 0 0 0 0 0 0 0 0 7.88132e-16 1.01552e-13 6.11311e-13 8.35035e-13 5.47397e-12 1.85086e-11 3.50234e-10 3.60056e-08 2.00835e-08 1.62301e-08 1.21656e-06 4.75386e-08 1.0716e-07 0.988895 0.0111033 
3.1947e-06 0.00016033 0.0026739 0.004659 0.00579725 0.00959655 0.0108992 0.00934628 0.01019 0.0196395 0.0124793 0.0136504 0.0192258 0.0170139 0.0128599 0.0158618 0.0155794 0.676415 0.0348502 0.0267973 0.0201751 0.024185 0.0154897 0.0180971 0.00435469 
5.93889e-14 1.41752e-12 2.74215e-08 2.43248e-05 6.83134e-05 0.000114495 0.000459359 0.000575946 0.000754185 0.00106033 0.00115563 0.00102788 0.00115833 0.00276199 0.0018165 0.00209477 0.00187719 0.00240864 0.00312964 0.00211086 0.0014773 0.00494453 0.964382 0.00592745 0.000670195 
1.1117e-11 2.53377e-11 1.02349e-05 0.000256264 0.000339441 0.000695255 0.00219434 0.00384228 0.00362992 0.00507842 0.00564193 0.717376 0.00818842 0.0088256 0.191255 0.00956716 0.00688256 0.00616156 0.00478139 0.00387591 0.00381287 0.00209329 0.00491785 0.00845603 0.00211896 
4.03664e-16 5.73311e-14 1.04628e-12 1.19476e-05 6.98254e-06 1.64098e-05 0.000270906 0.00147155 0.00141502 0.00254115 0.00245062 0.00239637 0.00310781 0.00534529 0.00505813 0.0065699 0.921141 0.0125406 0.00583302 0.00584386 0.00418485 0.00321793 0.00424669 0.00800202 0.0043282 
5.94503e-10 3.01762e-06 0.000225815 0.001501 0.00241349 0.00525653 0.00903863 0.00793357 0.0107781 0.0127555 0.0176113 0.830149 0.0127421 0.00988657 0.0103572 0.0136509 0.00831986 0.0113756 0.00585387 0.00653323 0.00549204 0.0029637 0.0066912 0.00554255 0.00292478 
4.01906e-08 1.54669e-05 0.000566706 0.000923115 0.000698827 0.000664911 0.00190064 0.00101646 0.00264857 0.00609194 0.00279477 0.00206678 0.0025334 0.00490998 0.00354599 0.00465787 0.00245717 0.00849095 0.911073 0.0138406 0.00980748 0.00379825 0.00771542 0.00696701 0.000814231 
3.097e-06 0.000239271 0.0014338 0.00242522 0.00567578 0.0100747 0.016368 0.00854787 0.00736261 0.00956081 0.0127816 0.0160756 0.0188411 0.0212307 0.00915158 0.0101587 0.0125907 0.0808183 0.0255529 0.0124485 0.0140743 0.0214953 0.665366 0.0143196 0.00340435 
8.32692e-12 2.0976e-10 1.97814e-06 1.12979e-05 9.74676e-05 0.000123049 0.000362029 0.000231503 0.000732358 0.000542575 0.000893423 0.00090081 0.00107265 0.00297662 0.00152145 0.00141969 0.00160407 0.00190852 0.0053724 0.00268941 0.00329445 0.00380883 0.951603 0.00914503 0.0096874 
2.09918e-11 6.05503e-11 1.89598e-05 0.000315325 0.000375548 0.0012626 0.0038029 0.00523608 0.00681126 0.00786562 0.894079 0.00685414 0.00503911 0.00817161 0.00801278 0.0106148 0.00665415 0.00630913 0.00373497 0.00578344 0.003273 0.0023087 0.00376591 0.00452295 0.00518832 
2.00259e-06 6.54211e-05 0.000766825 0.000890697 0.00104607 0.00314522 0.00488041 0.00546019 0.00517543 0.00402008 0.00484428 0.00625072 0.0115371 0.00922798 0.00585884 0.00697001 0.00666771 0.0618004 0.0201444 0.0141646 0.789242 0.0189321 0.00801813 0.00874797 0.00214162 
2.8352e-06 0.00258085 0.024933 0.189587 0.0549445 0.0351178 0.302124 0.0500548 0.0319728 0.091609 0.0262737 0.0152242 0.0203713 0.0300833 0.021519 0.0139358 0.0102218 0.0269432 0.00983414 0.0051428 0.00884857 0.0106879 0.00846096 0.00658988 0.00293759 
2.55164e-12 7.25359e-12 2.29559e-06 6.80624e-06 9.11292e-06 6.10926e-05 0.000867993 0.000227481 0.000842568 0.000994132 0.00146398 0.00111297 0.000974085 0.00404129 0.00193208 0.00201708 0.00182158 0.00239432 0.00930324 0.955356 0.00452453 0.00237285 0.00188402 0.00714669 0.000643531 
2.46665e-13 1.01377e-10 2.13521e-07 2.86626e-06 5.24007e-06 0.00017095 0.000670112 0.0025897 0.00216785 0.00320381 0.00411534 0.00370298 0.00433413 0.00630818 0.920811 0.0115058 0.00712897 0.00766588 0.00594843 0.0039934 0.0040066 0.00225117 0.00356004 0.0022954 0.00356181 
1.96768e-06 0.000246012 0.00340298 0.0120295 0.0194559 0.0250626 0.0247661 0.0249874 0.0271121 0.568826 0.0312461 0.0252723 0.0286321 0.0314022 0.022431 0.0242688 0.0175378 0.0231 0.0196712 0.0115796 0.0151477 0.00946422 0.0117035 0.00902988 0.0136224 
1.21423e-08 2.00758e-07 2.19129e-06 0.000108184 9.93771e-05 0.000372761 0.00191104 0.00427216 0.00462349 0.0062192 0.00519402 0.00640137 0.00500669 0.0101524 0.0101599 0.0136889 0.0129624 0.0137279 0.00639091 0.00556608 0.0199817 0.00921816 0.84047 0.010621 0.0128503 
3.15553e-09 2.27998e-07 4.52625e-06 9.2387e-06 3.26873e-05 1.93827e-05 3.49072e-05 0.000113352 7.48327e-05 3.57125e-05 5.49859e-05 0.000341636 2.34694e-05 0.000107525 0.000151474 0.000332884 0.000175379 0.000355169 8.58029e-05 0.000562523 0.000135794 0.000668409 0.98881 0.00738194 0.000487869 
6.09372e-07 0.000160548 0.00144252 0.0819884 0.00812923 0.0121027 0.011897 0.077679 0.0137052 0.064315 0.0887249 0.0191917 0.0174785 0.0159298 0.0630628 0.0127713 0.00884188 0.0148466 0.44599 0.00941113 0.00973173 0.00588122 0.00809154 0.00551264 0.0031144 
1.21302e-08 1.86306e-07 3.81504e-06 2.84707e-05 1.53898e-05 4.90935e-05 0.00062243 0.000169292 0.000658773 0.000924816 0.00135993 0.00312576 0.0010202 0.00325574 0.0018725 0.00200525 0.00476787 0.0080514 0.00598555 0.0017602 0.0132845 0.930167 0.0121102 0.00770256 0.00105902 
1.58693e-16 2.25157e-14 4.11357e-13 9.98087e-06 1.61304e-06 1.6974e-05 0.000249716 0.000569419 0.00143802 0.00176805 0.00208258 0.00357234 0.958277 0.00431852 0.0033279 0.00378901 0.00222775 0.00154403 0.00188256 0.000760384 0.000347848 0.000992438 0.00185347 0.00913142 0.00183918 
1.95108e-20 2.77017e-18 5.05726e-17 9.07281e-12 2.14447e-10 5.93153e-08 1.02478e-07 8.86494e-06 1.92798e-05 0.000223744 0.000241026 0.000482034 0.000620745 0.00150657 0.00116395 0.00105868 0.00495595 0.964862 0.0101096 0.00129891 0.00276901 0.00231328 0.00206607 0.00431256 0.00198714 
2.14859e-11 8.72352e-11 2.101e-05 2.37668e-05 4.42569e-05 0.000193906 0.00117437 0.000466967 0.00119408 0.00121629 0.00162829 0.00120171 0.00122743 0.00435794 0.00202837 0.00257247 0.00186537 0.00269867 0.00653897 0.939708 0.0188215 0.00282747 0.00745928 0.00158324 0.00114632 
1.79257e-13 2.58666e-12 1.09527e-07 3.11156e-05 3.44982e-05 0.000300535 0.00145161 0.00391701 0.00351009 0.00539967 0.00508283 0.00400919 0.0045946 0.0107991 0.010307 0.889645 0.0130732 0.0106165 0.0050387 0.00632743 0.0060708 0.00458144 0.00320982 0.00791705 0.00408297 
2.35132e-13 9.66861e-13 2.08525e-07 2.31313e-06 2.0887e-05 0.000257355 0.0010827 0.00371843 0.00308453 0.00449832 0.00486222 0.00377327 0.00446545 0.00932205 0.00864453 0.0118149 0.889775 0.0151187 0.0057908 0.00644204 0.00563377 0.00454359 0.00505712 0.00698915 0.00510238 
0 0 0 0 0 0 1.70225e-06 2.57839e-05 7.88702e-05 0.000152915 0.000226806 0.000357578 0.000408694 0.000556877 0.000444619 0.000600176 0.000599509 0.000767357 0.000396547 0.000667536 0.000924182 0.000915088 0.00146231 0.00104957 0.990364 
9.9619e-33 2.03907e-32 2.77456e-29 6.95574e-27 5.14969e-23 4.42622e-19 1.18379e-14 3.03138e-13 2.61016e-09 3.19117e-12 1.52145e-08 2.57776e-07 1.43158e-06 4.11303e-06 5.5049e-05 0.00232593 0.963961 0.0176446 0.0026991 0.000952144 0.00028313 0.000455332 0.00200646 0.00659765 0.00301398 
2.80636e-05 0.00940483 0.0293315 0.0258953 0.0184548 0.013962 0.0233587 0.0227473 0.0245213 0.442234 0.0373186 0.049933 0.0397155 0.0310266 0.0263438 0.0360257 0.0315985 0.0193448 0.022041 0.0117202 0.029244 0.0186856 0.0192959 0.00760568 0.0101635 
3.46972e-12 7.81353e-12 3.18552e-06 1.8707e-05 7.48952e-06 4.05965e-05 0.000647939 0.000132724 0.000650176 0.000954234 0.00138872 0.000932181 0.000958724 0.00344345 0.00181769 0.00196021 0.00181552 0.00235296 0.00537425 0.00200616 0.964755 0.00159977 0.0066333 0.00119655 0.00131054 
3.539e-12 2.20112e-10 2.92522e-06 2.08387e-05 7.19634e-05 0.000228808 0.00146363 0.000459901 0.00144908 0.00141328 0.00207481 0.00127481 0.0018315 0.00455718 0.00204976 0.00289934 0.00188323 0.00268214 0.00637435 0.00176705 0.959618 0.00179789 0.00412739 0.000978212 0.000973685 
1.65551e-06 0.000233491 0.00341026 0.0111162 0.0208456 0.0261906 0.0268798 0.587833 0.0261188 0.0335088 0.0306878 0.0237964 0.0268862 0.0257121 0.0220568 0.0216641 0.0158606 0.0236094 0.0111844 0.0111977 0.0121461 0.0127205 0.0132214 0.00819474 0.00492304 
3.75132e-12 1.14325e-11 3.37673e-06 0.000125334 0.000104129 0.000417947 0.00204469 0.00430092 0.00455224 0.00591902 0.00520142 0.00460194 0.0100302 0.0101338 0.0130455 0.0175628 0.016062 0.0159464 0.00585191 0.00578131 0.00692244 0.00462647 0.0108709 0.841009 0.0148858 
9.21249e-08 1.28886e-05 0.000608787 0.00101677 0.000708835 0.00051273 0.00109688 0.000660198 0.00195845 0.00557315 0.001469 0.00152825 0.00145893 0.0029069 0.00235549 0.00274162 0.00342735 0.00673197 0.00836774 0.00794168 0.00542536 0.00415712 0.926738 0.00958667 0.00301526 
1.1776e-08 2.14892e-06 2.9645e-05 2.62163e-05 2.85494e-05 0.000138456 0.000202743 7.02622e-05 0.000109274 0.000184095 0.000311752 0.00183162 0.000607328 0.000994907 0.000599232 0.000582453 0.00276193 0.00450465 0.00287652 0.00159996 0.00735796 0.0025809 0.964434 0.00732286 0.000842894 
3.24666e-07 0.000184582 0.000257755 0.000334293 0.000364799 0.000498276 0.000551174 0.000585065 0.000752722 0.00131998 0.000655575 0.000743149 0.00109049 0.00194604 0.963129 0.00600839 0.00274006 0.00520376 0.00136823 0.00134856 0.000584832 0.00159092 0.00273091 0.00405646 0.00195441 
2.94394e-12 6.90008e-11 8.51745e-07 6.62786e-05 8.39338e-05 0.000157037 0.000542765 0.000762106 0.00121678 0.00160101 0.00167861 0.00174381 0.00250876 0.00472211 0.899973 0.0282433 0.0087998 0.00695908 0.00512928 0.00551041 0.00479016 0.00289696 0.00306555 0.0146926 0.00485601 
9.05571e-07 3.77198e-05 0.000720221 0.00110904 0.000982536 0.00160449 0.00327462 0.00191662 0.00276686 0.00556264 0.00387737 0.00399786 0.00578938 0.00642557 0.00415826 0.00435008 0.00852129 0.0297903 0.0130872 0.860606 0.0123526 0.00833722 0.0142716 0.00479762 0.00166198 
8.44775e-12 1.19667e-10 4.65761e-06 9.92696e-05 0.000103961 0.000192279 0.000676862 0.00047223 0.00061762 0.00186761 0.00189327 0.00124042 0.00356667 0.93331 0.0101097 0.0063824 0.00544917 0.00657633 0.00668149 0.00291642 0.00296676 0.00164387 0.00903572 0.00114697 0.00304649 
3.77302e-12 1.75812e-10 2.973e-06 2.1256e-05 6.51416e-05 0.000225142 0.00119349 0.000439901 0.00126546 0.00122309 0.00170257 0.00118833 0.00135985 0.00450687 0.00206207 0.00277231 0.00190176 0.00260196 0.00638654 0.00163402 0.961777 0.00171355 0.0039603 0.000985856 0.0010107 
0 0 0 0 0 0 0 0 0 0 0 0 0 0 0 9.50555e-06 6.62304e-05 0.000127935 0.000124772 0.000348891 0.000495789 0.000626314 0.00087538 0.00130138 0.996024 
1.05345e-06 3.38917e-05 0.000502803 0.000498544 0.000453878 0.000794058 0.00254013 0.00186386 0.0027217 0.00308701 0.00348271 0.00395699 0.00657505 0.00642971 0.00472463 0.00482321 0.0045064 0.0348067 0.858363 0.0160367 0.014071 0.01202 0.00500969 0.0111346 0.00156236 
7.23542e-20 1.02762e-17 1.87539e-16 2.03596e-11 2.15427e-10 3.82011e-07 5.46171e-07 5.28378e-05 6.77616e-05 0.000292082 0.000490662 0.000889227 0.000836637 0.00151835 0.00118298 0.00127088 0.00114611 0.00151106 0.00193311 0.00145302 0.00148422 0.00267861 0.9686 0.00624523 0.00834611 
5.89277e-12 1.66302e-11 5.3142e-06 0.000207046 0.000118468 0.000457255 0.001144 0.00340895 0.0033444 0.00479207 0.00536764 0.00413427 0.00463704 0.0108147 0.905536 0.0123894 0.00705288 0.00864257 0.00549039 0.00457949 0.0060986 0.00270789 0.00335556 0.00221831 0.00349747 
0 0 0 0 0 0 0 0 5.49592e-33 2.29799e-32 6.1143e-10 1.15575e-08 4.40404e-08 8.07108e-07 2.71353e-05 4.38204e-05 6.81576e-05 0.00010612 2.00152e-05 0.000230995 0.000467867 0.000604772 0.000840036 0.000937769 0.996652 
1.08394e-21 7.78668e-19 6.57174e-16 1.75128e-15 1.17401e-14 1.97152e-11 5.23451e-07 1.26723e-05 1.45528e-05 4.66761e-05 3.01638e-05 2.0603e-05 0.000594391 0.0012136 0.00125347 0.00438099 0.971765 0.00700166 0.00152734 0.00225545 0.000511965 0.00200733 0.00109123 0.0047883 0.00148394 
2.26847e-12 6.27626e-12 2.04599e-06 8.12381e-06 8.31079e-06 5.60022e-05 0.000792643 0.000145787 0.000670737 0.000996945 0.00139533 0.000971544 0.00096621 0.00387033 0.00193102 0.00201301 0.00186978 0.00233451 0.00564287 0.949841 0.0162305 0.00269306 0.00528067 0.00120885 0.00107047 
3.52791e-13 1.96008e-12 2.88845e-07 1.9294e-05 2.60822e-05 7.13272e-05 0.000470931 0.000140133 0.000340769 0.000296478 0.000526124 0.000498454 0.000743614 0.0028843 0.00118906 0.00112298 0.000898616 0.00124723 0.00425054 0.00138941 0.00257212 0.963413 0.0125995 0.00462615 0.000673895 
2.96265e-10 2.50572e-07 1.30259e-05 2.42054e-05 1.53537e-05 5.59077e-05 0.000151411 0.000260587 0.000247747 0.000353525 0.000509895 0.00060724 0.000841792 0.00161335 0.00147335 0.00122218 0.00158754 0.00164051 0.00344865 0.0023094 0.00168901 0.962287 0.012882 0.00614036 0.000625662 
0 0 0 0 0 0 0 0 3.51868e-38 1.47125e-37 3.55697e-17 1.19778e-14 7.38412e-14 1.04132e-13 1.19189e-13 1.64084e-13 4.65873e-13 1.25008e-10 1.6768e-07 8.17372e-10 1.3332e-10 5.37925e-09 2.01477e-08 0.00195124 0.998049 
0 0 0 0 0 0 0 0 0 0 0 0 0 0 0 0 9.29711e-27 5.3689e-26 8.48713e-26 2.2187e-25 3.45642e-12 3.32047e-07 1.08227e-05 0.00107617 0.998913 
4.22062e-09 9.83016e-06 4.89967e-05 0.000185402 0.000242809 0.000451391 0.000680661 0.00280317 0.00235101 0.00376301 0.00427127 0.00412566 0.00459373 0.00836476 0.908815 0.0118497 0.00695873 0.00823173 0.00533264 0.00461694 0.00391688 0.00292552 0.0072337 0.00448847 0.00373905 
6.0247e-13 1.23495e-12 5.56603e-07 8.25379e-07 1.39297e-07 4.95888e-06 3.74262e-05 0.000129553 0.000109189 0.000324617 0.000501917 0.000746081 0.000764192 0.00139588 0.00128922 0.00148153 0.00117065 0.00148172 0.00206672 0.00147044 0.978724 0.00487091 0.0025438 0.000209871 0.000675424 
1.316e-08 4.69971e-06 0.000246617 0.00104748 0.000931211 0.00149414 0.00316282 0.00699282 0.0104731 0.862778 0.00883132 0.00339965 0.00514365 0.00656128 0.0106477 0.0106866 0.0104525 0.0105573 0.00465885 0.00643577 0.00464999 0.00351328 0.00861001 0.0057643 0.0129574 
2.03784e-20 2.89226e-18 5.28229e-17 1.08138e-11 4.3618e-10 1.12458e-07 1.6473e-07 7.18401e-06 2.10894e-05 0.000231457 0.000338332 0.000709594 0.000639228 0.00161414 0.00115866 0.00105181 0.00637772 0.954424 0.0116974 0.0040316 0.00403418 0.00213609 0.00196089 0.0066775 0.00288914 
8.83755e-23 1.16767e-20 2.30274e-19 3.85177e-12 3.87632e-11 7.34603e-08 9.55059e-08 1.5578e-06 6.0916e-06 0.000445049 0.000727574 0.00163939 0.0016248 0.00140384 0.00107851 0.00109428 0.00141528 0.00121171 0.00144098 0.00188512 0.00206693 0.00315327 0.96751 0.00642813 0.00686747 
1.72552e-05 0.00039662 0.00322541 0.0113302 0.0175275 0.0237319 0.0245671 0.0245457 0.0236428 0.0316947 0.0302344 0.145398 0.0282718 0.0245555 0.34879 0.143197 0.0193377 0.0215108 0.0131448 0.0128434 0.0126383 0.0107434 0.0141775 0.00835433 0.00612388 
7.16191e-09 8.18674e-07 2.59156e-06 4.38352e-06 1.85751e-05 1.45928e-05 2.3101e-05 4.00609e-05 0.000383298 0.000551918 0.000792595 0.00093997 0.000803033 0.00210205 0.00142523 0.00142817 0.00200856 0.0026815 0.00261597 0.00164944 0.973531 0.0021366 0.00508097 0.000770415 0.000995076 
0.000439 0.0132102 0.0127737 0.0131385 0.0144141 0.0233013 0.0192454 0.0254232 0.0207247 0.0293398 0.0221336 0.0113508 0.0222134 0.00954476 0.0125499 0.0153628 0.00416452 0.0279062 0.0199009 0.0170018 0.0255044 0.613648 0.012476 0.00906528 0.00516795 
1.48612e-06 6.87974e-05 0.00153512 0.00254742 0.00256489 0.00297159 0.00664778 0.00557229 0.00699072 0.0122953 0.00812369 0.0102527 0.0119038 0.0117229 0.00811708 0.00974643 0.0091659 0.0581621 0.023345 0.0113786 0.74255 0.0297402 0.010859 0.0117556 0.00198161 
1.24279e-06 5.15914e-05 0.00132523 0.00218503 0.00159644 0.00168236 0.00407299 0.00471222 0.00593168 0.0100306 0.00463796 0.00670518 0.00949833 0.00805897 0.00672242 0.00735665 0.0061113 0.834397 0.0267133 0.00843549 0.0135615 0.0166742 0.00707615 0.0107973 0.0016651 
2.12855e-13 4.38836e-13 1.96633e-07 1.93592e-07 2.09796e-07 1.02884e-06 8.78933e-05 3.58557e-05 0.000484569 0.000673089 0.000983186 0.000809809 0.000794767 0.00209181 0.00135854 0.00144991 0.00167532 0.00207753 0.0026603 0.00268563 0.973112 0.0013333 0.00490254 0.00164529 0.00113655 
5.3134e-07 2.75615e-05 0.000745608 0.00227063 0.00732728 0.46551 0.0180966 0.00933888 0.00788414 0.0158754 0.0119495 0.00958015 0.0136566 0.0103081 0.00800898 0.0103356 0.174187 0.0161695 0.0138562 0.16604 0.00925532 0.00794072 0.00768076 0.0102735 0.00368149 
0 0 0 0 0 0 0 0 0 0 0 0 0 0 0 0 0 3.97848e-05 0.000100061 0.000290708 0.000623074 0.000894385 0.0013135 0.00155138 0.995187 
0 0 0 0 0 0 0 1.639e-25 1.01155e-19 2.61884e-36 1.54107e-16 2.00022e-15 6.41229e-14 6.76589e-15 4.71927e-14 1.49672e-12 2.22221e-09 4.51083e-12 1.25419e-11 1.42582e-08 8.73217e-11 2.19756e-09 0.000476607 0.993702 0.00582113 
0 0 0 0 0 0 0 0 0 0 0 0 0 0 0 0 1.78967e-27 1.0335e-26 1.63376e-26 4.27095e-26 1.09355e-25 6.6991e-23 1.22488e-06 0.990503 0.00949574 
2.30525e-09 4.32873e-08 2.58811e-07 8.65439e-07 1.34698e-06 5.01996e-06 1.1634e-05 0.000154137 9.54262e-05 0.000262144 0.000304338 0.00127921 0.00076369 0.00208161 0.0023596 0.00367264 0.00672851 0.944849 0.0111742 0.00269796 0.00408865 0.00365656 0.00468641 0.00898174 0.00214514 
1.33704e-07 0.000434575 0.000502923 0.00179663 0.00225948 0.00161203 0.000988502 0.00325064 0.00242209 0.0164758 0.0073331 0.0050166 0.00756408 0.00894487 0.00704179 0.0107246 0.867826 0.0138435 0.00769105 0.00631409 0.00467371 0.00407237 0.00490336 0.008823 0.00548463 
6.51847e-09 9.90056e-08 6.6923e-07 2.09897e-06 3.39449e-06 6.652e-06 9.44754e-05 5.03523e-05 0.000262975 0.000381417 0.000392694 0.00164568 0.000376566 0.00102003 0.000605373 0.000719904 0.00247804 0.00414989 0.00248268 0.000985051 0.00665793 0.00215482 0.966176 0.0078494 0.00150409 
3.22098e-12 6.59304e-12 2.97583e-06 1.07324e-05 1.76682e-06 5.12964e-06 3.39851e-05 0.000652008 0.000410025 0.00149749 0.00138787 0.00143327 0.00241144 0.00382444 0.00372059 0.933956 0.0224412 0.00435912 0.00317712 0.00532465 0.00379019 0.00255784 0.00174527 0.00438419 0.00287242 
4.05546e-09 1.25251e-07 3.50256e-07 5.12089e-07 8.20325e-07 2.48873e-06 4.37601e-06 7.06794e-05 0.000167648 0.000292192 0.000542202 0.000683414 0.000698658 0.001426 0.00125467 0.00122038 0.00129628 0.00162252 0.00289182 0.00148939 0.00101365 0.969009 0.0149319 0.000729601 0.000651581 
4.99356e-05 0.0127651 0.0361991 0.0443717 0.0238391 0.0200511 0.0315958 0.134736 0.0286891 0.0606332 0.0453941 0.0766081 0.0440898 0.0362323 0.0304674 0.137224 0.0409992 0.0246284 0.0279769 0.018289 0.0281125 0.0533359 0.0228597 0.0133529 0.00749986 
2.32836e-12 4.98301e-12 2.14465e-06 1.79389e-05 6.27041e-06 2.93297e-05 0.000405837 0.000102631 0.000510022 0.000796148 0.00115546 0.000870027 0.000883806 0.00233102 0.0015606 0.00171941 0.00176216 0.00309815 0.960139 0.00750832 0.00355159 0.00166831 0.00310438 0.0081181 0.000659355 
2.60405e-05 0.000929985 0.00956573 0.0154868 0.202517 0.0216111 0.0918162 0.0307175 0.0285133 0.0392667 0.0385757 0.0414036 0.0379216 0.0307558 0.0221933 0.268188 0.0230144 0.0164659 0.0147018 0.0103956 0.0136357 0.0177214 0.00968437 0.00958414 0.00530894 
1.76984e-06 7.47224e-05 0.00199495 0.00280585 0.0021206 0.00189151 0.00377589 0.00353096 0.00606247 0.014107 0.00514806 0.00576204 0.0105063 0.00827696 0.00720346 0.00660688 0.00696669 0.0636827 0.781449 0.0212583 0.0146168 0.013221 0.00780852 0.00931722 0.00181091 
0.448399 0.407595 0.0169056 0.020838 0.00356527 0.00258894 0.00265295 0.00490581 0.0041233 0.00733643 0.00574927 0.00426177 0.00534301 0.00335442 0.00323324 0.00700528 0.00567063 0.00606094 0.00609623 0.00404564 0.00830304 0.00489231 0.012842 0.00153291 0.00269923 
2.04603e-09 2.2449e-08 1.85929e-07 4.77333e-07 8.42943e-07 1.39678e-05 2.73049e-05 0.000168592 8.24734e-05 0.000237359 0.000364436 0.000573688 0.000687232 0.00128576 0.0011661 0.00129057 0.00163466 0.0021763 0.00205736 0.975473 0.00500347 0.00144734 0.00423247 0.00111376 0.00096263 
0.000462825 0.0105355 0.0260395 0.0239024 0.0267037 0.0257067 0.0295794 0.0358705 0.037805 0.0505275 0.0523506 0.0414426 0.0479972 0.0885357 0.0239221 0.0256414 0.029832 0.0228097 0.0156736 0.015173 0.309763 0.025059 0.0187063 0.00862583 0.00733466 
9.73921e-11 2.08214e-09 3.30398e-05 0.000586969 0.00106132 0.00195808 0.00388125 0.00429838 0.00446622 0.00663604 0.00601838 0.108212 0.00795966 0.00773509 0.00762829 0.0100589 0.0074709 0.00866327 0.00480013 0.00362524 0.00386925 0.002111 0.00658787 0.00695386 0.785384 
4.34588e-09 1.67826e-06 4.16127e-05 7.05951e-05 4.60938e-05 3.50694e-05 5.27693e-05 7.1147e-05 0.000136968 0.00059881 0.000388875 0.00058508 0.000746349 0.00135227 0.00116211 0.00132207 0.00385084 0.00194345 0.00385581 0.00279487 0.00148909 0.953771 0.0155497 0.00692239 0.00321184 
1.15129e-32 2.35654e-32 3.20654e-29 8.03872e-27 1.9208e-22 1.68108e-18 1.34617e-14 8.05131e-13 1.16675e-08 3.71109e-10 1.02592e-08 1.06269e-06 3.59082e-05 1.83421e-05 0.000336893 0.00032181 0.000355527 0.000105171 0.00155455 0.00253189 0.00235243 0.00417128 0.966788 0.00846686 0.0129606 
4.2273e-08 1.79844e-06 8.75706e-05 0.000144812 0.000110264 0.00016181 0.00027323 0.00170235 0.00133045 0.00281932 0.00228426 0.0086605 0.00320898 0.00487502 0.00616149 0.832928 0.0189486 0.0257802 0.00774294 0.00731673 0.0387472 0.012004 0.00724874 0.0132268 0.00423477 
0 0 0 0 0 0 0 0 9.01555e-34 3.76964e-33 3.72803e-15 2.57427e-14 1.71522e-13 5.38352e-11 7.52603e-12 1.95414e-10 5.42036e-10 1.86818e-05 5.10553e-05 0.000161279 0.000247174 0.000305501 0.000395638 0.000849224 0.997971 
9.90138e-10 1.81983e-05 1.85873e-05 4.3058e-05 4.14187e-05 3.21401e-05 0.000184903 5.85119e-05 0.000553996 0.00080669 0.00111487 0.000926589 0.000884917 0.00220243 0.00146266 0.00167463 0.00171237 0.00213676 0.00303323 0.94607 0.0185698 0.00655864 0.00857978 0.00198175 0.00133364 
1.32748e-13 4.13322e-13 1.19184e-07 4.78297e-07 1.29966e-06 0.000175046 0.000554532 0.00303633 0.00233985 0.00323007 0.0040606 0.00363276 0.00408997 0.00701674 0.910284 0.0116378 0.00835826 0.00771198 0.00547565 0.00619273 0.00462108 0.00354004 0.00380263 0.00642688 0.00381069 
1.08261e-11 1.66288e-10 9.65355e-06 0.000193838 0.000190315 0.000564384 0.00330243 0.00500246 0.00574394 0.00676307 0.00591141 0.00497814 0.00688989 0.00977894 0.0123344 0.878567 0.0128158 0.0110324 0.00523382 0.00463279 0.00511064 0.00271066 0.00419876 0.00962395 0.00441115 
4.62692e-12 9.50542e-12 4.27465e-06 5.96208e-06 2.19688e-06 0.000155829 0.000589386 0.00242474 0.00233286 0.00321189 0.00361252 0.00329484 0.00409823 0.00650245 0.00774818 0.0245588 0.880567 0.011607 0.00575837 0.00633567 0.00457285 0.00381012 0.00533358 0.0181422 0.00533118 
0 0 0 0 0 0 0 0 0 0 0 0 0 0 0 0 0 0 0 0 0 9.02673e-06 7.69507e-05 0.00024082 0.999673 
1.06875e-12 2.1931e-12 9.87386e-07 7.10161e-07 2.14301e-07 1.29567e-06 9.03102e-05 3.83631e-05 0.000474693 0.000653944 0.000845107 0.0007748 0.000761155 0.00222185 0.00140842 0.00180432 0.00949589 0.921872 0.0114099 0.0163574 0.0119867 0.0026049 0.00336342 0.0104266 0.00340709 
1.44813e-32 2.96413e-32 4.03329e-29 1.01113e-26 3.77447e-19 3.3272e-15 1.31654e-12 1.32156e-09 1.91795e-05 1.30803e-07 9.031e-07 3.59399e-06 0.000164334 0.000782718 0.00124045 0.00476326 0.958165 0.0190926 0.00076641 0.00184817 0.000448439 0.00171128 0.00260572 0.00649528 0.00189202 
2.99239e-12 1.12006e-11 2.61776e-06 9.83479e-06 1.92823e-05 0.000243206 0.00111039 0.000440066 0.00123745 0.0012247 0.00162653 0.00118064 0.00115851 0.00436046 0.00200682 0.0025919 0.00185949 0.00256856 0.00658548 0.952518 0.00681568 0.00279306 0.0052303 0.00354087 0.000876666 
7.77615e-09 2.66286e-06 0.000132016 0.000212124 0.000146038 0.000103911 0.00011162 0.000167908 0.000324298 0.00122137 0.000270998 0.000500337 0.000413392 0.000774698 0.000709437 0.000763038 0.00254046 0.00163573 0.00252614 0.0029664 0.0017437 0.00109843 0.00511069 0.976304 0.000220213 
2.63384e-12 9.47574e-12 2.31016e-06 9.94054e-06 1.49169e-05 0.000183099 0.00109371 0.000386608 0.0011057 0.00114063 0.00151202 0.00117049 0.00108967 0.00426621 0.00198709 0.00235937 0.00189547 0.00406115 0.959244 0.00328031 0.00513215 0.00209036 0.00278403 0.00453812 0.000652227 
1.03587e-13 6.89134e-13 8.12561e-08 6.08927e-07 1.38751e-06 3.41719e-06 0.000528856 4.1584e-05 0.000377154 0.000594087 0.000848974 0.000811551 0.000757511 0.00352745 0.00158467 0.00146902 0.00166533 0.00207753 0.955653 0.00955654 0.00511786 0.00286477 0.00245353 0.00915817 0.000907242 
9.75645e-19 1.38173e-16 2.52938e-15 2.16534e-10 1.10412e-08 3.6466e-06 3.77416e-05 0.000940548 0.000665657 0.0018211 0.00177747 0.0020212 0.00281098 0.00470245 0.00425566 0.924135 0.0242104 0.0054344 0.0043575 0.0056001 0.00404014 0.00301818 0.00243997 0.00497576 0.00275167 
2.21264e-06 0.000568651 0.00398469 0.0140129 0.0218251 0.0307593 0.0306138 0.0310284 0.033458 0.0426359 0.039781 0.0329247 0.038886 0.485462 0.0237149 0.0274983 0.0181102 0.0268281 0.017995 0.0134899 0.0171318 0.0138074 0.0165477 0.0111026 0.00783155 
3.93812e-06 0.000208417 0.00242306 0.00464375 0.00709652 0.0101969 0.0144219 0.0129446 0.0121671 0.0211195 0.016535 0.0189652 0.0215836 0.60029 0.016055 0.0170746 0.0251765 0.0775819 0.0241783 0.0132999 0.0146087 0.0253127 0.0254665 0.0126611 0.00598479 
1.17867e-06 7.40246e-05 0.00106381 0.0021221 0.00301537 0.00479079 0.00520718 0.00405632 0.00395839 0.007036 0.00544084 0.0153319 0.00692349 0.00660847 0.00461898 0.00468893 0.00703089 0.0252132 0.0112791 0.00719439 0.00629063 0.84498 0.0181422 0.00346033 0.00147189 
0 0 0 0 0 0 0 0 0 0 0 0 0 0 0 0 1.53058e-27 8.83881e-27 1.39724e-26 3.65264e-26 9.3524e-26 5.72926e-23 7.56309e-07 0.00182879 0.99817 
1.19851e-08 1.86112e-07 1.24254e-06 3.78517e-06 6.13372e-06 1.06426e-05 3.46033e-05 5.29533e-05 5.69928e-05 7.67664e-05 8.55514e-05 0.00226775 0.000176221 0.00034115 0.000694505 0.000752238 0.00338867 0.00606131 0.00165252 0.000877685 0.0115994 0.00542136 0.953423 0.00587991 0.00713498 
0 0 0 0 0 0 0 1.20907e-16 7.4621e-11 5.01549e-32 5.42727e-13 1.93081e-11 3.07454e-10 4.21868e-10 2.12376e-05 4.15918e-05 1.54956e-06 5.80873e-05 6.79404e-07 0.000427307 2.79089e-06 1.43217e-06 0.991658 0.00764811 0.00013888 
1.53777e-21 3.1476e-21 4.28294e-18 7.726e-13 7.89312e-12 1.27467e-08 2.86277e-05 0.000588656 0.000330778 0.0013293 0.00116004 0.00107005 0.00222971 0.003517 0.00342892 0.00644108 0.937221 0.0149406 0.00285974 0.00522002 0.00357543 0.00285825 0.00390842 0.00601457 0.00327821 
0 0 0 0 0 0 0 0 0 0 0 0 0 0 0 0 1.83561e-28 1.06003e-27 1.67569e-27 4.38058e-27 1.12162e-26 6.87105e-24 9.07034e-08 0.992618 0.00738216 
6.6354e-17 9.41429e-15 1.72001e-13 3.13036e-06 5.53402e-07 0.000135576 0.000263399 0.00220851 0.00174751 0.0027645 0.0032738 0.00332354 0.00783588 0.91722 0.00693645 0.0081837 0.00675957 0.00787921 0.00489863 0.00452757 0.00367144 0.00199612 0.00824555 0.00397893 0.00414614 
3.69665e-09 6.03674e-08 1.98435e-05 0.000215466 0.00032229 0.000797994 0.00357236 0.00529801 0.00637154 0.00731283 0.00695588 0.00754786 0.867706 0.0092198 0.0114812 0.0132466 0.00854285 0.0103841 0.00623245 0.0050968 0.00799538 0.00417943 0.00547563 0.00904271 0.00298328 
2.84744e-06 0.000207155 0.0218889 0.0208693 0.00955387 0.0437119 0.012889 0.0505474 0.0254433 0.0422947 0.0187391 0.0298934 0.0147044 0.340891 0.127879 0.0222768 0.0123252 0.0278043 0.00924867 0.0856669 0.0384959 0.007143 0.00812027 0.00581579 0.0235884 
8.89862e-07 4.33804e-05 0.00103474 0.00143748 0.00107274 0.000917352 0.00194322 0.0018632 0.00319793 0.00726935 0.00236967 0.00362592 0.00534429 0.0045939 0.00455962 0.00452155 0.00367736 0.0327135 0.01673 0.0139855 0.0108005 0.0112154 0.852653 0.0125388 0.00189045 
3.93777e-06 0.00104635 0.0793509 0.00821676 0.0121981 0.0142728 0.0160265 0.0176104 0.0172912 0.123536 0.0217963 0.0189381 0.0486206 0.019032 0.034831 0.0143177 0.0519124 0.238861 0.0126476 0.150312 0.011719 0.0377729 0.0379835 0.00684603 0.00485663 
2.74363e-11 2.65104e-10 2.52155e-05 0.000447635 0.000451092 0.00108758 0.00409861 0.00545483 0.0067032 0.00812283 0.00785906 0.00528487 0.00645967 0.0102502 0.852803 0.0222349 0.0139541 0.0129871 0.00572272 0.00742681 0.00598147 0.00491176 0.00423691 0.00884196 0.00465462 
1.14323e-05 0.000678108 0.00512415 0.0144696 0.14245 0.021825 0.0221147 0.0227582 0.147812 0.0336029 0.115644 0.0732432 0.206314 0.0293937 0.019971 0.0213181 0.0166115 0.0285584 0.0131241 0.0125979 0.0144148 0.00938903 0.0150434 0.00877555 0.00475472 
1.24727e-11 2.36134e-10 5.03593e-06 2.77323e-05 5.92256e-05 5.9099e-05 0.000211732 8.44604e-05 0.000613012 0.000951214 0.00118918 0.000936784 0.000907677 0.00219873 0.00153026 0.00175968 0.00172218 0.00219197 0.00334043 0.967634 0.00412105 0.00230196 0.00401358 0.0033736 0.000767284 
1.2668e-20 2.59296e-20 3.52824e-17 8.8452e-15 8.15172e-14 8.93343e-07 3.14717e-05 3.96917e-05 7.18036e-05 0.000216143 9.00539e-05 4.91988e-06 0.000181015 0.000913431 0.000815976 0.00104634 0.000723708 0.000500655 0.485763 0.00458096 0.00321341 0.00435067 0.49232 0.00267744 0.00245827 
3.96441e-10 4.12862e-09 2.8644e-06 1.07966e-05 1.58998e-05 0.000218987 0.00105962 0.000416505 0.00114039 0.00114914 0.00162571 0.00114568 0.001127 0.00425825 0.00204037 0.00253615 0.00196831 0.00264622 0.00661436 0.948866 0.0110325 0.00198953 0.00699122 0.0016994 0.001445 
1.71103e-23 2.17709e-21 4.46984e-20 1.62912e-12 1.64889e-11 9.36403e-09 2.50676e-08 1.97298e-06 7.57234e-06 0.00014707 0.000282411 0.000463215 0.000618873 0.00100545 0.000974365 0.00101111 0.000802926 0.00106435 0.00191191 0.00132825 0.000941067 0.97127 0.0148479 0.00269989 0.000621977 
1.30049e-08 5.64358e-06 0.000194134 0.000343876 0.000267043 0.000195777 0.0004048 0.000390616 0.00109816 0.00241895 0.00130953 0.00129216 0.00115461 0.00262059 0.00298539 0.00252783 0.00366246 0.00379661 0.0074091 0.00606519 0.00900333 0.0139429 0.933804 0.00316517 0.00194224 
3.34542e-11 1.67853e-08 9.55787e-08 4.19335e-07 7.05633e-07 2.06537e-06 2.08708e-05 5.13947e-05 0.000187866 0.00041915 0.000651928 0.00121234 0.000795366 0.00184513 0.00137397 0.00156301 0.00137102 0.00156738 0.00222573 0.00144182 0.00104299 0.967258 0.0139259 0.0023823 0.000660266 
5.58326e-08 1.08454e-05 0.000583631 0.000965601 0.000721755 0.000682577 0.00189515 0.00104795 0.00271126 0.00624407 0.00285048 0.00210845 0.00265373 0.00489519 0.00370255 0.00463965 0.00281349 0.00816264 0.903248 0.0209341 0.00930603 0.0050773 0.00462227 0.00930456 0.000818404 
0.000364721 0.0224386 0.0425698 0.0412812 0.0320827 0.0380037 0.0422685 0.0434424 0.0524718 0.0649191 0.0493408 0.0413816 0.0513891 0.0241894 0.0253458 0.0288905 0.0286509 0.0173641 0.0259983 0.0248377 0.246711 0.0200403 0.0202273 0.00769606 0.00809478 
2.76173e-06 0.00035641 0.00291411 0.00898894 0.0173079 0.0220238 0.0197019 0.0245994 0.0261713 0.0351987 0.0340223 0.0295529 0.0316977 0.501607 0.031457 0.0271834 0.0206618 0.0733196 0.0178118 0.01676 0.0169805 0.00851489 0.0163448 0.0100488 0.00677247 
1.24261e-08 4.24783e-07 4.92293e-06 8.12566e-06 1.37249e-05 5.09688e-05 0.000286968 6.60747e-05 9.92964e-05 0.000299089 0.000360074 0.00258855 0.00065588 0.00129727 0.000915921 0.000990469 0.00364573 0.00569898 0.00220802 0.00135508 0.486154 0.485573 0.00658535 0.000357742 0.000784546 
0 0 0 0 0 0 0 0 0 0 0 0 0 0 0 0 2.0431e-26 1.17985e-25 1.8651e-25 1.41938e-05 6.28935e-05 9.00457e-05 0.000200749 0.995707 0.00392508 
5.30314e-08 0.000236157 0.000799212 0.00133991 0.00120376 0.00107816 0.00322931 0.00752734 0.0058652 0.00685841 0.00633801 0.00524537 0.00574356 0.0115928 0.00889189 0.0126572 0.855406 0.0177322 0.00659901 0.00713701 0.00750717 0.00448135 0.00669451 0.0101733 0.00566329 
1.13471e-13 1.39867e-12 6.93448e-08 8.83914e-07 1.91203e-06 8.98402e-05 0.000819071 0.00178143 0.0013049 0.00244288 0.00238583 0.00283262 0.00335551 0.00634612 0.00513741 0.00651725 0.899059 0.0200136 0.0126952 0.0059195 0.00734208 0.00256068 0.00442844 0.00959811 0.00536761 
0 0 0 0 0 0 0 0 0 0 0 6.3766e-06 7.39395e-06 0 8.87597e-06 8.66733e-06 0 8.06299e-06 7.38923e-06 0 7.32375e-06 1.78211e-05 7.51618e-05 0.000164981 0.999688 
2.15894e-08 3.10476e-07 4.64317e-06 2.64091e-05 7.24574e-05 0.000225565 0.00133555 0.000499628 0.00137409 0.0014263 0.00177901 0.00436627 0.00168048 0.00455468 0.00212297 0.00289677 0.00706887 0.0129368 0.00880936 0.00199367 0.92584 0.0129774 0.00593087 0.00113071 0.000947031 
5.41646e-12 1.23765e-11 4.96687e-06 8.64505e-05 4.45448e-05 0.000191559 0.00108803 0.00221116 0.00261464 0.00391938 0.00442843 0.00313449 0.00402611 0.0100614 0.00705997 0.0124924 0.90045 0.00730823 0.00740256 0.00637435 0.00659426 0.00411014 0.00468648 0.00859865 0.00311163 
2.02643e-17 2.87092e-15 5.25341e-14 4.34938e-08 1.11331e-07 0.000116774 0.000165319 0.00199118 0.00142487 0.00243219 0.00239589 0.00268482 0.00327893 0.00510719 0.00540091 0.00956609 0.923941 0.00677149 0.00526732 0.00607449 0.00427553 0.00355031 0.00448247 0.00759892 0.0034745 
4.10965e-06 0.000137858 0.00154606 0.00250443 0.00310269 0.00599932 0.0119327 0.0104148 0.0106524 0.0142426 0.0164925 0.0152045 0.0261489 0.021978 0.0162258 0.577814 0.0312538 0.12978 0.0243844 0.0161332 0.0133558 0.0205365 0.0118682 0.0126228 0.00566431 
1.96477e-11 5.1245e-11 1.79021e-05 0.000252586 0.000372649 0.00090464 0.00373776 0.00533665 0.00659574 0.00754086 0.00661178 0.00524267 0.856448 0.017145 0.0131052 0.0145199 0.00902024 0.0119904 0.00598575 0.00534982 0.00524724 0.00314515 0.011866 0.00424611 0.00531793 
3.01454e-12 6.19256e-12 2.7846e-06 1.26238e-06 2.74095e-06 2.47829e-05 0.000339864 9.42801e-05 0.00057541 0.000832226 0.00110611 0.000855612 0.000939648 0.00251511 0.00158097 0.00186906 0.00174341 0.00218301 0.00541683 0.96353 0.00446809 0.00243765 0.00326872 0.00547828 0.000734295 
5.92392e-09 7.84015e-08 1.94135e-06 2.25042e-06 3.08389e-06 1.61126e-05 0.000228386 9.22115e-05 0.000548521 0.000800405 0.00107171 0.00147104 0.000925514 0.00229376 0.00148248 0.0018737 0.00312065 0.00492939 0.00321026 0.00164566 0.00655225 0.953738 0.0143827 0.000913598 0.000695977 
0 0 0 0 0 0 0 0 2.466e-37 1.0311e-36 2.44772e-16 8.24119e-14 5.08056e-13 7.16628e-13 8.20831e-13 1.13155e-12 3.22068e-12 8.60145e-10 1.15366e-06 5.62371e-09 9.77026e-10 3.58325e-07 1.50928e-06 0.988865 0.0111315 
8.14298e-09 1.22123e-07 8.29824e-07 2.50301e-06 4.11131e-06 7.74803e-06 2.72983e-05 7.32365e-05 0.000288425 0.000477664 0.000766879 0.00215514 0.00081969 0.00206839 0.00141453 0.00148138 0.00342674 0.00542142 0.00270923 0.00156398 0.00848878 0.00548771 0.953526 0.00724082 0.00254713 
4.78122e-18 6.76534e-16 1.23962e-14 4.45059e-08 5.24355e-08 0.000117104 0.000159276 0.00195314 0.00124591 0.00247576 0.00252549 0.00292323 0.003508 0.00542933 0.00550135 0.00678259 0.00869933 0.916357 0.0117362 0.00613312 0.00598673 0.00294096 0.00455381 0.00728051 0.00369118 
1.75501e-11 3.84565e-10 5.8751e-06 2.57421e-05 0.00012725 0.000238258 0.000962255 0.000388309 0.00114438 0.00106246 0.00150053 0.00118915 0.00136143 0.00425844 0.00208579 0.00225847 0.00189269 0.00261789 0.00653765 0.00165252 0.00290614 0.94923 0.0132608 0.00462091 0.000673068 
0 0 0 0 0 0 0 0 0 0 0 0 0 0 0 0 1.20476e-26 6.95726e-26 1.0998e-25 2.87509e-25 6.52435e-12 6.26772e-07 8.12973e-06 0.00134691 0.998644 
2.64358e-13 5.80481e-12 1.24464e-07 4.64113e-05 7.52358e-05 0.000466047 0.00215404 0.00519573 0.00429211 0.00605428 0.0054014 0.0044358 0.00511128 0.0110819 0.0127319 0.878278 0.0119021 0.0106204 0.00455436 0.00620066 0.00607605 0.00387679 0.00481974 0.0121697 0.00445617 
