2302
1.17471e-13 4.59565e-11 4.50651e-09 4.97276e-08 1.57731e-07 1.24951e-06 1.21292e-06 8.96224e-07 2.96377e-06 4.75577e-06 4.38502e-06 1.46925e-05 6.3074e-06 4.51676e-05 0.000103782 4.39061e-05 2.15976e-05 4.45996e-05 2.39452e-05 8.46902e-06 7.29164e-06 1.89575e-05 3.40912e-05 3.65785e-05 0.999575 
2.79238e-06 0.000154305 0.00118053 0.00374407 0.0114105 0.0224005 0.0239277 0.0191995 0.02494 0.0303952 0.0399744 0.0316915 0.0349197 0.0307709 0.0221494 0.0268438 0.0204215 0.0650926 0.0184093 0.0200555 0.0205886 0.0094913 0.0230686 0.0227161 0.476452 
6.16912e-11 3.06656e-08 1.17607e-05 4.51127e-05 0.000130952 0.000605061 0.00146207 0.00352087 0.00429186 0.00484261 0.00584559 0.00471967 0.00895425 0.0143156 0.0133004 0.85976 0.0151507 0.0120844 0.00698637 0.0072514 0.00732125 0.00493646 0.00572339 0.0139678 0.00477276 
9.38771e-12 2.23967e-09 4.72668e-07 4.33471e-06 1.96037e-05 3.70191e-05 0.000736069 0.00020884 0.000786994 0.000675288 0.000701011 0.000789388 0.00161744 0.00330237 0.00117684 0.00295932 0.00143636 0.00152696 0.00462947 0.00174925 0.00253546 0.00123226 0.965375 0.00815431 0.000346395 
3.15828e-06 0.000491495 0.00364017 0.0109844 0.0190225 0.0726078 0.396957 0.0732986 0.0267634 0.0381342 0.0527333 0.0407772 0.0243836 0.0195067 0.0204366 0.0183031 0.0124336 0.0187046 0.0362535 0.00938039 0.0306292 0.0540757 0.00860292 0.00750749 0.00436969 
5.68406e-06 0.000704231 0.00435263 0.0217044 0.0318466 0.032213 0.0339472 0.0364484 0.0445404 0.052126 0.437474 0.0379947 0.0427102 0.0360043 0.0264777 0.0258317 0.0220962 0.026927 0.0173263 0.0133128 0.0121622 0.0117014 0.0139826 0.0113397 0.00677037 
2.43891e-12 1.08663e-10 2.92203e-09 1.51375e-07 4.24396e-07 1.99932e-06 2.94252e-05 5.51939e-05 0.000495488 0.000768099 0.000944316 0.00106115 0.00268424 0.00305717 0.00171975 0.0020506 0.00196168 0.0021943 0.00273044 0.00254771 0.00157066 0.953874 0.0134395 0.00803256 0.000780894 
2.77483e-10 1.27068e-07 5.35964e-05 0.000139504 0.000387949 0.00281696 0.845215 0.0304485 0.0124418 0.0128952 0.00467087 0.00438093 0.00517364 0.00645835 0.0271649 0.0217856 0.00376755 0.0100685 0.0041129 0.0014015 0.00299674 0.000509097 0.00118324 0.000980119 0.00094739 
6.02314e-39 3.33137e-36 2.59716e-35 3.13214e-29 2.17533e-28 4.78024e-23 1.97245e-20 7.48536e-14 4.06846e-09 1.09192e-11 1.28108e-09 1.14033e-07 8.82712e-07 4.0524e-06 1.99503e-05 4.76605e-05 0.000116614 0.00100285 0.000834774 0.977533 0.00515411 0.00462657 0.00721784 0.00318319 0.000258078 
2.7742e-09 6.56798e-08 3.07451e-07 5.63723e-07 1.02353e-06 1.72211e-06 4.15708e-06 5.60754e-06 7.69207e-06 9.80067e-06 8.43365e-06 1.00006e-05 1.19325e-05 5.17407e-05 5.8907e-05 8.84467e-05 0.000340677 0.00068349 0.000102613 0.00031938 0.00187241 0.00441714 0.979781 0.0071013 0.00512155 
0.000222979 0.00323187 0.022673 0.0377969 0.0385673 0.0536978 0.0647443 0.210592 0.192819 0.0429401 0.0496758 0.0341044 0.0373359 0.0360266 0.0233393 0.0233121 0.0191382 0.0210682 0.0125611 0.0146273 0.0181961 0.0119404 0.0118971 0.00867923 0.0108134 
0.000348368 0.00871757 0.0345102 0.0503167 0.0469815 0.0408279 0.0530567 0.0463072 0.0517981 0.0692789 0.0661354 0.0502728 0.0536289 0.048203 0.0308471 0.0332766 0.0340392 0.0255108 0.0196052 0.0132025 0.023011 0.158714 0.0196589 0.0116502 0.0101014 
4.40142e-06 0.000283521 0.00185284 0.00605515 0.0110198 0.0188181 0.0190618 0.0143576 0.0183479 0.0181706 0.0213208 0.0160782 0.0195147 0.0225894 0.0111684 0.0125056 0.0126802 0.0517157 0.0254414 0.0167897 0.636008 0.0180527 0.0159639 0.00917116 0.00302828 
1.28601e-08 3.4446e-07 6.77929e-06 5.98392e-06 7.82151e-06 8.86649e-05 0.000455198 0.000170433 0.000808912 0.00121096 0.00134881 0.00221745 0.00303633 0.00319393 0.00203962 0.00288816 0.00380049 0.0110553 0.93511 0.00698662 0.0104726 0.00336114 0.00559756 0.00517531 0.000962028 
0 0 0 0 0 0 0 0 0 0 0 0 0 0 0 0 0 0 0 1.7666e-05 8.39886e-05 0.000150429 0.000202962 0.000514107 0.999031 
5.32655e-16 4.70489e-13 3.25293e-12 1.26781e-09 2.76901e-09 2.77749e-08 1.13888e-07 8.51533e-06 2.22431e-05 4.59057e-05 0.000374977 0.000172769 0.000726782 0.0011 0.00464925 0.943455 0.0172076 0.00813105 0.00153369 0.00364868 0.00133345 0.00275694 0.00221022 0.00997611 0.00264672 
2.31905e-11 3.79112e-09 3.88982e-08 8.81285e-06 3.42916e-06 0.000179854 0.000663472 0.00273311 0.00369214 0.00407002 0.00412482 0.00384027 0.00874469 0.00981289 0.0130777 0.880892 0.0127863 0.0118633 0.00623381 0.00596698 0.00409866 0.00327133 0.00534456 0.0143428 0.00424931 
6.45851e-08 8.38197e-07 1.07193e-05 3.56751e-05 4.64801e-05 0.000132703 7.80851e-05 1.00323e-05 2.43534e-05 0.000375748 0.000345971 0.000881859 0.00230055 0.00251345 0.0107144 0.925283 0.00645901 0.0129523 0.00263383 0.000806938 0.00149074 0.00285039 0.00528108 0.0213145 0.00345687 
0 0 0 0 0 8.49791e-40 5.03852e-37 6.87166e-27 6.59677e-21 3.17686e-20 1.03786e-12 2.53898e-11 1.47177e-10 1.75183e-10 5.48867e-10 1.13356e-09 8.399e-08 4.47983e-07 1.5163e-07 7.48685e-07 3.72178e-06 1.12718e-06 0.00117305 0.987708 0.0111129 
6.28208e-06 0.000295687 0.00250278 0.00726915 0.00984996 0.0153719 0.0145929 0.0125308 0.0169037 0.0236633 0.0172596 0.0178803 0.0235073 0.0201375 0.0151875 0.020776 0.0188349 0.599956 0.0387303 0.0286805 0.023941 0.0261153 0.0185151 0.0222536 0.00523841 
3.76076e-11 1.13005e-08 9.2045e-07 3.74858e-05 0.000114584 0.000223914 0.000637037 0.000719024 0.0013227 0.00199718 0.00141298 0.00132316 0.00318403 0.00401786 0.00229181 0.00348722 0.0022717 0.00270486 0.00365152 0.00314686 0.00211649 0.00708947 0.950321 0.0070541 0.000874044 
1.97834e-10 1.104e-07 2.3194e-05 0.000232405 0.000497005 0.00124655 0.00309796 0.00419393 0.00550174 0.00747194 0.00695984 0.685806 0.0174952 0.0135519 0.186211 0.0120835 0.00809806 0.00861399 0.00571813 0.00398233 0.00452024 0.00267603 0.00780613 0.0113269 0.00288603 
1.8994e-11 5.11832e-09 1.08212e-07 1.30375e-05 1.24028e-05 3.36312e-05 0.000364707 0.00189214 0.00280786 0.00315138 0.00328306 0.00310053 0.00781839 0.00819328 0.00679649 0.00832083 0.887119 0.0193773 0.00817302 0.00734118 0.00465972 0.00359059 0.00844693 0.00967059 0.00583397 
1.43904e-07 4.07587e-05 0.000411072 0.00164185 0.00295 0.00743593 0.0117445 0.00930895 0.0139385 0.0175764 0.0208772 0.780585 0.0232939 0.0144964 0.0125684 0.0149291 0.0108615 0.0127594 0.00719587 0.00669282 0.00639677 0.00447606 0.0074606 0.00848885 0.00386998 
2.99801e-07 1.76838e-05 0.000384145 0.000815541 0.000725689 0.000889754 0.00242992 0.00127956 0.00313961 0.00663085 0.00333807 0.00400296 0.00478968 0.0070742 0.00422076 0.00833196 0.00344059 0.00983081 0.882729 0.0209741 0.0111045 0.00577444 0.00956147 0.00751042 0.00100377 
6.07352e-06 0.000357764 0.00193268 0.00518339 0.00927903 0.0146821 0.0156054 0.0132895 0.0159725 0.0163274 0.0175824 0.0166964 0.0209324 0.0245147 0.0120745 0.0188373 0.0143627 0.076602 0.0308869 0.0169046 0.0191587 0.0195085 0.590985 0.0237971 0.00452126 
2.1654e-11 1.05378e-08 3.19329e-06 2.67772e-05 0.000125973 0.000191778 0.000694651 0.000313595 0.000842843 0.000772515 0.00106569 0.00112349 0.00299841 0.00433935 0.00187548 0.00225205 0.00205939 0.00278179 0.00586938 0.00542758 0.0054643 0.00671066 0.934419 0.0107423 0.00989995 
2.82312e-10 1.45637e-07 3.96905e-05 0.000257427 0.000599628 0.00216832 0.00560608 0.0058314 0.0096257 0.0126683 0.854778 0.0136869 0.00920204 0.0117989 0.0105626 0.0120973 0.00793939 0.00755762 0.0045621 0.0061092 0.00380454 0.00389452 0.00436345 0.00716049 0.0056864 
3.52989e-06 0.000107839 0.000925203 0.00238945 0.00219247 0.0045097 0.00717934 0.00723296 0.0113968 0.0087545 0.00826815 0.00982002 0.0125365 0.0128133 0.00722321 0.0121459 0.00785251 0.0447912 0.0225872 0.0175444 0.754854 0.0220815 0.0102639 0.0098249 0.00270168 
9.59495e-06 0.0015516 0.0220247 0.17175 0.0534027 0.0352193 0.278516 0.0484657 0.0323048 0.0918285 0.0281094 0.0197827 0.0248848 0.0315067 0.0237636 0.0164452 0.0126302 0.0351989 0.0131921 0.00715052 0.0140283 0.0155515 0.00959993 0.00939191 0.00369099 
3.09099e-11 1.00934e-08 4.72035e-06 6.36218e-06 2.70842e-05 0.000144186 0.00116785 0.00032546 0.00126806 0.00149309 0.00178029 0.00143888 0.00299668 0.0059053 0.00264898 0.00321416 0.00260146 0.00380147 0.00985121 0.93946 0.00576538 0.00287462 0.00455432 0.00786097 0.00080933 
2.51048e-11 3.20155e-09 4.53937e-07 5.02842e-06 1.15995e-05 0.000255522 0.00109037 0.00301096 0.00401426 0.00458301 0.00524397 0.00457536 0.00962792 0.0111591 0.876753 0.017191 0.00866473 0.017827 0.00756715 0.00423725 0.00404952 0.00269389 0.00716423 0.00511911 0.00515585 
8.17527e-06 0.000574571 0.00538062 0.0217956 0.0350907 0.0441368 0.0382156 0.0331074 0.0400126 0.429934 0.042296 0.0309011 0.038461 0.033851 0.028276 0.0231067 0.017162 0.0315497 0.0239169 0.012528 0.0194276 0.0120561 0.0131769 0.0130354 0.0119998 
2.40173e-08 1.18407e-06 6.56037e-06 0.000156106 0.000162939 0.00062169 0.00288026 0.004633 0.00760809 0.00866678 0.00673824 0.00738517 0.0102061 0.0151023 0.0135829 0.0218034 0.0156981 0.0166048 0.00939825 0.0067765 0.0199062 0.012265 0.78476 0.0216521 0.0133847 
5.42436e-07 1.53312e-06 9.47566e-06 2.56976e-05 4.33846e-05 2.77721e-05 5.91548e-05 0.000128203 8.1959e-05 5.40085e-05 6.66329e-05 0.000355239 4.20904e-05 0.000133761 0.000223147 0.000338144 0.000225233 0.000380558 0.000318037 0.00113142 0.000353791 0.00104599 0.986683 0.00772833 0.000542558 
3.06487e-06 0.000381446 0.00236331 0.0900635 0.0160333 0.0228797 0.0206203 0.0947063 0.0271129 0.0610553 0.0819001 0.0256777 0.0286945 0.0228282 0.0624428 0.0166557 0.0121834 0.0433555 0.310133 0.0128567 0.0165269 0.00832896 0.0111241 0.00775484 0.00431897 
2.46292e-08 6.53456e-07 8.10928e-06 1.63323e-05 2.28046e-05 0.000123758 0.000724715 0.000228644 0.00103174 0.00142131 0.00165529 0.00341406 0.00306881 0.00474587 0.00237508 0.00315042 0.0049443 0.00734396 0.00637889 0.002982 0.0141605 0.917072 0.0146746 0.00917001 0.00128641 
1.15863e-11 4.16032e-09 3.4861e-08 1.03684e-05 4.56652e-06 2.785e-05 0.00033138 0.000635024 0.00193302 0.00255132 0.00254294 0.00587708 0.934761 0.00804686 0.0061197 0.00413278 0.00305857 0.00237167 0.00297588 0.000837267 0.000586957 0.00160839 0.0049215 0.0139516 0.00271396 
3.56751e-16 3.38413e-13 2.23627e-12 9.4119e-10 1.15226e-09 1.04195e-07 3.4651e-07 9.71614e-06 3.53469e-05 0.000246266 0.000248974 0.000612352 0.00240442 0.00199272 0.00155154 0.00178178 0.00702496 0.949884 0.0133201 0.00217146 0.00284699 0.00300793 0.00549753 0.00517465 0.00218884 
8.08443e-11 4.33491e-08 2.351e-05 4.06705e-05 9.70613e-05 0.000343169 0.00159433 0.000649591 0.00164019 0.00188264 0.00207361 0.00154265 0.0033066 0.00646259 0.00279207 0.00507899 0.00262878 0.00307372 0.00729439 0.917032 0.0214246 0.0057944 0.0109793 0.00230833 0.00193706 
4.55719e-11 1.41779e-08 4.38168e-07 3.55708e-05 8.90239e-05 0.000485682 0.00222076 0.00433057 0.00629343 0.0075556 0.00669583 0.00519473 0.0096748 0.015972 0.0136761 0.847971 0.0181688 0.0144211 0.00663197 0.00731417 0.00722054 0.00522319 0.00535592 0.0109322 0.00453641 
2.83863e-11 3.86404e-09 5.00521e-07 7.66131e-06 5.10717e-05 0.000400031 0.00169808 0.00418858 0.00548043 0.00613203 0.00636243 0.00483984 0.00953646 0.0140696 0.0114184 0.0149033 0.847784 0.0212243 0.00791988 0.00736203 0.00646904 0.0051377 0.00904793 0.00951012 0.00645703 
6.00108e-31 3.32493e-28 2.33658e-27 1.29451e-25 1.07625e-21 2.97218e-09 1.78563e-06 2.66207e-05 8.13249e-05 0.000155987 0.000236392 0.000360677 0.000430432 0.000597479 0.000560457 0.000712134 0.000717236 0.000918572 0.000414307 0.000689152 0.000964329 0.000999853 0.00169408 0.00113089 0.989308 
2.03754e-31 6.43749e-29 3.58812e-26 2.57342e-21 3.75879e-20 1.21037e-16 4.07208e-14 1.24478e-12 2.50291e-08 3.33362e-11 5.21061e-08 6.73586e-07 2.72762e-06 7.36252e-06 0.000114487 0.00277402 0.952289 0.0234091 0.00354461 0.00232886 0.000654171 0.000642088 0.00426199 0.0066194 0.00335164 
0.0111914 0.0347971 0.0598383 0.0565625 0.0262821 0.0224364 0.0337838 0.0312854 0.0350587 0.256269 0.0479785 0.0457612 0.0424297 0.0322549 0.0277116 0.0345541 0.0333493 0.0483543 0.0222728 0.0125405 0.0242377 0.022555 0.0179372 0.010878 0.00968022 
3.69161e-11 1.39231e-08 6.46929e-06 9.40514e-06 1.11661e-05 0.000119231 0.000755152 0.000184934 0.00101955 0.00145557 0.00167339 0.00124661 0.00292524 0.00498718 0.00230066 0.00308821 0.00249765 0.00279384 0.00572314 0.00399487 0.948106 0.00362028 0.0091707 0.00187792 0.00243305 
4.20375e-11 1.97552e-08 6.16526e-06 2.77364e-05 0.000119375 0.000408803 0.00192298 0.000692632 0.00205808 0.00219407 0.00265666 0.00175204 0.0040118 0.00683899 0.00288834 0.00667155 0.00268248 0.00304797 0.00735516 0.00294733 0.938109 0.00385012 0.00600348 0.00201789 0.0017369 
6.40007e-06 0.000577995 0.00479397 0.018107 0.0362383 0.0423165 0.0382945 0.44728 0.0474715 0.0494383 0.0392675 0.0293413 0.0342978 0.0281975 0.0271722 0.0216171 0.0169387 0.030678 0.0166304 0.012115 0.0163314 0.0138891 0.0124196 0.0105264 0.00605309 
1.17104e-10 6.22222e-08 7.70186e-06 0.000134414 0.000170939 0.000708254 0.00295052 0.00456231 0.00688902 0.00835494 0.00656117 0.00589831 0.01573 0.0160783 0.02292 0.0267273 0.0204878 0.0273439 0.00921567 0.00599516 0.00694331 0.00542345 0.0166148 0.774636 0.0156467 
3.27964e-07 2.186e-05 0.00036764 0.00145098 0.000704041 0.000629415 0.00162313 0.000819472 0.00208697 0.0051907 0.00205457 0.00283295 0.00265251 0.00391988 0.00299578 0.0048158 0.00385115 0.00597566 0.0293327 0.0123247 0.00644584 0.00613269 0.890842 0.00988679 0.00304218 
5.22608e-08 4.44493e-06 0.000157372 0.000200298 0.000208698 0.000292885 0.00033703 0.000176368 0.000263228 0.0004804 0.000523422 0.00215668 0.00194058 0.00130567 0.000821284 0.000920842 0.00275303 0.00444111 0.00494147 0.00246773 0.00763036 0.00305034 0.956265 0.00769352 0.000967952 
5.00881e-05 0.000527831 0.00158887 0.00148092 0.00127712 0.00121614 0.00161812 0.00180234 0.00222386 0.00316569 0.00172111 0.00173679 0.0020511 0.00339894 0.904855 0.0165267 0.00461329 0.0142595 0.002187 0.00167469 0.00112654 0.00470741 0.00540278 0.0167462 0.00404157 
1.48433e-11 8.66584e-09 1.53695e-06 3.57311e-05 0.00010955 0.000222456 0.000925282 0.00108046 0.00231042 0.00170623 0.00223381 0.00220772 0.0070009 0.00690293 0.852874 0.0385194 0.0113855 0.0129528 0.00538765 0.0055891 0.00506038 0.00578985 0.00478656 0.0272188 0.00569885 
1.74834e-06 5.99602e-05 0.00056529 0.00178894 0.00139018 0.00213884 0.00361946 0.00237412 0.00410005 0.00670018 0.00517755 0.00525717 0.00751355 0.00824068 0.00487184 0.00602838 0.00921395 0.0256406 0.0248754 0.82851 0.015799 0.0100749 0.0182435 0.00532421 0.00249042 
5.08221e-11 2.57883e-08 8.86919e-06 6.01964e-05 0.000129569 0.000338711 0.000805317 0.000533325 0.00117615 0.00209816 0.00242488 0.00183159 0.00778222 0.903461 0.0175187 0.0113249 0.0063902 0.0108628 0.00756168 0.00318252 0.00336069 0.00196602 0.0108024 0.00195305 0.00442671 
4.03726e-11 1.85135e-08 6.00772e-06 2.81432e-05 9.14889e-05 0.000381224 0.00160189 0.000655686 0.0017936 0.00190221 0.00216121 0.00155957 0.00350611 0.00675632 0.00288068 0.00597969 0.00269019 0.00295125 0.00721678 0.00294344 0.940001 0.0043635 0.00614174 0.00237031 0.00201795 
0 0 0 0 0 0 0 0 0 0 0 0 0 0 0 1.04416e-05 7.3273e-05 0.000131027 0.000124807 0.000348849 0.000498823 0.000686182 0.000937638 0.00130128 0.995888 
2.0686e-06 5.54259e-05 0.000633526 0.00144645 0.00106609 0.0018153 0.00392042 0.00255984 0.00372959 0.00647212 0.0054262 0.00671229 0.00895744 0.00912521 0.00560905 0.00945026 0.00569568 0.0265518 0.82858 0.0201163 0.0166447 0.0132103 0.00847646 0.0118306 0.0019126 
1.02696e-15 9.7408e-13 6.43123e-12 2.73721e-09 2.8044e-09 5.08377e-07 1.84316e-06 5.46845e-05 0.000115039 0.000430969 0.000541094 0.00114978 0.00261749 0.00251811 0.00146164 0.00176892 0.00148817 0.0017158 0.00226765 0.00246859 0.00201706 0.0042426 0.959314 0.00729877 0.00852767 
8.46129e-11 3.83472e-08 1.08044e-05 8.13943e-05 0.000148776 0.000715606 0.00202163 0.00393274 0.00582531 0.00666356 0.00698869 0.00524418 0.0099749 0.0171465 0.861288 0.017618 0.00876163 0.015966 0.00666991 0.00483539 0.00707781 0.00334942 0.00576161 0.00472346 0.00519466 
0 0 0 4.25019e-54 2.99574e-45 3.35211e-36 7.43397e-34 2.92515e-24 2.80431e-18 1.25382e-16 2.19347e-09 2.73014e-08 1.85173e-07 1.04128e-06 2.92888e-05 4.98993e-05 8.721e-05 0.000132365 3.84397e-05 0.000243492 0.000476974 0.000637915 0.000923676 0.000952949 0.996427 
4.00985e-20 1.3339e-17 2.33239e-15 1.13869e-12 3.03186e-13 2.43088e-09 9.81636e-07 1.83704e-05 5.09165e-05 4.89027e-05 5.90465e-05 9.2133e-05 0.00175214 0.00152971 0.00180378 0.00585007 0.958309 0.0106061 0.00267067 0.00375099 0.000994927 0.00216329 0.00188242 0.00528198 0.00313424 
2.88319e-11 9.17087e-09 4.21e-06 6.25564e-06 2.32213e-05 0.000132203 0.000938173 0.000203969 0.00107428 0.0014752 0.00169743 0.00128598 0.00296621 0.00561111 0.00261251 0.00319987 0.00259595 0.00284946 0.00592522 0.932916 0.0184688 0.00497396 0.00692539 0.00220954 0.00190482 
5.22041e-12 3.09398e-09 6.86406e-07 8.2627e-06 4.21934e-05 0.000109959 0.000764676 0.000211457 0.000449734 0.0003606 0.000628013 0.000691381 0.00254054 0.00432001 0.00159746 0.00177045 0.00130883 0.00139935 0.00430893 0.00244642 0.00378554 0.951699 0.015016 0.00569706 0.000843412 
4.39805e-09 1.31505e-06 2.70975e-05 5.26465e-05 2.38907e-05 7.56236e-05 0.000183469 0.000321346 0.000344339 0.000510106 0.000611949 0.000855963 0.00267008 0.00256659 0.00179316 0.00189282 0.00204175 0.00213252 0.00379477 0.00420086 0.00266951 0.951068 0.0140477 0.00735792 0.000756525 
4.34634e-66 2.40811e-63 1.69229e-62 4.20351e-59 2.89657e-50 3.32601e-41 7.69109e-39 3.51461e-29 3.37032e-23 1.24514e-21 8.55613e-13 2.08903e-11 1.20895e-10 1.43906e-10 4.26928e-10 8.54677e-10 6.88024e-08 2.50087e-07 2.31256e-07 3.84651e-07 7.41829e-07 2.56121e-06 0.00097743 0.00223457 0.996784 
0 0 0 0 0 0 0 0 0 0 4.33218e-13 1.05649e-11 6.1165e-11 7.2801e-11 2.15986e-10 4.32351e-10 3.48454e-08 1.26549e-07 2.95486e-08 1.93176e-07 3.01615e-07 2.53935e-06 0.000505213 0.00120715 0.998284 
2.98973e-08 1.01315e-05 5.28008e-05 0.000297093 0.000357907 0.000823407 0.00156905 0.003361 0.0045385 0.00516249 0.00544258 0.00498259 0.0097736 0.0134866 0.856193 0.0196446 0.00832551 0.0168363 0.0070152 0.00484735 0.00404579 0.00468854 0.0109668 0.0119067 0.00567232 
5.107e-12 2.37805e-09 1.1311e-06 1.28688e-06 4.46387e-07 6.94332e-06 6.49386e-05 0.000145941 0.000188454 0.00050527 0.000566227 0.000980037 0.00245503 0.0021619 0.00162299 0.00206233 0.00157162 0.00170405 0.00236206 0.00247718 0.968166 0.00706041 0.00405606 0.000867305 0.000971989 
8.54953e-08 8.76665e-06 0.000190023 0.000901194 0.000979977 0.00256922 0.004547 0.0114078 0.0285261 0.808094 0.0109444 0.00447381 0.00615226 0.0104516 0.0118704 0.0123452 0.012813 0.00885411 0.0154496 0.0082089 0.00498408 0.00507431 0.0104017 0.00835134 0.0124011 
4.99743e-16 4.74074e-13 3.13093e-12 1.31757e-09 2.05652e-09 1.70406e-07 5.48219e-07 8.41576e-06 4.22705e-05 0.000266227 0.00034574 0.000854288 0.002339 0.00210233 0.00163632 0.00188193 0.0092316 0.938845 0.0145494 0.00494584 0.00412573 0.00244169 0.00580786 0.00750756 0.00306778 
2.05357e-16 1.94851e-13 1.28605e-12 5.43221e-10 4.82935e-10 9.03017e-08 3.09827e-07 2.61383e-06 2.32633e-05 0.000445025 0.000747079 0.00191854 0.00671853 0.00243976 0.00134758 0.00147677 0.00233638 0.0017776 0.00161623 0.00326202 0.00306987 0.00576696 0.952583 0.00752578 0.00694304 
2.32866e-05 0.000653919 0.00531693 0.018335 0.032984 0.0402816 0.0396728 0.0319884 0.0371898 0.0460474 0.0398372 0.120635 0.0380979 0.0291702 0.268106 0.113194 0.0196324 0.0295043 0.0166495 0.013182 0.0137072 0.0124806 0.0151927 0.0113065 0.00681191 
2.41846e-08 2.25425e-06 4.3353e-06 1.28543e-05 2.02498e-05 2.71122e-05 3.89666e-05 6.59397e-05 0.000529819 0.000772341 0.000933453 0.0012516 0.00265128 0.00305239 0.00171599 0.00197061 0.00229043 0.00277947 0.00303579 0.00303001 0.960101 0.00464421 0.00769802 0.00151842 0.00185363 
0.0141566 0.0271719 0.0247599 0.0214343 0.0163412 0.0185879 0.0202146 0.0281933 0.0239297 0.0312483 0.0191912 0.012281 0.0204177 0.0201631 0.0128148 0.0178248 0.00628438 0.0347374 0.0237801 0.0199564 0.0243918 0.535001 0.0124361 0.00972832 0.00495418 
3.07324e-06 0.000102298 0.00102737 0.00313939 0.003224 0.00414261 0.0084987 0.00567523 0.00795 0.0134647 0.0103368 0.0134843 0.0154741 0.0153679 0.00904411 0.0135696 0.0105467 0.06904 0.0274764 0.0142165 0.696961 0.0295561 0.0125417 0.0127082 0.00244934 
2.18361e-06 7.46431e-05 0.000832775 0.00285951 0.00215837 0.00247442 0.00545658 0.00449818 0.00649693 0.0115353 0.00687105 0.0100769 0.0106495 0.0114638 0.00729646 0.0119093 0.00699043 0.796813 0.032917 0.0126409 0.0178191 0.0154871 0.00931439 0.0112728 0.00208954 
1.33717e-11 1.14351e-09 4.06711e-07 6.99578e-07 8.93135e-07 3.0234e-06 0.0001152 6.82708e-05 0.000726747 0.000955704 0.00110726 0.00104367 0.00264305 0.00293078 0.00166425 0.00213835 0.00222553 0.00273706 0.00305629 0.00499201 0.958253 0.00326242 0.00750372 0.00220364 0.00236765 
1.38178e-06 8.33498e-05 0.00131937 0.00395441 0.0116079 0.420475 0.0251113 0.0149005 0.0174924 0.0223403 0.0157147 0.011706 0.0190633 0.0135326 0.0104525 0.0132663 0.156922 0.0322293 0.0180937 0.149432 0.0121446 0.00754294 0.00903809 0.00905932 0.00451681 
0 0 0 0 0 0 0 0 0 0 0 0 0 0 0 0 0 3.98673e-05 0.000100055 0.000290692 0.000623039 0.000932282 0.00133273 0.00155131 0.99513 
4.09137e-57 2.26684e-54 1.59302e-53 8.84527e-52 8.09878e-48 3.88843e-27 7.13569e-25 6.16211e-18 3.44267e-13 1.96016e-18 1.09723e-12 2.09495e-11 1.054e-10 2.54035e-10 2.8434e-09 2.30089e-08 3.95727e-06 1.54924e-06 2.33977e-07 6.63787e-06 9.29227e-06 3.68898e-05 0.00123977 0.992799 0.00590262 
0 0 0 0 0 0 0 0 0 0 3.58369e-13 8.73951e-12 5.05973e-11 6.02228e-11 1.78669e-10 3.57652e-10 2.88203e-08 1.04659e-07 2.44045e-08 1.59699e-07 2.48296e-07 7.3452e-07 0.000409752 0.990096 0.00949307 
4.74933e-09 1.31219e-07 5.72248e-07 1.20156e-06 2.20201e-06 6.86624e-06 2.25369e-05 0.000157493 0.000164383 0.000308358 0.00032262 0.00139283 0.0026857 0.00292871 0.00317077 0.00565871 0.0122095 0.918163 0.0154936 0.00485455 0.00411295 0.0040048 0.0110304 0.0108587 0.00244935 
6.35485e-06 0.000682191 0.00181926 0.00401353 0.0030837 0.00259882 0.00227759 0.00447841 0.00528927 0.0261257 0.0114873 0.00803144 0.0148796 0.0165353 0.0103506 0.0185046 0.797366 0.0186649 0.00998641 0.00789981 0.0051912 0.00440889 0.00863905 0.0109428 0.0067375 
1.33717e-08 3.47679e-07 1.56774e-06 3.51256e-06 6.23224e-06 1.55206e-05 0.000112463 7.27912e-05 0.000395179 0.000460688 0.000459566 0.00171177 0.00146146 0.00130092 0.000730439 0.0013254 0.00259642 0.00380836 0.00263664 0.00173159 0.00688096 0.00233651 0.962007 0.00832428 0.00161995 
3.01437e-09 7.26394e-07 1.13921e-05 1.35942e-05 8.67779e-06 7.32166e-06 5.8989e-05 0.000919909 0.00120618 0.00165679 0.00201127 0.00205359 0.00700659 0.00555824 0.00633663 0.906196 0.0279176 0.0079704 0.00426066 0.00657202 0.00425796 0.00288471 0.00310509 0.00539111 0.00459417 
1.14937e-08 2.01911e-07 8.4606e-07 1.44247e-06 1.95747e-06 4.13184e-06 1.0005e-05 7.63257e-05 0.00022873 0.000365165 0.000610331 0.000863696 0.00246496 0.00207554 0.00153363 0.0017379 0.00165518 0.00180636 0.00309015 0.00262838 0.00170416 0.958765 0.0173882 0.00221566 0.000772136 
0.000612673 0.0233371 0.0622379 0.0613593 0.0326196 0.0410764 0.0432134 0.078178 0.040691 0.0694478 0.050508 0.0592672 0.0454511 0.0370516 0.0313548 0.0724637 0.0416775 0.0550986 0.0270787 0.0162603 0.0302021 0.0413419 0.0188412 0.012343 0.00828709 
3.0001e-11 9.80069e-09 4.34885e-06 7.6476e-06 7.90508e-06 8.23676e-05 0.000446801 0.000145311 0.000797751 0.00119204 0.00135506 0.00110682 0.00288481 0.00313021 0.00195886 0.00282223 0.00244743 0.00524612 0.944301 0.0103818 0.00419455 0.0022113 0.00570209 0.0086312 0.000942219 
0.00015436 0.00370753 0.0163946 0.0305808 0.147081 0.0406558 0.0884572 0.0463941 0.0471676 0.0604683 0.0537682 0.0468216 0.0446073 0.0376519 0.02971 0.161835 0.0276111 0.0228943 0.0195398 0.0124857 0.0168636 0.0138955 0.0122652 0.0121298 0.00685917 
2.95848e-06 0.00010574 0.00137513 0.00316295 0.0025077 0.00257454 0.0053326 0.00374636 0.00646724 0.0149949 0.00653174 0.00735 0.0102981 0.0106809 0.00745288 0.0101731 0.00791983 0.0435759 0.77661 0.02458 0.01764 0.0140799 0.0105848 0.0100387 0.00221356 
0.428049 0.379449 0.0217514 0.0207253 0.00585989 0.0050878 0.00587594 0.00736079 0.0069419 0.0114256 0.00928736 0.00696983 0.00788566 0.00565692 0.00548015 0.00893864 0.00707107 0.00862211 0.00740044 0.0046775 0.0102167 0.00629922 0.0132361 0.00242916 0.00330255 
3.96552e-09 9.49795e-08 4.42816e-07 1.23437e-06 1.54856e-06 2.27277e-05 6.90852e-05 0.000200012 0.000148961 0.000267759 0.000381886 0.000786996 0.00239368 0.00198347 0.00146487 0.00178972 0.00187443 0.00263858 0.00258988 0.961918 0.0063263 0.00520613 0.00663352 0.0020435 0.00125719 
0.000679616 0.0117914 0.0364616 0.0457339 0.0392108 0.0366624 0.0489871 0.0440879 0.0479866 0.0624938 0.0598325 0.0452239 0.0479798 0.072435 0.0292676 0.0307008 0.0298161 0.0269654 0.0194285 0.0137218 0.194975 0.0175709 0.0183887 0.0103825 0.0092166 
4.43408e-10 2.22257e-07 4.98299e-05 0.000617798 0.00148667 0.00311334 0.00532304 0.00481495 0.00644226 0.008825 0.0075331 0.104372 0.0133775 0.0130048 0.0127925 0.0139336 0.00890947 0.0120789 0.00598867 0.00382454 0.00457398 0.00270367 0.01072 0.00917702 0.746337 
3.74431e-08 4.12925e-06 3.44571e-05 0.000227353 5.03375e-05 5.11075e-05 0.000148879 9.07946e-05 0.000193574 0.000673317 0.000538542 0.000934893 0.00251778 0.00201041 0.00155417 0.00198667 0.00416002 0.00212137 0.010529 0.00518287 0.00224111 0.934512 0.0189592 0.00794045 0.0033372 
2.45073e-31 7.98725e-29 4.1449e-26 4.67856e-21 5.4411e-20 4.94851e-16 5.1422e-14 3.655e-12 4.8347e-08 6.78878e-10 2.16782e-08 5.10942e-06 4.99615e-05 3.66601e-05 0.000439109 0.000389043 0.000525319 0.00113189 0.00204477 0.00616918 0.00423434 0.00689184 0.955205 0.00974343 0.0131343 
9.32378e-08 4.1817e-06 6.51499e-05 0.000202957 0.000113003 0.000221045 0.000511889 0.0021338 0.00286089 0.00312816 0.00294451 0.00907836 0.0077068 0.00730239 0.00927039 0.79662 0.0195743 0.0250237 0.0111384 0.00801812 0.0368808 0.0151896 0.00939634 0.027403 0.00521167 
0 0 0 8.91901e-55 6.28655e-46 6.9226e-37 1.49373e-34 5.23439e-25 5.01696e-19 2.58814e-17 1.65298e-14 1.94329e-13 2.89938e-11 1.91248e-10 2.20916e-09 2.48445e-09 3.08993e-09 1.98851e-05 5.11874e-05 0.000161863 0.000249434 0.000328229 0.000414845 0.000849374 0.997925 
1.04436e-07 4.03231e-05 3.76277e-05 6.27137e-05 5.32849e-05 6.9218e-05 0.000220347 0.00010017 0.000860976 0.00117221 0.00128581 0.00119117 0.00280515 0.00313194 0.0018293 0.00259695 0.00232082 0.00260431 0.00350785 0.927329 0.0212006 0.010326 0.0119119 0.00297088 0.00237089 
1.36864e-11 2.28443e-09 2.54831e-07 4.40009e-06 4.04695e-06 0.000259287 0.00101183 0.00349863 0.00458807 0.00440147 0.00523169 0.0045093 0.00901679 0.01076 0.854047 0.0236174 0.0109328 0.0121204 0.0062675 0.00619543 0.00456532 0.00697327 0.0055069 0.020428 0.00606024 
2.06485e-10 1.14481e-07 2.03773e-05 0.000212085 0.000288212 0.001063 0.00438373 0.00566857 0.00878326 0.0101142 0.00792988 0.00640846 0.0125999 0.0143927 0.0203011 0.832874 0.0153129 0.0138847 0.00737268 0.00483206 0.00524183 0.00326437 0.00688421 0.0133212 0.00484632 
5.09501e-11 1.79482e-08 8.03382e-06 9.80584e-06 5.026e-06 0.000275483 0.000925466 0.00283206 0.00462186 0.00449006 0.00442451 0.0040838 0.00911187 0.0103186 0.0119824 0.039644 0.811736 0.0166141 0.00715696 0.00621498 0.00444333 0.00837675 0.00744594 0.0369431 0.00833565 
0 0 0 0 0 0 0 0 0 0 0 0 0 0 0 0 0 0 0 0 0 9.02673e-06 7.69507e-05 0.00024082 0.999673 
1.8097e-11 4.08816e-09 1.96216e-06 1.40565e-06 8.68795e-07 3.6978e-06 0.000112232 6.84764e-05 0.00068031 0.000855712 0.000925233 0.000928293 0.00265966 0.00277103 0.00185942 0.00275134 0.0135841 0.898319 0.0166082 0.0176079 0.0119238 0.00295745 0.00955065 0.0117515 0.00407757 
4.11163e-29 2.14555e-26 7.51414e-25 6.09233e-18 3.94074e-17 1.01852e-12 1.47195e-11 7.07626e-09 6.0113e-05 1.77054e-07 1.60074e-06 1.66753e-05 0.000340923 0.0010186 0.0019076 0.00669574 0.943895 0.0252131 0.00141179 0.00189618 0.000476559 0.00188134 0.00571823 0.00689753 0.00256834 
3.46034e-11 1.23081e-08 5.45937e-06 1.48488e-05 6.15401e-05 0.000385117 0.00152739 0.000629055 0.00170638 0.00186204 0.00208439 0.00153842 0.00319981 0.00647957 0.00277771 0.005472 0.00262021 0.00335877 0.0076036 0.92919 0.00954176 0.00520353 0.00903327 0.00436756 0.00133745 
5.15729e-08 4.96884e-06 9.4555e-05 0.000328921 0.000147506 0.000122388 0.000212245 0.000181995 0.000334248 0.00124886 0.000386462 0.000927928 0.00129545 0.000994134 0.000896438 0.00113996 0.00272776 0.00171168 0.00828033 0.00486678 0.00213036 0.00177746 0.00641849 0.963431 0.000339692 
3.20971e-11 1.08711e-08 4.79774e-06 1.39155e-05 4.94673e-05 0.000307706 0.00149987 0.000556255 0.00153804 0.00163469 0.00183566 0.00147955 0.00318847 0.00624802 0.00273521 0.00444885 0.00274812 0.00652062 0.936376 0.0074457 0.00649927 0.0026412 0.00607155 0.00524927 0.00090772 
1.39129e-12 6.98337e-10 2.13488e-07 1.46908e-06 4.37929e-06 1.15e-05 0.000577081 6.2506e-05 0.000499778 0.000826736 0.00103005 0.00106527 0.00255734 0.00514312 0.00202151 0.00212729 0.00208675 0.00342208 0.936475 0.0136779 0.00699803 0.00373976 0.00633719 0.0099197 0.00141537 
4.74586e-15 4.00702e-12 2.88234e-11 1.25327e-08 5.31746e-08 4.09144e-06 7.10326e-05 0.00121299 0.0016291 0.00221959 0.00247804 0.00268452 0.00753982 0.00734733 0.00575773 0.893871 0.0304413 0.00913385 0.00603074 0.00680216 0.00448474 0.00332177 0.00407071 0.0061939 0.00470598 
8.21171e-06 0.000843646 0.00651373 0.0212753 0.0393194 0.0481226 0.0475395 0.0382151 0.0461383 0.0557093 0.0476201 0.036542 0.0476212 0.348013 0.0297707 0.0269461 0.0189955 0.033665 0.0219673 0.0134828 0.0191652 0.0139767 0.016795 0.0136914 0.00806261 
1.27436e-05 0.000456244 0.00375937 0.00912585 0.0130271 0.0150191 0.0191432 0.0171348 0.0207075 0.0304379 0.02368 0.0241133 0.0292767 0.506862 0.0214936 0.0205891 0.0251741 0.0883179 0.029071 0.0160959 0.0197369 0.0214874 0.0247553 0.0136532 0.00686945 
2.79946e-06 0.000168914 0.00144802 0.00426664 0.00645012 0.00902691 0.00813089 0.00647617 0.00794233 0.0104097 0.00836176 0.0170255 0.0104654 0.00882789 0.00668064 0.00627615 0.00787178 0.025288 0.0185073 0.0103787 0.00876798 0.79041 0.0201525 0.00476948 0.00189418 
0 0 0 0 0 0 0 0 0 0 0 0 0 0 0 0 1.21831e-12 6.60038e-12 1.00722e-11 2.63206e-11 6.765e-11 4.12983e-08 8.69674e-07 0.00182879 0.99817 
2.45647e-08 6.42465e-07 2.87531e-06 5.75369e-06 1.04863e-05 1.93731e-05 4.99659e-05 6.4153e-05 9.41644e-05 0.000120744 0.00011975 0.0022807 0.000365854 0.000462775 0.000930099 0.000955901 0.00301168 0.00515028 0.00180253 0.00196611 0.0122677 0.0078505 0.948181 0.00701717 0.0072701 
1.34315e-49 7.44135e-47 5.24813e-46 2.94963e-41 4.31502e-40 3.41116e-24 6.25985e-22 5.40577e-15 3.02012e-10 1.79385e-15 7.58571e-12 2.25518e-10 9.23864e-10 7.82721e-08 2.13912e-05 3.35326e-05 4.83236e-05 0.000259234 4.38239e-05 0.000699338 0.000181513 0.0004765 0.989979 0.0080371 0.000220026 
4.06374e-17 3.85487e-14 2.58359e-13 4.03598e-10 4.94108e-09 1.39396e-07 5.05353e-05 0.000865793 0.00101043 0.00140768 0.00172041 0.00147503 0.0066472 0.00475808 0.00497047 0.00828556 0.912785 0.0203296 0.0036725 0.00643624 0.00405825 0.00314101 0.00731054 0.00676957 0.00430601 
0 0 0 0 0 0 0 0 0 0 6.44226e-13 1.57107e-11 9.09568e-11 1.0826e-10 3.21187e-10 6.42938e-10 5.18068e-08 1.88128e-07 4.38511e-08 2.87032e-07 4.46212e-07 4.91027e-07 0.000734259 0.991877 0.00738767 
3.83786e-12 2.2394e-09 1.78962e-08 5.75289e-06 2.11744e-06 0.000190552 0.000586318 0.0026807 0.00329855 0.00367246 0.00425229 0.0041967 0.0137128 0.890966 0.0117156 0.0103062 0.00792488 0.00979793 0.00635777 0.00477804 0.00376918 0.00238514 0.00921482 0.00525843 0.00492827 
7.50332e-09 3.33322e-07 4.08758e-05 0.000223843 0.00046638 0.00152041 0.00497746 0.00589482 0.00922823 0.0111496 0.00891237 0.00951759 0.830935 0.0142602 0.0153717 0.0164845 0.00987551 0.0114023 0.00746226 0.00521021 0.00799146 0.00484617 0.00767671 0.0127275 0.00382417 
2.39462e-05 0.00056585 0.0239482 0.0305941 0.0271441 0.0511456 0.0260608 0.0624647 0.0304822 0.0555486 0.0294487 0.0378778 0.0241452 0.196068 0.129704 0.025509 0.0147745 0.0298817 0.0149931 0.110377 0.0326955 0.0110566 0.0106216 0.00996386 0.014905 
1.65353e-06 6.11133e-05 0.000768342 0.00170894 0.00133965 0.00134151 0.00276955 0.00200675 0.00352214 0.00824434 0.00334697 0.00617062 0.00550267 0.00612636 0.00476344 0.00683805 0.00433459 0.0233291 0.0188948 0.0181216 0.0127802 0.0131129 0.839734 0.0130223 0.00215873 
2.44906e-05 0.00157738 0.0578536 0.017418 0.0279324 0.0296134 0.0298824 0.0298631 0.035567 0.107243 0.0340621 0.0284193 0.0590442 0.0268871 0.0348173 0.0207261 0.0557812 0.164634 0.0173355 0.131293 0.0153301 0.034234 0.0247313 0.00983171 0.00589803 
4.62543e-10 5.01267e-07 5.27733e-05 0.000330658 0.000598837 0.00180519 0.00556338 0.00618672 0.0100874 0.0116186 0.00990847 0.00667759 0.0118844 0.0143565 0.806066 0.0279885 0.0189844 0.0176017 0.00693373 0.00825705 0.00643864 0.00539106 0.00619588 0.0114734 0.00559901 
3.12025e-05 0.000835505 0.00767692 0.024909 0.120329 0.0328819 0.0328176 0.0314985 0.141546 0.0482413 0.102203 0.0661327 0.166261 0.0334959 0.0254398 0.023531 0.0180787 0.0304375 0.0180386 0.0142158 0.0171206 0.0112382 0.0159012 0.0109917 0.00614743 
5.67008e-11 2.16363e-08 8.4092e-06 3.94662e-05 7.56248e-05 0.000124794 0.000258656 0.000130917 0.000942105 0.00137558 0.00135883 0.00119671 0.00279122 0.0031512 0.00192193 0.00266101 0.00232308 0.00295153 0.00398004 0.95048 0.00593094 0.00477539 0.00783503 0.00460283 0.0010844 
1.99331e-19 7.33203e-17 4.52254e-14 8.447e-09 7.34852e-08 1.43119e-06 3.77434e-05 0.000157948 0.000327494 0.000240988 0.000209351 2.48102e-05 0.000487588 0.00112837 0.00131726 0.00163237 0.000882728 0.000555922 0.47924 0.00553936 0.00495521 0.00810797 0.488841 0.00333233 0.00298006 
7.85533e-10 3.0569e-08 5.92542e-06 1.28267e-05 5.188e-05 0.000382536 0.00146199 0.000594626 0.00159472 0.00173403 0.00196746 0.00149221 0.00318397 0.00633256 0.00282117 0.00472122 0.00270052 0.00309057 0.00725949 0.926792 0.0141774 0.00489949 0.00919611 0.00302979 0.00249793 
3.65908e-17 3.47134e-14 2.30637e-13 1.01501e-10 1.32108e-10 1.4879e-08 7.71678e-08 2.43311e-06 3.06771e-05 0.000152177 0.000291167 0.000629617 0.00229428 0.00138817 0.0012237 0.00149441 0.00112593 0.00118603 0.00200991 0.00232984 0.001537 0.962361 0.0169653 0.00425155 0.000726641 
1.13811e-07 7.39353e-06 0.000133297 0.000368239 0.000307582 0.000286117 0.000576161 0.00049826 0.00145212 0.0029302 0.00158618 0.00269928 0.00306944 0.0037436 0.00336037 0.00446057 0.0042288 0.00408139 0.00981109 0.008177 0.0101885 0.0190539 0.911485 0.00517319 0.00232231 
7.62747e-10 4.80581e-08 3.32808e-07 1.56251e-06 7.19084e-06 7.68485e-06 2.99649e-05 5.66721e-05 0.000275464 0.000599458 0.000737885 0.00146805 0.00253829 0.00278081 0.00167849 0.00209682 0.00170646 0.00177601 0.0025321 0.00244495 0.00159538 0.95716 0.0162608 0.00344043 0.000805318 
2.34741e-07 1.29234e-05 0.00038458 0.000874792 0.000751794 0.000928046 0.00246293 0.00130155 0.00320069 0.0067392 0.00344653 0.00408076 0.00494788 0.00706965 0.00435375 0.00804567 0.00374266 0.00894831 0.875054 0.0283511 0.0106188 0.00684502 0.00687926 0.00995743 0.0010027 
0.00240948 0.0328103 0.0657981 0.0506152 0.0366233 0.0382534 0.0444613 0.0458193 0.0561993 0.0661972 0.0467248 0.0426526 0.047401 0.0334376 0.0318501 0.0323556 0.0275323 0.0471292 0.0305459 0.0220992 0.150903 0.0150806 0.0161898 0.00896905 0.00794201 
7.1248e-06 0.000539364 0.00348821 0.0140763 0.0302952 0.0345614 0.0349078 0.0320322 0.0401723 0.050212 0.0428432 0.0342909 0.0393259 0.396197 0.0360877 0.0301163 0.0205623 0.0548538 0.0205311 0.0173367 0.0186787 0.0103113 0.0181946 0.0119847 0.00839425 
4.17043e-08 1.03958e-06 1.02782e-05 1.32133e-05 1.87478e-05 4.15484e-05 0.000138384 8.14007e-05 0.000182949 0.000467149 0.00045043 0.00311786 0.00220126 0.00218767 0.00128087 0.00156899 0.00389854 0.00563285 0.00290926 0.00300152 0.480496 0.48077 0.00902414 0.00114301 0.0013622 
0 0 0 0 0 0 0 0 0 0 0 0 0 0 0 0 1.62624e-11 8.8104e-11 1.34447e-10 1.41939e-05 6.35734e-05 9.71676e-05 0.000205603 0.995693 0.00392689 
5.74714e-06 0.0004485 0.00114583 0.00198523 0.00161701 0.00226157 0.00487349 0.00840688 0.00874082 0.00877689 0.00805002 0.00627713 0.0118161 0.0170416 0.0117709 0.0155337 0.807684 0.0232003 0.00911316 0.00893464 0.00875307 0.00512163 0.00993489 0.0121378 0.00636866 
2.28559e-12 1.31567e-09 2.24184e-07 3.50347e-06 6.64761e-06 0.000142506 0.00105509 0.00227434 0.00275586 0.00288569 0.00324851 0.0036036 0.00805636 0.00998898 0.00697438 0.00867542 0.862917 0.0262689 0.015658 0.00830975 0.00827743 0.00319806 0.00882954 0.0109973 0.00587265 
0 0 0 0 0 0 0 0 0 0 0 6.3766e-06 7.39395e-06 0 8.87597e-06 8.66733e-06 0 8.08019e-06 7.38924e-06 0 7.32375e-06 1.78211e-05 7.51618e-05 0.000164981 0.999688 
4.31276e-08 1.11806e-06 1.01571e-05 3.53774e-05 0.000122412 0.000396378 0.00177571 0.000706882 0.00194148 0.00217396 0.00236059 0.00475395 0.00388596 0.006791 0.00297283 0.00626418 0.0069592 0.0115051 0.00962488 0.00317585 0.906433 0.0161845 0.00799899 0.00262508 0.00130096 
7.12589e-11 2.94936e-08 9.85896e-06 4.20714e-05 5.4644e-05 0.000359507 0.00147703 0.00271049 0.0047784 0.00579532 0.00569375 0.00399374 0.00925736 0.0149188 0.00909187 0.0199282 0.85389 0.0102009 0.00817794 0.00705315 0.00771204 0.00645831 0.00618289 0.0171172 0.00509647 
1.50131e-12 8.32913e-10 6.5732e-09 2.15707e-06 9.27541e-07 0.000157969 0.00038573 0.00256804 0.00290345 0.00288892 0.00319008 0.00344725 0.00777295 0.00790978 0.00722524 0.013926 0.887305 0.0115222 0.00671149 0.00738526 0.00472161 0.00484887 0.00698553 0.0126373 0.00550397 
7.20894e-06 0.000214576 0.00138129 0.00420094 0.00481471 0.00893588 0.0147358 0.013172 0.0159581 0.0201822 0.0214512 0.0155212 0.0285805 0.0262804 0.0198251 0.542643 0.0347027 0.104926 0.0245554 0.0190045 0.0183146 0.0191715 0.014414 0.0198022 0.00720436 
3.28226e-10 1.63855e-07 3.92016e-05 0.000290979 0.000563164 0.00169084 0.0052206 0.00612299 0.00973875 0.0116144 0.00866293 0.00677462 0.819818 0.0246184 0.0180911 0.0169124 0.00990386 0.0132741 0.00704972 0.00549451 0.00543393 0.00378812 0.0124048 0.00615042 0.00634203 
3.16494e-11 1.08836e-08 5.61468e-06 2.97251e-06 4.30642e-06 8.55882e-05 0.000385437 0.000142696 0.000888904 0.00138114 0.00133858 0.00115136 0.0030148 0.00368242 0.0020103 0.00287612 0.00237494 0.0030535 0.00608215 0.947645 0.00632722 0.00399907 0.00632862 0.00620905 0.00101044 
1.17774e-08 3.00096e-07 4.11335e-06 4.29351e-06 6.17323e-06 5.07985e-05 0.000272098 0.000136527 0.000851533 0.0011985 0.00127633 0.00174861 0.00289849 0.00336262 0.00188008 0.00292577 0.00350024 0.00472389 0.00355188 0.00270508 0.00710266 0.941612 0.0167615 0.0025731 0.00085309 
1.93918e-66 1.07441e-63 7.55042e-63 2.55513e-58 1.79803e-49 1.99121e-40 4.33907e-38 1.58824e-28 1.52241e-22 7.44624e-21 1.05143e-12 2.57305e-11 1.49067e-10 1.77486e-10 5.25918e-10 1.05137e-09 8.45154e-08 3.08463e-07 1.22404e-06 4.75606e-07 1.96355e-06 2.7101e-06 0.00120386 0.987597 0.0111924 
1.65335e-08 4.28313e-07 1.92261e-06 3.84626e-06 7.07107e-06 1.38977e-05 4.0762e-05 9.14329e-05 0.000398076 0.000711495 0.00090804 0.00239223 0.0026508 0.00307188 0.00172365 0.00204982 0.00345856 0.00500934 0.00306508 0.00265358 0.00904002 0.00785558 0.943717 0.00840627 0.00272898 
7.30709e-12 1.14343e-09 1.04171e-08 2.61796e-06 7.31006e-07 0.000159683 0.000352612 0.00242985 0.00265185 0.0030161 0.00336812 0.00375026 0.00839411 0.00859624 0.00717993 0.00790029 0.0116679 0.886048 0.0150452 0.00829544 0.00661711 0.00382629 0.00821213 0.00843727 0.0040479 
6.75306e-11 2.84233e-08 1.04025e-05 5.10106e-05 0.000184692 0.000405774 0.00144426 0.000510376 0.00159209 0.00160883 0.00184359 0.00155315 0.00344803 0.00634015 0.00285567 0.00380057 0.00264274 0.00293182 0.00686082 0.0027219 0.00411061 0.932191 0.0158692 0.00615514 0.000868006 
