2727
1.17471e-13 4.59566e-11 4.50652e-09 4.97277e-08 1.57731e-07 1.24952e-06 1.21291e-06 8.9602e-07 2.96289e-06 4.75473e-06 4.38366e-06 1.46908e-05 5.8111e-06 4.44739e-05 0.000103775 4.38976e-05 2.12509e-05 4.44192e-05 2.39391e-05 8.46405e-06 7.28808e-06 1.89553e-05 3.40797e-05 3.65727e-05 0.999577 
3.69901e-05 0.00133012 0.0205562 0.453015 0.0362442 0.0239166 0.0327668 0.0353463 0.03676 0.0522976 0.0429309 0.0362898 0.0382534 0.0306946 0.0264827 0.0217461 0.0183683 0.0167558 0.0174456 0.00808975 0.0147967 0.00656358 0.0156916 0.00825224 0.00536914 
2.3e-06 0.000139138 0.00102475 0.00310738 0.00980064 0.0203345 0.0226632 0.0172131 0.0212735 0.0293238 0.0370935 0.0296355 0.0352897 0.027836 0.022068 0.025674 0.02099 0.0638402 0.0168791 0.0147518 0.0191063 0.00675987 0.022384 0.0219778 0.510832 
6.16912e-11 3.06656e-08 1.17607e-05 4.51127e-05 0.000130952 0.000605061 0.00146207 0.00352087 0.00429186 0.00484261 0.00584559 0.00471967 0.00895425 0.0143156 0.0133004 0.85976 0.0151507 0.0120844 0.00698637 0.0072514 0.00732125 0.00493646 0.00572339 0.0139678 0.00477276 
2.42021e-06 0.000280162 0.00340235 0.00697203 0.267972 0.0427637 0.039584 0.0184674 0.0184345 0.0385906 0.0243283 0.018441 0.0264133 0.0161844 0.0144498 0.0194845 0.0153649 0.0209472 0.354676 0.00822499 0.0152984 0.00658386 0.00923945 0.00806106 0.00583312 
9.38771e-12 2.23967e-09 4.72668e-07 4.33471e-06 1.96037e-05 3.70191e-05 0.000736069 0.00020884 0.000786994 0.000675288 0.000701011 0.000789388 0.00161744 0.00330237 0.00117684 0.00295932 0.00143636 0.00152696 0.00462947 0.00174925 0.00253546 0.00123226 0.965375 0.00815431 0.000346395 
9.2204e-06 0.000503295 0.00590679 0.0187268 0.0404627 0.373493 0.0567315 0.0451008 0.0455356 0.0605831 0.0489187 0.0396935 0.0431825 0.0315915 0.0323491 0.032341 0.0198998 0.0243959 0.018588 0.00975086 0.0147571 0.00971437 0.0104205 0.0107133 0.00663061 
2.36372e-05 0.000791262 0.00748394 0.0159858 0.0360672 0.033699 0.0487805 0.0327423 0.0374918 0.0493116 0.0412182 0.0330866 0.0358079 0.0334535 0.0261417 0.437258 0.0211463 0.0201724 0.0176931 0.0120427 0.0177056 0.00882812 0.0116476 0.0143905 0.00703078 
4.44973e-06 0.000699049 0.00416839 0.0200596 0.0297382 0.0275024 0.0314654 0.0312704 0.0353305 0.0520193 0.487274 0.0383275 0.0413902 0.034882 0.0245485 0.0257748 0.0228126 0.0195948 0.0157514 0.00941011 0.0115537 0.00823637 0.0106671 0.0108975 0.0066214 
0.000113037 0.00311495 0.0282668 0.0469864 0.0420255 0.0343251 0.0496834 0.0429451 0.0498638 0.0784353 0.0620006 0.0481757 0.0507591 0.04913 0.0324985 0.0302088 0.028759 0.0219833 0.0237356 0.0114228 0.0188907 0.202053 0.0213324 0.0121218 0.0111695 
2.43891e-12 1.08663e-10 2.92203e-09 1.51375e-07 4.24396e-07 1.99932e-06 2.94252e-05 5.51939e-05 0.000495488 0.000768099 0.000944316 0.00106115 0.00268424 0.00305717 0.00171975 0.0020506 0.00196168 0.0021943 0.00273044 0.00254771 0.00157066 0.953874 0.0134395 0.00803256 0.000780894 
2.77483e-10 1.27068e-07 5.35964e-05 0.000139504 0.000387949 0.00281696 0.845215 0.0304485 0.0124418 0.0128952 0.00467087 0.00438093 0.00517364 0.00645835 0.0271649 0.0217856 0.00376755 0.0100685 0.0041129 0.0014015 0.00299674 0.000509097 0.00118324 0.000980119 0.00094739 
6.02314e-39 3.33137e-36 2.59716e-35 3.13214e-29 2.17533e-28 4.78024e-23 1.97245e-20 7.48536e-14 4.06846e-09 1.09192e-11 1.28108e-09 1.14033e-07 8.82712e-07 4.0524e-06 1.99503e-05 4.76605e-05 0.000116614 0.00100285 0.000834774 0.977533 0.00515411 0.00462657 0.00721784 0.00318319 0.000258078 
2.89067e-30 9.13274e-28 5.09424e-25 3.65766e-20 5.34093e-19 1.71792e-15 5.78554e-13 1.14135e-11 1.02016e-08 7.9748e-11 5.35508e-09 8.78871e-08 5.86617e-07 3.31039e-05 4.51836e-05 6.88943e-05 4.73053e-05 0.000122089 8.5866e-05 0.000303856 0.000580529 0.00440896 0.98207 0.00710513 0.00512813 
0.000292398 0.00362909 0.0219392 0.0282506 0.0239753 0.0255891 0.0568062 0.272552 0.243678 0.0365493 0.0462418 0.0284513 0.031471 0.0318346 0.0196867 0.0172375 0.0179842 0.0159668 0.0106005 0.0145361 0.0136583 0.0108083 0.0113248 0.00738989 0.00954671 
0.000273359 0.00497167 0.0270333 0.0444742 0.0433622 0.0363178 0.0471858 0.0429697 0.0506251 0.0693398 0.0663499 0.0499011 0.0562056 0.0505917 0.0314378 0.0345587 0.0283874 0.0242474 0.0199549 0.0120525 0.0220212 0.195674 0.0198831 0.0119511 0.0102306 
2.77041e-06 0.000157803 0.000884517 0.00201901 0.00440133 0.00876353 0.0136188 0.00738774 0.00698063 0.0114892 0.0130879 0.00961698 0.0159513 0.0168504 0.00659573 0.00904609 0.0126044 0.0481958 0.0238301 0.00900724 0.743897 0.0136657 0.012883 0.00653279 0.00253031 
3.04775e-11 1.03971e-08 5.35365e-06 3.03774e-06 2.40602e-06 7.96808e-05 0.000435131 0.000139064 0.00077051 0.00116403 0.00131428 0.00108998 0.00298789 0.00312772 0.00198434 0.00281517 0.00253249 0.00869122 0.947527 0.00699658 0.00486231 0.00179906 0.00556753 0.00515995 0.000945717 
0 0 0 0 0 0 0 0 0 0 0 0 0 0 0 0 0 0 0 1.7666e-05 8.39886e-05 0.000150429 0.000202962 0.000514107 0.999031 
5.32655e-16 4.70489e-13 3.25293e-12 1.26781e-09 2.76901e-09 2.77749e-08 1.13888e-07 8.51533e-06 2.22431e-05 4.59057e-05 0.000374977 0.000172769 0.000726782 0.0011 0.00464925 0.943455 0.0172076 0.00813105 0.00153369 0.00364868 0.00133345 0.00275694 0.00221022 0.00997611 0.00264672 
2.31905e-11 3.79112e-09 3.88982e-08 8.81285e-06 3.42916e-06 0.000179854 0.000663472 0.00273311 0.00369214 0.00407002 0.00412482 0.00384027 0.00874469 0.00981289 0.0130777 0.880892 0.0127863 0.0118633 0.00623381 0.00596698 0.00409866 0.00327133 0.00534456 0.0143428 0.00424931 
6.45851e-08 8.38197e-07 1.07193e-05 3.56751e-05 4.64801e-05 0.000132703 7.80851e-05 1.00323e-05 2.43534e-05 0.000375748 0.000345971 0.000881859 0.00230055 0.00251345 0.0107144 0.925283 0.00645901 0.0129523 0.00263383 0.000806938 0.00149074 0.00285039 0.00528108 0.0213145 0.00345687 
0 0 0 0 0 8.49791e-40 5.03852e-37 6.87166e-27 6.59677e-21 3.17686e-20 1.03786e-12 2.53898e-11 1.47177e-10 1.75183e-10 5.48867e-10 1.13356e-09 8.399e-08 4.47983e-07 1.5163e-07 7.48685e-07 3.72178e-06 1.12718e-06 0.00117305 0.987708 0.0111129 
1.74017e-06 0.000135344 0.00110291 0.00226196 0.00513973 0.00835092 0.00913169 0.00794339 0.0088023 0.0136808 0.00975977 0.00922366 0.0161234 0.0144925 0.00842103 0.0162385 0.015822 0.720919 0.034243 0.0242082 0.0193574 0.0151766 0.018256 0.0173706 0.00383785 
3.76076e-11 1.13005e-08 9.2045e-07 3.74858e-05 0.000114584 0.000223914 0.000637037 0.000719024 0.0013227 0.00199718 0.00141298 0.00132316 0.00318403 0.00401786 0.00229181 0.00348722 0.0022717 0.00270486 0.00365152 0.00314686 0.00211649 0.00708947 0.950321 0.0070541 0.000874044 
0.0180002 0.0599761 0.0333647 0.0253929 0.0151812 0.0203373 0.0232138 0.0211841 0.023016 0.0380769 0.0266275 0.016148 0.4656 0.0283947 0.0200617 0.0246795 0.0108563 0.024449 0.0340299 0.0201891 0.0175727 0.00896836 0.00826836 0.00801861 0.00839322 
0.000287215 0.00532813 0.0314414 0.0563259 0.0387564 0.031341 0.0367808 0.0386982 0.0448967 0.0581075 0.0565191 0.052748 0.0496792 0.0392745 0.0312112 0.0293105 0.0263561 0.033348 0.0199566 0.00994189 0.0223762 0.0125497 0.0214005 0.240359 0.0130066 
1.97834e-10 1.104e-07 2.3194e-05 0.000232405 0.000497005 0.00124655 0.00309796 0.00419393 0.00550174 0.00747194 0.00695984 0.685806 0.0174952 0.0135519 0.186211 0.0120835 0.00809806 0.00861399 0.00571813 0.00398233 0.00452024 0.00267603 0.00780613 0.0113269 0.00288603 
1.8994e-11 5.11832e-09 1.08212e-07 1.30375e-05 1.24028e-05 3.36312e-05 0.000364707 0.00189214 0.00280786 0.00315138 0.00328306 0.00310053 0.00781839 0.00819328 0.00679649 0.00832083 0.887119 0.0193773 0.00817302 0.00734118 0.00465972 0.00359059 0.00844693 0.00967059 0.00583397 
1.43837e-07 4.07626e-05 0.000411113 0.00164209 0.00295048 0.0074372 0.0117464 0.00931036 0.0139406 0.017579 0.0208805 0.780724 0.0232972 0.014498 0.0125699 0.01493 0.0107959 0.0127595 0.00719522 0.00669213 0.00639689 0.00447507 0.00736934 0.00848785 0.00387013 
1.85779e-07 1.00506e-05 0.000164289 6.01279e-05 0.000156572 0.00045802 0.00200115 0.000844759 0.00208627 0.00348592 0.00265592 0.00179903 0.00430151 0.00672313 0.00305468 0.00677039 0.00300312 0.00720846 0.907229 0.0202413 0.00966911 0.00333899 0.00942208 0.00444582 0.000869635 
1.99452e-06 0.000235331 0.000957751 0.00221799 0.00491375 0.00823254 0.0117052 0.00709385 0.00713308 0.0119506 0.0104804 0.0114983 0.0155571 0.0207966 0.0069848 0.0162799 0.0110686 0.0470546 0.0260533 0.00826077 0.0172617 0.0139984 0.711917 0.0250593 0.00328716 
2.1654e-11 1.05378e-08 3.19329e-06 2.67772e-05 0.000125973 0.000191778 0.000694651 0.000313595 0.000842843 0.000772515 0.00106569 0.00112349 0.00299841 0.00433935 0.00187548 0.00225205 0.00205939 0.00278179 0.00586938 0.00542758 0.0054643 0.00671066 0.934419 0.0107423 0.00989995 
2.82312e-10 1.45637e-07 3.96905e-05 0.000257427 0.000599628 0.00216832 0.00560608 0.0058314 0.0096257 0.0126683 0.854778 0.0136869 0.00920204 0.0117989 0.0105626 0.0120973 0.00793939 0.00755762 0.0045621 0.0061092 0.00380454 0.00389452 0.00436345 0.00716049 0.0056864 
1.45844e-07 6.5644e-06 0.000309438 0.000626848 0.000484179 0.000938584 0.00302596 0.00249582 0.00339844 0.00653726 0.00398114 0.00371288 0.00628564 0.00896741 0.00347989 0.00779976 0.0041298 0.0146923 0.0190595 0.0136187 0.871231 0.0124014 0.00882392 0.00263214 0.00136121 
2.33434e-05 0.000951433 0.0614747 0.0192283 0.030629 0.0297906 0.0910151 0.230399 0.0359563 0.147444 0.0397184 0.030697 0.0333134 0.0270191 0.0923689 0.0239596 0.0137855 0.0184976 0.0165611 0.00837035 0.0139149 0.00668097 0.0111838 0.00977765 0.00723991 
8.8199e-06 0.00161946 0.0231739 0.183843 0.0564006 0.036914 0.29899 0.0511812 0.0324931 0.0937953 0.0282267 0.0166608 0.023773 0.0318499 0.0229597 0.0140834 0.0109206 0.0212987 0.00857755 0.0048546 0.0118667 0.0101144 0.00933614 0.00383 0.00322928 
3.09099e-11 1.00934e-08 4.72035e-06 6.36218e-06 2.70842e-05 0.000144186 0.00116785 0.00032546 0.00126806 0.00149309 0.00178029 0.00143888 0.00299668 0.0059053 0.00264898 0.00321416 0.00260146 0.00380147 0.00985121 0.93946 0.00576538 0.00287462 0.00455432 0.00786097 0.00080933 
2.51048e-11 3.20155e-09 4.53937e-07 5.02842e-06 1.15995e-05 0.000255522 0.00109037 0.00301096 0.00401426 0.00458301 0.00524397 0.00457536 0.00962792 0.0111591 0.876753 0.017191 0.00866473 0.017827 0.00756715 0.00423725 0.00404952 0.00269389 0.00716423 0.00511911 0.00515585 
2.25677e-06 0.000271172 0.00317568 0.00899152 0.0241463 0.0336315 0.0336061 0.0284984 0.0353047 0.526762 0.0376392 0.0271706 0.0334486 0.0299794 0.0219494 0.0209574 0.0174593 0.0228362 0.0208462 0.0121879 0.0193083 0.00780057 0.0101126 0.0125856 0.0113287 
9.74897e-10 5.86263e-07 3.78527e-06 0.000154298 0.000156894 0.000618804 0.0029047 0.00468779 0.00770903 0.0087687 0.00681124 0.00540782 0.0102961 0.0152815 0.0137721 0.0221407 0.0132394 0.0125933 0.00945783 0.00678461 0.0103012 0.0095684 0.803648 0.0220271 0.0136665 
7.49663e-05 0.00174047 0.0108658 0.0311271 0.100304 0.0467394 0.0316197 0.106241 0.0748677 0.202084 0.0561546 0.0459119 0.0470584 0.0280224 0.0363171 0.053006 0.016994 0.0180551 0.0144286 0.00813799 0.0127014 0.00731455 0.0232432 0.0192282 0.00776267 
5.40591e-07 1.39845e-06 6.76182e-06 2.17695e-05 2.13562e-05 1.77236e-05 4.88712e-05 0.000120001 5.79545e-05 3.41309e-05 2.6341e-05 4.01871e-05 2.25201e-05 0.000102467 0.000208327 0.000303117 0.000216599 0.000332883 0.000250111 0.0010751 0.000346053 0.000603539 0.987903 0.00770037 0.000539375 
1.86376e-06 0.000357036 0.00209861 0.0952645 0.0148816 0.0190787 0.0186677 0.0982612 0.0220105 0.0625223 0.0826778 0.0242399 0.0266099 0.021055 0.0649838 0.0154264 0.0121228 0.0387065 0.330022 0.00999718 0.0147903 0.0059015 0.00935592 0.0070133 0.00395336 
3.35338e-11 1.2353e-08 5.37525e-06 1.08741e-05 1.26659e-05 0.000107188 0.000692643 0.000169104 0.000962723 0.00133535 0.00159599 0.00123026 0.00297496 0.00465742 0.00227619 0.00301526 0.00251442 0.0026622 0.00636728 0.00289734 0.0033748 0.937779 0.0148521 0.00924385 0.00126316 
1.15863e-11 4.16032e-09 3.4861e-08 1.03684e-05 4.56652e-06 2.785e-05 0.00033138 0.000635024 0.00193302 0.00255132 0.00254294 0.00587708 0.934761 0.00804686 0.0061197 0.00413278 0.00305857 0.00237167 0.00297588 0.000837267 0.000586957 0.00160839 0.0049215 0.0139516 0.00271396 
3.56751e-16 3.38413e-13 2.23627e-12 9.4119e-10 1.15226e-09 1.04195e-07 3.4651e-07 9.71614e-06 3.53469e-05 0.000246266 0.000248974 0.000612352 0.00240442 0.00199272 0.00155154 0.00178178 0.00702496 0.949884 0.0133201 0.00217146 0.00284699 0.00300793 0.00549753 0.00517465 0.00218884 
8.08443e-11 4.33491e-08 2.351e-05 4.06705e-05 9.70613e-05 0.000343169 0.00159433 0.000649591 0.00164019 0.00188264 0.00207361 0.00154265 0.0033066 0.00646259 0.00279207 0.00507899 0.00262878 0.00307372 0.00729439 0.917032 0.0214246 0.0057944 0.0109793 0.00230833 0.00193706 
7.80819e-08 4.79243e-06 0.000314057 0.000468862 0.000411183 0.000770015 0.00284811 0.00174905 0.00296509 0.00626247 0.00368364 0.00326808 0.00580649 0.00828975 0.00340817 0.00746899 0.00383384 0.0126147 0.018571 0.0145528 0.0151211 0.867257 0.0162877 0.0029947 0.00104869 
4.55719e-11 1.41779e-08 4.38168e-07 3.55708e-05 8.90239e-05 0.000485682 0.00222076 0.00433057 0.00629343 0.0075556 0.00669583 0.00519473 0.0096748 0.015972 0.0136761 0.847971 0.0181688 0.0144211 0.00663197 0.00731417 0.00722054 0.00522319 0.00535592 0.0109322 0.00453641 
2.83863e-11 3.86404e-09 5.00521e-07 7.66131e-06 5.10717e-05 0.000400031 0.00169808 0.00418858 0.00548043 0.00613203 0.00636243 0.00483984 0.00953646 0.0140696 0.0114184 0.0149033 0.847784 0.0212243 0.00791988 0.00736203 0.00646904 0.0051377 0.00904793 0.00951012 0.00645703 
6.00108e-31 3.32493e-28 2.33658e-27 1.29451e-25 1.07625e-21 2.97218e-09 1.78563e-06 2.66207e-05 8.13249e-05 0.000155987 0.000236392 0.000360677 0.000430432 0.000597479 0.000560457 0.000712134 0.000717236 0.000918572 0.000414307 0.000689152 0.000964329 0.000999853 0.00169408 0.00113089 0.989308 
2.03754e-31 6.43749e-29 3.58812e-26 2.57342e-21 3.75879e-20 1.21037e-16 4.07208e-14 1.24478e-12 2.50291e-08 3.33362e-11 5.21061e-08 6.73586e-07 2.72762e-06 7.36252e-06 0.000114487 0.00277402 0.952289 0.0234091 0.00354461 0.00232886 0.000654171 0.000642088 0.00426199 0.0066194 0.00335164 
0.000516293 0.0150792 0.0427506 0.0428367 0.0221533 0.0212928 0.0304436 0.0331646 0.0363061 0.324335 0.0449484 0.0411991 0.0455442 0.0334715 0.0300876 0.0347594 0.0337096 0.0566911 0.0225979 0.0121074 0.0224678 0.017163 0.0166474 0.00989455 0.00983269 
3.69161e-11 1.39231e-08 6.46929e-06 9.40514e-06 1.11661e-05 0.000119231 0.000755152 0.000184934 0.00101955 0.00145557 0.00167339 0.00124661 0.00292524 0.00498718 0.00230066 0.00308821 0.00249765 0.00279384 0.00572314 0.00399487 0.948106 0.00362028 0.0091707 0.00187792 0.00243305 
4.20375e-11 1.97552e-08 6.16526e-06 2.77364e-05 0.000119375 0.000408803 0.00192298 0.000692632 0.00205808 0.00219407 0.00265666 0.00175204 0.0040118 0.00683899 0.00288834 0.00667155 0.00268248 0.00304797 0.00735516 0.00294733 0.938109 0.00385012 0.00600348 0.00201789 0.0017369 
4.34293e-06 0.000431411 0.00377429 0.0115165 0.0284093 0.0342636 0.0346204 0.518848 0.0396543 0.0462997 0.0357102 0.0276011 0.0331752 0.0258416 0.0223716 0.0220109 0.0168298 0.023707 0.0140709 0.0101943 0.0156293 0.0088365 0.00976011 0.0104251 0.00601487 
1.17104e-10 6.22222e-08 7.70186e-06 0.000134414 0.000170939 0.000708254 0.00295052 0.00456231 0.00688902 0.00835494 0.00656117 0.00589831 0.01573 0.0160783 0.02292 0.0267273 0.0204878 0.0273439 0.00921567 0.00599516 0.00694331 0.00542345 0.0166148 0.774636 0.0156467 
9.16815e-08 1.14124e-05 0.000113155 0.000561449 4.91199e-05 9.13673e-05 0.00107089 0.000290665 0.000880971 0.00165787 0.0011551 0.00087329 0.00178766 0.00334942 0.001746 0.00337754 0.00160274 0.00253175 0.0280822 0.0113163 0.00489109 0.0042151 0.919619 0.0078124 0.00291313 
1.82854e-08 3.58212e-06 0.000154248 0.000130056 0.000167673 0.00012954 0.000247638 9.4648e-05 0.000170402 0.000356972 0.000340974 0.000618995 0.00163878 0.0011084 0.000691999 0.000737515 0.000822289 0.00134851 0.00485134 0.00231034 0.00132618 0.000984687 0.97313 0.0077026 0.000932358 
5.00881e-05 0.000527831 0.00158887 0.00148092 0.00127712 0.00121614 0.00161812 0.00180234 0.00222386 0.00316569 0.00172111 0.00173679 0.0020511 0.00339894 0.904855 0.0165267 0.00461329 0.0142595 0.002187 0.00167469 0.00112654 0.00470741 0.00540278 0.0167462 0.00404157 
5.48403e-05 0.000881449 0.010967 0.0238245 0.0268188 0.0303355 0.0380339 0.0313447 0.173779 0.140646 0.0521338 0.208289 0.0419459 0.0351687 0.0265088 0.0247688 0.0201575 0.0212507 0.0196419 0.0120267 0.0148018 0.0113699 0.0152516 0.0115775 0.0084214 
1.48433e-11 8.66584e-09 1.53695e-06 3.57311e-05 0.00010955 0.000222456 0.000925282 0.00108046 0.00231042 0.00170623 0.00223381 0.00220772 0.0070009 0.00690293 0.852874 0.0385194 0.0113855 0.0129528 0.00538765 0.0055891 0.00506038 0.00578985 0.00478656 0.0272188 0.00569885 
3.60484e-07 1.50202e-05 0.000149599 0.000623698 0.000286817 0.000722335 0.00207421 0.00103571 0.00164521 0.00335739 0.00302903 0.00242745 0.0048083 0.00635246 0.00283134 0.00393404 0.00358745 0.0124905 0.0225049 0.889956 0.0139872 0.0065567 0.0128743 0.00280915 0.00194103 
5.08221e-11 2.57883e-08 8.86919e-06 6.01964e-05 0.000129569 0.000338711 0.000805317 0.000533325 0.00117615 0.00209816 0.00242488 0.00183159 0.00778222 0.903461 0.0175187 0.0113249 0.0063902 0.0108628 0.00756168 0.00318252 0.00336069 0.00196602 0.0108024 0.00195305 0.00442671 
4.03726e-11 1.85135e-08 6.00772e-06 2.81432e-05 9.14889e-05 0.000381224 0.00160189 0.000655686 0.0017936 0.00190221 0.00216121 0.00155957 0.00350611 0.00675632 0.00288068 0.00597969 0.00269019 0.00295125 0.00721678 0.00294344 0.940001 0.0043635 0.00614174 0.00237031 0.00201795 
0 0 0 0 0 0 0 0 0 0 0 0 0 0 0 1.04416e-05 7.3273e-05 0.000131027 0.000124807 0.000348849 0.000498823 0.000686182 0.000937638 0.00130128 0.995888 
4.65399e-08 2.82223e-06 0.000297009 0.000268823 0.000270934 0.000609543 0.00242732 0.00154535 0.0025545 0.00527591 0.00309992 0.00252145 0.00491335 0.00736771 0.00316181 0.00695465 0.00368878 0.0113605 0.887371 0.0187323 0.0127792 0.00792379 0.00779564 0.00808306 0.000994359 
1.02696e-15 9.7408e-13 6.43123e-12 2.73721e-09 2.8044e-09 5.08377e-07 1.84316e-06 5.46845e-05 0.000115039 0.000430969 0.000541094 0.00114978 0.00261749 0.00251811 0.00146164 0.00176892 0.00148817 0.0017158 0.00226765 0.00246859 0.00201706 0.0042426 0.959314 0.00729877 0.00852767 
8.46129e-11 3.83472e-08 1.08044e-05 8.13943e-05 0.000148776 0.000715606 0.00202163 0.00393274 0.00582531 0.00666356 0.00698869 0.00524418 0.0099749 0.0171465 0.861288 0.017618 0.00876163 0.015966 0.00666991 0.00483539 0.00707781 0.00334942 0.00576161 0.00472346 0.00519466 
0 0 0 4.25019e-54 2.99574e-45 3.35211e-36 7.43397e-34 2.92515e-24 2.80431e-18 1.25382e-16 2.19347e-09 2.73014e-08 1.85173e-07 1.04128e-06 2.92888e-05 4.98993e-05 8.721e-05 0.000132365 3.84397e-05 0.000243492 0.000476974 0.000637915 0.000923676 0.000952949 0.996427 
4.00985e-20 1.3339e-17 2.33239e-15 1.13869e-12 3.03186e-13 2.43088e-09 9.81636e-07 1.83704e-05 5.09165e-05 4.89027e-05 5.90465e-05 9.2133e-05 0.00175214 0.00152971 0.00180378 0.00585007 0.958309 0.0106061 0.00267067 0.00375099 0.000994927 0.00216329 0.00188242 0.00528198 0.00313424 
1.20689e-06 0.000319261 0.00222203 0.00658841 0.015222 0.608267 0.0402699 0.0219648 0.0244553 0.0276546 0.0286815 0.017442 0.0298102 0.024152 0.0178402 0.0159045 0.0275719 0.0200921 0.0186914 0.0159336 0.0110968 0.00633158 0.00830154 0.00775106 0.00343492 
2.88319e-11 9.17087e-09 4.21e-06 6.25564e-06 2.32213e-05 0.000132203 0.000938173 0.000203969 0.00107428 0.0014752 0.00169743 0.00128598 0.00296621 0.00561111 0.00261251 0.00319987 0.00259595 0.00284946 0.00592522 0.932916 0.0184688 0.00497396 0.00692539 0.00220954 0.00190482 
5.04827e-06 0.000568327 0.00665666 0.0220208 0.455457 0.045673 0.0341148 0.0282305 0.0397383 0.0405158 0.0408369 0.0590567 0.0447421 0.0305579 0.0239036 0.0197881 0.0155255 0.0151561 0.0270722 0.00812445 0.0144073 0.00765223 0.00933722 0.00680783 0.00405199 
5.22041e-12 3.09398e-09 6.86406e-07 8.2627e-06 4.21934e-05 0.000109959 0.000764676 0.000211457 0.000449734 0.0003606 0.000628013 0.000691381 0.00254054 0.00432001 0.00159746 0.00177045 0.00130883 0.00139935 0.00430893 0.00244642 0.00378554 0.951699 0.015016 0.00569706 0.000843412 
3.88707e-09 1.30349e-06 2.70524e-05 5.25653e-05 2.3712e-05 7.53388e-05 0.000182782 0.000320451 0.000343073 0.000508522 0.000610661 0.000854931 0.00266916 0.00256425 0.00179139 0.00189 0.00198836 0.00202956 0.00379329 0.00419968 0.00243145 0.951477 0.0140509 0.00735874 0.000755846 
4.34634e-66 2.40811e-63 1.69229e-62 4.20351e-59 2.89657e-50 3.32601e-41 7.69109e-39 3.51461e-29 3.37032e-23 1.24514e-21 8.55613e-13 2.08903e-11 1.20895e-10 1.43906e-10 4.26928e-10 8.54677e-10 6.88024e-08 2.50087e-07 2.31256e-07 3.84651e-07 7.41829e-07 2.56121e-06 0.00097743 0.00223457 0.996784 
0 0 0 0 0 0 0 0 0 0 4.33218e-13 1.05649e-11 6.1165e-11 7.2801e-11 2.15986e-10 4.32351e-10 3.48454e-08 1.26549e-07 2.95486e-08 1.93176e-07 3.01615e-07 2.53935e-06 0.000505213 0.00120715 0.998284 
2.98973e-08 1.01315e-05 5.28008e-05 0.000297093 0.000357907 0.000823407 0.00156905 0.003361 0.0045385 0.00516249 0.00544258 0.00498259 0.0097736 0.0134866 0.856193 0.0196446 0.00832551 0.0168363 0.0070152 0.00484735 0.00404579 0.00468854 0.0109668 0.0119067 0.00567232 
5.107e-12 2.37805e-09 1.1311e-06 1.28688e-06 4.46387e-07 6.94332e-06 6.49386e-05 0.000145941 0.000188454 0.00050527 0.000566227 0.000980037 0.00245503 0.0021619 0.00162299 0.00206233 0.00157162 0.00170405 0.00236206 0.00247718 0.968166 0.00706041 0.00405606 0.000867305 0.000971989 
4.6896e-08 5.95965e-06 0.000106158 0.000627269 0.000777559 0.00245078 0.00444502 0.0114408 0.0286216 0.82208 0.0108558 0.00370085 0.0060173 0.0104089 0.0116001 0.0118846 0.00973002 0.0079192 0.0148305 0.00779414 0.00442494 0.00425144 0.00614939 0.00732279 0.0125544 
4.99743e-16 4.74074e-13 3.13093e-12 1.31757e-09 2.05652e-09 1.70406e-07 5.48219e-07 8.41576e-06 4.22705e-05 0.000266227 0.00034574 0.000854288 0.002339 0.00210233 0.00163632 0.00188193 0.0092316 0.938845 0.0145494 0.00494584 0.00412573 0.00244169 0.00580786 0.00750756 0.00306778 
2.05357e-16 1.94851e-13 1.28605e-12 5.43221e-10 4.82935e-10 9.03017e-08 3.09827e-07 2.61383e-06 2.32633e-05 0.000445025 0.000747079 0.00191854 0.00671853 0.00243976 0.00134758 0.00147677 0.00233638 0.0017776 0.00161623 0.00326202 0.00306987 0.00576696 0.952583 0.00752578 0.00694304 
2.31793e-05 0.000550956 0.00426239 0.0128358 0.0283298 0.0307785 0.0356581 0.0287769 0.0339362 0.0436097 0.0369247 0.13451 0.0346726 0.0273436 0.304714 0.127663 0.0195083 0.0220504 0.0133342 0.00920056 0.0122798 0.00875093 0.0129695 0.0109453 0.00637125 
1.28341e-08 1.85633e-06 1.2949e-06 9.9074e-07 2.10243e-06 8.34464e-06 1.83267e-05 4.23073e-05 0.000434393 0.000736315 0.000881141 0.00102177 0.00262123 0.00302311 0.00169085 0.00193762 0.00192849 0.00210371 0.00299956 0.00297638 0.962133 0.00442929 0.00766322 0.00149445 0.00184996 
0.0141566 0.0271719 0.0247599 0.0214343 0.0163412 0.0185879 0.0202146 0.0281933 0.0239297 0.0312483 0.0191912 0.012281 0.0204177 0.0201631 0.0128148 0.0178248 0.00628438 0.0347374 0.0237801 0.0199564 0.0243918 0.535001 0.0124361 0.00972832 0.00495418 
1.15281e-06 3.28494e-05 0.000226106 0.00119089 0.00118491 0.00265527 0.00656684 0.00432809 0.00449314 0.00694685 0.00725765 0.00636264 0.0124899 0.0131343 0.00447709 0.00849592 0.00788786 0.0505514 0.0200168 0.00751212 0.793348 0.0228723 0.0124682 0.00394712 0.00155296 
1.17696e-07 6.50099e-06 0.00010565 0.000880651 0.000615699 0.00101688 0.00355916 0.0032654 0.00395564 0.00537185 0.00430271 0.0044664 0.00691356 0.00935125 0.00350117 0.00831415 0.00406356 0.866229 0.0275709 0.00939483 0.0135078 0.00846242 0.00877415 0.00522524 0.00114557 
1.33717e-11 1.14351e-09 4.06711e-07 6.99578e-07 8.93135e-07 3.0234e-06 0.0001152 6.82708e-05 0.000726747 0.000955704 0.00110726 0.00104367 0.00264305 0.00293078 0.00166425 0.00213835 0.00222553 0.00273706 0.00305629 0.00499201 0.958253 0.00326242 0.00750372 0.00220364 0.00236765 
3.38582e-07 1.1845e-05 0.000384537 0.000660324 0.000493281 0.0010814 0.00334448 0.00285544 0.00337663 0.00698333 0.00416475 0.00385263 0.00658465 0.0091636 0.00346407 0.00751208 0.00496826 0.0160813 0.0255502 0.856051 0.0169931 0.00985965 0.00757972 0.00795814 0.00102546 
0 0 0 0 0 0 0 0 0 0 0 0 0 0 0 0 0 3.98673e-05 0.000100055 0.000290692 0.000623039 0.000932282 0.00133273 0.00155131 0.99513 
4.09137e-57 2.26684e-54 1.59302e-53 8.84527e-52 8.09878e-48 3.88843e-27 7.13569e-25 6.16211e-18 3.44267e-13 1.96016e-18 1.09723e-12 2.09495e-11 1.054e-10 2.54035e-10 2.8434e-09 2.30089e-08 3.95727e-06 1.54924e-06 2.33977e-07 6.63787e-06 9.29227e-06 3.68898e-05 0.00123977 0.992799 0.00590262 
0 0 0 0 0 0 0 0 0 0 3.58369e-13 8.73951e-12 5.05973e-11 6.02228e-11 1.78669e-10 3.57652e-10 2.88203e-08 1.04659e-07 2.44045e-08 1.59699e-07 2.48296e-07 7.3452e-07 0.000409752 0.990096 0.00949307 
4.52651e-15 3.09424e-12 8.54474e-12 2.66784e-09 9.72065e-09 2.65508e-06 1.14216e-05 0.000144197 0.000143973 0.000282659 0.000301881 0.00070382 0.00265898 0.0028996 0.00315352 0.00564409 0.011806 0.922314 0.0155423 0.00484874 0.00209946 0.00306471 0.0110451 0.0108814 0.00245121 
6.35485e-06 0.000682191 0.00181926 0.00401353 0.0030837 0.00259882 0.00227759 0.00447841 0.00528927 0.0261257 0.0114873 0.00803144 0.0148796 0.0165353 0.0103506 0.0185046 0.797366 0.0186649 0.00998641 0.00789981 0.0051912 0.00440889 0.00863905 0.0109428 0.0067375 
3.43209e-08 2.257e-06 0.000342532 0.000214145 0.000248569 0.000685746 0.00239047 0.0012796 0.00249709 0.00575567 0.0030926 0.00232009 0.0047115 0.00717799 0.00324507 0.00683609 0.00352778 0.00829829 0.0161986 0.0146028 0.0132721 0.882955 0.0163458 0.00299469 0.00100551 
6.97264e-12 2.53413e-10 1.09187e-08 4.16242e-07 5.82336e-07 5.18504e-06 8.6919e-05 3.89028e-05 0.000349671 0.000401687 0.00041145 0.000555151 0.00138977 0.00120595 0.000654936 0.00122791 0.00125667 0.00124051 0.00257833 0.00166879 0.000976309 0.000729091 0.975257 0.00835228 0.00161211 
3.01437e-09 7.26394e-07 1.13921e-05 1.35942e-05 8.67779e-06 7.32166e-06 5.8989e-05 0.000919909 0.00120618 0.00165679 0.00201127 0.00205359 0.00700659 0.00555824 0.00633663 0.906196 0.0279176 0.0079704 0.00426066 0.00657202 0.00425796 0.00288471 0.00310509 0.00539111 0.00459417 
1.14937e-08 2.01911e-07 8.4606e-07 1.44247e-06 1.95747e-06 4.13184e-06 1.0005e-05 7.63257e-05 0.00022873 0.000365165 0.000610331 0.000863696 0.00246496 0.00207554 0.00153363 0.0017379 0.00165518 0.00180636 0.00309015 0.00262838 0.00170416 0.958765 0.0173882 0.00221566 0.000772136 
0.000347936 0.0155537 0.0471924 0.0589177 0.0298627 0.0276847 0.0340223 0.102636 0.0419946 0.0715971 0.0482838 0.0586549 0.0482455 0.0400671 0.0362693 0.0941442 0.0433466 0.0741657 0.0313936 0.0132469 0.028974 0.0139803 0.0193265 0.0111359 0.00895601 
3.0001e-11 9.80069e-09 4.34885e-06 7.6476e-06 7.90508e-06 8.23676e-05 0.000446801 0.000145311 0.000797751 0.00119204 0.00135506 0.00110682 0.00288481 0.00313021 0.00195886 0.00282223 0.00244743 0.00524612 0.944301 0.0103818 0.00419455 0.0022113 0.00570209 0.0086312 0.000942219 
1.27461e-05 0.000792248 0.00960157 0.0252786 0.170775 0.0381163 0.0964327 0.0386942 0.0430972 0.057681 0.0482569 0.0440345 0.0429013 0.0344291 0.0279159 0.198722 0.0206998 0.0193263 0.0191619 0.0101016 0.0149961 0.0088134 0.0111223 0.0123615 0.00667561 
1.23596e-07 7.13034e-06 0.000344265 0.000434114 0.000395331 0.00078733 0.00270163 0.00185514 0.00300525 0.00643937 0.00366082 0.00319307 0.00574806 0.00808765 0.00337948 0.00735974 0.00379919 0.0120907 0.0175033 0.0153803 0.876001 0.0126295 0.0107722 0.00265324 0.00177252 
1.40297e-07 7.51011e-06 0.000347897 0.000364216 0.000327098 0.000735157 0.0025543 0.00199854 0.00285249 0.00591025 0.00322607 0.00274502 0.00517156 0.00739397 0.0032428 0.00693956 0.00360107 0.0131733 0.876089 0.0226514 0.0149356 0.0075658 0.010193 0.00697766 0.000997019 
0.0724929 0.747226 0.020536 0.0143308 0.00360779 0.00475303 0.00656676 0.00632795 0.00567023 0.0135343 0.00820061 0.00527957 0.00542211 0.00503654 0.00678586 0.00377243 0.00283054 0.0180746 0.0206815 0.0035763 0.0140977 0.00378468 0.00245298 0.00159162 0.00336739 
1.69379e-13 1.60699e-10 1.06488e-09 4.18342e-07 6.37756e-08 2.02718e-05 6.31567e-05 0.000192432 0.000138052 0.000254098 0.000370712 0.000741576 0.00238454 0.00196281 0.00144953 0.00176701 0.00146167 0.00184571 0.00257411 0.965203 0.00450267 0.00515105 0.0066325 0.00203136 0.00125358 
0.000623484 0.0104888 0.033003 0.0396954 0.0354188 0.0336692 0.044151 0.0407262 0.0452911 0.0598138 0.0579091 0.0435 0.0473993 0.0791234 0.0291014 0.0306007 0.0248546 0.0260113 0.0195939 0.0124344 0.233195 0.0154368 0.0184351 0.0103011 0.00922302 
4.43408e-10 2.22257e-07 4.98299e-05 0.000617798 0.00148667 0.00311334 0.00532304 0.00481495 0.00644226 0.008825 0.0075331 0.104372 0.0133775 0.0130048 0.0127925 0.0139336 0.00890947 0.0120789 0.00598867 0.00382454 0.00457398 0.00270367 0.01072 0.00917702 0.746337 
2.73014e-08 3.49593e-06 1.74522e-05 0.000174172 8.08354e-06 1.78441e-05 0.000108621 4.89404e-05 0.000101393 0.000428346 0.000474295 0.000729642 0.00246631 0.00195089 0.00145539 0.00181502 0.00166074 0.00186524 0.0104062 0.00507211 0.00211788 0.942374 0.0156682 0.00770099 0.0033349 
2.45073e-31 7.98725e-29 4.1449e-26 4.67856e-21 5.4411e-20 4.94851e-16 5.1422e-14 3.655e-12 4.8347e-08 6.78878e-10 2.16782e-08 5.10942e-06 4.99615e-05 3.66601e-05 0.000439109 0.000389043 0.000525319 0.00113189 0.00204477 0.00616918 0.00423434 0.00689184 0.955205 0.00974343 0.0131343 
4.20939e-06 0.000194714 0.00282766 0.00890466 0.022957 0.0301087 0.0319164 0.0269424 0.0326944 0.0407146 0.0366894 0.517547 0.0395296 0.0281349 0.0220475 0.0224549 0.0172852 0.023687 0.0214828 0.0115992 0.0166066 0.00740078 0.0179325 0.0144133 0.0059242 
7.50916e-09 1.41557e-06 2.71715e-05 8.74102e-05 5.26573e-06 0.000121293 0.000335336 0.00205241 0.00264849 0.0025203 0.0027828 0.00325735 0.00776645 0.00720218 0.00943914 0.865071 0.0119146 0.0112789 0.0113544 0.00802801 0.00451892 0.00724152 0.0079254 0.0289598 0.00546029 
0 0 0 8.91901e-55 6.28655e-46 6.9226e-37 1.49373e-34 5.23439e-25 5.01696e-19 2.58814e-17 1.65298e-14 1.94329e-13 2.89938e-11 1.91248e-10 2.20916e-09 2.48445e-09 3.08993e-09 1.98851e-05 5.11874e-05 0.000161863 0.000249434 0.000328229 0.000414845 0.000849374 0.997925 
1.04436e-07 4.03231e-05 3.76277e-05 6.27137e-05 5.32849e-05 6.9218e-05 0.000220347 0.00010017 0.000860976 0.00117221 0.00128581 0.00119117 0.00280515 0.00313194 0.0018293 0.00259695 0.00232082 0.00260431 0.00350785 0.927329 0.0212006 0.010326 0.0119119 0.00297088 0.00237089 
5.05109e-07 3.46418e-05 0.000104418 0.000377718 0.000695216 0.00175761 0.005306 0.00624576 0.0101043 0.0128614 0.0096053 0.817572 0.0252661 0.0153813 0.0134858 0.0146898 0.00931202 0.0108333 0.00834905 0.00549674 0.0048069 0.00389291 0.00773584 0.0133859 0.00269933 
1.36864e-11 2.28443e-09 2.54831e-07 4.40009e-06 4.04695e-06 0.000259287 0.00101183 0.00349863 0.00458807 0.00440147 0.00523169 0.0045093 0.00901679 0.01076 0.854047 0.0236174 0.0109328 0.0121204 0.0062675 0.00619543 0.00456532 0.00697327 0.0055069 0.020428 0.00606024 
2.06485e-10 1.14481e-07 2.03773e-05 0.000212085 0.000288212 0.001063 0.00438373 0.00566857 0.00878326 0.0101142 0.00792988 0.00640846 0.0125999 0.0143927 0.0203011 0.832874 0.0153129 0.0138847 0.00737268 0.00483206 0.00524183 0.00326437 0.00688421 0.0133212 0.00484632 
5.09501e-11 1.79482e-08 8.03382e-06 9.80584e-06 5.026e-06 0.000275483 0.000925466 0.00283206 0.00462186 0.00449006 0.00442451 0.0040838 0.00911187 0.0103186 0.0119824 0.039644 0.811736 0.0166141 0.00715696 0.00621498 0.00444333 0.00837675 0.00744594 0.0369431 0.00833565 
0 0 0 0 0 0 0 0 0 0 0 0 0 0 0 0 0 0 0 0 0 9.02673e-06 7.69507e-05 0.00024082 0.999673 
1.8097e-11 4.08816e-09 1.96216e-06 1.40565e-06 8.68795e-07 3.6978e-06 0.000112232 6.84764e-05 0.00068031 0.000855712 0.000925233 0.000928293 0.00265966 0.00277103 0.00185942 0.00275134 0.0135841 0.898319 0.0166082 0.0176079 0.0119238 0.00295745 0.00955065 0.0117515 0.00407757 
4.11163e-29 2.14555e-26 7.51414e-25 6.09233e-18 3.94074e-17 1.01852e-12 1.47195e-11 7.07626e-09 6.0113e-05 1.77054e-07 1.60074e-06 1.66753e-05 0.000340923 0.0010186 0.0019076 0.00669574 0.943895 0.0252131 0.00141179 0.00189618 0.000476559 0.00188134 0.00571823 0.00689753 0.00256834 
3.46034e-11 1.23081e-08 5.45937e-06 1.48488e-05 6.15401e-05 0.000385117 0.00152739 0.000629055 0.00170638 0.00186204 0.00208439 0.00153842 0.00319981 0.00647957 0.00277771 0.005472 0.00262021 0.00335877 0.0076036 0.92919 0.00954176 0.00520353 0.00903327 0.00436756 0.00133745 
0.00926587 0.0560584 0.616746 0.0363176 0.00724435 0.00993432 0.0138326 0.0150646 0.0174437 0.0376218 0.0181942 0.0150847 0.0222796 0.0125341 0.0249138 0.0182209 0.00522355 0.00818951 0.0244742 0.00774985 0.00614853 0.00563864 0.00355578 0.00316936 0.00509426 
2.68576e-08 3.15935e-06 4.10599e-05 0.000152206 1.12877e-05 1.85935e-05 9.64256e-05 6.93781e-05 5.92904e-05 0.000467219 0.000204179 0.000368867 0.00115287 0.000849459 0.000609177 0.000729138 0.000687222 0.00105939 0.00782534 0.0045732 0.00176657 0.00114113 0.0037167 0.974105 0.000292728 
3.20971e-11 1.08711e-08 4.79774e-06 1.39155e-05 4.94673e-05 0.000307706 0.00149987 0.000556255 0.00153804 0.00163469 0.00183566 0.00147955 0.00318847 0.00624802 0.00273521 0.00444885 0.00274812 0.00652062 0.936376 0.0074457 0.00649927 0.0026412 0.00607155 0.00524927 0.00090772 
1.39129e-12 6.98337e-10 2.13488e-07 1.46908e-06 4.37929e-06 1.15e-05 0.000577081 6.2506e-05 0.000499778 0.000826736 0.00103005 0.00106527 0.00255734 0.00514312 0.00202151 0.00212729 0.00208675 0.00342208 0.936475 0.0136779 0.00699803 0.00373976 0.00633719 0.0099197 0.00141537 
4.74586e-15 4.00702e-12 2.88234e-11 1.25327e-08 5.31746e-08 4.09144e-06 7.10326e-05 0.00121299 0.0016291 0.00221959 0.00247804 0.00268452 0.00753982 0.00734733 0.00575773 0.893871 0.0304413 0.00913385 0.00603074 0.00680216 0.00448474 0.00332177 0.00407071 0.0061939 0.00470598 
5.25547e-06 0.000697419 0.00500689 0.0155094 0.0325417 0.0391815 0.0457244 0.0358998 0.0410919 0.0532609 0.0465058 0.0361832 0.0474508 0.408823 0.0263611 0.0252394 0.0194008 0.0253975 0.0198724 0.0112552 0.0187967 0.00919257 0.0158469 0.0135287 0.00722708 
1.19735e-05 0.000427179 0.00346705 0.00776759 0.0120087 0.0135953 0.0180553 0.01632 0.0170043 0.0280509 0.0216935 0.019773 0.0278088 0.590836 0.0189323 0.0182378 0.0179451 0.0708952 0.0232877 0.0107637 0.0157676 0.014862 0.0168726 0.00898252 0.00663436 
1.03287e-06 8.44025e-05 0.000751319 0.00180397 0.00357083 0.00459231 0.00510561 0.00364849 0.00375073 0.00600584 0.00467524 0.00453116 0.00704644 0.00583684 0.00350677 0.00372187 0.00392299 0.0132485 0.0160595 0.00755904 0.00629111 0.873455 0.0173608 0.00228433 0.0011863 
0 0 0 0 0 0 0 0 0 0 0 0 0 0 0 0 1.21831e-12 6.60038e-12 1.00722e-11 2.63206e-11 6.765e-11 4.12983e-08 8.69674e-07 0.00182879 0.99817 
6.21873e-16 3.92276e-13 4.51322e-12 8.8618e-10 1.665e-10 4.28125e-10 3.63579e-08 7.36758e-09 1.46259e-07 1.44756e-07 1.99071e-05 1.0903e-05 0.000199893 0.000261963 0.000792884 0.000762732 0.000525439 0.000427849 0.00167133 0.00185477 0.00147314 0.00482223 0.972739 0.00703426 0.0074032 
1.34315e-49 7.44135e-47 5.24813e-46 2.94963e-41 4.31502e-40 3.41116e-24 6.25985e-22 5.40577e-15 3.02012e-10 1.79385e-15 7.58571e-12 2.25518e-10 9.23864e-10 7.82721e-08 2.13912e-05 3.35326e-05 4.83236e-05 0.000259234 4.38239e-05 0.000699338 0.000181513 0.0004765 0.989979 0.0080371 0.000220026 
4.06374e-17 3.85487e-14 2.58359e-13 4.03598e-10 4.94108e-09 1.39396e-07 5.05353e-05 0.000865793 0.00101043 0.00140768 0.00172041 0.00147503 0.0066472 0.00475808 0.00497047 0.00828556 0.912785 0.0203296 0.0036725 0.00643624 0.00405825 0.00314101 0.00731054 0.00676957 0.00430601 
0 0 0 0 0 0 0 0 0 0 6.44226e-13 1.57107e-11 9.09568e-11 1.0826e-10 3.21187e-10 6.42938e-10 5.18068e-08 1.88128e-07 4.38511e-08 2.87032e-07 4.46212e-07 4.91027e-07 0.000734259 0.991877 0.00738767 
3.83786e-12 2.2394e-09 1.78962e-08 5.75289e-06 2.11744e-06 0.000190552 0.000586318 0.0026807 0.00329855 0.00367246 0.00425229 0.0041967 0.0137128 0.890966 0.0117156 0.0103062 0.00792488 0.00979793 0.00635777 0.00477804 0.00376918 0.00238514 0.00921482 0.00525843 0.00492827 
2.7565e-10 1.42375e-07 4.03351e-05 0.000223843 0.000466829 0.0015263 0.00500074 0.00592096 0.00927088 0.0111989 0.0089507 0.00880813 0.83735 0.0143076 0.015443 0.016548 0.0092202 0.010098 0.00746771 0.00520308 0.00486899 0.0037984 0.00767403 0.0127762 0.00383715 
1.32677e-07 7.56023e-06 0.000377372 0.000266782 0.00028543 0.000636471 0.00235977 0.00136008 0.00250431 0.00601523 0.00311301 0.00242043 0.00485938 0.00716963 0.00317908 0.00679515 0.00395783 0.0139171 0.883789 0.0187903 0.0149045 0.0071077 0.00958056 0.00554858 0.00105468 
3.50338e-06 0.000226262 0.00310531 0.00878557 0.0197232 0.0274147 0.0241824 0.0223912 0.0271449 0.136449 0.0324494 0.0214029 0.0285701 0.0246712 0.471102 0.0267378 0.0173908 0.0237881 0.0151209 0.00896849 0.0149252 0.00933249 0.0120996 0.0169952 0.00701935 
1.33608e-05 0.000949349 0.00773416 0.0144557 0.0318116 0.0369316 0.0388057 0.0311508 0.0309608 0.0449867 0.0351519 0.0302938 0.0308927 0.0336848 0.0197346 0.018228 0.0183584 0.0242867 0.0264052 0.0112699 0.019485 0.0119085 0.464324 0.01281 0.00536705 
1.82255e-06 0.000198252 0.00341745 0.0131633 0.376612 0.0322518 0.111241 0.0561669 0.027886 0.0321922 0.0288068 0.0314482 0.0285681 0.0215336 0.0656307 0.0189516 0.0125078 0.0169741 0.0144435 0.0719901 0.0104993 0.00669692 0.00737825 0.00766805 0.00377203 
1.42581e-07 6.49905e-06 0.00030633 0.000673935 0.00052465 0.000925068 0.00307716 0.00246965 0.00341224 0.00676229 0.00404955 0.00393918 0.00674953 0.00881787 0.00341275 0.00788023 0.0041102 0.0182258 0.866895 0.0177486 0.0124853 0.0093127 0.00910841 0.00803243 0.00107485 
2.11106e-07 1.14052e-05 0.000238419 0.000260386 0.000195645 0.000274495 0.00120977 0.000988235 0.00144664 0.00346395 0.00135861 0.00167276 0.00259519 0.00414948 0.00149172 0.00360843 0.00196789 0.00712386 0.0129564 0.0160302 0.00894949 0.00702184 0.913337 0.00810866 0.00153889 
2.10357e-05 0.00153122 0.0633825 0.014776 0.0211078 0.022475 0.0245267 0.0229208 0.0267631 0.113194 0.03024 0.02523 0.0606512 0.0250968 0.0344892 0.0198694 0.0598069 0.181431 0.0160343 0.145552 0.0135936 0.0364005 0.0258273 0.00941415 0.005665 
4.62543e-10 5.01267e-07 5.27733e-05 0.000330658 0.000598837 0.00180519 0.00556338 0.00618672 0.0100874 0.0116186 0.00990847 0.00667759 0.0118844 0.0143565 0.806066 0.0279885 0.0189844 0.0176017 0.00693373 0.00825705 0.00643864 0.00539106 0.00619588 0.0114734 0.00559901 
3.30881e-05 0.000836433 0.007767 0.0248227 0.129604 0.0280925 0.0304613 0.0295871 0.153407 0.0469008 0.106439 0.0684288 0.179936 0.0310419 0.0246181 0.022724 0.0181061 0.0204566 0.015622 0.00824348 0.0154288 0.00777784 0.0136363 0.00990275 0.00612667 
5.67008e-11 2.16363e-08 8.4092e-06 3.94662e-05 7.56248e-05 0.000124794 0.000258656 0.000130917 0.000942105 0.00137558 0.00135883 0.00119671 0.00279122 0.0031512 0.00192193 0.00266101 0.00232308 0.00295153 0.00398004 0.95048 0.00593094 0.00477539 0.00783503 0.00460283 0.0010844 
1.99331e-19 7.33203e-17 4.52254e-14 8.447e-09 7.34852e-08 1.43119e-06 3.77434e-05 0.000157948 0.000327494 0.000240988 0.000209351 2.48102e-05 0.000487588 0.00112837 0.00131726 0.00163237 0.000882728 0.000555922 0.47924 0.00553936 0.00495521 0.00810797 0.488841 0.00333233 0.00298006 
3.53661e-11 1.28337e-08 5.84602e-06 1.26825e-05 5.16363e-05 0.000382314 0.0014618 0.00059349 0.00159366 0.00173249 0.00196644 0.0014911 0.00318293 0.00633152 0.00281923 0.00471889 0.00262279 0.00294048 0.00725951 0.927375 0.0138362 0.00489844 0.00919763 0.00302825 0.00249804 
