3184
1.17471e-13 4.59566e-11 4.50652e-09 4.97277e-08 1.57731e-07 1.24952e-06 1.21291e-06 8.9602e-07 2.96289e-06 4.75473e-06 4.38366e-06 1.46908e-05 5.8111e-06 4.44739e-05 0.000103775 4.38976e-05 2.12509e-05 4.44192e-05 2.39391e-05 8.46405e-06 7.28808e-06 1.89553e-05 3.40797e-05 3.65727e-05 0.999577 
3.77474e-05 0.00124147 0.0181747 0.511733 0.0297919 0.0171913 0.0224594 0.0320303 0.0333722 0.0489591 0.0383959 0.0344467 0.0371578 0.0296282 0.0248224 0.0211999 0.0179765 0.0158314 0.0125726 0.00660634 0.0142029 0.00430629 0.0158195 0.0069694 0.00507251 
5.26417e-07 0.000106551 0.000928205 0.00284111 0.0100701 0.0206606 0.0201725 0.0180498 0.0221278 0.029695 0.0368393 0.0299596 0.0307506 0.0282015 0.0227417 0.0271876 0.0188277 0.0269521 0.0134393 0.0139047 0.0188734 0.00688732 0.02145 0.0223288 0.557004 
6.16912e-11 3.06656e-08 1.17607e-05 4.51127e-05 0.000130952 0.000605061 0.00146207 0.00352087 0.00429186 0.00484261 0.00584559 0.00471967 0.00895425 0.0143156 0.0133004 0.85976 0.0151507 0.0120844 0.00698637 0.0072514 0.00732125 0.00493646 0.00572339 0.0139678 0.00477276 
6.20568e-07 0.000203651 0.00117662 0.0048434 0.295206 0.0370187 0.0335371 0.012415 0.0128521 0.0322646 0.019293 0.0137847 0.0236178 0.0120555 0.0102409 0.017916 0.0128145 0.0183699 0.396916 0.00638052 0.0145845 0.00362974 0.00802306 0.0070974 0.0057579 
9.38771e-12 2.23967e-09 4.72668e-07 4.33471e-06 1.96037e-05 3.70191e-05 0.000736069 0.00020884 0.000786994 0.000675288 0.000701011 0.000789388 0.00161744 0.00330237 0.00117684 0.00295932 0.00143636 0.00152696 0.00462947 0.00174925 0.00253546 0.00123226 0.965375 0.00815431 0.000346395 
6.48637e-06 0.000325063 0.00349518 0.0169246 0.0324472 0.433758 0.0512141 0.0415503 0.0423418 0.0544605 0.0448311 0.0370664 0.0418352 0.0297774 0.0313946 0.0322791 0.0178292 0.0221342 0.0138843 0.0082849 0.0136839 0.0058292 0.00876563 0.00935262 0.00652945 
3.5857e-06 0.000213327 0.0021692 0.0124796 0.025021 0.0258375 0.0298669 0.0251717 0.0316145 0.0413103 0.0323654 0.02945 0.0324562 0.0325924 0.0234857 0.536798 0.0208283 0.018956 0.0132742 0.0114112 0.0166298 0.0066163 0.01103 0.0134706 0.00694883 
3.8986e-06 0.000688298 0.00362808 0.0194384 0.0251695 0.0224788 0.0285813 0.0274891 0.0335623 0.0475429 0.529692 0.0364182 0.0407647 0.0342822 0.0231178 0.0246611 0.0214934 0.0170228 0.0126475 0.00869068 0.0108376 0.00557281 0.00943547 0.0101705 0.00661066 
0.000116929 0.00317607 0.0284176 0.0506648 0.0349332 0.0271013 0.0405966 0.0382517 0.0474606 0.077443 0.0593346 0.0463524 0.0511715 0.0511362 0.0318014 0.0304729 0.0294751 0.0203889 0.0193052 0.0101045 0.018441 0.238386 0.0223595 0.0111387 0.0119702 
2.43891e-12 1.08663e-10 2.92203e-09 1.51375e-07 4.24396e-07 1.99932e-06 2.94252e-05 5.51939e-05 0.000495488 0.000768099 0.000944316 0.00106115 0.00268424 0.00305717 0.00171975 0.0020506 0.00196168 0.0021943 0.00273044 0.00254771 0.00157066 0.953874 0.0134395 0.00803256 0.000780894 
2.77402e-10 1.27064e-07 5.35962e-05 0.000139504 0.00038795 0.00281696 0.845216 0.0304486 0.0124418 0.0128952 0.00467087 0.00438093 0.00517365 0.00645835 0.027165 0.0217856 0.00376755 0.0100681 0.00411286 0.00140149 0.00299607 0.000509085 0.00118323 0.000980117 0.00094739 
6.02314e-39 3.33137e-36 2.59716e-35 3.13214e-29 2.17533e-28 4.78024e-23 1.97245e-20 7.48536e-14 4.06846e-09 1.09192e-11 1.28108e-09 1.14033e-07 8.82712e-07 4.0524e-06 1.99503e-05 4.76605e-05 0.000116614 0.00100285 0.000834774 0.977533 0.00515411 0.00462657 0.00721784 0.00318319 0.000258078 
2.88666e-30 9.12006e-28 5.08717e-25 3.65259e-20 5.33353e-19 1.71553e-15 5.77752e-13 1.13979e-11 1.02015e-08 7.96415e-11 5.34807e-09 8.78678e-08 5.86493e-07 3.31039e-05 4.51835e-05 6.88942e-05 4.73049e-05 0.000122087 8.56632e-05 0.000303832 0.000580516 0.00440896 0.98207 0.00710513 0.00512813 
8.82079e-05 0.000805178 0.0143807 0.0255171 0.0169134 0.0180429 0.0534426 0.320431 0.284837 0.0309824 0.0349696 0.0230896 0.024654 0.0292661 0.0169937 0.0120038 0.0144355 0.00962878 0.00805344 0.014964 0.00948061 0.0109658 0.0104387 0.00561111 0.0100045 
6.50894e-05 0.00223265 0.0207604 0.0454049 0.0397773 0.0301446 0.0401262 0.0393182 0.049023 0.071202 0.0588351 0.0486359 0.0538529 0.0526628 0.0309969 0.0328991 0.0259914 0.0194217 0.0194287 0.0116427 0.0191004 0.245943 0.0207538 0.0108451 0.0109363 
8.91055e-07 0.000119023 0.000373863 0.00113642 0.00235819 0.00571477 0.00877745 0.00601149 0.005251 0.00866827 0.00897636 0.00659672 0.00846691 0.0156781 0.00518543 0.00848093 0.00844371 0.0168491 0.0203185 0.00733521 0.823375 0.0138181 0.0105302 0.00516401 0.00236994 
3.04775e-11 1.03971e-08 5.35365e-06 3.03774e-06 2.40602e-06 7.96808e-05 0.000435131 0.000139064 0.00077051 0.00116403 0.00131428 0.00108998 0.00298789 0.00312773 0.00198434 0.00281517 0.00253249 0.00869122 0.947527 0.00699654 0.00486229 0.00179905 0.00556747 0.00515995 0.000945718 
0 0 0 0 0 0 0 0 0 0 0 0 0 0 0 0 0 0 0 1.7666e-05 8.39886e-05 0.000150429 0.000202962 0.000514107 0.999031 
5.77299e-07 8.22221e-05 0.00061919 0.00124032 0.00533868 0.00990253 0.00886596 0.0101098 0.0131407 0.0167581 0.0108747 0.00924759 0.0142374 0.0173951 0.0158544 0.0326994 0.0152596 0.0199638 0.0143868 0.00748545 0.0180864 0.0133283 0.696069 0.0361743 0.0128794 
5.32655e-16 4.70489e-13 3.25293e-12 1.26781e-09 2.76901e-09 2.77749e-08 1.13888e-07 8.51533e-06 2.22431e-05 4.59057e-05 0.000374977 0.000172769 0.000726782 0.0011 0.00464925 0.943455 0.0172076 0.00813105 0.00153369 0.00364868 0.00133345 0.00275694 0.00221022 0.00997611 0.00264672 
2.31905e-11 3.79112e-09 3.88982e-08 8.81285e-06 3.42916e-06 0.000179854 0.000663472 0.00273311 0.00369214 0.00407002 0.00412482 0.00384027 0.00874469 0.00981289 0.0130777 0.880892 0.0127863 0.0118633 0.00623381 0.00596698 0.00409866 0.00327133 0.00534456 0.0143428 0.00424931 
3.93563e-07 9.28622e-05 0.000639857 0.000703856 0.00174175 0.00385159 0.00446419 0.00279706 0.00247419 0.00743185 0.00346248 0.00355366 0.0041149 0.00713876 0.0033651 0.00357583 0.0105132 0.854183 0.0274805 0.0164782 0.0103276 0.00938091 0.0121615 0.00759055 0.0024764 
6.45851e-08 8.38197e-07 1.07193e-05 3.56751e-05 4.64801e-05 0.000132703 7.80851e-05 1.00323e-05 2.43534e-05 0.000375748 0.000345971 0.000881859 0.00230055 0.00251345 0.0107144 0.925283 0.00645901 0.0129523 0.00263383 0.000806938 0.00149074 0.00285039 0.00528108 0.0213145 0.00345687 
8.99489e-06 0.000604334 0.0032634 0.0154723 0.0285375 0.0282386 0.0316888 0.0256873 0.0313817 0.0426717 0.0319776 0.0296229 0.0302594 0.0319324 0.0180851 0.0183366 0.0182025 0.0145843 0.016211 0.521829 0.0247859 0.00856401 0.0122805 0.0104039 0.00537035 
0 0 0 0 0 8.49791e-40 5.03852e-37 6.87166e-27 6.59677e-21 3.17686e-20 1.03786e-12 2.53898e-11 1.47177e-10 1.75183e-10 5.48867e-10 1.13356e-09 8.399e-08 4.47983e-07 1.5163e-07 7.48685e-07 3.72178e-06 1.12718e-06 0.00117305 0.987708 0.0111129 
6.56342e-07 0.000109585 0.000655571 0.00116667 0.0028958 0.00563032 0.00606289 0.00489136 0.00625522 0.00976225 0.0063034 0.00601726 0.0108764 0.0120038 0.00712472 0.0155036 0.0142477 0.772807 0.0315998 0.0228484 0.0121842 0.0114361 0.0179811 0.0178033 0.00383305 
3.76076e-11 1.13005e-08 9.2045e-07 3.74858e-05 0.000114584 0.000223914 0.000637037 0.000719024 0.0013227 0.00199718 0.00141298 0.00132316 0.00318403 0.00401786 0.00229181 0.00348722 0.0022717 0.00270486 0.00365152 0.00314686 0.00211649 0.00708947 0.950321 0.0070541 0.000874044 
0.0108975 0.0406122 0.0217109 0.0159752 0.014682 0.0199003 0.0233704 0.0197123 0.0221861 0.0321074 0.0232657 0.0141461 0.545469 0.0291129 0.0166741 0.0257605 0.0102168 0.024986 0.0207097 0.021697 0.0156333 0.00656829 0.00762303 0.00806754 0.0089156 
6.44725e-05 0.00181512 0.0249801 0.0576786 0.0352375 0.0246298 0.0264726 0.034217 0.0425977 0.0567289 0.0477146 0.0526422 0.0451923 0.0388645 0.0305719 0.0272986 0.0230021 0.0206332 0.0173479 0.00850436 0.0195545 0.0132251 0.0229009 0.313321 0.0148053 
1.97834e-10 1.104e-07 2.3194e-05 0.000232405 0.000497005 0.00124655 0.00309796 0.00419393 0.00550174 0.00747194 0.00695984 0.685806 0.0174952 0.0135519 0.186211 0.0120835 0.00809806 0.00861399 0.00571813 0.00398233 0.00452024 0.00267603 0.00780613 0.0113269 0.00288603 
1.8994e-11 5.11832e-09 1.08212e-07 1.30375e-05 1.24028e-05 3.36312e-05 0.000364707 0.00189214 0.00280786 0.00315138 0.00328306 0.00310053 0.00781839 0.00819328 0.00679649 0.00832083 0.887119 0.0193773 0.00817302 0.00734118 0.00465972 0.00359059 0.00844693 0.00967059 0.00583397 
1.43837e-07 4.07626e-05 0.000411113 0.00164209 0.00295048 0.0074372 0.0117464 0.00931036 0.0139406 0.017579 0.0208805 0.780724 0.0232972 0.014498 0.0125699 0.01493 0.0107959 0.0127595 0.00719522 0.00669213 0.00639689 0.00447507 0.00736934 0.00848785 0.00387013 
1.86425e-07 1.00584e-05 0.000164857 5.88005e-05 0.000154743 0.000454739 0.00200879 0.000844358 0.00209226 0.00349384 0.00266147 0.00180054 0.00430992 0.00674865 0.00306162 0.00680322 0.00300337 0.00722082 0.916361 0.0141798 0.00781054 0.00198171 0.00945105 0.00445745 0.000866577 
7.80505e-07 0.000218981 0.00059742 0.00129106 0.00319569 0.00604482 0.00749369 0.00536166 0.00502962 0.0077323 0.00625135 0.00797842 0.00820099 0.0180425 0.00560112 0.0155159 0.00850941 0.019502 0.0237332 0.00664007 0.0140315 0.014251 0.785513 0.0260668 0.00319646 
1.22789e-06 0.000413178 0.00139813 0.00397813 0.0114781 0.0221888 0.0229865 0.0205101 0.0243117 0.0294701 0.023842 0.0198418 0.635549 0.0264571 0.0221795 0.0213993 0.0130349 0.0206789 0.0140668 0.00766153 0.017149 0.00531931 0.0153219 0.0150994 0.00566298 
2.1654e-11 1.05378e-08 3.19329e-06 2.67772e-05 0.000125973 0.000191778 0.000694651 0.000313595 0.000842843 0.000772515 0.00106569 0.00112349 0.00299841 0.00433935 0.00187548 0.00225205 0.00205939 0.00278179 0.00586938 0.00542758 0.0054643 0.00671066 0.934419 0.0107423 0.00989995 
2.82312e-10 1.45637e-07 3.96905e-05 0.000257427 0.000599628 0.00216832 0.00560608 0.0058314 0.0096257 0.0126683 0.854778 0.0136869 0.00920204 0.0117989 0.0105626 0.0120973 0.00793939 0.00755762 0.0045621 0.0061092 0.00380454 0.00389452 0.00436345 0.00716049 0.0056864 
3.50445e-08 1.94434e-06 0.000275113 0.000128635 0.000188828 0.000596642 0.00271599 0.000992912 0.00221231 0.00471473 0.00286357 0.00228736 0.0044105 0.00708007 0.00320438 0.00668145 0.00394593 0.00942472 0.0177748 0.0124864 0.895017 0.0104711 0.00875169 0.00247618 0.00129787 
0.00228804 0.0697367 0.048276 0.0569956 0.0235575 0.0169683 0.0154226 0.0122097 0.0201163 0.0433843 0.0220204 0.0235647 0.0326779 0.0276241 0.0438261 0.0311995 0.0178486 0.0167722 0.0233379 0.0180255 0.00970415 0.390744 0.0125807 0.0117493 0.00936963 
3.43823e-06 0.000824518 0.0886343 0.0149986 0.0207094 0.0226699 0.110353 0.340048 0.0298164 0.0350783 0.0276852 0.0247341 0.0270175 0.0204937 0.129043 0.0223457 0.0115438 0.0172057 0.0112947 0.00622023 0.0122262 0.00429859 0.00979649 0.00778575 0.00517281 
9.06729e-06 0.00169669 0.0243435 0.193096 0.0589418 0.0382314 0.313955 0.0523816 0.0326739 0.0960762 0.0279215 0.0158911 0.0200663 0.030751 0.0234896 0.0133528 0.00943482 0.00926301 0.00764321 0.00327858 0.00508894 0.00658631 0.00910766 0.00349215 0.00322773 
3.09099e-11 1.00934e-08 4.72035e-06 6.36218e-06 2.70842e-05 0.000144186 0.00116785 0.00032546 0.00126806 0.00149309 0.00178029 0.00143888 0.00299668 0.0059053 0.00264898 0.00321416 0.00260146 0.00380147 0.00985121 0.93946 0.00576538 0.00287462 0.00455432 0.00786097 0.00080933 
2.51048e-11 3.20155e-09 4.53937e-07 5.02842e-06 1.15995e-05 0.000255522 0.00109037 0.00301096 0.00401426 0.00458301 0.00524397 0.00457536 0.00962792 0.0111591 0.876753 0.017191 0.00866473 0.017827 0.00756715 0.00423725 0.00404952 0.00269389 0.00716423 0.00511911 0.00515585 
1.60571e-06 0.000246698 0.00179376 0.00742947 0.0182275 0.0278761 0.0293539 0.0245963 0.032263 0.584734 0.0347706 0.0234329 0.0303296 0.0285968 0.0191606 0.0192702 0.0143246 0.019962 0.0167991 0.0109196 0.0186662 0.00434299 0.00861063 0.0122837 0.0120077 
1.91277e-06 0.000519809 0.00168673 0.00580997 0.0153076 0.0257934 0.0271726 0.0238476 0.0279637 0.0362439 0.0330541 0.583629 0.0354328 0.0256836 0.0192027 0.0215982 0.0150177 0.0216917 0.0161106 0.00940179 0.0165972 0.00638156 0.0159892 0.010267 0.00559542 
9.90279e-11 4.88818e-08 2.86163e-06 0.00011358 0.000156596 0.000618702 0.00289182 0.00469727 0.00772574 0.00878678 0.00680084 0.00541882 0.0103172 0.0153148 0.0137712 0.0221669 0.0132703 0.0126167 0.00784662 0.0064517 0.0102879 0.00952586 0.805439 0.0220779 0.0137012 
6.76112e-05 0.0027885 0.0171126 0.03294 0.0323121 0.0318657 0.0396365 0.0348642 0.0430367 0.0631437 0.0513518 0.0419086 0.210938 0.0407218 0.0282516 0.0277217 0.0214807 0.0195993 0.018488 0.0104874 0.0177564 0.0127213 0.177564 0.0135548 0.00968678 
4.74285e-32 1.50507e-29 8.31714e-27 6.05848e-22 8.78026e-21 3.44064e-17 1.05924e-14 9.50712e-12 6.60395e-08 6.97773e-08 1.1734e-06 1.07822e-05 4.4062e-06 8.09653e-05 0.000186055 0.000288036 0.000207319 0.000269915 6.39351e-05 0.000981158 0.000333721 0.000465868 0.988868 0.00770131 0.000536732 
1.10946e-06 0.000215546 0.00080867 0.00408606 0.00829 0.0161589 0.0244047 0.655308 0.0269145 0.0265712 0.0245696 0.0155046 0.0214308 0.0244853 0.0220325 0.0202039 0.0103303 0.0256948 0.0184764 0.00744411 0.0161218 0.00582548 0.0121503 0.00833263 0.00463942 
3.35338e-11 1.2353e-08 5.37526e-06 1.08741e-05 1.26659e-05 0.000107188 0.000692644 0.000169104 0.000962725 0.00133535 0.00159599 0.00123026 0.00297496 0.00465742 0.00227619 0.00301527 0.00251443 0.00266219 0.00636628 0.00289726 0.00337475 0.93778 0.014852 0.00924386 0.00126316 
1.15863e-11 4.16032e-09 3.4861e-08 1.03684e-05 4.56652e-06 2.785e-05 0.00033138 0.000635024 0.00193302 0.00255132 0.00254294 0.00587708 0.934761 0.00804686 0.0061197 0.00413278 0.00305857 0.00237167 0.00297588 0.000837267 0.000586957 0.00160839 0.0049215 0.0139516 0.00271396 
4.27909e-06 0.000264559 0.00291955 0.0112406 0.0215103 0.0234606 0.0293217 0.0253135 0.0321844 0.0367754 0.0326849 0.0272244 0.0338466 0.550668 0.0277377 0.0280803 0.0174576 0.023904 0.0131954 0.00920344 0.0136026 0.00750784 0.0146032 0.00949624 0.00779274 
3.56751e-16 3.38413e-13 2.23627e-12 9.4119e-10 1.15226e-09 1.04195e-07 3.4651e-07 9.71614e-06 3.53469e-05 0.000246266 0.000248974 0.000612352 0.00240442 0.00199272 0.00155154 0.00178178 0.00702496 0.949884 0.0133201 0.00217146 0.00284699 0.00300793 0.00549753 0.00517465 0.00218884 
1.01789e-05 0.000303883 0.00455301 0.0222988 0.0377463 0.538761 0.0277617 0.0250316 0.035309 0.0359148 0.0325999 0.0475287 0.0383381 0.0312866 0.0206986 0.0187288 0.0142167 0.0119582 0.0153377 0.00731467 0.0102617 0.0059102 0.00801587 0.00591816 0.00419604 
8.08443e-11 4.33491e-08 2.351e-05 4.06705e-05 9.70613e-05 0.000343169 0.00159433 0.000649591 0.00164019 0.00188264 0.00207361 0.00154265 0.0033066 0.00646259 0.00279207 0.00507899 0.00262878 0.00307372 0.00729439 0.917032 0.0214246 0.0057944 0.0109793 0.00230833 0.00193706 
2.52466e-06 0.000116067 0.00209803 0.00857513 0.0181357 0.0233461 0.0295716 0.585102 0.0424316 0.0413541 0.0311232 0.020126 0.0261527 0.0281376 0.0199542 0.0214041 0.0153102 0.0187048 0.0121791 0.00901445 0.0129367 0.00468412 0.012319 0.0112597 0.00596167 
3.87496e-08 2.35798e-06 0.00029532 0.000112834 0.000190358 0.000556913 0.00268485 0.000969846 0.00218844 0.00482689 0.00284729 0.00226407 0.00444824 0.00694556 0.00322859 0.00665866 0.00375745 0.00931685 0.0171449 0.0129504 0.00862042 0.889572 0.0165055 0.00291419 0.000998074 
4.55719e-11 1.41779e-08 4.38168e-07 3.55708e-05 8.90239e-05 0.000485682 0.00222076 0.00433057 0.00629343 0.0075556 0.00669583 0.00519473 0.0096748 0.015972 0.0136761 0.847971 0.0181688 0.0144211 0.00663197 0.00731417 0.00722054 0.00522319 0.00535592 0.0109322 0.00453641 
2.83863e-11 3.86404e-09 5.00521e-07 7.66131e-06 5.10717e-05 0.000400031 0.00169808 0.00418858 0.00548043 0.00613203 0.00636243 0.00483984 0.00953646 0.0140696 0.0114184 0.0149033 0.847784 0.0212243 0.00791988 0.00736203 0.00646904 0.0051377 0.00904793 0.00951012 0.00645703 
6.00108e-31 3.32493e-28 2.33658e-27 1.29451e-25 1.07625e-21 2.97218e-09 1.78563e-06 2.66207e-05 8.13249e-05 0.000155987 0.000236392 0.000360677 0.000430432 0.000597479 0.000560457 0.000712134 0.000717236 0.000918572 0.000414307 0.000689152 0.000964329 0.000999853 0.00169408 0.00113089 0.989308 
2.03754e-31 6.43749e-29 3.58812e-26 2.57342e-21 3.75879e-20 1.21037e-16 4.07208e-14 1.24478e-12 2.50291e-08 3.33362e-11 5.21061e-08 6.73586e-07 2.72762e-06 7.36252e-06 0.000114487 0.00277402 0.952289 0.0234091 0.00354461 0.00232886 0.000654171 0.000642088 0.00426199 0.0066194 0.00335164 
0.000138036 0.0126796 0.0403922 0.0278183 0.019612 0.0209226 0.0311173 0.0279698 0.0325099 0.414368 0.0443929 0.038725 0.0434516 0.0327432 0.027188 0.0382007 0.0237152 0.0191543 0.0167857 0.0117316 0.0231 0.0179858 0.0150206 0.00948969 0.0107878 
3.69161e-11 1.39231e-08 6.46929e-06 9.40514e-06 1.11661e-05 0.000119231 0.000755152 0.000184934 0.00101955 0.00145557 0.00167339 0.00124661 0.00292524 0.00498718 0.00230066 0.00308821 0.00249765 0.00279384 0.00572314 0.00399487 0.948106 0.00362028 0.0091707 0.00187792 0.00243305 
7.64912e-07 0.000148146 0.00139225 0.00700263 0.0185794 0.0347766 0.0374368 0.64536 0.0192845 0.0366193 0.0236923 0.0143438 0.0239552 0.0158979 0.0100906 0.0164324 0.0122676 0.0214797 0.0152006 0.00504517 0.0138513 0.00285432 0.00643406 0.0105558 0.00729887 
3.21583e-07 6.33195e-05 0.000942192 0.00376471 0.00955603 0.0191985 0.0214558 0.0183376 0.023505 0.0301188 0.0296715 0.640042 0.0303101 0.0287689 0.0168964 0.0195728 0.0155668 0.0246457 0.0137804 0.00946545 0.0117379 0.0055785 0.0128498 0.00957929 0.00459219 
4.20375e-11 1.97552e-08 6.16526e-06 2.77364e-05 0.000119375 0.000408803 0.00192298 0.000692632 0.00205808 0.00219407 0.00265666 0.00175204 0.0040118 0.00683899 0.00288834 0.00667155 0.00268248 0.00304797 0.00735516 0.00294733 0.938109 0.00385012 0.00600348 0.00201789 0.0017369 
3.41054e-06 0.000381732 0.00177514 0.00928153 0.0205664 0.0259936 0.0301091 0.590913 0.0360851 0.0381305 0.0307943 0.0239617 0.0303178 0.0231515 0.0204126 0.0202353 0.0143407 0.0209681 0.0110679 0.00864533 0.0147809 0.00482008 0.0078488 0.00951209 0.00590263 
1.17104e-10 6.22222e-08 7.70186e-06 0.000134414 0.000170939 0.000708254 0.00295052 0.00456231 0.00688902 0.00835494 0.00656117 0.00589831 0.01573 0.0160783 0.02292 0.0267273 0.0204878 0.0273439 0.00921567 0.00599516 0.00694331 0.00542345 0.0166148 0.774636 0.0156467 
8.28609e-08 4.48803e-06 0.000104479 2.31747e-05 3.97383e-05 6.7751e-05 0.000827188 0.000257731 0.000858101 0.00164166 0.000804582 0.000855614 0.00176083 0.00336763 0.00129504 0.00305338 0.00159774 0.00247403 0.0063522 0.00606118 0.00327275 0.00267724 0.951594 0.00800756 0.00300231 
1.68469e-08 2.92317e-06 0.000153185 8.07982e-05 0.000164304 0.000121283 0.000213175 8.66375e-05 0.000160254 0.000322556 0.000272068 0.000555245 0.00150798 0.00109602 0.000645065 0.000695626 0.00080616 0.00112953 0.00291728 0.00210866 0.00126148 0.000905025 0.976146 0.00771692 0.00093161 
4.40395e-05 0.000377683 0.000972127 0.000900653 0.000738627 0.000762992 0.00108385 0.000848852 0.00161846 0.00159703 0.00100024 0.00113803 0.00126053 0.00290073 0.917099 0.0161993 0.00328671 0.01417 0.0015469 0.00145882 0.000709457 0.00449528 0.00509523 0.0167156 0.00397939 
3.16011e-06 0.000501272 0.00223704 0.0112156 0.0248293 0.0313076 0.0345623 0.0311203 0.526147 0.0462271 0.0419548 0.0313274 0.0367471 0.0298963 0.0210472 0.0225452 0.0172117 0.0164614 0.013273 0.00981939 0.0167929 0.00605483 0.0135696 0.00956969 0.00557844 
1.48433e-11 8.66584e-09 1.53695e-06 3.57311e-05 0.00010955 0.000222456 0.000925282 0.00108046 0.00231042 0.00170623 0.00223381 0.00220772 0.0070009 0.00690293 0.852874 0.0385194 0.0113855 0.0129528 0.00538765 0.0055891 0.00506038 0.00578985 0.00478656 0.0272188 0.00569885 
1.09324e-07 5.07747e-06 0.000113431 0.00014232 0.000132039 0.000455982 0.00137642 0.000482802 0.00117337 0.00259784 0.00218364 0.00178807 0.00335764 0.00567963 0.00240556 0.00335576 0.00308881 0.00627653 0.0103688 0.922709 0.0119876 0.00532954 0.0104329 0.00261276 0.00194413 
4.9216e-05 0.00229576 0.0131401 0.028722 0.0350669 0.0355295 0.0393538 0.0355894 0.0424879 0.05847 0.0456529 0.0428073 0.0451817 0.0410634 0.0257252 0.0246018 0.020731 0.0215583 0.0210295 0.0109662 0.356591 0.0164688 0.0181062 0.0100028 0.00880901 
1.08102e-07 3.16666e-05 0.000189872 0.000466464 0.000813691 0.00181253 0.00413963 0.00175082 0.00257943 0.00505748 0.00463012 0.0035238 0.00489632 0.00886239 0.00377687 0.00695331 0.00739493 0.0230041 0.866905 0.0143625 0.0124651 0.0107656 0.00734877 0.00717012 0.00109944 
5.08221e-11 2.57883e-08 8.86919e-06 6.01964e-05 0.000129569 0.000338711 0.000805317 0.000533325 0.00117615 0.00209816 0.00242488 0.00183159 0.00778222 0.903461 0.0175187 0.0113249 0.0063902 0.0108628 0.00756168 0.00318252 0.00336069 0.00196602 0.0108024 0.00195305 0.00442671 
4.03726e-11 1.85135e-08 6.00772e-06 2.81432e-05 9.14889e-05 0.000381224 0.00160189 0.000655686 0.0017936 0.00190221 0.00216121 0.00155957 0.00350611 0.00675632 0.00288068 0.00597969 0.00269019 0.00295125 0.00721678 0.00294344 0.940001 0.0043635 0.00614174 0.00237031 0.00201795 
0 0 0 0 0 0 0 0 0 0 0 0 0 0 0 1.04416e-05 7.3273e-05 0.000131027 0.000124807 0.000348849 0.000498823 0.000686182 0.000937638 0.00130128 0.995888 
1.63701e-06 0.000204207 0.00127751 0.00503619 0.0144007 0.0219798 0.0237772 0.0221408 0.0269474 0.0317577 0.0251487 0.0205733 0.027433 0.0269824 0.021518 0.593739 0.0266944 0.0244547 0.0162531 0.0109501 0.0181081 0.00701965 0.0142212 0.0128848 0.00649633 
1.38064e-08 1.10908e-06 0.000284178 7.41693e-05 0.000157553 0.000469617 0.00231422 0.00088449 0.00207921 0.00460562 0.00267565 0.00193716 0.00419403 0.00662364 0.00306134 0.00652683 0.00364345 0.00942119 0.902455 0.0175389 0.00854919 0.005637 0.00776124 0.0081398 0.000965787 
8.53167e-06 0.00077184 0.00527851 0.0232941 0.0332378 0.0301265 0.0365253 0.0343861 0.0419056 0.0561158 0.0488812 0.0418335 0.0470729 0.0408956 0.0274703 0.0320836 0.396438 0.0220736 0.0157489 0.0100743 0.014491 0.00616188 0.0143206 0.0118117 0.0089928 
1.02696e-15 9.7408e-13 6.43123e-12 2.73721e-09 2.8044e-09 5.08377e-07 1.84316e-06 5.46845e-05 0.000115039 0.000430969 0.000541094 0.00114978 0.00261749 0.00251811 0.00146164 0.00176892 0.00148817 0.0017158 0.00226765 0.00246859 0.00201706 0.0042426 0.959314 0.00729877 0.00852767 
8.46129e-11 3.83472e-08 1.08044e-05 8.13943e-05 0.000148776 0.000715606 0.00202163 0.00393274 0.00582531 0.00666356 0.00698869 0.00524418 0.0099749 0.0171465 0.861288 0.017618 0.00876163 0.015966 0.00666991 0.00483539 0.00707781 0.00334942 0.00576161 0.00472346 0.00519466 
0 0 0 4.25019e-54 2.99574e-45 3.35211e-36 7.43397e-34 2.92515e-24 2.80431e-18 1.25382e-16 2.19347e-09 2.73014e-08 1.85173e-07 1.04128e-06 2.92888e-05 4.98993e-05 8.721e-05 0.000132365 3.84397e-05 0.000243492 0.000476974 0.000637915 0.000923676 0.000952949 0.996427 
9.29942e-07 8.6726e-05 0.00133363 0.00645618 0.0138587 0.0218115 0.0259165 0.241354 0.0249358 0.0322533 0.232113 0.230101 0.0274648 0.0199041 0.0193276 0.0192878 0.0108761 0.0183928 0.0103647 0.00700687 0.0119614 0.00387392 0.00854321 0.00797702 0.00479891 
4.00985e-20 1.3339e-17 2.33239e-15 1.13869e-12 3.03186e-13 2.43088e-09 9.81636e-07 1.83704e-05 5.09165e-05 4.89027e-05 5.90465e-05 9.2133e-05 0.00175214 0.00152971 0.00180378 0.00585007 0.958309 0.0106061 0.00267067 0.00375099 0.000994927 0.00216329 0.00188242 0.00528198 0.00313424 
6.96999e-07 0.000311347 0.00122037 0.00549763 0.0117058 0.646938 0.0396684 0.0197207 0.0220264 0.023884 0.0264251 0.0142397 0.0279024 0.0228334 0.016059 0.014883 0.0267985 0.018055 0.0146252 0.0151886 0.0100575 0.00445351 0.00738717 0.00688478 0.00323386 
3.96974e-06 0.000484424 0.00223133 0.0102143 0.022701 0.0284425 0.0333874 0.0285927 0.0346996 0.0419512 0.035415 0.0305176 0.0343519 0.0305718 0.02916 0.0310338 0.500237 0.023726 0.0150616 0.010222 0.0149222 0.00615974 0.0144615 0.0138203 0.00763155 
2.88319e-11 9.17087e-09 4.21e-06 6.25564e-06 2.32213e-05 0.000132203 0.000938173 0.000203969 0.00107428 0.0014752 0.00169743 0.00128598 0.00296621 0.00561111 0.00261251 0.00319987 0.00259595 0.00284946 0.00592522 0.932916 0.0184688 0.00497396 0.00692539 0.00220954 0.00190482 
1.38401e-06 0.00044348 0.00345818 0.0221543 0.506003 0.0417733 0.0268269 0.0236079 0.0377922 0.0355941 0.0369366 0.0593499 0.044462 0.0292149 0.0214887 0.0192698 0.0145732 0.0137172 0.020489 0.00626531 0.0135544 0.00621615 0.00772974 0.00538801 0.00369005 
5.22041e-12 3.09398e-09 6.86406e-07 8.2627e-06 4.21934e-05 0.000109959 0.000764676 0.000211457 0.000449734 0.0003606 0.000628013 0.000691381 0.00254054 0.00432001 0.00159746 0.00177045 0.00130883 0.00139935 0.00430893 0.00244642 0.00378554 0.951699 0.015016 0.00569706 0.000843412 
1.78256e-09 1.19429e-07 2.52176e-05 1.2153e-05 1.09146e-05 4.9373e-05 0.000190668 8.7967e-05 0.00068931 0.00114084 0.000998566 0.00104007 0.00271802 0.00313757 0.00170306 0.00455889 0.938113 0.0108279 0.00618603 0.00441909 0.00177285 0.00232175 0.00591167 0.00922927 0.00485555 
3.88707e-09 1.30349e-06 2.70524e-05 5.25653e-05 2.3712e-05 7.53388e-05 0.000182782 0.000320451 0.000343073 0.000508522 0.000610661 0.000854931 0.00266916 0.00256425 0.00179139 0.00189 0.00198836 0.00202956 0.00379326 0.00419968 0.00243145 0.951477 0.0140508 0.00735874 0.000755846 
4.34634e-66 2.40811e-63 1.69229e-62 4.20351e-59 2.89657e-50 3.32601e-41 7.69109e-39 3.51461e-29 3.37032e-23 1.24514e-21 8.55613e-13 2.08903e-11 1.20895e-10 1.43906e-10 4.26928e-10 8.54677e-10 6.88024e-08 2.50087e-07 2.31256e-07 3.84651e-07 7.41829e-07 2.56121e-06 0.00097743 0.00223457 0.996784 
0 0 0 0 0 0 0 0 0 0 4.33218e-13 1.05649e-11 6.1165e-11 7.2801e-11 2.15986e-10 4.32351e-10 3.48454e-08 1.26549e-07 2.95486e-08 1.93176e-07 3.01615e-07 2.53935e-06 0.000505213 0.00120715 0.998284 
2.98973e-08 1.01315e-05 5.28008e-05 0.000297093 0.000357907 0.000823407 0.00156905 0.003361 0.0045385 0.00516249 0.00544258 0.00498259 0.0097736 0.0134866 0.856193 0.0196446 0.00832551 0.0168363 0.0070152 0.00484735 0.00404579 0.00468854 0.0109668 0.0119067 0.00567232 
5.107e-12 2.37805e-09 1.1311e-06 1.28688e-06 4.46387e-07 6.94332e-06 6.49386e-05 0.000145941 0.000188454 0.00050527 0.000566227 0.000980037 0.00245503 0.0021619 0.00162299 0.00206233 0.00157162 0.00170405 0.00236206 0.00247718 0.968166 0.00706041 0.00405606 0.000867305 0.000971989 
4.1353e-08 2.38628e-06 0.000101521 0.000357335 0.000785433 0.00248512 0.00439078 0.011646 0.029166 0.838707 0.0108714 0.00374371 0.00608259 0.0105531 0.0115739 0.0118912 0.00989165 0.00798217 0.00372374 0.00511097 0.00350011 0.00336353 0.00386357 0.0074116 0.0127949 
8.27936e-05 0.00135713 0.0156952 0.0393894 0.0361902 0.0374612 0.0457526 0.0365663 0.0460667 0.0760375 0.0597208 0.0458113 0.0538332 0.0483935 0.0352485 0.0320296 0.0285412 0.0286854 0.0216689 0.0138777 0.015274 0.0134966 0.242336 0.0132109 0.0132732 
4.99743e-16 4.74074e-13 3.13093e-12 1.31757e-09 2.05652e-09 1.70406e-07 5.48219e-07 8.41576e-06 4.22705e-05 0.000266227 0.00034574 0.000854288 0.002339 0.00210233 0.00163632 0.00188193 0.0092316 0.938845 0.0145494 0.00494584 0.00412573 0.00244169 0.00580786 0.00750756 0.00306778 
2.05357e-16 1.94851e-13 1.28605e-12 5.43221e-10 4.82935e-10 9.03017e-08 3.09827e-07 2.61383e-06 2.32633e-05 0.000445025 0.000747079 0.00191854 0.00671853 0.00243976 0.00134758 0.00147677 0.00233638 0.0017776 0.00161623 0.00326202 0.00306987 0.00576696 0.952583 0.00752578 0.00694304 
2.99664e-06 0.000202045 0.00186817 0.00991847 0.0201326 0.0235648 0.0274098 0.0227641 0.0291279 0.0351484 0.0307241 0.148259 0.0313291 0.0250783 0.350526 0.14345 0.0173139 0.019026 0.011125 0.0084506 0.0110325 0.00556703 0.0118684 0.00987611 0.00623389 
1.92764e-09 1.62874e-06 9.81682e-07 3.82946e-07 1.08169e-06 5.23627e-06 1.46202e-05 4.03078e-05 0.000432357 0.000728624 0.000874959 0.0010185 0.00260238 0.00302133 0.00168961 0.00193639 0.00191656 0.00209798 0.00296585 0.00296283 0.962253 0.00442929 0.00766299 0.00149368 0.00184973 
0.0141566 0.0271719 0.0247599 0.0214343 0.0163412 0.0185879 0.0202146 0.0281933 0.0239297 0.0312483 0.0191912 0.012281 0.0204177 0.0201631 0.0128148 0.0178248 0.00628438 0.0347374 0.0237801 0.0199564 0.0243918 0.535001 0.0124361 0.00972832 0.00495418 
1.14821e-07 4.87247e-06 7.38652e-05 0.000376556 0.000579182 0.00152656 0.0039792 0.00168932 0.00256477 0.00404398 0.00446681 0.00352927 0.00504343 0.0101261 0.0035282 0.00694977 0.00553919 0.0162385 0.0178121 0.00646007 0.864786 0.0245974 0.0115658 0.00311529 0.00140365 
8.1166e-09 8.49743e-07 4.77492e-05 0.000122809 0.000181399 0.000535895 0.00318785 0.000961294 0.00213299 0.00252516 0.00269391 0.0024203 0.00434722 0.00663588 0.00308909 0.00665721 0.00385937 0.889622 0.0277023 0.00931116 0.0105784 0.00857451 0.00865795 0.00511477 0.0010404 
1.33717e-11 1.14351e-09 4.06711e-07 6.99578e-07 8.93135e-07 3.0234e-06 0.0001152 6.82708e-05 0.000726747 0.000955704 0.00110726 0.00104367 0.00264305 0.00293078 0.00166425 0.00213835 0.00222553 0.00273706 0.00305629 0.00499201 0.958253 0.00326242 0.00750372 0.00220364 0.00236765 
2.96566e-06 0.000455543 0.0032343 0.0155376 0.0317311 0.038203 0.267969 0.261023 0.0375507 0.0521521 0.0431988 0.0334076 0.0403719 0.0285629 0.0249085 0.0279559 0.0157038 0.0177177 0.0123675 0.00670613 0.0118125 0.00449176 0.00764137 0.0100072 0.00728697 
1.23088e-07 5.23341e-06 0.000345957 0.000216332 0.000221927 0.000704119 0.00285564 0.00130738 0.00227387 0.00548785 0.00307661 0.00247752 0.00478489 0.00762251 0.00319367 0.00663298 0.00465477 0.0102824 0.0238437 0.885022 0.0111049 0.00761345 0.00737262 0.00794648 0.000953352 
0 0 0 0 0 0 0 0 0 0 0 0 0 0 0 0 0 3.98673e-05 0.000100055 0.000290692 0.000623039 0.000932282 0.00133273 0.00155131 0.99513 
4.09137e-57 2.26684e-54 1.59302e-53 8.84527e-52 8.09878e-48 3.88843e-27 7.13569e-25 6.16211e-18 3.44267e-13 1.96016e-18 1.09723e-12 2.09495e-11 1.054e-10 2.54035e-10 2.8434e-09 2.30089e-08 3.95727e-06 1.54924e-06 2.33977e-07 6.63787e-06 9.29227e-06 3.68898e-05 0.00123977 0.992799 0.00590262 
0 0 0 0 0 0 0 0 0 0 3.58369e-13 8.73951e-12 5.05973e-11 6.02228e-11 1.78669e-10 3.57652e-10 2.88203e-08 1.04659e-07 2.44045e-08 1.59699e-07 2.48296e-07 7.3452e-07 0.000409752 0.990096 0.00949307 
6.77219e-16 6.41718e-13 4.42105e-12 2.48011e-09 9.71757e-09 2.65508e-06 1.14216e-05 0.000144197 0.000143973 0.000282659 0.000301881 0.00070382 0.00265898 0.0028996 0.00315352 0.00564409 0.011806 0.922315 0.0155421 0.00484872 0.00209945 0.0030647 0.0110451 0.0108814 0.00245121 
6.35485e-06 0.000682191 0.00181926 0.00401353 0.0030837 0.00259882 0.00227759 0.00447841 0.00528927 0.0261257 0.0114873 0.00803144 0.0148796 0.0165353 0.0103506 0.0185046 0.797366 0.0186649 0.00998641 0.00789981 0.0051912 0.00440889 0.00863905 0.0109428 0.0067375 
1.53359e-08 1.17863e-06 0.000337322 8.0771e-05 0.000168661 0.000602711 0.0023344 0.000923564 0.00220352 0.00530531 0.00283251 0.00199752 0.00431535 0.00681498 0.00319468 0.00663597 0.00351403 0.00723694 0.0145026 0.0127677 0.00750739 0.896231 0.0165218 0.00298044 0.00098979 
9.06806e-07 7.52655e-05 0.000393833 0.00216503 0.00514964 0.0127524 0.0168259 0.0138084 0.0169013 0.0217375 0.0233717 0.682644 0.0274238 0.0276799 0.0136741 0.0158507 0.0152944 0.0211256 0.0238257 0.01113 0.014395 0.00820156 0.0123266 0.00926326 0.00398415 
6.97264e-12 2.53413e-10 1.09187e-08 4.16242e-07 5.82336e-07 5.18504e-06 8.69191e-05 3.89028e-05 0.000349671 0.000401687 0.00041145 0.000555151 0.00138977 0.00120595 0.000654937 0.00122791 0.00125667 0.00124051 0.00257803 0.00166875 0.000976292 0.000729088 0.975258 0.00835228 0.00161211 
3.01437e-09 7.26394e-07 1.13921e-05 1.35942e-05 8.67779e-06 7.32166e-06 5.8989e-05 0.000919909 0.00120618 0.00165679 0.00201127 0.00205359 0.00700659 0.00555824 0.00633663 0.906196 0.0279176 0.0079704 0.00426066 0.00657202 0.00425796 0.00288471 0.00310509 0.00539111 0.00459417 
4.63069e-05 0.0015512 0.0116451 0.0312877 0.0347418 0.034048 0.0414716 0.0348461 0.0442713 0.0612878 0.0542664 0.0442186 0.0465352 0.0396802 0.0270318 0.0262318 0.0219704 0.0186468 0.351018 0.01039 0.0178313 0.0106095 0.0161497 0.0119405 0.00828293 
2.5444e-14 1.7914e-11 6.64968e-10 1.76597e-07 1.74057e-07 1.61652e-06 6.58756e-06 7.35501e-05 0.000225523 0.000360922 0.000595328 0.000841789 0.0024612 0.00207211 0.00153142 0.00173541 0.00163728 0.00178835 0.00306473 0.00254059 0.00170105 0.958996 0.0173897 0.00220495 0.000771405 
1.38896e-06 0.000454614 0.00143692 0.00425877 0.0115225 0.0222494 0.0244072 0.0196415 0.0227136 0.0322998 0.653417 0.0197465 0.0249906 0.0207744 0.0169504 0.0187748 0.0125963 0.0217993 0.0131737 0.0109728 0.0166103 0.00446578 0.00975893 0.00973029 0.00725292 
0.000190162 0.0156928 0.0426308 0.0402302 0.029964 0.0318553 0.0376317 0.140193 0.0400521 0.0611477 0.0502326 0.0663091 0.0476079 0.0437127 0.0366394 0.141503 0.0279241 0.0275623 0.0228354 0.0120252 0.0320328 0.0134767 0.0172804 0.0112569 0.0100139 
3.0001e-11 9.80069e-09 4.34885e-06 7.6476e-06 7.90508e-06 8.23676e-05 0.000446801 0.000145311 0.000797751 0.00119204 0.00135506 0.00110682 0.00288481 0.00313021 0.00195886 0.00282223 0.00244743 0.00524612 0.944301 0.0103818 0.00419455 0.0022113 0.00570209 0.0086312 0.000942219 
7.85868e-06 0.000510073 0.00577234 0.0244424 0.189035 0.0316957 0.0922536 0.0327303 0.0392688 0.0518269 0.041587 0.0429014 0.0415332 0.0338541 0.0263175 0.235022 0.0204183 0.0180756 0.0155773 0.00906323 0.0135624 0.00679664 0.0100501 0.011129 0.00656872 
1.30122e-06 0.000496973 0.00181416 0.00692792 0.016071 0.0275688 0.0374323 0.605908 0.0297548 0.0284491 0.0274741 0.0201712 0.0307535 0.0238731 0.0185596 0.0162501 0.0198239 0.0182099 0.0150737 0.0117405 0.0147394 0.00413257 0.00843888 0.0102514 0.00608364 
3.45408e-06 0.000521308 0.00262702 0.0108716 0.0224138 0.0283925 0.0279907 0.0243521 0.0274182 0.0357066 0.0293393 0.0255678 0.0284239 0.0290515 0.0159651 0.0158976 0.0170431 0.0162632 0.0163002 0.0100267 0.582239 0.00702705 0.0135315 0.00726298 0.00576422 
8.03136e-08 4.69356e-06 0.000325776 0.000104119 0.000195994 0.000573256 0.00253658 0.000950685 0.00224414 0.00517975 0.00288394 0.00217975 0.00442134 0.00684972 0.00320858 0.0066183 0.00372259 0.0087455 0.0159938 0.0139387 0.894544 0.00965065 0.0108156 0.00256751 0.00174457 
8.99572e-08 5.14612e-06 0.000329829 9.06177e-05 0.000181346 0.000542232 0.00240606 0.000913487 0.00215249 0.00509412 0.00273276 0.00204306 0.00441957 0.00659659 0.00311219 0.00647339 0.00353913 0.0108946 0.893328 0.0214616 0.0100119 0.00549213 0.0102011 0.0070169 0.000961298 
0.0773607 0.863002 0.00504843 0.000860147 0.00067256 0.00108493 0.00346588 0.00162865 0.00122409 0.00166584 0.000932672 0.00095628 0.00119245 0.000874759 0.000803568 0.000758156 0.000413727 0.0174333 0.00309643 0.00169748 0.0116721 0.000390869 0.00048912 0.000357321 0.00291836 
1.69379e-13 1.60699e-10 1.06488e-09 4.18342e-07 6.37756e-08 2.02718e-05 6.31567e-05 0.000192432 0.000138052 0.000254098 0.000370712 0.000741576 0.00238454 0.00196281 0.00144953 0.00176701 0.00146167 0.00184571 0.00257392 0.965203 0.00450266 0.00515105 0.00663247 0.00203136 0.00125358 
0.000514076 0.00907257 0.0276949 0.0377216 0.0300953 0.0275079 0.0371189 0.0362241 0.0423235 0.0583339 0.0492088 0.0407225 0.0432311 0.0899581 0.027855 0.0281913 0.0204864 0.0174576 0.0180369 0.0121627 0.292033 0.0166694 0.0188083 0.00886648 0.00970623 
4.43408e-10 2.22257e-07 4.98299e-05 0.000617798 0.00148667 0.00311334 0.00532304 0.00481495 0.00644226 0.008825 0.0075331 0.104372 0.0133775 0.0130048 0.0127925 0.0139336 0.00890947 0.0120789 0.00598867 0.00382454 0.00457398 0.00270367 0.01072 0.00917702 0.746337 
2.39794e-08 1.35825e-06 1.38051e-05 1.0417e-05 5.03687e-06 1.04173e-05 2.57673e-05 3.66905e-05 8.59262e-05 0.000409893 0.000363163 0.000723056 0.00246642 0.00194022 0.00131866 0.00170086 0.00165993 0.00184155 0.00382695 0.00345623 0.00179843 0.952767 0.0144181 0.00775485 0.00336526 
5.30396e-06 0.000451155 0.00387132 0.0169996 0.0264485 0.0269263 0.0358793 0.129039 0.126864 0.0472901 0.0407601 0.169246 0.038102 0.0826335 0.0269415 0.026906 0.0171686 0.0197096 0.0120502 0.00882357 0.0129033 0.00998427 0.0109549 0.101993 0.00804817 
2.45073e-31 7.98725e-29 4.1449e-26 4.67856e-21 5.4411e-20 4.94851e-16 5.1422e-14 3.655e-12 4.8347e-08 6.78878e-10 2.16782e-08 5.10942e-06 4.99615e-05 3.66601e-05 0.000439109 0.000389043 0.000525319 0.00113189 0.00204477 0.00616918 0.00423434 0.00689184 0.955205 0.00974343 0.0131343 
1.91486e-06 0.000119351 0.00139229 0.00676442 0.0182041 0.023925 0.0276808 0.0244677 0.0303482 0.0365752 0.0324752 0.571389 0.0379717 0.0274567 0.0206413 0.021808 0.0151143 0.020868 0.016366 0.00972149 0.0156007 0.00520315 0.0166169 0.0134453 0.00584327 
5.61977e-09 3.18205e-07 2.53076e-05 4.25708e-06 3.44196e-06 0.000117613 0.00029389 0.00205836 0.00265595 0.00252283 0.00274032 0.00326945 0.00779956 0.00722885 0.00942031 0.870478 0.0119786 0.011324 0.00795923 0.00705781 0.00424087 0.00695531 0.00725078 0.0291244 0.00549038 
0 0 0 8.91901e-55 6.28655e-46 6.9226e-37 1.49373e-34 5.23439e-25 5.01696e-19 2.58814e-17 1.65298e-14 1.94329e-13 2.89938e-11 1.91248e-10 2.20916e-09 2.48445e-09 3.08993e-09 1.98851e-05 5.11874e-05 0.000161863 0.000249434 0.000328229 0.000414845 0.000849374 0.997925 
1.04436e-07 4.03231e-05 3.76277e-05 6.27137e-05 5.32849e-05 6.9218e-05 0.000220347 0.00010017 0.000860976 0.00117221 0.00128581 0.00119117 0.00280515 0.00313194 0.0018293 0.00259695 0.00232082 0.00260431 0.00350785 0.927329 0.0212006 0.010326 0.0119119 0.00297088 0.00237089 
5.05109e-07 3.46418e-05 0.000104418 0.000377718 0.000695216 0.00175761 0.005306 0.00624576 0.0101044 0.0128614 0.0096053 0.817572 0.0252661 0.0153813 0.0134858 0.0146898 0.00931202 0.0108332 0.00834904 0.00549674 0.0048069 0.0038929 0.00773584 0.0133859 0.00269933 
1.36864e-11 2.28443e-09 2.54831e-07 4.40009e-06 4.04695e-06 0.000259287 0.00101183 0.00349863 0.00458807 0.00440147 0.00523169 0.0045093 0.00901679 0.01076 0.854047 0.0236174 0.0109328 0.0121204 0.0062675 0.00619543 0.00456532 0.00697327 0.0055069 0.020428 0.00606024 
2.06485e-10 1.14481e-07 2.03773e-05 0.000212085 0.000288212 0.001063 0.00438373 0.00566857 0.00878326 0.0101142 0.00792988 0.00640846 0.0125999 0.0143927 0.0203011 0.832874 0.0153129 0.0138847 0.00737268 0.00483206 0.00524183 0.00326437 0.00688421 0.0133212 0.00484632 
5.09501e-11 1.79482e-08 8.03382e-06 9.80584e-06 5.026e-06 0.000275483 0.000925466 0.00283206 0.00462186 0.00449006 0.00442451 0.0040838 0.00911187 0.0103186 0.0119824 0.039644 0.811736 0.0166141 0.00715696 0.00621498 0.00444333 0.00837675 0.00744594 0.0369431 0.00833565 
0 0 0 0 0 0 0 0 0 0 0 0 0 0 0 0 0 0 0 0 0 9.02673e-06 7.69507e-05 0.00024082 0.999673 
1.8097e-11 4.08816e-09 1.96216e-06 1.40565e-06 8.68795e-07 3.6978e-06 0.000112232 6.84764e-05 0.00068031 0.000855712 0.000925233 0.000928293 0.00265966 0.00277103 0.00185942 0.00275134 0.0135841 0.898319 0.0166082 0.0176079 0.0119238 0.00295745 0.00955065 0.0117515 0.00407757 
4.11163e-29 2.14555e-26 7.51414e-25 6.09233e-18 3.94074e-17 1.01852e-12 1.47195e-11 7.07626e-09 6.0113e-05 1.77054e-07 1.60074e-06 1.66753e-05 0.000340923 0.0010186 0.0019076 0.00669574 0.943895 0.0252131 0.00141179 0.00189618 0.000476559 0.00188134 0.00571823 0.00689753 0.00256834 
3.46034e-11 1.23081e-08 5.45937e-06 1.48488e-05 6.15401e-05 0.000385117 0.00152739 0.000629055 0.00170638 0.00186204 0.00208439 0.00153842 0.00319981 0.00647957 0.00277771 0.005472 0.00262021 0.00335877 0.0076036 0.92919 0.00954176 0.00520353 0.00903327 0.00436756 0.00133745 
0.00207726 0.0342554 0.699017 0.0282849 0.00549968 0.00838564 0.0129199 0.0127086 0.0157734 0.0337827 0.0149969 0.0134628 0.0217846 0.0107109 0.0228794 0.0182561 0.0038526 0.00594327 0.0125739 0.00705421 0.00281923 0.0031649 0.00221309 0.00253504 0.00504893 
2.33333e-08 1.26931e-06 3.78069e-05 5.99196e-06 6.23955e-06 9.30879e-06 2.16154e-05 4.69554e-05 3.48828e-05 0.000436967 9.8647e-05 0.000354526 0.001136 0.000821442 0.000479079 0.000614915 0.000674549 0.00101467 0.00195954 0.00294875 0.00114369 0.000558011 0.00251168 0.984796 0.000287882 
