3184
4.87874e-15 1.51202e-12 2.54321e-09 4.55723e-08 1.01304e-07 1.25662e-06 9.80224e-07 7.34603e-07 2.58829e-06 5.53756e-06 4.3432e-06 1.55884e-05 4.94257e-06 4.43494e-05 0.000108639 4.55946e-05 2.08829e-05 4.71677e-05 2.40488e-05 8.23541e-06 7.1293e-06 1.95887e-05 3.50947e-05 3.58792e-05 0.999567 
1.54216e-05 0.00126593 0.01191 0.631003 0.0175314 0.0103216 0.0159517 0.0235029 0.0231293 0.0372006 0.0306407 0.0258903 0.0314076 0.0256184 0.0180249 0.0166607 0.0144728 0.0100958 0.00825219 0.0046073 0.0149135 0.00341597 0.0154565 0.00444391 0.00426806 
2.84376e-08 4.0994e-05 0.000371268 0.00208281 0.00582794 0.0138556 0.0120088 0.012399 0.0157003 0.0194172 0.0260386 0.0266598 0.0242186 0.0223845 0.020383 0.0255911 0.0173599 0.0217405 0.0107275 0.0131638 0.0141005 0.00621224 0.0210821 0.0217493 0.646885 
6.39838e-12 1.41998e-11 5.88347e-06 9.16102e-05 0.000113593 0.000405782 0.000936869 0.0029747 0.00242298 0.00361244 0.00459796 0.00372966 0.00413888 0.00906583 0.00855118 0.897425 0.0111141 0.00946767 0.00633231 0.0063144 0.0063175 0.00416155 0.00437214 0.00959922 0.00424875 
3.27853e-08 4.99287e-05 0.000458495 0.00293977 0.333054 0.0189384 0.0240291 0.00724675 0.0084059 0.022315 0.012433 0.00948282 0.0184439 0.00812307 0.00677693 0.0104302 0.0106567 0.0135579 0.456935 0.00396748 0.00909455 0.00225839 0.00614709 0.00946083 0.00479473 
2.99396e-13 2.46582e-11 1.74483e-07 1.90958e-06 1.04278e-05 1.14562e-05 0.000587945 0.000119753 0.000541087 0.000515649 0.000505946 0.000658633 0.000557237 0.00230707 0.000816585 0.000957856 0.000988505 0.00133724 0.00423041 0.0009965 0.0019129 0.000739825 0.974474 0.00751646 0.000212904 
4.43213e-07 0.000326736 0.00242575 0.0115648 0.0174071 0.561945 0.0288153 0.0337424 0.0285753 0.035806 0.0348918 0.0299758 0.0338021 0.0271006 0.0245217 0.0327578 0.0176752 0.0204194 0.0125546 0.00762775 0.0132999 0.0049534 0.00742656 0.00744355 0.00494075 
2.28898e-07 0.000261166 0.00124502 0.00770793 0.00947169 0.0114254 0.0128588 0.0173669 0.0180708 0.02287 0.0211364 0.0225044 0.0222342 0.0263249 0.018236 0.686576 0.0179706 0.0162564 0.0112263 0.0106772 0.0149243 0.005718 0.00842826 0.0106411 0.00586818 
2.15755e-07 0.00079263 0.00296332 0.0127241 0.0141982 0.0117517 0.0177075 0.0198665 0.0203956 0.0339324 0.648779 0.0282687 0.0315542 0.0305426 0.0201108 0.019777 0.0173276 0.0149571 0.00977563 0.00794996 0.0105349 0.00466469 0.00801509 0.00758582 0.00582506 
3.37123e-05 0.00290779 0.0178404 0.0264501 0.0254758 0.0192696 0.0271738 0.0267409 0.0357969 0.0704847 0.0486662 0.0437533 0.0494881 0.052314 0.0278573 0.0258849 0.0290232 0.0202518 0.0172911 0.00862784 0.0205925 0.362066 0.0236309 0.00859904 0.0097801 
1.85961e-17 2.64122e-15 4.82002e-14 5.887e-08 1.21668e-07 9.20605e-07 2.42219e-05 3.88444e-05 0.000372299 0.000548473 0.000809264 0.000810903 0.000830249 0.00208679 0.00141943 0.00152677 0.00162283 0.00196662 0.00243855 0.00153558 0.00105655 0.964058 0.0114918 0.00676421 0.000597933 
2.98189e-11 6.29104e-11 2.75035e-05 0.000248839 0.000360214 0.00167719 0.889718 0.0212239 0.00691754 0.00982209 0.00388993 0.00296043 0.00248054 0.00308745 0.0115768 0.0231689 0.00482958 0.00763817 0.00360178 0.00138921 0.00264971 0.000294028 0.000987138 0.000711888 0.000739263 
0 0 0 0 0 0 0 1.99332e-15 1.23023e-09 3.22174e-14 6.98097e-10 1.04278e-07 6.61456e-07 3.84028e-06 1.96804e-05 5.45046e-05 3.50514e-05 6.88756e-05 0.00035474 0.988148 0.0033229 0.00154448 0.00336838 0.00293619 0.000142924 
1.40012e-31 2.86585e-31 3.89956e-28 9.77609e-26 7.15734e-22 6.15228e-18 1.64693e-13 4.14721e-12 1.3091e-09 4.39418e-11 5.03738e-09 1.09e-08 1.66508e-07 2.41971e-05 3.27635e-05 7.87918e-05 9.09692e-06 0.000121775 5.7475e-05 0.000165083 0.00023284 0.00229458 0.985744 0.0061727 0.00506672 
1.4768e-05 0.000324686 0.00335758 0.00773287 0.00590432 0.0110246 0.0508153 0.402044 0.348981 0.0134309 0.0211297 0.0137263 0.0161552 0.0236844 0.00926951 0.00656262 0.0115279 0.00605024 0.00393607 0.0161365 0.0064605 0.00561766 0.00616015 0.00291433 0.00703946 
1.84042e-05 0.00197778 0.0135548 0.0277679 0.0297301 0.0204403 0.0277102 0.0307755 0.0354386 0.0599997 0.0527268 0.0454005 0.0512775 0.0551144 0.0283361 0.0264048 0.0232372 0.0175348 0.0172868 0.0099298 0.0206522 0.365991 0.0213951 0.0078413 0.00945884 
3.39403e-08 3.39142e-05 0.000155056 0.000861098 0.0014727 0.00470317 0.0137889 0.00278654 0.0031026 0.00580006 0.00674788 0.00523816 0.00608135 0.012231 0.00386007 0.00475208 0.00792797 0.0144115 0.0161495 0.00494153 0.859203 0.0114651 0.00896732 0.00384857 0.00147119 
2.88987e-12 6.15629e-12 2.66306e-06 1.64251e-06 7.90286e-07 2.25859e-05 0.000396074 9.92578e-05 0.000508229 0.00077292 0.00112006 0.000856334 0.000917796 0.00232403 0.00157552 0.00169006 0.00180812 0.00488691 0.96544 0.00389589 0.00417926 0.00118567 0.00295164 0.00472213 0.000642646 
0 0 0 0 0 0 0 0 0 0 0 0 0 0 0 0 0 0 0 1.76663e-05 8.39895e-05 0.000139656 0.000197486 0.00051411 0.999047 
2.12743e-08 3.3681e-05 0.000144966 0.000766814 0.00256077 0.00752255 0.00572171 0.00710591 0.0085702 0.0112112 0.0073835 0.00751335 0.00817857 0.0126635 0.0119689 0.018136 0.0125124 0.0130289 0.0104319 0.00619774 0.0149958 0.00766736 0.798565 0.0153116 0.011808 
4.41577e-20 6.26926e-18 1.14458e-16 6.21614e-10 7.28813e-10 1.57539e-08 4.19942e-08 2.91687e-06 1.92332e-05 4.16108e-05 0.000226105 2.97309e-05 0.000467104 0.000734201 0.0029322 0.959122 0.0133359 0.00541564 0.00107405 0.00215015 0.000732666 0.00238789 0.000967901 0.00797752 0.00238318 
1.06994e-16 1.38593e-14 9.01984e-12 5.96945e-06 9.80012e-07 0.000120329 0.000374697 0.0022326 0.00176024 0.00289036 0.00328884 0.00295719 0.00375959 0.00611964 0.00714904 0.916901 0.00987556 0.0085002 0.00526572 0.00587035 0.00407005 0.00239485 0.00349368 0.00926936 0.00369996 
2.44293e-08 3.14242e-05 0.000220105 0.000387011 0.000824772 0.00289535 0.0060539 0.00135854 0.00127425 0.00365881 0.00222147 0.00371984 0.00283647 0.00621092 0.0023047 0.00261086 0.00798512 0.881525 0.0207255 0.0145608 0.00832574 0.0128424 0.00865031 0.00667021 0.00210642 
3.05023e-12 7.42974e-12 2.81027e-06 1.92541e-05 2.86411e-05 0.000100102 5.68407e-05 8.76658e-06 1.04816e-05 0.000310437 0.000332151 0.000782519 0.000625631 0.00150501 0.00564609 0.956801 0.00491595 0.00755205 0.00127887 0.000736472 0.00150523 0.000988241 0.00218491 0.0116515 0.00295697 
2.46487e-06 0.000559207 0.00187093 0.00912581 0.0113288 0.0120019 0.0136838 0.0169575 0.0169396 0.0229752 0.0210316 0.0212091 0.0202408 0.0263064 0.0132832 0.0129982 0.0154683 0.0112293 0.0139603 0.687025 0.0242577 0.0077197 0.00857049 0.00780129 0.00345308 
0 0 0 0 0 0 0 0 0 0 7.88132e-16 1.01552e-13 6.11311e-13 8.35035e-13 5.47397e-12 1.85086e-11 3.50234e-10 3.60056e-08 2.00835e-08 1.62301e-08 1.21656e-06 4.75386e-08 1.0716e-07 0.988895 0.0111033 
3.5293e-08 4.79589e-05 0.000250556 0.000732322 0.00131599 0.00376319 0.00624226 0.00278794 0.00295687 0.00555641 0.00406712 0.00531214 0.00577808 0.00925896 0.0051237 0.00926138 0.00978126 0.82988 0.0256609 0.0213488 0.0102497 0.0125797 0.0141652 0.0110262 0.00285384 
5.93889e-14 1.41752e-12 2.74215e-08 2.43248e-05 6.83134e-05 0.000114495 0.000459359 0.000575946 0.000754185 0.00106033 0.00115563 0.00102788 0.00115833 0.00276199 0.0018165 0.00209477 0.00187719 0.00240864 0.00312964 0.00211086 0.0014773 0.00494453 0.964382 0.00592745 0.000670195 
0.000534959 0.0333381 0.0107907 0.0084241 0.0119852 0.0290027 0.0236403 0.0150665 0.0180262 0.0281599 0.0276547 0.0122268 0.616338 0.0181206 0.0158404 0.0243851 0.00865983 0.0209072 0.0152172 0.0182916 0.0154885 0.00588113 0.00742147 0.00565046 0.00894849 
1.40304e-05 0.00129172 0.014058 0.0327878 0.0241953 0.0141355 0.0191267 0.0266291 0.0298638 0.0482117 0.0402801 0.0525569 0.0424096 0.0375001 0.026106 0.0252231 0.0198392 0.0148809 0.0138892 0.00647767 0.021525 0.0119781 0.0243035 0.438721 0.0139958 
1.1117e-11 2.53377e-11 1.02349e-05 0.000256264 0.000339441 0.000695255 0.00219434 0.00384228 0.00362992 0.00507842 0.00564193 0.717376 0.00818842 0.0088256 0.191255 0.00956716 0.00688256 0.00616156 0.00478139 0.00387591 0.00381287 0.00209329 0.00491785 0.00845603 0.00211896 
4.03664e-16 5.73311e-14 1.04628e-12 1.19476e-05 6.98254e-06 1.64098e-05 0.000270906 0.00147155 0.00141502 0.00254115 0.00245062 0.00239637 0.00310781 0.00534529 0.00505813 0.0065699 0.921141 0.0125406 0.00583302 0.00584386 0.00418485 0.00321793 0.00424669 0.00800202 0.0043282 
5.32639e-10 3.01581e-06 0.000225828 0.00150126 0.00241392 0.00525748 0.00904018 0.00793482 0.0107799 0.0127576 0.0176144 0.830303 0.0127439 0.00988773 0.0103585 0.0136525 0.00824927 0.0113749 0.00585348 0.0065331 0.00549215 0.00296274 0.00659311 0.00554193 0.00292496 
4.453e-09 8.72784e-06 6.55706e-05 3.38285e-05 9.28124e-05 0.000251172 0.00155207 0.000581402 0.00144045 0.00190962 0.00209567 0.00131778 0.00202558 0.0045651 0.00222405 0.00276039 0.00197746 0.00552124 0.940861 0.0107933 0.00648052 0.00146369 0.00745704 0.00385222 0.000669789 
4.95238e-08 0.000168442 0.000310445 0.000793434 0.00220133 0.00520149 0.012926 0.0027919 0.0028907 0.00473406 0.00437808 0.00856758 0.0058419 0.0157187 0.00402348 0.00564763 0.00686232 0.0142165 0.0171424 0.00429862 0.0115539 0.0170608 0.837562 0.0130186 0.00208977 
9.21353e-08 0.000163398 0.000504205 0.00209927 0.00534968 0.0144459 0.0131443 0.0132404 0.0165354 0.0172702 0.0166641 0.0160966 0.74395 0.0191189 0.0177154 0.0186058 0.0110382 0.0156222 0.0101708 0.00625191 0.010934 0.00380108 0.0121379 0.0112918 0.0038481 
8.32692e-12 2.0976e-10 1.97814e-06 1.12979e-05 9.74676e-05 0.000123049 0.000362029 0.000231503 0.000732358 0.000542575 0.000893423 0.00090081 0.00107265 0.00297662 0.00152145 0.00141969 0.00160407 0.00190852 0.0053724 0.00268941 0.00329445 0.00380883 0.951603 0.00914503 0.0096874 
2.09918e-11 6.05503e-11 1.89598e-05 0.000315325 0.000375548 0.0012626 0.0038029 0.00523608 0.00681126 0.00786562 0.894079 0.00685414 0.00503911 0.00817161 0.00801278 0.0106148 0.00665415 0.00630913 0.00373497 0.00578344 0.003273 0.0023087 0.00376591 0.00452295 0.00518832 
1.19951e-09 6.94429e-07 0.00010252 7.49179e-05 0.000121866 0.000377329 0.00239213 0.000686707 0.00153888 0.00240555 0.002244 0.00253116 0.00221062 0.00476566 0.00237355 0.00295336 0.00293833 0.00777666 0.0142818 0.0108643 0.918902 0.0110414 0.00733254 0.00116419 0.00091967 
0.000299284 0.0518236 0.0268498 0.0381386 0.017914 0.0116901 0.0153755 0.0121142 0.0195835 0.0378876 0.0233627 0.0161383 0.0363162 0.0238284 0.0393092 0.0265456 0.0177502 0.0144525 0.0233072 0.0199828 0.0064625 0.481576 0.0124358 0.0184907 0.00836554 
2.9105e-07 0.00019146 0.105551 0.00887933 0.0102219 0.0107462 0.118737 0.414121 0.0177044 0.0199035 0.018681 0.0164917 0.0183578 0.0148914 0.144241 0.0188433 0.00884081 0.0121628 0.00704795 0.00487088 0.0100571 0.00304012 0.00764823 0.00533153 0.0034387 
2.37828e-06 0.00275089 0.0261406 0.203088 0.0583507 0.0370662 0.324405 0.0521249 0.0321101 0.0939338 0.0267008 0.0143213 0.0167768 0.0302874 0.0209951 0.0121304 0.00816563 0.00741675 0.00627757 0.00270806 0.00415369 0.00658072 0.0082735 0.0025536 0.00268614 
2.55164e-12 7.25359e-12 2.29559e-06 6.80624e-06 9.11292e-06 6.10926e-05 0.000867993 0.000227481 0.000842568 0.000994132 0.00146398 0.00111297 0.000974085 0.00404129 0.00193208 0.00201708 0.00182158 0.00239432 0.00930324 0.955356 0.00452453 0.00237285 0.00188402 0.00714669 0.000643531 
2.46665e-13 1.01377e-10 2.13521e-07 2.86626e-06 5.24007e-06 0.00017095 0.000670112 0.0025897 0.00216785 0.00320381 0.00411534 0.00370298 0.00433413 0.00630818 0.920811 0.0115058 0.00712897 0.00766588 0.00594843 0.0039934 0.0040066 0.00225117 0.00356004 0.0022954 0.00356181 
9.23706e-08 0.00011729 0.00117437 0.00516013 0.011525 0.0178779 0.0186098 0.0175888 0.022689 0.683766 0.0241339 0.0197682 0.0245749 0.0233302 0.0168514 0.016576 0.0131933 0.0162065 0.0128299 0.0101205 0.0134507 0.00318981 0.0069864 0.00832231 0.0119577 
1.43777e-07 0.000246122 0.000786966 0.00381644 0.00827927 0.0165876 0.0168777 0.0162708 0.0207852 0.0238167 0.025549 0.6975 0.0244781 0.0191527 0.0150422 0.0195819 0.0132006 0.0171023 0.0119894 0.00833735 0.0109677 0.00424196 0.0145599 0.00687549 0.00395499 
9.60495e-13 6.86255e-12 7.756e-07 0.000107235 9.58168e-05 0.000372213 0.00192852 0.00433644 0.00469351 0.00631318 0.00526322 0.00426354 0.00506228 0.0102948 0.0103279 0.0139094 0.00981769 0.00843498 0.00639477 0.00551003 0.00962651 0.00627933 0.863017 0.0107871 0.0131634 
1.40836e-05 0.00246986 0.0106531 0.0174925 0.0184668 0.0198627 0.023431 0.0262772 0.0313412 0.0463711 0.0409392 0.0354315 0.28256 0.0375868 0.0239977 0.0231762 0.0189284 0.0164996 0.0152264 0.00941847 0.0168332 0.0102049 0.252813 0.0121144 0.00789099 
2.28224e-33 4.67144e-33 6.35642e-30 1.59354e-27 1.16888e-23 1.00525e-19 2.65091e-15 8.39798e-14 1.0457e-08 8.76916e-11 1.18728e-06 1.95969e-06 1.38032e-06 6.17165e-05 0.000135875 0.000289705 0.000162368 0.000280256 7.60084e-06 0.000473292 0.000124834 0.000154227 0.990466 0.00735512 0.000484051 
5.12463e-08 6.46686e-05 0.000582437 0.00342538 0.00604926 0.012485 0.0250118 0.71661 0.0165551 0.0189072 0.0196042 0.0129488 0.0179485 0.02059 0.0140163 0.0204657 0.0102806 0.0237337 0.015076 0.00606604 0.0121176 0.00537075 0.0113376 0.00719803 0.00355524 
2.86769e-12 6.2953e-12 2.63669e-06 2.53417e-05 9.46971e-06 3.94366e-05 0.000603675 0.000119282 0.000618021 0.000870903 0.00132146 0.000919532 0.000967052 0.00320483 0.00180962 0.00190094 0.00185374 0.00239361 0.00599467 0.00165544 0.00230902 0.952243 0.0123028 0.00779197 0.00104362 
1.58693e-16 2.25157e-14 4.11357e-13 9.98087e-06 1.61304e-06 1.6974e-05 0.000249716 0.000569419 0.00143802 0.00176805 0.00208258 0.00357234 0.958277 0.00431852 0.0033279 0.00378901 0.00222775 0.00154403 0.00188256 0.000760384 0.000347848 0.000992438 0.00185347 0.00913142 0.00183918 
2.33325e-07 0.000201792 0.00132999 0.0067068 0.00981508 0.0112287 0.0156144 0.0193184 0.021517 0.0229822 0.0238712 0.021859 0.0246109 0.682562 0.0213786 0.0229925 0.0153179 0.0172025 0.0103415 0.00874519 0.0125136 0.00635585 0.0113536 0.00606178 0.00611957 
1.95108e-20 2.77017e-18 5.05726e-17 9.07281e-12 2.14447e-10 5.93153e-08 1.02478e-07 8.86494e-06 1.92798e-05 0.000223744 0.000241026 0.000482034 0.000620745 0.00150657 0.00116395 0.00105868 0.00495595 0.964862 0.0101096 0.00129891 0.00276901 0.00231328 0.00206607 0.00431256 0.00198714 
1.82487e-06 0.000190731 0.00297485 0.0152737 0.0225776 0.647934 0.0138897 0.0180327 0.0205882 0.0212723 0.021891 0.047909 0.0328524 0.0300744 0.018702 0.0157986 0.0123225 0.00942146 0.012611 0.00646246 0.00960411 0.00540916 0.00706972 0.0042548 0.0028821 
2.14859e-11 8.72352e-11 2.101e-05 2.37668e-05 4.42569e-05 0.000193906 0.00117437 0.000466967 0.00119408 0.00121629 0.00162829 0.00120171 0.00122743 0.00435794 0.00202837 0.00257247 0.00186537 0.00269867 0.00653897 0.939708 0.0188215 0.00282747 0.00745928 0.00158324 0.00114632 
1.36186e-07 2.93966e-05 0.00108184 0.00504031 0.00963537 0.0129191 0.0156374 0.709738 0.0231663 0.024231 0.0227988 0.0146137 0.0196629 0.0227246 0.0176672 0.0183244 0.0123106 0.01671 0.00923533 0.00831182 0.00952272 0.00365403 0.0102654 0.00885166 0.00386843 
1.50522e-09 1.43362e-06 0.000110082 5.80089e-05 0.000120173 0.000337193 0.00233755 0.000701654 0.00152278 0.00241322 0.00223995 0.00246407 0.00217283 0.00467674 0.00239708 0.00299791 0.0027351 0.007781 0.0140792 0.0114894 0.00724604 0.915947 0.0142567 0.00111874 0.000795704 
1.79257e-13 2.58666e-12 1.09527e-07 3.11156e-05 3.44982e-05 0.000300535 0.00145161 0.00391701 0.00351009 0.00539967 0.00508283 0.00400919 0.0045946 0.0107991 0.010307 0.889645 0.0130732 0.0106165 0.0050387 0.00632743 0.0060708 0.00458144 0.00320982 0.00791705 0.00408297 
2.35132e-13 9.66861e-13 2.08525e-07 2.31313e-06 2.0887e-05 0.000257355 0.0010827 0.00371843 0.00308453 0.00449832 0.00486222 0.00377327 0.00446545 0.00932205 0.00864453 0.0118149 0.889775 0.0151187 0.0057908 0.00644204 0.00563377 0.00454359 0.00505712 0.00698915 0.00510238 
0 0 0 0 0 0 1.70225e-06 2.57839e-05 7.88702e-05 0.000152915 0.000226806 0.000357578 0.000408694 0.000556877 0.000444619 0.000600176 0.000599509 0.000767357 0.000396547 0.000667536 0.000924182 0.000915088 0.00146231 0.00104957 0.990364 
9.9619e-33 2.03907e-32 2.77456e-29 6.95574e-27 5.14969e-23 4.42622e-19 1.18379e-14 3.03138e-13 2.61016e-09 3.19117e-12 1.52145e-08 2.57776e-07 1.43158e-06 4.11303e-06 5.5049e-05 0.00232593 0.963961 0.0176446 0.0026991 0.000952144 0.00028313 0.000455332 0.00200646 0.00659765 0.00301398 
6.68022e-06 0.00914184 0.0263339 0.0154991 0.0168822 0.0131202 0.0174092 0.0188586 0.022804 0.522617 0.034031 0.0407802 0.0401724 0.0302085 0.023109 0.0356998 0.0237063 0.0186059 0.0155098 0.0102764 0.0253901 0.00980973 0.0125129 0.00662412 0.0108912 
3.46972e-12 7.81353e-12 3.18552e-06 1.8707e-05 7.48952e-06 4.05965e-05 0.000647939 0.000132724 0.000650176 0.000954234 0.00138872 0.000932181 0.000958724 0.00344345 0.00181769 0.00196021 0.00181552 0.00235296 0.00537425 0.00200616 0.964755 0.00159977 0.0066333 0.00119655 0.00131054 
4.7817e-08 7.63484e-05 0.00100373 0.00514329 0.012512 0.0235361 0.0270365 0.730797 0.0128933 0.0261424 0.0176143 0.011904 0.0211729 0.013417 0.00856286 0.0120245 0.0104009 0.0176406 0.00994593 0.00364373 0.00871257 0.0019714 0.0055777 0.0123308 0.00594042 
1.93126e-08 3.09788e-05 0.000653411 0.0028757 0.00692375 0.0115873 0.0140702 0.0152397 0.0182891 0.0225224 0.0243915 0.715655 0.0192841 0.0239218 0.0141564 0.0188318 0.0135855 0.0238605 0.0112072 0.00912589 0.00843727 0.00398915 0.0105681 0.00736937 0.00342414 
3.539e-12 2.20112e-10 2.92522e-06 2.08387e-05 7.19634e-05 0.000228808 0.00146363 0.000459901 0.00144908 0.00141328 0.00207481 0.00127481 0.0018315 0.00455718 0.00204976 0.00289934 0.00188323 0.00268214 0.00637435 0.00176705 0.959618 0.00179789 0.00412739 0.000978212 0.000973685 
1.59443e-07 0.000158241 0.000930718 0.00562226 0.0095231 0.0151562 0.0184287 0.712172 0.0194295 0.0219817 0.0227095 0.0188948 0.0238854 0.0192729 0.017492 0.0176062 0.0116092 0.0176676 0.00786781 0.00770355 0.010202 0.00369624 0.00637986 0.00736616 0.00424406 
3.75132e-12 1.14325e-11 3.37673e-06 0.000125334 0.000104129 0.000417947 0.00204469 0.00430092 0.00455224 0.00591902 0.00520142 0.00460194 0.0100302 0.0101338 0.0130455 0.0175628 0.016062 0.0159464 0.00585191 0.00578131 0.00692244 0.00462647 0.0108709 0.841009 0.0148858 
1.98106e-09 3.76196e-06 3.93372e-05 9.96232e-06 2.09869e-05 2.44991e-05 0.000657045 0.000150795 0.000572871 0.00088659 0.000569794 0.000711956 0.000655917 0.00235041 0.00091161 0.00100853 0.0010594 0.0022324 0.00585076 0.00534841 0.00264816 0.00246748 0.961431 0.00750597 0.00288234 
5.81418e-10 1.90714e-06 2.76654e-05 8.96993e-06 1.13434e-05 2.21078e-05 0.000142295 2.6707e-05 6.44357e-05 0.000122821 0.000213881 0.000450856 0.000369767 0.000846614 0.00051492 0.000468064 0.000573924 0.000878033 0.00268794 0.00142794 0.00101942 0.000673441 0.981264 0.0073671 0.000816084 
4.74627e-08 0.000122703 0.000172451 0.00021718 0.000175156 0.000329641 0.000359418 0.000260672 0.00057617 0.000721509 0.000385999 0.000558811 0.000602622 0.00169455 0.968238 0.0057674 0.00218137 0.00513439 0.00104373 0.00123415 0.000340702 0.00145775 0.00257276 0.00394111 0.00191149 
2.62087e-07 0.000360694 0.00150126 0.00758104 0.0133602 0.0182319 0.0211126 0.0216706 0.637976 0.0315723 0.0324277 0.0263073 0.0303205 0.0237378 0.0174327 0.0196431 0.0167356 0.0152018 0.0106199 0.00913874 0.0161354 0.00481422 0.0128162 0.00744269 0.00385957 
2.94394e-12 6.90008e-11 8.51745e-07 6.62786e-05 8.39338e-05 0.000157037 0.000542765 0.000762106 0.00121678 0.00160101 0.00167861 0.00174381 0.00250876 0.00472211 0.899973 0.0282433 0.0087998 0.00695908 0.00512928 0.00551041 0.00479016 0.00289696 0.00306555 0.0146926 0.00485601 
3.78809e-09 3.18584e-06 4.71167e-05 0.000129608 0.00011027 0.000420686 0.00208221 0.000304806 0.000750493 0.00153382 0.00181903 0.00169997 0.00144885 0.00422766 0.00191353 0.00217042 0.00237545 0.00505649 0.00870519 0.939289 0.00941709 0.00491339 0.00836124 0.00209296 0.0011278 
1.26563e-05 0.00203997 0.00859642 0.0170372 0.0175383 0.0206868 0.0250931 0.0276813 0.0278243 0.0401654 0.034095 0.0380245 0.0371378 0.0367034 0.0206464 0.020104 0.0180935 0.0166194 0.0178097 0.00930123 0.518093 0.0159851 0.0176711 0.00649106 0.00654954 
8.60177e-09 1.01239e-05 8.76246e-05 0.000319148 0.000663625 0.00133194 0.00445081 0.00121878 0.00176258 0.00379792 0.00384194 0.00439651 0.00267312 0.00666825 0.00279446 0.00323555 0.00670777 0.0191979 0.885381 0.010672 0.0109677 0.0163648 0.00617502 0.00638051 0.000901309 
8.44775e-12 1.19667e-10 4.65761e-06 9.92696e-05 0.000103961 0.000192279 0.000676862 0.00047223 0.00061762 0.00186761 0.00189327 0.00124042 0.00356667 0.93331 0.0101097 0.0063824 0.00544917 0.00657633 0.00668149 0.00291642 0.00296676 0.00164387 0.00903572 0.00114697 0.00304649 
3.77302e-12 1.75812e-10 2.973e-06 2.1256e-05 6.51416e-05 0.000225142 0.00119349 0.000439901 0.00126546 0.00122309 0.00170257 0.00118833 0.00135985 0.00450687 0.00206207 0.00277231 0.00190176 0.00260196 0.00638654 0.00163402 0.961777 0.00171355 0.0039603 0.000985856 0.0010107 
0 0 0 0 0 0 0 0 0 0 0 0 0 0 0 9.50555e-06 6.62304e-05 0.000127935 0.000124772 0.000348891 0.000495789 0.000626314 0.00087538 0.00130138 0.996024 
9.2883e-08 0.000145142 0.00053188 0.00296258 0.00591934 0.013672 0.0138899 0.0148879 0.0181306 0.0194142 0.0177093 0.0163518 0.0194445 0.0200755 0.017316 0.711398 0.0234454 0.0190699 0.0117594 0.00997846 0.0129121 0.00553244 0.0113857 0.00922926 0.00483819 
7.39409e-10 4.25558e-07 0.000104165 3.65287e-05 9.20407e-05 0.000261428 0.00188253 0.000632697 0.00143933 0.00231748 0.00209373 0.00187236 0.00198977 0.00453886 0.00225143 0.00273262 0.00256871 0.00716524 0.927296 0.0140167 0.00725856 0.00668009 0.00474903 0.0073432 0.00067684 
3.00831e-06 0.000913417 0.00422248 0.0158418 0.0193275 0.0177855 0.0219601 0.0267932 0.0289694 0.0389248 0.0401212 0.0378039 0.0393099 0.0390535 0.0252692 0.0271651 0.525954 0.0188801 0.0127183 0.00921561 0.0151084 0.00545133 0.011955 0.00923798 0.00801517 
7.23542e-20 1.02762e-17 1.87539e-16 2.03596e-11 2.15427e-10 3.82011e-07 5.46171e-07 5.28378e-05 6.77616e-05 0.000292082 0.000490662 0.000889227 0.000836637 0.00151835 0.00118298 0.00127088 0.00114611 0.00151106 0.00193311 0.00145302 0.00148422 0.00267861 0.9686 0.00624523 0.00834611 
5.89277e-12 1.66302e-11 5.3142e-06 0.000207046 0.000118468 0.000457255 0.001144 0.00340895 0.0033444 0.00479207 0.00536764 0.00413427 0.00463704 0.0108147 0.905536 0.0123894 0.00705288 0.00864257 0.00549039 0.00457949 0.0060986 0.00270789 0.00335556 0.00221831 0.00349747 
0 0 0 0 0 0 0 0 5.49592e-33 2.29799e-32 6.1143e-10 1.15575e-08 4.40404e-08 8.07108e-07 2.71353e-05 4.38204e-05 6.81576e-05 0.00010612 2.00152e-05 0.000230995 0.000467867 0.000604772 0.000840036 0.000937769 0.996652 
4.08922e-08 5.88344e-05 0.000538825 0.00316344 0.00530803 0.0108922 0.0124344 0.27121 0.014739 0.0174221 0.273299 0.27238 0.0164619 0.0122609 0.0131533 0.0171207 0.00872815 0.0133207 0.00720662 0.00575353 0.00619448 0.00235026 0.0069674 0.00602852 0.00300813 
1.08394e-21 7.78668e-19 6.57174e-16 1.75128e-15 1.17401e-14 1.97152e-11 5.23451e-07 1.26723e-05 1.45528e-05 4.66761e-05 3.01638e-05 2.0603e-05 0.000594391 0.0012136 0.00125347 0.00438099 0.971765 0.00700166 0.00152734 0.00225545 0.000511965 0.00200733 0.00109123 0.0047883 0.00148394 
5.72312e-08 0.000112265 0.000771066 0.00488232 0.00722299 0.704271 0.0263893 0.0147993 0.0162998 0.0179135 0.0221183 0.0125703 0.0242518 0.0205905 0.0152267 0.0131289 0.0284328 0.0179513 0.0130247 0.0152955 0.00542268 0.00385017 0.0062237 0.0068677 0.00238373 
2.87977e-07 0.000373965 0.00135711 0.00680292 0.0112628 0.01466 0.0175914 0.0219757 0.0222924 0.026125 0.0264917 0.0246084 0.025787 0.0261823 0.0202152 0.0260113 0.639408 0.0193384 0.0115384 0.00982618 0.0141962 0.0051042 0.0117539 0.0113602 0.00573709 
2.26847e-12 6.27626e-12 2.04599e-06 8.12381e-06 8.31079e-06 5.60022e-05 0.000792643 0.000145787 0.000670737 0.000996945 0.00139533 0.000971544 0.00096621 0.00387033 0.00193102 0.00201301 0.00186978 0.00233451 0.00564287 0.949841 0.0162305 0.00269306 0.00528067 0.00120885 0.00107047 
1.39526e-07 0.000238348 0.00294398 0.015376 0.596667 0.0256512 0.0162432 0.0175645 0.0251128 0.0239798 0.0260826 0.0654615 0.0420261 0.0282424 0.0205057 0.0195847 0.013855 0.0101111 0.0156302 0.00496715 0.0089605 0.00581128 0.00815045 0.00428472 0.00254973 
3.52791e-13 1.96008e-12 2.88845e-07 1.9294e-05 2.60822e-05 7.13272e-05 0.000470931 0.000140133 0.000340769 0.000296478 0.000526124 0.000498454 0.000743614 0.0028843 0.00118906 0.00112298 0.000898616 0.00124723 0.00425054 0.00138941 0.00257212 0.963413 0.0125995 0.00462615 0.000673895 
8.84892e-11 6.30164e-08 9.29912e-06 8.59714e-06 6.50582e-06 2.95133e-05 0.000174607 5.17456e-05 0.000473121 0.000736308 0.000887335 0.000914474 0.000798034 0.00243157 0.0013929 0.00339402 0.957867 0.00519929 0.00368804 0.00317703 0.00145962 0.00209101 0.00387652 0.00788668 0.00344653 
3.05003e-11 2.47902e-07 1.30081e-05 2.41568e-05 1.52542e-05 5.5755e-05 0.000150936 0.000259861 0.000247041 0.000352555 0.000509014 0.000606399 0.000841207 0.00161178 0.00147221 0.00122012 0.00152366 0.00151619 0.00344752 0.0023076 0.00144754 0.962725 0.0128861 0.0061415 0.00062518 
0 0 0 0 0 0 0 0 3.51868e-38 1.47125e-37 3.55697e-17 1.19778e-14 7.38412e-14 1.04132e-13 1.19189e-13 1.64084e-13 4.65873e-13 1.25008e-10 1.6768e-07 8.17372e-10 1.3332e-10 5.37925e-09 2.01477e-08 0.00195124 0.998049 
0 0 0 0 0 0 0 0 0 0 0 0 0 0 0 0 9.29711e-27 5.3689e-26 8.48713e-26 2.2187e-25 3.45642e-12 3.32047e-07 1.08227e-05 0.00107617 0.998913 
4.22062e-09 9.83016e-06 4.89967e-05 0.000185402 0.000242809 0.000451391 0.000680661 0.00280317 0.00235101 0.00376301 0.00427127 0.00412566 0.00459373 0.00836476 0.908815 0.0118497 0.00695873 0.00823173 0.00533264 0.00461694 0.00391688 0.00292552 0.0072337 0.00448847 0.00373905 
6.0247e-13 1.23495e-12 5.56603e-07 8.25379e-07 1.39297e-07 4.95888e-06 3.74262e-05 0.000129553 0.000109189 0.000324617 0.000501917 0.000746081 0.000764192 0.00139588 0.00128922 0.00148153 0.00117065 0.00148172 0.00206672 0.00147044 0.978724 0.00487091 0.0025438 0.000209871 0.000675424 
1.05996e-09 1.9651e-06 4.57903e-05 0.000704958 0.000701851 0.00135482 0.00306646 0.00694818 0.0101803 0.880182 0.00870657 0.00313097 0.00500985 0.00648067 0.0103135 0.0101359 0.00708743 0.00949378 0.00350423 0.00523482 0.00331671 0.00262557 0.00393467 0.00467447 0.0131648 
2.47994e-05 0.00132134 0.00817905 0.0201034 0.0274065 0.0261948 0.0353766 0.0309119 0.0363161 0.0655158 0.0494382 0.046465 0.0535496 0.0497976 0.0347586 0.0291213 0.0284642 0.0304656 0.019867 0.0146194 0.0158381 0.0113668 0.337042 0.0151386 0.0127179 
2.03784e-20 2.89226e-18 5.28229e-17 1.08138e-11 4.3618e-10 1.12458e-07 1.6473e-07 7.18401e-06 2.10894e-05 0.000231457 0.000338332 0.000709594 0.000639228 0.00161414 0.00115866 0.00105181 0.00637772 0.954424 0.0116974 0.0040316 0.00403418 0.00213609 0.00196089 0.0066775 0.00288914 
8.83755e-23 1.16767e-20 2.30274e-19 3.85177e-12 3.87632e-11 7.34603e-08 9.55059e-08 1.5578e-06 6.0916e-06 0.000445049 0.000727574 0.00163939 0.0016248 0.00140384 0.00107851 0.00109428 0.00141528 0.00121171 0.00144098 0.00188512 0.00206693 0.00315327 0.96751 0.00642813 0.00686747 
1.87846e-07 0.000182679 0.00105952 0.00629429 0.00908524 0.0110848 0.0146804 0.0168075 0.018121 0.0211322 0.021752 0.167065 0.0221596 0.0194267 0.419836 0.166763 0.0156234 0.0152383 0.00904994 0.00795785 0.010352 0.0043725 0.00969448 0.00761398 0.00464723 
2.14842e-10 4.84921e-07 2.61358e-07 7.80757e-08 4.69237e-07 1.28803e-06 9.35328e-06 2.70207e-05 0.000352079 0.0005236 0.000752775 0.000775074 0.000765111 0.00208354 0.00140909 0.00140432 0.00157317 0.00186272 0.00255322 0.00158126 0.975589 0.00194219 0.00505113 0.000751617 0.000991436 
0.000439 0.0132102 0.0127737 0.0131385 0.0144141 0.0233013 0.0192454 0.0254232 0.0207247 0.0293398 0.0221336 0.0113508 0.0222134 0.00954476 0.0125499 0.0153628 0.00416452 0.0279062 0.0199009 0.0170018 0.0255044 0.613648 0.012476 0.00906528 0.00516795 
4.50546e-09 1.70625e-06 4.63837e-05 0.000294309 0.000486661 0.00120849 0.00460847 0.00114028 0.00177914 0.00309589 0.00370279 0.00456032 0.00286999 0.00771963 0.00264339 0.00336849 0.00486312 0.0137628 0.013794 0.00428816 0.88462 0.0282531 0.0101359 0.00165872 0.00109853 
5.98763e-10 8.76244e-07 2.2496e-05 6.67983e-05 0.000131774 0.000333135 0.0028165 0.000737261 0.00154033 0.00163964 0.00215929 0.00339524 0.00211334 0.00467479 0.00230987 0.00280052 0.00296687 0.912534 0.0204302 0.00488813 0.00911487 0.0134917 0.00654232 0.00454628 0.000743414 
2.12855e-13 4.38836e-13 1.96633e-07 1.93592e-07 2.09796e-07 1.02884e-06 8.78933e-05 3.58557e-05 0.000484569 0.000673089 0.000983186 0.000809809 0.000794767 0.00209181 0.00135854 0.00144991 0.00167532 0.00207753 0.0026603 0.00268563 0.973112 0.0013333 0.00490254 0.00164529 0.00113655 
2.29966e-07 0.000337651 0.00271255 0.0104351 0.0199897 0.0213113 0.320583 0.322992 0.0257477 0.0346695 0.0327418 0.0279811 0.0339821 0.0254383 0.0199487 0.0230516 0.0129103 0.0164542 0.00883699 0.00543613 0.00981181 0.00333626 0.00573739 0.00932968 0.00622544 
2.33264e-09 8.84441e-07 0.000129073 0.000185617 0.000150251 0.000569324 0.00296465 0.000756781 0.00152721 0.00267971 0.00235945 0.00266095 0.00255093 0.00513479 0.00235652 0.00291601 0.00355139 0.00720983 0.0200851 0.908983 0.00933654 0.010265 0.00574505 0.00714686 0.000734923 
0 0 0 0 0 0 0 0 0 0 0 0 0 0 0 0 0 3.97848e-05 0.000100061 0.000290708 0.000623074 0.000894385 0.0013135 0.00155138 0.995187 
0 0 0 0 0 0 0 1.639e-25 1.01155e-19 2.61884e-36 1.54107e-16 2.00022e-15 6.41229e-14 6.76589e-15 4.71927e-14 1.49672e-12 2.22221e-09 4.51083e-12 1.25419e-11 1.42582e-08 8.73217e-11 2.19756e-09 0.000476607 0.993702 0.00582113 
0 0 0 0 0 0 0 0 0 0 0 0 0 0 0 0 1.78967e-27 1.0335e-26 1.63376e-26 4.27095e-26 1.09355e-25 6.6991e-23 1.22488e-06 0.990503 0.00949574 
1.22502e-19 6.56982e-18 7.15632e-14 1.84571e-11 1.78603e-10 2.66077e-06 3.75059e-06 0.000142919 8.2434e-05 0.000245582 0.000289055 0.000569091 0.000748472 0.00206366 0.00234836 0.00365964 0.00619875 0.949225 0.0112069 0.00268279 0.00200389 0.00269093 0.00468144 0.00900613 0.00214829 
1.33704e-07 0.000434575 0.000502923 0.00179663 0.00225948 0.00161203 0.000988502 0.00325064 0.00242209 0.0164758 0.0073331 0.0050166 0.00756408 0.00894487 0.00704179 0.0107246 0.867826 0.0138435 0.00769105 0.00631409 0.00467371 0.00407237 0.00490336 0.008823 0.00548463 
8.11174e-10 3.83259e-07 0.000123057 4.42931e-05 9.28221e-05 0.000357835 0.00187215 0.00066131 0.00151353 0.00256745 0.00221115 0.00178527 0.00210997 0.00451293 0.00235105 0.00300083 0.00244832 0.00637798 0.0126192 0.0117215 0.00636003 0.920335 0.0147401 0.0014145 0.000779513 
3.36852e-08 2.2087e-05 0.000151094 0.00216336 0.00339588 0.00991387 0.0210129 0.010202 0.0126396 0.0156314 0.0188916 0.740894 0.0169949 0.0220836 0.0114023 0.0153107 0.0133524 0.0185715 0.0183709 0.00957851 0.0111577 0.00683327 0.0114435 0.00691432 0.00306814 
1.69781e-15 4.55207e-15 1.56147e-09 7.90735e-08 1.04453e-07 9.64102e-07 7.7099e-05 2.23717e-05 0.000235998 0.000345424 0.000358739 0.000495308 0.000339714 0.000961303 0.000554228 0.000646637 0.000898359 0.00109055 0.00243736 0.000918531 0.000735983 0.000566961 0.979913 0.00789891 0.00150231 
3.22098e-12 6.59304e-12 2.97583e-06 1.07324e-05 1.76682e-06 5.12964e-06 3.39851e-05 0.000652008 0.000410025 0.00149749 0.00138787 0.00143327 0.00241144 0.00382444 0.00372059 0.933956 0.0224412 0.00435912 0.00317712 0.00532465 0.00379019 0.00255784 0.00174527 0.00438419 0.00287242 
1.191e-05 0.00145074 0.00651055 0.0179949 0.0194613 0.0183453 0.0230119 0.0265596 0.0303158 0.0441367 0.043184 0.0386833 0.0407436 0.0375355 0.0220263 0.0209869 0.0201907 0.0165959 0.505325 0.00800992 0.0184303 0.00872345 0.014488 0.010663 0.00661514 
8.62372e-18 9.16062e-16 3.16075e-12 1.50507e-08 2.95967e-08 1.14366e-06 2.09314e-06 6.92032e-05 0.000166043 0.000289969 0.000526086 0.000653421 0.000696551 0.00142378 0.00125327 0.0012186 0.00127898 0.00160626 0.00288513 0.00146941 0.00101172 0.96915 0.0149326 0.000714663 0.000651074 
9.35664e-08 0.000158422 0.00061942 0.00304451 0.00667712 0.0143478 0.0159542 0.0134974 0.0160387 0.0207085 0.744246 0.015924 0.019459 0.015125 0.0131341 0.0166178 0.0114904 0.0176062 0.00913939 0.00986951 0.00988214 0.0032874 0.00882365 0.00815427 0.00619523 
1.14574e-05 0.00672974 0.0185229 0.022191 0.0241068 0.0232426 0.0288337 0.194347 0.0308509 0.0519362 0.0451353 0.073177 0.0470535 0.0417233 0.0321815 0.201402 0.0277849 0.0279687 0.0214362 0.0119228 0.0246007 0.00827155 0.0163958 0.0118706 0.00830335 
2.32836e-12 4.98301e-12 2.14465e-06 1.79389e-05 6.27041e-06 2.93297e-05 0.000405837 0.000102631 0.000510022 0.000796148 0.00115546 0.000870027 0.000883806 0.00233102 0.0015606 0.00171941 0.00176216 0.00309815 0.960139 0.00750832 0.00355159 0.00166831 0.00310438 0.0081181 0.000659355 
6.20093e-07 0.000434907 0.00380458 0.0132552 0.232011 0.0161263 0.0957539 0.022747 0.02489 0.0307737 0.03044 0.0388732 0.0337719 0.0300022 0.0215998 0.316413 0.0163477 0.0143647 0.0120798 0.00729411 0.0120705 0.00577136 0.00825207 0.00795358 0.00496911 
1.28662e-07 0.000218289 0.00106569 0.00494026 0.00942324 0.0158304 0.0244947 0.695766 0.0196075 0.0183554 0.0217174 0.0171757 0.0256177 0.0201204 0.0158267 0.0139034 0.0205638 0.016369 0.012305 0.0113552 0.010883 0.00316794 0.00679356 0.0101639 0.00433565 
2.30425e-07 0.00046186 0.00151195 0.00688947 0.0103182 0.0154265 0.0131967 0.0168324 0.0165769 0.020948 0.0194657 0.0199211 0.0199367 0.0222098 0.0122484 0.0115283 0.0149781 0.0111282 0.0131199 0.00795372 0.723086 0.00403826 0.0100083 0.00456762 0.00364772 
2.364e-09 3.637e-06 0.000122113 5.22504e-05 0.000117741 0.00032546 0.00208694 0.000688396 0.00156652 0.00254312 0.00225637 0.00226556 0.00216275 0.00452852 0.00237116 0.00302199 0.00269538 0.00753539 0.0133499 0.0126334 0.918929 0.00950991 0.00910163 0.00109192 0.00104149 
2.55162e-09 4.02879e-06 0.000123481 4.39017e-05 0.000108456 0.000306572 0.00195117 0.000654147 0.00148982 0.00252477 0.00214791 0.00198782 0.00212377 0.00448084 0.00229427 0.00281605 0.00242232 0.00798445 0.918718 0.0181163 0.00884491 0.0066938 0.00720283 0.00624255 0.000717667 
0.000810777 0.945172 0.00266839 0.000427228 0.000499246 0.00104329 0.00334924 0.00148493 0.000898118 0.00119094 0.000709438 0.0007084 0.00100359 0.000442637 0.000502742 0.000448335 0.000285153 0.0182211 0.0033387 0.0017809 0.0128013 0.000327317 0.000425404 0.000264603 0.00119571 
4.23169e-18 6.61888e-16 3.65123e-12 9.60796e-11 3.62615e-10 1.25972e-05 2.30274e-05 0.000162419 7.6105e-05 0.000229039 0.000356767 0.000529402 0.000681634 0.00127213 0.00115586 0.00127446 0.0011414 0.00121807 0.00204349 0.978989 0.00315108 0.00138598 0.00423314 0.00110422 0.000960054 
0.000228193 0.00818836 0.0157642 0.0201964 0.0202745 0.0190656 0.0246437 0.029994 0.0335076 0.0472648 0.0399272 0.0364896 0.038224 0.105631 0.0236777 0.0234033 0.0177537 0.0148757 0.014514 0.0109214 0.408985 0.0136619 0.0188129 0.00648891 0.00750711 
9.73921e-11 2.08214e-09 3.30398e-05 0.000586969 0.00106132 0.00195808 0.00388125 0.00429838 0.00446622 0.00663604 0.00601838 0.108212 0.00795966 0.00773509 0.00762829 0.0100589 0.0074709 0.00866327 0.00480013 0.00362524 0.00386925 0.002111 0.00658787 0.00695386 0.785384 
5.56104e-10 1.13715e-06 5.60248e-06 7.75226e-06 2.79989e-06 4.69191e-06 2.05203e-05 3.19577e-05 4.20849e-05 0.000292777 0.00032932 0.000504173 0.00069473 0.00130656 0.00106054 0.0011657 0.00130659 0.0016546 0.00358993 0.00236729 0.00119143 0.962335 0.0121556 0.00671171 0.00321734 
3.66136e-07 0.000415373 0.00242761 0.0100356 0.0135021 0.0136223 0.0192259 0.146453 0.136788 0.0299572 0.0304701 0.22486 0.0284453 0.0927992 0.0200989 0.0228441 0.0139938 0.0164293 0.00901697 0.00769653 0.0106481 0.00706799 0.00894091 0.127745 0.00651605 
1.15129e-32 2.35654e-32 3.20654e-29 8.03872e-27 1.9208e-22 1.68108e-18 1.34617e-14 8.05131e-13 1.16675e-08 3.71109e-10 1.02592e-08 1.06269e-06 3.59082e-05 1.83421e-05 0.000336893 0.00032181 0.000355527 0.000105171 0.00155455 0.00253189 0.00235243 0.00417128 0.966788 0.00846686 0.0129606 
1.08997e-07 0.000133562 0.000749315 0.00434238 0.00825453 0.0139959 0.0161197 0.018289 0.0219419 0.0239842 0.0250989 0.687246 0.0252851 0.0206176 0.016982 0.0199564 0.0127225 0.018151 0.0129239 0.00917815 0.0123274 0.00410267 0.0139528 0.0093968 0.00424809 
1.6495e-10 2.43732e-07 9.56988e-06 1.00666e-06 1.34134e-06 7.45963e-05 0.000120976 0.00161463 0.00106487 0.00213949 0.00213707 0.00254036 0.00316887 0.00480792 0.00621357 0.912405 0.00928732 0.00810741 0.00767039 0.00705148 0.00426422 0.00335214 0.00571025 0.0137897 0.00446792 
0 0 0 0 0 0 0 0 9.01555e-34 3.76964e-33 3.72803e-15 2.57427e-14 1.71522e-13 5.38352e-11 7.52603e-12 1.95414e-10 5.42036e-10 1.86818e-05 5.10553e-05 0.000161279 0.000247174 0.000305501 0.000395638 0.000849224 0.997971 
9.90138e-10 1.81983e-05 1.85873e-05 4.3058e-05 4.14187e-05 3.21401e-05 0.000184903 5.85119e-05 0.000553996 0.00080669 0.00111487 0.000926589 0.000884917 0.00220243 0.00146266 0.00167463 0.00171237 0.00213676 0.00303323 0.94607 0.0185698 0.00655864 0.00857978 0.00198175 0.00133364 
1.17955e-08 2.36785e-05 6.20147e-05 0.0004264 0.000504889 0.00099308 0.00362236 0.00567778 0.007144 0.00898234 0.00765081 0.864734 0.0126474 0.00968444 0.0095014 0.0120826 0.00759418 0.00967645 0.0071671 0.00541828 0.00461742 0.00333643 0.00546601 0.0105951 0.00239217 
1.32748e-13 4.13322e-13 1.19184e-07 4.78297e-07 1.29966e-06 0.000175046 0.000554532 0.00303633 0.00233985 0.00323007 0.0040606 0.00363276 0.00408997 0.00701674 0.910284 0.0116378 0.00835826 0.00771198 0.00547565 0.00619273 0.00462108 0.00354004 0.00380263 0.00642688 0.00381069 
1.08261e-11 1.66288e-10 9.65355e-06 0.000193838 0.000190315 0.000564384 0.00330243 0.00500246 0.00574394 0.00676307 0.00591141 0.00497814 0.00688989 0.00977894 0.0123344 0.878567 0.0128158 0.0110324 0.00523382 0.00463279 0.00511064 0.00271066 0.00419876 0.00962395 0.00441115 
4.62692e-12 9.50542e-12 4.27465e-06 5.96208e-06 2.19688e-06 0.000155829 0.000589386 0.00242474 0.00233286 0.00321189 0.00361252 0.00329484 0.00409823 0.00650245 0.00774818 0.0245588 0.880567 0.011607 0.00575837 0.00633567 0.00457285 0.00381012 0.00533358 0.0181422 0.00533118 
0 0 0 0 0 0 0 0 0 0 0 0 0 0 0 0 0 0 0 0 0 9.02673e-06 7.69507e-05 0.00024082 0.999673 
1.06875e-12 2.1931e-12 9.87386e-07 7.10161e-07 2.14301e-07 1.29567e-06 9.03102e-05 3.83631e-05 0.000474693 0.000653944 0.000845107 0.0007748 0.000761155 0.00222185 0.00140842 0.00180432 0.00949589 0.921872 0.0114099 0.0163574 0.0119867 0.0026049 0.00336342 0.0104266 0.00340709 
1.44813e-32 2.96413e-32 4.03329e-29 1.01113e-26 3.77447e-19 3.3272e-15 1.31654e-12 1.32156e-09 1.91795e-05 1.30803e-07 9.031e-07 3.59399e-06 0.000164334 0.000782718 0.00124045 0.00476326 0.958165 0.0190926 0.00076641 0.00184817 0.000448439 0.00171128 0.00260572 0.00649528 0.00189202 
2.99239e-12 1.12006e-11 2.61776e-06 9.83479e-06 1.92823e-05 0.000243206 0.00111039 0.000440066 0.00123745 0.0012247 0.00162653 0.00118064 0.00115851 0.00436046 0.00200682 0.0025919 0.00185949 0.00256856 0.00658548 0.952518 0.00681568 0.00279306 0.0052303 0.00354087 0.000876666 
0.000365033 0.0223665 0.805991 0.0136194 0.00316728 0.0126028 0.0118613 0.00784182 0.0115877 0.0206647 0.0126135 0.00637877 0.0169094 0.00467335 0.0104725 0.00974599 0.00235339 0.00250774 0.00793079 0.00506622 0.0017742 0.00296275 0.00151604 0.00147284 0.00355522 
5.63152e-10 1.03953e-06 1.39235e-05 2.31048e-06 2.85931e-06 3.98561e-06 1.59305e-05 4.18048e-05 1.55731e-05 0.000218547 8.6292e-05 0.000297659 0.000277203 0.000646962 0.000397915 0.000324139 0.000479664 0.000926601 0.00184368 0.00222281 0.000906485 0.000474195 0.00234046 0.988284 0.000176166 
