1975
4.87935e-15 1.51201e-12 2.54376e-09 4.56567e-08 1.01353e-07 1.25689e-06 9.81112e-07 7.37503e-07 2.59146e-06 5.54263e-06 4.34871e-06 1.55933e-05 5.51308e-06 4.51547e-05 0.000108651 4.62698e-05 2.13033e-05 4.82992e-05 2.40691e-05 8.24696e-06 7.13881e-06 1.95944e-05 3.511e-05 3.58975e-05 0.999564 
6.39838e-12 1.41998e-11 5.88347e-06 9.16102e-05 0.000113593 0.000405782 0.000936869 0.0029747 0.00242298 0.00361244 0.00459796 0.00372966 0.00413888 0.00906583 0.00855118 0.897425 0.0111141 0.00946767 0.00633231 0.0063144 0.0063175 0.00416155 0.00437214 0.00959922 0.00424875 
2.99396e-13 2.46582e-11 1.74483e-07 1.90958e-06 1.04278e-05 1.14562e-05 0.000587945 0.000119753 0.000541087 0.000515649 0.000505946 0.000658633 0.000557237 0.00230707 0.000816585 0.000957856 0.000988505 0.00133724 0.00423041 0.0009965 0.0019129 0.000739825 0.974474 0.00751646 0.000212904 
1.78433e-06 0.000442183 0.00250748 0.00856132 0.011612 0.0126141 0.0150742 0.0182418 0.0156829 0.0245601 0.280966 0.0194443 0.0224454 0.0222623 0.014896 0.0168512 0.0139695 0.0413765 0.382052 0.0164298 0.0156967 0.0162353 0.0126 0.0112364 0.0042413 
3.19707e-09 1.14859e-07 8.33936e-07 1.84323e-06 1.87958e-06 5.16311e-06 3.61672e-05 4.1356e-05 0.000375243 0.000555035 0.000812322 0.000813409 0.000834738 0.00209306 0.00142286 0.00152981 0.00162504 0.00197517 0.00256648 0.00154234 0.0011377 0.963709 0.0115543 0.00676639 0.000599958 
2.982e-11 6.47343e-11 2.75036e-05 0.000248839 0.000360214 0.00167719 0.889717 0.0212239 0.00691753 0.00982208 0.00388993 0.00296043 0.00248054 0.00308745 0.0115768 0.0231689 0.00482958 0.00763834 0.00360181 0.00138921 0.00265006 0.000294034 0.000987148 0.000711889 0.000739263 
0 0 0 0 0 0 0 1.99332e-15 1.23023e-09 3.22174e-14 6.98097e-10 1.04278e-07 6.61456e-07 3.84028e-06 1.96804e-05 5.45046e-05 3.50514e-05 6.88756e-05 0.00035474 0.988148 0.0033229 0.00154448 0.00336838 0.00293619 0.000142924 
1.42761e-09 1.50135e-08 1.27946e-07 3.21149e-07 5.73545e-07 9.59948e-07 2.93465e-06 4.5574e-06 4.4206e-06 6.10605e-06 6.00762e-06 8.35076e-06 5.41387e-06 3.65199e-05 4.24368e-05 9.26598e-05 0.000355939 0.000792957 7.1897e-05 0.00018006 0.00153284 0.00230249 0.983328 0.00616651 0.00505839 
0.000183581 0.00735401 0.0178089 0.0215439 0.0182355 0.0261604 0.0543572 0.294955 0.26395 0.0284799 0.0354784 0.0290877 0.0289243 0.0297957 0.015903 0.0191938 0.0168609 0.0161828 0.0094227 0.0175488 0.0143518 0.00938975 0.00870425 0.00636849 0.00975836 
3.97842e-06 0.000399248 0.00203523 0.00503672 0.00845117 0.0160304 0.0226639 0.0139453 0.0111753 0.0140962 0.0206183 0.0167889 0.0141086 0.0215405 0.00859672 0.0178455 0.013044 0.0259992 0.0233827 0.0168499 0.676009 0.0204496 0.0190434 0.00902064 0.00286592 
6.39454e-09 9.76445e-08 3.28236e-06 3.61161e-06 4.01915e-06 2.78874e-05 0.000408778 0.000125764 0.000531079 0.000802504 0.00114299 0.00199982 0.000946221 0.00236296 0.00161174 0.00174773 0.00334457 0.00783421 0.952129 0.00391995 0.00993813 0.00276216 0.00297999 0.00471761 0.000656305 
0 0 0 0 0 0 0 0 0 0 0 0 0 0 0 0 0 0 0 1.76663e-05 8.39895e-05 0.000139656 0.000197486 0.00051411 0.999047 
4.41577e-20 6.26926e-18 1.14458e-16 6.21614e-10 7.28813e-10 1.57539e-08 4.19942e-08 2.91687e-06 1.92332e-05 4.16108e-05 0.000226105 2.97309e-05 0.000467104 0.000734201 0.0029322 0.959122 0.0133359 0.00541564 0.00107405 0.00215015 0.000732666 0.00238789 0.000967901 0.00797752 0.00238318 
1.06994e-16 1.38593e-14 9.01984e-12 5.96945e-06 9.80012e-07 0.000120329 0.000374697 0.0022326 0.00176024 0.00289036 0.00328884 0.00295719 0.00375959 0.00611964 0.00714904 0.916901 0.00987556 0.0085002 0.00526572 0.00587035 0.00407005 0.00239485 0.00349368 0.00926936 0.00369996 
3.05023e-12 7.42974e-12 2.81027e-06 1.92541e-05 2.86411e-05 0.000100102 5.68407e-05 8.76658e-06 1.04816e-05 0.000310437 0.000332151 0.000782519 0.000625631 0.00150501 0.00564609 0.956801 0.00491595 0.00755205 0.00127887 0.000736472 0.00150523 0.000988241 0.00218491 0.0116515 0.00295697 
0 0 0 0 0 0 0 0 0 0 7.88132e-16 1.01552e-13 6.11311e-13 8.35035e-13 5.47397e-12 1.85086e-11 3.50234e-10 3.60056e-08 2.00835e-08 1.62301e-08 1.21656e-06 4.75386e-08 1.0716e-07 0.988895 0.0111033 
4.69211e-06 0.000430614 0.00347215 0.0065777 0.00835651 0.0118872 0.0133561 0.0149803 0.0125898 0.0203808 0.0148151 0.0158799 0.0199127 0.0189547 0.0139878 0.0204685 0.0162315 0.625576 0.0380535 0.0282272 0.0274891 0.0272406 0.0182682 0.018095 0.00476393 
5.93889e-14 1.41752e-12 2.74215e-08 2.43248e-05 6.83134e-05 0.000114495 0.000459359 0.000575946 0.000754185 0.00106033 0.00115563 0.00102788 0.00115833 0.00276199 0.0018165 0.00209477 0.00187719 0.00240864 0.00312964 0.00211086 0.0014773 0.00494453 0.964382 0.00592745 0.000670195 
1.1117e-11 2.53377e-11 1.02349e-05 0.000256264 0.000339441 0.000695255 0.00219434 0.00384228 0.00362992 0.00507842 0.00564193 0.717376 0.00818842 0.0088256 0.191255 0.00956716 0.00688256 0.00616156 0.00478139 0.00387591 0.00381287 0.00209329 0.00491785 0.00845603 0.00211896 
4.03664e-16 5.73311e-14 1.04628e-12 1.19476e-05 6.98254e-06 1.64098e-05 0.000270906 0.00147155 0.00141502 0.00254115 0.00245062 0.00239637 0.00310781 0.00534529 0.00505813 0.0065699 0.921141 0.0125406 0.00583302 0.00584386 0.00418485 0.00321793 0.00424669 0.00800202 0.0043282 
6.31786e-10 3.01685e-06 0.00022569 0.0014999 0.00241172 0.0052526 0.00903193 0.00792765 0.0107701 0.0127461 0.0175982 0.829497 0.0127326 0.00987978 0.0103611 0.013641 0.00831416 0.011368 0.00585117 0.00728646 0.00549068 0.00296235 0.00668694 0.00553946 0.00292274 
5.16271e-08 1.59045e-05 0.000574434 0.00119768 0.000953256 0.000737012 0.00211649 0.00184874 0.0027002 0.00676933 0.003681 0.00212813 0.0027017 0.00493655 0.00358073 0.00529385 0.00254998 0.00997752 0.89358 0.0142682 0.0153755 0.00803123 0.00917747 0.00694192 0.000862755 
5.47348e-06 0.000648514 0.00273199 0.00374888 0.0078318 0.0133496 0.0205201 0.0133593 0.0105645 0.0116267 0.016159 0.0205281 0.0198369 0.0235076 0.0101032 0.0193294 0.0140751 0.079768 0.0270963 0.0162695 0.0255889 0.0247293 0.599539 0.0149485 0.00413446 
8.32692e-12 2.0976e-10 1.97814e-06 1.12979e-05 9.74676e-05 0.000123049 0.000362029 0.000231503 0.000732358 0.000542575 0.000893423 0.00090081 0.00107265 0.00297662 0.00152145 0.00141969 0.00160407 0.00190852 0.0053724 0.00268941 0.00329445 0.00380883 0.951603 0.00914503 0.0096874 
2.09918e-11 6.05503e-11 1.89598e-05 0.000315325 0.000375548 0.0012626 0.0038029 0.00523608 0.00681126 0.00786562 0.894079 0.00685414 0.00503911 0.00817161 0.00801278 0.0106148 0.00665415 0.00630913 0.00373497 0.00578344 0.003273 0.0023087 0.00376591 0.00452295 0.00518832 
2.80551e-06 0.00250732 0.0242443 0.184477 0.0541699 0.0343071 0.293568 0.0512863 0.0313187 0.0909396 0.0277897 0.014991 0.0200698 0.0294641 0.0212227 0.0142517 0.0101428 0.0298733 0.0147194 0.00612084 0.0133305 0.0122497 0.00940249 0.00660871 0.00294203 
2.55164e-12 7.25359e-12 2.29559e-06 6.80624e-06 9.11292e-06 6.10926e-05 0.000867993 0.000227481 0.000842568 0.000994132 0.00146398 0.00111297 0.000974085 0.00404129 0.00193208 0.00201708 0.00182158 0.00239432 0.00930324 0.955356 0.00452453 0.00237285 0.00188402 0.00714669 0.000643531 
2.46665e-13 1.01377e-10 2.13521e-07 2.86626e-06 5.24007e-06 0.00017095 0.000670112 0.0025897 0.00216785 0.00320381 0.00411534 0.00370298 0.00433413 0.00630818 0.920811 0.0115058 0.00712897 0.00766588 0.00594843 0.0039934 0.0040066 0.00225117 0.00356004 0.0022954 0.00356181 
1.7914e-05 0.000555028 0.00362874 0.316818 0.0778049 0.106464 0.0181289 0.0123472 0.0131844 0.0738952 0.046311 0.038983 0.114434 0.0453927 0.0116686 0.0221416 0.0116024 0.033352 0.0106918 0.00685008 0.00848316 0.00576045 0.00759586 0.00795569 0.00593415 
1.22985e-08 2.105e-07 2.43393e-06 0.000110806 9.98532e-05 0.000373407 0.00191182 0.00426866 0.00462016 0.00621533 0.00519147 0.00639619 0.00500437 0.0101444 0.0101581 0.0136819 0.0129651 0.0137465 0.00639368 0.00602465 0.0200257 0.00957858 0.839636 0.0106126 0.012838 
3.15553e-09 2.27998e-07 4.52625e-06 9.2387e-06 3.26873e-05 1.93827e-05 3.49072e-05 0.000113352 7.48327e-05 3.57125e-05 5.49859e-05 0.000341636 2.34694e-05 0.000107525 0.000151474 0.000332884 0.000175379 0.000355169 8.58029e-05 0.000562523 0.000135794 0.000668409 0.98881 0.00738194 0.000487869 
1.18627e-06 0.000240286 0.00190245 0.0797718 0.00888797 0.0126579 0.0126678 0.0769923 0.0146563 0.0629963 0.0869128 0.0195066 0.01774 0.0172112 0.061495 0.0167411 0.00928882 0.0163588 0.431654 0.0111066 0.014383 0.00783688 0.00966349 0.00602163 0.00330606 
1.21895e-08 1.86921e-07 3.82006e-06 2.84813e-05 1.54125e-05 4.9129e-05 0.000622489 0.000169467 0.000658891 0.000924977 0.00136004 0.00312569 0.00102031 0.00325592 0.00187272 0.00200564 0.00478209 0.00807903 0.00598554 0.00176066 0.0133383 0.930071 0.0121093 0.00770214 0.00105909 
1.58693e-16 2.25157e-14 4.11357e-13 9.98087e-06 1.61304e-06 1.6974e-05 0.000249716 0.000569419 0.00143802 0.00176805 0.00208258 0.00357234 0.958277 0.00431852 0.0033279 0.00378901 0.00222775 0.00154403 0.00188256 0.000760384 0.000347848 0.000992438 0.00185347 0.00913142 0.00183918 
1.95108e-20 2.77017e-18 5.05726e-17 9.07281e-12 2.14447e-10 5.93153e-08 1.02478e-07 8.86494e-06 1.92798e-05 0.000223744 0.000241026 0.000482034 0.000620745 0.00150657 0.00116395 0.00105868 0.00495595 0.964862 0.0101096 0.00129891 0.00276901 0.00231328 0.00206607 0.00431256 0.00198714 
2.14859e-11 8.72352e-11 2.101e-05 2.37668e-05 4.42569e-05 0.000193906 0.00117437 0.000466967 0.00119408 0.00121629 0.00162829 0.00120171 0.00122743 0.00435794 0.00202837 0.00257247 0.00186537 0.00269867 0.00653897 0.939708 0.0188215 0.00282747 0.00745928 0.00158324 0.00114632 
1.79257e-13 2.58666e-12 1.09527e-07 3.11156e-05 3.44982e-05 0.000300535 0.00145161 0.00391701 0.00351009 0.00539967 0.00508283 0.00400919 0.0045946 0.0107991 0.010307 0.889645 0.0130732 0.0106165 0.0050387 0.00632743 0.0060708 0.00458144 0.00320982 0.00791705 0.00408297 
2.35132e-13 9.66861e-13 2.08525e-07 2.31313e-06 2.0887e-05 0.000257355 0.0010827 0.00371843 0.00308453 0.00449832 0.00486222 0.00377327 0.00446545 0.00932205 0.00864453 0.0118149 0.889775 0.0151187 0.0057908 0.00644204 0.00563377 0.00454359 0.00505712 0.00698915 0.00510238 
0 0 0 0 0 0 1.70225e-06 2.57839e-05 7.88702e-05 0.000152915 0.000226806 0.000357578 0.000408694 0.000556877 0.000444619 0.000600176 0.000599509 0.000767357 0.000396547 0.000667536 0.000924182 0.000915088 0.00146231 0.00104957 0.990364 
9.9619e-33 2.03907e-32 2.77456e-29 6.95574e-27 5.14969e-23 4.42622e-19 1.18379e-14 3.03138e-13 2.61016e-09 3.19117e-12 1.52145e-08 2.57776e-07 1.43158e-06 4.11303e-06 5.5049e-05 0.00232593 0.963961 0.0176446 0.0026991 0.000952144 0.00028313 0.000455332 0.00200646 0.00659765 0.00301398 
3.46972e-12 7.81353e-12 3.18552e-06 1.8707e-05 7.48952e-06 4.05965e-05 0.000647939 0.000132724 0.000650176 0.000954234 0.00138872 0.000932181 0.000958724 0.00344345 0.00181769 0.00196021 0.00181552 0.00235296 0.00537425 0.00200616 0.964755 0.00159977 0.0066333 0.00119655 0.00131054 
3.539e-12 2.20112e-10 2.92522e-06 2.08387e-05 7.19634e-05 0.000228808 0.00146363 0.000459901 0.00144908 0.00141328 0.00207481 0.00127481 0.0018315 0.00455718 0.00204976 0.00289934 0.00188323 0.00268214 0.00637435 0.00176705 0.959618 0.00179789 0.00412739 0.000978212 0.000973685 
3.75132e-12 1.14325e-11 3.37673e-06 0.000125334 0.000104129 0.000417947 0.00204469 0.00430092 0.00455224 0.00591902 0.00520142 0.00460194 0.0100302 0.0101338 0.0130455 0.0175628 0.016062 0.0159464 0.00585191 0.00578131 0.00692244 0.00462647 0.0108709 0.841009 0.0148858 
9.23907e-08 1.28893e-05 0.000607671 0.00103134 0.000709084 0.000516538 0.00110918 0.000662548 0.00195818 0.00556492 0.00147881 0.00152995 0.00146975 0.00290745 0.00237728 0.00277653 0.00342697 0.00674159 0.00838838 0.00939739 0.00572154 0.00525908 0.923778 0.00956415 0.00301112 
3.33666e-08 7.30682e-06 4.05128e-05 3.34075e-05 4.62472e-05 0.000168342 0.000219366 0.000197467 0.000138363 0.000205818 0.000342457 0.0018429 0.000626052 0.00101343 0.00061786 0.000612306 0.00277748 0.00456271 0.0030401 0.00215189 0.0078569 0.00318023 0.962151 0.00731743 0.000850667 
3.24666e-07 0.000184582 0.000257755 0.000334293 0.000364799 0.000498276 0.000551174 0.000585065 0.000752722 0.00131998 0.000655575 0.000743149 0.00109049 0.00194604 0.963129 0.00600839 0.00274006 0.00520376 0.00136823 0.00134856 0.000584832 0.00159092 0.00273091 0.00405646 0.00195441 
2.94394e-12 6.90008e-11 8.51745e-07 6.62786e-05 8.39338e-05 0.000157037 0.000542765 0.000762106 0.00121678 0.00160101 0.00167861 0.00174381 0.00250876 0.00472211 0.899973 0.0282433 0.0087998 0.00695908 0.00512928 0.00551041 0.00479016 0.00289696 0.00306555 0.0146926 0.00485601 
4.50989e-06 0.000281847 0.00180775 0.00316253 0.00248889 0.00308927 0.00519355 0.00482271 0.00494935 0.00878451 0.007489 0.00852917 0.0104211 0.00854246 0.00611019 0.00593526 0.0107613 0.054919 0.0235413 0.774897 0.017379 0.0126131 0.0163673 0.00543383 0.00247591 
8.44775e-12 1.19667e-10 4.65761e-06 9.92696e-05 0.000103961 0.000192279 0.000676862 0.00047223 0.00061762 0.00186761 0.00189327 0.00124042 0.00356667 0.93331 0.0101097 0.0063824 0.00544917 0.00657633 0.00668149 0.00291642 0.00296676 0.00164387 0.00903572 0.00114697 0.00304649 
3.77302e-12 1.75812e-10 2.973e-06 2.1256e-05 6.51416e-05 0.000225142 0.00119349 0.000439901 0.00126546 0.00122309 0.00170257 0.00118833 0.00135985 0.00450687 0.00206207 0.00277231 0.00190176 0.00260196 0.00638654 0.00163402 0.961777 0.00171355 0.0039603 0.000985856 0.0010107 
0 0 0 0 0 0 0 0 0 0 0 0 0 0 0 9.50555e-06 6.62304e-05 0.000127935 0.000124772 0.000348891 0.000495789 0.000626314 0.00087538 0.00130138 0.996024 
1.13721e-06 3.79553e-05 0.000558223 0.001158 0.00174692 0.00116006 0.00290248 0.00525084 0.00318726 0.0052215 0.00599969 0.00415031 0.00679728 0.0066047 0.00510911 0.00533212 0.00463058 0.0376533 0.838166 0.0162475 0.0156432 0.0136462 0.00608289 0.0110691 0.00164414 
7.23542e-20 1.02762e-17 1.87539e-16 2.03596e-11 2.15427e-10 3.82011e-07 5.46171e-07 5.28378e-05 6.77616e-05 0.000292082 0.000490662 0.000889227 0.000836637 0.00151835 0.00118298 0.00127088 0.00114611 0.00151106 0.00193311 0.00145302 0.00148422 0.00267861 0.9686 0.00624523 0.00834611 
5.89277e-12 1.66302e-11 5.3142e-06 0.000207046 0.000118468 0.000457255 0.001144 0.00340895 0.0033444 0.00479207 0.00536764 0.00413427 0.00463704 0.0108147 0.905536 0.0123894 0.00705288 0.00864257 0.00549039 0.00457949 0.0060986 0.00270789 0.00335556 0.00221831 0.00349747 
0 0 0 0 0 0 0 0 5.49592e-33 2.29799e-32 6.1143e-10 1.15575e-08 4.40404e-08 8.07108e-07 2.71353e-05 4.38204e-05 6.81576e-05 0.00010612 2.00152e-05 0.000230995 0.000467867 0.000604772 0.000840036 0.000937769 0.996652 
1.08394e-21 7.78668e-19 6.57174e-16 1.75128e-15 1.17401e-14 1.97152e-11 5.23451e-07 1.26723e-05 1.45528e-05 4.66761e-05 3.01638e-05 2.0603e-05 0.000594391 0.0012136 0.00125347 0.00438099 0.971765 0.00700166 0.00152734 0.00225545 0.000511965 0.00200733 0.00109123 0.0047883 0.00148394 
2.26847e-12 6.27626e-12 2.04599e-06 8.12381e-06 8.31079e-06 5.60022e-05 0.000792643 0.000145787 0.000670737 0.000996945 0.00139533 0.000971544 0.00096621 0.00387033 0.00193102 0.00201301 0.00186978 0.00233451 0.00564287 0.949841 0.0162305 0.00269306 0.00528067 0.00120885 0.00107047 
3.52791e-13 1.96008e-12 2.88845e-07 1.9294e-05 2.60822e-05 7.13272e-05 0.000470931 0.000140133 0.000340769 0.000296478 0.000526124 0.000498454 0.000743614 0.0028843 0.00118906 0.00112298 0.000898616 0.00124723 0.00425054 0.00138941 0.00257212 0.963413 0.0125995 0.00462615 0.000673895 
2.96265e-10 2.50572e-07 1.30259e-05 2.42054e-05 1.53537e-05 5.59077e-05 0.000151411 0.000260587 0.000247747 0.000353525 0.000509895 0.00060724 0.000841792 0.00161335 0.00147335 0.00122218 0.00158754 0.00164051 0.00344865 0.0023094 0.00168901 0.962287 0.012882 0.00614036 0.000625662 
0 0 0 0 0 0 0 0 3.51868e-38 1.47125e-37 3.55697e-17 1.19778e-14 7.38412e-14 1.04132e-13 1.19189e-13 1.64084e-13 4.65873e-13 1.25008e-10 1.6768e-07 8.17372e-10 1.3332e-10 5.37925e-09 2.01477e-08 0.00195124 0.998049 
0 0 0 0 0 0 0 0 0 0 0 0 0 0 0 0 9.29711e-27 5.3689e-26 8.48713e-26 2.2187e-25 3.45642e-12 3.32047e-07 1.08227e-05 0.00107617 0.998913 
4.22062e-09 9.83016e-06 4.89967e-05 0.000185402 0.000242809 0.000451391 0.000680661 0.00280317 0.00235101 0.00376301 0.00427127 0.00412566 0.00459373 0.00836476 0.908815 0.0118497 0.00695873 0.00823173 0.00533264 0.00461694 0.00391688 0.00292552 0.0072337 0.00448847 0.00373905 
6.0247e-13 1.23495e-12 5.56603e-07 8.25379e-07 1.39297e-07 4.95888e-06 3.74262e-05 0.000129553 0.000109189 0.000324617 0.000501917 0.000746081 0.000764192 0.00139588 0.00128922 0.00148153 0.00117065 0.00148172 0.00206672 0.00147044 0.978724 0.00487091 0.0025438 0.000209871 0.000675424 
1.9149e-08 5.01859e-06 0.00025353 0.00115532 0.00104871 0.0015064 0.00322157 0.00728934 0.0103321 0.846384 0.00913755 0.00339526 0.00515207 0.00651669 0.0105863 0.0108126 0.0103361 0.01121 0.00638174 0.0118175 0.00742815 0.0078957 0.00965494 0.00573668 0.0127423 
2.03784e-20 2.89226e-18 5.28229e-17 1.08138e-11 4.3618e-10 1.12458e-07 1.6473e-07 7.18401e-06 2.10894e-05 0.000231457 0.000338332 0.000709594 0.000639228 0.00161414 0.00115866 0.00105181 0.00637772 0.954424 0.0116974 0.0040316 0.00403418 0.00213609 0.00196089 0.0066775 0.00288914 
8.83755e-23 1.16767e-20 2.30274e-19 3.85177e-12 3.87632e-11 7.34603e-08 9.55059e-08 1.5578e-06 6.0916e-06 0.000445049 0.000727574 0.00163939 0.0016248 0.00140384 0.00107851 0.00109428 0.00141528 0.00121171 0.00144098 0.00188512 0.00206693 0.00315327 0.96751 0.00642813 0.00686747 
1.91974e-05 0.000666371 0.00409321 0.0130865 0.0188877 0.0249061 0.0258078 0.0281125 0.0249265 0.0316203 0.0313736 0.137013 0.0289236 0.0258484 0.323187 0.138712 0.0196627 0.0264717 0.0170183 0.0153596 0.0186108 0.0139587 0.0160505 0.00901487 0.00666812 
1.27989e-08 1.09335e-06 4.70176e-06 1.09495e-05 2.23659e-05 1.85904e-05 3.07204e-05 4.90789e-05 0.000391166 0.000561504 0.000811772 0.000951315 0.000817112 0.00210791 0.00142982 0.00145156 0.00201817 0.00276033 0.00264425 0.00167683 0.973082 0.00224361 0.00514302 0.000774467 0.000997438 
0.000439 0.0132102 0.0127737 0.0131385 0.0144141 0.0233013 0.0192454 0.0254232 0.0207247 0.0293398 0.0221336 0.0113508 0.0222134 0.00954476 0.0125499 0.0153628 0.00416452 0.0279062 0.0199009 0.0170018 0.0255044 0.613648 0.012476 0.00906528 0.00516795 
1.47885e-06 6.835e-05 0.00152072 0.00283532 0.00296519 0.00303516 0.00673693 0.0067385 0.00697614 0.013004 0.00911223 0.0101123 0.0118135 0.0115774 0.0081008 0.0101787 0.00908625 0.0585565 0.0262559 0.0119781 0.726738 0.0363097 0.0127064 0.0115844 0.00200758 
2.12855e-13 4.38836e-13 1.96633e-07 1.93592e-07 2.09796e-07 1.02884e-06 8.78933e-05 3.58557e-05 0.000484569 0.000673089 0.000983186 0.000809809 0.000794767 0.00209181 0.00135854 0.00144991 0.00167532 0.00207753 0.0026603 0.00268563 0.973112 0.0013333 0.00490254 0.00164529 0.00113655 
0 0 0 0 0 0 0 0 0 0 0 0 0 0 0 0 0 3.97848e-05 0.000100061 0.000290708 0.000623074 0.000894385 0.0013135 0.00155138 0.995187 
0 0 0 0 0 0 0 1.639e-25 1.01155e-19 2.61884e-36 1.54107e-16 2.00022e-15 6.41229e-14 6.76589e-15 4.71927e-14 1.49672e-12 2.22221e-09 4.51083e-12 1.25419e-11 1.42582e-08 8.73217e-11 2.19756e-09 0.000476607 0.993702 0.00582113 
0 0 0 0 0 0 0 0 0 0 0 0 0 0 0 0 1.78967e-27 1.0335e-26 1.63376e-26 4.27095e-26 1.09355e-25 6.6991e-23 1.22488e-06 0.990503 0.00949574 
2.30953e-09 4.33783e-08 2.61099e-07 8.69282e-07 1.35297e-06 5.02936e-06 1.16554e-05 0.000154153 9.54511e-05 0.000262171 0.000304366 0.0012792 0.000763695 0.0020816 0.00235999 0.00367257 0.00672903 0.944818 0.0111739 0.00272574 0.00409131 0.00365669 0.00468635 0.0089815 0.00214509 
1.33704e-07 0.000434575 0.000502923 0.00179663 0.00225948 0.00161203 0.000988502 0.00325064 0.00242209 0.0164758 0.0073331 0.0050166 0.00756408 0.00894487 0.00704179 0.0107246 0.867826 0.0138435 0.00769105 0.00631409 0.00467371 0.00407237 0.00490336 0.008823 0.00548463 
6.5502e-09 9.93362e-08 6.72066e-07 2.10605e-06 3.40716e-06 6.67315e-06 9.4536e-05 5.04516e-05 0.000263059 0.000381533 0.000392807 0.00164572 0.000376662 0.00102025 0.000605559 0.000720179 0.0024857 0.00416475 0.00248286 0.000985342 0.0066868 0.00215493 0.966123 0.00784917 0.0015041 
3.22098e-12 6.59304e-12 2.97583e-06 1.07324e-05 1.76682e-06 5.12964e-06 3.39851e-05 0.000652008 0.000410025 0.00149749 0.00138787 0.00143327 0.00241144 0.00382444 0.00372059 0.933956 0.0224412 0.00435912 0.00317712 0.00532465 0.00379019 0.00255784 0.00174527 0.00438419 0.00287242 
4.05546e-09 1.25251e-07 3.50256e-07 5.12089e-07 8.20325e-07 2.48873e-06 4.37601e-06 7.06794e-05 0.000167648 0.000292192 0.000542202 0.000683414 0.000698658 0.001426 0.00125467 0.00122038 0.00129628 0.00162252 0.00289182 0.00148939 0.00101365 0.969009 0.0149319 0.000729601 0.000651581 
2.32836e-12 4.98301e-12 2.14465e-06 1.79389e-05 6.27041e-06 2.93297e-05 0.000405837 0.000102631 0.000510022 0.000796148 0.00115546 0.000870027 0.000883806 0.00233102 0.0015606 0.00171941 0.00176216 0.00309815 0.960139 0.00750832 0.00355159 0.00166831 0.00310438 0.0081181 0.000659355 
0.321255 0.470641 0.0488712 0.0186803 0.00441802 0.00363944 0.00810706 0.00941969 0.00819291 0.0124737 0.00753349 0.00669788 0.00695371 0.00471167 0.00483579 0.00745497 0.00771731 0.00692592 0.00627406 0.00377979 0.00843792 0.00479856 0.0118578 0.00172835 0.00459438 
2.05184e-09 2.25099e-08 1.8645e-07 4.78636e-07 8.45272e-07 1.39715e-05 2.73166e-05 0.000168609 8.24905e-05 0.000237382 0.000364457 0.000573707 0.000687247 0.00128579 0.00116613 0.00129061 0.00163606 0.00217902 0.0020574 0.975463 0.00500874 0.00144737 0.00423247 0.00111378 0.000962637 
0.000337789 0.0133676 0.0240024 0.0290363 0.0239825 0.0278294 0.0346222 0.0362809 0.0429747 0.0491944 0.0488103 0.0451322 0.0461765 0.0692196 0.0236293 0.0243027 0.0271901 0.0468713 0.0171846 0.0138616 0.215112 0.106247 0.0178592 0.00895768 0.00781777 
9.73921e-11 2.08214e-09 3.30398e-05 0.000586969 0.00106132 0.00195808 0.00388125 0.00429838 0.00446622 0.00663604 0.00601838 0.108212 0.00795966 0.00773509 0.00762829 0.0100589 0.0074709 0.00866327 0.00480013 0.00362524 0.00386925 0.002111 0.00658787 0.00695386 0.785384 
6.17442e-09 1.7941e-06 4.46784e-05 0.000113396 7.32574e-05 4.88034e-05 9.27603e-05 0.000153781 0.000155556 0.000684717 0.000489236 0.000601278 0.000779643 0.00137081 0.00121547 0.00142312 0.00385156 0.00212676 0.00421186 0.00551571 0.00282339 0.9482 0.0159255 0.0068964 0.00320091 
1.15129e-32 2.35654e-32 3.20654e-29 8.03872e-27 1.9208e-22 1.68108e-18 1.34617e-14 8.05131e-13 1.16675e-08 3.71109e-10 1.02592e-08 1.06269e-06 3.59082e-05 1.83421e-05 0.000336893 0.00032181 0.000355527 0.000105171 0.00155455 0.00253189 0.00235243 0.00417128 0.966788 0.00846686 0.0129606 
4.30065e-08 1.83914e-06 8.87934e-05 0.000153345 0.000127552 0.000165026 0.000283436 0.00175417 0.00133448 0.00286687 0.00233757 0.00863866 0.00320818 0.00487115 0.00616566 0.829927 0.0189392 0.025889 0.00787314 0.00837756 0.0394984 0.0126911 0.0073926 0.013191 0.00422431 
0 0 0 0 0 0 0 0 9.01555e-34 3.76964e-33 3.72803e-15 2.57427e-14 1.71522e-13 5.38352e-11 7.52603e-12 1.95414e-10 5.42036e-10 1.86818e-05 5.10553e-05 0.000161279 0.000247174 0.000305501 0.000395638 0.000849224 0.997971 
9.90138e-10 1.81983e-05 1.85873e-05 4.3058e-05 4.14187e-05 3.21401e-05 0.000184903 5.85119e-05 0.000553996 0.00080669 0.00111487 0.000926589 0.000884917 0.00220243 0.00146266 0.00167463 0.00171237 0.00213676 0.00303323 0.94607 0.0185698 0.00655864 0.00857978 0.00198175 0.00133364 
1.32748e-13 4.13322e-13 1.19184e-07 4.78297e-07 1.29966e-06 0.000175046 0.000554532 0.00303633 0.00233985 0.00323007 0.0040606 0.00363276 0.00408997 0.00701674 0.910284 0.0116378 0.00835826 0.00771198 0.00547565 0.00619273 0.00462108 0.00354004 0.00380263 0.00642688 0.00381069 
1.08261e-11 1.66288e-10 9.65355e-06 0.000193838 0.000190315 0.000564384 0.00330243 0.00500246 0.00574394 0.00676307 0.00591141 0.00497814 0.00688989 0.00977894 0.0123344 0.878567 0.0128158 0.0110324 0.00523382 0.00463279 0.00511064 0.00271066 0.00419876 0.00962395 0.00441115 
4.62692e-12 9.50542e-12 4.27465e-06 5.96208e-06 2.19688e-06 0.000155829 0.000589386 0.00242474 0.00233286 0.00321189 0.00361252 0.00329484 0.00409823 0.00650245 0.00774818 0.0245588 0.880567 0.011607 0.00575837 0.00633567 0.00457285 0.00381012 0.00533358 0.0181422 0.00533118 
0 0 0 0 0 0 0 0 0 0 0 0 0 0 0 0 0 0 0 0 0 9.02673e-06 7.69507e-05 0.00024082 0.999673 
1.06875e-12 2.1931e-12 9.87386e-07 7.10161e-07 2.14301e-07 1.29567e-06 9.03102e-05 3.83631e-05 0.000474693 0.000653944 0.000845107 0.0007748 0.000761155 0.00222185 0.00140842 0.00180432 0.00949589 0.921872 0.0114099 0.0163574 0.0119867 0.0026049 0.00336342 0.0104266 0.00340709 
1.44813e-32 2.96413e-32 4.03329e-29 1.01113e-26 3.77447e-19 3.3272e-15 1.31654e-12 1.32156e-09 1.91795e-05 1.30803e-07 9.031e-07 3.59399e-06 0.000164334 0.000782718 0.00124045 0.00476326 0.958165 0.0190926 0.00076641 0.00184817 0.000448439 0.00171128 0.00260572 0.00649528 0.00189202 
2.99239e-12 1.12006e-11 2.61776e-06 9.83479e-06 1.92823e-05 0.000243206 0.00111039 0.000440066 0.00123745 0.0012247 0.00162653 0.00118064 0.00115851 0.00436046 0.00200682 0.0025919 0.00185949 0.00256856 0.00658548 0.952518 0.00681568 0.00279306 0.0052303 0.00354087 0.000876666 
2.63384e-12 9.47574e-12 2.31016e-06 9.94054e-06 1.49169e-05 0.000183099 0.00109371 0.000386608 0.0011057 0.00114063 0.00151202 0.00117049 0.00108967 0.00426621 0.00198709 0.00235937 0.00189547 0.00406115 0.959244 0.00328031 0.00513215 0.00209036 0.00278403 0.00453812 0.000652227 
1.03587e-13 6.89134e-13 8.12561e-08 6.08927e-07 1.38751e-06 3.41719e-06 0.000528856 4.1584e-05 0.000377154 0.000594087 0.000848974 0.000811551 0.000757511 0.00352745 0.00158467 0.00146902 0.00166533 0.00207753 0.955653 0.00955654 0.00511786 0.00286477 0.00245353 0.00915817 0.000907242 
9.75645e-19 1.38173e-16 2.52938e-15 2.16534e-10 1.10412e-08 3.6466e-06 3.77416e-05 0.000940548 0.000665657 0.0018211 0.00177747 0.0020212 0.00281098 0.00470245 0.00425566 0.924135 0.0242104 0.0054344 0.0043575 0.0056001 0.00404014 0.00301818 0.00243997 0.00497576 0.00275167 
2.09418e-05 0.00186369 0.00690469 0.0190188 0.0243787 0.0321605 0.0314551 0.0318904 0.0349916 0.042228 0.0409174 0.037387 0.0417619 0.389174 0.024148 0.0486622 0.019849 0.0548182 0.0216887 0.0177785 0.0241786 0.0151989 0.0175609 0.0117945 0.0101699 
2.90112e-06 0.000170398 0.00149616 0.00321813 0.00404741 0.00575854 0.00635137 0.00628829 0.00508426 0.00834372 0.00725391 0.0162232 0.00839766 0.00773135 0.00542223 0.00729543 0.0078064 0.0318808 0.0149764 0.0104883 0.0106815 0.805974 0.0193351 0.00389792 0.00187497 
0 0 0 0 0 0 0 0 0 0 0 0 0 0 0 0 1.53058e-27 8.83881e-27 1.39724e-26 3.65264e-26 9.3524e-26 5.72926e-23 7.56309e-07 0.00182879 0.99817 
1.20564e-08 1.87334e-07 1.26942e-06 3.83169e-06 6.20868e-06 1.07626e-05 3.48875e-05 5.32607e-05 5.73656e-05 7.72502e-05 8.60523e-05 0.00226733 0.000176589 0.000341939 0.00069965 0.000752893 0.00340233 0.00608785 0.00165322 0.00119247 0.011651 0.00541987 0.953013 0.00587829 0.00713219 
0 0 0 0 0 0 0 1.20907e-16 7.4621e-11 5.01549e-32 5.42727e-13 1.93081e-11 3.07454e-10 4.21868e-10 2.12376e-05 4.15918e-05 1.54956e-06 5.80873e-05 6.79404e-07 0.000427307 2.79089e-06 1.43217e-06 0.991658 0.00764811 0.00013888 
1.53777e-21 3.1476e-21 4.28294e-18 7.726e-13 7.89312e-12 1.27467e-08 2.86277e-05 0.000588656 0.000330778 0.0013293 0.00116004 0.00107005 0.00222971 0.003517 0.00342892 0.00644108 0.937221 0.0149406 0.00285974 0.00522002 0.00357543 0.00285825 0.00390842 0.00601457 0.00327821 
0 0 0 0 0 0 0 0 0 0 0 0 0 0 0 0 1.83561e-28 1.06003e-27 1.67569e-27 4.38058e-27 1.12162e-26 6.87105e-24 9.07034e-08 0.992618 0.00738216 
6.6354e-17 9.41429e-15 1.72001e-13 3.13036e-06 5.53402e-07 0.000135576 0.000263399 0.00220851 0.00174751 0.0027645 0.0032738 0.00332354 0.00783588 0.91722 0.00693645 0.0081837 0.00675957 0.00787921 0.00489863 0.00452757 0.00367144 0.00199612 0.00824555 0.00397893 0.00414614 
3.71401e-09 6.05487e-08 1.98445e-05 0.000215464 0.000322287 0.000797982 0.00357229 0.0052979 0.0063714 0.00731268 0.00695574 0.00754771 0.86768 0.00921968 0.011481 0.0132464 0.00854684 0.010392 0.00623244 0.00509696 0.00801104 0.00417943 0.00547558 0.00904254 0.00298324 
1.61509e-05 0.00119253 0.0539014 0.00997577 0.0128535 0.0847649 0.117007 0.0188955 0.0183898 0.138246 0.0224204 0.0205198 0.0387436 0.0188907 0.0274452 0.0179158 0.040101 0.162403 0.0130119 0.103356 0.0125348 0.0273837 0.0277116 0.00690604 0.00541437 
2.74363e-11 2.65104e-10 2.52155e-05 0.000447635 0.000451092 0.00108758 0.00409861 0.00545483 0.0067032 0.00812283 0.00785906 0.00528487 0.00645967 0.0102502 0.852803 0.0222349 0.0139541 0.0129871 0.00572272 0.00742681 0.00598147 0.00491176 0.00423691 0.00884196 0.00465462 
1.24727e-11 2.36134e-10 5.03593e-06 2.77323e-05 5.92256e-05 5.9099e-05 0.000211732 8.44604e-05 0.000613012 0.000951214 0.00118918 0.000936784 0.000907677 0.00219873 0.00153026 0.00175968 0.00172218 0.00219197 0.00334043 0.967634 0.00412105 0.00230196 0.00401358 0.0033736 0.000767284 
1.2668e-20 2.59296e-20 3.52824e-17 8.8452e-15 8.15172e-14 8.93343e-07 3.14717e-05 3.96917e-05 7.18036e-05 0.000216143 9.00539e-05 4.91988e-06 0.000181015 0.000913431 0.000815976 0.00104634 0.000723708 0.000500655 0.485763 0.00458096 0.00321341 0.00435067 0.49232 0.00267744 0.00245827 
3.9754e-10 4.14013e-09 2.8645e-06 1.07968e-05 1.59002e-05 0.000218987 0.00105963 0.000416508 0.00114039 0.00114914 0.00162571 0.00114568 0.001127 0.00425825 0.00204037 0.00253616 0.00196857 0.00264673 0.00661436 0.948864 0.0110335 0.00198953 0.00699122 0.0016994 0.001445 
1.71103e-23 2.17709e-21 4.46984e-20 1.62912e-12 1.64889e-11 9.36403e-09 2.50676e-08 1.97298e-06 7.57234e-06 0.00014707 0.000282411 0.000463215 0.000618873 0.00100545 0.000974365 0.00101111 0.000802926 0.00106435 0.00191191 0.00132825 0.000941067 0.97127 0.0148479 0.00269989 0.000621977 
1.94668e-08 6.00689e-06 0.000202862 0.000511439 0.000379832 0.00024182 0.000546067 0.000746728 0.00114406 0.00275128 0.0017174 0.00133596 0.00126963 0.00266463 0.00301115 0.00292228 0.00369881 0.00453613 0.00961385 0.00634766 0.0129276 0.0148423 0.923426 0.00320187 0.00195504 
3.34542e-11 1.67853e-08 9.55787e-08 4.19335e-07 7.05633e-07 2.06537e-06 2.08708e-05 5.13947e-05 0.000187866 0.00041915 0.000651928 0.00121234 0.000795366 0.00184513 0.00137397 0.00156301 0.00137102 0.00156738 0.00222573 0.00144182 0.00104299 0.967258 0.0139259 0.0023823 0.000660266 
2.06036e-08 7.00992e-07 7.36257e-06 4.80396e-05 3.8314e-05 8.59837e-05 0.000317264 0.000179564 0.000112574 0.000317629 0.000384264 0.00259786 0.000672524 0.0013094 0.000940179 0.00103313 0.00365536 0.00574289 0.0023377 0.0014389 0.48545 0.485454 0.00671917 0.000366197 0.000791483 
0 0 0 0 0 0 0 0 0 0 0 0 0 0 0 0 2.0431e-26 1.17985e-25 1.8651e-25 1.41938e-05 6.28935e-05 9.00457e-05 0.000200749 0.995707 0.00392508 
5.30314e-08 0.000236157 0.000799212 0.00133991 0.00120376 0.00107816 0.00322931 0.00752734 0.0058652 0.00685841 0.00633801 0.00524537 0.00574356 0.0115928 0.00889189 0.0126572 0.855406 0.0177322 0.00659901 0.00713701 0.00750717 0.00448135 0.00669451 0.0101733 0.00566329 
1.13471e-13 1.39867e-12 6.93448e-08 8.83914e-07 1.91203e-06 8.98402e-05 0.000819071 0.00178143 0.0013049 0.00244288 0.00238583 0.00283262 0.00335551 0.00634612 0.00513741 0.00651725 0.899059 0.0200136 0.0126952 0.0059195 0.00734208 0.00256068 0.00442844 0.00959811 0.00536761 
0 0 0 0 0 0 0 0 0 0 0 6.3766e-06 7.39395e-06 0 8.87597e-06 8.66733e-06 0 8.06299e-06 7.38923e-06 0 7.32375e-06 1.78211e-05 7.51618e-05 0.000164981 0.999688 
5.41646e-12 1.23765e-11 4.96687e-06 8.64505e-05 4.45448e-05 0.000191559 0.00108803 0.00221116 0.00261464 0.00391938 0.00442843 0.00313449 0.00402611 0.0100614 0.00705997 0.0124924 0.90045 0.00730823 0.00740256 0.00637435 0.00659426 0.00411014 0.00468648 0.00859865 0.00311163 
2.02643e-17 2.87092e-15 5.25341e-14 4.34938e-08 1.11331e-07 0.000116774 0.000165319 0.00199118 0.00142487 0.00243219 0.00239589 0.00268482 0.00327893 0.00510719 0.00540091 0.00956609 0.923941 0.00677149 0.00526732 0.00607449 0.00427553 0.00355031 0.00448247 0.00759892 0.0034745 
4.42126e-06 0.000183524 0.00172457 0.00395112 0.00463964 0.00733919 0.0128662 0.0140226 0.0115665 0.0146714 0.0173607 0.0153665 0.0261759 0.0223319 0.0169273 0.558375 0.0307451 0.126684 0.0270365 0.0168069 0.0159741 0.0233708 0.0134241 0.0126923 0.00575912 
1.96477e-11 5.1245e-11 1.79021e-05 0.000252586 0.000372649 0.00090464 0.00373776 0.00533665 0.00659574 0.00754086 0.00661178 0.00524267 0.856448 0.017145 0.0131052 0.0145199 0.00902024 0.0119904 0.00598575 0.00534982 0.00524724 0.00314515 0.011866 0.00424611 0.00531793 
3.01454e-12 6.19256e-12 2.7846e-06 1.26238e-06 2.74095e-06 2.47829e-05 0.000339864 9.42801e-05 0.00057541 0.000832226 0.00110611 0.000855612 0.000939648 0.00251511 0.00158097 0.00186906 0.00174341 0.00218301 0.00541683 0.96353 0.00446809 0.00243765 0.00326872 0.00547828 0.000734295 
5.95428e-09 7.87186e-08 1.94399e-06 2.25718e-06 3.09602e-06 1.61323e-05 0.000228437 9.23042e-05 0.000548587 0.000800494 0.00107178 0.00147109 0.000925577 0.00229391 0.00148261 0.0018739 0.00312793 0.00494355 0.0032104 0.0016459 0.00657985 0.953688 0.0143821 0.000913742 0.000696029 
0 0 0 0 0 0 0 0 2.466e-37 1.0311e-36 2.44772e-16 8.24119e-14 5.08056e-13 7.16628e-13 8.20831e-13 1.13155e-12 3.22068e-12 8.60145e-10 1.15366e-06 5.62371e-09 9.77026e-10 3.58325e-07 1.50928e-06 0.988865 0.0111315 
8.18617e-09 1.22572e-07 8.33681e-07 2.51264e-06 4.12855e-06 7.77682e-06 2.7386e-05 7.33703e-05 0.000288538 0.000477814 0.000767005 0.00215516 0.000819789 0.00206861 0.00141472 0.0014817 0.00343712 0.00544161 0.00270947 0.00156433 0.00852804 0.00548762 0.953455 0.00724055 0.00254707 
4.78122e-18 6.76534e-16 1.23962e-14 4.45059e-08 5.24355e-08 0.000117104 0.000159276 0.00195314 0.00124591 0.00247576 0.00252549 0.00292323 0.003508 0.00542933 0.00550135 0.00678259 0.00869933 0.916357 0.0117362 0.00613312 0.00598673 0.00294096 0.00455381 0.00728051 0.00369118 
1.75501e-11 3.84565e-10 5.8751e-06 2.57421e-05 0.00012725 0.000238258 0.000962255 0.000388309 0.00114438 0.00106246 0.00150053 0.00118915 0.00136143 0.00425844 0.00208579 0.00225847 0.00189269 0.00261789 0.00653765 0.00165252 0.00290614 0.94923 0.0132608 0.00462091 0.000673068 
0 0 0 0 0 0 0 0 0 0 0 0 0 0 0 0 1.20476e-26 6.95726e-26 1.0998e-25 2.87509e-25 6.52435e-12 6.26772e-07 8.12973e-06 0.00134691 0.998644 
2.64358e-13 5.80481e-12 1.24464e-07 4.64113e-05 7.52358e-05 0.000466047 0.00215404 0.00519573 0.00429211 0.00605428 0.0054014 0.0044358 0.00511128 0.0110819 0.0127319 0.878278 0.0119021 0.0106204 0.00455436 0.00620066 0.00607605 0.00387679 0.00481974 0.0121697 0.00445617 
1.18918e-09 2.23082e-05 2.15907e-05 1.60357e-05 3.63383e-05 0.00020092 0.00079967 0.00258884 0.00225674 0.00366253 0.00388173 0.0034366 0.00408652 0.00664674 0.00660051 0.010774 0.899083 0.0179255 0.00590387 0.00648512 0.0046877 0.00410055 0.00520004 0.00759831 0.00398434 
1.71166e-05 0.00104486 0.00604688 0.0125674 0.0173785 0.279404 0.0282425 0.0204978 0.0231565 0.0284451 0.0260423 0.0242901 0.0350804 0.0266081 0.0186193 0.28163 0.0209216 0.0706405 0.0178632 0.0112669 0.016137 0.00602618 0.00913389 0.0114957 0.00744373 
3.13394e-13 1.45324e-10 2.70132e-07 2.33515e-05 2.66302e-05 0.000271875 0.0009325 0.00350989 0.00325856 0.00446265 0.00466198 0.00397593 0.00443206 0.00755744 0.00976552 0.897315 0.00920898 0.010765 0.00462555 0.00655949 0.00470481 0.00321788 0.0056027 0.0108844 0.00423785 
9.9935e-13 2.00534e-09 5.55825e-09 3.65559e-08 4.44655e-08 8.70292e-08 3.33709e-07 4.93595e-07 6.66228e-07 8.54493e-07 7.64186e-07 7.33219e-05 1.16167e-06 1.03965e-06 9.51408e-07 1.20028e-06 8.03251e-07 1.04671e-06 1.0557e-06 6.39172e-07 5.12455e-07 0.000100845 0.000443252 0.992147 0.00722408 
5.00691e-12 6.59418e-11 2.95236e-06 1.20732e-05 4.41555e-05 0.000175112 0.000477523 0.000156222 0.000575337 0.00090483 0.00125838 0.000927598 0.000973437 0.00282475 0.00183261 0.00188481 0.00177429 0.00221781 0.954149 0.0123067 0.00422696 0.00215041 0.00352237 0.00697107 0.00063168 
3.9608e-09 5.6048e-08 6.14705e-07 3.01317e-06 8.48196e-06 0.000113273 0.000616577 0.00205167 0.00114319 0.00179907 0.00211507 0.00249112 0.00266975 0.00475981 0.00446105 0.00696361 0.470414 0.00835033 0.463656 0.00474777 0.00917781 0.00387555 0.00279844 0.00473748 0.0030457 
2.52505e-07 0.000515301 0.000558809 0.000586882 0.000578068 0.000381077 0.00186358 0.000949866 0.00188879 0.00644828 0.00220099 0.00232437 0.0025718 0.00623424 0.0023355 0.00288376 0.00199999 0.00335348 0.00781544 0.00229156 0.937393 0.00241731 0.00887942 0.00201197 0.00151623 
0.00244336 0.00461319 0.0202662 0.0482598 0.0446953 0.132492 0.0651185 0.0518092 0.0367531 0.187899 0.0526734 0.0543777 0.0334122 0.026216 0.0339406 0.0369285 0.0236917 0.0370771 0.0315405 0.0199899 0.0116005 0.0167346 0.0130204 0.00883765 0.00560945 
2.02522e-11 5.0336e-11 1.84873e-05 0.000203575 0.000288647 0.000797593 0.00336634 0.00543355 0.00600705 0.00732176 0.00647284 0.00522489 0.00895508 0.868637 0.0142687 0.0150608 0.00945617 0.0121204 0.00582287 0.00509734 0.00529963 0.00290967 0.00905023 0.00364425 0.00454326 
2.09924e-10 2.17768e-09 2.577e-06 1.01298e-05 1.27732e-05 0.000176768 0.00107708 0.000360728 0.00109937 0.00114442 0.00157459 0.0012033 0.00113085 0.00425718 0.00202792 0.00239046 0.00190497 0.00259328 0.00661623 0.00160523 0.00321271 0.953148 0.0126777 0.000948849 0.000825275 
6.91219e-07 3.76407e-05 0.00133328 0.00244912 0.0026038 0.00152094 0.00320514 0.0059731 0.00456062 0.0137787 0.00725793 0.0041887 0.00582409 0.00636311 0.00558178 0.00681993 0.00473778 0.0352331 0.812952 0.0239247 0.0214151 0.012128 0.00811917 0.00859466 0.00139646 
3.28461e-12 1.83083e-11 2.75227e-06 1.86297e-05 6.65073e-05 0.000238971 0.00142905 0.000448341 0.0013622 0.00136443 0.00184405 0.00126811 0.00172657 0.00450095 0.00191643 0.00266594 0.00190008 0.00265899 0.00722994 0.950011 0.00603606 0.00247312 0.00367748 0.00644683 0.00071376 
2.13139e-11 2.98777e-10 2.06016e-05 0.000120014 9.05416e-05 0.000486063 0.0019098 0.00372491 0.00356595 0.0059397 0.0052453 0.00438499 0.00554999 0.0151447 0.894316 0.0122732 0.00847941 0.00907916 0.00457343 0.00433091 0.00483951 0.00224286 0.00717746 0.00228897 0.0042167 
5.67535e-12 1.16564e-11 5.24313e-06 8.82981e-06 1.75179e-05 0.000108814 0.000588744 0.00193272 0.00198179 0.00335764 0.0036088 0.00305848 0.00384924 0.00647118 0.910531 0.0145861 0.00849871 0.00797228 0.00526839 0.00540086 0.00425602 0.0025583 0.00362372 0.00813842 0.00417707 
0.0514427 0.0377623 0.0481142 0.03328 0.0221604 0.0277391 0.0321501 0.0329891 0.0375151 0.0596786 0.038808 0.052877 0.0391053 0.0258249 0.242167 0.0327919 0.0298844 0.0171187 0.0249458 0.0129394 0.0332391 0.0135501 0.0274687 0.00588202 0.0205658 
3.85353e-05 0.00109897 0.00474143 0.00735718 0.00770984 0.0102391 0.0123782 0.0146867 0.0133433 0.017654 0.0166877 0.0178726 0.0187051 0.0173429 0.014952 0.0232191 0.472464 0.0530449 0.019932 0.0160632 0.0306437 0.0177763 0.177464 0.00944974 0.00513561 
2.3354e-11 1.68664e-10 2.04216e-05 5.45287e-05 0.0001429 0.000275198 0.00167281 0.000428948 0.00105148 0.00151458 0.00165669 0.00111137 0.00168474 0.00417781 0.00205985 0.00252585 0.00378289 0.944103 0.0139359 0.00165898 0.00490691 0.00175562 0.00419113 0.00591454 0.00137405 
2.59183e-29 5.30512e-29 7.21868e-26 1.8097e-23 2.80297e-18 2.41986e-14 5.00342e-10 1.622e-08 7.65272e-08 2.74655e-07 7.84354e-06 0.000117105 9.45423e-05 0.000629183 0.0007118 0.000610714 0.000520031 0.000608637 0.0010251 0.967652 0.0179779 0.001952 0.00583045 0.00148815 0.000773925 
2.30684e-12 4.96377e-12 2.12406e-06 6.38354e-06 3.03393e-06 2.42103e-05 0.000522985 0.000117977 0.000581274 0.00083596 0.00126488 0.000918954 0.000961691 0.00280993 0.00173424 0.00188872 0.00176242 0.00220098 0.00415387 0.00157169 0.00180669 0.957905 0.0141805 0.00409959 0.000646685 
