2472
1.17471e-13 4.59566e-11 4.50652e-09 4.97277e-08 1.57731e-07 1.24952e-06 1.21291e-06 8.9602e-07 2.96289e-06 4.75473e-06 4.38366e-06 1.46908e-05 5.8111e-06 4.44739e-05 0.000103775 4.38976e-05 2.12509e-05 4.44192e-05 2.39391e-05 8.46405e-06 7.28808e-06 1.89553e-05 3.40797e-05 3.65727e-05 0.999577 
5.98573e-05 0.0019049 0.0206171 0.406532 0.0400886 0.0295565 0.0406895 0.0391389 0.0385592 0.0519047 0.0451554 0.0364676 0.0388172 0.0342132 0.0264981 0.0259432 0.0236066 0.017684 0.0180187 0.00964364 0.0151726 0.00808483 0.0154964 0.00846019 0.00768676 
2.67039e-06 0.000148876 0.00113544 0.00345621 0.0112634 0.0214712 0.0235756 0.0176737 0.0213652 0.0304947 0.0398182 0.0316385 0.0347337 0.0299268 0.0221226 0.0269502 0.0206464 0.0649412 0.0179828 0.0193604 0.0207773 0.00693339 0.0219753 0.023015 0.488591 
6.16912e-11 3.06656e-08 1.17607e-05 4.51127e-05 0.000130952 0.000605061 0.00146207 0.00352087 0.00429186 0.00484261 0.00584559 0.00471967 0.00895425 0.0143156 0.0133004 0.85976 0.0151507 0.0120844 0.00698637 0.0072514 0.00732125 0.00493646 0.00572339 0.0139678 0.00477276 
9.38771e-12 2.23967e-09 4.72668e-07 4.33471e-06 1.96037e-05 3.70191e-05 0.000736069 0.00020884 0.000786994 0.000675288 0.000701011 0.000789388 0.00161744 0.00330237 0.00117684 0.00295932 0.00143636 0.00152696 0.00462947 0.00174925 0.00253546 0.00123226 0.965375 0.00815431 0.000346395 
2.61509e-06 0.000422205 0.00319943 0.0106992 0.0182493 0.0687464 0.407333 0.0735668 0.0250159 0.0377708 0.0528359 0.0409194 0.0237002 0.0188638 0.0201973 0.0181948 0.012425 0.0177675 0.036697 0.00833846 0.0301263 0.0551315 0.0081462 0.00736003 0.00429111 
5.26988e-06 0.0007113 0.00433609 0.021547 0.0325379 0.0289178 0.0333842 0.0326079 0.0361494 0.0535169 0.464591 0.0381496 0.0411066 0.0350695 0.0266055 0.026124 0.0227791 0.0242655 0.0165676 0.0101973 0.0116542 0.00931023 0.011655 0.0113762 0.00683461 
2.43891e-12 1.08663e-10 2.92203e-09 1.51375e-07 4.24396e-07 1.99932e-06 2.94252e-05 5.51939e-05 0.000495488 0.000768099 0.000944316 0.00106115 0.00268424 0.00305717 0.00171975 0.0020506 0.00196168 0.0021943 0.00273044 0.00254771 0.00157066 0.953874 0.0134395 0.00803256 0.000780894 
2.77483e-10 1.27068e-07 5.35964e-05 0.000139504 0.000387949 0.00281696 0.845215 0.0304485 0.0124418 0.0128952 0.00467087 0.00438093 0.00517364 0.00645835 0.0271649 0.0217856 0.00376755 0.0100685 0.0041129 0.0014015 0.00299674 0.000509097 0.00118324 0.000980119 0.00094739 
6.02314e-39 3.33137e-36 2.59716e-35 3.13214e-29 2.17533e-28 4.78024e-23 1.97245e-20 7.48536e-14 4.06846e-09 1.09192e-11 1.28108e-09 1.14033e-07 8.82712e-07 4.0524e-06 1.99503e-05 4.76605e-05 0.000116614 0.00100285 0.000834774 0.977533 0.00515411 0.00462657 0.00721784 0.00318319 0.000258078 
1.43695e-12 9.85825e-11 3.1707e-10 1.09609e-09 2.04356e-09 5.28496e-09 1.61182e-08 1.83349e-08 4.1847e-08 4.11447e-08 3.70912e-08 2.41725e-06 6.67549e-07 3.31578e-05 4.52276e-05 6.89443e-05 4.73385e-05 0.000122127 8.58993e-05 0.000303879 0.000580545 0.00441213 0.982064 0.00710515 0.00512811 
0.000266945 0.00344601 0.0227617 0.0337106 0.0287843 0.0328541 0.0637852 0.246627 0.218041 0.0404724 0.048644 0.030842 0.0331855 0.0344305 0.0210285 0.0218015 0.0188719 0.01714 0.0114318 0.0147956 0.015249 0.0111722 0.011688 0.00768883 0.0112809 
0.000311497 0.00670054 0.029822 0.0487773 0.0467855 0.0411619 0.0532772 0.0469621 0.0521729 0.0692249 0.0660892 0.0503297 0.0540834 0.0487642 0.0309748 0.0330939 0.0339371 0.0257308 0.0195357 0.0130725 0.0217034 0.165726 0.0199568 0.0116165 0.0101901 
3.47875e-06 0.000199401 0.00122333 0.0047025 0.00844444 0.0119105 0.0162267 0.00920765 0.00871559 0.0158694 0.0187665 0.0134131 0.0168166 0.0199925 0.00971256 0.0116211 0.0126574 0.0511235 0.0252755 0.0140854 0.691014 0.0138109 0.0134743 0.00899564 0.00273782 
7.20949e-10 5.77424e-08 5.4901e-06 3.55546e-06 3.38094e-06 8.19837e-05 0.000441583 0.000147457 0.000783427 0.0011803 0.00132562 0.00220617 0.00301791 0.00314443 0.00199974 0.00283105 0.00254108 0.00868403 0.944726 0.00698725 0.0048574 0.00332716 0.00558516 0.00517234 0.000947895 
0 0 0 0 0 0 0 0 0 0 0 0 0 0 0 0 0 0 0 1.7666e-05 8.39886e-05 0.000150429 0.000202962 0.000514107 0.999031 
5.32655e-16 4.70489e-13 3.25293e-12 1.26781e-09 2.76901e-09 2.77749e-08 1.13888e-07 8.51533e-06 2.22431e-05 4.59057e-05 0.000374977 0.000172769 0.000726782 0.0011 0.00464925 0.943455 0.0172076 0.00813105 0.00153369 0.00364868 0.00133345 0.00275694 0.00221022 0.00997611 0.00264672 
2.31905e-11 3.79112e-09 3.88982e-08 8.81285e-06 3.42916e-06 0.000179854 0.000663472 0.00273311 0.00369214 0.00407002 0.00412482 0.00384027 0.00874469 0.00981289 0.0130777 0.880892 0.0127863 0.0118633 0.00623381 0.00596698 0.00409866 0.00327133 0.00534456 0.0143428 0.00424931 
6.45851e-08 8.38197e-07 1.07193e-05 3.56751e-05 4.64801e-05 0.000132703 7.80851e-05 1.00323e-05 2.43534e-05 0.000375748 0.000345971 0.000881859 0.00230055 0.00251345 0.0107144 0.925283 0.00645901 0.0129523 0.00263383 0.000806938 0.00149074 0.00285039 0.00528108 0.0213145 0.00345687 
0 0 0 0 0 8.49791e-40 5.03852e-37 6.87166e-27 6.59677e-21 3.17686e-20 1.03786e-12 2.53898e-11 1.47177e-10 1.75183e-10 5.48867e-10 1.13356e-09 8.399e-08 4.47983e-07 1.5163e-07 7.48685e-07 3.72178e-06 1.12718e-06 0.00117305 0.987708 0.0111129 
5.0138e-06 0.000249216 0.00180888 0.00428397 0.00742228 0.00984474 0.0123147 0.00902622 0.0103683 0.0162909 0.0137549 0.0167516 0.0197928 0.0189953 0.0139814 0.0200259 0.0188762 0.645667 0.0397169 0.0274405 0.0229058 0.0252772 0.017197 0.0233689 0.00463423 
3.76076e-11 1.13005e-08 9.2045e-07 3.74858e-05 0.000114584 0.000223914 0.000637037 0.000719024 0.0013227 0.00199718 0.00141298 0.00132316 0.00318403 0.00401786 0.00229181 0.00348722 0.0022717 0.00270486 0.00365152 0.00314686 0.00211649 0.00708947 0.950321 0.0070541 0.000874044 
0.000291766 0.0062199 0.0314588 0.0583984 0.0419195 0.0359097 0.0458293 0.0431211 0.0465372 0.0593207 0.0579313 0.051868 0.0493305 0.0407652 0.0305752 0.032133 0.0306349 0.0318308 0.0195603 0.011348 0.0227675 0.0131074 0.0209346 0.204538 0.0136685 
1.97834e-10 1.104e-07 2.3194e-05 0.000232405 0.000497005 0.00124655 0.00309796 0.00419393 0.00550174 0.00747194 0.00695984 0.685806 0.0174952 0.0135519 0.186211 0.0120835 0.00809806 0.00861399 0.00571813 0.00398233 0.00452024 0.00267603 0.00780613 0.0113269 0.00288603 
1.8994e-11 5.11832e-09 1.08212e-07 1.30375e-05 1.24028e-05 3.36312e-05 0.000364707 0.00189214 0.00280786 0.00315138 0.00328306 0.00310053 0.00781839 0.00819328 0.00679649 0.00832083 0.887119 0.0193773 0.00817302 0.00734118 0.00465972 0.00359059 0.00844693 0.00967059 0.00583397 
1.43837e-07 4.07626e-05 0.000411113 0.00164209 0.00295048 0.0074372 0.0117464 0.00931036 0.0139406 0.017579 0.0208805 0.780724 0.0232972 0.014498 0.0125699 0.01493 0.0107959 0.0127595 0.00719522 0.00669213 0.00639689 0.00447507 0.00736934 0.00848785 0.00387013 
2.1854e-07 1.16846e-05 0.00017727 9.47488e-05 0.000216163 0.000551124 0.00210601 0.00094396 0.00219812 0.00362137 0.00280829 0.00371561 0.00442923 0.00684939 0.00377093 0.00797326 0.00311496 0.00810644 0.89411 0.0206801 0.0109623 0.00569787 0.00944801 0.0075035 0.000909406 
5.01282e-06 0.000331311 0.00169186 0.0042445 0.00794401 0.0101274 0.0137485 0.0085597 0.00919964 0.0151015 0.0154179 0.0155823 0.0191203 0.0237531 0.0113145 0.0184453 0.0144805 0.0775865 0.0306528 0.0149593 0.0190464 0.01668 0.623319 0.0245864 0.00410209 
2.1654e-11 1.05378e-08 3.19329e-06 2.67772e-05 0.000125973 0.000191778 0.000694651 0.000313595 0.000842843 0.000772515 0.00106569 0.00112349 0.00299841 0.00433935 0.00187548 0.00225205 0.00205939 0.00278179 0.00586938 0.00542758 0.0054643 0.00671066 0.934419 0.0107423 0.00989995 
2.82312e-10 1.45637e-07 3.96905e-05 0.000257427 0.000599628 0.00216832 0.00560608 0.0058314 0.0096257 0.0126683 0.854778 0.0136869 0.00920204 0.0117989 0.0105626 0.0120973 0.00793939 0.00755762 0.0045621 0.0061092 0.00380454 0.00389452 0.00436345 0.00716049 0.0056864 
2.49142e-06 8.71549e-05 0.000784108 0.00124183 0.00130306 0.00174538 0.00575142 0.00328743 0.00440584 0.00774636 0.00555068 0.00872989 0.00973166 0.0120732 0.00647837 0.0114724 0.0076607 0.0441647 0.0223413 0.0158493 0.786499 0.0222243 0.00890319 0.00980051 0.00216589 
9.55111e-06 0.00157107 0.0221545 0.173894 0.0536893 0.0353222 0.283192 0.0488506 0.0316018 0.0895095 0.0277181 0.0196796 0.0244916 0.0316482 0.0235298 0.0160866 0.0123731 0.0334008 0.0130689 0.00650022 0.0137272 0.015622 0.00939279 0.00941014 0.00355677 
3.09099e-11 1.00934e-08 4.72035e-06 6.36218e-06 2.70842e-05 0.000144186 0.00116785 0.00032546 0.00126806 0.00149309 0.00178029 0.00143888 0.00299668 0.0059053 0.00264898 0.00321416 0.00260146 0.00380147 0.00985121 0.93946 0.00576538 0.00287462 0.00455432 0.00786097 0.00080933 
2.51048e-11 3.20155e-09 4.53937e-07 5.02842e-06 1.15995e-05 0.000255522 0.00109037 0.00301096 0.00401426 0.00458301 0.00524397 0.00457536 0.00962792 0.0111591 0.876753 0.017191 0.00866473 0.017827 0.00756715 0.00423725 0.00404952 0.00269389 0.00716423 0.00511911 0.00515585 
3.70678e-06 0.000414374 0.00395223 0.0167644 0.0287107 0.0358622 0.0358966 0.0293787 0.035916 0.479772 0.0404699 0.0271817 0.0335792 0.0321449 0.0281939 0.0230088 0.0170356 0.0308087 0.0237226 0.0123511 0.0188917 0.00949051 0.0116256 0.0130834 0.0117411 
2.25522e-09 6.71231e-07 4.04803e-06 0.000154425 0.000157854 0.000620107 0.00290304 0.00467823 0.00769467 0.0087569 0.00680194 0.00746208 0.0103115 0.0152453 0.0137355 0.0220633 0.0131962 0.0125583 0.00943565 0.00676843 0.010262 0.0123705 0.799262 0.0219568 0.0136001 
5.42436e-07 1.53312e-06 9.47566e-06 2.56976e-05 4.33846e-05 2.77721e-05 5.91548e-05 0.000128203 8.1959e-05 5.40085e-05 6.66329e-05 0.000355239 4.20904e-05 0.000133761 0.000223147 0.000338144 0.000225233 0.000380558 0.000318037 0.00113142 0.000353791 0.00104599 0.986683 0.00772833 0.000542558 
2.2003e-06 0.000362412 0.00222289 0.0925456 0.0156011 0.0200585 0.0196491 0.0957464 0.0224725 0.0622652 0.0827754 0.0253458 0.0265494 0.0221322 0.0640494 0.0163824 0.0121581 0.0425526 0.321648 0.0114372 0.0164859 0.00639949 0.00954917 0.00759717 0.0040115 
1.38629e-09 1.05101e-07 5.64247e-06 1.18428e-05 1.45163e-05 0.00011154 0.000703784 0.000185371 0.000986911 0.00136623 0.00161657 0.0034163 0.00303383 0.00468123 0.00230466 0.00304521 0.00253136 0.00268322 0.00636193 0.00290296 0.00337384 0.93532 0.0148325 0.00924433 0.00126558 
1.15863e-11 4.16032e-09 3.4861e-08 1.03684e-05 4.56652e-06 2.785e-05 0.00033138 0.000635024 0.00193302 0.00255132 0.00254294 0.00587708 0.934761 0.00804686 0.0061197 0.00413278 0.00305857 0.00237167 0.00297588 0.000837267 0.000586957 0.00160839 0.0049215 0.0139516 0.00271396 
3.56751e-16 3.38413e-13 2.23627e-12 9.4119e-10 1.15226e-09 1.04195e-07 3.4651e-07 9.71614e-06 3.53469e-05 0.000246266 0.000248974 0.000612352 0.00240442 0.00199272 0.00155154 0.00178178 0.00702496 0.949884 0.0133201 0.00217146 0.00284699 0.00300793 0.00549753 0.00517465 0.00218884 
8.08443e-11 4.33491e-08 2.351e-05 4.06705e-05 9.70613e-05 0.000343169 0.00159433 0.000649591 0.00164019 0.00188264 0.00207361 0.00154265 0.0033066 0.00646259 0.00279207 0.00507899 0.00262878 0.00307372 0.00729439 0.917032 0.0214246 0.0057944 0.0109793 0.00230833 0.00193706 
4.55719e-11 1.41779e-08 4.38168e-07 3.55708e-05 8.90239e-05 0.000485682 0.00222076 0.00433057 0.00629343 0.0075556 0.00669583 0.00519473 0.0096748 0.015972 0.0136761 0.847971 0.0181688 0.0144211 0.00663197 0.00731417 0.00722054 0.00522319 0.00535592 0.0109322 0.00453641 
2.83863e-11 3.86404e-09 5.00521e-07 7.66131e-06 5.10717e-05 0.000400031 0.00169808 0.00418858 0.00548043 0.00613203 0.00636243 0.00483984 0.00953646 0.0140696 0.0114184 0.0149033 0.847784 0.0212243 0.00791988 0.00736203 0.00646904 0.0051377 0.00904793 0.00951012 0.00645703 
6.00108e-31 3.32493e-28 2.33658e-27 1.29451e-25 1.07625e-21 2.97218e-09 1.78563e-06 2.66207e-05 8.13249e-05 0.000155987 0.000236392 0.000360677 0.000430432 0.000597479 0.000560457 0.000712134 0.000717236 0.000918572 0.000414307 0.000689152 0.000964329 0.000999853 0.00169408 0.00113089 0.989308 
2.03754e-31 6.43749e-29 3.58812e-26 2.57342e-21 3.75879e-20 1.21037e-16 4.07208e-14 1.24478e-12 2.50291e-08 3.33362e-11 5.21061e-08 6.73586e-07 2.72762e-06 7.36252e-06 0.000114487 0.00277402 0.952289 0.0234091 0.00354461 0.00232886 0.000654171 0.000642088 0.00426199 0.0066194 0.00335164 
0.00673285 0.0216845 0.0515583 0.0457675 0.0232286 0.021563 0.0344458 0.032145 0.0359513 0.283811 0.0490168 0.0459547 0.04398 0.0332186 0.0287639 0.0355727 0.0335046 0.0520621 0.0230788 0.0127201 0.0244623 0.0237591 0.0173388 0.0102831 0.00939677 
3.69161e-11 1.39231e-08 6.46929e-06 9.40514e-06 1.11661e-05 0.000119231 0.000755152 0.000184934 0.00101955 0.00145557 0.00167339 0.00124661 0.00292524 0.00498718 0.00230066 0.00308821 0.00249765 0.00279384 0.00572314 0.00399487 0.948106 0.00362028 0.0091707 0.00187792 0.00243305 
4.20375e-11 1.97552e-08 6.16526e-06 2.77364e-05 0.000119375 0.000408803 0.00192298 0.000692632 0.00205808 0.00219407 0.00265666 0.00175204 0.0040118 0.00683899 0.00288834 0.00667155 0.00268248 0.00304797 0.00735516 0.00294733 0.938109 0.00385012 0.00600348 0.00201789 0.0017369 
5.48789e-06 0.000518118 0.00433965 0.0171643 0.0332532 0.0364217 0.0369983 0.479498 0.0402941 0.0490903 0.0383054 0.0278438 0.0331327 0.0262512 0.0269883 0.021717 0.017209 0.0299002 0.0159739 0.0112078 0.015617 0.0104867 0.0111571 0.0106144 0.0060119 
1.17104e-10 6.22222e-08 7.70186e-06 0.000134414 0.000170939 0.000708254 0.00295052 0.00456231 0.00688902 0.00835494 0.00656117 0.00589831 0.01573 0.0160783 0.02292 0.0267273 0.0204878 0.0273439 0.00921567 0.00599516 0.00694331 0.00542345 0.0166148 0.774636 0.0156467 
1.71555e-07 1.44601e-05 0.000134748 0.000595744 0.000115546 0.000185789 0.00122395 0.000394886 0.00100489 0.00182547 0.00133312 0.00246718 0.00200975 0.00359824 0.00246238 0.00430851 0.00179121 0.00398983 0.0295818 0.0118662 0.00613005 0.00602809 0.906114 0.00989146 0.00293245 
2.15019e-08 3.77359e-06 0.000155059 0.000135326 0.000176452 0.000143833 0.000268763 0.000115589 0.000202619 0.000404081 0.000405351 0.00212192 0.00169405 0.00120278 0.000729278 0.000777341 0.000847544 0.00145891 0.004875 0.00233663 0.00134439 0.00298909 0.968964 0.00771037 0.000938201 
5.00881e-05 0.000527831 0.00158887 0.00148092 0.00127712 0.00121614 0.00161812 0.00180234 0.00222386 0.00316569 0.00172111 0.00173679 0.0020511 0.00339894 0.904855 0.0165267 0.00461329 0.0142595 0.002187 0.00167469 0.00112654 0.00470741 0.00540278 0.0167462 0.00404157 
5.18934e-05 0.000907341 0.0104622 0.0221405 0.0257405 0.0289474 0.0374149 0.0293979 0.153976 0.126461 0.0507449 0.186686 0.0429773 0.0370055 0.0273406 0.0253025 0.023812 0.0611784 0.024248 0.0165038 0.0166329 0.0162127 0.0145934 0.0124286 0.00883315 
1.48433e-11 8.66584e-09 1.53695e-06 3.57311e-05 0.00010955 0.000222456 0.000925282 0.00108046 0.00231042 0.00170623 0.00223381 0.00220772 0.0070009 0.00690293 0.852874 0.0385194 0.0113855 0.0129528 0.00538765 0.0055891 0.00506038 0.00578985 0.00478656 0.0272188 0.00569885 
1.42248e-06 5.11728e-05 0.000380746 0.000934059 0.000817833 0.00127563 0.00308854 0.0015285 0.00228465 0.00422853 0.00416556 0.00481337 0.00639276 0.00786322 0.00438279 0.00545083 0.00517304 0.0242026 0.0249922 0.852575 0.0154862 0.0097335 0.0127497 0.00514882 0.0022793 
5.08221e-11 2.57883e-08 8.86919e-06 6.01964e-05 0.000129569 0.000338711 0.000805317 0.000533325 0.00117615 0.00209816 0.00242488 0.00183159 0.00778222 0.903461 0.0175187 0.0113249 0.0063902 0.0108628 0.00756168 0.00318252 0.00336069 0.00196602 0.0108024 0.00195305 0.00442671 
4.03726e-11 1.85135e-08 6.00772e-06 2.81432e-05 9.14889e-05 0.000381224 0.00160189 0.000655686 0.0017936 0.00190221 0.00216121 0.00155957 0.00350611 0.00675632 0.00288068 0.00597969 0.00269019 0.00295125 0.00721678 0.00294344 0.940001 0.0043635 0.00614174 0.00237031 0.00201795 
0 0 0 0 0 0 0 0 0 0 0 0 0 0 0 1.04416e-05 7.3273e-05 0.000131027 0.000124807 0.000348849 0.000498823 0.000686182 0.000937638 0.00130128 0.995888 
1.27429e-06 4.55206e-05 0.000574462 0.000625632 0.000728869 0.00107765 0.00356392 0.00202888 0.00342475 0.00606844 0.00414616 0.00652818 0.00681262 0.00896361 0.00545469 0.00901657 0.00556965 0.026163 0.839529 0.0199537 0.0152836 0.0132132 0.0079332 0.011829 0.001464 
1.02696e-15 9.7408e-13 6.43123e-12 2.73721e-09 2.8044e-09 5.08377e-07 1.84316e-06 5.46845e-05 0.000115039 0.000430969 0.000541094 0.00114978 0.00261749 0.00251811 0.00146164 0.00176892 0.00148817 0.0017158 0.00226765 0.00246859 0.00201706 0.0042426 0.959314 0.00729877 0.00852767 
8.46129e-11 3.83472e-08 1.08044e-05 8.13943e-05 0.000148776 0.000715606 0.00202163 0.00393274 0.00582531 0.00666356 0.00698869 0.00524418 0.0099749 0.0171465 0.861288 0.017618 0.00876163 0.015966 0.00666991 0.00483539 0.00707781 0.00334942 0.00576161 0.00472346 0.00519466 
0 0 0 4.25019e-54 2.99574e-45 3.35211e-36 7.43397e-34 2.92515e-24 2.80431e-18 1.25382e-16 2.19347e-09 2.73014e-08 1.85173e-07 1.04128e-06 2.92888e-05 4.98993e-05 8.721e-05 0.000132365 3.84397e-05 0.000243492 0.000476974 0.000637915 0.000923676 0.000952949 0.996427 
4.00985e-20 1.3339e-17 2.33239e-15 1.13869e-12 3.03186e-13 2.43088e-09 9.81636e-07 1.83704e-05 5.09165e-05 4.89027e-05 5.90465e-05 9.2133e-05 0.00175214 0.00152971 0.00180378 0.00585007 0.958309 0.0106061 0.00267067 0.00375099 0.000994927 0.00216329 0.00188242 0.00528198 0.00313424 
1.64003e-06 0.000331151 0.00233152 0.00743616 0.0175246 0.578579 0.0403255 0.0228104 0.0250551 0.0314828 0.0311696 0.0180482 0.0299177 0.0265045 0.0198521 0.0162063 0.0267928 0.0269867 0.0206055 0.0164581 0.0132983 0.00759203 0.00877988 0.00835493 0.00355511 
2.88319e-11 9.17087e-09 4.21e-06 6.25564e-06 2.32213e-05 0.000132203 0.000938173 0.000203969 0.00107428 0.0014752 0.00169743 0.00128598 0.00296621 0.00561111 0.00261251 0.00319987 0.00259595 0.00284946 0.00592522 0.932916 0.0184688 0.00497396 0.00692539 0.00220954 0.00190482 
6.5146e-05 0.00329881 0.0105392 0.0264242 0.403332 0.0469539 0.0372833 0.0326706 0.0428471 0.0425673 0.0454326 0.0577889 0.0461841 0.03295 0.0246088 0.0205904 0.024701 0.0178102 0.0264016 0.010208 0.0154007 0.00924416 0.0107961 0.00725712 0.00464468 
5.22041e-12 3.09398e-09 6.86406e-07 8.2627e-06 4.21934e-05 0.000109959 0.000764676 0.000211457 0.000449734 0.0003606 0.000628013 0.000691381 0.00254054 0.00432001 0.00159746 0.00177045 0.00130883 0.00139935 0.00430893 0.00244642 0.00378554 0.951699 0.015016 0.00569706 0.000843412 
3.88707e-09 1.30349e-06 2.70524e-05 5.25653e-05 2.3712e-05 7.53388e-05 0.000182782 0.000320451 0.000343073 0.000508522 0.000610661 0.000854931 0.00266916 0.00256425 0.00179139 0.00189 0.00198836 0.00202956 0.00379329 0.00419968 0.00243145 0.951477 0.0140509 0.00735874 0.000755846 
4.34634e-66 2.40811e-63 1.69229e-62 4.20351e-59 2.89657e-50 3.32601e-41 7.69109e-39 3.51461e-29 3.37032e-23 1.24514e-21 8.55613e-13 2.08903e-11 1.20895e-10 1.43906e-10 4.26928e-10 8.54677e-10 6.88024e-08 2.50087e-07 2.31256e-07 3.84651e-07 7.41829e-07 2.56121e-06 0.00097743 0.00223457 0.996784 
0 0 0 0 0 0 0 0 0 0 4.33218e-13 1.05649e-11 6.1165e-11 7.2801e-11 2.15986e-10 4.32351e-10 3.48454e-08 1.26549e-07 2.95486e-08 1.93176e-07 3.01615e-07 2.53935e-06 0.000505213 0.00120715 0.998284 
2.98973e-08 1.01315e-05 5.28008e-05 0.000297093 0.000357907 0.000823407 0.00156905 0.003361 0.0045385 0.00516249 0.00544258 0.00498259 0.0097736 0.0134866 0.856193 0.0196446 0.00832551 0.0168363 0.0070152 0.00484735 0.00404579 0.00468854 0.0109668 0.0119067 0.00567232 
5.107e-12 2.37805e-09 1.1311e-06 1.28688e-06 4.46387e-07 6.94332e-06 6.49386e-05 0.000145941 0.000188454 0.00050527 0.000566227 0.000980037 0.00245503 0.0021619 0.00162299 0.00206233 0.00157162 0.00170405 0.00236206 0.00247718 0.968166 0.00706041 0.00405606 0.000867305 0.000971989 
5.42428e-08 6.38914e-06 0.000109895 0.000634895 0.000793523 0.00247094 0.0044645 0.0114151 0.0285107 0.817593 0.01086 0.0043601 0.00604522 0.0104235 0.0117977 0.0122489 0.00972401 0.00815757 0.0154812 0.00801339 0.00490276 0.00500259 0.00617657 0.0083059 0.0125017 
4.99743e-16 4.74074e-13 3.13093e-12 1.31757e-09 2.05652e-09 1.70406e-07 5.48219e-07 8.41576e-06 4.22705e-05 0.000266227 0.00034574 0.000854288 0.002339 0.00210233 0.00163632 0.00188193 0.0092316 0.938845 0.0145494 0.00494584 0.00412573 0.00244169 0.00580786 0.00750756 0.00306778 
2.05357e-16 1.94851e-13 1.28605e-12 5.43221e-10 4.82935e-10 9.03017e-08 3.09827e-07 2.61383e-06 2.32633e-05 0.000445025 0.000747079 0.00191854 0.00671853 0.00243976 0.00134758 0.00147677 0.00233638 0.0017776 0.00161623 0.00326202 0.00306987 0.00576696 0.952583 0.00752578 0.00694304 
2.30876e-05 0.000607123 0.00470966 0.0165394 0.0314333 0.0329952 0.0383079 0.0298349 0.0347918 0.0452803 0.0385249 0.127959 0.0348069 0.0280155 0.289909 0.121172 0.0199255 0.026363 0.0155372 0.0096094 0.0125909 0.00967724 0.0136246 0.0112323 0.00652958 
1.95567e-08 2.08822e-06 2.97882e-06 4.42538e-06 1.22054e-05 1.85357e-05 2.88517e-05 5.04388e-05 0.000445733 0.00075246 0.0009139 0.00123336 0.00263489 0.00303378 0.00169857 0.00194962 0.00193653 0.00213327 0.00302165 0.00301619 0.96145 0.00463578 0.00766722 0.00150583 0.00185175 
0.0141566 0.0271719 0.0247599 0.0214343 0.0163412 0.0185879 0.0202146 0.0281933 0.0239297 0.0312483 0.0191912 0.012281 0.0204177 0.0201631 0.0128148 0.0178248 0.00628438 0.0347374 0.0237801 0.0199564 0.0243918 0.535001 0.0124361 0.00972832 0.00495418 
2.76962e-06 9.0476e-05 0.000657461 0.0016705 0.00225797 0.0033804 0.00794416 0.004897 0.00585173 0.00821389 0.00910732 0.0131122 0.0144801 0.0151411 0.00829325 0.012888 0.010115 0.0672607 0.0276692 0.0134195 0.7162 0.030067 0.0122649 0.0128252 0.00218971 
1.68671e-06 6.07943e-05 0.000459382 0.00128364 0.00115529 0.00157736 0.00480358 0.00374306 0.00482445 0.00631501 0.00542508 0.00965526 0.00915009 0.0111166 0.00651431 0.0111591 0.00645124 0.816717 0.0331976 0.0118064 0.0170418 0.0155954 0.00887577 0.0113428 0.00172686 
1.33717e-11 1.14351e-09 4.06711e-07 6.99578e-07 8.93135e-07 3.0234e-06 0.0001152 6.82708e-05 0.000726747 0.000955704 0.00110726 0.00104367 0.00264305 0.00293078 0.00166425 0.00213835 0.00222553 0.00273706 0.00305629 0.00499201 0.958253 0.00326242 0.00750372 0.00220364 0.00236765 
9.98873e-07 5.08348e-05 0.0011308 0.00342681 0.0112259 0.435326 0.0243198 0.0118362 0.0108479 0.0220528 0.0141698 0.0107213 0.0179207 0.0122667 0.00984983 0.0128885 0.163216 0.0307127 0.0175437 0.153374 0.0118142 0.00466475 0.00715634 0.0089786 0.00450415 
0 0 0 0 0 0 0 0 0 0 0 0 0 0 0 0 0 3.98673e-05 0.000100055 0.000290692 0.000623039 0.000932282 0.00133273 0.00155131 0.99513 
4.09137e-57 2.26684e-54 1.59302e-53 8.84527e-52 8.09878e-48 3.88843e-27 7.13569e-25 6.16211e-18 3.44267e-13 1.96016e-18 1.09723e-12 2.09495e-11 1.054e-10 2.54035e-10 2.8434e-09 2.30089e-08 3.95727e-06 1.54924e-06 2.33977e-07 6.63787e-06 9.29227e-06 3.68898e-05 0.00123977 0.992799 0.00590262 
0 0 0 0 0 0 0 0 0 0 3.58369e-13 8.73951e-12 5.05973e-11 6.02228e-11 1.78669e-10 3.57652e-10 2.88203e-08 1.04659e-07 2.44045e-08 1.59699e-07 2.48296e-07 7.3452e-07 0.000409752 0.990096 0.00949307 
4.21559e-10 2.8924e-08 9.30266e-08 3.24222e-07 6.09215e-07 4.2007e-06 1.61293e-05 0.00014931 0.000152995 0.000294193 0.000310644 0.0013859 0.00267789 0.00291021 0.0031608 0.00564865 0.0117945 0.920652 0.015524 0.00484695 0.00210148 0.00399524 0.0110459 0.0108785 0.00244981 
6.35485e-06 0.000682191 0.00181926 0.00401353 0.0030837 0.00259882 0.00227759 0.00447841 0.00528927 0.0261257 0.0114873 0.00803144 0.0148796 0.0165353 0.0103506 0.0185046 0.797366 0.0186649 0.00998641 0.00789981 0.0051912 0.00440889 0.00863905 0.0109428 0.0067375 
7.10921e-10 4.85487e-08 1.6622e-07 9.51958e-07 1.58172e-06 7.75845e-06 9.45516e-05 4.77616e-05 0.000364114 0.000420587 0.00042575 0.00169464 0.00142521 0.0012288 0.000674664 0.00124891 0.00126929 0.00125576 0.00258703 0.00167543 0.000983078 0.00229011 0.972336 0.00835523 0.00161231 
3.01437e-09 7.26394e-07 1.13921e-05 1.35942e-05 8.67779e-06 7.32166e-06 5.8989e-05 0.000919909 0.00120618 0.00165679 0.00201127 0.00205359 0.00700659 0.00555824 0.00633663 0.906196 0.0279176 0.0079704 0.00426066 0.00657202 0.00425796 0.00288471 0.00310509 0.00539111 0.00459417 
1.14937e-08 2.01911e-07 8.4606e-07 1.44247e-06 1.95747e-06 4.13184e-06 1.0005e-05 7.63257e-05 0.00022873 0.000365165 0.000610331 0.000863696 0.00246496 0.00207554 0.00153363 0.0017379 0.00165518 0.00180636 0.00309015 0.00262838 0.00170416 0.958765 0.0173882 0.00221566 0.000772136 
0.000399734 0.0238156 0.0627471 0.0606019 0.030942 0.04163 0.0421886 0.0803533 0.039911 0.0682671 0.0485339 0.0602467 0.0444969 0.0364778 0.0313554 0.0749392 0.0426742 0.0573358 0.0273892 0.0159 0.0286898 0.0414043 0.0190987 0.0123109 0.00829097 
3.0001e-11 9.80069e-09 4.34885e-06 7.6476e-06 7.90508e-06 8.23676e-05 0.000446801 0.000145311 0.000797751 0.00119204 0.00135506 0.00110682 0.00288481 0.00313021 0.00195886 0.00282223 0.00244743 0.00524612 0.944301 0.0103818 0.00419455 0.0022113 0.00570209 0.0086312 0.000942219 
5.92772e-05 0.00232836 0.0125023 0.0291579 0.159379 0.0394575 0.0930274 0.041537 0.045896 0.0577554 0.0503186 0.0447935 0.0435177 0.0357614 0.0281232 0.179682 0.027545 0.0214277 0.0196273 0.0110106 0.0159529 0.0101136 0.0121587 0.0121037 0.00676419 
2.54555e-06 8.92388e-05 0.00083497 0.000990802 0.00107117 0.00143517 0.00442719 0.00271648 0.00394745 0.00707652 0.00472592 0.00662329 0.00867387 0.010143 0.00633131 0.00912321 0.00721281 0.0404787 0.806876 0.0238793 0.0171063 0.0141666 0.0101331 0.0100963 0.00183929 
0.275563 0.566698 0.028578 0.0255505 0.00421507 0.0033021 0.00426058 0.00620725 0.00596875 0.00970841 0.00610679 0.00481486 0.00659033 0.00425734 0.00387773 0.00737142 0.00750431 0.00542822 0.00444713 0.00260579 0.00238789 0.00420641 0.00521419 0.00128724 0.00384874 
2.31687e-11 1.73856e-09 6.13968e-09 4.35844e-07 9.64777e-08 2.03544e-05 6.34084e-05 0.000192707 0.000138545 0.00025473 0.000371183 0.000778785 0.0023856 0.00196348 0.00145009 0.00176764 0.00146206 0.00184615 0.0025744 0.965107 0.00450254 0.00520161 0.00663299 0.00203208 0.00125362 
0.000612182 0.0115306 0.0353178 0.0447219 0.0384088 0.0364292 0.0482152 0.0437512 0.0473161 0.0607769 0.0591499 0.0450658 0.0474702 0.0739447 0.0290442 0.0301335 0.0296427 0.0270085 0.0192977 0.0131803 0.204917 0.0158997 0.0186254 0.0102468 0.00929333 
4.43408e-10 2.22257e-07 4.98299e-05 0.000617798 0.00148667 0.00311334 0.00532304 0.00481495 0.00644226 0.008825 0.0075331 0.104372 0.0133775 0.0130048 0.0127925 0.0139336 0.00890947 0.0120789 0.00598867 0.00382454 0.00457398 0.00270367 0.01072 0.00917702 0.746337 
2.91228e-08 3.60278e-06 1.85876e-05 0.000176571 1.27846e-05 2.55889e-05 0.000118451 5.74652e-05 0.000111897 0.000441976 0.000489363 0.000883004 0.00247708 0.0019665 0.0015003 0.00190178 0.00166933 0.001916 0.0105207 0.00511156 0.00220098 0.941498 0.0156638 0.00789981 0.00333518 
2.45073e-31 7.98725e-29 4.1449e-26 4.67856e-21 5.4411e-20 4.94851e-16 5.1422e-14 3.655e-12 4.8347e-08 6.78878e-10 2.16782e-08 5.10942e-06 4.99615e-05 3.66601e-05 0.000439109 0.000389043 0.000525319 0.00113189 0.00204477 0.00616918 0.00423434 0.00689184 0.955205 0.00974343 0.0131343 
5.58116e-06 0.000340956 0.00367968 0.0166297 0.0284994 0.0328593 0.0344597 0.0285418 0.0341556 0.0442946 0.039732 0.46608 0.0390134 0.0291651 0.0283515 0.022943 0.0170399 0.0318367 0.0245786 0.0122058 0.0165395 0.0093817 0.018678 0.0147722 0.00621593 
1.21157e-08 1.70443e-06 2.82159e-05 9.01144e-05 1.26025e-05 0.000136754 0.000377824 0.00206978 0.00269258 0.00259346 0.00282732 0.00942135 0.00785382 0.00723216 0.00943578 0.850213 0.0118034 0.0112548 0.0113713 0.00800421 0.00457911 0.0157539 0.00798661 0.0288651 0.0053951 
0 0 0 8.91901e-55 6.28655e-46 6.9226e-37 1.49373e-34 5.23439e-25 5.01696e-19 2.58814e-17 1.65298e-14 1.94329e-13 2.89938e-11 1.91248e-10 2.20916e-09 2.48445e-09 3.08993e-09 1.98851e-05 5.11874e-05 0.000161863 0.000249434 0.000328229 0.000414845 0.000849374 0.997925 
1.04436e-07 4.03231e-05 3.76277e-05 6.27137e-05 5.32849e-05 6.9218e-05 0.000220347 0.00010017 0.000860976 0.00117221 0.00128581 0.00119117 0.00280515 0.00313194 0.0018293 0.00259695 0.00232082 0.00260431 0.00350785 0.927329 0.0212006 0.010326 0.0119119 0.00297088 0.00237089 
1.36864e-11 2.28443e-09 2.54831e-07 4.40009e-06 4.04695e-06 0.000259287 0.00101183 0.00349863 0.00458807 0.00440147 0.00523169 0.0045093 0.00901679 0.01076 0.854047 0.0236174 0.0109328 0.0121204 0.0062675 0.00619543 0.00456532 0.00697327 0.0055069 0.020428 0.00606024 
2.06485e-10 1.14481e-07 2.03773e-05 0.000212085 0.000288212 0.001063 0.00438373 0.00566857 0.00878326 0.0101142 0.00792988 0.00640846 0.0125999 0.0143927 0.0203011 0.832874 0.0153129 0.0138847 0.00737268 0.00483206 0.00524183 0.00326437 0.00688421 0.0133212 0.00484632 
5.09501e-11 1.79482e-08 8.03382e-06 9.80584e-06 5.026e-06 0.000275483 0.000925466 0.00283206 0.00462186 0.00449006 0.00442451 0.0040838 0.00911187 0.0103186 0.0119824 0.039644 0.811736 0.0166141 0.00715696 0.00621498 0.00444333 0.00837675 0.00744594 0.0369431 0.00833565 
0 0 0 0 0 0 0 0 0 0 0 0 0 0 0 0 0 0 0 0 0 9.02673e-06 7.69507e-05 0.00024082 0.999673 
1.8097e-11 4.08816e-09 1.96216e-06 1.40565e-06 8.68795e-07 3.6978e-06 0.000112232 6.84764e-05 0.00068031 0.000855712 0.000925233 0.000928293 0.00265966 0.00277103 0.00185942 0.00275134 0.0135841 0.898319 0.0166082 0.0176079 0.0119238 0.00295745 0.00955065 0.0117515 0.00407757 
4.11163e-29 2.14555e-26 7.51414e-25 6.09233e-18 3.94074e-17 1.01852e-12 1.47195e-11 7.07626e-09 6.0113e-05 1.77054e-07 1.60074e-06 1.66753e-05 0.000340923 0.0010186 0.0019076 0.00669574 0.943895 0.0252131 0.00141179 0.00189618 0.000476559 0.00188134 0.00571823 0.00689753 0.00256834 
3.46034e-11 1.23081e-08 5.45937e-06 1.48488e-05 6.15401e-05 0.000385117 0.00152739 0.000629055 0.00170638 0.00186204 0.00208439 0.00153842 0.00319981 0.00647957 0.00277771 0.005472 0.00262021 0.00335877 0.0076036 0.92919 0.00954176 0.00520353 0.00903327 0.00436756 0.00133745 
3.19156e-08 3.46383e-06 4.41045e-05 0.000159187 2.51281e-05 4.13973e-05 0.000125517 9.43014e-05 9.31125e-05 0.000508409 0.000247434 0.000828171 0.00118915 0.000898959 0.000763279 0.000990119 0.000715649 0.00125344 0.00824279 0.00471985 0.0020584 0.0017057 0.0037434 0.971246 0.000302897 
3.20971e-11 1.08711e-08 4.79774e-06 1.39155e-05 4.94673e-05 0.000307706 0.00149987 0.000556255 0.00153804 0.00163469 0.00183566 0.00147955 0.00318847 0.00624802 0.00273521 0.00444885 0.00274812 0.00652062 0.936376 0.0074457 0.00649927 0.0026412 0.00607155 0.00524927 0.00090772 
1.39129e-12 6.98337e-10 2.13488e-07 1.46908e-06 4.37929e-06 1.15e-05 0.000577081 6.2506e-05 0.000499778 0.000826736 0.00103005 0.00106527 0.00255734 0.00514312 0.00202151 0.00212729 0.00208675 0.00342208 0.936475 0.0136779 0.00699803 0.00373976 0.00633719 0.0099197 0.00141537 
4.74586e-15 4.00702e-12 2.88234e-11 1.25327e-08 5.31746e-08 4.09144e-06 7.10326e-05 0.00121299 0.0016291 0.00221959 0.00247804 0.00268452 0.00753982 0.00734733 0.00575773 0.893871 0.0304413 0.00913385 0.00603074 0.00680216 0.00448474 0.00332177 0.00407071 0.0061939 0.00470598 
5.75071e-06 0.000737719 0.00526139 0.0192956 0.0348494 0.0399095 0.0457694 0.0357773 0.0412187 0.0546383 0.0475204 0.0355519 0.0467742 0.38474 0.0297479 0.0269351 0.0189182 0.0315368 0.0217351 0.011725 0.0184889 0.0105743 0.0163606 0.0138141 0.00811465 
1.28736e-05 0.000462403 0.00363503 0.00819417 0.0125092 0.0138792 0.0189149 0.0160295 0.0170484 0.0279464 0.0228977 0.0240856 0.0287103 0.533011 0.0214829 0.0204007 0.0195343 0.0888165 0.0295385 0.0149079 0.0195916 0.0214828 0.016278 0.0138109 0.00681931 
2.09586e-06 0.000127085 0.00103907 0.00309257 0.00491065 0.00556154 0.00660039 0.00454537 0.00488214 0.00765243 0.0066757 0.016357 0.00877866 0.00779854 0.00585486 0.00547605 0.00543263 0.023699 0.0183325 0.00928999 0.00784362 0.822918 0.0170278 0.00450724 0.0015951 
0 0 0 0 0 0 0 0 0 0 0 0 0 0 0 0 1.21831e-12 6.60038e-12 1.00722e-11 2.63206e-11 6.765e-11 4.12983e-08 8.69674e-07 0.00182879 0.99817 
1.38754e-09 9.51963e-08 3.06176e-07 1.05957e-06 1.97344e-06 5.10363e-06 1.55995e-05 1.77006e-05 3.07025e-05 3.97965e-05 5.0433e-05 0.00226009 0.000276851 0.000312641 0.000830943 0.000806905 0.000554688 0.000462753 0.0016939 0.00186676 0.00148352 0.00787456 0.966997 0.00704796 0.007369 
1.34315e-49 7.44135e-47 5.24813e-46 2.94963e-41 4.31502e-40 3.41116e-24 6.25985e-22 5.40577e-15 3.02012e-10 1.79385e-15 7.58571e-12 2.25518e-10 9.23864e-10 7.82721e-08 2.13912e-05 3.35326e-05 4.83236e-05 0.000259234 4.38239e-05 0.000699338 0.000181513 0.0004765 0.989979 0.0080371 0.000220026 
4.06374e-17 3.85487e-14 2.58359e-13 4.03598e-10 4.94108e-09 1.39396e-07 5.05353e-05 0.000865793 0.00101043 0.00140768 0.00172041 0.00147503 0.0066472 0.00475808 0.00497047 0.00828556 0.912785 0.0203296 0.0036725 0.00643624 0.00405825 0.00314101 0.00731054 0.00676957 0.00430601 
0 0 0 0 0 0 0 0 0 0 6.44226e-13 1.57107e-11 9.09568e-11 1.0826e-10 3.21187e-10 6.42938e-10 5.18068e-08 1.88128e-07 4.38511e-08 2.87032e-07 4.46212e-07 4.91027e-07 0.000734259 0.991877 0.00738767 
3.83786e-12 2.2394e-09 1.78962e-08 5.75289e-06 2.11744e-06 0.000190552 0.000586318 0.0026807 0.00329855 0.00367246 0.00425229 0.0041967 0.0137128 0.890966 0.0117156 0.0103062 0.00792488 0.00979793 0.00635777 0.00477804 0.00376918 0.00238514 0.00921482 0.00525843 0.00492827 
7.45826e-10 1.74381e-07 4.03572e-05 0.000223749 0.000466553 0.00152493 0.00499588 0.00591497 0.00926246 0.0111897 0.00894295 0.00955336 0.835679 0.0142963 0.0154262 0.0165309 0.00921251 0.0100903 0.00746362 0.00520036 0.00486563 0.00483601 0.00768178 0.0127692 0.00383278 
3.38386e-06 0.000117205 0.00102593 0.00109606 0.00123807 0.00148286 0.00488684 0.00230131 0.00385555 0.00747162 0.00499568 0.00494784 0.0095585 0.0112239 0.00640312 0.00889318 0.00874847 0.0510974 0.800669 0.0203016 0.0156501 0.0147357 0.00953904 0.00760171 0.00215639 
5.80957e-06 0.000340741 0.0250051 0.0281125 0.0182599 0.0466346 0.0221594 0.0607291 0.0264871 0.053097 0.0232859 0.033311 0.0205872 0.218357 0.142546 0.0238454 0.0141513 0.0281453 0.0143034 0.122141 0.0344831 0.00847388 0.0100191 0.00977089 0.0157492 
1.58365e-05 0.00100127 0.00865808 0.0182529 0.0379471 0.0392699 0.0425011 0.0361481 0.0350777 0.0478951 0.0400304 0.0316118 0.0317425 0.0351213 0.0217329 0.0190585 0.0206719 0.0254203 0.0267197 0.0123599 0.0196363 0.0132446 0.417355 0.0128632 0.00566492 
3.11961e-06 0.000317811 0.00402481 0.0193291 0.346898 0.0344817 0.105515 0.0546846 0.0295814 0.0371116 0.0324866 0.0313506 0.0291199 0.0229789 0.0669968 0.0195608 0.0126858 0.0255965 0.0184627 0.066925 0.0110137 0.00860185 0.00941645 0.00868618 0.00417079 
3.03509e-06 0.000104895 0.000895514 0.00139845 0.00141911 0.00176171 0.00535526 0.00329717 0.00464051 0.00806666 0.0057555 0.00846792 0.0107837 0.0124699 0.00704031 0.0109405 0.00840762 0.0507734 0.779728 0.0198768 0.015274 0.0191844 0.00915851 0.0131134 0.00208381 
1.38453e-06 5.19057e-05 0.000494723 0.000600208 0.000625788 0.000742343 0.00228126 0.00148685 0.00224449 0.00428692 0.00238215 0.00579488 0.0045395 0.00577455 0.00415088 0.00626127 0.00390067 0.021195 0.0188429 0.0176559 0.012394 0.0131385 0.85609 0.0131113 0.00195231 
2.1465e-05 0.00152483 0.0611613 0.0160488 0.0239598 0.0241419 0.0276274 0.0256071 0.0284993 0.111195 0.0322089 0.0264291 0.0595269 0.0262106 0.0344496 0.02043 0.0589807 0.174804 0.0172323 0.139605 0.0140459 0.0354949 0.0252994 0.00973711 0.00575897 
4.62543e-10 5.01267e-07 5.27733e-05 0.000330658 0.000598837 0.00180519 0.00556338 0.00618672 0.0100874 0.0116186 0.00990847 0.00667759 0.0118844 0.0143565 0.806066 0.0279885 0.0189844 0.0176017 0.00693373 0.00825705 0.00643864 0.00539106 0.00619588 0.0114734 0.00559901 
3.21252e-05 0.000830542 0.0076349 0.0248214 0.124737 0.0292031 0.0319579 0.0295377 0.146252 0.0479902 0.104765 0.0675354 0.171515 0.0324322 0.0253495 0.0235328 0.0183089 0.027986 0.0174431 0.0112479 0.0168078 0.00843798 0.0145077 0.0109722 0.00616189 
5.67008e-11 2.16363e-08 8.4092e-06 3.94662e-05 7.56248e-05 0.000124794 0.000258656 0.000130917 0.000942105 0.00137558 0.00135883 0.00119671 0.00279122 0.0031512 0.00192193 0.00266101 0.00232308 0.00295153 0.00398004 0.95048 0.00593094 0.00477539 0.00783503 0.00460283 0.0010844 
1.99331e-19 7.33203e-17 4.52254e-14 8.447e-09 7.34852e-08 1.43119e-06 3.77434e-05 0.000157948 0.000327494 0.000240988 0.000209351 2.48102e-05 0.000487588 0.00112837 0.00131726 0.00163237 0.000882728 0.000555922 0.47924 0.00553936 0.00495521 0.00810797 0.488841 0.00333233 0.00298006 
3.53661e-11 1.28337e-08 5.84602e-06 1.26825e-05 5.16363e-05 0.000382314 0.0014618 0.00059349 0.00159366 0.00173249 0.00196644 0.0014911 0.00318293 0.00633152 0.00281923 0.00471889 0.00262279 0.00294048 0.00725951 0.927375 0.0138362 0.00489844 0.00919763 0.00302825 0.00249804 
3.65908e-17 3.47134e-14 2.30637e-13 1.01501e-10 1.32108e-10 1.4879e-08 7.71678e-08 2.43311e-06 3.06771e-05 0.000152177 0.000291167 0.000629617 0.00229428 0.00138817 0.0012237 0.00149441 0.00112593 0.00118603 0.00200991 0.00232984 0.001537 0.962361 0.0169653 0.00425155 0.000726641 
8.71932e-08 5.27002e-06 6.05305e-05 0.000121513 0.000131318 0.000170338 0.000455766 0.000377475 0.00111677 0.00187258 0.00140006 0.00258331 0.00294161 0.00364358 0.00319881 0.00429877 0.00245259 0.00345867 0.00977741 0.0080096 0.0101663 0.019128 0.917214 0.00512079 0.00229465 
7.62747e-10 4.80581e-08 3.32808e-07 1.56251e-06 7.19084e-06 7.68485e-06 2.99649e-05 5.66721e-05 0.000275464 0.000599458 0.000737885 0.00146805 0.00253829 0.00278081 0.00167849 0.00209682 0.00170646 0.00177601 0.0025321 0.00244495 0.00159538 0.95716 0.0162608 0.00344043 0.000805318 
1.2167e-07 6.28583e-06 0.000166975 9.41663e-05 0.000213436 0.000550684 0.00211678 0.000942859 0.00221068 0.0035861 0.00285942 0.00377605 0.00449725 0.00682934 0.00387958 0.00765968 0.00340722 0.00709698 0.887169 0.0281445 0.0104301 0.00677738 0.00671325 0.00998369 0.000888858 
0.00282972 0.0383108 0.0733103 0.0505895 0.0317852 0.0268735 0.040774 0.0404486 0.0506615 0.0676616 0.0438544 0.0401113 0.0466092 0.0311042 0.0307677 0.0313196 0.0283293 0.0481988 0.0329072 0.0235824 0.173635 0.0135666 0.016664 0.00821793 0.00788821 
6.48562e-06 0.000539942 0.00331026 0.0128374 0.030464 0.03397 0.0350532 0.0309915 0.0355855 0.0483489 0.0418814 0.0343488 0.0377582 0.412288 0.0364741 0.0300887 0.0207021 0.0536838 0.0202584 0.016453 0.0175995 0.00966892 0.0174481 0.0120947 0.00814533 
1.66654e-08 4.77454e-07 7.05863e-06 6.21564e-06 9.05683e-06 2.74821e-05 0.000106689 3.71255e-05 0.000121789 0.000387513 0.000389943 0.00311011 0.00214978 0.00207911 0.00119318 0.00143491 0.00125652 0.00144813 0.00281975 0.00292012 0.479834 0.489861 0.0084107 0.00104901 0.00134057 
0 0 0 0 0 0 0 0 0 0 0 0 0 0 0 0 1.62624e-11 8.8104e-11 1.34447e-10 1.41939e-05 6.35734e-05 9.71676e-05 0.000205603 0.995693 0.00392689 
5.74714e-06 0.0004485 0.00114583 0.00198523 0.00161701 0.00226157 0.00487349 0.00840688 0.00874082 0.00877689 0.00805002 0.00627713 0.0118161 0.0170416 0.0117709 0.0155337 0.807684 0.0232003 0.00911316 0.00893464 0.00875307 0.00512163 0.00993489 0.0121378 0.00636866 
2.28559e-12 1.31567e-09 2.24184e-07 3.50347e-06 6.64761e-06 0.000142506 0.00105509 0.00227434 0.00275586 0.00288569 0.00324851 0.0036036 0.00805636 0.00998898 0.00697438 0.00867542 0.862917 0.0262689 0.015658 0.00830975 0.00827743 0.00319806 0.00882954 0.0109973 0.00587265 
0 0 0 0 0 0 0 0 0 0 0 6.3766e-06 7.39395e-06 0 8.87597e-06 8.66733e-06 0 8.08019e-06 7.38924e-06 0 7.32375e-06 1.78211e-05 7.51618e-05 0.000164981 0.999688 
1.98062e-09 1.48316e-07 5.79314e-06 2.79874e-05 0.000111093 0.000384226 0.00177595 0.000646278 0.00189364 0.00210201 0.00231637 0.00480601 0.00385249 0.00674845 0.00286769 0.00618719 0.00269099 0.00327058 0.00971142 0.00304066 0.919203 0.0165284 0.00804241 0.00252279 0.00126401 
