2727
4.87874e-15 1.51202e-12 2.54321e-09 4.55723e-08 1.01304e-07 1.25662e-06 9.80224e-07 7.34603e-07 2.58829e-06 5.53756e-06 4.3432e-06 1.55884e-05 4.94257e-06 4.43494e-05 0.000108639 4.55946e-05 2.08829e-05 4.71677e-05 2.40488e-05 8.23541e-06 7.1293e-06 1.95887e-05 3.50947e-05 3.58792e-05 0.999567 
1.6021e-05 0.00127477 0.0160728 0.574634 0.0227788 0.016279 0.0247052 0.0260233 0.0258085 0.0408289 0.03576 0.0282639 0.033632 0.0267133 0.0191831 0.0170963 0.0152438 0.0106895 0.0126147 0.00566833 0.01536 0.00506062 0.0154961 0.00602364 0.00477371 
4.84327e-07 6.86976e-05 0.000420675 0.00224965 0.00586377 0.0142028 0.0139974 0.0123698 0.0156812 0.0200967 0.0286439 0.0288666 0.0257433 0.0228711 0.0201483 0.0252683 0.0193973 0.0230603 0.0126242 0.0130578 0.0148185 0.00632342 0.022683 0.0226249 0.628918 
6.39838e-12 1.41998e-11 5.88347e-06 9.16102e-05 0.000113593 0.000405782 0.000936869 0.0029747 0.00242298 0.00361244 0.00459796 0.00372966 0.00413888 0.00906583 0.00855118 0.897425 0.0111141 0.00946767 0.00633231 0.0063144 0.0063175 0.00416155 0.00437214 0.00959922 0.00424875 
4.09059e-07 6.97074e-05 0.00140595 0.00368059 0.322494 0.0219862 0.0262935 0.0093415 0.00976773 0.0243579 0.0138745 0.0111814 0.0196766 0.0102533 0.00823132 0.0119467 0.0122129 0.0142774 0.440807 0.00444639 0.00946329 0.00301275 0.0066203 0.00981482 0.00478426 
2.99396e-13 2.46582e-11 1.74483e-07 1.90958e-06 1.04278e-05 1.14562e-05 0.000587945 0.000119753 0.000541087 0.000515649 0.000505946 0.000658633 0.000557237 0.00230707 0.000816585 0.000957856 0.000988505 0.00133724 0.00423041 0.0009965 0.0019129 0.000739825 0.974474 0.00751646 0.000212904 
1.7912e-06 0.00040905 0.00508178 0.0135657 0.0244222 0.496845 0.0355388 0.0370864 0.0319226 0.0424783 0.0394142 0.0331466 0.0359731 0.0305188 0.0258207 0.0340973 0.0213653 0.021916 0.016154 0.00841848 0.0141478 0.00824478 0.00920055 0.00879335 0.00543804 
2.08028e-05 0.000764081 0.0069058 0.0107156 0.0182867 0.0202859 0.0282071 0.0232351 0.0230524 0.0331481 0.0307517 0.0257869 0.0289219 0.027173 0.0191195 0.588508 0.0188515 0.0168627 0.0161051 0.0112317 0.0164943 0.00779186 0.00927023 0.0121345 0.00637618 
4.71681e-07 0.000757852 0.00328413 0.0133876 0.0177172 0.0170536 0.0203298 0.0230375 0.0219247 0.0372663 0.607983 0.0304292 0.0322861 0.0326138 0.0217609 0.0227447 0.0203893 0.0169176 0.0109685 0.00821663 0.0108631 0.00670457 0.00920483 0.00832886 0.00582967 
4.59084e-05 0.00294307 0.020751 0.0258718 0.0314683 0.0276141 0.0367482 0.03133 0.0377727 0.0723623 0.052969 0.0452383 0.0504913 0.0509042 0.0280807 0.0268423 0.0291057 0.0212227 0.021781 0.00985144 0.0209777 0.313087 0.0226762 0.0103924 0.00947299 
1.85961e-17 2.64122e-15 4.82002e-14 5.887e-08 1.21668e-07 9.20605e-07 2.42219e-05 3.88444e-05 0.000372299 0.000548473 0.000809264 0.000810903 0.000830249 0.00208679 0.00141943 0.00152677 0.00162283 0.00196662 0.00243855 0.00153558 0.00105655 0.964058 0.0114918 0.00676421 0.000597933 
2.982e-11 6.47343e-11 2.75036e-05 0.000248839 0.000360214 0.00167719 0.889717 0.0212239 0.00691753 0.00982208 0.00388993 0.00296043 0.00248054 0.00308745 0.0115768 0.0231689 0.00482958 0.00763834 0.00360181 0.00138921 0.00265006 0.000294034 0.000987148 0.000711889 0.000739263 
0 0 0 0 0 0 0 1.99332e-15 1.23023e-09 3.22174e-14 6.98097e-10 1.04278e-07 6.61456e-07 3.84028e-06 1.96804e-05 5.45046e-05 3.50514e-05 6.88756e-05 0.00035474 0.988148 0.0033229 0.00154448 0.00336838 0.00293619 0.000142924 
1.40206e-31 2.86983e-31 3.90497e-28 9.78967e-26 7.16733e-22 6.16087e-18 1.64923e-13 4.15301e-12 1.30911e-09 4.40027e-11 5.04433e-09 1.09151e-08 1.66538e-07 2.41972e-05 3.27636e-05 7.87919e-05 9.09696e-06 0.000121776 5.75537e-05 0.000165087 0.000232842 0.00229458 0.985744 0.0061727 0.00506672 
0.000194374 0.00275951 0.00966882 0.0098574 0.00946216 0.0153956 0.0510576 0.370122 0.322141 0.0168498 0.0299868 0.0164533 0.0228385 0.0256398 0.0103738 0.00934875 0.0139672 0.0108331 0.00500433 0.0160034 0.00866418 0.00575422 0.00673011 0.00390073 0.0069939 
0.00029867 0.00570428 0.022048 0.0278268 0.0325149 0.0275313 0.0328732 0.0355926 0.0397604 0.0581931 0.0639268 0.0453311 0.0595712 0.0534632 0.0270527 0.0283982 0.026282 0.0237848 0.0169512 0.0110654 0.0221196 0.301893 0.0199439 0.00895601 0.00891737 
5.07185e-07 6.20556e-05 0.00060624 0.00137142 0.00256669 0.00670211 0.0164266 0.00383411 0.00426431 0.00750657 0.0107166 0.00895018 0.00955547 0.0136189 0.00459151 0.00560182 0.0114001 0.0165078 0.0182027 0.00522516 0.822385 0.0116665 0.0111574 0.00546352 0.00161659 
2.88987e-12 6.15629e-12 2.66306e-06 1.64251e-06 7.90286e-07 2.25859e-05 0.000396074 9.92578e-05 0.000508229 0.00077292 0.00112006 0.000856334 0.000917796 0.00232403 0.00157552 0.00169006 0.00180812 0.00488692 0.96544 0.0038959 0.00417926 0.00118568 0.00295171 0.00472213 0.000642646 
0 0 0 0 0 0 0 0 0 0 0 0 0 0 0 0 0 0 0 1.76663e-05 8.39895e-05 0.000139656 0.000197486 0.00051411 0.999047 
4.41577e-20 6.26926e-18 1.14458e-16 6.21614e-10 7.28813e-10 1.57539e-08 4.19942e-08 2.91687e-06 1.92332e-05 4.16108e-05 0.000226105 2.97309e-05 0.000467104 0.000734201 0.0029322 0.959122 0.0133359 0.00541564 0.00107405 0.00215015 0.000732666 0.00238789 0.000967901 0.00797752 0.00238318 
1.06994e-16 1.38593e-14 9.01984e-12 5.96945e-06 9.80012e-07 0.000120329 0.000374697 0.0022326 0.00176024 0.00289036 0.00328884 0.00295719 0.00375959 0.00611964 0.00714904 0.916901 0.00987556 0.0085002 0.00526572 0.00587035 0.00407005 0.00239485 0.00349368 0.00926936 0.00369996 
3.05023e-12 7.42974e-12 2.81027e-06 1.92541e-05 2.86411e-05 0.000100102 5.68407e-05 8.76658e-06 1.04816e-05 0.000310437 0.000332151 0.000782519 0.000625631 0.00150501 0.00564609 0.956801 0.00491595 0.00755205 0.00127887 0.000736472 0.00150523 0.000988241 0.00218491 0.0116515 0.00295697 
0 0 0 0 0 0 0 0 0 0 7.88132e-16 1.01552e-13 6.11311e-13 8.35035e-13 5.47397e-12 1.85086e-11 3.50234e-10 3.60056e-08 2.00835e-08 1.62301e-08 1.21656e-06 4.75386e-08 1.0716e-07 0.988895 0.0111033 
2.9644e-07 6.54115e-05 0.000668001 0.00138884 0.00265649 0.0058314 0.00799068 0.00635727 0.00527852 0.0075574 0.00639767 0.00790398 0.00866106 0.0112089 0.00594982 0.0103572 0.0115608 0.787192 0.0278339 0.0226601 0.0168575 0.0166053 0.014702 0.0114321 0.00288328 
5.93889e-14 1.41752e-12 2.74215e-08 2.43248e-05 6.83134e-05 0.000114495 0.000459359 0.000575946 0.000754185 0.00106033 0.00115563 0.00102788 0.00115833 0.00276199 0.0018165 0.00209477 0.00187719 0.00240864 0.00312964 0.00211086 0.0014773 0.00494453 0.964382 0.00592745 0.000670195 
0.000803119 0.0336611 0.0115501 0.0105349 0.0121674 0.0286839 0.0234431 0.0156333 0.01846 0.0285859 0.0276858 0.0126727 0.601596 0.0188891 0.0173474 0.0243179 0.00884013 0.0209048 0.0205034 0.0182556 0.0164878 0.00684413 0.00759489 0.00567643 0.00886154 
0.000267729 0.00573855 0.0231645 0.0337763 0.0271936 0.0213008 0.0252883 0.0319129 0.0345244 0.0497953 0.0525293 0.0522085 0.0507274 0.0385242 0.0258083 0.0266261 0.0235327 0.0200928 0.0158777 0.00842263 0.0237127 0.0112838 0.0228258 0.362139 0.012727 
1.1117e-11 2.53377e-11 1.02349e-05 0.000256264 0.000339441 0.000695255 0.00219434 0.00384228 0.00362992 0.00507842 0.00564193 0.717376 0.00818842 0.0088256 0.191255 0.00956716 0.00688256 0.00616156 0.00478139 0.00387591 0.00381287 0.00209329 0.00491785 0.00845603 0.00211896 
4.03664e-16 5.73311e-14 1.04628e-12 1.19476e-05 6.98254e-06 1.64098e-05 0.000270906 0.00147155 0.00141502 0.00254115 0.00245062 0.00239637 0.00310781 0.00534529 0.00505813 0.0065699 0.921141 0.0125406 0.00583302 0.00584386 0.00418485 0.00321793 0.00424669 0.00800202 0.0043282 
5.32639e-10 3.01581e-06 0.000225828 0.00150126 0.00241392 0.00525748 0.00904018 0.00793482 0.0107799 0.0127576 0.0176144 0.830303 0.0127439 0.00988773 0.0103585 0.0136525 0.00824927 0.0113749 0.00585348 0.0065331 0.00549215 0.00296274 0.00659311 0.00554193 0.00292496 
4.52437e-09 8.71017e-06 6.55435e-05 3.4573e-05 9.36844e-05 0.000253027 0.00154959 0.000581489 0.00143725 0.00190716 0.00209213 0.00131764 0.00202263 0.00455335 0.00221979 0.0027556 0.00197589 0.00550696 0.935762 0.0126851 0.00836115 0.00286762 0.00743876 0.00384037 0.000669665 
3.59774e-07 0.00018158 0.000554985 0.00124645 0.00315384 0.00649693 0.0146856 0.00430533 0.00414531 0.00650258 0.00695649 0.0110022 0.0101984 0.0174947 0.00478679 0.00665361 0.00898402 0.018685 0.0182674 0.00460484 0.0130347 0.0169273 0.805244 0.0137171 0.00217102 
8.32692e-12 2.0976e-10 1.97814e-06 1.12979e-05 9.74676e-05 0.000123049 0.000362029 0.000231503 0.000732358 0.000542575 0.000893423 0.00090081 0.00107265 0.00297662 0.00152145 0.00141969 0.00160407 0.00190852 0.0053724 0.00268941 0.00329445 0.00380883 0.951603 0.00914503 0.0096874 
2.09918e-11 6.05503e-11 1.89598e-05 0.000315325 0.000375548 0.0012626 0.0038029 0.00523608 0.00681126 0.00786562 0.894079 0.00685414 0.00503911 0.00817161 0.00801278 0.0106148 0.00665415 0.00630913 0.00373497 0.00578344 0.003273 0.0023087 0.00376591 0.00452295 0.00518832 
2.70273e-08 3.05399e-06 0.000114353 0.000308327 0.000220369 0.00062257 0.002511 0.00279709 0.00273211 0.00288413 0.00249285 0.00299334 0.00384926 0.00552813 0.00246926 0.0033939 0.00305634 0.0105727 0.0154599 0.0119899 0.903383 0.0131058 0.00731868 0.00125136 0.000942587 
5.29291e-06 0.000354478 0.0815043 0.0107552 0.0160844 0.0162014 0.0986108 0.315346 0.0220152 0.134025 0.0272382 0.0214931 0.0248626 0.0201981 0.113225 0.019642 0.0106615 0.0133683 0.0109287 0.00645593 0.0116148 0.00466932 0.00866434 0.00667919 0.0053963 
2.36276e-06 0.00270504 0.02569 0.199651 0.0574194 0.0366195 0.318877 0.0523602 0.0322746 0.0927781 0.0265955 0.0144758 0.0186572 0.030449 0.0207665 0.0123093 0.0090141 0.00905683 0.00643626 0.00351991 0.00763359 0.0089586 0.00830808 0.002759 0.00268252 
2.55164e-12 7.25359e-12 2.29559e-06 6.80624e-06 9.11292e-06 6.10926e-05 0.000867993 0.000227481 0.000842568 0.000994132 0.00146398 0.00111297 0.000974085 0.00404129 0.00193208 0.00201708 0.00182158 0.00239432 0.00930324 0.955356 0.00452453 0.00237285 0.00188402 0.00714669 0.000643531 
2.46665e-13 1.01377e-10 2.13521e-07 2.86626e-06 5.24007e-06 0.00017095 0.000670112 0.0025897 0.00216785 0.00320381 0.00411534 0.00370298 0.00433413 0.00630818 0.920811 0.0115058 0.00712897 0.00766588 0.00594843 0.0039934 0.0040066 0.00225117 0.00356004 0.0022954 0.00356181 
3.31609e-07 0.000129744 0.00274953 0.00641105 0.0161484 0.0232809 0.0228127 0.0213619 0.0249436 0.629812 0.0265686 0.0232726 0.0266432 0.0262585 0.0194529 0.0200949 0.0178961 0.0182408 0.0156951 0.0106128 0.0140878 0.0049964 0.00836554 0.00883385 0.0113309 
1.17086e-12 3.91952e-10 7.78407e-07 0.000107232 9.58151e-05 0.000372208 0.00192845 0.00433617 0.00469324 0.00631284 0.00526296 0.00426333 0.00506205 0.0102943 0.0103273 0.0139086 0.00981717 0.00843466 0.00640873 0.00556275 0.00962647 0.0062793 0.862956 0.0107866 0.0131626 
4.85394e-05 0.00119394 0.00630813 0.0254924 0.12352 0.0482171 0.0176947 0.123067 0.0684625 0.233966 0.0517273 0.0647984 0.0344628 0.0200652 0.0310805 0.0481805 0.0124378 0.01296 0.00918463 0.00606333 0.00974073 0.00472959 0.0180721 0.0218556 0.00667179 
2.81346e-09 1.59616e-07 1.30533e-06 7.47383e-06 1.15226e-05 1.27539e-05 2.87922e-05 0.000107658 5.51985e-05 2.40664e-05 1.60959e-05 2.30547e-05 1.34182e-05 7.8139e-05 0.000142605 0.000297314 0.000168917 0.000330928 2.28361e-05 0.000511112 0.000130365 0.000265597 0.98991 0.00735562 0.000485341 
1.69204e-07 0.000151381 0.001316 0.0846352 0.00757679 0.00997601 0.0107278 0.0785409 0.0123835 0.0652891 0.0890718 0.0183309 0.0166632 0.0144622 0.0644719 0.0116965 0.00878148 0.0115159 0.459697 0.00744546 0.00872829 0.00411405 0.00667951 0.00500994 0.00273555 
2.86769e-12 6.2953e-12 2.63669e-06 2.53416e-05 9.46971e-06 3.94366e-05 0.000603675 0.000119282 0.00061802 0.000870903 0.00132146 0.000919532 0.000967051 0.00320483 0.00180962 0.00190094 0.00185374 0.00239362 0.00599501 0.00165546 0.00230903 0.952242 0.0123029 0.00779197 0.00104362 
1.58693e-16 2.25157e-14 4.11357e-13 9.98087e-06 1.61304e-06 1.6974e-05 0.000249716 0.000569419 0.00143802 0.00176805 0.00208258 0.00357234 0.958277 0.00431852 0.0033279 0.00378901 0.00222775 0.00154403 0.00188256 0.000760384 0.000347848 0.000992438 0.00185347 0.00913142 0.00183918 
1.95108e-20 2.77017e-18 5.05726e-17 9.07281e-12 2.14447e-10 5.93153e-08 1.02478e-07 8.86494e-06 1.92798e-05 0.000223744 0.000241026 0.000482034 0.000620745 0.00150657 0.00116395 0.00105868 0.00495595 0.964862 0.0101096 0.00129891 0.00276901 0.00231328 0.00206607 0.00431256 0.00198714 
2.14859e-11 8.72352e-11 2.101e-05 2.37668e-05 4.42569e-05 0.000193906 0.00117437 0.000466967 0.00119408 0.00121629 0.00162829 0.00120171 0.00122743 0.00435794 0.00202837 0.00257247 0.00186537 0.00269867 0.00653897 0.939708 0.0188215 0.00282747 0.00745928 0.00158324 0.00114632 
1.02559e-08 2.43699e-06 0.000115465 0.000200711 0.000184708 0.000462438 0.00237615 0.0017482 0.00215571 0.00275717 0.00237531 0.00266751 0.00340822 0.00516704 0.00244911 0.00329875 0.00277185 0.0095781 0.0154862 0.0131254 0.0126907 0.900936 0.0140715 0.00116149 0.000809675 
1.79257e-13 2.58666e-12 1.09527e-07 3.11156e-05 3.44982e-05 0.000300535 0.00145161 0.00391701 0.00351009 0.00539967 0.00508283 0.00400919 0.0045946 0.0107991 0.010307 0.889645 0.0130732 0.0106165 0.0050387 0.00632743 0.0060708 0.00458144 0.00320982 0.00791705 0.00408297 
2.35132e-13 9.66861e-13 2.08525e-07 2.31313e-06 2.0887e-05 0.000257355 0.0010827 0.00371843 0.00308453 0.00449832 0.00486222 0.00377327 0.00446545 0.00932205 0.00864453 0.0118149 0.889775 0.0151187 0.0057908 0.00644204 0.00563377 0.00454359 0.00505712 0.00698915 0.00510238 
0 0 0 0 0 0 1.70225e-06 2.57839e-05 7.88702e-05 0.000152915 0.000226806 0.000357578 0.000408694 0.000556877 0.000444619 0.000600176 0.000599509 0.000767357 0.000396547 0.000667536 0.000924182 0.000915088 0.00146231 0.00104957 0.990364 
9.9619e-33 2.03907e-32 2.77456e-29 6.95574e-27 5.14969e-23 4.42622e-19 1.18379e-14 3.03138e-13 2.61016e-09 3.19117e-12 1.52145e-08 2.57776e-07 1.43158e-06 4.11303e-06 5.5049e-05 0.00232593 0.963961 0.0176446 0.0026991 0.000952144 0.00028313 0.000455332 0.00200646 0.00659765 0.00301398 
2.24076e-05 0.00965147 0.027907 0.0217477 0.0182072 0.0138261 0.0180573 0.0228323 0.0243293 0.474257 0.0365752 0.0471056 0.0400813 0.0307754 0.0266279 0.0345863 0.0317532 0.0190693 0.0197293 0.0107161 0.0269369 0.0108592 0.0168121 0.00700825 0.0105258 
3.46972e-12 7.81353e-12 3.18552e-06 1.8707e-05 7.48952e-06 4.05965e-05 0.000647939 0.000132724 0.000650176 0.000954234 0.00138872 0.000932181 0.000958724 0.00344345 0.00181769 0.00196021 0.00181552 0.00235296 0.00537425 0.00200616 0.964755 0.00159977 0.0066333 0.00119655 0.00131054 
3.539e-12 2.20112e-10 2.92522e-06 2.08387e-05 7.19634e-05 0.000228808 0.00146363 0.000459901 0.00144908 0.00141328 0.00207481 0.00127481 0.0018315 0.00455718 0.00204976 0.00289934 0.00188323 0.00268214 0.00637435 0.00176705 0.959618 0.00179789 0.00412739 0.000978212 0.000973685 
6.30894e-07 0.000186813 0.0031918 0.00743363 0.0153354 0.0233413 0.0229143 0.647663 0.0227784 0.0284262 0.0268548 0.0219143 0.0254449 0.0236233 0.0191692 0.0209251 0.0155172 0.0194863 0.00908356 0.0083021 0.0109749 0.00635186 0.00828199 0.00827602 0.00452317 
3.75132e-12 1.14325e-11 3.37673e-06 0.000125334 0.000104129 0.000417947 0.00204469 0.00430092 0.00455224 0.00591902 0.00520142 0.00460194 0.0100302 0.0101338 0.0130455 0.0175628 0.016062 0.0159464 0.00585191 0.00578131 0.00692244 0.00462647 0.0108709 0.841009 0.0148858 
2.02939e-09 3.76941e-06 3.94128e-05 1.04515e-05 2.17418e-05 2.64339e-05 0.000658938 0.000152489 0.000574256 0.000888899 0.000573597 0.000714161 0.000659226 0.00235113 0.000914208 0.00101219 0.00106203 0.0022361 0.00648789 0.00654833 0.00388346 0.00324564 0.957578 0.00748395 0.00287335 
6.43815e-10 1.91984e-06 2.77587e-05 9.57154e-06 1.18422e-05 2.42496e-05 0.000148587 2.82244e-05 6.62694e-05 0.0001252 0.000216787 0.000452766 0.000493823 0.000849687 0.000517342 0.000470955 0.000585585 0.000985618 0.00279398 0.001474 0.00102518 0.000677318 0.98083 0.00736635 0.000816554 
3.24666e-07 0.000184582 0.000257755 0.000334293 0.000364799 0.000498276 0.000551174 0.000585065 0.000752722 0.00131998 0.000655575 0.000743149 0.00109049 0.00194604 0.963129 0.00600839 0.00274006 0.00520376 0.00136823 0.00134856 0.000584832 0.00159092 0.00273091 0.00405646 0.00195441 
1.34619e-05 0.000733874 0.00569331 0.0109583 0.0150864 0.0167725 0.0214169 0.0230072 0.184658 0.171395 0.0401345 0.296722 0.0324297 0.0302426 0.022726 0.0211815 0.0173712 0.017561 0.0135343 0.00948822 0.0126921 0.00775959 0.0128421 0.00921039 0.00637068 
2.94394e-12 6.90008e-11 8.51745e-07 6.62786e-05 8.39338e-05 0.000157037 0.000542765 0.000762106 0.00121678 0.00160101 0.00167861 0.00174381 0.00250876 0.00472211 0.899973 0.0282433 0.0087998 0.00695908 0.00512928 0.00551041 0.00479016 0.00289696 0.00306555 0.0146926 0.00485601 
5.35997e-08 6.85309e-06 5.67832e-05 0.000221055 0.000158955 0.000567258 0.00232656 0.000993978 0.00116267 0.00180207 0.00219871 0.00210393 0.00224448 0.00455505 0.00197308 0.00233926 0.00270822 0.00607985 0.00950193 0.93031 0.0109515 0.00583435 0.0085213 0.00224034 0.00114151 
8.44775e-12 1.19667e-10 4.65761e-06 9.92696e-05 0.000103961 0.000192279 0.000676862 0.00047223 0.00061762 0.00186761 0.00189327 0.00124042 0.00356667 0.93331 0.0101097 0.0063824 0.00544917 0.00657633 0.00668149 0.00291642 0.00296676 0.00164387 0.00903572 0.00114697 0.00304649 
3.77302e-12 1.75812e-10 2.973e-06 2.1256e-05 6.51416e-05 0.000225142 0.00119349 0.000439901 0.00126546 0.00122309 0.00170257 0.00118833 0.00135985 0.00450687 0.00206207 0.00277231 0.00190176 0.00260196 0.00638654 0.00163402 0.961777 0.00171355 0.0039603 0.000985856 0.0010107 
0 0 0 0 0 0 0 0 0 0 0 0 0 0 0 9.50555e-06 6.62304e-05 0.000127935 0.000124772 0.000348891 0.000495789 0.000626314 0.00087538 0.00130138 0.996024 
8.49128e-09 1.25946e-06 0.000108623 0.000132439 0.000131625 0.000366715 0.00191958 0.00156528 0.00195165 0.00248706 0.00216854 0.00205303 0.00264747 0.00483753 0.00228522 0.00290414 0.00259713 0.00831561 0.91558 0.0152692 0.0109281 0.00903053 0.00475126 0.00728077 0.000686909 
7.23542e-20 1.02762e-17 1.87539e-16 2.03596e-11 2.15427e-10 3.82011e-07 5.46171e-07 5.28378e-05 6.77616e-05 0.000292082 0.000490662 0.000889227 0.000836637 0.00151835 0.00118298 0.00127088 0.00114611 0.00151106 0.00193311 0.00145302 0.00148422 0.00267861 0.9686 0.00624523 0.00834611 
5.89277e-12 1.66302e-11 5.3142e-06 0.000207046 0.000118468 0.000457255 0.001144 0.00340895 0.0033444 0.00479207 0.00536764 0.00413427 0.00463704 0.0108147 0.905536 0.0123894 0.00705288 0.00864257 0.00549039 0.00457949 0.0060986 0.00270789 0.00335556 0.00221831 0.00349747 
0 0 0 0 0 0 0 0 5.49592e-33 2.29799e-32 6.1143e-10 1.15575e-08 4.40404e-08 8.07108e-07 2.71353e-05 4.38204e-05 6.81576e-05 0.00010612 2.00152e-05 0.000230995 0.000467867 0.000604772 0.000840036 0.000937769 0.996652 
1.08394e-21 7.78668e-19 6.57174e-16 1.75128e-15 1.17401e-14 1.97152e-11 5.23451e-07 1.26723e-05 1.45528e-05 4.66761e-05 3.01638e-05 2.0603e-05 0.000594391 0.0012136 0.00125347 0.00438099 0.971765 0.00700166 0.00152734 0.00225545 0.000511965 0.00200733 0.00109123 0.0047883 0.00148394 
2.05633e-07 0.000118982 0.00184387 0.00557978 0.00932162 0.676457 0.0272802 0.0165334 0.0174903 0.0196308 0.0235251 0.015469 0.0251471 0.0225784 0.0166834 0.0146571 0.0298726 0.0189925 0.0152014 0.0153951 0.00616731 0.00489602 0.00695869 0.00772493 0.00247473 
2.26847e-12 6.27626e-12 2.04599e-06 8.12381e-06 8.31079e-06 5.60022e-05 0.000792643 0.000145787 0.000670737 0.000996945 0.00139533 0.000971544 0.00096621 0.00387033 0.00193102 0.00201301 0.00186978 0.00233451 0.00564287 0.949841 0.0162305 0.00269306 0.00528067 0.00120885 0.00107047 
1.98172e-06 0.000309132 0.00668201 0.015371 0.551987 0.0301854 0.0221221 0.0203721 0.0261966 0.0278561 0.0304541 0.065432 0.0443334 0.0295777 0.021834 0.0197722 0.0146184 0.0105271 0.0212334 0.0061493 0.00988944 0.00647336 0.00948433 0.0064013 0.00273628 
3.52791e-13 1.96008e-12 2.88845e-07 1.9294e-05 2.60822e-05 7.13272e-05 0.000470931 0.000140133 0.000340769 0.000296478 0.000526124 0.000498454 0.000743614 0.0028843 0.00118906 0.00112298 0.000898616 0.00124723 0.00425054 0.00138941 0.00257212 0.963413 0.0125995 0.00462615 0.000673895 
3.05003e-11 2.47902e-07 1.30081e-05 2.41568e-05 1.52542e-05 5.5755e-05 0.000150936 0.000259861 0.000247041 0.000352555 0.000509014 0.000606399 0.000841207 0.00161178 0.00147221 0.00122012 0.00152366 0.00151619 0.00344754 0.0023076 0.00144754 0.962725 0.0128861 0.0061415 0.00062518 
0 0 0 0 0 0 0 0 3.51868e-38 1.47125e-37 3.55697e-17 1.19778e-14 7.38412e-14 1.04132e-13 1.19189e-13 1.64084e-13 4.65873e-13 1.25008e-10 1.6768e-07 8.17372e-10 1.3332e-10 5.37925e-09 2.01477e-08 0.00195124 0.998049 
0 0 0 0 0 0 0 0 0 0 0 0 0 0 0 0 9.29711e-27 5.3689e-26 8.48713e-26 2.2187e-25 3.45642e-12 3.32047e-07 1.08227e-05 0.00107617 0.998913 
4.22062e-09 9.83016e-06 4.89967e-05 0.000185402 0.000242809 0.000451391 0.000680661 0.00280317 0.00235101 0.00376301 0.00427127 0.00412566 0.00459373 0.00836476 0.908815 0.0118497 0.00695873 0.00823173 0.00533264 0.00461694 0.00391688 0.00292552 0.0072337 0.00448847 0.00373905 
6.0247e-13 1.23495e-12 5.56603e-07 8.25379e-07 1.39297e-07 4.95888e-06 3.74262e-05 0.000129553 0.000109189 0.000324617 0.000501917 0.000746081 0.000764192 0.00139588 0.00128922 0.00148153 0.00117065 0.00148172 0.00206672 0.00147044 0.978724 0.00487091 0.0025438 0.000209871 0.000675424 
1.14328e-09 1.98069e-06 4.5871e-05 0.000704758 0.000701234 0.0013535 0.00306214 0.00693813 0.0101615 0.877995 0.00869011 0.00312776 0.00500665 0.00647382 0.0102922 0.0101172 0.00707432 0.00948699 0.00388738 0.00590292 0.00407308 0.00316529 0.00393634 0.00466785 0.0131337 
2.03784e-20 2.89226e-18 5.28229e-17 1.08138e-11 4.3618e-10 1.12458e-07 1.6473e-07 7.18401e-06 2.10894e-05 0.000231457 0.000338332 0.000709594 0.000639228 0.00161414 0.00115866 0.00105181 0.00637772 0.954424 0.0116974 0.0040316 0.00403418 0.00213609 0.00196089 0.0066775 0.00288914 
8.83755e-23 1.16767e-20 2.30274e-19 3.85177e-12 3.87632e-11 7.34603e-08 9.55059e-08 1.5578e-06 6.0916e-06 0.000445049 0.000727574 0.00163939 0.0016248 0.00140384 0.00107851 0.00109428 0.00141528 0.00121171 0.00144098 0.00188512 0.00206693 0.00315327 0.96751 0.00642813 0.00686747 
1.75458e-05 0.000370231 0.00294186 0.00855926 0.0146358 0.0182154 0.0211623 0.0213193 0.0220224 0.0283859 0.0269784 0.155176 0.0253766 0.02272 0.379718 0.154188 0.0188868 0.0180692 0.0105353 0.0082983 0.0113219 0.00701204 0.0108137 0.00818485 0.00509148 
1.0576e-09 6.4242e-07 4.05524e-07 3.42117e-07 8.50117e-07 3.34975e-06 1.17309e-05 2.78606e-05 0.000352923 0.000530167 0.000757498 0.000776094 0.000783492 0.00208468 0.0014098 0.00140507 0.00158494 0.00186485 0.00258607 0.00159408 0.975488 0.00194238 0.00505131 0.000752246 0.000991618 
0.000439 0.0132102 0.0127737 0.0131385 0.0144141 0.0233013 0.0192454 0.0254232 0.0207247 0.0293398 0.0221336 0.0113508 0.0222134 0.00954476 0.0125499 0.0153628 0.00416452 0.0279062 0.0199009 0.0170018 0.0255044 0.613648 0.012476 0.00906528 0.00516795 
2.17414e-07 1.79456e-05 9.09832e-05 0.00071389 0.000688169 0.00189915 0.00566258 0.00480006 0.00384551 0.00414448 0.00529496 0.00629876 0.00668507 0.0092275 0.00290228 0.00411989 0.00628879 0.0186371 0.014595 0.00442806 0.857755 0.0275681 0.0108675 0.00229773 0.00117103 
2.73607e-08 3.67041e-06 4.13682e-05 0.00042503 0.000278709 0.000695842 0.00295488 0.0040218 0.00340147 0.00238638 0.00247803 0.00402924 0.00444401 0.00580353 0.00246343 0.00346311 0.00309747 0.899654 0.0202884 0.00496133 0.00986817 0.0133371 0.00654853 0.00457015 0.000784274 
2.12855e-13 4.38836e-13 1.96633e-07 1.93592e-07 2.09796e-07 1.02884e-06 8.78933e-05 3.58557e-05 0.000484569 0.000673089 0.000983186 0.000809809 0.000794767 0.00209181 0.00135854 0.00144991 0.00167532 0.00207753 0.0026603 0.00268563 0.973112 0.0013333 0.00490254 0.00164529 0.00113655 
5.4044e-08 4.69169e-06 0.000143223 0.00040976 0.00024832 0.000842973 0.00317425 0.00296356 0.00274502 0.00311541 0.00273242 0.00328192 0.00400991 0.00582232 0.00245473 0.00329247 0.00378398 0.00982408 0.0217118 0.88897 0.0141491 0.0125716 0.00581773 0.00716725 0.000763431 
0 0 0 0 0 0 0 0 0 0 0 0 0 0 0 0 0 3.97848e-05 0.000100061 0.000290708 0.000623074 0.000894385 0.0013135 0.00155138 0.995187 
0 0 0 0 0 0 0 1.639e-25 1.01155e-19 2.61884e-36 1.54107e-16 2.00022e-15 6.41229e-14 6.76589e-15 4.71927e-14 1.49672e-12 2.22221e-09 4.51083e-12 1.25419e-11 1.42582e-08 8.73217e-11 2.19756e-09 0.000476607 0.993702 0.00582113 
0 0 0 0 0 0 0 0 0 0 0 0 0 0 0 0 1.78967e-27 1.0335e-26 1.63376e-26 4.27095e-26 1.09355e-25 6.6991e-23 1.22488e-06 0.990503 0.00949574 
1.22502e-19 6.56982e-18 7.15632e-14 1.84571e-11 1.78603e-10 2.66077e-06 3.75059e-06 0.000142919 8.2434e-05 0.000245582 0.000289055 0.000569091 0.000748472 0.00206366 0.00234836 0.00365964 0.00619875 0.949225 0.011207 0.0026828 0.00200389 0.00269094 0.00468148 0.00900613 0.00214829 
1.33704e-07 0.000434575 0.000502923 0.00179663 0.00225948 0.00161203 0.000988502 0.00325064 0.00242209 0.0164758 0.0073331 0.0050166 0.00756408 0.00894487 0.00704179 0.0107246 0.867826 0.0138435 0.00769105 0.00631409 0.00467371 0.00407237 0.00490336 0.008823 0.00548463 
5.10626e-09 8.91062e-07 0.000124923 0.000103633 0.000119571 0.000416376 0.00188755 0.00115611 0.00179235 0.0026789 0.00225465 0.00187966 0.00247008 0.00465118 0.00236234 0.00308271 0.0024564 0.0069754 0.0143137 0.0135363 0.011866 0.909092 0.0145697 0.00142681 0.000782488 
1.69781e-15 4.55207e-15 1.56147e-09 7.90734e-08 1.04453e-07 9.64102e-07 7.7099e-05 2.23717e-05 0.000235998 0.000345424 0.000358739 0.000495308 0.000339714 0.000961303 0.000554228 0.000646637 0.000898359 0.00109055 0.0024375 0.000918537 0.000735984 0.000566964 0.979913 0.0078989 0.00150231 
3.22098e-12 6.59304e-12 2.97583e-06 1.07324e-05 1.76682e-06 5.12964e-06 3.39851e-05 0.000652008 0.000410025 0.00149749 0.00138787 0.00143327 0.00241144 0.00382444 0.00372059 0.933956 0.0224412 0.00435912 0.00317712 0.00532465 0.00379019 0.00255784 0.00174527 0.00438419 0.00287242 
4.05546e-09 1.25251e-07 3.50256e-07 5.12089e-07 8.20325e-07 2.48873e-06 4.37601e-06 7.06794e-05 0.000167648 0.000292192 0.000542202 0.000683414 0.000698658 0.001426 0.00125467 0.00122038 0.00129628 0.00162252 0.00289182 0.00148939 0.00101365 0.969009 0.0149319 0.000729601 0.000651581 
3.27194e-05 0.00922493 0.0250567 0.0341332 0.0247588 0.0223067 0.0274566 0.166211 0.0311314 0.0630655 0.0461396 0.0759212 0.0448042 0.039702 0.0339517 0.166563 0.0383839 0.0262573 0.0307943 0.0134536 0.0288206 0.00983267 0.0225832 0.0113334 0.00808257 
2.32836e-12 4.98301e-12 2.14465e-06 1.79389e-05 6.27041e-06 2.93297e-05 0.000405837 0.000102631 0.000510022 0.000796148 0.00115546 0.000870027 0.000883806 0.00233102 0.0015606 0.00171941 0.00176216 0.00309815 0.960139 0.00750832 0.00355159 0.00166831 0.00310438 0.0081181 0.000659355 
2.43679e-06 0.000533432 0.00644236 0.0142648 0.219009 0.0207563 0.0970655 0.025754 0.0270597 0.0357586 0.0352716 0.0395882 0.0364636 0.030273 0.0217767 0.292474 0.01692 0.0148298 0.0145938 0.00789077 0.0131733 0.00692749 0.00897139 0.00894663 0.00525411 
1.27063e-08 4.7242e-06 0.000128074 0.000198434 0.000180395 0.000468817 0.00213756 0.00193648 0.00228166 0.0028474 0.00238287 0.00250906 0.00337904 0.00500622 0.00242551 0.00330477 0.00273792 0.00942369 0.0148105 0.0141034 0.905877 0.0126435 0.00902675 0.0011355 0.00105105 
1.5528e-08 5.30861e-06 0.000130653 0.000193304 0.00016657 0.000477725 0.00201174 0.00223103 0.00233612 0.00275568 0.00225485 0.0022882 0.00280689 0.00485135 0.00234442 0.00302234 0.00247162 0.00947271 0.904693 0.019382 0.0132068 0.00881582 0.00716176 0.00618916 0.000731448 
0.000792228 0.919812 0.00389997 0.00316001 0.00104907 0.00149156 0.00371489 0.00250486 0.00186507 0.00247591 0.00152028 0.0015755 0.00187197 0.00209179 0.00243053 0.00108065 0.000743848 0.0183059 0.00943482 0.00226159 0.0138762 0.00143579 0.000835777 0.000445235 0.00132435 
4.23169e-18 6.61888e-16 3.65123e-12 9.60795e-11 3.62615e-10 1.25972e-05 2.30273e-05 0.000162419 7.6105e-05 0.000229039 0.000356767 0.000529402 0.000681634 0.00127213 0.00115586 0.00127446 0.0011414 0.00121807 0.00204358 0.978989 0.00315108 0.00138598 0.00423318 0.00110422 0.000960053 
0.000448576 0.0107757 0.0237241 0.0226165 0.0245252 0.0253111 0.0295526 0.0349907 0.0374012 0.0487319 0.0516789 0.0386811 0.0465929 0.0949943 0.0235614 0.0256832 0.021783 0.021178 0.0155764 0.0117269 0.344229 0.0127532 0.0183786 0.00773753 0.00736851 
9.73921e-11 2.08214e-09 3.30398e-05 0.000586969 0.00106132 0.00195808 0.00388125 0.00429838 0.00446622 0.00663604 0.00601838 0.108212 0.00795966 0.00773509 0.00762829 0.0100589 0.0074709 0.00866327 0.00480013 0.00362524 0.00386925 0.002111 0.00658787 0.00695386 0.785384 
5.64539e-10 1.14056e-06 5.63926e-06 7.83292e-06 2.93241e-06 5.0353e-06 2.13241e-05 3.23644e-05 4.27538e-05 0.000293671 0.00033024 0.000504738 0.000695386 0.0013076 0.00106101 0.00116641 0.00130704 0.00165585 0.00370981 0.00267042 0.00136875 0.961736 0.0121504 0.00670856 0.00321549 
1.15129e-32 2.35654e-32 3.20654e-29 8.03872e-27 1.9208e-22 1.68108e-18 1.34617e-14 8.05131e-13 1.16675e-08 3.71109e-10 1.02592e-08 1.06269e-06 3.59082e-05 1.83421e-05 0.000336893 0.00032181 0.000355527 0.000105171 0.00155455 0.00253189 0.00235243 0.00417128 0.966788 0.00846686 0.0129606 
6.91694e-07 0.000170155 0.00223716 0.00588164 0.0113014 0.0188254 0.0197153 0.020336 0.0232945 0.0268385 0.0295975 0.642478 0.0265312 0.0220955 0.0184728 0.0209401 0.0157088 0.0199445 0.0163024 0.00951334 0.013153 0.00554566 0.0155185 0.0111016 0.00449704 
1.79365e-10 2.49026e-07 9.61683e-06 1.12747e-06 1.53798e-06 7.50098e-05 0.000121904 0.00161379 0.00106477 0.00213895 0.00213658 0.00253934 0.0031675 0.00480606 0.00620964 0.911635 0.00928096 0.00810334 0.00779715 0.00729523 0.00449265 0.00355534 0.00570986 0.0137798 0.00446469 
0 0 0 0 0 0 0 0 9.01555e-34 3.76964e-33 3.72803e-15 2.57427e-14 1.71522e-13 5.38352e-11 7.52603e-12 1.95414e-10 5.42036e-10 1.86818e-05 5.10553e-05 0.000161279 0.000247174 0.000305501 0.000395638 0.000849224 0.997971 
9.90138e-10 1.81983e-05 1.85873e-05 4.3058e-05 4.14187e-05 3.21401e-05 0.000184903 5.85119e-05 0.000553996 0.00080669 0.00111487 0.000926589 0.000884917 0.00220243 0.00146266 0.00167463 0.00171237 0.00213676 0.00303323 0.94607 0.0185698 0.00655864 0.00857978 0.00198175 0.00133364 
1.17955e-08 2.36785e-05 6.20147e-05 0.0004264 0.000504889 0.00099308 0.00362236 0.00567778 0.007144 0.00898234 0.00765081 0.864734 0.0126474 0.00968444 0.0095014 0.0120826 0.00759418 0.00967646 0.00716711 0.00541828 0.00461742 0.00333643 0.00546601 0.0105951 0.00239217 
1.32748e-13 4.13322e-13 1.19184e-07 4.78297e-07 1.29966e-06 0.000175046 0.000554532 0.00303633 0.00233985 0.00323007 0.0040606 0.00363276 0.00408997 0.00701674 0.910284 0.0116378 0.00835826 0.00771198 0.00547565 0.00619273 0.00462108 0.00354004 0.00380263 0.00642688 0.00381069 
1.08261e-11 1.66288e-10 9.65355e-06 0.000193838 0.000190315 0.000564384 0.00330243 0.00500246 0.00574394 0.00676307 0.00591141 0.00497814 0.00688989 0.00977894 0.0123344 0.878567 0.0128158 0.0110324 0.00523382 0.00463279 0.00511064 0.00271066 0.00419876 0.00962395 0.00441115 
4.62692e-12 9.50542e-12 4.27465e-06 5.96208e-06 2.19688e-06 0.000155829 0.000589386 0.00242474 0.00233286 0.00321189 0.00361252 0.00329484 0.00409823 0.00650245 0.00774818 0.0245588 0.880567 0.011607 0.00575837 0.00633567 0.00457285 0.00381012 0.00533358 0.0181422 0.00533118 
0 0 0 0 0 0 0 0 0 0 0 0 0 0 0 0 0 0 0 0 0 9.02673e-06 7.69507e-05 0.00024082 0.999673 
1.06875e-12 2.1931e-12 9.87386e-07 7.10161e-07 2.14301e-07 1.29567e-06 9.03102e-05 3.83631e-05 0.000474693 0.000653944 0.000845107 0.0007748 0.000761155 0.00222185 0.00140842 0.00180432 0.00949589 0.921872 0.0114099 0.0163574 0.0119867 0.0026049 0.00336342 0.0104266 0.00340709 
1.44813e-32 2.96413e-32 4.03329e-29 1.01113e-26 3.77447e-19 3.3272e-15 1.31654e-12 1.32156e-09 1.91795e-05 1.30803e-07 9.031e-07 3.59399e-06 0.000164334 0.000782718 0.00124045 0.00476326 0.958165 0.0190926 0.00076641 0.00184817 0.000448439 0.00171128 0.00260572 0.00649528 0.00189202 
2.99239e-12 1.12006e-11 2.61776e-06 9.83479e-06 1.92823e-05 0.000243206 0.00111039 0.000440066 0.00123745 0.0012247 0.00162653 0.00118064 0.00115851 0.00436046 0.00200682 0.0025919 0.00185949 0.00256856 0.00658548 0.952518 0.00681568 0.00279306 0.0052303 0.00354087 0.000876666 
0.000359895 0.0230358 0.78795 0.0158101 0.00357925 0.0127132 0.0119657 0.00857853 0.0121754 0.0212979 0.0130091 0.00695435 0.0172546 0.00586441 0.0119276 0.0100285 0.00267515 0.00296691 0.0126174 0.00532986 0.0029858 0.00388461 0.00183768 0.00159452 0.00360357 
7.16153e-10 1.06051e-06 1.40877e-05 4.34179e-06 3.94395e-06 6.54467e-06 1.85328e-05 5.84109e-05 2.60301e-05 0.000224324 9.01461e-05 0.000302483 0.000279962 0.000652713 0.000400349 0.000327883 0.000482136 0.000939395 0.00206821 0.00262613 0.00139452 0.000832253 0.002344 0.986726 0.000177029 
2.63384e-12 9.47574e-12 2.31016e-06 9.94054e-06 1.49169e-05 0.000183099 0.00109371 0.000386608 0.0011057 0.00114063 0.00151202 0.00117049 0.00108967 0.00426621 0.00198709 0.00235937 0.00189547 0.00406115 0.959244 0.00328031 0.00513215 0.00209036 0.00278403 0.00453812 0.000652227 
1.03587e-13 6.89134e-13 8.12561e-08 6.08927e-07 1.38751e-06 3.41719e-06 0.000528856 4.1584e-05 0.000377154 0.000594087 0.000848974 0.000811551 0.000757511 0.00352745 0.00158467 0.00146902 0.00166533 0.00207753 0.955653 0.00955654 0.00511786 0.00286477 0.00245353 0.00915817 0.000907242 
9.75645e-19 1.38173e-16 2.52938e-15 2.16534e-10 1.10412e-08 3.6466e-06 3.77416e-05 0.000940548 0.000665657 0.0018211 0.00177747 0.0020212 0.00281098 0.00470245 0.00425566 0.924135 0.0242104 0.0054344 0.0043575 0.0056001 0.00404014 0.00301818 0.00243997 0.00497576 0.00275167 
1.12439e-06 0.000522172 0.00372094 0.0112314 0.0190223 0.0280697 0.0293647 0.0280513 0.0302161 0.038125 0.0372128 0.0319469 0.0376707 0.539637 0.0221908 0.0232408 0.0184585 0.0214257 0.0152704 0.00999398 0.0161749 0.00751523 0.0137612 0.0110739 0.0061025 
2.56005e-06 0.000172983 0.00144427 0.00339631 0.00615173 0.009005 0.0141556 0.0127045 0.0102488 0.0166262 0.014504 0.016626 0.0164795 0.719556 0.0124417 0.0144667 0.0164592 0.0307253 0.0157438 0.00751893 0.0105568 0.0218839 0.0162667 0.0070165 0.00584721 
2.82014e-07 3.87174e-05 0.000472099 0.000843505 0.00149775 0.00282374 0.00359869 0.00229626 0.00188319 0.00295011 0.00276439 0.00320929 0.00337343 0.00415942 0.00214592 0.00240189 0.00307998 0.00515363 0.00794313 0.0042976 0.00427581 0.923944 0.0149294 0.00106644 0.000850973 
0 0 0 0 0 0 0 0 0 0 0 0 0 0 0 0 1.53058e-27 8.83881e-27 1.39724e-26 3.65264e-26 9.3524e-26 5.72926e-23 7.56309e-07 0.00182879 0.99817 
1.66885e-18 1.38757e-17 1.53735e-12 2.57511e-12 8.62652e-12 7.55735e-11 3.56548e-08 4.3836e-09 3.25653e-08 4.15716e-08 1.27357e-05 2.47128e-06 0.000100051 0.00021187 0.000600068 0.000614633 0.000460699 0.0004233 0.0015451 0.000750031 0.000722688 0.00236084 0.978993 0.00591901 0.00728362 
0 0 0 0 0 0 0 1.20907e-16 7.4621e-11 5.01549e-32 5.42727e-13 1.93081e-11 3.07454e-10 4.21868e-10 2.12376e-05 4.15918e-05 1.54956e-06 5.80873e-05 6.79404e-07 0.000427307 2.79089e-06 1.43217e-06 0.991658 0.00764811 0.00013888 
1.53777e-21 3.1476e-21 4.28294e-18 7.726e-13 7.89312e-12 1.27467e-08 2.86277e-05 0.000588656 0.000330778 0.0013293 0.00116004 0.00107005 0.00222971 0.003517 0.00342892 0.00644108 0.937221 0.0149406 0.00285974 0.00522002 0.00357543 0.00285825 0.00390842 0.00601457 0.00327821 
0 0 0 0 0 0 0 0 0 0 0 0 0 0 0 0 1.83561e-28 1.06003e-27 1.67569e-27 4.38058e-27 1.12162e-26 6.87105e-24 9.07034e-08 0.992618 0.00738216 
6.6354e-17 9.41429e-15 1.72001e-13 3.13036e-06 5.53402e-07 0.000135576 0.000263399 0.00220851 0.00174751 0.0027645 0.0032738 0.00332354 0.00783588 0.91722 0.00693645 0.0081837 0.00675957 0.00787921 0.00489863 0.00452757 0.00367144 0.00199612 0.00824555 0.00397893 0.00414614 
2.15746e-11 7.21358e-11 1.96189e-05 0.000216052 0.000323037 0.000801288 0.00359125 0.00532549 0.00640655 0.00734935 0.00699065 0.00678765 0.874998 0.00925414 0.0115424 0.0133088 0.00770827 0.00872218 0.00623782 0.00509325 0.00469073 0.00308005 0.00547808 0.00908077 0.00299479 
8.40745e-09 5.51265e-06 0.000140822 0.000121533 0.00013738 0.000370489 0.00185742 0.00126989 0.00182034 0.00277631 0.00222307 0.00192997 0.00259521 0.00478483 0.00230532 0.00289288 0.00257106 0.00986649 0.912184 0.0161007 0.013292 0.00807709 0.00727278 0.0046976 0.000707272 
1.08682e-06 0.000174234 0.00237976 0.00651549 0.0111828 0.0204728 0.0154696 0.0154095 0.0188867 0.143588 0.0247379 0.0172699 0.0214906 0.020302 0.569074 0.0212167 0.01725 0.0169506 0.0100796 0.00691623 0.00989451 0.00590558 0.0107876 0.00835089 0.00569424 
4.41916e-06 0.000592283 0.00685817 0.00910893 0.018117 0.0263475 0.0279473 0.0197326 0.0183987 0.0282792 0.024319 0.0241887 0.0248254 0.0305712 0.0142698 0.0144413 0.0177807 0.0186344 0.0205278 0.00796685 0.0139959 0.00937645 0.607539 0.0123605 0.00381703 
1.88041e-07 0.000103306 0.00221963 0.00773628 0.45321 0.0179946 0.116123 0.0534788 0.0165285 0.0181012 0.0178345 0.0298048 0.0221278 0.0177667 0.074333 0.0161253 0.00975806 0.0108867 0.00994635 0.0817531 0.00672216 0.00412063 0.00573071 0.00512585 0.00246898 
2.73221e-08 3.20904e-06 0.000112414 0.000305423 0.000227351 0.000590424 0.00253312 0.00280319 0.00270487 0.00291319 0.00239056 0.00299078 0.00419947 0.00548211 0.00239135 0.00328265 0.00302814 0.0121358 0.902831 0.0138226 0.00919621 0.0120159 0.00600454 0.0073156 0.000719559 
1.18294e-08 9.05896e-06 9.06731e-05 0.000123814 8.88196e-05 0.000167643 0.000955103 0.001112 0.00115821 0.00149888 0.000734072 0.00142789 0.00139392 0.00268299 0.00101528 0.0012456 0.00129349 0.00534279 0.0104217 0.0118003 0.00759928 0.00812197 0.932748 0.00760327 0.00136535 
3.4372e-06 0.00102825 0.0823583 0.00747465 0.00982849 0.0117927 0.0134116 0.0141227 0.0147496 0.125909 0.0197372 0.0172521 0.0484662 0.0181721 0.0348747 0.0137317 0.0526738 0.248199 0.0116697 0.155454 0.0101611 0.0386686 0.0388938 0.00670353 0.00466456 
2.74363e-11 2.65104e-10 2.52155e-05 0.000447635 0.000451092 0.00108758 0.00409861 0.00545483 0.0067032 0.00812283 0.00785906 0.00528487 0.00645967 0.0102502 0.852803 0.0222349 0.0139541 0.0129871 0.00572272 0.00742681 0.00598147 0.00491176 0.00423691 0.00884196 0.00465462 
1.15437e-05 0.000704224 0.0052989 0.0147438 0.153435 0.0175175 0.0195409 0.0207335 0.160333 0.032048 0.120328 0.0750116 0.221645 0.0266628 0.0195947 0.0198016 0.0165159 0.0162778 0.0107998 0.00643947 0.0128337 0.005616 0.0118832 0.00755694 0.00466686 
1.24727e-11 2.36134e-10 5.03593e-06 2.77323e-05 5.92256e-05 5.9099e-05 0.000211732 8.44604e-05 0.000613012 0.000951214 0.00118918 0.000936784 0.000907677 0.00219873 0.00153026 0.00175968 0.00172218 0.00219197 0.00334043 0.967634 0.00412105 0.00230196 0.00401358 0.0033736 0.000767284 
1.2668e-20 2.59296e-20 3.52824e-17 8.8452e-15 8.15172e-14 8.93343e-07 3.14717e-05 3.96917e-05 7.18036e-05 0.000216143 9.00539e-05 4.91988e-06 0.000181015 0.000913431 0.000815976 0.00104634 0.000723708 0.000500655 0.485763 0.00458096 0.00321341 0.00435067 0.49232 0.00267744 0.00245827 
3.19265e-12 1.04626e-11 2.83112e-06 1.07157e-05 1.57529e-05 0.000218871 0.00105954 0.000415535 0.00113995 0.00114824 0.00162517 0.0011448 0.00112633 0.00425772 0.00203907 0.00253401 0.00187404 0.00246292 0.00661485 0.949504 0.0106815 0.00198802 0.00699332 0.00169808 0.00144484 
1.71103e-23 2.17709e-21 4.46984e-20 1.62912e-12 1.64889e-11 9.36403e-09 2.50676e-08 1.97298e-06 7.57234e-06 0.00014707 0.000282411 0.000463215 0.000618873 0.00100545 0.000974365 0.00101111 0.000802926 0.00106435 0.00191191 0.00132825 0.000941067 0.97127 0.0148479 0.00269989 0.000621977 
