2103
1.17504e-13 4.59676e-11 4.50785e-09 4.97622e-08 1.57809e-07 1.24992e-06 1.2143e-06 8.99433e-07 2.96823e-06 4.76056e-06 4.39025e-06 1.46965e-05 6.31516e-06 4.51803e-05 0.000103792 4.45819e-05 2.16114e-05 4.46104e-05 2.39504e-05 8.47411e-06 7.29724e-06 1.89628e-05 3.40963e-05 3.65943e-05 0.999574 
8.03694e-06 0.000210537 0.00208604 0.00539 0.0135584 0.0252678 0.0262374 0.0223654 0.0270187 0.0308109 0.0409113 0.0315201 0.0351068 0.0316908 0.02283 0.0307609 0.0208977 0.0636892 0.0213788 0.0230168 0.0278726 0.014558 0.0233639 0.0227278 0.436722 
6.16912e-11 3.06656e-08 1.17607e-05 4.51127e-05 0.000130952 0.000605061 0.00146207 0.00352087 0.00429186 0.00484261 0.00584559 0.00471967 0.00895425 0.0143156 0.0133004 0.85976 0.0151507 0.0120844 0.00698637 0.0072514 0.00732125 0.00493646 0.00572339 0.0139678 0.00477276 
9.38771e-12 2.23967e-09 4.72668e-07 4.33471e-06 1.96037e-05 3.70191e-05 0.000736069 0.00020884 0.000786994 0.000675288 0.000701011 0.000789388 0.00161744 0.00330237 0.00117684 0.00295932 0.00143636 0.00152696 0.00462947 0.00174925 0.00253546 0.00123226 0.965375 0.00815431 0.000346395 
1.4968e-05 0.000578487 0.00482923 0.0136331 0.0212051 0.0706816 0.364519 0.0742343 0.0343859 0.0386655 0.0518512 0.0398241 0.0258457 0.0206967 0.0205999 0.0224914 0.013339 0.0218714 0.0365577 0.013358 0.0344187 0.053511 0.00958304 0.00783979 0.00546491 
5.32502e-06 0.000448677 0.00322083 0.0144386 0.0213017 0.0246646 0.023868 0.0262289 0.0290934 0.0349388 0.240515 0.0263554 0.0296819 0.0261628 0.0186087 0.0207623 0.0164654 0.0376323 0.317054 0.0190593 0.0173626 0.0201224 0.0143409 0.0127667 0.00490085 
2.43891e-12 1.08663e-10 2.92203e-09 1.51375e-07 4.24396e-07 1.99932e-06 2.94252e-05 5.51939e-05 0.000495488 0.000768099 0.000944316 0.00106115 0.00268424 0.00305717 0.00171975 0.0020506 0.00196168 0.0021943 0.00273044 0.00254771 0.00157066 0.953874 0.0134395 0.00803256 0.000780894 
2.77483e-10 1.27068e-07 5.35964e-05 0.000139504 0.000387949 0.00281696 0.845215 0.0304485 0.0124418 0.0128952 0.00467087 0.00438093 0.00517364 0.00645835 0.0271649 0.0217856 0.00376755 0.0100685 0.0041129 0.0014015 0.00299674 0.000509097 0.00118324 0.000980119 0.00094739 
6.02314e-39 3.33137e-36 2.59716e-35 3.13214e-29 2.17533e-28 4.78024e-23 1.97245e-20 7.48536e-14 4.06846e-09 1.09192e-11 1.28108e-09 1.14033e-07 8.82712e-07 4.0524e-06 1.99503e-05 4.76605e-05 0.000116614 0.00100285 0.000834774 0.977533 0.00515411 0.00462657 0.00721784 0.00318319 0.000258078 
2.77971e-09 6.58101e-08 3.08061e-07 5.64841e-07 1.02556e-06 1.72552e-06 4.16531e-06 5.61864e-06 7.70727e-06 9.82006e-06 8.45034e-06 1.00156e-05 1.19549e-05 5.17777e-05 5.89342e-05 8.84855e-05 0.00034126 0.000684605 0.000102646 0.000319411 0.00187497 0.00441715 0.979777 0.00710129 0.00512153 
0.00032511 0.00631276 0.0265367 0.0419739 0.0405224 0.0561901 0.0658775 0.184973 0.17462 0.0472062 0.0500965 0.0397184 0.0388399 0.0361613 0.0251971 0.0244699 0.0208609 0.0228137 0.0151843 0.0144015 0.0188244 0.0131829 0.012893 0.00966372 0.0131555 
1.3913e-05 0.000359012 0.00337269 0.00833703 0.0146997 0.0238828 0.0237834 0.0191999 0.0221596 0.0204605 0.0250337 0.0181172 0.0219187 0.0241402 0.0135933 0.0190228 0.0148417 0.0515806 0.0293748 0.02207 0.567573 0.0238452 0.0176732 0.0111968 0.00375074 
1.29199e-08 3.45871e-07 6.78564e-06 5.99587e-06 7.84337e-06 8.86978e-05 0.000455265 0.000170546 0.000809038 0.00121111 0.00134893 0.0022175 0.00303642 0.00319418 0.00203982 0.00288845 0.00380669 0.011067 0.935062 0.00698661 0.0105002 0.0033613 0.00559762 0.00517533 0.000962098 
0 0 0 0 0 0 0 0 0 0 0 0 0 0 0 0 0 0 0 1.7666e-05 8.39886e-05 0.000150429 0.000202962 0.000514107 0.999031 
5.32655e-16 4.70489e-13 3.25293e-12 1.26781e-09 2.76901e-09 2.77749e-08 1.13888e-07 8.51533e-06 2.22431e-05 4.59057e-05 0.000374977 0.000172769 0.000726782 0.0011 0.00464925 0.943455 0.0172076 0.00813105 0.00153369 0.00364868 0.00133345 0.00275694 0.00221022 0.00997611 0.00264672 
2.31905e-11 3.79112e-09 3.88982e-08 8.81285e-06 3.42916e-06 0.000179854 0.000663472 0.00273311 0.00369214 0.00407002 0.00412482 0.00384027 0.00874469 0.00981289 0.0130777 0.880892 0.0127863 0.0118633 0.00623381 0.00596698 0.00409866 0.00327133 0.00534456 0.0143428 0.00424931 
6.45851e-08 8.38197e-07 1.07193e-05 3.56751e-05 4.64801e-05 0.000132703 7.80851e-05 1.00323e-05 2.43534e-05 0.000375748 0.000345971 0.000881859 0.00230055 0.00251345 0.0107144 0.925283 0.00645901 0.0129523 0.00263383 0.000806938 0.00149074 0.00285039 0.00528108 0.0213145 0.00345687 
0 0 0 0 0 8.49791e-40 5.03852e-37 6.87166e-27 6.59677e-21 3.17686e-20 1.03786e-12 2.53898e-11 1.47177e-10 1.75183e-10 5.48867e-10 1.13356e-09 8.399e-08 4.47983e-07 1.5163e-07 7.48685e-07 3.72178e-06 1.12718e-06 0.00117305 0.987708 0.0111129 
1.38726e-05 0.000351171 0.00368879 0.00989029 0.0150419 0.0228443 0.0195158 0.0190166 0.0205324 0.0252421 0.0212202 0.0193194 0.0249235 0.0216428 0.0168751 0.0246958 0.0193777 0.529804 0.0439402 0.0319603 0.0322124 0.0319177 0.0188608 0.0216563 0.00545642 
3.76076e-11 1.13005e-08 9.2045e-07 3.74858e-05 0.000114584 0.000223914 0.000637037 0.000719024 0.0013227 0.00199718 0.00141298 0.00132316 0.00318403 0.00401786 0.00229181 0.00348722 0.0022717 0.00270486 0.00365152 0.00314686 0.00211649 0.00708947 0.950321 0.0070541 0.000874044 
1.97834e-10 1.104e-07 2.3194e-05 0.000232405 0.000497005 0.00124655 0.00309796 0.00419393 0.00550174 0.00747194 0.00695984 0.685806 0.0174952 0.0135519 0.186211 0.0120835 0.00809806 0.00861399 0.00571813 0.00398233 0.00452024 0.00267603 0.00780613 0.0113269 0.00288603 
1.8994e-11 5.11832e-09 1.08212e-07 1.30375e-05 1.24028e-05 3.36312e-05 0.000364707 0.00189214 0.00280786 0.00315138 0.00328306 0.00310053 0.00781839 0.00819328 0.00679649 0.00832083 0.887119 0.0193773 0.00817302 0.00734118 0.00465972 0.00359059 0.00844693 0.00967059 0.00583397 
1.46489e-07 4.04432e-05 0.000408302 0.0016287 0.00292582 0.00737298 0.0116453 0.00923031 0.0138222 0.01743 0.0207004 0.773587 0.0230973 0.0143839 0.0125968 0.0148097 0.0107754 0.0126647 0.00715689 0.0152127 0.00637799 0.00444981 0.00741369 0.00842983 0.00383972 
3.29135e-07 1.86096e-05 0.000395122 0.000948778 0.000957237 0.000959736 0.00253489 0.00200992 0.00318817 0.00720863 0.00403115 0.00403592 0.00483798 0.00708494 0.00427385 0.00847324 0.0035172 0.011297 0.868844 0.0212641 0.0159304 0.00917242 0.0105139 0.00747447 0.00102789 
1.3543e-05 0.000419105 0.00330551 0.00702876 0.0125342 0.0206866 0.0217317 0.0174635 0.0196337 0.018729 0.0216747 0.0186264 0.0229292 0.0259685 0.0138621 0.0259672 0.0167602 0.0729828 0.0346358 0.0222743 0.0342029 0.0287262 0.511394 0.0234622 0.00498775 
2.1654e-11 1.05378e-08 3.19329e-06 2.67772e-05 0.000125973 0.000191778 0.000694651 0.000313595 0.000842843 0.000772515 0.00106569 0.00112349 0.00299841 0.00433935 0.00187548 0.00225205 0.00205939 0.00278179 0.00586938 0.00542758 0.0054643 0.00671066 0.934419 0.0107423 0.00989995 
2.82312e-10 1.45637e-07 3.96905e-05 0.000257427 0.000599628 0.00216832 0.00560608 0.0058314 0.0096257 0.0126683 0.854778 0.0136869 0.00920204 0.0117989 0.0105626 0.0120973 0.00793939 0.00755762 0.0045621 0.0061092 0.00380454 0.00389452 0.00436345 0.00716049 0.0056864 
4.75591e-06 0.000138826 0.00123738 0.00446524 0.00575705 0.00946581 0.00982463 0.0117342 0.0129263 0.0100256 0.0102927 0.0107443 0.0134706 0.0134764 0.00870025 0.0139251 0.00885853 0.0453336 0.0283331 0.019859 0.710272 0.0273334 0.0110201 0.00989513 0.00290599 
9.48681e-06 0.00149387 0.0211839 0.165344 0.052831 0.0349064 0.267438 0.0503813 0.0317284 0.0907485 0.030237 0.0194923 0.0244716 0.0306851 0.0234528 0.0166233 0.0125253 0.0394548 0.0169984 0.00846116 0.0186029 0.0187184 0.0112093 0.0093036 0.00369997 
3.09099e-11 1.00934e-08 4.72035e-06 6.36218e-06 2.70842e-05 0.000144186 0.00116785 0.00032546 0.00126806 0.00149309 0.00178029 0.00143888 0.00299668 0.0059053 0.00264898 0.00321416 0.00260146 0.00380147 0.00985121 0.93946 0.00576538 0.00287462 0.00455432 0.00786097 0.00080933 
2.51048e-11 3.20155e-09 4.53937e-07 5.02842e-06 1.15995e-05 0.000255522 0.00109037 0.00301096 0.00401426 0.00458301 0.00524397 0.00457536 0.00962792 0.0111591 0.876753 0.017191 0.00866473 0.017827 0.00756715 0.00423725 0.00404952 0.00269389 0.00716423 0.00511911 0.00515585 
7.68196e-05 0.000977911 0.00555673 0.241145 0.0752525 0.100304 0.0274852 0.0195514 0.0242776 0.10761 0.0501011 0.0381887 0.100144 0.0444909 0.0167672 0.0270809 0.014405 0.0314388 0.0164996 0.00953183 0.0128266 0.00871545 0.0104625 0.00923955 0.00787117 
2.64601e-08 1.21737e-06 7.24425e-06 0.00015647 0.000163704 0.000620794 0.00286785 0.00460896 0.00756925 0.00862429 0.00670593 0.0073487 0.0101547 0.0150255 0.0135891 0.0216849 0.0156241 0.0165413 0.00936304 0.0119426 0.0198695 0.0125464 0.78014 0.0215354 0.0133085 
5.42436e-07 1.53312e-06 9.47566e-06 2.56976e-05 4.33846e-05 2.77721e-05 5.91548e-05 0.000128203 8.1959e-05 5.40085e-05 6.66329e-05 0.000355239 4.20904e-05 0.000133761 0.000223147 0.000338144 0.000225233 0.000380558 0.000318037 0.00113142 0.000353791 0.00104599 0.986683 0.00772833 0.000542558 
7.27529e-06 0.000415101 0.00364024 0.0850728 0.0178981 0.0237251 0.0222222 0.091269 0.0284948 0.0591125 0.0790443 0.0259005 0.0289753 0.0239716 0.0597758 0.0211349 0.0130446 0.04413 0.291394 0.0173459 0.0247365 0.0130627 0.0124105 0.00868147 0.00453556 
2.47433e-08 6.56146e-07 8.12138e-06 1.63544e-05 2.28452e-05 0.000123818 0.000724818 0.000228856 0.00103196 0.00142158 0.00165548 0.00341404 0.00306898 0.00474619 0.00237543 0.00315094 0.00495614 0.00736683 0.00637897 0.00298238 0.0142134 0.916982 0.0146738 0.00916964 0.00128652 
1.15863e-11 4.16032e-09 3.4861e-08 1.03684e-05 4.56652e-06 2.785e-05 0.00033138 0.000635024 0.00193302 0.00255132 0.00254294 0.00587708 0.934761 0.00804686 0.0061197 0.00413278 0.00305857 0.00237167 0.00297588 0.000837267 0.000586957 0.00160839 0.0049215 0.0139516 0.00271396 
3.56751e-16 3.38413e-13 2.23627e-12 9.4119e-10 1.15226e-09 1.04195e-07 3.4651e-07 9.71614e-06 3.53469e-05 0.000246266 0.000248974 0.000612352 0.00240442 0.00199272 0.00155154 0.00178178 0.00702496 0.949884 0.0133201 0.00217146 0.00284699 0.00300793 0.00549753 0.00517465 0.00218884 
8.08443e-11 4.33491e-08 2.351e-05 4.06705e-05 9.70613e-05 0.000343169 0.00159433 0.000649591 0.00164019 0.00188264 0.00207361 0.00154265 0.0033066 0.00646259 0.00279207 0.00507899 0.00262878 0.00307372 0.00729439 0.917032 0.0214246 0.0057944 0.0109793 0.00230833 0.00193706 
4.55719e-11 1.41779e-08 4.38168e-07 3.55708e-05 8.90239e-05 0.000485682 0.00222076 0.00433057 0.00629343 0.0075556 0.00669583 0.00519473 0.0096748 0.015972 0.0136761 0.847971 0.0181688 0.0144211 0.00663197 0.00731417 0.00722054 0.00522319 0.00535592 0.0109322 0.00453641 
2.83863e-11 3.86404e-09 5.00521e-07 7.66131e-06 5.10717e-05 0.000400031 0.00169808 0.00418858 0.00548043 0.00613203 0.00636243 0.00483984 0.00953646 0.0140696 0.0114184 0.0149033 0.847784 0.0212243 0.00791988 0.00736203 0.00646904 0.0051377 0.00904793 0.00951012 0.00645703 
6.00108e-31 3.32493e-28 2.33658e-27 1.29451e-25 1.07625e-21 2.97218e-09 1.78563e-06 2.66207e-05 8.13249e-05 0.000155987 0.000236392 0.000360677 0.000430432 0.000597479 0.000560457 0.000712134 0.000717236 0.000918572 0.000414307 0.000689152 0.000964329 0.000999853 0.00169408 0.00113089 0.989308 
2.03754e-31 6.43749e-29 3.58812e-26 2.57342e-21 3.75879e-20 1.21037e-16 4.07208e-14 1.24478e-12 2.50291e-08 3.33362e-11 5.21061e-08 6.73586e-07 2.72762e-06 7.36252e-06 0.000114487 0.00277402 0.952289 0.0234091 0.00354461 0.00232886 0.000654171 0.000642088 0.00426199 0.0066194 0.00335164 
0.00960648 0.0308331 0.0559404 0.0553705 0.0289999 0.0268304 0.0367022 0.0327113 0.0390086 0.230051 0.0502773 0.0493247 0.0422434 0.034021 0.0281267 0.0472706 0.0321633 0.0465611 0.0228488 0.0127063 0.0236253 0.0213981 0.0204937 0.0120958 0.0107903 
3.69161e-11 1.39231e-08 6.46929e-06 9.40514e-06 1.11661e-05 0.000119231 0.000755152 0.000184934 0.00101955 0.00145557 0.00167339 0.00124661 0.00292524 0.00498718 0.00230066 0.00308821 0.00249765 0.00279384 0.00572314 0.00399487 0.948106 0.00362028 0.0091707 0.00187792 0.00243305 
4.20375e-11 1.97552e-08 6.16526e-06 2.77364e-05 0.000119375 0.000408803 0.00192298 0.000692632 0.00205808 0.00219407 0.00265666 0.00175204 0.0040118 0.00683899 0.00288834 0.00667155 0.00268248 0.00304797 0.00735516 0.00294733 0.938109 0.00385012 0.00600348 0.00201789 0.0017369 
1.17104e-10 6.22222e-08 7.70186e-06 0.000134414 0.000170939 0.000708254 0.00295052 0.00456231 0.00688902 0.00835494 0.00656117 0.00589831 0.01573 0.0160783 0.02292 0.0267273 0.0204878 0.0273439 0.00921567 0.00599516 0.00694331 0.00542345 0.0166148 0.774636 0.0156467 
3.29772e-07 2.15631e-05 0.000362905 0.00142717 0.00069605 0.000626324 0.00160745 0.000815248 0.00206806 0.00512082 0.00204051 0.00280347 0.00263238 0.00388777 0.00322174 0.00476101 0.00380663 0.00591146 0.0288354 0.0290256 0.00668698 0.00704711 0.873862 0.00973681 0.00299564 
7.93631e-08 5.15382e-06 0.000163289 0.00021277 0.000229869 0.000325632 0.000366849 0.000311832 0.000310463 0.000523762 0.000590058 0.00217001 0.00196326 0.00133412 0.00092705 0.000969791 0.00276528 0.00449095 0.00510713 0.00825492 0.00811121 0.00371037 0.948517 0.0076638 0.000975032 
5.00881e-05 0.000527831 0.00158887 0.00148092 0.00127712 0.00121614 0.00161812 0.00180234 0.00222386 0.00316569 0.00172111 0.00173679 0.0020511 0.00339894 0.904855 0.0165267 0.00461329 0.0142595 0.002187 0.00167469 0.00112654 0.00470741 0.00540278 0.0167462 0.00404157 
1.48433e-11 8.66584e-09 1.53695e-06 3.57311e-05 0.00010955 0.000222456 0.000925282 0.00108046 0.00231042 0.00170623 0.00223381 0.00220772 0.0070009 0.00690293 0.852874 0.0385194 0.0113855 0.0129528 0.00538765 0.0055891 0.00506038 0.00578985 0.00478656 0.0272188 0.00569885 
1.91469e-06 6.39441e-05 0.000645917 0.00220814 0.00233594 0.00328059 0.00415021 0.00393517 0.00452159 0.00727613 0.0061863 0.00533275 0.007501 0.008209 0.0059044 0.00650389 0.00885247 0.0255725 0.0253224 0.814529 0.0180285 0.0138611 0.0181011 0.00524973 0.00242594 
5.08221e-11 2.57883e-08 8.86919e-06 6.01964e-05 0.000129569 0.000338711 0.000805317 0.000533325 0.00117615 0.00209816 0.00242488 0.00183159 0.00778222 0.903461 0.0175187 0.0113249 0.0063902 0.0108628 0.00756168 0.00318252 0.00336069 0.00196602 0.0108024 0.00195305 0.00442671 
4.03726e-11 1.85135e-08 6.00772e-06 2.81432e-05 9.14889e-05 0.000381224 0.00160189 0.000655686 0.0017936 0.00190221 0.00216121 0.00155957 0.00350611 0.00675632 0.00288068 0.00597969 0.00269019 0.00295125 0.00721678 0.00294344 0.940001 0.0043635 0.00614174 0.00237031 0.00201795 
0 0 0 0 0 0 0 0 0 0 0 0 0 0 0 1.04416e-05 7.3273e-05 0.000131027 0.000124807 0.000348849 0.000498823 0.000686182 0.000937638 0.00130128 0.995888 
2.46587e-06 6.82305e-05 0.000774314 0.00253449 0.00366334 0.0059894 0.00557953 0.00667542 0.00510672 0.00880486 0.00862511 0.0073016 0.00972605 0.0095684 0.00628395 0.00997608 0.00595632 0.0296233 0.796123 0.0207972 0.0175661 0.0161224 0.00937052 0.0117113 0.00204996 
1.02696e-15 9.7408e-13 6.43123e-12 2.73721e-09 2.8044e-09 5.08377e-07 1.84316e-06 5.46845e-05 0.000115039 0.000430969 0.000541094 0.00114978 0.00261749 0.00251811 0.00146164 0.00176892 0.00148817 0.0017158 0.00226765 0.00246859 0.00201706 0.0042426 0.959314 0.00729877 0.00852767 
8.46129e-11 3.83472e-08 1.08044e-05 8.13943e-05 0.000148776 0.000715606 0.00202163 0.00393274 0.00582531 0.00666356 0.00698869 0.00524418 0.0099749 0.0171465 0.861288 0.017618 0.00876163 0.015966 0.00666991 0.00483539 0.00707781 0.00334942 0.00576161 0.00472346 0.00519466 
0 0 0 4.25019e-54 2.99574e-45 3.35211e-36 7.43397e-34 2.92515e-24 2.80431e-18 1.25382e-16 2.19347e-09 2.73014e-08 1.85173e-07 1.04128e-06 2.92888e-05 4.98993e-05 8.721e-05 0.000132365 3.84397e-05 0.000243492 0.000476974 0.000637915 0.000923676 0.000952949 0.996427 
4.00985e-20 1.3339e-17 2.33239e-15 1.13869e-12 3.03186e-13 2.43088e-09 9.81636e-07 1.83704e-05 5.09165e-05 4.89027e-05 5.90465e-05 9.2133e-05 0.00175214 0.00152971 0.00180378 0.00585007 0.958309 0.0106061 0.00267067 0.00375099 0.000994927 0.00216329 0.00188242 0.00528198 0.00313424 
2.88319e-11 9.17087e-09 4.21e-06 6.25564e-06 2.32213e-05 0.000132203 0.000938173 0.000203969 0.00107428 0.0014752 0.00169743 0.00128598 0.00296621 0.00561111 0.00261251 0.00319987 0.00259595 0.00284946 0.00592522 0.932916 0.0184688 0.00497396 0.00692539 0.00220954 0.00190482 
5.22041e-12 3.09398e-09 6.86406e-07 8.2627e-06 4.21934e-05 0.000109959 0.000764676 0.000211457 0.000449734 0.0003606 0.000628013 0.000691381 0.00254054 0.00432001 0.00159746 0.00177045 0.00130883 0.00139935 0.00430893 0.00244642 0.00378554 0.951699 0.015016 0.00569706 0.000843412 
4.39805e-09 1.31505e-06 2.70975e-05 5.26465e-05 2.38907e-05 7.56236e-05 0.000183469 0.000321346 0.000344339 0.000510106 0.000611949 0.000855963 0.00267008 0.00256659 0.00179316 0.00189282 0.00204175 0.00213252 0.00379477 0.00420086 0.00266951 0.951068 0.0140477 0.00735792 0.000756525 
4.34634e-66 2.40811e-63 1.69229e-62 4.20351e-59 2.89657e-50 3.32601e-41 7.69109e-39 3.51461e-29 3.37032e-23 1.24514e-21 8.55613e-13 2.08903e-11 1.20895e-10 1.43906e-10 4.26928e-10 8.54677e-10 6.88024e-08 2.50087e-07 2.31256e-07 3.84651e-07 7.41829e-07 2.56121e-06 0.00097743 0.00223457 0.996784 
0 0 0 0 0 0 0 0 0 0 4.33218e-13 1.05649e-11 6.1165e-11 7.2801e-11 2.15986e-10 4.32351e-10 3.48454e-08 1.26549e-07 2.95486e-08 1.93176e-07 3.01615e-07 2.53935e-06 0.000505213 0.00120715 0.998284 
2.98973e-08 1.01315e-05 5.28008e-05 0.000297093 0.000357907 0.000823407 0.00156905 0.003361 0.0045385 0.00516249 0.00544258 0.00498259 0.0097736 0.0134866 0.856193 0.0196446 0.00832551 0.0168363 0.0070152 0.00484735 0.00404579 0.00468854 0.0109668 0.0119067 0.00567232 
5.107e-12 2.37805e-09 1.1311e-06 1.28688e-06 4.46387e-07 6.94332e-06 6.49386e-05 0.000145941 0.000188454 0.00050527 0.000566227 0.000980037 0.00245503 0.0021619 0.00162299 0.00206233 0.00157162 0.00170405 0.00236206 0.00247718 0.968166 0.00706041 0.00405606 0.000867305 0.000971989 
1.20918e-07 9.09395e-06 0.000191837 0.00092148 0.00103601 0.00245019 0.00434746 0.0110029 0.0266881 0.753351 0.0106156 0.00428654 0.0058806 0.009924 0.0120329 0.0117343 0.0120839 0.0091269 0.0150716 0.0631307 0.0071053 0.00866901 0.010786 0.00794625 0.0116085 
4.99743e-16 4.74074e-13 3.13093e-12 1.31757e-09 2.05652e-09 1.70406e-07 5.48219e-07 8.41576e-06 4.22705e-05 0.000266227 0.00034574 0.000854288 0.002339 0.00210233 0.00163632 0.00188193 0.0092316 0.938845 0.0145494 0.00494584 0.00412573 0.00244169 0.00580786 0.00750756 0.00306778 
2.05357e-16 1.94851e-13 1.28605e-12 5.43221e-10 4.82935e-10 9.03017e-08 3.09827e-07 2.61383e-06 2.32633e-05 0.000445025 0.000747079 0.00191854 0.00671853 0.00243976 0.00134758 0.00147677 0.00233638 0.0017776 0.00161623 0.00326202 0.00306987 0.00576696 0.952583 0.00752578 0.00694304 
3.52604e-05 0.000684421 0.00598245 0.0190229 0.0342676 0.043299 0.0411415 0.0348619 0.0379309 0.04535 0.0406429 0.112126 0.0381096 0.0295388 0.244867 0.108205 0.0201444 0.0312959 0.0214938 0.0170214 0.0207176 0.0179644 0.0159574 0.0119448 0.00739465 
3.12649e-08 2.48144e-06 5.90596e-06 1.55728e-05 2.48487e-05 3.17319e-05 4.45252e-05 7.49446e-05 0.000539479 0.000782465 0.000960239 0.00125647 0.0026567 0.00305673 0.00171968 0.00198682 0.00229671 0.00279765 0.0030593 0.00305635 0.959803 0.00473706 0.00771298 0.00152365 0.00185466 
0.0141566 0.0271719 0.0247599 0.0214343 0.0163412 0.0185879 0.0202146 0.0281933 0.0239297 0.0312483 0.0191912 0.012281 0.0204177 0.0201631 0.0128148 0.0178248 0.00628438 0.0347374 0.0237801 0.0199564 0.0243918 0.535001 0.0124361 0.00972832 0.00495418 
3.11466e-06 0.000103351 0.00104368 0.0034182 0.00387581 0.00502729 0.00876505 0.00690107 0.00809015 0.0141273 0.0112449 0.0133871 0.0154009 0.0152417 0.00911282 0.013681 0.0104927 0.069305 0.0289529 0.0148929 0.682095 0.0357851 0.0140593 0.0125275 0.00246654 
1.33717e-11 1.14351e-09 4.06711e-07 6.99578e-07 8.93135e-07 3.0234e-06 0.0001152 6.82708e-05 0.000726747 0.000955704 0.00110726 0.00104367 0.00264305 0.00293078 0.00166425 0.00213835 0.00222553 0.00273706 0.00305629 0.00499201 0.958253 0.00326242 0.00750372 0.00220364 0.00236765 
0 0 0 0 0 0 0 0 0 0 0 0 0 0 0 0 0 3.98673e-05 0.000100055 0.000290692 0.000623039 0.000932282 0.00133273 0.00155131 0.99513 
4.09137e-57 2.26684e-54 1.59302e-53 8.84527e-52 8.09878e-48 3.88843e-27 7.13569e-25 6.16211e-18 3.44267e-13 1.96016e-18 1.09723e-12 2.09495e-11 1.054e-10 2.54035e-10 2.8434e-09 2.30089e-08 3.95727e-06 1.54924e-06 2.33977e-07 6.63787e-06 9.29227e-06 3.68898e-05 0.00123977 0.992799 0.00590262 
0 0 0 0 0 0 0 0 0 0 3.58369e-13 8.73951e-12 5.05973e-11 6.02228e-11 1.78669e-10 3.57652e-10 2.88203e-08 1.04659e-07 2.44045e-08 1.59699e-07 2.48296e-07 7.3452e-07 0.000409752 0.990096 0.00949307 
4.90194e-09 1.33242e-07 6.08073e-07 1.26345e-06 2.29174e-06 7.01391e-06 2.27774e-05 0.000157638 0.000164679 0.000308708 0.000322932 0.00139275 0.00268527 0.0029284 0.0031751 0.00565734 0.0122063 0.917844 0.0154892 0.00518182 0.0041156 0.00400416 0.0110274 0.0108556 0.00244868 
6.35485e-06 0.000682191 0.00181926 0.00401353 0.0030837 0.00259882 0.00227759 0.00447841 0.00528927 0.0261257 0.0114873 0.00803144 0.0148796 0.0165353 0.0103506 0.0185046 0.797366 0.0186649 0.00998641 0.00789981 0.0051912 0.00440889 0.00863905 0.0109428 0.0067375 
1.34335e-08 3.49139e-07 1.57458e-06 3.52506e-06 6.25494e-06 1.55585e-05 0.000112551 7.29133e-05 0.000395331 0.000460883 0.000459731 0.00171185 0.00146164 0.00130127 0.000730712 0.00132577 0.00260289 0.00382082 0.00263688 0.00173187 0.00690975 0.00233673 0.961957 0.00832413 0.00161998 
3.01437e-09 7.26394e-07 1.13921e-05 1.35942e-05 8.67779e-06 7.32166e-06 5.8989e-05 0.000919909 0.00120618 0.00165679 0.00201127 0.00205359 0.00700659 0.00555824 0.00633663 0.906196 0.0279176 0.0079704 0.00426066 0.00657202 0.00425796 0.00288471 0.00310509 0.00539111 0.00459417 
1.14937e-08 2.01911e-07 8.4606e-07 1.44247e-06 1.95747e-06 4.13184e-06 1.0005e-05 7.63257e-05 0.00022873 0.000365165 0.000610331 0.000863696 0.00246496 0.00207554 0.00153363 0.0017379 0.00165518 0.00180636 0.00309015 0.00262838 0.00170416 0.958765 0.0173882 0.00221566 0.000772136 
3.0001e-11 9.80069e-09 4.34885e-06 7.6476e-06 7.90508e-06 8.23676e-05 0.000446801 0.000145311 0.000797751 0.00119204 0.00135506 0.00110682 0.00288481 0.00313021 0.00195886 0.00282223 0.00244743 0.00524612 0.944301 0.0103818 0.00419455 0.0022113 0.00570209 0.0086312 0.000942219 
3.12229e-06 0.000110329 0.00142458 0.00390649 0.00406155 0.00415917 0.00611558 0.00719189 0.00699231 0.0170612 0.00941109 0.00757355 0.0105685 0.0107834 0.00782303 0.0107345 0.00805077 0.047566 0.75178 0.0256605 0.0178726 0.0169287 0.0119862 0.00995469 0.00227984 
0.298655 0.452393 0.0539808 0.0201735 0.00646704 0.00630065 0.00808569 0.00919952 0.00984451 0.0147943 0.0110391 0.00916774 0.0090101 0.00651401 0.00629978 0.00853524 0.00695728 0.00917317 0.00766112 0.00458146 0.00913668 0.00596126 0.0109431 0.00261104 0.0125145 
3.97672e-09 9.52444e-08 4.44057e-07 1.23664e-06 1.55269e-06 2.27345e-05 6.91014e-05 0.000200033 0.000148991 0.000267796 0.000381917 0.000787019 0.0023937 0.00198353 0.00146491 0.00178978 0.0018756 0.00264083 0.00258992 0.961909 0.00633149 0.00520614 0.00663352 0.00204353 0.0012572 
0.000639506 0.0132017 0.0347387 0.0452039 0.0373795 0.0363556 0.0481501 0.0445656 0.0515113 0.059014 0.0551656 0.0441352 0.0444219 0.063748 0.0275248 0.0294931 0.0285243 0.027002 0.0197798 0.0134289 0.161329 0.0761152 0.0183342 0.0102918 0.00994601 
4.43408e-10 2.22257e-07 4.98299e-05 0.000617798 0.00148667 0.00311334 0.00532304 0.00481495 0.00644226 0.008825 0.0075331 0.104372 0.0133775 0.0130048 0.0127925 0.0139336 0.00890947 0.0120789 0.00598867 0.00382454 0.00457398 0.00270367 0.01072 0.00917702 0.746337 
5.35039e-08 4.30053e-06 3.89431e-05 0.000238199 7.89116e-05 7.07012e-05 0.000183217 0.000173818 0.000233683 0.00076409 0.000630535 0.000955258 0.00249296 0.00202732 0.0020249 0.00200607 0.0040732 0.00227397 0.0103647 0.0359406 0.00351228 0.90221 0.0187288 0.00773237 0.00324071 
2.45073e-31 7.98725e-29 4.1449e-26 4.67856e-21 5.4411e-20 4.94851e-16 5.1422e-14 3.655e-12 4.8347e-08 6.78878e-10 2.16782e-08 5.10942e-06 4.99615e-05 3.66601e-05 0.000439109 0.000389043 0.000525319 0.00113189 0.00204477 0.00616918 0.00423434 0.00689184 0.955205 0.00974343 0.0131343 
1.00251e-07 4.2975e-06 6.69957e-05 0.000213546 0.000130604 0.00022849 0.000525379 0.00215966 0.00284094 0.00314917 0.00296901 0.00896933 0.00762422 0.00723556 0.00934043 0.784909 0.0193506 0.0248532 0.0110948 0.0197772 0.0371885 0.0157224 0.00946651 0.0270341 0.00514632 
0 0 0 8.91901e-55 6.28655e-46 6.9226e-37 1.49373e-34 5.23439e-25 5.01696e-19 2.58814e-17 1.65298e-14 1.94329e-13 2.89938e-11 1.91248e-10 2.20916e-09 2.48445e-09 3.08993e-09 1.98851e-05 5.11874e-05 0.000161863 0.000249434 0.000328229 0.000414845 0.000849374 0.997925 
1.04436e-07 4.03231e-05 3.76277e-05 6.27137e-05 5.32849e-05 6.9218e-05 0.000220347 0.00010017 0.000860976 0.00117221 0.00128581 0.00119117 0.00280515 0.00313194 0.0018293 0.00259695 0.00232082 0.00260431 0.00350785 0.927329 0.0212006 0.010326 0.0119119 0.00297088 0.00237089 
1.36864e-11 2.28443e-09 2.54831e-07 4.40009e-06 4.04695e-06 0.000259287 0.00101183 0.00349863 0.00458807 0.00440147 0.00523169 0.0045093 0.00901679 0.01076 0.854047 0.0236174 0.0109328 0.0121204 0.0062675 0.00619543 0.00456532 0.00697327 0.0055069 0.020428 0.00606024 
2.06485e-10 1.14481e-07 2.03773e-05 0.000212085 0.000288212 0.001063 0.00438373 0.00566857 0.00878326 0.0101142 0.00792988 0.00640846 0.0125999 0.0143927 0.0203011 0.832874 0.0153129 0.0138847 0.00737268 0.00483206 0.00524183 0.00326437 0.00688421 0.0133212 0.00484632 
5.09501e-11 1.79482e-08 8.03382e-06 9.80584e-06 5.026e-06 0.000275483 0.000925466 0.00283206 0.00462186 0.00449006 0.00442451 0.0040838 0.00911187 0.0103186 0.0119824 0.039644 0.811736 0.0166141 0.00715696 0.00621498 0.00444333 0.00837675 0.00744594 0.0369431 0.00833565 
0 0 0 0 0 0 0 0 0 0 0 0 0 0 0 0 0 0 0 0 0 9.02673e-06 7.69507e-05 0.00024082 0.999673 
1.8097e-11 4.08816e-09 1.96216e-06 1.40565e-06 8.68795e-07 3.6978e-06 0.000112232 6.84764e-05 0.00068031 0.000855712 0.000925233 0.000928293 0.00265966 0.00277103 0.00185942 0.00275134 0.0135841 0.898319 0.0166082 0.0176079 0.0119238 0.00295745 0.00955065 0.0117515 0.00407757 
4.11163e-29 2.14555e-26 7.51414e-25 6.09233e-18 3.94074e-17 1.01852e-12 1.47195e-11 7.07626e-09 6.0113e-05 1.77054e-07 1.60074e-06 1.66753e-05 0.000340923 0.0010186 0.0019076 0.00669574 0.943895 0.0252131 0.00141179 0.00189618 0.000476559 0.00188134 0.00571823 0.00689753 0.00256834 
3.46034e-11 1.23081e-08 5.45937e-06 1.48488e-05 6.15401e-05 0.000385117 0.00152739 0.000629055 0.00170638 0.00186204 0.00208439 0.00153842 0.00319981 0.00647957 0.00277771 0.005472 0.00262021 0.00335877 0.0076036 0.92919 0.00954176 0.00520353 0.00903327 0.00436756 0.00133745 
7.07337e-08 5.36587e-06 0.000100098 0.00037157 0.000222984 0.000149863 0.000267657 0.000430043 0.000380793 0.00146016 0.000639467 0.000959518 0.00133206 0.00105191 0.00124727 0.00124062 0.00272293 0.00220313 0.00855686 0.0253676 0.00339372 0.00343481 0.0067543 0.937352 0.000355512 
3.20971e-11 1.08711e-08 4.79774e-06 1.39155e-05 4.94673e-05 0.000307706 0.00149987 0.000556255 0.00153804 0.00163469 0.00183566 0.00147955 0.00318847 0.00624802 0.00273521 0.00444885 0.00274812 0.00652062 0.936376 0.0074457 0.00649927 0.0026412 0.00607155 0.00524927 0.00090772 
1.39129e-12 6.98337e-10 2.13488e-07 1.46908e-06 4.37929e-06 1.15e-05 0.000577081 6.2506e-05 0.000499778 0.000826736 0.00103005 0.00106527 0.00255734 0.00514312 0.00202151 0.00212729 0.00208675 0.00342208 0.936475 0.0136779 0.00699803 0.00373976 0.00633719 0.0099197 0.00141537 
4.74586e-15 4.00702e-12 2.88234e-11 1.25327e-08 5.31746e-08 4.09144e-06 7.10326e-05 0.00121299 0.0016291 0.00221959 0.00247804 0.00268452 0.00753982 0.00734733 0.00575773 0.893871 0.0304413 0.00913385 0.00603074 0.00680216 0.00448474 0.00332177 0.00407071 0.0061939 0.00470598 
6.57049e-05 0.000987642 0.00787558 0.0217554 0.039598 0.047611 0.0480191 0.0389984 0.0461749 0.0548408 0.0476022 0.0372394 0.0472478 0.299781 0.029137 0.0406924 0.0205318 0.0367088 0.0248691 0.0186971 0.0278673 0.0193476 0.0184659 0.0147533 0.0111324 
9.77138e-06 0.000197895 0.00186809 0.00507329 0.00790915 0.0109197 0.00979154 0.00872671 0.00916152 0.0117914 0.0101428 0.0172017 0.0113163 0.00960038 0.00768205 0.0084224 0.00838025 0.0265502 0.0205896 0.0326707 0.0130523 0.740998 0.0204267 0.00521505 0.00230206 
0 0 0 0 0 0 0 0 0 0 0 0 0 0 0 0 1.21831e-12 6.60038e-12 1.00722e-11 2.63206e-11 6.765e-11 4.12983e-08 8.69674e-07 0.00182879 0.99817 
2.63043e-08 6.65013e-07 3.28596e-06 6.46107e-06 1.15098e-05 2.1063e-05 5.27144e-05 6.63168e-05 9.80199e-05 0.000125724 0.000124327 0.00227618 0.000370385 0.000469519 0.000989613 0.00095934 0.00301688 0.00516187 0.00180726 0.00577098 0.0122895 0.00782525 0.944314 0.00699666 0.0072426 
1.34315e-49 7.44135e-47 5.24813e-46 2.94963e-41 4.31502e-40 3.41116e-24 6.25985e-22 5.40577e-15 3.02012e-10 1.79385e-15 7.58571e-12 2.25518e-10 9.23864e-10 7.82721e-08 2.13912e-05 3.35326e-05 4.83236e-05 0.000259234 4.38239e-05 0.000699338 0.000181513 0.0004765 0.989979 0.0080371 0.000220026 
4.06374e-17 3.85487e-14 2.58359e-13 4.03598e-10 4.94108e-09 1.39396e-07 5.05353e-05 0.000865793 0.00101043 0.00140768 0.00172041 0.00147503 0.0066472 0.00475808 0.00497047 0.00828556 0.912785 0.0203296 0.0036725 0.00643624 0.00405825 0.00314101 0.00731054 0.00676957 0.00430601 
0 0 0 0 0 0 0 0 0 0 6.44226e-13 1.57107e-11 9.09568e-11 1.0826e-10 3.21187e-10 6.42938e-10 5.18068e-08 1.88128e-07 4.38511e-08 2.87032e-07 4.46212e-07 4.91027e-07 0.000734259 0.991877 0.00738767 
3.83786e-12 2.2394e-09 1.78962e-08 5.75289e-06 2.11744e-06 0.000190552 0.000586318 0.0026807 0.00329855 0.00367246 0.00425229 0.0041967 0.0137128 0.890966 0.0117156 0.0103062 0.00792488 0.00979793 0.00635777 0.00477804 0.00376918 0.00238514 0.00921482 0.00525843 0.00492827 
7.53595e-09 3.34083e-07 4.08783e-05 0.000223844 0.000466379 0.00152039 0.00497736 0.00589472 0.00922805 0.0111494 0.00891221 0.0095174 0.830912 0.01426 0.0153715 0.0164843 0.00987864 0.0114085 0.00746225 0.00521164 0.00800627 0.00484621 0.00767668 0.0127273 0.00382413 
7.06982e-05 0.00128766 0.00532902 0.0124117 0.0225295 0.0284627 0.0291179 0.151862 0.0294242 0.0326051 0.0326338 0.02255 0.0939209 0.0247414 0.0182314 0.0835893 0.0134416 0.0346364 0.0209039 0.021324 0.0231895 0.0210646 0.257117 0.0135589 0.00599632 
7.33892e-05 0.00158678 0.0457139 0.0182221 0.0288879 0.0705308 0.0720369 0.0309094 0.0353191 0.116794 0.0346507 0.0285886 0.0516341 0.0268863 0.0310055 0.023307 0.0466117 0.129075 0.018798 0.103838 0.0192104 0.0281769 0.0216352 0.00978463 0.00672441 
4.62543e-10 5.01267e-07 5.27733e-05 0.000330658 0.000598837 0.00180519 0.00556338 0.00618672 0.0100874 0.0116186 0.00990847 0.00667759 0.0118844 0.0143565 0.806066 0.0279885 0.0189844 0.0176017 0.00693373 0.00825705 0.00643864 0.00539106 0.00619588 0.0114734 0.00559901 
5.67008e-11 2.16363e-08 8.4092e-06 3.94662e-05 7.56248e-05 0.000124794 0.000258656 0.000130917 0.000942105 0.00137558 0.00135883 0.00119671 0.00279122 0.0031512 0.00192193 0.00266101 0.00232308 0.00295153 0.00398004 0.95048 0.00593094 0.00477539 0.00783503 0.00460283 0.0010844 
1.99331e-19 7.33203e-17 4.52254e-14 8.447e-09 7.34852e-08 1.43119e-06 3.77434e-05 0.000157948 0.000327494 0.000240988 0.000209351 2.48102e-05 0.000487588 0.00112837 0.00131726 0.00163237 0.000882728 0.000555922 0.47924 0.00553936 0.00495521 0.00810797 0.488841 0.00333233 0.00298006 
7.87629e-10 3.06185e-08 5.92564e-06 1.28271e-05 5.18807e-05 0.000382537 0.00146199 0.000594629 0.00159473 0.00173404 0.00196747 0.00149221 0.00318397 0.00633256 0.00282118 0.00472123 0.00270074 0.00309099 0.00725949 0.92679 0.0141783 0.00489949 0.0091961 0.0030298 0.00249793 
3.65908e-17 3.47134e-14 2.30637e-13 1.01501e-10 1.32108e-10 1.4879e-08 7.71678e-08 2.43311e-06 3.06771e-05 0.000152177 0.000291167 0.000629617 0.00229428 0.00138817 0.0012237 0.00149441 0.00112593 0.00118603 0.00200991 0.00232984 0.001537 0.962361 0.0169653 0.00425155 0.000726641 
1.28415e-07 7.87984e-06 0.000139909 0.0004329 0.000402278 0.000311683 0.000636013 0.00080271 0.00148562 0.00319885 0.00188803 0.00272554 0.0031041 0.00377706 0.00339631 0.00456826 0.00426654 0.00485409 0.0103346 0.00844633 0.0138312 0.0193524 0.904542 0.00517347 0.00232199 
7.62747e-10 4.80581e-08 3.32808e-07 1.56251e-06 7.19084e-06 7.68485e-06 2.99649e-05 5.66721e-05 0.000275464 0.000599458 0.000737885 0.00146805 0.00253829 0.00278081 0.00167849 0.00209682 0.00170646 0.00177601 0.0025321 0.00244495 0.00159538 0.95716 0.0162608 0.00344043 0.000805318 
2.84365e-05 0.000294449 0.00405499 0.00719893 0.0121078 0.0188445 0.0244138 0.0186877 0.321538 0.0302483 0.0268317 0.0187789 0.0289114 0.024028 0.0157459 0.0212702 0.0175463 0.0702935 0.232424 0.025946 0.0277688 0.01775 0.012957 0.0130606 0.00927086 
1.02234e-05 0.000568119 0.00506951 0.0144729 0.0305787 0.0348457 0.0359605 0.0321585 0.0400725 0.0485156 0.0423859 0.0336175 0.0388314 0.366578 0.0349134 0.0333858 0.0219128 0.0549907 0.0220977 0.0230375 0.0287743 0.0166501 0.0192613 0.0131502 0.00816118 
7.03879e-08 1.7124e-06 1.55307e-05 7.54988e-05 8.53784e-05 9.61165e-05 0.000185425 0.000222851 0.000215215 0.00050563 0.000494223 0.00313585 0.00222758 0.00221025 0.00132577 0.00160926 0.00391196 0.00568926 0.00307021 0.00349291 0.47937 0.480339 0.00919484 0.0011556 0.00136973 
0 0 0 0 0 0 0 0 0 0 0 0 0 0 0 0 1.62624e-11 8.8104e-11 1.34447e-10 1.41939e-05 6.35734e-05 9.71676e-05 0.000205603 0.995693 0.00392689 
5.74714e-06 0.0004485 0.00114583 0.00198523 0.00161701 0.00226157 0.00487349 0.00840688 0.00874082 0.00877689 0.00805002 0.00627713 0.0118161 0.0170416 0.0117709 0.0155337 0.807684 0.0232003 0.00911316 0.00893464 0.00875307 0.00512163 0.00993489 0.0121378 0.00636866 
2.28559e-12 1.31567e-09 2.24184e-07 3.50347e-06 6.64761e-06 0.000142506 0.00105509 0.00227434 0.00275586 0.00288569 0.00324851 0.0036036 0.00805636 0.00998898 0.00697438 0.00867542 0.862917 0.0262689 0.015658 0.00830975 0.00827743 0.00319806 0.00882954 0.0109973 0.00587265 
0 0 0 0 0 0 0 0 0 0 0 6.3766e-06 7.39395e-06 0 8.87597e-06 8.66733e-06 0 8.08019e-06 7.38924e-06 0 7.32375e-06 1.78211e-05 7.51618e-05 0.000164981 0.999688 
7.12589e-11 2.94936e-08 9.85896e-06 4.20714e-05 5.4644e-05 0.000359507 0.00147703 0.00271049 0.0047784 0.00579532 0.00569375 0.00399374 0.00925736 0.0149188 0.00909187 0.0199282 0.85389 0.0102009 0.00817794 0.00705315 0.00771204 0.00645831 0.00618289 0.0171172 0.00509647 
1.50131e-12 8.32913e-10 6.5732e-09 2.15707e-06 9.27541e-07 0.000157969 0.00038573 0.00256804 0.00290345 0.00288892 0.00319008 0.00344725 0.00777295 0.00790978 0.00722524 0.013926 0.887305 0.0115222 0.00671149 0.00738526 0.00472161 0.00484887 0.00698553 0.0126373 0.00550397 
8.03666e-06 0.000236469 0.001727 0.00614869 0.00858549 0.0138335 0.0170104 0.0176198 0.0178191 0.0209579 0.0231593 0.016277 0.0287219 0.0263146 0.0205644 0.510266 0.0337171 0.101231 0.0296431 0.0205741 0.0213563 0.0230646 0.0146573 0.0193541 0.00715241 
3.28226e-10 1.63855e-07 3.92016e-05 0.000290979 0.000563164 0.00169084 0.0052206 0.00612299 0.00973875 0.0116144 0.00866293 0.00677462 0.819818 0.0246184 0.0180911 0.0169124 0.00990386 0.0132741 0.00704972 0.00549451 0.00543393 0.00378812 0.0124048 0.00615042 0.00634203 
3.16494e-11 1.08836e-08 5.61468e-06 2.97251e-06 4.30642e-06 8.55882e-05 0.000385437 0.000142696 0.000888904 0.00138114 0.00133858 0.00115136 0.0030148 0.00368242 0.0020103 0.00287612 0.00237494 0.0030535 0.00608215 0.947645 0.00632722 0.00399907 0.00632862 0.00620905 0.00101044 
1.18359e-08 3.01477e-07 4.11968e-06 4.30528e-06 6.19468e-06 5.08326e-05 0.000272173 0.000136639 0.000851653 0.00119865 0.00127645 0.00174868 0.00289859 0.00336285 0.00188028 0.00292604 0.00350632 0.00473562 0.00355207 0.00270529 0.00712985 0.941566 0.016761 0.00257324 0.000853164 
1.93918e-66 1.07441e-63 7.55042e-63 2.55513e-58 1.79803e-49 1.99121e-40 4.33907e-38 1.58824e-28 1.52241e-22 7.44624e-21 1.05143e-12 2.57305e-11 1.49067e-10 1.77486e-10 5.25918e-10 1.05137e-09 8.45154e-08 3.08463e-07 1.22404e-06 4.75606e-07 1.96355e-06 2.7101e-06 0.00120386 0.987597 0.0111924 
1.66169e-08 4.30285e-07 1.93185e-06 3.86317e-06 7.10176e-06 1.39491e-05 4.08856e-05 9.1597e-05 0.000398282 0.000711742 0.000908232 0.00239229 0.00265095 0.00307223 0.00172395 0.00205028 0.00346727 0.00502613 0.00306538 0.00265388 0.00907886 0.00785548 0.94365 0.00840606 0.00272895 
7.30709e-12 1.14343e-09 1.04171e-08 2.61796e-06 7.31006e-07 0.000159683 0.000352612 0.00242985 0.00265185 0.0030161 0.00336812 0.00375026 0.00839411 0.00859624 0.00717993 0.00790029 0.0116679 0.886048 0.0150452 0.00829544 0.00661711 0.00382629 0.00821213 0.00843727 0.0040479 
6.75306e-11 2.84233e-08 1.04025e-05 5.10106e-05 0.000184692 0.000405774 0.00144426 0.000510376 0.00159209 0.00160883 0.00184359 0.00155315 0.00344803 0.00634015 0.00285567 0.00380057 0.00264274 0.00293182 0.00686082 0.0027219 0.00411061 0.932191 0.0158692 0.00615514 0.000868006 
0 0 0 0 0 0 0 0 0 0 1.6003e-14 3.90265e-13 2.25943e-12 2.68926e-12 7.9785e-12 1.5971e-11 1.2965e-09 4.72517e-09 1.16854e-09 7.33717e-09 1.37578e-08 1.01712e-06 2.7282e-05 0.00135166 0.99862 
5.5615e-11 2.06139e-08 5.19299e-07 5.74822e-05 0.000145724 0.000821975 0.00328065 0.00570035 0.00736166 0.00808629 0.00688351 0.0056773 0.0100795 0.016078 0.018033 0.824338 0.0146731 0.0134786 0.00530495 0.00616812 0.00663427 0.00747096 0.0065677 0.027625 0.00553364 
1.93663e-08 4.79219e-05 4.63833e-05 2.5749e-05 4.20376e-05 0.000416769 0.00123268 0.0031667 0.00410613 0.00523875 0.00495248 0.00433888 0.00944599 0.0103042 0.00886557 0.0138982 0.860927 0.0244768 0.00755926 0.00720771 0.00496332 0.00451897 0.00977867 0.00931143 0.0051282 
6.46373e-05 0.0012015 0.0105522 0.0207544 0.0422603 0.229885 0.0531156 0.0388728 0.0430242 0.0448951 0.0397463 0.0324035 0.0377683 0.0338029 0.0244491 0.19921 0.0215496 0.027793 0.0220894 0.0124837 0.0199817 0.00969705 0.012312 0.0123463 0.00974146 
2.73268e-11 5.59727e-09 5.78342e-07 1.28669e-05 5.23422e-05 0.000394195 0.00149392 0.00377756 0.0058396 0.00591884 0.00599053 0.00503823 0.00951401 0.0120314 0.014962 0.847864 0.0122373 0.0171846 0.0053463 0.00655276 0.00471014 0.00491154 0.00878016 0.0223863 0.00500057 
4.53956e-11 3.11438e-09 1.00169e-08 3.46276e-08 6.45604e-08 1.66961e-07 5.09176e-07 5.78863e-07 9.99719e-07 1.29729e-06 1.0026e-06 7.35873e-05 2.55721e-06 1.70946e-06 1.40048e-06 1.59482e-06 1.094e-06 2.72537e-06 1.51048e-06 1.55614e-06 1.60692e-06 0.000120424 0.000938319 0.991533 0.00731401 
3.62824e-11 1.30469e-08 5.69474e-06 1.27751e-05 8.076e-05 0.000302588 0.000548789 0.00020599 0.0009264 0.00135979 0.00151053 0.00120911 0.00304066 0.00407337 0.00250543 0.00298494 0.00251127 0.0035857 0.93502 0.0160804 0.00551527 0.00290977 0.00712344 0.00767904 0.000808034 
8.41126e-09 2.24118e-07 1.45288e-06 8.64333e-06 1.60517e-05 0.000212559 0.000998437 0.0028481 0.00258439 0.00240044 0.00303752 0.00334396 0.00657094 0.00815419 0.00678227 0.00924964 0.455984 0.0129461 0.4466 0.00677211 0.0103714 0.00461295 0.00635406 0.00590731 0.00424304 
1.15158e-05 0.000681911 0.000946747 0.00103056 0.0008236 0.000699482 0.00250904 0.00142229 0.00267852 0.00749059 0.00295688 0.00351541 0.005019 0.00822715 0.00353206 0.00623745 0.00286192 0.00435955 0.00906649 0.00452206 0.908918 0.00521117 0.0114555 0.00323197 0.00259065 
0.00225318 0.00351692 0.0192475 0.0479544 0.0430297 0.111783 0.0656656 0.0419731 0.0422855 0.203363 0.0488683 0.0542206 0.0333712 0.0281944 0.0352538 0.0425649 0.0226337 0.0361937 0.0369285 0.0198784 0.01564 0.0134047 0.0143869 0.0113343 0.00605489 
2.81149e-10 1.44122e-07 3.90687e-05 0.000243423 0.00047545 0.00152073 0.00472894 0.00598483 0.00891933 0.0112451 0.00840316 0.00674557 0.0155411 0.826972 0.0195858 0.0186968 0.0106862 0.0177705 0.00700352 0.00527724 0.00543977 0.00354147 0.0100307 0.00592959 0.00521912 
