1830
2.19071e-10 4.9749e-09 6.94073e-08 6.44753e-08 1.74215e-07 1.00894e-05 0.000566621 0.00469481 0.024319 0.970409 
8.51528e-06 0.000309372 0.000736923 0.00606638 0.0257585 0.0796755 0.62973 0.116692 0.0864861 0.0545367 
4.73303e-08 2.22118e-06 1.79733e-05 0.000163004 0.000716358 0.00276274 0.0114019 0.015574 0.0403411 0.929021 
4.87791e-06 0.000186344 0.00116511 0.00850261 0.542695 0.130637 0.0979148 0.0793356 0.0815886 0.0579701 
1.43873e-08 5.77962e-07 5.58606e-06 7.71414e-05 0.000357041 0.00164196 0.0111324 0.021794 0.0707736 0.894218 
1.67365e-08 8.61507e-07 1.19088e-05 0.000142866 0.000459727 0.00138405 0.00890168 0.0236617 0.0812037 0.884233 
2.3351e-07 1.11921e-05 0.000113893 0.000586149 0.00262388 0.00703623 0.0228638 0.0475514 0.816258 0.102955 
9.39144e-06 0.000335911 0.00078609 0.00477696 0.017625 0.0644821 0.236841 0.413546 0.217013 0.044585 
1.68818e-06 6.63822e-05 0.000880683 0.00396942 0.0215302 0.0590154 0.0876866 0.123322 0.638045 0.0654831 
2.12123e-09 8.45936e-08 9.09251e-07 2.4888e-05 8.75356e-05 0.000235664 0.00208119 0.00731622 0.0368075 0.953446 
1.69029e-10 3.84075e-09 5.36252e-08 5.6426e-08 2.80109e-07 1.44168e-05 0.000333237 0.00524641 0.035378 0.959028 
7.91117e-09 3.90691e-07 4.50245e-06 0.000128011 0.000347119 0.000865252 0.00762006 0.0157058 0.0562534 0.919075 
5.67146e-08 1.30468e-06 1.94576e-05 1.72388e-05 0.000213283 0.0111498 0.764331 0.0625969 0.0883942 0.0732766 
6.24804e-05 0.00180293 0.0126719 0.094724 0.205369 0.356284 0.184995 0.040166 0.0368719 0.0670528 
2.89531e-09 2.20918e-07 1.50533e-05 4.35424e-06 4.54106e-05 0.000276343 0.00237961 0.0172535 0.907959 0.0720667 
2.20475e-07 6.30473e-06 8.69673e-05 0.000404481 0.00229126 0.0100207 0.0488226 0.718321 0.134928 0.0851178 
0.00937188 0.11355 0.178534 0.666053 0.0262607 0.0040558 0.00133123 0.000580593 0.00025215 1.07441e-05 
8.50821e-13 2.06912e-11 3.10612e-10 3.88316e-09 1.35798e-07 8.55509e-06 0.000475643 0.00555362 0.20211 0.791852 
6.22402e-08 1.77777e-06 3.21176e-05 0.000124453 0.000416481 0.0024965 0.0258456 0.20574 0.516363 0.24898 
1.53584e-07 3.7803e-06 6.75739e-05 0.00010322 0.000610271 0.0026652 0.0185222 0.0612786 0.794644 0.122105 
3.32871e-07 1.2714e-05 0.000114265 0.000605652 0.00329011 0.0124935 0.0437626 0.664727 0.170268 0.104726 
7.37769e-08 2.98748e-06 4.16725e-05 0.000300283 0.00147491 0.00774903 0.0311577 0.161191 0.703369 0.0947136 
3.04994e-08 1.24119e-06 1.51654e-05 0.000188493 0.000736246 0.00320229 0.016833 0.0636992 0.774502 0.140822 
1.24291e-07 2.9473e-06 4.02893e-05 0.000105419 0.000111173 0.000640114 0.0123155 0.0560645 0.854742 0.0759781 
3.23976e-09 1.68811e-07 1.58456e-06 7.03359e-05 4.39502e-05 0.000473375 0.00369172 0.00512343 0.0158256 0.97477 
5.78691e-08 2.30923e-06 2.00479e-05 0.000215851 0.000641726 0.0025212 0.0119031 0.0220118 0.0594799 0.903204 
4.26504e-06 0.000149483 0.000131965 0.000700389 0.00318236 0.011319 0.0346328 0.0626203 0.0975249 0.789735 
2.49883e-07 6.83914e-06 0.000112822 0.000371984 0.00102183 0.00553958 0.0364573 0.733571 0.126142 0.0967767 
8.64185e-10 3.73398e-08 4.22672e-07 1.22521e-05 1.1814e-05 0.000201234 0.00144973 0.00223073 0.00966238 0.986431 
1.53677e-08 6.95502e-07 5.98427e-06 0.0001183 0.00055898 0.00159529 0.00929866 0.0209224 0.0705249 0.896975 
3.00157e-10 1.88916e-08 1.50182e-07 9.64161e-06 2.9934e-06 9.13162e-06 9.49541e-05 0.000120008 0.00280434 0.996959 
2.08972e-10 1.03078e-08 1.04183e-07 4.24246e-06 2.24878e-06 3.26278e-05 0.000157051 0.000322487 0.00336244 0.996119 
1.85762e-07 4.3714e-06 6.15139e-05 0.000170604 0.000336509 0.00184872 0.0132499 0.0381591 0.0960833 0.850086 
1.78046e-06 6.7421e-05 0.000942718 0.00517496 0.0269213 0.0700928 0.107452 0.381892 0.345267 0.0621877 
4.65359e-11 1.05795e-09 1.47857e-08 1.76418e-08 1.36374e-07 7.27144e-06 0.000209574 0.00380229 0.921146 0.0748342 
6.80676e-08 1.54433e-06 2.1522e-05 1.80628e-05 3.21447e-06 4.37563e-05 0.00206804 0.0184963 0.0603047 0.919043 
1.21567e-07 5.19052e-06 4.38465e-05 0.000315635 0.00228852 0.00703322 0.0197945 0.0532184 0.784706 0.132594 
1.18377e-08 5.38958e-07 7.55938e-06 0.000120042 0.000234689 0.000968771 0.00805197 0.0227965 0.0844554 0.883365 
4.02213e-09 1.50809e-07 2.3431e-06 6.2147e-05 0.000355692 0.00109002 0.00457581 0.0156201 0.0535331 0.924761 
7.2213e-06 0.000331145 0.00215884 0.00639753 0.0309034 0.615476 0.126348 0.100135 0.0717631 0.0464802 
2.76398e-07 9.55593e-06 0.000126453 0.00045804 0.00213337 0.010322 0.370067 0.395149 0.112849 0.108885 
1.42121e-07 3.38423e-06 5.85292e-05 0.000113456 0.000517657 0.00260246 0.0236444 0.828973 0.0916245 0.0524628 
9.63627e-10 2.22892e-08 3.30127e-07 5.22351e-07 4.05403e-06 4.15807e-05 0.000938725 0.0134785 0.0619766 0.92356 
3.38559e-11 8.28361e-10 1.54047e-08 2.91562e-08 3.18434e-07 3.27396e-06 7.27447e-05 0.000169993 0.00145961 0.998294 
3.40988e-09 2.16192e-07 3.01946e-06 4.519e-05 0.000160469 0.000200659 0.00156623 0.0158765 0.755957 0.226191 
9.52464e-09 2.44731e-07 3.64107e-06 2.8574e-05 9.89363e-05 0.000862912 0.00364106 0.00940471 0.10995 0.876009 
1.5855e-07 3.61432e-06 5.03868e-05 4.81982e-05 0.000111537 0.00280187 0.0272432 0.809715 0.0909898 0.0690358 
1.19409e-07 5.14722e-06 4.09913e-05 0.000344919 0.00131875 0.00385555 0.0188271 0.0387517 0.793582 0.143273 
1.06283e-07 4.97502e-06 5.11072e-05 0.000347211 0.00205842 0.005547 0.0222051 0.0525229 0.108987 0.808276 
1.08103e-06 4.00614e-05 0.000336408 0.00216162 0.0160034 0.0336301 0.0444836 0.0534396 0.0708309 0.779073 
2.02472e-11 4.60632e-10 6.44837e-09 9.51245e-09 1.23765e-07 7.7623e-06 0.000147824 0.00214215 0.0212805 0.976422 
5.04281e-08 2.27673e-06 2.13938e-05 8.86082e-05 0.000358303 0.0011062 0.00370546 0.0124119 0.0364638 0.945842 
1.35887e-06 5.62165e-05 0.00101802 0.00299213 0.0123017 0.0322448 0.0456914 0.207982 0.399519 0.298193 
1.40264e-08 4.74721e-07 3.97219e-06 2.35526e-05 0.00013829 0.000965374 0.002411 0.0030735 0.00817287 0.985211 
3.69512e-07 1.32269e-05 0.000161063 0.000665956 0.00294228 0.00985825 0.0238525 0.0499351 0.102437 0.810134 
9.43582e-08 3.91178e-06 3.73329e-05 0.000342833 0.00134179 0.00348636 0.0166042 0.037785 0.107866 0.832533 
2.90302e-10 1.03985e-08 9.18885e-08 5.3262e-07 3.22537e-06 4.03681e-05 0.000241167 0.000967225 0.00898276 0.989765 
4.40647e-07 1.41526e-05 0.00014829 0.000498611 0.00145677 0.00706777 0.0382817 0.749285 0.117463 0.0857846 
6.87798e-06 0.000439942 0.00689135 0.00493747 0.0132169 0.0372923 0.695662 0.11528 0.0871647 0.0391086 
1.19343e-07 5.06656e-06 5.98305e-05 0.000333808 0.00224626 0.00622934 0.017478 0.0432848 0.0836735 0.846689 
1.49069e-05 0.000688877 0.00241191 0.00435348 0.0209621 0.0644718 0.108291 0.657047 0.094094 0.0476654 
1.05368e-07 3.02733e-06 4.33628e-05 0.000197656 0.000799031 0.00224654 0.0120153 0.034603 0.655324 0.294768 
1.1286e-06 5.28092e-05 0.000411854 0.00219014 0.00802949 0.0670139 0.189635 0.118288 0.418349 0.196028 
8.28051e-12 3.01674e-10 1.96266e-09 1.2387e-08 2.40039e-07 2.64562e-06 5.33397e-05 0.00040633 0.00834177 0.991196 
1.09093e-06 5.92811e-05 0.000816932 0.00121955 0.00432363 0.0106385 0.0180092 0.0304261 0.832817 0.101689 
4.98474e-10 1.5326e-08 2.15316e-07 1.3508e-06 4.67829e-06 5.31472e-05 0.000914757 0.00271472 0.0168826 0.979428 
0.000114672 0.00449012 0.0192398 0.347205 0.262393 0.185664 0.0460176 0.0241973 0.0264885 0.0841903 
6.27298e-07 2.31227e-05 0.000356715 0.00117757 0.00434752 0.0139171 0.0245467 0.0476066 0.777091 0.130933 
1.29762e-06 5.35288e-05 0.000759993 0.0020106 0.00900988 0.0201153 0.0235048 0.0653674 0.776462 0.102716 
1.99199e-07 9.31513e-06 0.000125794 0.000644781 0.00261519 0.0108919 0.0352617 0.0860134 0.749781 0.114657 
3.85772e-08 8.98056e-07 1.25287e-05 2.07396e-05 0.000110385 0.000215964 0.00267162 0.00973009 0.0429544 0.944283 
5.17329e-12 1.60205e-10 2.70272e-09 1.55562e-08 7.34002e-08 4.69541e-07 9.81737e-06 2.55786e-05 0.00101978 0.998944 
1.05525e-06 3.9346e-05 0.000622595 0.00265735 0.0110312 0.0462183 0.609968 0.142093 0.121233 0.0661362 
1.48668e-05 0.000743887 0.00515753 0.0232823 0.0873042 0.617866 0.0997843 0.0650664 0.054643 0.0461374 
3.65987e-08 8.65767e-07 1.45191e-05 2.53007e-05 0.000307728 0.00180315 0.0689482 0.023676 0.585325 0.319899 
7.84256e-05 0.00335758 0.00970961 0.0119067 0.0353 0.0423616 0.0516945 0.090407 0.143544 0.611641 
6.30827e-09 2.55503e-07 3.72467e-06 0.000114638 0.000410769 0.00143985 0.00755194 0.0343667 0.0926313 0.863481 
1.13574e-07 4.78063e-06 6.65955e-05 0.000359551 0.000950208 0.0042279 0.0112555 0.0309661 0.819108 0.133061 
1.65248e-25 4.62618e-23 5.42116e-20 5.4705e-17 6.15057e-14 3.93562e-11 1.54533e-07 7.6438e-05 0.00278723 0.997136 
1.39611e-07 6.12367e-06 0.000107786 0.00032947 0.00145665 0.00575013 0.0510111 0.0145185 0.0283967 0.898423 
1.47057e-08 6.59208e-07 4.96962e-06 2.75288e-05 0.00012285 0.000470391 0.0059268 0.051552 0.895082 0.0468123 
6.50904e-07 2.13782e-05 0.000180733 0.00101688 0.00410766 0.0155942 0.136069 0.167749 0.466143 0.209118 
1.64837e-09 9.01199e-08 7.98408e-07 3.88684e-05 1.87345e-05 8.24758e-05 0.000867403 0.00377506 0.0274726 0.967744 
9.21913e-06 0.000331195 0.000992487 0.00798523 0.0457957 0.123711 0.608549 0.0949795 0.0680049 0.0496418 
7.71981e-08 3.57231e-06 3.3136e-05 0.000225707 0.000735804 0.00272518 0.0120817 0.0223862 0.0690114 0.892797 
1.19467e-08 5.30415e-07 1.94097e-05 4.54568e-05 0.000440569 0.00112962 0.00812288 0.021883 0.0740798 0.894279 
6.70323e-07 2.37249e-05 0.000371805 0.00123573 0.00442044 0.00977583 0.0147151 0.0389612 0.819247 0.111248 
1.11245e-07 3.31549e-06 6.65411e-05 0.000186638 0.00131524 0.00492909 0.0265664 0.0730057 0.788725 0.105202 
4.99678e-07 2.26147e-05 0.000608923 0.00151399 0.00451233 0.0108817 0.0254846 0.0647562 0.122023 0.770197 
1.2895e-08 5.07537e-07 3.77842e-06 2.40202e-05 0.000210719 0.00042733 0.00403557 0.827593 0.0933255 0.0743798 
7.74055e-08 2.05467e-06 4.12739e-05 0.000100936 0.000497055 0.0022316 0.0107353 0.0280191 0.0627071 0.895666 
3.38343e-07 1.15242e-05 0.00014405 0.000498198 0.00191537 0.00599183 0.0237297 0.0657359 0.787643 0.11433 
2.26244e-07 6.35914e-06 8.44223e-05 0.000769489 0.00207475 0.0096941 0.0364445 0.0870511 0.778492 0.0853826 
1.12729e-07 3.12662e-06 3.77681e-05 0.00017262 0.000670699 0.00256421 0.0165954 0.0349874 0.0952895 0.849679 
7.77995e-08 2.21078e-06 3.32046e-05 0.00011959 0.000472436 0.00658981 0.0150521 0.649863 0.162033 0.165834 
2.74121e-07 1.34889e-05 0.000399318 0.00138028 0.00534196 0.0321685 0.384686 0.441213 0.0908451 0.0439525 
1.35493e-07 3.34133e-06 4.33996e-05 0.000115305 0.000402011 0.00136133 0.00934686 0.024741 0.0775792 0.886407 
3.18422e-08 1.67437e-06 3.38934e-05 0.000204447 0.000959193 0.00269564 0.0152148 0.0450317 0.809366 0.126493 
5.70709e-09 4.77134e-07 3.35124e-05 5.09969e-05 0.000182252 0.00117876 0.00480214 0.0197801 0.0661873 0.907784 
4.16295e-07 1.52718e-05 0.000298951 0.000896708 0.00369914 0.0133629 0.037733 0.100497 0.751997 0.0915001 
6.92699e-10 1.63308e-08 2.58063e-07 4.24514e-07 8.46705e-06 4.23123e-05 0.000754894 0.00665106 0.0415533 0.950989 
9.14953e-07 3.56756e-05 0.000298055 0.00169457 0.0099431 0.0382416 0.0932661 0.66614 0.121046 0.069334 
1.0776e-05 0.000415786 0.00162185 0.00715693 0.0425029 0.621794 0.121897 0.0941309 0.0722179 0.0382522 
1.64055e-08 7.8689e-07 1.65777e-05 0.00011651 0.000598935 0.00259517 0.01059 0.039174 0.846027 0.100881 
7.38364e-09 2.99741e-07 3.23523e-06 6.13814e-05 0.000266868 0.000991266 0.00643585 0.017186 0.454917 0.520138 
5.78673e-08 1.3202e-06 1.85118e-05 1.93414e-05 0.000214476 0.000423547 0.00442877 0.0182238 0.469913 0.506757 
6.16533e-08 1.43231e-06 2.0895e-05 6.58583e-05 0.000547346 0.00652308 0.0336691 0.0866966 0.822327 0.050149 
9.97207e-07 4.05377e-05 0.000401269 0.00252188 0.0104138 0.133909 0.0831392 0.593598 0.113645 0.0623315 
4.44194e-05 0.0020098 0.00859991 0.0461699 0.297217 0.428118 0.156924 0.030551 0.0186879 0.0116787 
4.09094e-10 9.32171e-09 1.30828e-07 1.55788e-07 8.95918e-07 2.21454e-05 0.0010663 0.0119744 0.0498963 0.93704 
4.53259e-11 1.02895e-09 1.43533e-08 1.359e-08 5.58623e-08 2.72108e-06 4.07325e-05 0.000527492 0.00301262 0.996416 
6.67713e-10 1.53518e-08 2.22686e-07 3.14164e-07 1.97836e-06 3.84769e-05 0.000658657 0.00599279 0.040594 0.952714 
5.35902e-06 0.000248248 0.00169545 0.00561107 0.021976 0.11759 0.424733 0.0504626 0.0512918 0.326387 
7.76711e-07 2.81213e-05 0.000341736 0.0022797 0.0157913 0.0400718 0.0587004 0.262739 0.538921 0.0811265 
1.37015e-07 5.95755e-06 6.31348e-05 0.000325988 0.00222609 0.0111675 0.0455678 0.0995556 0.743029 0.0980585 
4.68259e-09 1.10889e-07 1.58634e-06 3.25494e-06 3.50225e-05 0.000119908 0.00142805 0.00757821 0.0333825 0.957451 
1.50134e-10 4.26121e-09 6.45708e-08 4.53987e-07 3.05262e-05 1.03047e-05 0.000158753 0.0010154 0.00874113 0.990043 
7.86707e-09 2.64985e-07 2.49294e-06 1.25474e-05 7.37259e-05 0.000417815 0.00170347 0.00797173 0.0443875 0.94543 
6.71643e-24 1.70865e-21 1.77324e-18 1.00139e-15 5.80125e-13 3.25997e-10 3.35151e-06 7.7936e-05 0.00218972 0.997729 
3.9656e-09 1.43762e-07 1.37512e-06 7.34801e-06 0.000100713 0.000523245 0.00353093 0.0100514 0.0536371 0.932148 
0.0026053 0.0395714 0.26236 0.614448 0.0581971 0.0161193 0.00530628 0.00112272 0.000242781 2.77674e-05 
4.82605e-08 1.43075e-06 3.69921e-05 0.000122792 0.000587845 0.00481278 0.0369516 0.768628 0.106812 0.082046 
2.59189e-08 6.30261e-07 8.62276e-06 1.04322e-05 3.20018e-05 0.000330547 0.00401191 0.035423 0.91568 0.0445026 
1.18663e-11 2.70471e-10 3.79879e-09 7.41041e-09 1.26614e-07 7.90774e-06 9.27664e-05 0.000948439 0.0122164 0.986734 
2.23696e-05 0.000458562 0.0036189 0.0155048 0.0573583 0.0791485 0.0778841 0.066126 0.652474 0.0474045 
3.3622e-07 1.27695e-05 0.000179821 0.000683429 0.00375098 0.019814 0.685635 0.10416 0.10863 0.077134 
5.19548e-06 0.000235843 0.000892471 0.001781 0.00955183 0.023937 0.0408438 0.0750561 0.111091 0.736606 
1.79669e-07 5.4293e-06 8.50361e-05 0.000337555 0.00138283 0.00474344 0.0245522 0.0736163 0.792619 0.102658 
1.36388e-07 3.69289e-06 6.1715e-05 0.000151103 0.000620782 0.00247485 0.0141095 0.337233 0.110951 0.534394 
2.91521e-10 6.63053e-09 9.26654e-08 1.11925e-07 9.42954e-07 5.85754e-05 0.00118155 0.841405 0.0787983 0.0785553 
5.48781e-09 2.76948e-07 3.57516e-06 5.11656e-05 0.000203356 0.000374367 0.00415148 0.0280467 0.878621 0.0885484 
2.40757e-08 5.52552e-07 7.81707e-06 9.57283e-06 0.000167841 0.000224785 0.00698941 0.0487631 0.873789 0.0700481 
1.52327e-07 4.55735e-06 4.87667e-05 0.000182071 0.000428733 0.00308136 0.0166095 0.0594779 0.83775 0.0824173 
5.9717e-06 0.000262944 0.00147973 0.00503126 0.0240607 0.0707728 0.115837 0.628043 0.102237 0.0522689 
2.9439e-11 6.76934e-10 9.61353e-09 3.33117e-08 6.88173e-07 3.80509e-05 0.000836689 0.0200548 0.919466 0.0596035 
1.69861e-08 5.19935e-07 4.12477e-06 2.60373e-05 9.69146e-05 0.000570745 0.00145489 0.00657438 0.0328882 0.958384 
1.73032e-10 7.09121e-09 1.11125e-07 1.65745e-06 0.000115944 3.30405e-05 0.000194075 0.00106663 0.00272153 0.995867 
3.71924e-07 1.42e-05 0.000114241 0.000544814 0.00266865 0.0254222 0.0922953 0.194359 0.437656 0.246925 
2.39528e-11 5.50731e-10 7.84212e-09 2.56237e-08 5.2297e-07 3.1031e-05 0.000266186 0.00254909 0.024827 0.972326 
6.94292e-10 2.42765e-08 2.96697e-07 2.69019e-06 0.000158 0.000119936 0.00110009 0.0020246 0.00749351 0.989101 
3.65923e-05 0.00140333 0.00432803 0.00977935 0.0384861 0.221542 0.545193 0.0914334 0.0545051 0.0332926 
9.49235e-07 3.88247e-05 0.000815206 0.00227458 0.00770119 0.0307702 0.498668 0.253775 0.127436 0.0785194 
4.63889e-09 2.17979e-07 2.21033e-06 7.6266e-05 0.000181615 0.000619501 0.00482887 0.00913445 0.0290606 0.956096 
8.34411e-05 0.0036326 0.0092309 0.0119119 0.0717794 0.242997 0.417797 0.158062 0.0540452 0.03046 
2.74132e-05 0.00156989 0.0114051 0.0589993 0.541454 0.132322 0.0928797 0.0612723 0.0577856 0.0422849 
5.64369e-09 2.66442e-07 2.6947e-06 0.000101573 9.45546e-05 0.000702447 0.0063603 0.0141225 0.239562 0.739054 
2.88298e-08 1.31161e-06 1.38736e-05 0.000200209 0.000885118 0.00299622 0.0162783 0.0372797 0.0880151 0.85433 
8.47402e-23 1.22783e-20 6.7977e-18 2.81469e-15 1.3396e-12 1.60261e-09 2.24994e-05 0.000100947 0.00323327 0.996643 
7.15341e-05 0.00295023 0.0152114 0.431322 0.155124 0.294869 0.0587057 0.0214348 0.0149965 0.00531514 
5.86549e-07 2.47345e-05 0.000302609 0.00208131 0.0102947 0.0735358 0.685809 0.135654 0.055102 0.0371951 
1.15004e-08 5.11339e-07 3.72915e-06 2.1456e-05 0.000122158 0.000479634 0.00182558 0.00845096 0.217647 0.771449 
1.10044e-23 1.76922e-21 3.46393e-19 1.05997e-16 5.41327e-14 7.12685e-11 1.04027e-06 2.34401e-06 0.000429182 0.999567 
2.71428e-09 1.12753e-07 4.96288e-06 5.2322e-06 0.000201867 0.000356703 0.00570712 0.0318254 0.0835054 0.878393 
6.71859e-07 2.85166e-05 0.000638057 0.00184607 0.00654818 0.258139 0.0634415 0.427107 0.203583 0.0386677 
4.49317e-12 1.10023e-10 1.66309e-09 2.19519e-08 5.3944e-07 3.0155e-05 0.000777611 0.883871 0.0581612 0.0571593 
3.82521e-09 1.479e-07 1.45969e-06 2.1842e-05 0.000141843 0.000252633 0.00259251 0.0137177 0.659511 0.323761 
3.86794e-05 0.00115909 0.00609308 0.0148513 0.0297028 0.05789 0.708662 0.107784 0.0623111 0.0115072 
1.73716e-06 8.94569e-05 0.00170991 0.0121263 0.0585827 0.399395 0.368803 0.0638065 0.0562955 0.0391896 
6.64835e-08 1.56468e-06 2.13987e-05 3.15337e-05 0.000255108 0.00077567 0.00636864 0.432693 0.493557 0.0662967 
2.13369e-08 6.20498e-07 1.90538e-05 3.03709e-05 0.000156153 0.00153403 0.0120725 0.0512009 0.88661 0.048376 
7.97828e-08 3.72039e-06 5.95106e-05 0.000393389 0.00170207 0.00706438 0.0347633 0.750617 0.124163 0.0812332 
1.27974e-07 5.46331e-06 8.11308e-05 0.000349182 0.00134325 0.00605659 0.0266481 0.145469 0.531302 0.288746 
5.10942e-07 1.64223e-05 0.000129809 0.000775087 0.00296465 0.00747714 0.0267919 0.0742377 0.762263 0.125344 
1.87584e-09 9.74487e-08 8.56737e-07 3.93536e-05 2.38158e-05 0.000193941 0.00215186 0.00294525 0.00646637 0.988178 
9.18733e-09 3.37051e-07 3.75609e-06 4.55293e-05 0.000330331 0.000849931 0.00635402 0.0179738 0.0676589 0.906783 
4.73222e-07 1.81828e-05 0.00024731 0.000861971 0.00401091 0.0675198 0.225171 0.243745 0.412628 0.0457974 
1.99838e-09 5.88345e-08 6.30248e-07 1.61949e-06 2.42335e-05 0.000267072 0.00336985 0.0236616 0.0735971 0.899078 
6.65402e-09 2.10403e-07 1.74341e-06 9.83251e-06 4.46013e-05 0.000321806 0.000702835 0.00340116 0.0155528 0.979965 
4.9533e-06 0.000181393 0.000481682 0.00373828 0.0168912 0.0745687 0.153826 0.629543 0.0709758 0.0497882 
1.12583e-09 3.52705e-08 3.81806e-07 3.70368e-06 7.36232e-06 0.000136901 0.00166272 0.0195824 0.918539 0.0600672 
5.76389e-08 1.95109e-06 2.10498e-05 0.000415226 0.00211273 0.0151033 0.0612746 0.758858 0.10302 0.0591935 
4.73519e-07 1.68069e-05 0.000144961 0.000814483 0.00427791 0.0113785 0.0174988 0.0366293 0.0959597 0.833279 
6.13489e-08 2.64381e-06 2.04561e-05 0.000190108 0.00102092 0.00341305 0.0138111 0.0254998 0.07714 0.878902 
4.86839e-09 1.88794e-07 2.26637e-06 5.33624e-05 0.000245492 0.000459133 0.00520834 0.0310438 0.104093 0.858895 
1.6605e-07 8.11094e-06 7.16437e-05 0.000419036 0.00119307 0.0033681 0.0128447 0.0204681 0.0387083 0.922919 
1.14028e-06 4.06516e-05 0.00035189 0.00133616 0.00560447 0.0152722 0.0237503 0.0429633 0.0890193 0.821661 
5.40808e-18 1.26969e-15 5.20997e-14 5.6725e-12 6.2574e-10 8.6574e-08 0.000131036 0.00296615 0.339834 0.657069 
1.23803e-07 2.85626e-06 3.96216e-05 5.53428e-05 7.84152e-05 0.000817264 0.0103741 0.0408156 0.852757 0.0950595 
2.66411e-09 1.29957e-07 1.24756e-06 4.96644e-05 4.81088e-05 0.000373639 0.00351676 0.0086579 0.0429631 0.944389 
6.29013e-07 2.91474e-05 0.000661971 0.00170869 0.00558021 0.0164231 0.0379305 0.0651705 0.25148 0.621015 
1.59507e-10 4.44451e-09 7.9778e-08 3.03232e-07 1.37393e-06 7.75497e-06 9.29215e-05 0.000445136 0.00370587 0.995747 
1.11386e-07 4.71213e-06 9.36911e-05 0.000307581 0.00184973 0.0102412 0.291153 0.263425 0.256903 0.176022 
2.81379e-07 1.16168e-05 9.00291e-05 0.000462905 0.00131483 0.00441486 0.0145972 0.0214863 0.0418064 0.915816 
2.33184e-09 8.27798e-08 1.16439e-06 9.9084e-06 1.48574e-05 9.872e-05 0.000773311 0.00264459 0.0102572 0.9862 
5.12805e-07 1.70917e-05 0.000233283 0.000786089 0.00261968 0.0069836 0.0104294 0.0225436 0.465312 0.491075 
2.28636e-16 9.03241e-15 4.31929e-14 3.83353e-13 1.34676e-11 4.17257e-09 5.32706e-05 0.000335763 0.00892641 0.990685 
1.86905e-08 7.1257e-07 1.33751e-05 6.16028e-05 0.000254513 0.00116772 0.00807962 0.0446104 0.159108 0.786704 
5.28056e-07 2.34691e-05 0.000614256 0.00159149 0.00484915 0.0107872 0.0291301 0.0510111 0.0755019 0.826491 
1.19333e-21 2.55007e-19 1.18993e-17 8.2791e-16 7.86778e-14 1.66896e-11 4.21082e-08 6.62455e-05 0.00301934 0.996914 
4.20857e-07 1.48056e-05 0.000109787 0.000576991 0.00145516 0.00453762 0.0155564 0.0324375 0.0861098 0.859201 
7.11841e-08 2.65959e-06 2.25433e-05 0.000222833 0.000666093 0.00230627 0.0107623 0.0254031 0.0705608 0.890053 
1.77531e-07 7.72063e-06 4.71709e-05 0.000403604 0.00169878 0.00540206 0.0162134 0.0325627 0.0598721 0.883792 
9.2965e-06 0.000329844 0.00123137 0.00556813 0.0247109 0.0610159 0.0857148 0.0993829 0.646705 0.0753317 
9.77173e-10 2.96868e-08 3.70648e-07 5.45002e-06 1.29733e-05 0.000903613 0.0181796 0.905567 0.0523506 0.0229804 
6.84895e-08 3.35675e-06 5.26542e-05 0.00025384 0.00099696 0.00450619 0.0272518 0.752877 0.110791 0.103267 
7.12318e-06 0.00016013 0.000912938 0.00150566 0.00690353 0.0225626 0.160997 0.0814121 0.267301 0.458239 
2.86786e-07 1.01266e-05 0.000117646 0.00046098 0.00329961 0.00622774 0.0162933 0.0955864 0.482115 0.395889 
2.67792e-06 0.00011424 0.00124869 0.00425801 0.020883 0.0704909 0.618804 0.12178 0.103323 0.0590955 
1.00456e-06 4.07402e-05 0.00066536 0.00353139 0.0278003 0.102945 0.612724 0.094001 0.089936 0.0683552 
9.9086e-06 0.000375075 0.00314204 0.0154912 0.0526485 0.186897 0.114083 0.267477 0.309028 0.0508471 
7.55577e-08 3.39683e-06 2.88663e-05 0.000310756 0.00110905 0.00443365 0.0193255 0.0451344 0.783332 0.146323 
1.041e-06 3.4904e-05 0.000523229 0.00156649 0.00581 0.0180513 0.0489423 0.680138 0.137582 0.107351 
1.85856e-08 6.04862e-07 9.37818e-06 4.99989e-05 0.000435479 0.00533421 0.0544047 0.23858 0.368098 0.333087 
1.19974e-10 3.68757e-09 5.74343e-08 3.1064e-07 1.83159e-06 2.9662e-05 0.000182566 0.000727906 0.33273 0.666328 
1.19559e-09 3.06605e-08 4.62417e-07 2.15955e-06 0.000116462 0.0001021 0.00242498 0.0179983 0.884167 0.0951881 
5.44694e-09 2.27982e-07 2.84147e-06 3.82297e-05 0.000103927 0.000461315 0.00372846 0.0104949 0.0468042 0.938366 
1.0665e-10 4.56027e-09 5.46013e-08 1.66199e-06 8.98811e-06 1.80654e-05 0.00545979 0.926778 0.0461077 0.021626 
4.64732e-08 1.74366e-06 1.24384e-05 8.02686e-05 0.000303382 0.0011142 0.00297831 0.00573561 0.0200096 0.969764 
1.04468e-06 4.42161e-05 0.000428503 0.00272988 0.0146132 0.100926 0.105962 0.312218 0.233721 0.229356 
2.00478e-07 5.06193e-06 0.000100817 0.000139778 0.000620113 0.00350269 0.0235267 0.780482 0.121985 0.0696378 
2.86509e-08 1.19387e-06 2.49022e-05 0.000110075 0.000713546 0.00638604 0.12112 0.56958 0.0612792 0.240785 
1.86639e-06 6.86355e-05 0.000978948 0.00420506 0.0259365 0.0712206 0.114683 0.612832 0.108021 0.0620521 
1.4712e-07 4.73523e-06 0.000100748 0.000290402 0.000851799 0.00270725 0.0150928 0.0402574 0.827613 0.113082 
3.32953e-05 0.00153963 0.00439527 0.00555266 0.0192743 0.0313901 0.754567 0.12775 0.0424438 0.0130538 
3.40504e-12 8.17848e-11 1.40362e-09 4.847e-09 3.48597e-08 1.9018e-07 2.30242e-05 0.00021974 0.00797679 0.99178 
1.7205e-05 0.000767776 0.00258897 0.0082289 0.0287268 0.0390982 0.0489797 0.0646312 0.0904647 0.716497 
2.1556e-10 5.06496e-09 7.72785e-08 1.84301e-07 1.57249e-06 2.14333e-05 0.000442706 0.00919481 0.932453 0.0578863 
1.71117e-06 6.34203e-05 0.000323607 0.00148741 0.0048431 0.0170566 0.0493414 0.517175 0.284355 0.125352 
1.01022e-07 3.50158e-06 4.75073e-05 0.000218847 0.000809942 0.00443918 0.0264689 0.255398 0.653271 0.0593432 
1.92702e-07 5.0741e-06 8.76461e-05 0.000269993 0.00264387 0.0285944 0.0951607 0.701553 0.084649 0.087036 
4.99143e-10 1.1552e-08 1.67282e-07 3.37371e-07 3.10172e-06 2.72217e-05 0.000305767 0.00211998 0.00933919 0.988204 
6.18552e-11 2.1387e-09 3.6097e-08 3.87156e-07 2.49312e-05 1.0841e-05 0.000119498 0.000888456 0.0088044 0.990151 
3.09695e-09 1.79797e-07 2.49406e-06 3.33537e-05 0.000129525 0.000224167 0.00187561 0.00952521 0.187882 0.800327 
3.88611e-08 1.39686e-06 2.26568e-05 0.000150595 0.000689024 0.00375414 0.0133577 0.0846667 0.651177 0.246181 
1.00946e-06 3.59561e-05 0.000546109 0.00159167 0.005462 0.0142864 0.0174808 0.0300604 0.074425 0.856111 
1.91034e-07 4.63538e-06 8.44744e-05 0.000124395 0.000509777 0.00237793 0.0200107 0.811054 0.103405 0.062429 
2.9256e-05 0.00125487 0.00468383 0.00489437 0.0126847 0.0155007 0.0212802 0.0198393 0.11844 0.801393 
2.94981e-09 1.48694e-07 1.44871e-06 5.97163e-05 0.000255364 0.000191097 0.00209159 0.00732252 0.0406309 0.949447 
1.40723e-07 6.45573e-06 7.33884e-05 0.000598117 0.00216348 0.0105878 0.0466893 0.740875 0.125876 0.0731309 
1.18142e-06 4.23509e-05 0.000664678 0.0021002 0.0073511 0.0185096 0.0200604 0.0343179 0.0725272 0.844426 
1.85256e-06 7.80145e-05 0.00110414 0.0027739 0.0123926 0.0306443 0.0412456 0.483637 0.332675 0.0954481 
6.90098e-08 3.14429e-06 3.77395e-05 0.000263473 0.000922845 0.00288743 0.0166693 0.418116 0.474281 0.0868191 
3.41761e-07 1.26952e-05 0.00011083 0.000577742 0.0019589 0.00510219 0.0145594 0.0228256 0.0318668 0.922986 
4.71935e-09 1.88552e-07 2.3162e-06 2.71962e-05 8.35798e-05 0.000403226 0.00290536 0.00802162 0.0319348 0.956622 
1.49751e-06 5.60807e-05 0.000874174 0.00249072 0.013201 0.0312953 0.0327032 0.0683733 0.733991 0.117014 
9.38313e-07 3.30352e-05 0.000550101 0.00169669 0.00665453 0.0170744 0.0306687 0.061437 0.102477 0.779408 
5.18929e-08 2.8184e-06 7.90396e-05 0.000251695 0.000489255 0.00153954 0.00691661 0.0165979 0.0491089 0.925014 
1.85194e-09 6.27169e-08 8.08312e-07 9.24377e-06 1.84804e-05 0.00011559 0.0012447 0.00589835 0.0337242 0.958989 
2.23705e-16 3.49759e-14 2.66006e-12 3.41204e-10 1.50103e-08 1.2001e-06 6.53346e-05 0.000800837 0.0142456 0.984887 
1.17178e-10 2.81661e-09 4.35693e-08 1.24046e-07 3.97087e-06 2.96265e-05 0.00035819 0.00321111 0.017764 0.978633 
1.45597e-07 4.86573e-06 6.33811e-05 0.000215755 0.00124577 0.00368074 0.0255523 0.570387 0.0954332 0.303417 
7.88751e-06 0.000288308 0.00102441 0.00584914 0.020578 0.0683973 0.631922 0.110208 0.092271 0.0694537 
1.13791e-09 4.31127e-08 2.66048e-07 1.23591e-06 1.88045e-05 0.000203549 0.000445816 0.00426858 0.0299715 0.96509 
4.86365e-05 0.00305073 0.0353258 0.0615462 0.166959 0.393059 0.101137 0.125372 0.0435413 0.0699603 
1.30905e-10 3.05277e-09 4.24974e-08 6.38459e-08 5.7726e-07 1.81741e-05 0.000192831 0.00249735 0.0173703 0.979921 
1.03903e-16 2.35785e-15 3.3042e-14 2.25466e-13 2.52724e-10 6.69952e-08 0.000234151 0.00734938 0.9686 0.0238167 
3.79029e-10 1.12205e-08 1.8844e-07 1.3568e-06 8.49916e-05 4.5334e-05 0.000630099 0.00309099 0.020329 0.975818 
2.32157e-07 9.34155e-06 0.000137293 0.000589612 0.00250942 0.0050737 0.013307 0.0282839 0.0679548 0.882135 
3.43359e-09 1.69256e-07 1.70179e-06 6.50789e-05 0.000179161 0.000260373 0.00353965 0.00737936 0.0330126 0.955562 
2.44771e-07 9.79541e-06 0.00010589 0.000480132 0.00202147 0.00772263 0.0234807 0.0506329 0.368538 0.547008 
1.10932e-06 3.97237e-05 0.000244578 0.000921316 0.00372833 0.00861401 0.0154637 0.0218085 0.0482153 0.900963 
1.72097e-07 4.37709e-06 7.68704e-05 0.000185586 0.000472353 0.00408203 0.0326788 0.759244 0.11136 0.091896 
9.22978e-08 2.83269e-06 4.59273e-05 0.000161691 0.00065051 0.00266942 0.012892 0.0271419 0.419756 0.53668 
1.33241e-07 5.81857e-06 6.6186e-05 0.000511733 0.0120847 0.165328 0.224481 0.171378 0.177417 0.248727 
2.99479e-07 1.18002e-05 0.000306664 0.000607987 0.00187689 0.00637882 0.0262559 0.413095 0.110683 0.440784 
4.11326e-07 1.69872e-05 0.000240186 0.000942086 0.00503329 0.0138247 0.0368998 0.677733 0.145218 0.120092 
3.86622e-11 8.78732e-10 1.22681e-08 1.17106e-08 2.57357e-08 1.69738e-06 1.88233e-05 0.000515406 0.00499274 0.994471 
6.90307e-07 2.71177e-05 0.00046231 0.00155422 0.00706115 0.0189623 0.0297811 0.0840591 0.740488 0.117604 
1.13567e-07 5.01188e-06 4.67943e-05 0.000347168 0.00206396 0.0111413 0.0581984 0.713694 0.126285 0.0882183 
1.1949e-09 4.9581e-08 5.82486e-07 1.65716e-05 7.83254e-05 0.000129793 0.00156192 0.00317216 0.0107821 0.984258 
2.74346e-08 7.40342e-07 9.33261e-06 9.25855e-05 4.99084e-05 0.000618048 0.00581197 0.0198514 0.0579184 0.915648 
1.614e-10 4.79871e-09 8.41152e-08 6.33121e-07 8.09506e-06 1.64561e-05 0.000190506 0.000703067 0.00421856 0.994863 
9.66982e-06 0.000324205 0.00186256 0.00963308 0.303823 0.0785495 0.234975 0.273967 0.0657386 0.0311168 
4.80811e-08 1.25826e-06 1.63698e-05 8.54662e-05 0.000313693 0.00147508 0.0088283 0.0355019 0.841626 0.112152 
4.53048e-08 1.93288e-06 1.56922e-05 0.00011542 0.000541722 0.00193791 0.00890334 0.0188581 0.0565586 0.913067 
6.90528e-08 2.07413e-06 3.38596e-05 0.000134226 0.000510761 0.00205453 0.0224919 0.0423269 0.470207 0.462238 
7.85347e-08 3.39193e-06 3.32223e-05 0.000289681 0.000924075 0.00256581 0.0125716 0.0290149 0.827133 0.127465 
6.76718e-09 2.83841e-07 4.94577e-06 4.0058e-05 0.000153476 0.000502448 0.00314583 0.0297797 0.089098 0.877275 
2.85364e-05 0.00127162 0.00451639 0.00965831 0.0352254 0.0703135 0.267874 0.071697 0.509553 0.0298619 
3.79369e-05 0.00174401 0.00494767 0.00623725 0.0185569 0.0718693 0.090121 0.687435 0.0796279 0.039423 
4.98875e-06 0.000179396 0.000552788 0.00227977 0.00958983 0.108278 0.420858 0.267129 0.0866071 0.104521 
5.04377e-19 9.09923e-17 8.50561e-15 1.20154e-12 1.81937e-10 2.90957e-08 4.74208e-06 0.000207326 0.00400873 0.995779 
1.14797e-08 2.63572e-07 3.70104e-06 4.51719e-06 8.16991e-05 7.44636e-05 0.000995554 0.00481804 0.268139 0.725883 
4.12005e-06 0.000149753 0.000798502 0.00235468 0.00822264 0.0228931 0.0586475 0.724925 0.125746 0.0562581 
9.60493e-07 3.27512e-05 0.000424063 0.0012699 0.00440984 0.0109404 0.0216742 0.0362696 0.0740786 0.8509 
6.29974e-08 2.02576e-06 2.8421e-05 0.000172689 0.000818571 0.00460955 0.0584809 0.299361 0.496252 0.140275 
9.63904e-08 4.86698e-06 5.66063e-05 0.000295164 0.00128047 0.00432985 0.016011 0.0392669 0.100509 0.838246 
3.10127e-06 0.000145679 0.0025 0.00792962 0.0339918 0.0802771 0.111118 0.113635 0.603743 0.0466566 
1.80069e-10 5.2773e-09 9.57946e-08 6.30563e-07 4.24461e-06 8.41341e-05 0.000336668 0.000606508 0.00415475 0.994813 
6.81759e-08 2.99783e-06 2.71923e-05 0.000221486 0.000743576 0.00231894 0.00963229 0.0198157 0.0496212 0.917617 
1.6214e-07 3.80322e-06 5.28799e-05 8.15616e-05 0.000345953 0.00302799 0.0284437 0.851047 0.0701114 0.0468856 
0.000362942 0.0184121 0.466894 0.108229 0.121939 0.123678 0.0817589 0.0402899 0.0263652 0.0120702 
2.0305e-27 1.00675e-24 2.12064e-21 6.27843e-18 1.00509e-14 4.4732e-12 2.7238e-08 2.68668e-06 0.00101806 0.998979 
2.15908e-07 7.75548e-06 9.77487e-05 0.000310295 0.00191702 0.00571783 0.0226638 0.0656125 0.792525 0.111148 
2.03518e-07 8.92859e-06 8.81231e-05 0.000693693 0.00361749 0.0129361 0.0434386 0.0852462 0.123078 0.730893 
1.50604e-05 0.000583554 0.00190714 0.00744383 0.029536 0.0775707 0.112642 0.618997 0.104238 0.0470667 
8.02626e-08 2.09313e-06 4.87177e-05 5.63418e-05 0.000359547 0.00101266 0.0113931 0.0504489 0.848891 0.0877876 
3.44662e-08 2.15812e-06 4.89976e-05 0.000142749 0.000300559 0.0017032 0.00935737 0.0244579 0.08911 0.874877 
1.20008e-06 4.97963e-05 0.00101305 0.00298906 0.0121212 0.0351527 0.0717657 0.126468 0.680262 0.0701773 
6.2862e-06 0.000229003 0.00114287 0.00543103 0.022011 0.0570571 0.0853916 0.088112 0.649891 0.0907285 
4.166e-10 9.56098e-09 1.37603e-07 2.00228e-07 1.76335e-06 3.00031e-05 0.000412418 0.0045964 0.316948 0.678011 
9.93021e-10 2.65819e-08 4.18786e-07 1.38344e-06 1.05919e-05 5.79691e-05 0.000909709 0.00361988 0.0173938 0.978006 
7.7817e-10 1.79616e-08 2.64401e-07 4.328e-07 5.14384e-06 5.92604e-05 0.000743901 0.00555423 0.0328333 0.960803 
8.67558e-11 2.20524e-09 3.41204e-08 1.0415e-07 5.48897e-07 1.13438e-05 8.28065e-05 0.00062736 0.00621281 0.993065 
6.94861e-07 2.77468e-05 0.00053561 0.00156749 0.00629364 0.0167404 0.0213184 0.0392051 0.105628 0.808683 
1.43783e-10 3.51638e-09 5.34849e-08 1.67158e-07 5.38804e-06 2.62825e-05 0.000408873 0.00441118 0.461268 0.53388 
1.91186e-11 4.69964e-10 8.0742e-09 3.35972e-08 2.47074e-07 3.97109e-06 9.4148e-05 0.000814083 0.0139174 0.98517 
3.85492e-09 1.1934e-07 9.85188e-07 6.29177e-06 3.08953e-05 0.000242045 0.000689933 0.00331767 0.0278732 0.967839 
3.05769e-06 9.12621e-05 0.00113681 0.00469605 0.0286682 0.068118 0.079189 0.106489 0.632647 0.0789624 
3.8971e-07 1.3469e-05 0.000170258 0.000623135 0.00364711 0.0184977 0.657705 0.116209 0.12344 0.0796951 
1.13006e-09 2.9383e-08 4.85154e-07 2.19369e-06 0.000103238 0.000104707 0.00155391 0.00624583 0.0387803 0.953209 
1.18727e-06 5.13222e-05 0.000747837 0.00524002 0.0196842 0.060294 0.115034 0.651035 0.100722 0.0471912 
7.9407e-10 2.47187e-08 1.94814e-07 1.28001e-06 4.45907e-06 2.11932e-05 9.0275e-05 0.000455777 0.0090342 0.990393 
5.74943e-07 2.12631e-05 0.000433067 0.000964884 0.00291737 0.00420875 0.0133433 0.0362361 0.258497 0.683378 
3.4066e-09 2.17065e-07 2.98122e-06 4.45631e-05 0.000155685 0.000248417 0.0017172 0.0142584 0.909356 0.0742167 
4.18385e-08 1.63703e-06 4.38595e-05 0.000156743 0.000871296 0.00466348 0.0159374 0.0392835 0.0919514 0.847091 
9.86177e-05 0.00451096 0.0113853 0.0143042 0.0427009 0.0524289 0.0477723 0.0678869 0.102494 0.656418 
2.56745e-20 3.22796e-18 7.47703e-16 1.29759e-13 2.86491e-11 7.06708e-09 2.99318e-05 0.000140211 0.0021353 0.997695 
1.87579e-08 4.3246e-07 6.15561e-06 8.45793e-06 0.000198095 0.000219209 0.00496944 0.0287522 0.864592 0.101254 
2.76548e-08 9.12979e-07 8.07335e-06 5.56257e-05 0.000170713 0.000890518 0.00345379 0.0101542 0.123811 0.861455 
2.36814e-08 9.66231e-07 7.07974e-06 6.45894e-05 0.000446861 0.00168032 0.00792719 0.0248177 0.0750175 0.890038 
1.26269e-05 0.000435675 0.00333626 0.00231586 0.00552475 0.0083157 0.0139409 0.0276672 0.0674244 0.871027 
2.11603e-05 0.000962921 0.00313472 0.00623999 0.0340121 0.0873301 0.126633 0.623548 0.088071 0.0300466 
3.32541e-10 8.17369e-09 1.11624e-07 2.23159e-07 4.09311e-06 2.26427e-05 0.000291099 0.00225172 0.0158852 0.981545 
1.43928e-06 5.99042e-05 0.00104352 0.00425622 0.0149398 0.0491089 0.100156 0.660112 0.121319 0.0490042 
8.20982e-07 3.3823e-05 0.000712287 0.00177751 0.00461042 0.0123179 0.0413378 0.0976578 0.745972 0.0955792 
4.78013e-23 7.08388e-21 3.12407e-18 1.35666e-15 7.50207e-13 4.14111e-10 4.52576e-06 0.000165763 0.00723812 0.992592 
7.43769e-11 1.74221e-09 2.7587e-08 6.11131e-08 9.50369e-07 5.26026e-05 0.000400442 0.00321131 0.0157069 0.980628 
1.80122e-08 7.21053e-07 7.72913e-06 7.53495e-05 0.000325681 0.00134583 0.00697403 0.0515645 0.767511 0.172196 
1.41504e-07 4.41007e-06 6.83216e-05 0.000453213 0.00122026 0.00859974 0.0294089 0.0767952 0.810656 0.0727936 
4.28084e-10 9.72648e-09 1.35796e-07 1.42318e-07 7.11372e-07 3.51415e-05 0.000663418 0.011546 0.901441 0.0863135 
3.29966e-08 1.12525e-06 1.30297e-05 0.000102426 0.000349285 0.0018716 0.0106796 0.0285872 0.080825 0.877571 
5.20224e-09 2.18279e-07 2.44908e-06 7.45394e-05 0.000313764 0.000575759 0.00592726 0.0170775 0.0692453 0.906783 
3.24599e-17 5.03777e-15 2.03558e-13 1.47048e-11 1.11339e-09 1.49164e-07 7.68139e-05 0.00101927 0.0178021 0.981102 
2.71178e-09 8.10521e-08 1.26365e-06 8.32248e-06 0.000203388 0.000464291 0.00416573 0.0126778 0.899021 0.083458 
7.27947e-10 1.71226e-08 2.62165e-07 5.59409e-07 9.042e-06 6.52977e-05 0.000999106 0.00679502 0.0440734 0.948057 
2.97695e-07 1.24484e-05 0.000196717 0.000835361 0.00380521 0.0119534 0.0230812 0.0481749 0.108186 0.803755 
3.2031e-07 1.47978e-05 0.000177077 0.000945067 0.00379431 0.013742 0.041648 0.0877631 0.71295 0.138965 
4.52899e-10 1.02883e-08 1.43685e-07 1.43211e-07 6.1173e-07 2.94716e-05 0.000481996 0.00580345 0.0405865 0.953098 
7.86722e-08 3.80871e-06 5.10494e-05 0.000188731 0.00147312 0.00453269 0.0160785 0.0383678 0.0862215 0.853083 
1.63367e-08 6.87705e-07 6.43837e-06 6.5822e-05 0.000704387 0.00125515 0.0115659 0.790092 0.101648 0.0946613 
1.7838e-06 7.24626e-05 0.00115155 0.00363949 0.017247 0.0398591 0.0499758 0.0944379 0.688781 0.104834 
7.90243e-06 0.000282448 0.000358102 0.0035185 0.0109547 0.0329571 0.0606971 0.0859279 0.708008 0.097288 
1.72391e-07 4.84305e-06 5.64732e-05 0.000223392 0.00156257 0.0118954 0.570908 0.0854788 0.252558 0.0773118 
5.63166e-09 1.31372e-07 1.90757e-06 3.41907e-06 9.14394e-05 0.000239496 0.00234392 0.0149326 0.887006 0.0953814 
4.90063e-05 0.00224641 0.00656609 0.00865843 0.0351835 0.101792 0.242286 0.212906 0.321028 0.0692836 
8.50725e-05 0.00372794 0.0108835 0.0120409 0.0343182 0.0393334 0.0456857 0.0746832 0.105069 0.674173 
2.26549e-07 6.51473e-06 0.00012065 0.000279152 0.00147533 0.00568493 0.0255031 0.0789486 0.783016 0.104965 
1.97445e-11 4.48432e-10 6.26171e-09 6.93426e-09 6.05623e-08 4.0725e-06 9.49121e-05 0.000981938 0.0106811 0.988238 
1.80583e-09 9.47122e-08 1.02801e-06 2.24427e-05 6.45494e-05 0.000150567 0.00103092 0.00226221 0.0116086 0.98486 
3.76289e-06 0.000164286 0.00124649 0.0206327 0.12783 0.483858 0.095344 0.139807 0.0963104 0.0348032 
1.66944e-07 4.03158e-06 5.90779e-05 0.000178231 0.000424222 0.00270258 0.0125594 0.0516226 0.829169 0.103281 
3.3506e-13 1.48184e-11 3.43179e-10 1.93845e-08 4.70752e-07 2.45618e-05 0.000311583 0.00281825 0.021915 0.97493 
5.13259e-07 1.9526e-05 0.000234157 0.00100016 0.00520262 0.0120206 0.0342064 0.722592 0.14185 0.0828743 
2.26226e-07 8.09698e-06 7.49514e-05 0.000465705 0.0030617 0.0141605 0.0560146 0.684327 0.158421 0.0834662 
8.54553e-06 0.000132359 0.000615621 0.00123649 0.00646051 0.0151842 0.0268818 0.0480495 0.737811 0.16362 
1.72576e-08 7.72482e-07 7.25859e-06 0.000141836 0.000643394 0.00152207 0.00960469 0.0227624 0.0537122 0.911605 
1.61031e-10 3.66002e-09 5.11782e-08 5.44731e-08 3.73142e-07 2.08862e-05 0.000549124 0.0134333 0.929564 0.0564324 
4.22556e-09 1.53768e-07 1.38494e-06 8.25702e-06 5.67291e-05 0.000551872 0.00210574 0.0137945 0.938865 0.044616 
3.89933e-10 9.17219e-09 1.41923e-07 3.15372e-07 3.21606e-06 2.50417e-05 0.000352915 0.00158181 0.010372 0.987665 
6.33731e-10 2.75354e-08 4.07565e-07 4.28878e-06 2.18477e-05 5.31914e-05 0.000885601 0.0149844 0.939807 0.0442428 
3.15336e-07 1.2443e-05 0.000142897 0.000561243 0.00299967 0.00989502 0.0246117 0.0523946 0.108453 0.800929 
2.79689e-08 1.38779e-06 3.76756e-05 0.000241442 0.00108248 0.00553459 0.0243436 0.0597149 0.115028 0.794015 
2.1699e-07 6.18339e-06 8.56247e-05 0.000336742 0.00154029 0.00330535 0.0223936 0.0731181 0.789738 0.109476 
9.77313e-11 2.42014e-09 3.77583e-08 9.61297e-08 1.00826e-06 2.88389e-05 0.00059857 0.00341005 0.0272787 0.968683 
1.4304e-06 5.35206e-05 0.000741705 0.00325649 0.0148237 0.0413586 0.080695 0.689681 0.118494 0.0508945 
2.72406e-22 3.64908e-20 1.34529e-17 5.02371e-15 2.66166e-12 5.56251e-10 4.879e-06 0.000112445 0.00545252 0.99443 
3.39688e-08 1.21515e-06 1.00344e-05 8.92701e-05 0.000328387 0.00187763 0.00933713 0.014923 0.0417552 0.931678 
2.52912e-08 1.16845e-06 9.49258e-06 0.000126506 0.000900125 0.00201683 0.0100779 0.0278538 0.0664214 0.892593 
2.97769e-05 0.00133566 0.012935 0.0106847 0.0135381 0.0136438 0.0160846 0.0397729 0.78996 0.102016 
6.07674e-08 1.39052e-06 1.99334e-05 1.92495e-05 0.000169881 0.000231713 0.00394524 0.0270351 0.859427 0.10915 
7.12589e-10 1.79387e-08 2.86098e-07 1.06435e-06 5.02396e-05 9.88177e-05 0.00278773 0.0177817 0.0610071 0.918273 
3.25911e-08 9.06667e-07 1.08497e-05 4.94529e-05 0.000238224 0.0010498 0.0440406 0.121885 0.59957 0.233155 
5.17491e-07 2.33629e-05 0.000559843 0.00168404 0.00540876 0.0187061 0.052379 0.109512 0.160311 0.651415 
6.30926e-09 1.51766e-07 2.41711e-06 5.8645e-06 3.6839e-05 0.00128679 0.00691882 0.0671517 0.315549 0.609048 
2.20297e-07 5.00034e-06 6.97533e-05 6.08036e-05 3.58521e-05 0.000491994 0.00760607 0.0311714 0.0754331 0.885126 
