11382
9.61267e-06 0.00046004 0.00597872 0.876542 0.0715672 0.0376777 0.00705677 0.000692237 1.52526e-05 9.46122e-08 
4.17143e-17 8.92538e-15 7.10877e-13 1.64069e-10 9.27259e-09 1.86652e-06 5.62759e-05 0.000962662 0.00711932 0.99186 
1.55574e-05 0.000716481 0.0029937 0.016842 0.04678 0.916919 0.0146812 0.00103366 1.84396e-05 1.33224e-07 
9.56596e-17 3.53811e-14 8.91688e-12 2.11133e-09 1.64827e-07 3.51273e-05 0.000158334 0.00166184 0.00905473 0.98909 
5.47634e-09 8.8602e-07 0.000157825 0.004204 0.383356 0.59485 0.0124031 0.00429848 0.0006952 3.38189e-05 
2.22325e-34 8.46909e-31 2.59457e-26 8.06358e-23 2.38558e-18 1.00278e-14 1.46698e-09 9.33921e-07 0.000225823 0.999773 
1.25447e-16 4.74616e-14 1.21966e-11 2.88773e-09 2.26152e-07 4.82068e-05 0.000197057 0.00246211 0.0144566 0.982836 
1.32425e-16 4.11291e-14 9.64206e-12 2.09317e-09 1.41817e-07 2.85668e-05 0.000544871 0.00241624 0.0111513 0.985859 
3.559e-15 1.46408e-12 4.04775e-11 7.27731e-09 3.04135e-07 4.08793e-05 0.0018179 0.00666088 0.0199521 0.971528 
1.70448e-14 3.74967e-12 1.07516e-10 1.55525e-08 1.36592e-06 6.02859e-05 0.00238449 0.489352 0.500233 0.00796927 
2.74892e-13 4.85481e-11 1.95139e-09 3.18402e-07 1.53844e-05 0.000972533 0.00605894 0.956289 0.0280514 0.00861229 
1.49353e-16 5.49681e-14 1.22322e-11 2.82739e-09 2.1738e-07 4.5748e-05 0.000702052 0.00437606 0.977859 0.0170168 
1.46654e-16 7.162e-14 1.63201e-11 3.71237e-09 2.87495e-07 5.56462e-05 0.0010829 0.0103617 0.972359 0.0161402 
9.57995e-18 4.2417e-15 1.32935e-12 2.82775e-10 2.72525e-08 4.90318e-06 0.000314697 0.0015404 0.00664243 0.991498 
1.48987e-16 4.68892e-14 9.70333e-12 2.27592e-09 1.77395e-07 3.76867e-05 0.000179333 0.00189066 0.0126541 0.985238 
5.7437e-13 1.08705e-10 2.11015e-08 3.7608e-06 0.000199786 0.00699321 0.932918 0.0336653 0.0215288 0.00469105 
3.63761e-13 6.91264e-11 1.08141e-08 2.12474e-06 0.00011486 0.00311427 0.670355 0.22861 0.0968838 0.000919884 
1.0063e-16 3.96097e-14 1.04481e-11 2.45373e-09 2.07822e-07 4.11921e-05 0.000602429 0.00548987 0.0206396 0.973227 
5.75823e-16 2.26349e-13 1.39784e-11 3.03007e-09 2.19111e-07 4.49015e-05 0.000487931 0.00529527 0.0219339 0.972238 
1.33702e-09 1.66153e-07 9.34844e-06 0.000749719 0.00562323 0.104536 0.881834 0.00597597 0.00116451 0.000107182 
1.06221e-12 1.50588e-10 5.00589e-09 9.69028e-07 4.71522e-05 0.00296062 0.942509 0.0335842 0.0186062 0.00229183 
7.58499e-10 2.16166e-07 2.35321e-05 0.00104058 0.0155799 0.926684 0.035303 0.0163427 0.00455176 0.000474321 
1.83816e-08 9.17584e-07 1.9704e-05 0.00147294 0.00854995 0.0218957 0.951538 0.013425 0.00284682 0.000251024 
1.34308e-09 1.37708e-07 3.39332e-06 0.000210082 0.00306928 0.0207179 0.944832 0.0255422 0.00540221 0.000223323 
1.28339e-16 6.51059e-14 1.63329e-11 3.79068e-09 2.8458e-07 5.92356e-05 0.000442037 0.00334553 0.0148284 0.981324 
2.90192e-16 7.62524e-14 1.64831e-11 3.91581e-09 2.00288e-07 3.63236e-05 0.000414987 0.00170567 0.00810403 0.989739 
9.49243e-09 7.47921e-07 3.54822e-05 0.000689253 0.00304702 0.017956 0.955999 0.0186912 0.00337532 0.000206308 
1.24608e-18 2.77882e-16 2.65043e-14 6.16731e-12 3.75791e-10 7.69043e-08 1.74347e-07 2.15865e-05 0.000735036 0.999243 
4.63279e-09 6.24874e-07 3.07776e-05 0.00118682 0.00590922 0.0237835 0.952263 0.0150457 0.00174456 3.60466e-05 
3.6468e-09 2.94648e-07 2.84705e-05 0.00137577 0.645089 0.0189632 0.324193 0.00848635 0.00176027 0.000103793 
4.85997e-19 1.30453e-16 2.26129e-14 5.34402e-12 3.941e-10 8.20391e-08 4.68927e-05 0.000252559 0.00371091 0.99599 
0.00975411 0.650969 0.332572 0.00615419 0.000548138 2.06131e-06 7.35215e-08 3.22613e-09 3.95724e-12 3.64824e-14 
5.70638e-12 2.53885e-09 2.08062e-08 1.18377e-06 1.42096e-05 0.00124062 0.0066045 0.972403 0.016091 0.00364556 
1.97798e-21 1.93416e-18 1.83706e-15 3.3134e-13 3.71121e-11 9.03876e-09 6.17325e-05 0.000558394 0.00688883 0.992491 
1.98198e-15 8.34298e-13 2.35301e-11 4.2808e-09 1.57336e-07 1.55577e-05 0.00137094 0.00557586 0.978905 0.0141327 
2.15105e-15 8.66027e-13 1.89288e-11 3.23239e-09 1.0804e-07 9.93387e-06 0.000866551 0.00343533 0.978869 0.0168188 
3.8019e-06 0.00017302 0.00193734 0.0160289 0.221994 0.494744 0.259356 0.00405755 0.00156577 0.000140026 
9.20288e-13 2.40054e-10 8.61791e-08 1.96462e-05 0.000729824 0.0114404 0.949646 0.0224111 0.0129176 0.00283534 
1.73451e-13 3.28731e-11 1.52699e-09 1.73313e-07 1.88954e-05 0.000640326 0.00551365 0.962024 0.0237526 0.00805052 
2.45472e-15 9.86194e-13 2.62329e-11 4.86193e-09 1.53183e-07 1.31755e-05 0.000908914 0.00340457 0.979477 0.0161963 
9.84016e-17 4.83967e-14 1.12359e-11 2.58925e-09 1.88968e-07 3.88694e-05 0.000383646 0.00280231 0.65663 0.340145 
9.11237e-17 3.1458e-14 7.40921e-12 1.75293e-09 1.35733e-07 2.88808e-05 0.000168136 0.00208121 0.0133832 0.984338 
5.41693e-14 9.43676e-12 3.84967e-10 5.2103e-08 3.27995e-06 0.00030774 0.00103306 0.0043025 0.0157236 0.97863 
8.28267e-13 1.2971e-10 2.98231e-09 4.65094e-07 1.49698e-05 0.00125031 0.00627329 0.012509 0.0178806 0.962071 
1.29971e-16 4.66551e-14 1.13434e-11 2.6795e-09 2.09943e-07 4.4806e-05 0.000197756 0.00211764 0.0135602 0.984079 
2.54437e-16 7.22556e-14 1.26233e-11 2.89514e-09 2.12924e-07 4.50884e-05 0.000453349 0.00284567 0.0148688 0.981787 
8.65741e-13 1.40273e-10 3.71342e-09 5.21119e-07 2.97148e-05 0.00207213 0.0120107 0.958242 0.0224934 0.00515178 
1.79051e-14 2.67413e-12 4.82807e-11 6.21298e-09 2.38764e-07 2.7429e-05 0.00134007 0.00574234 0.0159171 0.976973 
1.88663e-10 3.53919e-08 8.86834e-07 0.000122493 0.00222778 0.0187283 0.954138 0.0189088 0.00503807 0.000835713 
4.80096e-08 5.03103e-06 0.000120109 0.0037995 0.908398 0.0538079 0.0254702 0.00779143 0.000599265 8.6303e-06 
5.89355e-17 2.97855e-14 9.36129e-12 2.22112e-09 1.77628e-07 3.80081e-05 0.000165611 0.00144188 0.247889 0.750465 
6.80775e-17 2.57425e-14 6.63137e-12 1.57104e-09 1.22842e-07 2.61698e-05 7.77357e-05 0.00104108 0.00804472 0.99081 
1.86612e-17 8.57119e-15 2.55835e-12 6.07052e-10 4.82484e-08 1.03045e-05 7.73971e-05 0.000503518 0.00545753 0.993951 
1.22435e-10 5.71104e-08 4.67525e-07 2.26387e-05 0.000338968 0.00803797 0.931618 0.0366999 0.0196927 0.00358921 
4.77661e-10 7.16441e-08 1.08764e-06 0.000126331 0.00161061 0.0130578 0.828213 0.153728 0.0030918 0.000171313 
2.72158e-15 1.10925e-12 3.13087e-11 6.04519e-09 1.80964e-07 1.09875e-05 0.000900466 0.00373528 0.0168369 0.978516 
8.00443e-13 1.45652e-10 2.4695e-08 4.31682e-06 0.000306711 0.00879259 0.935881 0.0379728 0.0151212 0.00192105 
6.93779e-13 1.15243e-10 3.96163e-09 6.41432e-07 3.05339e-05 0.00223001 0.0104461 0.965672 0.0184645 0.00315581 
4.4631e-10 6.52286e-08 1.10102e-06 0.000117793 0.00103063 0.00882059 0.0209357 0.950962 0.0167841 0.00134767 
4.73848e-13 7.62788e-11 3.32806e-09 4.02054e-07 3.18254e-05 0.00177325 0.00713924 0.0267387 0.956637 0.00768004 
2.00877e-16 6.53281e-14 1.56702e-11 3.71243e-09 2.62926e-07 5.47045e-05 0.000254041 0.00218527 0.00999766 0.987508 
2.36353e-14 4.67049e-12 1.63058e-10 2.53456e-08 1.20179e-06 0.000192025 0.0019668 0.0109985 0.0240083 0.962833 
1.54584e-15 7.2005e-13 2.74729e-11 5.33105e-09 3.67432e-07 6.92075e-05 0.00155842 0.00689087 0.970485 0.0209963 
5.88541e-10 8.33047e-08 1.42384e-06 0.000141061 0.00736683 0.951309 0.0263266 0.0119166 0.00269421 0.000244479 
1.02813e-15 4.42702e-13 1.56138e-11 3.12095e-09 2.20046e-07 4.42119e-05 0.000390105 0.00328822 0.0173093 0.978968 
9.87751e-05 0.00380195 0.160315 0.782181 0.0342968 0.014857 0.00391832 0.000521181 1.05238e-05 6.16941e-08 
1.88401e-15 7.88114e-13 4.59241e-11 9.6234e-09 1.90793e-05 0.00127299 0.665476 0.304383 0.0198119 0.0090372 
2.31432e-15 9.20111e-13 3.04941e-11 5.68398e-09 2.33097e-07 3.02054e-05 0.00241265 0.0139382 0.969511 0.0141078 
9.02332e-17 3.49459e-14 9.17254e-12 2.17265e-09 1.70528e-07 3.63688e-05 0.000170081 0.00196472 0.0110709 0.986758 
1.11946e-16 4.90629e-14 1.41948e-11 3.36298e-09 2.71734e-07 5.71176e-05 0.000607485 0.00456005 0.0173541 0.977421 
5.73952e-16 1.49681e-13 3.03458e-11 7.29162e-09 3.35668e-07 5.35535e-05 0.000843587 0.00321293 0.0155046 0.980385 
2.48235e-15 1.03202e-12 2.83264e-11 5.4216e-09 1.83159e-07 1.62442e-05 0.00179244 0.0119562 0.969541 0.016694 
1.133e-08 8.51009e-07 3.56282e-05 0.000959538 0.00294633 0.0146106 0.0235956 0.945079 0.0121323 0.000640151 
4.42761e-21 2.34132e-18 1.07829e-15 2.10711e-13 2.39481e-11 4.89242e-09 5.57478e-05 0.000424517 0.00554135 0.993978 
2.41038e-17 5.4774e-15 5.53608e-13 1.28632e-10 8.1619e-09 1.6852e-06 3.19797e-05 0.000315214 0.00290369 0.996747 
8.16996e-17 5.03548e-14 1.08756e-11 2.39562e-09 1.72684e-07 3.10374e-05 0.000919513 0.96948 0.0197761 0.00979347 
9.20229e-17 3.22392e-14 7.70764e-12 1.82359e-09 1.41419e-07 3.00775e-05 0.000152765 0.00167905 0.0118054 0.986333 
2.83341e-10 6.75699e-08 1.71073e-06 0.000306871 0.0927109 0.146867 0.288171 0.366409 0.104864 0.000670065 
1.2678e-10 8.14789e-09 3.84907e-07 8.92988e-05 0.000485156 0.00695975 0.943273 0.0312172 0.0162491 0.00172574 
3.31581e-09 4.3043e-07 1.99211e-05 0.000528506 0.00815866 0.926852 0.0462893 0.0157048 0.00223927 0.000206946 
3.75392e-15 1.39635e-12 3.36451e-11 5.66482e-09 2.13614e-07 2.44384e-05 0.00178992 0.0100244 0.973986 0.0141746 
1.47168e-12 5.20324e-10 1.31393e-07 3.62247e-05 0.00138972 0.320249 0.652667 0.0158644 0.00844629 0.00134727 
3.97701e-18 8.22704e-16 5.36578e-14 1.22706e-11 6.04476e-10 1.17597e-07 4.20013e-05 0.000245892 0.00308968 0.996622 
6.3441e-17 1.43329e-14 1.44767e-12 3.36966e-10 2.13859e-08 4.38605e-06 8.86781e-05 0.001319 0.00938365 0.989204 
3.19796e-14 5.62774e-12 1.46782e-10 2.09664e-08 1.14695e-06 0.000120197 0.00139895 0.00398456 0.0577688 0.936726 
9.57911e-17 3.3311e-14 7.89653e-12 1.86875e-09 1.44607e-07 3.07635e-05 0.000131913 0.00149912 0.0105166 0.987821 
6.00537e-13 1.02396e-10 3.01272e-09 3.40784e-07 3.11401e-05 0.00177851 0.007402 0.961296 0.024147 0.00534526 
2.74818e-20 2.33546e-17 7.8004e-15 1.54228e-12 2.66779e-10 6.05241e-08 0.000115702 0.00144054 0.987421 0.011023 
1.76949e-15 7.19112e-13 5.83393e-11 1.24059e-08 8.02721e-07 0.000281909 0.00218049 0.0132562 0.970601 0.0136791 
0.000110169 0.00178601 0.010999 0.0224852 0.907537 0.0498328 0.00695112 0.000293755 4.77292e-06 5.27044e-08 
1.51365e-15 5.92585e-13 2.16351e-11 4.22213e-09 1.4951e-07 1.76556e-05 0.00133497 0.6818 0.296806 0.0200413 
6.40441e-16 2.25402e-13 2.26481e-11 5.03332e-09 2.62749e-07 4.28862e-05 0.00133584 0.0081037 0.980715 0.0098028 
1.13203e-13 2.15606e-11 9.1672e-10 1.62479e-07 8.91008e-06 0.000422054 0.00472119 0.0174129 0.968433 0.00900157 
5.04415e-16 1.27199e-13 2.59058e-11 6.18853e-09 2.92106e-07 4.8953e-05 0.000818218 0.00326654 0.0155267 0.980339 
2.96836e-22 1.85636e-19 1.17051e-16 2.26624e-14 1.627e-12 1.45073e-10 3.97623e-08 9.0173e-06 0.000188654 0.999802 
9.52832e-15 2.4874e-12 1.053e-10 1.44082e-08 1.3392e-06 4.9147e-05 0.00229012 0.0108631 0.0262094 0.960587 
3.41768e-06 5.90657e-05 0.000834816 0.00787821 0.301423 0.330743 0.354841 0.00362117 0.000564313 3.22246e-05 
1.77424e-13 3.20514e-11 1.38047e-09 1.72213e-07 1.52563e-05 0.000597132 0.00471159 0.966035 0.0218606 0.00678045 
7.72928e-18 3.73894e-15 1.14899e-12 2.72393e-10 2.17957e-08 4.66657e-06 8.16436e-05 0.000750726 0.00710781 0.992055 
5.64158e-22 5.39342e-19 6.14141e-16 1.10846e-13 1.29924e-11 5.01865e-09 3.99572e-05 0.000150835 0.0017234 0.998086 
0.000134871 0.0035448 0.0272812 0.881361 0.0695213 0.0164792 0.00157794 9.92321e-05 6.53348e-07 7.85151e-09 
4.09323e-10 5.98474e-08 9.59004e-07 0.000118279 0.00146802 0.0102497 0.206838 0.560493 0.219186 0.0016459 
4.00177e-11 2.30365e-09 1.25475e-07 3.02483e-06 0.000169617 0.00290857 0.00731814 0.0221107 0.961686 0.00580425 
2.88734e-16 8.25235e-14 1.56505e-11 3.67436e-09 2.72524e-07 5.53265e-05 0.00085115 0.00559787 0.973535 0.0199606 
1.54866e-16 5.0952e-14 1.12888e-11 2.66523e-09 2.05618e-07 4.37005e-05 0.000189505 0.00255394 0.0152344 0.981978 
2.60376e-15 1.12539e-12 3.73611e-11 6.51387e-09 3.40792e-07 0.000118756 0.00323761 0.0159775 0.972046 0.00861959 
8.19804e-13 1.30429e-10 4.23461e-09 6.6115e-07 3.32446e-05 0.00222991 0.00678709 0.959678 0.0261434 0.00512815 
1.47462e-08 9.93869e-07 3.65912e-05 0.00174841 0.0369408 0.909541 0.0509049 0.000786405 3.96586e-05 1.39492e-06 
2.26218e-16 7.83001e-14 1.4515e-11 3.39384e-09 2.59455e-07 5.43554e-05 0.000362346 0.00469765 0.969832 0.0250533 
7.19572e-13 1.19261e-10 3.93136e-09 6.80002e-07 2.90234e-05 0.00181404 0.00639526 0.0186929 0.0261578 0.94691 
1.15471e-15 4.60044e-13 1.73469e-11 3.3961e-09 1.61393e-07 2.21331e-05 0.00172705 0.117049 0.113461 0.76774 
1.15833e-05 0.00053318 0.00248726 0.0127412 0.0343207 0.0451299 0.897902 0.00650747 0.000365491 7.73222e-07 
6.84327e-17 2.02552e-14 3.91552e-12 9.23811e-10 6.95012e-08 1.4718e-05 0.00014683 0.00196612 0.0126129 0.985259 
3.61933e-13 6.32476e-11 2.1393e-09 3.82027e-07 1.2336e-05 0.000919156 0.00456555 0.95597 0.0293023 0.00922994 
7.31349e-24 6.96847e-21 7.95523e-18 1.48573e-15 3.69874e-13 3.55318e-11 3.53217e-05 0.000147548 0.00217254 0.997645 
3.37963e-10 2.99604e-08 5.02552e-07 4.90099e-05 0.000494164 0.00535223 0.0135216 0.954714 0.0219202 0.00394805 
4.33255e-20 3.89157e-17 1.22579e-14 2.42678e-12 4.03349e-10 9.51082e-08 7.01772e-05 0.000773554 0.00590776 0.993248 
4.55808e-14 8.62601e-12 2.31592e-10 4.01087e-08 1.0917e-06 0.00016447 0.00345494 0.947287 0.0351575 0.0139351 
8.95055e-15 2.63261e-12 9.75004e-11 1.53351e-08 1.26881e-06 6.18392e-05 0.00306997 0.0176866 0.963916 0.0152643 
2.14839e-15 9.32017e-13 1.63277e-11 2.52163e-09 9.82181e-08 9.62301e-06 0.000911542 0.00552878 0.0187974 0.974753 
3.03723e-10 1.63524e-08 5.37054e-07 5.48403e-05 0.000806771 0.00697836 0.0196184 0.948506 0.0217825 0.00225235 
4.4241e-34 2.12186e-30 3.87827e-26 3.45674e-22 8.84665e-18 1.4543e-14 1.04216e-08 1.23393e-05 0.00105194 0.998936 
6.16265e-16 2.64019e-13 3.3024e-10 7.3748e-08 7.49752e-05 0.00421471 0.929995 0.0220238 0.026955 0.0167362 
2.21745e-15 9.49976e-13 3.31896e-11 5.85352e-09 2.82495e-07 3.29252e-05 0.00316885 0.0144041 0.970018 0.0123755 
1.7022e-09 1.2407e-07 6.07417e-06 0.000972462 0.00579948 0.0217577 0.950477 0.0161962 0.00444896 0.000342071 
8.25534e-13 1.35786e-10 4.34967e-09 7.26256e-07 2.96219e-05 0.0020843 0.00605472 0.0197027 0.965947 0.00618108 
1.69551e-15 6.32124e-13 2.16891e-11 4.30606e-09 1.6044e-07 1.26857e-05 0.00244123 0.956722 0.0279015 0.0129222 
8.52462e-10 1.30235e-07 2.23599e-06 0.000236596 0.00371547 0.0184317 0.277525 0.626235 0.0734578 0.00039553 
1.23968e-09 1.60647e-07 4.15257e-06 0.000894861 0.0114265 0.944134 0.0295486 0.0114595 0.00229746 0.00023512 
4.84247e-18 1.47176e-15 2.88339e-13 6.79378e-11 5.13274e-09 1.08909e-06 1.76851e-05 0.00020099 0.00194841 0.997832 
1.1133e-16 4.42711e-14 1.18726e-11 2.813e-09 2.21306e-07 4.72155e-05 0.000185075 0.00198794 0.00888242 0.988897 
1.43328e-16 4.76115e-14 1.06473e-11 2.51001e-09 1.94639e-07 4.13857e-05 0.000208338 0.00203697 0.0111884 0.986525 
8.50586e-17 3.22539e-14 8.3171e-12 1.96976e-09 1.54332e-07 3.28774e-05 0.000219117 0.00329818 0.981624 0.0148258 
4.72535e-13 7.89781e-11 2.37252e-09 2.65048e-07 2.25945e-05 0.00113263 0.00443223 0.0126887 0.0222177 0.959506 
7.84782e-10 1.0279e-07 1.93797e-06 0.000159997 0.00259231 0.0190593 0.957502 0.016961 0.00334563 0.000377881 
2.46157e-15 1.06463e-12 1.99641e-11 2.98489e-09 1.36493e-07 1.24824e-05 0.00150169 0.00832302 0.0206251 0.969538 
3.28585e-17 9.80239e-15 1.87763e-12 4.45531e-10 3.24324e-08 6.70309e-06 0.000182149 0.00192786 0.560293 0.43759 
5.64117e-14 1.00078e-11 4.11002e-10 5.47451e-08 4.28806e-06 0.000280971 0.00102609 0.00577646 0.0151807 0.977731 
5.2518e-09 7.52058e-07 3.82811e-05 0.00258359 0.0218264 0.948814 0.0202447 0.00490576 0.001475 0.000111954 
3.60257e-16 1.76919e-13 1.80879e-11 3.87403e-09 2.91812e-07 5.49566e-05 0.0015133 0.0101923 0.968892 0.0193476 
2.49439e-06 0.000115883 0.00136942 0.0143898 0.9509 0.0268153 0.00549711 0.000837004 7.0964e-05 1.76631e-06 
1.81988e-12 3.80901e-10 6.97776e-08 2.28434e-06 0.000123265 0.00208145 0.00812271 0.0244372 0.957328 0.0079047 
1.48806e-13 2.73558e-11 1.12005e-09 2.42391e-07 6.02512e-06 0.000746613 0.0041884 0.0158197 0.973835 0.00540399 
2.60254e-15 1.09749e-12 2.77658e-11 4.94265e-09 1.98907e-07 1.84274e-05 0.00172819 0.00914989 0.974785 0.0143181 
2.9909e-13 4.836e-11 8.63348e-10 9.23637e-08 6.05996e-06 0.000381552 0.00380531 0.0135263 0.973997 0.00828329 
1.7223e-05 0.00079265 0.00409662 0.0299018 0.906066 0.0494319 0.00896655 0.000714156 1.29789e-05 8.75879e-08 
1.85954e-13 3.38887e-11 1.0874e-09 2.06915e-07 4.84358e-06 0.000861948 0.00586684 0.957731 0.0264364 0.00909854 
4.1784e-15 1.69631e-12 4.34857e-11 7.92191e-09 2.72394e-07 2.27877e-05 0.0022604 0.0140129 0.963085 0.0206187 
4.89383e-10 7.43135e-08 1.16792e-06 0.000141215 0.00108242 0.00889546 0.0219331 0.952581 0.0141504 0.00121532 
2.92884e-12 1.02521e-09 1.2091e-08 1.17246e-06 5.34526e-05 0.0106871 0.702405 0.182272 0.10171 0.00287108 
5.31554e-21 3.78066e-18 3.31456e-15 6.92577e-13 4.726e-10 3.41393e-08 0.000162433 0.00235933 0.988794 0.00868402 
3.1183e-08 2.63727e-06 0.000147035 0.00357389 0.013676 0.0369336 0.933127 0.0118681 0.000661482 9.76692e-06 
3.63788e-11 2.02844e-08 6.67849e-07 0.000136611 0.00280923 0.0198073 0.937296 0.0241786 0.0125817 0.00318972 
1.99372e-10 4.28898e-08 6.57547e-07 5.0733e-05 0.00128007 0.011306 0.929491 0.0431885 0.0136594 0.00102328 
6.56198e-17 2.79296e-14 7.90754e-12 1.87455e-09 1.48411e-07 3.1692e-05 0.000181002 0.00187469 0.969621 0.0282919 
1.38854e-15 5.41075e-13 2.38542e-11 4.93937e-09 2.51038e-07 4.05792e-05 0.000935019 0.00493945 0.0139171 0.980168 
0.00024652 0.00375043 0.0210206 0.0294074 0.0412519 0.902077 0.00223393 1.17846e-05 3.92712e-07 4.63237e-09 
1.15583e-08 7.94201e-07 4.39183e-05 0.000658099 0.00636321 0.0306974 0.938725 0.0200457 0.00317647 0.000289555 
8.90769e-17 3.33799e-14 8.48287e-12 2.00831e-09 1.56952e-07 3.34143e-05 0.00016334 0.00199866 0.0106156 0.987189 
1.27652e-17 4.2281e-15 9.49084e-13 2.24416e-10 1.72299e-08 3.66111e-06 3.03655e-05 0.000387339 0.00408453 0.995494 
1.19215e-05 0.000636934 0.00502436 0.202263 0.747976 0.0375784 0.00590656 0.000589209 1.31768e-05 9.08197e-08 
2.0519e-15 7.58406e-13 2.854e-11 5.79659e-09 1.77324e-07 1.38361e-05 0.00104723 0.00429087 0.016127 0.978521 
6.01909e-17 1.31999e-14 1.16622e-12 2.69623e-10 1.63634e-08 3.33649e-06 9.58117e-05 0.00187932 0.0110096 0.987012 
2.42819e-15 9.52947e-13 3.49284e-11 6.97826e-09 2.92369e-07 4.12873e-05 0.00133672 0.00685352 0.96976 0.0220082 
7.98635e-17 3.08044e-14 8.03527e-12 1.90272e-09 1.49271e-07 3.18388e-05 0.000166088 0.0020344 0.0130542 0.984713 
1.21174e-16 4.70712e-14 1.23875e-11 2.93443e-09 2.30552e-07 4.91353e-05 0.000269995 0.00405264 0.0165503 0.979078 
9.91084e-13 1.64731e-10 5.54296e-09 9.20491e-07 3.95363e-05 0.00314841 0.0108253 0.953542 0.0279283 0.00451526 
0.000229677 0.011628 0.054012 0.909254 0.0185867 0.0052345 0.000995492 5.9717e-05 4.81198e-07 7.76761e-09 
6.30242e-14 1.21215e-11 5.23397e-10 1.16067e-07 2.93315e-06 0.000445243 0.00199195 0.0112867 0.499885 0.486388 
1.42419e-10 9.57643e-09 4.2698e-07 7.63662e-05 0.00155698 0.0130617 0.96401 0.0150362 0.00588822 0.000369611 
2.02204e-09 2.5899e-07 6.91534e-06 0.000413348 0.00264601 0.0155819 0.0301699 0.945512 0.00530415 0.000365744 
2.67746e-09 4.38885e-07 0.000148518 0.00684413 0.902201 0.0418009 0.0296667 0.014643 0.00387372 0.000821689 
2.82015e-13 4.41186e-11 1.55287e-09 2.9423e-07 9.01577e-06 0.00172474 0.932113 0.0385135 0.022201 0.00543817 
0.000873277 0.018999 0.0542722 0.918599 0.00722072 3.46464e-05 8.88657e-07 4.06986e-09 8.41905e-11 1.53131e-12 
1.3772e-10 8.08211e-09 5.56867e-07 9.23578e-05 0.000852678 0.00556179 0.0177847 0.032144 0.94093 0.00263431 
3.1887e-06 0.000167039 0.00134596 0.0342148 0.197429 0.763747 0.00283048 0.000246154 1.62193e-05 2.47768e-07 
1.01991e-06 4.7871e-05 0.000448605 0.00765722 0.0386043 0.925515 0.0236666 0.00376733 0.000286453 5.68723e-06 
1.60182e-10 6.72479e-08 6.7901e-07 6.58378e-05 0.00130715 0.0131823 0.938527 0.0319624 0.0129963 0.00195813 
2.34933e-15 9.85236e-13 1.87332e-11 3.07766e-09 9.06711e-08 4.94649e-06 0.000922407 0.487313 0.0184348 0.493324 
1.39594e-15 6.063e-13 1.61056e-11 2.82437e-09 1.17084e-07 1.23657e-05 0.00143366 0.96708 0.0221923 0.0092818 
5.48175e-13 9.08927e-11 3.1229e-09 5.27884e-07 2.37569e-05 0.00170898 0.00597259 0.0227776 0.962414 0.00710233 
8.18832e-14 1.97457e-11 4.20502e-09 7.13672e-07 5.00035e-05 0.0356065 0.00291911 0.739527 0.218415 0.00348231 
8.78886e-17 3.59398e-14 9.82734e-12 2.32867e-09 1.8357e-07 3.91787e-05 0.000161541 0.00148146 0.00963585 0.988682 
1.47062e-10 2.05537e-08 3.71585e-07 1.11999e-05 0.000429288 0.00456573 0.162692 0.181852 0.645351 0.0050989 
3.19828e-29 7.34862e-26 1.58793e-21 3.54503e-19 9.28355e-16 2.92247e-13 4.17607e-08 3.83965e-05 0.00129197 0.99867 
7.28129e-10 9.49995e-08 1.74801e-06 0.000178585 0.00295087 0.0215296 0.951562 0.0198705 0.0036468 0.000259359 
9.5906e-17 3.80354e-14 1.01889e-11 2.41402e-09 1.91464e-07 4.05856e-05 0.000276943 0.00536461 0.97507 0.0192472 
2.61668e-13 4.95932e-11 1.8974e-09 4.29745e-07 7.01053e-06 0.000914246 0.00846884 0.962504 0.0214727 0.00663292 
5.44404e-09 7.27021e-07 0.000219072 0.00606006 0.627627 0.348875 0.0132308 0.00319991 0.000729378 5.82694e-05 
3.00802e-15 1.22979e-12 4.7718e-11 8.87516e-09 3.8601e-07 8.69042e-05 0.00316146 0.0132676 0.971956 0.0115273 
2.93998e-09 3.66991e-07 1.25407e-05 0.00157367 0.0173573 0.681032 0.291391 0.00680139 0.0016549 0.000177122 
4.92966e-13 8.50363e-11 2.35159e-09 4.01913e-07 1.42859e-05 0.00163019 0.0111732 0.962994 0.0199798 0.00420836 
2.09412e-17 9.47825e-15 2.78269e-12 6.59216e-10 5.26082e-08 1.12604e-05 0.000115337 0.00127265 0.00767869 0.990922 
4.02918e-10 2.13819e-08 7.95079e-07 0.000117549 0.00103158 0.00979505 0.0281909 0.944064 0.0154822 0.00131765 
1.49658e-08 1.3209e-06 6.5665e-05 0.00208721 0.0126518 0.489362 0.484016 0.0109426 0.000864553 8.7756e-06 
3.37657e-13 5.71037e-11 1.61666e-09 3.04131e-07 9.27454e-06 0.00137247 0.00883969 0.959351 0.0246923 0.00573515 
4.14613e-10 2.12393e-08 6.20317e-07 8.32659e-05 0.00080096 0.0059234 0.0189152 0.954589 0.0175327 0.00215445 
1.04471e-05 0.000484075 0.00254482 0.0184255 0.0480977 0.0454339 0.882258 0.00265599 8.90116e-05 1.18414e-07 
2.04701e-13 3.43615e-11 9.48956e-10 1.11759e-07 8.5542e-06 0.00108712 0.932522 0.0327196 0.0244019 0.00926099 
1.73249e-13 2.57597e-11 8.11083e-10 8.35381e-08 6.82021e-06 0.000354221 0.00508823 0.421688 0.570529 0.0023333 
3.85843e-15 1.44305e-12 5.47125e-11 1.00337e-08 4.31674e-06 0.000174784 0.145984 0.687471 0.15999 0.00637598 
1.60091e-23 1.52464e-20 1.71588e-17 3.19835e-15 7.85504e-13 7.07752e-11 5.68131e-05 0.000587947 0.992059 0.00729617 
2.84207e-15 1.17759e-12 2.9868e-11 5.32706e-09 2.12539e-07 2.11498e-05 0.00236907 0.947594 0.0351151 0.0149003 
1.1388e-09 3.05234e-07 0.000128475 0.00714601 0.916829 0.035216 0.0262018 0.0112105 0.00299875 0.000269465 
1.14143e-12 3.44525e-10 7.08878e-08 1.36768e-05 0.000609912 0.00695549 0.563468 0.410538 0.014986 0.00342958 
2.34383e-15 9.38624e-13 2.86947e-11 5.40976e-09 2.02519e-07 1.95064e-05 0.0021694 0.00954175 0.0224837 0.965785 
2.8275e-13 4.56404e-11 8.26868e-10 9.04868e-08 5.75261e-06 0.000412463 0.00361447 0.0130337 0.0235187 0.959415 
9.34917e-08 1.01961e-05 0.000218097 0.00458795 0.687596 0.285651 0.0172379 0.00412233 0.000542731 3.41409e-05 
1.38407e-05 0.000638734 0.00277756 0.0183946 0.0650335 0.898315 0.0135836 0.0012213 2.22668e-05 1.42286e-07 
1.50131e-05 0.00069647 0.00294206 0.016553 0.0504744 0.912064 0.0157526 0.00148279 1.95154e-05 1.23702e-07 
3.51489e-17 7.48195e-15 5.70612e-13 1.31463e-10 7.22878e-09 1.44569e-06 5.22426e-05 0.00107012 0.00665228 0.992224 
1.01713e-13 1.67325e-11 4.04609e-10 5.40462e-08 3.09432e-06 0.000349048 0.947366 0.0182758 0.0254228 0.00858354 
6.49719e-14 1.16083e-11 4.36128e-10 1.02278e-07 1.37332e-06 0.000128293 0.00268403 0.952615 0.0330176 0.011554 
8.73754e-11 3.76621e-08 4.74393e-07 5.5708e-05 0.00108038 0.0115101 0.938987 0.0319711 0.0147962 0.00159855 
1.66142e-09 2.93727e-07 8.32517e-06 0.00197151 0.020129 0.934761 0.029455 0.0107386 0.00269889 0.000237489 
2.01936e-10 1.05451e-08 1.9294e-07 1.65911e-05 0.000267157 0.00473778 0.0157998 0.95823 0.0189895 0.00195899 
1.07208e-05 0.00053531 0.00317934 0.0191767 0.674924 0.293594 0.00804424 0.000525596 1.04258e-05 7.13039e-08 
0 0 0 0 0 0 0 0 3.91029e-26 1 
2.08731e-10 1.20756e-08 8.64483e-07 0.000151261 0.00186843 0.0148303 0.938152 0.0287701 0.0146305 0.00159625 
0.000468774 0.00780867 0.0418812 0.0558086 0.87883 0.0139202 0.0012783 4.12223e-06 1.69558e-07 2.27566e-09 
4.70259e-05 0.00116963 0.298169 0.156002 0.517737 0.0228498 0.00368234 0.000337336 5.81314e-06 4.38023e-08 
1.89e-16 9.66331e-14 2.04344e-11 4.62573e-09 3.42233e-07 6.68587e-05 0.00125166 0.0130566 0.963996 0.0216287 
2.6523e-11 5.18191e-09 2.73232e-07 2.33072e-05 0.00449171 0.134371 0.58824 0.246429 0.0222267 0.00421852 
2.87262e-15 1.21934e-12 3.2654e-11 5.82609e-09 3.22651e-07 4.36903e-05 0.00382103 0.0192582 0.96072 0.0161569 
0.000174965 0.00406083 0.0884059 0.891857 0.0149677 0.000511412 2.25078e-05 2.85462e-08 3.70451e-10 8.14622e-12 
1.22928e-24 1.16933e-21 1.27052e-18 2.34494e-16 2.73291e-14 1.34044e-12 5.55353e-09 9.43811e-06 5.06996e-05 0.99994 
7.44489e-10 1.38386e-07 4.98089e-06 0.000434099 0.0235012 0.0839765 0.787229 0.101759 0.00290873 0.000186019 
9.12195e-17 3.91047e-14 1.11156e-11 2.6369e-09 2.08246e-07 4.4372e-05 0.000236796 0.00249487 0.0129491 0.984275 
1.5424e-08 1.29627e-06 7.20513e-05 0.00307443 0.0229419 0.954064 0.0162886 0.0026548 0.000821176 8.20834e-05 
4.03712e-13 5.51328e-11 1.27413e-09 1.49614e-07 7.67537e-06 0.000897501 0.00764852 0.0251055 0.95957 0.00677061 
3.49357e-13 6.07664e-11 1.99854e-09 2.20157e-07 2.19239e-05 0.000832979 0.00290533 0.0108494 0.969537 0.0158533 
2.47518e-17 5.5013e-15 5.50304e-13 1.28465e-10 8.13977e-09 1.6496e-06 6.64178e-05 0.000837101 0.0073451 0.99175 
2.5009e-10 5.38366e-08 7.77005e-07 8.02735e-05 0.000955905 0.00814652 0.0173652 0.0253997 0.945952 0.0020997 
2.97866e-06 0.000235956 0.00387108 0.286242 0.67103 0.0284166 0.00799578 0.00158726 0.00053081 8.66645e-05 
9.19763e-17 3.76208e-14 9.02647e-12 2.06432e-09 1.64224e-07 3.05122e-05 0.00129921 0.00788037 0.972429 0.0183606 
6.28038e-11 7.54304e-09 9.26988e-08 3.48614e-06 0.000161619 0.00627737 0.940912 0.0319152 0.0185184 0.00221207 
1.69428e-08 1.72137e-06 0.000111096 0.00699269 0.909276 0.0557415 0.022352 0.00479489 0.000717783 1.23991e-05 
6.04994e-17 2.00865e-14 4.52623e-12 1.07014e-09 8.23807e-08 1.75133e-05 0.00010074 0.00143795 0.49545 0.502994 
2.46441e-16 7.24059e-14 1.50641e-11 3.44779e-09 2.75726e-07 5.39936e-05 0.000732606 0.00924504 0.971719 0.0182486 
1.88202e-17 8.92581e-15 2.71701e-12 6.44628e-10 5.13373e-08 1.09709e-05 5.95532e-05 0.000556758 0.00662558 0.992747 
5.99921e-15 1.82548e-12 5.85781e-11 1.06705e-08 4.43682e-07 4.34963e-05 0.00296719 0.0165104 0.966435 0.0140431 
3.26814e-14 6.44321e-12 2.71849e-10 3.6212e-08 2.97816e-06 0.000165801 0.00303497 0.0137672 0.970707 0.0123224 
1.06582e-17 3.92565e-15 9.81679e-13 2.32416e-10 1.81093e-08 3.85954e-06 1.4602e-05 0.000129917 0.00160339 0.998248 
5.01322e-13 7.88636e-11 2.41481e-09 3.08276e-07 2.06941e-05 0.0013347 0.00834571 0.96866 0.0175579 0.00408086 
1.615e-21 1.65169e-18 1.19266e-15 2.16497e-13 2.56515e-11 5.98057e-09 5.58138e-05 0.000674943 0.0060223 0.993247 
3.88486e-13 6.31566e-11 1.97445e-09 3.69969e-07 1.06043e-05 0.00119045 0.0052128 0.0193418 0.969509 0.00473539 
8.45721e-13 1.37873e-10 4.53049e-09 6.86436e-07 3.50139e-05 0.00219399 0.00660915 0.0212089 0.963015 0.00693731 
6.89501e-10 8.46177e-08 1.88825e-06 0.000224911 0.00431523 0.0233336 0.0464433 0.921565 0.00382609 0.000289409 
1.47242e-08 1.48594e-06 0.000106245 0.00383548 0.024793 0.949814 0.01843 0.00285143 0.000162236 5.71466e-06 
6.22586e-13 9.88583e-11 2.91809e-09 5.12624e-07 1.54025e-05 0.00120995 0.00547175 0.0148443 0.950936 0.0275222 
2.42986e-16 1.1279e-13 2.12778e-11 4.76543e-09 2.89324e-07 4.74844e-05 0.00192636 0.0130904 0.0315167 0.953419 
1.20595e-15 4.77095e-13 1.5437e-11 2.70231e-09 1.32989e-07 1.73916e-05 0.00173687 0.0108599 0.97469 0.0126959 
5.63363e-11 2.73447e-09 3.8702e-08 1.23469e-06 0.000101836 0.00216499 0.00697279 0.0205168 0.962368 0.00787405 
1.62983e-05 0.00225719 0.125785 0.566456 0.294843 0.0086446 0.00180142 0.000191886 4.39402e-06 2.76644e-08 
2.30382e-13 3.43316e-11 1.14464e-09 1.36234e-07 1.14541e-05 0.000500013 0.00260422 0.0107965 0.978904 0.00718383 
5.80056e-10 8.41674e-08 1.34811e-06 0.000170422 0.00715214 0.935027 0.0335035 0.0177287 0.00583147 0.000585608 
1.05776e-14 1.89094e-12 1.4594e-10 2.41335e-08 1.01596e-06 9.38457e-05 0.00271596 0.934433 0.0581902 0.00456585 
3.23662e-17 9.82923e-15 2.00502e-12 4.73405e-10 3.60901e-08 7.64645e-06 0.000108037 0.00126193 0.00677102 0.991851 
4.56642e-10 4.88147e-08 1.27343e-06 0.000170098 0.00311714 0.0207576 0.946526 0.0207995 0.0081105 0.000517795 
1.81607e-16 8.70139e-14 1.89665e-11 4.27408e-09 3.03264e-07 5.72136e-05 0.00124112 0.00876231 0.0263669 0.963572 
2.80355e-17 1.44164e-14 4.56689e-12 1.08325e-09 8.6838e-08 1.85942e-05 9.90466e-05 0.000903282 0.00502099 0.993958 
4.23429e-16 1.0594e-13 2.03082e-11 4.75592e-09 2.39596e-07 4.22047e-05 0.000657757 0.00213676 0.0110423 0.986121 
2.99901e-08 4.66389e-06 0.000871955 0.0160304 0.945864 0.0292925 0.00692016 0.00092639 8.61621e-05 3.62403e-06 
1.79768e-10 3.9852e-08 7.03029e-07 0.000107116 0.000615012 0.00638025 0.0185551 0.957053 0.0158304 0.00145836 
2.18864e-13 3.78331e-11 1.35527e-09 1.65337e-07 1.54421e-05 0.00136122 0.0105089 0.957571 0.0230305 0.00751253 
9.6607e-08 1.0105e-05 0.000169707 0.00116414 0.00780207 0.914508 0.0372659 0.0279812 0.0103216 0.000776673 
1.61438e-13 2.84315e-11 8.60226e-10 9.20412e-08 8.73128e-06 0.000311903 0.00144942 0.00454383 0.0129699 0.980716 
1.92176e-07 2.11591e-05 0.000757511 0.0127512 0.921159 0.0465216 0.0164524 0.00221836 0.000113836 4.46307e-06 
2.23553e-09 2.29999e-07 9.14957e-06 0.00144902 0.0131321 0.498362 0.480129 0.00545995 0.00134069 0.000118172 
4.4644e-15 1.64247e-12 4.18156e-11 7.22343e-09 2.73784e-07 2.72541e-05 0.0024337 0.953205 0.0323825 0.0119512 
4.10407e-06 0.000193909 0.00123068 0.0113002 0.0378949 0.928772 0.0182685 0.00227719 5.78763e-05 3.93037e-07 
1.40476e-13 2.4361e-11 1.01229e-09 2.38192e-07 4.49344e-06 0.000643712 0.00677505 0.965515 0.0193175 0.00774367 
1.04651e-12 1.77589e-10 1.13326e-08 1.8604e-06 0.00022847 0.00678205 0.940301 0.0317163 0.0185154 0.00245531 
2.10823e-11 1.41901e-09 2.05731e-07 4.91117e-05 0.000698026 0.00842069 0.942855 0.028842 0.0165296 0.00260586 
9.22478e-15 2.44985e-12 7.08124e-11 1.20525e-08 5.76452e-07 0.000190649 0.00642918 0.950292 0.0285703 0.0145173 
3.34263e-10 4.21006e-08 7.04451e-07 8.34768e-05 0.00120356 0.00885429 0.397064 0.587284 0.00520828 0.000301369 
1.14302e-21 1.26908e-18 1.84371e-16 3.32148e-14 2.68666e-12 3.18514e-10 3.55714e-06 8.6749e-06 0.000564885 0.999423 
3.49993e-10 3.46319e-08 6.5577e-07 6.61183e-05 0.000789476 0.0060081 0.106082 0.878832 0.00751903 0.000702518 
1.32627e-16 4.79219e-14 1.18126e-11 2.79644e-09 2.17676e-07 4.63549e-05 0.000204897 0.00243314 0.0141414 0.983174 
1.26956e-08 9.66907e-07 5.2455e-05 0.00199523 0.0204161 0.928213 0.0387202 0.00826046 0.00204814 0.000293716 
1.3376e-16 4.79113e-14 1.22587e-11 2.94381e-09 2.10976e-07 4.37353e-05 0.000130928 0.00167221 0.00942368 0.988729 
1.58242e-08 1.43265e-06 7.07723e-05 0.00261669 0.206658 0.0302999 0.752687 0.00715117 0.000509185 5.66853e-06 
2.33375e-11 1.37453e-09 6.53882e-08 1.59352e-05 0.000137628 0.00292839 0.0147052 0.95547 0.0228051 0.00393796 
6.06448e-17 3.07751e-14 9.70145e-12 2.30234e-09 1.84001e-07 3.93643e-05 0.000136137 0.00086503 0.0071698 0.991789 
7.31277e-10 1.76476e-07 5.04609e-06 0.000687937 0.0143025 0.0440673 0.923427 0.0135789 0.00367152 0.000259901 
5.18249e-09 4.46928e-07 1.96243e-05 0.00182798 0.0182149 0.950201 0.0214522 0.00674728 0.00135259 0.000183498 
8.90439e-06 0.000416097 0.00332589 0.875862 0.0609147 0.042883 0.014465 0.00208219 3.79038e-05 4.03971e-06 
8.59213e-17 3.12336e-14 7.74333e-12 1.83301e-09 1.42856e-07 3.04318e-05 0.000166604 0.00192016 0.0120587 0.985824 
6.09223e-10 1.50981e-07 4.79183e-06 0.00179391 0.903229 0.0479508 0.0281492 0.0146673 0.0038671 0.000338016 
6.05152e-13 9.84221e-11 3.07975e-09 3.49459e-07 3.17113e-05 0.00137234 0.00486343 0.0164047 0.969374 0.00795386 
1.99424e-13 4.7751e-11 1.55421e-08 2.91862e-06 0.000137296 0.00368142 0.485932 0.49294 0.0140923 0.00321339 
1.12213e-37 1.23429e-33 1.75243e-29 3.21176e-24 4.48713e-19 6.48207e-15 4.21062e-11 7.58206e-06 0.000447668 0.999545 
3.88744e-16 1.15718e-13 2.04893e-11 4.83444e-09 2.25495e-07 3.54573e-05 0.000466376 0.00198922 0.496187 0.501322 
1.25523e-17 2.75089e-15 2.41602e-13 5.58261e-11 3.35541e-09 6.83289e-07 1.19462e-05 0.000213067 0.00212895 0.997645 
2.12902e-16 8.70662e-14 1.28044e-11 2.98212e-09 2.30745e-07 4.88078e-05 0.000227416 0.00307788 0.974258 0.0223872 
1.52181e-16 6.66511e-14 1.39723e-11 3.15811e-09 2.41711e-07 4.35628e-05 0.00128875 0.0106167 0.97212 0.0159311 
8.37004e-10 1.74885e-07 1.32282e-05 0.000183304 0.00285205 0.0192253 0.958665 0.0162788 0.00258035 0.000202116 
1.80605e-07 2.19513e-05 0.00029466 0.0261345 0.182095 0.773433 0.0171477 0.000799585 7.27943e-05 1.07277e-06 
1.64756e-18 4.74512e-16 8.59719e-14 2.02282e-11 1.50708e-09 3.18528e-07 1.03963e-06 2.18945e-05 0.000719337 0.999257 
3.68212e-15 1.51936e-12 4.38241e-11 8.1756e-09 2.8335e-07 2.85253e-05 0.00204441 0.00783285 0.0200859 0.970008 
3.3256e-10 5.39731e-08 1.58436e-06 0.00010067 0.00166012 0.209473 0.76779 0.0146088 0.0057744 0.000591642 
2.47933e-15 9.85222e-13 3.70378e-11 7.46185e-09 3.56771e-07 5.32718e-05 0.00143038 0.0103991 0.0299983 0.958119 
2.18747e-12 2.2439e-10 1.33588e-08 9.20806e-07 6.14433e-05 0.00280867 0.0170797 0.961015 0.0174773 0.00155679 
2.35449e-13 4.03607e-11 1.74966e-09 4.089e-07 7.92431e-06 0.00121982 0.941607 0.0328049 0.0192234 0.00513665 
6.46391e-10 9.35045e-08 1.40081e-06 0.000153519 0.00131646 0.0106141 0.023418 0.491366 0.472667 0.000463003 
2.88293e-17 7.6641e-15 1.21029e-12 2.8413e-10 2.0719e-08 4.37416e-06 3.8011e-05 0.000991999 0.0060513 0.992914 
4.192e-10 5.38486e-08 7.82871e-07 7.64465e-05 0.000789076 0.00919556 0.950113 0.0264721 0.0120998 0.00125316 
2.27882e-05 0.000167981 0.00368274 0.864025 0.0771138 0.0434882 0.0100351 0.00134271 0.000119594 2.02039e-06 
8.35198e-17 3.14896e-14 6.84009e-12 1.58294e-09 1.20981e-07 2.55125e-05 0.000411951 0.00360115 0.973753 0.0222087 
1.55489e-17 7.09475e-15 2.09352e-12 4.95987e-10 3.96508e-08 8.47867e-06 0.000134928 0.0013 0.979881 0.0186751 
2.54105e-05 0.0038977 0.828762 0.0602002 0.0643775 0.0350959 0.00682939 0.00079628 1.55035e-05 1.03798e-07 
5.57726e-14 9.7461e-12 1.80123e-10 2.22095e-08 1.01145e-06 0.000107342 0.00373846 0.0177578 0.964481 0.0139145 
2.57315e-06 0.000122038 0.000427588 0.00479111 0.0187099 0.928455 0.0378232 0.00911956 0.000542244 6.73802e-06 
7.32971e-10 8.11712e-08 1.37927e-06 0.000143899 0.0026147 0.0192052 0.956113 0.0172891 0.00420711 0.000425304 
1.71589e-16 5.38046e-14 1.21303e-11 2.74971e-09 2.29424e-07 4.21187e-05 0.00122504 0.00800049 0.0251787 0.965553 
1.01295e-06 5.27309e-05 0.00141455 0.0219247 0.914903 0.0472276 0.0127764 0.00162212 7.30857e-05 4.61717e-06 
8.09077e-17 3.14694e-14 8.28604e-12 1.96255e-09 1.54139e-07 3.28804e-05 0.00019836 0.00307703 0.970599 0.0260922 
5.631e-20 2.04291e-17 4.86501e-15 9.5618e-13 1.59803e-10 3.41458e-08 5.75099e-05 0.000567181 0.00586138 0.993514 
6.97066e-19 1.33806e-16 7.19151e-15 1.63046e-12 8.8601e-11 1.60661e-08 3.75123e-06 6.16776e-05 0.000442582 0.999492 
1.24412e-16 4.43626e-14 1.07855e-11 2.55125e-09 1.98967e-07 4.2668e-05 0.000231783 0.00268423 0.0156462 0.981395 
6.45763e-17 2.7926e-14 7.99651e-12 1.89599e-09 1.50283e-07 3.20927e-05 0.000160482 0.00150079 0.0087006 0.989606 
7.9269e-10 1.09089e-07 1.90071e-06 0.000213361 0.00890375 0.925296 0.0390112 0.0197795 0.00615352 0.000640647 
1.35651e-15 5.29088e-13 3.14875e-11 7.26127e-09 4.04052e-05 0.00142637 0.488148 0.491388 0.0137214 0.00527652 
4.19681e-10 8.10743e-08 1.00631e-06 6.15499e-05 0.0013471 0.0104128 0.0194995 0.0235081 0.942916 0.00225402 
1.92229e-14 4.12101e-12 1.54382e-10 2.53591e-08 1.24063e-06 0.000199347 0.00695883 0.956909 0.0263461 0.00958554 
6.51133e-11 3.29367e-09 8.62509e-08 2.42776e-05 0.000221592 0.0023444 0.0108839 0.955878 0.0247677 0.00587965 
2.98903e-10 6.23709e-08 1.08224e-05 0.0002262 0.00352217 0.161169 0.517761 0.306488 0.00955101 0.00127237 
9.72202e-09 8.46675e-07 4.46141e-05 0.000545511 0.00291661 0.016316 0.0340934 0.937507 0.00816165 0.0004146 
5.91275e-17 2.99074e-14 9.3992e-12 2.22977e-09 1.78471e-07 3.81965e-05 0.000217476 0.00177588 0.0109704 0.986998 
3.53959e-06 0.000163511 0.00127252 0.0122614 0.918934 0.0469588 0.0169653 0.00282416 0.000582033 3.49706e-05 
5.67313e-10 8.52051e-08 1.22774e-06 0.000111611 0.00107969 0.0112827 0.0222499 0.749788 0.213327 0.00215921 
3.38548e-10 3.1314e-08 6.88581e-07 8.14275e-05 0.000756323 0.00679627 0.020652 0.951315 0.0187948 0.00160389 
4.07737e-15 1.63577e-12 4.17229e-11 7.6664e-09 2.6846e-07 2.20242e-05 0.00186737 0.120369 0.176811 0.70093 
3.03509e-17 7.36434e-15 9.23792e-13 2.15714e-10 2.57808e-08 3.49753e-06 0.000171492 0.00348089 0.0168953 0.979449 
1.21763e-21 1.38262e-18 2.35563e-16 4.61287e-14 4.47486e-12 4.2789e-10 1.2364e-07 2.41314e-06 0.000608917 0.999389 
2.63209e-29 2.488e-26 2.76719e-23 3.54193e-21 8.4128e-18 1.53524e-15 8.0201e-12 1.39294e-06 4.63039e-05 0.999952 
0.000224011 0.00674319 0.477212 0.494998 0.0188927 0.00159401 0.000334454 1.17358e-06 5.93781e-08 3.46828e-10 
6.92646e-10 8.83847e-08 1.38373e-06 0.000132956 0.00130114 0.010241 0.0210496 0.0269752 0.937545 0.00275414 
4.95846e-33 1.16207e-29 2.62868e-25 8.26052e-23 7.74413e-19 7.38258e-17 7.24314e-11 4.96218e-09 6.41531e-05 0.999936 
4.47243e-17 1.6471e-14 4.12558e-12 9.76554e-10 7.94156e-08 1.63647e-05 0.000255808 0.00407631 0.772949 0.222702 
1.38652e-39 9.57017e-36 6.57931e-32 4.18606e-28 5.10271e-24 6.03111e-20 5.37252e-15 2.80715e-10 9.93939e-06 0.99999 
1.37903e-14 3.12729e-12 1.56721e-10 3.26101e-08 1.06735e-06 0.000430063 0.00625472 0.0202376 0.966432 0.00664407 
3.2742e-15 1.34585e-12 4.23421e-11 7.87002e-09 3.1139e-07 2.98245e-05 0.00269566 0.0100355 0.971761 0.0154781 
3.44785e-10 5.43796e-08 9.75037e-07 0.000144848 0.00108111 0.00866779 0.0232514 0.949786 0.0162025 0.000865574 
9.68795e-13 1.57723e-10 5.33275e-09 8.77708e-07 3.8985e-05 0.00219205 0.11339 0.0183996 0.687922 0.178056 
2.65865e-10 3.09701e-08 9.39495e-07 0.000150461 0.00233204 0.0168664 0.948063 0.0232899 0.00853526 0.000761562 
4.92155e-18 2.47062e-15 7.74432e-13 1.83789e-10 1.46767e-08 3.13862e-06 4.24061e-05 9.28821e-05 0.000895806 0.998966 
8.895e-17 3.43009e-14 8.91246e-12 2.11047e-09 1.65315e-07 3.52658e-05 0.000132412 0.00139984 0.00773263 0.9907 
1.73933e-10 3.09374e-08 5.78495e-07 9.43603e-05 0.00207963 0.928031 0.0391273 0.0205048 0.00861994 0.00154267 
7.37967e-09 5.53162e-07 2.52641e-05 0.000495908 0.00309026 0.0194433 0.959129 0.015646 0.00210184 6.79156e-05 
8.18491e-17 3.62997e-14 1.06084e-11 2.51584e-09 2.02177e-07 4.27665e-05 0.000339084 0.0021962 0.0138779 0.983544 
8.32309e-14 1.40427e-11 3.64185e-10 5.24604e-08 2.77992e-06 0.00038034 0.00798826 0.958267 0.0248782 0.00848311 
2.59975e-09 2.80145e-07 2.37062e-05 0.000786512 0.00698669 0.0244356 0.0420775 0.921079 0.00436386 0.000247375 
2.15555e-13 3.70695e-11 1.64677e-09 3.87148e-07 8.67402e-06 0.00137373 0.00739227 0.948635 0.0335867 0.00900336 
5.31027e-16 1.46189e-13 2.22633e-11 5.15135e-09 2.59536e-07 4.41146e-05 0.000636224 0.00233649 0.0114241 0.985559 
8.47497e-10 1.80963e-07 4.66572e-06 0.000838573 0.0106798 0.930116 0.0387886 0.0161169 0.00319553 0.000260079 
2.95802e-11 1.66357e-09 9.20924e-08 1.94863e-06 0.000115449 0.00135476 0.00609246 0.948833 0.0325552 0.0110472 
