5225
5.56843e-10 5.94843e-08 3.63564e-07 2.851e-06 0.000172682 0.000359796 0.00230173 0.00716785 0.0216726 0.968322 
6.86395e-11 9.83771e-09 8.45945e-08 1.37466e-06 0.000116813 0.000482391 0.0047961 0.0139397 0.0385756 0.942088 
1.4909e-11 1.74636e-09 3.93788e-08 5.4534e-07 1.96864e-05 0.00021544 0.0024956 0.0134567 0.955482 0.0283302 
4.52939e-17 1.18779e-14 2.13381e-12 5.53983e-10 3.3246e-08 5.1064e-06 0.000316907 0.00204689 0.00857257 0.989058 
1.04449e-09 1.03692e-07 8.86921e-07 4.11758e-06 0.000199464 0.000436134 0.00352818 0.0111024 0.0308335 0.953895 
5.28368e-11 6.88024e-09 7.41323e-08 3.80955e-06 0.000136344 0.000456622 0.00368875 0.00946862 0.813308 0.172938 
3.07434e-07 5.88246e-05 7.21965e-05 0.000442121 0.0176501 0.281357 0.366566 0.246871 0.0726735 0.0143093 
2.22608e-06 0.000427676 0.000231 0.00328119 0.0131656 0.0332346 0.886101 0.0374196 0.0181086 0.00802867 
1.41282e-11 9.50808e-10 3.45089e-08 3.7002e-07 5.65779e-05 0.000130062 0.000937729 0.00222503 0.00914689 0.987503 
1.99579e-06 0.000377805 0.000440384 0.00349266 0.0126783 0.0395187 0.889323 0.0352292 0.0146902 0.00424753 
7.30456e-12 1.34051e-09 8.77213e-10 3.71352e-08 2.57556e-06 1.53331e-05 0.000181797 0.00112033 0.00615656 0.992523 
5.0142e-18 1.52169e-15 3.51301e-14 6.34246e-12 7.77384e-11 7.67239e-09 3.21902e-05 0.000297813 0.00411837 0.995552 
2.0399e-09 3.10128e-07 1.5202e-06 4.20006e-05 0.00112691 0.0127318 0.8926 0.0396018 0.0348696 0.0190263 
6.77037e-10 7.01197e-08 4.92131e-07 2.53818e-05 0.00029698 0.00104068 0.00747995 0.0170913 0.940632 0.0334336 
1.01546e-09 1.05812e-07 5.91226e-07 4.66774e-06 0.000291074 0.000529775 0.00282784 0.00854521 0.0257591 0.962042 
2.27716e-10 2.94191e-08 3.72437e-07 6.20214e-06 0.000162382 0.000677904 0.00503037 0.0136503 0.0270223 0.95345 
1.08527e-06 0.000197397 0.000516038 0.00479096 0.853092 0.0640487 0.0415735 0.0213939 0.0101368 0.0042494 
9.16656e-16 1.45035e-13 1.14845e-11 2.27798e-09 1.7828e-07 3.8011e-05 0.000165712 0.0014489 0.247898 0.750449 
3.99473e-11 6.09919e-09 3.19661e-08 8.04864e-07 5.27709e-05 0.000177146 0.00161491 0.00442581 0.0172039 0.976525 
2.24214e-11 3.39074e-09 4.49343e-08 6.83117e-07 4.43348e-06 0.000169505 0.00170444 0.00244158 0.0105068 0.985172 
5.25311e-07 9.96246e-05 8.21787e-05 0.00159459 0.00368861 0.016019 0.680635 0.26024 0.027545 0.0100956 
5.74073e-05 0.00234995 0.0855735 0.411331 0.0288601 0.110474 0.0163756 0.335595 0.00751974 0.00186458 
3.10984e-10 5.68627e-08 1.78111e-07 1.68785e-06 8.9942e-05 0.000236034 0.0019941 0.00591041 0.0209626 0.970805 
4.58947e-12 4.67989e-10 2.07131e-08 2.3919e-07 1.8477e-06 0.000153282 0.00125671 0.00635071 0.0226954 0.969542 
6.10402e-11 1.02808e-08 3.8387e-07 2.83245e-06 0.00010829 0.000319759 0.00356258 0.0121695 0.0336004 0.950236 
3.59481e-11 5.34929e-09 3.15053e-08 6.52944e-07 5.07382e-05 0.000134173 0.00156007 0.00285536 0.0115098 0.983889 
3.1433e-12 3.78847e-10 1.17233e-08 2.76027e-07 1.23247e-06 4.93187e-05 0.000612248 0.0018544 0.00755159 0.989931 
1.66948e-06 0.000318645 0.000340709 0.00141091 0.00534746 0.019156 0.894146 0.0472724 0.0259408 0.00606501 
2.18294e-11 1.77696e-09 3.98609e-08 8.3571e-07 8.71712e-05 0.000123621 0.00148657 0.00331115 0.0128598 0.982131 
2.6196e-09 3.46422e-07 2.27435e-06 9.10385e-05 0.000265619 0.00110401 0.00596588 0.016703 0.0322091 0.943659 
4.14804e-11 7.02454e-09 4.14096e-08 6.69121e-07 8.16289e-06 0.000171679 0.00162935 0.0031425 0.980176 0.0148713 
5.64158e-22 5.39342e-19 6.14141e-16 1.10846e-13 1.29924e-11 5.01865e-09 3.99572e-05 0.000150835 0.0017234 0.998086 
1.99842e-06 0.000381404 0.000385979 0.00172947 0.00717568 0.0242243 0.211705 0.533068 0.213559 0.00776948 
2.03794e-08 2.55838e-06 1.50536e-05 0.000746596 0.00188238 0.0089928 0.0215734 0.0410486 0.911347 0.0143919 
2.68113e-11 4.23529e-09 3.79128e-08 5.52184e-07 1.07398e-05 0.000210018 0.00185356 0.00559048 0.0238258 0.968509 
3.91217e-11 4.92119e-09 5.93044e-08 1.40722e-06 9.06959e-05 0.000278653 0.00552555 0.0218308 0.940572 0.0317012 
3.66812e-09 5.57366e-07 3.32543e-06 0.000126353 0.000276755 0.0017161 0.00626675 0.122468 0.119677 0.749465 
6.98124e-17 2.0674e-14 3.9415e-12 9.28883e-10 6.97903e-08 1.47826e-05 0.000148366 0.00219976 0.0137964 0.983841 
1.2413e-09 1.23926e-07 1.12803e-06 1.27661e-05 0.000294126 0.00212441 0.010221 0.91291 0.0497265 0.0247104 
4.12466e-11 5.15525e-09 5.52473e-08 1.11952e-06 9.04674e-05 0.000208254 0.00229932 0.0049617 0.0178548 0.974584 
1.62034e-09 2.1067e-07 1.45944e-06 1.5784e-05 0.000337425 0.00107389 0.00959867 0.898446 0.0582674 0.0322589 
1.50251e-09 1.72812e-07 8.64024e-07 5.0508e-06 0.000224714 0.000653069 0.00478141 0.0171735 0.0372259 0.939935 
1.18318e-12 1.04148e-10 5.34991e-09 2.99025e-07 7.96897e-05 0.0042209 0.89476 0.0263942 0.0406595 0.0338851 
9.86856e-07 0.000182976 0.000444948 0.00301314 0.0114444 0.0344607 0.890201 0.0368731 0.0184257 0.00495312 
4.98773e-08 4.36345e-06 0.00023763 0.00103003 0.0126156 0.897372 0.0429122 0.0281928 0.0112958 0.00633979 
3.41384e-11 5.90439e-09 2.00542e-08 6.21402e-07 1.79238e-05 0.000207427 0.00146655 0.00608967 0.0212015 0.971016 
5.79325e-13 1.02427e-10 6.7068e-09 6.63153e-07 2.27005e-05 0.000140097 0.00106746 0.00636583 0.968541 0.0238622 
1.39491e-10 1.57075e-08 1.09175e-07 1.34294e-06 0.000121874 0.00027181 0.00441111 0.0145224 0.0395154 0.941156 
5.20805e-11 7.29182e-09 5.1176e-08 9.89701e-07 9.17143e-05 0.000263002 0.00371308 0.0144589 0.94477 0.0367017 
1.18857e-09 1.05414e-07 1.91545e-06 4.6855e-05 0.000869436 0.00346836 0.0158485 0.908964 0.0484887 0.0223119 
1.03155e-11 5.45839e-10 8.66292e-09 3.27907e-07 6.78382e-05 0.000211488 0.00304161 0.0172735 0.948931 0.0304747 
2.24044e-07 2.13148e-05 0.000496972 0.00406683 0.0156386 0.029594 0.0417967 0.889415 0.0164934 0.002477 
3.91703e-07 7.55662e-05 1.56173e-05 0.000532954 0.00103564 0.00579442 0.0994752 0.195414 0.256761 0.440895 
1.18917e-11 5.99143e-10 9.25891e-09 2.77785e-07 7.81107e-05 6.79194e-06 0.000636107 0.00311831 0.984366 0.0117946 
2.83127e-09 4.52314e-07 4.47185e-06 0.000195567 0.00165571 0.0127725 0.877439 0.0605443 0.0338477 0.0135402 
1.41058e-08 1.67692e-06 1.43097e-05 0.00079751 0.00107154 0.00302172 0.0112758 0.0246302 0.0404335 0.918754 
0.000152781 0.0313706 0.614682 0.127905 0.0843696 0.124357 0.0119333 0.00345988 0.00126829 0.000501919 
1.34715e-06 0.000225309 0.000575614 0.00471604 0.0193527 0.0488344 0.889591 0.02784 0.00700881 0.00185505 
3.83277e-15 2.30882e-13 1.17242e-11 2.14006e-09 1.81682e-07 3.34654e-05 0.000175725 0.00226429 0.0112595 0.986267 
9.925e-06 0.000832607 0.00194434 0.00364723 0.0136232 0.0292005 0.913463 0.0257733 0.0101788 0.00132747 
1.2671e-06 0.000241582 0.000252155 0.00147181 0.00525049 0.0151196 0.0274696 0.721974 0.223402 0.00481748 
2.94654e-09 4.03917e-07 3.60004e-06 9.84461e-05 0.000722961 0.00355912 0.869187 0.0539976 0.0454766 0.0269542 
0.00087089 0.0189467 0.0552938 0.915189 0.00896036 0.000692374 4.21563e-05 4.92709e-06 1.52165e-07 4.11139e-08 
1.17225e-07 2.20562e-05 5.85853e-06 0.000340213 0.00353355 0.0194792 0.872008 0.0577126 0.0337992 0.0130992 
1.25764e-11 1.00635e-09 1.05578e-08 3.30267e-07 6.40927e-05 5.19247e-05 0.00135761 0.480508 0.0252162 0.492802 
2.80994e-09 3.08929e-07 1.44246e-06 3.07545e-05 0.000282869 0.000951843 0.00653356 0.92724 0.0414591 0.0235 
1.04506e-16 5.24133e-14 3.23487e-12 6.50543e-10 4.56222e-08 8.01054e-06 0.000273573 0.00182682 0.190191 0.8077 
1.01801e-10 1.16196e-08 1.09151e-07 4.17539e-06 5.32651e-05 0.000279124 0.00283622 0.168501 0.623679 0.204647 
1.40122e-10 1.74432e-08 1.40495e-07 4.28732e-06 0.000203296 0.000780897 0.00852175 0.0270368 0.925745 0.0377081 
6.40738e-11 7.73291e-09 4.49394e-07 2.43213e-05 0.000120826 0.002334 0.0139261 0.921127 0.0433898 0.0190778 
9.58108e-13 4.8103e-11 7.42305e-10 2.22174e-08 6.28534e-06 5.55954e-07 0.000116349 0.000677549 0.991616 0.00758335 
2.44949e-09 3.54978e-07 1.79107e-06 4.69149e-05 0.000912265 0.00372975 0.0126509 0.907462 0.0507728 0.0244234 
3.77862e-09 5.73427e-07 3.94363e-06 0.000200054 0.000359865 0.00256576 0.0100373 0.0259558 0.0396105 0.921266 
1.51379e-08 1.76133e-06 1.70869e-05 0.000625645 0.00155178 0.00524618 0.0156191 0.0301486 0.0380288 0.908761 
3.77955e-09 5.32303e-07 2.81777e-06 8.20437e-05 0.000253422 0.00270924 0.00954312 0.148088 0.824906 0.0144147 
2.56971e-07 4.7237e-05 0.000281808 0.00221338 0.00456006 0.0207309 0.872772 0.0562456 0.0324796 0.0106693 
0 0 0 0 0 0 0 0 3.91029e-26 1 
4.1354e-11 5.64888e-09 1.15104e-07 1.19126e-05 0.000114751 0.000565589 0.00486694 0.0216714 0.93113 0.0416397 
3.36952e-11 5.70117e-09 3.34678e-08 7.26536e-07 9.87991e-06 0.000238525 0.00520961 0.0222629 0.944567 0.0277113 
0.000138637 0.00332297 0.0669606 0.665758 0.133793 0.12873 0.00123362 6.18407e-05 8.87539e-07 1.22618e-08 
2.62836e-11 4.35433e-09 3.32649e-08 3.69167e-07 2.23571e-06 0.000130155 0.00091107 0.000905201 0.00202855 0.996022 
5.62187e-11 1.02135e-08 2.66898e-08 5.93213e-07 5.07946e-06 0.00016281 0.00151406 0.00311865 0.0130847 0.982114 
4.02402e-06 0.000457142 0.00388344 0.268057 0.62886 0.0348464 0.0256667 0.0202798 0.0120208 0.00592411 
1.80834e-11 9.7526e-10 1.747e-08 1.03325e-06 0.000119786 0.00013076 0.00219587 0.0118892 0.951616 0.034047 
8.02496e-06 0.000530535 0.00318571 0.0130889 0.843207 0.0749792 0.0421683 0.0165316 0.00574501 0.000555818 
5.87522e-12 6.67151e-10 2.57527e-08 1.85252e-06 3.89614e-05 0.00061425 0.00463507 0.723258 0.138585 0.132868 
1.10463e-09 1.10521e-07 9.42865e-07 1.14081e-05 0.000293428 0.000930354 0.00802269 0.0306469 0.929204 0.0308905 
3.27915e-11 4.47248e-09 1.32895e-07 1.4355e-05 0.000167853 0.00127186 0.00791811 0.0272742 0.93423 0.0291234 
2.06264e-09 2.51536e-07 2.8324e-06 5.84592e-05 0.000811128 0.00455767 0.0166713 0.0413032 0.915879 0.0207162 
3.92318e-11 4.788e-09 5.42504e-08 9.15863e-07 9.06956e-05 0.000434783 0.00495923 0.896884 0.0724448 0.0251859 
9.51257e-15 2.34515e-12 5.95331e-11 1.05241e-08 1.54797e-07 1.19938e-05 0.00021495 0.00225732 0.0102707 0.987245 
1.68165e-06 0.00030815 0.00104351 0.00397236 0.0163081 0.0382488 0.882281 0.0373797 0.0176706 0.00278577 
9.91888e-09 1.37171e-06 8.97666e-06 0.000321279 0.000622561 0.00217506 0.0085133 0.0203185 0.0418702 0.926169 
8.65571e-06 0.000578173 0.00497961 0.0208301 0.900011 0.0485181 0.0182466 0.00554149 0.00100415 0.000282004 
4.71005e-09 6.25746e-07 2.92135e-06 2.59557e-05 0.00032912 0.00312875 0.0185666 0.906374 0.0473158 0.024256 
8.44447e-07 0.000163704 6.56269e-05 0.000175908 0.00126289 0.00360932 0.0111443 0.0227595 0.0309058 0.929912 
9.99914e-08 1.37445e-05 0.0003014 0.00276518 0.0168332 0.480311 0.470703 0.0181079 0.00808781 0.00287676 
4.90994e-09 7.56976e-07 4.44427e-06 0.000191753 0.000354862 0.00273084 0.0112954 0.904296 0.0524006 0.0287254 
1.03885e-09 1.05378e-07 7.17427e-07 1.24155e-05 0.000362093 0.00135697 0.010423 0.916762 0.0412923 0.0297905 
1.65966e-08 1.47912e-06 6.7404e-05 0.00017244 0.00226679 0.116358 0.0885367 0.0866496 0.262011 0.443936 
9.45795e-11 1.69781e-08 4.8833e-07 1.30147e-05 9.1526e-05 0.00117326 0.011928 0.903524 0.0511728 0.032097 
8.98318e-07 0.000170841 0.00019482 0.000957489 0.00432592 0.0156541 0.359633 0.524491 0.0926351 0.00193665 
3.30503e-12 3.05064e-10 1.55707e-08 6.81861e-08 5.31261e-07 4.97547e-05 0.00026318 0.000191122 0.000939712 0.998556 
2.42734e-08 4.4463e-06 5.83945e-06 0.000234977 0.000476027 0.00254449 0.0100069 0.0268085 0.760871 0.199048 
7.69262e-11 1.18698e-08 5.68228e-07 9.78808e-06 9.87385e-05 0.000702156 0.00617021 0.0185676 0.0349568 0.939494 
5.55463e-08 4.96176e-06 0.000252427 0.00282351 0.192398 0.0377541 0.712918 0.0310591 0.0140512 0.00873857 
1.30893e-09 1.32054e-07 7.94917e-07 5.50549e-06 0.000345876 0.000504148 0.00254247 0.00651381 0.0200633 0.970024 
1.74028e-08 1.55583e-06 8.79596e-05 0.000700686 0.0144858 0.0448487 0.864793 0.0380525 0.0253897 0.0116396 
1.05696e-13 2.76329e-11 6.43867e-10 1.13015e-07 1.17745e-06 7.40058e-05 0.000612862 0.00419142 0.0204751 0.974645 
2.14027e-08 1.9037e-06 0.000110471 0.00172748 0.83322 0.049012 0.0401792 0.0379322 0.0244365 0.0133798 
5.90902e-15 8.15013e-13 1.36206e-11 4.58876e-10 5.68171e-09 4.29037e-08 4.07077e-06 1.96865e-05 0.000476595 0.9995 
2.37375e-09 3.30209e-07 3.14233e-06 0.000103268 0.00041736 0.00194741 0.00723222 0.017928 0.486424 0.485945 
1.6827e-17 3.57598e-15 2.88193e-13 6.56539e-11 3.81923e-09 7.90454e-07 1.40466e-05 0.000535513 0.00337907 0.996071 
2.14803e-09 3.76569e-07 3.40565e-06 5.07342e-05 0.000143648 0.00104882 0.00635621 0.0193553 0.938526 0.0345152 
5.51399e-13 5.18556e-11 2.5483e-09 1.26026e-08 9.73917e-08 8.36127e-06 4.46016e-05 9.58572e-05 0.000908588 0.998942 
8.75945e-11 1.34777e-08 1.00724e-07 3.25393e-06 8.87836e-05 0.000481844 0.00501508 0.0147101 0.0361948 0.943506 
1.29972e-07 1.10268e-05 0.000388592 0.00209609 0.0100399 0.0234166 0.0442898 0.471007 0.446802 0.00194879 
2.93476e-17 7.80499e-15 1.22525e-12 2.87337e-10 2.09291e-08 4.43554e-06 3.91923e-05 0.00116524 0.0063568 0.992434 
3.17688e-17 1.02095e-14 2.43482e-12 6.12706e-10 4.21059e-08 8.53358e-06 0.000135647 0.0013874 0.979543 0.0189254 
3.72228e-11 6.53535e-09 2.94517e-08 4.43959e-07 3.84532e-06 0.000358836 0.00489117 0.0207515 0.953932 0.0200622 
6.92971e-08 5.80939e-06 0.000360367 0.000356028 0.0047237 0.0263982 0.897765 0.0411096 0.0194616 0.00981945 
1.82197e-16 5.55557e-14 1.2159e-11 2.75277e-09 2.29375e-07 4.21178e-05 0.00122369 0.00836984 0.0259964 0.964368 
1.20925e-09 1.19748e-07 7.69876e-07 4.70859e-06 0.000242033 0.000437407 0.00260089 0.0112515 0.945706 0.0397567 
3.35104e-18 4.87212e-16 1.35215e-14 1.97333e-12 2.06431e-10 4.42239e-08 5.76242e-05 0.000634396 0.00588059 0.993427 
6.49224e-12 1.03913e-09 8.31727e-09 8.38938e-08 2.25134e-06 3.34649e-05 0.000213592 0.000557468 0.00201268 0.99718 
8.89363e-11 1.50327e-08 6.62687e-08 1.51188e-06 6.02703e-05 0.00035781 0.00312656 0.00845387 0.0314613 0.956539 
4.03072e-11 5.53344e-09 2.98335e-08 8.14862e-07 8.80781e-05 0.000207657 0.0016785 0.00658049 0.0193123 0.972132 
3.43126e-07 6.39262e-05 0.000171333 0.00206833 0.011672 0.859699 0.0533587 0.0401029 0.0239404 0.00892311 
1.87513e-11 1.81396e-09 4.95529e-08 3.76848e-06 0.00014003 0.00189114 0.473331 0.479621 0.0266685 0.0183445 
3.65106e-11 4.46656e-09 1.07226e-07 1.25911e-05 0.000165817 0.000750625 0.00973903 0.921846 0.0423637 0.0251223 
1.6931e-09 1.91314e-07 1.15023e-05 0.000239574 0.00392616 0.151959 0.489985 0.305331 0.0329302 0.0156168 
3.00132e-12 1.63909e-10 2.67285e-09 1.00195e-07 1.92645e-05 4.67827e-05 0.000537906 0.00280311 0.0151153 0.981478 
1.72451e-05 0.00137458 0.00463502 0.0176923 0.861718 0.0652434 0.0343572 0.0105238 0.00380531 0.000633351 
6.15641e-14 1.92928e-11 4.261e-10 7.78867e-08 7.08163e-07 3.44981e-05 0.000371999 0.00490752 0.0222987 0.972386 
5.12315e-15 3.0946e-13 1.0009e-11 6.44822e-10 3.69783e-08 1.57302e-07 1.58141e-05 5.1611e-05 0.000417971 0.999514 
4.56352e-13 4.44433e-11 2.56122e-10 1.00283e-08 2.09465e-06 1.72648e-05 0.000282657 0.00447147 0.771661 0.223566 
1.38652e-39 9.57017e-36 6.57931e-32 4.18606e-28 5.10271e-24 6.03111e-20 5.37252e-15 2.80715e-10 9.93939e-06 0.99999 
6.42655e-11 1.05765e-08 7.24286e-08 8.42943e-07 2.55134e-05 0.000259404 0.00231069 0.00634178 0.0243275 0.966734 
3.26523e-09 3.48007e-07 2.2794e-05 0.000754732 0.00691197 0.0245623 0.048877 0.864319 0.0350411 0.0195108 
3.32634e-08 2.84422e-06 0.000188358 0.000605481 0.00748857 0.446718 0.0443107 0.466764 0.0247289 0.00919316 
1.45269e-09 2.18766e-07 1.96704e-06 3.43534e-05 0.000466381 0.00269748 0.055851 0.828113 0.096655 0.0161804 
5.51285e-11 8.17685e-09 6.84953e-08 9.56332e-07 5.20557e-05 0.000193405 0.0023559 0.00390862 0.0094083 0.984081 
5.50976e-06 0.000672451 0.000974882 0.00379607 0.014935 0.0418073 0.871662 0.0419112 0.0186418 0.00559392 
4.06433e-11 7.13442e-09 2.09023e-08 4.64608e-07 1.51116e-05 0.000149617 0.00144662 0.00409865 0.0179871 0.976302 
2.21029e-12 1.99573e-10 6.12228e-09 5.87545e-07 1.86185e-05 0.00127511 0.00883428 0.938347 0.0333289 0.0181953 
6.64505e-11 1.04191e-08 4.74428e-08 9.22993e-07 7.53956e-05 0.000223148 0.00210151 0.00499427 0.951481 0.0411237 
2.02916e-05 0.00145403 0.00700273 0.02528 0.862078 0.0696648 0.0265875 0.00608188 0.000980892 0.000849566 
1.14621e-10 1.7971e-08 1.06741e-07 1.25677e-06 9.64679e-05 0.000392974 0.00295172 0.00812005 0.0266761 0.961761 
3.46286e-10 1.12135e-07 9.18266e-07 2.496e-06 2.64386e-05 0.000251677 0.00151577 0.00235279 0.00538487 0.990465 
3.34304e-05 0.00194334 0.0188749 0.795385 0.117233 0.0421853 0.0176017 0.00524981 0.00125284 0.000241208 
1.51577e-08 1.5005e-06 3.20302e-05 0.000564127 0.0037987 0.0221211 0.886524 0.0463516 0.0274735 0.0131334 
3.7836e-05 0.0019726 0.00905341 0.0386296 0.860665 0.064967 0.0191123 0.00435062 0.000650021 0.000561277 
1.93344e-17 8.3827e-15 2.39974e-12 5.68771e-10 4.51288e-08 9.64146e-06 8.61682e-05 0.000927745 0.00649936 0.992477 
1.22832e-09 1.23869e-07 9.38948e-07 1.2378e-05 0.000261466 0.000759581 0.00471676 0.0157927 0.0348182 0.943638 
9.18141e-15 2.66212e-12 6.03925e-11 1.11743e-08 1.30988e-07 6.99703e-06 0.000101102 0.0021881 0.00977784 0.987926 
2.79246e-11 3.93819e-09 2.41749e-08 5.52929e-07 5.15107e-05 0.00012908 0.00190685 0.111431 0.865229 0.0212514 
0.000141384 0.00831461 0.707185 0.11966 0.125055 0.0243209 0.010713 0.00293414 0.000943152 0.000733364 
1.38006e-08 1.61548e-06 2.46444e-05 0.00114898 0.00130621 0.00339749 0.00835262 0.0113341 0.0182723 0.956162 
6.62448e-11 8.02477e-09 8.24304e-08 1.35478e-06 9.9105e-05 0.000649719 0.165034 0.017589 0.794035 0.0225914 
3.96315e-05 0.00172133 0.0099105 0.0243947 0.070894 0.858284 0.0266559 0.00553729 0.00133524 0.00122761 
9.01694e-27 9.49903e-24 4.0197e-20 8.87935e-18 1.77234e-14 2.40982e-12 2.94284e-06 2.60233e-05 0.000544878 0.999426 
7.64177e-10 8.67337e-08 5.09517e-07 3.27777e-06 0.00020122 0.000345339 0.00200275 0.00523411 0.0172417 0.974971 
8.24484e-10 8.93234e-08 7.34012e-07 6.87406e-06 0.000175135 0.000716409 0.00576302 0.0205246 0.0425777 0.930235 
3.59016e-09 5.20504e-07 3.23961e-06 0.000101351 0.000214625 0.00164905 0.00578644 0.0102099 0.0136764 0.968358 
6.41221e-11 9.21418e-09 6.35853e-08 1.31023e-06 0.000103741 0.000320185 0.00277663 0.0085029 0.0279425 0.960353 
4.64282e-12 4.05566e-10 2.27165e-08 5.2058e-08 7.31513e-07 7.64871e-05 0.000286469 0.000145925 0.00106358 0.998427 
1.79825e-11 1.09239e-09 1.72683e-08 6.0384e-07 0.000108158 8.78643e-05 0.00192324 0.00772314 0.0304519 0.959705 
7.12811e-22 6.81104e-19 7.73588e-16 1.39149e-13 1.78296e-11 6.14655e-09 1.97242e-05 0.000249855 0.00192203 0.997808 
8.20139e-11 1.55368e-08 4.07497e-07 3.31536e-06 5.44611e-05 0.00141861 0.0116496 0.923756 0.0404173 0.0227007 
6.96309e-11 1.05719e-08 6.17911e-08 1.48209e-06 0.000103889 0.000266315 0.00205589 0.00641282 0.0228112 0.968348 
9.60239e-06 0.000546773 0.00345527 0.0281596 0.870904 0.0606668 0.0236765 0.00877101 0.00357813 0.000232521 
8.67957e-10 8.44353e-08 6.62476e-07 9.64689e-06 0.000308231 0.00352323 0.466824 0.0291738 0.484613 0.0155474 
4.39097e-19 9.68795e-17 6.93792e-15 1.52869e-12 1.01251e-10 2.08945e-08 1.8038e-06 0.000133566 0.00154572 0.998319 
2.89825e-09 4.08008e-07 4.54705e-06 0.000184614 0.00101862 0.00711492 0.907258 0.0426578 0.0301198 0.0116413 
2.17813e-10 2.85722e-08 5.1153e-07 2.26481e-06 6.47067e-05 0.000666192 0.00348067 0.010107 0.0199851 0.965694 
1.20027e-16 1.59854e-14 1.51975e-12 4.04978e-10 1.66383e-08 2.29854e-06 3.32376e-05 0.000447127 0.00405347 0.995464 
4.2787e-11 6.9024e-09 2.50355e-08 6.97712e-07 4.53161e-05 0.000133407 0.00135404 0.00437965 0.961015 0.0330714 
2.79615e-08 5.19411e-06 6.49159e-06 0.000136039 0.000769117 0.00428627 0.0130693 0.0276538 0.923603 0.030471 
2.84048e-11 2.46154e-09 7.05008e-08 6.79104e-06 0.000201835 0.00185933 0.00942365 0.90227 0.0548588 0.0313798 
1.38447e-09 2.3512e-07 1.05563e-06 2.47007e-05 0.000317996 0.0064706 0.0582604 0.259395 0.392824 0.282707 
5.66411e-11 8.48501e-09 7.53104e-08 5.15852e-06 0.000100263 0.000229102 0.0040657 0.920035 0.0469792 0.0285859 
7.55988e-10 7.43135e-08 4.22285e-07 3.2307e-06 0.000204481 0.000324572 0.0022325 0.00483541 0.0154985 0.976901 
2.07471e-08 2.6841e-06 2.97337e-05 0.00127402 0.00228871 0.0125539 0.901071 0.0466005 0.0275911 0.00858866 
3.27836e-06 0.000434222 0.000518657 0.00317316 0.00901113 0.0155997 0.0295291 0.0382443 0.0437155 0.859771 
2.32181e-11 4.18787e-09 1.3564e-08 3.32032e-07 1.58482e-06 7.20699e-05 0.000447192 0.00106632 0.00392586 0.994487 
2.275e-06 0.000433478 0.000452365 0.00307931 0.00867495 0.0257676 0.044809 0.0353551 0.874966 0.00645955 
1.08403e-08 9.4234e-07 5.27613e-05 0.00018815 0.00489674 0.612501 0.337819 0.0249913 0.0138873 0.00566254 
4.26999e-08 3.4196e-06 0.000186517 0.000513013 0.00452859 0.0205976 0.041148 0.896421 0.0256585 0.0109427 
4.81291e-11 7.42278e-09 3.65739e-08 5.41671e-07 5.65363e-05 0.000188219 0.00125094 0.00307493 0.0112502 0.984179 
8.19199e-07 0.00015483 0.000224065 0.00111716 0.00369803 0.00890164 0.922285 0.0343676 0.0227194 0.00653102 
2.51348e-09 3.16512e-07 1.40583e-06 6.73551e-05 0.000190133 0.00150723 0.00857068 0.7384 0.23392 0.0173427 
4.09586e-17 1.04103e-14 1.8772e-12 4.72015e-10 3.02628e-08 5.93872e-06 5.04134e-05 0.000486201 0.00324847 0.996209 
1.80964e-23 1.72262e-20 1.92419e-17 3.57945e-15 8.00276e-13 5.96324e-11 3.41112e-05 0.000180892 0.00218584 0.997599 
7.45297e-11 1.17383e-08 5.06953e-08 1.0181e-06 9.8081e-05 0.0001753 0.001919 0.00396254 0.0157559 0.978088 
9.99458e-08 9.55239e-06 0.000406663 0.00524044 0.386964 0.402671 0.164502 0.0269437 0.010806 0.00245756 
4.21964e-14 1.30475e-11 2.86428e-10 5.18614e-08 4.72891e-07 2.35397e-05 0.000189608 0.00183255 0.00790016 0.990054 
7.29381e-10 9.98608e-08 7.92384e-07 1.35455e-05 0.000187343 0.000983091 0.00701034 0.02564 0.932668 0.0334969 
4.35778e-11 7.16844e-09 3.87429e-08 5.34916e-07 2.36135e-05 0.000164877 0.0011437 0.00359273 0.97762 0.0174541 
7.9973e-10 7.868e-08 4.5751e-07 3.32154e-06 0.000224096 0.000331128 0.00311662 0.0140018 0.952594 0.0297287 
1.88243e-17 7.97196e-15 2.24136e-12 5.30908e-10 4.19638e-08 8.98666e-06 2.57306e-05 0.000511439 0.00301722 0.996437 
3.72076e-08 4.23695e-06 5.44784e-05 0.00173383 0.00267056 0.00907691 0.0242392 0.0436964 0.897995 0.020529 
8.33885e-12 1.55421e-09 2.30475e-09 6.98901e-08 4.14136e-07 2.43129e-05 0.000148743 0.000925413 0.00565312 0.993248 
9.4968e-14 2.10134e-11 5.8492e-10 7.40841e-08 8.24412e-07 5.97605e-05 0.00108366 0.947539 0.0270658 0.0242514 
7.38081e-11 1.07327e-08 1.01907e-07 5.44411e-06 0.000166651 0.000815606 0.00537517 0.0159217 0.0316932 0.946022 
1.26485e-11 1.40459e-09 1.40102e-07 5.1834e-06 9.7087e-05 0.000227573 0.00217258 0.00918251 0.965778 0.022537 
1.24623e-09 1.27792e-07 1.06896e-06 5.1201e-06 0.000249189 0.000493677 0.00542113 0.0210811 0.945013 0.027736 
0.000373698 0.00984886 0.810472 0.0691641 0.0540262 0.0393049 0.0139574 0.00256787 9.34814e-05 0.000191796 
1.03813e-10 1.64795e-08 1.38581e-07 1.51356e-06 0.000110877 0.000420875 0.00573634 0.0211922 0.942411 0.0301266 
1.53664e-05 0.000844333 0.00525795 0.573201 0.217365 0.192158 0.00883218 0.00169513 0.000279461 0.000351657 
5.54276e-11 7.69294e-09 4.29999e-08 9.80133e-07 0.000111753 0.000188588 0.00195127 0.00571532 0.961564 0.0304675 
2.05139e-06 0.000386934 0.000534865 0.00381465 0.0151309 0.0389196 0.899689 0.0285843 0.0101314 0.00280624 
3.13919e-07 6.05717e-05 2.03239e-05 0.000619724 0.00199509 0.186442 0.0209333 0.48352 0.296237 0.010171 
1.61078e-06 0.00029902 0.000463006 0.00535409 0.022922 0.864651 0.0602351 0.0305881 0.0119467 0.00353942 
5.89815e-17 6.11141e-14 1.001e-11 1.99436e-09 1.33153e-07 1.72423e-05 0.00207272 0.0125931 0.974192 0.0111253 
6.94795e-11 1.13136e-08 5.60041e-08 1.00262e-06 5.08482e-05 0.000209005 0.00227156 0.00552813 0.965907 0.0260327 
2.13973e-08 2.34237e-06 0.000179337 0.00102045 0.00318211 0.0067262 0.0146432 0.0234435 0.482369 0.468434 
8.34183e-11 1.3973e-08 6.37009e-08 1.03207e-06 5.05788e-05 0.00026256 0.00223079 0.0128644 0.951609 0.0329812 
1.94155e-09 2.86527e-07 3.47499e-06 0.000220482 0.000585911 0.00248492 0.00860136 0.0262266 0.92661 0.0352665 
2.35291e-09 2.99665e-07 1.62123e-06 2.35733e-05 0.000620743 0.00332236 0.0127966 0.912608 0.0480454 0.0225813 
4.61498e-11 6.55305e-09 3.40934e-08 7.75007e-07 8.81223e-05 0.000171025 0.00188113 0.00559106 0.0185666 0.973701 
5.4761e-09 6.6924e-07 5.47879e-06 0.000256828 0.00125671 0.00599812 0.0687398 0.131812 0.780677 0.0112534 
2.4874e-11 3.80501e-09 1.33763e-08 4.43438e-07 3.91118e-05 0.00011401 0.00115769 0.00433898 0.0170232 0.977327 
2.60435e-27 2.76937e-24 1.24728e-20 2.75292e-18 5.34382e-15 6.35978e-13 1.09427e-06 1.37606e-06 4.21419e-05 0.999955 
1.54555e-06 0.000296196 0.000312878 0.00227121 0.00521198 0.0105467 0.0244271 0.0393881 0.0468757 0.870669 
5.28017e-09 6.97663e-07 5.02625e-06 0.000374759 0.00260436 0.0160374 0.886135 0.0529822 0.0294488 0.012412 
1.84552e-12 1.55931e-10 9.23298e-09 1.11489e-08 2.83999e-07 3.19716e-05 0.000100893 0.000101739 0.000975649 0.998789 
5.3563e-10 8.42566e-08 6.74371e-07 4.1296e-06 0.00014353 0.0280018 0.0323355 0.831824 0.0404274 0.0672632 
2.11936e-17 1.09675e-15 1.74626e-14 6.44812e-13 1.39639e-10 7.58223e-11 2.52445e-08 6.8365e-09 5.91528e-08 1 
2.58043e-08 2.01768e-06 0.000111816 0.000578474 0.0021661 0.00592117 0.0682129 0.0404582 0.877063 0.00548593 
3.46898e-09 5.15257e-07 2.89834e-06 0.000151979 0.000591404 0.00191102 0.0101715 0.0243156 0.0361831 0.926672 
4.20356e-06 0.000291984 0.00229562 0.0150792 0.0508227 0.877597 0.0359117 0.0107485 0.00497297 0.00227587 
5.20674e-11 8.06103e-09 2.75438e-08 9.26337e-07 7.76947e-05 0.000193024 0.00182778 0.00777448 0.027227 0.962899 
2.46113e-09 2.49065e-07 1.39771e-06 7.17782e-06 0.00042087 0.000589399 0.00338974 0.0074917 0.0154767 0.972623 
7.7967e-12 5.27644e-10 2.03144e-08 2.4676e-06 0.000130946 0.000654606 0.0676006 0.00885752 0.600585 0.322169 
2.81333e-09 4.31782e-07 2.99826e-06 0.000169203 0.000310002 0.0018809 0.0103158 0.031752 0.0588131 0.896756 
4.60012e-11 6.26241e-09 7.3609e-08 1.61117e-06 0.000114056 0.000306336 0.00369208 0.017226 0.0447555 0.933904 
4.07587e-12 2.09771e-10 3.26123e-09 1.18493e-07 2.72226e-05 6.57756e-05 0.00043971 0.00406754 0.019292 0.976108 
5.31826e-10 3.39661e-08 1.03622e-06 7.82656e-05 0.00122935 0.00647336 0.806744 0.130806 0.0379076 0.0167599 
7.72852e-11 1.13867e-08 5.33053e-08 1.1664e-06 0.000129034 0.000370898 0.00383447 0.0138256 0.945131 0.0367081 
4.39068e-12 4.54617e-10 2.32937e-08 2.7326e-06 3.25834e-05 0.000552615 0.00583002 0.943079 0.0296859 0.0208173 
5.93891e-11 1.12886e-08 5.54804e-07 8.01181e-06 0.000134555 0.0046508 0.87399 0.0466997 0.0475527 0.0269635 
1.57453e-11 2.51176e-09 2.01866e-08 3.81711e-07 7.70838e-06 0.000121045 0.000847432 0.00337613 0.962894 0.0327536 
4.94607e-06 0.000371843 0.00113189 0.00256159 0.009069 0.0152415 0.881935 0.0520823 0.0308024 0.00679912 
1.46566e-05 0.00077137 0.0051573 0.0138731 0.525625 0.259051 0.190647 0.00376729 0.000540774 0.000552559 
6.09778e-09 9.19855e-07 1.33522e-05 0.000485915 0.000980235 0.00592543 0.313346 0.330477 0.0273778 0.321394 
6.44617e-08 5.73514e-06 0.000369731 0.00164711 0.00457346 0.0117674 0.709947 0.12721 0.13597 0.00850965 
7.15286e-14 7.03611e-12 2.1881e-10 3.02913e-08 4.7884e-07 2.89542e-05 0.000126106 0.000968489 0.00811436 0.990762 
6.91011e-11 1.18601e-08 6.51479e-08 1.62971e-06 1.70679e-05 0.000331733 0.00246339 0.00909995 0.95647 0.031616 
5.9395e-12 3.04059e-10 4.75945e-09 1.70428e-07 3.92302e-05 3.39032e-05 0.000319068 0.00217915 0.0136252 0.983803 
1.40188e-31 3.33568e-28 7.68726e-24 3.2278e-21 5.21213e-17 1.63883e-13 1.03439e-08 2.96047e-05 0.000686605 0.999284 
3.73011e-11 5.48984e-09 5.51476e-08 5.57995e-06 0.000100222 0.000487961 0.00497352 0.179387 0.793866 0.0211802 
3.72933e-14 1.3739e-11 1.05399e-09 1.55543e-07 1.14378e-06 1.29285e-05 0.000135957 0.000717548 0.00422088 0.994911 
4.47517e-06 0.000607564 0.00333874 0.00680338 0.0246172 0.047589 0.0475885 0.852569 0.0115702 0.00531194 
2.06435e-11 3.81765e-09 7.12036e-09 2.58876e-07 2.48293e-06 0.000116843 0.00199947 0.0207347 0.961437 0.0157089 
8.01997e-10 7.68397e-08 4.80785e-07 2.99296e-06 0.000200988 0.000178998 0.00113087 0.00262097 0.00679633 0.989068 
4.14776e-19 2.12767e-16 6.71324e-14 1.59255e-11 1.27225e-09 2.71828e-07 4.82034e-07 1.92705e-05 0.000318523 0.999661 
2.13816e-09 2.98391e-07 6.29678e-06 0.000230052 0.0004047 0.00271308 0.163585 0.174785 0.528155 0.130121 
1.50474e-11 2.3187e-09 2.84818e-08 4.3889e-07 2.44228e-06 0.000166961 0.001197 0.943415 0.027795 0.0274233 
4.54573e-13 5.81797e-11 1.17356e-09 2.91425e-08 5.28994e-07 1.49952e-05 0.000222628 0.00117571 0.00854638 0.99004 
2.30639e-06 0.000439104 0.000411391 0.0046103 0.0180146 0.0449093 0.882206 0.0312119 0.0144056 0.00378928 
3.32661e-12 5.05386e-10 1.97232e-09 1.45317e-07 7.14517e-06 8.35534e-05 0.000713328 0.00372851 0.0182001 0.977267 
3.1603e-10 3.52489e-08 2.54523e-07 6.32272e-06 0.000160094 0.000282469 0.00254247 0.00712595 0.0359659 0.953917 
1.1481e-08 1.41217e-06 0.000166698 0.000215721 0.00128735 0.00465127 0.0171502 0.898223 0.0518201 0.0264846 
6.89072e-11 9.28016e-09 7.29372e-08 1.20362e-06 0.000147592 0.000239765 0.00413723 0.0165225 0.944732 0.0342193 
1.03053e-13 2.12259e-11 8.54485e-10 9.1275e-08 4.81748e-06 9.87318e-05 0.000589555 0.00641982 0.963074 0.0298127 
2.01049e-09 3.01123e-07 3.767e-06 0.000182375 0.000374715 0.00168896 0.00700011 0.0208347 0.929831 0.0400844 
1.18359e-08 1.31833e-06 1.03933e-05 0.000630289 0.00129578 0.00397279 0.011146 0.0264383 0.936644 0.0198611 
1.62688e-09 1.49291e-07 4.25633e-06 0.000427985 0.00947953 0.860641 0.0510096 0.0343365 0.0258276 0.0182734 
6.80427e-09 9.48004e-07 1.5907e-05 0.000513456 0.000603895 0.00264537 0.0104215 0.910001 0.0462644 0.0295333 
9.17539e-11 1.02539e-08 1.36262e-07 1.08908e-05 0.000192926 0.00161954 0.00841959 0.0272128 0.931306 0.0312377 
7.88803e-07 0.000152422 7.82455e-05 0.000245201 0.00206881 0.00766226 0.025166 0.901839 0.0431994 0.0195875 
7.63001e-18 2.10799e-15 3.53522e-13 8.25698e-11 6.05273e-09 1.27851e-06 3.7243e-05 0.000382122 0.00417987 0.995399 
1.7412e-10 1.78919e-08 2.06435e-07 4.6681e-06 9.01544e-05 0.000437054 0.00269005 0.00861457 0.282163 0.706 
2.68711e-09 2.70545e-07 1.62572e-06 1.94479e-05 0.000355391 0.00137029 0.00767967 0.0226621 0.937641 0.0302705 
4.58605e-06 0.000360974 0.00238733 0.00730027 0.0401337 0.893329 0.0390852 0.0130166 0.00372522 0.00065677 
1.13639e-13 2.01088e-11 2.61552e-11 2.27915e-09 1.55526e-07 1.39735e-05 0.000196337 0.0026378 0.0120318 0.98512 
9.48663e-10 1.10826e-07 1.05432e-06 4.4747e-06 0.000244797 0.000442227 0.00304129 0.00979943 0.0344524 0.952014 
9.04198e-08 9.20275e-06 0.000205614 0.00779929 0.842735 0.0503229 0.0514951 0.0284423 0.0148821 0.00410822 
1.85867e-05 0.00110509 0.00712351 0.220998 0.714674 0.0393909 0.0116762 0.00317058 0.00119545 0.000647406 
1.53766e-08 1.68784e-06 1.27009e-05 0.000824664 0.00172389 0.00562439 0.0154202 0.0304058 0.923902 0.022085 
0 0 0 0 0 0 0 0 2.07126e-21 1 
4.54146e-14 1.33643e-11 3.04318e-10 5.52395e-08 7.18657e-07 7.29291e-05 0.000463949 0.942461 0.0355881 0.0214128 
2.36925e-13 1.9966e-11 1.19623e-09 3.07445e-09 1.69728e-07 3.27489e-05 0.000147059 0.000996798 0.00505972 0.993764 
2.03676e-05 0.00145368 0.00516034 0.0222762 0.624826 0.175277 0.164219 0.00535774 0.000966962 0.000442779 
1.24822e-12 1.21646e-10 6.32915e-09 9.63791e-08 1.07302e-06 6.66462e-05 0.00054913 0.00391379 0.020058 0.975411 
6.5539e-13 7.47256e-11 2.63374e-09 4.90743e-08 3.54524e-07 3.82566e-05 0.000188591 0.00151375 0.00814298 0.990116 
4.15999e-11 7.27977e-09 8.70163e-08 7.95685e-06 4.87235e-05 0.000666452 0.00499347 0.0184236 0.947788 0.0280717 
1.51895e-14 2.92763e-12 4.86442e-11 4.90901e-09 1.69848e-07 8.55477e-05 0.000987441 0.0052012 0.971334 0.0223918 
3.17534e-09 2.36102e-07 2.93025e-06 0.000254857 0.00115465 0.00400862 0.0131284 0.0357415 0.920885 0.0248242 
5.633e-11 8.09508e-09 4.64536e-08 9.5578e-07 9.72249e-05 0.000362631 0.0026792 0.00781303 0.0250568 0.96399 
5.6743e-11 1.07154e-08 2.31535e-07 9.07468e-07 9.36269e-06 0.000377984 0.0035871 0.0117673 0.0311938 0.953063 
9.33602e-10 1.01673e-07 8.14361e-07 1.07224e-05 0.00026741 0.00143815 0.0084436 0.908254 0.0527248 0.0288602 
2.50462e-14 4.48339e-12 1.58621e-10 1.55068e-08 3.45898e-07 7.18295e-05 0.0016515 0.699701 0.139082 0.159493 
6.91023e-11 1.29255e-08 4.2587e-07 3.60951e-06 2.69352e-05 0.000260346 0.00338596 0.00989639 0.0176678 0.968759 
3.38244e-09 4.45677e-07 2.45617e-06 9.38529e-05 0.00125185 0.00969551 0.422841 0.542223 0.0174522 0.0064397 
9.65142e-06 0.000522396 0.0043352 0.0160333 0.876401 0.0648674 0.0280538 0.00665116 0.00242792 0.000697745 
1.53833e-11 8.48237e-10 1.48174e-08 1.01312e-06 0.000112183 0.00160898 0.00818743 0.924274 0.040099 0.0257173 
1.29135e-09 1.57997e-07 6.22187e-07 4.42991e-06 0.000234215 0.000541582 0.00337416 0.0101041 0.0285326 0.957208 
6.3023e-10 5.91733e-08 6.27056e-07 1.48436e-05 0.00029126 0.00176223 0.00789298 0.55239 0.193386 0.244262 
6.85571e-08 7.82608e-06 0.000659823 0.00200134 0.00704552 0.0119956 0.0286985 0.901272 0.0380532 0.0102662 
2.06837e-08 2.67109e-06 2.43135e-05 0.00223339 0.0187346 0.84632 0.054488 0.0442308 0.0223525 0.011614 
1.49171e-08 1.70627e-06 1.14777e-05 0.000586588 0.000921376 0.00316529 0.0102942 0.894964 0.0591754 0.0308795 
1.46311e-10 1.97455e-08 2.83007e-07 7.24194e-06 6.58087e-05 0.000453351 0.0054858 0.477894 0.494862 0.0212308 
6.84649e-06 0.000670877 0.00228649 0.00369416 0.012675 0.0177035 0.0262591 0.696757 0.229834 0.0101132 
7.72743e-09 7.67569e-07 7.26356e-06 0.000491693 0.000650941 0.00144521 0.00456878 0.00981861 0.0229036 0.960113 
7.13495e-10 7.21267e-08 4.35716e-07 3.37705e-06 0.000205274 0.000319343 0.0040508 0.0188991 0.94453 0.0319921 
1.43044e-08 2.48218e-06 1.54901e-05 0.000679064 0.0020542 0.0142641 0.925043 0.0288174 0.0207675 0.00835642 
2.4067e-11 2.32608e-09 5.82479e-08 3.60166e-06 0.000131294 0.000364828 0.00369563 0.0152868 0.943983 0.0365347 
5.19224e-12 1.09906e-09 6.90122e-08 1.04726e-05 6.45998e-05 0.000308108 0.00190208 0.00800238 0.0250451 0.964667 
2.23256e-05 0.00171315 0.00839986 0.0163638 0.0489969 0.0647341 0.838849 0.0148853 0.00419683 0.00183903 
1.27946e-08 1.42211e-06 1.23466e-05 0.000780502 0.00115878 0.00389595 0.0113368 0.0233613 0.0347955 0.924657 
5.70145e-06 0.000611367 0.00288289 0.00398959 0.0113203 0.0134731 0.0174975 0.0224714 0.915148 0.0126006 
4.48079e-09 6.69656e-07 4.11421e-06 0.000113721 0.00049103 0.00335209 0.0134223 0.0388228 0.911988 0.0318055 
1.01497e-06 0.000157596 0.000228372 0.00202501 0.132333 0.281574 0.460887 0.0737187 0.0477146 0.00136068 
4.33764e-05 0.00150644 0.0270557 0.0754392 0.48453 0.185651 0.106067 0.115617 0.00331713 0.000772781 
4.07035e-13 2.1416e-11 3.59168e-10 1.70527e-08 2.80613e-06 2.80802e-05 0.000301025 0.00316069 0.0169081 0.979599 
7.01507e-09 8.67709e-07 5.49419e-06 0.000339808 0.00282449 0.0122054 0.034207 0.901311 0.0360893 0.0130165 
1.64097e-06 0.000311795 0.000293457 0.00234074 0.00707207 0.0189855 0.033197 0.894901 0.0351679 0.00772943 
2.02075e-06 0.000382767 0.000474717 0.00246181 0.0234109 0.873679 0.0525866 0.0302028 0.0134679 0.00333164 
5.31171e-10 5.50103e-08 4.86308e-07 2.87985e-05 0.00019209 0.000540649 0.00480719 0.0159274 0.940869 0.0376346 
5.43911e-11 8.13389e-09 4.11411e-08 8.74425e-07 8.11965e-05 0.000224314 0.00202443 0.00553296 0.483408 0.508728 
4.49461e-09 6.21665e-07 4.12538e-06 0.000239063 0.000618874 0.00352023 0.0132016 0.221261 0.744837 0.0163183 
1.02233e-09 1.01288e-07 5.79491e-07 4.16713e-06 0.000258916 0.000367593 0.00256282 0.0069919 0.0233978 0.966416 
7.76667e-12 4.4353e-10 1.20182e-08 4.66079e-07 5.9792e-05 0.000185259 0.00148564 0.00685141 0.490947 0.500471 
2.64766e-12 3.82603e-10 2.63499e-08 1.06602e-06 3.25894e-05 0.00244532 0.0125337 0.0368021 0.927869 0.0203164 
6.49604e-09 4.16283e-07 8.81514e-06 0.000364638 0.00227935 0.166831 0.0231964 0.775594 0.0245575 0.00716861 
1.27101e-16 1.98498e-14 1.51225e-12 3.77262e-10 1.29589e-08 1.38749e-06 3.453e-05 0.000488297 0.00238939 0.997086 
6.97721e-06 0.000577419 0.00858437 0.0793414 0.61132 0.219796 0.0762049 0.00308953 0.00064361 0.000435309 
1.99907e-11 2.33281e-09 1.51734e-08 5.70601e-07 6.70982e-05 0.000166678 0.00519358 0.927791 0.0395512 0.0272298 
2.91553e-13 2.45222e-11 1.46541e-09 1.68127e-09 4.29557e-08 5.06373e-06 1.5566e-05 6.32221e-06 0.000351389 0.999622 
6.5433e-15 2.02351e-12 4.78625e-11 8.85845e-09 1.44945e-07 1.54212e-05 0.000531703 0.00531415 0.0200872 0.974051 
8.74362e-24 8.35366e-21 9.52701e-18 1.70992e-15 2.0681e-13 7.70679e-11 2.08485e-08 3.73289e-05 0.000829112 0.999134 
2.62894e-14 7.41167e-12 1.70478e-10 3.09779e-08 3.61282e-07 3.03053e-05 0.000256013 0.002917 0.01597 0.980826 
1.93952e-05 0.00114181 0.00633985 0.0138792 0.0500453 0.871134 0.0416354 0.0109682 0.00341413 0.00142259 
6.60361e-06 0.00112748 0.000315067 0.00233259 0.00700034 0.0155532 0.06372 0.810414 0.0916865 0.00784478 
1.40978e-08 1.62171e-06 1.59619e-05 0.000888094 0.00117972 0.00371032 0.01058 0.288471 0.672103 0.0230496 
2.93621e-11 2.48051e-09 4.3202e-08 9.81722e-07 0.000123333 0.000167355 0.00189701 0.00613098 0.955213 0.0364675 
1.60013e-06 0.000284713 0.000536343 0.00230933 0.00995228 0.0243951 0.887539 0.0459338 0.0242205 0.00482759 
6.53729e-11 9.75047e-09 7.21786e-08 2.56466e-06 0.000153799 0.00352679 0.0140673 0.0358778 0.926507 0.019865 
2.18731e-07 3.80907e-05 0.000876889 0.00288143 0.00993273 0.194726 0.0185317 0.677075 0.0909155 0.00502248 
1.55291e-12 9.94523e-11 2.24217e-09 2.20216e-07 1.04625e-05 5.7363e-05 0.000536382 0.00338492 0.0132451 0.982766 
4.62325e-10 8.71264e-08 5.57854e-07 2.35014e-06 6.90684e-05 0.00028301 0.00310812 0.140235 0.219968 0.636334 
2.03069e-06 0.000385958 0.000566686 0.00279637 0.00808125 0.0233226 0.0376883 0.889947 0.0304611 0.00674852 
1.63593e-09 2.67149e-07 2.16154e-06 1.08299e-05 0.000150857 0.000691912 0.00502275 0.0154488 0.034015 0.944657 
1.78563e-12 8.98455e-11 1.37285e-09 4.07348e-08 1.17747e-05 7.60778e-07 8.71682e-05 0.000502134 0.00343149 0.995967 
1.03505e-12 7.17779e-11 1.26872e-09 1.17782e-07 7.27446e-06 6.34926e-05 0.000549607 0.0031742 0.016191 0.980014 
1.3838e-05 0.00107003 0.0445817 0.586516 0.278842 0.0758135 0.0097826 0.00229559 0.000616424 0.000469112 
0.000420353 0.0119693 0.414129 0.35791 0.15424 0.059454 0.00161655 0.000259444 9.6626e-07 1.25972e-08 
5.24182e-28 1.1927e-24 2.55461e-20 5.5552e-18 1.0855e-14 1.74744e-12 5.23036e-07 1.40106e-05 0.000741035 0.999244 
9.94405e-07 4.65612e-05 0.000675088 0.0116505 0.87696 0.0388858 0.027852 0.0219854 0.0140908 0.00785281 
5.93667e-13 5.68963e-11 1.27353e-09 1.68043e-07 4.3793e-06 8.88991e-05 0.000582056 0.0036556 0.0191356 0.976533 
0.000223551 0.00595182 0.195229 0.766702 0.0235911 0.00617768 0.00180507 0.000283972 3.34681e-05 2.73958e-06 
4.76294e-11 7.57547e-09 3.543e-08 7.54003e-07 4.83302e-05 0.000207901 0.00127607 0.00430561 0.586728 0.407434 
1.78286e-11 1.57101e-09 2.53827e-08 1.41215e-06 0.000109341 0.000674554 0.00415514 0.277014 0.696476 0.0215696 
8.73227e-11 1.26509e-08 1.21407e-07 1.11684e-05 0.000156397 0.00171468 0.0141364 0.898308 0.0495286 0.036145 
4.44339e-15 1.39065e-12 4.19347e-11 8.01114e-09 1.94852e-07 1.55129e-05 0.00198876 0.0136318 0.96845 0.0159139 
6.03646e-07 0.000116664 0.000114543 0.000155166 0.00102076 0.00414433 0.0115329 0.025584 0.0317235 0.925608 
1.90872e-17 8.90566e-15 2.6502e-12 6.35293e-10 4.94775e-08 1.05024e-05 5.94296e-05 0.000424596 0.00372649 0.995779 
1.83438e-06 0.000349111 0.000391629 0.00332174 0.0236501 0.863275 0.0571266 0.0329766 0.013867 0.00504007 
2.71018e-17 1.28969e-14 3.92889e-12 9.31519e-10 7.45264e-08 1.59438e-05 0.000171787 0.00303992 0.981871 0.0149008 
1.55756e-08 1.86626e-06 2.02937e-05 0.000917124 0.00156846 0.00482493 0.0125111 0.0234559 0.935778 0.0209228 
1.56952e-15 1.48084e-13 3.73985e-12 2.36844e-10 7.7914e-09 7.59893e-08 5.3563e-05 0.000391979 0.00553476 0.99402 
