2813
4.52939e-17 1.18779e-14 2.13381e-12 5.53983e-10 3.3246e-08 5.1064e-06 0.000316907 0.00204689 0.00857257 0.989058 
3.57291e-07 6.77973e-05 0.000239832 0.000631968 0.0187398 0.28007 0.36348 0.246914 0.0742185 0.0156375 
2.11909e-06 0.000402576 0.000275254 0.00328435 0.0136529 0.0337888 0.836994 0.0552005 0.0362201 0.020179 
8.80787e-10 1.04938e-07 1.0253e-06 4.25893e-05 0.000160249 0.000194212 0.00133612 0.00263885 0.00948313 0.986144 
2.92735e-08 2.14325e-06 1.85062e-05 0.000108791 0.00222128 0.0152888 0.840554 0.0543567 0.0522159 0.035234 
5.69562e-09 9.14106e-07 3.13238e-06 3.44895e-05 0.000714041 0.0028264 0.0112684 0.0258649 0.0398975 0.91939 
1.03645e-06 0.00018824 0.000493454 0.00458968 0.809245 0.0624954 0.0448321 0.0320166 0.0248412 0.0212974 
4.8327e-10 7.68502e-08 2.63186e-07 4.07872e-06 8.34276e-05 0.000399502 0.00264076 0.00698841 0.0227944 0.967089 
3.59694e-08 2.81504e-06 4.994e-05 0.000187525 0.00144557 0.00524947 0.00864769 0.0198516 0.0319326 0.932633 
1.21323e-09 1.47545e-07 1.47089e-06 5.55456e-05 0.000210005 0.000423106 0.0032294 0.00947976 0.0322066 0.954394 
3.3948e-09 4.71596e-07 2.80713e-06 7.42505e-05 0.000600185 0.00136467 0.00654629 0.0156847 0.0424629 0.933264 
2.0725e-10 2.79339e-08 2.09539e-07 7.2439e-06 7.50902e-05 0.000158986 0.00195646 0.00368558 0.0138378 0.980279 
6.45832e-09 1.02616e-06 3.11255e-06 3.79309e-05 0.000673089 0.00196902 0.00586586 0.0118902 0.947574 0.0319855 
5.64158e-22 5.39342e-19 6.14141e-16 1.10846e-13 1.29924e-11 5.01865e-09 3.99572e-05 0.000150835 0.0017234 0.998086 
1.9325e-06 0.000366638 0.000407552 0.00179895 0.00746665 0.0255996 0.208194 0.522605 0.216354 0.0172058 
9.15935e-08 6.24238e-06 3.48319e-05 0.000836617 0.00299529 0.0145395 0.0294081 0.0533683 0.875758 0.0230536 
5.7572e-11 1.01717e-08 3.87938e-08 5.62278e-07 1.10031e-05 0.000211976 0.0019896 0.00591542 0.0251268 0.966745 
3.87429e-09 6.49067e-07 1.66599e-06 1.18779e-05 0.000323019 0.00143484 0.0102029 0.0304084 0.915322 0.042295 
6.98124e-17 2.0674e-14 3.9415e-12 9.28883e-10 6.97903e-08 1.47826e-05 0.000148366 0.00219976 0.0137964 0.983841 
3.21157e-10 4.07898e-08 3.50849e-07 1.26012e-05 0.000135167 0.000292476 0.00285597 0.00597713 0.0202639 0.970462 
1.427e-12 1.25857e-10 6.63006e-09 3.00396e-07 7.96741e-05 0.00421905 0.89435 0.0263868 0.0407289 0.0342354 
9.63329e-07 0.000175898 0.000461052 0.0030207 0.0115873 0.0364381 0.851827 0.0465913 0.0319292 0.0179684 
2.89403e-07 2.05688e-05 0.000415794 0.00261643 0.0187502 0.869062 0.0503745 0.0351219 0.014642 0.0089959 
5.79325e-13 1.02427e-10 6.7068e-09 6.63153e-07 2.27005e-05 0.000140097 0.00106746 0.00636583 0.968541 0.0238622 
4.62061e-09 6.43259e-07 4.3219e-06 0.000110723 0.00120721 0.00397567 0.0189087 0.879706 0.0588167 0.0372701 
1.30336e-09 2.08942e-07 7.31241e-07 5.04271e-06 0.000141783 0.0011689 0.00595367 0.0211828 0.929055 0.0424922 
0.00014775 0.0303272 0.594228 0.123799 0.0826006 0.123333 0.0171575 0.011814 0.0106955 0.00589795 
1.57789e-06 0.000274524 0.00156764 0.00564488 0.0240244 0.0526746 0.858937 0.0332068 0.0140568 0.00961185 
1.4981e-08 1.54582e-06 1.10809e-05 5.87386e-05 0.000891548 0.00320729 0.00543457 0.00710596 0.0181595 0.96513 
0.000867288 0.0188779 0.0556729 0.911185 0.0106165 0.00259726 0.000150202 2.86139e-05 3.18004e-06 9.03187e-07 
1.53564e-10 1.75051e-08 1.78622e-07 7.319e-06 9.0209e-05 8.65426e-05 0.00156124 0.47975 0.0260951 0.49241 
8.64213e-09 1.2453e-06 4.26944e-06 6.38268e-05 0.000874755 0.00273265 0.0113196 0.893117 0.0532195 0.0386668 
1.04506e-16 5.24133e-14 3.23487e-12 6.50543e-10 4.56222e-08 8.01054e-06 0.000273573 0.00182682 0.190191 0.8077 
1.55413e-10 1.78667e-08 1.78193e-07 5.84683e-06 6.77528e-05 0.000311225 0.0225189 0.150715 0.584781 0.2416 
2.85712e-10 4.33412e-08 2.1281e-07 4.53438e-06 0.000203084 0.000788664 0.00889494 0.0282029 0.916674 0.0452314 
1.46198e-09 1.73908e-07 2.07031e-06 9.21835e-05 0.000370506 0.00255182 0.0158723 0.901677 0.0491266 0.0303069 
5.47571e-09 7.91377e-07 3.50166e-06 6.89498e-05 0.00142037 0.00492235 0.0157712 0.876418 0.0627274 0.0386675 
1.68845e-08 1.92269e-06 1.21549e-05 0.000248055 0.000700774 0.0041355 0.0146115 0.0347613 0.0472206 0.898308 
5.28927e-09 7.26673e-07 4.95566e-06 0.000146636 0.000596194 0.00298144 0.0127957 0.149527 0.805843 0.0281044 
8.18062e-10 1.28375e-07 6.11568e-07 2.63164e-05 0.000207706 0.000668668 0.00583602 0.0237941 0.917866 0.0516008 
1.63003e-10 2.15228e-08 1.79473e-07 6.61202e-06 3.18934e-05 0.000265 0.00535091 0.0225361 0.94236 0.0294493 
3.80653e-11 6.61952e-09 3.37612e-08 3.76977e-07 2.48342e-06 0.000132254 0.00106901 0.0011764 0.00294262 0.994677 
8.9646e-10 1.21183e-07 8.83301e-07 3.0603e-05 0.000125612 0.000383973 0.00315744 0.00679195 0.0211221 0.968387 
1.80834e-11 9.7526e-10 1.747e-08 1.03325e-06 0.000119786 0.00013076 0.00219587 0.0118892 0.951616 0.034047 
5.26208e-07 9.90825e-05 0.000108908 0.0013139 0.140281 0.488478 0.0286548 0.215611 0.11137 0.014082 
3.49944e-09 5.89938e-07 2.25326e-06 2.30179e-05 0.000278894 0.00212867 0.0110207 0.0304132 0.916873 0.03926 
9.51257e-15 2.34515e-12 5.95331e-11 1.05241e-08 1.54797e-07 1.19938e-05 0.00021495 0.00225732 0.0102707 0.987245 
2.58675e-08 3.25535e-06 4.29448e-05 0.000475167 0.00274824 0.00670146 0.0159772 0.0320445 0.0508036 0.891204 
5.06535e-08 3.58706e-06 5.72344e-05 0.000229686 0.00164587 0.00716955 0.0250548 0.869021 0.0609023 0.0359161 
8.33291e-07 0.00016154 6.48529e-05 0.000175485 0.00144532 0.00360233 0.0119518 0.0258081 0.0344783 0.922311 
2.10695e-09 3.00817e-07 2.30232e-06 7.87815e-05 0.000338037 0.0014766 0.0141144 0.88506 0.0570591 0.0418701 
1.6395e-11 2.79986e-09 1.69442e-08 7.85573e-08 7.89795e-07 5.15452e-05 0.000385237 0.000407436 0.00182198 0.997333 
1.46805e-07 1.23977e-05 0.000380171 0.00342526 0.182801 0.0438513 0.674388 0.0490138 0.0295762 0.016552 
1.44814e-09 1.58523e-07 8.59981e-07 5.75926e-06 0.000343242 0.00051916 0.00320964 0.00798714 0.0264077 0.961526 
1.05696e-13 2.76329e-11 6.43867e-10 1.13015e-07 1.17745e-06 7.40058e-05 0.000612862 0.00419142 0.0204751 0.974645 
5.90902e-15 8.15013e-13 1.36206e-11 4.58876e-10 5.68171e-09 4.29037e-08 4.07077e-06 1.96865e-05 0.000476595 0.9995 
4.98833e-08 3.09601e-06 5.25672e-05 0.000308719 0.00153973 0.00556832 0.013836 0.0322058 0.475151 0.471335 
8.87664e-10 1.03833e-07 1.05421e-06 4.42331e-05 0.000164699 0.000202534 0.00116558 0.00165996 0.00618089 0.990581 
5.51399e-13 5.18556e-11 2.5483e-09 1.26026e-08 9.73917e-08 8.36127e-06 4.46016e-05 9.58572e-05 0.000908588 0.998942 
1.50114e-10 2.25049e-08 1.28434e-07 3.3565e-06 8.93895e-05 0.000493245 0.00538527 0.0152781 0.0392448 0.939506 
1.95801e-07 1.37413e-05 0.000391748 0.0020856 0.0110279 0.0261479 0.0503253 0.457788 0.434693 0.0175261 
3.17688e-17 1.02095e-14 2.43482e-12 6.12706e-10 4.21059e-08 8.53358e-06 0.000135647 0.0013874 0.979543 0.0189254 
1.82197e-16 5.55557e-14 1.2159e-11 2.75277e-09 2.29375e-07 4.21178e-05 0.00122369 0.00836984 0.0259964 0.964368 
5.80861e-09 8.38802e-07 3.27008e-06 3.45549e-05 0.000764427 0.0020663 0.00791555 0.0227717 0.913392 0.0530517 
3.35104e-18 4.87212e-16 1.35215e-14 1.97333e-12 2.06431e-10 4.42239e-08 5.76242e-05 0.000634396 0.00588059 0.993427 
1.43679e-10 2.3674e-08 1.81965e-07 2.25539e-06 6.30225e-05 0.000371323 0.00374674 0.0108623 0.0344966 0.950458 
4.46358e-11 6.32628e-09 3.11799e-08 8.20403e-07 8.81063e-05 0.000208083 0.00168597 0.0065962 0.0193723 0.972048 
7.4404e-06 0.000413612 0.001587 0.00293708 0.015446 0.824048 0.0593345 0.0466644 0.0309286 0.0186332 
1.48513e-09 1.89876e-07 1.52122e-06 5.97163e-05 0.00036988 0.00216692 0.464468 0.471415 0.0326116 0.0289067 
3.65106e-11 4.46656e-09 1.07226e-07 1.25911e-05 0.000165817 0.000750625 0.00973903 0.921846 0.0423637 0.0251223 
6.15641e-14 1.92928e-11 4.261e-10 7.78867e-08 7.08163e-07 3.44981e-05 0.000371999 0.00490752 0.0222987 0.972386 
5.12315e-15 3.0946e-13 1.0009e-11 6.44822e-10 3.69783e-08 1.57302e-07 1.58141e-05 5.1611e-05 0.000417971 0.999514 
3.15553e-10 3.65376e-08 3.75134e-07 1.62188e-05 6.16277e-05 8.18665e-05 0.000654164 0.0046976 0.770782 0.223706 
1.38652e-39 9.57017e-36 6.57931e-32 4.18606e-28 5.10271e-24 6.03111e-20 5.37252e-15 2.80715e-10 9.93939e-06 0.99999 
5.25945e-09 8.54181e-07 2.49548e-06 3.1499e-05 0.000561916 0.00204988 0.0069457 0.0166599 0.0359351 0.937813 
1.61932e-08 1.38455e-06 2.29554e-05 0.000118967 0.00110122 0.00466616 0.0577923 0.809095 0.103552 0.0236498 
4.90566e-11 8.22235e-09 4.37465e-08 7.20485e-07 1.97757e-05 0.00127104 0.00902121 0.929851 0.0363303 0.0235058 
2.2321e-09 3.43719e-07 1.10553e-06 2.0051e-05 0.000319324 0.000928723 0.00426793 0.0083346 0.931683 0.0544445 
2.73752e-09 3.62441e-07 2.84059e-06 8.25973e-05 0.000655086 0.00149026 0.00827807 0.0210017 0.0421835 0.926306 
1.11671e-07 5.837e-06 3.19975e-05 0.000174011 0.00202159 0.00675171 0.0120219 0.0169114 0.0241621 0.937919 
1.93344e-17 8.3827e-15 2.39974e-12 5.68771e-10 4.51288e-08 9.64146e-06 8.61682e-05 0.000927745 0.00649936 0.992477 
9.18141e-15 2.66212e-12 6.03925e-11 1.11743e-08 1.30988e-07 6.99703e-06 0.000101102 0.0021881 0.00977784 0.987926 
1.18568e-09 1.11947e-07 5.49205e-07 2.31975e-06 6.06928e-05 0.000240184 0.00261855 0.111802 0.85777 0.0275057 
3.66368e-08 2.59206e-06 2.44589e-05 0.000331945 0.00152151 0.00520486 0.0135427 0.218318 0.436122 0.324932 
7.10099e-17 6.80828e-15 1.26636e-13 9.07571e-13 5.50442e-12 2.42907e-11 2.94293e-06 2.60236e-05 0.000544887 0.999426 
9.87777e-09 1.22346e-06 4.89069e-06 3.95642e-05 0.000792927 0.00278534 0.0107897 0.031411 0.0548131 0.899362 
2.2965e-08 1.84948e-06 1.08977e-05 5.36364e-05 0.000776663 0.00324264 0.00844011 0.01949 0.0438255 0.924159 
2.61225e-09 3.40629e-07 2.37765e-06 8.48098e-05 0.000496348 0.00075442 0.00485017 0.0124687 0.0401614 0.941182 
3.75562e-11 6.7082e-09 1.67027e-08 8.9818e-08 7.41546e-07 5.08957e-06 0.000163298 0.00047791 0.00223479 0.997118 
2.05365e-09 2.94282e-07 2.10089e-06 6.46324e-05 0.000292026 0.00173791 0.0131266 0.908858 0.0462674 0.0296509 
3.24992e-08 2.17063e-06 1.46588e-05 4.83765e-05 0.000946696 0.0042557 0.00992972 0.0240147 0.0401012 0.920687 
3.25398e-08 3.07009e-06 2.39069e-05 0.000336037 0.00209949 0.013395 0.880735 0.0502997 0.0358168 0.0172909 
6.09838e-09 9.31719e-07 3.49125e-06 6.54515e-05 0.00085167 0.00234669 0.00851964 0.883236 0.060503 0.0444732 
6.58952e-09 6.52227e-07 1.14285e-05 6.32642e-05 0.000716329 0.0015688 0.00581492 0.0151032 0.0276491 0.949072 
8.38517e-08 6.85763e-06 0.000238997 0.000728318 0.00680961 0.0270766 0.0484019 0.862919 0.034042 0.0197765 
1.0036e-09 1.18556e-07 1.1847e-06 4.71694e-05 0.000244104 0.00045001 0.00389157 0.010725 0.763165 0.221475 
7.97617e-07 0.000150544 0.000221361 0.00111529 0.00387767 0.00932161 0.897393 0.0419898 0.0308863 0.0150435 
4.25106e-09 6.02449e-07 2.14438e-06 7.16878e-05 0.000351559 0.00228769 0.0107931 0.724898 0.235999 0.0255956 
4.09586e-17 1.04103e-14 1.8772e-12 4.72015e-10 3.02628e-08 5.93872e-06 5.04134e-05 0.000486201 0.00324847 0.996209 
1.80964e-23 1.72262e-20 1.92419e-17 3.57945e-15 8.00276e-13 5.96324e-11 3.41112e-05 0.000180892 0.00218584 0.997599 
8.0287e-10 1.37568e-07 2.80301e-07 2.30602e-06 1.34195e-05 0.000410268 0.000867837 0.00397894 0.0113034 0.983423 
5.79878e-09 9.20646e-07 3.55033e-06 7.70272e-05 0.000668518 0.00239926 0.0116428 0.0371836 0.901292 0.0467325 
1.30045e-09 1.73078e-07 1.26614e-06 4.57997e-05 0.000207919 0.000464781 0.00305216 0.00681825 0.959839 0.0295704 
6.2747e-09 9.76385e-07 3.05601e-06 3.82958e-05 0.0006155 0.00199551 0.00628367 0.0200967 0.929444 0.0415227 
1.88243e-17 7.97196e-15 2.24136e-12 5.30908e-10 4.19638e-08 8.98666e-06 2.57306e-05 0.000511439 0.00301722 0.996437 
1.11842e-11 1.81495e-09 1.79678e-08 1.1626e-07 8.19763e-07 2.66357e-05 0.000302285 0.000970555 0.00646491 0.992235 
1.8494e-05 0.00100241 0.00546822 0.509331 0.197649 0.176977 0.0142513 0.00640211 0.006034 0.0828672 
3.67184e-09 6.4386e-07 1.2051e-06 9.97037e-06 9.68025e-05 0.00133857 0.00517842 0.00900781 0.948028 0.0363385 
1.25518e-08 1.09132e-06 2.50577e-05 8.63455e-05 0.000517017 0.00161187 0.00703559 0.0250836 0.920975 0.0446644 
1.52181e-08 1.26794e-06 2.66448e-05 0.000296192 0.000936733 0.0039373 0.0129512 0.0363923 0.89796 0.0474981 
2.48746e-11 3.80516e-09 1.33848e-08 4.43561e-07 3.91108e-05 0.000114021 0.00115779 0.00433943 0.0170767 0.977273 
5.08497e-15 6.42975e-13 2.30329e-12 4.97543e-11 9.44684e-10 4.85118e-09 1.11569e-06 3.26737e-06 4.6318e-05 0.999949 
2.6421e-08 2.06705e-06 1.53213e-05 0.000386097 0.0032945 0.0178484 0.836871 0.0670572 0.0473404 0.0271849 
1.90719e-09 2.95426e-07 9.25458e-07 1.12313e-05 0.000199121 0.000730296 0.00218782 0.00329186 0.0102495 0.983329 
3.98958e-06 0.000277209 0.00219657 0.0143756 0.0486368 0.83124 0.0412603 0.0250621 0.0179061 0.019041 
7.7967e-12 5.27644e-10 2.03144e-08 2.4676e-06 0.000130946 0.000654606 0.0676006 0.00885752 0.600585 0.322169 
4.81294e-08 3.45368e-06 7.98613e-05 0.000438163 0.00208487 0.00584945 0.0175034 0.0497232 0.0716637 0.852654 
4.60024e-11 6.2625e-09 7.36161e-08 1.61116e-06 0.000114055 0.00030636 0.00369214 0.0172259 0.0447565 0.933903 
4.07587e-12 2.09771e-10 3.26123e-09 1.18493e-07 2.72226e-05 6.57756e-05 0.00043971 0.00406754 0.019292 0.976108 
7.0926e-09 5.73269e-07 1.14722e-05 0.000115635 0.000784992 0.0263174 0.0640998 0.0445601 0.106957 0.757153 
1.17493e-08 9.33576e-07 5.64716e-06 8.24663e-05 0.000353962 0.00166822 0.00471584 0.0107514 0.936098 0.0463239 
5.52924e-08 3.93333e-06 5.97417e-05 0.000637758 0.00215022 0.0101662 0.306177 0.327724 0.0378545 0.315227 
1.21978e-07 9.45135e-06 0.000444067 0.00192749 0.00577382 0.0157426 0.682325 0.136975 0.140179 0.016623 
7.15286e-14 7.03611e-12 2.1881e-10 3.02913e-08 4.7884e-07 2.89542e-05 0.000126106 0.000968489 0.00811436 0.990762 
3.55486e-09 6.09829e-07 2.00001e-06 1.1019e-05 0.000185497 0.00126049 0.00588437 0.0135044 0.936846 0.0423053 
1.40188e-31 3.33568e-28 7.68726e-24 3.2278e-21 5.21213e-17 1.63883e-13 1.03439e-08 2.96047e-05 0.000686605 0.999284 
1.65053e-10 1.66767e-08 1.45665e-07 6.75519e-06 6.00171e-05 0.000137585 0.0011066 0.00317995 0.00836599 0.987143 
2.06435e-11 3.81765e-09 7.12036e-09 2.58876e-07 2.48293e-06 0.000116843 0.00199947 0.0207347 0.961437 0.0157089 
3.08657e-09 4.43714e-07 6.77352e-06 0.000235988 0.000511164 0.00303967 0.162808 0.17432 0.525709 0.13337 
1.43368e-11 2.37927e-09 1.29191e-08 6.38157e-08 9.55271e-07 1.64053e-05 0.000259397 0.00162185 0.00899873 0.989103 
2.20016e-06 0.000417415 0.00041273 0.00449834 0.0178255 0.0446053 0.840948 0.0396994 0.0265854 0.0250054 
3.23938e-10 4.52825e-08 2.98101e-07 1.05553e-05 4.56864e-05 0.000126486 0.00125536 0.00506425 0.0204273 0.97307 
3.37345e-10 3.87288e-08 2.946e-07 6.60261e-06 0.000169892 0.000293768 0.00286624 0.00801481 0.0375514 0.951097 
4.72429e-09 7.80473e-07 2.49002e-06 1.9542e-05 0.000606266 0.0016236 0.00840762 0.0276942 0.91594 0.0457055 
4.55254e-09 6.50351e-07 3.19185e-06 9.51318e-05 0.000605465 0.0013255 0.00385185 0.00963143 0.947047 0.0374401 
2.83462e-07 2.22776e-05 0.000210932 0.00299853 0.00862766 0.0127362 0.0194958 0.0287866 0.903995 0.0231267 
1.62983e-09 1.50174e-07 4.25303e-06 0.000426765 0.00945231 0.858152 0.0510132 0.034308 0.0265143 0.0201291 
1.19032e-09 1.42208e-07 1.36939e-06 5.76332e-05 0.000515153 0.00185089 0.0110098 0.031677 0.912721 0.0421665 
9.80861e-14 1.61653e-11 9.19748e-11 3.58133e-10 9.50713e-09 1.29244e-06 3.77287e-05 0.000391854 0.00418485 0.995384 
5.09209e-09 6.45896e-07 3.27594e-06 5.77319e-05 0.000680751 0.00200443 0.00973408 0.0276358 0.919883 0.0400001 
1.51639e-08 1.10214e-06 8.89853e-06 4.47334e-05 0.000874309 0.00284224 0.00938539 0.0248352 0.0472487 0.914759 
0.00100807 0.0180054 0.102296 0.524234 0.267014 0.0531644 0.0203978 0.0104931 0.00243783 0.000950486 
1.51399e-07 1.27942e-05 0.000122688 0.00133313 0.00535518 0.0168829 0.0245611 0.0379764 0.880003 0.0337526 
0 0 0 0 0 0 0 0 2.07126e-21 1 
5.29756e-11 7.75694e-09 4.77907e-08 1.72599e-06 6.47183e-06 8.30529e-05 0.000626415 0.940836 0.0362484 0.022198 
1.99309e-10 3.46738e-08 8.82834e-08 4.23507e-07 3.22323e-06 0.000124991 0.000508835 0.00208339 0.0074419 0.989837 
4.58087e-09 7.08815e-07 2.15239e-06 3.36014e-05 0.000527347 0.00212524 0.00777202 0.0214724 0.929753 0.0383131 
3.42889e-10 3.94574e-08 4.15045e-07 1.81256e-05 6.49577e-05 0.000134383 0.0013531 0.00565213 0.969797 0.0229799 
3.35346e-09 2.57467e-07 2.99778e-06 0.000251067 0.00114156 0.00401265 0.0133542 0.0365389 0.910565 0.0341332 
7.74617e-10 9.94939e-08 8.27855e-07 3.09103e-05 0.000207197 0.000492278 0.00409641 0.010926 0.0330704 0.951176 
7.3598e-10 6.34923e-08 4.20009e-06 0.00012671 0.000539553 0.0197524 0.033775 0.682998 0.121441 0.141363 
7.76181e-09 9.53518e-07 4.90937e-06 0.000103987 0.00149331 0.010433 0.415636 0.535381 0.0238771 0.0130699 
1.53833e-11 8.48237e-10 1.48174e-08 1.01312e-06 0.000112183 0.00160898 0.00818743 0.924274 0.040099 0.0257173 
1.30397e-09 1.60884e-07 6.32549e-07 4.45622e-06 0.000233042 0.000541615 0.00356559 0.0103223 0.0307505 0.954582 
4.14788e-08 4.40769e-06 3.81787e-05 0.00217459 0.0185278 0.795316 0.0569558 0.0577596 0.0398946 0.0293291 
9.62155e-08 6.69595e-06 4.82364e-05 0.000774673 0.00300957 0.0125675 0.0190021 0.861539 0.0648554 0.0381967 
1.44549e-05 0.000531169 0.00418166 0.164476 0.0950229 0.0698696 0.278532 0.245257 0.116919 0.0251963 
1.9377e-09 2.37879e-07 2.04401e-06 7.82631e-05 0.00046107 0.000743595 0.00607299 0.0181622 0.927489 0.0469902 
5.20069e-12 1.10032e-09 6.90172e-08 1.04726e-05 6.46033e-05 0.000308133 0.00190274 0.00800885 0.0250519 0.964653 
3.4338e-08 2.55466e-06 4.76027e-05 0.000245809 0.00131607 0.00561991 0.0177189 0.0512866 0.879025 0.0447378 
4.07035e-13 2.1416e-11 3.59168e-10 1.70527e-08 2.80613e-06 2.80802e-05 0.000301025 0.00316069 0.0169081 0.979599 
4.06485e-08 4.02339e-06 5.48802e-05 0.000519506 0.00452887 0.0193955 0.0404854 0.859467 0.0497126 0.0258321 
1.9021e-06 0.000357445 0.000460262 0.00236774 0.0228327 0.815768 0.059186 0.0482552 0.032951 0.0178192 
5.35036e-10 5.54062e-08 5.05652e-07 2.89086e-05 0.000192371 0.000543002 0.00484335 0.0162275 0.939931 0.0382332 
8.17414e-11 1.31761e-08 5.1442e-08 9.13472e-07 8.13634e-05 0.000227598 0.00228046 0.00598509 0.482405 0.509019 
5.36967e-09 8.45801e-07 2.94739e-06 1.70704e-05 0.000640822 0.00143248 0.00812634 0.0189924 0.0365834 0.934204 
7.76667e-12 4.4353e-10 1.20182e-08 4.66079e-07 5.9792e-05 0.000185259 0.00148564 0.00685141 0.490947 0.500471 
2.64766e-12 3.82603e-10 2.63499e-08 1.06602e-06 3.25894e-05 0.00244532 0.0125337 0.0368021 0.927869 0.0203164 
2.39856e-08 1.47966e-06 3.24608e-05 0.000436246 0.00267651 0.164305 0.0254886 0.763385 0.0309641 0.012711 
1.27101e-16 1.98498e-14 1.51225e-12 3.77262e-10 1.29589e-08 1.38749e-06 3.453e-05 0.000488297 0.00238939 0.997086 
5.40444e-06 0.000463012 0.00700029 0.25315 0.462507 0.174541 0.0693498 0.015907 0.00969566 0.00738077 
6.5433e-15 2.02351e-12 4.78625e-11 8.85845e-09 1.44945e-07 1.54212e-05 0.000531703 0.00531415 0.0200872 0.974051 
2.72657e-17 5.0842e-15 8.28504e-13 1.88656e-10 1.4716e-08 3.13831e-06 1.3475e-05 0.000266802 0.000991691 0.998725 
2.62894e-14 7.41167e-12 1.70478e-10 3.09779e-08 3.61282e-07 3.03053e-05 0.000256013 0.002917 0.01597 0.980826 
3.4103e-06 0.000204409 0.00129441 0.00405243 0.0159172 0.160101 0.765088 0.0243799 0.0155555 0.0134032 
3.00784e-08 3.06504e-06 3.25265e-05 0.000947848 0.00164181 0.00555724 0.0155337 0.28628 0.655412 0.0345921 
3.63271e-09 5.34031e-07 1.87095e-06 2.78242e-05 0.000677279 0.00493667 0.0167421 0.0408252 0.904752 0.0320365 
1.55291e-12 9.94523e-11 2.24217e-09 2.20216e-07 1.04625e-05 5.7363e-05 0.000536382 0.00338492 0.0132451 0.982766 
6.5122e-08 5.46392e-06 0.000104677 0.000455788 0.00330263 0.0110091 0.0161049 0.0344145 0.0480245 0.886578 
1.78823e-12 9.00952e-11 1.3775e-09 4.07681e-08 1.17749e-05 7.61581e-07 8.71715e-05 0.000502143 0.00343179 0.995966 
1.03528e-12 7.18024e-11 1.26958e-09 1.17784e-07 7.27452e-06 6.34953e-05 0.000549666 0.00317484 0.0161941 0.98001 
0.000283549 0.00830601 0.26891 0.304329 0.370901 0.045495 0.00158543 0.000186808 2.15944e-06 3.92472e-07 
5.24182e-28 1.1927e-24 2.55461e-20 5.5552e-18 1.0855e-14 1.74744e-12 5.23036e-07 1.40106e-05 0.000741035 0.999244 
4.53377e-11 7.16951e-09 4.88566e-08 3.63097e-07 6.30973e-06 0.000101604 0.000686204 0.00382337 0.0204994 0.974883 
0.000223538 0.00595337 0.195137 0.765643 0.0240818 0.00679989 0.00183114 0.000292713 3.43531e-05 2.99251e-06 
2.30503e-10 3.94935e-08 3.78557e-07 1.15347e-05 0.000157487 0.00171307 0.0144523 0.889187 0.0522007 0.0422771 
8.4741e-14 1.48239e-11 9.80072e-11 9.67346e-09 2.12011e-07 1.56092e-05 0.00199403 0.0136341 0.968439 0.015917 
1.90872e-17 8.90566e-15 2.6502e-12 6.35293e-10 4.94775e-08 1.05024e-05 5.94296e-05 0.000424596 0.00372649 0.995779 
1.97399e-06 0.000373424 0.00102986 0.00414467 0.0279957 0.837578 0.0616569 0.0373515 0.0172451 0.0126228 
1.13098e-10 2.02189e-08 4.99686e-08 2.2124e-07 1.7714e-06 2.82937e-05 0.000427539 0.00374552 0.979779 0.0160171 
4.73352e-07 3.00255e-05 0.000367347 0.0041488 0.0106639 0.0148954 0.0208303 0.0271989 0.899817 0.0220476 
2.55521e-09 3.2497e-07 2.69674e-06 6.649e-05 0.000428709 0.000808265 0.00378041 0.00883183 0.0195569 0.966524 
0.000455113 0.00849856 0.048711 0.782416 0.0447303 0.0317319 0.0281431 0.0226003 0.0158183 0.0168955 
1.37772e-08 1.55341e-06 1.85328e-05 0.000198325 0.00112069 0.00563221 0.910395 0.0312438 0.0291388 0.0222508 
7.04687e-08 6.39738e-06 0.000122249 0.000434382 0.00318214 0.00971834 0.0171276 0.0355514 0.0457732 0.888084 
1.74166e-05 0.000960475 0.00337649 0.00963027 0.0215225 0.88819 0.0431496 0.021522 0.00947777 0.0021537 
1.53955e-09 1.98508e-07 1.76953e-06 4.73247e-05 0.000443952 0.00108785 0.0105513 0.0331845 0.91249 0.0421932 
1.24357e-09 1.39205e-07 1.1958e-06 3.45658e-05 0.000248664 0.00072668 0.00624185 0.36245 0.0446481 0.585649 
1.84227e-16 6.55115e-14 1.5667e-11 3.72423e-09 2.85141e-07 5.98493e-05 0.000517293 0.938345 0.0343508 0.0267264 
3.98678e-07 5.68045e-05 0.000452142 0.00219584 0.0101248 0.0573148 0.19638 0.707555 0.0207255 0.0051949 
1.30909e-06 0.000247615 0.000362142 0.00126403 0.00562357 0.0177943 0.21959 0.69635 0.0359479 0.0228192 
4.30084e-09 6.69383e-07 3.14466e-06 8.60666e-05 0.000403206 0.00109857 0.00560379 0.00951265 0.0226637 0.960628 
5.02648e-10 6.09958e-08 5.62898e-07 2.32142e-05 0.000107689 0.000224621 0.00179189 0.0106718 0.953072 0.0341077 
1.07943e-11 5.88995e-10 9.11007e-09 3.97288e-07 7.07176e-05 7.63244e-05 0.00280915 0.0181403 0.950036 0.0288675 
2.79742e-08 2.79455e-06 1.46124e-05 7.62056e-05 0.00143682 0.00628842 0.0117817 0.0305025 0.0582268 0.89167 
4.17459e-11 6.00567e-09 3.88916e-08 1.30994e-06 1.52932e-05 6.48572e-05 0.000950551 0.00335485 0.972494 0.0231194 
6.56631e-11 1.16916e-08 4.51688e-08 8.5035e-07 6.06942e-06 0.000823894 0.00510771 0.0227893 0.947292 0.02398 
5.03004e-09 8.08206e-07 2.06881e-06 1.3232e-05 0.000428318 0.00156661 0.00431485 0.00886608 0.0301099 0.954698 
1.03191e-07 7.11502e-06 5.44387e-05 0.000824144 0.00526942 0.023858 0.0478052 0.868855 0.0362954 0.0170309 
1.15907e-16 4.55059e-14 1.3035e-11 3.12149e-09 2.50946e-07 5.15987e-05 0.000319249 0.00670081 0.975168 0.0177599 
1.23088e-09 1.80256e-07 6.69642e-07 8.62386e-06 0.000232169 0.00170476 0.00748681 0.533128 0.329854 0.127585 
3.20435e-09 4.61634e-07 2.23543e-06 4.29886e-05 0.00046031 0.00147041 0.00680509 0.0221859 0.0490826 0.91995 
1.32439e-06 0.000246306 0.000296656 0.00208454 0.00923525 0.0295062 0.693885 0.217622 0.0274507 0.0196713 
5.84671e-11 1.04337e-08 2.57386e-08 1.31669e-07 2.92008e-06 4.50671e-05 0.000357272 0.00260358 0.0114571 0.985534 
6.72057e-12 3.40449e-10 5.223e-09 1.64544e-07 4.43498e-05 7.23858e-06 6.22688e-05 0.000449791 0.000984365 0.998452 
4.39119e-09 5.14892e-07 5.95097e-06 8.56392e-05 0.000794364 0.028734 0.0884052 0.182367 0.453909 0.245699 
3.58705e-09 6.09037e-07 1.51668e-06 1.7286e-05 0.000198005 0.00110183 0.004281 0.0103957 0.0240246 0.959979 
2.09785e-09 3.09582e-07 2.22579e-06 6.54678e-05 0.000277385 0.00107962 0.00995739 0.0295508 0.915428 0.0436385 
5.22826e-16 1.76132e-13 1.35246e-11 3.03917e-09 2.02258e-07 4.24417e-05 0.000140398 0.00119429 0.00908767 0.989535 
4.61747e-08 2.86976e-06 5.98517e-05 0.000181715 0.00121249 0.00355753 0.00852658 0.024743 0.916358 0.045358 
6.86229e-08 9.74532e-06 5.54188e-05 0.000277886 0.00172054 0.0236467 0.284874 0.194924 0.30285 0.191643 
1.25202e-11 1.13691e-09 7.83157e-09 2.3744e-07 5.81432e-05 1.38989e-05 0.000462081 0.000615041 0.00268005 0.996171 
2.75147e-06 0.000498868 0.000856394 0.00230007 0.0196969 0.238229 0.686709 0.0325313 0.0115562 0.00761916 
3.30464e-08 2.75378e-06 6.42492e-05 0.000378824 0.00244899 0.0119856 0.668521 0.245427 0.0464682 0.0247038 
1.08491e-10 1.83261e-08 7.36191e-08 1.01222e-06 5.68979e-05 0.000192948 0.00146949 0.00264492 0.0067932 0.988841 
4.01121e-07 6.67907e-05 0.000157305 0.0010154 0.068141 0.22009 0.513437 0.155849 0.0238799 0.0173625 
1.56905e-05 0.00100953 0.00643647 0.038462 0.77393 0.0705586 0.0436613 0.0304055 0.0191726 0.0163482 
1.34585e-11 2.20716e-09 1.2699e-08 4.01471e-08 6.41131e-07 8.44684e-05 0.00140484 0.950689 0.0280879 0.0197333 
4.54827e-08 5.54507e-06 5.95749e-05 0.000187426 0.00127138 0.00839482 0.0151505 0.0380705 0.0474054 0.889455 
3.02864e-16 4.08165e-14 9.44479e-13 2.19879e-11 3.14137e-10 1.76128e-09 3.28953e-08 3.4892e-06 2.35079e-06 0.999994 
9.0209e-11 1.5769e-08 7.2331e-08 9.81857e-07 1.65828e-05 0.000240814 0.00215393 0.00475427 0.202879 0.789955 
2.01199e-09 2.18424e-07 1.87801e-06 4.20966e-05 0.000422431 0.000750513 0.00575832 0.0165514 0.0361356 0.940338 
2.30176e-26 2.56011e-23 1.51002e-19 3.31733e-17 6.4251e-14 8.52999e-12 1.03141e-05 2.79712e-05 0.000930192 0.999032 
2.4125e-05 0.00162908 0.0069437 0.569479 0.0808954 0.294131 0.0295633 0.00960194 0.00614571 0.00158666 
1.80294e-08 1.02186e-06 1.12618e-05 0.000100626 0.000942059 0.0054747 0.450184 0.25557 0.043987 0.24373 
3.66332e-11 4.80169e-09 2.36765e-08 7.45807e-07 9.52288e-05 0.000156557 0.001561 0.00628537 0.0267163 0.965185 
1.97434e-10 2.02795e-08 1.8419e-07 1.09236e-06 8.11295e-05 0.000260427 0.0013135 0.00388129 0.00664209 0.98782 
2.88068e-09 4.62566e-07 1.25171e-06 2.2544e-05 0.000243841 0.00100848 0.00241361 0.0356494 0.760425 0.200235 
2.89511e-09 3.56096e-07 2.26194e-06 5.37867e-05 0.000664339 0.000940355 0.0063869 0.0166055 0.0323052 0.943041 
9.40092e-13 5.49007e-11 1.02437e-09 5.08316e-08 5.75692e-06 3.02309e-05 0.000253627 0.00181697 0.245388 0.752505 
3.67606e-27 3.5128e-24 4.1938e-21 8.23673e-19 8.64414e-16 1.70805e-13 1.68309e-07 2.74797e-07 3.5982e-05 0.999964 
2.53401e-14 4.26659e-12 1.35089e-11 1.31274e-10 1.97109e-09 1.22838e-08 2.99079e-06 6.29463e-05 0.00130289 0.998631 
1.36986e-11 8.83624e-10 1.60766e-08 5.01055e-07 8.49851e-05 0.000169072 0.00283944 0.0136628 0.0362207 0.947022 
2.57715e-08 1.82226e-06 3.51914e-05 0.000187744 0.000936183 0.302751 0.0213154 0.477876 0.182063 0.0148327 
7.55748e-05 0.0019223 0.0117234 0.0224971 0.0591366 0.0756652 0.803524 0.0177274 0.00569746 0.00203114 
7.03212e-17 3.32289e-14 1.00898e-11 2.39336e-09 1.90914e-07 4.08185e-05 0.000285153 0.96621 0.0157203 0.0177434 
5.39812e-09 7.46674e-07 3.36843e-06 5.01672e-05 0.00119172 0.00621942 0.0229257 0.878285 0.0576568 0.0336671 
4.3894e-11 5.77887e-09 6.00292e-08 7.09156e-07 5.00457e-05 9.05518e-05 0.000949825 0.00529694 0.691365 0.302247 
6.22048e-08 5.64621e-06 9.02019e-05 0.000701339 0.00211926 0.00627083 0.0690594 0.0171487 0.70506 0.199544 
3.24936e-06 0.000180744 0.0018404 0.00603863 0.0149713 0.024577 0.862268 0.0532978 0.031324 0.00549904 
1.25733e-07 8.97425e-06 0.00044424 0.00638277 0.0259739 0.462238 0.449066 0.0235588 0.0183162 0.0140108 
1.47469e-10 2.39353e-08 9.37221e-08 1.76039e-06 6.31367e-05 0.000193714 0.00203327 0.482031 0.497613 0.0180639 
2.33316e-12 5.79421e-10 4.43555e-08 5.99394e-06 3.96953e-05 0.000579914 0.00486649 0.0205911 0.95465 0.019267 
6.40427e-09 9.17364e-07 5.82772e-06 9.60406e-05 0.00053913 0.00211458 0.0128545 0.908827 0.0428724 0.0326896 
4.56103e-09 6.64178e-07 3.30737e-06 9.18276e-05 0.000367369 0.00150033 0.00915001 0.12665 0.58819 0.274046 
2.99388e-07 4.78964e-05 0.000504205 0.00237159 0.0197142 0.214173 0.239568 0.450857 0.069252 0.00351101 
4.80243e-07 2.69009e-05 0.000210776 0.00182469 0.00652955 0.0172418 0.0288681 0.038813 0.877183 0.0293017 
9.12823e-09 1.27105e-06 7.37092e-06 0.000212013 0.00115201 0.00254592 0.00973942 0.0266764 0.911725 0.047941 
3.42736e-11 6.34545e-09 1.12803e-08 3.32052e-07 2.05168e-06 8.06486e-05 0.000877269 0.00105418 0.00199111 0.995994 
5.96544e-09 9.42139e-07 2.92826e-06 4.58273e-05 0.000687611 0.00251139 0.00877972 0.027582 0.901062 0.0593273 
1.61829e-10 2.72966e-08 8.77711e-08 1.0799e-06 8.08207e-05 0.00016168 0.00225718 0.00625146 0.0233055 0.967942 
9.60883e-09 1.17739e-06 6.45689e-06 0.000112314 0.00075579 0.00342768 0.0167504 0.884912 0.0555427 0.0384915 
1.60835e-05 0.00105415 0.00275289 0.00834173 0.0216204 0.0334059 0.0500966 0.0390111 0.832578 0.0111233 
1.13501e-08 9.62186e-07 1.59609e-05 0.000125901 0.00109958 0.0432197 0.326795 0.288349 0.326672 0.0137223 
8.59654e-14 1.18367e-11 2.71374e-10 3.29483e-08 7.96362e-07 5.98951e-05 0.00144751 0.00997192 0.0294529 0.959067 
1.52977e-06 0.000226614 0.00190732 0.00343474 0.0142306 0.0360814 0.0563458 0.856999 0.0234622 0.00731088 
9.17315e-10 1.35871e-07 5.74663e-07 2.10171e-05 0.000159801 0.000475113 0.00423105 0.0197018 0.952741 0.022669 
3.33723e-14 1.04504e-11 2.30319e-10 4.20893e-08 3.78969e-07 1.90477e-05 0.000139732 0.00123878 0.00539196 0.99321 
1.15167e-06 0.00021397 0.000443159 0.0014428 0.00974067 0.0370947 0.0730428 0.820396 0.0320483 0.0255763 
1.80408e-11 2.96014e-09 2.90852e-08 7.1985e-08 8.43063e-07 7.72795e-05 0.000725709 0.00705017 0.969572 0.022574 
1.38737e-09 2.01854e-07 8.11593e-07 6.50235e-05 0.000699049 0.00639562 0.0225431 0.899187 0.044347 0.0267619 
1.15115e-09 1.59931e-07 1.05825e-06 3.77997e-05 0.000223973 0.000381348 0.00383587 0.00996054 0.0332064 0.952353 
1.23347e-06 0.000214586 0.000427361 0.00258055 0.0101006 0.0222326 0.0281889 0.845159 0.0594986 0.0315968 
3.14579e-09 4.51904e-07 2.17668e-06 6.05159e-05 0.000389166 0.000980474 0.00328144 0.00518213 0.0198332 0.97027 
1.32638e-09 2.07301e-07 9.07197e-07 2.56214e-05 0.00042269 0.00297083 0.147173 0.783523 0.0570979 0.00878547 
4.51786e-11 6.17022e-09 3.3991e-08 9.33769e-07 9.97765e-05 0.000208626 0.00198896 0.0121421 0.0392698 0.94629 
9.03219e-10 1.09727e-07 1.03069e-06 4.62218e-05 0.000162743 0.000183501 0.00115635 0.00143483 0.00408795 0.992927 
9.10469e-10 1.09629e-07 1.0623e-06 4.36753e-05 0.000162686 0.00035633 0.00255493 0.00421649 0.0101874 0.982477 
1.52417e-06 0.000706899 0.150493 0.0111579 0.0776649 0.488636 0.157738 0.0776518 0.0206515 0.015298 
5.55225e-08 3.91209e-06 8.90243e-05 0.000309386 0.0015654 0.00577016 0.00810527 0.0167629 0.0353986 0.931995 
2.32131e-21 2.55265e-18 9.19159e-16 1.71736e-13 1.66164e-11 2.77079e-09 6.71746e-05 0.000756328 0.333962 0.665215 
5.30862e-11 9.01497e-09 5.2038e-08 6.47927e-07 1.24981e-05 0.000342964 0.00472761 0.0163053 0.946131 0.0324796 
2.52627e-09 2.79544e-07 2.30259e-06 6.59549e-05 0.000603319 0.00137533 0.0096031 0.0280171 0.0482978 0.912035 
3.45676e-09 4.49778e-07 3.3065e-06 0.00012045 0.000705659 0.0035361 0.0141325 0.0340925 0.917109 0.0303 
4.29663e-11 7.5551e-09 2.72537e-08 5.22918e-07 9.87333e-06 0.000173603 0.00145371 0.00401041 0.0176061 0.976746 
1.58899e-12 1.25708e-10 5.38983e-09 2.36655e-07 7.50795e-06 0.000174491 0.00113258 0.00604874 0.0279512 0.964685 
5.58781e-08 4.64387e-06 0.000211079 0.000273254 0.0027464 0.0130086 0.0339141 0.0570251 0.865573 0.0272441 
1.90316e-08 1.54161e-06 9.82103e-06 9.26746e-05 0.000903749 0.00423227 0.00759128 0.0937439 0.490053 0.403372 
2.02416e-13 3.65175e-11 1.7046e-10 3.31166e-09 1.39626e-07 6.21189e-07 5.65695e-06 4.02592e-05 0.000746809 0.999207 
1.3534e-10 2.01959e-08 3.04502e-07 5.55554e-06 6.29729e-05 0.000598077 0.00575541 0.0167584 0.0421393 0.93468 
3.54934e-06 0.000212419 0.00140254 0.00207938 0.00991313 0.7345 0.0286066 0.0212387 0.191892 0.0101512 
1.17885e-09 1.38301e-07 1.35091e-06 5.74017e-05 0.000221372 0.000276704 0.00140952 0.00188799 0.00623948 0.989906 
8.82224e-08 1.50986e-05 3.06618e-05 0.000166992 0.000912457 0.00615267 0.0557812 0.398396 0.11612 0.422425 
8.75131e-10 1.10779e-07 9.47864e-07 3.67201e-05 0.000137853 0.000187206 0.00136994 0.00222068 0.00672448 0.989322 
6.9337e-09 8.64093e-07 5.09118e-06 6.38448e-05 0.00158397 0.0044631 0.0124295 0.0275273 0.0307581 0.923168 
2.39804e-11 4.22531e-09 1.45693e-08 7.90276e-08 6.69534e-07 1.99044e-05 0.000180062 0.000871262 0.00279579 0.996132 
3.39775e-08 2.47422e-06 4.76642e-05 0.000253137 0.00124952 0.0035766 0.00976595 0.0224384 0.032173 0.930493 
4.15838e-19 8.56372e-17 4.79526e-15 1.08159e-12 4.56222e-11 8.11087e-09 1.34408e-07 4.88318e-05 0.000140142 0.999811 
2.24245e-09 3.55259e-07 1.02711e-06 1.60363e-05 0.000204108 0.000803516 0.00150331 0.00310123 0.488911 0.50546 
3.56761e-24 3.40684e-21 4.13575e-18 7.83277e-16 3.18138e-13 3.58776e-11 3.88503e-05 0.000156342 0.0026461 0.997159 
7.62779e-08 4.47328e-06 3.52262e-05 0.000179272 0.00189773 0.0075735 0.0137008 0.0316511 0.89629 0.0486681 
9.20854e-12 4.66201e-10 7.22699e-09 2.33806e-07 6.07319e-05 2.5033e-05 0.000260397 0.00157316 0.00687512 0.991205 
3.03657e-10 4.35789e-08 5.90888e-07 3.11789e-06 0.000199766 0.00039845 0.00560329 0.0153754 0.0314531 0.946966 
1.63826e-08 1.35539e-06 8.0915e-05 3.17979e-05 0.00073668 0.00264267 0.00915962 0.480444 0.492306 0.0145977 
4.03934e-08 2.58623e-06 6.20807e-05 0.000193254 0.00145512 0.00341018 0.00909827 0.019396 0.0264304 0.939952 
7.68633e-09 8.6154e-07 1.27808e-05 0.000104378 0.000634332 0.00128346 0.0064742 0.016481 0.0317602 0.943249 
8.72515e-25 7.31317e-22 2.26905e-19 4.55197e-17 1.38587e-14 2.24969e-12 2.24839e-09 1.69797e-05 0.000620166 0.999363 
0.000130076 0.00317406 0.0189298 0.21167 0.713914 0.0284801 0.0133927 0.00568248 0.00265484 0.00197176 
7.34189e-08 6.33174e-06 0.000338728 0.00103469 0.00433886 0.00959581 0.0236354 0.0402466 0.88519 0.0356133 
9.61255e-10 1.051e-07 5.76078e-07 1.05602e-05 0.000241914 0.000311012 0.00265294 0.00772575 0.0265348 0.962522 
1.09617e-06 0.000211268 0.000131263 0.00125933 0.616639 0.269506 0.0386651 0.0339506 0.025267 0.0143701 
4.04402e-10 5.05697e-08 4.74012e-07 1.70393e-05 7.41365e-05 0.000241747 0.00205304 0.00605455 0.0232935 0.968265 
3.63802e-09 5.58819e-07 1.75666e-06 2.73503e-05 0.000415535 0.00137681 0.00280878 0.0040653 0.0106902 0.980614 
1.88016e-06 0.00035454 8.24972e-05 0.00145547 0.00525799 0.0166863 0.0277253 0.0421393 0.878055 0.0282416 
1.26423e-12 1.33018e-10 3.25412e-09 6.96934e-08 1.35118e-06 0.000248016 0.00634459 0.963327 0.0193875 0.0106914 
2.48439e-09 3.54655e-07 2.12969e-06 5.45734e-05 0.000349782 0.00204686 0.0101258 0.890142 0.0498046 0.0474743 
1.80842e-07 3.37747e-05 9.42078e-05 0.000216606 0.00163621 0.00504183 0.157623 0.0304611 0.25462 0.550273 
1.37792e-08 2.38437e-06 6.81143e-06 6.37045e-05 0.00193525 0.000868799 0.00920054 0.0926207 0.494282 0.40102 
8.50589e-08 1.11427e-05 6.01245e-05 0.000587316 0.0137229 0.0930766 0.0736296 0.323279 0.428462 0.0671705 
9.39966e-08 5.23983e-06 9.40712e-05 0.000471303 0.00515541 0.0251329 0.830876 0.0624227 0.0499523 0.0258904 
7.89103e-11 9.50907e-09 8.43597e-08 3.29366e-06 1.53772e-05 8.69266e-05 0.000449978 0.0033912 0.0147051 0.981348 
6.76597e-08 5.86039e-06 0.000254499 0.000640387 0.0154159 0.0500748 0.833227 0.0426039 0.0305788 0.0271984 
2.93115e-07 1.85232e-05 0.00023784 0.002596 0.00919565 0.270817 0.116482 0.258211 0.3282 0.0142421 
2.11777e-09 3.0657e-07 1.84001e-06 4.18777e-05 0.000288556 0.00110967 0.00606077 0.0165451 0.925681 0.0502713 
1.16699e-10 1.70855e-08 1.00937e-07 3.07593e-06 2.75706e-05 0.00014161 0.00181189 0.00924475 0.960956 0.0278145 
6.47114e-09 1.04893e-06 3.21804e-06 3.77705e-05 0.000584898 0.00310303 0.016604 0.890408 0.0509858 0.0382722 
5.11762e-09 8.42279e-07 2.68171e-06 3.83056e-05 0.00025474 0.00199916 0.00825148 0.110397 0.514814 0.364242 
5.89905e-09 9.17115e-07 2.77447e-06 3.11273e-05 0.000593646 0.00195359 0.00478492 0.00782493 0.0153149 0.969493 
5.11579e-10 7.8937e-08 1.78224e-07 5.52978e-06 0.000238347 0.00522166 0.0567058 0.262194 0.32985 0.345784 
2.04701e-12 3.46616e-10 1.06643e-09 8.00484e-09 2.11604e-07 1.21472e-06 1.88769e-05 0.000249597 0.341975 0.657755 
2.28176e-06 0.000421072 0.000628376 0.00236451 0.00918006 0.0282548 0.0532901 0.845077 0.0424192 0.018363 
7.50878e-12 3.94876e-10 6.18683e-09 2.54185e-07 4.99371e-05 6.87743e-05 0.0014278 0.0073742 0.960584 0.0304948 
2.66036e-10 3.61291e-08 2.74626e-07 9.23081e-06 3.57149e-05 8.94695e-05 0.00129044 0.00340457 0.0131849 0.981985 
4.06843e-13 2.15957e-11 4.23038e-10 1.1811e-08 2.54808e-06 2.10588e-06 0.000868059 0.978181 0.0146171 0.00632885 
1.16825e-08 1.55611e-06 9.82436e-06 6.52651e-05 0.00110949 0.00275151 0.00779888 0.0182972 0.0394765 0.93049 
5.98243e-18 1.21406e-15 7.13724e-14 1.61708e-11 7.41463e-10 1.40493e-07 5.06059e-05 0.00044729 0.00404482 0.995457 
1.06795e-07 6.9022e-06 6.85839e-05 0.000791429 0.00306943 0.0803802 0.0954398 0.360184 0.219792 0.240267 
2.5471e-11 3.01543e-09 1.82017e-07 1.20327e-05 0.000194467 0.000997665 0.00910271 0.905982 0.053305 0.0304062 
5.65774e-10 7.4906e-08 7.34341e-07 3.14895e-05 0.000145517 0.00186374 0.158829 0.547728 0.0226992 0.268702 
1.25985e-07 7.0636e-06 4.32622e-05 0.000614877 0.0034095 0.0178665 0.0416858 0.858674 0.0523782 0.0253206 
1.45394e-09 1.97319e-07 1.84662e-06 6.10252e-05 0.000365881 0.000808017 0.00704159 0.0170476 0.928378 0.0462957 
3.06084e-08 2.45299e-06 2.36499e-05 0.000281097 0.00122808 0.00483788 0.849007 0.117203 0.0223844 0.0050326 
4.88137e-16 3.23662e-14 1.00171e-12 1.07809e-10 3.29752e-09 5.67774e-09 9.36981e-06 7.08201e-05 0.00230306 0.997617 
1.2879e-07 1.3161e-05 0.000168962 0.00114089 0.00545956 0.0101571 0.0152148 0.0289714 0.0382199 0.900654 
3.08956e-14 9.7167e-12 2.14244e-10 3.91957e-08 3.7202e-07 2.39625e-05 0.000247333 0.00277577 0.980788 0.0161645 
4.4396e-09 6.83744e-07 2.65759e-06 7.72829e-05 0.000385867 0.00110277 0.00418012 0.0116522 0.952778 0.0298205 
3.16233e-10 3.46182e-08 2.33314e-06 2.37987e-05 0.00025678 0.0220255 0.180317 0.381294 0.292715 0.123365 
2.36432e-07 4.3532e-05 8.72304e-05 0.000438744 0.0017282 0.00577237 0.0164527 0.568094 0.295714 0.111669 
5.82002e-10 7.23771e-08 7.07809e-07 3.0079e-05 0.000147448 0.00114877 0.00774801 0.264494 0.707799 0.0186317 
2.67568e-09 3.88553e-07 1.39107e-06 2.06239e-05 0.000370037 0.000790824 0.00138406 0.0125863 0.560931 0.423916 
7.70441e-10 1.04179e-07 9.51577e-07 6.00721e-05 0.00154979 0.0129033 0.0376491 0.882009 0.0374878 0.0283404 
1.79527e-08 1.63667e-06 1.03509e-05 8.90897e-05 0.00104516 0.00393502 0.012781 0.0366201 0.0541956 0.891322 
1.25059e-06 0.000198445 0.000635629 0.00415817 0.0136635 0.0325833 0.0476639 0.0553299 0.834582 0.0111841 
4.00085e-12 7.48832e-10 9.49845e-10 2.79953e-08 1.8169e-07 7.99752e-06 8.75574e-05 0.000294778 0.00180308 0.997806 
2.21488e-09 3.15696e-07 1.53191e-06 3.66695e-05 0.000360199 0.00100751 0.00464381 0.0149452 0.932834 0.0461704 
4.77805e-14 1.50053e-11 3.26413e-10 5.9569e-08 5.15669e-07 2.46871e-05 0.000119465 0.000903315 0.00331768 0.995634 
1.46571e-12 7.40779e-11 1.14145e-09 3.60147e-08 9.6551e-06 1.42703e-06 3.99982e-05 0.000252548 0.00205679 0.99764 
2.71989e-10 3.23909e-08 3.16972e-07 1.30368e-05 5.27253e-05 8.0943e-05 0.000826029 0.00336451 0.165805 0.829857 
9.59884e-10 9.2806e-08 1.15252e-06 2.1955e-05 0.0002334 0.00105961 0.00380761 0.0809585 0.676586 0.237331 
3.09367e-09 4.88357e-07 1.95655e-06 1.08557e-05 0.000382442 0.000840258 0.00254605 0.00715419 0.0236254 0.965438 
6.35817e-11 9.36146e-09 7.36945e-08 6.11789e-06 0.000172407 0.000674721 0.00761518 0.921375 0.0431793 0.0269769 
3.58375e-12 3.6248e-10 1.19246e-08 5.65241e-08 7.79842e-07 2.82678e-05 0.000272077 0.00125377 0.0114945 0.986951 
