13933
3.52587e-06 0.00029251 0.0132177 0.778924 0.134577 0.0614191 0.00985101 0.0015901 0.000124595 9.19882e-07 
2.87422e-15 5.51969e-13 2.29147e-11 2.32042e-09 1.62244e-07 1.35905e-05 0.00135931 0.0145628 0.490862 0.493202 
5.93115e-05 0.0090511 0.067267 0.757689 0.100558 0.0536215 0.00980921 0.00184125 0.000101298 2.25965e-06 
8.23764e-18 1.78485e-15 8.33155e-14 6.73991e-12 6.72587e-10 1.10668e-07 8.36704e-05 0.00105209 0.0159684 0.982896 
3.6192e-06 0.000263482 0.00322269 0.0243774 0.0812913 0.858136 0.0307035 0.00188654 0.000114521 1.02812e-06 
8.57928e-17 1.87249e-14 8.2956e-13 5.90528e-11 4.57131e-09 6.20109e-07 0.000144645 0.00193751 0.0148881 0.983029 
5.73957e-08 7.64004e-06 0.000565825 0.0115891 0.446861 0.500573 0.0313388 0.00841744 0.000619465 2.76896e-05 
4.01484e-27 1.69667e-24 3.12506e-21 7.64615e-18 1.15607e-14 5.7047e-12 2.52132e-08 5.60153e-06 0.000980583 0.999014 
1.08613e-16 2.36804e-14 1.05596e-12 7.47388e-11 5.85373e-09 7.93558e-07 0.000185142 0.00272988 0.0251198 0.971964 
5.58636e-16 1.23705e-13 4.50994e-12 4.12796e-10 2.87112e-08 2.37417e-06 0.000447636 0.0038483 0.0211911 0.974511 
6.94999e-15 1.35944e-12 5.32129e-11 5.4405e-09 2.41743e-07 2.06628e-05 0.0012068 0.00937368 0.0336594 0.955739 
1.44966e-12 1.85647e-10 3.28464e-09 1.93007e-07 8.45818e-06 0.000351203 0.00576673 0.468586 0.506126 0.0191611 
3.95233e-12 5.65778e-10 1.74662e-08 7.0049e-07 2.08993e-05 0.000938514 0.0153245 0.910641 0.057697 0.015377 
1.32336e-15 2.71746e-13 1.23468e-11 1.21451e-09 8.77219e-08 8.75336e-06 0.00107491 0.0113534 0.943273 0.0442893 
3.70412e-15 7.54384e-13 3.14267e-11 3.27183e-09 2.15763e-07 1.79377e-05 0.00181243 0.0270974 0.946043 0.0250287 
1.67525e-16 2.9416e-14 2.15643e-12 1.89563e-10 2.78579e-08 2.31661e-06 0.000463491 0.00350846 0.0194336 0.976592 
2.70139e-17 5.94108e-15 2.63983e-13 2.08085e-11 1.80316e-09 2.56159e-07 0.000149415 0.00299137 0.0299938 0.966865 
1.18874e-11 1.81306e-09 1.02198e-07 8.52694e-06 0.000716591 0.0177766 0.86 0.0756667 0.0384446 0.00738652 
7.90191e-12 1.23102e-09 7.09987e-08 6.48975e-06 0.000382781 0.00845426 0.6024 0.259374 0.126893 0.00248903 
2.92252e-16 5.4352e-14 3.03005e-12 3.52446e-10 6.9301e-08 5.11757e-06 0.00092265 0.0109457 0.0415043 0.946622 
1.73298e-11 2.60608e-09 8.10283e-08 3.07347e-06 9.39174e-05 0.003158 0.0160007 0.0503639 0.906131 0.0242488 
5.24814e-16 1.09193e-13 4.72465e-12 4.97055e-10 3.43639e-08 2.81675e-06 0.000658743 0.0129175 0.0572797 0.929141 
2.88987e-08 3.70378e-06 8.2453e-05 0.00181844 0.0148184 0.0389159 0.932399 0.0112751 0.00065019 3.65055e-05 
4.93129e-09 4.84469e-07 6.19404e-06 0.000173717 0.00166348 0.0127923 0.844819 0.102804 0.0355371 0.00220418 
1.78143e-11 2.39978e-09 6.92182e-08 2.83259e-06 0.000110017 0.00481574 0.872043 0.0795969 0.0389685 0.00446288 
1.80887e-08 3.53791e-06 8.51391e-05 0.00258734 0.0376839 0.871381 0.0627111 0.0225695 0.00281087 0.000167216 
5.65509e-08 4.94566e-06 9.82101e-05 0.00242181 0.0167719 0.0535842 0.892444 0.0321484 0.00240984 0.000116193 
7.67451e-09 7.52403e-07 1.17311e-05 0.000395083 0.00496366 0.0414704 0.883057 0.058142 0.0115207 0.000438873 
1.78043e-15 3.82875e-13 1.50428e-11 1.59965e-09 7.68664e-08 6.33679e-06 0.000534467 0.00514918 0.0302746 0.964035 
6.79982e-17 1.47797e-14 6.62596e-13 4.7425e-11 3.76223e-09 5.16595e-07 0.000102749 0.00154718 0.0112976 0.987052 
3.95207e-09 4.00488e-07 6.03218e-06 0.000268126 0.00331692 0.0292629 0.90078 0.054895 0.0112798 0.00019066 
2.10743e-25 5.66481e-23 6.17891e-20 4.45993e-17 3.59598e-14 1.59045e-11 6.25315e-08 5.91324e-05 0.0033292 0.996612 
1.78019e-08 2.04351e-06 4.66145e-05 0.000815118 0.0068168 0.0475776 0.90392 0.0380184 0.00272377 7.91084e-05 
9.85113e-17 2.13632e-14 9.62399e-13 6.74725e-11 5.41477e-09 7.56693e-07 0.000243892 0.0031487 0.0269356 0.969671 
7.6537e-09 8.11948e-07 3.61872e-05 0.00406239 0.566238 0.0534241 0.343831 0.026897 0.00537451 0.00013648 
6.31067e-21 8.73199e-19 1.76331e-16 3.62179e-14 1.43476e-11 6.17644e-09 6.69663e-05 0.000596722 0.0125412 0.986795 
0.0404653 0.602691 0.340921 0.0148404 0.00107047 1.15696e-05 4.22201e-07 3.11145e-08 1.30035e-08 5.05931e-10 
6.20881e-06 0.000390083 0.00432855 0.0261538 0.0781133 0.850819 0.038946 0.00122646 1.64587e-05 4.37962e-07 
2.7331e-13 3.99737e-11 1.00102e-09 7.19664e-08 5.42377e-06 0.000530771 0.0153127 0.930977 0.0416986 0.0114755 
2.04396e-10 2.62332e-08 3.06542e-07 7.07896e-06 0.000134267 0.00319428 0.0220658 0.915069 0.0490942 0.010435 
1.60416e-09 1.88496e-07 2.82983e-06 0.000143758 0.00160829 0.0231938 0.867177 0.0789964 0.0265736 0.00230399 
1.13389e-18 2.18073e-16 1.65869e-14 2.33017e-12 3.8185e-10 6.43389e-08 0.000103218 0.00128206 0.0229001 0.975715 
6.40203e-15 1.18077e-12 4.78616e-11 4.73498e-09 2.26801e-07 1.99979e-05 0.00133395 0.0123812 0.940752 0.0455128 
4.75184e-15 8.04314e-13 3.26012e-11 3.23578e-09 1.19437e-07 1.19465e-05 0.00037121 0.0047226 0.934013 0.0608816 
5.62613e-06 0.000364688 0.00463714 0.0319762 0.257405 0.445257 0.257444 0.00286486 4.42955e-05 6.37068e-07 
1.23719e-12 2.19056e-10 1.34835e-08 5.19122e-07 2.80488e-05 0.00191087 0.0218638 0.0839562 0.881216 0.0110249 
4.67621e-11 7.96925e-09 8.44252e-07 9.54686e-05 0.0019889 0.0285727 0.897574 0.0500448 0.0189133 0.00281027 
1.75143e-14 3.21303e-12 2.01114e-10 2.00796e-08 1.89654e-06 0.000223197 0.013471 0.924227 0.0488217 0.0132549 
4.83577e-15 8.11519e-13 3.13368e-11 3.07623e-09 9.53066e-08 9.81987e-06 0.000211839 0.00431263 0.932509 0.0629569 
2.82078e-15 5.95363e-13 2.40648e-11 2.60265e-09 1.1992e-07 8.24726e-06 0.000712389 0.00698232 0.940005 0.0522917 
7.47747e-17 1.6276e-14 7.30204e-13 5.23096e-11 4.22468e-09 5.84069e-07 0.000186176 0.00255198 0.0263183 0.970943 
4.98357e-15 8.6396e-13 3.31068e-11 3.28685e-09 9.69416e-08 1.04573e-05 0.000249342 0.00338611 0.0293481 0.967006 
8.64071e-12 1.21004e-09 3.29951e-08 1.22817e-06 3.4473e-05 0.000912521 0.00512818 0.0149689 0.0321456 0.946809 
6.84088e-17 1.48941e-14 6.66063e-13 4.88847e-11 4.02691e-09 5.60879e-07 0.000198251 0.00247019 0.025425 0.971906 
4.0028e-16 8.9088e-14 3.24633e-12 2.84969e-10 1.36393e-08 1.26398e-06 0.00023187 0.00301023 0.0258574 0.970899 
1.25354e-12 1.75898e-10 4.06715e-09 1.26568e-07 3.28134e-06 0.00017067 0.00844937 0.875309 0.0894975 0.0265699 
8.66591e-12 1.34489e-09 3.72554e-08 1.85042e-06 6.70714e-05 0.00234575 0.0258855 0.920351 0.0444945 0.00685449 
8.54961e-15 1.43028e-12 5.87372e-11 5.67045e-09 2.34525e-07 2.58292e-05 0.0009642 0.00922985 0.03207 0.95771 
1.98593e-09 2.33614e-07 4.10111e-06 0.0002854 0.00349974 0.041845 0.907195 0.0409066 0.0055699 0.00069436 
3.20903e-08 4.46922e-06 0.000116212 0.00497165 0.799813 0.121632 0.0545796 0.0171962 0.00161817 6.85468e-05 
7.04934e-17 1.5351e-14 6.86428e-13 4.95988e-11 4.04538e-09 5.67141e-07 0.000198259 0.00360681 0.262266 0.733929 
5.13739e-09 4.88675e-07 6.44335e-06 0.000190391 0.00317285 0.032427 0.083676 0.866945 0.0121442 0.00143777 
7.62982e-15 1.30937e-12 5.35707e-11 5.09386e-09 2.46123e-07 2.45556e-05 0.00165343 0.0220408 0.950065 0.0262161 
1.70598e-05 0.0017141 0.0214698 0.084675 0.817258 0.0675509 0.00678712 0.000518417 8.80308e-06 3.4243e-07 
2.87646e-18 6.01299e-16 3.12842e-14 3.38414e-12 4.37847e-10 7.11142e-08 6.84937e-05 0.000958092 0.016497 0.982476 
1.29662e-19 2.63767e-17 1.27051e-15 1.69946e-13 3.94648e-11 1.09628e-08 9.20278e-05 0.000783983 0.0157606 0.983363 
8.56435e-15 1.47138e-12 6.10091e-11 5.90924e-09 3.10119e-07 3.25471e-05 0.00223224 0.0262075 0.944638 0.0268893 
3.10345e-09 3.87091e-07 4.14228e-06 0.000127817 0.000808728 0.0193428 0.869226 0.0772407 0.030764 0.00248508 
4.8089e-09 4.90047e-07 6.86371e-06 0.000281516 0.00295185 0.0276864 0.797139 0.165335 0.00637447 0.000224304 
6.13981e-15 1.04485e-12 3.96139e-11 3.80562e-09 1.21962e-07 1.31285e-05 0.00023119 0.00371475 0.0296898 0.966351 
1.17285e-11 1.78682e-09 1.08082e-07 9.58755e-06 0.000910202 0.021291 0.880311 0.0695877 0.024678 0.00321239 
1.32713e-11 1.96631e-09 5.87515e-08 2.30501e-06 7.39361e-05 0.00330321 0.0289755 0.919605 0.0428921 0.00514745 
3.8554e-09 3.95901e-07 4.78845e-06 0.000112438 0.00107151 0.0106385 0.0335954 0.911043 0.040199 0.0033347 
4.79085e-12 7.19621e-10 2.62595e-08 9.92092e-07 4.16537e-05 0.00197246 0.013719 0.0609877 0.904808 0.01847 
8.26111e-17 1.78141e-14 7.83985e-13 5.54309e-11 4.31926e-09 5.95172e-07 0.000114289 0.00149333 0.00834268 0.990049 
1.5988e-14 2.90325e-12 1.15036e-10 1.14371e-08 5.13395e-07 4.75382e-05 0.00211965 0.0206323 0.0521314 0.925069 
5.22332e-13 6.97563e-11 1.53817e-09 9.32457e-08 5.39376e-06 0.00023111 0.00794404 0.9138 0.0598212 0.0181982 
7.36208e-08 1.07699e-05 0.000312224 0.00582475 0.0518559 0.899174 0.0388321 0.00365262 0.000306731 3.09872e-05 
1.13294e-14 2.00605e-12 8.18408e-11 8.24198e-09 3.60169e-07 3.11806e-05 0.00206967 0.0139265 0.924823 0.0591494 
5.85766e-09 5.77414e-07 9.4262e-06 0.000636748 0.0178814 0.89597 0.0582907 0.0242981 0.00274482 0.000167964 
1.34082e-15 2.25216e-13 8.79123e-12 8.3351e-10 2.72279e-08 3.06882e-06 0.000279323 0.00377877 0.0320308 0.963908 
0.000210652 0.00908395 0.180393 0.729304 0.0630202 0.0164642 0.00148988 3.29177e-05 1.05912e-06 2.40251e-08 
1.29487e-14 2.43564e-12 9.52473e-11 9.63279e-09 4.14598e-07 3.64667e-05 0.00175403 0.0248705 0.93454 0.038799 
6.6888e-12 1.10688e-09 3.54501e-08 1.42742e-06 6.68392e-05 0.0045456 0.864296 0.0837125 0.0415573 0.00582069 
1.90729e-14 3.92352e-12 3.1112e-10 1.29723e-07 8.37881e-05 0.00625077 0.897706 0.0338036 0.0418709 0.0202845 
1.23126e-14 2.33189e-12 9.37592e-11 9.45654e-09 4.69642e-07 4.22578e-05 0.00266741 0.0315644 0.930923 0.0348023 
1.036e-16 2.25661e-14 1.00802e-12 7.21729e-11 5.75876e-09 7.90603e-07 0.000194828 0.00278284 0.0232185 0.973803 
2.92343e-16 5.45328e-14 2.54623e-12 2.45622e-10 3.53583e-08 3.36335e-06 0.000737979 0.00751499 0.0326081 0.959136 
2.32391e-16 4.33274e-14 1.92857e-12 2.08535e-10 2.11644e-08 2.15347e-06 0.000372835 0.00303858 0.0241558 0.972431 
7.60151e-15 1.3917e-12 5.23063e-11 5.15254e-09 2.33294e-07 2.21117e-05 0.00245546 0.0295648 0.932448 0.0355093 
3.78418e-09 3.82416e-07 6.44343e-06 0.000245354 0.00207181 0.0169649 0.0423872 0.898697 0.036552 0.00307523 
5.82291e-19 1.13969e-16 8.2123e-15 1.16967e-12 2.13575e-10 3.61798e-08 9.61383e-05 0.00108102 0.018673 0.98015 
7.55335e-18 1.65383e-15 7.25173e-14 5.25999e-12 4.12394e-10 7.00558e-08 3.15081e-05 0.000216106 0.00408224 0.99567 
1.50946e-08 1.74879e-06 2.93758e-05 0.000545845 0.00666126 0.0378834 0.903722 0.0437528 0.00712151 0.000281712 
5.70218e-15 1.15929e-12 4.7675e-11 4.98496e-09 3.05369e-07 2.37056e-05 0.00361887 0.891678 0.0766602 0.0280192 
3.02655e-17 6.57626e-15 2.9418e-13 2.12376e-11 1.75137e-09 2.50746e-07 0.000148499 0.00160987 0.0210927 0.977149 
4.26147e-15 7.78472e-13 2.94716e-11 2.84494e-09 1.40191e-07 1.45702e-05 0.000820912 0.0110847 0.0412418 0.946838 
1.57071e-09 1.89594e-07 3.08848e-06 0.000212154 0.00415017 0.193015 0.177575 0.494616 0.128365 0.00206251 
4.14717e-10 3.33839e-08 6.74734e-07 3.67764e-05 0.000397956 0.0108245 0.896289 0.0613013 0.027866 0.00328351 
2.67518e-08 3.49371e-06 6.1152e-05 0.000893691 0.0132129 0.841703 0.105334 0.0361903 0.00253987 6.17087e-05 
7.66094e-15 1.31199e-12 5.60657e-11 5.72188e-09 2.73197e-07 2.63474e-05 0.00158158 0.0229234 0.93935 0.0361182 
1.50196e-10 2.02229e-08 1.13573e-06 0.00013225 0.00324531 0.296288 0.648133 0.0381351 0.0117852 0.00228007 
8.47772e-20 1.98322e-17 8.85848e-16 1.07367e-13 1.99975e-11 6.40444e-09 6.06942e-05 0.000544623 0.0101072 0.989287 
1.22831e-17 2.65898e-15 1.21596e-13 8.73186e-12 7.76721e-10 1.15773e-07 0.000112541 0.00120962 0.0172501 0.981428 
8.42158e-15 1.43971e-12 5.47604e-11 5.44516e-09 1.60524e-07 1.75603e-05 0.000187249 0.00319091 0.0606928 0.935911 
1.69493e-17 3.68641e-15 1.62277e-13 1.21979e-11 1.04951e-09 1.54322e-07 0.000134941 0.00137696 0.0182845 0.980203 
4.71126e-13 8.06778e-11 5.78757e-09 2.27584e-07 1.31093e-05 0.00104619 0.014079 0.917858 0.054903 0.0121007 
3.31213e-17 7.14266e-15 3.29668e-13 2.2426e-11 1.83748e-09 2.59871e-07 0.000207947 0.00513361 0.947343 0.047315 
1.43598e-14 2.70682e-12 1.08738e-10 1.10306e-08 5.4488e-07 4.78159e-05 0.00312424 0.0315634 0.942375 0.0228894 
6.6296e-13 1.13929e-10 8.07538e-09 2.6773e-07 1.2824e-05 0.000738515 0.00452313 0.0291183 0.93646 0.0291471 
7.75362e-06 0.000504407 0.0049795 0.0381232 0.824767 0.112131 0.0186745 0.00079992 1.26997e-05 4.13972e-07 
1.37876e-09 1.76777e-07 3.56195e-06 0.000322307 0.00734513 0.855753 0.0848184 0.0390112 0.0108904 0.001856 
7.79282e-15 1.46248e-12 5.86552e-11 5.77711e-09 2.68731e-07 2.71477e-05 0.00150886 0.631954 0.298996 0.0675138 
2.2995e-15 4.60981e-13 1.89953e-11 1.94254e-09 1.29913e-07 1.19196e-05 0.00245933 0.0240216 0.957934 0.015573 
2.2453e-12 3.07098e-10 8.39199e-09 3.43555e-07 8.50408e-06 0.00070483 0.00932039 0.0428186 0.929446 0.0177009 
1.00663e-15 1.65067e-13 7.21716e-12 6.83854e-10 3.7579e-08 4.73744e-06 0.00030742 0.00387692 0.0282089 0.967602 
1.05734e-16 2.30503e-14 1.02747e-12 7.38143e-11 5.86571e-09 7.97475e-07 0.000153728 0.00244961 0.0216493 0.975747 
1.47911e-20 2.21993e-18 3.45813e-16 4.81379e-14 6.95677e-12 3.07779e-10 7.93872e-08 1.09085e-05 0.000449183 0.99954 
1.54042e-14 2.87263e-12 1.1195e-10 1.12012e-08 4.8526e-07 4.46054e-05 0.00238001 0.0242401 0.0688212 0.904514 
2.89805e-08 3.59198e-06 5.88202e-05 0.00122793 0.0154927 0.831803 0.106858 0.0402661 0.00409474 0.0001948 
2.32896e-07 1.92429e-05 0.000415124 0.00782567 0.0453565 0.486941 0.448378 0.0105879 0.000444148 3.21691e-05 
8.48135e-13 1.32657e-10 4.61466e-09 1.87555e-07 7.03605e-06 0.000394891 0.0114479 0.925185 0.0498164 0.0131485 
2.52448e-17 5.49009e-15 2.49422e-13 1.8532e-11 1.6038e-09 2.33217e-07 0.000120192 0.00159645 0.0219287 0.976354 
1.15973e-19 1.40909e-17 3.47972e-15 5.82224e-13 1.11077e-10 2.75451e-08 6.24244e-05 0.000321364 0.00506021 0.994556 
2.25461e-06 0.000159031 0.00293127 0.0283698 0.633805 0.312197 0.0204343 0.00204283 4.86899e-05 1.02694e-05 
7.49051e-05 0.00543536 0.0453735 0.777647 0.137907 0.0311038 0.00233999 0.000116614 2.14044e-06 5.85253e-08 
4.15184e-09 4.2554e-07 6.04381e-06 0.000249448 0.00253265 0.0199121 0.241522 0.508448 0.221272 0.00605783 
8.45689e-12 1.29877e-09 3.78815e-08 1.62697e-06 5.5556e-05 0.00234118 0.0108186 0.0434927 0.927052 0.016238 
1.95665e-15 3.33746e-13 1.58201e-11 1.49199e-09 1.06987e-07 1.40542e-05 0.000938462 0.0112033 0.944042 0.0438018 
8.18387e-17 1.77975e-14 7.99488e-13 5.68395e-11 4.54706e-09 6.21019e-07 0.000163728 0.00204002 0.0201135 0.977682 
2.59798e-14 4.96796e-12 3.35551e-10 4.21861e-08 3.85202e-06 0.000569012 0.00786586 0.0385539 0.937605 0.0154021 
1.67957e-10 1.10737e-08 2.27763e-07 7.3265e-06 0.000153933 0.0027126 0.0173124 0.309647 0.66105 0.00911682 
1.27011e-11 1.93282e-09 5.99054e-08 2.27412e-06 7.29439e-05 0.00228489 0.0137825 0.907469 0.0625219 0.0138667 
5.08658e-08 5.97143e-06 0.000129546 0.003414 0.0541157 0.876834 0.0630882 0.00229482 0.00010807 9.23467e-06 
1.56417e-18 3.49972e-16 1.66593e-14 1.90553e-12 2.34327e-10 3.88014e-08 6.13063e-05 0.000671522 0.0146977 0.984569 
9.31333e-17 2.02651e-14 9.06227e-13 6.56804e-11 5.51694e-09 8.14501e-07 0.000430965 0.0102151 0.925759 0.0635938 
1.39052e-11 2.10758e-09 6.38075e-08 2.55721e-06 8.37607e-05 0.00218851 0.0119221 0.0378354 0.0526717 0.895296 
9.48684e-15 1.65471e-12 7.48201e-11 8.15596e-09 7.04289e-07 0.000125573 0.00847291 0.890117 0.0797785 0.0215053 
3.91328e-06 0.000271744 0.00378422 0.0201979 0.0603077 0.088653 0.805848 0.0199254 0.000999161 8.96746e-06 
5.7995e-17 1.2616e-14 5.6457e-13 4.07967e-11 3.43861e-09 4.95895e-07 0.000220543 0.00323091 0.0266413 0.969907 
8.20885e-12 1.28989e-09 3.92671e-08 1.51984e-06 3.99435e-05 0.00123658 0.00859243 0.907961 0.0653572 0.0168109 
3.48698e-17 7.58779e-15 3.3717e-13 2.46878e-11 2.00666e-09 2.69229e-07 5.98359e-05 0.00108299 0.00737955 0.991477 
1.20515e-21 1.47515e-19 4.70943e-17 1.25257e-14 5.24936e-12 4.01119e-09 5.21693e-05 0.000296797 0.00739575 0.992255 
7.68895e-10 9.91165e-08 2.05045e-06 0.000180786 0.00235977 0.0245602 0.416806 0.525924 0.0273686 0.00279816 
1.471e-06 0.000125188 0.00207293 0.0127933 0.0495718 0.0981683 0.818403 0.017784 0.00106706 1.26063e-05 
4.73307e-17 1.03277e-14 4.58722e-13 3.40777e-11 2.82625e-09 3.92636e-07 0.000140809 0.00187843 0.0210691 0.976911 
1.23727e-08 2.65355e-06 4.59635e-05 0.00174868 0.0215625 0.0805767 0.860603 0.0311599 0.00401556 0.000284961 
2.46184e-09 1.99257e-07 3.03578e-06 9.37442e-05 0.000949304 0.00598259 0.0226816 0.909952 0.0513662 0.00897174 
6.05041e-17 1.31587e-14 5.94519e-13 4.09542e-11 3.18403e-09 4.17934e-07 0.000114315 0.00163487 0.0187422 0.979508 
7.71439e-13 1.15688e-10 4.00989e-09 1.5449e-07 4.84101e-06 0.000272132 0.00426919 0.887073 0.0842288 0.0241518 
1.53316e-14 2.8526e-12 1.12513e-10 1.13987e-08 5.40213e-07 4.57993e-05 0.00318963 0.0400535 0.926719 0.0299917 
1.02517e-14 1.84494e-12 7.43702e-11 7.47073e-09 3.0753e-07 2.99596e-05 0.00104463 0.0091979 0.0320571 0.95767 
4.03147e-06 0.000334272 0.00398343 0.0296471 0.854937 0.086335 0.0226905 0.00201532 5.23079e-05 1.01336e-06 
1.15517e-16 2.51552e-14 1.18529e-12 1.08588e-10 1.35718e-08 1.64193e-06 0.000463391 0.00450917 0.0326593 0.962366 
1.23652e-09 7.6465e-08 1.57558e-06 4.42551e-05 0.000809683 0.00699533 0.0362149 0.901713 0.0486009 0.00561979 
5.17868e-27 2.5758e-24 5.39724e-21 1.608e-17 2.61145e-14 1.49932e-11 9.13576e-08 5.52178e-05 0.00428713 0.995658 
7.01941e-14 1.5213e-11 2.75355e-09 1.03185e-06 0.00020791 0.0124301 0.870307 0.0527929 0.0464789 0.0177822 
2.69447e-14 5.1176e-12 2.11646e-10 2.11679e-08 1.27988e-06 0.000164231 0.00497038 0.0359836 0.936255 0.0226259 
2.8616e-08 3.65564e-06 7.30097e-05 0.00139154 0.00912076 0.0432844 0.913051 0.0307063 0.00228082 8.83206e-05 
1.47386e-11 2.20929e-09 6.79061e-08 2.56841e-06 7.71983e-05 0.00221846 0.0107458 0.0402828 0.926203 0.0204698 
5.69659e-15 9.66603e-13 3.96309e-11 3.98095e-09 2.40115e-07 2.43447e-05 0.00705434 0.90865 0.0609622 0.0233086 
1.35114e-08 1.2757e-06 2.75737e-05 0.000708777 0.0069187 0.0432302 0.327661 0.553421 0.0672979 0.00073318 
1.9084e-08 1.86436e-06 4.86202e-05 0.00184711 0.0245097 0.891034 0.0586079 0.0216319 0.00218204 0.000136714 
8.89464e-12 1.30799e-09 3.49363e-08 1.40998e-06 4.08394e-05 0.00110411 0.00657767 0.0323199 0.944079 0.0158767 
6.89841e-18 1.49752e-15 6.67615e-14 4.58711e-12 3.50395e-10 4.88991e-08 3.25506e-05 0.00028528 0.00475405 0.994928 
1.11028e-16 2.42018e-14 1.07746e-12 7.64519e-11 5.97227e-09 8.17091e-07 0.000147765 0.00210735 0.0108095 0.986935 
6.07413e-14 1.32878e-11 6.52374e-10 7.65959e-08 7.74369e-06 0.000872092 0.0182414 0.935626 0.0377493 0.00750329 
7.20139e-17 1.57901e-14 6.91765e-13 5.00059e-11 3.81458e-09 5.34495e-07 0.000147942 0.00178854 0.0164944 0.981569 
1.30604e-11 1.95406e-09 6.27288e-08 2.33436e-06 7.06842e-05 0.00254423 0.0226963 0.91031 0.0538368 0.0105397 
5.5887e-17 1.21376e-14 5.45321e-13 4.0714e-11 3.91274e-09 5.5687e-07 0.000340502 0.00939481 0.950539 0.039725 
1.46311e-13 2.0002e-11 4.6288e-10 2.38419e-08 1.10165e-06 6.24662e-05 0.00293537 0.0190064 0.0457997 0.932195 
5.79435e-09 5.81034e-07 8.29931e-06 0.000304744 0.00401197 0.0387543 0.918141 0.0355065 0.00310552 0.00016758 
9.5523e-15 1.76684e-12 6.97721e-11 7.01383e-09 3.3902e-07 3.06432e-05 0.00177198 0.0167201 0.0407691 0.940708 
1.55853e-13 3.01735e-11 1.30888e-09 7.69597e-08 5.45494e-06 0.000300792 0.0500978 0.420489 0.489374 0.0397331 
3.36028e-16 6.66844e-14 3.60059e-12 3.37424e-10 2.17088e-08 3.05851e-06 0.0003695 0.00564272 0.528879 0.465106 
9.02874e-15 1.54937e-12 6.07537e-11 5.78015e-09 2.03679e-07 2.13653e-05 0.000556025 0.00675289 0.0320546 0.960615 
5.75386e-08 7.82363e-06 0.000185006 0.00445657 0.0487827 0.901038 0.0400919 0.0051528 0.000257073 2.78956e-05 
0.000198398 0.0094292 0.0734255 0.814888 0.0860138 0.0151015 0.000928222 1.4583e-05 5.88927e-07 1.74259e-08 
3.67739e-15 7.99213e-13 3.23093e-11 3.49251e-09 2.33857e-07 1.61854e-05 0.0021745 0.024876 0.934217 0.0387163 
1.72669e-09 1.42152e-07 2.53613e-06 0.000114904 0.00146848 0.0150026 0.794359 0.0842226 0.103562 0.00126787 
3.29534e-06 0.000190267 0.00310821 0.0305932 0.897987 0.0579368 0.00929106 0.00086763 1.6294e-05 6.17087e-06 
1.58589e-11 2.44986e-09 7.68732e-08 2.85185e-06 8.33114e-05 0.00229841 0.0123598 0.0495132 0.917534 0.0182087 
1.11153e-11 1.72057e-09 5.51732e-08 2.14845e-06 6.90123e-05 0.0024905 0.0189114 0.0592188 0.910703 0.00860542 
8.37733e-15 1.4831e-12 6.49638e-11 6.9071e-09 3.2846e-07 2.88636e-05 0.00187476 0.0206428 0.939754 0.037699 
1.47397e-14 2.5232e-12 9.29371e-11 9.01088e-09 4.16297e-07 3.6547e-05 0.00230877 0.0265809 0.952526 0.0185469 
7.39911e-06 0.00047119 0.0061763 0.0533839 0.839923 0.086723 0.0125604 0.000740307 1.41799e-05 6.19115e-07 
4.51496e-12 7.03553e-10 2.62297e-08 9.42986e-07 2.98228e-05 0.00147423 0.0143415 0.917565 0.0543415 0.0122466 
6.05471e-15 1.07841e-12 4.58262e-11 4.53395e-09 2.42468e-07 2.39915e-05 0.00173643 0.0310187 0.921935 0.045286 
4.33812e-09 4.56748e-07 5.58693e-06 0.00015942 0.00130166 0.0132528 0.0386357 0.909649 0.0346025 0.00239264 
6.32065e-11 8.35897e-09 1.3523e-07 4.17217e-06 0.000132878 0.0104526 0.686188 0.193384 0.104599 0.00523976 
4.6579e-18 1.04954e-15 6.30576e-14 1.43067e-11 2.99588e-09 3.59954e-07 0.000333684 0.00911852 0.955388 0.0351596 
5.24217e-06 0.000360004 0.0046018 0.12048 0.765774 0.0900845 0.0173849 0.0012512 5.82629e-05 6.33132e-07 
6.15135e-08 8.14584e-06 0.000141779 0.00199998 0.0151157 0.0582579 0.887616 0.0347627 0.00206393 3.37842e-05 
6.97794e-10 7.68836e-08 1.54285e-06 0.000122935 0.000722977 0.00779053 0.0331575 0.913374 0.0409104 0.00392053 
1.15528e-09 1.63679e-07 5.15471e-06 0.000448195 0.00571646 0.0485271 0.892677 0.0434627 0.00802521 0.00113755 
2.65766e-09 2.93567e-07 4.24353e-06 0.000197354 0.00213995 0.020906 0.84545 0.0993514 0.0296673 0.00228356 
1.13729e-11 1.72435e-09 5.28206e-08 2.0721e-06 7.14085e-05 0.00263776 0.0263975 0.923972 0.0431973 0.0037215 
8.08669e-17 1.76144e-14 7.89343e-13 5.67876e-11 4.58445e-09 6.29058e-07 0.000187312 0.00297948 0.915596 0.0812362 
7.93563e-15 1.32942e-12 5.59998e-11 5.51326e-09 2.28807e-07 2.65224e-05 0.000842938 0.0078936 0.0270064 0.96423 
1.03933e-14 1.96245e-12 7.61062e-11 7.55063e-09 3.66817e-07 3.31177e-05 0.00201968 0.0299297 0.91813 0.0498874 
7.2942e-05 0.00338065 0.0156791 0.0530657 0.0861255 0.833836 0.00768407 0.000151963 3.61995e-06 8.82355e-08 
9.9017e-15 1.84207e-12 7.38187e-11 7.44989e-09 3.76212e-07 3.25688e-05 0.00242194 0.874372 0.0857414 0.0374315 
7.65205e-09 7.45544e-07 1.471e-05 0.000850362 0.00927174 0.0586119 0.880548 0.0461683 0.00429471 0.000239729 
1.15744e-16 2.51921e-14 1.13235e-12 8.98269e-11 6.91688e-09 8.71354e-07 0.000163295 0.00260752 0.0183979 0.97883 
1.07414e-18 2.37542e-16 1.22812e-14 1.50273e-12 2.06877e-10 2.78597e-08 5.80025e-05 0.000756206 0.0123635 0.986822 
1.50447e-05 0.00103474 0.00932721 0.206447 0.714978 0.0618359 0.00596199 0.000391209 7.7939e-06 3.66641e-07 
1.23369e-05 0.00111972 0.00659341 0.0318835 0.0747763 0.100958 0.78203 0.00259463 3.14115e-05 5.50082e-07 
4.75548e-09 5.29083e-07 7.72031e-06 0.00039548 0.00433776 0.0457201 0.905257 0.0406856 0.00343413 0.000162113 
4.15329e-15 6.97927e-13 2.74854e-11 2.61214e-09 8.87347e-08 1.05256e-05 0.000261631 0.00429142 0.0300319 0.965404 
8.81236e-17 1.9218e-14 8.59936e-13 6.09628e-11 4.77108e-09 6.37659e-07 0.000117982 0.00211981 0.0191421 0.97862 
4.22516e-15 7.51522e-13 3.07781e-11 3.09026e-09 1.30985e-07 1.28801e-05 0.000777558 0.013376 0.923759 0.0620742 
8.71028e-17 1.89588e-14 8.50299e-13 6.05133e-11 4.86984e-09 6.89474e-07 0.000206039 0.00332084 0.0277609 0.968711 
3.87975e-08 4.69661e-06 9.41416e-05 0.00215366 0.0135495 0.0478278 0.898562 0.0348344 0.00292084 5.27483e-05 
1.01982e-16 2.21696e-14 9.9986e-13 7.23349e-11 6.59791e-09 9.17329e-07 0.000351478 0.00840138 0.0404179 0.950828 
1.82625e-11 2.81801e-09 9.02973e-08 3.4512e-06 0.000106407 0.00386562 0.0229887 0.895443 0.0665045 0.0110884 
0.000622243 0.0264181 0.121193 0.81564 0.0285981 0.00606823 0.00134539 0.000112755 1.95918e-06 6.07108e-08 
5.7683e-12 9.74126e-10 3.54276e-08 1.2927e-06 3.97155e-05 0.00136755 0.00699206 0.0340524 0.496692 0.460855 
6.56886e-17 1.4386e-14 6.35147e-13 4.67456e-11 3.71652e-09 5.02622e-07 9.941e-05 0.00163069 0.0150302 0.983239 
9.54359e-10 7.59514e-08 2.11418e-06 0.000164593 0.00300712 0.0322849 0.920401 0.0357737 0.00753928 0.000826843 
3.55386e-09 3.728e-07 4.77247e-06 0.000177413 0.00183804 0.0172914 0.0556565 0.89464 0.0287247 0.00166703 
5.95228e-07 0.000101146 0.00304233 0.0376091 0.846153 0.0772729 0.0251642 0.0092069 0.00131706 0.000132847 
6.6151e-08 7.4997e-06 0.000499518 0.0167617 0.814795 0.0964379 0.0469518 0.0195925 0.00417796 0.000776448 
2.30161e-12 3.15756e-10 6.27252e-09 3.2237e-07 1.4518e-05 0.00149273 0.863604 0.057265 0.0602112 0.0174121 
8.93089e-12 1.38893e-09 4.41702e-08 1.84989e-06 8.01808e-05 0.00487745 0.854268 0.0937496 0.0428896 0.0041332 
0.00333128 0.0397956 0.114917 0.82858 0.0132651 0.000109191 2.30055e-06 2.07695e-08 3.50487e-09 1.3259e-10 
1.49954e-11 2.37059e-09 8.62984e-08 3.60087e-06 0.000162886 0.00408025 0.0256262 0.0693443 0.892856 0.00792634 
4.9064e-06 0.000337762 0.00360416 0.0370112 0.186725 0.76469 0.00729305 0.000328274 5.91663e-06 1.55318e-07 
1.30017e-06 8.1929e-05 0.00130927 0.0128916 0.0720028 0.856709 0.0477026 0.00864971 0.000628929 2.30618e-05 
3.89444e-09 4.79974e-07 5.96028e-06 0.00027619 0.0027295 0.0290868 0.879852 0.07196 0.0155355 0.000553808 
6.14214e-15 1.03024e-12 3.93814e-11 3.77988e-09 1.267e-07 1.40462e-05 0.00251269 0.458794 0.0499106 0.488769 
1.01313e-14 1.89563e-12 7.50464e-11 7.57138e-09 3.57596e-07 3.25217e-05 0.00311441 0.916732 0.0626693 0.0174515 
1.95711e-08 1.66e-06 4.26263e-05 0.00126481 0.0106699 0.0542382 0.888467 0.0414138 0.00370294 0.000198584 
1.13469e-11 1.74035e-09 5.34236e-08 2.0805e-06 6.78166e-05 0.00225757 0.0121834 0.0470031 0.921407 0.0170792 
9.7349e-15 1.75992e-12 7.10328e-11 7.1004e-09 3.309e-07 3.28162e-05 0.00178303 0.017934 0.938835 0.041415 
4.50373e-12 7.3207e-10 4.21099e-08 3.49291e-06 0.000106879 0.0260428 0.00745667 0.765736 0.192963 0.00769129 
7.17937e-17 1.56353e-14 6.95768e-13 5.03366e-11 4.04293e-09 5.58874e-07 0.000154726 0.00174005 0.0177727 0.980332 
1.41971e-09 1.40675e-07 1.9398e-06 7.56806e-05 0.000505099 0.006082 0.166206 0.215567 0.602079 0.00948338 
2.09831e-24 5.57914e-22 5.98812e-19 3.88001e-16 2.65482e-13 9.99766e-11 3.87472e-07 0.000122032 0.00503967 0.994838 
5.82705e-09 5.85159e-07 8.7889e-06 0.000374521 0.0046315 0.0444006 0.902436 0.0433154 0.00463223 0.000200075 
7.26552e-17 1.58096e-14 7.08896e-13 5.11857e-11 4.17266e-09 5.7696e-07 0.000193856 0.00254503 0.935584 0.061676 
8.29545e-17 1.80136e-14 8.24364e-13 6.59523e-11 1.00839e-08 1.25556e-06 0.000556787 0.014963 0.936675 0.0478036 
1.06282e-11 1.4931e-09 4.68529e-08 1.719e-06 4.42026e-05 0.00211203 0.0247005 0.925698 0.0412398 0.00620406 
4.5166e-08 5.92658e-06 0.000466589 0.0121756 0.50272 0.443902 0.033339 0.00665938 0.000688403 4.27599e-05 
4.75225e-14 1.05173e-11 3.97641e-10 4.15509e-08 3.65403e-06 0.000341728 0.00445478 0.0281074 0.940043 0.0270494 
3.45025e-08 5.01337e-06 0.000109028 0.00334184 0.0382016 0.660864 0.284474 0.0117705 0.00113867 9.48175e-05 
2.1475e-16 3.97943e-14 2.59599e-12 2.09633e-10 2.11693e-08 1.8959e-06 0.000454375 0.00433307 0.0320213 0.963189 
1.00968e-11 1.60674e-09 5.26819e-08 2.024e-06 6.09894e-05 0.00283428 0.0279815 0.924687 0.0395643 0.00486939 
9.1479e-17 1.99094e-14 8.96848e-13 6.33669e-11 5.03333e-09 6.84835e-07 0.000146089 0.00241519 0.0223556 0.975082 
1.69804e-09 1.03341e-07 2.29071e-06 9.0222e-05 0.00118505 0.0140334 0.0563027 0.887895 0.0365754 0.00391618 
2.09578e-08 2.91679e-06 7.58876e-05 0.0022042 0.0250598 0.481375 0.460821 0.0280205 0.00236743 7.37244e-05 
6.61877e-12 9.93002e-10 3.04461e-08 1.17906e-06 3.62282e-05 0.00199857 0.0207668 0.909199 0.0552717 0.0127268 
1.66143e-09 9.69621e-08 1.98271e-06 6.10483e-05 0.000880138 0.00600549 0.0340785 0.908571 0.044963 0.00543875 
0.000103799 0.00613533 0.0408896 0.103292 0.817079 0.0305834 0.00188902 2.6704e-05 9.80282e-07 2.63808e-08 
4.76672e-06 0.000347612 0.00426063 0.0318452 0.086521 0.0878232 0.781405 0.00756874 0.00022336 8.93983e-07 
1.04943e-16 2.28469e-14 1.02966e-12 7.14344e-11 5.53619e-09 7.27722e-07 0.00011679 0.00256808 0.0242696 0.973045 
5.55536e-14 1.18452e-11 4.8139e-10 5.4967e-08 7.30239e-06 0.00325786 0.86205 0.0751709 0.0464265 0.0130877 
5.56334e-13 7.45054e-11 1.72487e-09 7.47186e-08 3.95878e-06 0.000163201 0.00372855 0.415095 0.574467 0.00654204 
2.90507e-09 3.65478e-07 5.13518e-06 0.00027561 0.0038606 0.0432929 0.904768 0.0423988 0.00494129 0.000457335 
1.222e-12 1.7546e-10 3.67954e-09 2.26418e-07 7.46815e-06 0.000677857 0.00462251 0.0359382 0.936587 0.0221666 
2.55973e-21 3.11567e-19 9.71961e-17 3.39588e-14 2.56212e-11 1.75373e-08 0.000108936 0.00257209 0.961993 0.035326 
1.42363e-14 2.52249e-12 1.04298e-10 1.06458e-08 5.1053e-07 4.6176e-05 0.00273106 0.871282 0.0910554 0.034885 
4.42383e-08 5.68034e-06 0.00047711 0.0188139 0.841694 0.0832038 0.0396434 0.014275 0.00173762 0.000149311 
4.40796e-11 7.3099e-09 6.39954e-07 6.32099e-05 0.00149974 0.0177322 0.510449 0.443463 0.0232582 0.00353414 
1.06822e-14 1.89777e-12 7.82968e-11 7.94383e-09 3.7904e-07 3.62609e-05 0.00218635 0.0178281 0.0443872 0.935562 
3.29293e-08 4.08964e-06 8.66495e-05 0.00231596 0.0214504 0.0684757 0.87495 0.0294796 0.00307363 0.000164106 
3.78579e-13 5.41993e-11 1.5102e-09 6.69047e-08 2.64125e-06 0.000189851 0.00288183 0.0245237 0.0573258 0.915076 
5.76293e-08 7.53652e-06 0.000349196 0.00903032 0.643385 0.298828 0.0385821 0.00872223 0.0010155 8.03958e-05 
5.04912e-06 0.000323186 0.00391185 0.0326872 0.129177 0.806103 0.026139 0.00161487 3.76279e-05 6.73032e-07 
4.79494e-06 0.000300238 0.00386335 0.0264128 0.0986722 0.840892 0.0282258 0.00160483 2.37674e-05 5.91918e-07 
4.54024e-22 7.94947e-20 7.3049e-17 1.12259e-13 1.40885e-10 3.02177e-08 0.000108444 0.00244189 0.0176915 0.979758 
5.65232e-17 1.23499e-14 5.46154e-13 3.88233e-11 2.98776e-09 4.08235e-07 0.00012727 0.00133496 0.0124569 0.98608 
1.20519e-15 2.00213e-13 8.02531e-12 7.71477e-10 2.24518e-08 1.93875e-06 0.000173677 0.00242607 0.0149913 0.982407 
6.72991e-13 8.83883e-11 1.9655e-09 1.08526e-07 4.86025e-06 0.00083551 0.879747 0.0515838 0.053428 0.0144004 
1.90673e-12 2.60014e-10 7.22259e-09 2.63644e-07 4.24924e-06 0.000158106 0.00329613 0.886103 0.0871009 0.0233376 
1.99599e-09 2.53716e-07 3.21159e-06 0.00015924 0.00187939 0.0246869 0.881701 0.0667165 0.0225354 0.00231846 
3.71681e-08 5.64062e-06 0.000129301 0.00416045 0.0475484 0.878362 0.0530459 0.0147955 0.00180737 0.000145502 
1.24317e-09 7.93662e-08 1.62231e-06 7.57521e-05 0.000515758 0.00570477 0.0338521 0.918045 0.0389627 0.00284233 
0.000103768 0.00566186 0.0595608 0.858309 0.068159 0.00724449 0.000951133 9.52519e-06 1.79467e-07 4.79221e-09 
7.581e-06 0.000469867 0.00555421 0.0351427 0.0979821 0.839211 0.0207552 0.000864351 1.26994e-05 4.1409e-07 
1.77396e-15 3.7542e-13 1.67002e-11 1.85286e-09 1.69384e-07 1.25056e-05 0.0019185 0.018707 0.0540563 0.925306 
6.14176e-39 4.09538e-35 9.27137e-31 1.33119e-26 2.95808e-22 3.76299e-18 1.4355e-13 1.06546e-09 1.96822e-05 0.99998 
2.30526e-10 1.93072e-08 8.34836e-07 6.05901e-05 0.00193508 0.0259316 0.878306 0.06206 0.0273937 0.00431248 
0.000377289 0.0111681 0.057382 0.109503 0.773319 0.0440783 0.00414275 2.85095e-05 1.11333e-06 2.90688e-08 
4.07663e-05 0.00344068 0.027054 0.302786 0.621661 0.0405851 0.0041352 0.000292091 5.2493e-06 2.14512e-07 
2.48134e-05 0.0016437 0.269531 0.175626 0.512223 0.0368075 0.00385573 0.00028171 5.69662e-06 3.16094e-07 
3.81698e-15 8.34538e-13 3.33223e-11 3.6765e-09 2.21706e-07 1.61114e-05 0.00430522 0.0421839 0.913241 0.0402539 
3.50714e-10 4.38489e-08 9.81206e-07 4.80514e-05 0.00472802 0.135057 0.612589 0.231659 0.0148915 0.00102573 
5.21337e-15 1.02726e-12 5.04215e-11 5.9783e-09 6.92202e-07 7.21741e-05 0.00750744 0.0468478 0.910751 0.0348205 
0.000490318 0.0103351 0.114353 0.83994 0.0333639 0.00144799 6.92557e-05 6.52523e-07 1.22576e-08 5.88988e-10 
1.71013e-22 2.01701e-20 5.18906e-18 1.11205e-15 6.04613e-13 1.16547e-10 2.67381e-07 2.57034e-05 0.000350439 0.999624 
1.4786e-08 1.989e-06 4.58273e-05 0.00133019 0.028796 0.0958224 0.74723 0.122342 0.00420743 0.000224152 
2.22628e-16 4.5938e-14 2.19813e-12 1.75023e-10 1.22303e-08 2.72997e-06 0.000303139 0.00449125 0.0277046 0.967498 
6.66056e-08 8.57586e-06 0.000192057 0.00457432 0.0473851 0.905896 0.0360557 0.00504069 0.00074681 0.00010051 
2.37826e-12 3.16017e-10 7.00781e-09 3.19784e-07 2.16221e-05 0.000935712 0.0133018 0.0541499 0.916896 0.0146945 
1.83489e-14 3.12068e-12 1.13186e-10 1.10616e-08 4.62689e-07 3.99036e-05 0.00137327 0.0178176 0.928939 0.0518294 
1.59354e-19 2.60898e-17 3.21314e-15 5.19631e-13 1.18225e-10 2.43898e-08 7.61016e-05 0.000968262 0.0176034 0.981352 
3.23727e-09 3.62405e-07 4.62829e-06 0.000163401 0.00159231 0.0131266 0.033465 0.0559813 0.888627 0.00703971 
1.34454e-11 2.08742e-09 6.4743e-08 2.53341e-06 8.59557e-05 0.00277236 0.0190044 0.903238 0.0621172 0.0127791 
4.85111e-06 0.000351654 0.00953258 0.284687 0.637606 0.0564306 0.0103187 0.000997355 5.86433e-05 1.2891e-05 
2.36958e-15 4.29577e-13 2.18106e-11 2.33279e-09 1.79312e-07 1.64911e-05 0.00203317 0.0214956 0.938694 0.0377602 
6.32754e-10 5.70673e-08 8.97722e-07 3.22912e-05 0.000462162 0.0124995 0.893138 0.0614414 0.0289228 0.00350279 
5.68865e-08 7.53327e-06 0.000243713 0.0136455 0.808409 0.121366 0.0463165 0.00916022 0.000798972 5.24961e-05 
5.62304e-17 1.22342e-14 5.48626e-13 4.00692e-11 3.29048e-09 4.59655e-07 0.000123685 0.00273646 0.484174 0.512966 
1.02031e-16 2.14686e-14 1.37144e-12 2.26552e-10 7.28508e-08 5.01821e-06 0.00100047 0.0224076 0.936054 0.0405326 
1.66411e-14 3.06541e-12 1.23232e-10 1.23221e-08 5.7087e-07 5.22202e-05 0.00304774 0.0334148 0.938953 0.0245315 
3.81202e-18 8.1575e-16 4.07779e-14 4.74596e-12 5.88683e-10 9.32473e-08 8.72292e-05 0.00120704 0.0202956 0.97841 
1.02343e-13 1.64349e-11 5.24113e-10 2.63119e-08 1.37118e-06 0.000101617 0.00446133 0.0387647 0.929506 0.0271653 
7.23849e-17 1.58019e-14 7.03958e-13 5.17004e-11 4.24223e-09 5.92248e-07 0.00020316 0.00350017 0.0346361 0.96166 
1.43559e-14 2.58001e-12 1.02933e-10 1.02785e-08 4.69781e-07 4.41124e-05 0.00277981 0.0289391 0.94686 0.0213766 
9.8655e-19 2.20838e-16 8.99348e-15 8.15231e-13 7.18144e-11 1.11422e-08 1.19858e-05 0.000151188 0.00473527 0.995102 
3.28965e-12 4.82364e-10 1.27047e-08 5.45306e-07 2.02907e-05 0.00121163 0.0179804 0.930145 0.0410663 0.00957605 
1.0707e-18 2.17309e-16 1.42301e-14 2.00859e-12 4.33907e-10 6.31055e-08 0.000126037 0.00203472 0.0213065 0.976533 
1.49668e-11 2.26117e-09 7.06535e-08 2.72089e-06 8.92522e-05 0.00320893 0.0177103 0.0600798 0.907789 0.0111197 
2.72278e-15 4.70445e-13 1.82641e-11 1.80452e-09 5.64074e-08 6.47735e-06 0.000147091 0.00216542 0.0227019 0.974979 
1.26735e-11 1.96208e-09 5.84592e-08 2.26941e-06 6.67209e-05 0.00204069 0.0105418 0.0411441 0.924583 0.0216218 
9.02698e-09 1.49634e-06 2.46954e-05 0.000622157 0.00782688 0.048208 0.105754 0.831527 0.00584015 0.000195948 
5.84294e-09 5.74666e-07 8.32457e-06 0.000332035 0.00452291 0.04058 0.0927532 0.854655 0.00697919 0.000168982 
7.70098e-08 9.9218e-06 0.000276773 0.00567774 0.0486425 0.894433 0.044172 0.00636119 0.000385699 4.13076e-05 
1.52434e-08 2.2881e-06 5.56247e-05 0.00155961 0.0227069 0.826265 0.10299 0.0392193 0.00626633 0.000935334 
1.25602e-11 1.75528e-09 4.68844e-08 1.85976e-06 6.09358e-05 0.0015511 0.00902325 0.0255869 0.899538 0.0642378 
8.52949e-10 1.06778e-07 1.35625e-06 5.86591e-05 0.000791742 0.0152048 0.898105 0.0584085 0.0242684 0.00316176 
8.93521e-11 7.16865e-09 1.81611e-07 5.45436e-06 0.000163831 0.00417942 0.023561 0.876867 0.0809539 0.0142695 
1.42665e-14 2.66249e-12 1.05124e-10 1.05367e-08 5.03821e-07 4.42837e-05 0.00291339 0.0313768 0.0772635 0.888402 
7.79371e-16 1.62851e-13 7.15637e-12 7.07298e-10 6.88376e-08 5.22051e-06 0.00134074 0.45769 0.502784 0.0381799 
9.17989e-15 1.67914e-12 6.9179e-11 6.85479e-09 3.19029e-07 2.98402e-05 0.00201493 0.0250108 0.944918 0.0280264 
3.17276e-10 1.91152e-08 3.93027e-07 7.93978e-06 0.000308533 0.00200607 0.00980298 0.0400546 0.920785 0.0270349 
9.36888e-05 0.0058105 0.148828 0.469664 0.358244 0.015216 0.00201974 0.000120652 2.46445e-06 1.00068e-07 
1.2247e-16 2.6572e-14 1.20396e-12 8.7317e-11 8.28412e-09 1.23849e-06 0.00053777 0.0758443 0.872426 0.0511906 
1.07937e-12 1.38879e-10 2.80815e-09 1.03728e-07 7.51686e-06 0.000115213 0.00271379 0.0238522 0.956635 0.0166761 
1.08313e-16 2.35989e-14 1.05746e-12 7.6082e-11 6.51898e-09 8.46966e-07 0.000194681 0.00271825 0.0211993 0.975887 
6.57423e-15 1.36308e-12 5.59706e-11 5.78394e-09 3.93524e-07 4.46476e-05 0.00284717 0.0293992 0.925104 0.0426042 
5.48225e-09 5.50341e-07 8.62481e-06 0.000499294 0.0174038 0.873272 0.0710384 0.0320291 0.00522364 0.000524381 
9.61215e-17 2.09414e-14 9.34107e-13 6.74488e-11 5.4329e-09 7.62309e-07 0.000313322 0.00535438 0.93209 0.0622419 
5.76121e-09 5.09205e-07 8.84327e-06 0.00035834 0.00345566 0.0222199 0.0462309 0.891691 0.0328696 0.00316478 
7.4729e-17 1.62708e-14 7.27382e-13 5.19776e-11 4.12213e-09 5.66009e-07 0.000136327 0.00181399 0.0141218 0.983927 
3.13262e-09 2.91637e-07 4.92159e-06 0.000258494 0.00561904 0.0449936 0.887657 0.0459247 0.0138144 0.00172754 
2.8696e-16 5.45178e-14 2.23087e-12 1.90813e-10 1.09908e-08 1.46569e-06 0.00025574 0.00320238 0.0289595 0.967581 
6.33974e-05 0.00449546 0.0436795 0.814447 0.0999948 0.0324962 0.004504 0.000313394 6.17366e-06 2.73722e-07 
6.22153e-15 1.20262e-12 4.7178e-11 4.68344e-09 2.53043e-07 2.26075e-05 0.00193604 0.0226125 0.069331 0.906098 
7.86984e-17 1.71268e-14 7.65288e-13 5.43791e-11 4.30115e-09 5.86402e-07 0.000112659 0.00173119 0.0127836 0.985372 
4.46934e-17 9.75695e-15 4.32786e-13 3.27477e-11 2.72183e-09 3.88221e-07 0.000166307 0.00195546 0.0215957 0.976282 
2.62649e-07 3.07403e-05 0.00183742 0.033538 0.8909 0.0613954 0.0105847 0.00158778 0.000113686 1.1972e-05 
1.92186e-09 2.38715e-07 2.6266e-06 7.12417e-05 0.000567206 0.00994253 0.0367285 0.911057 0.0386378 0.00299294 
5.44868e-13 8.94719e-11 6.85148e-09 2.69068e-07 1.73215e-05 0.00228418 0.0300438 0.914225 0.0451539 0.00827577 
4.65097e-09 3.86933e-07 6.495e-06 0.000362516 0.0128633 0.822607 0.0760356 0.062575 0.0231707 0.00237864 
5.52751e-15 9.10042e-13 3.62096e-11 3.40215e-09 1.2488e-07 1.41224e-05 0.000321222 0.00406003 0.0218899 0.973715 
1.99702e-07 1.76909e-05 0.00119488 0.0229502 0.84884 0.0955347 0.0282435 0.00306961 0.000131749 1.76925e-05 
4.36075e-08 5.17815e-06 0.000125011 0.00340514 0.034351 0.484741 0.46451 0.0116441 0.00111952 9.86529e-05 
1.3511e-14 2.44421e-12 9.50767e-11 9.32822e-09 4.12272e-07 3.88703e-05 0.00238148 0.890483 0.0852146 0.0218818 
1.84342e-06 0.000184749 0.00217622 0.015036 0.0700776 0.869964 0.0383026 0.00411819 0.000129009 9.66891e-06 
6.17316e-12 9.35956e-10 3.34946e-08 1.19628e-06 3.6987e-05 0.00152196 0.020869 0.936147 0.0354552 0.00596892 
1.96288e-11 3.03683e-09 1.70644e-07 1.43634e-05 0.000538874 0.0150401 0.886835 0.062218 0.0308055 0.00454783 
1.60692e-11 2.45707e-09 1.00826e-07 7.27761e-06 0.000765765 0.0159482 0.88464 0.0640136 0.0304474 0.00417756 
2.3897e-11 3.47103e-09 2.51989e-07 1.89772e-05 0.000971024 0.019361 0.889928 0.0579385 0.0266981 0.00508376 
3.12334e-14 6.14618e-12 3.57335e-10 4.49217e-08 4.54576e-06 0.000596301 0.0161086 0.902476 0.055308 0.0255063 
3.58429e-09 2.84719e-07 4.66415e-06 0.00015376 0.00380744 0.329516 0.609909 0.0426424 0.0123948 0.00157134 
4.35827e-06 0.000259554 0.00463535 0.113901 0.828357 0.0467185 0.00566072 0.000450039 1.35614e-05 3.32677e-07 
6.28636e-09 6.47973e-07 1.25039e-05 0.000379476 0.00488335 0.0510335 0.900202 0.0398588 0.00346771 0.000162119 
2.57622e-19 5.45311e-17 2.18997e-15 2.34081e-13 2.81871e-11 6.25781e-09 2.28901e-05 0.000111262 0.00215229 0.997714 
