24218
3.64405e-07 6.86779e-05 0.0119384 0.871162 0.0899927 0.0260545 0.000777357 6.10792e-06 6.76539e-08 1.16606e-10 
4.24744e-21 5.55989e-19 2.43455e-16 1.03067e-13 6.38993e-11 9.90254e-09 2.10202e-05 0.00136908 0.493348 0.505262 
5.5697e-05 0.00932591 0.0671851 0.865304 0.0454115 0.012331 0.000382265 4.31009e-06 1.07316e-07 2.24191e-09 
4.45463e-05 0.00582264 0.812058 0.134694 0.0430148 0.00423807 0.000126313 1.15184e-06 5.98787e-08 1.8205e-09 
8.78445e-21 1.30321e-18 8.37658e-16 8.14559e-13 8.59845e-10 2.31003e-07 0.000344847 0.0163246 0.972344 0.0109865 
1.59127e-12 1.85936e-10 4.40022e-08 5.2304e-06 0.000427461 0.0133887 0.953857 0.0261659 0.00609689 5.85907e-05 
5.24051e-21 7.59439e-19 4.65565e-16 4.53242e-13 4.87254e-10 1.40746e-07 0.000209209 0.0097523 0.98322 0.00681837 
3.13832e-24 8.3529e-22 9.07651e-19 6.50103e-16 5.21606e-13 1.08224e-09 1.47698e-05 0.000159883 0.00660701 0.993218 
3.56111e-10 5.76407e-08 4.54961e-06 0.000670258 0.0249123 0.954935 0.0189521 0.000520106 5.1116e-06 1.41631e-08 
3.06216e-24 8.11339e-22 8.71001e-19 5.76336e-16 4.0718e-13 6.8263e-10 9.19222e-06 6.46582e-05 0.00276105 0.997165 
1.05778e-12 1.24024e-10 3.07141e-08 4.1878e-06 0.000495233 0.908093 0.0755309 0.0153135 0.000561415 1.80741e-06 
1.63824e-07 3.22575e-05 0.00941674 0.889834 0.0768004 0.0232403 0.000670903 5.27377e-06 5.43969e-08 9.63313e-11 
2.45416e-12 2.861e-10 6.84168e-08 8.3143e-06 0.000724022 0.01792 0.0744279 0.902213 0.00468497 2.15956e-05 
4.01484e-27 1.69667e-24 3.12506e-21 7.64615e-18 1.15607e-14 5.7047e-12 2.52132e-08 5.60153e-06 0.000980583 0.999014 
2.09032e-10 4.84103e-08 0.000117083 0.00930039 0.908128 0.0658942 0.0155813 0.000955519 2.293e-05 8.42843e-08 
3.17818e-24 8.48302e-22 9.29531e-19 6.97123e-16 5.90303e-13 1.33651e-09 1.84146e-05 0.000172277 0.00686358 0.992946 
8.52833e-05 0.00313092 0.0344198 0.925297 0.0359458 0.0010474 7.37012e-05 3.19514e-07 4.69803e-09 3.32982e-11 
4.03389e-26 1.07572e-23 1.15447e-20 7.51317e-18 5.31372e-15 2.88667e-12 1.07019e-08 8.01319e-06 0.000446377 0.999546 
4.37293e-17 5.21285e-15 1.4941e-12 3.20777e-10 1.36169e-07 6.16565e-05 0.00230984 0.0175517 0.974885 0.00519132 
2.83823e-12 3.30384e-10 7.79556e-08 9.11323e-06 0.000799092 0.0188034 0.960241 0.0188365 0.00130756 3.51913e-06 
4.34787e-23 6.56021e-21 4.0822e-18 2.55097e-15 2.04185e-12 1.72852e-09 2.21148e-05 0.000211322 0.00761115 0.992155 
7.88167e-20 2.28497e-17 3.00896e-14 3.91189e-11 4.67592e-08 3.34519e-06 0.00213701 0.482884 0.507607 0.00736878 
3.03648e-12 3.53726e-10 8.42908e-08 1.00259e-05 0.000727347 0.0160496 0.047084 0.921429 0.0140454 0.000654799 
4.11633e-09 5.77593e-07 5.77673e-05 0.00267193 0.0211278 0.943442 0.0287312 0.00377468 0.000193972 3.56375e-07 
0.000138562 0.00421209 0.831263 0.127032 0.0361784 0.0011242 5.20204e-05 2.40025e-07 3.60052e-09 3.26335e-11 
7.05484e-17 8.94507e-15 3.4781e-12 1.02071e-09 3.67442e-07 8.12935e-05 0.00959544 0.974133 0.0153343 0.000855424 
1.48085e-21 2.08419e-19 1.13197e-16 7.43888e-14 6.16844e-11 2.41528e-08 6.49979e-05 0.00381594 0.977166 0.0189529 
8.36769e-06 0.000645721 0.0100555 0.0516293 0.919164 0.0182949 0.000201637 7.28442e-07 6.8154e-09 1.26783e-11 
6.21017e-18 7.61696e-16 2.62367e-13 1.08512e-10 9.73472e-08 1.70135e-05 0.00647123 0.947802 0.0396109 0.00609905 
1.96944e-12 2.29453e-10 5.46337e-08 6.51681e-06 0.00052799 0.0184235 0.96121 0.0177979 0.00202731 7.088e-06 
5.70439e-21 8.56171e-19 5.74238e-16 6.48197e-13 7.61689e-10 2.15579e-07 0.000337942 0.0143169 0.975739 0.00960621 
7.24745e-21 1.01363e-18 5.64344e-16 4.76417e-13 4.87685e-10 1.34534e-07 0.0002648 0.0107288 0.981322 0.00768396 
6.36408e-26 1.72799e-23 1.92214e-20 1.55449e-17 1.57902e-14 1.29575e-11 5.04998e-08 5.28579e-05 0.00259466 0.997352 
7.24666e-24 2.97301e-21 5.37971e-18 1.64527e-14 2.27923e-11 7.46386e-09 3.93179e-05 0.00150874 0.0123836 0.986068 
2.13236e-08 3.35033e-06 0.000594629 0.0146571 0.926026 0.0525903 0.00595085 0.00017654 9.43523e-07 1.41305e-09 
0.00868915 0.0618875 0.901206 0.0271485 0.00106422 4.62321e-06 2.05958e-07 9.54501e-08 4.24928e-08 1.65287e-09 
1.94028e-12 2.26589e-10 5.41056e-08 6.66046e-06 0.000583038 0.0161428 0.962993 0.0190138 0.00125801 3.01897e-06 
1.1138e-12 1.30038e-10 3.12819e-08 3.8575e-06 0.000349927 0.00922217 0.975804 0.0134304 0.00118778 2.12005e-06 
2.64118e-12 3.09594e-10 7.73933e-08 1.65163e-05 0.00270228 0.9219 0.0608189 0.0140578 0.000502567 1.65464e-06 
3.45678e-24 9.20756e-22 9.99489e-19 7.08397e-16 5.61378e-13 1.1577e-09 1.5758e-05 0.000198656 0.00768774 0.992098 
1.60575e-12 1.86791e-10 4.29804e-08 4.68278e-06 0.000463539 0.0037504 0.0155419 0.939584 0.0360604 0.00459541 
7.28198e-21 1.03504e-18 5.96741e-16 4.9391e-13 4.90313e-10 1.163e-07 0.00023029 0.0101977 0.970086 0.0194857 
5.64165e-21 7.59856e-19 3.88743e-16 3.48104e-13 3.90456e-10 1.00436e-07 0.000179887 0.00798772 0.0345813 0.957251 
3.2715e-11 4.62611e-09 5.87748e-07 0.000103128 0.00192571 0.0149182 0.974542 0.00819724 0.000311661 1.00746e-06 
5.48215e-16 8.99671e-14 6.27546e-11 1.99106e-08 3.39296e-06 0.000303976 0.914514 0.066814 0.0182278 0.000137191 
7.21996e-17 9.4891e-15 5.64511e-12 1.3674e-08 2.7407e-05 0.0021361 0.939061 0.0448172 0.0138652 9.26835e-05 
1.07582e-09 1.96036e-07 3.30874e-05 0.000730057 0.0218583 0.960149 0.0167759 0.000447885 5.02488e-06 1.43186e-08 
1.7132e-12 1.99944e-10 4.79901e-08 5.89282e-06 0.000647268 0.0177697 0.965395 0.0156255 0.000554846 1.76048e-06 
1.09025e-12 1.26359e-10 2.97015e-08 3.24455e-06 0.000400814 0.0130791 0.954508 0.0265771 0.0053626 6.95911e-05 
1.73914e-16 2.13747e-14 7.22986e-12 1.84911e-09 6.69433e-07 0.000223091 0.014465 0.953388 0.0301084 0.00181535 
2.6707e-24 7.09116e-22 7.68443e-19 5.45546e-16 4.41637e-13 1.0991e-09 1.53054e-05 0.000169577 0.00691335 0.992902 
8.82007e-25 2.41735e-22 2.7497e-19 2.36208e-16 2.08915e-13 8.84638e-11 5.69922e-07 2.48759e-05 0.00139404 0.998581 
1.4577e-12 1.70056e-10 4.02562e-08 4.79502e-06 0.000347308 0.00674074 0.946096 0.037114 0.00965201 4.51615e-05 
2.10743e-25 5.66481e-23 6.17891e-20 4.45993e-17 3.59598e-14 1.59045e-11 6.25315e-08 5.91324e-05 0.0033292 0.996612 
2.32478e-12 2.71682e-10 6.47596e-08 8.02642e-06 0.000814748 0.0193947 0.96317 0.0160224 0.000588478 1.97868e-06 
4.26424e-24 1.13613e-21 1.2386e-18 9.04237e-16 7.44631e-13 1.67146e-09 2.30747e-05 0.00043999 0.00982997 0.989707 
3.11133e-10 6.19449e-08 2.73306e-05 0.00549028 0.937096 0.0477219 0.00937688 0.000284546 3.11546e-06 9.31006e-09 
1.9672e-16 2.4084e-14 8.07835e-12 1.93011e-09 5.89872e-07 0.000244916 0.00740273 0.0300812 0.958286 0.00398473 
3.42311e-24 9.12363e-22 9.91794e-19 7.08876e-16 5.65658e-13 1.10018e-09 1.48461e-05 0.00020818 0.00800579 0.991771 
0.0396125 0.606516 0.339837 0.0132706 0.000759004 4.69506e-06 1.12221e-07 2.95752e-08 1.30761e-08 5.08542e-10 
4.55912e-10 6.87715e-08 5.98574e-06 0.000774674 0.0219464 0.942815 0.0336952 0.000757111 5.60913e-06 1.61917e-08 
1.01211e-16 1.26083e-14 4.57238e-12 1.21558e-09 4.10631e-07 0.000131993 0.00961937 0.9779 0.012243 0.000105254 
2.49568e-18 6.65905e-16 7.43114e-13 3.66284e-10 1.49384e-07 1.58791e-05 0.00797927 0.968426 0.0210473 0.00253125 
4.09564e-10 6.53092e-08 5.33557e-06 0.000739566 0.0242408 0.955281 0.01915 0.000577053 6.40829e-06 1.79394e-08 
7.77156e-14 1.02236e-11 4.14797e-09 1.2335e-06 0.000138754 0.0119874 0.93604 0.04225 0.00948823 9.43043e-05 
3.25715e-24 8.70196e-22 9.53725e-19 7.15513e-16 6.0603e-13 1.26995e-09 1.72455e-05 0.0002224 0.00879826 0.990962 
1.75282e-21 3.04227e-19 2.41096e-16 1.82844e-13 1.48329e-10 4.29706e-08 0.000101487 0.00541696 0.979007 0.0154745 
3.31123e-24 8.84719e-22 9.68322e-19 7.19839e-16 6.01815e-13 1.17277e-09 1.57773e-05 0.000892528 0.968028 0.0310632 
4.21633e-10 6.77449e-08 5.28659e-06 0.000753448 0.0249602 0.952308 0.0207762 0.00114724 4.88517e-05 3.18715e-07 
1.58528e-08 2.69191e-06 0.000494987 0.00853643 0.0376261 0.0504133 0.898049 0.00482702 5.07355e-05 2.28634e-08 
3.34666e-24 8.91614e-22 9.70016e-19 6.97396e-16 5.60946e-13 1.12638e-09 1.52238e-05 0.000175756 0.00622511 0.993584 
1.89252e-16 2.30435e-14 7.49869e-12 1.78678e-09 6.08184e-07 0.000245905 0.0107364 0.048836 0.938126 0.0020555 
2.94671e-07 5.97978e-05 0.0145741 0.88983 0.0748449 0.0200466 0.000638661 5.41939e-06 6.08629e-08 1.14344e-10 
2.22939e-12 2.60287e-10 6.27886e-08 7.75712e-06 0.000628509 0.0184108 0.964981 0.0153429 0.000626458 2.18795e-06 
1.09169e-16 1.34497e-14 4.67066e-12 1.17752e-09 3.68389e-07 9.86465e-05 0.00995982 0.975474 0.0142637 0.000203808 
2.27057e-12 2.6532e-10 6.37977e-08 7.97443e-06 0.000754741 0.0202732 0.960612 0.0177188 0.000631054 2.16573e-06 
6.50767e-23 2.0995e-20 2.92165e-17 4.35677e-14 4.55628e-11 2.43616e-08 3.44794e-05 0.00176084 0.962928 0.0352763 
4.36859e-08 5.67888e-06 0.000649218 0.00732293 0.0440335 0.931428 0.0161757 0.000382022 3.20508e-06 6.53225e-09 
0.0362509 0.924289 0.0380788 0.00135952 2.1459e-05 1.56489e-07 6.40512e-09 2.69871e-09 1.20037e-09 4.66908e-11 
1.01839e-22 1.35207e-20 6.15215e-18 3.65792e-15 3.12524e-12 2.90014e-09 2.15953e-05 0.00070712 0.966858 0.0324137 
1.01781e-11 1.09338e-09 2.95249e-07 3.82842e-05 0.00518084 0.922166 0.057741 0.0143445 0.000526634 2.214e-06 
3.00551e-24 8.09713e-22 9.06724e-19 7.57416e-16 7.10238e-13 1.65994e-09 2.29362e-05 0.000223229 0.00798435 0.991769 
2.71934e-24 7.23638e-22 7.88804e-19 5.77956e-16 4.82948e-13 1.16947e-09 1.62047e-05 0.000198136 0.00763629 0.992149 
3.22547e-24 8.59983e-22 9.39625e-19 6.954e-16 5.85835e-13 1.40524e-09 1.94894e-05 0.00024752 0.00829777 0.991435 
1.99004e-24 5.32812e-22 5.90711e-19 4.7375e-16 4.3145e-13 1.08247e-09 1.51258e-05 0.000169049 0.00676213 0.993054 
1.61934e-24 4.3409e-22 4.83231e-19 3.95505e-16 3.69445e-13 1.0187e-09 1.43648e-05 0.000148445 0.00590747 0.99393 
0.00067657 0.0137915 0.883226 0.0803805 0.0213739 0.000547503 3.83613e-06 1.15091e-07 4.10383e-08 1.58928e-09 
4.84406e-13 5.64351e-11 1.35844e-08 2.06069e-06 0.00112782 0.473781 0.506576 0.0155766 0.00289338 4.37944e-05 
6.12144e-18 7.27882e-16 2.11368e-13 4.7696e-11 2.4004e-08 1.15911e-05 0.00534725 0.94377 0.0420852 0.0087858 
1.20262e-12 1.39758e-10 3.16961e-08 3.33873e-06 0.000267472 0.00301586 0.130539 0.855703 0.0103517 0.000120077 
1.37194e-16 1.68245e-14 5.67365e-12 1.45319e-09 5.39294e-07 0.000173115 0.0143743 0.966503 0.0188217 0.000127306 
2.1112e-24 5.60478e-22 6.08514e-19 4.36194e-16 3.50737e-13 7.89121e-10 1.09611e-05 0.000126459 0.00522831 0.994634 
2.93627e-12 3.42145e-10 8.16324e-08 9.87074e-06 0.000808837 0.0184635 0.964935 0.0152367 0.000544085 1.94241e-06 
1.47164e-10 2.09412e-08 2.7701e-06 0.000535949 0.0184061 0.959562 0.0198789 0.00155332 6.0401e-05 1.85245e-07 
7.33946e-06 0.000730455 0.0279708 0.928626 0.0409705 0.00161742 7.73069e-05 3.59849e-07 4.81209e-09 2.3071e-11 
5.56024e-10 9.18787e-08 1.89464e-05 0.00238722 0.903607 0.0777364 0.0158204 0.000424482 5.14549e-06 1.68689e-08 
8.38839e-21 1.18894e-18 6.68031e-16 4.83504e-13 4.39841e-10 1.14247e-07 0.000209311 0.0100703 0.0366138 0.953106 
2.9538e-24 7.89636e-22 8.67187e-19 6.57542e-16 5.61909e-13 1.17007e-09 1.58703e-05 0.000185039 0.00689244 0.992907 
4.19833e-10 6.77267e-08 5.69993e-06 0.00124496 0.026621 0.952753 0.018801 0.000568477 5.75146e-06 1.68846e-08 
4.48862e-08 5.2529e-06 0.00104183 0.0230745 0.931892 0.0397619 0.00409708 0.000125297 2.33247e-06 1.05227e-08 
2.99471e-10 4.85137e-08 3.52887e-06 0.00044324 0.00809859 0.925803 0.0549428 0.0103132 0.000394586 9.41743e-07 
2.48024e-12 2.88993e-10 6.85951e-08 8.23802e-06 0.000678146 0.0139105 0.0475768 0.935404 0.00241937 2.8223e-06 
3.94477e-21 5.8304e-19 3.72679e-16 3.69127e-13 3.96313e-10 1.0913e-07 0.000190739 0.00954379 0.983756 0.00650901 
2.51297e-24 6.68962e-22 7.30216e-19 5.40909e-16 4.61215e-13 1.20779e-09 1.68895e-05 0.000203021 0.00793772 0.991842 
5.16562e-08 6.12492e-06 0.00108482 0.0268431 0.933545 0.0366445 0.00182219 5.35045e-05 3.51459e-07 5.23517e-10 
2.06298e-24 5.49772e-22 5.96551e-19 4.21175e-16 3.28553e-13 5.52987e-10 7.29775e-06 0.000131084 0.00606686 0.993795 
3.88868e-24 1.03813e-21 1.13803e-18 8.56634e-16 7.29162e-13 1.65167e-09 2.27813e-05 0.000202121 0.00820766 0.991567 
8.11545e-21 1.40382e-18 1.43819e-15 4.3195e-12 7.0239e-09 2.6014e-06 0.00390934 0.947305 0.0411888 0.00759443 
3.85261e-21 5.67937e-19 3.63427e-16 3.72528e-13 4.04532e-10 1.25669e-07 0.000305238 0.0116082 0.980331 0.00775508 
2.09018e-12 2.43965e-10 5.82624e-08 7.04959e-06 0.000591734 0.0159775 0.962022 0.019738 0.00166018 3.44181e-06 
1.20355e-16 1.48084e-14 5.08199e-12 1.29456e-09 4.59779e-07 0.000155372 0.0120153 0.969118 0.0182295 0.000480842 
0.000703337 0.0238019 0.109539 0.858636 0.00728153 3.8085e-05 3.72088e-07 9.90376e-09 3.77836e-09 1.46329e-10 
1.10764e-14 1.41131e-12 4.74712e-10 1.86001e-07 0.000117292 0.00955258 0.946699 0.0344128 0.00910169 0.000116584 
1.09116e-05 0.000992758 0.0312651 0.922935 0.0433244 0.00139939 7.25212e-05 3.24862e-07 4.47198e-09 2.56311e-11 
3.25311e-11 3.78393e-09 1.50653e-06 0.000616002 0.894716 0.078691 0.0227168 0.00311322 0.000145117 6.28018e-07 
5.95956e-16 1.27261e-13 1.21101e-10 7.66123e-08 1.17851e-05 0.00217581 0.0229145 0.95784 0.0169139 0.000144456 
4.33476e-08 6.18517e-06 0.00151796 0.430325 0.520365 0.0470106 0.000765758 8.79155e-06 6.66528e-08 9.70427e-11 
2.74797e-24 7.3711e-22 8.18846e-19 6.61576e-16 6.05429e-13 1.49732e-09 2.09304e-05 0.000188455 0.00797386 0.991817 
1.94481e-12 2.26756e-10 5.47801e-08 6.83217e-06 0.000677332 0.0185406 0.950599 0.0292772 0.000896662 2.06114e-06 
2.83189e-12 3.27782e-10 7.60476e-08 8.43825e-06 0.000519506 0.00673129 0.917992 0.0608292 0.0138358 8.32163e-05 
1.42881e-16 1.76248e-14 6.12628e-12 1.5321e-09 4.90964e-07 0.000181438 0.0121619 0.973019 0.0145301 0.000106666 
3.62476e-10 6.0814e-08 1.97569e-05 0.00853579 0.903163 0.0727425 0.0149981 0.000536058 5.03766e-06 1.40794e-08 
9.1009e-17 1.13667e-14 4.16116e-12 1.17602e-09 4.62501e-07 0.000142751 0.011344 0.966845 0.0207678 0.000899956 
5.34843e-17 6.41501e-15 1.93203e-12 4.34176e-10 1.72473e-07 6.28675e-05 0.00271833 0.0262024 0.96115 0.00986604 
4.57208e-33 2.89368e-30 9.3491e-27 5.384e-23 3.29455e-19 2.06908e-15 3.9011e-11 1.81555e-07 0.00127312 0.998727 
4.64119e-10 7.69838e-08 4.97146e-06 0.000551799 0.00895169 0.0343474 0.947966 0.00795485 0.000222664 3.01864e-07 
3.33501e-12 3.87838e-10 9.08133e-08 1.03802e-05 0.000811551 0.0173396 0.967213 0.0141281 0.000495084 1.90168e-06 
0.00679576 0.0499846 0.907036 0.0338626 0.00230401 1.61491e-05 4.62423e-07 7.07719e-08 3.08972e-08 1.20121e-09 
7.21399e-08 1.27497e-05 0.00291268 0.854998 0.11261 0.0287671 0.000692788 6.63223e-06 7.44381e-08 1.56836e-10 
2.86887e-08 3.14835e-06 0.000594985 0.0112219 0.0538653 0.927741 0.00642614 0.000145542 1.56129e-06 4.89996e-09 
3.50552e-21 5.2156e-19 3.2102e-16 2.18664e-13 1.80784e-10 5.93806e-08 8.5517e-05 0.00383445 0.015886 0.980194 
3.12165e-17 3.76115e-15 1.19088e-12 2.4801e-10 5.83064e-08 2.59154e-05 0.00374738 0.968282 0.0235792 0.00436562 
3.71505e-10 6.02238e-08 5.22255e-06 0.000698632 0.0206 0.962042 0.0162463 0.000402907 4.6341e-06 1.34762e-08 
0.0350651 0.903828 0.0575965 0.00346355 4.71746e-05 1.4511e-07 8.66469e-09 4.10809e-09 1.8289e-09 7.11399e-11 
4.09096e-24 1.07397e-21 1.17559e-18 9.4343e-16 8.51162e-13 1.70072e-09 2.26367e-05 0.000587392 0.965804 0.0335864 
2.0817e-11 3.1306e-09 4.88401e-07 0.000112632 0.00843609 0.0499258 0.930491 0.0106136 0.000418593 1.50226e-06 
7.54013e-06 0.0006219 0.0145717 0.234996 0.739337 0.0103502 0.0001151 3.40374e-07 3.79113e-09 1.40793e-11 
2.23878e-24 5.98304e-22 6.57642e-19 5.0412e-16 4.45957e-13 1.12901e-09 1.57213e-05 0.000850168 0.963448 0.0356866 
4.18686e-11 4.63156e-09 1.44553e-06 0.000351002 0.0160784 0.967491 0.0151734 0.000861755 4.2572e-05 1.09162e-07 
0.972496 0.0266811 0.000810092 1.3046e-05 1.76842e-07 6.37671e-10 1.04677e-10 5.20454e-11 2.31775e-11 9.01556e-13 
5.77303e-09 8.4538e-07 0.000136217 0.00467164 0.0380031 0.939433 0.0172512 0.000499547 4.1286e-06 8.78199e-09 
2.8226e-24 7.53517e-22 8.26162e-19 6.23048e-16 5.34774e-13 1.23784e-09 1.70261e-05 0.000214637 0.00711522 0.992653 
4.2857e-06 0.000363938 0.0132756 0.950225 0.0304207 0.00556761 0.000141625 1.0442e-06 1.03379e-08 2.06449e-11 
6.39189e-21 8.82101e-19 4.72974e-16 3.85316e-13 3.88823e-10 1.31689e-07 0.000257654 0.0104989 0.978854 0.0103896 
1.59838e-16 2.08467e-14 9.71945e-12 1.02432e-08 1.16776e-05 0.00217593 0.938374 0.0447712 0.014522 0.000144862 
9.72477e-16 1.97006e-13 2.08293e-10 1.30495e-07 9.02765e-05 0.00671921 0.969985 0.0168001 0.00579664 0.000608906 
0.0348081 0.920402 0.0424661 0.00227613 4.74716e-05 1.18951e-07 5.69354e-09 2.74514e-09 1.22234e-09 4.75463e-11 
5.38413e-21 8.07533e-19 5.31149e-16 5.22833e-13 5.55139e-10 1.99496e-07 0.000804582 0.942763 0.0479046 0.00852783 
7.57179e-21 1.05897e-18 5.80973e-16 4.48221e-13 4.43899e-10 1.38463e-07 0.000252389 0.0107339 0.97385 0.0151635 
2.26956e-24 6.07459e-22 6.691e-19 5.15176e-16 4.46831e-13 1.00224e-09 1.38337e-05 0.000129969 0.00465699 0.995199 
5.67145e-10 9.36576e-08 6.47609e-06 0.000757994 0.0242028 0.949628 0.0229985 0.00232449 8.10235e-05 9.36932e-07 
2.07268e-07 4.36654e-05 0.0121518 0.902987 0.0645417 0.0197715 0.000498952 4.61113e-06 5.37172e-08 9.30215e-11 
1.88944e-24 5.04781e-22 5.55513e-19 4.27604e-16 3.74089e-13 8.99765e-10 1.24654e-05 0.000146568 0.00564248 0.994198 
2.74944e-22 3.86806e-20 2.07179e-17 1.1798e-14 8.64882e-12 3.73279e-09 2.30885e-05 0.000344579 0.00784759 0.991785 
4.70724e-14 7.17398e-12 3.20066e-09 1.41916e-06 0.0015429 0.923597 0.0495926 0.0206717 0.00453105 6.32052e-05 
4.50952e-21 6.99864e-19 4.94361e-16 5.42438e-13 7.10127e-10 5.57096e-07 0.00105392 0.0158521 0.975043 0.00805032 
4.04862e-21 5.8349e-19 3.60507e-16 3.79457e-13 4.43736e-10 1.3826e-07 0.00028813 0.0101157 0.975424 0.0141725 
3.19307e-10 5.16866e-08 4.29113e-06 0.00168959 0.90046 0.0815585 0.0158445 0.00043833 5.03264e-06 1.36203e-08 
2.05485e-16 2.50825e-14 8.27407e-12 1.91074e-09 5.66061e-07 0.000251925 0.00881611 0.967898 0.0209902 0.00204337 
2.9837e-24 7.99955e-22 8.82188e-19 6.80163e-16 5.86536e-13 1.19023e-09 1.6195e-05 0.000198072 0.0075042 0.992282 
3.72049e-25 9.98966e-23 1.10637e-19 8.86521e-17 8.23607e-14 1.86634e-10 2.54121e-06 5.20866e-05 0.00350253 0.996443 
7.5881e-21 1.06552e-18 5.86211e-16 4.26179e-13 4.04986e-10 9.38327e-08 0.000196786 0.00912955 0.984651 0.00602264 
1.77786e-12 2.07436e-10 4.87415e-08 5.68164e-06 0.000547571 0.0110685 0.960041 0.023172 0.00509706 6.7817e-05 
5.74759e-21 8.54135e-19 5.50301e-16 5.30169e-13 5.92259e-10 3.72216e-07 0.00166717 0.946583 0.0437697 0.00798022 
6.3854e-21 8.8882e-19 4.82426e-16 3.74904e-13 3.72442e-10 1.05292e-07 0.000205318 0.00930695 0.0372964 0.953191 
4.72398e-21 5.91723e-19 2.22775e-16 7.20814e-14 3.53981e-11 6.0414e-09 3.41125e-06 0.000532827 0.00735894 0.992105 
3.99054e-24 9.43916e-22 9.60014e-19 7.2327e-16 6.2756e-13 1.51207e-09 2.10587e-05 0.000194529 0.00729103 0.992493 
4.23805e-22 7.76937e-20 6.51296e-17 4.26451e-14 3.14033e-11 8.29477e-09 7.82348e-05 0.00134563 0.00914972 0.989426 
1.78346e-16 2.19725e-14 7.56519e-12 1.96293e-09 7.63388e-07 0.000340495 0.203337 0.0480914 0.746125 0.0021047 
9.60842e-14 1.1171e-11 2.59064e-09 3.70222e-07 0.000119694 0.00674165 0.960242 0.0260032 0.00681702 7.63507e-05 
6.13915e-22 1.89622e-19 2.72807e-16 4.53892e-13 5.45028e-10 1.76403e-07 0.000326557 0.0135994 0.97325 0.0128239 
5.55715e-11 9.07099e-09 6.32839e-07 9.41703e-05 0.00561203 0.920794 0.0591719 0.0138344 0.000490371 2.04813e-06 
0.000236142 0.00171056 0.0230861 0.0660344 0.903707 0.00515407 7.1629e-05 2.6043e-07 3.57828e-09 2.16652e-11 
6.65702e-21 9.9053e-19 6.32075e-16 5.65923e-13 5.7079e-10 1.54373e-07 0.000287435 0.0126817 0.978474 0.00855688 
0.783814 0.180074 0.0353745 0.000724214 1.29954e-05 5.87544e-08 5.30053e-09 2.48613e-09 1.10663e-09 4.30451e-11 
5.09224e-12 5.21978e-10 1.5771e-07 2.43277e-05 0.00173024 0.309585 0.675542 0.0126653 0.000451354 1.778e-06 
2.15938e-24 5.77979e-22 6.3715e-19 4.92437e-16 4.27406e-13 9.48702e-10 1.31108e-05 0.000133507 0.00528577 0.994568 
7.58634e-21 1.08784e-18 6.41697e-16 5.51834e-13 5.58953e-10 1.562e-07 0.000284189 0.0117964 0.979541 0.00837861 
2.45078e-24 6.56029e-22 7.23786e-19 5.63025e-16 4.95727e-13 1.13609e-09 1.56763e-05 0.000168735 0.00690184 0.992914 
2.95476e-10 4.58651e-08 4.60165e-06 0.00077345 0.0206449 0.957655 0.0196161 0.00127011 3.56703e-05 4.08034e-07 
2.08758e-24 5.54138e-22 5.97636e-19 4.1029e-16 3.1487e-13 6.24357e-10 8.38375e-06 0.000135497 0.00502371 0.994832 
3.48411e-24 9.33459e-22 1.02611e-18 7.76825e-16 6.5798e-13 1.19038e-09 1.5716e-05 0.000233673 0.00839765 0.991353 
4.06775e-18 1.04359e-15 1.18374e-12 5.82443e-10 2.58449e-07 2.66538e-05 0.0081235 0.961015 0.0271977 0.00363721 
2.75555e-24 8.83262e-22 1.35275e-18 3.377e-15 7.61455e-12 1.55114e-08 0.000132319 0.00411311 0.970129 0.0256251 
4.40996e-21 6.70467e-19 4.54005e-16 4.60179e-13 4.91669e-10 1.39818e-07 0.000241696 0.0106891 0.981765 0.0073036 
6.05705e-21 8.08477e-19 3.83686e-16 2.17311e-13 1.83807e-10 5.14297e-08 0.000126858 0.00639019 0.974804 0.0186793 
1.16888e-08 1.50005e-06 0.000252286 0.00988767 0.903778 0.0725325 0.0131783 0.00036567 3.72888e-06 9.87364e-09 
9.18803e-07 0.00019134 0.00369591 0.0302414 0.913743 0.0488962 0.0032138 1.73279e-05 1.21692e-07 1.01961e-10 
1.01248e-05 0.000918402 0.0280549 0.927917 0.0406735 0.00233784 8.72333e-05 7.05659e-07 1.37621e-08 3.88773e-11 
3.58748e-10 5.77803e-08 4.45288e-06 0.000600072 0.020188 0.962916 0.015921 0.000365927 4.29566e-06 1.22145e-08 
7.54109e-06 0.000775078 0.0288277 0.929235 0.0397757 0.00130901 6.95203e-05 3.28001e-07 4.36758e-09 2.30389e-11 
3.87872e-24 1.03381e-21 1.12856e-18 8.31012e-16 6.95077e-13 1.59687e-09 2.19598e-05 0.000272127 0.00947973 0.990226 
1.78848e-16 2.21969e-14 7.90928e-12 2.07218e-09 6.97226e-07 0.000249257 0.0136812 0.969306 0.0166227 0.000140171 
5.18842e-11 7.97507e-09 7.87959e-07 0.00014114 0.00543218 0.935658 0.047385 0.0109414 0.0004397 1.40875e-06 
4.95854e-08 5.33451e-06 0.000942328 0.0262607 0.941417 0.0306389 0.000730254 5.72753e-06 6.18799e-08 1.07993e-10 
3.54037e-24 9.52588e-22 1.08153e-18 1.04403e-15 2.51086e-12 1.01844e-08 0.000248908 0.672188 0.293364 0.0341988 
2.40106e-24 6.40422e-22 7.00606e-19 5.21807e-16 4.38949e-13 9.5874e-10 1.31375e-05 0.000167987 0.00665194 0.993167 
4.22297e-17 5.68004e-15 2.71568e-12 9.09312e-10 3.34256e-07 6.29243e-05 0.00806624 0.0354283 0.954486 0.00195604 
0.000696891 0.034154 0.91236 0.0478265 0.00467668 0.000240188 4.58726e-05 2.74104e-07 3.77622e-08 1.3749e-09 
4.18981e-21 6.85223e-19 6.08538e-16 1.50658e-12 2.36168e-09 1.02414e-06 0.0014571 0.015446 0.978432 0.00466433 
3.37938e-17 4.02562e-15 1.15468e-12 2.24498e-10 6.79303e-08 4.55239e-05 0.00105328 0.0157576 0.974858 0.00828571 
1.62857e-12 1.88995e-10 4.22397e-08 4.27312e-06 0.000236825 0.00187609 0.0134628 0.970997 0.0133487 7.3816e-05 
3.43125e-24 1.00457e-21 1.28041e-18 2.19917e-15 2.67917e-12 1.74305e-09 1.80355e-05 0.000384832 0.00795921 0.991638 
1.52837e-24 4.13206e-22 4.54986e-19 3.41364e-16 2.80779e-13 1.16943e-10 3.62348e-07 0.000165272 0.00673109 0.993103 
1.97539e-31 3.64474e-28 1.67083e-24 8.98525e-21 6.02796e-17 1.97574e-13 1.02571e-09 2.88892e-06 0.000229362 0.999768 
8.16593e-22 2.04762e-19 2.51452e-16 3.5364e-13 4.05958e-10 1.26031e-07 0.000243617 0.00939815 0.038041 0.952317 
1.96557e-11 2.00496e-09 6.04886e-07 0.000110137 0.00824968 0.938398 0.0446694 0.00803667 0.000532704 2.74544e-06 
5.79917e-06 0.000686481 0.0272131 0.92736 0.0406752 0.00392101 0.000136926 1.24152e-06 1.79653e-08 4.42774e-11 
1.30579e-10 1.92344e-08 2.15277e-06 0.000328603 0.0168198 0.950602 0.0275764 0.0044804 0.000189764 1.06815e-06 
7.63591e-17 9.39629e-15 3.20458e-12 8.25989e-10 3.04406e-07 0.000102375 0.00698683 0.970369 0.0202012 0.00234068 
9.89041e-06 0.000825797 0.024983 0.931124 0.0398416 0.00310094 0.000114065 5.85797e-07 5.34371e-09 2.22106e-11 
9.85664e-06 0.000775393 0.011981 0.0588577 0.910234 0.017925 0.000215932 9.85692e-07 9.73291e-09 1.7576e-11 
3.02929e-24 8.11463e-22 8.9816e-19 7.11799e-16 6.38468e-13 1.46353e-09 2.01279e-05 0.000223792 0.00833808 0.991418 
3.60998e-10 5.83135e-08 4.48141e-06 0.000614451 0.0201463 0.96322 0.0156049 0.000404789 4.57228e-06 1.38945e-08 
3.49126e-25 9.65258e-23 1.23409e-19 1.70133e-16 2.21984e-13 9.52037e-10 1.40472e-05 4.40514e-05 0.00202785 0.997914 
6.43075e-09 6.06598e-07 0.000184348 0.00878163 0.671755 0.308728 0.0102212 0.000325711 3.96369e-06 1.31149e-08 
1.51684e-17 1.80216e-15 5.12201e-13 1.09575e-10 4.54703e-08 2.00583e-05 0.00269227 0.759404 0.231741 0.00614212 
4.45768e-12 5.71665e-10 1.07949e-07 1.12051e-05 0.00072756 0.0133389 0.0395192 0.939444 0.00693846 2.00902e-05 
5.88734e-06 0.000529672 0.0108417 0.862578 0.104839 0.0208859 0.000317839 1.7283e-06 1.67674e-08 2.14191e-11 
2.73893e-13 3.16423e-11 7.28226e-09 7.73996e-07 8.18304e-05 0.00382563 0.937233 0.0449045 0.0138394 0.000114989 
7.39953e-21 1.02453e-18 5.56885e-16 4.68292e-13 4.76732e-10 1.39438e-07 0.000204634 0.00919425 0.983534 0.00706657 
2.51347e-12 2.92772e-10 6.94046e-08 8.28704e-06 0.000754003 0.0184719 0.964578 0.0156019 0.000583808 1.91319e-06 
9.19013e-06 0.000826498 0.0292609 0.927918 0.0405813 0.00133028 7.36854e-05 3.29505e-07 4.49591e-09 2.41056e-11 
6.37254e-22 9.43763e-20 6.1153e-17 5.92731e-14 5.41886e-11 2.66197e-08 7.77404e-05 0.00305049 0.982108 0.0147635 
4.83154e-10 8.15932e-08 4.86765e-06 0.000520018 0.00620836 0.218582 0.0500121 0.722975 0.00169452 3.196e-06 
3.18008e-24 8.47539e-22 9.23928e-19 6.71909e-16 5.46142e-13 1.08394e-09 1.46183e-05 0.000173566 0.00641534 0.993396 
1.14431e-12 1.34144e-10 3.21494e-08 3.72314e-06 0.000351989 0.00394364 0.0192098 0.960564 0.0158336 9.31771e-05 
1.13383e-16 1.3793e-14 4.49874e-12 1.02309e-09 2.88054e-07 0.000146907 0.00340581 0.0201593 0.968837 0.00745065 
1.74989e-16 2.18699e-14 8.01861e-12 2.16964e-09 7.34957e-07 0.000244922 0.0148248 0.961719 0.022131 0.0010798 
4.71269e-08 5.74299e-06 0.00111789 0.0260679 0.942569 0.0296066 0.000628115 4.95349e-06 5.37792e-08 8.74188e-11 
1.70545e-10 2.50598e-08 3.06357e-06 0.000547356 0.0191546 0.96201 0.0172244 0.00101918 4.16444e-05 1.36459e-07 
2.1256e-17 2.77965e-15 1.21368e-12 3.44019e-10 1.03022e-07 3.70147e-05 0.00315208 0.961549 0.0297158 0.005546 
3.26859e-10 5.27431e-08 4.11049e-06 0.000528528 0.0344688 0.913163 0.0516098 0.000221404 4.20587e-06 1.18189e-08 
1.39708e-24 3.77829e-22 4.28364e-19 3.82401e-16 3.82599e-13 8.60596e-10 1.16615e-05 0.000185259 0.00731781 0.992485 
4.94685e-22 1.44584e-19 1.85221e-16 2.1129e-13 2.1692e-10 7.92794e-08 0.000211039 0.00792369 0.970917 0.0209477 
5.05131e-21 6.6989e-19 3.13798e-16 1.94569e-13 1.93751e-10 2.62556e-08 4.12238e-05 0.00215909 0.0119893 0.98581 
9.27104e-21 1.3308e-18 7.81142e-16 6.43478e-13 6.62035e-10 3.47002e-07 0.0012044 0.947528 0.0430921 0.00817539 
4.29075e-17 5.53862e-15 2.35857e-12 7.31995e-10 2.92208e-07 8.29774e-05 0.00627566 0.945982 0.0422108 0.00544868 
2.00654e-12 2.34314e-10 5.61485e-08 7.02295e-06 0.000640032 0.0189754 0.962366 0.0171624 0.000845487 3.5545e-06 
7.99205e-23 3.34068e-20 5.85535e-17 1.16033e-13 1.44314e-10 4.19787e-08 6.34324e-05 0.0014348 0.0117628 0.986739 
1.35351e-20 3.1904e-18 4.05946e-15 5.31925e-12 6.42282e-09 1.17413e-06 0.0016987 0.958133 0.0339678 0.00619882 
1.0366e-28 5.05605e-26 1.00907e-22 2.55924e-19 4.12602e-16 3.52077e-13 2.58446e-09 2.24466e-06 0.000279124 0.999719 
1.8817e-15 2.23413e-13 5.13539e-11 1.15429e-08 6.39834e-06 0.00288637 0.9276 0.051934 0.0174198 0.000153415 
1.90039e-24 5.06589e-22 5.55414e-19 4.20611e-16 3.63415e-13 9.41191e-10 1.32206e-05 0.000114834 0.00443874 0.995433 
1.94566e-11 2.03707e-09 5.03528e-07 6.77026e-05 0.0023455 0.019753 0.954257 0.0213549 0.00221676 4.87351e-06 
3.89894e-24 1.04137e-21 1.14227e-18 8.61371e-16 7.34081e-13 1.64439e-09 2.26189e-05 0.000229621 0.00817778 0.99157 
5.34205e-10 8.65343e-08 6.44786e-06 0.000810085 0.0141466 0.05321 0.922938 0.0086462 0.000241919 6.24342e-07 
7.49094e-17 9.2484e-15 3.21951e-12 7.69614e-10 2.31197e-07 9.97927e-05 0.00346598 0.953334 0.0368081 0.0062915 
1.5779e-24 4.26483e-22 4.7525e-19 3.81261e-16 3.33767e-13 3.95542e-10 4.72605e-06 0.000123814 0.00565906 0.994212 
2.58885e-10 4.41268e-08 2.33137e-06 0.000292558 0.00718577 0.0413728 0.939937 0.0107624 0.000445948 1.10545e-06 
6.2804e-19 1.24261e-16 1.09409e-13 8.2127e-11 7.56048e-08 8.00341e-06 0.00682075 0.956251 0.031932 0.00498802 
1.63527e-24 4.363e-22 4.87959e-19 4.16692e-16 4.13372e-13 1.42899e-09 2.06295e-05 0.000149506 0.00613223 0.993698 
2.72593e-24 7.29953e-22 8.10859e-19 6.57242e-16 6.08597e-13 1.64879e-09 2.31875e-05 0.00018326 0.00752359 0.99227 
1.07978e-11 1.54651e-09 2.04194e-07 1.61128e-05 0.000806036 0.0188433 0.964069 0.0156414 0.000621862 2.16032e-06 
7.35377e-21 1.09469e-18 7.14432e-16 6.10749e-13 6.12846e-10 1.7643e-07 0.000678906 0.947486 0.0438666 0.00796787 
9.89379e-21 1.44735e-18 8.98548e-16 8.32427e-13 8.68952e-10 2.34359e-07 0.000420768 0.0179312 0.969333 0.0123149 
9.48829e-05 0.0156495 0.880189 0.075774 0.0269879 0.0012479 5.60725e-05 3.50701e-07 4.59282e-08 1.67156e-09 
6.98926e-16 1.64995e-13 1.81424e-10 1.3378e-07 9.56655e-05 0.00698987 0.955174 0.0297577 0.00790991 7.30494e-05 
4.5779e-24 1.62659e-21 2.46631e-18 3.96861e-15 4.44164e-12 1.99279e-09 2.24092e-05 0.000578368 0.0102224 0.989177 
2.36739e-08 2.26969e-06 0.000496103 0.0174083 0.940372 0.0355712 0.0059915 0.000155272 2.98973e-06 1.10776e-08 
1.12537e-11 1.33588e-09 3.16191e-07 8.47244e-05 0.00151464 0.0209325 0.962094 0.0148599 0.00051279 1.67309e-06 
3.34958e-24 8.94235e-22 9.79086e-19 7.30366e-16 6.12717e-13 1.30955e-09 1.79216e-05 0.000211091 0.00805044 0.991721 
1.66099e-16 2.03288e-14 6.77613e-12 1.64207e-09 5.28197e-07 0.000220902 0.00995178 0.972767 0.0162758 0.000783724 
1.13476e-16 1.42865e-14 5.41209e-12 1.49883e-09 5.0675e-07 0.0001488 0.0126637 0.971184 0.0158873 0.000116077 
5.17868e-27 2.5758e-24 5.39724e-21 1.608e-17 2.61145e-14 1.49932e-11 9.13576e-08 5.52178e-05 0.00428713 0.995658 
9.9143e-15 2.39602e-12 2.37749e-09 1.06829e-06 0.000223675 0.0130803 0.958737 0.0226651 0.00520212 9.10125e-05 
3.76866e-21 5.66405e-19 3.76469e-16 3.8976e-13 4.33938e-10 1.16452e-07 0.000247064 0.0105641 0.980366 0.00882297 
3.01825e-24 8.03916e-22 8.69239e-19 6.00027e-16 4.53413e-13 5.43949e-10 6.46216e-06 0.000209633 0.00749129 0.992293 
1.05278e-05 0.000908449 0.0284456 0.930233 0.0390498 0.00128239 6.98859e-05 3.12223e-07 4.29077e-09 2.38504e-11 
7.99235e-21 1.06969e-18 5.28245e-16 4.13143e-13 4.29116e-10 1.01382e-07 0.000126278 0.00752643 0.970188 0.0221593 
0 0 0 0 0 0 0 7.8094e-15 5.85411e-07 0.999999 
2.37981e-08 3.52046e-06 0.000689028 0.0224193 0.93183 0.0405184 0.00431309 0.000225479 1.23474e-06 2.17528e-09 
8.49411e-09 1.39977e-06 0.000359807 0.0163602 0.903024 0.0678342 0.0119252 0.000490229 4.71722e-06 1.4198e-08 
8.30935e-06 0.000633491 0.0115933 0.297241 0.669134 0.0210628 0.00032492 2.41433e-06 2.80839e-08 4.20159e-11 
1.81912e-19 3.27711e-17 3.32931e-14 1.31307e-11 5.49935e-09 2.64616e-06 0.000409178 0.0152159 0.974356 0.0100159 
1.35589e-12 1.59088e-10 3.98482e-08 5.47551e-06 0.000594348 0.0173969 0.965696 0.0157662 0.000539406 1.94802e-06 
5.42117e-21 7.64352e-19 4.22949e-16 2.96308e-13 2.72584e-10 6.49873e-08 0.000208407 0.0101507 0.978525 0.0111161 
9.50194e-21 2.42491e-18 4.33794e-15 1.73304e-11 2.99666e-08 5.67226e-06 0.00575236 0.960557 0.0290277 0.00465724 
2.7317e-12 3.18589e-10 7.57702e-08 9.15073e-06 0.00075104 0.0197132 0.950153 0.0262551 0.00311096 7.12651e-06 
1.94602e-10 3.20233e-08 2.28292e-06 0.000291404 0.013532 0.96487 0.0184512 0.00277436 7.77775e-05 6.42218e-07 
1.76274e-10 4.94916e-08 6.31407e-05 0.00973248 0.0622623 0.910196 0.0157516 0.00191243 8.19705e-05 2.39211e-07 
1.21111e-20 3.40728e-18 5.27033e-15 1.17436e-11 1.58889e-08 8.90858e-07 0.000494927 0.0124381 0.979439 0.00762677 
8.6499e-25 2.32951e-22 2.6372e-19 2.3276e-16 2.30043e-13 7.33372e-10 1.06056e-05 7.16007e-05 0.00282671 0.997091 
3.20372e-29 2.16362e-26 6.47846e-23 3.1573e-19 1.28526e-15 3.52527e-12 2.00202e-08 4.35103e-05 0.00220145 0.997755 
9.95037e-17 1.25523e-14 4.82749e-12 1.37193e-09 4.86385e-07 0.000136933 0.0117977 0.972813 0.0151338 0.000118164 
1.58028e-24 4.22543e-22 4.62266e-19 3.44333e-16 2.94694e-13 5.16187e-10 6.53409e-06 0.000201711 0.00671798 0.993074 
7.57526e-17 9.74336e-15 4.0437e-12 1.2362e-09 4.68523e-07 0.000141788 0.0114341 0.969656 0.0177508 0.00101668 
4.26036e-22 9.97499e-20 1.18077e-16 1.71267e-13 1.97735e-10 6.70231e-08 0.000187201 0.00762252 0.982364 0.00982663 
1.35772e-16 1.68765e-14 6.002e-12 1.54457e-09 4.56708e-07 0.000165646 0.00558218 0.0252035 0.963831 0.0052171 
2.72622e-24 7.29639e-22 8.02674e-19 6.1391e-16 5.3029e-13 1.1061e-09 1.49871e-05 0.00018521 0.00691251 0.992887 
9.24304e-17 1.15394e-14 4.20603e-12 1.19181e-09 4.64101e-07 0.000126167 0.0131992 0.967206 0.0191111 0.000356848 
1.76933e-22 2.35557e-20 1.07598e-17 5.06636e-15 3.47901e-12 1.86854e-09 2.09469e-05 0.000270448 0.962568 0.0371404 
1.43294e-12 1.67956e-10 4.08264e-08 5.18597e-06 0.000543416 0.0155517 0.969807 0.013607 0.000484561 1.55745e-06 
4.91422e-21 6.8201e-19 3.59254e-16 2.26857e-13 1.85689e-10 5.82556e-08 6.58371e-05 0.00333464 0.0133924 0.983207 
1.66735e-22 5.64269e-20 8.55735e-17 1.54179e-13 1.97851e-10 4.52185e-08 4.68012e-05 0.00212335 0.0108183 0.987011 
2.44001e-12 3.79547e-10 2.18409e-07 8.17115e-05 0.00951183 0.934033 0.0468312 0.00917713 0.000363014 1.63369e-06 
1.08717e-16 1.33725e-14 4.62446e-12 1.1753e-09 4.42096e-07 0.000184837 0.00761421 0.0371461 0.950335 0.00471965 
1.77463e-05 0.00101425 0.0218927 0.875874 0.0931256 0.00797068 0.000104425 4.14079e-07 5.4117e-09 2.21006e-11 
7.43192e-21 1.06784e-18 6.2844e-16 5.13385e-13 4.99424e-10 1.30152e-07 0.000168046 0.00695387 0.0245756 0.968302 
9.03097e-23 3.29236e-20 5.13901e-17 8.24277e-14 9.09902e-11 2.92621e-08 9.95163e-05 0.00324216 0.538055 0.458603 
2.33494e-24 6.22899e-22 6.78133e-19 4.88389e-16 3.92532e-13 6.9796e-10 9.19789e-06 0.000141598 0.00586527 0.993984 
4.4079e-10 7.12093e-08 5.43189e-06 0.000736259 0.0211095 0.960289 0.017378 0.000476042 5.42853e-06 1.67759e-08 
4.78447e-10 7.59847e-08 6.31005e-06 0.000920478 0.0295257 0.945808 0.0231206 0.000611965 7.02384e-06 2.0928e-08 
8.29144e-10 1.91693e-07 0.000100141 0.00730871 0.0490246 0.920204 0.021438 0.00186367 6.06586e-05 8.71567e-08 
1.35606e-05 0.00108121 0.0220148 0.912869 0.0538648 0.00992959 0.000225516 1.25645e-06 1.03641e-08 2.35386e-11 
1.6365e-16 2.0552e-14 7.68214e-12 2.12021e-09 7.21451e-07 0.000232124 0.0126198 0.953993 0.0301189 0.00303498 
6.92308e-22 2.13097e-19 2.89709e-16 3.8909e-13 4.32003e-10 1.26881e-07 0.00026584 0.0109942 0.978271 0.0104687 
9.07394e-13 1.05837e-10 2.53239e-08 3.13536e-06 0.000292606 0.00831324 0.914576 0.0758565 0.000955686 2.35998e-06 
7.35751e-21 9.97731e-19 4.90545e-16 2.63429e-13 1.89618e-10 5.2237e-08 6.43838e-05 0.00361185 0.014507 0.981817 
4.12346e-12 4.78672e-10 1.11863e-07 1.24011e-05 0.000982525 0.0203622 0.955727 0.0214774 0.00143179 6.58344e-06 
3.48952e-08 4.0331e-06 0.000763677 0.0181334 0.960425 0.0201824 0.000487852 3.77469e-06 4.16485e-08 7.09843e-11 
3.68337e-09 5.01815e-07 0.000175696 0.0146956 0.0905799 0.880511 0.0134561 0.00057493 5.80115e-06 1.7339e-08 
4.98949e-17 6.00965e-15 1.87803e-12 3.87381e-10 9.39319e-08 5.73504e-05 0.00144989 0.0177926 0.971294 0.00940603 
8.92455e-17 1.12457e-14 4.31185e-12 1.19524e-09 3.90002e-07 0.000114353 0.00733408 0.0298063 0.958068 0.00467706 
2.23721e-24 5.96226e-22 6.47879e-19 4.6292e-16 3.71991e-13 7.03441e-10 9.32975e-06 0.000164218 0.00617243 0.993654 
1.37125e-16 1.68999e-14 5.83452e-12 1.52286e-09 5.55726e-07 0.000186066 0.0121181 0.972132 0.0154449 0.0001188 
5.34939e-21 7.89112e-19 5.03715e-16 4.89839e-13 5.16672e-10 1.46004e-07 0.000167041 0.00883384 0.975501 0.0154983 
4.24098e-17 5.14383e-15 1.66292e-12 3.65904e-10 1.06145e-07 5.05916e-05 0.00392794 0.950951 0.0381027 0.0069677 
6.95683e-21 1.08907e-18 7.89002e-16 7.53603e-13 7.27562e-10 1.62246e-07 0.000232109 0.00979354 0.98353 0.00644456 
6.02751e-08 6.40521e-06 0.00114628 0.0259846 0.942657 0.029508 0.000691794 5.3495e-06 5.88955e-08 9.73755e-11 
9.56229e-17 1.18164e-14 4.13136e-12 1.08696e-09 3.76927e-07 0.000137887 0.00798393 0.9674 0.0224343 0.00204352 
4.48016e-08 5.48361e-06 0.00206531 0.853398 0.115142 0.0287943 0.000590215 4.68012e-06 5.46659e-08 7.80793e-11 
1.84705e-08 1.38292e-06 0.000281732 0.0136296 0.905832 0.0662614 0.0135546 0.000433108 6.37312e-06 2.06547e-08 
2.25884e-16 2.79183e-14 9.3087e-12 2.85436e-09 1.37057e-06 0.000262699 0.00665148 0.947368 0.0411915 0.00452478 
1.00105e-20 1.42247e-18 8.18604e-16 6.89156e-13 7.03467e-10 1.90128e-07 0.000359136 0.0158075 0.972922 0.0109115 
5.57617e-21 7.64477e-19 3.85163e-16 1.92955e-13 1.267e-10 2.78217e-08 7.56275e-05 0.00511132 0.975157 0.0196556 
1.14476e-16 1.42325e-14 5.14814e-12 1.3577e-09 4.59676e-07 0.000158193 0.0113584 0.973029 0.015258 0.000196006 
2.71687e-17 3.37462e-15 1.20773e-12 3.02183e-10 8.86131e-08 3.88937e-05 0.00176155 0.0186673 0.970814 0.00871829 
5.85358e-17 1.15494e-14 1.17864e-11 2.67352e-08 3.72969e-05 0.00900318 0.829129 0.130756 0.0309785 9.56732e-05 
4.42276e-22 1.30457e-19 1.85817e-16 3.02214e-13 3.52623e-10 9.26839e-08 0.000199795 0.00814395 0.976792 0.0148638 
9.85425e-09 6.77651e-07 0.000128045 0.108592 0.837944 0.0453577 0.00779435 0.000181089 2.36274e-06 7.33675e-09 
7.08439e-12 8.39376e-10 4.13189e-07 0.000133366 0.013054 0.0689955 0.911646 0.00594427 0.000224997 1.16762e-06 
2.25926e-12 2.6437e-10 6.41334e-08 8.10458e-06 0.000797616 0.0235505 0.954332 0.0205725 0.000736579 2.40728e-06 
1.13114e-20 2.45201e-18 3.84326e-15 1.53426e-11 2.65294e-08 4.39519e-06 0.00501171 0.958845 0.0308129 0.00532644 
1.07877e-16 1.35857e-14 5.1804e-12 1.45393e-09 5.27854e-07 0.000169365 0.0128128 0.970235 0.0165604 0.00022189 
3.22902e-10 5.64485e-08 2.67182e-06 0.000222465 0.00308072 0.0268254 0.954712 0.0146099 0.00054523 1.87726e-06 
2.03969e-12 2.35917e-10 5.45842e-08 5.66898e-06 0.000355298 0.00472441 0.909258 0.0702707 0.0152972 8.84179e-05 
1.10377e-16 1.38635e-14 5.21249e-12 1.46341e-09 5.25116e-07 0.000157971 0.0121677 0.963856 0.023428 0.000389756 
3.26134e-15 6.8134e-13 6.47471e-10 3.10161e-07 0.000128964 0.0083484 0.953372 0.0298981 0.00815103 0.000101692 
4.68735e-08 5.84886e-06 0.00107717 0.0257062 0.943039 0.029446 0.000720082 5.71219e-06 6.27742e-08 1.05836e-10 
1.55247e-05 0.00227935 0.040239 0.916197 0.039678 0.00148856 0.000102556 4.49517e-07 6.05621e-09 2.66088e-11 
3.48016e-24 9.24875e-22 9.97781e-19 6.83059e-16 5.16171e-13 8.52821e-10 1.11412e-05 0.000537077 0.955888 0.0435642 
2.48026e-24 6.56576e-22 7.0637e-19 4.80695e-16 3.68207e-13 8.89217e-10 1.23295e-05 0.000111371 0.00347535 0.996401 
8.98435e-21 1.30426e-18 7.99573e-16 7.55128e-13 7.96727e-10 2.09774e-07 0.000240708 0.0119549 0.973746 0.0140577 
9.15109e-23 1.85656e-20 1.9379e-17 2.61142e-14 2.9664e-11 9.76533e-09 2.82372e-05 0.000811415 0.484925 0.514235 
3.43906e-08 3.6395e-06 0.0005993 0.00916997 0.0405812 0.943149 0.0064016 9.34989e-05 1.46307e-06 5.36089e-09 
3.64431e-21 4.76348e-19 2.12317e-16 1.24126e-13 1.14443e-10 5.53635e-08 0.000180467 0.925406 0.0514681 0.0229453 
1.40628e-10 2.26157e-08 1.77468e-06 0.000300147 0.00359228 0.0236814 0.955484 0.0163725 0.000566569 1.14234e-06 
2.03317e-12 2.39022e-10 5.88394e-08 1.37405e-05 0.00240156 0.0226412 0.962902 0.0116293 0.000410976 1.32795e-06 
2.17294e-24 5.81425e-22 6.41743e-19 5.01373e-16 4.40169e-13 8.97161e-10 1.21442e-05 0.000254069 0.957401 0.042333 
3.74645e-25 9.98162e-23 1.08479e-19 7.70134e-17 5.97339e-14 9.65594e-11 1.27292e-06 2.2812e-05 0.000808515 0.999167 
3.46762e-25 9.17042e-23 1.08141e-19 1.22384e-16 1.59818e-13 1.01102e-09 1.52059e-05 6.4396e-05 0.00317791 0.996742 
6.32976e-08 8.23402e-06 0.00221797 0.20084 0.769008 0.0273686 0.000552555 4.29163e-06 4.47757e-08 7.5086e-11 
