3389
4.54474e-08 2.32043e-06 3.19103e-05 0.000205983 0.000819039 0.00266721 0.0116874 0.0310236 0.0776322 0.87593 
3.96458e-07 1.51285e-05 0.000504314 0.000942131 0.00128458 0.00233872 0.0149431 0.0398423 0.099189 0.84094 
2.19071e-10 4.9749e-09 6.94073e-08 6.44753e-08 1.74215e-07 1.00894e-05 0.000566621 0.00469481 0.024319 0.970409 
3.08853e-08 1.44584e-06 2.05752e-05 0.000139246 0.000472101 0.00265686 0.0116896 0.0328243 0.0965062 0.85569 
6.66641e-06 0.00026539 0.00283156 0.00675846 0.0383875 0.26964 0.341019 0.233925 0.0840073 0.0231583 
9.23652e-06 0.000334571 0.000739841 0.0063044 0.0263649 0.0815192 0.680946 0.108058 0.0635426 0.0321818 
1.31096e-09 4.27517e-08 4.52109e-07 5.51012e-06 1.44145e-05 6.51539e-05 0.000719959 0.0028101 0.0205624 0.975822 
5.58586e-13 1.26968e-11 1.77468e-10 1.71324e-10 5.05373e-10 4.00396e-08 5.57561e-05 0.000716083 0.0141873 0.985041 
1.80597e-07 6.64934e-06 7.48845e-05 0.000537623 0.00415541 0.0330048 0.702951 0.104281 0.0964672 0.0585212 
3.14368e-07 1.07987e-05 0.000164421 0.000508025 0.00205083 0.0074507 0.0256843 0.062483 0.786063 0.115585 
1.33561e-07 4.06498e-06 5.3244e-05 0.000193234 0.00131705 0.00381766 0.0192844 0.0519804 0.0902885 0.833061 
4.84165e-06 0.000185862 0.000882017 0.00839849 0.616907 0.137981 0.0969658 0.0602211 0.0452591 0.0331945 
5.89745e-09 2.31553e-07 2.49306e-06 5.88854e-05 0.000175155 0.000602564 0.00580814 0.0154303 0.0608686 0.917054 
2.54999e-07 9.40187e-06 0.000115845 0.000583383 0.00238396 0.00807789 0.0168349 0.0402557 0.0753371 0.856401 
7.09306e-09 2.85155e-07 4.23873e-06 3.91755e-05 6.19528e-05 0.000585008 0.00437126 0.0187495 0.0724814 0.903707 
1.36571e-07 3.18552e-06 4.77273e-05 7.02255e-05 0.000342603 0.0014131 0.00996474 0.0297478 0.0901576 0.868253 
3.81429e-09 1.67745e-07 1.73385e-06 5.63222e-05 0.000156537 0.000447237 0.00440017 0.00821301 0.037547 0.949178 
5.12452e-08 2.77633e-06 4.90318e-05 0.000163877 0.000826519 0.00195196 0.0100403 0.02572 0.880774 0.0804715 
1.15973e-19 1.40909e-17 3.47972e-15 5.82224e-13 1.11077e-10 2.75451e-08 6.24244e-05 0.000321364 0.00506021 0.994556 
9.68039e-06 0.000347473 0.000577398 0.00423495 0.0154758 0.0582524 0.245534 0.432095 0.210121 0.0333528 
1.10177e-06 4.25205e-05 0.000507373 0.00308693 0.019303 0.0540245 0.0839151 0.109055 0.686815 0.0432495 
4.757e-09 2.0695e-07 2.1408e-06 7.34347e-05 6.91197e-05 0.000529654 0.00511785 0.0140449 0.0604502 0.919713 
1.8054e-07 5.2276e-06 7.66595e-05 0.000247249 0.000808461 0.00224411 0.019256 0.0653048 0.820908 0.0911491 
1.69029e-10 3.84075e-09 5.36252e-08 5.6426e-08 2.80109e-07 1.44168e-05 0.000333237 0.00524641 0.035378 0.959028 
2.12482e-07 5.1707e-06 7.53823e-05 0.000198918 0.000715286 0.00628476 0.0254711 0.760234 0.124529 0.0824871 
6.2645e-09 2.8569e-07 3.05667e-06 0.000106893 0.000270391 0.000733717 0.0070553 0.0146201 0.0555766 0.921634 
5.67146e-08 1.30468e-06 1.94576e-05 1.72388e-05 0.000213283 0.0111498 0.764331 0.0625969 0.0883942 0.0732766 
4.53223e-06 0.000168617 0.000646723 0.00602819 0.0236336 0.0846065 0.707389 0.0969671 0.0553727 0.025183 
4.17006e-06 0.000155586 0.00181034 0.0114422 0.0563532 0.696769 0.109899 0.0698996 0.036655 0.0170118 
2.89531e-09 2.20918e-07 1.50533e-05 4.35424e-06 4.54106e-05 0.000276343 0.00237961 0.0172535 0.907959 0.0720667 
2.18323e-07 5.94879e-06 8.22868e-05 0.000314065 0.00196499 0.0093652 0.0456571 0.736585 0.12955 0.0764758 
2.36243e-07 5.4843e-06 7.48394e-05 0.00010194 0.000214089 0.000799069 0.00945055 0.0493711 0.840326 0.0996563 
1.37445e-05 0.000583899 0.00422802 0.0170802 0.0526328 0.0787774 0.102825 0.694249 0.0432685 0.0063421 
0.000356023 0.0269559 0.394599 0.127306 0.129654 0.163042 0.0650394 0.0417053 0.0314429 0.019899 
1.01545e-05 0.00042507 0.00509436 0.0123497 0.0417324 0.105937 0.721569 0.0749612 0.0257794 0.0121415 
1.18268e-07 4.82663e-06 8.98681e-05 0.000185488 0.000393554 0.00317052 0.00515207 0.0115717 0.0395584 0.939873 
0.00937494 0.11346 0.178606 0.667874 0.025838 0.00374266 0.000768221 0.000319501 1.37367e-05 2.33082e-06 
5.25015e-07 1.93012e-05 4.41552e-05 0.000843131 0.00672223 0.0387682 0.665296 0.136124 0.0978762 0.0543067 
7.10515e-08 1.62919e-06 2.27051e-05 2.98623e-05 0.000220728 0.000245219 0.00601064 0.428305 0.0814664 0.483698 
1.18408e-07 4.85228e-06 9.50652e-05 0.000250978 0.00128301 0.0047802 0.0210788 0.774105 0.121582 0.0768199 
8.50821e-13 2.06912e-11 3.10612e-10 3.88316e-09 1.35798e-07 8.55509e-06 0.000475643 0.00555362 0.20211 0.791852 
5.64155e-08 1.48619e-06 2.97183e-05 7.64526e-05 0.00021177 0.00122133 0.0225188 0.153691 0.572617 0.249632 
1.53617e-07 3.78094e-06 6.75859e-05 0.000103206 0.00061021 0.00266484 0.0185163 0.0612447 0.794853 0.121937 
1.17025e-08 6.34095e-07 3.22434e-05 0.000159222 0.0006306 0.00621083 0.0362903 0.788036 0.104443 0.0641971 
1.66955e-07 4.6872e-06 5.67619e-05 0.000295561 0.00208681 0.00932104 0.0353948 0.721906 0.149346 0.0815875 
3.89699e-07 1.59203e-05 0.000454468 0.00108276 0.00222241 0.00823564 0.0271202 0.068635 0.10384 0.788393 
4.23375e-08 1.71045e-06 2.93212e-05 0.000162292 0.000902735 0.00623691 0.0251999 0.159726 0.728846 0.0788946 
1.15059e-08 4.57588e-07 7.63935e-06 0.000136887 0.000472163 0.00225904 0.013665 0.059547 0.789365 0.134547 
1.23456e-07 2.88693e-06 3.9595e-05 9.43291e-05 5.94044e-05 0.000575309 0.0121079 0.0558481 0.856589 0.074683 
3.2061e-09 1.6762e-07 1.57691e-06 7.03229e-05 4.29603e-05 0.000462488 0.00367414 0.00508289 0.0157491 0.974916 
7.54801e-09 3.32876e-07 3.4214e-06 8.54568e-05 7.98408e-05 0.000677531 0.0049804 0.010511 0.0432003 0.940462 
2.36163e-09 6.61027e-08 1.32303e-06 6.96361e-06 0.000276187 0.000327363 0.00446705 0.0305101 0.879465 0.0849456 
3.05649e-05 0.00135402 0.0108042 0.0292643 0.65069 0.161372 0.0939103 0.0378127 0.0128729 0.00188907 
9.15394e-08 2.31572e-06 4.16715e-05 6.94414e-05 0.000413687 0.00226186 0.0157681 0.680332 0.155948 0.145163 
3.10392e-06 0.000112767 0.000314194 0.00366239 0.124482 0.438866 0.0767303 0.20005 0.12571 0.0300698 
3.58481e-07 1.33695e-05 0.00043832 0.000809009 0.00122334 0.00435934 0.019104 0.0655599 0.810614 0.0978787 
1.5194e-05 0.000696885 0.00178329 0.00225805 0.00907871 0.0270509 0.0581476 0.106445 0.734792 0.0597324 
5.74939e-10 1.32032e-08 1.92649e-07 2.7375e-07 4.03043e-06 2.26274e-05 0.000517849 0.00465416 0.0262167 0.968584 
4.65653e-07 1.83256e-05 0.000282901 0.00162528 0.0106211 0.0245558 0.0350685 0.0604506 0.114044 0.753333 
2.41506e-05 0.00128207 0.0106835 0.0378516 0.527843 0.115821 0.249018 0.0354531 0.0156677 0.00635648 
4.66612e-07 1.54154e-05 0.000218576 0.000672914 0.00362458 0.0148723 0.0557006 0.748453 0.116282 0.0601596 
4.26504e-06 0.000149483 0.000131965 0.000700389 0.00318236 0.011319 0.0346328 0.0626203 0.0975249 0.789735 
3.01801e-07 9.09677e-06 0.000135479 0.000431338 0.00222455 0.00796921 0.0285227 0.734515 0.148976 0.0772163 
2.32007e-07 5.89239e-06 0.000105069 0.000240852 0.00048397 0.00422211 0.031559 0.763837 0.117168 0.0823779 
8.64185e-10 3.73398e-08 4.22672e-07 1.22521e-05 1.1814e-05 0.000201234 0.00144973 0.00223073 0.00966238 0.986431 
1.75719e-05 0.000805746 0.0022714 0.00536535 0.153259 0.0857503 0.581696 0.0842911 0.0573851 0.0291584 
1.51055e-08 6.83045e-07 5.79265e-06 0.000117893 0.000556648 0.00158375 0.00922848 0.0206429 0.0702271 0.897637 
1.5373e-09 3.60144e-08 5.67395e-07 9.38959e-07 7.44816e-06 9.52401e-05 0.00147937 0.00979382 0.0512181 0.937405 
3.00157e-10 1.88916e-08 1.50182e-07 9.64161e-06 2.9934e-06 9.13162e-06 9.49541e-05 0.000120008 0.00280434 0.996959 
4.64465e-07 1.56468e-05 0.000192909 0.00076531 0.00356252 0.0122988 0.0321751 0.0617284 0.442039 0.447222 
4.13736e-10 1.27759e-08 1.39445e-07 8.08225e-07 2.87944e-06 2.1399e-05 9.8525e-05 0.00138225 0.0104439 0.98805 
2.08972e-10 1.03078e-08 1.04183e-07 4.24246e-06 2.24878e-06 3.26278e-05 0.000157051 0.000322487 0.00336244 0.996119 
1.85767e-07 4.3715e-06 6.15152e-05 0.000170606 0.000336499 0.0018487 0.0132499 0.0381586 0.0960844 0.850085 
1.17938e-06 4.90822e-05 0.000771902 0.00457761 0.0244486 0.0632492 0.101598 0.402388 0.358139 0.0447777 
4.65359e-11 1.05795e-09 1.47857e-08 1.76418e-08 1.36374e-07 7.27144e-06 0.000209574 0.00380229 0.921146 0.0748342 
6.80676e-08 1.54433e-06 2.1522e-05 1.80628e-05 3.21447e-06 4.37563e-05 0.00206804 0.0184963 0.0603047 0.919043 
4.62747e-08 2.08479e-06 2.02313e-05 0.000178284 0.00127317 0.00354706 0.0129091 0.041767 0.81696 0.123343 
1.89489e-11 4.29936e-10 5.99195e-09 5.06284e-09 2.86022e-09 2.02009e-07 9.15973e-05 0.00129625 0.0195683 0.979044 
1.03209e-08 7.0178e-07 1.80831e-05 2.58794e-05 4.21453e-05 0.000363864 0.00190561 0.00520742 0.0164371 0.975999 
1.18377e-08 5.38958e-07 7.55938e-06 0.000120042 0.000234689 0.000968771 0.00805197 0.0227965 0.0844554 0.883365 
3.80573e-09 1.42256e-07 2.24699e-06 6.16613e-05 0.000349871 0.00107038 0.00454927 0.0155406 0.0530937 0.925332 
7.75203e-06 0.000356348 0.00229157 0.00665508 0.0320532 0.670468 0.126122 0.0913183 0.0523693 0.0183589 
1.56692e-07 4.19479e-06 7.84994e-05 0.000116036 0.000484776 0.00689575 0.396562 0.419186 0.0952404 0.0814317 
1.42121e-07 3.38423e-06 5.85292e-05 0.000113456 0.000517657 0.00260246 0.0236444 0.828973 0.0916245 0.0524628 
7.79613e-05 0.00246011 0.0125783 0.0361425 0.705651 0.13901 0.0716703 0.0240044 0.00715937 0.00124538 
9.63627e-10 2.22892e-08 3.30127e-07 5.22351e-07 4.05403e-06 4.15807e-05 0.000938725 0.0134785 0.0619766 0.92356 
3.38559e-11 8.28361e-10 1.54047e-08 2.91562e-08 3.18434e-07 3.27396e-06 7.27447e-05 0.000169993 0.00145961 0.998294 
3.79962e-10 9.02856e-09 1.3583e-07 2.69839e-07 7.73889e-06 3.03964e-05 0.000861696 0.015308 0.757848 0.225944 
4.59593e-32 2.75581e-29 7.97877e-26 4.06994e-22 1.20356e-18 3.17226e-15 3.01274e-11 2.82849e-08 0.000539702 0.99946 
4.73523e-08 2.20374e-06 2.59722e-05 0.000109016 0.000831317 0.00266447 0.0112207 0.0341819 0.0925542 0.85841 
1.81678e-07 6.69989e-06 0.000115795 0.000413115 0.00219038 0.00966263 0.0711672 0.726806 0.141484 0.0481538 
1.5855e-07 3.61432e-06 5.03868e-05 4.81982e-05 0.000111537 0.00280187 0.0272432 0.809715 0.0909898 0.0690358 
1.07469e-08 4.22041e-07 3.34985e-06 7.91976e-05 0.000243854 0.000858948 0.00782318 0.0180681 0.85132 0.121602 
3.83087e-08 1.83287e-06 2.18708e-05 0.000117296 0.00118976 0.00299492 0.012111 0.0375523 0.0894222 0.856589 
1.04416e-06 3.75247e-05 0.000321339 0.00201525 0.0160639 0.0332387 0.0361109 0.0340058 0.0392485 0.838957 
5.47671e-07 1.95277e-05 0.000360384 0.00166274 0.00931875 0.0495969 0.687473 0.123717 0.0868824 0.040968 
2.02472e-11 4.60632e-10 6.44837e-09 9.51245e-09 1.23765e-07 7.7623e-06 0.000147824 0.00214215 0.0212805 0.976422 
6.88047e-10 1.5692e-08 2.22432e-07 2.34736e-07 9.54067e-07 1.5715e-05 0.000342357 0.00429764 0.0274781 0.967865 
2.91288e-08 1.15867e-06 2.01759e-05 6.90755e-05 0.000199528 0.000712853 0.0066965 0.114244 0.797785 0.0802721 
1.78233e-06 7.10227e-05 0.000648173 0.00355121 0.0201649 0.048018 0.0560319 0.04469 0.0558554 0.770968 
1.10989e-13 2.74575e-12 3.58381e-11 5.83846e-11 5.75306e-10 4.97551e-09 3.31154e-06 6.95945e-05 0.00304891 0.996878 
8.48706e-08 3.74119e-06 5.34167e-05 0.000236634 0.00133543 0.00490547 0.0184502 0.0589365 0.116223 0.799856 
1.73259e-07 5.76378e-06 7.96154e-05 0.000262805 0.00125197 0.00397449 0.0139963 0.036405 0.0832144 0.86081 
6.47445e-09 2.09369e-07 2.54548e-06 2.49446e-05 0.000300447 0.000734785 0.00618159 0.0218709 0.0855976 0.885287 
2.90302e-10 1.03985e-08 9.18885e-08 5.3262e-07 3.22537e-06 4.03681e-05 0.000241167 0.000967225 0.00898276 0.989765 
2.20936e-07 5.37457e-06 9.39637e-05 0.000131185 0.000338926 0.00409606 0.0306615 0.802552 0.0989712 0.063149 
4.66858e-07 2.08993e-05 0.000687603 0.00160092 0.00380399 0.00816442 0.0194589 0.0473398 0.0837107 0.835212 
2.4917e-08 1.23438e-06 3.09592e-05 0.00025265 0.00158773 0.0114149 0.385843 0.0904508 0.441527 0.0688926 
4.78469e-12 1.08624e-10 1.51482e-09 1.34441e-09 1.91596e-09 1.31712e-07 1.20425e-05 0.000363548 0.00596412 0.99366 
4.78179e-07 2.03248e-05 0.000233375 0.0015603 0.00676347 0.0305729 0.735451 0.112756 0.0808027 0.0318391 
3.32338e-10 1.09328e-08 9.40039e-08 3.79209e-07 2.14803e-06 1.89084e-05 0.000218708 0.00178806 0.0200355 0.977936 
2.06678e-08 7.94223e-07 3.29191e-05 6.40508e-05 0.000713431 0.00465485 0.0251394 0.775475 0.127352 0.0665681 
1.50254e-07 4.42622e-06 7.29106e-05 0.000168498 0.000694121 0.0017218 0.013844 0.746615 0.126008 0.110871 
7.14424e-08 3.22005e-06 4.48607e-05 0.000196591 0.00182729 0.00483394 0.0121013 0.0305584 0.0671354 0.883299 
7.77518e-06 0.000356958 0.00108178 0.0027259 0.0121737 0.0490233 0.10162 0.711026 0.0812173 0.0407676 
8.70222e-08 2.1422e-06 3.39039e-05 7.50517e-05 0.000314894 0.0014288 0.00960774 0.0314219 0.662495 0.29462 
5.41554e-06 0.000194643 0.000401085 0.00294982 0.00979292 0.0317356 0.706035 0.11991 0.0916569 0.0373182 
1.87763e-07 5.47516e-06 9.13124e-05 0.000263438 0.00117843 0.00554377 0.0257 0.631605 0.268695 0.0669173 
5.55744e-11 1.26332e-09 1.76503e-08 2.01687e-08 1.29902e-07 5.86596e-06 0.000113031 0.00112147 0.0107824 0.987977 
3.02236e-21 3.73256e-19 1.04814e-16 2.59983e-14 1.1655e-11 4.52501e-09 4.88198e-05 0.000396693 0.00832407 0.99123 
3.4917e-09 1.18264e-07 9.16157e-07 5.34611e-06 3.16458e-05 0.000414608 0.00143266 0.00655611 0.0238409 0.967718 
1.09809e-07 4.03e-06 7.05058e-05 0.000231811 0.00144335 0.005221 0.020592 0.0722687 0.810981 0.0891876 
6.44049e-09 2.6441e-07 2.63984e-06 6.50139e-05 0.000111204 0.000654134 0.00447292 0.0139426 0.903753 0.0769982 
8.54513e-08 2.6714e-06 2.68335e-05 0.000109139 0.000613091 0.00226966 0.0118823 0.0465785 0.839906 0.0986117 
8.48484e-11 1.92939e-09 2.69584e-08 2.87599e-08 1.53508e-07 1.04475e-05 6.99839e-05 0.00120633 0.00917012 0.989543 
4.98474e-10 1.5326e-08 2.15316e-07 1.3508e-06 4.67829e-06 5.31472e-05 0.000914757 0.00271472 0.0168826 0.979428 
1.36763e-09 3.21864e-08 5.15911e-07 1.79467e-06 8.43989e-06 9.40828e-05 0.00428383 0.854981 0.0722079 0.0684226 
5.11111e-09 3.154e-07 1.94683e-05 5.57585e-05 0.000351815 0.00137405 0.00502914 0.0175737 0.90922 0.066376 
8.076e-05 0.00271552 0.0162578 0.431147 0.30167 0.199457 0.0348559 0.00955103 0.00293076 0.00133318 
1.66246e-08 6.35674e-07 1.51216e-05 0.000108217 0.000579338 0.00481474 0.109232 0.583091 0.259204 0.042955 
2.2547e-06 8.559e-05 0.000622675 0.00256596 0.010108 0.178996 0.0756295 0.427103 0.269472 0.0354144 
4.39167e-14 3.78103e-12 1.18688e-10 9.97269e-09 4.7801e-07 3.45966e-05 0.00324149 0.0329196 0.930421 0.0333833 
3.61342e-08 1.87728e-06 3.31618e-05 5.57557e-05 0.000235941 0.00139463 0.00826105 0.0223999 0.851418 0.1162 
9.79909e-08 4.46561e-06 7.05088e-05 0.00020076 0.00124538 0.00304744 0.013133 0.0511188 0.840609 0.0905707 
1.41401e-07 6.68527e-06 0.000107399 0.000489917 0.00203402 0.00856695 0.0264218 0.0726197 0.791169 0.0985841 
3.83846e-08 8.89167e-07 1.23193e-05 2.01262e-05 0.000108839 0.000207701 0.00264853 0.00963204 0.0428869 0.944483 
5.17329e-12 1.60205e-10 2.70272e-09 1.55562e-08 7.34002e-08 4.69541e-07 9.81737e-06 2.55786e-05 0.00101978 0.998944 
2.18375e-07 8.96061e-06 0.000187825 0.00146479 0.00687608 0.0375574 0.690223 0.13049 0.089269 0.0439227 
5.35083e-09 1.788e-07 1.91343e-06 1.26599e-05 5.08147e-05 0.000506628 0.00274387 0.00710761 0.0279157 0.961661 
4.15261e-10 1.42469e-08 1.39005e-07 6.93043e-07 4.10163e-06 5.19483e-05 0.000354147 0.000848665 0.00225739 0.996483 
2.70723e-07 1.02287e-05 0.000173255 0.00070206 0.00288944 0.00904355 0.0311777 0.0686677 0.100152 0.787184 
1.62115e-05 0.000812866 0.00559417 0.025329 0.0936334 0.67338 0.0943197 0.0500784 0.0313489 0.0254875 
3.65987e-08 8.65767e-07 1.45191e-05 2.53007e-05 0.000307728 0.00180315 0.0689482 0.023676 0.585325 0.319899 
5.91333e-07 2.78571e-05 0.000683263 0.00192962 0.00682608 0.0163764 0.0370804 0.0881997 0.152039 0.696837 
6.30827e-09 2.55503e-07 3.72467e-06 0.000114638 0.000410769 0.00143985 0.00755194 0.0343667 0.0926313 0.863481 
6.02446e-10 1.55467e-08 2.32245e-07 1.12829e-06 6.50144e-05 6.87222e-05 0.000923231 0.00830535 0.0466203 0.944016 
3.33352e-08 1.65634e-06 2.7485e-05 0.000538579 0.00284015 0.0162265 0.647082 0.179654 0.0946725 0.0589566 
1.19287e-07 2.78689e-06 3.84176e-05 7.168e-05 0.000335936 0.000914198 0.00905371 0.0352814 0.848681 0.105621 
9.79374e-08 2.34178e-06 3.79583e-05 5.71782e-05 0.000177882 0.00193986 0.0178649 0.835642 0.0815914 0.0626862 
2.77185e-07 1.1472e-05 0.000302857 0.000982455 0.00608327 0.0382635 0.0717461 0.0595805 0.116631 0.706398 
1.03536e-07 4.12491e-06 5.8088e-05 0.000230707 0.000387977 0.00298472 0.00803362 0.0223583 0.834418 0.131524 
7.96649e-07 3.18217e-05 0.000641103 0.00235365 0.0109477 0.0350138 0.255517 0.303078 0.086189 0.306227 
8.93983e-07 4.04127e-05 0.000709941 0.00398422 0.0149305 0.0410273 0.584855 0.168814 0.152467 0.0331712 
1.17041e-10 3.06469e-09 5.8259e-08 3.90297e-07 3.08073e-06 5.99022e-05 0.000350376 0.00230311 0.0223149 0.974968 
1.58515e-07 8.4392e-06 0.000355098 0.000705112 0.000993525 0.00176868 0.00928208 0.0332546 0.827123 0.126509 
1.65248e-25 4.62618e-23 5.42116e-20 5.4705e-17 6.15057e-14 3.93562e-11 1.54533e-07 7.6438e-05 0.00278723 0.997136 
3.40041e-08 8.5781e-07 1.40969e-05 5.10915e-05 0.00012374 0.000588201 0.0031184 0.00914626 0.0262837 0.960674 
6.97503e-10 1.97455e-08 2.55385e-07 9.62838e-07 9.01009e-06 0.000130679 0.00485209 0.0495576 0.901056 0.0443933 
1.0951e-07 4.60572e-06 7.85211e-05 0.000495045 0.00159083 0.00947284 0.135941 0.164096 0.484486 0.203835 
6.64318e-09 2.77976e-07 2.87993e-06 8.2563e-05 7.54843e-05 0.000650953 0.00557559 0.769869 0.103752 0.119992 
1.3216e-09 7.82489e-08 6.56261e-07 3.8256e-05 1.38227e-05 5.61034e-05 0.000628338 0.00286554 0.026551 0.969846 
9.59929e-06 0.000346445 0.000839098 0.00773709 0.0434296 0.118051 0.665391 0.0842445 0.0462005 0.033751 
3.86159e-09 1.22169e-07 1.3661e-06 1.04898e-05 4.14447e-05 0.000243084 0.00215526 0.010362 0.0494012 0.937785 
1.19467e-08 5.30415e-07 1.94097e-05 4.54568e-05 0.000440569 0.00112962 0.00812288 0.021883 0.0740798 0.894279 
6.18512e-08 3.05102e-06 4.52268e-05 0.000215483 0.00126815 0.00285565 0.0164836 0.0601776 0.823159 0.0957926 
9.91742e-09 3.65129e-07 3.5815e-06 1.05837e-05 5.25521e-05 0.000361012 0.00259517 0.0180311 0.884885 0.0940609 
3.813e-06 0.000140536 0.00160725 0.0104598 0.0447925 0.0585179 0.0616604 0.0674051 0.702779 0.0526336 
2.85158e-08 1.64941e-06 3.37526e-05 0.00159949 0.019561 0.690859 0.114609 0.0827187 0.0545361 0.0360814 
3.93319e-07 1.50173e-05 0.000189298 0.00109477 0.00367101 0.011442 0.032891 0.753198 0.124538 0.0729606 
1.0002e-07 2.6949e-06 6.07317e-05 0.000102293 0.000918924 0.00446832 0.0239117 0.0688954 0.803865 0.0977752 
3.09666e-11 7.0286e-10 9.80553e-09 8.76222e-09 1.98227e-08 1.16044e-06 6.2691e-05 0.000942863 0.0127464 0.986247 
2.06188e-07 5.34036e-06 7.82505e-05 0.000175691 0.000914067 0.00403668 0.0185148 0.0601234 0.805547 0.110605 
3.15822e-07 1.52077e-05 0.000541717 0.00113327 0.00278157 0.00605356 0.0166788 0.0469717 0.100943 0.824881 
2.0495e-05 0.000972428 0.00501999 0.0192955 0.635606 0.120853 0.112216 0.0638394 0.0322789 0.00989852 
0.00105764 0.0183396 0.101018 0.52642 0.269438 0.0533615 0.0189221 0.00897801 0.00203435 0.00043094 
1.8786e-06 9.1397e-05 0.0015497 0.00532782 0.0238751 0.055269 0.0656032 0.0811758 0.716027 0.0510795 
1.02307e-42 4.47249e-38 4.85502e-33 1.98317e-28 2.07488e-23 1.46516e-18 2.73746e-13 5.48785e-09 0.000311997 0.999688 
8.91039e-10 2.6512e-08 2.97156e-07 1.43384e-06 7.80952e-06 8.82414e-05 0.00128476 0.840505 0.0874691 0.0706436 
3.9379e-09 1.38304e-07 9.0588e-07 6.43049e-06 2.75251e-05 0.000372626 0.00112122 0.00395058 0.0177578 0.976763 
1.93982e-07 4.79778e-06 8.3165e-05 0.000149233 0.000200953 0.00195205 0.0134496 0.0482605 0.842173 0.0937262 
1.81005e-07 4.10671e-06 5.72313e-05 4.80295e-05 8.25574e-06 0.000127795 0.00288382 0.0154228 0.903039 0.0784085 
2.03502e-07 5.46722e-06 7.60029e-05 0.000723803 0.0019508 0.00920829 0.0354008 0.084327 0.787568 0.0807401 
9.12709e-08 2.18647e-06 2.96672e-05 8.93611e-05 0.000281129 0.000913809 0.00911051 0.0240951 0.0782021 0.887276 
7.76089e-08 2.20225e-06 3.3156e-05 0.000119346 0.000468278 0.00654675 0.0150038 0.650121 0.161987 0.165718 
2.37181e-07 1.21193e-05 0.00040515 0.00136762 0.00504177 0.0316058 0.397505 0.453458 0.0754286 0.0351763 
1.43163e-07 3.25869e-06 4.56212e-05 4.60962e-05 0.00043732 0.00382235 0.0255406 0.815632 0.0970524 0.0574199 
1.35509e-07 3.34157e-06 4.34005e-05 0.000115292 0.000401871 0.00135993 0.00934228 0.0246923 0.0774932 0.886548 
1.01901e-05 0.000460709 0.00398449 0.0157014 0.0403813 0.0522626 0.0796211 0.704287 0.0786491 0.0246425 
3.74454e-07 1.90539e-05 0.000282676 0.00481114 0.0366978 0.6248 0.120319 0.104072 0.0720984 0.0368998 
9.96016e-07 4.06921e-05 0.000611659 0.00285125 0.0134451 0.0338279 0.0430382 0.700304 0.133023 0.0728566 
4.55723e-05 0.00161212 0.00736222 0.0212599 0.0537369 0.0632064 0.0721722 0.541549 0.216405 0.0226514 
5.91022e-05 0.00252084 0.0140547 0.137681 0.103382 0.0854886 0.262498 0.24272 0.118161 0.0334352 
7.27682e-09 4.41004e-07 2.21232e-05 6.01854e-05 0.00033287 0.00111024 0.00874379 0.0386644 0.836898 0.114168 
5.70265e-09 4.7697e-07 3.35117e-05 5.09842e-05 0.000182181 0.00117834 0.00478521 0.019765 0.0661716 0.907833 
4.22063e-07 1.54813e-05 0.000304106 0.000909734 0.00372858 0.0129458 0.0361957 0.098318 0.762344 0.0852383 
6.92699e-10 1.63308e-08 2.58063e-07 4.24514e-07 8.46705e-06 4.23123e-05 0.000754894 0.00665106 0.0415533 0.950989 
2.4508e-07 1.0048e-05 0.000149958 0.00103418 0.00647431 0.0305494 0.087746 0.707964 0.110242 0.0558303 
8.54229e-06 0.000314826 0.00128673 0.00668433 0.0406946 0.657057 0.117082 0.0865592 0.0599276 0.0303852 
1.64055e-08 7.8689e-07 1.65777e-05 0.00011651 0.000598935 0.00259517 0.01059 0.039174 0.846027 0.100881 
4.73253e-09 1.90995e-07 2.16567e-06 5.75876e-05 0.000225496 0.000563749 0.00584142 0.0157825 0.455542 0.521984 
1.66388e-05 0.000762572 0.00219999 0.00299041 0.00969765 0.0201792 0.0435211 0.231837 0.647671 0.0411242 
1.86209e-07 9.96941e-06 0.000357727 0.00077579 0.00204553 0.00325611 0.0143488 0.0401092 0.0817238 0.857373 
5.78673e-08 1.3202e-06 1.85118e-05 1.93414e-05 0.000214476 0.000423547 0.00442877 0.0182238 0.469913 0.506757 
6.16532e-08 1.43228e-06 2.08943e-05 6.58548e-05 0.000547352 0.00652329 0.0336695 0.0866897 0.822344 0.0501375 
3.61362e-07 1.48056e-05 0.000301478 0.00220696 0.00816203 0.138012 0.079165 0.62693 0.0998156 0.0453919 
1.25138e-10 2.84114e-09 3.96242e-08 3.61735e-08 8.65391e-08 2.09025e-06 9.55529e-05 0.000893507 0.00799178 0.991017 
2.58733e-05 0.00109011 0.0114549 0.254858 0.380988 0.195884 0.0884879 0.0347716 0.0215625 0.010877 
4.09094e-10 9.32171e-09 1.30828e-07 1.55788e-07 8.95918e-07 2.21454e-05 0.0010663 0.0119744 0.0498963 0.93704 
2.11807e-21 2.76751e-19 5.98494e-17 1.04784e-14 2.18155e-12 4.38491e-10 2.6674e-07 0.00010703 0.00380597 0.996087 
6.67713e-10 1.53518e-08 2.22686e-07 3.14164e-07 1.97836e-06 3.84769e-05 0.000658657 0.00599279 0.040594 0.952714 
8.19997e-06 0.000384706 0.0024606 0.00819481 0.0321497 0.182291 0.672644 0.0529971 0.029961 0.0189089 
7.61286e-07 2.71988e-05 0.00034794 0.00231379 0.0161578 0.0396451 0.0532568 0.266868 0.553542 0.0678401 
3.37955e-08 1.37068e-06 3.0089e-05 0.000124592 0.00113976 0.00838042 0.0385444 0.0896287 0.781054 0.0810962 
5.93254e-05 0.0021161 0.0119392 0.264359 0.0866356 0.0977727 0.0648347 0.113633 0.159705 0.198946 
5.83207e-09 1.34372e-07 1.93785e-06 3.09173e-06 4.1004e-05 0.000133135 0.00169118 0.00876318 0.0367693 0.952597 
4.872e-07 2.03046e-05 0.000331831 0.0012855 0.00437988 0.0141343 0.0277071 0.0561328 0.0985061 0.797502 
1.50134e-10 4.26121e-09 6.45708e-08 4.53987e-07 3.05262e-05 1.03047e-05 0.000158753 0.0010154 0.00874113 0.990043 
8.03036e-10 1.92141e-08 2.9567e-07 8.25028e-07 2.24739e-05 7.24002e-05 0.00119385 0.00692955 0.0429658 0.948815 
0.00240853 0.0353576 0.202114 0.236249 0.459714 0.0594202 0.00422793 0.000491608 1.54102e-05 1.78454e-06 
6.71643e-24 1.70865e-21 1.77324e-18 1.00139e-15 5.80125e-13 3.25997e-10 3.35151e-06 7.7936e-05 0.00218972 0.997729 
1.15194e-09 2.73562e-08 4.35404e-07 1.11607e-06 1.58159e-05 0.000114815 0.00142217 0.0087631 0.0481318 0.941551 
0.00259431 0.0393087 0.262573 0.615551 0.0580031 0.0159079 0.00501607 0.000929443 9.41883e-05 2.19039e-05 
4.82604e-08 1.43075e-06 3.69921e-05 0.000122792 0.000587845 0.00481277 0.0369516 0.768628 0.106812 0.0820459 
2.38549e-08 5.41313e-07 7.54736e-06 6.38223e-06 2.20795e-06 6.13053e-05 0.003616 0.0346477 0.918611 0.0430475 
3.34833e-06 0.000119368 0.000328059 0.00128312 0.00801508 0.0251413 0.0463928 0.0701626 0.0877111 0.760843 
1.18663e-11 2.70471e-10 3.79879e-09 7.41041e-09 1.26614e-07 7.90774e-06 9.27664e-05 0.000948439 0.0122164 0.986734 
1.17229e-05 0.000479127 0.00286781 0.0109384 0.0543751 0.682682 0.13034 0.0714472 0.0346737 0.0121849 
7.77069e-10 2.75523e-08 2.34966e-07 1.18675e-06 6.84775e-06 8.18759e-05 0.000769217 0.0110983 0.933577 0.0544648 
4.90148e-06 0.000174931 0.00179144 0.0121706 0.0512936 0.0735333 0.0750718 0.0651684 0.672391 0.0483996 
3.04352e-08 1.74575e-06 3.45874e-05 8.37164e-05 0.000649046 0.00151324 0.00525203 0.0154054 0.0426553 0.934405 
0.000783716 0.0149303 0.0888171 0.607016 0.082227 0.0663967 0.0560828 0.0384478 0.027694 0.0176043 
3.85234e-06 0.000140293 0.00161247 0.00935742 0.0322637 0.0340851 0.0465298 0.703876 0.110106 0.0620255 
2.27137e-07 8.0619e-06 0.00012706 0.000449611 0.00227773 0.0144081 0.747364 0.0920606 0.0834153 0.0598894 
3.25348e-06 0.000149863 0.000609029 0.00114186 0.00554766 0.0134912 0.0266098 0.0605751 0.0960799 0.795792 
6.81503e-08 5.71163e-06 0.000105836 0.000985923 0.00441085 0.059529 0.103744 0.483789 0.251773 0.0956559 
4.81256e-05 0.00175524 0.00980261 0.0274773 0.065597 0.694607 0.121894 0.0579478 0.0166824 0.00418855 
1.49765e-07 4.09027e-06 7.6083e-05 0.000228843 0.000928362 0.00360094 0.0193046 0.067291 0.822694 0.0858723 
1.32766e-07 3.40936e-06 5.83407e-05 9.44755e-05 0.000389115 0.00218702 0.0129682 0.340152 0.107566 0.536581 
2.91361e-10 6.62497e-09 9.26026e-08 1.11611e-07 9.40206e-07 5.85541e-05 0.00118138 0.841406 0.078798 0.078555 
1.37029e-05 0.000616843 0.00285702 0.00585825 0.0263692 0.0927509 0.226322 0.586524 0.0470416 0.0116466 
6.00515e-06 0.000216868 0.000473486 0.00294384 0.0112527 0.0415086 0.221537 0.618803 0.0718166 0.0314422 
4.95235e-08 2.63028e-06 4.60539e-05 0.000152602 0.000334452 0.00160169 0.00985598 0.0204324 0.047226 0.920348 
0.000816936 0.0174975 0.100875 0.766179 0.0758406 0.0285817 0.0076033 0.00243157 0.000159457 1.50805e-05 
7.52196e-06 0.000270142 0.000755093 0.00554504 0.0297138 0.0914868 0.132124 0.661261 0.058082 0.0207548 
1.98892e-09 5.8039e-08 7.26373e-07 8.30729e-06 5.49535e-05 0.000174643 0.00330951 0.0271681 0.883043 0.0862404 
2.40757e-08 5.52552e-07 7.81707e-06 9.57283e-06 0.000167841 0.000224785 0.00698941 0.0487631 0.873789 0.0700481 
5.11821e-07 2.03016e-05 0.000573653 0.00132556 0.00331916 0.00771506 0.0192492 0.0567993 0.120612 0.790386 
2.6736e-09 1.26706e-07 1.24411e-06 4.97639e-05 4.83786e-05 0.000172051 0.00257725 0.0105463 0.909679 0.0769258 
1.02683e-07 2.43434e-06 3.31144e-05 0.000100376 6.89079e-05 0.0018953 0.0132293 0.0554115 0.85451 0.0747486 
2.24605e-08 8.23406e-07 5.17461e-06 5.03911e-05 0.000220314 0.00118878 0.0076064 0.0195681 0.068349 0.903011 
1.39681e-05 0.000540359 0.00308218 0.0151192 0.0428141 0.0463831 0.0625196 0.0709881 0.081739 0.6768 
1.04807e-06 4.2444e-05 0.000648939 0.00356349 0.0190802 0.063157 0.112655 0.697191 0.0773539 0.0263071 
1.26024e-06 4.99015e-05 0.000811094 0.00220429 0.0162486 0.0453425 0.0834198 0.727958 0.0923023 0.0316617 
2.9439e-11 6.76934e-10 9.61353e-09 3.33117e-08 6.88173e-07 3.80509e-05 0.000836689 0.0200548 0.919466 0.0596035 
7.21139e-08 1.7728e-06 3.20905e-05 4.44279e-05 0.000336019 0.00346849 0.0216045 0.49894 0.330872 0.144701 
8.16855e-09 3.17707e-07 4.82718e-06 0.000132748 0.000238007 0.00209347 0.0104803 0.0403269 0.109779 0.836944 
6.6782e-06 0.000247876 0.00108213 0.00494944 0.0173041 0.0619535 0.608705 0.222808 0.0545124 0.0284308 
7.39912e-10 2.18365e-08 2.2918e-07 8.02622e-07 9.03265e-06 8.13963e-05 0.000808214 0.00515548 0.0302571 0.963688 
2.89794e-07 1.46474e-05 0.000561805 0.00114067 0.00192239 0.00353207 0.0150366 0.0552166 0.116857 0.805718 
1.72534e-10 7.07572e-09 1.11022e-07 1.6567e-06 0.000115941 3.30216e-05 0.000194046 0.00106659 0.00272142 0.995867 
1.03933e-07 3.44147e-06 5.97856e-05 0.000335181 0.00164837 0.0233941 0.0908029 0.194533 0.440863 0.24836 
3.7716e-08 1.97052e-06 2.9126e-05 7.94236e-05 0.000362693 0.00209638 0.00868653 0.0220729 0.0583833 0.908288 
2.06392e-07 5.16696e-06 8.35357e-05 0.000206642 0.000365035 0.00268962 0.0175742 0.0624097 0.811851 0.104815 
2.39528e-11 5.50731e-10 7.84212e-09 2.56237e-08 5.2297e-07 3.1031e-05 0.000266186 0.00254909 0.024827 0.972326 
1.56183e-07 4.13482e-06 6.09063e-05 0.000216048 0.00090638 0.00558371 0.0248916 0.0743635 0.805269 0.0887048 
2.46145e-07 8.31928e-06 9.67269e-05 0.000360398 0.00243319 0.00680296 0.0160872 0.0422952 0.808649 0.123266 
6.96646e-07 2.90747e-05 0.000537821 0.00161753 0.00442748 0.0304094 0.310685 0.192148 0.292395 0.167749 
5.33409e-10 1.75678e-08 2.69674e-07 2.51623e-06 0.000154706 8.34791e-05 0.00105685 0.00197786 0.00738617 0.989338 
3.98539e-05 0.00153005 0.00466953 0.0102671 0.0398422 0.236303 0.584203 0.0788388 0.0342938 0.0100125 
4.40598e-07 2.18294e-05 0.000695215 0.00169761 0.0056064 0.0257562 0.560569 0.261017 0.095471 0.0491652 
4.5938e-09 2.16338e-07 2.19298e-06 7.62153e-05 0.000181128 0.000617385 0.00481377 0.00910049 0.0288577 0.956351 
2.04963e-05 0.00091034 0.00218708 0.00387426 0.053527 0.2458 0.455065 0.165186 0.0500123 0.0234169 
3.01628e-05 0.00174829 0.0123208 0.0653902 0.610381 0.135894 0.0877349 0.0476997 0.0268509 0.0119502 
3.29015e-10 7.64794e-09 1.10656e-07 1.65968e-07 1.50754e-06 3.01652e-05 0.000829386 0.0189493 0.923665 0.0565248 
1.49788e-08 3.39866e-07 4.73668e-06 4.01189e-06 1.72987e-06 8.50215e-05 0.00339742 0.860888 0.0818003 0.0538186 
5.8288e-07 2.70505e-05 0.000391655 0.00168872 0.00707737 0.0200886 0.0331565 0.0624361 0.0916798 0.783454 
9.30478e-13 2.3276e-11 4.19419e-10 9.08208e-10 3.03705e-09 1.78355e-08 6.16962e-07 4.69547e-06 0.000212194 0.999782 
5.64035e-09 2.66279e-07 2.69232e-06 0.000101568 9.45195e-05 0.000702331 0.00635964 0.0141209 0.239561 0.739057 
1.82328e-08 7.73326e-07 7.97223e-06 0.000127706 0.000584052 0.00221397 0.0116264 0.0325249 0.0802009 0.872713 
8.47402e-23 1.22783e-20 6.7977e-18 2.81469e-15 1.3396e-12 1.60261e-09 2.24994e-05 0.000100947 0.00323327 0.996643 
7.34588e-05 0.00303426 0.0152112 0.454189 0.154546 0.296925 0.0523305 0.0140376 0.00734627 0.00230642 
2.03517e-07 6.29847e-06 0.000112714 0.000342652 0.00258209 0.0149404 0.352263 0.252637 0.108069 0.269048 
2.94956e-09 1.00722e-07 1.28667e-06 2.2305e-05 0.000231384 0.000309941 0.00358131 0.0136989 0.0612569 0.920898 
3.32939e-08 8.28208e-07 1.09508e-05 2.56675e-05 0.000225771 0.000790271 0.00371461 0.0108212 0.0216505 0.96276 
9.328e-05 0.00554126 0.308953 0.279878 0.208531 0.153009 0.0303514 0.00871087 0.00320804 0.00172399 
3.42162e-08 9.0147e-07 1.09218e-05 2.11073e-05 0.000100783 0.000559141 0.003004 0.0407669 0.745189 0.210347 
4.06424e-08 1.83907e-06 1.66753e-05 0.000114506 0.00127367 0.00275676 0.0121859 0.0346073 0.077305 0.871738 
5.95487e-10 1.50183e-08 2.60264e-07 1.05427e-06 2.57249e-05 0.000102819 0.000867616 0.00609573 0.216503 0.776404 
1.10044e-23 1.76922e-21 3.46393e-19 1.05997e-16 5.41327e-14 7.12685e-11 1.04027e-06 2.34401e-06 0.000429182 0.999567 
4.01011e-12 1.18088e-10 2.0549e-09 8.09467e-09 4.49502e-08 5.51987e-07 1.29729e-05 0.000186829 0.00455684 0.995243 
2.71428e-09 1.12753e-07 4.96288e-06 5.2322e-06 0.000201867 0.000356703 0.00570712 0.0318254 0.0835054 0.878393 
4.38229e-07 1.96743e-05 0.000475992 0.00141368 0.00474081 0.261539 0.0593887 0.436038 0.201984 0.0343996 
1.41244e-07 3.92999e-06 7.86009e-05 0.000174963 0.000676288 0.00421275 0.0164238 0.0470804 0.0990497 0.832299 
0.000159597 0.00416163 0.0263442 0.048078 0.11593 0.144567 0.622534 0.0263803 0.00806255 0.00378304 
5.12896e-07 1.83991e-05 0.000227762 0.0010633 0.00450976 0.0125695 0.0243812 0.0491838 0.0819993 0.826046 
4.43894e-12 1.08004e-10 1.65087e-09 2.18635e-08 5.37717e-07 3.01369e-05 0.000777584 0.883873 0.058161 0.0571578 
3.88558e-08 1.64403e-06 3.93305e-05 0.000225537 0.0020448 0.0126135 0.0532288 0.752725 0.112907 0.0662147 
3.82521e-09 1.479e-07 1.45969e-06 2.1842e-05 0.000141843 0.000252633 0.00259251 0.0137177 0.659511 0.323761 
2.61848e-08 7.766e-07 1.78217e-05 6.16425e-05 0.000352 0.000650936 0.00563041 0.0178107 0.0685989 0.906877 
1.31861e-06 5.63758e-05 0.000283066 0.00139191 0.0072629 0.0199226 0.0520758 0.0388844 0.66775 0.212372 
1.45855e-05 0.000613139 0.00524971 0.0145949 0.0295026 0.0577514 0.710577 0.107888 0.0622728 0.0115362 
1.05589e-06 6.40339e-05 0.00167697 0.0126061 0.0601046 0.423077 0.385898 0.0533493 0.0402507 0.0229717 
6.64019e-08 1.55011e-06 2.11796e-05 2.7697e-05 0.000240454 0.000734516 0.00593503 0.434037 0.495668 0.0633342 
2.13369e-08 6.20498e-07 1.90538e-05 3.03709e-05 0.000156153 0.00153403 0.0120725 0.0512009 0.88661 0.048376 
6.02464e-08 2.64509e-06 4.83405e-05 0.000228275 0.000974972 0.00546567 0.0294918 0.779411 0.110354 0.0740233 
8.97067e-08 4.01054e-06 6.89867e-05 0.000182269 0.000726659 0.00431132 0.019309 0.143572 0.54581 0.286016 
9.56373e-06 0.000434479 0.00220925 0.0060608 0.0346063 0.199618 0.2526 0.411731 0.084208 0.00852254 
1.92236e-05 0.000883143 0.0027388 0.0048599 0.0152459 0.0370275 0.0661144 0.0839572 0.728847 0.0603066 
0.000893916 0.0118262 0.0609137 0.103915 0.766117 0.051319 0.00452432 0.000469806 1.92003e-05 2.09751e-06 
7.49052e-08 3.58976e-06 5.16033e-05 0.000286409 0.00164976 0.00399758 0.0186057 0.0552115 0.811719 0.108475 
1.87584e-09 9.74487e-08 8.56737e-07 3.93536e-05 2.38158e-05 0.000193941 0.00215186 0.00294525 0.00646637 0.988178 
4.17692e-08 2.34213e-06 6.35829e-05 0.000159543 0.000624301 0.00360263 0.0151482 0.0564104 0.786697 0.137292 
6.44203e-09 2.24028e-07 2.94609e-06 4.00626e-05 0.000248323 0.000701643 0.00615115 0.0175266 0.0645478 0.910781 
8.80139e-08 3.92868e-06 5.63409e-05 0.000277931 0.00140945 0.00741549 0.036676 0.766852 0.114167 0.0731419 
2.83832e-05 0.00112938 0.00456217 0.0186288 0.0474743 0.080663 0.10274 0.0774897 0.638719 0.0285654 
3.37853e-06 0.000122608 0.000323171 0.0045061 0.0191596 0.0600196 0.115215 0.693194 0.0769038 0.0305534 
1.9845e-07 8.75235e-06 0.000245965 0.000714624 0.00301841 0.0318529 0.320785 0.288774 0.318371 0.0362286 
3.78157e-09 1.65579e-07 1.90508e-06 6.57385e-05 0.000102151 0.000552556 0.00539124 0.022995 0.896586 0.0743055 
1.31367e-09 3.09345e-08 4.978e-07 8.29074e-07 1.07445e-05 0.000122209 0.00318428 0.0233604 0.0729122 0.900409 
6.8442e-06 0.000317084 0.00410392 0.00912369 0.0272687 0.0744408 0.118189 0.715537 0.041684 0.00932945 
1.85909e-07 6.40012e-06 0.000107583 0.00040614 0.00163014 0.00654701 0.0319311 0.468049 0.420196 0.0711263 
1.58661e-07 3.76469e-06 6.33002e-05 5.00283e-05 9.20222e-05 0.000710303 0.00888185 0.0515285 0.882661 0.056009 
4.30946e-10 9.9821e-09 1.4698e-07 2.63898e-07 2.10224e-06 2.25325e-05 0.000318412 0.00272789 0.0141065 0.982822 
5.15131e-06 0.000188031 0.000490516 0.00376528 0.0167111 0.0761339 0.155403 0.65274 0.0601277 0.0344359 
8.50753e-10 2.54631e-08 3.48637e-07 3.49851e-06 6.46599e-06 0.000133159 0.00161477 0.0194958 0.918932 0.0598144 
2.37581e-08 6.90914e-07 1.2124e-05 0.000380592 0.00181945 0.0139256 0.0577444 0.795997 0.0873641 0.0427563 
9.30904e-09 3.52985e-07 3.60963e-06 6.93125e-05 0.000264984 0.000740284 0.00673335 0.0214666 0.0818934 0.888828 
1.22756e-07 3.19351e-06 5.79992e-05 0.000149559 0.000611807 0.00478984 0.0288075 0.764029 0.119784 0.0817673 
2.84798e-05 0.00126005 0.00356647 0.00654229 0.0222671 0.0455561 0.0659462 0.668689 0.116718 0.0694269 
1.39911e-08 4.95346e-07 3.06926e-06 3.02597e-05 0.000104657 0.00074198 0.00476126 0.0134176 0.0569184 0.924022 
2.53086e-08 1.01698e-06 1.7482e-05 0.000169515 0.000960275 0.007897 0.137896 0.749422 0.0814984 0.0221387 
4.62846e-09 1.78126e-07 2.02359e-06 5.26712e-05 0.000243577 0.000447939 0.00518102 0.0309416 0.104008 0.859123 
1.72687e-10 5.09556e-09 5.91283e-08 2.43573e-07 1.97412e-06 1.06184e-05 0.000312962 0.000484777 0.00604882 0.993141 
5.5202e-09 2.59115e-07 2.49848e-06 9.20645e-05 6.03848e-05 0.000540183 0.00410669 0.00691057 0.0217763 0.966511 
1.09237e-05 0.00153379 0.12097 0.0159667 0.0720748 0.438153 0.167943 0.106129 0.047082 0.030136 
3.14442e-07 1.20412e-05 0.000198058 0.00067604 0.00248859 0.00781745 0.0152564 0.0296417 0.0790749 0.864835 
5.45502e-05 0.00201589 0.0103819 0.0111581 0.0309314 0.0434131 0.0450672 0.0526711 0.742707 0.0615996 
5.40808e-18 1.26969e-15 5.20997e-14 5.6725e-12 6.2574e-10 8.6574e-08 0.000131036 0.00296615 0.339834 0.657069 
1.24093e-07 2.86108e-06 3.9677e-05 5.50165e-05 7.5969e-05 0.000804954 0.0102315 0.0401289 0.855061 0.0936 
1.11745e-07 5.12834e-06 5.87604e-05 0.000841399 0.00478807 0.02476 0.0763156 0.742102 0.100371 0.0507584 
1.93797e-07 5.3286e-06 7.92961e-05 0.000222278 0.00118673 0.00488709 0.0185848 0.0559097 0.105589 0.813536 
8.61451e-08 2.26259e-06 4.66827e-05 0.000133605 0.000735138 0.00650116 0.0287667 0.0721858 0.832882 0.0587465 
2.66411e-09 1.29957e-07 1.24756e-06 4.96644e-05 4.81088e-05 0.000373639 0.00351676 0.0086579 0.0429631 0.944389 
2.0105e-07 6.44895e-06 0.000114391 0.000408187 0.00142366 0.00761313 0.029613 0.0774044 0.115307 0.76811 
1.29716e-07 2.94562e-06 4.11215e-05 3.52171e-05 2.55999e-05 0.000204206 0.00302132 0.0140522 0.0621484 0.920469 
3.52116e-07 1.65659e-05 0.000441387 0.00150043 0.00642094 0.0262115 0.0727251 0.116785 0.715526 0.0603725 
7.61827e-09 3.04641e-07 2.3318e-06 5.58693e-05 6.29532e-05 0.000548985 0.00258195 0.0067428 0.927621 0.0623836 
3.30614e-08 1.45482e-06 3.67122e-05 0.000263903 0.00205752 0.0133156 0.0457297 0.0968531 0.777635 0.0641071 
4.87398e-07 2.17664e-05 0.000748643 0.00170253 0.00331766 0.00875746 0.0195145 0.109103 0.465969 0.390864 
1.59352e-10 4.43934e-09 7.97092e-08 3.02808e-07 1.37153e-06 7.73996e-06 9.27882e-05 0.000444629 0.00370155 0.995752 
9.23014e-08 2.43519e-06 3.47243e-05 0.000102141 0.000456803 0.0027462 0.0129209 0.0404713 0.103477 0.839788 
2.36315e-07 9.05711e-06 0.000141931 0.000513798 0.00261364 0.00710536 0.0166922 0.0402757 0.840602 0.0920461 
7.59594e-11 2.47933e-09 1.99756e-08 1.18706e-07 8.31263e-07 1.9018e-05 0.000201975 0.00194287 0.0132058 0.984629 
1.35567e-06 5.2302e-05 0.000902296 0.00341194 0.0196212 0.0428247 0.0467704 0.0532494 0.080634 0.752532 
4.3477e-07 1.77872e-05 0.000295198 0.00175075 0.00626708 0.0269512 0.0811371 0.747851 0.0998191 0.0359106 
3.64317e-09 1.26346e-07 1.34435e-06 9.17283e-06 3.36541e-05 0.000311485 0.00124245 0.00326769 0.0119781 0.983156 
4.03038e-08 1.78666e-06 1.85307e-05 0.000321127 0.00215615 0.00715314 0.0271 0.0502445 0.0691424 0.843862 
7.91797e-10 2.83612e-08 3.10883e-07 6.64091e-06 6.68392e-06 6.67912e-05 0.000694903 0.00233704 0.00983985 0.987048 
4.43832e-07 2.08388e-05 0.000666992 0.00157868 0.00347362 0.00792758 0.0214653 0.0428947 0.0672506 0.854721 
8.15724e-12 1.8508e-10 2.57941e-09 2.17673e-09 7.55126e-10 2.37893e-08 7.39369e-07 7.22726e-05 0.00138656 0.99854 
4.89526e-09 2.34271e-07 3.73835e-06 8.45868e-06 2.72354e-05 0.000321873 0.00111612 0.00380929 0.477063 0.517651 
7.93709e-22 1.00335e-19 3.70528e-17 1.18414e-14 5.47668e-12 4.08432e-09 5.32705e-05 0.000335763 0.00892641 0.990685 
6.61456e-07 2.54795e-05 0.000215922 0.00143833 0.00782035 0.021188 0.0317701 0.0603207 0.772515 0.104706 
5.85573e-10 1.78614e-08 2.85283e-07 2.57213e-06 0.000155839 9.60171e-05 0.00102439 0.00373104 0.0166363 0.978353 
1.38977e-08 5.91243e-07 6.87226e-06 0.000138558 0.00064513 0.00203236 0.0124049 0.0311504 0.082035 0.871586 
1.59585e-07 4.37807e-06 8.73071e-05 0.000276257 0.00123828 0.00545422 0.0267492 0.0624303 0.789643 0.114117 
