9498
2.78999e-05 0.00155363 0.016774 0.700081 0.157023 0.0958358 0.0239404 0.00423363 0.000414003 0.000117272 
6.22808e-10 1.41608e-08 1.97575e-07 2.01202e-07 2.25045e-06 1.49635e-05 0.000448536 0.00419863 0.0267572 0.968578 
4.26782e-10 9.6941e-09 1.353e-07 1.37438e-07 6.54464e-07 3.18583e-05 0.000400955 0.00503118 0.0277025 0.966833 
8.34738e-08 7.95037e-06 0.000440798 0.00900491 0.299182 0.466465 0.0805045 0.0950871 0.0478419 0.00146581 
4.01484e-27 1.69667e-24 3.12506e-21 7.64615e-18 1.15607e-14 5.7047e-12 2.52132e-08 5.60153e-06 0.000980583 0.999014 
2.35581e-07 5.34612e-06 7.45099e-05 6.29219e-05 1.76546e-05 0.000343022 0.0056694 0.0243623 0.0625207 0.906944 
1.48589e-07 3.37331e-06 4.70211e-05 4.02224e-05 2.358e-05 0.000626437 0.00931633 0.455258 0.50098 0.0337055 
2.51633e-07 5.73497e-06 8.01154e-05 0.000121801 0.000294912 0.00412809 0.0263309 0.865414 0.0789651 0.0246587 
6.91733e-10 1.62951e-08 2.30259e-07 3.68946e-07 2.14886e-06 8.62551e-05 0.00169224 0.0154798 0.917237 0.0655014 
5.87567e-10 1.33493e-08 1.86368e-07 1.95568e-07 1.14096e-06 6.00878e-05 0.00211308 0.0300553 0.918528 0.0492423 
2.19062e-10 4.97471e-09 6.94046e-08 6.44728e-08 1.74208e-07 1.00893e-05 0.000566605 0.00469477 0.0243184 0.97041 
9.85436e-10 2.25077e-08 3.14682e-07 4.12512e-07 3.96958e-06 9.41939e-05 0.000993011 0.00786285 0.0468458 0.944199 
1.09394e-07 2.67032e-06 3.68529e-05 0.000282987 0.00183577 0.0232742 0.802903 0.0977641 0.060046 0.0138547 
7.94605e-09 2.15872e-07 3.7265e-06 6.86811e-05 0.000859788 0.0106476 0.49248 0.366947 0.122513 0.00648011 
8.8682e-10 2.08894e-08 2.9525e-07 4.9244e-07 3.04232e-06 0.000115299 0.001607 0.0149614 0.0562284 0.927084 
6.74489e-10 1.53371e-08 2.14142e-07 2.21547e-07 1.08826e-06 4.81139e-05 0.00118968 0.0176108 0.075636 0.905514 
3.51305e-08 3.87539e-06 8.86359e-05 0.00224443 0.0158646 0.133849 0.814192 0.0271446 0.00606703 0.000545599 
1.1893e-08 2.79089e-07 4.03384e-06 1.43573e-05 0.000389066 0.00802664 0.824781 0.0952904 0.0582983 0.013196 
8.63783e-08 6.49174e-06 0.000117551 0.00344565 0.0203978 0.0661506 0.841397 0.0547186 0.012754 0.00101201 
1.44726e-07 7.1387e-06 0.000107886 0.00211172 0.0100879 0.045518 0.101639 0.522998 0.315388 0.00214282 
1.55555e-10 3.54133e-09 4.95881e-08 7.30621e-08 8.56469e-07 4.84806e-05 0.00077896 0.00745465 0.0397102 0.952007 
1.5989e-07 8.65144e-06 0.000137172 0.00235405 0.0115532 0.0520586 0.847942 0.0677136 0.0172084 0.00102446 
1.6179e-10 3.67357e-09 5.12453e-08 4.74594e-08 9.98568e-08 2.56374e-06 4.87524e-05 0.000736225 0.00537294 0.993839 
6.20956e-08 5.10115e-06 0.000123096 0.00257723 0.0141289 0.0642644 0.854053 0.0542355 0.00995245 0.000659887 
1.12644e-07 5.93711e-06 0.000118213 0.00491517 0.538769 0.0643065 0.344537 0.0374494 0.00941772 0.000481446 
2.58347e-10 5.86714e-09 8.18439e-08 7.64457e-08 1.86469e-07 3.77967e-06 0.000182537 0.00161184 0.0170033 0.981198 
2.47685e-09 8.11522e-08 1.16601e-06 1.28765e-05 0.000357216 0.00517256 0.0315783 0.8756 0.0666815 0.0205961 
1.13389e-18 2.18073e-16 1.65869e-14 2.33017e-12 3.8185e-10 6.43389e-08 0.000103218 0.00128206 0.0229001 0.975715 
9.78826e-08 2.22332e-06 3.09971e-05 2.67392e-05 1.44938e-05 0.00028358 0.00427435 0.0222029 0.913039 0.0601252 
1.26598e-07 2.87497e-06 4.00794e-05 3.44296e-05 1.7083e-05 0.000368514 0.00419579 0.0165592 0.905746 0.073036 
1.32007e-05 0.000945198 0.00517617 0.0342881 0.245218 0.423684 0.260137 0.0218106 0.0080003 0.000728063 
2.70573e-09 7.20859e-08 1.76138e-06 9.51501e-05 0.00207383 0.0288373 0.853183 0.064914 0.0369348 0.0139602 
1.61675e-07 3.73239e-06 5.22137e-05 0.000152026 0.000600028 0.0047048 0.0239069 0.88268 0.0672544 0.0206461 
1.54219e-07 3.50187e-06 4.89017e-05 7.16425e-05 5.45268e-05 0.00062032 0.00733647 0.0207928 0.896501 0.0745705 
5.05173e-10 1.14759e-08 1.60188e-07 1.65348e-07 8.31975e-07 3.90779e-05 0.000812649 0.00865067 0.610473 0.380024 
1.76559e-10 4.01169e-09 5.60235e-08 6.27044e-08 4.26056e-07 2.29654e-05 0.000330034 0.00489759 0.0355076 0.959241 
3.96385e-09 9.4973e-08 1.4542e-06 9.35417e-06 0.00037425 0.00381524 0.0201015 0.0389295 0.0606595 0.876109 
8.18133e-10 2.00129e-08 2.8623e-07 6.08192e-07 3.3485e-06 0.000113217 0.000868729 0.00812387 0.0421965 0.948693 
2.46698e-09 5.65338e-08 7.91276e-07 1.02275e-06 9.36687e-06 0.000328415 0.00294403 0.0130171 0.0491232 0.934576 
6.52723e-09 1.60132e-07 2.43111e-06 2.77317e-05 0.000448944 0.00614881 0.0413355 0.865433 0.0685086 0.0180949 
7.60029e-08 1.72547e-06 2.40518e-05 2.0487e-05 7.04075e-06 0.000132252 0.00382108 0.0183578 0.0499325 0.927703 
2.05125e-08 1.18679e-06 2.25919e-05 0.00114995 0.00751628 0.0531928 0.854947 0.0636562 0.0174092 0.00210531 
6.62899e-07 3.62995e-05 0.000549962 0.0084052 0.749216 0.143571 0.0710837 0.0232854 0.00343521 0.000416998 
5.00829e-12 1.21317e-10 1.84284e-09 2.30232e-08 5.56109e-07 3.06019e-05 0.000353608 0.00409316 0.262763 0.732759 
4.04585e-10 9.19258e-09 1.28332e-07 1.33692e-07 6.33247e-07 2.68307e-05 0.000343126 0.00386034 0.0279617 0.967807 
9.38163e-12 2.15424e-10 3.04974e-09 9.17724e-09 1.60639e-07 8.08326e-06 0.000145555 0.00124869 0.0177208 0.980877 
1.72318e-08 6.95556e-07 8.77032e-06 0.000168058 0.0010803 0.021675 0.809564 0.0980222 0.056122 0.0133587 
1.27819e-08 1.0222e-06 1.91904e-05 0.000976524 0.00559116 0.0367491 0.76756 0.173121 0.0144584 0.00152334 
1.29435e-08 3.23769e-07 4.78212e-06 3.40954e-05 0.00130741 0.0243729 0.829496 0.0898132 0.0452038 0.00976734 
2.93958e-08 1.32738e-06 2.27297e-05 0.000874073 0.00380642 0.0239583 0.0609086 0.850026 0.0540146 0.00638841 
1.84969e-07 4.23645e-06 5.93459e-05 9.6207e-05 0.00057723 0.00526774 0.0263038 0.079856 0.863379 0.0244564 
3.14449e-08 7.16984e-07 1.001e-05 9.4013e-06 1.23796e-05 0.000350044 0.00243882 0.0117657 0.036303 0.94911 
1.57715e-07 3.60073e-06 5.02777e-05 5.154e-05 0.000203645 0.00204819 0.00893235 0.0362753 0.0742987 0.878136 
3.56011e-13 2.88289e-11 6.64904e-10 4.34173e-08 1.31723e-06 8.08576e-05 0.00267969 0.0157589 0.914521 0.0669578 
1.91146e-08 1.29485e-06 2.37119e-05 0.00134818 0.0197862 0.846447 0.0791531 0.0411482 0.010858 0.00123412 
8.04499e-09 1.82544e-07 2.54418e-06 2.16458e-06 1.13993e-06 4.61787e-05 0.000876995 0.0083582 0.0482288 0.942484 
0.000293105 0.00946057 0.170818 0.68382 0.0821006 0.0403213 0.011161 0.00185447 0.00012882 4.17293e-05 
1.88172e-07 4.27225e-06 5.95533e-05 5.08824e-05 2.35241e-05 0.000438834 0.0074361 0.0450289 0.89538 0.0515776 
5.50056e-10 1.26806e-08 1.78014e-07 2.37329e-07 1.53139e-06 6.60107e-05 0.00062553 0.00654271 0.0377791 0.954985 
4.02966e-10 9.15926e-09 1.27941e-07 1.45318e-07 1.01417e-06 4.84821e-05 0.00105129 0.0111461 0.0459139 0.941839 
1.49759e-07 3.39841e-06 4.73639e-05 3.99648e-05 1.00166e-05 0.000166678 0.0028699 0.0134163 0.0500304 0.933416 
4.6382e-08 1.05273e-06 1.46731e-05 1.24789e-05 4.94986e-06 0.000127863 0.00468425 0.0367258 0.902478 0.0559513 
3.90942e-06 0.000141921 0.00181428 0.00508675 0.0177223 0.0488851 0.064774 0.822965 0.0357036 0.00290345 
3.42602e-10 7.7775e-09 1.0846e-07 9.8311e-08 1.99766e-07 3.19389e-06 0.000210189 0.00219042 0.0228177 0.974778 
4.43069e-10 1.00589e-08 1.40279e-07 1.24358e-07 2.07073e-07 8.33839e-06 0.000192026 0.00273763 0.0143313 0.98273 
1.99517e-08 4.52676e-07 6.30868e-06 5.31605e-06 1.62058e-06 5.32691e-05 0.00379981 0.874676 0.0820706 0.039387 
5.6451e-08 3.5968e-06 5.66606e-05 0.00153116 0.0811175 0.180364 0.272074 0.364404 0.0977601 0.0026895 
2.03812e-08 8.86561e-07 1.76727e-05 0.000833914 0.00340981 0.0222305 0.84079 0.084005 0.0428636 0.00584846 
2.29605e-07 1.40014e-05 0.000185074 0.00273725 0.0206391 0.786572 0.127698 0.0518922 0.00951964 0.000742055 
1.54567e-07 3.51261e-06 4.89717e-05 4.28251e-05 5.00329e-05 0.000491164 0.00658552 0.0368529 0.902799 0.0531263 
1.27056e-08 3.26587e-07 5.59051e-06 0.000174534 0.00350581 0.277397 0.61545 0.0633632 0.0329207 0.00718279 
2.03125e-11 4.61237e-10 6.43268e-09 5.75188e-09 1.10693e-08 4.56954e-07 7.23104e-05 0.000689739 0.0107908 0.988447 
3.78449e-10 8.59347e-09 1.19867e-07 1.09555e-07 2.09454e-07 1.03965e-05 0.000246607 0.0043171 0.030759 0.964666 
1.20541e-09 2.77713e-08 3.89392e-07 5.29184e-07 3.81583e-06 0.000126667 0.00106033 0.00733019 0.0389455 0.952533 
6.38337e-09 1.68381e-07 2.57547e-06 4.82595e-05 0.000383639 0.00545028 0.0295969 0.870567 0.075236 0.0187157 
2.19807e-11 4.9956e-10 6.96936e-09 6.49083e-09 2.34744e-08 6.17314e-07 0.000215447 0.00522961 0.94681 0.0477444 
9.16199e-05 0.00237837 0.0136206 0.0451219 0.673444 0.226186 0.0346821 0.004141 0.00023283 0.000101944 
1.61609e-07 3.66832e-06 5.11582e-05 4.43454e-05 2.57645e-05 0.000329528 0.00531035 0.609588 0.30453 0.080117 
3.4063e-08 7.76058e-07 1.08339e-05 1.12204e-05 1.8689e-05 0.000472689 0.00485078 0.0180914 0.0538902 0.922653 
4.41372e-12 1.00181e-10 1.39658e-09 1.2207e-09 1.34429e-09 3.32451e-08 7.46488e-06 4.00732e-05 0.000555263 0.999397 
1.35527e-07 3.07731e-06 4.28982e-05 3.68759e-05 2.28709e-05 0.000493812 0.00715739 0.037627 0.0908733 0.863743 
1.52865e-07 3.48323e-06 4.86474e-05 6.58443e-05 0.000183108 0.00238262 0.0184074 0.890182 0.0664653 0.022261 
1.15973e-19 1.40909e-17 3.47972e-15 5.82224e-13 1.11077e-10 2.75451e-08 6.24244e-05 0.000321364 0.00506021 0.994556 
2.95473e-08 1.45802e-06 2.65196e-05 0.00114645 0.00597672 0.0331026 0.250263 0.487711 0.214501 0.00727106 
1.83042e-08 4.9826e-07 7.75561e-06 8.72101e-05 0.000776857 0.00857044 0.0304477 0.0701668 0.866774 0.0231686 
7.56748e-10 1.71861e-08 2.39806e-07 2.36989e-07 9.45556e-07 4.01201e-05 0.000578157 0.00702544 0.0406688 0.951686 
1.65088e-07 3.74562e-06 5.21995e-05 4.38785e-05 1.37851e-05 0.000595498 0.00925995 0.0445299 0.908847 0.0366544 
4.23667e-09 1.07122e-07 1.62883e-06 1.10909e-05 0.000368456 0.00536124 0.0253433 0.864047 0.0808023 0.0240645 
2.84737e-07 1.80805e-05 0.000298065 0.00560853 0.0610943 0.85169 0.0730698 0.00684123 0.00134351 3.59076e-05 
8.17573e-08 1.85616e-06 2.5874e-05 2.21653e-05 1.25675e-05 0.000264358 0.00229871 0.0186029 0.893123 0.0856486 
1.82948e-08 4.45756e-07 6.47515e-06 6.46459e-05 0.00045856 0.00525418 0.0252813 0.0610904 0.0743611 0.833483 
9.89523e-08 2.24578e-06 3.13012e-05 2.65242e-05 9.98984e-06 0.000194402 0.0046516 0.126857 0.141897 0.726329 
3.24387e-05 0.00178207 0.00934314 0.0333275 0.0913938 0.118481 0.724396 0.0200774 0.00105525 0.000110691 
1.69029e-10 3.84075e-09 5.36252e-08 5.6426e-08 2.80109e-07 1.44168e-05 0.000333237 0.00524641 0.035378 0.959028 
2.29792e-07 5.22521e-06 7.29034e-05 6.86907e-05 0.000192151 0.00344061 0.0168322 0.857592 0.0895451 0.032251 
1.20515e-21 1.47515e-19 4.70943e-17 1.25257e-14 5.24936e-12 4.01119e-09 5.21693e-05 0.000296797 0.00739575 0.992255 
8.04826e-09 4.53025e-07 8.41191e-06 0.000375822 0.00175158 0.0125456 0.0404417 0.846461 0.0751428 0.023273 
2.70625e-10 6.14324e-09 8.56653e-08 7.75409e-08 1.52735e-07 2.77121e-06 0.000211716 0.00241691 0.0216687 0.9757 
2.60547e-07 5.91445e-06 8.24584e-05 7.23872e-05 4.47039e-05 0.000770575 0.0104963 0.831378 0.111424 0.0457255 
2.49994e-07 5.68237e-06 7.93135e-05 8.25165e-05 0.000111547 0.000977495 0.0109005 0.0566143 0.885541 0.0456869 
1.73545e-08 3.93775e-07 5.48799e-06 4.64382e-06 1.81842e-06 6.26878e-05 0.00219105 0.0158822 0.0547151 0.927137 
1.78643e-08 9.80062e-07 1.90261e-05 0.000895307 0.00524079 0.0238848 0.0709149 0.834288 0.0576296 0.00712653 
5.83763e-08 1.32555e-06 1.8481e-05 1.68226e-05 0.000200545 0.0116721 0.804877 0.0600073 0.0729921 0.0502144 
5.36047e-08 1.21814e-06 1.69861e-05 1.48592e-05 1.14482e-05 0.000401893 0.00746808 0.0443798 0.906044 0.0416616 
5.30813e-08 4.36926e-06 8.70316e-05 0.00215952 0.0111709 0.0565082 0.840435 0.063068 0.0226633 0.00390393 
1.15848e-08 2.83655e-07 4.20217e-06 3.98252e-05 0.000468517 0.00610898 0.0259852 0.0613639 0.882518 0.0235109 
1.7073e-07 3.87738e-06 5.40551e-05 4.64624e-05 2.11586e-05 0.000462485 0.0106855 0.851804 0.0883129 0.0486089 
2.93092e-08 2.14068e-06 4.42518e-05 0.00157408 0.0100961 0.0551262 0.330756 0.527726 0.072353 0.00232202 
5.97509e-08 4.19479e-06 7.6849e-05 0.0028606 0.0270575 0.837314 0.083096 0.0393667 0.00928 0.000943713 
8.08422e-10 1.83577e-08 2.56111e-07 2.47486e-07 9.60095e-07 4.58342e-05 0.000570217 0.00680766 0.0291804 0.963394 
1.10905e-09 2.60765e-08 3.68181e-07 6.32503e-07 5.53254e-06 0.000134258 0.00129169 0.00796249 0.036174 0.954431 
8.05222e-10 1.89815e-08 2.68219e-07 4.41029e-07 2.76846e-06 9.51254e-05 0.00107755 0.0132611 0.927957 0.0576054 
2.32849e-08 1.51834e-06 2.84951e-05 0.00146882 0.00857072 0.0537522 0.861127 0.0598888 0.0138769 0.00128549 
9.30532e-08 2.11123e-06 2.94224e-05 2.46998e-05 4.57444e-06 6.22888e-05 0.00304988 0.023434 0.062309 0.911084 
4.55485e-10 1.03515e-08 1.44545e-07 1.57031e-07 1.07824e-06 5.44777e-05 0.00245769 0.0273494 0.912627 0.0575104 
1.16567e-05 0.000579558 0.00526882 0.0337553 0.852926 0.0806533 0.0220753 0.00426597 0.000385436 7.86157e-05 
7.82948e-09 2.10393e-07 3.29739e-06 2.33123e-05 0.000616177 0.00639456 0.0282238 0.072583 0.864072 0.0280834 
9.16749e-08 2.07998e-06 2.8987e-05 2.4351e-05 5.10587e-06 7.45943e-05 0.00344426 0.0271745 0.912256 0.05699 
8.1347e-08 1.85029e-06 2.58825e-05 5.98542e-05 0.000177788 0.00185249 0.0131287 0.0441728 0.907252 0.0333287 
3.22342e-05 0.00188104 0.0102322 0.0613034 0.785949 0.114527 0.023251 0.00260701 0.000157998 5.87587e-05 
2.21962e-07 5.07305e-06 7.09864e-05 0.000116514 0.000417773 0.00393413 0.0263316 0.860718 0.0818193 0.0265863 
2.48122e-07 5.62965e-06 7.84564e-05 6.59852e-05 1.68287e-05 0.00027857 0.00628024 0.0439008 0.883465 0.065908 
8.65846e-08 5.15549e-06 4.86037e-05 0.00138795 0.00716181 0.0311635 0.068822 0.84855 0.0397225 0.00313842 
6.79055e-08 1.5696e-06 2.20937e-05 7.84203e-05 0.000484961 0.0063715 0.122287 0.177232 0.278387 0.415135 
4.6579e-18 1.04954e-15 6.30576e-14 1.43067e-11 2.99588e-09 3.59954e-07 0.000333684 0.00911852 0.955388 0.0351596 
4.18278e-07 2.73783e-05 0.000486712 0.00654709 0.0337932 0.0968158 0.819844 0.0392806 0.00313318 7.14436e-05 
1.47613e-08 7.00252e-07 1.15285e-05 0.000409114 0.00296867 0.027248 0.799454 0.117725 0.0458508 0.00633166 
8.74863e-08 1.98773e-06 2.77159e-05 2.42226e-05 1.95257e-05 0.000478843 0.00506832 0.0213367 0.0515409 0.921502 
0.000432387 0.00613391 0.039669 0.070999 0.1009 0.767973 0.0128803 0.000855508 7.49999e-05 8.22556e-05 
2.3595e-07 1.16505e-05 0.00017364 0.00289817 0.0184219 0.0813307 0.826269 0.0600964 0.010049 0.000749468 
1.93106e-10 4.38802e-09 6.12863e-08 6.97325e-08 5.03959e-07 2.73668e-05 0.000330288 0.00500196 0.0281518 0.966488 
2.34606e-10 5.32655e-09 7.42963e-08 6.84139e-08 1.48597e-07 6.38746e-06 0.000161692 0.00186721 0.0171401 0.980824 
1.17342e-09 2.84507e-08 4.0556e-07 8.4342e-07 5.01866e-06 0.000159729 0.00120084 0.00783963 0.0367946 0.953999 
1.77665e-07 4.03239e-06 5.62031e-05 4.76417e-05 1.75407e-05 0.000287989 0.00491332 0.0263521 0.889526 0.0787945 
2.34756e-10 5.33184e-09 7.44235e-08 7.73328e-08 4.39813e-07 2.58969e-05 0.000343927 0.00566387 0.0369744 0.956991 
2.33297e-08 7.16069e-07 9.79036e-06 0.000208809 0.00121368 0.0105582 0.0416487 0.846297 0.0840734 0.01599 
0.000823345 0.0274352 0.133093 0.775245 0.0443892 0.01575 0.00307784 0.000181468 4.70001e-06 1.83422e-07 
1.66104e-07 3.77165e-06 5.25937e-05 4.61001e-05 6.06234e-05 0.00169167 0.0106309 0.0458501 0.492247 0.449417 
1.63454e-08 8.52636e-07 1.6618e-05 0.000833679 0.00588851 0.0413332 0.874528 0.05595 0.0193627 0.00208609 
3.15945e-08 2.00371e-06 4.27608e-05 0.00144904 0.00700532 0.0401679 0.0901856 0.835622 0.0224794 0.00304641 
2.52793e-07 5.75026e-06 8.03342e-05 9.58776e-05 0.000334128 0.00647045 0.798672 0.109545 0.0664116 0.0183843 
0.00929635 0.112579 0.17676 0.681204 0.019128 0.000977673 5.39749e-05 9.72279e-07 2.34214e-08 8.54381e-10 
1.39739e-07 6.87322e-06 8.07453e-05 0.00138164 0.0064138 0.0226147 0.0559801 0.0864146 0.818458 0.00864917 
1.01742e-05 0.000642452 0.00444693 0.0394348 0.189604 0.752588 0.0114393 0.00144793 0.000377849 8.26191e-06 
1.62185e-06 9.74433e-05 0.00149194 0.0159111 0.0829732 0.814538 0.0664495 0.0159782 0.00249356 6.55284e-05 
2.23629e-08 1.12672e-06 1.74498e-05 0.000723011 0.00566429 0.0377792 0.804529 0.103438 0.041185 0.00666216 
7.27942e-08 1.6516e-06 2.30171e-05 1.9351e-05 4.325e-06 5.83424e-05 0.00461057 0.442914 0.0688338 0.483534 
5.62993e-08 1.2795e-06 1.78422e-05 1.55297e-05 7.9675e-06 0.000209174 0.00474569 0.884403 0.077021 0.0335787 
1.06037e-07 2.4315e-06 3.41217e-05 7.40229e-05 0.000494802 0.00582914 0.02562 0.0682027 0.876649 0.0230933 
4.55611e-08 1.03579e-06 1.44729e-05 1.5886e-05 0.000117164 0.0242231 0.00932932 0.710268 0.239762 0.0162683 
1.3057e-08 5.4196e-07 8.7646e-06 0.000265415 0.00146908 0.0128537 0.17275 0.224584 0.570774 0.0172946 
1.15394e-12 2.80628e-11 4.21273e-10 5.2666e-09 1.84177e-07 1.16027e-05 0.000643462 0.00747288 0.272022 0.71985 
6.93144e-10 1.57482e-08 2.19804e-07 2.21642e-07 9.35903e-07 4.06735e-05 0.000910499 0.0184413 0.911541 0.0690647 
2.14601e-07 4.87298e-06 6.79519e-05 6.32823e-05 6.20973e-05 0.00231082 0.0280084 0.882668 0.0640669 0.0227476 
1.03491e-07 9.33328e-06 0.000519592 0.0132789 0.476627 0.432745 0.0524474 0.018584 0.00519151 0.000597629 
1.75034e-07 3.97447e-06 5.54052e-05 4.75453e-05 2.74299e-05 0.000807607 0.00971055 0.0436548 0.898506 0.047186 
2.559e-07 1.57114e-05 0.000211931 0.00468607 0.0423917 0.623496 0.290527 0.0297612 0.00830053 0.000609328 
8.0058e-11 1.82005e-09 2.54293e-08 2.94403e-08 2.04409e-07 1.00938e-05 0.000222049 0.00290568 0.024718 0.972144 
1.7434e-08 9.61102e-07 2.03206e-05 0.00113013 0.00518577 0.0291643 0.0847737 0.832486 0.042858 0.00438124 
1.80666e-07 1.17952e-05 0.000275787 0.00498312 0.0359471 0.468555 0.445412 0.0381011 0.00633753 0.000376291 
3.0131e-09 7.39731e-08 1.1913e-06 3.74468e-05 0.000218873 0.00352683 0.0304453 0.871579 0.0720373 0.0221543 
1.57064e-08 8.92435e-07 1.79307e-05 0.000960333 0.00434046 0.0192414 0.0594023 0.861122 0.0491042 0.00581025 
1.26294e-07 2.86563e-06 3.9937e-05 3.36387e-05 1.85063e-05 0.000701753 0.144421 0.634484 0.196304 0.0239936 
2.55973e-21 3.11567e-19 9.71961e-17 3.39588e-14 2.56212e-11 1.75373e-08 0.000108936 0.00257209 0.961993 0.035326 
1.52437e-07 3.48894e-06 4.87893e-05 9.07077e-05 0.000288896 0.00268165 0.0118228 0.827768 0.111412 0.0458839 
5.18471e-08 5.94805e-06 0.000455337 0.018308 0.777975 0.0916214 0.0665655 0.0341581 0.0100057 0.000905454 
8.20253e-08 1.88181e-06 2.686e-05 9.74022e-05 0.00174637 0.0192857 0.477844 0.429201 0.0522818 0.0195143 
1.53206e-07 3.47872e-06 4.84937e-05 4.15136e-05 1.93343e-05 0.000383743 0.00653881 0.0307342 0.0661295 0.896101 
4.9202e-09 1.241e-07 1.88315e-06 5.17221e-05 0.000216237 0.0024375 0.0147868 0.0451274 0.0804148 0.856964 
8.937e-06 0.000371352 0.0030524 0.0157135 0.606997 0.306086 0.0538258 0.0124103 0.00135862 0.000176197 
3.63933e-05 0.00201938 0.00981306 0.0407878 0.131854 0.770084 0.0409427 0.00416086 0.000223973 7.75792e-05 
5.03931e-10 1.14418e-08 1.59578e-07 1.44395e-07 2.70134e-07 9.00803e-06 0.000297971 0.00487014 0.0281587 0.966664 
1.62116e-07 3.68092e-06 5.13165e-05 4.43182e-05 2.65772e-05 0.000593127 0.00829109 0.840038 0.109653 0.0412988 
2.00561e-08 7.38313e-07 1.06999e-05 0.000279815 0.00247942 0.0296588 0.813306 0.0961685 0.0487819 0.00931437 
4.74022e-08 6.0173e-06 0.000136451 0.00478771 0.0475464 0.815008 0.0830211 0.03757 0.0109869 0.000937227 
6.14176e-39 4.09538e-35 9.27137e-31 1.33119e-26 2.95808e-22 3.76299e-18 1.4355e-13 1.06546e-09 1.96822e-05 0.99998 
8.17153e-05 0.00312901 0.248124 0.171165 0.49136 0.067913 0.015496 0.0024955 0.000150406 8.41112e-05 
9.02861e-10 2.08731e-08 2.93278e-07 3.91921e-07 2.30268e-06 0.000110157 0.00475625 0.0455723 0.879408 0.07015 
3.41606e-08 8.03187e-07 1.14743e-05 5.22082e-05 0.00128621 0.0259195 0.59449 0.327241 0.0419643 0.00903409 
1.26452e-07 2.86899e-06 3.99826e-05 3.35804e-05 6.84917e-06 0.000154023 0.00907619 0.0522502 0.885145 0.0532914 
0.00111846 0.0189071 0.145833 0.795641 0.0366828 0.00173484 8.10286e-05 1.03639e-06 2.30448e-08 9.68081e-10 
1.71013e-22 2.01701e-20 5.18906e-18 1.11205e-15 6.04613e-13 1.16547e-10 2.67381e-07 2.57034e-05 0.000350439 0.999624 
6.54114e-11 1.49259e-09 2.097e-08 4.07692e-08 6.14614e-07 3.58214e-05 0.000486166 0.00605867 0.0349397 0.958479 
3.62848e-07 2.37373e-05 0.000402865 0.00696297 0.0567815 0.868868 0.0520903 0.0122601 0.00246637 0.000143644 
3.19262e-08 7.48812e-07 1.06985e-05 6.97339e-05 0.000341468 0.00346424 0.0159148 0.0412322 0.883203 0.0557635 
2.25198e-10 5.11333e-09 7.13194e-08 6.40932e-08 1.0371e-07 5.8705e-06 0.000169329 0.00301747 0.0259003 0.970907 
2.357e-08 1.08059e-06 1.79716e-05 0.000790243 0.00357546 0.0231937 0.0539616 0.0743009 0.835179 0.00898002 
4.57068e-06 0.000330377 0.00895512 0.266175 0.59865 0.0671625 0.0321328 0.0172648 0.00784303 0.00148235 
7.21115e-10 1.63791e-08 2.28561e-07 2.23582e-07 9.33351e-07 4.55124e-05 0.00228083 0.0249132 0.912951 0.059808 
1.96864e-07 1.48134e-05 0.00039775 0.0151283 0.736043 0.139575 0.0737568 0.0266253 0.00809724 0.000361573 
3.19435e-10 7.25688e-09 1.01293e-07 1.0305e-07 4.37436e-07 1.9242e-05 0.000338016 0.00509136 0.48128 0.513271 
2.80896e-09 6.66328e-08 9.91785e-07 1.4044e-05 3.29256e-05 0.00044381 0.00489408 0.0329031 0.898512 0.0631991 
2.00926e-07 4.56129e-06 6.35799e-05 5.41388e-05 2.14421e-05 0.000476981 0.00922539 0.052258 0.892731 0.0451651 
2.38824e-07 5.42801e-06 7.56826e-05 6.68954e-05 8.5728e-05 0.00166451 0.0101155 0.0466981 0.899302 0.0419863 
2.32831e-11 5.28702e-10 7.37967e-09 7.80921e-09 4.98989e-08 3.0559e-06 2.49879e-05 0.000377438 0.00563413 0.99396 
1.0707e-18 2.17309e-16 1.42301e-14 2.00859e-12 4.33907e-10 6.31055e-08 0.000126037 0.00203472 0.0213065 0.976533 
1.79436e-08 4.48175e-07 7.16453e-06 7.20653e-05 0.000859985 0.00793115 0.0297997 0.0685462 0.867791 0.0249921 
4.86703e-07 3.02543e-05 0.000512739 0.00835605 0.0582488 0.858847 0.0592418 0.012504 0.00217634 8.22104e-05 
1.37377e-07 3.11979e-06 4.34923e-05 3.73605e-05 1.90087e-05 0.000408244 0.00578736 0.0366444 0.911276 0.045781 
1.42748e-08 3.66279e-07 5.45293e-06 5.208e-05 0.000814583 0.00683088 0.0265893 0.0644549 0.871452 0.0298007 
0.00010256 0.00623861 0.141189 0.445082 0.356367 0.0392355 0.0101008 0.00156819 9.29897e-05 2.31067e-05 
2.42167e-08 1.24905e-06 2.15395e-05 0.00100439 0.0182564 0.811263 0.0895611 0.0544564 0.0217932 0.0036428 
5.40971e-08 1.22748e-06 1.71075e-05 1.45377e-05 1.15236e-05 0.000422974 0.00898933 0.873201 0.0890601 0.0282822 
3.9353e-10 8.93729e-09 1.24692e-07 1.18833e-07 3.44978e-07 1.24549e-05 0.000303531 0.00417463 0.0235293 0.971979 
2.74242e-08 1.35259e-06 2.53925e-05 0.00126107 0.00828257 0.0573651 0.836074 0.0673936 0.0258171 0.00377965 
6.40173e-09 1.4526e-07 2.02465e-06 1.73662e-06 1.39402e-06 6.49203e-05 0.00227949 0.0256545 0.0832202 0.888776 
7.35614e-13 1.9904e-11 3.43356e-10 9.64661e-09 2.5183e-07 1.45258e-05 0.000179894 0.0019685 0.01385 0.983987 
1.0643e-07 2.41478e-06 3.36532e-05 2.83247e-05 8.43407e-06 8.64632e-05 0.00244833 0.00960557 0.0385184 0.949268 
5.1277e-06 0.000214914 0.00357226 0.0368568 0.840243 0.0865899 0.0262291 0.00561288 0.00060006 7.57733e-05 
1.95555e-07 4.44155e-06 6.19396e-05 5.60757e-05 0.000100007 0.00371061 0.035639 0.86707 0.0697813 0.0235769 
8.73795e-06 0.000369658 0.0023253 0.00877729 0.0330582 0.766979 0.0932844 0.0682861 0.0244609 0.00245028 
1.74169e-07 3.96165e-06 5.53192e-05 8.52137e-05 0.000148214 0.00163685 0.00932973 0.0236912 0.0487012 0.916348 
5.75089e-08 5.79187e-06 0.000141293 0.0042385 0.0367089 0.456798 0.455515 0.0352436 0.0104624 0.000887092 
2.51172e-07 5.69925e-06 7.94284e-05 6.69715e-05 2.04984e-05 0.000323241 0.00717871 0.840549 0.11004 0.0417353 
2.30344e-07 5.22811e-06 7.28845e-05 6.26899e-05 5.35355e-05 0.00168606 0.0226213 0.884806 0.0628687 0.0278234 
4.60347e-09 2.06883e-07 5.10401e-06 0.00030708 0.00241194 0.0245348 0.838242 0.0818875 0.0441176 0.00849366 
2.45296e-07 5.5681e-06 7.76116e-05 6.59889e-05 2.89242e-05 0.000970311 0.0206854 0.849909 0.0827481 0.0455087 
2.51689e-08 1.42339e-06 2.37554e-05 0.000873242 0.00482376 0.027633 0.384461 0.560839 0.0200519 0.00129217 
2.57821e-19 5.45714e-17 2.19163e-15 2.34257e-13 2.82025e-11 6.25998e-09 2.28918e-05 0.000111279 0.00215238 0.997713 
1.21633e-08 8.1307e-07 1.62831e-05 0.000780998 0.00422341 0.0219585 0.131882 0.807026 0.0312143 0.00289786 
9.17754e-10 2.19275e-08 3.11507e-07 5.84458e-07 3.69298e-06 0.000136682 0.0010726 0.00878974 0.043716 0.94628 
8.1124e-08 1.84387e-06 2.57126e-05 2.24204e-05 1.12876e-05 0.00027038 0.00188592 0.00958157 0.034326 0.953875 
1.35573e-07 9.4865e-06 0.000231473 0.00452376 0.187509 0.0810237 0.684546 0.0338969 0.00781637 0.00044342 
2.00191e-08 5.11659e-07 8.17493e-06 0.000121497 0.00109906 0.0102827 0.051686 0.845973 0.073423 0.0174066 
1.04872e-10 2.38422e-09 3.33284e-08 4.11887e-08 4.70094e-07 2.90039e-05 0.000229974 0.00213703 0.0234055 0.974198 
3.52124e-08 3.10106e-06 7.25402e-05 0.00241939 0.0300636 0.10553 0.784086 0.0497492 0.0233513 0.00472455 
2.73208e-07 1.78102e-05 0.000272881 0.00517687 0.0471813 0.849734 0.0660255 0.024678 0.00639633 0.000516551 
1.84416e-05 0.000970176 0.00827375 0.681035 0.139326 0.11857 0.0409816 0.00873007 0.00203794 5.69997e-05 
5.62026e-10 1.2765e-08 1.78128e-07 1.74778e-07 6.7301e-07 3.02931e-05 0.00045663 0.00588322 0.0378064 0.955822 
2.79157e-08 3.04597e-06 6.94425e-05 0.00686401 0.734546 0.112811 0.0777527 0.0462369 0.0186297 0.00308659 
1.6137e-08 3.97369e-07 5.80359e-06 4.52367e-05 0.000525832 0.00562448 0.0220181 0.056802 0.890636 0.0243417 
1.64877e-29 1.19692e-26 3.87125e-23 1.99405e-19 8.74071e-16 2.59443e-12 1.86316e-08 4.38768e-05 0.00264571 0.99731 
1.69473e-07 3.84779e-06 5.36595e-05 5.60837e-05 2.65548e-05 0.000366487 0.00387781 0.0129929 0.480493 0.502129 
1.2091e-10 2.74632e-09 3.83178e-08 3.5144e-08 6.31941e-08 3.94659e-06 5.59749e-05 0.00127876 0.00998042 0.988681 
6.25435e-10 1.42087e-08 1.98331e-07 2.05503e-07 1.01339e-06 4.48809e-05 0.000714177 0.00957119 0.909071 0.0805975 
7.08806e-10 1.61126e-08 2.24987e-07 2.41613e-07 1.77557e-06 6.7927e-05 0.0026072 0.0306516 0.916816 0.0498545 
2.72486e-08 1.94912e-06 4.47002e-05 0.00138798 0.00865075 0.0528035 0.864249 0.0588514 0.0128263 0.00118399 
5.39835e-06 0.000252878 0.00260342 0.0293154 0.188403 0.741391 0.0318371 0.00499896 0.00113187 6.0652e-05 
1.43208e-11 3.2495e-10 4.52963e-09 3.93168e-09 6.10473e-09 3.80788e-07 6.71914e-06 0.000137032 0.0028397 0.997016 
2.05949e-07 4.67268e-06 6.51193e-05 5.46913e-05 1.06163e-05 0.000143116 0.00524919 0.0234196 0.060892 0.910161 
1.47026e-08 8.76882e-07 1.61898e-05 0.000724064 0.00482915 0.163628 0.715667 0.0852823 0.0259017 0.00395112 
2.21358e-07 5.02233e-06 6.99921e-05 5.88304e-05 1.27831e-05 0.000176658 0.00415658 0.0298816 0.0855414 0.880097 
1.10041e-08 5.06989e-07 8.67127e-06 0.000345133 0.00266254 0.0135109 0.070448 0.859413 0.0483156 0.00529517 
1.34254e-07 3.04738e-06 4.25041e-05 3.77231e-05 7.15632e-05 0.00274796 0.813359 0.100055 0.0577579 0.0259258 
4.14866e-08 2.53204e-06 3.666e-05 0.00146001 0.00699445 0.034773 0.0746179 0.46944 0.410285 0.00239029 
1.11451e-10 2.52938e-09 3.52671e-08 3.17038e-08 7.5084e-08 4.49894e-06 7.97281e-05 0.00263853 0.0171878 0.980089 
6.49954e-10 1.47614e-08 2.05966e-07 1.98927e-07 6.78986e-07 2.85985e-05 0.000841512 0.0119829 0.907041 0.0801047 
4.65359e-11 1.05795e-09 1.47857e-08 1.76418e-08 1.36374e-07 7.27144e-06 0.000209574 0.00380229 0.921146 0.0748342 
8.14634e-05 0.00841683 0.629604 0.137746 0.132186 0.0737356 0.0157506 0.00233057 0.00012719 2.12836e-05 
1.53656e-07 3.48646e-06 4.85986e-05 4.17333e-05 2.83423e-05 0.000412786 0.00817893 0.0489744 0.895213 0.0470983 
2.06951e-08 1.37209e-06 2.53245e-05 0.00126982 0.00822432 0.0525998 0.858072 0.061364 0.0164714 0.0019723 
6.80676e-08 1.54433e-06 2.1522e-05 1.80628e-05 3.21447e-06 4.37563e-05 0.00206804 0.0184963 0.0603047 0.919043 
4.39655e-10 9.9871e-09 1.39393e-07 1.40974e-07 6.37099e-07 3.02236e-05 0.000543012 0.00931773 0.907088 0.0830202 
1.89489e-11 4.29936e-10 5.99195e-09 5.06284e-09 2.86022e-09 2.02009e-07 9.15973e-05 0.00129625 0.0195683 0.979044 
1.3204e-10 2.99709e-09 4.17852e-08 3.67966e-08 6.01801e-08 1.21939e-06 7.58387e-05 0.000573534 0.00285535 0.996494 
7.46319e-10 1.76658e-08 2.49921e-07 3.95438e-07 1.71352e-06 5.59384e-05 0.000698059 0.00797105 0.0483183 0.942954 
4.02709e-10 9.15036e-09 1.2775e-07 1.34433e-07 7.24839e-07 3.33235e-05 0.000451345 0.00533241 0.0322988 0.961883 
1.84482e-08 1.09218e-06 1.98809e-05 0.000999721 0.0195925 0.790909 0.099497 0.0613617 0.0232262 0.004393 
1.61366e-07 3.66385e-06 5.10788e-05 4.4486e-05 0.000129256 0.00652292 0.444289 0.460383 0.0616823 0.026894 
1.36959e-08 9.39529e-07 1.46997e-05 0.00053464 0.00382385 0.0270361 0.0597554 0.0773804 0.820213 0.0112407 
1.48393e-07 3.36905e-06 4.69743e-05 4.06066e-05 5.95021e-05 0.000919194 0.0199821 0.876687 0.0731405 0.0291202 
4.96948e-09 2.67148e-07 5.0985e-06 0.000277678 0.00156468 0.00895859 0.0421972 0.849848 0.0781823 0.0189662 
1.73163e-08 1.15823e-06 3.51219e-05 0.000786504 0.00867175 0.169153 0.464382 0.321167 0.030353 0.00545114 
2.58869e-07 1.33818e-05 0.000187551 0.00216742 0.010905 0.0484901 0.103468 0.810211 0.023134 0.00142326 
1.30207e-11 3.04063e-10 4.39992e-09 2.64022e-08 5.61429e-07 2.9234e-05 0.000392393 0.00365303 0.0292063 0.966718 
3.95756e-06 0.000206778 0.00253644 0.0242282 0.778319 0.115666 0.05505 0.0183508 0.00537155 0.000266554 
5.56746e-10 1.26393e-08 1.76281e-07 1.60766e-07 3.44432e-07 1.17477e-05 0.000547891 0.0119039 0.0564524 0.931083 
2.21515e-08 1.55252e-06 2.82919e-05 0.00134193 0.00658121 0.0326082 0.0655369 0.0763735 0.808173 0.00935497 
1.68843e-26 4.43119e-24 4.6181e-21 2.46968e-18 1.13716e-15 2.41229e-13 4.84321e-10 1.45606e-07 0.000809822 0.99919 
2.88115e-10 6.54464e-09 9.13496e-08 9.31581e-08 4.43936e-07 2.23978e-05 0.000740583 0.014967 0.759289 0.224981 
4.59593e-32 2.75581e-29 7.97877e-26 4.06994e-22 1.20356e-18 3.17226e-15 3.01274e-11 2.82849e-08 0.000539702 0.99946 
1.15489e-08 1.01541e-06 1.93185e-05 0.00106638 0.00472515 0.0271718 0.0727666 0.842975 0.047062 0.00421249 
1.64369e-08 4.9417e-07 6.74408e-06 8.57017e-05 0.000755489 0.00779191 0.123982 0.064309 0.650913 0.152155 
1.84296e-10 4.186e-09 5.84099e-08 5.74681e-08 1.95538e-07 4.53824e-06 0.000116721 0.000738011 0.00612346 0.993017 
2.10361e-09 5.23249e-08 8.11391e-07 1.72796e-05 3.41841e-05 0.000423754 0.0034641 0.0123837 0.0339394 0.949737 
8.4365e-08 4.65444e-06 8.0959e-05 0.0016895 0.0105054 0.0571644 0.864308 0.0546998 0.0108591 0.000687587 
6.0678e-10 1.3783e-08 1.92372e-07 1.95991e-07 8.91996e-07 3.81623e-05 0.000750242 0.0071996 0.0471305 0.94488 
1.5521e-07 3.54958e-06 4.97383e-05 9.60513e-05 0.000386801 0.00422297 0.0314716 0.866072 0.0756555 0.0220414 
5.91879e-08 5.37631e-06 0.000119247 0.00214027 0.0125337 0.0573903 0.110913 0.772979 0.0335749 0.010344 
1.59111e-07 3.61364e-06 5.0379e-05 4.33988e-05 2.38568e-05 0.000513303 0.00457566 0.0169822 0.0493563 0.928451 
2.92488e-08 3.52741e-06 6.45135e-05 0.00306467 0.0286485 0.786297 0.114793 0.0534167 0.0126408 0.00107125 
1.92357e-08 5.78615e-07 8.98734e-06 0.00013179 0.000728593 0.00608076 0.0257557 0.830079 0.10413 0.0330844 
2.17463e-08 1.72981e-06 3.80209e-05 0.00199988 0.0276537 0.797054 0.103392 0.0528611 0.0151113 0.00188836 
1.32813e-07 3.03194e-06 4.24096e-05 7.69411e-05 0.00020394 0.00173629 0.018533 0.464468 0.487521 0.0274152 
6.55569e-12 1.49048e-10 2.08025e-09 1.96275e-09 9.4548e-09 1.39503e-07 5.49085e-05 0.000579802 0.00730943 0.992056 
4.26015e-10 9.67336e-09 1.3493e-07 1.24025e-07 2.7934e-07 8.96452e-06 0.000243312 0.00282796 0.0216087 0.975311 
0.000203585 0.00392003 0.0276011 0.0666397 0.126141 0.755658 0.018024 0.00169481 7.18792e-05 4.55126e-05 
9.21099e-10 2.09256e-08 2.91921e-07 2.8293e-07 1.05033e-06 6.04997e-05 0.00096671 0.0146156 0.0555554 0.9288 
1.86695e-08 1.43876e-06 2.61542e-05 0.0012318 0.00923996 0.0615594 0.844861 0.0659275 0.015359 0.00179357 
2.08027e-10 4.72638e-09 6.60204e-08 7.53832e-08 6.20857e-07 3.0422e-05 0.000557774 0.00598216 0.0388164 0.954612 
3.09544e-14 7.02532e-13 9.80271e-12 1.01956e-11 2.4085e-10 3.59702e-08 3.17599e-05 0.000388469 0.00784523 0.991735 
1.68356e-07 3.82124e-06 5.32863e-05 4.6903e-05 7.61672e-05 0.00277052 0.0268445 0.865317 0.0715598 0.0333281 
2.13272e-10 4.84478e-09 6.76269e-08 6.8954e-08 3.39555e-07 1.76506e-05 0.000265254 0.00383379 0.919979 0.0759039 
9.59099e-06 0.000456176 0.00381175 0.0390706 0.783758 0.122384 0.0404594 0.00931594 0.000662762 7.17494e-05 
2.72756e-08 1.25246e-06 2.26697e-05 0.000987974 0.00573656 0.0467462 0.829494 0.083815 0.0264528 0.00674358 
2.45634e-12 5.61205e-11 7.89435e-10 1.62813e-09 2.4064e-08 1.23558e-06 0.000128942 0.00154203 0.0213545 0.976973 
1.69887e-07 3.85497e-06 5.37257e-05 4.535e-05 1.28309e-05 0.00027541 0.00558756 0.0351326 0.920308 0.03858 
3.23502e-10 7.35049e-09 1.02626e-07 1.08843e-07 6.36479e-07 3.22555e-05 0.000629016 0.00981736 0.0505417 0.938979 
1.94406e-07 4.41406e-06 6.15316e-05 5.26983e-05 2.60255e-05 0.000551548 0.00753893 0.0330458 0.0720063 0.886713 
2.37147e-07 5.38399e-06 7.5059e-05 6.51644e-05 3.72626e-05 0.00139302 0.0235969 0.855715 0.0841254 0.0349861 
1.61457e-10 3.6655e-09 5.11167e-08 4.55107e-08 7.26772e-08 2.74156e-06 9.1685e-05 0.000879955 0.00866327 0.990362 
1.22249e-10 2.77861e-09 3.8797e-08 4.13204e-08 1.8758e-07 4.21113e-06 9.24555e-05 0.000707919 0.0052781 0.993917 
6.25041e-10 1.42113e-08 1.98454e-07 2.20136e-07 2.08403e-06 6.33757e-05 0.00182501 0.0205251 0.908343 0.0692407 
0.000110878 0.00596343 0.0537331 0.695613 0.159084 0.0636622 0.0186852 0.00283647 0.00021788 9.34981e-05 
1.12049e-18 2.34138e-16 1.27169e-14 1.60076e-12 1.92123e-10 3.41631e-08 2.4239e-06 0.000174599 0.00328202 0.996541 
1.44961e-09 3.63255e-08 5.23548e-07 1.31241e-06 8.23151e-06 0.000274517 0.00220303 0.0155176 0.842722 0.139273 
1.50212e-07 3.43281e-06 4.82101e-05 8.42123e-05 0.00199923 0.0191289 0.0655964 0.83472 0.0598158 0.0186041 
2.24133e-07 5.50606e-06 7.96699e-05 0.000802465 0.00582337 0.0444225 0.843009 0.0685475 0.0282202 0.00908975 
2.1801e-07 1.13308e-05 0.000166564 0.00227135 0.0120975 0.0646519 0.862354 0.050492 0.00740638 0.000548332 
0.000153599 0.00130117 0.00943565 0.0568057 0.801905 0.10418 0.0215618 0.00364277 0.000974709 3.92716e-05 
2.45704e-11 5.63086e-10 7.96078e-09 2.26131e-08 4.23027e-07 2.36622e-05 0.000220257 0.00275036 0.0653202 0.931685 
7.17829e-08 1.62974e-06 2.2729e-05 2.84308e-05 1.51895e-05 0.000236483 0.00377445 0.0202776 0.956306 0.0193378 
3.35003e-05 0.00188243 0.0114064 0.0718329 0.792201 0.102809 0.0173163 0.00238468 0.000118568 1.45596e-05 
3.02492e-11 6.88239e-10 9.6359e-09 1.44026e-08 1.90237e-07 1.19045e-05 0.000175861 0.00264314 0.022219 0.97495 
0.0024793 0.0347888 0.068308 0.749764 0.109679 0.0318124 0.00303111 0.000134352 3.07411e-06 8.68598e-08 
1.13331e-09 2.61154e-08 3.66166e-07 4.43343e-07 2.07513e-06 7.20058e-05 0.00108532 0.00805692 0.0452114 0.945571 
1.86982e-08 8.06894e-07 1.18981e-05 0.000300587 0.00185992 0.0232732 0.822963 0.0945262 0.0488327 0.00823205 
2.60186e-08 2.63194e-06 4.19178e-05 0.00143819 0.0230444 0.802661 0.0852109 0.0556401 0.025947 0.00601358 
5.59926e-10 1.27131e-08 1.77312e-07 1.61223e-07 3.26461e-07 9.27319e-06 0.00024089 0.00371669 0.0254858 0.970547 
0.000244971 0.0048383 0.0358842 0.0755712 0.78999 0.0780145 0.0137294 0.00168478 4.18369e-05 1.02785e-06 
3.00811e-05 0.0017564 0.0117166 0.0717921 0.772134 0.115266 0.0232854 0.00360572 0.000320306 9.35913e-05 
1.49165e-07 3.38543e-06 4.71854e-05 3.9957e-05 1.27779e-05 0.000179552 0.00406873 0.279674 0.0412288 0.674745 
1.14549e-08 2.59901e-07 3.62214e-06 3.05583e-06 1.01083e-06 3.82749e-05 0.0023135 0.113603 0.83698 0.0470573 
0.000509111 0.0190569 0.652728 0.152018 0.136526 0.0304679 0.0073923 0.001209 7.38813e-05 1.81744e-05 
7.02546e-08 1.59401e-06 2.22146e-05 1.8687e-05 4.01103e-06 7.24644e-05 0.00260488 0.02232 0.92744 0.0475165 
5.48204e-10 1.2447e-08 1.7361e-07 1.61353e-07 3.73185e-07 8.9878e-06 0.000297645 0.00345224 0.018267 0.977973 
5.64921e-05 0.00369715 0.0303135 0.647408 0.247645 0.0575277 0.0115978 0.00162544 9.37704e-05 3.47462e-05 
4.21231e-07 2.45264e-05 0.000387493 0.00605232 0.0359433 0.730715 0.128563 0.0951342 0.00311399 6.62289e-05 
1.40969e-07 3.20081e-06 4.46121e-05 3.98186e-05 4.60579e-05 0.00146611 0.171299 0.0396362 0.761775 0.0256898 
4.95993e-05 0.00175276 0.0101189 0.037967 0.109588 0.802396 0.0347683 0.00304831 0.000241433 6.9753e-05 
1.88114e-07 4.27074e-06 5.95365e-05 5.15039e-05 3.12361e-05 0.000749048 0.0063183 0.0200854 0.888466 0.0842343 
3.32284e-23 4.40987e-21 1.98586e-18 7.73216e-16 3.94612e-13 2.55204e-10 3.28817e-06 6.9436e-05 0.00303863 0.996889 
2.13675e-07 4.8709e-06 6.79691e-05 6.78655e-05 0.00018944 0.00135211 0.0155031 0.834573 0.108061 0.040181 
4.85642e-10 1.10324e-08 1.5399e-07 1.57269e-07 7.45178e-07 3.18868e-05 0.000432934 0.00437238 0.0271026 0.968059 
1.65929e-09 3.94586e-08 5.59155e-07 1.06409e-06 9.93981e-06 0.000301727 0.00312211 0.0204433 0.0662226 0.909899 
7.48399e-10 1.70127e-08 2.37387e-07 2.22483e-07 5.10579e-07 1.56105e-05 0.000396114 0.00530294 0.0365524 0.957732 
1.71566e-10 3.89907e-09 5.44431e-08 5.72008e-08 2.27009e-07 8.05749e-06 0.000166281 0.00180081 0.0189172 0.979107 
1.66761e-07 8.36094e-06 8.07655e-05 0.00101775 0.00698311 0.027732 0.0776347 0.845546 0.0359588 0.00503822 
2.35346e-08 7.5584e-07 1.05467e-05 0.00022026 0.00134606 0.011318 0.0463441 0.103119 0.826696 0.0109445 
2.22474e-08 5.04785e-07 7.03505e-06 5.94569e-06 1.958e-06 9.19916e-05 0.00103172 0.00893613 0.0426644 0.94726 
6.50538e-10 1.50623e-08 2.11546e-07 2.67164e-07 1.1556e-06 3.8909e-05 0.00128744 0.0222294 0.913675 0.0627671 
2.06745e-25 3.02511e-23 1.86193e-20 1.77902e-17 2.08783e-14 9.78829e-12 4.28911e-08 8.84374e-06 0.00164963 0.998341 
7.28261e-10 1.65503e-08 2.30907e-07 2.26825e-07 9.30885e-07 4.09227e-05 0.00138362 0.0108809 0.0527608 0.934932 
1.96987e-07 1.01889e-05 0.000145234 0.00190853 0.00992425 0.0407458 0.0793371 0.845295 0.0215181 0.00111513 
1.16264e-09 2.64431e-08 3.69054e-07 3.54458e-07 9.59138e-07 4.18492e-05 0.000841053 0.0103971 0.0556562 0.933062 
9.78761e-09 6.3899e-07 9.02276e-06 0.000320072 0.00259424 0.0150396 0.0584664 0.867227 0.0507291 0.00561409 
2.6897e-10 6.11126e-09 8.53217e-08 8.991e-08 4.50715e-07 2.1339e-05 0.000334625 0.00440565 0.0332905 0.961947 
1.60533e-19 2.02674e-17 4.61309e-15 7.84912e-13 1.65829e-10 3.44386e-08 4.8284e-05 0.000601945 0.00812371 0.991226 
2.35728e-07 5.34983e-06 7.4581e-05 6.42069e-05 6.10669e-05 0.00227842 0.0241418 0.880441 0.0675794 0.0253536 
7.27157e-10 1.65184e-08 2.30571e-07 2.369e-07 1.1306e-06 5.15375e-05 0.000562587 0.0059255 0.0336702 0.959789 
1.71292e-05 0.00116645 0.00601253 0.0510529 0.783822 0.105551 0.034991 0.0125084 0.00467377 0.000204723 
3.61156e-09 9.05098e-08 1.40521e-06 1.05152e-05 0.000430082 0.00904989 0.435321 0.068275 0.459279 0.0276336 
4.78469e-12 1.08624e-10 1.51482e-09 1.34441e-09 1.91596e-09 1.31712e-07 1.20425e-05 0.000363548 0.00596412 0.99366 
0.00101992 0.0281743 0.731281 0.143198 0.0706481 0.0197095 0.00522023 0.00073065 1.78604e-05 5.33852e-07 
0.00042739 0.0108215 0.0975365 0.489448 0.378593 0.0182 0.0039028 0.00104972 2.1191e-05 5.37027e-07 
1.44379e-08 8.44482e-07 1.88638e-05 0.0037452 0.749486 0.0886034 0.0723063 0.0456926 0.026605 0.0135423 
1.01044e-08 2.29275e-07 3.19537e-06 2.70473e-06 1.08817e-06 2.32708e-05 0.000656567 0.00544736 0.404923 0.588943 
6.09912e-09 1.66785e-07 2.69225e-06 6.59341e-05 0.00076688 0.0136704 0.855399 0.0794837 0.0433069 0.00730445 
1.47124e-07 3.35901e-06 4.69731e-05 6.84298e-05 0.000278809 0.00433263 0.0262327 0.0753233 0.874917 0.0187963 
7.91747e-08 4.64301e-06 0.000110402 0.00240269 0.0386617 0.362462 0.14936 0.379595 0.0650646 0.00233858 
4.95192e-10 1.12444e-08 1.56858e-07 1.47479e-07 4.19032e-07 1.36401e-05 0.000327444 0.00291985 0.0202013 0.976537 
7.04777e-11 1.60094e-09 2.23446e-08 2.27569e-08 9.83544e-08 3.17378e-06 0.000107011 0.00147561 0.0190612 0.979353 
