24218
1.1738e-08 1.19734e-05 0.00422577 0.946881 0.0383599 0.010456 6.47237e-05 3.15694e-07 7.65402e-09 2.60148e-12 
3.60045e-25 3.83265e-22 1.77481e-18 4.41574e-16 2.09536e-12 1.5698e-10 6.34731e-07 0.00035677 0.501845 0.497798 
2.26975e-06 0.00329876 0.0233446 0.949111 0.0185517 0.00561932 7.17523e-05 2.82106e-07 7.0069e-09 2.37076e-12 
2.03347e-06 0.00222826 0.910958 0.0639026 0.0208406 0.0020246 4.36135e-05 1.06923e-07 2.09098e-09 6.92947e-13 
8.74028e-25 9.72443e-22 5.87236e-18 1.53554e-15 8.94838e-12 6.85735e-10 4.8941e-05 0.00414384 0.993263 0.0025442 
1.61078e-14 1.53233e-11 1.65745e-08 3.04664e-06 0.000158096 0.00389431 0.985943 0.00844832 0.00154878 4.44329e-06 
5.10655e-25 5.56467e-22 2.9962e-18 7.80173e-16 4.45978e-12 3.48129e-10 3.55314e-05 0.00231492 0.996165 0.00148448 
6.08748e-30 1.24239e-26 2.53168e-22 8.04106e-20 7.83643e-16 2.85264e-13 2.43609e-06 4.42429e-05 0.00207211 0.997881 
6.8617e-12 6.6277e-09 7.56229e-07 0.000154744 0.0101985 0.984522 0.00505325 7.03544e-05 3.8813e-07 1.68359e-10 
5.09231e-30 1.03938e-26 2.11794e-22 6.62207e-20 6.20505e-16 9.71496e-14 1.49832e-06 1.07502e-05 0.000964488 0.999023 
1.06567e-14 1.01477e-11 1.12196e-08 2.07101e-06 0.000149522 0.976354 0.019695 0.00367386 0.0001254 8.04462e-08 
1.7137e-09 2.66705e-06 0.00330582 0.953293 0.0342741 0.00904696 7.68976e-05 2.54469e-07 4.81019e-09 1.65423e-12 
2.52013e-14 2.39785e-11 2.61804e-08 4.81463e-06 0.000255538 0.00557658 0.0254482 0.968053 0.000661422 3.0725e-07 
2.22325e-34 8.46909e-31 2.59457e-26 8.06358e-23 2.38558e-18 1.00278e-14 1.46698e-09 9.33921e-07 0.000225823 0.999773 
7.3509e-13 1.67505e-09 0.00011049 0.00351984 0.968132 0.0228168 0.00521068 0.000206843 3.68126e-06 1.84263e-09 
7.38233e-30 1.5053e-26 3.06461e-22 9.675e-20 9.33906e-16 3.58435e-13 3.04798e-06 4.77114e-05 0.00216253 0.997787 
8.98553e-06 0.00172686 0.0138662 0.967287 0.0167124 0.000366888 3.18124e-05 2.00704e-08 2.81346e-11 5.78416e-15 
1.18642e-33 3.55531e-30 1.16047e-25 1.5062e-22 3.98032e-18 1.27061e-14 3.94851e-10 3.43741e-06 0.000146366 0.99985 
3.0349e-20 2.92048e-17 4.17639e-14 8.48293e-12 1.43682e-08 1.74056e-05 0.000703769 0.00481765 0.993419 0.00104201 
1.9625e-14 1.86679e-11 2.02385e-08 3.71632e-06 0.00018352 0.00434656 0.991728 0.00354197 0.000196528 1.13795e-07 
3.51902e-27 4.37674e-24 4.15023e-20 1.13379e-17 7.88094e-14 5.12318e-12 3.52126e-06 5.38084e-05 0.00258826 0.997354 
1.37607e-23 3.35523e-20 8.14285e-16 4.24341e-13 6.88689e-09 2.68062e-07 0.000478321 0.497166 0.500872 0.00148289 
3.10837e-14 2.95723e-11 3.21764e-08 5.91092e-06 0.000248117 0.0055682 0.0140507 0.978221 0.00190573 3.03514e-07 
6.68926e-11 3.78976e-08 8.64986e-06 0.00108981 0.00861562 0.982549 0.00655684 0.00109132 8.87087e-05 3.11482e-08 
5.00615e-05 0.00152877 0.929039 0.0522172 0.0167736 0.000370096 2.13142e-05 1.37574e-08 2.9324e-11 7.37694e-15 
3.21337e-20 3.24086e-17 9.38138e-14 2.07545e-11 4.26426e-08 1.19257e-05 0.00254128 0.992908 0.00425345 0.000285789 
1.20422e-25 1.34494e-22 8.28765e-19 2.13162e-16 1.17353e-12 9.39506e-11 1.21941e-05 0.000627703 0.996463 0.00289664 
9.38931e-07 0.000466287 0.00381589 0.0231408 0.966401 0.00614037 3.44783e-05 2.09597e-08 3.70081e-11 8.49973e-15 
3.60233e-21 3.50555e-18 6.09426e-15 1.578e-12 1.01363e-08 1.83062e-06 0.00115149 0.987849 0.00945587 0.0015422 
1.41262e-14 1.34404e-11 1.47005e-08 2.70255e-06 0.000145973 0.00672046 0.988964 0.00379311 0.000373218 1.35281e-07 
5.55669e-25 6.17165e-22 3.68898e-18 9.61351e-16 5.5555e-12 1.10863e-09 7.5146e-05 0.00347187 0.994352 0.00210141 
7.12147e-25 7.68143e-22 3.88719e-18 1.00191e-15 5.49871e-12 4.19061e-10 6.49844e-05 0.00256376 0.995631 0.0017403 
1.63808e-32 3.91628e-29 9.10462e-25 4.24436e-22 9.69887e-18 6.54426e-14 1.38518e-09 1.52692e-05 0.000432936 0.999552 
1.06117e-29 2.72039e-26 7.31098e-22 9.61848e-19 2.07361e-14 6.55363e-12 4.09516e-06 0.000374299 0.00350906 0.996113 
4.415e-10 3.80004e-07 0.000310002 0.0062913 0.970268 0.0216234 0.00149054 1.65077e-05 9.22894e-08 3.16712e-11 
0.00100543 0.012609 0.978871 0.00737986 0.000133874 3.70727e-07 3.25844e-08 9.65837e-09 7.0019e-12 3.14827e-19 
1.82817e-14 1.7394e-11 1.90496e-08 3.50053e-06 0.00018311 0.00503092 0.987865 0.0066315 0.000285342 1.36894e-07 
9.491e-15 9.03171e-12 9.87948e-09 1.81769e-06 9.85499e-05 0.00241862 0.994821 0.0024763 0.000183942 4.4421e-08 
2.69465e-14 2.56459e-11 2.8065e-08 5.23226e-06 0.000695645 0.978519 0.017401 0.00327995 9.93642e-05 6.4456e-08 
6.40584e-30 1.33489e-26 2.76762e-22 8.82444e-20 8.68313e-16 3.4387e-13 2.61397e-06 5.94888e-05 0.00229271 0.997645 
1.59893e-14 1.52063e-11 1.63112e-08 2.98609e-06 0.00010067 0.00108771 0.00559212 0.985034 0.00726045 0.000921786 
7.20542e-25 7.86356e-22 4.26875e-18 1.10132e-15 6.08522e-12 4.65622e-10 5.38199e-05 0.00260898 0.986433 0.0109047 
5.63518e-25 5.84539e-22 2.21331e-18 5.79037e-16 3.33403e-12 2.52934e-10 3.87635e-05 0.00175532 0.0067512 0.991455 
3.35963e-13 3.32578e-10 9.42249e-08 1.86993e-05 0.000779102 0.00465729 0.992573 0.00189684 7.46101e-05 4.32023e-08 
1.43958e-18 1.70987e-15 1.13905e-11 2.20094e-09 1.25032e-06 9.26503e-05 0.975513 0.0201057 0.00428029 7.21518e-06 
4.01009e-20 4.03306e-17 1.0466e-13 4.66308e-10 1.18225e-05 0.000486421 0.982753 0.0133271 0.00341653 5.14142e-06 
3.15841e-11 3.85992e-08 2.03343e-05 0.00022022 0.00872466 0.986347 0.00461007 7.71297e-05 3.87866e-07 1.67341e-10 
1.73167e-14 1.64763e-11 1.79207e-08 3.29696e-06 0.000206496 0.00575704 0.990027 0.00386573 0.00014081 8.09801e-08 
1.11362e-14 1.05876e-11 1.13758e-08 2.08368e-06 0.000123004 0.00418268 0.984543 0.00951909 0.00162385 6.67187e-06 
1.02899e-19 1.00674e-16 1.99337e-13 4.19899e-11 7.04718e-08 4.89876e-05 0.00413026 0.989269 0.0062893 0.000262201 
4.82604e-30 9.65395e-27 1.93422e-22 6.17272e-20 6.10151e-16 2.98079e-13 2.53172e-06 5.02929e-05 0.00201262 0.997935 
3.43335e-30 7.1975e-27 1.49939e-22 4.68317e-20 4.36684e-16 5.08141e-14 9.19949e-08 6.61217e-06 0.000628172 0.999365 
1.46107e-14 1.39005e-11 1.51202e-08 2.77766e-06 0.000118388 0.00199386 0.987228 0.00874022 0.00191542 9.8217e-07 
1.83078e-31 4.31411e-28 9.79205e-24 3.33418e-21 3.70111e-17 2.2078e-14 4.14452e-09 1.2613e-05 0.000661386 0.999326 
2.30321e-14 2.1976e-11 2.40346e-08 4.41086e-06 0.000274218 0.00621043 0.989299 0.00407012 0.000141865 8.70108e-08 
8.91443e-30 1.82059e-26 3.71195e-22 1.17859e-19 1.14676e-15 3.99011e-13 3.81183e-06 7.65644e-05 0.00283881 0.997081 
4.46249e-12 4.94734e-09 1.71485e-05 0.00144067 0.98151 0.0145724 0.0024244 3.56843e-05 2.04535e-07 9.23516e-11 
1.09139e-19 1.06748e-16 2.02603e-13 4.24691e-11 5.64434e-08 4.79362e-05 0.00243125 0.0102522 0.986686 0.000582482 
6.57744e-30 1.3629e-26 2.81192e-22 8.92326e-20 8.6738e-16 2.88798e-13 2.45995e-06 5.39326e-05 0.00243556 0.997508 
0.00936287 0.652392 0.332858 0.00490381 0.000482658 7.62052e-07 1.43791e-08 2.74862e-09 1.99724e-12 1.84709e-18 
8.96012e-12 7.55175e-09 9.20777e-07 0.000189159 0.00921291 0.973847 0.0166695 8.04777e-05 4.0973e-07 1.79151e-10 
5.48554e-20 5.41624e-17 1.20049e-13 2.57003e-11 4.14213e-08 2.41532e-05 0.00247116 0.994865 0.00263309 6.62134e-06 
4.73198e-22 1.08284e-18 2.34726e-14 5.28901e-12 1.17154e-08 1.15728e-06 0.00120418 0.994235 0.00403207 0.000527727 
7.54485e-12 7.30174e-09 9.10403e-07 0.000182369 0.0101194 0.984275 0.00532909 9.24375e-05 4.88959e-07 2.14427e-10 
7.03832e-16 6.81213e-13 1.02303e-09 2.00569e-07 4.5529e-05 0.00420329 0.98025 0.0129258 0.00256895 5.72147e-06 
7.34723e-30 1.5065e-26 3.08118e-22 9.74894e-20 9.46236e-16 3.99986e-13 2.86997e-06 6.51003e-05 0.00273644 0.997196 
1.78954e-25 2.35898e-22 2.56386e-18 6.68618e-16 3.88869e-12 2.81588e-10 1.33214e-05 0.00134461 0.996121 0.00252127 
7.11503e-30 1.46684e-26 3.01424e-22 9.58279e-20 9.38892e-16 4.03955e-13 2.59277e-06 0.000117419 0.994232 0.00564785 
8.16833e-12 7.89478e-09 9.14636e-07 0.000178043 0.0105303 0.983852 0.00528894 0.000148248 1.20133e-06 9.2441e-09 
4.61054e-10 3.42103e-07 0.000285907 0.00368591 0.0151738 0.0185239 0.961484 0.00084545 8.18046e-07 1.53307e-10 
6.58927e-30 1.35627e-26 2.78363e-22 8.83818e-20 8.64159e-16 3.69695e-13 2.5005e-06 5.6309e-05 0.00194503 0.997996 
1.11993e-19 1.08989e-16 1.9265e-13 4.00378e-11 5.7859e-08 5.24488e-05 0.00299499 0.0137618 0.982841 0.000349692 
7.53472e-09 7.70178e-06 0.00549874 0.955114 0.0313121 0.00799997 6.66742e-05 3.06911e-07 7.20721e-09 2.46343e-12 
2.25027e-14 2.14124e-11 2.33881e-08 4.30216e-06 0.000203883 0.00614736 0.989576 0.00390989 0.000157958 9.60545e-08 
4.39349e-20 4.34266e-17 9.6261e-14 2.08839e-11 3.6428e-08 1.02838e-05 0.00229365 0.994442 0.00319788 5.62941e-05 
2.32425e-14 2.21171e-11 2.41717e-08 4.44666e-06 0.000257472 0.00659867 0.988583 0.00441835 0.000138062 9.05934e-08 
3.15353e-27 7.4367e-24 1.70211e-19 5.76921e-17 6.22669e-13 4.32405e-11 3.38422e-06 0.000363966 0.994826 0.00480677 
2.11998e-09 6.65091e-07 0.00022941 0.0030627 0.0167202 0.975711 0.00420925 6.6092e-05 2.54394e-07 9.1034e-11 
0.00773728 0.979485 0.012269 0.000506403 2.13461e-06 2.09149e-08 3.21117e-10 8.86961e-11 6.43063e-14 5.29469e-21 
6.54129e-27 6.84183e-24 2.83968e-20 7.19156e-18 3.90464e-14 3.79265e-12 3.35308e-06 0.000122371 0.994056 0.0058186 
2.2327e-14 2.54921e-11 6.1726e-08 3.12832e-06 0.00182731 0.977306 0.0170694 0.00369894 9.55069e-05 8.87678e-08 
9.53748e-30 1.95399e-26 3.99296e-22 1.25685e-19 1.20376e-15 3.98579e-13 3.80656e-06 5.82937e-05 0.0026186 0.997319 
5.76311e-30 1.15737e-26 2.32558e-22 7.3303e-20 7.07439e-16 3.28828e-13 2.68956e-06 5.78251e-05 0.00224999 0.997689 
6.96701e-30 1.41743e-26 2.88049e-22 9.14339e-20 8.92571e-16 3.7038e-13 3.2367e-06 6.34139e-05 0.00256031 0.997373 
5.62107e-30 1.12888e-26 2.26886e-22 7.16474e-20 6.88922e-16 2.1811e-13 2.50692e-06 4.35839e-05 0.00206635 0.997888 
4.84704e-30 9.74633e-27 1.96081e-22 6.16926e-20 5.9058e-16 2.15021e-13 2.37373e-06 4.32743e-05 0.0016959 0.998258 
0.000208198 0.00438184 0.955277 0.0311236 0.00879498 0.000214152 2.82229e-07 8.89917e-09 1.43853e-11 2.71247e-15 
4.80247e-15 4.57182e-12 5.10964e-09 9.61093e-07 0.000289582 0.492315 0.501566 0.00496096 0.000865609 2.24092e-06 
3.51386e-21 3.37786e-18 4.62283e-15 9.20884e-13 1.07176e-09 1.68982e-06 0.000838417 0.986148 0.0105348 0.00247685 
1.05764e-14 1.0056e-11 1.0781e-08 1.97047e-06 6.44426e-05 0.00083825 0.122456 0.874293 0.00234197 4.49947e-06 
7.54934e-20 7.39022e-17 1.42745e-13 3.04774e-11 5.54775e-08 3.24099e-05 0.00357305 0.991967 0.00442129 6.31118e-06 
4.62863e-30 9.3803e-27 1.89778e-22 5.8828e-20 5.44965e-16 1.50785e-13 1.80074e-06 3.41767e-05 0.00149891 0.998465 
3.00014e-14 2.85384e-11 3.1073e-08 5.69676e-06 0.000292437 0.00562323 0.990367 0.00361279 9.92057e-05 7.41133e-08 
2.06709e-12 2.03991e-09 5.39755e-07 0.000106508 0.0072483 0.986158 0.00608884 0.000382447 1.55187e-05 4.77236e-09 
7.27586e-07 0.000492921 0.01032 0.970784 0.0179147 0.000454933 3.23756e-05 2.20642e-08 4.00725e-11 1.05229e-14 
9.75417e-12 9.40641e-09 1.0193e-06 0.000461838 0.970531 0.0247468 0.00421351 4.5073e-05 3.67891e-07 1.81408e-10 
8.37e-25 9.27359e-22 5.46924e-18 1.39566e-15 7.40149e-12 5.63515e-10 5.23468e-05 0.00270816 0.00758741 0.989652 
6.87197e-30 1.40232e-26 2.85689e-22 9.03688e-20 8.77035e-16 3.77879e-13 2.61529e-06 5.41285e-05 0.0022535 0.99769 
8.10248e-12 7.78422e-09 9.55381e-07 0.000345678 0.0106816 0.983775 0.00511539 8.12822e-05 4.52193e-07 1.99204e-10 
5.75402e-10 5.69694e-07 0.000516966 0.00936766 0.975719 0.0134752 0.000915324 4.95336e-06 1.71403e-07 1.02087e-10 
5.58203e-12 5.38203e-09 5.43619e-07 0.000108416 0.00347287 0.977848 0.0158354 0.00262341 0.000111395 4.93043e-08 
2.49229e-14 2.37124e-11 2.58762e-08 4.75683e-06 0.000237152 0.00460782 0.0150815 0.979652 0.000416789 6.85569e-08 
3.85913e-25 4.22762e-22 2.34574e-18 6.22663e-16 3.81817e-12 2.9792e-10 4.27391e-05 0.00224587 0.996323 0.00138884 
5.24027e-30 1.0584e-26 2.13771e-22 6.80363e-20 6.68943e-16 3.13542e-13 2.81079e-06 5.92029e-05 0.00223804 0.9977 
1.19616e-09 7.35789e-07 0.000494763 0.0109891 0.973305 0.0145814 0.000617691 1.17004e-05 4.71016e-08 1.48889e-11 
3.594e-30 7.53752e-27 1.56976e-22 4.96329e-20 4.78788e-16 1.48867e-13 1.13081e-06 3.08902e-05 0.00167919 0.998289 
8.9557e-30 1.82515e-26 3.71432e-22 1.17491e-19 1.13659e-15 4.19145e-13 3.78073e-06 5.53214e-05 0.00280203 0.997139 
7.66227e-25 8.67496e-22 5.02425e-18 3.30937e-15 4.22144e-11 1.06573e-07 0.00058631 0.987677 0.00991807 0.00181895 
3.75158e-25 4.11269e-22 2.29384e-18 6.04577e-16 3.61744e-12 2.86035e-10 6.11879e-05 0.00252717 0.99581 0.0016016 
2.10799e-14 2.0056e-11 2.18482e-08 4.01578e-06 0.000199501 0.00524933 0.98917 0.00492441 0.000452722 1.09695e-07 
6.22912e-20 6.1258e-17 1.26243e-13 2.70262e-11 4.54814e-08 2.56934e-05 0.00282352 0.992926 0.00409831 0.000126863 
0.000187489 0.0109078 0.0430313 0.94253 0.00333131 1.24589e-05 4.12434e-08 4.11607e-10 3.34099e-13 1.39129e-17 
8.83808e-17 8.43793e-14 1.01118e-10 1.98548e-08 4.03855e-05 0.00307874 0.979529 0.0140542 0.00328832 9.65269e-06 
1.27572e-06 0.000705957 0.0118063 0.966941 0.0200689 0.000446246 3.07828e-05 1.96462e-08 3.61936e-11 8.61144e-15 
9.5602e-14 1.36181e-10 2.79982e-07 0.000123346 0.966278 0.0252685 0.0072933 0.000967976 6.89703e-05 3.80781e-08 
4.13473e-19 6.65147e-16 4.22785e-12 1.08779e-09 8.35058e-07 0.000706416 0.00743019 0.987556 0.0042978 8.26002e-06 
4.1908e-10 4.81276e-07 0.000536338 0.454385 0.509571 0.035397 0.000109128 3.48085e-07 5.72343e-09 1.97571e-12 
7.83962e-30 1.59498e-26 3.24026e-22 1.0215e-19 9.78449e-16 2.89988e-13 3.48285e-06 4.50134e-05 0.00257335 0.997378 
1.98999e-14 1.8936e-11 2.07096e-08 3.8131e-06 0.000232942 0.00614603 0.978538 0.0149286 0.000150087 8.59846e-08 
2.90995e-14 2.76719e-11 2.97029e-08 5.45168e-06 0.000183784 0.0017277 0.974268 0.0209171 0.00289594 2.19601e-06 
6.37219e-20 6.26298e-17 1.27697e-13 2.72144e-11 4.05548e-08 2.64619e-05 0.00260719 0.994276 0.00308618 4.516e-06 
3.98006e-12 3.77805e-09 2.82438e-06 0.00250786 0.966304 0.0267271 0.00438176 7.61844e-05 4.08351e-07 1.7505e-10 
5.08443e-20 5.02099e-17 1.10662e-13 2.40833e-11 4.94432e-08 2.36663e-05 0.00295195 0.992508 0.00434847 0.000167484 
3.37691e-20 3.26155e-17 4.93134e-14 1.05154e-11 2.47037e-08 1.62972e-05 0.00105924 0.00754678 0.989266 0.00211206 
1.24301e-40 6.79442e-37 5.08567e-33 1.84581e-28 4.6163e-24 2.39008e-21 1.95428e-15 4.54263e-09 8.51287e-05 0.999915 
9.19078e-12 8.82802e-09 7.31382e-07 0.000141345 0.00406569 0.0113338 0.982394 0.00202813 3.61266e-05 1.18219e-08 
3.37779e-14 3.21278e-11 3.48207e-08 6.39038e-06 0.000286239 0.00545035 0.990754 0.00339751 0.000105182 7.44589e-08 
0.00119373 0.0193715 0.964987 0.0130812 0.0013634 2.56687e-06 6.09709e-08 7.0424e-09 5.14119e-12 1.40686e-17 
7.11245e-10 7.94601e-07 0.00080288 0.94492 0.0427711 0.0114122 9.22988e-05 3.11343e-07 6.74629e-09 2.64897e-12 
3.17352e-10 2.59998e-07 0.000276024 0.00475455 0.0206399 0.972779 0.00152848 2.12513e-05 8.61202e-08 4.15168e-11 
3.63141e-25 4.20613e-22 3.04602e-18 7.85547e-16 4.34333e-12 3.11863e-10 2.995e-06 0.00120129 0.00418687 0.994609 
1.1375e-20 1.10639e-17 1.7603e-14 3.77718e-12 4.82519e-09 1.34209e-06 0.000626601 0.992499 0.00578798 0.00108509 
6.55828e-12 6.40339e-09 8.67392e-07 0.000159057 0.00828975 0.987112 0.0043844 5.37302e-05 3.3183e-07 1.50069e-10 
0.00648748 0.971706 0.0202269 0.0015763 2.85121e-06 6.59941e-09 4.84174e-10 1.43573e-10 1.04087e-13 5.68876e-21 
3.12835e-29 4.13058e-26 4.58667e-22 1.60215e-19 1.78691e-15 5.37343e-13 3.75357e-06 0.000110186 0.99385 0.00603571 
2.30975e-14 2.36797e-11 5.2034e-08 1.02497e-05 0.00322299 0.0159269 0.977895 0.00282914 0.000115618 6.6283e-08 
3.56994e-07 0.000174946 0.00270495 0.224746 0.769003 0.00335898 1.19071e-05 6.94637e-09 1.14444e-11 2.56337e-15 
5.01473e-30 1.01758e-26 2.06352e-22 6.56712e-20 6.45852e-16 3.16939e-13 2.59237e-06 9.9183e-05 0.992152 0.0077464 
1.67746e-13 1.95652e-10 3.02816e-07 6.23394e-05 0.00583497 0.989904 0.00401414 0.000171308 1.25638e-05 2.8995e-09 
0.993314 0.00661235 7.32303e-05 1.45444e-07 3.30425e-10 1.28043e-12 1.88897e-12 5.64353e-13 4.09128e-16 1.69839e-23 
1.38039e-10 7.86962e-08 6.69422e-05 0.00187922 0.0154313 0.977755 0.0047852 8.23142e-05 3.58049e-07 1.3349e-10 
6.43598e-30 1.31011e-26 2.66286e-22 8.41315e-20 8.16318e-16 3.77433e-13 2.81055e-06 6.06531e-05 0.00211389 0.997823 
4.14558e-07 0.000239223 0.00452569 0.979225 0.0139243 0.00206207 2.31434e-05 5.16132e-08 8.93698e-10 2.96882e-13 
6.33361e-25 6.78e-22 3.26452e-18 8.42476e-16 4.64341e-12 3.62233e-10 7.0526e-05 0.00249612 0.995178 0.00225575 
6.42315e-20 6.52801e-17 2.51376e-13 1.74515e-10 3.26608e-06 0.000430308 0.984587 0.0117611 0.00321186 6.55141e-06 
7.77164e-19 1.41177e-15 2.25739e-11 5.68891e-09 2.8001e-05 0.00182908 0.990704 0.00522404 0.00191639 0.000298767 
0.00670623 0.978022 0.0140897 0.00118034 2.15561e-06 5.97654e-09 3.16677e-10 9.44944e-11 6.85041e-14 2.96579e-21 
5.22781e-25 5.85333e-22 3.65172e-18 9.55649e-16 5.578e-12 4.33221e-10 5.31721e-05 0.986846 0.0110941 0.0020063 
7.61162e-25 8.32292e-22 4.56774e-18 1.16768e-15 6.22477e-12 4.67359e-10 6.55841e-05 0.00252524 0.994608 0.00280127 
5.1315e-30 1.06199e-26 2.18861e-22 6.93855e-20 6.73344e-16 2.14371e-13 1.9784e-06 3.36695e-05 0.0014463 0.998518 
1.15278e-11 1.11002e-08 1.08016e-06 0.000198922 0.0104349 0.982663 0.00626936 0.00042797 4.76446e-06 3.96944e-08 
2.29003e-09 3.36546e-06 0.00423347 0.959295 0.0286558 0.00776514 4.6818e-05 2.64564e-07 7.47614e-09 2.52352e-12 
4.84455e-30 9.7447e-27 1.96017e-22 6.13899e-20 5.83203e-16 2.21541e-13 2.05069e-06 3.83528e-05 0.00173367 0.998226 
2.26064e-26 2.6245e-23 1.93624e-19 4.93782e-17 2.66293e-13 1.9971e-11 3.13358e-06 9.95133e-05 0.00256597 0.997331 
6.77645e-17 7.69046e-14 1.74211e-10 4.45425e-08 0.000311425 0.97679 0.0136964 0.00768685 0.00151298 2.7469e-06 
4.44105e-25 5.13484e-22 3.69764e-18 9.71366e-16 5.96972e-12 6.32411e-09 0.000119035 0.00384877 0.994267 0.00176506 
4.51007e-25 4.83773e-22 2.34689e-18 5.92869e-16 2.92461e-12 2.25065e-10 7.34109e-05 0.00218049 0.994118 0.00362808 
6.03591e-12 5.82811e-09 6.55241e-07 0.000350849 0.969108 0.0261119 0.00435213 7.62495e-05 5.1844e-07 1.78131e-10 
1.15466e-19 1.12823e-16 2.1154e-13 4.39262e-11 5.27035e-08 5.17715e-05 0.0022613 0.992649 0.00468944 0.000348316 
7.42573e-30 1.54448e-26 3.19629e-22 1.00926e-19 9.69635e-16 2.82739e-13 2.67955e-06 5.56534e-05 0.0025056 0.997436 
8.23546e-31 1.68136e-27 3.4238e-23 1.09475e-20 1.08289e-16 5.92275e-14 4.13431e-07 1.20561e-05 0.000854293 0.999133 
7.41953e-25 8.1894e-22 4.7366e-18 1.21082e-15 6.46352e-12 4.92558e-10 4.23021e-05 0.002382 0.996219 0.0013569 
1.77686e-14 1.69003e-11 1.82996e-08 3.35586e-06 0.000156492 0.00324822 0.986503 0.0084656 0.00161858 5.06947e-06 
3.52676e-25 3.93039e-22 2.397e-18 6.43807e-16 4.10066e-12 4.5748e-10 5.63435e-05 0.990005 0.00826336 0.00167508 
6.3539e-25 6.89669e-22 3.62384e-18 9.28462e-16 4.98472e-12 3.82764e-10 5.47955e-05 0.00229586 0.00776685 0.989882 
4.72021e-25 4.80553e-22 1.50792e-18 3.65341e-16 1.46848e-12 1.10047e-10 1.70697e-07 0.000113713 0.00221187 0.997674 
6.38613e-29 7.46958e-26 5.7321e-22 1.64382e-19 1.30285e-15 3.69557e-13 3.48989e-06 5.42484e-05 0.00235906 0.997583 
3.83258e-26 6.05712e-23 9.26323e-19 2.38456e-16 1.32043e-12 9.51671e-11 2.71187e-05 0.000461149 0.00262504 0.996887 
1.05289e-19 1.03171e-16 2.03553e-13 4.31371e-11 7.11995e-08 7.91572e-05 0.208594 0.015798 0.775185 0.000343543 
9.44421e-16 8.989e-13 9.84464e-10 1.81137e-07 4.29129e-05 0.00218757 0.984777 0.0105039 0.0024817 6.30957e-06 
3.51901e-26 6.72714e-23 1.28632e-18 3.77907e-16 3.12159e-12 2.59657e-10 8.04632e-05 0.00318268 0.993913 0.00282382 
1.09898e-12 1.0562e-09 1.14526e-07 2.39469e-05 0.00180192 0.975917 0.0189664 0.0032129 7.7182e-05 7.19107e-08 
8.12684e-05 0.000775194 0.00692356 0.0256005 0.965137 0.00145867 2.36134e-05 1.46481e-08 2.25623e-11 4.90969e-15 
6.55959e-25 7.41429e-22 4.83474e-18 1.25456e-15 7.11475e-12 5.48567e-10 6.42207e-05 0.00329328 0.994712 0.00193006 
0.930896 0.0572675 0.0114827 0.00035288 7.6765e-07 9.9776e-10 2.82705e-10 8.35457e-11 6.05697e-14 3.73031e-21 
1.88928e-14 2.10187e-11 3.68227e-08 8.01332e-06 0.000716205 0.328164 0.668335 0.0026943 8.21897e-05 6.64088e-08 
5.61092e-30 1.15059e-26 2.35316e-22 7.40123e-20 7.04226e-16 1.72167e-13 2.15584e-06 3.02444e-05 0.00172678 0.998241 
7.60778e-25 8.34087e-22 4.64898e-18 1.20202e-15 6.68769e-12 5.09442e-10 5.74971e-05 0.0029523 0.995065 0.00192516 
6.21908e-30 1.26946e-26 2.58679e-22 8.16209e-20 7.85262e-16 2.82054e-13 2.59304e-06 4.74983e-05 0.00208012 0.99787 
4.55706e-12 4.42507e-09 7.35876e-07 0.000151665 0.0084622 0.985621 0.0055409 0.000215595 7.78216e-06 1.76138e-08 
3.43953e-30 7.07104e-27 1.44843e-22 4.59273e-20 4.51088e-16 2.44166e-13 1.36571e-06 4.18437e-05 0.00132365 0.998633 
7.84612e-30 1.64137e-26 3.41309e-22 1.0811e-19 1.05278e-15 4.61774e-13 2.59894e-06 6.93477e-05 0.00274408 0.997184 
1.43712e-21 2.86248e-18 5.42587e-14 1.27923e-11 3.64825e-08 3.01973e-06 0.00225815 0.989622 0.00721393 0.00090292 
8.7906e-30 2.14677e-26 3.91621e-22 1.17026e-18 2.64603e-14 1.47566e-11 5.66667e-05 0.000839104 0.994762 0.00434249 
4.39546e-25 4.95095e-22 3.17338e-18 8.28528e-16 4.78559e-12 3.69641e-10 5.28507e-05 0.00262729 0.995742 0.00157822 
6.16499e-25 6.61411e-22 3.22465e-18 8.06068e-16 3.85647e-12 2.93227e-10 1.80978e-05 0.00144095 0.994257 0.00428436 
1.7363e-10 1.29446e-07 9.21472e-05 0.00348834 0.968496 0.0242101 0.00365591 5.66843e-05 2.43693e-07 1.02567e-10 
6.67054e-08 0.000174106 0.00185709 0.013456 0.967316 0.0166064 0.000590118 4.32483e-07 7.96971e-09 2.62778e-12 
1.20635e-06 0.000645851 0.0104629 0.969802 0.018144 0.000912191 3.16049e-05 8.0355e-08 3.46357e-09 1.15227e-12 
6.72078e-12 6.50268e-09 7.42147e-07 0.00016053 0.0078884 0.98775 0.00414548 5.45715e-05 3.11495e-07 1.39151e-10 
8.53266e-07 0.000522911 0.0106815 0.970212 0.0181326 0.00042024 2.96535e-05 1.85601e-08 3.14908e-11 7.35251e-15 
8.24976e-30 1.68412e-26 3.43191e-22 1.08737e-19 1.0604e-15 4.83838e-13 3.66468e-06 8.14121e-05 0.00293962 0.996975 
1.01246e-19 9.97973e-17 2.14634e-13 4.57536e-11 7.16631e-08 4.65853e-05 0.00367626 0.991861 0.00440676 9.20029e-06 
9.26338e-13 8.98026e-10 1.77629e-07 3.43334e-05 0.00166087 0.980673 0.0146856 0.00285075 9.49152e-05 5.63554e-08 
5.50429e-10 4.30359e-07 0.000360999 0.0107972 0.976853 0.0118978 8.98835e-05 2.98472e-07 6.19575e-09 2.1262e-12 
8.76801e-30 1.79816e-26 3.67833e-22 1.16388e-19 1.13193e-15 5.03805e-13 3.59852e-06 0.698932 0.293464 0.00760066 
5.36053e-30 1.09325e-26 2.22592e-22 7.03206e-20 6.79983e-16 2.79925e-13 2.16826e-06 4.92558e-05 0.00204294 0.997906 
2.0101e-20 2.11337e-17 8.54171e-14 1.93559e-11 3.81305e-08 9.54302e-06 0.00224279 0.0106296 0.986608 0.000510504 
0.000148027 0.0149013 0.96447 0.0177857 0.00261974 5.52519e-05 2.04461e-05 2.00261e-08 1.84518e-11 2.07119e-15 
3.90564e-25 4.38092e-22 2.48876e-18 1.72367e-15 2.52165e-11 3.72589e-08 0.000197174 0.00300549 0.995759 0.00103856 
2.3016e-20 2.2128e-17 3.09392e-14 6.0329e-12 4.36064e-09 1.23106e-05 0.000241916 0.00414762 0.993829 0.00176928 
1.63501e-14 1.55416e-11 1.66511e-08 3.04092e-06 9.02243e-05 0.000624133 0.00364116 0.992711 0.00292513 5.06812e-06 
6.67405e-30 1.39355e-26 2.82203e-22 1.40028e-19 2.01027e-15 1.48759e-12 2.61288e-06 0.000116958 0.00234172 0.997539 
2.05123e-30 4.83599e-27 1.10075e-22 3.78093e-20 4.28991e-16 3.37649e-13 3.51251e-08 5.72158e-05 0.00174894 0.998194 
8.50795e-39 1.15311e-34 1.90257e-30 3.92741e-25 5.50834e-20 7.95823e-16 5.14979e-12 9.33552e-07 8.51019e-05 0.999914 
5.82561e-26 1.00763e-22 1.72959e-18 4.73677e-16 3.24905e-12 2.59286e-10 6.70911e-05 0.00231647 0.00854705 0.989069 
7.68492e-14 8.90082e-11 1.4284e-07 3.32968e-05 0.00312104 0.975739 0.0189365 0.00199063 0.000178755 2.85401e-07 
4.72279e-07 0.000411318 0.0104432 0.970118 0.0174448 0.00155227 2.99619e-05 8.86433e-08 2.84553e-09 9.48554e-13 
1.99549e-12 1.96132e-09 4.17598e-07 8.58791e-05 0.00647416 0.983862 0.00837985 0.00117314 2.46986e-05 4.08002e-08 
4.29736e-20 4.20654e-17 8.19326e-14 1.74107e-11 3.06835e-08 2.1392e-05 0.00151687 0.992512 0.00541511 0.000534177 
1.05955e-06 0.00053856 0.0087484 0.9706 0.0190712 0.00101455 2.61664e-05 2.26901e-08 7.48747e-11 2.15567e-14 
1.11094e-06 0.000547311 0.00484516 0.0271827 0.961083 0.00630819 3.24193e-05 2.83085e-08 8.32949e-11 2.37944e-14 
8.16304e-30 1.64942e-26 3.33228e-22 1.052e-19 1.0149e-15 3.93399e-13 3.3444e-06 6.14938e-05 0.00270869 0.997226 
6.81721e-12 6.57988e-09 7.4583e-07 0.000139142 0.00812284 0.987602 0.00407514 5.95237e-05 3.46051e-07 1.58175e-10 
3.88236e-30 7.37179e-27 1.40672e-22 4.28882e-20 3.7936e-16 3.45239e-14 2.2894e-06 6.15642e-06 0.000764338 0.999227 
3.31968e-11 3.80968e-08 9.03619e-05 0.00308273 0.695421 0.298584 0.00277668 4.46963e-05 2.84643e-07 1.35802e-10 
9.30769e-21 8.97905e-18 1.36906e-14 2.73399e-12 3.52722e-09 5.67273e-06 0.000436786 0.781782 0.216232 0.00154363 
3.20569e-14 3.05004e-11 3.24863e-08 5.96866e-06 0.000249058 0.00410519 0.0109136 0.983279 0.00144676 5.10797e-07 
5.21253e-07 0.000342974 0.00436637 0.943344 0.0442695 0.00762908 4.76593e-05 5.39451e-08 1.76274e-10 5.34433e-14 
2.77191e-15 2.63543e-12 2.82625e-09 5.18546e-07 3.28394e-05 0.00071228 0.98154 0.0143037 0.00340357 7.59129e-06 
7.26709e-25 7.72009e-22 3.52772e-18 9.18498e-16 5.23668e-12 3.90755e-10 3.79839e-05 0.0021047 0.996038 0.00181977 
2.56125e-14 2.43667e-11 2.65455e-08 4.87775e-06 0.000264258 0.00606708 0.989577 0.00395021 0.00013621 8.1085e-08 
9.34816e-07 0.000549838 0.0110045 0.969501 0.0184988 0.000413871 3.10682e-05 1.97711e-08 3.47045e-11 8.08253e-15 
6.22949e-26 6.67798e-23 3.25067e-19 8.79008e-17 5.71835e-13 4.35623e-11 3.1979e-05 0.000590819 0.996482 0.00289488 
9.76775e-12 9.36514e-09 6.71597e-07 0.000111956 0.00289954 0.214326 0.0141438 0.768227 0.00029096 9.63655e-08 
6.67692e-30 1.36044e-26 2.76882e-22 8.74127e-20 8.44489e-16 3.51741e-13 2.40908e-06 5.2497e-05 0.00196906 0.997976 
1.12277e-14 1.06828e-11 1.15546e-08 2.11702e-06 7.8378e-05 0.00125156 0.00569426 0.989329 0.00363886 6.29308e-06 
5.98957e-20 5.8303e-17 9.9247e-14 2.04914e-11 2.09393e-08 2.36456e-05 0.00107044 0.00669859 0.990589 0.00161814 
1.00322e-19 9.92516e-17 2.25673e-13 4.82888e-11 7.61778e-08 4.70867e-05 0.00409296 0.989876 0.00569243 0.000291181 
6.71673e-10 6.2317e-07 0.000597714 0.0110171 0.977083 0.011236 6.52462e-05 2.48832e-07 5.75615e-09 1.95497e-12 
2.31444e-12 2.28479e-09 5.55736e-07 0.000108478 0.00760933 0.987222 0.00486974 0.00018013 9.64163e-06 3.64745e-09 
1.64221e-20 1.63364e-17 3.94439e-14 8.59488e-12 1.19538e-08 1.04094e-05 0.000476212 0.990943 0.00713098 0.00143964 
4.37227e-12 4.22903e-09 6.81591e-07 9.89724e-05 0.0298157 0.924097 0.0459668 1.99159e-05 5.12348e-07 2.00582e-10 
4.46622e-30 9.07377e-27 1.84337e-22 5.93148e-20 5.96048e-16 3.20816e-13 1.92663e-06 5.60542e-05 0.00211106 0.997831 
3.83252e-26 8.90099e-23 1.98103e-18 5.22865e-16 3.18575e-12 2.40144e-10 5.98176e-05 0.00190842 0.993776 0.00425528 
4.99292e-25 5.29208e-22 2.37473e-18 5.96621e-16 2.94894e-12 2.22786e-10 5.43746e-07 0.000614441 0.00349409 0.995891 
9.28992e-25 1.02534e-21 5.93089e-18 1.53583e-15 8.6225e-12 7.4798e-10 4.73518e-05 0.988365 0.00964666 0.00194116 
2.51159e-20 2.51987e-17 6.61526e-14 1.50435e-11 3.43231e-08 1.28818e-05 0.00208007 0.986141 0.0105324 0.00123352 
2.0568e-14 1.95726e-11 2.14507e-08 3.94727e-06 0.000223343 0.00598775 0.989309 0.00419612 0.000280043 1.78263e-07 
3.31444e-28 8.43674e-25 2.251e-20 1.53896e-17 2.89198e-13 2.26502e-11 3.98267e-06 0.000323737 0.003507 0.996165 
2.44381e-24 4.90325e-21 9.92366e-17 7.0587e-14 1.26187e-09 7.19871e-08 0.000186581 0.990424 0.00794797 0.00144145 
2.12887e-36 7.76654e-33 3.07707e-28 4.18051e-25 9.6043e-21 5.09873e-18 9.78451e-13 4.6176e-09 5.78845e-05 0.999942 
1.54197e-17 1.47266e-14 1.59537e-11 2.94693e-09 2.9936e-07 0.000531989 0.977964 0.0171048 0.00439009 8.54704e-06 
4.47275e-30 8.98181e-27 1.80519e-22 5.71079e-20 5.51613e-16 1.83588e-13 2.16542e-06 3.09809e-05 0.00135235 0.998615 
9.05766e-14 1.12819e-10 1.37546e-07 2.38658e-05 0.00107676 0.00646653 0.987612 0.00448788 0.000332212 1.38445e-07 
9.08442e-30 1.85452e-26 3.77892e-22 1.19215e-19 1.14846e-15 4.36194e-13 3.74712e-06 6.64684e-05 0.00282343 0.997106 
1.02853e-11 9.93284e-09 1.07866e-06 0.000210612 0.0067201 0.0186089 0.973147 0.0013088 3.95855e-06 1.44212e-08 
4.7389e-20 4.62636e-17 8.59794e-14 1.80584e-11 2.20148e-08 2.50736e-05 0.000847057 0.99003 0.00765826 0.00143935 
4.25534e-30 9.13188e-27 1.93669e-22 6.10113e-20 5.85166e-16 1.9771e-13 7.70903e-07 3.3e-05 0.00168369 0.998283 
5.7627e-12 5.52223e-09 3.72193e-07 8.93191e-05 0.0028783 0.0131207 0.981022 0.0027754 0.000113975 4.79357e-08 
2.61595e-22 4.94725e-19 9.47166e-15 2.20196e-12 8.31529e-09 6.41977e-07 0.00105156 0.989996 0.00762232 0.00132985 
5.88171e-30 1.12875e-26 2.17484e-22 6.71521e-20 6.18311e-16 2.13777e-13 3.41368e-06 3.78962e-05 0.00185955 0.998099 
8.11398e-30 1.62644e-26 3.26141e-22 1.01937e-19 9.64295e-16 3.62082e-13 3.85432e-06 4.89579e-05 0.00240393 0.997543 
4.31121e-14 4.10767e-11 3.37101e-08 6.1813e-06 0.000300605 0.00621522 0.989373 0.00394997 0.000154869 9.44885e-08 
8.27702e-25 1.00211e-21 6.62933e-18 1.77508e-15 7.9057e-12 5.51813e-10 2.88821e-05 0.989265 0.00884565 0.00185999 
1.00524e-24 1.11344e-21 6.56628e-18 1.70634e-15 9.70377e-12 7.44856e-10 0.000101141 0.0046182 0.992427 0.00285407 
6.73058e-06 0.00602481 0.945391 0.0353807 0.0127694 0.000404161 2.29042e-05 2.44504e-08 3.85019e-11 7.93261e-15 
4.21932e-19 9.22967e-16 2.24481e-11 5.36835e-09 3.23919e-05 0.00222583 0.98642 0.00927022 0.00204679 4.97156e-06 
5.92456e-30 1.44302e-26 3.45536e-22 4.92059e-19 1.07224e-14 3.39013e-12 1.80525e-06 0.000102471 0.00441219 0.995484 
1.53282e-10 1.86595e-07 0.000189759 0.00634585 0.979152 0.012536 0.00175486 2.12327e-05 2.33564e-07 1.26867e-10 
6.53128e-14 6.67006e-11 7.29093e-08 1.51144e-05 0.000587262 0.00655353 0.98914 0.00361489 8.89389e-05 5.79009e-08 
7.61775e-30 1.56207e-26 3.1953e-22 1.01079e-19 9.77319e-16 3.42241e-13 2.97856e-06 6.01448e-05 0.00255833 0.997379 
9.56993e-20 9.35238e-17 1.76141e-13 3.65641e-11 4.56339e-08 4.47037e-05 0.00240811 0.993866 0.00350296 0.000177881 
5.75148e-20 5.73927e-17 1.4575e-13 3.1694e-11 5.56392e-08 2.41298e-05 0.00329607 0.993069 0.00360415 7.04083e-06 
4.4241e-34 2.12186e-30 3.87827e-26 3.45674e-22 8.84665e-18 1.4543e-14 1.04216e-08 1.23393e-05 0.00105194 0.998936 
9.40665e-18 1.96501e-14 3.02781e-10 6.90999e-08 7.93132e-05 0.00426835 0.986428 0.00758312 0.00163727 3.65256e-06 
3.68333e-25 4.11943e-22 2.55259e-18 6.67501e-16 3.87972e-12 3.08048e-10 5.72282e-05 0.00243932 0.995657 0.00184678 
4.68075e-30 9.91911e-27 2.08401e-22 6.66747e-20 6.65052e-16 3.71205e-13 1.04932e-06 6.66682e-05 0.00212149 0.997811 
1.2137e-06 0.000616062 0.00997927 0.971557 0.0174406 0.00037665 2.9383e-05 1.87102e-08 3.31643e-11 7.75583e-15 
8.11176e-25 8.49104e-22 3.46571e-18 8.78031e-16 4.50531e-12 3.37216e-10 1.66193e-05 0.00155929 0.994318 0.00410616 
0 0 0 0 0 0 0 0 0 1 
4.94305e-10 3.79516e-07 0.000335481 0.00905304 0.972074 0.0168914 0.00162343 2.1927e-05 1.44956e-07 5.43709e-11 
2.48976e-10 1.82394e-07 0.000218021 0.00614664 0.965325 0.0245479 0.00368993 7.18842e-05 4.12649e-07 1.79539e-10 
8.06704e-07 0.000433909 0.00464923 0.295919 0.690624 0.00832436 4.84316e-05 1.39938e-07 3.04198e-09 1.01018e-12 
4.6393e-23 7.86469e-20 6.34772e-16 1.94616e-13 6.86502e-10 2.42676e-08 8.83124e-05 0.00381198 0.99388 0.00221983 
1.36581e-14 1.30065e-11 1.43938e-08 2.6601e-06 0.0001922 0.00538369 0.990493 0.00381466 0.000113258 8.19769e-08 
5.43257e-25 6.01073e-22 3.51796e-18 8.91828e-16 4.59834e-12 3.65574e-10 6.06201e-05 0.00243519 0.995236 0.00226797 
8.2374e-25 1.29802e-21 2.15569e-17 6.25512e-14 1.50355e-09 2.92541e-07 0.000674695 0.990901 0.00718815 0.00123575 
2.82355e-14 2.68633e-11 2.92638e-08 5.37845e-06 0.000254096 0.00637967 0.986038 0.00670444 0.000617793 3.0939e-07 
3.79158e-12 3.64874e-09 3.53623e-07 6.35959e-05 0.00507002 0.989311 0.00480107 0.000749332 4.35769e-06 2.26048e-08 
5.64545e-13 1.71144e-09 4.68628e-05 0.00313844 0.0210679 0.969695 0.00552158 0.000508791 2.13691e-05 6.23465e-09 
1.57484e-24 4.01055e-21 1.33751e-16 1.70917e-13 3.85741e-09 1.16751e-07 0.000218083 0.00330228 0.99486 0.00161916 
3.37029e-30 6.98101e-27 1.43949e-22 4.46227e-20 4.10101e-16 4.29311e-14 1.7333e-06 1.67668e-05 0.000716381 0.999265 
3.06022e-36 1.7656e-32 1.6544e-28 9.03886e-24 8.75275e-19 1.15075e-14 1.29724e-10 1.34026e-05 0.000309585 0.999677 
4.19318e-20 4.19938e-17 1.10306e-13 2.43311e-11 4.72728e-08 1.54984e-05 0.00279427 0.994068 0.00311584 6.14107e-06 
2.56924e-30 5.23388e-27 1.06591e-22 3.46153e-20 3.61211e-16 3.61757e-13 1.0569e-06 6.9309e-05 0.00188479 0.998045 
4.10935e-20 4.13923e-17 1.15272e-13 2.54959e-11 4.90139e-08 1.9471e-05 0.00297852 0.992011 0.00459025 0.000400873 
3.55121e-26 5.19091e-23 7.00594e-19 1.98116e-16 1.48204e-12 1.30535e-10 5.83579e-05 0.00168084 0.996136 0.00212439 
7.64834e-20 7.55264e-17 1.68198e-13 3.52893e-11 4.42019e-08 3.62959e-05 0.00192019 0.00933131 0.987619 0.00109314 
6.24662e-30 1.28613e-26 2.64021e-22 8.39019e-20 8.21555e-16 3.58731e-13 2.46848e-06 5.43723e-05 0.00223574 0.997707 
4.66688e-20 4.63985e-17 1.12989e-13 2.46858e-11 5.13826e-08 2.00011e-05 0.00317146 0.992358 0.0044065 4.39504e-05 
1.37104e-26 1.47908e-23 7.52547e-20 1.81145e-17 7.62546e-14 7.52051e-12 3.45107e-06 7.14649e-05 0.988979 0.0109464 
1.4232e-14 1.35455e-11 1.47895e-08 2.7203e-06 0.000150709 0.00498376 0.99149 0.00326303 0.000109339 6.82727e-08 
4.7907e-25 5.26399e-22 2.97177e-18 7.60632e-16 4.08993e-12 3.05713e-10 1.38114e-06 0.00102299 0.00351837 0.995457 
6.53736e-27 1.52545e-23 3.40485e-19 9.51365e-17 7.07131e-13 6.08018e-11 1.54513e-06 0.000598511 0.00290894 0.996491 
2.06821e-14 2.03763e-11 4.83011e-08 1.0757e-05 0.00313012 0.974903 0.0196651 0.00225018 4.0736e-05 5.13235e-08 
6.80876e-20 6.64913e-17 1.19532e-13 2.56188e-11 4.35869e-08 3.48597e-05 0.0021996 0.0110683 0.985885 0.000812526 
3.78783e-06 0.00061317 0.00835987 0.955843 0.0325675 0.00257228 4.02071e-05 2.51224e-08 4.15402e-11 9.38609e-15 
7.34177e-25 8.111e-22 4.71546e-18 1.21554e-15 6.70606e-12 4.98678e-10 2.06083e-05 0.00204312 0.00624181 0.991694 
2.8645e-27 6.68873e-24 1.50249e-19 4.34095e-17 3.41032e-13 3.18401e-11 3.25647e-05 0.000666428 0.563275 0.436026 
4.45829e-30 9.2822e-27 1.92252e-22 6.11291e-20 6.00308e-16 2.73234e-13 1.5078e-06 4.18362e-05 0.00163876 0.998318 
7.85392e-12 7.55538e-09 8.37849e-07 0.000156787 0.0082815 0.986438 0.00505813 6.468e-05 3.95324e-07 1.83432e-10 
8.99632e-12 8.70683e-09 1.1086e-06 0.00021997 0.0125799 0.980573 0.00653396 9.14937e-05 5.36003e-07 2.4405e-10 
1.24682e-11 1.33456e-08 5.61718e-05 0.00280393 0.0199408 0.970996 0.00591952 0.000281457 1.84014e-06 4.52194e-10 
2.30433e-06 0.000786701 0.0086429 0.96022 0.0267839 0.00353489 2.94999e-05 3.32703e-08 1.35931e-10 4.09527e-14 
9.22686e-20 9.16319e-17 2.19739e-13 4.72834e-11 7.87829e-08 4.30977e-05 0.00391039 0.988723 0.00662692 0.000696592 
4.20383e-26 9.77881e-23 2.17801e-18 5.91441e-16 3.94271e-12 3.1261e-10 5.69895e-05 0.00272785 0.995045 0.00217016 
8.45723e-15 8.04709e-12 8.77328e-09 1.61448e-06 9.30943e-05 0.00245777 0.92884 0.0684234 0.000183505 9.12927e-08 
7.31708e-25 7.91057e-22 4.05275e-18 1.02643e-15 5.24323e-12 3.88282e-10 9.70692e-07 0.00109721 0.00387002 0.995032 
3.63321e-14 3.45569e-11 3.74333e-08 6.86865e-06 0.000303821 0.00628901 0.987689 0.00533999 0.000369451 1.40853e-06 
4.15081e-10 3.81135e-07 0.000341016 0.00704216 0.985161 0.00741044 4.46078e-05 1.84076e-07 4.25934e-09 1.45564e-12 
5.21069e-11 3.40728e-08 0.000127072 0.0051546 0.0342699 0.956068 0.00429034 8.91427e-05 4.82936e-07 2.11789e-10 
2.36304e-20 2.29417e-17 3.67209e-14 7.52221e-12 6.4275e-09 7.3544e-06 0.000343399 0.00469168 0.99294 0.00201753 
2.83288e-20 2.83581e-17 7.39386e-14 1.61729e-11 2.81124e-08 9.90194e-06 0.00161707 0.00644509 0.991525 0.000402975 
3.96175e-30 8.19923e-27 1.69068e-22 5.41948e-20 5.42436e-16 3.02122e-13 1.52991e-06 5.1218e-05 0.00164968 0.998298 
7.68253e-20 7.54572e-17 1.54187e-13 3.29234e-11 5.75275e-08 3.48097e-05 0.003214 0.99293 0.00381394 6.71952e-06 
5.55375e-25 6.07693e-22 3.33737e-18 8.64752e-16 4.82388e-12 3.64085e-10 1.41801e-05 0.00208905 0.995239 0.00265782 
2.26174e-20 2.19929e-17 3.71841e-14 7.72608e-12 8.23727e-09 9.19146e-06 0.000674257 0.988014 0.0095247 0.00177802 
6.02039e-25 7.17764e-22 6.22149e-18 2.01109e-15 1.95561e-11 1.89122e-09 5.77564e-05 0.00250559 0.996077 0.00135972 
6.30527e-10 6.00344e-07 0.000496494 0.010438 0.978004 0.0110043 5.62904e-05 2.79073e-07 7.18093e-09 2.43455e-12 
4.89174e-20 4.82527e-17 1.02425e-13 2.17941e-11 3.44443e-08 1.94468e-05 0.00209459 0.993408 0.00409678 0.000380963 
4.38676e-10 4.66165e-07 0.000753868 0.944738 0.043392 0.011079 3.61575e-05 2.26994e-07 5.34579e-09 1.80758e-12 
3.65184e-11 3.56004e-08 0.000126567 0.005014 0.968059 0.022543 0.00415159 0.000105418 5.04752e-07 2.33569e-10 
1.30451e-19 1.27759e-16 2.28367e-13 4.68987e-11 4.91173e-08 5.75076e-05 0.00199655 0.985515 0.0114222 0.00100828 
1.0181e-24 1.11514e-21 6.17981e-18 1.58887e-15 8.65957e-12 6.68658e-10 8.81383e-05 0.00402427 0.993357 0.00253083 
5.60168e-25 6.17252e-22 3.52962e-18 8.80885e-16 4.21334e-12 3.1368e-10 7.11273e-07 0.00116344 0.995009 0.00382715 
5.62427e-20 5.55457e-17 1.19646e-13 2.59575e-11 4.37776e-08 2.20427e-05 0.00291316 0.993626 0.00341433 2.438e-05 
1.62552e-20 1.59944e-17 3.37356e-14 7.05762e-12 8.0231e-09 7.92865e-06 0.000503836 0.00528669 0.992184 0.00201704 
3.61304e-20 6.0734e-17 9.64064e-13 6.97203e-10 1.3083e-05 0.00944516 0.837008 0.126038 0.027485 1.13284e-05 
2.67886e-26 4.54434e-23 7.6502e-19 2.24732e-16 1.8331e-12 1.5248e-10 5.65285e-05 0.00189272 0.994718 0.00333252 
1.84526e-11 1.52169e-08 2.80143e-05 0.116997 0.867748 0.0133785 0.0018293 1.90297e-05 1.34166e-07 6.61767e-11 
2.77631e-14 2.8769e-11 8.44485e-08 1.81747e-05 0.00460656 0.0214559 0.972337 0.00155712 2.55194e-05 3.64881e-08 
2.35021e-14 2.23667e-11 2.451e-08 4.51098e-06 0.000269777 0.00772894 0.986769 0.00506868 0.000159074 1.02523e-07 
9.80753e-25 1.21821e-21 9.67716e-18 4.53635e-14 1.10841e-09 1.65582e-07 0.000752526 0.990093 0.00769521 0.00145948 
5.96286e-20 5.92763e-17 1.42518e-13 3.1051e-11 5.60321e-08 2.68545e-05 0.00332439 0.992629 0.00398075 3.86348e-05 
7.3944e-12 7.07634e-09 3.56978e-07 7.89633e-05 0.00110328 0.00814957 0.986991 0.00355093 0.000125413 7.85706e-08 
2.09451e-14 1.99146e-11 2.14701e-08 3.93747e-06 0.00015002 0.00140101 0.969167 0.0258281 0.0034447 5.66012e-06 
5.91109e-20 5.87503e-17 1.40956e-13 3.06913e-11 5.54647e-08 2.70703e-05 0.00337361 0.989049 0.00753221 1.84942e-05 
3.26097e-18 6.14046e-15 9.83639e-11 2.22203e-08 4.96117e-05 0.00266608 0.984153 0.0104898 0.00263423 7.05776e-06 
6.48454e-10 5.89868e-07 0.000486404 0.0106669 0.977251 0.0115482 4.69153e-05 2.8925e-07 6.3312e-09 2.16578e-12 
1.4893e-06 0.000902975 0.013056 0.966891 0.0185975 0.000505993 4.46094e-05 2.81366e-08 4.16541e-11 8.86764e-15 
5.56142e-30 1.16873e-26 2.43861e-22 7.7758e-20 7.6859e-16 3.69794e-13 1.83221e-06 0.000132417 0.986913 0.0129532 
4.10278e-30 8.11129e-27 1.60728e-22 5.13113e-20 5.10563e-16 2.72033e-13 2.00159e-06 3.79123e-05 0.000946607 0.999013 
8.88283e-25 9.73323e-22 5.41211e-18 1.40861e-15 8.05329e-12 5.98552e-10 6.31319e-06 0.00311927 0.994248 0.00262685 
7.79185e-27 9.72334e-24 9.16623e-20 2.7418e-17 2.31627e-13 1.77317e-11 2.68018e-06 0.000169196 0.496287 0.503541 
2.86958e-10 2.98538e-07 0.000200036 0.00395982 0.0175535 0.976826 0.00145634 3.90958e-06 7.07049e-08 4.2458e-11 
3.54197e-25 3.71823e-22 1.55448e-18 3.90398e-16 1.95759e-12 7.60904e-10 3.79129e-05 0.973767 0.0206267 0.00556838 
2.71205e-12 2.60999e-09 2.99826e-07 4.9891e-05 0.00188719 0.0075893 0.98719 0.00319024 9.25869e-05 4.11992e-08 
2.03306e-14 1.93613e-11 2.11976e-08 4.13889e-06 0.000739624 0.00639472 0.990018 0.00276627 7.70748e-05 4.942e-08 
5.67803e-30 1.14716e-26 2.31704e-22 7.30812e-20 7.03691e-16 2.7156e-13 2.0002e-06 4.4179e-05 0.981056 0.018898 
