4131
8.00651e-10 9.71685e-08 5.57672e-07 4.61767e-06 0.000252172 0.000454852 0.00382498 0.0113248 0.0264464 0.957692 
3.16855e-10 4.37605e-08 1.88522e-07 2.35463e-06 0.000132643 0.00061832 0.0055914 0.0153718 0.0424145 0.935869 
4.52939e-17 1.18779e-14 2.13381e-12 5.53983e-10 3.3246e-08 5.1064e-06 0.000316907 0.00204689 0.00857257 0.989058 
1.39549e-09 1.6176e-07 1.02044e-06 5.48424e-06 0.000209437 0.000598292 0.00480816 0.0141708 0.0356988 0.944508 
1.05572e-09 1.83928e-07 5.3817e-07 6.98046e-06 0.000189127 0.00117835 0.00502723 0.0130095 0.805681 0.174907 
3.52772e-07 6.74748e-05 0.000228672 0.00057826 0.0182974 0.281232 0.366003 0.246476 0.0727957 0.0143212 
2.15896e-06 0.000411664 0.000275811 0.00334234 0.0135943 0.0333036 0.854504 0.050763 0.0297659 0.0140369 
1.69393e-11 3.14579e-09 3.37904e-09 4.89282e-08 2.76709e-06 1.61183e-05 0.000198875 0.00116317 0.00660203 0.992017 
5.0142e-18 1.52169e-15 3.51301e-14 6.34246e-12 7.77384e-11 7.67239e-09 3.21902e-05 0.000297813 0.00411837 0.995552 
2.4306e-09 3.53719e-07 1.97315e-06 4.62473e-05 0.00141316 0.0127226 0.866128 0.0481929 0.0449524 0.0265422 
1.89799e-08 1.19013e-06 4.37401e-05 0.000171 0.000744036 0.00155964 0.0098923 0.0244204 0.923806 0.0393619 
9.36092e-10 1.28612e-07 8.73e-07 1.15658e-05 0.000424027 0.000959369 0.00817487 0.0226593 0.0356752 0.932095 
1.05641e-06 0.000191999 0.000503509 0.00468151 0.829583 0.0624111 0.0429501 0.0276135 0.0180606 0.0140032 
6.00493e-11 9.85254e-09 3.92275e-08 8.32989e-07 5.30479e-05 0.000180242 0.00185054 0.00488715 0.0190551 0.973973 
9.28641e-10 1.36033e-07 6.3204e-07 3.9472e-06 5.01587e-05 0.000376223 0.0028922 0.00515834 0.0155077 0.976011 
5.12355e-07 9.68953e-05 8.23353e-05 0.00158058 0.00398837 0.0158483 0.663264 0.261067 0.0357101 0.0183619 
5.74141e-05 0.00234994 0.0855624 0.411366 0.0288921 0.110467 0.0163819 0.33554 0.00751861 0.00186431 
1.37361e-08 8.47356e-07 3.29477e-05 0.000110353 0.000376491 0.000703722 0.0040816 0.012356 0.0254444 0.956894 
3.42124e-11 5.86739e-09 3.81147e-08 3.0176e-07 2.67379e-06 0.000157236 0.0015204 0.00674168 0.0252554 0.966322 
6.42569e-11 1.05764e-08 3.9858e-07 2.88002e-06 0.000108296 0.000321831 0.00376645 0.0122777 0.035525 0.947997 
5.51814e-11 8.99705e-09 3.50483e-08 6.68037e-07 5.09379e-05 0.000135956 0.00164395 0.00303937 0.0127059 0.982423 
2.53304e-11 4.66101e-09 1.24375e-08 2.8285e-07 1.41707e-06 5.11642e-05 0.000720032 0.00208929 0.00846162 0.988676 
5.32489e-11 7.36979e-09 6.7672e-08 9.15311e-07 8.72756e-05 0.000129008 0.00182776 0.00393101 0.0162386 0.977785 
3.01826e-10 3.66171e-08 2.45453e-07 3.54538e-06 0.000252842 0.000307161 0.00301963 0.00787793 0.965401 0.023138 
5.64158e-22 5.39342e-19 6.14141e-16 1.10846e-13 1.29924e-11 5.01865e-09 3.99572e-05 0.000150835 0.0017234 0.998086 
1.96722e-06 0.000373302 0.000414224 0.00182486 0.00753856 0.0246038 0.20947 0.528893 0.215109 0.0117714 
7.3707e-08 4.81676e-06 2.50679e-05 0.000823148 0.002493 0.0123303 0.025379 0.0453699 0.896515 0.0170597 
5.7572e-11 1.01717e-08 3.87938e-08 5.62278e-07 1.10031e-05 0.000211976 0.0019896 0.00591542 0.0251268 0.966745 
4.84325e-10 6.40383e-08 3.94757e-07 5.03077e-06 0.000268313 0.000540982 0.00758297 0.0282412 0.925762 0.0375995 
2.95964e-08 1.74919e-06 8.46578e-06 0.000162433 0.000578007 0.00336312 0.00834738 0.123545 0.12009 0.743903 
6.98124e-17 2.0674e-14 3.9415e-12 9.28883e-10 6.97903e-08 1.47826e-05 0.000148366 0.00219976 0.0137964 0.983841 
1.25742e-09 1.27672e-07 1.13752e-06 1.27323e-05 0.000292522 0.0021114 0.0103501 0.905674 0.0520484 0.0295094 
5.2228e-11 7.07183e-09 6.79263e-08 1.15855e-06 9.04823e-05 0.000211186 0.00252303 0.00526958 0.0193416 0.972563 
1.427e-12 1.25857e-10 6.63006e-09 3.00396e-07 7.96741e-05 0.00421905 0.89435 0.0263868 0.0407289 0.0342354 
9.84858e-07 0.000179903 0.000471406 0.00309013 0.0117824 0.0357661 0.871078 0.0428126 0.0248157 0.0100032 
9.4402e-08 7.20784e-06 0.000259157 0.00121186 0.013464 0.883278 0.0458246 0.0329366 0.0142845 0.00873454 
5.79325e-13 1.02427e-10 6.7068e-09 6.63153e-07 2.27005e-05 0.000140097 0.00106746 0.00636583 0.968541 0.0238622 
2.44322e-10 2.70955e-08 1.70876e-07 1.9853e-06 0.000103916 0.000424565 0.00419971 0.0159107 0.93609 0.043269 
1.45284e-09 1.38905e-07 2.08991e-06 4.85348e-05 0.000998189 0.00359489 0.016853 0.897523 0.0528583 0.0281216 
2.98167e-11 4.03666e-09 2.40637e-08 3.78842e-07 6.81329e-05 0.000214306 0.00327521 0.0174742 0.945022 0.0339456 
5.81874e-06 0.00027405 0.00117047 0.00506303 0.017949 0.0319871 0.0435547 0.879489 0.0174135 0.00309349 
0.000149932 0.0307768 0.603045 0.125619 0.0836015 0.124159 0.0151584 0.00783907 0.00647195 0.00317903 
1.5922e-06 0.000278687 0.00157116 0.00553311 0.0225943 0.0510963 0.880553 0.0284383 0.00787459 0.00205897 
1.24459e-10 2.31598e-08 3.78272e-08 2.07446e-07 1.79105e-06 4.67366e-05 0.000610811 0.00262166 0.0127862 0.983933 
1.26496e-06 0.00023604 0.000319891 0.00171123 0.00594943 0.0165373 0.0309935 0.709557 0.224908 0.00978697 
0.000870422 0.0189404 0.0553846 0.914717 0.00919263 0.000793375 8.38821e-05 1.68972e-05 5.96253e-07 1.69526e-07 
1.14924e-07 2.16193e-05 5.99336e-06 0.00033664 0.00370054 0.0191565 0.856598 0.0632046 0.0383962 0.0185794 
1.25789e-11 1.0066e-09 1.0569e-08 3.3031e-07 6.40922e-05 5.19637e-05 0.00135783 0.480497 0.0252204 0.492809 
3.47495e-09 3.97268e-07 1.83953e-06 3.60934e-05 0.000512773 0.00124383 0.00899109 0.910646 0.0480028 0.0305647 
1.04506e-16 5.24133e-14 3.23487e-12 6.50543e-10 4.56222e-08 8.01054e-06 0.000273573 0.00182682 0.190191 0.8077 
1.01282e-10 1.17771e-08 1.08253e-07 4.01993e-06 5.12924e-05 0.000270306 0.00278849 0.161979 0.599835 0.235071 
1.63405e-10 2.16819e-08 1.57138e-07 4.31319e-06 0.000202479 0.000780125 0.00875822 0.027339 0.920081 0.0428346 
9.66338e-11 1.37908e-08 4.60664e-07 2.41704e-05 0.000120691 0.00231931 0.0141156 0.913313 0.0457189 0.0243874 
3.88272e-11 7.25204e-09 8.0771e-09 6.70621e-08 6.62755e-06 1.81861e-06 0.000184988 0.000713122 0.990384 0.00870939 
2.58984e-09 3.6565e-07 2.06079e-06 4.91658e-05 0.00107026 0.00375371 0.0139702 0.892918 0.0561786 0.0320576 
5.23682e-09 7.24752e-07 5.37024e-06 0.000215789 0.00047756 0.00272852 0.011499 0.0304234 0.0432007 0.911449 
1.20256e-07 6.17033e-06 7.65529e-05 0.000803987 0.00291736 0.0093521 0.0217007 0.0348903 0.0442086 0.886044 
3.86972e-09 5.52752e-07 3.35982e-06 8.29902e-05 0.000353317 0.00272352 0.0106804 0.149064 0.818514 0.0185774 
1.39002e-15 2.07407e-13 1.49925e-12 2.90054e-11 9.15452e-10 3.66254e-09 3.14513e-08 1.42028e-07 3.95231e-06 0.999996 
9.02914e-11 1.22862e-08 1.63972e-07 1.2403e-05 0.000157692 0.000619558 0.00534437 0.0228361 0.922469 0.0485607 
3.37092e-11 5.70172e-09 3.35604e-08 7.27107e-07 9.89102e-06 0.000238836 0.00521216 0.0222734 0.944295 0.0279697 
3.80653e-11 6.61952e-09 3.37612e-08 3.76977e-07 2.48342e-06 0.000132254 0.00106901 0.0011764 0.00294262 0.994677 
6.37946e-11 1.16722e-08 2.69445e-08 5.96024e-07 5.19277e-06 0.000163205 0.00153233 0.00316326 0.0134825 0.981653 
4.00754e-06 0.000452242 0.00383167 0.263799 0.619188 0.0378002 0.0288099 0.0241159 0.0147016 0.00729752 
1.80834e-11 9.7526e-10 1.747e-08 1.03325e-06 0.000119786 0.00013076 0.00219587 0.0118892 0.951616 0.034047 
1.67622e-05 0.000959224 0.00469285 0.0138149 0.837765 0.0761393 0.0427173 0.0171566 0.00614401 0.000594336 
1.157e-10 1.21035e-08 9.45258e-08 2.63997e-06 0.000104197 0.000665049 0.00504949 0.719931 0.139994 0.134253 
1.38052e-09 1.63094e-07 1.00928e-06 1.17079e-05 0.000293145 0.000957474 0.00901328 0.0314813 0.91941 0.0388316 
5.01688e-11 7.39423e-09 1.54847e-07 1.42792e-05 0.000167158 0.00126432 0.00809343 0.0275734 0.927235 0.0356521 
1.59976e-08 1.25239e-06 8.508e-06 0.000144108 0.0010505 0.00646743 0.0191923 0.0471262 0.902464 0.0235459 
9.51257e-15 2.34515e-12 5.95331e-11 1.05241e-08 1.54797e-07 1.19938e-05 0.00021495 0.00225732 0.0102707 0.987245 
1.39304e-08 1.61864e-06 1.06573e-05 0.000351912 0.00100339 0.00259916 0.0117286 0.0266391 0.0467953 0.91087 
7.45648e-06 0.000505387 0.00431371 0.0175093 0.631435 0.0501699 0.273069 0.0143588 0.00673786 0.0018941 
2.37889e-08 2.00881e-06 4.34324e-05 0.000178039 0.000870147 0.00454194 0.0219395 0.888485 0.0547545 0.0291853 
8.33763e-07 0.000161632 6.48896e-05 0.000175583 0.00144613 0.00360425 0.0119574 0.0258176 0.034148 0.922624 
1.73113e-07 1.69523e-05 0.00032366 0.00281634 0.0176492 0.473392 0.465144 0.021893 0.0127735 0.00599157 
5.40642e-09 8.22493e-07 5.76533e-06 0.000194582 0.000734899 0.00293598 0.0136487 0.88839 0.0593968 0.0346924 
3.95485e-08 2.82249e-06 9.64181e-05 0.000286809 0.00284204 0.115404 0.0898719 0.0914236 0.261632 0.43844 
2.09593e-10 3.88481e-08 5.09541e-07 1.30945e-05 9.22023e-05 0.00117353 0.0121125 0.900376 0.0518907 0.0343414 
6.03665e-06 0.000403567 0.000855304 0.00190551 0.00583639 0.017244 0.358548 0.520733 0.092346 0.00212257 
1.6395e-11 2.79986e-09 1.69442e-08 7.85573e-08 7.89795e-07 5.15452e-05 0.000385237 0.000407436 0.00182198 0.997333 
7.77599e-08 6.34601e-06 0.000300902 0.00292869 0.187184 0.0381428 0.694512 0.0401061 0.0231185 0.0137007 
1.34183e-09 1.38885e-07 8.13261e-07 5.5453e-06 0.000343516 0.000507678 0.0029415 0.00715119 0.0233523 0.965697 
1.05696e-13 2.76329e-11 6.43867e-10 1.13015e-07 1.17745e-06 7.40058e-05 0.000612862 0.00419142 0.0204751 0.974645 
5.02056e-08 3.46565e-06 0.000183321 0.00189692 0.80621 0.0486595 0.0419722 0.0475885 0.0355105 0.0179753 
5.90902e-15 8.15013e-13 1.36206e-11 4.58876e-10 5.68171e-09 4.29037e-08 4.07077e-06 1.96865e-05 0.000476595 0.9995 
3.90774e-08 2.34225e-06 4.63086e-05 0.000250615 0.00114769 0.00407684 0.0109263 0.025656 0.480322 0.477572 
1.6827e-17 3.57598e-15 2.88193e-13 6.56539e-11 3.81923e-09 7.90454e-07 1.40466e-05 0.000535513 0.00337907 0.996071 
5.51399e-13 5.18556e-11 2.5483e-09 1.26026e-08 9.73917e-08 8.36127e-06 4.46016e-05 9.58572e-05 0.000908588 0.998942 
1.49797e-10 2.24739e-08 1.27874e-07 3.35271e-06 8.93739e-05 0.000493194 0.00538542 0.0152769 0.0391545 0.939597 
1.80688e-07 1.26253e-05 0.000386871 0.00208762 0.0106488 0.0242419 0.0473607 0.464006 0.440759 0.010497 
2.93476e-17 7.80499e-15 1.22525e-12 2.87337e-10 2.09291e-08 4.43554e-06 3.91923e-05 0.00116524 0.0063568 0.992434 
3.17688e-17 1.02095e-14 2.43482e-12 6.12706e-10 4.21059e-08 8.53358e-06 0.000135647 0.0013874 0.979543 0.0189254 
9.80942e-08 7.5771e-06 0.000421324 0.000598901 0.00523929 0.0272867 0.873137 0.0497518 0.0283957 0.0151614 
1.82197e-16 5.55557e-14 1.2159e-11 2.75277e-09 2.29375e-07 4.21178e-05 0.00122369 0.00836984 0.0259964 0.964368 
2.04734e-09 2.29198e-07 1.36771e-06 1.15021e-05 0.00049798 0.000708694 0.00524705 0.018904 0.927504 0.0471253 
3.35104e-18 4.87212e-16 1.35215e-14 1.97333e-12 2.06431e-10 4.42239e-08 5.76242e-05 0.000634396 0.00588059 0.993427 
7.07972e-12 1.14511e-09 8.53229e-09 8.66139e-08 2.33054e-06 3.43957e-05 0.000248394 0.000710157 0.00223188 0.996773 
1.43679e-10 2.3674e-08 1.81965e-07 2.25539e-06 6.30225e-05 0.000371323 0.00374674 0.0108623 0.0344966 0.950458 
4.18797e-11 5.8368e-09 2.99144e-08 8.15088e-07 8.80736e-05 0.000207823 0.00168154 0.00658332 0.0193522 0.972086 
7.72348e-06 0.00042641 0.00160163 0.00272327 0.0136038 0.852316 0.0547878 0.0404239 0.0246495 0.00945963 
9.38752e-11 1.54971e-08 7.96347e-08 3.89283e-06 0.000140479 0.0018904 0.469987 0.476285 0.028611 0.0230818 
3.65106e-11 4.46656e-09 1.07226e-07 1.25911e-05 0.000165817 0.000750625 0.00973903 0.921846 0.0423637 0.0251223 
2.36635e-09 2.63679e-07 1.2189e-05 0.000239457 0.00407482 0.148449 0.480347 0.305191 0.0395082 0.0221772 
1.06436e-11 1.47809e-09 1.21585e-08 1.24066e-07 1.94794e-05 4.88184e-05 0.000699393 0.0029484 0.0158362 0.980448 
1.79819e-05 0.00150316 0.00553738 0.0202456 0.849904 0.0692916 0.0370886 0.0111244 0.00459041 0.000697422 
6.15641e-14 1.92928e-11 4.261e-10 7.78867e-08 7.08163e-07 3.44981e-05 0.000371999 0.00490752 0.0222987 0.972386 
5.12315e-15 3.0946e-13 1.0009e-11 6.44822e-10 3.69783e-08 1.57302e-07 1.58141e-05 5.1611e-05 0.000417971 0.999514 
4.56352e-13 4.44433e-11 2.56122e-10 1.00283e-08 2.09465e-06 1.72648e-05 0.000282657 0.00447147 0.771661 0.223566 
1.38652e-39 9.57017e-36 6.57931e-32 4.18606e-28 5.10271e-24 6.03111e-20 5.37252e-15 2.80715e-10 9.93939e-06 0.99999 
1.84655e-10 2.48736e-08 3.51739e-07 3.80218e-06 0.000201218 0.000349857 0.00433023 0.0127975 0.029827 0.95249 
9.17849e-09 7.41962e-07 2.00685e-05 9.72372e-05 0.000827175 0.00342748 0.056856 0.819283 0.100317 0.019171 
1.21443e-05 0.000861619 0.00220973 0.0107103 0.0188616 0.0452723 0.855904 0.041705 0.0189302 0.00553351 
9.21168e-12 1.19416e-09 2.48812e-08 6.4622e-07 1.93016e-05 0.00127067 0.00901262 0.932028 0.0351956 0.022473 
9.44291e-11 1.53556e-08 7.28816e-08 9.97324e-07 7.57206e-05 0.000227875 0.00244246 0.00542837 0.944643 0.0471813 
3.49966e-05 0.00201507 0.00864727 0.0316578 0.847003 0.0716019 0.0295935 0.00676888 0.00177557 0.000901828 
6.20053e-10 8.04445e-08 5.16176e-07 5.98321e-06 0.00036437 0.000698439 0.00557008 0.0167464 0.0345997 0.942014 
8.46687e-08 4.08092e-06 1.80019e-05 6.63322e-05 0.00101888 0.00403843 0.00717087 0.00768532 0.010381 0.969617 
4.0079e-08 3.13534e-06 8.96725e-05 0.000726568 0.00454722 0.0228727 0.856072 0.0582302 0.0396086 0.0178494 
4.08734e-05 0.00215602 0.00964602 0.0427445 0.837888 0.0710486 0.0259624 0.00719525 0.00252607 0.000792237 
1.93344e-17 8.3827e-15 2.39974e-12 5.68771e-10 4.51288e-08 9.64146e-06 8.61682e-05 0.000927745 0.00649936 0.992477 
9.18141e-15 2.66212e-12 6.03925e-11 1.11743e-08 1.30988e-07 6.99703e-06 0.000101102 0.0021881 0.00977784 0.987926 
1.37203e-10 2.25205e-08 6.36385e-08 8.81678e-07 5.44916e-05 0.000174806 0.00224674 0.111334 0.861731 0.0244577 
1.00357e-07 5.21961e-06 5.31908e-05 0.00126079 0.00230951 0.0071184 0.0138345 0.0144365 0.0217354 0.939246 
5.66818e-05 0.00255735 0.0119371 0.0277219 0.073445 0.840972 0.0317232 0.00738973 0.00281218 0.00138434 
9.01694e-27 9.49903e-24 4.0197e-20 8.87935e-18 1.77234e-14 2.40982e-12 2.94284e-06 2.60233e-05 0.000544878 0.999426 
1.29218e-09 1.60706e-07 1.04747e-06 1.0524e-05 0.00040286 0.000896569 0.00807484 0.0271472 0.0486522 0.914815 
5.27032e-10 7.70216e-08 2.49747e-07 2.55514e-06 0.0001162 0.000468442 0.00401141 0.0107499 0.0338705 0.950781 
2.7219e-11 2.66042e-09 2.94617e-08 6.41285e-07 0.000108161 9.0438e-05 0.00203959 0.00784664 0.0318729 0.958042 
7.12811e-22 6.81104e-19 7.73588e-16 1.39149e-13 1.78296e-11 6.14655e-09 1.97242e-05 0.000249855 0.00192203 0.997808 
8.21079e-11 1.55496e-08 4.07589e-07 3.31524e-06 5.44589e-05 0.00141856 0.0116527 0.923344 0.0405007 0.0230254 
1.87311e-09 2.70948e-07 1.70552e-06 1.31057e-05 0.00045575 0.00129821 0.00567544 0.016376 0.032086 0.944094 
9.85737e-10 9.58731e-08 7.92829e-07 1.14751e-05 0.000473028 0.00356323 0.462272 0.0320355 0.482474 0.0191694 
4.39097e-19 9.68795e-17 6.93792e-15 1.52869e-12 1.01251e-10 2.08945e-08 1.8038e-06 0.000133566 0.00154572 0.998319 
1.60805e-08 1.32536e-06 8.96619e-06 0.000264349 0.00117986 0.00941086 0.89651 0.0467871 0.03272 0.0131176 
1.20027e-16 1.59854e-14 1.51975e-12 4.04978e-10 1.66383e-08 2.29854e-06 3.32376e-05 0.000447127 0.00405347 0.995464 
2.84052e-11 2.46158e-09 7.05027e-08 6.791e-06 0.000201834 0.00185933 0.00942362 0.902263 0.0548589 0.031386 
1.94007e-10 2.66207e-08 2.13271e-07 7.14232e-06 0.000251836 0.000376155 0.0052778 0.90588 0.0525852 0.0356216 
5.61665e-09 5.02905e-07 1.0328e-05 3.64787e-05 0.000614779 0.00119091 0.0046353 0.0117775 0.0226372 0.959097 
1.6457e-07 8.99616e-06 8.49031e-05 0.0015212 0.00479467 0.0166399 0.889142 0.047865 0.0294191 0.010524 
2.59966e-11 4.457e-09 2.76939e-08 3.80609e-07 2.22154e-06 7.55094e-05 0.000643108 0.00131738 0.00569071 0.992271 
4.80576e-08 3.91862e-06 0.000192145 0.00055892 0.00461844 0.0206168 0.0428508 0.883719 0.0307587 0.0166813 
1.41229e-10 1.87525e-08 1.59095e-07 2.60781e-06 8.12605e-05 0.000279641 0.00296312 0.00998709 0.765514 0.221172 
8.05947e-07 0.000152155 0.000223214 0.00110925 0.0038494 0.00894905 0.907867 0.0395503 0.0274761 0.010823 
2.60194e-09 3.24113e-07 1.51315e-06 6.79827e-05 0.000311319 0.00155738 0.00928754 0.731127 0.234931 0.0227166 
4.09586e-17 1.04103e-14 1.8772e-12 4.72015e-10 3.02628e-08 5.93872e-06 5.04134e-05 0.000486201 0.00324847 0.996209 
1.80964e-23 1.72262e-20 1.92419e-17 3.57945e-15 8.00276e-13 5.96324e-11 3.41112e-05 0.000180892 0.00218584 0.997599 
4.61316e-14 1.36304e-11 2.99273e-10 5.2089e-08 4.81331e-07 2.35586e-05 0.000189791 0.00183303 0.00794703 0.990006 
1.12214e-09 1.46311e-07 1.18935e-06 1.75362e-05 0.000411053 0.00122311 0.00925003 0.033169 0.915541 0.0403867 
5.04061e-11 8.25908e-09 5.01155e-08 5.67174e-07 2.40122e-05 0.00016727 0.00123473 0.0037301 0.972987 0.0218562 
1.05804e-09 1.25051e-07 5.80628e-07 4.17049e-06 0.000228042 0.000358526 0.00392184 0.0162639 0.944158 0.0350647 
1.88243e-17 7.97196e-15 2.24136e-12 5.30908e-10 4.19638e-08 8.98666e-06 2.57306e-05 0.000511439 0.00301722 0.996437 
1.11842e-11 1.81495e-09 1.79678e-08 1.1626e-07 8.19763e-07 2.66357e-05 0.000302285 0.000970555 0.00646491 0.992235 
1.54761e-12 3.01254e-10 6.22122e-10 7.46968e-08 8.40416e-07 5.98354e-05 0.00109314 0.947313 0.0271389 0.0243939 
4.16577e-10 6.23441e-08 2.86623e-07 7.72369e-06 0.000300875 0.000993435 0.00676528 0.019615 0.0364255 0.935892 
1.26485e-11 1.40459e-09 1.40102e-07 5.1834e-06 9.7087e-05 0.000227573 0.00217258 0.00918251 0.965778 0.022537 
0.000373613 0.00984692 0.810125 0.0693875 0.0541108 0.0393261 0.0139746 0.00256959 9.37036e-05 0.000191792 
2.04358e-05 0.00110611 0.0059312 0.566856 0.216401 0.192942 0.0121409 0.00302478 0.00112059 0.000457082 
3.44707e-10 3.62356e-08 3.72067e-07 1.03916e-05 0.000175279 0.00153411 0.102395 0.638976 0.243699 0.0132094 
3.22583e-07 6.04584e-05 4.34434e-05 0.000711655 0.00233963 0.184557 0.0224416 0.481193 0.295899 0.0127541 
1.63189e-06 0.000294109 0.000462577 0.00527064 0.0231822 0.846086 0.0628915 0.0362886 0.0169352 0.00858737 
5.89815e-17 6.11141e-14 1.001e-11 1.99436e-09 1.33153e-07 1.72423e-05 0.00207272 0.0125931 0.974192 0.0111253 
8.72091e-11 1.4515e-08 6.71035e-08 1.0449e-06 5.13915e-05 0.000213648 0.00262378 0.0060285 0.960316 0.0307657 
9.96951e-09 6.19267e-07 2.40817e-05 7.53121e-05 0.00044361 0.000697397 0.00515471 0.0214111 0.933743 0.0384504 
1.03864e-08 7.40134e-07 2.42816e-05 0.000290806 0.000848355 0.00286334 0.0107272 0.0332277 0.91166 0.0403573 
6.10501e-08 3.12425e-06 1.64011e-05 0.000328605 0.00180927 0.00864307 0.0714706 0.133265 0.77179 0.0126738 
2.48749e-11 3.80518e-09 1.33769e-08 4.43449e-07 3.91123e-05 0.000114012 0.00115771 0.00433911 0.0170244 0.977325 
2.60435e-27 2.76937e-24 1.24728e-20 2.75292e-18 5.34382e-15 6.35978e-13 1.09427e-06 1.37606e-06 4.21419e-05 0.999955 
1.71396e-06 0.00033206 0.00107831 0.00281706 0.00684348 0.0136163 0.0262182 0.0426777 0.0506339 0.855781 
5.58217e-09 7.34821e-07 5.32547e-06 0.000368519 0.00279627 0.0158849 0.862852 0.0602985 0.0378946 0.0198993 
1.639e-11 2.62194e-09 2.75739e-08 7.2314e-08 1.08912e-06 3.67465e-05 0.000357081 0.000473597 0.00322461 0.995907 
1.05989e-09 1.3088e-07 1.27542e-06 1.29142e-05 0.000231472 0.0275871 0.0490615 0.811773 0.0422236 0.0691085 
3.80047e-13 7.23364e-11 2.33534e-11 6.72628e-10 2.33079e-08 2.2734e-07 2.45704e-05 1.2285e-05 3.81235e-05 0.999925 
2.66698e-08 1.85581e-06 6.28281e-05 0.000329775 0.0013568 0.0027422 0.0136846 0.0314565 0.0444071 0.905958 
4.08811e-06 0.000283899 0.00225029 0.0147419 0.0496657 0.851582 0.0384448 0.0196273 0.0112619 0.0121383 
5.28089e-11 8.14955e-09 3.04959e-08 9.39546e-07 7.78194e-05 0.000194161 0.00187946 0.00782191 0.027954 0.962072 
7.7967e-12 5.27644e-10 2.03144e-08 2.4676e-06 0.000130946 0.000654606 0.0676006 0.00885752 0.600585 0.322169 
2.94999e-08 2.13703e-06 6.38772e-05 0.000383325 0.00101557 0.00319743 0.0134145 0.0414211 0.0663371 0.874165 
4.60024e-11 6.2625e-09 7.36161e-08 1.61116e-06 0.000114055 0.00030636 0.00369214 0.0172259 0.0447565 0.933903 
4.07587e-12 2.09771e-10 3.26123e-09 1.18493e-07 2.72226e-05 6.57756e-05 0.00043971 0.00406754 0.019292 0.976108 
5.51506e-10 3.80815e-08 1.03979e-06 7.77121e-05 0.00122064 0.00642831 0.800793 0.130257 0.0400155 0.0212069 
9.07849e-11 1.37634e-08 6.77629e-08 1.20633e-06 0.000128915 0.000372934 0.00403031 0.0140209 0.942421 0.0390246 
5.75136e-12 5.95633e-10 2.94566e-08 2.74547e-06 3.27477e-05 0.000552745 0.00586447 0.941516 0.030194 0.0218377 
3.21429e-10 5.80999e-08 6.49614e-07 8.51756e-06 0.000138012 0.00462982 0.859122 0.047721 0.0516722 0.0367079 
3.76175e-10 6.47041e-08 1.582e-07 1.53729e-06 1.81954e-05 0.000247436 0.00194506 0.00626326 0.951187 0.0403369 
4.54832e-08 2.80775e-06 5.23667e-05 0.000608995 0.00158798 0.00743088 0.310539 0.329239 0.0319455 0.318594 
1.14743e-07 8.40931e-06 0.000445304 0.00191534 0.0053718 0.0137383 0.695506 0.132523 0.138133 0.0123586 
7.15286e-14 7.03611e-12 2.1881e-10 3.02913e-08 4.7884e-07 2.89542e-05 0.000126106 0.000968489 0.00811436 0.990762 
2.10149e-10 3.43586e-08 1.4429e-07 2.45777e-06 6.13912e-05 0.000399187 0.00316928 0.0104552 0.94695 0.0389623 
5.97829e-12 3.115e-10 4.76356e-09 1.70435e-07 3.92302e-05 3.39039e-05 0.00031911 0.00217919 0.0136257 0.983803 
1.40188e-31 3.33568e-28 7.68726e-24 3.2278e-21 5.21213e-17 1.63883e-13 1.03439e-08 2.96047e-05 0.000686605 0.999284 
3.72933e-14 1.3739e-11 1.05399e-09 1.55543e-07 1.14378e-06 1.29285e-05 0.000135957 0.000717548 0.00422088 0.994911 
2.06435e-11 3.81765e-09 7.12036e-09 2.58876e-07 2.48293e-06 0.000116843 0.00199947 0.0207347 0.961437 0.0157089 
8.01997e-10 7.68397e-08 4.80785e-07 2.99296e-06 0.000200988 0.000178998 0.00113087 0.00262097 0.00679633 0.989068 
4.14776e-19 2.12767e-16 6.71324e-14 1.59255e-11 1.27225e-09 2.71828e-07 4.82034e-07 1.92705e-05 0.000318523 0.999661 
2.13993e-09 2.98879e-07 6.28734e-06 0.000229468 0.000403946 0.00270796 0.163219 0.174442 0.52744 0.131551 
9.17054e-11 1.37904e-08 7.26476e-08 8.25311e-07 7.29007e-06 0.000237315 0.00171177 0.930774 0.0321148 0.0351544 
4.61867e-13 5.91033e-11 1.18751e-09 2.92969e-08 5.34282e-07 1.50278e-05 0.000223033 0.00117987 0.00859514 0.989986 
2.24978e-06 0.000426971 0.000420868 0.00458145 0.0178208 0.0440546 0.858978 0.0364692 0.0202824 0.0169634 
3.32876e-12 5.05605e-10 1.97766e-09 1.45341e-07 7.14586e-06 8.35552e-05 0.000713361 0.00372854 0.0182027 0.977265 
3.37345e-10 3.87289e-08 2.94597e-07 6.60262e-06 0.000169893 0.000293768 0.00286624 0.00801479 0.0375454 0.951103 
2.13711e-08 2.04946e-06 0.000185097 0.000283766 0.00175939 0.00538926 0.0206401 0.874435 0.0622745 0.0350309 
3.5707e-10 4.02169e-08 4.51504e-07 5.55102e-06 0.000392175 0.000473771 0.00633814 0.0244346 0.928277 0.0400783 
1.03053e-13 2.12259e-11 8.54485e-10 9.1275e-08 4.81748e-06 9.87318e-05 0.000589555 0.00641982 0.963074 0.0298127 
3.12952e-09 4.02897e-07 5.11684e-06 0.000194727 0.000466132 0.00182566 0.00849626 0.0242478 0.918522 0.0462422 
1.0856e-07 5.89893e-06 4.72612e-05 0.000828918 0.00322105 0.00856121 0.017035 0.0279904 0.92009 0.0222201 
1.62983e-09 1.50174e-07 4.25303e-06 0.000426765 0.00945231 0.858152 0.0510132 0.034308 0.0265143 0.0201291 
3.41969e-08 2.5142e-06 7.08701e-05 0.00070713 0.00114217 0.00381859 0.0130363 0.899139 0.0500032 0.0320799 
1.9987e-10 2.08308e-08 2.53912e-07 1.25367e-05 0.000351094 0.00166933 0.00971243 0.0300252 0.920441 0.0377886 
1.64496e-16 3.20832e-14 3.61884e-13 8.27763e-11 6.06218e-09 1.27857e-06 3.72581e-05 0.000382244 0.00418002 0.995399 
1.60816e-10 1.77736e-08 1.78419e-07 3.95593e-06 9.25025e-05 0.0003899 0.00260703 0.00797858 0.230881 0.758047 
2.68535e-09 2.71185e-07 1.74323e-06 2.08097e-05 0.000459177 0.00138355 0.00851868 0.02585 0.929062 0.0347033 
1.13639e-13 2.01088e-11 2.61552e-11 2.27915e-09 1.55526e-07 1.39735e-05 0.000196337 0.0026378 0.0120318 0.98512 
2.28531e-09 3.26494e-07 1.99938e-06 1.1796e-05 0.000523247 0.00114804 0.00628715 0.0189438 0.0408289 0.932255 
2.81502e-07 5.95464e-05 0.00110224 0.00826412 0.837508 0.0519013 0.0523801 0.0289571 0.0155954 0.00423191 
0.00101052 0.0181238 0.102246 0.537091 0.268565 0.0479472 0.0160455 0.00747165 0.00121687 0.000281433 
9.42026e-08 4.99439e-06 2.69532e-05 0.000929083 0.00258218 0.00964419 0.0199961 0.0333456 0.909988 0.0234829 
0 0 0 0 0 0 0 0 2.07126e-21 1 
4.67706e-14 1.35503e-11 3.08658e-10 5.53141e-08 7.21519e-07 7.29324e-05 0.000463992 0.942409 0.0356024 0.0214507 
9.6728e-13 1.0022e-10 3.20462e-09 1.33606e-08 4.18559e-07 3.36595e-05 0.000160643 0.00102521 0.00543595 0.993344 
1.11427e-12 1.56477e-10 2.75193e-09 5.08366e-08 4.03993e-07 3.84644e-05 0.0001969 0.00152742 0.00829709 0.98994 
5.94493e-11 1.04052e-08 1.04945e-07 7.96048e-06 4.90361e-05 0.000666392 0.00516946 0.0185995 0.943702 0.0318059 
1.51895e-14 2.92763e-12 4.86442e-11 4.90901e-09 1.69848e-07 8.55477e-05 0.000987441 0.0052012 0.971334 0.0223918 
3.35372e-09 2.57483e-07 2.99791e-06 0.000251096 0.00114168 0.00401307 0.0133554 0.0365411 0.910608 0.0340863 
8.86249e-11 1.39571e-08 6.74449e-08 1.0211e-06 9.73012e-05 0.000365455 0.00303529 0.00837561 0.0281659 0.959959 
2.21952e-10 3.65264e-08 3.02095e-07 1.62986e-06 1.71956e-05 0.000494254 0.00432915 0.0132954 0.0350427 0.946819 
1.16832e-09 1.24596e-07 1.1403e-06 1.45134e-05 0.000531616 0.00155639 0.0103894 0.891783 0.0593469 0.0363769 
2.50462e-14 4.48339e-12 1.58621e-10 1.55068e-08 3.45898e-07 7.18295e-05 0.0016515 0.699701 0.139082 0.159493 
5.59345e-11 9.69769e-09 2.21141e-07 1.97625e-06 5.24761e-05 0.000136431 0.00206978 0.00664137 0.494689 0.496409 
3.93932e-09 5.39162e-07 2.92478e-06 9.58645e-05 0.00136438 0.00988505 0.419038 0.539304 0.0207686 0.00954065 
1.53833e-11 8.48237e-10 1.48174e-08 1.01312e-06 0.000112183 0.00160898 0.00818743 0.924274 0.040099 0.0257173 
1.30417e-09 1.60909e-07 6.32554e-07 4.45277e-06 0.00023304 0.000541315 0.00356409 0.0102756 0.0306393 0.954741 
8.85005e-10 9.66786e-08 9.76399e-07 1.7232e-05 0.000417008 0.00188498 0.00926389 0.548972 0.194759 0.244685 
8.40239e-06 0.000414267 0.00228215 0.00416594 0.0104691 0.0162016 0.0323951 0.88563 0.0381641 0.0102692 
2.30998e-08 2.89325e-06 2.60736e-05 0.00219865 0.0183205 0.818784 0.0560805 0.0513935 0.0317294 0.0214643 
7.71505e-08 4.43627e-06 2.41546e-05 0.000675593 0.00159546 0.00653305 0.0140553 0.884328 0.0607961 0.0319884 
1.923e-05 0.0012493 0.0038099 0.00818002 0.0168854 0.0227179 0.0312429 0.680623 0.225255 0.0100176 
7.13574e-10 7.2127e-08 4.40873e-07 3.38848e-06 0.000205131 0.00031957 0.00406727 0.018891 0.943526 0.0329868 
3.77465e-08 3.89788e-06 7.23314e-05 0.00084939 0.00263877 0.0150937 0.905447 0.0355907 0.028257 0.0120471 
5.7368e-11 8.45224e-09 7.64237e-08 3.63721e-06 0.000131036 0.000367589 0.00403091 0.0157038 0.939059 0.040704 
5.20069e-12 1.10032e-09 6.90172e-08 1.04726e-05 6.46033e-05 0.000308133 0.00190274 0.00800885 0.0250519 0.964653 
4.15722e-05 0.00264289 0.0106472 0.0204308 0.0529177 0.0697623 0.818227 0.017247 0.00603945 0.00204363 
1.06257e-07 5.24326e-06 2.89015e-05 0.000882461 0.0022113 0.00861137 0.0172451 0.0279358 0.037681 0.905399 
2.00246e-08 1.63424e-06 4.32777e-05 0.000235256 0.00114882 0.00437781 0.0166179 0.0465927 0.89276 0.0382224 
4.68204e-05 0.00176852 0.0256245 0.0709103 0.445631 0.184092 0.139204 0.109058 0.0225378 0.0011279 
4.07035e-13 2.1416e-11 3.59168e-10 1.70527e-08 2.80613e-06 2.80802e-05 0.000301025 0.00316069 0.0169081 0.979599 
1.74356e-08 1.55837e-06 3.09414e-05 0.000407132 0.00312198 0.0130232 0.0357949 0.881891 0.045512 0.020217 
1.74052e-06 0.000311487 0.000356195 0.00273637 0.0101544 0.0241066 0.0399717 0.875491 0.0370934 0.00977699 
1.94819e-06 0.0003689 0.00045968 0.00238655 0.0229288 0.842439 0.0546756 0.0406338 0.0243359 0.0117701 
5.35036e-10 5.54062e-08 5.05652e-07 2.89086e-05 0.000192371 0.000543002 0.00484335 0.0162275 0.939931 0.0382332 
8.17414e-11 1.31761e-08 5.1442e-08 9.13472e-07 8.13634e-05 0.000227598 0.00228046 0.00598508 0.482405 0.509019 
1.60988e-08 1.96807e-06 2.50567e-05 0.000425198 0.0014728 0.00558086 0.0154688 0.223223 0.735598 0.0182042 
1.48125e-09 1.6043e-07 9.98536e-07 8.94159e-06 0.000553467 0.000611102 0.0054737 0.0157236 0.0318127 0.945815 
7.76667e-12 4.4353e-10 1.20182e-08 4.66079e-07 5.9792e-05 0.000185259 0.00148564 0.00685141 0.490947 0.500471 
2.64766e-12 3.82603e-10 2.63499e-08 1.06602e-06 3.25894e-05 0.00244532 0.0125337 0.0368021 0.927869 0.0203164 
1.40872e-08 8.79411e-07 2.69445e-05 0.000423131 0.00245152 0.165428 0.0241754 0.770819 0.0275005 0.00917539 
1.27101e-16 1.98498e-14 1.51225e-12 3.77262e-10 1.29589e-08 1.38749e-06 3.453e-05 0.000488297 0.00238939 0.997086 
7.20239e-06 0.00061479 0.00869289 0.0793258 0.607286 0.219806 0.0781642 0.00381238 0.00141029 0.000880532 
2.9727e-11 5.14468e-09 2.85326e-08 1.14104e-07 1.32793e-06 1.25856e-05 0.000319517 0.000269583 0.00275516 0.996642 
6.5433e-15 2.02351e-12 4.78625e-11 8.85845e-09 1.44945e-07 1.54212e-05 0.000531703 0.00531415 0.0200872 0.974051 
8.74362e-24 8.35366e-21 9.52701e-18 1.70992e-15 2.0681e-13 7.70679e-11 2.08485e-08 3.73289e-05 0.000829112 0.999134 
2.62894e-14 7.41167e-12 1.70478e-10 3.09779e-08 3.61282e-07 3.03053e-05 0.000256013 0.002917 0.01597 0.980826 
3.45824e-06 0.00020719 0.00131162 0.00406444 0.0159749 0.162111 0.774591 0.0223885 0.0120522 0.00729519 
2.5923e-08 2.4337e-06 3.13293e-05 0.000950477 0.001408 0.0044239 0.0136555 0.288278 0.662229 0.0290215 
5.77242e-11 7.67198e-09 6.15814e-08 1.03492e-06 0.00012317 0.000170543 0.00216476 0.00633015 0.951663 0.0395473 
4.67162e-10 7.2376e-08 2.49942e-07 4.69408e-06 0.000272661 0.00365399 0.0152161 0.0391101 0.915678 0.0260642 
3.22345e-07 5.15388e-05 0.00108181 0.00300849 0.0107389 0.195139 0.0216343 0.670241 0.0916254 0.00648 
1.55291e-12 9.94523e-11 2.24217e-09 2.20216e-07 1.04625e-05 5.7363e-05 0.000536382 0.00338492 0.0132451 0.982766 
1.20424e-08 7.91408e-07 2.79983e-05 9.95898e-05 0.000362999 0.000731092 0.00463038 0.142872 0.220367 0.630908 
2.07689e-06 0.000380446 0.000607083 0.00296793 0.00900208 0.0275214 0.0420135 0.872769 0.0346029 0.0101339 
3.33742e-08 2.3718e-06 6.14536e-05 0.000278699 0.000919246 0.00278869 0.00924427 0.0249289 0.0419629 0.919813 
1.78563e-12 8.98455e-11 1.37285e-09 4.07348e-08 1.17747e-05 7.60778e-07 8.71682e-05 0.000502134 0.00343149 0.995967 
1.03528e-12 7.18024e-11 1.26958e-09 1.17784e-07 7.27452e-06 6.34953e-05 0.000549666 0.00317484 0.0161941 0.98001 
1.40896e-05 0.00112928 0.044614 0.581764 0.277722 0.0773023 0.0115233 0.00392912 0.00137481 0.000626445 
0.000359113 0.010249 0.349383 0.387474 0.198723 0.0520436 0.00153895 0.00022828 9.15674e-07 1.89992e-08 
5.24182e-28 1.1927e-24 2.55461e-20 5.5552e-18 1.0855e-14 1.74744e-12 5.23036e-07 1.40106e-05 0.000741035 0.999244 
5.93667e-13 5.68963e-11 1.27353e-09 1.68043e-07 4.3793e-06 8.88991e-05 0.000582056 0.0036556 0.0191356 0.976533 
0.000223657 0.0059557 0.195239 0.766602 0.0236434 0.00619864 0.00181127 0.000289154 3.35263e-05 2.75017e-06 
3.9217e-11 5.40039e-09 4.24926e-08 1.45811e-06 0.000109332 0.00067479 0.00446316 0.275453 0.69378 0.0255183 
2.22737e-10 3.77548e-08 1.76183e-07 1.13037e-05 0.000156929 0.00171182 0.0144642 0.891253 0.0510764 0.041326 
4.44339e-15 1.39065e-12 4.19347e-11 8.01114e-09 1.94852e-07 1.55129e-05 0.00198876 0.0136318 0.96845 0.0159139 
6.0676e-07 0.000115319 0.000147001 0.000269554 0.00145215 0.00492477 0.014164 0.0314765 0.0369887 0.910461 
1.90872e-17 8.90566e-15 2.6502e-12 6.35293e-10 4.94775e-08 1.05024e-05 5.94296e-05 0.000424596 0.00372649 0.995779 
1.97702e-06 0.000377664 0.000949327 0.00381904 0.0255982 0.857569 0.0580678 0.0338078 0.0146436 0.00516561 
2.71018e-17 1.28969e-14 3.92889e-12 9.31519e-10 7.45264e-08 1.59438e-05 0.000171787 0.00303992 0.981871 0.0149008 
1.11038e-07 6.62684e-06 7.00181e-05 0.00139549 0.00354702 0.00958114 0.0180142 0.0259212 0.919177 0.0222871 
4.38448e-11 5.08696e-09 3.80242e-08 3.59907e-07 4.59114e-06 7.17496e-05 0.00030247 0.000814498 0.00777124 0.991035 
9.20918e-10 1.07769e-07 8.33928e-07 5.99597e-06 0.000208089 0.000323239 0.00206472 0.00618774 0.0132552 0.977954 
0.000468982 0.00875073 0.0500885 0.805992 0.0434501 0.0275072 0.0243457 0.0183346 0.0128102 0.00825258 
4.39403e-14 1.26803e-11 3.01993e-10 5.4404e-08 6.89018e-07 6.59452e-05 0.000646958 0.00655277 0.0238234 0.96891 
3.02265e-08 2.61314e-06 2.62251e-05 0.000361164 0.00143365 0.00500943 0.014178 0.89747 0.0521412 0.0293776 
9.98214e-09 9.15131e-07 1.71407e-05 0.000182176 0.000868756 0.00444404 0.923772 0.0287888 0.0244212 0.0175046 
3.32313e-08 2.31926e-06 6.27084e-05 0.000248769 0.00135929 0.00281678 0.0107014 0.0322046 0.0444619 0.908142 
1.76477e-10 1.98453e-08 5.10946e-07 9.49205e-06 0.000119409 0.00224684 0.0103915 0.0315473 0.933656 0.0220293 
1.75757e-05 0.000963669 0.00327623 0.00779296 0.0166102 0.902838 0.0410579 0.0197407 0.00682482 0.000878211 
3.90964e-10 4.76135e-08 7.16657e-07 1.24068e-05 0.000274376 0.000847139 0.00908943 0.0308275 0.924852 0.0340959 
6.22659e-10 6.58549e-08 4.56475e-07 4.06938e-06 0.000136029 0.000593072 0.00540023 0.364294 0.0421155 0.587456 
1.30474e-05 0.000519211 0.00427537 0.0113812 0.0168299 0.0274355 0.0378673 0.874535 0.0250133 0.00212997 
1.84227e-16 6.55115e-14 1.5667e-11 3.72423e-09 2.85141e-07 5.98493e-05 0.000517293 0.938345 0.0343508 0.0267264 
1.27382e-07 7.61276e-06 0.000174586 0.00163019 0.00735096 0.0156175 0.149252 0.804625 0.0180541 0.00328797 
1.33778e-06 0.000253338 0.000368054 0.00127183 0.00548107 0.016969 0.222808 0.709048 0.0290188 0.0147808 
3.37469e-10 6.12387e-08 1.14612e-07 1.32294e-06 6.98349e-05 0.000181114 0.00272954 0.0050313 0.0149457 0.977041 
0.000336596 0.00811593 0.0530228 0.885163 0.0388837 0.0108633 0.00287414 0.000674896 6.40669e-05 1.46352e-06 
1.60103e-06 0.000302803 0.000326317 0.0019427 0.0068243 0.0290067 0.0504667 0.8754 0.0262035 0.00952516 
2.88757e-11 5.09414e-09 3.91229e-09 2.01229e-07 2.12672e-05 0.000109904 0.00116278 0.0102136 0.955984 0.0325083 
1.07943e-11 5.88995e-10 9.11007e-09 3.97288e-07 7.07176e-05 7.63244e-05 0.00280915 0.0181403 0.950036 0.0288675 
3.82571e-09 3.47129e-07 2.01453e-06 1.79918e-05 0.00034556 0.00130512 0.00705437 0.0240313 0.0519695 0.915274 
1.0022e-11 1.54238e-09 1.00077e-08 3.13728e-07 1.16046e-05 6.03069e-05 0.000917341 0.00327477 0.972698 0.0230377 
6.10467e-11 1.09263e-08 4.11976e-08 8.38125e-07 5.88827e-06 0.000824893 0.00510911 0.0225356 0.948487 0.0230362 
5.08645e-11 7.96857e-09 5.37268e-08 4.85227e-07 4.47432e-05 0.000147138 0.00184 0.00530721 0.0238626 0.968798 
2.59061e-06 0.000349094 0.000950739 0.00386265 0.0106795 0.0140937 0.0235609 0.0326789 0.0373554 0.876467 
2.52876e-05 0.00136283 0.0101873 0.0210345 0.0535214 0.61235 0.23931 0.0600845 0.00141799 0.000705489 
7.69087e-08 4.83826e-06 2.80444e-05 0.000716936 0.00378759 0.0185346 0.0434313 0.89062 0.0317104 0.0111664 
8.36456e-08 4.03442e-06 2.00102e-05 0.000325241 0.00199877 0.00989298 0.0270668 0.903489 0.0412835 0.0159192 
1.49492e-08 1.15421e-06 3.14088e-05 0.000174514 0.00108122 0.00237247 0.0117385 0.0347225 0.0474072 0.902471 
1.62791e-09 1.57963e-07 2.1391e-06 3.26086e-05 0.000910385 0.00250293 0.0110394 0.0295191 0.0449676 0.911026 
2.52547e-08 1.84298e-06 1.39856e-05 0.000201815 0.00122791 0.00385664 0.016051 0.918547 0.0376069 0.0224924 
1.15907e-16 4.55059e-14 1.3035e-11 3.12149e-09 2.50946e-07 5.15987e-05 0.000319249 0.00670081 0.975168 0.0177599 
5.83112e-05 0.00179683 0.0106086 0.799959 0.0806561 0.0519485 0.0284502 0.0133888 0.00933749 0.00379602 
2.01524e-11 2.8457e-09 4.8602e-08 1.65438e-06 7.55898e-05 0.00124357 0.00670991 0.536412 0.329761 0.125797 
8.50389e-11 1.63855e-08 3.57847e-07 1.86181e-06 1.1681e-05 0.000435241 0.00468988 0.0196631 0.045806 0.929392 
1.86021e-07 3.52233e-05 1.8117e-05 0.000342655 0.00243982 0.0129314 0.040349 0.87665 0.0458959 0.0213381 
3.01474e-13 1.94551e-11 3.70936e-10 3.33209e-08 2.16415e-06 3.93034e-05 0.000271881 0.00230542 0.0108807 0.986501 
1.46114e-09 1.67991e-07 1.02098e-06 7.9669e-06 0.000391963 0.000753859 0.00629236 0.0230034 0.046921 0.922628 
6.72057e-12 3.40449e-10 5.223e-09 1.64544e-07 4.43498e-05 7.23858e-06 6.22688e-05 0.000449791 0.000984365 0.998452 
4.83521e-12 7.30135e-10 1.13483e-08 1.08181e-07 7.78734e-07 5.021e-05 0.000535782 0.00506697 0.972596 0.0217503 
2.39429e-09 2.04993e-07 5.05338e-06 7.99801e-05 0.000669735 0.028354 0.0882024 0.182353 0.455309 0.245027 
9.29193e-07 0.000180336 0.000520936 0.00141266 0.00591057 0.0130147 0.129675 0.823434 0.020697 0.00515447 
8.43735e-11 1.4527e-08 5.51838e-08 1.00484e-06 3.74018e-05 0.000292571 0.0038124 0.0149578 0.945503 0.0353958 
1.39053e-10 2.2438e-08 1.3635e-07 1.39381e-06 2.33538e-05 0.000283627 0.00225668 0.00621471 0.0169383 0.974282 
3.71702e-10 6.42278e-08 4.55366e-07 7.886e-06 5.94433e-05 0.000774115 0.00807027 0.0269247 0.929177 0.0349865 
5.22826e-16 1.76132e-13 1.35246e-11 3.03917e-09 2.02258e-07 4.24417e-05 0.000140398 0.00119429 0.00908767 0.989535 
2.75439e-10 3.12124e-08 4.28009e-07 1.00772e-05 0.000299496 0.00168006 0.00961019 0.0322061 0.923433 0.0327603 
1.96393e-08 1.15951e-06 4.93985e-05 0.000149381 0.000662953 0.00112777 0.00502003 0.0159734 0.93559 0.0414263 
5.06802e-08 7.91579e-06 4.28854e-05 0.000221396 0.000867126 0.0192247 0.287598 0.192865 0.305219 0.193954 
1.25202e-11 1.13691e-09 7.83157e-09 2.3744e-07 5.81432e-05 1.38989e-05 0.000462081 0.000615041 0.00268005 0.996171 
2.78472e-06 0.00050801 0.000795089 0.00204175 0.0177778 0.23959 0.700834 0.0277014 0.00887579 0.00187274 
2.74698e-08 1.90042e-06 6.26365e-05 0.000359704 0.00207231 0.0105568 0.684169 0.246877 0.0394299 0.0164706 
9.05765e-11 1.51788e-08 6.37549e-08 9.67645e-07 5.65707e-05 0.00019071 0.00140049 0.00251324 0.00642387 0.989414 
3.89756e-07 6.67747e-05 0.000111715 0.000871304 0.0685736 0.222802 0.526996 0.153353 0.0185232 0.00870255 
1.63495e-05 0.0010503 0.00669084 0.0399987 0.806736 0.065904 0.0376958 0.0227754 0.0127073 0.00642491 
2.97214e-14 4.29747e-12 9.46999e-11 1.53657e-08 3.83296e-07 3.39346e-05 0.000318844 0.00695323 0.975728 0.0169661 
9.32351e-15 1.33985e-12 2.93905e-11 3.46987e-09 2.2403e-07 8.27875e-05 0.00133826 0.951577 0.0276859 0.0193154 
2.40134e-08 3.7717e-06 4.65785e-05 0.000140965 0.000742999 0.00440973 0.0109753 0.0287758 0.0406451 0.91426 
3.02864e-16 4.08165e-14 9.44479e-13 2.19879e-11 3.14137e-10 1.76128e-09 3.28953e-08 3.4892e-06 2.35079e-06 0.999994 
9.02046e-11 1.57685e-08 7.23195e-08 9.81827e-07 1.65825e-05 0.000240812 0.00215392 0.00475424 0.202878 0.789955 
5.49559e-11 7.81135e-09 5.01129e-08 2.63405e-06 0.000111555 0.00027869 0.00252821 0.00947438 0.944103 0.0435018 
1.28632e-09 1.30788e-07 1.02444e-06 6.55786e-06 0.000297377 0.000649661 0.00466528 0.014805 0.0324787 0.947096 
2.30176e-26 2.56011e-23 1.51002e-19 3.31733e-17 6.4251e-14 8.52999e-12 1.03141e-05 2.79712e-05 0.000930192 0.999032 
2.43482e-05 0.00164156 0.006904 0.57747 0.0778173 0.29462 0.0282773 0.00743285 0.00435507 0.00145804 
4.6068e-09 2.84051e-07 4.1956e-06 3.87893e-05 0.000611401 0.00427771 0.458044 0.255377 0.0382044 0.243442 
3.66332e-11 4.80169e-09 2.36765e-08 7.45807e-07 9.52288e-05 0.000156557 0.001561 0.00628537 0.0267163 0.965185 
3.08225e-12 1.58597e-10 2.49048e-09 9.22768e-08 2.04857e-05 3.66128e-05 0.000404086 0.00235125 0.0130195 0.984168 
2.18684e-05 0.00220386 0.395374 0.310045 0.154727 0.128618 0.00693294 0.00155364 0.000305699 0.000218061 
1.2565e-09 1.32348e-07 9.94522e-07 8.74603e-06 0.000420437 0.000410732 0.00451145 0.0113692 0.0202434 0.963035 
1.64624e-09 1.9052e-07 1.07464e-06 9.12595e-06 0.000491127 0.000630078 0.00490142 0.0142579 0.0271645 0.952545 
8.77819e-13 4.77955e-11 8.59908e-10 5.04025e-08 5.75306e-06 3.02067e-05 0.000253552 0.00181682 0.245387 0.752507 
3.67606e-27 3.5128e-24 4.1938e-21 8.23673e-19 8.64414e-16 1.70805e-13 1.68309e-07 2.74797e-07 3.5982e-05 0.999964 
9.27078e-27 1.07275e-23 7.59199e-20 1.67092e-17 3.52207e-14 6.1192e-12 2.85882e-06 6.09376e-05 0.00129595 0.99864 
1.36068e-11 8.73101e-10 1.59655e-08 4.99983e-07 8.49881e-05 0.000169033 0.00283947 0.0136418 0.0361647 0.9471 
1.61254e-08 1.10098e-06 3.10638e-05 0.000175993 0.000759605 0.305773 0.01896 0.480429 0.180764 0.013107 
