4131
2.71855e-08 1.25133e-06 9.81133e-06 0.000178044 0.000781187 0.00219504 0.0103295 0.0273418 0.0731956 0.885968 
2.17601e-07 5.10599e-06 7.14802e-05 0.000121972 0.000384053 0.0013839 0.0129687 0.0359572 0.0930431 0.856064 
2.19071e-10 4.9749e-09 6.94073e-08 6.44753e-08 1.74215e-07 1.00894e-05 0.000566621 0.00469481 0.024319 0.970409 
1.91943e-08 7.9087e-07 7.38178e-06 0.00011942 0.000436202 0.00215875 0.0109807 0.0308264 0.092552 0.862918 
5.03322e-08 1.92776e-06 2.23725e-05 0.000226792 0.00117463 0.00458535 0.0151154 0.0331636 0.720231 0.225479 
6.426e-06 0.000250481 0.00216278 0.0051668 0.0366408 0.273856 0.348276 0.233859 0.0799705 0.0198111 
9.38523e-06 0.000337764 0.000480904 0.00597337 0.0261483 0.0820963 0.700771 0.102826 0.0568848 0.0244724 
7.36243e-10 2.29696e-08 2.55245e-07 3.83576e-06 9.7542e-06 3.6372e-05 0.000661451 0.00268641 0.0198915 0.97671 
5.58586e-13 1.26968e-11 1.77468e-10 1.71324e-10 5.05373e-10 4.00396e-08 5.57561e-05 0.000716083 0.0141873 0.985041 
4.9835e-08 2.37968e-06 4.34836e-05 0.000332677 0.00347883 0.0300041 0.723747 0.0986513 0.0902514 0.0534883 
2.52945e-07 8.28253e-06 0.000125658 0.000438883 0.00189474 0.00575532 0.0231064 0.0570829 0.802657 0.108931 
1.17723e-07 3.41318e-06 4.39946e-05 0.000164665 0.00125211 0.00335816 0.0175485 0.048372 0.0847735 0.844484 
4.93385e-06 0.000188969 0.000836171 0.00849424 0.634734 0.141158 0.0965915 0.0547276 0.0379575 0.0253069 
4.34497e-09 1.78164e-07 1.98949e-06 5.57854e-05 0.000162674 0.000485747 0.00532891 0.0140766 0.0576656 0.922223 
1.34416e-08 5.39813e-07 4.41978e-06 8.281e-05 0.000255346 0.00104782 0.00714811 0.0136873 0.0451257 0.932648 
2.6576e-06 9.6809e-05 0.000255109 0.00246672 0.00828042 0.0359903 0.561434 0.275608 0.0822484 0.033618 
0.00019368 0.00657136 0.099036 0.381744 0.0706761 0.120763 0.0397449 0.260495 0.0170489 0.00372725 
1.12817e-07 4.7567e-06 6.28504e-05 0.000304862 0.00123861 0.00314631 0.0124934 0.0305655 0.0673162 0.884867 
2.81806e-09 1.03807e-07 1.257e-06 2.79793e-05 2.96219e-05 0.000341033 0.00362755 0.0166432 0.0658931 0.913436 
1.3691e-07 3.17032e-06 4.78657e-05 6.70078e-05 0.000327953 0.00119881 0.00924347 0.0279911 0.0850937 0.876027 
3.52035e-09 1.58174e-07 1.6352e-06 5.59914e-05 0.000153578 0.000391191 0.00420312 0.00767039 0.0362747 0.951249 
1.2281e-09 3.32363e-08 4.88613e-07 2.13491e-06 1.15578e-05 0.000162456 0.0017507 0.0050144 0.0209817 0.972077 
4.54893e-09 1.82047e-07 2.2112e-06 5.50459e-05 0.000240406 0.000476262 0.00520382 0.0137258 0.0528861 0.92741 
9.07099e-09 4.28207e-07 4.6945e-06 0.000100168 0.000702024 0.000869854 0.00706758 0.0190539 0.900704 0.0714969 
1.15973e-19 1.40909e-17 3.47972e-15 5.82224e-13 1.11077e-10 2.75451e-08 6.24244e-05 0.000321364 0.00506021 0.994556 
9.93985e-06 0.000355926 0.000549668 0.0042982 0.0158312 0.0588978 0.24997 0.438381 0.207999 0.0237078 
1.00313e-06 3.86382e-05 0.000382369 0.00286184 0.0188479 0.052799 0.0820498 0.101403 0.706225 0.0353907 
4.757e-09 2.0695e-07 2.1408e-06 7.34347e-05 6.91197e-05 0.000529654 0.00511785 0.0140449 0.0604502 0.919713 
1.59731e-07 3.97615e-06 5.24085e-05 0.000211136 0.000750669 0.00173212 0.0178158 0.0631564 0.833238 0.0830392 
5.80523e-07 2.08111e-05 0.000217184 0.00133751 0.00970468 0.0227298 0.0297179 0.134942 0.146753 0.654576 
1.69029e-10 3.84075e-09 5.36252e-08 5.6426e-08 2.80109e-07 1.44168e-05 0.000333237 0.00524641 0.035378 0.959028 
2.12218e-07 5.14967e-06 7.5285e-05 0.000195611 0.000706604 0.00621014 0.0253777 0.763956 0.122834 0.0806397 
6.05754e-09 2.78497e-07 2.99525e-06 0.000106812 0.000268914 0.000698588 0.00693332 0.0142601 0.0548369 0.922892 
5.67146e-08 1.30468e-06 1.94576e-05 1.72388e-05 0.000213283 0.0111498 0.764331 0.0625969 0.0883942 0.0732766 
4.60487e-06 0.000171163 0.000649048 0.00612135 0.0239676 0.0854782 0.719714 0.0954555 0.0498498 0.0185882 
8.7238e-07 3.74918e-05 0.000707162 0.00361823 0.0297256 0.735275 0.104546 0.0701482 0.0380331 0.0179082 
2.89531e-09 2.20918e-07 1.50533e-05 4.35424e-06 4.54106e-05 0.000276343 0.00237961 0.0172535 0.907959 0.0720667 
7.66025e-09 3.3278e-07 3.80226e-06 6.85257e-05 0.000301867 0.000939576 0.00873048 0.0385155 0.844318 0.107122 
2.05845e-07 5.23712e-06 7.16267e-05 0.000294992 0.00194532 0.00903129 0.0445688 0.751969 0.123945 0.0681682 
2.35807e-07 5.39519e-06 7.4915e-05 9.51528e-05 0.000179488 0.000429777 0.00825256 0.046627 0.850991 0.0933448 
8.98256e-06 0.000379951 0.00318143 0.0115201 0.0331437 0.0660603 0.0987458 0.73614 0.0445552 0.00626456 
0.000368989 0.0279434 0.409023 0.131759 0.133787 0.166618 0.0631931 0.0331586 0.022692 0.011456 
1.02109e-05 0.000427992 0.00510757 0.0116947 0.0405732 0.105737 0.740904 0.0703137 0.020708 0.0045236 
2.55013e-09 8.75588e-08 5.58038e-07 1.2891e-05 1.82356e-05 0.000101863 0.0017223 0.00685473 0.0337247 0.957565 
7.12344e-06 0.000256291 0.000685617 0.00513832 0.0301783 0.0780674 0.109509 0.553443 0.202072 0.0206422 
0.00938809 0.11361 0.178647 0.669579 0.0247278 0.00307908 0.000650263 0.000305057 1.17903e-05 1.90874e-06 
5.30097e-07 1.9494e-05 4.39684e-05 0.000849082 0.00679824 0.0391711 0.67421 0.136337 0.0935541 0.0490164 
7.10607e-08 1.62919e-06 2.27035e-05 2.98064e-05 0.000220363 0.000232687 0.00598623 0.428367 0.0814438 0.483696 
8.71152e-08 3.03961e-06 6.01644e-05 0.00020215 0.00121316 0.00381519 0.0186832 0.790237 0.11733 0.0684569 
8.50821e-13 2.06912e-11 3.10612e-10 3.88316e-09 1.35798e-07 8.55509e-06 0.000475643 0.00555362 0.20211 0.791852 
5.25621e-08 1.37405e-06 2.80089e-05 7.20206e-05 0.000176029 0.00104732 0.00727688 0.162371 0.589955 0.239072 
1.52738e-07 3.7017e-06 6.65612e-05 9.62709e-05 0.000593163 0.00245969 0.0179505 0.059811 0.801702 0.117317 
1.1059e-08 6.13808e-07 3.21901e-05 0.000158432 0.000627128 0.00619522 0.0362067 0.792274 0.102774 0.0617312 
8.69315e-10 3.05306e-08 1.98964e-07 4.0066e-06 2.20979e-05 2.77315e-05 0.000567536 0.00346672 0.957549 0.0383623 
1.66615e-07 4.65698e-06 5.66162e-05 0.000292101 0.00209343 0.00921992 0.0351795 0.732468 0.144927 0.0757585 
2.04863e-07 6.75162e-06 0.000109158 0.00042763 0.00148266 0.00708888 0.0250719 0.0630282 0.0997787 0.803006 
1.0922e-06 3.97037e-05 0.000417729 0.00271291 0.0203627 0.0489935 0.0689968 0.0824462 0.0990539 0.676976 
4.10833e-08 1.67065e-06 2.91692e-05 0.000161358 0.000898973 0.00617263 0.0247862 0.159955 0.734391 0.073604 
1.22575e-12 3.33447e-11 6.21654e-10 2.23031e-09 8.05235e-09 4.19057e-08 4.89763e-07 2.02899e-06 4.78322e-05 0.99995 
7.78928e-09 3.27327e-07 6.92935e-06 0.000133396 0.000456256 0.00210364 0.0131118 0.058355 0.795689 0.130144 
1.23781e-07 2.89312e-06 3.96781e-05 9.42651e-05 5.69379e-05 0.000515247 0.0118997 0.0554359 0.858762 0.073193 
3.2061e-09 1.6762e-07 1.57691e-06 7.03229e-05 4.29603e-05 0.000462488 0.00367414 0.00508289 0.0157491 0.974916 
3.80073e-09 1.93519e-07 1.75383e-06 7.78775e-05 4.80509e-05 0.000386696 0.0040207 0.00795795 0.0356627 0.951844 
9.67899e-06 0.000478181 0.0076444 0.210793 0.486864 0.103467 0.0841352 0.0566705 0.034988 0.0149499 
2.36163e-09 6.61027e-08 1.32303e-06 6.96361e-06 0.000276187 0.000327363 0.00446705 0.0305101 0.879465 0.0849456 
3.02191e-05 0.00134643 0.0106505 0.0284327 0.653965 0.159641 0.093703 0.0378 0.0126515 0.00177975 
9.04803e-08 2.27062e-06 4.15386e-05 6.71425e-05 0.000400027 0.00206088 0.0154384 0.682558 0.155218 0.144213 
1.86309e-07 4.76833e-06 8.27644e-05 0.000200334 0.000569755 0.00301416 0.0196056 0.0699562 0.799585 0.106981 
2.16287e-07 5.36666e-06 0.000103769 0.000182896 0.000536724 0.00373858 0.0174609 0.0614285 0.823701 0.0928415 
4.12844e-07 1.88657e-05 0.000154945 0.0013814 0.00742084 0.0227499 0.0549933 0.101761 0.751912 0.0596081 
5.74939e-10 1.32032e-08 1.92649e-07 2.7375e-07 4.03043e-06 2.26274e-05 0.000517849 0.00465416 0.0262167 0.968584 
4.24265e-07 1.58924e-05 0.000205285 0.00152159 0.0105498 0.0240503 0.033777 0.0574466 0.110421 0.762012 
2.22528e-05 0.00122058 0.0104785 0.0344643 0.541252 0.107388 0.252861 0.0328727 0.0149829 0.00445812 
3.4092e-07 1.14731e-05 0.000155175 0.000556411 0.00274078 0.012167 0.0536047 0.766408 0.109795 0.0545609 
4.27209e-06 0.00014973 0.000132156 0.000701432 0.00318696 0.0113334 0.0346694 0.0625524 0.0968802 0.79039 
1.78175e-06 7.23203e-05 0.00124956 0.00763577 0.0535532 0.407262 0.414605 0.06771 0.0337047 0.0142056 
2.78423e-07 7.77015e-06 0.000112777 0.000400251 0.00218827 0.00731864 0.0266496 0.747027 0.145993 0.0703022 
3.11513e-07 1.26879e-05 0.000195381 0.00112725 0.0091568 0.116232 0.153385 0.109222 0.194816 0.415852 
2.29231e-07 5.68791e-06 0.000102597 0.00023287 0.000456979 0.00397281 0.0308932 0.774793 0.112914 0.0766285 
1.14066e-05 0.000450661 0.00126958 0.00589276 0.0144595 0.0470113 0.342818 0.475156 0.106684 0.00624744 
8.64185e-10 3.73398e-08 4.22672e-07 1.22521e-05 1.1814e-05 0.000201234 0.00144973 0.00223073 0.00966238 0.986431 
4.17849e-07 2.17365e-05 0.000468127 0.0044647 0.158509 0.0827256 0.600681 0.0782676 0.0510498 0.0238121 
1.3671e-08 6.3568e-07 5.31154e-06 0.000116068 0.000548294 0.00138495 0.00861295 0.0189985 0.0652757 0.905058 
1.5373e-09 3.60144e-08 5.67395e-07 9.38959e-07 7.44816e-06 9.52401e-05 0.00147937 0.00979382 0.0512181 0.937405 
2.301e-07 1.13581e-05 0.000237842 0.00597788 0.596445 0.100406 0.0903358 0.0924032 0.0751136 0.0390685 
3.00157e-10 1.88916e-08 1.50182e-07 9.64161e-06 2.9934e-06 9.13162e-06 9.49541e-05 0.000120008 0.00280434 0.996959 
4.11604e-07 1.41625e-05 0.000181608 0.000710631 0.00321254 0.0104501 0.0293183 0.0534889 0.448797 0.453826 
1.2091e-10 2.74633e-09 3.83181e-08 3.51443e-08 6.31952e-08 3.9466e-06 5.59754e-05 0.00127876 0.00998044 0.988681 
2.0897e-10 1.03077e-08 1.04182e-07 4.24246e-06 2.24877e-06 3.26277e-05 0.000157051 0.000322481 0.00336243 0.996119 
1.85794e-07 4.37035e-06 6.15343e-05 0.000170504 0.000335558 0.00184509 0.0132417 0.0380251 0.0956279 0.850688 
1.10193e-06 4.70207e-05 0.000740407 0.00450588 0.0245596 0.0621217 0.100726 0.406654 0.361305 0.0393399 
1.11451e-10 2.52938e-09 3.52671e-08 3.17038e-08 7.5084e-08 4.49894e-06 7.97281e-05 0.00263853 0.0171878 0.980089 
4.65359e-11 1.05795e-09 1.47857e-08 1.76418e-08 1.36374e-07 7.27144e-06 0.000209574 0.00380229 0.921146 0.0748342 
4.16818e-07 1.94986e-05 0.000422298 0.00181321 0.0100828 0.0574474 0.719582 0.106244 0.0690974 0.0352909 
6.80676e-08 1.54433e-06 2.1522e-05 1.80628e-05 3.21447e-06 4.37563e-05 0.00206804 0.0184963 0.0603047 0.919043 
3.34153e-08 1.49443e-06 1.23417e-05 0.000161112 0.00122055 0.00283761 0.0112598 0.0387854 0.826169 0.119553 
1.89489e-11 4.29936e-10 5.99195e-09 5.06284e-09 2.86022e-09 2.02009e-07 9.15973e-05 0.00129625 0.0195683 0.979044 
5.52899e-10 1.55377e-08 2.46055e-07 1.08576e-06 1.22348e-05 0.000120015 0.000973514 0.00258747 0.00957974 0.986726 
1.18377e-08 5.38958e-07 7.55938e-06 0.000120042 0.000234689 0.000968771 0.00805197 0.0227965 0.0844554 0.883365 
3.77389e-09 1.41158e-07 2.23684e-06 6.16223e-05 0.000349648 0.00106758 0.00453962 0.0155151 0.0530227 0.925441 
7.73906e-06 0.000356322 0.00225588 0.00593312 0.0306413 0.6805 0.124802 0.0880217 0.0500153 0.0174661 
1.50331e-07 3.66687e-06 6.48124e-05 9.72215e-05 0.000465676 0.00675798 0.401388 0.423103 0.091873 0.076247 
1.42121e-07 3.38423e-06 5.85292e-05 0.000113456 0.000517657 0.00260246 0.0236444 0.828973 0.0916245 0.0524628 
4.68746e-08 2.40291e-06 4.47285e-05 0.000876672 0.00886062 0.145949 0.404246 0.310536 0.08264 0.0468448 
1.06823e-09 2.84805e-08 4.89893e-07 1.8571e-06 5.62053e-05 0.000105381 0.00190152 0.00750187 0.0416287 0.948804 
5.56751e-05 0.00205598 0.0119382 0.036026 0.706586 0.139166 0.0717575 0.0240014 0.00716653 0.00124657 
9.63627e-10 2.22892e-08 3.30127e-07 5.22351e-07 4.05403e-06 4.15807e-05 0.000938725 0.0134785 0.0619766 0.92356 
3.38559e-11 8.28361e-10 1.54047e-08 2.91562e-08 3.18434e-07 3.27396e-06 7.27447e-05 0.000169993 0.00145961 0.998294 
3.75211e-10 8.8747e-09 1.34086e-07 2.55684e-07 7.7088e-06 3.03448e-05 0.000861434 0.0152996 0.757871 0.225929 
4.59593e-32 2.75581e-29 7.97877e-26 4.06994e-22 1.20356e-18 3.17226e-15 3.01274e-11 2.82849e-08 0.000539702 0.99946 
2.40129e-08 1.05814e-06 8.51037e-06 7.80454e-05 0.000759308 0.0018528 0.00917449 0.0298579 0.0879184 0.87035 
1.32835e-07 4.64186e-06 7.10375e-05 0.000325406 0.00197662 0.00870632 0.070889 0.735628 0.139477 0.0429215 
4.07869e-05 0.00128134 0.00412771 0.0176579 0.032574 0.0921903 0.719755 0.0866789 0.0351547 0.0105392 
1.58768e-07 3.60944e-06 5.04339e-05 4.66011e-05 0.00010386 0.00272971 0.027118 0.814362 0.0887688 0.0668171 
5.42041e-09 2.32193e-07 2.54265e-06 7.50849e-05 0.000221664 0.000696716 0.0068199 0.0150058 0.859173 0.118005 
7.88217e-05 0.00304494 0.0187088 0.0582888 0.693866 0.147086 0.060337 0.0153165 0.002254 0.00101858 
2.77802e-08 1.24258e-06 1.00043e-05 0.000100134 0.00116891 0.00246684 0.0113459 0.035382 0.0853119 0.864213 
9.06557e-07 3.36118e-05 0.000284363 0.001908 0.0153385 0.0296627 0.0322467 0.0234199 0.0273093 0.869796 
3.99478e-07 1.37698e-05 0.000205638 0.00136117 0.00872309 0.0488567 0.71002 0.118194 0.0795069 0.0331183 
0.000191879 0.00419014 0.0217733 0.0817937 0.698623 0.130156 0.0463335 0.012129 0.00317144 0.00163856 
2.02472e-11 4.60632e-10 6.44837e-09 9.51245e-09 1.23765e-07 7.7623e-06 0.000147824 0.00214215 0.0212805 0.976422 
6.88047e-10 1.5692e-08 2.22432e-07 2.34736e-07 9.54067e-07 1.5715e-05 0.000342357 0.00429764 0.0274781 0.967865 
1.50738e-08 4.21074e-07 5.03832e-06 4.78074e-05 0.000169889 0.000484664 0.0061906 0.11376 0.802046 0.0772956 
1.12997e-06 4.2179e-05 0.00042325 0.00330713 0.0196559 0.0463618 0.0540504 0.0375815 0.0484644 0.790112 
9.95911e-05 0.00390313 0.0219931 0.0503563 0.131005 0.711445 0.0600727 0.013841 0.00485703 0.00242764 
3.32284e-23 4.40987e-21 1.98586e-18 7.73216e-16 3.94612e-13 2.55204e-10 3.28817e-06 6.9436e-05 0.00303863 0.996889 
3.4899e-08 1.5537e-06 1.98988e-05 0.000185302 0.00122691 0.00391895 0.0161442 0.0532631 0.112082 0.813158 
3.07566e-08 9.17609e-07 1.16334e-05 8.03832e-05 0.000356087 0.00106206 0.00922661 0.024049 0.0741093 0.891104 
3.40332e-09 9.99467e-08 1.56599e-06 1.75205e-05 0.000272701 0.000387461 0.00524539 0.0195734 0.0801574 0.894345 
1.60533e-19 2.02674e-17 4.61309e-15 7.84912e-13 1.65829e-10 3.44386e-08 4.8284e-05 0.000601945 0.00812371 0.991226 
2.19684e-07 5.28772e-06 9.44796e-05 0.000126146 0.000315867 0.00388526 0.0301705 0.813269 0.0947172 0.0574164 
4.49336e-08 1.88169e-06 1.38618e-05 0.000235514 0.00137895 0.00332417 0.0141269 0.0343328 0.0725259 0.87406 
2.39462e-08 1.20375e-06 3.08289e-05 0.000252066 0.00159016 0.0114165 0.388658 0.0901485 0.442076 0.065827 
4.78469e-12 1.08624e-10 1.51482e-09 1.34441e-09 1.91596e-09 1.31712e-07 1.20425e-05 0.000363548 0.00596412 0.99366 
3.81136e-07 1.66518e-05 0.000184252 0.00134803 0.00623468 0.0274732 0.744507 0.110529 0.0783037 0.0314039 
8.29003e-11 1.88402e-09 2.63739e-08 2.62661e-08 1.04398e-07 3.26033e-06 0.000118902 0.00151624 0.0192072 0.979154 
2.06678e-08 7.94223e-07 3.29191e-05 6.40508e-05 0.000713431 0.00465485 0.0251394 0.775475 0.127352 0.0665681 
1.34315e-07 3.2603e-06 4.44947e-05 0.000132595 0.000654029 0.00117257 0.0129174 0.757082 0.12254 0.105454 
5.52915e-08 2.24561e-06 2.38795e-05 0.00016798 0.00177538 0.00412099 0.0110951 0.0276674 0.0611797 0.893967 
1.95358e-06 7.25901e-05 0.00163643 0.00334791 0.0200408 0.056451 0.723777 0.106417 0.0668972 0.0213588 
2.50334e-09 1.17696e-07 1.19427e-06 4.34687e-05 2.67176e-05 0.000257945 0.00246781 0.00642406 0.0295805 0.961198 
2.43601e-07 1.21747e-05 0.00023388 0.00202764 0.0105677 0.0441481 0.0951412 0.735903 0.0765486 0.035417 
8.65269e-08 2.12174e-06 3.37522e-05 7.31286e-05 0.000308104 0.00136301 0.0094696 0.0310297 0.663329 0.294391 
5.5062e-06 0.000197898 0.000406875 0.00299431 0.00991637 0.0316802 0.717867 0.117674 0.0870371 0.0322201 
1.82054e-07 5.12204e-06 8.55057e-05 0.000251795 0.0011532 0.00515422 0.0248865 0.64001 0.2673 0.0611526 
5.55744e-11 1.26332e-09 1.76503e-08 2.01687e-08 1.29902e-07 5.86596e-06 0.000113031 0.00112147 0.0107824 0.987977 
3.02236e-21 3.73256e-19 1.04814e-16 2.59983e-14 1.1655e-11 4.52501e-09 4.88198e-05 0.000396693 0.00832407 0.99123 
8.91096e-10 2.07898e-08 3.08013e-07 5.11825e-07 3.64656e-06 3.4073e-05 0.000567074 0.00461481 0.0204143 0.974365 
8.8499e-08 3.05749e-06 5.91948e-05 0.000205517 0.00138342 0.00442779 0.0187 0.0688625 0.824436 0.0819225 
3.3169e-09 1.57637e-07 1.60702e-06 5.85967e-05 8.57482e-05 0.000438542 0.00365307 0.0115795 0.913836 0.0703463 
6.79184e-08 1.96017e-06 2.12795e-05 8.71797e-05 0.000534817 0.0015872 0.00942677 0.0410853 0.855213 0.0920427 
8.48484e-11 1.92939e-09 2.69584e-08 2.87599e-08 1.53508e-07 1.04475e-05 6.99839e-05 0.00120633 0.00917012 0.989543 
4.98474e-10 1.5326e-08 2.15316e-07 1.3508e-06 4.67829e-06 5.31472e-05 0.000914757 0.00271472 0.0168826 0.979428 
1.36763e-09 3.21864e-08 5.15911e-07 1.79467e-06 8.43989e-06 9.40828e-05 0.00428383 0.854981 0.0722079 0.0684226 
9.68668e-08 2.73757e-06 5.81458e-05 0.00021989 0.000922796 0.00310328 0.0154577 0.0410482 0.0778923 0.861295 
5.11111e-09 3.154e-07 1.94683e-05 5.57585e-05 0.000351815 0.00137405 0.00502914 0.0175737 0.90922 0.066376 
0.000676189 0.0208626 0.643215 0.147216 0.0944593 0.0628341 0.0252278 0.00493247 0.000309862 0.000266485 
8.27257e-05 0.00277701 0.0162419 0.449411 0.297235 0.1957 0.0286407 0.00680561 0.00203541 0.00107043 
1.48856e-08 5.76287e-07 1.46864e-05 0.000105326 0.000569622 0.00470914 0.110144 0.589628 0.257306 0.0375226 
2.07075e-06 7.69651e-05 0.000229211 0.00177997 0.00898681 0.181918 0.0743228 0.432514 0.269405 0.0307648 
7.21446e-06 0.000263241 0.000838795 0.0085006 0.0479549 0.678464 0.138812 0.0758534 0.0347359 0.0145692 
4.39167e-14 3.78103e-12 1.18688e-10 9.97269e-09 4.7801e-07 3.45966e-05 0.00324149 0.0329196 0.930421 0.0333833 
2.86703e-09 8.77443e-08 1.28817e-06 6.90942e-06 0.000142267 0.000542989 0.005726 0.0166002 0.866844 0.110136 
7.32262e-08 2.99478e-06 3.9866e-05 0.000156868 0.00119013 0.00239085 0.0114394 0.0473972 0.853768 0.0836147 
9.84094e-08 4.57792e-06 7.1302e-05 0.00042903 0.00186445 0.00732698 0.0241064 0.067494 0.807775 0.090928 
8.10318e-07 2.97971e-05 0.00027823 0.00196253 0.0145934 0.0395131 0.0999815 0.134338 0.677564 0.0317388 
3.82613e-08 8.84658e-07 1.2269e-05 1.96236e-05 0.00010758 0.000192936 0.00261854 0.00958569 0.0427866 0.944676 
9.56586e-24 1.25397e-21 5.46237e-19 1.98163e-16 9.49975e-14 1.33998e-10 1.92789e-06 3.20568e-06 0.00100148 0.998993 
8.57198e-06 0.000338166 0.00199748 0.00707117 0.016722 0.0374164 0.06205 0.0887146 0.108075 0.677606 
6.75928e-08 3.55464e-06 6.03663e-05 0.00119828 0.00609509 0.0359222 0.710908 0.125378 0.0829651 0.0374697 
9.82994e-10 2.78455e-08 4.61859e-07 1.86499e-06 1.32843e-05 0.000170797 0.00161371 0.00407199 0.0189987 0.975129 
2.17657e-08 8.92725e-07 1.37288e-05 8.71694e-05 0.000725916 0.0286057 0.0630972 0.75344 0.0735195 0.0805103 
3.64172e-11 9.44662e-10 1.47956e-08 3.95318e-08 3.10978e-07 4.55252e-06 9.94078e-05 0.000191831 0.000868539 0.998835 
2.42938e-07 8.63614e-06 0.000141778 0.000660153 0.0027865 0.00833581 0.0293588 0.0647953 0.0960423 0.79787 
1.6502e-05 0.00082691 0.00532858 0.0252792 0.0954722 0.692338 0.0945194 0.0451379 0.0239437 0.0171377 
5.73469e-09 2.58019e-07 3.39822e-06 9.42303e-05 0.000237659 0.000565046 0.00522712 0.017243 0.0663701 0.910259 
3.65987e-08 8.65767e-07 1.45191e-05 2.53007e-05 0.000307728 0.00180315 0.0689482 0.023676 0.585325 0.319899 
3.36572e-07 1.54879e-05 0.000180083 0.000943153 0.00520908 0.0138724 0.0344092 0.0824835 0.147018 0.715869 
6.30827e-09 2.55503e-07 3.72467e-06 0.000114638 0.000410769 0.00143985 0.00755194 0.0343667 0.0926313 0.863481 
6.02446e-10 1.55467e-08 2.32245e-07 1.12829e-06 6.50144e-05 6.87222e-05 0.000923231 0.00830535 0.0466203 0.944016 
1.22681e-08 6.59139e-07 1.31852e-05 0.000518764 0.00282077 0.0159265 0.658725 0.178508 0.0900843 0.0534035 
1.18747e-07 2.75314e-06 3.81569e-05 6.69132e-05 0.00032127 0.000756898 0.00862928 0.0341314 0.85408 0.101973 
9.66269e-08 2.27644e-06 3.78457e-05 5.32213e-05 0.000156412 0.00169341 0.0171881 0.84671 0.0769164 0.057242 
2.01286e-07 4.91243e-06 7.80047e-05 0.000214727 0.000528858 0.0114981 0.685498 0.0956118 0.111848 0.0947176 
8.44399e-09 3.15696e-07 2.67611e-06 4.67246e-05 0.000114942 0.000647796 0.0049715 0.0172847 0.850586 0.126345 
5.93464e-07 2.15012e-05 0.000268438 0.0015149 0.00952534 0.0321814 0.259141 0.304626 0.0819783 0.310743 
8.30223e-07 3.77006e-05 0.000630699 0.00388266 0.0146146 0.0399555 0.6032 0.16311 0.147948 0.0266204 
1.17041e-10 3.06469e-09 5.8259e-08 3.90297e-07 3.08073e-06 5.99022e-05 0.000350376 0.00230311 0.0223149 0.974968 
8.79032e-09 3.29323e-07 3.23364e-06 3.21132e-05 0.000229845 0.00114888 0.00779175 0.0293906 0.84019 0.121213 
5.51124e-10 1.562e-08 2.59294e-07 1.75463e-06 9.58721e-05 8.33398e-05 0.000809361 0.00607168 0.0391817 0.953756 
1.65248e-25 4.62618e-23 5.42116e-20 5.4705e-17 6.15057e-14 3.93562e-11 1.54533e-07 7.6438e-05 0.00278723 0.997136 
5.18771e-09 1.23212e-07 2.14352e-06 2.10506e-06 4.10095e-06 2.60112e-05 0.000320516 0.00209987 0.0146056 0.982939 
6.97503e-10 1.97455e-08 2.55385e-07 9.62838e-07 9.01009e-06 0.000130679 0.00485209 0.0495576 0.901056 0.0443933 
6.6349e-09 3.01276e-07 2.47342e-06 1.29359e-05 0.000289443 0.000431843 0.00341551 0.00692124 0.018915 0.970011 
3.06161e-14 1.87307e-12 4.32089e-11 2.33246e-09 3.54178e-08 5.53747e-07 1.76335e-05 6.4099e-05 0.00103108 0.998887 
9.91522e-08 3.86992e-06 6.00189e-05 0.000477013 0.00158525 0.00928759 0.137505 0.164237 0.488168 0.198676 
5.33253e-09 2.33975e-07 2.44101e-06 7.99061e-05 6.41116e-05 0.000573452 0.00532037 0.775557 0.101065 0.117337 
1.30579e-09 7.77472e-08 6.47662e-07 3.82277e-05 1.36237e-05 5.52503e-05 0.000622567 0.0028522 0.0265002 0.969917 
9.74585e-06 0.00035114 0.000779145 0.00773578 0.0440344 0.119715 0.676501 0.0814166 0.0412113 0.0282461 
1.59875e-09 4.33853e-08 6.39083e-07 5.12287e-06 2.29285e-05 0.000108322 0.00166543 0.00902828 0.0457483 0.943421 
1.19242e-08 5.29658e-07 1.94035e-05 4.53967e-05 0.000440425 0.00112877 0.00812171 0.0218802 0.0740485 0.894315 
3.00256e-07 1.02876e-05 0.000208044 0.000556768 0.00354676 0.0121865 0.0489121 0.728709 0.139301 0.0665694 
2.70572e-08 1.24194e-06 1.02846e-05 0.00015845 0.00117988 0.00220049 0.0141058 0.0551615 0.838131 0.0890513 
1.47793e-09 5.93001e-08 2.51294e-06 3.71287e-06 1.72807e-05 0.000126597 0.00139829 0.0150526 0.89215 0.0912489 
5.36146e-08 2.80918e-06 5.98055e-05 0.000317836 0.00117982 0.00549773 0.0191269 0.0476932 0.805004 0.121118 
1.18723e-06 4.18245e-05 0.000674019 0.00244589 0.0188071 0.0424541 0.0553658 0.0675865 0.757773 0.0548501 
2.85158e-08 1.64941e-06 3.37526e-05 0.00159949 0.019561 0.690859 0.114609 0.0827187 0.0545361 0.0360814 
3.0875e-07 1.25803e-05 0.000169278 0.00101479 0.00308465 0.00884334 0.0293146 0.768222 0.119715 0.0696238 
9.98894e-08 2.68681e-06 6.0811e-05 0.000101898 0.000917666 0.00442604 0.0237155 0.0684679 0.805462 0.0968449 
3.09666e-11 7.0286e-10 9.80553e-09 8.76222e-09 1.98227e-08 1.16044e-06 6.2691e-05 0.000942863 0.0127464 0.986247 
2.51915e-08 7.22549e-07 1.53905e-05 6.59645e-05 0.00030276 0.00135705 0.00799479 0.0213364 0.210008 0.758919 
1.98325e-07 4.99539e-06 7.66096e-05 0.000165489 0.000876587 0.00361114 0.0174959 0.0573919 0.813946 0.106431 
6.32e-10 1.4407e-08 2.02981e-07 2.21441e-07 1.74187e-06 2.33601e-05 0.00060696 0.00534994 0.0307505 0.963267 
4.58184e-08 1.89368e-06 1.25273e-05 0.000114535 0.00138213 0.00343595 0.013587 0.0397106 0.0941247 0.847631 
2.22599e-06 0.000126995 0.00264967 0.0175281 0.661096 0.112759 0.107149 0.0605762 0.0307696 0.00734378 
0.00107248 0.0185892 0.102384 0.531167 0.268909 0.0515836 0.0168381 0.00759495 0.00153371 0.000328609 
9.82201e-07 3.64168e-05 0.000359123 0.00267794 0.0190589 0.0462286 0.0614476 0.077122 0.743957 0.0491117 
1.02307e-42 4.47249e-38 4.85502e-33 1.98317e-28 2.07488e-23 1.46516e-18 2.73746e-13 5.48785e-09 0.000311997 0.999688 
3.82577e-10 9.06934e-09 1.39535e-07 3.43337e-07 3.62942e-06 6.40608e-05 0.00115297 0.842405 0.0865785 0.0697954 
2.39475e-10 7.14723e-09 1.12175e-07 7.80966e-07 3.34009e-06 4.66847e-05 0.000606936 0.00258657 0.0140796 0.982676 
3.70823e-10 1.01794e-08 1.45433e-07 1.11151e-06 2.75966e-06 5.24528e-05 0.000523756 0.00335588 0.0222956 0.973768 
1.9132e-07 4.67243e-06 8.31218e-05 0.000141633 0.000166357 0.00169734 0.0126869 0.046512 0.848911 0.0897968 
1.81005e-07 4.10671e-06 5.72313e-05 4.80295e-05 8.25574e-06 0.000127795 0.00288382 0.0154228 0.903039 0.0784085 
2.03619e-07 5.46891e-06 7.60499e-05 0.000724355 0.00195145 0.00918606 0.0353722 0.0842383 0.788215 0.0802308 
9.02649e-08 2.13874e-06 2.93096e-05 8.50542e-05 0.000265258 0.000751989 0.00860933 0.0225136 0.0735011 0.894242 
4.87457e-08 1.16612e-06 1.65454e-05 5.33289e-05 0.000178629 0.00158619 0.00968956 0.0295662 0.0865475 0.872361 
2.11556e-07 5.76477e-06 0.000100206 0.000226205 0.00147656 0.00527421 0.0226933 0.748877 0.137125 0.0842216 
7.73997e-08 1.75614e-06 2.44767e-05 2.0597e-05 5.74571e-06 0.000243181 0.00492226 0.655581 0.167492 0.171709 
4.3173e-09 1.56268e-07 2.80114e-06 6.29529e-05 0.000233707 0.000970716 0.00563397 0.0165251 0.486515 0.490056 
7.31625e-08 3.25548e-06 4.57792e-05 0.000715923 0.00440754 0.0313095 0.404844 0.458825 0.0714239 0.0284252 
1.43163e-07 3.25869e-06 4.56212e-05 4.60962e-05 0.00043732 0.00382235 0.0255406 0.815632 0.0970524 0.0574199 
1.35509e-07 3.34158e-06 4.34005e-05 0.000115292 0.00040187 0.00135993 0.00934225 0.0246909 0.0774932 0.88655 
6.34626e-08 1.9822e-06 3.0936e-05 0.000197439 0.00136911 0.00614901 0.0276107 0.50745 0.225771 0.23142 
8.91891e-06 0.000412098 0.00345978 0.00947852 0.0196162 0.0390134 0.0752776 0.74714 0.0821555 0.0234383 
2.92915e-07 1.6155e-05 0.000236504 0.00475643 0.0368188 0.640189 0.120594 0.0995935 0.0661434 0.0316518 
7.71532e-07 3.01664e-05 0.000293171 0.0020985 0.0123707 0.0296874 0.0393913 0.713576 0.129995 0.0725567 
4.57513e-05 0.0016164 0.00676193 0.0160525 0.0325129 0.0485479 0.066873 0.574171 0.229742 0.0236768 
3.7822e-08 1.0992e-06 1.30709e-05 0.000131487 0.000354761 0.0008818 0.00901103 0.0446018 0.857904 0.0871006 
3.74197e-07 1.47912e-05 0.000160384 0.00147923 0.00701431 0.0421421 0.738391 0.100454 0.0739839 0.0363605 
7.19133e-09 4.38426e-07 2.21167e-05 6.00248e-05 0.000331905 0.00110211 0.00866545 0.0385689 0.837729 0.11352 
5.70265e-09 4.7697e-07 3.35117e-05 5.09842e-05 0.000182181 0.00117834 0.00478521 0.019765 0.0661716 0.907833 
0.000110432 0.00438958 0.0222059 0.0404853 0.101567 0.139316 0.643908 0.0351329 0.00998058 0.00290511 
1.13115e-06 3.89898e-05 0.000422985 0.00272155 0.0185475 0.0434577 0.0526567 0.0569714 0.0821567 0.743025 
2.912e-07 9.70417e-06 0.000163524 0.000551644 0.00282292 0.0102969 0.0336427 0.0927186 0.783404 0.0763898 
0.000116245 0.00356827 0.0386965 0.0802306 0.412877 0.187625 0.142305 0.105176 0.0265122 0.00289241 
6.92699e-10 1.63308e-08 2.58063e-07 4.24514e-07 8.46705e-06 4.23123e-05 0.000754894 0.00665106 0.0415533 0.950989 
1.20175e-07 5.05328e-06 7.80134e-05 0.000740386 0.00559217 0.0263733 0.0857488 0.720634 0.106345 0.0544829 
8.92154e-06 0.000321642 0.00214037 0.00630163 0.0334845 0.0812211 0.108872 0.673438 0.0741471 0.0200642 
8.54406e-06 0.000309903 0.000562027 0.00539172 0.0403879 0.68596 0.116774 0.078654 0.0495194 0.0224327 
1.64055e-08 7.8689e-07 1.65777e-05 0.00011651 0.000598935 0.00259517 0.01059 0.039174 0.846027 0.100881 
4.7324e-09 1.90991e-07 2.16564e-06 5.75876e-05 0.000225495 0.000563745 0.00584141 0.0157822 0.455543 0.521985 
4.63514e-07 1.88385e-05 0.00031609 0.00105717 0.00446 0.0143841 0.0397551 0.235753 0.663697 0.0405579 
3.37107e-08 1.52294e-06 1.21093e-05 0.000136313 0.00140554 0.00246305 0.0121017 0.035102 0.0756457 0.873132 
5.78673e-08 1.3202e-06 1.85118e-05 1.93414e-05 0.000214476 0.000423547 0.00442877 0.0182238 0.469913 0.506757 
6.16532e-08 1.43228e-06 2.08943e-05 6.58548e-05 0.000547352 0.00652329 0.0336695 0.0866897 0.822344 0.0501375 
2.14194e-07 9.03297e-06 0.000141859 0.00188565 0.00742717 0.139412 0.0786536 0.639544 0.0937937 0.0391326 
1.25138e-10 2.84114e-09 3.96242e-08 3.61735e-08 8.65391e-08 2.09025e-06 9.55529e-05 0.000893507 0.00799178 0.991017 
3.88686e-05 0.00163141 0.0148557 0.0786352 0.537752 0.254724 0.092848 0.0126385 0.00477943 0.00209676 
1.32373e-09 4.16578e-08 5.26423e-07 5.14672e-06 1.31029e-05 8.14475e-05 0.00147792 0.00239127 0.0119555 0.984075 
4.09094e-10 9.32171e-09 1.30828e-07 1.55788e-07 8.95918e-07 2.21454e-05 0.0010663 0.0119744 0.0498963 0.93704 
2.11807e-21 2.76751e-19 5.98494e-17 1.04784e-14 2.18155e-12 4.38491e-10 2.6674e-07 0.00010703 0.00380597 0.996087 
6.67713e-10 1.53518e-08 2.22686e-07 3.14164e-07 1.97836e-06 3.84769e-05 0.000658657 0.00599279 0.040594 0.952714 
8.26771e-06 0.000387656 0.00246575 0.00824983 0.0324337 0.183767 0.678537 0.0518767 0.0276039 0.0146695 
7.45172e-07 2.62559e-05 0.000332177 0.00231407 0.016219 0.0395144 0.0522405 0.267587 0.558215 0.0635501 
4.74539e-09 2.06216e-07 2.32503e-06 7.12418e-05 0.000320004 0.000538475 0.00606304 0.0159647 0.868217 0.108823 
2.98919e-08 1.22565e-06 2.8754e-05 0.000115828 0.00112017 0.00805955 0.0383133 0.088824 0.788912 0.0746249 
5.94429e-06 0.000406012 0.00513097 0.0101846 0.0423398 0.169735 0.0876056 0.545563 0.119191 0.0198381 
5.83207e-09 1.34372e-07 1.93785e-06 3.09173e-06 4.1004e-05 0.000133135 0.00169118 0.00876318 0.0367693 0.952597 
1.42067e-07 4.9502e-06 7.0255e-05 0.000235329 0.00102354 0.00270471 0.013263 0.153658 0.231066 0.597974 
9.82713e-06 0.000366076 0.00155649 0.00730536 0.0337402 0.0863798 0.112818 0.657395 0.0793226 0.021107 
2.60327e-07 1.0818e-05 0.000128929 0.000735664 0.00292052 0.00877803 0.0232333 0.0492887 0.0927359 0.822168 
1.49735e-10 4.24811e-09 6.44217e-08 4.53343e-07 3.052e-05 1.02498e-05 0.000158663 0.00101529 0.00874001 0.990045 
8.03036e-10 1.92141e-08 2.9567e-07 8.25028e-07 2.24739e-05 7.24002e-05 0.00119385 0.00692955 0.0429658 0.948815 
9.7345e-05 0.00449861 0.0581923 0.436527 0.283262 0.144035 0.0471355 0.0166964 0.00650682 0.00304884 
0.000891788 0.0199719 0.331105 0.370137 0.198837 0.0743469 0.00406439 0.000630281 1.51544e-05 1.14389e-06 
6.71643e-24 1.70865e-21 1.77324e-18 1.00139e-15 5.80125e-13 3.25997e-10 3.35151e-06 7.7936e-05 0.00218972 0.997729 
1.15194e-09 2.73561e-08 4.35402e-07 1.11606e-06 1.58159e-05 0.000114815 0.00142216 0.00876307 0.0481317 0.941551 
0.00258847 0.0392479 0.26274 0.616436 0.0574561 0.0155432 0.00495114 0.000922073 9.3205e-05 2.16952e-05 
1.24585e-07 2.90308e-06 4.47156e-05 4.94757e-05 0.000281777 0.00157717 0.0129556 0.292972 0.611156 0.0809604 
4.78833e-08 1.41465e-06 3.67936e-05 0.000121119 0.000582239 0.0047169 0.0368403 0.772368 0.105231 0.0801022 
2.38545e-08 5.41285e-07 7.54698e-06 6.37509e-06 2.16301e-06 6.1e-05 0.00361204 0.034645 0.918626 0.0430396 
3.32769e-06 0.000118411 0.000267451 0.00108799 0.00768335 0.022482 0.0437709 0.0653936 0.0820715 0.777121 
1.18663e-11 2.70471e-10 3.79879e-09 7.41041e-09 1.26614e-07 7.90774e-06 9.27664e-05 0.000948439 0.0122164 0.986734 
9.39371e-06 0.000362054 0.00220711 0.00974415 0.0517165 0.695477 0.128397 0.0690713 0.032668 0.0103469 
3.29393e-13 9.92303e-12 1.89804e-10 7.44332e-09 2.02258e-07 1.21151e-05 0.000381506 0.0100906 0.937834 0.0516811 
1.52159e-06 5.42138e-05 0.000561034 0.00421902 0.0245492 0.0569841 0.0697875 0.0660702 0.7259 0.0518731 
9.14275e-10 3.18885e-08 4.56136e-07 3.14227e-06 2.00224e-05 0.000178774 0.000987329 0.00321289 0.0253422 0.970255 
1.14039e-08 4.9047e-07 4.60314e-06 4.5856e-05 0.000610622 0.000887821 0.00425646 0.0124113 0.0363816 0.945401 
0.000800376 0.015236 0.0905233 0.619296 0.0811427 0.062396 0.0531415 0.0359691 0.0256404 0.015855 
1.01494e-09 2.37355e-08 3.75413e-07 5.41281e-07 4.5032e-06 7.06754e-05 0.00149467 0.0148289 0.0617493 0.921851 
1.00993e-06 3.80316e-05 0.000668209 0.00163367 0.00764057 0.0164328 0.0388285 0.753365 0.116972 0.0644202 
2.12979e-07 7.50353e-06 0.00012526 0.000438141 0.00224404 0.0140282 0.764176 0.0886035 0.0769277 0.0534494 
2.0037e-07 8.37419e-06 0.000151952 0.000575246 0.00365944 0.00804048 0.0220564 0.0580433 0.0954484 0.812016 
2.0969e-08 8.94815e-07 3.15169e-05 0.000176831 0.000766647 0.00744029 0.0331432 0.0838705 0.804289 0.0702808 
4.87514e-05 0.00177659 0.00947282 0.0222211 0.0456486 0.724063 0.119992 0.0580655 0.0163138 0.00239842 
1.49545e-07 4.06216e-06 7.65215e-05 0.000225962 0.000918689 0.00340901 0.0187766 0.0661436 0.830793 0.0796523 
1.32698e-07 3.40587e-06 5.83346e-05 9.40724e-05 0.000387883 0.0021805 0.0129477 0.340373 0.107247 0.536707 
2.83397e-05 0.00111363 0.0105377 0.0300573 0.039133 0.0584684 0.0850025 0.720298 0.049634 0.00572748 
2.91361e-10 6.62497e-09 9.26026e-08 1.11611e-07 9.40206e-07 5.85541e-05 0.00118138 0.841406 0.078798 0.078555 
1.52486e-06 6.04448e-05 0.00117613 0.0039986 0.0234046 0.0558843 0.185396 0.676452 0.0446533 0.00897328 
6.11685e-06 0.000220899 0.000476786 0.00298304 0.0113723 0.0414372 0.223819 0.626372 0.0676451 0.0256674 
9.00452e-09 3.64983e-07 2.79406e-06 9.17467e-05 0.000224004 0.0005647 0.00677729 0.0128123 0.0401607 0.939366 
0.00081471 0.0174073 0.100933 0.769155 0.075505 0.0265292 0.00717988 0.00234747 0.000121487 6.62399e-06 
7.54852e-06 0.000271133 0.000716235 0.00544561 0.0296565 0.0898634 0.131323 0.669486 0.0540985 0.0191315 
1.98738e-09 5.79957e-08 7.25832e-07 8.30466e-06 5.4934e-05 0.000174544 0.00330879 0.0271665 0.883069 0.0862172 
2.40716e-08 5.524e-07 7.81644e-06 9.56834e-06 0.000167818 0.000224631 0.006989 0.0487576 0.8738 0.0700426 
2.17996e-07 5.83126e-06 7.05668e-05 0.000161858 0.00125274 0.00382059 0.016485 0.0521746 0.117579 0.808449 
2.59564e-09 1.23886e-07 1.22355e-06 4.96744e-05 4.78324e-05 0.000166153 0.00256034 0.0104888 0.909804 0.0768819 
1.02841e-07 2.43571e-06 3.31514e-05 0.000100236 6.65984e-05 0.00187323 0.0131665 0.0551262 0.856513 0.0731184 
3.6062e-09 1.26794e-07 1.62625e-06 3.01602e-05 0.00013255 0.00042554 0.00499709 0.0135795 0.0613119 0.919522 
1.20787e-05 0.000473432 0.00225928 0.00868568 0.0193063 0.0304352 0.0562474 0.0717844 0.0861467 0.72465 
7.74919e-05 0.00314332 0.0232752 0.0458686 0.114429 0.526576 0.231524 0.0477906 0.00564066 0.00167548 
8.43692e-07 3.33175e-05 0.000335019 0.00289098 0.0181616 0.0607878 0.111309 0.70874 0.0732558 0.024485 
9.57125e-07 3.65402e-05 0.000773127 0.00191487 0.0155147 0.0417077 0.0794545 0.740176 0.0898811 0.0305409 
2.18075e-07 7.68704e-06 0.000121433 0.000470435 0.00261543 0.00789095 0.0279677 0.0691313 0.104881 0.786913 
2.1299e-07 5.86877e-06 0.000103548 0.000263686 0.00192199 0.00715714 0.0274217 0.0617773 0.105412 0.795936 
1.0201e-06 3.92111e-05 0.00124321 0.00113421 0.00463697 0.0121364 0.0435065 0.792621 0.090118 0.0545636 
2.9439e-11 6.76934e-10 9.61353e-09 3.33117e-08 6.88173e-07 3.80509e-05 0.000836689 0.0200548 0.919466 0.0596035 
8.30688e-05 0.00245182 0.0192218 0.567792 0.158455 0.121375 0.072662 0.032095 0.0189966 0.00686824 
7.15482e-08 1.74673e-06 3.19588e-05 4.18639e-05 0.000327223 0.00337898 0.0213448 0.502332 0.330372 0.14217 
7.5614e-09 2.96154e-07 4.66207e-06 0.000132521 0.000233749 0.00203147 0.0102178 0.0396792 0.108458 0.839242 
8.48826e-07 3.07033e-05 5.7383e-05 0.000792054 0.00513272 0.0294059 0.0984991 0.717185 0.105734 0.0431616 
4.12527e-10 9.74266e-09 1.4792e-07 3.72885e-07 6.56065e-06 5.18788e-05 0.00068716 0.00481806 0.0294468 0.964989 
5.9749e-08 1.87763e-06 2.01732e-05 0.000128378 0.000819102 0.00225736 0.0130355 0.0508895 0.114077 0.818772 
1.72534e-10 7.07572e-09 1.11022e-07 1.6567e-06 0.000115941 3.30216e-05 0.000194046 0.00106659 0.00272142 0.995867 
4.70069e-10 1.28092e-08 1.96408e-07 6.58799e-07 3.99656e-06 6.50256e-05 0.00131461 0.0164479 0.916992 0.0651757 
9.07099e-08 2.76102e-06 4.82136e-05 0.000318731 0.00161935 0.0232141 0.0905946 0.193947 0.442758 0.247498 
5.59328e-06 0.000220156 0.00147891 0.00365482 0.0174664 0.0443199 0.155455 0.715609 0.0497352 0.0120547 
9.82192e-08 2.345e-06 3.18293e-05 0.000108578 0.000133115 0.000693432 0.0090942 0.0385747 0.854152 0.0972098 
1.70112e-08 7.79222e-07 5.28329e-06 4.55607e-05 0.000307315 0.00154187 0.00700643 0.0182394 0.0521773 0.920676 
2.03426e-07 4.96654e-06 8.07907e-05 0.00019667 0.000331258 0.00247115 0.0169014 0.0607904 0.820139 0.0990841 
2.39528e-11 5.50731e-10 7.84212e-09 2.56237e-08 5.2297e-07 3.1031e-05 0.000266186 0.00254909 0.024827 0.972326 
1.56095e-07 4.11732e-06 6.09721e-05 0.000214025 0.000900133 0.00550093 0.0245906 0.0735657 0.810027 0.0851362 
1.17037e-07 4.63019e-06 7.18819e-05 0.000234267 0.00159351 0.00343819 0.0114872 0.0313668 0.83498 0.116824 
4.42964e-07 1.66807e-05 0.000122457 0.000622778 0.00262905 0.0260979 0.316399 0.190161 0.294153 0.169797 
5.33409e-10 1.75678e-08 2.69674e-07 2.51623e-06 0.000154706 8.34791e-05 0.00105685 0.00197786 0.00738617 0.989338 
2.4821e-05 0.000819148 0.00272045 0.00846714 0.0354547 0.236697 0.603115 0.0745775 0.031704 0.00642092 
1.9344e-07 8.31415e-06 0.000132997 0.000632636 0.00438919 0.0248048 0.576949 0.261479 0.0898808 0.041723 
4.32625e-09 2.07488e-07 2.09933e-06 7.59328e-05 0.000178248 0.000558219 0.00459227 0.00857226 0.0278182 0.958203 
2.89172e-06 0.000103496 0.000305522 0.0030082 0.0525889 0.248682 0.464252 0.164402 0.0460184 0.0206365 
2.92094e-05 0.00171362 0.0123441 0.0665316 0.624565 0.133759 0.0831712 0.0436731 0.0234888 0.0107238 
3.15028e-10 7.22757e-09 1.03868e-07 1.40547e-07 1.37049e-06 2.96148e-05 0.00082684 0.0189444 0.923837 0.056361 
1.49788e-08 3.39866e-07 4.73668e-06 4.01189e-06 1.72987e-06 8.50215e-05 0.00339742 0.860888 0.0818003 0.0538186 
4.42556e-07 2.14569e-05 0.000237306 0.00128811 0.00626722 0.0169907 0.0298956 0.0531205 0.0853966 0.806782 
9.30478e-13 2.3276e-11 4.19419e-10 9.08208e-10 3.03705e-09 1.78355e-08 6.16962e-07 4.69547e-06 0.000212194 0.999782 
5.64035e-09 2.66279e-07 2.69232e-06 0.000101568 9.45195e-05 0.000702331 0.00635964 0.0141209 0.239561 0.739057 
6.49491e-09 2.17913e-07 2.78025e-06 5.53355e-05 0.000288055 0.000835254 0.00680033 0.0235973 0.862334 0.106087 
1.73805e-08 7.45093e-07 7.69471e-06 0.000126608 0.000578581 0.00210872 0.0112915 0.0316773 0.0772578 0.876951 
8.47402e-23 1.22783e-20 6.7977e-18 2.81469e-15 1.3396e-12 1.60261e-09 2.24994e-05 0.000100947 0.00323327 0.996643 
7.35298e-05 0.00304497 0.0151811 0.459989 0.151685 0.296391 0.0504933 0.0137473 0.00718491 0.00220984 
1.08098e-07 3.45925e-06 7.32581e-05 0.000198941 0.00192255 0.0130527 0.359997 0.252013 0.10346 0.269279 
2.94956e-09 1.00722e-07 1.28667e-06 2.2305e-05 0.000231384 0.000309941 0.00358131 0.0136989 0.0612569 0.920898 
5.51791e-10 1.44776e-08 2.49189e-07 1.03543e-06 5.09936e-05 6.24581e-05 0.00104544 0.00549584 0.0362147 0.957129 
0.000100418 0.00604531 0.350274 0.305402 0.179448 0.134112 0.0189759 0.00413729 0.000883467 0.000621915 
2.96773e-08 1.3323e-06 1.08537e-05 9.64856e-05 0.00115426 0.00234116 0.0114073 0.0285651 0.0561515 0.900272 
3.65955e-08 1.62943e-06 1.24216e-05 0.000106251 0.00126766 0.00255631 0.0115667 0.0328402 0.0724091 0.87924 
5.95487e-10 1.50183e-08 2.60264e-07 1.05427e-06 2.57249e-05 0.000102819 0.000867616 0.00609573 0.216503 0.776404 
1.10044e-23 1.76922e-21 3.46393e-19 1.05997e-16 5.41327e-14 7.12685e-11 1.04027e-06 2.34401e-06 0.000429182 0.999567 
4.21269e-23 6.6508e-21 4.22972e-18 2.05435e-15 1.17298e-12 6.56768e-10 7.41163e-06 0.000168159 0.00452286 0.995302 
2.58961e-09 1.08588e-07 4.92136e-06 4.87151e-06 0.000200965 0.000347547 0.00566771 0.0317153 0.0832492 0.878809 
2.57105e-07 1.10006e-05 0.000137483 0.000748289 0.00383399 0.265973 0.0584904 0.440395 0.200128 0.0302818 
1.38261e-07 3.80167e-06 7.89239e-05 0.00016926 0.00065364 0.00394683 0.0153649 0.045233 0.0933869 0.841163 
0.000142324 0.00326124 0.0247737 0.0483762 0.116378 0.142913 0.635867 0.0214188 0.00469324 0.00217691 
3.79159e-07 1.37547e-05 0.000125943 0.000810705 0.00334936 0.00904053 0.0210617 0.0403738 0.0739691 0.851255 
4.43894e-12 1.08004e-10 1.65087e-09 2.18635e-08 5.37717e-07 3.01369e-05 0.000777584 0.883873 0.058161 0.0571578 
3.66354e-08 1.57199e-06 3.89766e-05 0.000221826 0.00205127 0.0125728 0.0532933 0.762376 0.108571 0.0608733 
