2813
2.19071e-10 4.9749e-09 6.94073e-08 6.44753e-08 1.74215e-07 1.00894e-05 0.000566621 0.00469481 0.024319 0.970409 
6.57656e-06 0.000262301 0.00278424 0.00675967 0.0393052 0.265479 0.335773 0.234307 0.0880724 0.0272498 
9.11514e-06 0.00033032 0.000741087 0.00626718 0.0264118 0.081741 0.672933 0.109881 0.0667216 0.0349642 
8.26575e-09 4.84469e-07 6.54469e-06 9.23273e-05 0.000316591 0.000467811 0.00263172 0.00584745 0.0254473 0.96519 
3.03154e-07 1.24286e-05 0.000112135 0.000761753 0.00661188 0.0359681 0.68269 0.108069 0.100309 0.0654657 
1.84374e-07 6.30471e-06 6.67604e-05 0.000299863 0.00210247 0.00724395 0.0240832 0.0588017 0.0995207 0.807875 
4.67799e-06 0.000179924 0.00085672 0.00812534 0.590548 0.13433 0.0967522 0.0675368 0.0609887 0.0406775 
1.16917e-08 4.68738e-07 4.67693e-06 7.14593e-05 0.000268405 0.00106061 0.00726686 0.0192201 0.0657089 0.906398 
3.42946e-07 1.34808e-05 0.000143217 0.000750939 0.00377024 0.0112734 0.0219708 0.0450408 0.0787885 0.838248 
1.53735e-08 8.08734e-07 1.14367e-05 0.00014042 0.000418808 0.0010879 0.00668522 0.0222874 0.0779435 0.891424 
1.77897e-07 5.33199e-06 6.13662e-05 0.000253861 0.00128592 0.00338962 0.0142978 0.0357816 0.0974574 0.847467 
5.08043e-09 2.40291e-07 2.71901e-06 6.94982e-05 0.000203999 0.00052162 0.00496545 0.00950148 0.0390431 0.945692 
1.09419e-07 5.36703e-06 6.20548e-05 0.000308015 0.00179364 0.0045661 0.0146701 0.0351991 0.854593 0.0888027 
1.15973e-19 1.40909e-17 3.47972e-15 5.82224e-13 1.11077e-10 2.75451e-08 6.24244e-05 0.000321364 0.00506021 0.994556 
9.51557e-06 0.000341716 0.000577726 0.00419666 0.0155409 0.0593037 0.244477 0.428422 0.211401 0.0357291 
1.10421e-06 4.28221e-05 0.000504937 0.00306911 0.019251 0.0545108 0.0855251 0.115525 0.674039 0.0475312 
4.757e-09 2.0695e-07 2.1408e-06 7.34347e-05 6.91197e-05 0.000529654 0.00511785 0.0140449 0.0604502 0.919713 
2.0427e-07 6.27395e-06 8.62729e-05 0.000289089 0.00121966 0.00427521 0.0228729 0.071809 0.807614 0.0918278 
1.69029e-10 3.84075e-09 5.36252e-08 5.6426e-08 2.80109e-07 1.44168e-05 0.000333237 0.00524641 0.035378 0.959028 
7.91117e-09 3.90691e-07 4.50245e-06 0.000128011 0.000347119 0.000865252 0.00762006 0.0157058 0.0562534 0.919075 
5.67146e-08 1.30468e-06 1.94576e-05 1.72388e-05 0.000213283 0.0111498 0.764331 0.0625969 0.0883942 0.0732766 
4.34897e-06 0.00016183 0.000623446 0.00579256 0.0228362 0.0829698 0.680408 0.103524 0.0708538 0.0328254 
6.98621e-06 0.000283176 0.00214606 0.0116568 0.0575999 0.690192 0.11155 0.0719253 0.0371742 0.0174662 
2.89531e-09 2.20918e-07 1.50533e-05 4.35424e-06 4.54106e-05 0.000276343 0.00237961 0.0172535 0.907959 0.0720667 
2.20947e-07 6.29692e-06 8.7225e-05 0.000404054 0.00225517 0.00968349 0.0468871 0.724404 0.132058 0.0842144 
2.57173e-07 6.43949e-06 8.31989e-05 0.00015273 0.000796013 0.00328475 0.014586 0.0567053 0.813798 0.110587 
0.000348625 0.026394 0.386357 0.124712 0.127608 0.162269 0.0679133 0.0456304 0.035907 0.022862 
9.93952e-06 0.000416276 0.00497762 0.0121294 0.0413594 0.105219 0.705939 0.079249 0.0326301 0.0180698 
2.18417e-07 9.47567e-06 0.000118793 0.000310443 0.0019265 0.00660969 0.0116616 0.0182416 0.0462059 0.914916 
0.00937713 0.11352 0.17856 0.667262 0.0260902 0.00379333 0.00101172 0.000362355 2.05278e-05 3.20911e-06 
7.25867e-08 1.73678e-06 2.42132e-05 4.92908e-05 0.000289859 0.000359554 0.00647804 0.426936 0.0830164 0.482844 
1.58398e-07 6.71843e-06 0.00010204 0.000352252 0.00201985 0.00640335 0.023987 0.750184 0.134032 0.0829132 
8.50821e-13 2.06912e-11 3.10612e-10 3.88316e-09 1.35798e-07 8.55509e-06 0.000475643 0.00555362 0.20211 0.791852 
5.66067e-08 1.50018e-06 2.98948e-05 7.93286e-05 0.000222384 0.00124082 0.0225809 0.153697 0.572209 0.249939 
1.53584e-07 3.7803e-06 6.75739e-05 0.00010322 0.000610271 0.0026652 0.0185222 0.0612786 0.794644 0.122105 
2.02307e-08 1.19021e-06 3.94382e-05 0.000271794 0.00101668 0.0065675 0.0380585 0.773912 0.10704 0.0730923 
2.06233e-07 6.59984e-06 6.51601e-05 0.000374852 0.00273023 0.0110061 0.0379077 0.700584 0.157626 0.0896987 
4.28768e-07 1.74692e-05 0.000461495 0.00117378 0.00279025 0.0106308 0.0312909 0.0731955 0.107428 0.773012 
5.05449e-08 2.23965e-06 3.63305e-05 0.000267274 0.0012906 0.00665012 0.0274177 0.161164 0.713243 0.0899289 
1.31773e-08 5.68669e-07 9.20629e-06 0.00015877 0.000546613 0.00233133 0.0140076 0.0598838 0.787808 0.135254 
1.23945e-07 2.93244e-06 4.02146e-05 0.000104792 9.68294e-05 0.00062582 0.0123121 0.0560673 0.85479 0.0759596 
3.2061e-09 1.6762e-07 1.57691e-06 7.03229e-05 4.29603e-05 0.000462488 0.00367414 0.00508289 0.0157491 0.974916 
1.36439e-08 6.84792e-07 8.2278e-06 0.000144027 0.000310612 0.00113988 0.00724249 0.0160459 0.0507566 0.924352 
2.36163e-09 6.61027e-08 1.32303e-06 6.96361e-06 0.000276187 0.000327363 0.00446705 0.0305101 0.879465 0.0849456 
3.13272e-06 0.000115084 0.000340829 0.00377017 0.123198 0.429693 0.0786462 0.201913 0.129039 0.0332812 
3.99064e-07 1.5083e-05 0.000448467 0.000882288 0.00201167 0.0067628 0.0235877 0.0687879 0.798379 0.0991249 
5.74939e-10 1.32032e-08 1.92649e-07 2.7375e-07 4.03043e-06 2.26274e-05 0.000517849 0.00465416 0.0262167 0.968584 
5.8701e-07 2.3486e-05 0.000326751 0.00184679 0.0121157 0.0278653 0.0394969 0.0661394 0.115893 0.736292 
5.53697e-07 1.96237e-05 0.000242128 0.000810951 0.0052623 0.0180556 0.0584008 0.733652 0.118145 0.0654107 
4.26504e-06 0.000149483 0.000131965 0.000700389 0.00318236 0.011319 0.0346328 0.0626203 0.0975249 0.789735 
2.3501e-07 6.30162e-06 0.000110152 0.000344795 0.000855134 0.00464534 0.0333125 0.749622 0.120184 0.0909194 
8.64185e-10 3.73398e-08 4.22672e-07 1.22521e-05 1.1814e-05 0.000201234 0.00144973 0.00223073 0.00966238 0.986431 
2.05071e-05 0.000938741 0.00264079 0.0059588 0.152328 0.0893229 0.571687 0.0881838 0.0591563 0.0297635 
1.53677e-08 6.95502e-07 5.98427e-06 0.0001183 0.00055898 0.00159529 0.00929865 0.0209224 0.0705249 0.896975 
1.5373e-09 3.60144e-08 5.67395e-07 9.38959e-07 7.44816e-06 9.52401e-05 0.00147937 0.00979382 0.0512181 0.937405 
3.00157e-10 1.88916e-08 1.50182e-07 9.64161e-06 2.9934e-06 9.13162e-06 9.49541e-05 0.000120008 0.00280434 0.996959 
4.72726e-07 1.63265e-05 0.000196518 0.00086946 0.00404628 0.0134976 0.0346555 0.0670923 0.439725 0.4399 
7.40096e-09 4.68966e-07 6.45254e-06 9.32404e-05 0.000322572 0.000437325 0.0018431 0.00361443 0.0147322 0.97895 
2.08972e-10 1.03078e-08 1.04183e-07 4.24246e-06 2.24878e-06 3.26278e-05 0.000157051 0.000322487 0.00336244 0.996119 
1.85762e-07 4.3714e-06 6.15139e-05 0.000170604 0.000336509 0.00184872 0.0132499 0.0381591 0.0960833 0.850086 
1.24451e-06 5.21999e-05 0.000782424 0.00464752 0.0257602 0.0651254 0.103999 0.397232 0.352457 0.0499429 
4.65359e-11 1.05795e-09 1.47857e-08 1.76418e-08 1.36374e-07 7.27144e-06 0.000209574 0.00380229 0.921146 0.0748342 
6.80676e-08 1.54433e-06 2.1522e-05 1.80628e-05 3.21447e-06 4.37563e-05 0.00206804 0.0184963 0.0603047 0.919043 
8.67534e-08 3.86576e-06 3.14971e-05 0.000259759 0.00194122 0.00563968 0.0166978 0.0481092 0.799519 0.127798 
1.89489e-11 4.29936e-10 5.99195e-09 5.06284e-09 2.86022e-09 2.02009e-07 9.15973e-05 0.00129625 0.0195683 0.979044 
1.18377e-08 5.38958e-07 7.55938e-06 0.000120042 0.000234689 0.000968771 0.00805197 0.0227965 0.0844554 0.883365 
3.80665e-09 1.42288e-07 2.24752e-06 6.16651e-05 0.000349893 0.00107051 0.00455099 0.0155451 0.0530945 0.925325 
7.54353e-06 0.00034652 0.00223257 0.00654494 0.0318762 0.650221 0.126673 0.093058 0.0587716 0.0302683 
1.67692e-07 4.98411e-06 8.64051e-05 0.00025904 0.00101691 0.00743171 0.387825 0.411776 0.0998927 0.091707 
1.42121e-07 3.38423e-06 5.85292e-05 0.000113456 0.000517657 0.00260246 0.0236444 0.828973 0.0916245 0.0524628 
9.63627e-10 2.22892e-08 3.30127e-07 5.22351e-07 4.05403e-06 4.15807e-05 0.000938725 0.0134785 0.0619766 0.92356 
3.38559e-11 8.28361e-10 1.54047e-08 2.91562e-08 3.18434e-07 3.27396e-06 7.27447e-05 0.000169993 0.00145961 0.998294 
3.40986e-09 2.16192e-07 3.01945e-06 4.519e-05 0.000160469 0.000200659 0.00156623 0.0158765 0.755957 0.226191 
4.59593e-32 2.75581e-29 7.97877e-26 4.06994e-22 1.20356e-18 3.17226e-15 3.01274e-11 2.82849e-08 0.000539702 0.99946 
8.98194e-08 4.11239e-06 3.63797e-05 0.00021457 0.00158138 0.00490255 0.0153286 0.0441641 0.10938 0.824388 
2.0752e-07 7.92255e-06 0.000120413 0.000475063 0.00263798 0.0109151 0.0719138 0.712875 0.14808 0.0529748 
1.5855e-07 3.61432e-06 5.03868e-05 4.81982e-05 0.000111537 0.00280187 0.0272432 0.809715 0.0909898 0.0690358 
4.62134e-08 2.02893e-06 1.14852e-05 0.000166148 0.000779036 0.00218212 0.0109434 0.0235545 0.828982 0.133379 
5.0417e-08 2.56175e-06 3.15011e-05 0.000253473 0.00166772 0.00401068 0.0156919 0.0430325 0.096827 0.838483 
1.06562e-06 3.91385e-05 0.000327446 0.00213908 0.0165615 0.0341362 0.0398916 0.0398926 0.0519189 0.815092 
2.02472e-11 4.60632e-10 6.44837e-09 9.51245e-09 1.23765e-07 7.7623e-06 0.000147824 0.00214215 0.0212805 0.976422 
6.88047e-10 1.5692e-08 2.22432e-07 2.34736e-07 9.54067e-07 1.5715e-05 0.000342357 0.00429764 0.0274781 0.967865 
2.94257e-08 1.16936e-06 2.02724e-05 7.00925e-05 0.000207718 0.000765232 0.00718972 0.1149 0.792026 0.0848196 
6.85458e-07 2.84878e-05 0.000508341 0.00159769 0.00722951 0.0191837 0.0362449 0.212894 0.414841 0.307472 
1.10989e-13 2.74575e-12 3.58381e-11 5.83846e-11 5.75306e-10 4.97551e-09 3.31154e-06 6.95945e-05 0.00304891 0.996878 
1.26562e-07 5.64613e-06 6.22441e-05 0.000328423 0.00206439 0.00711167 0.0221681 0.0673646 0.130057 0.770838 
2.23565e-07 8.07607e-06 9.02518e-05 0.000377979 0.00199873 0.00672942 0.018505 0.0420211 0.0923655 0.837904 
2.95374e-08 1.47801e-06 1.51001e-05 0.000191255 0.000974675 0.00173859 0.0099518 0.0283462 0.0932541 0.865527 
2.90302e-10 1.03985e-08 9.18885e-08 5.3262e-07 3.22537e-06 4.03681e-05 0.000241167 0.000967225 0.00898276 0.989765 
2.24311e-07 5.79939e-06 9.92744e-05 0.0002351 0.000731599 0.00458156 0.0322785 0.787202 0.103874 0.0709915 
4.96332e-07 2.21784e-05 0.000678954 0.00165606 0.0047116 0.0107782 0.0237342 0.0557077 0.0946189 0.808092 
5.67025e-07 2.44042e-05 0.000259633 0.00171124 0.00871246 0.0331868 0.720947 0.114822 0.0830522 0.0372832 
2.11e-07 7.39158e-06 8.70589e-05 0.000346908 0.00185075 0.00456009 0.0188828 0.715386 0.140502 0.118377 
7.44761e-08 3.42699e-06 4.77465e-05 0.000243244 0.00197192 0.00504351 0.013646 0.0344014 0.0708326 0.87381 
1.03519e-05 0.00047407 0.00138774 0.00307023 0.0151771 0.0538882 0.104377 0.699231 0.0813027 0.0410823 
9.35788e-08 2.6191e-06 4.0529e-05 0.000179936 0.000671526 0.00182015 0.0111855 0.0329392 0.658756 0.294404 
5.3116e-06 0.00019101 0.000396591 0.0029355 0.00975674 0.0316345 0.69345 0.121572 0.0953929 0.044665 
2.11813e-07 6.53313e-06 0.000100567 0.000314609 0.00168241 0.00749928 0.0286194 0.620754 0.272517 0.0685064 
5.55744e-11 1.26332e-09 1.76503e-08 2.01687e-08 1.29902e-07 5.86596e-06 0.000113031 0.00112147 0.0107824 0.987977 
3.02236e-21 3.73256e-19 1.04814e-16 2.59983e-14 1.1655e-11 4.52501e-09 4.88198e-05 0.000396693 0.00832407 0.99123 
5.36843e-09 2.05728e-07 2.07191e-06 1.16243e-05 8.01878e-05 0.000782055 0.0022424 0.0104186 0.0299901 0.956473 
1.2854e-07 4.95362e-06 7.82264e-05 0.000363707 0.00196012 0.00657995 0.023643 0.079546 0.794237 0.0935872 
1.73252e-08 8.6239e-07 9.77203e-06 0.00015927 0.000466999 0.00128015 0.0070423 0.0183466 0.885074 0.0876202 
1.32674e-07 4.85433e-06 3.87281e-05 0.000243789 0.00144131 0.00471015 0.0159182 0.0536655 0.818976 0.105001 
8.48484e-11 1.92939e-09 2.69584e-08 2.87599e-08 1.53508e-07 1.04475e-05 6.99839e-05 0.00120633 0.00917012 0.989543 
4.98474e-10 1.5326e-08 2.15316e-07 1.3508e-06 4.67829e-06 5.31472e-05 0.000914757 0.00271472 0.0168826 0.979428 
7.16689e-05 0.00242477 0.0145184 0.375067 0.267777 0.182769 0.0392629 0.0174471 0.0152976 0.0853649 
6.06255e-08 2.87238e-06 4.29284e-05 0.000101724 0.0005936 0.00325132 0.0123454 0.0288387 0.836126 0.118697 
1.15679e-07 5.11626e-06 7.52384e-05 0.000249342 0.00159245 0.00457314 0.016067 0.0586442 0.822974 0.0958194 
1.49072e-07 6.95051e-06 0.000107597 0.000507681 0.00221147 0.00953309 0.0291031 0.0793621 0.774955 0.104213 
3.83846e-08 8.89167e-07 1.23193e-05 2.01262e-05 0.000108839 0.000207701 0.00264853 0.00963204 0.0428869 0.944483 
5.17329e-12 1.60205e-10 2.70272e-09 1.55562e-08 7.34002e-08 4.69541e-07 9.81737e-06 2.55786e-05 0.00101978 0.998944 
2.43466e-07 1.01055e-05 0.000187622 0.00143481 0.00713696 0.0379038 0.657178 0.136641 0.106587 0.0529201 
4.04421e-08 1.75413e-06 9.8852e-06 7.4306e-05 0.000525656 0.00202512 0.00636784 0.0124737 0.0372885 0.941233 
1.5885e-05 0.000796201 0.00548144 0.0248173 0.0919749 0.660453 0.0961847 0.0535515 0.0371495 0.0295756 
3.65987e-08 8.65767e-07 1.45191e-05 2.53007e-05 0.000307728 0.00180315 0.0689482 0.023676 0.585325 0.319899 
6.90332e-07 3.2448e-05 0.000697776 0.00210039 0.00902415 0.0199541 0.0420467 0.0943726 0.15294 0.678831 
6.30827e-09 2.55503e-07 3.72467e-06 0.000114638 0.000410769 0.00143985 0.00755194 0.0343667 0.0926313 0.863481 
6.02446e-10 1.55467e-08 2.32245e-07 1.12829e-06 6.50144e-05 6.87222e-05 0.000923231 0.00830535 0.0466203 0.944016 
2.82306e-07 1.17967e-05 0.000303336 0.00103267 0.00627293 0.0382552 0.0721673 0.0620912 0.120841 0.699024 
1.13574e-07 4.78063e-06 6.65955e-05 0.000359551 0.000950208 0.0042279 0.0112555 0.0309661 0.819108 0.133061 
8.00223e-07 3.20264e-05 0.0006334 0.00235882 0.0109864 0.0350467 0.252306 0.30053 0.0922089 0.305897 
9.00534e-07 4.05016e-05 0.000696659 0.00390279 0.0148868 0.0418155 0.564874 0.173038 0.162715 0.0380302 
1.17041e-10 3.06469e-09 5.8259e-08 3.90297e-07 3.08073e-06 5.99022e-05 0.000350376 0.00230311 0.0223149 0.974968 
1.97736e-07 9.96509e-06 0.000364052 0.000750682 0.00146136 0.00403047 0.0138204 0.0372163 0.815382 0.126965 
1.65248e-25 4.62618e-23 5.42116e-20 5.4705e-17 6.15057e-14 3.93562e-11 1.54533e-07 7.6438e-05 0.00278723 0.997136 
3.40041e-08 8.5781e-07 1.40969e-05 5.10915e-05 0.00012374 0.000588201 0.0031184 0.00914626 0.0262837 0.960674 
6.97503e-10 1.97455e-08 2.55385e-07 9.62838e-07 9.01009e-06 0.000130679 0.00485209 0.0495576 0.901056 0.0443933 
1.48936e-07 6.41358e-06 8.66614e-05 0.000593275 0.00227725 0.0111326 0.134825 0.16525 0.477996 0.207832 
1.64837e-09 9.01199e-08 7.98408e-07 3.88684e-05 1.87345e-05 8.24758e-05 0.000867403 0.00377506 0.0274726 0.967744 
9.22635e-06 0.000333348 0.000813253 0.00749679 0.0422359 0.11491 0.640807 0.0894626 0.0595326 0.0443995 
5.4464e-09 2.22264e-07 2.7677e-06 3.0542e-05 0.000110696 0.000330087 0.00270192 0.0113673 0.050697 0.934759 
1.19467e-08 5.30415e-07 1.94097e-05 4.54568e-05 0.000440569 0.00112962 0.00812288 0.021883 0.0740798 0.894279 
9.0681e-08 4.30503e-06 5.1861e-05 0.000261348 0.00170102 0.00461622 0.0191593 0.0661781 0.80873 0.099298 
6.10483e-08 2.94775e-06 2.23215e-05 0.000248026 0.00125565 0.00265632 0.00776892 0.0263865 0.858665 0.102994 
4.19118e-06 0.000155558 0.00172675 0.0113979 0.0462358 0.0603669 0.0632186 0.0677828 0.696663 0.0524482 
2.85158e-08 1.64941e-06 3.37526e-05 0.00159949 0.019561 0.690859 0.114609 0.0827187 0.0545361 0.0360814 
1.04264e-07 3.03159e-06 6.49754e-05 0.000176442 0.00116731 0.00475349 0.0252612 0.0706545 0.793991 0.103928 
3.65246e-11 9.07861e-10 1.25462e-08 3.10188e-08 1.52371e-07 2.05756e-06 7.3282e-05 0.000988248 0.0127759 0.98616 
2.20046e-07 6.13862e-06 8.34825e-05 0.000259726 0.00131414 0.00484221 0.0200887 0.0624799 0.795648 0.115277 
3.48556e-07 1.65367e-05 0.000539006 0.00122129 0.00336254 0.00795701 0.0201057 0.05342 0.110441 0.802936 
0.0011064 0.0187004 0.1025 0.51844 0.267201 0.0564124 0.0210324 0.010709 0.00284691 0.0010511 
1.86891e-06 9.05758e-05 0.00151316 0.00525723 0.0239465 0.0557771 0.0684752 0.0849548 0.697247 0.0627365 
1.02307e-42 4.47249e-38 4.85502e-33 1.98317e-28 2.07488e-23 1.46516e-18 2.73746e-13 5.48785e-09 0.000311997 0.999688 
1.26695e-09 4.57365e-08 5.51934e-07 5.58932e-06 1.97819e-05 0.000108817 0.00144122 0.838601 0.0883647 0.0714588 
4.27807e-09 1.51256e-07 1.07854e-06 7.44825e-06 3.31829e-05 0.000403767 0.00143416 0.00465436 0.0193107 0.974155 
2.48933e-07 7.52841e-06 9.45035e-05 0.000258526 0.00113919 0.00430367 0.0174126 0.053104 0.820888 0.102791 
1.82532e-07 4.24676e-06 5.92091e-05 8.21797e-05 0.000123776 0.000241778 0.00344049 0.0161679 0.900417 0.0794629 
2.03502e-07 5.46722e-06 7.60029e-05 0.000723803 0.0019508 0.00920829 0.0354008 0.084327 0.787568 0.0807401 
9.40738e-08 2.43035e-06 3.30875e-05 0.000142463 0.000468637 0.00118394 0.0105936 0.027432 0.0816449 0.878499 
7.76089e-08 2.20225e-06 3.3156e-05 0.000119346 0.000468278 0.00654675 0.0150038 0.650121 0.161987 0.165718 
2.5981e-07 1.31316e-05 0.000404454 0.0013789 0.00529641 0.0320504 0.390912 0.448854 0.0833009 0.0377895 
1.43163e-07 3.25869e-06 4.56212e-05 4.60962e-05 0.00043732 0.00382235 0.0255406 0.815632 0.0970524 0.0574199 
1.35493e-07 3.34133e-06 4.33996e-05 0.000115305 0.00040201 0.00136132 0.00934685 0.024741 0.0775791 0.886408 
4.34108e-07 2.17609e-05 0.000297554 0.0048209 0.0371746 0.614758 0.120257 0.105129 0.0752472 0.0422942 
1.10712e-06 4.59502e-05 0.000640479 0.00301116 0.014781 0.0363982 0.0472107 0.684504 0.13423 0.0791774 
6.16165e-05 0.00263805 0.0142398 0.135914 0.103769 0.0875811 0.261397 0.242009 0.118735 0.0336562 
2.41293e-08 1.41302e-06 3.16944e-05 0.000192346 0.000870115 0.0017992 0.0114449 0.0425508 0.819925 0.123185 
5.70265e-09 4.7697e-07 3.35117e-05 5.09842e-05 0.000182181 0.00117834 0.00478521 0.019765 0.0661716 0.907833 
4.18522e-07 1.53531e-05 0.000301507 0.000902338 0.00370114 0.0131463 0.036242 0.0994478 0.75755 0.0886934 
6.92699e-10 1.63308e-08 2.58063e-07 4.24514e-07 8.46705e-06 4.23123e-05 0.000754894 0.00665106 0.0415533 0.950989 
3.1997e-07 1.34218e-05 0.000174368 0.00115267 0.00776287 0.0327198 0.0903324 0.695309 0.111512 0.0610232 
8.40122e-06 0.000309857 0.00127605 0.00664114 0.0406589 0.645348 0.119264 0.0893313 0.0634778 0.0336837 
1.64055e-08 7.8689e-07 1.65777e-05 0.00011651 0.000598935 0.00259517 0.01059 0.039174 0.846027 0.100881 
4.73253e-09 1.90995e-07 2.16567e-06 5.75876e-05 0.000225496 0.000563749 0.00584142 0.0157825 0.455542 0.521984 
2.2069e-07 1.12993e-05 0.000361297 0.000811291 0.00251034 0.00560518 0.0187421 0.0483551 0.0927236 0.83088 
5.78673e-08 1.3202e-06 1.85118e-05 1.93414e-05 0.000214476 0.000423547 0.00442877 0.0182238 0.469913 0.506757 
6.16532e-08 1.43228e-06 2.08943e-05 6.58548e-05 0.000547352 0.00652329 0.0336695 0.0866897 0.822344 0.0501375 
4.22077e-07 1.75656e-05 0.000315608 0.00230339 0.00950643 0.1376 0.0811097 0.616973 0.102021 0.0501527 
1.25138e-10 2.84114e-09 3.96242e-08 3.61735e-08 8.65391e-08 2.09025e-06 9.55529e-05 0.000893507 0.00799178 0.991017 
2.53651e-05 0.00106888 0.0112227 0.249293 0.374237 0.194443 0.0902581 0.0386602 0.0243436 0.0164486 
4.09094e-10 9.32171e-09 1.30828e-07 1.55788e-07 8.95918e-07 2.21454e-05 0.0010663 0.0119744 0.0498963 0.93704 
4.53259e-11 1.02895e-09 1.43533e-08 1.359e-08 5.58623e-08 2.72108e-06 4.07325e-05 0.000527492 0.00301262 0.996416 
6.67713e-10 1.53518e-08 2.22686e-07 3.14164e-07 1.97836e-06 3.84769e-05 0.000658657 0.00599279 0.040594 0.952714 
8.07423e-06 0.000378913 0.0024264 0.00814151 0.0319033 0.179708 0.663621 0.0550848 0.0331746 0.0255532 
7.63543e-07 2.75357e-05 0.000342834 0.00228705 0.0160345 0.0398638 0.0544815 0.264866 0.548257 0.0738386 
8.35078e-08 3.68335e-06 4.14842e-05 0.000225546 0.00193093 0.0102088 0.0406615 0.0942978 0.765826 0.0868042 
5.83207e-09 1.34372e-07 1.93785e-06 3.09173e-06 4.1004e-05 0.000133135 0.00169118 0.00876318 0.0367693 0.952597 
6.32489e-07 2.64696e-05 0.000379385 0.00154082 0.00639279 0.0187063 0.0337213 0.0627829 0.0998269 0.776623 
1.50134e-10 4.26121e-09 6.45708e-08 4.53987e-07 3.05262e-05 1.03047e-05 0.000158753 0.0010154 0.00874113 0.990043 
8.03036e-10 1.92141e-08 2.9567e-07 8.25028e-07 2.24739e-05 7.24002e-05 0.00119385 0.00692955 0.0429658 0.948815 
0.00241716 0.0354927 0.202071 0.23613 0.459554 0.0594092 0.00437942 0.000524164 1.98131e-05 2.34455e-06 
6.71643e-24 1.70865e-21 1.77324e-18 1.00139e-15 5.80125e-13 3.25997e-10 3.35151e-06 7.7936e-05 0.00218972 0.997729 
1.88251e-09 5.84048e-08 7.72041e-07 2.65405e-06 2.45361e-05 0.000159279 0.00161466 0.00918124 0.0505514 0.938465 
0.00259974 0.0394183 0.262507 0.615179 0.058134 0.0159299 0.00516499 0.000946161 9.81925e-05 2.24337e-05 
4.82605e-08 1.43075e-06 3.69921e-05 0.000122792 0.000587845 0.00481278 0.0369516 0.768628 0.106812 0.082046 
2.38549e-08 5.41313e-07 7.54736e-06 6.38223e-06 2.20795e-06 6.13053e-05 0.003616 0.0346477 0.918611 0.0430475 
1.18663e-11 2.70471e-10 3.79879e-09 7.41041e-09 1.26614e-07 7.90774e-06 9.27664e-05 0.000948439 0.0122164 0.986734 
1.15229e-05 0.000471751 0.00283107 0.0108631 0.0548855 0.666979 0.130829 0.0755155 0.038418 0.0191956 
8.1361e-10 2.87321e-08 2.5202e-07 1.27236e-06 7.37254e-06 8.51673e-05 0.000792651 0.0111622 0.93315 0.0548012 
5.33818e-06 0.000192859 0.00195396 0.0134437 0.0534709 0.0757032 0.0767973 0.065906 0.664454 0.0480731 
3.87616e-08 2.29215e-06 4.19785e-05 0.000197803 0.0010364 0.00198746 0.00726543 0.017921 0.0472894 0.924258 
0.00075704 0.0144256 0.085821 0.586507 0.0820741 0.0684397 0.0593769 0.0446036 0.0322435 0.025751 
2.63894e-07 9.82143e-06 0.000133142 0.00053434 0.00294611 0.0163322 0.715515 0.0981554 0.0987374 0.0676366 
5.00932e-06 0.000229479 0.000825301 0.00143249 0.00814911 0.0198267 0.0335637 0.0644401 0.097024 0.774504 
4.78469e-05 0.00174696 0.00981311 0.028342 0.0671849 0.686307 0.122647 0.0593315 0.0197408 0.00483837 
1.56531e-07 4.55971e-06 7.9554e-05 0.000287944 0.00119497 0.00396147 0.0208507 0.0695688 0.808779 0.095273 
1.35503e-07 3.65327e-06 6.15564e-05 0.000149381 0.000580312 0.00243629 0.0141089 0.33769 0.1102 0.53477 
2.91361e-10 6.62497e-09 9.26026e-08 1.11611e-07 9.40206e-07 5.85541e-05 0.00118138 0.841406 0.078798 0.078555 
1.53567e-05 0.000692168 0.00304442 0.00602683 0.0273837 0.0942872 0.226116 0.581934 0.0483263 0.0121744 
5.74561e-06 0.000207748 0.000458626 0.00287906 0.0112341 0.041019 0.214303 0.599759 0.0884182 0.0417156 
6.41055e-08 3.50329e-06 5.61598e-05 0.000311897 0.000955534 0.00274236 0.0135126 0.0288022 0.0606069 0.893009 
5.12943e-09 2.64204e-07 3.54068e-06 5.09663e-05 0.000202499 0.000370586 0.00409685 0.0279625 0.878942 0.088371 
2.40757e-08 5.52552e-07 7.81707e-06 9.57283e-06 0.000167841 0.000224785 0.00698941 0.0487631 0.873789 0.0700481 
6.57105e-07 2.73743e-05 0.000595561 0.00153615 0.00621546 0.0126592 0.0253337 0.0634977 0.127006 0.763129 
2.816e-09 1.3595e-07 1.37084e-06 5.16489e-05 5.4874e-05 0.000179902 0.00261487 0.0106021 0.909421 0.0770739 
1.02642e-07 2.43453e-06 3.31093e-05 0.000100435 7.00866e-05 0.0019005 0.0132587 0.0555787 0.853728 0.0753276 
7.19065e-08 3.13023e-06 1.65495e-05 0.000107745 0.00101308 0.00343274 0.0118246 0.0287466 0.0825448 0.872311 
1.15123e-06 4.73664e-05 0.000671541 0.00370285 0.021303 0.0657065 0.114274 0.681858 0.0798732 0.0325621 
2.9439e-11 6.76934e-10 9.61353e-09 3.33117e-08 6.88173e-07 3.80509e-05 0.000836689 0.0200548 0.919466 0.0596035 
9.65004e-08 2.91765e-06 3.76277e-05 8.78749e-05 0.000751143 0.00453566 0.0233454 0.492779 0.331506 0.146954 
5.71697e-08 2.65543e-06 1.7328e-05 0.000260074 0.00109245 0.00389557 0.0138558 0.0447654 0.114533 0.821577 
6.86093e-06 0.000257631 0.00111374 0.00501583 0.0188685 0.0639333 0.596429 0.222066 0.0571434 0.0351656 
7.41765e-10 2.19069e-08 2.30323e-07 8.15439e-07 9.10549e-06 8.18093e-05 0.000813378 0.00516883 0.0302589 0.963667 
1.72534e-10 7.07572e-09 1.11022e-07 1.6567e-06 0.000115941 3.30216e-05 0.000194046 0.00106659 0.00272142 0.995867 
1.22161e-07 4.31029e-06 6.34404e-05 0.000359873 0.00194329 0.023966 0.0907623 0.194987 0.440145 0.247769 
6.23096e-08 3.05993e-06 3.44818e-05 0.000141344 0.000749788 0.00326499 0.011424 0.0280959 0.0686021 0.887684 
2.12908e-07 5.70039e-06 8.83238e-05 0.000323436 0.000783307 0.00324534 0.0199778 0.0673067 0.795046 0.113223 
2.39528e-11 5.50731e-10 7.84212e-09 2.56237e-08 5.2297e-07 3.1031e-05 0.000266186 0.00254909 0.024827 0.972326 
3.69701e-07 1.41346e-05 0.000129435 0.000513949 0.00437625 0.0109994 0.0205128 0.0477691 0.792619 0.123065 
7.8511e-07 3.34106e-05 0.000551822 0.00174851 0.0063662 0.0332253 0.304804 0.194635 0.292288 0.166347 
5.33409e-10 1.75678e-08 2.69674e-07 2.51623e-06 0.000154706 8.34791e-05 0.00105685 0.00197786 0.00738617 0.989338 
3.84636e-05 0.0014771 0.00453406 0.0100972 0.0400505 0.232102 0.569654 0.0837053 0.038629 0.0197123 
4.63569e-07 2.27058e-05 0.000674195 0.00172305 0.00610073 0.0269057 0.537886 0.258992 0.110389 0.0573063 
4.63371e-09 2.17789e-07 2.20692e-06 7.62574e-05 0.000181481 0.000619217 0.00482666 0.0091246 0.0289933 0.956176 
2.00991e-05 0.000892639 0.00217175 0.00397157 0.0533094 0.241953 0.447246 0.166648 0.0524218 0.0313655 
2.92368e-05 0.0016937 0.0119334 0.0633779 0.591202 0.134158 0.0895096 0.0518325 0.0332443 0.0230195 
1.51503e-08 3.461e-07 4.79037e-06 4.2913e-06 3.56557e-06 9.53311e-05 0.00351132 0.85951 0.0823212 0.0545495 
6.00296e-07 2.76194e-05 0.000392109 0.00168828 0.00736483 0.0218236 0.0370158 0.070877 0.102829 0.757981 
9.30478e-13 2.3276e-11 4.19419e-10 9.08208e-10 3.03705e-09 1.78355e-08 6.16962e-07 4.69547e-06 0.000212194 0.999782 
5.64369e-09 2.66442e-07 2.6947e-06 0.000101573 9.45546e-05 0.000702447 0.0063603 0.0141225 0.239562 0.739054 
2.2702e-08 1.0691e-06 1.21567e-05 0.000190527 0.000794688 0.00242913 0.0129988 0.034866 0.0829416 0.865766 
8.47402e-23 1.22783e-20 6.7977e-18 2.81469e-15 1.3396e-12 1.60261e-09 2.24994e-05 0.000100947 0.00323327 0.996643 
7.37677e-05 0.00302972 0.0152766 0.45119 0.154932 0.295553 0.0527383 0.0157452 0.00893904 0.00252282 
2.07256e-07 6.68013e-06 0.000117579 0.000438838 0.00288454 0.0152898 0.347224 0.251282 0.111607 0.27115 
2.94956e-09 1.00722e-07 1.28667e-06 2.2305e-05 0.000231384 0.000309941 0.00358131 0.0136989 0.0612569 0.920898 
3.32939e-08 8.28208e-07 1.09508e-05 2.56675e-05 0.000225771 0.000790271 0.00371461 0.0108212 0.0216505 0.96276 
7.72642e-08 2.8425e-06 2.44827e-05 0.000143371 0.000818139 0.00261862 0.006691 0.0460515 0.732229 0.211421 
4.83062e-08 2.30062e-06 2.3018e-05 0.000197832 0.00159018 0.00331271 0.0141487 0.0385909 0.0823142 0.85982 
6.02651e-10 1.53218e-08 2.6401e-07 1.08521e-06 2.58562e-05 0.000103433 0.000869651 0.00610133 0.216516 0.776382 
1.10044e-23 1.76922e-21 3.46393e-19 1.05997e-16 5.41327e-14 7.12685e-11 1.04027e-06 2.34401e-06 0.000429182 0.999567 
5.92072e-12 1.76431e-10 3.07024e-09 1.46254e-08 8.09196e-08 7.56427e-07 1.53817e-05 0.000193153 0.00456029 0.99523 
2.71428e-09 1.12753e-07 4.96288e-06 5.2322e-06 0.000201867 0.000356703 0.00570712 0.0318254 0.0835054 0.878393 
4.57515e-07 2.04248e-05 0.000479528 0.00143146 0.00494867 0.259953 0.0616466 0.43371 0.202138 0.0356712 
0.00015872 0.0041911 0.0260906 0.0476139 0.115902 0.146165 0.613321 0.0306498 0.0111775 0.00473041 
4.43894e-12 1.08004e-10 1.65087e-09 2.18635e-08 5.37717e-07 3.01369e-05 0.000777584 0.883873 0.058161 0.0571578 
9.29911e-08 4.15743e-06 4.99321e-05 0.000332636 0.00280704 0.0139445 0.0547523 0.729597 0.120198 0.078315 
3.82521e-09 1.479e-07 1.45969e-06 2.1842e-05 0.000141843 0.000252633 0.00259251 0.0137177 0.659511 0.323761 
3.99196e-06 0.000178954 0.000694286 0.00204818 0.00898542 0.0232045 0.0930457 0.0440644 0.628068 0.199706 
2.25378e-05 0.000817787 0.00564405 0.0146653 0.0295301 0.0577181 0.710026 0.107825 0.0622246 0.0115273 
1.07916e-06 6.43261e-05 0.00165118 0.0123384 0.0591361 0.41409 0.380536 0.0572847 0.0456485 0.0292497 
6.64835e-08 1.56468e-06 2.13987e-05 3.15337e-05 0.000255108 0.00077567 0.00636864 0.432693 0.493557 0.0662967 
2.13369e-08 6.20498e-07 1.90538e-05 3.03709e-05 0.000156153 0.00153403 0.0120725 0.0512009 0.88661 0.048376 
7.73925e-08 3.63152e-06 5.92563e-05 0.000391458 0.00163252 0.00669847 0.0323999 0.758892 0.120612 0.0793104 
9.7995e-08 4.54187e-06 7.5555e-05 0.000303856 0.00112604 0.00478437 0.0214326 0.144561 0.538893 0.288819 
1.11287e-05 0.000505787 0.00238931 0.00623641 0.0354327 0.200014 0.252152 0.409671 0.0847038 0.00888332 
2.2653e-05 0.001038 0.00315934 0.00515427 0.0182203 0.0424449 0.0694104 0.0866343 0.713653 0.060263 
1.09887e-07 5.285e-06 6.12197e-05 0.000387219 0.00234229 0.00556892 0.0213397 0.0618922 0.796281 0.112122 
1.87584e-09 9.74487e-08 8.56737e-07 3.93536e-05 2.38158e-05 0.000193941 0.00215186 0.00294525 0.00646637 0.988178 
1.02429e-07 5.14534e-06 7.63219e-05 0.000290472 0.00158071 0.00570774 0.0185125 0.0628679 0.769993 0.140966 
6.49232e-09 2.26494e-07 2.97946e-06 4.04049e-05 0.000249565 0.000705141 0.00617681 0.0176072 0.064985 0.910233 
1.1408e-07 5.27238e-06 6.78042e-05 0.000424655 0.00216118 0.00909792 0.039775 0.738185 0.129034 0.0812493 
2.85143e-05 0.00113534 0.00465844 0.0193151 0.0492935 0.0824395 0.103381 0.0775269 0.633482 0.0287401 
2.21986e-07 9.79707e-06 0.000251581 0.000761819 0.00331094 0.0326773 0.319033 0.287645 0.31785 0.0384606 
1.31367e-09 3.09345e-08 4.978e-07 8.29074e-07 1.07445e-05 0.000122209 0.00318428 0.0233604 0.0729122 0.900409 
6.67412e-06 0.000309124 0.00398785 0.00891711 0.0270195 0.0736499 0.117843 0.699309 0.052215 0.0167423 
1.7123e-07 4.40017e-06 6.72882e-05 0.000126375 0.000373278 0.00107705 0.0097676 0.0525989 0.876631 0.0593538 
4.30946e-10 9.9821e-09 1.4698e-07 2.63898e-07 2.10224e-06 2.25325e-05 0.000318412 0.00272789 0.0141065 0.982822 
5.01172e-06 0.000183521 0.000486691 0.00377833 0.0170159 0.0752238 0.153537 0.635241 0.0672856 0.0472439 
8.57414e-10 2.57451e-08 3.53263e-07 3.52707e-06 6.62236e-06 0.000133884 0.00162202 0.0195125 0.918805 0.0599158 
3.79172e-08 1.31629e-06 1.61286e-05 0.00039117 0.00199403 0.0144079 0.0583852 0.775277 0.0964266 0.0531006 
1.53293e-08 7.13902e-07 8.57996e-06 0.000135514 0.000512672 0.00114955 0.00861123 0.0259975 0.0880781 0.875506 
2.90211e-05 0.00128385 0.00370365 0.00714887 0.0245385 0.0501167 0.0684448 0.659713 0.116375 0.0686473 
4.1476e-08 1.94379e-06 1.40597e-05 0.000152971 0.000802451 0.0021699 0.00820285 0.0197633 0.0669963 0.901896 
4.32313e-08 1.83704e-06 2.17128e-05 0.000205717 0.00125107 0.00861304 0.13703 0.739426 0.0873956 0.0260555 
4.62846e-09 1.78126e-07 2.02359e-06 5.26712e-05 0.000243577 0.000447939 0.00518102 0.0309416 0.104008 0.859123 
8.45801e-09 5.06041e-07 6.85446e-06 0.00010946 0.00034441 0.000454851 0.00233435 0.00392523 0.0113035 0.981521 
1.24567e-08 7.03475e-07 8.71515e-06 0.000179109 0.000368298 0.00094292 0.00615535 0.0108661 0.0270525 0.954426 
1.05282e-05 0.00147535 0.116262 0.0154389 0.0698083 0.423009 0.165217 0.110012 0.060475 0.0382908 
3.9027e-07 1.55772e-05 0.000219943 0.000820716 0.00414347 0.0104055 0.0181557 0.0335084 0.0808587 0.851872 
5.40808e-18 1.26969e-15 5.20997e-14 5.6725e-12 6.2574e-10 8.6574e-08 0.000131036 0.00296615 0.339834 0.657069 
1.23794e-07 2.85582e-06 3.96148e-05 5.53089e-05 7.82522e-05 0.000816631 0.0103665 0.0408141 0.852767 0.0950601 
1.98397e-07 5.71324e-06 8.46036e-05 0.000314777 0.00149497 0.00520908 0.019969 0.0571615 0.107259 0.808501 
1.21579e-07 4.21339e-06 6.23708e-05 0.000376844 0.00171366 0.00780012 0.0320664 0.0749327 0.81441 0.0686331 
2.66411e-09 1.29957e-07 1.24756e-06 4.96644e-05 4.81088e-05 0.000373639 0.00351676 0.0086579 0.0429631 0.944389 
1.29716e-07 2.94562e-06 4.11215e-05 3.52171e-05 2.56002e-05 0.000204207 0.00302133 0.0140522 0.0621485 0.920469 
3.83601e-07 1.78128e-05 0.000446665 0.00152324 0.00671433 0.0280759 0.0761925 0.119304 0.704567 0.0631579 
5.76233e-07 2.60959e-05 0.000757238 0.00180539 0.00499113 0.0113229 0.022734 0.112887 0.461075 0.384401 
1.59507e-10 4.44451e-09 7.9778e-08 3.03232e-07 1.37393e-06 7.75497e-06 9.29215e-05 0.000445136 0.00370587 0.995747 
9.23014e-08 2.43519e-06 3.47243e-05 0.000102141 0.000456803 0.0027462 0.0129209 0.0404713 0.103477 0.839788 
1.31676e-05 0.000575839 0.00457717 0.00647274 0.0242024 0.644885 0.0718911 0.0481425 0.176663 0.0225777 
9.88032e-09 6.3398e-07 8.13178e-06 0.000120724 0.000428447 0.000531202 0.00218477 0.00405342 0.0159627 0.97671 
8.40033e-07 3.18693e-05 0.000345922 0.00123836 0.00487865 0.0166896 0.080066 0.373425 0.143785 0.379539 
1.06292e-08 5.57966e-07 7.1991e-06 9.16352e-05 0.0003239 0.000742545 0.003342 0.00711434 0.0178934 0.970484 
8.6379e-08 3.88212e-06 2.96726e-05 0.000408566 0.0028621 0.00929723 0.0303993 0.0594988 0.0871584 0.810342 
7.92819e-10 2.83987e-08 3.11438e-07 6.64342e-06 6.70171e-06 6.68799e-05 0.000695376 0.00233845 0.00984308 0.987043 
4.9686e-07 2.31814e-05 0.000669149 0.00168979 0.00423413 0.00994557 0.0251726 0.0470612 0.0730191 0.838185 
8.15724e-12 1.8508e-10 2.57941e-09 2.17673e-09 7.55126e-10 2.37893e-08 7.39369e-07 7.22726e-05 0.00138656 0.99854 
3.75725e-08 1.7121e-06 1.2011e-05 9.4006e-05 0.000577853 0.00193992 0.00406364 0.00961207 0.473999 0.5097 
7.93709e-22 1.00335e-19 3.70528e-17 1.18414e-14 5.47668e-12 4.08432e-09 5.32705e-05 0.000335763 0.00892641 0.990685 
7.62546e-07 3.03331e-05 0.000249515 0.001606 0.00987279 0.0245812 0.0359771 0.065506 0.751969 0.110207 
5.85573e-10 1.78614e-08 2.85283e-07 2.57213e-06 0.000155839 9.60171e-05 0.00102439 0.00373104 0.0166363 0.978353 
1.46767e-08 6.19932e-07 7.28795e-06 0.000139783 0.000654615 0.00209519 0.0132353 0.0341136 0.0846752 0.865078 
2.03748e-07 7.10708e-06 0.000148739 0.000222859 0.00167007 0.00804201 0.0319007 0.411003 0.482104 0.0649011 
5.02454e-07 2.23998e-05 0.0006284 0.00150184 0.00467289 0.00954159 0.0205768 0.0404395 0.060787 0.861829 
8.57521e-08 4.39065e-06 6.7502e-05 0.000344894 0.00165145 0.00374615 0.0132604 0.0355001 0.0705955 0.87483 
1.19333e-21 2.55007e-19 1.18993e-17 8.2791e-16 7.86778e-14 1.66896e-11 4.21082e-08 6.62455e-05 0.00301934 0.996914 
0.000298123 0.00648971 0.0436231 0.246007 0.574 0.0733227 0.0340553 0.0131383 0.0053424 0.00372313 
5.14024e-07 2.10672e-05 0.000431058 0.00228695 0.0076994 0.0214321 0.0512195 0.0915278 0.749449 0.075933 
1.31602e-08 5.70704e-07 5.56882e-06 0.000121621 0.000463266 0.0010853 0.00716088 0.0193288 0.0682117 0.903622 
5.35081e-06 0.000191586 0.000229399 0.00330034 0.45977 0.261877 0.0988837 0.0813047 0.0607772 0.0336608 
9.28746e-09 4.42935e-07 5.2306e-06 0.000111196 0.000197113 0.000784372 0.00623749 0.0157654 0.0586017 0.918297 
6.91328e-08 3.16581e-06 1.77933e-05 0.000222077 0.00107096 0.00333643 0.00873809 0.0163751 0.0391523 0.931084 
9.0982e-06 0.000325255 0.000883048 0.00476464 0.0225667 0.0556145 0.0781536 0.0912321 0.688629 0.0578223 
9.77173e-10 2.96868e-08 3.70648e-07 5.45002e-06 1.29733e-05 0.000903613 0.0181796 0.905567 0.0523506 0.0229804 
4.20195e-08 2.43233e-06 4.63973e-05 0.00021307 0.00080357 0.00371036 0.0260246 0.763583 0.106825 0.0987921 
1.10369e-06 3.9065e-05 0.000174741 0.000707241 0.00369369 0.0140028 0.163156 0.0782445 0.267819 0.472162 
1.63097e-07 5.53893e-06 4.87089e-05 0.00022393 0.00241968 0.00329685 0.0137238 0.0959027 0.491732 0.392647 
8.57294e-07 3.23659e-05 0.000447258 0.00203604 0.0178146 0.0878441 0.0853196 0.304906 0.417141 0.0844578 
1.01559e-06 4.48821e-05 0.000974967 0.0035114 0.0171828 0.0632373 0.645946 0.120201 0.0941143 0.0547865 
1.05824e-09 4.66633e-08 6.21096e-07 6.97043e-06 2.81801e-05 0.000115871 0.000927283 0.00688988 0.0372334 0.954798 
3.40456e-07 1.7398e-05 0.000299848 0.00253745 0.0257948 0.100038 0.651434 0.0873379 0.0727875 0.0597529 
8.66185e-06 0.000323281 0.0029009 0.015205 0.0514908 0.189463 0.113092 0.273405 0.311997 0.042115 
3.78841e-08 1.73231e-06 1.41078e-05 0.000235766 0.000721464 0.0029626 0.0132992 0.0376565 0.804483 0.140626 
3.95557e-09 1.77327e-07 1.90938e-06 5.27908e-05 9.22062e-05 0.000342159 0.00441806 0.0245979 0.894015 0.0764796 
2.58183e-07 7.86662e-06 9.41692e-05 0.000292276 0.00140657 0.00644614 0.0399895 0.733447 0.122174 0.0961423 
1.79765e-07 6.55881e-06 9.92737e-05 0.000272341 0.00127889 0.00629178 0.0203492 0.134314 0.502138 0.335251 
1.02527e-07 4.57758e-06 2.54067e-05 0.000196492 0.0015432 0.00466827 0.0120261 0.0250983 0.0491345 0.907303 
1.57907e-08 4.52079e-07 6.78125e-06 3.53815e-05 0.00030359 0.00527899 0.0566698 0.254781 0.328167 0.354757 
1.19974e-10 3.68757e-09 5.74343e-08 3.1064e-07 1.83159e-06 2.9662e-05 0.000182566 0.000727906 0.33273 0.666328 
9.40154e-06 0.000339381 0.000896407 0.00537505 0.0304461 0.0852789 0.131175 0.625669 0.0867616 0.0340494 
1.19559e-09 3.06605e-08 4.62417e-07 2.15955e-06 0.000116462 0.0001021 0.00242498 0.0179983 0.884167 0.0951881 
5.44634e-09 2.27952e-07 2.84083e-06 3.82267e-05 0.00010391 0.000461048 0.00372838 0.0104943 0.0468008 0.93837 
1.0665e-10 4.56027e-09 5.46013e-08 1.66199e-06 8.98811e-06 1.80654e-05 0.00545979 0.926778 0.0461077 0.021626 
1.73345e-07 8.40834e-06 7.35865e-05 0.000303887 0.00257207 0.00618559 0.0182767 0.0427342 0.101282 0.828564 
2.14441e-11 4.86676e-10 6.78748e-09 5.86565e-09 6.71937e-09 3.24147e-07 5.91588e-05 0.000944661 0.014735 0.984261 
4.32547e-07 2.48594e-05 0.000234447 0.00177069 0.00801346 0.0876292 0.100571 0.325704 0.237281 0.238771 
1.97857e-07 4.90647e-06 0.00010002 0.000126505 0.000556957 0.00317099 0.0221056 0.788602 0.119318 0.0660151 
2.86509e-08 1.19387e-06 2.49022e-05 0.000110075 0.000713546 0.00638604 0.12112 0.56958 0.0612792 0.240785 
1.53056e-06 5.70166e-05 0.000870453 0.00390688 0.0260423 0.0718333 0.112094 0.646713 0.0926723 0.0458088 
1.4712e-07 4.73523e-06 0.000100748 0.000290402 0.000851799 0.00270725 0.0150928 0.0402574 0.827613 0.113082 
4.38828e-06 0.000199853 0.000668684 0.00131829 0.00763605 0.0195221 0.785794 0.13072 0.041614 0.0125225 
3.40504e-12 8.17848e-11 1.40362e-09 4.847e-09 3.48597e-08 1.9018e-07 2.30242e-05 0.00021974 0.00797679 0.99178 
1.72333e-05 0.00078152 0.0025834 0.00803138 0.0290931 0.0370862 0.0450451 0.0577619 0.0795404 0.74006 
2.1556e-10 5.06496e-09 7.72785e-08 1.84301e-07 1.57249e-06 2.14333e-05 0.000442706 0.00919481 0.932453 0.0578863 
1.28092e-07 4.90699e-06 7.30427e-05 0.000236731 0.000796377 0.00229077 0.00951735 0.0325976 0.856521 0.0979625 
2.06603e-08 6.02453e-07 1.1157e-05 8.23849e-05 0.000593241 0.0168852 0.179741 0.38467 0.294566 0.12345 
1.7316e-06 6.41561e-05 0.000326487 0.00149786 0.00473184 0.0169892 0.0476898 0.522139 0.283222 0.123338 
6.27852e-08 1.78453e-06 3.34528e-05 0.000130174 0.000509842 0.00350261 0.0219479 0.256218 0.666742 0.050914 
8.23576e-08 3.14282e-06 2.06845e-05 0.000105798 0.00080261 0.00162187 0.00322541 0.0181503 0.547809 0.428261 
1.80712e-07 4.60102e-06 8.36683e-05 0.000239572 0.00257985 0.0284997 0.095022 0.708474 0.081678 0.083418 
3.51324e-07 1.12679e-05 0.000125982 0.000550455 0.00304203 0.0108773 0.029467 0.078158 0.123987 0.75378 
9.42584e-06 0.00036445 0.00331707 0.0157846 0.0654237 0.106068 0.12012 0.116925 0.551836 0.0201511 
1.95252e-10 9.64766e-09 8.01439e-08 3.56243e-06 3.39431e-06 2.16374e-05 0.00016802 0.000706144 0.0067052 0.992392 
4.53779e-08 2.33946e-06 3.25442e-05 0.000170725 0.000818505 0.00221846 0.0106732 0.0398013 0.818534 0.127748 
4.99143e-10 1.1552e-08 1.67282e-07 3.37371e-07 3.10172e-06 2.72217e-05 0.000305767 0.00211998 0.00933919 0.988204 
6.18552e-11 2.1387e-09 3.6097e-08 3.87156e-07 2.49312e-05 1.0841e-05 0.000119498 0.000888456 0.0088044 0.990151 
3.00339e-09 1.76356e-07 2.44484e-06 3.31121e-05 0.000127599 0.000210092 0.00181788 0.00945733 0.187658 0.800693 
2.27236e-08 9.01071e-07 1.87924e-05 0.000125939 0.000603158 0.00307791 0.0102852 0.0830586 0.65706 0.24577 
9.54223e-08 4.63941e-06 0.00012017 0.000271233 0.00111026 0.00214331 0.00691793 0.0182931 0.0568556 0.914284 
1.91022e-07 4.63461e-06 8.44539e-05 0.00012433 0.000509568 0.00237708 0.0200097 0.81113 0.103364 0.0623952 
2.14625e-09 7.04852e-08 8.2845e-07 5.64163e-06 2.03604e-05 0.000180652 0.0012917 0.00443628 0.034603 0.959462 
1.43708e-08 6.33794e-07 6.17028e-06 0.000120789 0.000289446 0.0013897 0.00846784 0.0249774 0.0795378 0.88521 
3.11512e-06 0.000132176 0.000473425 0.00277058 0.0157166 0.101171 0.516619 0.158389 0.138895 0.0658301 
7.18057e-10 3.07583e-08 3.17388e-07 8.41495e-06 8.60361e-06 0.000127622 0.00112186 0.00185819 0.0075164 0.989359 
1.52909e-07 7.29741e-06 0.000212331 0.000469473 0.00121998 0.00246287 0.0154569 0.0147065 0.117464 0.848 
