17944
1.72714e-08 1.40574e-05 0.00455417 0.924482 0.0525455 0.0178516 0.000548192 4.51816e-06 1.70867e-07 4.23913e-09 
1.29239e-19 1.20941e-16 1.20882e-13 8.88228e-12 1.53312e-08 6.44279e-07 0.000446839 0.00371619 0.502234 0.493602 
3.58401e-06 0.00330435 0.0253044 0.916881 0.0391627 0.014767 0.000571937 5.20228e-06 1.01236e-07 7.72358e-10 
1.69473e-19 1.61696e-16 1.68932e-13 1.24466e-11 2.31922e-08 9.47919e-07 0.000547989 0.00882096 0.984863 0.00576748 
1.36259e-13 1.0959e-10 6.04583e-08 7.04561e-06 0.000600388 0.00549839 0.980158 0.0101715 0.00340888 0.000155671 
4.46526e-23 4.22991e-20 4.73423e-17 8.6588e-15 4.32469e-12 2.91154e-10 2.96081e-05 0.000223041 0.00382396 0.995923 
7.7915e-09 2.58293e-06 0.000455319 0.00586562 0.0240579 0.962073 0.00745046 9.40199e-05 7.60937e-07 9.67525e-10 
3.97745e-23 3.78363e-20 4.15984e-17 7.71314e-15 1.42548e-12 1.30797e-10 1.8755e-05 0.000105783 0.00195524 0.99792 
1.6948e-12 9.57649e-10 1.87994e-07 3.25207e-05 0.00149852 0.958286 0.0309221 0.008728 0.000530637 1.88193e-06 
4.9537e-13 3.91933e-10 1.70541e-07 3.04712e-05 0.00163709 0.0120979 0.0387748 0.946385 0.00107256 2.16268e-06 
2.22325e-34 8.46909e-31 2.59457e-26 8.06358e-23 2.38558e-18 1.00278e-14 1.46698e-09 9.33921e-07 0.000225823 0.999773 
4.22619e-23 3.99908e-20 4.50665e-17 8.09183e-15 4.85092e-12 3.14637e-10 3.36102e-05 0.000248404 0.00397585 0.995742 
4.75776e-20 4.46166e-17 4.80541e-14 3.84702e-12 2.5587e-09 1.38169e-07 0.000201746 0.000569351 0.00241114 0.996818 
1.10781e-17 1.01708e-14 9.6977e-12 1.9145e-09 1.40329e-07 7.69714e-05 0.00215922 0.010049 0.984335 0.0033801 
1.60982e-19 1.55588e-16 1.59991e-13 9.06088e-12 5.68568e-09 2.43906e-07 0.000289203 0.00112768 0.00612634 0.992457 
3.06802e-19 2.93245e-16 3.04325e-13 1.9999e-11 2.36504e-08 1.02338e-06 0.00111433 0.494613 0.501159 0.00311315 
3.10893e-13 2.50378e-10 1.14229e-07 2.31538e-05 0.00111154 0.00989266 0.0240485 0.962713 0.00220999 1.45193e-06 
0.000303574 0.00448921 0.908981 0.0648206 0.0206481 0.000724458 3.30686e-05 1.90915e-08 9.33334e-11 1.89868e-12 
2.2102e-17 1.69005e-14 9.58003e-12 1.80865e-09 1.82391e-07 0.000157603 0.00366062 0.978267 0.0151175 0.00279721 
1.19215e-19 1.12599e-16 1.09645e-13 6.18272e-12 4.25367e-09 1.88055e-07 0.000335981 0.00180054 0.99144 0.00642315 
2.33162e-19 2.22947e-16 2.32146e-13 1.5886e-11 1.97798e-08 8.48234e-07 0.000618047 0.00714975 0.988311 0.00392063 
1.75755e-19 1.7046e-16 1.7595e-13 9.73483e-12 5.50309e-09 2.33545e-07 0.000218641 0.00068168 0.00209054 0.997009 
6.03273e-23 5.7163e-20 6.42687e-17 1.15713e-14 5.96606e-12 4.11898e-10 6.02064e-05 0.000688324 0.00598004 0.993271 
1.81373e-14 1.71986e-11 1.86697e-08 3.43145e-06 0.000179859 0.0054574 0.969056 0.0185381 0.00644538 0.00031941 
1.00602e-14 9.63828e-12 1.02508e-08 1.91084e-06 0.00011908 0.00290344 0.987744 0.00668606 0.00242622 0.000119278 
9.63595e-20 9.00215e-17 9.67911e-14 8.9268e-12 1.68332e-08 7.18559e-07 0.00041189 0.00356195 0.0105596 0.985466 
3.00915e-13 2.39335e-10 1.24889e-07 2.0276e-05 0.00119188 0.00679121 0.0190099 0.964595 0.00749215 0.000899376 
9.98994e-17 6.94486e-14 2.63285e-11 4.81956e-09 3.43743e-07 0.000261403 0.00174537 0.00919739 0.977115 0.0116801 
4.93306e-20 4.51753e-17 4.42159e-14 3.30572e-12 3.02162e-09 1.49745e-07 0.000265517 0.0029966 0.0105507 0.986187 
1.11723e-10 5.51876e-08 1.35103e-06 0.00026677 0.00295005 0.00851667 0.985528 0.00262068 0.000116246 1.07257e-07 
1.57226e-15 1.6017e-12 1.52271e-09 1.43524e-07 7.91631e-05 0.000660743 0.962918 0.028007 0.00811122 0.000224191 
1.13288e-16 8.21283e-14 3.90725e-11 7.84222e-09 1.20911e-05 0.000805849 0.968034 0.021103 0.00914373 0.000900952 
1.8125e-10 1.22656e-07 2.32297e-05 0.000913148 0.0147228 0.967468 0.014046 0.0025522 0.000273175 9.0533e-07 
3.55042e-12 2.09253e-09 6.33997e-07 6.65006e-05 0.00276256 0.0120182 0.976456 0.00810592 0.000589194 1.39129e-06 
2.9038e-13 2.22598e-10 7.13722e-08 1.72518e-05 0.000865957 0.00860419 0.970848 0.0162927 0.00334726 2.48949e-05 
9.59595e-17 6.88663e-14 3.19763e-11 5.90978e-09 4.72618e-07 0.000308286 0.00673965 0.983029 0.00949989 0.000422926 
4.80478e-22 4.4515e-19 4.22953e-16 3.44487e-14 2.5954e-11 2.01206e-09 6.19056e-05 0.000413547 0.00434836 0.995176 
9.71229e-24 9.19771e-21 1.03491e-17 1.80908e-15 1.01514e-12 6.12289e-11 4.99171e-06 2.55913e-05 0.000952439 0.999017 
2.77344e-13 2.1361e-10 7.80201e-08 1.54136e-05 0.000759183 0.00555792 0.979897 0.0116601 0.00210876 1.86768e-06 
1.83078e-31 4.31411e-28 9.79205e-24 3.33418e-21 3.70111e-17 2.2078e-14 4.14452e-09 1.2613e-05 0.000661386 0.999326 
4.04829e-13 3.18969e-10 1.38803e-07 2.4761e-05 0.00141693 0.0116015 0.977536 0.00888565 0.000533354 1.64879e-06 
6.50352e-23 6.15936e-20 6.93561e-17 1.25139e-14 6.79603e-12 4.33189e-10 6.99197e-05 0.000395203 0.00556356 0.993971 
1.29556e-11 1.12784e-08 1.19454e-05 0.00102771 0.656054 0.0137239 0.323008 0.00517017 0.00100154 1.7772e-06 
3.81411e-23 3.62959e-20 3.99369e-17 7.39206e-15 1.08415e-12 6.97259e-11 4.64977e-05 0.000237328 0.00358934 0.996127 
0.00954307 0.651968 0.332958 0.00501176 0.000518533 8.65868e-07 1.64205e-08 2.74098e-09 2.00659e-12 1.00782e-17 
7.50029e-09 2.78418e-06 0.000530693 0.00608366 0.0221908 0.952008 0.01908 0.000103174 7.62317e-07 1.10341e-09 
1.53882e-17 1.45207e-14 1.5474e-11 2.93121e-09 2.28913e-07 6.98512e-05 0.00505822 0.983885 0.00889658 0.00208984 
7.7565e-17 5.2488e-14 1.70782e-11 3.13213e-09 2.16297e-07 0.000112342 0.00235076 0.988285 0.00791339 0.00133862 
2.94711e-13 2.19133e-10 4.91394e-08 1.14396e-05 0.000591576 0.00671889 0.965987 0.0210655 0.00540022 0.000225426 
5.62415e-23 5.3283e-20 5.99217e-17 1.08724e-14 5.6687e-12 3.64906e-10 6.09986e-05 0.000365248 0.00504713 0.994527 
4.09795e-19 3.97843e-16 4.08483e-13 2.2056e-11 1.20434e-08 5.06558e-07 0.000548539 0.00258091 0.98757 0.00929999 
7.88431e-21 7.42751e-18 7.05868e-15 3.62585e-13 3.05959e-10 1.14282e-08 8.13406e-05 0.000440915 0.988268 0.01121 
3.07045e-10 1.72435e-07 6.19861e-06 0.0010893 0.0178621 0.970249 0.010189 0.000592605 1.10751e-05 8.59199e-08 
2.97549e-09 1.49809e-06 0.000453736 0.00652534 0.212423 0.509825 0.26996 0.000805524 5.8625e-06 3.9197e-08 
1.76524e-16 1.20703e-13 4.29234e-11 7.70283e-09 5.76089e-07 0.000361143 0.00596664 0.0221968 0.970635 0.000839985 
3.20983e-06 0.000426402 0.00790415 0.930022 0.0470338 0.0141645 0.000444636 1.28826e-06 7.01888e-08 4.01798e-09 
1.36127e-13 1.1553e-10 8.49182e-08 1.9658e-05 0.000725124 0.00993502 0.978501 0.00882546 0.00197865 1.48544e-05 
4.33207e-18 4.07146e-15 4.33497e-12 7.56327e-10 1.22353e-07 4.03449e-05 0.00398961 0.979966 0.0130016 0.00300216 
4.60398e-13 3.7195e-10 1.75801e-07 2.87779e-05 0.00152157 0.0124004 0.976661 0.0088954 0.000490831 1.68419e-06 
3.83299e-23 3.62957e-20 4.1185e-17 7.34859e-15 5.00921e-12 3.30403e-10 4.1537e-05 0.000576077 0.990322 0.00906009 
0.00486683 0.503917 0.48366 0.00730912 0.000246364 2.11762e-07 1.58226e-08 4.5795e-09 3.32962e-12 5.26183e-18 
1.21886e-20 1.00204e-17 7.63231e-15 7.14167e-13 2.28809e-10 2.76445e-08 0.000178904 0.0010099 0.989637 0.00917414 
6.04531e-23 5.72632e-20 6.43244e-17 1.16445e-14 6.18986e-12 3.98027e-10 4.7761e-05 0.000381349 0.00521402 0.994357 
6.25875e-23 5.92201e-20 6.68057e-17 1.19664e-14 7.28242e-12 4.64629e-10 6.3057e-05 0.000371183 0.00480822 0.994758 
3.64046e-19 3.47886e-16 3.57582e-13 2.20496e-11 1.26527e-08 6.10193e-07 0.000738427 0.00207729 0.0069337 0.99025 
5.79428e-23 5.48475e-20 6.16585e-17 1.10795e-14 6.26688e-12 3.96734e-10 5.06917e-05 0.000285155 0.00416401 0.9955 
4.78641e-23 4.52788e-20 5.08947e-17 9.12209e-15 5.43559e-12 3.35276e-10 4.49639e-05 0.000241371 0.00353804 0.996176 
2.75276e-13 2.13198e-10 7.98387e-08 1.57777e-05 0.000982121 0.487429 0.500479 0.00933174 0.00175714 4.93815e-06 
2.25415e-18 2.03705e-15 1.80921e-12 2.80908e-10 5.68021e-08 1.62095e-05 0.00220193 0.96632 0.0250311 0.00643113 
1.53615e-13 1.16138e-10 5.55537e-08 6.58422e-06 0.000587846 0.00381738 0.128308 0.863167 0.00396906 0.00014442 
1.18838e-15 1.10064e-12 1.32631e-10 2.39991e-08 1.158e-06 0.000376674 0.00602432 0.98499 0.00819175 0.000415753 
1.18954e-20 8.82657e-18 6.58299e-15 1.55594e-12 5.91947e-09 2.39442e-07 0.000203418 0.00116394 0.00514204 0.99349 
3.46139e-13 2.71984e-10 1.11313e-07 2.39014e-05 0.00111982 0.0101443 0.980895 0.00743053 0.000385294 1.22098e-06 
2.03015e-10 1.14294e-07 4.64062e-06 0.00103409 0.945204 0.0386175 0.0124663 0.00257916 9.36868e-05 1.01219e-06 
1.76561e-23 1.66942e-20 1.9093e-17 3.35581e-15 2.46662e-12 1.59206e-10 2.70643e-05 0.000157673 0.00282595 0.996989 
1.41388e-10 8.20803e-08 3.139e-06 0.00052128 0.00778713 0.965929 0.0211929 0.00437989 0.000185818 9.54925e-07 
1.696e-13 1.3825e-10 8.82599e-08 1.27858e-05 0.000945314 0.00834663 0.0244306 0.965373 0.000889243 2.02606e-06 
1.7426e-19 1.63019e-16 1.73352e-13 1.42035e-11 1.47067e-08 7.08831e-07 0.000646316 0.00542566 0.989992 0.00393503 
8.40264e-07 0.000279728 0.00417952 0.0254626 0.952385 0.0170024 0.000683124 6.22777e-06 1.15915e-07 2.70778e-09 
3.31017e-23 3.13115e-20 3.54439e-17 6.33704e-15 4.28872e-12 2.7129e-10 2.32701e-05 0.000180851 0.00300035 0.996796 
4.049e-23 3.85394e-20 4.29585e-17 7.98826e-15 1.78211e-12 1.23811e-10 5.90092e-05 0.000333802 0.00451287 0.995094 
2.73715e-19 2.62363e-16 2.61545e-13 1.49252e-11 1.66578e-08 7.87931e-07 0.00111429 0.977234 0.0174589 0.00419224 
4.14249e-19 3.9598e-16 4.118e-13 2.70817e-11 2.48042e-08 1.10678e-06 0.000949228 0.00640705 0.988711 0.00393133 
2.47417e-14 1.95103e-11 8.68458e-09 1.1152e-06 0.000128934 0.00359695 0.964459 0.0232291 0.00831537 0.000269751 
7.2209e-06 0.00320379 0.700082 0.285248 0.0107746 0.00063255 5.18391e-05 4.60912e-08 3.20944e-10 9.5689e-12 
3.88637e-13 3.58817e-10 3.51721e-07 0.000132815 0.951659 0.0286891 0.0149765 0.004188 0.000352786 1.12258e-06 
2.02158e-13 1.55021e-10 5.60769e-08 1.0739e-05 0.000564892 0.00477759 0.842605 0.150894 0.0011434 4.10655e-06 
6.63777e-09 4.17355e-06 0.00084764 0.433177 0.38329 0.152889 0.0295315 0.000256575 4.41558e-06 3.97743e-08 
7.49916e-23 7.10897e-20 7.98354e-17 1.45974e-14 7.04166e-12 4.76199e-10 7.05987e-05 0.000395611 0.0053101 0.994224 
2.06666e-14 1.98111e-11 2.1437e-08 3.88209e-06 0.000282792 0.00698112 0.963684 0.0241649 0.00461342 0.000269395 
3.00165e-14 2.85888e-11 3.02066e-08 5.46444e-06 0.000233185 0.00230411 0.961616 0.0286842 0.00697487 0.000182317 
2.04932e-16 1.53411e-13 4.74283e-11 8.58934e-09 5.88578e-07 0.000345911 0.00577576 0.986676 0.00700632 0.000195059 
2.55329e-10 1.35289e-07 6.57823e-06 0.00319395 0.95127 0.0363615 0.00853454 0.000625339 8.32707e-06 5.95111e-08 
3.87174e-14 2.92845e-11 4.3805e-09 1.30896e-06 5.32161e-05 0.000620341 0.00572933 0.985018 0.00824606 0.000332188 
6.22388e-16 5.76589e-13 5.18325e-10 2.50482e-08 3.86185e-06 0.000322696 0.00342493 0.0148224 0.978561 0.00286462 
6.39943e-25 6.02334e-22 6.81245e-19 6.69099e-17 1.19045e-13 5.38049e-12 5.31491e-09 9.27252e-08 0.000105034 0.999895 
1.03793e-08 4.59895e-06 0.00142629 0.914363 0.0620858 0.0210702 0.000995116 5.49262e-05 3.46735e-07 8.1839e-09 
3.86374e-09 1.98223e-06 0.000664545 0.00884322 0.0333702 0.952861 0.00421971 3.89485e-05 5.05645e-07 2.82016e-09 
3.21069e-19 3.09172e-16 3.25122e-13 2.12132e-11 2.40201e-08 9.92978e-07 0.000587539 0.00421252 0.0111731 0.984026 
1.31453e-17 1.01657e-14 6.76053e-12 1.2728e-09 8.89886e-08 9.856e-06 0.00208372 0.981099 0.0133912 0.00341578 
9.75577e-10 5.80124e-07 0.000110171 0.00199358 0.0182706 0.967798 0.0111322 0.00068168 1.35393e-05 1.00375e-07 
2.44465e-11 1.39017e-08 1.17492e-06 0.000200361 0.00598107 0.0235768 0.963797 0.00596731 0.000474515 1.59322e-06 
2.4848e-06 0.000449807 0.00532545 0.229343 0.76104 0.00379168 4.80148e-05 4.23758e-08 3.49134e-10 1.07878e-11 
3.76672e-19 3.59219e-16 3.64371e-13 2.16974e-11 1.20752e-08 5.71089e-07 0.000763046 0.00185178 0.984293 0.0130912 
4.28784e-13 3.98375e-10 3.82006e-07 7.55708e-05 0.0065528 0.976931 0.0124781 0.00368117 0.000280132 1.10751e-06 
0.990426 0.00871523 0.000272197 0.000583804 2.42303e-06 6.72302e-09 5.79004e-11 1.57017e-12 1.19008e-15 2.02542e-20 
6.24754e-23 5.91982e-20 6.65853e-17 1.20671e-14 6.23093e-12 4.06503e-10 6.06884e-05 0.000381855 0.00461954 0.994938 
3.38559e-06 0.000529231 0.00849989 0.962531 0.0230356 0.00514886 0.000250292 1.83245e-06 2.7677e-08 1.576e-10 
2.33267e-20 2.21395e-17 2.46424e-14 2.83278e-12 9.80199e-09 3.99914e-07 0.000234253 0.00502434 0.988318 0.00642298 
1.16067e-16 8.11784e-14 3.30481e-11 6.18313e-09 3.63178e-06 0.000677599 0.975069 0.0176791 0.00641357 0.000157286 
2.95837e-18 3.21145e-15 2.3722e-11 5.84602e-09 2.76181e-05 0.0018043 0.976942 0.00920844 0.00952386 0.00249342 
1.87798e-19 1.74047e-16 1.76329e-13 1.41552e-11 2.09012e-08 9.31117e-07 0.000784236 0.00753606 0.985517 0.00616191 
3.43406e-23 3.24757e-20 3.67307e-17 6.58795e-15 4.34075e-12 2.80908e-10 2.43121e-05 0.000228002 0.00294205 0.996806 
4.47923e-20 3.72337e-17 3.19086e-14 3.72987e-12 5.60074e-09 2.85249e-07 0.000404279 0.00225553 0.00744991 0.98989 
1.92175e-20 1.75422e-17 2.40584e-14 3.11879e-12 2.63819e-09 1.50734e-07 0.000154008 0.000670041 0.00511889 0.994057 
2.21869e-19 2.06359e-16 2.05594e-13 1.50227e-11 1.9633e-08 8.72936e-07 0.000868475 0.00832281 0.985687 0.00512107 
1.18744e-11 1.59561e-08 1.76707e-06 0.00046627 0.94376 0.0358871 0.0154467 0.00414775 0.000288429 1.57482e-06 
3.80119e-14 3.1572e-11 1.27994e-08 1.68011e-06 0.000111132 0.000762322 0.00721848 0.980918 0.0103863 0.00060204 
5.59819e-23 5.30374e-20 5.97174e-17 1.10951e-14 5.84744e-12 3.8751e-10 5.54368e-05 0.000347134 0.00471107 0.994886 
1.84895e-24 1.75931e-21 1.93815e-18 3.59174e-16 6.35973e-14 3.59408e-12 1.43929e-06 1.44652e-05 0.000912925 0.999071 
5.54172e-19 5.28409e-16 5.45158e-13 3.56493e-11 3.32465e-08 1.47885e-06 0.00125724 0.00814644 0.985842 0.00475244 
3.35008e-13 2.64472e-10 1.09846e-07 2.19193e-05 0.00112161 0.00839504 0.975734 0.0127911 0.00192998 6.21866e-06 
2.13482e-19 2.03256e-16 2.12588e-13 1.47798e-11 1.49887e-08 6.75871e-07 0.000549489 0.982403 0.0136496 0.00339768 
1.0123e-17 8.59864e-15 6.34871e-12 1.10903e-09 9.28767e-08 9.12031e-05 0.00109226 0.00816002 0.0185179 0.972138 
5.30594e-23 5.04095e-20 5.66404e-17 1.04655e-14 3.90154e-12 3.19275e-10 6.13187e-05 0.000363795 0.00469185 0.994883 
5.00695e-20 4.59731e-17 4.66982e-14 4.63872e-12 1.17218e-08 4.9357e-07 0.00035113 0.00314688 0.00971332 0.986788 
7.70147e-14 5.9011e-11 6.58934e-09 2.31867e-06 0.000100459 0.000596805 0.0400366 0.643042 0.315785 0.000437147 
1.06857e-15 9.81711e-13 1.00761e-09 1.85196e-07 4.28651e-05 0.00245799 0.976384 0.015583 0.00539685 0.000134798 
4.31288e-19 4.12506e-16 4.27049e-13 2.72367e-11 2.2222e-08 9.88658e-07 0.000924353 0.00595676 0.986503 0.00661505 
4.99527e-12 3.62653e-09 4.11829e-07 6.97882e-05 0.00339828 0.955964 0.0316614 0.00840206 0.000502081 1.77582e-06 
2.4961e-19 2.38613e-16 2.49278e-13 1.64756e-11 1.41159e-08 6.34189e-07 0.000611846 0.00545099 0.987062 0.00687428 
1.73422e-13 1.40471e-10 7.86825e-08 1.61914e-05 0.00115078 0.327098 0.66672 0.00475688 0.000256966 7.0136e-07 
4.29651e-23 4.08835e-20 4.48759e-17 8.3022e-15 1.17813e-12 7.07272e-11 4.15806e-05 0.000209836 0.00288323 0.996865 
6.58194e-23 6.24249e-20 6.99706e-17 1.30171e-14 5.80641e-12 3.85316e-10 5.75812e-05 0.000352144 0.00430827 0.995282 
2.47246e-10 1.36947e-07 5.3701e-06 0.000942394 0.0162524 0.970688 0.011315 0.000779423 1.70382e-05 8.77645e-08 
6.37084e-23 6.03228e-20 6.75574e-17 1.21768e-14 6.53035e-12 4.1264e-10 3.39672e-05 0.000289587 0.00326936 0.996407 
4.72749e-23 4.47963e-20 5.03013e-17 9.19836e-15 4.4999e-12 2.66029e-10 5.60229e-05 0.000332161 0.00458298 0.995029 
1.03204e-16 7.04254e-14 2.42767e-11 4.42212e-09 3.26934e-07 0.00019978 0.00375358 0.980814 0.0134452 0.00178675 
4.11357e-23 3.9013e-20 4.37779e-17 7.99218e-15 3.56138e-12 2.24955e-10 0.000107309 0.00107716 0.989735 0.00908087 
5.22817e-19 4.9806e-16 5.09985e-13 3.2654e-11 2.86328e-08 1.28012e-06 0.00118782 0.0074805 0.986612 0.00471836 
2.97126e-18 2.6014e-15 2.11356e-12 4.20959e-10 4.24012e-08 1.52066e-05 0.000740387 0.00521055 0.98774 0.00629392 
7.13885e-09 2.72493e-06 0.000540743 0.0110749 0.949491 0.033917 0.0048781 9.50894e-05 6.22592e-07 6.87225e-09 
5.60509e-06 0.00116453 0.0181838 0.947918 0.0302391 0.00236061 0.000127797 5.73935e-07 4.66902e-09 6.02142e-11 
1.2135e-12 1.11517e-09 2.59107e-07 5.1844e-05 0.00252046 0.964805 0.0252369 0.00694971 0.000434331 1.25828e-06 
3.10187e-20 2.90551e-17 2.72607e-14 1.38342e-12 1.30586e-09 4.79187e-08 0.000164868 0.69205 0.293312 0.0144725 
2.32862e-23 2.1981e-20 2.52061e-17 4.48447e-15 3.62757e-12 2.37095e-10 4.4649e-05 0.000234175 0.00363587 0.996085 
9.3515e-20 8.51801e-17 8.77495e-14 8.07436e-12 1.20258e-08 5.80881e-07 0.00062565 0.00535466 0.991524 0.00249465 
9.1129e-17 6.29692e-14 2.48032e-11 4.41622e-09 3.11021e-07 0.000123428 0.00297248 0.0108103 0.983475 0.0026184 
5.81398e-23 5.45836e-20 6.28051e-17 1.14617e-14 6.3668e-12 5.22025e-10 3.18149e-05 0.000284042 0.00410198 0.995582 
9.83396e-24 9.12624e-21 1.06942e-17 1.79467e-15 3.53634e-12 1.767e-10 6.47233e-07 8.59165e-05 0.00241618 0.997497 
8.50795e-39 1.15311e-34 1.90257e-30 3.92741e-25 5.50834e-20 7.95823e-16 5.14979e-12 9.33552e-07 8.51019e-05 0.999914 
2.47089e-19 2.33945e-16 2.40181e-13 1.58154e-11 9.92611e-09 4.98357e-07 0.000729069 0.00475486 0.0142858 0.98023 
5.59957e-13 4.6063e-10 2.66492e-07 5.56073e-05 0.00435305 0.955756 0.0317651 0.00745803 0.000610096 2.09216e-06 
1.46554e-09 5.43393e-07 0.000113043 0.0020953 0.0116704 0.495901 0.487734 0.00242257 6.30352e-05 5.91634e-08 
8.43578e-18 7.70469e-15 7.62367e-12 1.49098e-09 1.36273e-07 4.23689e-05 0.00311025 0.982262 0.0122584 0.00232668 
0.000283755 0.00433206 0.0217426 0.0412421 0.925968 0.00639898 3.20611e-05 2.90323e-08 1.16688e-10 1.08356e-12 
5.51682e-23 5.22866e-20 5.84761e-17 1.07484e-14 5.06498e-12 3.30301e-10 5.43131e-05 0.000326415 0.00484799 0.994771 
1.48187e-24 1.35492e-21 2.11203e-18 3.79668e-16 1.12949e-12 7.453e-11 3.96504e-05 6.68429e-05 0.00158382 0.99831 
7.03424e-09 2.74093e-06 0.000568234 0.00958425 0.688618 0.297592 0.00358504 4.86261e-05 5.07007e-07 6.49222e-09 
2.62414e-17 2.25825e-14 1.7623e-11 3.29049e-09 2.3567e-07 0.000204006 0.00200046 0.772827 0.221447 0.00352094 
5.33623e-06 0.000954511 0.0114407 0.921483 0.0555126 0.0102881 0.000314196 1.14243e-06 2.25935e-08 1.16322e-10 
2.77845e-13 2.00259e-10 4.29417e-08 9.92214e-06 0.000456582 0.00275272 0.201448 0.570385 0.223704 0.00124447 
2.57177e-17 2.1087e-14 1.42455e-11 2.5413e-09 2.00259e-07 0.000196199 0.00100197 0.00801982 0.986853 0.00392872 
5.55185e-06 0.000995454 0.0170191 0.948879 0.0295357 0.00321106 0.000352893 1.04184e-06 2.87896e-08 7.64476e-11 
9.32699e-21 7.20497e-18 7.13953e-15 1.67694e-12 5.76751e-09 2.47891e-07 0.000197748 0.00259879 0.990935 0.00626851 
2.82642e-10 1.51718e-07 5.4401e-06 0.000928541 0.0111095 0.22289 0.0193706 0.745401 0.000294407 1.87107e-07 
6.77472e-24 6.28759e-21 7.93969e-18 1.2045e-15 3.02638e-12 1.87447e-10 3.80404e-05 0.000142671 0.0033317 0.996488 
1.47651e-17 1.33717e-14 1.21978e-11 2.36615e-09 1.74543e-07 9.87709e-05 0.00227491 0.0109041 0.984544 0.0021782 
1.76678e-16 1.23511e-13 5.04868e-11 9.13397e-09 6.95325e-07 0.000402352 0.00815175 0.98038 0.010505 0.000559857 
1.55028e-17 1.32219e-14 1.0074e-11 1.81629e-09 1.43306e-07 0.000135848 0.00141529 0.978172 0.0165992 0.00367756 
1.1756e-10 6.4894e-08 2.75951e-06 0.000455581 0.0329253 0.918694 0.0477087 0.000207849 5.32118e-06 3.69107e-08 
1.13563e-23 1.06919e-20 1.28778e-17 2.28094e-15 2.88365e-12 2.0113e-10 3.36785e-05 0.000185091 0.00340433 0.996377 
6.57786e-23 6.23705e-20 7.21449e-17 1.32462e-14 9.97409e-12 6.92404e-10 0.000123459 0.0022324 0.986882 0.010762 
1.28227e-17 1.11832e-14 8.92515e-12 1.62951e-09 1.40326e-07 0.000117204 0.00122542 0.00513191 0.0115852 0.98194 
1.27973e-18 1.21742e-15 1.3414e-12 2.12615e-10 6.93213e-08 1.50279e-05 0.00308456 0.971386 0.0213321 0.00418243 
6.25048e-10 2.44076e-07 1.46707e-05 0.000956748 0.00850898 0.0219759 0.961896 0.00626417 0.000382641 7.56329e-07 
4.36782e-23 4.13482e-20 4.6871e-17 8.49583e-15 5.39717e-12 3.62584e-10 5.76751e-05 0.000561998 0.00565801 0.993722 
6.90368e-17 4.37577e-14 7.51784e-12 1.14372e-09 1.0679e-07 4.78961e-05 0.00136377 0.978101 0.0165841 0.00390303 
4.88472e-23 4.63854e-20 5.11251e-17 9.38037e-15 2.69703e-12 1.89423e-10 1.67432e-07 4.19242e-05 0.000534947 0.999423 
1.56865e-15 1.79811e-12 1.54939e-09 4.47147e-07 7.25993e-05 0.00139907 0.96584 0.0244576 0.00801183 0.000218133 
7.31349e-24 6.96847e-21 7.95523e-18 1.48573e-15 3.69874e-13 3.55318e-11 3.53217e-05 0.000147548 0.00217254 0.997645 
2.36897e-13 1.89418e-10 7.15507e-08 1.17809e-05 0.000778844 0.00448685 0.406325 0.582888 0.00525576 0.000254303 
7.00132e-11 4.96343e-08 3.65083e-06 0.000545983 0.0122064 0.0312641 0.950984 0.00465163 0.000343243 1.33394e-06 
5.00792e-23 4.74058e-20 5.31395e-17 9.57608e-15 5.32472e-12 3.36756e-10 2.98035e-05 0.000267211 0.00349137 0.996212 
1.12528e-10 6.75682e-08 3.00503e-06 0.000612278 0.00732421 0.0239967 0.962181 0.00548164 0.000400003 1.47732e-06 
7.77522e-17 5.51131e-14 2.38443e-11 4.4558e-09 3.25601e-07 0.000194434 0.00278106 0.982735 0.0122035 0.00208599 
2.76908e-23 2.61445e-20 2.99215e-17 5.31519e-15 4.0187e-12 2.77936e-10 6.10752e-05 0.000252788 0.00379207 0.995894 
4.52224e-21 4.17091e-18 3.81774e-15 2.08715e-13 2.30773e-10 8.716e-09 8.29028e-05 0.000402112 0.00496849 0.994546 
3.45631e-18 2.8856e-15 2.03379e-12 2.8918e-10 4.11967e-08 2.86109e-05 0.00100206 0.976655 0.0178908 0.00442367 
4.34193e-19 4.11104e-16 4.24487e-13 2.96946e-11 3.22456e-08 1.44243e-06 0.00124276 0.0107497 0.981674 0.00633162 
3.76614e-23 3.56653e-20 4.00612e-17 7.0991e-15 3.86334e-12 2.47575e-10 4.42559e-05 0.000326848 0.00595813 0.993671 
3.49634e-10 2.88776e-07 0.000188831 0.00681327 0.961889 0.0243264 0.00636097 0.000411452 9.85496e-06 7.36614e-08 
1.89868e-10 9.52733e-08 2.45788e-06 0.000514407 0.00489309 0.0155522 0.972782 0.00602812 0.000226709 6.28378e-07 
1.14488e-20 8.33898e-18 4.47046e-15 8.21292e-13 9.83954e-11 5.04272e-08 0.000241388 0.000915216 0.00615002 0.992693 
1.86448e-16 1.31373e-13 5.54652e-11 1.01836e-08 7.30336e-07 0.000472808 0.00656421 0.983595 0.0089317 0.00043506 
4.4241e-34 2.12186e-30 3.87827e-26 3.45674e-22 8.84665e-18 1.4543e-14 1.04216e-08 1.23393e-05 0.00105194 0.998936 
1.2453e-16 9.93716e-14 3.28233e-10 7.34662e-08 7.80592e-05 0.00437761 0.968739 0.015527 0.00967819 0.0016 
3.51299e-20 2.96566e-17 2.59839e-14 2.99556e-12 4.42211e-09 2.48076e-07 0.000416169 0.00521097 0.987649 0.00672389 
8.96084e-18 8.59025e-15 9.46975e-12 1.83133e-09 1.25293e-07 1.96669e-05 0.00202837 0.00872842 0.984802 0.00442116 
3.49821e-13 2.71732e-10 9.30802e-08 1.85753e-05 0.00105651 0.0095529 0.981501 0.00748589 0.000384047 1.21907e-06 
9.55646e-18 7.95472e-15 5.47097e-12 9.86135e-10 7.53596e-08 6.9257e-05 0.000632133 0.00668951 0.987739 0.00487033 
4.14255e-19 3.92848e-16 4.06544e-13 2.80953e-11 2.87834e-08 1.52487e-06 0.00169173 0.97693 0.0171131 0.00426371 
7.01754e-12 3.52114e-09 3.62613e-07 3.41086e-05 0.0017375 0.00769062 0.272139 0.64481 0.0735491 4.0128e-05 
4.26068e-11 2.28775e-08 1.48212e-06 0.000200435 0.00802193 0.973826 0.0140252 0.00372197 0.000202536 7.64875e-07 
1.44744e-18 1.2338e-15 9.33348e-13 1.47536e-10 2.65548e-08 8.84964e-06 0.000832817 0.00676181 0.98879 0.00360613 
9.69154e-24 9.22307e-21 1.02012e-17 1.8922e-15 3.50211e-13 2.18312e-11 1.18373e-05 4.50092e-05 0.00110396 0.998839 
9.14285e-25 8.60644e-22 9.64177e-19 9.03742e-17 1.31106e-13 7.42588e-12 2.95501e-08 4.39832e-05 0.00037202 0.999584 
9.96148e-17 6.87756e-14 2.60465e-11 4.80252e-09 3.77523e-07 0.000203614 0.00478183 0.988574 0.00616618 0.000273762 
1.0829e-23 1.02928e-20 1.16088e-17 2.16123e-15 7.75378e-13 5.14003e-11 2.60388e-05 0.000173274 0.00251419 0.997287 
4.36997e-17 3.17773e-14 1.50159e-11 2.70068e-09 2.45074e-07 0.000173832 0.00444904 0.978155 0.0146443 0.002578 
1.51553e-22 1.46285e-19 1.92919e-16 4.25029e-14 1.2985e-10 5.52017e-09 9.31097e-05 0.00196332 0.990876 0.00706713 
4.95807e-19 4.69959e-16 4.77755e-13 3.01144e-11 1.72608e-08 8.60092e-07 0.00114342 0.003047 0.00879412 0.987015 
2.73557e-13 2.13954e-10 9.42645e-08 1.61332e-05 0.000957425 0.00898998 0.982877 0.00674684 0.000411407 1.21596e-06 
2.62204e-19 2.47292e-16 2.54467e-13 1.81776e-11 2.11517e-08 9.11532e-07 0.000639737 0.00401254 0.0102028 0.985144 
5.85677e-23 5.54072e-20 6.27753e-17 1.12877e-14 7.62752e-12 5.39173e-10 5.27027e-05 0.000844388 0.00492499 0.994178 
8.55769e-18 6.15335e-15 3.4905e-12 6.6152e-10 6.44107e-07 3.96066e-05 0.0455407 0.421325 0.507504 0.02559 
3.86185e-05 0.00242808 0.0174482 0.94069 0.0365314 0.00281238 5.09245e-05 3.07396e-08 1.96347e-10 7.44079e-12 
2.70942e-23 2.57276e-20 2.91307e-17 5.33545e-15 2.50574e-12 1.83205e-10 7.37193e-05 0.000816905 0.561998 0.437111 
3.49717e-22 2.76267e-19 2.14735e-16 3.9703e-14 1.15998e-11 1.43638e-09 3.35685e-05 0.000313016 0.00375085 0.995903 
2.46719e-10 1.45059e-07 9.60294e-06 0.000881456 0.0146509 0.974086 0.00969605 0.000663915 1.15464e-05 8.50837e-08 
9.67462e-06 0.0018429 0.0180453 0.937061 0.0380876 0.00483316 0.000120466 1.16714e-07 1.00684e-09 2.90497e-11 
3.58797e-19 3.40077e-16 3.48984e-13 2.36407e-11 2.38961e-08 1.05894e-06 0.000976165 0.0068611 0.985493 0.00666888 
8.85958e-14 7.00688e-11 2.59641e-08 5.30208e-06 0.000236661 0.00323354 0.925349 0.0701949 0.000915091 6.5494e-05 
3.92197e-19 3.72007e-16 3.84083e-13 2.63906e-11 2.68319e-08 1.20164e-06 0.000974746 0.00599493 0.0140254 0.979004 
3.15133e-13 2.48086e-10 1.25943e-07 1.89899e-05 0.00121535 0.0103027 0.974759 0.0117361 0.00178118 0.00018669 
4.65763e-09 1.76042e-06 0.000532641 0.0101909 0.97248 0.0143951 0.00214129 0.000258219 5.20222e-07 2.08455e-09 
3.86177e-19 3.68075e-16 3.96384e-13 3.76827e-11 3.19549e-08 8.46995e-06 0.00114463 0.00910507 0.985311 0.00443126 
5.2781e-17 3.74307e-14 1.59255e-11 2.86518e-09 2.22411e-07 0.000162511 0.00255368 0.00964874 0.986933 0.000701419 
9.22801e-24 8.61391e-21 1.04022e-17 1.7128e-15 3.01148e-12 1.86681e-10 3.37575e-05 0.000214844 0.00291374 0.996838 
3.32053e-19 3.15184e-16 3.24205e-13 2.13896e-11 1.66111e-08 7.68046e-07 0.000764055 0.00451675 0.987785 0.00693319 
3.70102e-19 3.53982e-16 3.62274e-13 2.27154e-11 2.25413e-08 9.76477e-07 0.000819611 0.00656125 0.989041 0.00357665 
7.4817e-09 3.17014e-06 0.00094732 0.0170531 0.955988 0.0227651 0.0032073 3.57559e-05 4.90333e-07 4.20067e-09 
5.16153e-17 3.611e-14 1.36602e-11 2.53351e-09 2.10672e-07 0.00017871 0.00281022 0.983887 0.0112595 0.00186441 
8.52495e-15 8.4092e-12 7.68988e-09 7.13013e-07 5.32884e-05 0.000673802 0.00662923 0.97466 0.0167451 0.0012382 
1.42967e-19 1.34347e-16 1.38519e-13 1.09329e-11 1.89097e-08 8.09395e-07 0.00060983 0.00837437 0.985121 0.00589427 
3.34912e-19 3.16133e-16 3.17797e-13 2.03889e-11 1.46576e-08 7.21921e-07 0.000893666 0.00465364 0.985655 0.00879693 
1.94749e-14 1.34102e-11 3.5156e-09 8.71608e-07 2.3474e-05 0.000624597 0.00699102 0.983702 0.00834795 0.000310118 
4.77359e-17 3.55828e-14 2.16876e-11 4.65493e-09 1.34618e-05 0.00840045 0.726812 0.1719 0.0920799 0.000793708 
5.31554e-21 3.78066e-18 3.31456e-15 6.92577e-13 4.726e-10 3.41393e-08 0.000162433 0.00235933 0.988794 0.00868402 
5.32704e-09 2.23589e-06 0.000510446 0.118379 0.854133 0.0237448 0.00315996 6.87371e-05 1.85424e-06 1.43936e-08 
1.03471e-10 4.99205e-08 1.32335e-06 0.00016573 0.00311757 0.0141143 0.973903 0.00824823 0.000448488 1.10501e-06 
9.69109e-18 7.9166e-15 5.16409e-12 8.53772e-10 7.17771e-08 9.1021e-05 0.00149285 0.978161 0.0163779 0.00387718 
7.66998e-14 5.86128e-11 1.24744e-08 3.84732e-06 0.000105497 0.000753108 0.00565304 0.983966 0.00917889 0.000339689 
7.67268e-12 7.34681e-09 4.82588e-07 9.87055e-05 0.00233412 0.0139831 0.974419 0.008639 0.00052432 1.66082e-06 
2.28662e-13 1.78245e-10 6.82884e-08 1.67741e-05 0.000648864 0.00495322 0.957207 0.0310125 0.00607283 8.86828e-05 
9.75394e-17 6.89455e-14 2.99815e-11 5.53535e-09 4.35587e-07 0.000242419 0.00592599 0.982265 0.011339 0.000227635 
2.24759e-13 1.76753e-10 7.60643e-08 1.07703e-05 0.00073986 0.0054652 0.973251 0.0156832 0.00483072 1.95588e-05 
6.52546e-23 6.18039e-20 6.9487e-17 1.2663e-14 6.65994e-12 4.30467e-10 5.73475e-05 0.00044921 0.980703 0.0187903 
5.23611e-23 4.96991e-20 5.54184e-17 1.01888e-14 3.81065e-12 2.53289e-10 3.03571e-05 0.000226321 0.00245589 0.997287 
2.35943e-19 2.25825e-16 2.32353e-13 1.5634e-11 2.36922e-08 9.73447e-07 0.000602824 0.00789582 0.984564 0.00693612 
2.6338e-20 2.32709e-17 2.48241e-14 2.70168e-12 1.96639e-09 1.19354e-07 0.000213807 0.000992668 0.494944 0.503849 
7.73481e-07 0.000162423 0.000752517 0.0102404 0.0298682 0.957063 0.00190636 6.29459e-06 1.74404e-07 2.22134e-09 
3.41897e-19 3.23291e-16 3.33626e-13 2.33813e-11 2.33942e-08 1.07623e-06 0.000994048 0.958713 0.0310445 0.00924772 
4.73169e-12 5.64181e-09 9.81201e-07 0.000129279 0.0038167 0.0143963 0.973352 0.00787198 0.000430958 1.65126e-06 
4.83577e-22 4.1938e-19 6.0005e-16 9.96385e-14 8.78792e-11 4.94849e-09 4.74826e-06 7.79391e-05 0.00125635 0.998661 
4.70731e-23 4.46321e-20 4.98065e-17 9.13337e-15 4.06462e-12 2.66536e-10 2.36466e-05 0.00019663 0.00237639 0.997403 
5.47716e-07 0.000115644 0.00273416 0.204822 0.773946 0.0178694 0.000508646 3.58616e-06 1.3752e-07 6.59654e-09 
6.94754e-09 2.68509e-06 0.0004623 0.0070773 0.0229079 0.0339566 0.935471 0.000121017 7.7802e-07 4.05408e-09 
3.63812e-13 2.88439e-10 1.15974e-07 2.16781e-05 0.00114536 0.00995352 0.981078 0.0074396 0.000360644 1.34914e-06 
6.91462e-23 6.54638e-20 7.33988e-17 1.3211e-14 7.2253e-12 4.47903e-10 4.29044e-05 0.000336294 0.00424138 0.995379 
3.39698e-23 3.21727e-20 3.59531e-17 6.46018e-15 3.252e-12 1.87252e-10 2.77389e-05 0.000206775 0.00249608 0.997269 
4.71725e-21 4.05111e-18 5.80521e-15 1.19104e-12 3.04816e-09 1.41897e-07 0.000185356 0.00290463 0.984974 0.0119364 
4.46358e-23 4.23242e-20 4.76597e-17 8.74028e-15 4.62094e-12 3.02937e-10 5.88654e-05 0.000462203 0.00477053 0.994708 
4.04069e-13 3.14382e-10 1.25566e-07 2.30081e-05 0.00132061 0.0104072 0.978827 0.0087002 0.000719761 1.68278e-06 
1.48857e-19 1.43051e-16 1.42399e-13 7.33854e-12 4.6328e-09 1.80903e-07 0.000354141 0.00180821 0.989448 0.00838938 
1.30475e-22 1.2826e-19 2.14274e-16 5.18084e-14 2.18258e-10 9.96077e-09 8.48728e-05 0.00188549 0.00709316 0.990936 
4.03712e-21 3.7951e-18 3.86964e-15 2.71331e-13 2.13065e-10 9.95344e-09 0.000140774 0.00175182 0.985849 0.012258 
2.08242e-06 0.000832854 0.0121565 0.939707 0.037067 0.00978361 0.000446376 4.68384e-06 1.73805e-07 6.38899e-09 
2.38806e-16 1.58723e-13 5.09781e-11 8.1479e-09 7.28698e-07 0.000401175 0.00382953 0.980926 0.0131977 0.00164538 
0.000153303 0.0105848 0.0467513 0.937717 0.00465776 0.00013544 8.99207e-07 8.86256e-09 2.80203e-11 1.07623e-12 
9.38062e-18 8.08698e-15 6.21237e-12 1.2046e-09 9.0845e-08 7.98112e-05 0.000584731 0.00524756 0.501478 0.49261 
2.15342e-23 2.0418e-20 2.28209e-17 4.20878e-15 1.82899e-12 1.27579e-10 5.13722e-06 0.000103057 0.00163832 0.998253 
2.21147e-13 1.76374e-10 9.29039e-08 1.46294e-05 0.000958763 0.0078868 0.983603 0.00660786 0.000924155 4.22873e-06 
5.30823e-14 3.77869e-11 9.84757e-09 2.13889e-06 0.000229429 0.00260937 0.0133041 0.976399 0.00720645 0.000249636 
4.26559e-08 1.8314e-05 0.00132342 0.0164714 0.955234 0.0229339 0.00311139 0.000887016 1.97886e-05 3.2429e-07 
3.51879e-10 2.24806e-07 0.000143484 0.00661989 0.953853 0.0303363 0.0082618 0.000769275 1.57172e-05 1.18799e-07 
4.43177e-19 4.19896e-16 4.31983e-13 2.9464e-11 4.4285e-08 0.000249877 0.964035 0.0157839 0.0158523 0.00407933 
3.70268e-11 2.87647e-08 2.21834e-06 0.000303653 0.0102963 0.971929 0.0134443 0.00387329 0.000149387 1.46583e-06 
2.57643e-16 1.87781e-13 7.02632e-11 1.28919e-08 1.33717e-06 0.00083292 0.961216 0.0272675 0.0103207 0.000361648 
0.00075358 0.0181546 0.0527597 0.922301 0.00600843 2.28698e-05 2.94209e-07 4.92873e-10 8.38456e-13 2.73112e-15 
2.16496e-14 1.7135e-11 5.89949e-09 4.59893e-07 6.42527e-05 0.00067346 0.0058873 0.0172194 0.97498 0.00117483 
2.81977e-19 2.68957e-16 2.78231e-13 1.8366e-11 1.89077e-08 8.19639e-07 0.000583041 0.00328532 0.00773523 0.988396 
4.94272e-09 1.58787e-06 0.000247191 0.00433225 0.0360473 0.951308 0.00770195 0.000360719 1.13144e-06 2.43239e-09 
6.94369e-10 4.53719e-07 7.52059e-05 0.0024514 0.0241128 0.95759 0.0132629 0.002291 0.000215884 7.69378e-07 
2.75177e-13 2.09483e-10 7.47235e-08 1.6991e-05 0.000791297 0.00612907 0.971875 0.0176713 0.00346952 4.67644e-05 
2.74151e-23 2.58876e-20 2.95645e-17 5.23131e-15 4.14259e-12 2.64192e-10 3.09562e-05 0.000188984 0.00307028 0.99671 
1.6944e-21 1.44849e-18 1.86226e-15 4.74448e-13 2.27659e-09 1.59903e-07 0.000413164 0.493536 0.0110991 0.494952 
1.65257e-19 1.53027e-16 1.59342e-13 1.29793e-11 1.29185e-08 6.88095e-07 0.000688235 0.983068 0.0129697 0.00327312 
6.34258e-12 3.30568e-09 3.95177e-07 5.24812e-05 0.00205958 0.0113406 0.977723 0.0082909 0.00053144 1.60177e-06 
7.13847e-17 4.80347e-14 1.47869e-11 2.69496e-09 2.07911e-07 0.000116155 0.0015522 0.00949708 0.984495 0.00433911 
1.25266e-19 1.15726e-16 1.27006e-13 1.20701e-11 1.52315e-08 7.11443e-07 0.000610199 0.00366985 0.987017 0.00870249 
9.72003e-14 7.63916e-11 5.03481e-08 8.2319e-06 0.000643654 0.483136 0.0215294 0.491461 0.0031286 9.23942e-05 
8.07542e-07 0.000307737 0.00801881 0.94211 0.0351846 0.0126277 0.00159204 0.000148879 8.89873e-06 7.46562e-08 
3.34474e-24 3.15068e-21 3.70823e-18 7.19525e-16 6.33063e-13 4.23978e-11 1.33284e-05 7.72152e-05 0.00254983 0.99736 
2.75328e-19 2.61582e-16 2.68728e-13 1.83418e-11 2.18894e-08 9.45803e-07 0.000729587 0.00809538 0.985746 0.00542832 
3.0223e-19 2.8625e-16 2.89202e-13 2.03717e-11 2.20274e-08 3.28455e-06 0.00153866 0.977037 0.0170053 0.00441552 
2.23099e-16 1.5527e-13 6.10238e-11 1.11239e-08 8.25394e-07 0.000534102 0.00850536 0.979658 0.010886 0.000416043 
3.19828e-29 7.34862e-26 1.58793e-21 3.54503e-19 9.28355e-16 2.92247e-13 4.17607e-08 3.83965e-05 0.00129197 0.99867 
3.92487e-13 2.99908e-10 1.08588e-07 1.92546e-05 0.00116119 0.0099525 0.979274 0.00880344 0.000787292 2.41006e-06 
5.50856e-23 5.21404e-20 5.88011e-17 1.05952e-14 6.24378e-12 3.90897e-10 6.38767e-05 0.00036777 0.989713 0.00985503 
1.02431e-21 9.98942e-19 1.42672e-15 3.526e-13 1.64059e-09 8.51579e-08 0.000125453 0.00361965 0.989011 0.00724384 
1.36972e-16 9.35104e-14 3.35969e-11 6.08722e-09 4.64436e-07 0.000213418 0.00615649 0.985921 0.00734448 0.00036457 
2.66511e-10 2.07819e-07 0.000197267 0.00493581 0.639415 0.349301 0.00579307 0.00034577 1.24746e-05 3.4442e-08 
6.39715e-23 6.0602e-20 6.81863e-17 1.25605e-14 6.55173e-12 4.32576e-10 6.2419e-05 0.000432835 0.988633 0.0108714 
2.60887e-20 2.53028e-17 2.51492e-14 1.19152e-12 6.23421e-10 2.24367e-08 9.27429e-05 0.000558316 0.988346 0.0110032 
1.71081e-13 1.30264e-10 4.78184e-08 1.06699e-05 0.000525292 0.00690353 0.023168 0.963829 0.00528735 0.000276372 
8.98665e-17 5.76646e-14 1.18184e-11 2.06389e-09 1.57151e-07 6.47723e-05 0.00163602 0.00735964 0.98621 0.00472934 
8.2663e-11 5.25437e-08 2.56291e-06 0.000321087 0.00842433 0.0218565 0.965592 0.00360236 0.000200293 4.05455e-07 
1.62804e-19 1.59342e-16 1.60548e-13 7.397e-12 3.12244e-09 1.06158e-07 0.000151407 0.000572598 0.00529796 0.993978 
1.54721e-16 1.09557e-13 4.77704e-11 8.79472e-09 6.44589e-07 0.000391661 0.00705434 0.984071 0.00827108 0.000211601 
1.20392e-19 1.11656e-16 1.24295e-13 1.1864e-11 1.3926e-08 6.72478e-07 0.00054419 0.00489591 0.012312 0.982247 
5.34249e-23 5.05542e-20 5.65513e-17 1.01026e-14 5.73537e-12 3.48289e-10 2.98466e-05 0.000239185 0.00327085 0.99646 
5.598e-15 4.13055e-12 2.68739e-09 8.70265e-07 3.7832e-05 0.00287439 0.0145282 0.974115 0.00813537 0.000308713 
2.81694e-10 1.49419e-07 4.54343e-06 0.000945423 0.0149435 0.971056 0.0108608 0.00215846 3.07943e-05 8.67833e-07 
1.41865e-16 9.92871e-14 4.09471e-11 7.49915e-09 5.90304e-07 0.000739753 0.965003 0.024508 0.00938694 0.000361819 
1.37433e-17 9.41488e-15 6.57735e-12 9.84869e-10 1.22093e-06 0.000613296 0.00565322 0.974276 0.0163639 0.00309193 
1.78764e-16 1.22925e-13 4.52762e-11 8.13599e-09 6.11141e-07 0.00037816 0.00752639 0.980475 0.0104582 0.0011619 
5.14089e-06 0.000670727 0.00762216 0.0295429 0.9514 0.0105261 0.00023212 3.97268e-07 7.86028e-09 3.33898e-11 
9.5696e-52 2.7298e-47 5.9809e-43 1.46002e-37 2.08057e-32 2.80108e-28 4.82222e-24 6.83193e-15 1.07679e-10 1 
5.39367e-09 2.24195e-06 0.00045358 0.00715107 0.0237385 0.0223236 0.944215 0.0020327 8.36995e-05 3.59278e-08 
7.48509e-17 5.16512e-14 1.98824e-11 3.61754e-09 2.61441e-07 0.000125824 0.00349013 0.988754 0.00669225 0.000937656 
2.04665e-13 1.60925e-10 7.85822e-08 1.28741e-05 0.000668529 0.00337054 0.00908776 0.978281 0.00771107 0.00086785 
5.40702e-23 5.11714e-20 5.755e-17 1.03509e-14 6.05268e-12 3.77988e-10 4.27999e-05 0.000297186 0.00367661 0.995983 
1.33683e-16 9.09819e-14 3.25777e-11 5.72562e-09 5.71678e-07 0.000696303 0.965589 0.0238727 0.00885115 0.000990009 
1.25783e-06 0.000165779 0.0024602 0.770335 0.152675 0.0741187 0.000241823 2.0119e-06 3.86013e-08 1.2407e-10 
5.7156e-18 3.94974e-15 1.58677e-12 2.77362e-10 3.10711e-08 8.57769e-06 0.00082323 0.37794 0.619991 0.00123724 
4.32962e-13 3.42454e-10 1.44119e-07 2.72494e-05 0.00141395 0.0117225 0.977367 0.00893389 0.000533584 1.64728e-06 
3.09941e-17 2.61749e-14 2.00774e-11 3.80975e-09 2.7927e-07 0.000230859 0.0022922 0.011239 0.9836 0.00263784 
1.85571e-20 1.7604e-17 1.71924e-14 9.29492e-13 7.00224e-10 2.82895e-08 8.93951e-05 0.000436409 0.00434731 0.995127 
1.06593e-16 7.27054e-14 2.55086e-11 4.65672e-09 3.28538e-07 0.000175369 0.00203093 0.98392 0.0117067 0.00216659 
1.21601e-17 1.00134e-14 6.70772e-12 1.15642e-09 9.48707e-08 0.00011353 0.000882666 0.00840012 0.98583 0.00477396 
2.43298e-08 1.43562e-05 0.00736388 0.921994 0.0479967 0.0200379 0.0021721 0.000420131 8.92687e-07 1.21958e-08 
1.60091e-23 1.52464e-20 1.71588e-17 3.19835e-15 7.85504e-13 7.07752e-11 5.68131e-05 0.000587947 0.992059 0.00729617 
3.44834e-19 3.28752e-16 3.43106e-13 2.39588e-11 2.80307e-08 1.22488e-06 0.000971871 0.970941 0.0219078 0.00617758 
4.12962e-10 2.27357e-07 0.000132868 0.00713715 0.962223 0.023959 0.00590414 0.000626916 1.61428e-05 1.2439e-07 
3.39946e-13 2.2402e-10 6.97638e-08 1.35524e-05 0.00061134 0.00533666 0.579801 0.412068 0.00210615 6.28459e-05 
2.90529e-19 2.74979e-16 2.82717e-13 1.93853e-11 1.75596e-08 8.27277e-07 0.000772804 0.00421361 0.0118741 0.983139 
2.18911e-11 1.2773e-08 1.33973e-06 0.000206566 0.00591686 0.0166185 0.971923 0.0049195 0.000412967 1.42522e-06 
3.84376e-12 3.45591e-09 3.76339e-07 6.77871e-05 0.0033997 0.966758 0.0234585 0.00593293 0.000381967 9.2681e-07 
1.63836e-18 1.48527e-15 1.3925e-12 2.21133e-10 2.75371e-08 5.5782e-06 0.000849285 0.0049771 0.0117615 0.982407 
4.22208e-10 2.58747e-07 7.92437e-05 0.00265736 0.708171 0.281116 0.00709892 0.000840858 3.69307e-05 1.51758e-07 
4.86036e-10 4.42947e-07 0.00024865 0.0078215 0.043609 0.939239 0.00857129 0.000501193 8.54856e-06 6.09938e-08 
3.73077e-09 1.32567e-06 0.000234597 0.00543671 0.0273958 0.957117 0.00917406 0.000639029 1.65735e-06 3.95167e-09 
1.58812e-25 1.64666e-22 6.2658e-19 1.42226e-16 4.07497e-13 5.83403e-11 4.80497e-05 0.00076003 0.00481588 0.994376 
5.26776e-24 5.02379e-21 5.88249e-18 1.10539e-15 3.53678e-13 3.82086e-11 3.89132e-05 0.000193861 0.00242575 0.997341 
1.51402e-09 9.62448e-07 0.000402715 0.00676703 0.031927 0.952064 0.00819411 0.00062576 1.85369e-05 1.48483e-07 
5.08117e-23 4.81905e-20 5.3996e-17 9.76574e-15 4.58682e-12 2.80063e-10 4.09565e-05 0.000251036 0.00172572 0.997982 
2.60151e-13 2.0022e-10 7.46645e-08 1.29035e-05 0.00073881 0.00599089 0.49731 0.494253 0.00169267 1.7223e-06 
2.54473e-19 2.39635e-16 2.50642e-13 1.91595e-11 3.96073e-08 0.000123157 0.970145 0.0124626 0.0142099 0.00305958 
4.36896e-19 4.12818e-16 4.14499e-13 3.80866e-11 2.72375e-08 3.58251e-06 0.000900474 0.975475 0.019477 0.00414374 
1.14593e-13 9.58613e-11 5.72269e-08 1.25505e-05 0.000505397 0.00486804 0.985684 0.00741055 0.00151346 6.2271e-06 
