2383
4.52939e-17 1.18779e-14 2.13381e-12 5.53983e-10 3.3246e-08 5.1064e-06 0.000316907 0.00204689 0.00857257 0.989058 
3.62487e-07 6.8001e-05 0.00024369 0.000645815 0.0189689 0.279961 0.362828 0.246927 0.0745533 0.0158042 
2.08677e-06 0.000396282 0.000275801 0.00324466 0.0136383 0.0343125 0.824831 0.0579576 0.0404681 0.0248735 
1.02602e-09 1.28462e-07 1.11289e-06 4.31785e-05 0.000186404 0.000218115 0.00136539 0.00282209 0.0109548 0.984409 
9.10814e-08 5.26929e-06 8.66717e-05 0.000363461 0.00405709 0.0204157 0.826569 0.0566436 0.0551915 0.0366679 
1.05953e-06 0.000186872 0.000603306 0.00482883 0.795272 0.0620125 0.0463112 0.035283 0.0313358 0.0241656 
6.91994e-10 1.12235e-07 3.59849e-07 4.99724e-06 0.00013085 0.000436451 0.00264644 0.0070191 0.0239951 0.965767 
1.32363e-09 1.66252e-07 1.52458e-06 5.59812e-05 0.000234954 0.00044308 0.00323343 0.00951332 0.033191 0.953326 
4.58186e-09 6.58213e-07 3.34915e-06 7.63402e-05 0.000614059 0.00141922 0.00736297 0.0171509 0.0443864 0.928986 
7.80217e-10 1.2507e-07 6.23408e-07 9.86292e-06 0.000196313 0.000231199 0.00212338 0.0049579 0.0167252 0.975755 
8.08505e-09 1.28111e-06 4.00849e-06 4.22774e-05 0.000727781 0.00207403 0.00715863 0.0147738 0.938559 0.0366595 
5.64158e-22 5.39342e-19 6.14141e-16 1.10846e-13 1.29924e-11 5.01865e-09 3.99572e-05 0.000150835 0.0017234 0.998086 
1.9361e-06 0.000362301 0.000466448 0.00197281 0.00807852 0.0282296 0.207648 0.517044 0.217377 0.0188192 
1.441e-07 8.59339e-06 0.000166159 0.00120137 0.00391448 0.0148592 0.0311923 0.0571014 0.863011 0.0285449 
5.7572e-11 1.01717e-08 3.87938e-08 5.62278e-07 1.10031e-05 0.000211976 0.0019896 0.00591542 0.0251268 0.966745 
8.21588e-09 1.27905e-06 1.79194e-05 3.50715e-05 0.000764889 0.00464408 0.0123619 0.0334951 0.903957 0.0447231 
6.98124e-17 2.0674e-14 3.9415e-12 9.28883e-10 6.97903e-08 1.47826e-05 0.000148366 0.00219976 0.0137964 0.983841 
3.21157e-10 4.07898e-08 3.50849e-07 1.26012e-05 0.000135167 0.000292476 0.00285597 0.00597713 0.0202639 0.970462 
1.427e-12 1.25857e-10 6.63006e-09 3.00396e-07 7.96741e-05 0.00421905 0.89435 0.0263868 0.0407289 0.0342354 
9.53618e-07 0.000174113 0.000456557 0.00299139 0.0116028 0.0361494 0.842865 0.0476183 0.035738 0.0224039 
5.79325e-13 1.02427e-10 6.7068e-09 6.63153e-07 2.27005e-05 0.000140097 0.00106746 0.00636583 0.968541 0.0238622 
4.78764e-09 6.718e-07 4.39808e-06 0.000111282 0.00124459 0.0039988 0.0188769 0.877695 0.0601189 0.0379493 
3.59855e-08 3.54661e-06 5.38859e-05 0.000135747 0.00291096 0.0118066 0.00910101 0.0127958 0.0232926 0.9399 
0.000867288 0.0188779 0.0556729 0.911185 0.0106165 0.00259726 0.000150202 2.86139e-05 3.18004e-06 9.03187e-07 
2.4349e-10 3.26928e-08 2.228e-07 7.72731e-06 0.000110472 0.000102961 0.00156619 0.479264 0.026715 0.492233 
1.02763e-08 1.50942e-06 5.196e-06 6.7998e-05 0.000965745 0.00281896 0.0124614 0.882567 0.0575235 0.0435886 
1.04506e-16 5.24133e-14 3.23487e-12 6.50543e-10 4.56222e-08 8.01054e-06 0.000273573 0.00182682 0.190191 0.8077 
1.85587e-10 2.28535e-08 1.95176e-07 5.99667e-06 7.43384e-05 0.000316852 0.0225096 0.150647 0.584755 0.241691 
2.85712e-10 4.33412e-08 2.1281e-07 4.53438e-06 0.000203084 0.000788664 0.00889494 0.0282029 0.916674 0.0452314 
7.02785e-09 1.02993e-06 4.45805e-06 7.30765e-05 0.00152091 0.00495801 0.016568 0.867543 0.0665088 0.0428226 
1.79961e-08 2.08163e-06 1.35437e-05 0.000252895 0.000821448 0.0043002 0.0157199 0.0372852 0.0503728 0.891232 
5.64843e-09 7.87931e-07 5.13844e-06 0.000147639 0.000660993 0.00301851 0.0128445 0.149484 0.805011 0.0288273 
1.07162e-09 1.71451e-07 7.25674e-07 2.73687e-05 0.000265416 0.000713338 0.00583905 0.0237902 0.91762 0.0517438 
2.17294e-10 3.0751e-08 2.03702e-07 6.83894e-06 4.42661e-05 0.000274609 0.00535172 0.022535 0.942322 0.0294654 
3.80653e-11 6.61952e-09 3.37612e-08 3.76977e-07 2.48342e-06 0.000132254 0.00106901 0.0011764 0.00294262 0.994677 
1.08645e-09 1.534e-07 9.72269e-07 3.1403e-05 0.000168824 0.000417939 0.00316258 0.00682824 0.022295 0.967095 
5.48728e-07 9.92985e-05 0.000125823 0.00139045 0.139318 0.48484 0.0301033 0.215815 0.112944 0.0153635 
2.86288e-05 0.00136552 0.00328433 0.00430391 0.0121165 0.0376763 0.364108 0.25033 0.0542251 0.272562 
8.33291e-07 0.00016154 6.48529e-05 0.000175485 0.00144532 0.00360233 0.0119518 0.0258081 0.0344783 0.922311 
2.32115e-09 3.36793e-07 2.40692e-06 7.96015e-05 0.000386201 0.00151342 0.0140986 0.882949 0.0583566 0.0426133 
1.6395e-11 2.79986e-09 1.69442e-08 7.85573e-08 7.89795e-07 5.15452e-05 0.000385237 0.000407436 0.00182198 0.997333 
1.67393e-05 0.000770791 0.00225355 0.00557121 0.184806 0.0482762 0.662264 0.0491214 0.0302836 0.016636 
1.44814e-09 1.58523e-07 8.59981e-07 5.75926e-06 0.000343242 0.00051916 0.00320964 0.00798714 0.0264077 0.961526 
1.05696e-13 2.76329e-11 6.43867e-10 1.13015e-07 1.17745e-06 7.40058e-05 0.000612862 0.00419142 0.0204751 0.974645 
5.90902e-15 8.15013e-13 1.36206e-11 4.58876e-10 5.68171e-09 4.29037e-08 4.07077e-06 1.96865e-05 0.000476595 0.9995 
9.86572e-10 1.20604e-07 1.10151e-06 4.46334e-05 0.000187095 0.000220574 0.00117148 0.0016968 0.00710376 0.989574 
5.51399e-13 5.18556e-11 2.5483e-09 1.26026e-08 9.73917e-08 8.36127e-06 4.46016e-05 9.58572e-05 0.000908588 0.998942 
1.50114e-10 2.25049e-08 1.28434e-07 3.3565e-06 8.93895e-05 0.000493245 0.00538527 0.0152781 0.0392448 0.939506 
2.32579e-07 1.5482e-05 0.000445892 0.00223201 0.011854 0.0314576 0.0535821 0.451794 0.42962 0.0189992 
3.17688e-17 1.02095e-14 2.43482e-12 6.12706e-10 4.21059e-08 8.53358e-06 0.000135647 0.0013874 0.979543 0.0189254 
1.82197e-16 5.55557e-14 1.2159e-11 2.75277e-09 2.29375e-07 4.21178e-05 0.00122369 0.00836984 0.0259964 0.964368 
7.87976e-09 1.16877e-06 6.12506e-06 4.19815e-05 0.000922566 0.00306123 0.00939317 0.0254476 0.905178 0.0559478 
3.35104e-18 4.87212e-16 1.35215e-14 1.97333e-12 2.06431e-10 4.42239e-08 5.76242e-05 0.000634396 0.00588059 0.993427 
1.43679e-10 2.3674e-08 1.81965e-07 2.25539e-06 6.30225e-05 0.000371323 0.00374674 0.0108623 0.0344966 0.950458 
5.81184e-11 8.54546e-09 4.02741e-08 8.97411e-07 9.10571e-05 0.000210769 0.00168815 0.00660973 0.0195075 0.971892 
7.31911e-06 0.000407097 0.00157157 0.00291474 0.0154508 0.811056 0.0598279 0.0498218 0.0353695 0.0235734 
1.7002e-09 2.26005e-07 1.61228e-06 6.03957e-05 0.00039231 0.00219694 0.463738 0.470763 0.0333483 0.0294999 
3.65106e-11 4.46656e-09 1.07226e-07 1.25911e-05 0.000165817 0.000750625 0.00973903 0.921846 0.0423637 0.0251223 
6.15641e-14 1.92928e-11 4.261e-10 7.78867e-08 7.08163e-07 3.44981e-05 0.000371999 0.00490752 0.0222987 0.972386 
5.12315e-15 3.0946e-13 1.0009e-11 6.44822e-10 3.69783e-08 1.57302e-07 1.58141e-05 5.1611e-05 0.000417971 0.999514 
3.15553e-10 3.65376e-08 3.75134e-07 1.62189e-05 6.16277e-05 8.18666e-05 0.000654165 0.0046976 0.770782 0.223707 
1.38652e-39 9.57017e-36 6.57931e-32 4.18606e-28 5.10271e-24 6.03111e-20 5.37252e-15 2.80715e-10 9.93939e-06 0.99999 
4.90566e-11 8.22235e-09 4.37465e-08 7.20485e-07 1.97757e-05 0.00127104 0.00902121 0.929851 0.0363303 0.0235058 
3.5766e-09 5.58261e-07 3.38763e-06 2.44781e-05 0.000390783 0.00102919 0.00533824 0.0110514 0.923841 0.0583208 
3.00364e-09 4.07756e-07 2.96199e-06 8.35895e-05 0.000714834 0.00153572 0.00827426 0.0210269 0.043834 0.924527 
1.12082e-07 6.04748e-06 3.25633e-05 0.000177403 0.00208415 0.00678689 0.0132825 0.0202155 0.0287426 0.928672 
1.93344e-17 8.3827e-15 2.39974e-12 5.68771e-10 4.51288e-08 9.64146e-06 8.61682e-05 0.000927745 0.00649936 0.992477 
9.18141e-15 2.66212e-12 6.03925e-11 1.11743e-08 1.30988e-07 6.99703e-06 0.000101102 0.0021881 0.00977784 0.987926 
7.91025e-08 4.94902e-06 0.00015216 0.000652505 0.00267171 0.00946548 0.0162453 0.216331 0.431629 0.322847 
1.1188e-16 1.13047e-14 2.4887e-13 1.7677e-12 1.1478e-11 4.32454e-11 2.943e-06 2.60241e-05 0.00054489 0.999426 
5.07757e-08 3.01645e-06 8.76009e-05 0.0002919 0.00146837 0.00409085 0.0125368 0.0337648 0.0590695 0.888687 
3.61336e-08 2.64296e-06 2.86992e-05 0.000116743 0.00109545 0.00506282 0.0102271 0.0227408 0.0474628 0.913263 
3.40431e-09 4.66322e-07 3.01967e-06 8.65021e-05 0.000536481 0.000804509 0.00529105 0.0139685 0.0430286 0.936281 
3.75562e-11 6.7082e-09 1.67027e-08 8.9818e-08 7.41546e-07 5.08957e-06 0.000163298 0.00047791 0.00223479 0.997118 
2.64768e-09 3.91545e-07 2.47579e-06 6.6789e-05 0.000391082 0.00181321 0.0132495 0.901585 0.0494604 0.0334308 
6.96672e-08 3.83087e-06 4.34351e-05 0.000178073 0.00157698 0.00626248 0.0111487 0.0257468 0.0420794 0.91296 
5.06074e-08 4.35406e-06 3.81224e-05 0.000377127 0.00314306 0.0155677 0.874454 0.051685 0.0370119 0.0177187 
7.39916e-09 7.88449e-07 1.18561e-05 6.54884e-05 0.000786323 0.00161744 0.00635575 0.0170173 0.0301258 0.944019 
1.21988e-07 9.38259e-06 0.000262758 0.000812692 0.00860668 0.0315277 0.0492198 0.852468 0.0365023 0.0205906 
1.21622e-09 1.54621e-07 1.31532e-06 4.80269e-05 0.000289935 0.000481207 0.00392643 0.0110048 0.762388 0.221861 
2.71045e-08 1.7386e-06 4.70378e-05 0.000205446 0.000884641 0.00447314 0.0125517 0.719185 0.236107 0.0265438 
1.80964e-23 1.72262e-20 1.92419e-17 3.57945e-15 8.00276e-13 5.96324e-11 3.41112e-05 0.000180892 0.00218584 0.997599 
1.12998e-09 1.9309e-07 4.503e-07 3.6648e-06 8.12662e-05 0.000457097 0.000909465 0.0042119 0.0130291 0.981307 
6.33339e-09 1.0102e-06 3.77206e-06 7.86461e-05 0.000718679 0.00247816 0.0122366 0.0379193 0.897363 0.0492004 
1.23356e-08 5.60837e-07 4.07345e-06 7.91772e-05 0.000372758 0.000700859 0.00390224 0.0091271 0.951806 0.0340073 
7.78446e-08 4.49164e-06 0.000146128 0.000453465 0.00249969 0.00920715 0.0105942 0.0240827 0.909704 0.0433082 
1.11842e-11 1.81495e-09 1.79678e-08 1.1626e-07 8.19763e-07 2.66357e-05 0.000302285 0.000970555 0.00646491 0.992235 
1.83904e-05 0.000996785 0.00544225 0.50631 0.196762 0.17757 0.014803 0.00776676 0.00778507 0.0825458 
3.86125e-08 2.59568e-06 8.60936e-05 0.000226983 0.0010199 0.0056777 0.0086303 0.0126174 0.931464 0.0402748 
7.78482e-08 4.13849e-06 0.000196879 0.000577074 0.00236561 0.00268226 0.00827217 0.0273267 0.911165 0.0474104 
1.55453e-08 1.32952e-06 2.67017e-05 0.000296626 0.00100321 0.00399592 0.0131954 0.036647 0.896124 0.0487103 
2.48746e-11 3.80516e-09 1.33848e-08 4.43561e-07 3.91108e-05 0.000114021 0.00115779 0.00433943 0.0170767 0.977273 
5.08497e-15 6.42975e-13 2.30329e-12 4.97543e-11 9.44684e-10 4.85118e-09 1.11569e-06 3.26737e-06 4.6318e-05 0.999949 
8.21041e-08 4.75429e-06 0.000145234 0.000745761 0.0044951 0.022095 0.823182 0.0688118 0.0515294 0.0289914 
3.90225e-06 0.000271753 0.0021645 0.0140639 0.048158 0.817415 0.0438317 0.0290303 0.0218552 0.0232053 
7.7967e-12 5.27644e-10 2.03144e-08 2.4676e-06 0.000130946 0.000654606 0.0676006 0.00885752 0.600585 0.322169 
2.48811e-05 0.00113842 0.00288213 0.00370313 0.0106263 0.0123836 0.020467 0.049553 0.0709369 0.828285 
4.60024e-11 6.2625e-09 7.36161e-08 1.61116e-06 0.000114055 0.00030636 0.00369214 0.0172259 0.0447565 0.933903 
4.07587e-12 2.09771e-10 3.26123e-09 1.18493e-07 2.72226e-05 6.57756e-05 0.00043971 0.00406754 0.019292 0.976108 
7.97308e-09 6.18603e-07 1.16694e-05 0.000118207 0.000806326 0.026294 0.0640697 0.044715 0.107609 0.756376 
1.17493e-08 9.33576e-07 5.64716e-06 8.24663e-05 0.000353962 0.00166822 0.00471584 0.0107514 0.936098 0.0463239 
5.69212e-08 4.2463e-06 7.77951e-05 0.000643014 0.00233562 0.011005 0.304586 0.326924 0.0399049 0.31452 
1.80535e-07 1.24844e-05 0.00057524 0.00228704 0.00715235 0.0213186 0.668231 0.137502 0.143034 0.0198861 
7.15286e-14 7.03611e-12 2.1881e-10 3.02913e-08 4.7884e-07 2.89542e-05 0.000126106 0.000968489 0.00811436 0.990762 
1.40188e-31 3.33568e-28 7.68726e-24 3.2278e-21 5.21213e-17 1.63883e-13 1.03439e-08 2.96047e-05 0.000686605 0.999284 
1.65053e-10 1.66767e-08 1.45665e-07 6.75519e-06 6.00171e-05 0.000137585 0.0011066 0.00317995 0.00836599 0.987143 
2.06435e-11 3.81765e-09 7.12036e-09 2.58876e-07 2.48293e-06 0.000116843 0.00199947 0.0207347 0.961437 0.0157089 
3.72323e-09 5.4448e-07 7.08592e-06 0.000236573 0.000530574 0.00306831 0.16255 0.174585 0.524881 0.134141 
1.43368e-11 2.37927e-09 1.29191e-08 6.38157e-08 9.55271e-07 1.64053e-05 0.000259397 0.00162185 0.00899873 0.989103 
2.18386e-06 0.0004113 0.00044031 0.00454345 0.0179535 0.0454238 0.828478 0.0423465 0.0309774 0.0294236 
5.92097e-10 9.07178e-08 4.25232e-07 1.17705e-05 0.000106141 0.000176957 0.00128243 0.00516235 0.021801 0.971459 
3.37345e-10 3.87288e-08 2.946e-07 6.60261e-06 0.000169892 0.000293768 0.00286624 0.00801481 0.0375514 0.951097 
3.99026e-08 2.21636e-06 9.29266e-05 0.000332042 0.00121484 0.00170635 0.00514268 0.0117349 0.940483 0.0392906 
1.75313e-09 2.42518e-07 1.74932e-06 5.96742e-05 0.000640775 0.00189162 0.0111017 0.0328024 0.910616 0.0428856 
5.46012e-09 7.06505e-07 3.47068e-06 5.91793e-05 0.000735991 0.00206579 0.00994051 0.0281077 0.916801 0.0422852 
2.38232e-08 1.6443e-06 3.17912e-05 0.000108618 0.00108337 0.00295184 0.0104974 0.0275842 0.0514929 0.906248 
0.00100637 0.0181545 0.102197 0.520883 0.267163 0.0543143 0.0215304 0.0111173 0.00258977 0.00104378 
2.01975e-07 1.51678e-05 0.000268424 0.00170377 0.00633514 0.0184828 0.0264244 0.0406582 0.86979 0.0363217 
0 0 0 0 0 0 0 0 2.07126e-21 1 
8.14565e-10 1.37083e-07 5.27359e-07 4.3163e-06 0.000121338 0.000132388 0.000896875 0.93658 0.0388327 0.0234313 
1.24392e-10 2.06435e-08 3.17958e-07 7.98691e-06 0.000147242 0.000604252 0.00462831 0.0122035 0.0244162 0.957992 
8.73442e-09 1.01384e-06 1.10761e-05 6.37941e-05 0.000728277 0.00233337 0.00910717 0.0245459 0.920882 0.0423278 
4.65688e-10 5.54062e-08 5.32515e-07 1.87024e-05 7.07151e-05 0.000152731 0.00143364 0.00602431 0.967083 0.025216 
3.35346e-09 2.57467e-07 2.99778e-06 0.000251067 0.00114156 0.00401265 0.0133542 0.0365389 0.910565 0.0341332 
1.06624e-09 1.49132e-07 9.99609e-07 3.22144e-05 0.000268508 0.000541927 0.0041716 0.0113541 0.0349901 0.94864 
7.3598e-10 6.34923e-08 4.20009e-06 0.00012671 0.000539553 0.0197524 0.033775 0.682998 0.121441 0.141363 
7.95842e-09 9.86849e-07 5.0027e-06 0.000104651 0.00152948 0.0104433 0.414671 0.534204 0.0251553 0.0138867 
1.53833e-11 8.48237e-10 1.48174e-08 1.01312e-06 0.000112183 0.00160898 0.00818743 0.924274 0.040099 0.0257173 
1.30397e-09 1.60884e-07 6.32549e-07 4.45622e-06 0.000233042 0.000541615 0.00356559 0.0103223 0.0307505 0.954582 
2.42231e-05 0.000978546 0.00527305 0.163932 0.0981468 0.0717946 0.27646 0.242708 0.11572 0.0249631 
1.97511e-09 2.44179e-07 2.06445e-06 7.8415e-05 0.000469441 0.000750533 0.00607436 0.0181764 0.927292 0.0471562 
5.20069e-12 1.10032e-09 6.90172e-08 1.04726e-05 6.46033e-05 0.000308133 0.00190274 0.00800885 0.0250519 0.964653 
3.4338e-08 2.55466e-06 4.76027e-05 0.000245809 0.00131607 0.00561991 0.0177189 0.0512866 0.879025 0.0447378 
4.07035e-13 2.1416e-11 3.59168e-10 1.70527e-08 2.80613e-06 2.80802e-05 0.000301025 0.00316069 0.0169081 0.979599 
7.20063e-08 5.91735e-06 7.99785e-05 0.000611162 0.00622605 0.0220551 0.0414412 0.851013 0.0517135 0.0268543 
1.90213e-06 0.000353961 0.000482983 0.00241587 0.0234854 0.806735 0.0602951 0.0513181 0.0359395 0.0189718 
5.35036e-10 5.54062e-08 5.05652e-07 2.89086e-05 0.000192371 0.000543002 0.00484335 0.0162275 0.939931 0.0382332 
8.17414e-11 1.31761e-08 5.1442e-08 9.13472e-07 8.13634e-05 0.000227598 0.00228046 0.00598509 0.482405 0.509019 
5.14216e-08 3.02861e-06 0.00011273 0.000326156 0.00163407 0.00462853 0.0103957 0.0211383 0.0404771 0.921284 
7.76667e-12 4.4353e-10 1.20182e-08 4.66079e-07 5.9792e-05 0.000185259 0.00148564 0.00685141 0.490947 0.500471 
2.64766e-12 3.82603e-10 2.63499e-08 1.06602e-06 3.25894e-05 0.00244532 0.0125337 0.0368021 0.927869 0.0203164 
3.14172e-08 1.99956e-06 3.79375e-05 0.000452413 0.00314924 0.164688 0.0256532 0.761725 0.0313972 0.0128955 
1.27101e-16 1.98498e-14 1.51225e-12 3.77262e-10 1.29589e-08 1.38749e-06 3.453e-05 0.000488297 0.00238939 0.997086 
7.01513e-06 0.000447416 0.00230757 0.0326014 0.308966 0.496825 0.138224 0.0106994 0.00730357 0.00261865 
6.5433e-15 2.02351e-12 4.78625e-11 8.85845e-09 1.44945e-07 1.54212e-05 0.000531703 0.00531415 0.0200872 0.974051 
2.72657e-17 5.0842e-15 8.28504e-13 1.88656e-10 1.4716e-08 3.13831e-06 1.3475e-05 0.000266802 0.000991691 0.998725 
2.62894e-14 7.41167e-12 1.70478e-10 3.09779e-08 3.61282e-07 3.03053e-05 0.000256013 0.002917 0.01597 0.980826 
3.4071e-06 0.000204225 0.0012932 0.00404891 0.015919 0.159962 0.764362 0.0243974 0.0160801 0.0137293 
3.10051e-08 3.22082e-06 3.28387e-05 0.000944636 0.00164908 0.0055803 0.0161801 0.286004 0.653977 0.0356284 
4.67017e-09 6.96019e-07 2.34643e-06 2.99112e-05 0.000685074 0.00496488 0.0174664 0.0419703 0.901701 0.0331792 
1.22817e-11 1.71974e-09 1.05447e-08 4.55919e-07 9.69703e-06 5.14919e-05 0.000472021 0.00306503 0.0123456 0.984056 
1.22669e-07 8.39898e-06 0.000132142 0.000609265 0.00505127 0.0163038 0.018527 0.0377853 0.0503199 0.871263 
1.78823e-12 9.00952e-11 1.3775e-09 4.07681e-08 1.17749e-05 7.61581e-07 8.71715e-05 0.000502143 0.00343179 0.995966 
1.03534e-12 7.18112e-11 1.26963e-09 1.17786e-07 7.27453e-06 6.34954e-05 0.000549666 0.00317484 0.0161942 0.98001 
0.000283549 0.00830601 0.26891 0.304329 0.370901 0.045495 0.00158543 0.000186808 2.15944e-06 3.92472e-07 
5.24182e-28 1.1927e-24 2.55461e-20 5.5552e-18 1.0855e-14 1.74744e-12 5.23036e-07 1.40106e-05 0.000741035 0.999244 
2.72179e-10 4.56421e-08 1.52668e-07 1.36188e-06 5.78246e-05 0.000142095 0.000695927 0.00386069 0.0219085 0.973333 
0.000223538 0.00595337 0.195137 0.765643 0.0240818 0.00679989 0.00183114 0.000292713 3.43531e-05 2.99251e-06 
2.30503e-10 3.94935e-08 3.78557e-07 1.15347e-05 0.000157487 0.00171307 0.0144523 0.889187 0.0522007 0.0422771 
8.4741e-14 1.48239e-11 9.80072e-11 9.67346e-09 2.12011e-07 1.56092e-05 0.00199403 0.0136341 0.968439 0.015917 
1.90872e-17 8.90566e-15 2.6502e-12 6.35293e-10 4.94775e-08 1.05024e-05 5.94296e-05 0.000424596 0.00372649 0.995779 
8.6004e-07 4.00714e-05 0.000464092 0.00469352 0.0132513 0.0161802 0.0215827 0.0273686 0.894478 0.0219408 
2.9662e-09 3.94154e-07 2.8905e-06 6.7903e-05 0.000501499 0.0008661 0.00385823 0.00917121 0.0220438 0.963488 
9.61746e-05 0.0017981 0.0103392 0.165444 0.0112203 0.0124408 0.0100207 0.0136644 0.0162363 0.75874 
1.87398e-08 2.39127e-06 3.45429e-05 0.00021202 0.00154226 0.00976919 0.897129 0.0338596 0.0321463 0.0253047 
9.76338e-08 7.86701e-06 0.000135324 0.000498732 0.00452266 0.0120716 0.0176331 0.0371266 0.0468821 0.881122 
1.90088e-09 2.61007e-07 1.97326e-06 4.87314e-05 0.000517816 0.00113911 0.0106115 0.0335408 0.910604 0.0435359 
1.39733e-09 1.65421e-07 1.26389e-06 3.51914e-05 0.000283671 0.000753377 0.00623946 0.361944 0.04554 0.585203 
1.84227e-16 6.55115e-14 1.5667e-11 3.72423e-09 2.85141e-07 5.98493e-05 0.000517293 0.938345 0.0343508 0.0267264 
2.42947e-05 0.00101239 0.00326954 0.00834925 0.136882 0.0622886 0.174251 0.588456 0.020146 0.00532188 
5.03875e-09 7.88203e-07 3.52909e-06 8.8218e-05 0.000484416 0.00118227 0.00594149 0.0105108 0.0252732 0.956515 
5.02648e-10 6.09958e-08 5.62898e-07 2.32142e-05 0.000107689 0.000224621 0.00179189 0.0106718 0.953072 0.0341077 
1.07943e-11 5.88995e-10 9.11007e-09 3.97288e-07 7.07176e-05 7.63244e-05 0.00280915 0.0181403 0.950036 0.0288675 
2.35644e-10 4.04562e-08 1.2633e-07 1.59849e-06 4.46422e-05 0.000853948 0.00511207 0.0228016 0.946969 0.0242165 
1.70856e-07 1.00536e-05 0.000163949 0.00117247 0.00609664 0.026817 0.0493077 0.856303 0.0411952 0.0189342 
1.15907e-16 4.55059e-14 1.3035e-11 3.12149e-09 2.50946e-07 5.15987e-05 0.000319249 0.00670081 0.975168 0.0177599 
1.85011e-08 1.04087e-06 4.54318e-05 0.000128916 0.000630586 0.00298166 0.00853283 0.530071 0.329433 0.128176 
4.17478e-09 6.18493e-07 2.71345e-06 4.54049e-05 0.000498861 0.00153804 0.00766866 0.0240276 0.0514968 0.914721 
1.33175e-06 0.000245813 0.000307653 0.00210946 0.0100369 0.0313265 0.689847 0.217624 0.028507 0.019994 
5.84671e-11 1.04337e-08 2.57386e-08 1.31669e-07 2.92008e-06 4.50671e-05 0.000357272 0.00260358 0.0114571 0.985534 
6.72057e-12 3.40449e-10 5.223e-09 1.64544e-07 4.43498e-05 7.23858e-06 6.22688e-05 0.000449791 0.000984365 0.998452 
8.27965e-09 6.41738e-07 6.71287e-06 9.73728e-05 0.000837111 0.0287242 0.0882763 0.182159 0.453622 0.246276 
4.66384e-09 7.83661e-07 2.09404e-06 2.01965e-05 0.000257264 0.0011688 0.00511335 0.0125253 0.0266077 0.954305 
5.22826e-16 1.76132e-13 1.35246e-11 3.03917e-09 2.02258e-07 4.24417e-05 0.000140398 0.00119429 0.00908767 0.989535 
3.23814e-07 1.59131e-05 9.84787e-05 0.000252358 0.00154335 0.00933683 0.0110562 0.0312435 0.901438 0.0450154 
1.05915e-07 1.15894e-05 0.000156929 0.000549706 0.00266237 0.0268462 0.282173 0.194174 0.301895 0.191531 
1.25202e-11 1.13691e-09 7.83157e-09 2.3744e-07 5.81432e-05 1.38989e-05 0.000462081 0.000615041 0.00268005 0.996171 
2.73046e-06 0.00049387 0.000849657 0.00230291 0.019633 0.235893 0.680346 0.0348833 0.0147235 0.0108717 
6.84534e-08 4.53055e-06 0.00011622 0.000535648 0.00325054 0.0158226 0.656661 0.245159 0.0507203 0.0277308 
1.08504e-10 1.83275e-08 7.36565e-08 1.01248e-06 5.68996e-05 0.000192954 0.00146951 0.00264506 0.00679431 0.98884 
1.6272e-06 0.000122552 0.000303046 0.00120071 0.0682573 0.220546 0.509258 0.156482 0.0263619 0.0174669 
1.53595e-05 0.000986382 0.00646919 0.0380252 0.754882 0.0696372 0.0454336 0.034055 0.0282325 0.022264 
4.77166e-11 5.8365e-09 6.27133e-08 3.32315e-07 3.35931e-06 9.665e-05 0.00143595 0.948806 0.0286634 0.0209939 
1.20142e-07 9.26246e-06 0.000240856 0.000685237 0.00357793 0.0129803 0.0179831 0.0408629 0.0528482 0.870812 
3.02864e-16 4.08165e-14 9.44479e-13 2.19879e-11 3.14137e-10 1.76128e-09 3.28953e-08 3.4892e-06 2.35079e-06 0.999994 
9.0209e-11 1.5769e-08 7.2331e-08 9.81857e-07 1.65828e-05 0.000240814 0.00215393 0.00475427 0.202879 0.789955 
2.42258e-09 2.84545e-07 2.0714e-06 4.32456e-05 0.000460246 0.000789299 0.00595327 0.0168625 0.0377641 0.938125 
2.30176e-26 2.56011e-23 1.51002e-19 3.31733e-17 6.4251e-14 8.52999e-12 1.03141e-05 2.79712e-05 0.000930192 0.999032 
2.40591e-05 0.00162183 0.00694016 0.565835 0.0826861 0.293681 0.0300102 0.0106987 0.00654132 0.0019615 
6.48573e-08 9.85504e-06 6.44976e-05 0.000806914 0.00421948 0.0632473 0.737279 0.129399 0.0385143 0.026459 
1.97434e-10 2.02795e-08 1.8419e-07 1.09236e-06 8.11295e-05 0.000260427 0.0013135 0.00388129 0.00664209 0.98782 
3.08363e-09 3.88275e-07 2.34935e-06 5.45504e-05 0.000707044 0.000973651 0.00638549 0.016623 0.0335032 0.94175 
9.40092e-13 5.49007e-11 1.02437e-09 5.08316e-08 5.75692e-06 3.02309e-05 0.000253627 0.00181697 0.245388 0.752505 
3.67606e-27 3.5128e-24 4.1938e-21 8.23673e-19 8.64414e-16 1.70805e-13 1.68309e-07 2.74797e-07 3.5982e-05 0.999964 
2.53879e-14 4.27439e-12 1.35387e-11 1.31686e-10 1.97535e-09 1.23111e-08 2.99085e-06 6.29465e-05 0.00130289 0.998631 
1.36986e-11 8.83624e-10 1.60766e-08 5.01055e-07 8.49851e-05 0.000169072 0.00283944 0.0136628 0.0362207 0.947022 
5.18507e-08 3.05592e-06 8.16445e-05 0.000337068 0.00147962 0.302272 0.0228697 0.474674 0.182518 0.0157654 
7.45539e-05 0.0018977 0.0115916 0.0222811 0.0599743 0.0779072 0.793762 0.0200904 0.00901212 0.00340864 
7.03212e-17 3.32289e-14 1.00898e-11 2.39336e-09 1.90914e-07 4.08185e-05 0.000285153 0.96621 0.0157203 0.0177434 
4.3894e-11 5.77887e-09 6.00292e-08 7.09156e-07 5.00457e-05 9.05518e-05 0.000949825 0.00529694 0.691365 0.302247 
2.02941e-06 4.15175e-05 0.000303163 0.00180631 0.00321717 0.00666442 0.0690752 0.0171899 0.702797 0.198903 
3.24936e-06 0.000180744 0.0018404 0.00603863 0.0149713 0.024577 0.862268 0.0532978 0.031324 0.00549904 
1.42224e-07 1.01616e-05 0.00045514 0.00637198 0.0267513 0.460599 0.446316 0.0253523 0.0196874 0.0144565 
1.47469e-10 2.39353e-08 9.37221e-08 1.76039e-06 6.31367e-05 0.000193714 0.00203327 0.482031 0.497613 0.0180639 
2.33316e-12 5.79421e-10 4.43555e-08 5.99394e-06 3.96953e-05 0.000579914 0.00486649 0.0205911 0.95465 0.019267 
6.6837e-09 9.6565e-07 5.93923e-06 9.7004e-05 0.00059029 0.00216417 0.0130118 0.906152 0.0443463 0.0336316 
4.80877e-09 7.06467e-07 3.42997e-06 9.27652e-05 0.000424478 0.00154135 0.00915054 0.126477 0.58818 0.27413 
5.47076e-07 3.02597e-05 0.000392245 0.00229569 0.00817092 0.0230517 0.0326148 0.0428568 0.858667 0.0319202 
1.01352e-08 1.4387e-06 8.02256e-06 0.000213222 0.00126681 0.00260254 0.0103694 0.0292428 0.903846 0.0524501 
3.42736e-11 6.34545e-09 1.12803e-08 3.32052e-07 2.05168e-06 8.06486e-05 0.000877269 0.00105418 0.00199111 0.995994 
8.58717e-09 1.23175e-06 4.00036e-06 5.30091e-05 0.000758517 0.00262589 0.0100983 0.0306108 0.891587 0.0642609 
4.41476e-10 7.42584e-08 2.19748e-07 2.26059e-06 0.000137794 0.000207857 0.00228032 0.00632917 0.0249369 0.966105 
1.95335e-05 0.00111909 0.00314486 0.0103375 0.0244785 0.0344653 0.0504889 0.039005 0.825882 0.0110589 
1.38397e-08 1.14351e-06 2.13686e-05 0.000141362 0.00118586 0.0432824 0.325661 0.288056 0.326513 0.0151371 
8.59654e-14 1.18367e-11 2.71374e-10 3.29483e-08 7.96362e-07 5.98951e-05 0.00144751 0.00997192 0.0294529 0.959067 
1.52222e-06 0.000223883 0.00188748 0.00343932 0.0143533 0.0370535 0.0572324 0.847395 0.0273375 0.0110757 
3.33723e-14 1.04504e-11 2.30319e-10 4.20893e-08 3.78969e-07 1.90477e-05 0.000139732 0.00123878 0.00539196 0.99321 
1.14659e-06 0.00021302 0.000441245 0.00143762 0.00976574 0.0369824 0.0730144 0.817032 0.0340422 0.0270707 
1.8041e-11 2.96016e-09 2.90853e-08 7.1989e-08 8.43081e-07 7.72795e-05 0.000725709 0.00705017 0.969572 0.0225741 
1.5749e-09 2.3309e-07 9.03228e-07 6.56706e-05 0.000732641 0.00641015 0.0225233 0.89703 0.0457583 0.0274785 
1.80394e-08 8.45561e-07 7.01328e-06 9.1913e-05 0.000484656 0.000794086 0.00525405 0.0139428 0.0379153 0.941509 
1.95404e-06 0.00024562 0.000524269 0.0027178 0.0111574 0.0260658 0.0300273 0.835257 0.0623471 0.0316557 
3.54461e-09 5.19634e-07 2.39123e-06 6.21696e-05 0.000475952 0.00105118 0.00337708 0.00565778 0.0226391 0.966734 
4.51786e-11 6.17022e-09 3.3991e-08 9.33769e-07 9.97765e-05 0.000208626 0.00198896 0.0121421 0.0392698 0.94629 
1.85549e-09 2.63059e-07 1.58268e-06 4.91677e-05 0.000262056 0.000283516 0.00169411 0.0032975 0.00815588 0.986256 
1.17467e-09 1.53918e-07 1.19141e-06 4.48144e-05 0.000220606 0.000410045 0.00259324 0.00436086 0.011799 0.98057 
7.5648e-08 5.40437e-06 0.00010778 0.000358276 0.00260468 0.00849927 0.00892911 0.0187787 0.0370636 0.923653 
2.32131e-21 2.55265e-18 9.19159e-16 1.71736e-13 1.66164e-11 2.77079e-09 6.71746e-05 0.000756328 0.333962 0.665215 
5.30862e-11 9.01497e-09 5.2038e-08 6.47927e-07 1.24981e-05 0.000342964 0.00472761 0.0163053 0.946131 0.0324796 
4.66987e-09 4.46043e-07 2.98554e-06 7.28561e-05 0.000743713 0.00149793 0.00987205 0.0291324 0.0517572 0.90692 
4.29663e-11 7.5551e-09 2.72537e-08 5.22918e-07 9.87333e-06 0.000173603 0.00145371 0.00401041 0.0176061 0.976746 
3.39635e-08 2.71308e-06 0.000102462 0.00020436 0.0015936 0.00770855 0.0143726 0.0248883 0.235422 0.715706 
2.02416e-13 3.65175e-11 1.7046e-10 3.31166e-09 1.39626e-07 6.21189e-07 5.65695e-06 4.02592e-05 0.000746809 0.999207 
1.09124e-08 9.62727e-07 4.56959e-05 5.00463e-05 0.00070534 0.00335847 0.393459 0.199937 0.278032 0.124413 
9.69566e-06 0.000321409 0.0020225 0.00529244 0.0116098 0.730186 0.0285949 0.0211861 0.190683 0.0100936 
1.02395e-07 1.601e-05 5.07895e-05 0.000225858 0.00148976 0.00844221 0.0564488 0.396887 0.11672 0.41972 
7.9476e-09 3.40196e-07 2.40792e-06 5.88027e-05 0.000267667 0.000346475 0.00151338 0.00303587 0.00869581 0.986079 
8.32637e-09 1.06587e-06 6.41836e-06 6.88806e-05 0.00166366 0.00450369 0.0132044 0.0301183 0.0342232 0.91621 
2.39804e-11 4.22531e-09 1.45693e-08 7.90276e-08 6.69534e-07 1.99044e-05 0.000180062 0.000871262 0.00279579 0.996132 
5.85016e-06 0.000267508 0.000712434 0.000932119 0.00247221 0.00209563 0.00288286 0.005472 0.012279 0.97288 
2.13844e-08 1.27038e-06 4.17309e-05 0.000141192 0.000531471 0.00104777 0.0029026 0.00591737 0.487517 0.501899 
3.56761e-24 3.40684e-21 4.13575e-18 7.83277e-16 3.18138e-13 3.58776e-11 3.88503e-05 0.000156342 0.0026461 0.997159 
1.533e-07 8.42837e-06 0.000137542 0.000515487 0.0042301 0.0125554 0.015362 0.0343854 0.883105 0.0497004 
3.22208e-10 4.68603e-08 6.06633e-07 3.19551e-06 0.000203724 0.00039925 0.00560941 0.0154377 0.0315037 0.946842 
1.54613e-09 1.37874e-07 6.76501e-06 1.26628e-05 0.000108585 0.0003841 0.00479907 0.0528948 0.162554 0.77924 
4.15071e-08 2.77327e-06 6.25242e-05 0.000199126 0.00155262 0.00364178 0.0104754 0.02093 0.0290309 0.934105 
7.86627e-09 8.92724e-07 1.28527e-05 0.000105072 0.00067706 0.0013166 0.0064756 0.0165108 0.0327877 0.942113 
8.72515e-25 7.31317e-22 2.26905e-19 4.55197e-17 1.38587e-14 2.24969e-12 2.24839e-09 1.69797e-05 0.000620166 0.999363 
9.41993e-08 7.00605e-06 0.000339555 0.00108944 0.00458101 0.00993198 0.0244136 0.0427099 0.878521 0.0384063 
8.39354e-09 4.34779e-07 2.95597e-06 3.45289e-05 0.000373533 0.000529467 0.00352828 0.00969044 0.0299451 0.955895 
1.12536e-06 0.000209732 0.000261636 0.00159446 0.605905 0.268453 0.03993 0.0372909 0.0304261 0.0159281 
1.66762e-09 2.55729e-07 1.24817e-06 2.05484e-05 0.00018444 0.00029951 0.00261269 0.00864058 0.0265894 0.961651 
6.63881e-09 8.64463e-07 2.91556e-06 3.5837e-05 0.000501542 0.00150981 0.00419362 0.00751206 0.0155649 0.970678 
1.8738e-06 0.000347126 0.000215824 0.00173448 0.00731319 0.0235679 0.0322984 0.0461279 0.85794 0.0304537 
1.26423e-12 1.33018e-10 3.25412e-09 6.96934e-08 1.35118e-06 0.000248016 0.00634459 0.963327 0.0193875 0.0106914 
2.64158e-09 3.81424e-07 2.19908e-06 5.52018e-05 0.00038577 0.00207329 0.0101218 0.889294 0.0504026 0.0476649 
1.93529e-07 3.45136e-05 0.000104186 0.000250929 0.00255921 0.00662217 0.157388 0.03169 0.254207 0.547144 
2.12564e-08 2.73679e-06 2.03575e-05 0.000107304 0.0020931 0.00158952 0.00982752 0.0929895 0.493401 0.399969 
1.36478e-07 8.18151e-06 0.000164437 0.00068701 0.00804588 0.0288944 0.818556 0.0638605 0.052634 0.0271493 
4.32472e-10 6.72191e-08 3.26125e-07 5.02916e-06 8.76227e-05 0.000148838 0.000550645 0.00398693 0.0169803 0.97824 
1.18884e-07 8.26704e-06 0.000362226 0.000955935 0.016116 0.0523411 0.818877 0.0453588 0.0362321 0.0297487 
3.65872e-07 2.12892e-05 0.000272008 0.00277924 0.0103581 0.270586 0.116443 0.257622 0.327516 0.0144015 
2.58334e-09 3.84347e-07 2.05055e-06 4.36208e-05 0.000374436 0.00117962 0.00614613 0.0167286 0.924243 0.0512824 
6.89362e-08 4.24535e-06 0.000137509 0.000418629 0.00192251 0.00874634 0.0205641 0.869975 0.0572296 0.0410015 
6.29237e-08 3.56092e-06 0.00013287 0.00040845 0.00178332 0.00553954 0.00786871 0.0112073 0.0212996 0.951757 
6.03021e-10 9.44286e-08 2.21283e-07 5.92674e-06 0.000259059 0.00523593 0.0566855 0.262094 0.329971 0.345747 
2.04701e-12 3.46616e-10 1.06643e-09 8.00484e-09 2.11604e-07 1.21472e-06 1.88769e-05 0.000249597 0.341975 0.657755 
2.28437e-06 0.000419006 0.000643189 0.00240426 0.0103581 0.0305214 0.0535066 0.839447 0.0437977 0.0189005 
7.50878e-12 3.94876e-10 6.18683e-09 2.54185e-07 4.99371e-05 6.87743e-05 0.0014278 0.0073742 0.960584 0.0304948 
2.66047e-10 3.61309e-08 2.7463e-07 9.23085e-06 3.57173e-05 8.94714e-05 0.00129044 0.00340457 0.013185 0.981985 
4.06843e-13 2.15957e-11 4.23038e-10 1.1811e-08 2.54808e-06 2.10588e-06 0.000868059 0.978181 0.0146171 0.00632885 
2.17541e-08 2.32042e-06 2.63622e-05 0.000113594 0.00148284 0.00523059 0.00993738 0.0214693 0.0431719 0.918566 
5.98243e-18 1.21406e-15 7.13724e-14 1.61708e-11 7.41463e-10 1.40493e-07 5.06059e-05 0.00044729 0.00404482 0.995457 
1.14979e-07 7.41e-06 7.82567e-05 0.00082227 0.00329773 0.081381 0.095921 0.358886 0.220063 0.239543 
2.54711e-11 3.01544e-09 1.82017e-07 1.20327e-05 0.000194467 0.000997665 0.00910271 0.905982 0.053305 0.0304062 
5.65774e-10 7.4906e-08 7.34341e-07 3.14895e-05 0.000145517 0.00186374 0.158829 0.547728 0.0226992 0.268702 
1.52922e-07 8.09471e-06 7.49151e-05 0.000741296 0.00376131 0.0180796 0.042868 0.850935 0.0561413 0.0273898 
1.45394e-09 1.97319e-07 1.84662e-06 6.10252e-05 0.000365881 0.000808017 0.00704159 0.0170476 0.928378 0.0462957 
5.3982e-06 0.000247815 0.000631633 0.000995548 0.0031755 0.00648479 0.843974 0.116734 0.0226249 0.0051266 
4.88137e-16 3.23662e-14 1.00171e-12 1.07809e-10 3.29752e-09 5.67774e-09 9.36981e-06 7.08201e-05 0.00230306 0.997617 
1.57914e-07 1.46143e-05 0.00019111 0.00122763 0.00610642 0.0120846 0.0164277 0.0308961 0.0402963 0.892755 
3.08956e-14 9.7167e-12 2.14244e-10 3.91957e-08 3.7202e-07 2.39625e-05 0.000247333 0.00277577 0.980788 0.0161645 
6.02241e-09 9.34948e-07 3.76601e-06 8.1941e-05 0.000554583 0.00120755 0.00486563 0.0143985 0.945145 0.0337419 
2.35747e-07 4.33983e-05 8.715e-05 0.000438961 0.00185617 0.00580763 0.0165605 0.566105 0.296799 0.112303 
6.81574e-10 8.91525e-08 7.56822e-07 3.05532e-05 0.000168884 0.00117045 0.0077619 0.264109 0.707484 0.0192749 
3.32869e-09 4.95552e-07 1.75058e-06 2.23573e-05 0.000415913 0.000822228 0.001792 0.0138574 0.56011 0.422978 
7.70441e-10 1.04179e-07 9.51577e-07 6.00721e-05 0.00154979 0.0129033 0.0376491 0.882009 0.0374878 0.0283404 
2.38692e-08 1.99628e-06 1.22656e-05 0.000107086 0.00117622 0.00407343 0.0138491 0.0397675 0.0585309 0.882481 
3.00321e-09 4.38617e-07 1.94508e-06 3.88798e-05 0.000386071 0.00107876 0.00531333 0.0164174 0.927083 0.0496804 
4.77805e-14 1.50053e-11 3.26413e-10 5.9569e-08 5.15669e-07 2.46871e-05 0.000119465 0.000903315 0.00331768 0.995634 
1.46571e-12 7.40779e-11 1.14145e-09 3.60147e-08 9.6551e-06 1.42703e-06 3.99982e-05 0.000252548 0.00205679 0.99764 
2.74157e-10 3.27176e-08 3.19762e-07 1.30568e-05 5.31588e-05 8.15338e-05 0.000827353 0.00337339 0.165866 0.829785 
9.63128e-10 9.33242e-08 1.15572e-06 2.19783e-05 0.000234077 0.00106027 0.00380851 0.0809553 0.676556 0.237363 
5.44742e-08 2.72047e-06 9.77285e-05 0.000309964 0.0013711 0.00428783 0.00483854 0.009609 0.0280866 0.951397 
6.35817e-11 9.36146e-09 7.36945e-08 6.11789e-06 0.000172407 0.000674721 0.00761518 0.921375 0.0431793 0.0269769 
3.58375e-12 3.6248e-10 1.19246e-08 5.65241e-08 7.79842e-07 2.82678e-05 0.000272077 0.00125377 0.0114945 0.986951 
1.8051e-09 2.49212e-07 1.1798e-06 1.45834e-05 0.00027582 0.000528727 0.00380649 0.011794 0.036488 0.947091 
3.16099e-06 8.97539e-05 0.000367126 0.00266511 0.0072884 0.0844368 0.598009 0.144449 0.113917 0.048775 
2.22644e-08 1.32347e-06 5.39045e-05 0.000135747 0.000658861 0.00232209 0.0130866 0.00696383 0.116229 0.860549 
6.02627e-11 8.67984e-09 3.40134e-08 6.2913e-07 9.87664e-05 3.53081e-05 0.00073134 0.00313416 0.01541 0.98059 
2.63471e-09 3.35806e-07 2.31262e-06 7.95891e-05 0.000548412 0.00328891 0.0157868 0.891657 0.0567317 0.0319047 
7.34271e-08 3.35532e-06 0.000152115 0.000468879 0.00146313 0.00174964 0.00435883 0.00755184 0.0203341 0.963918 
8.40747e-08 4.57168e-06 0.00019646 0.000566321 0.00305224 0.00684195 0.0170068 0.603161 0.320295 0.0488755 
3.06739e-08 2.11922e-06 1.48678e-05 7.24776e-05 0.00111322 0.00499237 0.0146144 0.0409819 0.0564857 0.881723 
2.98452e-09 4.49499e-07 2.17767e-06 5.73516e-05 0.000335632 0.000718275 0.0054467 0.472799 0.492891 0.0277489 
1.09717e-08 7.6321e-07 1.23404e-05 8.09347e-05 0.000525429 0.0011008 0.00301814 0.00430659 0.00614128 0.984814 
2.21866e-10 3.19022e-08 2.01746e-07 6.52452e-06 2.48961e-05 4.10823e-05 0.00110746 0.00189879 0.00821075 0.98871 
8.84736e-08 5.33615e-06 0.000229785 0.000633364 0.00260126 0.00709509 0.0122076 0.0298491 0.896814 0.0505645 
3.9957e-08 3.58585e-06 4.99168e-05 0.000213698 0.00201935 0.00670615 0.0129434 0.0267668 0.0398079 0.911489 
6.20524e-08 3.32183e-06 0.000140263 0.000409971 0.00175903 0.00508487 0.0113271 0.0236002 0.0360114 0.921664 
2.07417e-09 3.35295e-07 1.12942e-06 2.64647e-05 0.000125819 0.000596843 0.00233903 0.00587616 0.0161695 0.974865 
2.49635e-11 3.24914e-09 2.53915e-08 9.50779e-07 4.62064e-06 4.24476e-05 0.000294273 0.00250439 0.0125597 0.984594 
0.00216698 0.0375329 0.446444 0.362577 0.0843002 0.0406057 0.0190373 0.0044105 0.00227247 0.000653286 
2.4784e-18 1.27305e-15 4.04028e-13 9.58354e-11 7.66972e-09 1.64052e-06 3.14649e-05 0.000292234 0.00408025 0.995594 
1.94959e-13 1.00473e-11 1.73985e-10 8.40898e-09 1.43485e-06 3.18142e-05 0.000162123 0.00149896 0.00758948 0.990716 
2.48156e-09 3.25375e-07 1.73778e-06 1.94163e-05 0.000564891 0.000993191 0.00907478 0.0362797 0.906013 0.0470534 
5.7903e-10 8.06399e-08 5.41651e-07 1.46226e-05 0.000318684 0.000677382 0.00914764 0.654593 0.0395798 0.295669 
1.83894e-06 0.000347196 0.000470133 0.00262026 0.0117604 0.0327419 0.82906 0.0534697 0.0419491 0.0275798 
7.38132e-17 1.44178e-14 1.06422e-12 2.34564e-10 1.36e-08 2.64336e-06 6.40141e-05 0.00144375 0.00991715 0.988572 
1.77921e-05 0.00213899 0.0340163 0.0541374 0.173804 0.504852 0.0901612 0.121856 0.0122778 0.00673816 
3.17352e-05 0.00246505 0.0298938 0.91096 0.046785 0.00876577 0.00100722 8.75738e-05 2.89664e-06 6.71298e-07 
5.35706e-08 3.38659e-06 3.76378e-05 0.000175692 0.00221538 0.00735569 0.0165571 0.0498806 0.887539 0.0362351 
3.45428e-15 9.36787e-13 2.42799e-11 4.58725e-09 1.16913e-07 1.88673e-05 6.11828e-05 0.000996156 0.0061232 0.9928 
2.08577e-18 1.99123e-15 2.17805e-12 4.73647e-10 6.75575e-08 0.000138318 0.637385 0.14623 0.00635011 0.209897 
4.53959e-23 2.37566e-20 2.31434e-17 4.31321e-15 1.24447e-12 1.08411e-10 0.000101037 0.00164772 0.99218 0.00607093 
5.11676e-12 2.58214e-10 3.98202e-09 1.23973e-07 3.37757e-05 1.42892e-05 0.000193815 0.00126281 0.0073266 0.991169 
1.39027e-08 1.03322e-06 2.83575e-05 0.000139499 0.000805983 0.00087229 0.00511643 0.00987815 0.0277115 0.955447 
4.70233e-11 6.5836e-09 3.20648e-08 1.13258e-06 6.34923e-05 7.54396e-05 0.0011021 0.00268036 0.0124248 0.983653 
1.157e-08 1.13752e-06 1.27495e-05 8.60752e-05 0.000559209 0.00254674 0.00597772 0.0147155 0.406264 0.569837 
4.62969e-20 4.20589e-17 1.31563e-14 2.59871e-12 4.09625e-10 9.97475e-08 5.19375e-05 0.000823232 0.00655475 0.99257 
1.64471e-08 1.20124e-06 9.56362e-06 8.80402e-05 0.000748714 0.00306121 0.00938823 0.0238863 0.0373473 0.925469 
4.20674e-08 2.54388e-06 4.43353e-05 0.000140457 0.00195357 0.00465907 0.00385799 0.0065244 0.0136105 0.969207 
6.61947e-10 8.61014e-08 8.08409e-07 3.42047e-05 0.000199468 0.00178499 0.0119843 0.904579 0.0477316 0.0336858 
3.62975e-14 1.12978e-11 2.49621e-10 4.54933e-08 4.05451e-07 1.86659e-05 0.000135282 0.00100871 0.00459204 0.994245 
2.83478e-10 3.69619e-08 5.00237e-07 1.28239e-05 0.000292335 0.000802191 0.00316032 0.00819198 0.43369 0.55385 
1.29563e-08 1.22704e-06 2.21758e-05 0.000193886 0.0111193 0.173693 0.224824 0.15538 0.163764 0.271003 
9.94195e-09 1.06533e-06 4.77399e-06 3.06781e-05 0.000726515 0.00344092 0.0152197 0.873306 0.0652695 0.0420006 
3.43345e-08 2.73011e-06 6.64165e-05 0.000436739 0.00176704 0.00416238 0.0137537 0.862021 0.0653983 0.0523917 
3.86744e-18 9.02017e-16 6.35692e-14 1.40852e-11 7.78401e-10 1.50951e-07 2.15945e-06 0.000224534 0.00172303 0.99805 
6.63575e-08 4.27692e-06 0.00013809 0.00042172 0.00228425 0.00700907 0.0137644 0.0382162 0.883902 0.0542595 
2.96237e-09 3.13591e-07 2.69639e-06 2.94907e-05 0.000649853 0.00390908 0.0217476 0.884178 0.0518661 0.0376168 
2.2445e-11 3.78203e-09 2.07066e-08 2.02229e-07 8.64777e-06 4.25279e-05 0.000709015 0.00109121 0.00361417 0.994534 
6.20367e-12 5.89406e-10 7.91565e-09 1.7001e-07 2.36554e-05 2.7062e-05 0.000501321 0.000934382 0.00362887 0.994885 
5.46097e-11 9.53762e-09 4.60853e-08 8.02306e-07 5.60419e-06 0.000305378 0.00234466 0.00876593 0.0260295 0.962548 
5.24961e-13 3.42904e-11 7.35953e-10 2.19269e-08 2.7833e-06 2.19757e-06 5.27639e-05 0.00020505 0.00133333 0.998404 
2.41784e-06 0.000108154 0.000534539 0.00376514 0.450422 0.0289208 0.242331 0.240368 0.0225554 0.0109927 
1.89578e-10 2.39844e-08 1.34997e-07 1.39803e-06 5.5493e-05 0.000268785 0.00398898 0.0137768 0.941388 0.0405208 
7.64001e-10 1.0311e-07 6.64859e-07 2.10603e-05 0.000138036 0.000210544 0.0010386 0.00520079 0.0205762 0.972814 
5.17221e-10 6.8529e-08 6.31484e-07 2.3088e-05 0.000149415 0.000417308 0.0211777 0.031151 0.480938 0.466143 
5.31776e-08 5.51028e-06 5.90482e-05 0.000523819 0.00343008 0.0887669 0.0136708 0.071169 0.571103 0.251272 
4.46022e-05 0.00271886 0.0116982 0.030876 0.0845197 0.791973 0.0448862 0.0167906 0.0119966 0.00449603 
1.86498e-09 2.45933e-07 1.86832e-06 6.84377e-05 0.000361832 0.00044759 0.00321603 0.00909279 0.943682 0.0431294 
