5225
2.0947e-08 1.02213e-06 7.88988e-06 0.000164169 0.000587907 0.00197618 0.00746843 0.0193347 0.05613 0.91433 
2.20339e-07 5.09464e-06 7.21321e-05 0.000108401 0.00031618 0.00109124 0.0110737 0.0328487 0.0857435 0.868741 
3.76892e-09 1.63404e-07 1.77643e-06 5.83093e-05 7.71687e-05 0.000496142 0.00558396 0.0347508 0.889406 0.0696253 
2.19071e-10 4.9749e-09 6.94073e-08 6.44753e-08 1.74215e-07 1.00894e-05 0.000566621 0.00469481 0.024319 0.970409 
1.35435e-08 5.85367e-07 5.95269e-06 0.000102157 0.000382448 0.00182181 0.00819078 0.0242411 0.0775386 0.887717 
2.07511e-08 6.85167e-07 1.50971e-05 0.000125447 0.000469187 0.00171988 0.00946857 0.0228507 0.756825 0.208525 
5.15407e-06 0.000184314 0.000431928 0.00300536 0.0283789 0.272794 0.354781 0.240193 0.0801726 0.0200537 
9.95303e-06 0.000357525 0.000438253 0.00610581 0.025768 0.0834793 0.741264 0.0860881 0.0413996 0.0150891 
1.64496e-09 4.60018e-08 8.0276e-07 4.01096e-06 0.000153964 0.000391592 0.00274911 0.00626725 0.0232394 0.967194 
9.09465e-06 0.000329369 0.00062082 0.00605086 0.0230116 0.0893247 0.758423 0.0795095 0.0314224 0.0112988 
5.45891e-10 1.74778e-08 1.84656e-07 3.51958e-06 8.43644e-06 2.80752e-05 0.000422355 0.00231426 0.0189838 0.978239 
5.58586e-13 1.26968e-11 1.77468e-10 1.71324e-10 5.05373e-10 4.00396e-08 5.57561e-05 0.000716083 0.0141873 0.985041 
3.59868e-08 1.83851e-06 4.02598e-05 0.000299519 0.00285011 0.0303473 0.759673 0.0869341 0.0755703 0.0442837 
1.59161e-07 4.30274e-06 6.70035e-05 0.000232412 0.000862586 0.00411571 0.017549 0.0458136 0.828233 0.103122 
2.34438e-08 1.1149e-06 8.19528e-06 0.000118291 0.000749725 0.00234781 0.00892859 0.0242404 0.0694296 0.894176 
1.05526e-07 2.78114e-06 3.98133e-05 9.46064e-05 0.000555466 0.00264105 0.0118979 0.0332099 0.0683733 0.883185 
5.17148e-06 0.000197881 0.000871694 0.0088653 0.666442 0.147761 0.0966683 0.0466582 0.0237099 0.00882047 
1.0686e-11 4.33931e-10 4.64299e-09 1.68319e-07 6.04888e-07 3.06657e-05 0.000354102 0.004098 0.262766 0.73275 
3.78147e-09 1.65509e-07 1.76036e-06 5.7231e-05 0.000159794 0.000425932 0.0042676 0.0107968 0.0446054 0.939685 
2.877e-09 1.39491e-07 1.46387e-06 5.19244e-05 4.17154e-05 0.000478478 0.00404577 0.00600779 0.0286272 0.960746 
2.76951e-06 0.000100561 0.000257441 0.00249235 0.0077914 0.036821 0.584611 0.275256 0.0697658 0.0229013 
0.000192635 0.00655742 0.0990566 0.381697 0.0701243 0.12072 0.039616 0.261227 0.0170729 0.00373571 
1.38408e-08 6.32813e-07 4.53755e-06 5.80279e-05 0.000407853 0.00116586 0.0061197 0.017091 0.0582056 0.916947 
1.95233e-09 8.02585e-08 8.8238e-07 2.73766e-05 1.9056e-05 0.000275912 0.00235699 0.0137836 0.0542439 0.929292 
1.41406e-07 3.27093e-06 4.934e-05 6.81414e-05 0.000333081 0.00118113 0.0084185 0.0262387 0.0760167 0.887691 
3.16376e-09 1.48519e-07 1.50082e-06 5.59642e-05 0.000151925 0.000370173 0.00366688 0.00669234 0.0330783 0.955983 
9.26671e-10 2.44945e-08 3.84128e-07 1.60529e-06 8.14656e-06 0.000139184 0.00115704 0.00413899 0.0182455 0.976309 
8.01868e-06 0.000288147 0.000451933 0.00349704 0.0126123 0.0499122 0.762365 0.102345 0.0553857 0.0131348 
3.6439e-09 1.61063e-07 1.83142e-06 5.69231e-05 0.000242142 0.000395609 0.003804 0.00920492 0.0333535 0.952941 
2.90963e-08 1.35925e-06 2.92697e-05 0.00020897 0.000808463 0.00362703 0.0125164 0.0331974 0.0747395 0.874872 
3.13955e-09 1.65828e-07 1.55854e-06 6.8823e-05 5.14225e-05 0.000454447 0.00386506 0.00903429 0.93025 0.0562742 
1.15973e-19 1.40909e-17 3.47972e-15 5.82224e-13 1.11077e-10 2.75451e-08 6.24244e-05 0.000321364 0.00506021 0.994556 
1.0343e-05 0.000369418 0.000512166 0.00416296 0.0149419 0.0584002 0.25442 0.445081 0.205946 0.016156 
4.84541e-07 1.86148e-05 0.000222096 0.00161784 0.0109343 0.0364566 0.068214 0.0955747 0.754774 0.0321876 
4.41567e-09 1.99167e-07 2.03092e-06 7.45763e-05 6.33771e-05 0.000497006 0.0044714 0.0123437 0.0540758 0.928472 
1.55711e-07 3.69463e-06 5.06467e-05 0.000179229 0.000285501 0.00110816 0.0145027 0.0532425 0.8546 0.0760272 
2.63547e-07 8.19187e-06 0.000111865 0.000525798 0.00455984 0.0119426 0.0198092 0.134319 0.148817 0.679907 
1.69029e-10 3.84075e-09 5.36252e-08 5.6426e-08 2.80109e-07 1.44168e-05 0.000333237 0.00524641 0.035378 0.959028 
2.19584e-07 5.3251e-06 7.78266e-05 0.000201629 0.000725188 0.00638339 0.0251282 0.790653 0.115319 0.0615061 
5.74493e-09 2.73985e-07 2.86498e-06 0.000109742 0.000270343 0.000663272 0.00616845 0.0121286 0.045703 0.934953 
2.53584e-07 6.42915e-06 0.000103173 0.000205806 0.000783063 0.00376587 0.0214667 0.757514 0.141493 0.0746618 
3.9229e-08 1.41361e-06 1.35947e-05 0.00010644 0.000620907 0.00311484 0.0115399 0.0376965 0.0895973 0.857309 
5.67775e-08 1.30598e-06 1.94752e-05 1.72096e-05 0.000213341 0.0111652 0.765503 0.0625605 0.0880943 0.0724253 
4.60214e-06 0.000169997 0.000572633 0.00572378 0.0213281 0.0815099 0.752177 0.0874687 0.0404284 0.0106173 
2.37935e-07 1.26843e-05 0.000295498 0.00282909 0.0261415 0.764099 0.0977824 0.0625174 0.0325158 0.0138065 
2.69397e-09 7.41653e-08 1.0811e-06 5.9521e-06 5.76457e-05 0.000359971 0.00370872 0.0136578 0.0494542 0.932754 
2.89531e-09 2.20918e-07 1.50533e-05 4.35424e-06 4.54106e-05 0.000276343 0.00237961 0.0172535 0.907959 0.0720667 
9.22879e-08 2.30886e-06 3.04183e-05 0.000155542 0.000371867 0.00109497 0.010153 0.0346855 0.0905701 0.862936 
4.4732e-09 1.823e-07 2.09035e-06 5.72567e-05 0.000238079 0.000594503 0.00708736 0.0347921 0.868338 0.0888907 
2.08339e-07 5.22889e-06 7.24316e-05 0.000286092 0.00167925 0.00892939 0.0438236 0.772812 0.116551 0.0558409 
2.42927e-07 5.55448e-06 7.70993e-05 9.71234e-05 0.000176387 0.000389288 0.0075009 0.0457163 0.868687 0.0773506 
2.01134e-06 9.23876e-05 0.00152796 0.00797742 0.0263264 0.0601128 0.0953109 0.76074 0.0428825 0.00502757 
2.65936e-06 9.41645e-05 0.000159015 0.00128463 0.00673102 0.0239271 0.136838 0.18208 0.267032 0.381851 
6.39945e-10 2.01657e-08 3.31992e-07 3.04628e-06 0.000196943 7.82106e-05 0.00126375 0.0112699 0.945274 0.0419136 
4.64298e-08 2.48572e-06 6.71841e-05 0.000601331 0.00348961 0.028275 0.726612 0.132587 0.0757817 0.0325829 
3.39063e-07 1.28408e-05 0.000210063 0.00124732 0.0054166 0.0155092 0.0282584 0.051343 0.0868669 0.811135 
0.000405304 0.0307189 0.449744 0.143841 0.138256 0.163907 0.047174 0.017068 0.00685299 0.00203279 
7.5136e-06 0.000303685 0.00226154 0.0085791 0.0343204 0.101404 0.761248 0.0697278 0.0182238 0.00392359 
2.0911e-10 4.76661e-09 6.71355e-08 8.95228e-08 7.14822e-07 2.88149e-05 0.000407006 0.00507239 0.0282049 0.966286 
3.43294e-05 0.0011481 0.00476627 0.0086995 0.0272719 0.0660048 0.799462 0.0643146 0.0242585 0.00404024 
7.37972e-06 0.000262771 0.000506325 0.00410334 0.0220913 0.0626885 0.0944703 0.593602 0.209721 0.0125465 
2.50604e-07 6.47654e-06 9.21563e-05 0.000285986 0.00145431 0.00960793 0.705246 0.125876 0.102056 0.0553745 
0.00939537 0.113627 0.178645 0.67231 0.0231009 0.00241514 0.000296648 0.00020216 7.02148e-06 9.29866e-07 
5.50542e-07 2.02503e-05 4.39258e-05 0.000874146 0.00664638 0.0408534 0.704834 0.13326 0.0832297 0.0302373 
7.10641e-08 1.62926e-06 2.27044e-05 2.98042e-05 0.000220359 0.000232443 0.00598408 0.428391 0.0814317 0.483686 
7.70958e-08 2.58214e-06 5.82414e-05 0.000155314 0.000627174 0.00312449 0.0146661 0.815498 0.10674 0.0591281 
8.50821e-13 2.06912e-11 3.10612e-10 3.88316e-09 1.35798e-07 8.55509e-06 0.000475643 0.00555362 0.20211 0.791852 
5.52019e-08 1.44269e-06 2.943e-05 7.55477e-05 0.000183122 0.00108483 0.00737019 0.170123 0.617096 0.204036 
1.60583e-07 3.88829e-06 6.99779e-05 0.000100049 0.000614998 0.00250789 0.0174442 0.0590118 0.830003 0.090244 
1.05463e-08 6.09739e-07 3.29213e-05 0.000162377 0.000640124 0.0063445 0.0360636 0.81693 0.0953778 0.044448 
4.13368e-11 1.40575e-09 2.41111e-08 2.41433e-07 1.61668e-05 6.09758e-06 0.000217905 0.00279282 0.961047 0.0359201 
1.65011e-07 4.4959e-06 5.57117e-05 0.00027901 0.00174698 0.00925952 0.0333693 0.755752 0.136197 0.0633354 
1.868e-07 5.72734e-06 0.000103908 0.000343673 0.00112554 0.00627246 0.0215246 0.0545545 0.0921413 0.823928 
4.40702e-07 1.6037e-05 0.000208582 0.00144251 0.011359 0.0303313 0.0508817 0.0745225 0.0949062 0.736332 
4.14145e-08 1.7044e-06 3.01269e-05 0.000165141 0.000768574 0.00632997 0.0239083 0.163805 0.767788 0.0372033 
1.58442e-06 5.80212e-05 0.000384147 0.00314954 0.0151096 0.0590776 0.706962 0.123096 0.0704567 0.0217054 
6.14176e-39 4.09538e-35 9.27137e-31 1.33119e-26 2.95808e-22 3.76299e-18 1.4355e-13 1.06546e-09 1.96822e-05 0.99998 
6.61681e-09 2.94146e-07 6.59212e-06 0.000136268 0.000371325 0.00202893 0.0118916 0.0559431 0.832919 0.0967032 
1.23896e-07 2.89569e-06 3.971e-05 9.42911e-05 5.65741e-05 0.000511977 0.0118306 0.0554032 0.859484 0.0725765 
0.00232744 0.0321551 0.123681 0.615399 0.120978 0.10198 0.00325187 0.000221037 5.88557e-06 4.32476e-07 
2.88759e-09 1.61902e-07 1.46267e-06 7.21011e-05 3.71644e-05 0.000422563 0.00294751 0.00268886 0.00548609 0.988344 
3.67404e-09 1.89641e-07 1.69994e-06 7.77425e-05 4.64621e-05 0.00037924 0.0039117 0.00754066 0.0346596 0.953383 
9.7161e-06 0.00048695 0.00793933 0.225069 0.513521 0.089477 0.070477 0.0499872 0.0311377 0.011895 
2.36163e-09 6.61027e-08 1.32303e-06 6.96361e-06 0.000276187 0.000327363 0.00446705 0.0305101 0.879465 0.0849456 
2.20107e-05 0.000995911 0.00868511 0.0251956 0.664245 0.158155 0.0928697 0.0364199 0.0117888 0.00162284 
8.93535e-08 2.17465e-06 4.07272e-05 5.52331e-05 0.000187285 0.00194286 0.0145582 0.689322 0.152719 0.141172 
1.94573e-07 4.94009e-06 8.75892e-05 0.000199788 0.000574952 0.00303477 0.0179382 0.0690761 0.834228 0.0748558 
2.27551e-07 5.64246e-06 0.000109197 0.000191147 0.000552851 0.00385744 0.0169704 0.0605555 0.853019 0.0647386 
5.10172e-08 2.1587e-06 2.42692e-05 0.000296006 0.00210572 0.0117782 0.0432947 0.0940231 0.792172 0.056304 
5.42823e-08 1.33154e-06 1.79669e-05 8.61474e-05 0.000253425 0.000995505 0.0138463 0.814162 0.108878 0.0617594 
5.74939e-10 1.32032e-08 1.92649e-07 2.7375e-07 4.03043e-06 2.26274e-05 0.000517849 0.00465416 0.0262167 0.968584 
9.26423e-06 0.00040447 0.00288858 0.00815032 0.0355059 0.097215 0.730672 0.0835963 0.0347636 0.00679501 
3.06748e-07 1.17244e-05 0.000161003 0.00107349 0.00698652 0.0174091 0.0241321 0.045779 0.103415 0.801032 
2.51061e-05 0.00134544 0.0116441 0.0419496 0.7812 0.105846 0.0413947 0.0127168 0.00307253 0.000805665 
2.21008e-07 6.26934e-06 9.57326e-05 0.000261633 0.00114585 0.00812717 0.045741 0.795833 0.10096 0.047829 
4.54022e-06 0.000159124 0.000139268 0.000732004 0.00291397 0.0118409 0.0346811 0.0583866 0.0832412 0.807901 
1.1152e-06 4.73491e-05 0.000694681 0.00705766 0.0488738 0.42239 0.429408 0.0588979 0.0243461 0.00828413 
2.7883e-07 7.6098e-06 0.000111989 0.000361498 0.00132426 0.00677796 0.0235103 0.768199 0.136606 0.0631008 
2.20872e-07 5.46807e-06 8.51573e-05 0.000171237 0.000739865 0.00377832 0.0291459 0.810751 0.0926463 0.0626762 
1.40773e-07 6.28353e-06 0.000130633 0.000737016 0.00634619 0.115015 0.150636 0.1019 0.195046 0.430183 
2.30317e-07 5.69814e-06 0.00010365 0.000234363 0.000456 0.00398893 0.0305809 0.783435 0.110594 0.0706015 
5.6603e-06 0.000202922 0.000313699 0.00279794 0.0104556 0.0425702 0.345352 0.484623 0.107944 0.00573434 
5.24928e-10 2.8336e-08 2.99001e-07 1.19986e-05 7.96034e-06 0.000171115 0.000880277 0.000665179 0.00316714 0.995096 
2.71939e-07 9.20993e-06 9.13274e-05 0.000419212 0.00141871 0.0070769 0.0255601 0.0679085 0.678023 0.219493 
8.287e-08 2.33691e-06 5.74687e-05 0.000230617 0.000491437 0.00342182 0.0140105 0.0360131 0.073399 0.872374 
2.92293e-07 1.68511e-05 0.000413606 0.00439315 0.166795 0.0831728 0.627812 0.0642419 0.0377167 0.0154386 
1.33292e-08 6.39882e-07 5.12606e-06 0.000120264 0.000565077 0.00136133 0.00741345 0.0153072 0.0502412 0.924986 
1.0196e-07 6.13111e-06 0.0001431 0.00228498 0.0272992 0.0970029 0.69171 0.0851658 0.0650855 0.0313023 
1.5373e-09 3.60144e-08 5.67395e-07 9.38959e-07 7.44816e-06 9.52401e-05 0.00147937 0.00979382 0.0512181 0.937405 
1.09006e-07 6.70281e-06 0.000156349 0.00604554 0.624638 0.102867 0.0884186 0.0811681 0.0629814 0.0337181 
3.00157e-10 1.88916e-08 1.50182e-07 9.64161e-06 2.9934e-06 9.13162e-06 9.49541e-05 0.000120008 0.00280434 0.996959 
1.82179e-07 5.06505e-06 9.28598e-05 0.000230801 0.000825498 0.00469061 0.0187126 0.0387336 0.463387 0.473322 
1.2091e-10 2.74633e-09 3.83181e-08 3.51443e-08 6.31952e-08 3.9466e-06 5.59754e-05 0.00127876 0.00998044 0.988681 
2.23997e-07 7.63405e-06 8.83126e-05 0.000540683 0.00570863 0.013222 0.0213821 0.0482178 0.833142 0.0776911 
2.0897e-10 1.03077e-08 1.04182e-07 4.24246e-06 2.24877e-06 3.26277e-05 0.000157051 0.000322481 0.00336243 0.996119 
1.94265e-07 4.55515e-06 6.41925e-05 0.000176485 0.000334399 0.00183695 0.0122458 0.0357883 0.0841536 0.865395 
9.53445e-07 4.31419e-05 0.000752679 0.00464188 0.0231442 0.0617786 0.100413 0.432616 0.371752 0.00485714 
1.11451e-10 2.52938e-09 3.52671e-08 3.17038e-08 7.5084e-08 4.49894e-06 7.97281e-05 0.00263853 0.0171878 0.980089 
4.65359e-11 1.05795e-09 1.47857e-08 1.76418e-08 1.36374e-07 7.27144e-06 0.000209574 0.00380229 0.921146 0.0748342 
1.51855e-07 3.4566e-06 4.81319e-05 4.5094e-05 3.98887e-05 0.000672725 0.00988183 0.0507024 0.88474 0.0538665 
2.68886e-07 1.34385e-05 0.000342337 0.00154932 0.00930734 0.0560751 0.751357 0.0956003 0.0575772 0.0281778 
6.80676e-08 1.54433e-06 2.1522e-05 1.80628e-05 3.21447e-06 4.37563e-05 0.00206804 0.0184963 0.0603047 0.919043 
1.86451e-08 8.54118e-07 7.05924e-06 0.000102264 0.000541998 0.00215535 0.00675338 0.0266254 0.853414 0.110399 
1.89489e-11 4.29936e-10 5.99195e-09 5.06284e-09 2.86022e-09 2.02009e-07 9.15973e-05 0.00129625 0.0195683 0.979044 
4.15575e-10 1.19405e-08 1.87331e-07 8.4862e-07 9.20342e-06 0.000101712 0.000794716 0.00159024 0.00561268 0.99189 
8.69629e-09 4.3313e-07 6.83825e-06 0.000121364 0.000221186 0.000878865 0.00674431 0.0180939 0.0729735 0.90096 
3.76038e-09 1.40752e-07 2.23356e-06 6.16237e-05 0.000349674 0.00106693 0.00452404 0.0155065 0.0529459 0.925543 
1.65896e-06 6.1565e-05 0.000251189 0.00385717 0.0250938 0.694953 0.121729 0.087887 0.0492073 0.0169579 
1.5447e-07 3.74975e-06 6.69605e-05 9.62951e-05 0.000467514 0.00693665 0.416461 0.437551 0.0827856 0.0556312 
1.42121e-07 3.38423e-06 5.85292e-05 0.000113456 0.000517657 0.00260246 0.0236444 0.828973 0.0916245 0.0524628 
3.68208e-08 1.99643e-06 4.17517e-05 0.000869571 0.00863113 0.151214 0.416494 0.311693 0.0725788 0.0384758 
8.31302e-10 2.13802e-08 3.7671e-07 1.32159e-06 5.22143e-05 8.68375e-05 0.00138781 0.00683691 0.0395334 0.952101 
4.88289e-05 0.00184415 0.0103961 0.0329147 0.716565 0.13636 0.0702492 0.0235666 0.00686326 0.00119215 
9.63627e-10 2.22892e-08 3.30127e-07 5.22351e-07 4.05403e-06 4.15807e-05 0.000938725 0.0134785 0.0619766 0.92356 
3.38559e-11 8.28361e-10 1.54047e-08 2.91562e-08 3.18434e-07 3.27396e-06 7.27447e-05 0.000169993 0.00145961 0.998294 
3.75211e-10 8.8747e-09 1.34086e-07 2.55684e-07 7.7088e-06 3.03448e-05 0.000861434 0.0152996 0.757871 0.225929 
4.59593e-32 2.75581e-29 7.97877e-26 4.06994e-22 1.20356e-18 3.17226e-15 3.01274e-11 2.82849e-08 0.000539702 0.99946 
1.65706e-08 7.61472e-07 5.52059e-06 5.55525e-05 0.000352416 0.00160303 0.0058586 0.0194669 0.069928 0.902729 
6.60957e-08 5.55998e-06 0.000136981 0.0020623 0.0116695 0.054116 0.110275 0.711935 0.0683851 0.0414149 
1.6267e-07 8.98999e-06 0.00019943 0.00209048 0.0169533 0.368219 0.105551 0.412687 0.0650296 0.0292607 
8.18029e-08 2.47749e-06 4.30234e-05 0.000164751 0.0010916 0.00675924 0.0678674 0.752869 0.133305 0.0378966 
6.45814e-09 2.7184e-07 2.72385e-06 5.05374e-05 0.000261354 0.000864364 0.00538086 0.0116091 0.0303758 0.951455 
2.81154e-05 0.000968423 0.00219208 0.00723649 0.024233 0.0884688 0.74173 0.088219 0.0360542 0.0108693 
2.59467e-09 1.22393e-07 1.19442e-06 4.55507e-05 6.15691e-05 0.000315087 0.00332955 0.0100402 0.0480008 0.938206 
1.64257e-07 3.73049e-06 5.20642e-05 4.70485e-05 9.83075e-05 0.00277446 0.0270765 0.843527 0.0797601 0.046661 
4.50878e-09 2.09644e-07 2.13308e-06 7.63899e-05 0.000217346 0.000641746 0.00539155 0.0119511 0.884881 0.0968388 
6.13828e-05 0.00254947 0.0170841 0.0502474 0.711148 0.146439 0.055903 0.013882 0.00173666 0.000948259 
1.5311e-08 7.18901e-07 5.17619e-06 5.46939e-05 0.000487399 0.00176736 0.00691167 0.0222128 0.0722785 0.896282 
1.77329e-07 5.5297e-06 6.95856e-05 0.000353803 0.00513075 0.0113802 0.0127165 0.0105119 0.0192502 0.940581 
0.000118068 0.00630837 0.0547816 0.615719 0.173453 0.0939551 0.0402348 0.0112509 0.0035719 0.000607238 
2.73e-07 8.61223e-06 0.000136113 0.00113403 0.0071822 0.0479448 0.75081 0.103505 0.0640731 0.0252059 
0.000190774 0.00404544 0.0209723 0.0765075 0.726329 0.122599 0.0386865 0.00872407 0.00106155 0.000884354 
2.02472e-11 4.60632e-10 6.44837e-09 9.51245e-09 1.23765e-07 7.7623e-06 0.000147824 0.00214215 0.0212805 0.976422 
2.2676e-08 1.2194e-06 3.43598e-05 0.000135218 0.00064917 0.00362732 0.0114075 0.0336167 0.0812772 0.869251 
6.88047e-10 1.5692e-08 2.22432e-07 2.34736e-07 9.54067e-07 1.5715e-05 0.000342357 0.00429764 0.0274781 0.967865 
1.3366e-08 3.57109e-07 4.63116e-06 4.15801e-05 0.000149673 0.000340597 0.00503872 0.114108 0.81614 0.0641768 
0.000497093 0.0186975 0.607178 0.148618 0.146501 0.0502123 0.0198919 0.00532337 0.0019349 0.00114551 
4.89035e-07 1.87347e-05 0.000235994 0.00203668 0.0112478 0.0287945 0.0358739 0.0290171 0.0430194 0.849755 
1.38013e-07 3.38956e-06 4.48707e-05 0.000162854 0.000428432 0.00245565 0.161418 0.0502689 0.720813 0.0644054 
8.49342e-05 0.00328407 0.0202173 0.0454444 0.127808 0.732406 0.0540464 0.0115604 0.00332407 0.00182395 
3.32284e-23 4.40987e-21 1.98586e-18 7.73216e-16 3.94612e-13 2.55204e-10 3.28817e-06 6.9436e-05 0.00303863 0.996889 
1.99395e-08 9.44565e-07 6.52717e-06 7.94984e-05 0.000610957 0.00173774 0.00528403 0.0162153 0.0503767 0.925688 
2.52555e-08 1.17365e-06 1.70811e-05 0.000148032 0.000692191 0.00354297 0.0127259 0.0439085 0.101246 0.837719 
1.90238e-07 6.72661e-06 9.24362e-05 0.000477663 0.0050461 0.0133702 0.0196665 0.0252232 0.0412756 0.894841 
2.45569e-08 6.45371e-07 9.79578e-06 5.395e-05 0.000267589 0.000688571 0.00641622 0.0185639 0.0646857 0.909314 
2.01948e-10 7.38929e-09 1.53107e-07 8.33654e-07 6.21354e-06 0.000228915 0.000831302 0.000493342 0.00322523 0.995214 
2.92181e-09 8.64181e-08 1.3391e-06 1.68591e-05 0.000273399 0.000355913 0.00465149 0.0181897 0.0741705 0.902341 
1.60533e-19 2.02674e-17 4.61309e-15 7.84912e-13 1.65829e-10 3.44386e-08 4.8284e-05 0.000601945 0.00812371 0.991226 
2.20424e-07 5.30534e-06 9.47925e-05 0.000126453 0.000316063 0.00389035 0.0300944 0.816006 0.0941613 0.055305 
6.44515e-09 2.96737e-07 2.98463e-06 0.00010759 0.000284032 0.000725413 0.00592712 0.0156483 0.0548054 0.922499 
2.33302e-05 0.00141886 0.00897086 0.0598435 0.732127 0.12083 0.0493175 0.0192865 0.00757306 0.000609135 
2.0085e-08 1.02897e-06 2.90778e-05 0.000234777 0.00102683 0.0114757 0.39941 0.0844405 0.445805 0.0575769 
4.78469e-12 1.08624e-10 1.51482e-09 1.34441e-09 1.91596e-09 1.31712e-07 1.20425e-05 0.000363548 0.00596412 0.99366 
4.41178e-08 2.11587e-06 4.22919e-05 0.000377775 0.00226051 0.0187214 0.770215 0.105267 0.0748326 0.0282806 
2.20366e-08 1.03776e-06 9.56879e-06 0.000181878 0.000561524 0.00347794 0.010554 0.0261289 0.0580292 0.901056 
8.29003e-11 1.88402e-09 2.63739e-08 2.62661e-08 1.04398e-07 3.26033e-06 0.000118902 0.00151624 0.0192072 0.979154 
2.90316e-09 1.28821e-07 1.31978e-06 4.44352e-05 0.000128191 0.000297723 0.00301131 0.0100133 0.894626 0.0918774 
3.59227e-07 1.20118e-05 0.000116052 0.000648217 0.00206379 0.00896567 0.030173 0.0596547 0.813966 0.0844 
2.06677e-08 7.94225e-07 3.29195e-05 6.40505e-05 0.000713438 0.00465486 0.0251378 0.775495 0.127353 0.0665488 
4.39119e-08 1.38601e-06 1.86208e-05 7.49608e-05 0.000528626 0.00692668 0.0596202 0.257845 0.391677 0.283308 
1.42041e-07 3.39088e-06 4.6303e-05 0.000113182 0.000308406 0.000789259 0.0108416 0.812013 0.104994 0.0708905 
1.68034e-08 7.83234e-07 5.99966e-06 8.13726e-05 0.000585582 0.00188622 0.00578445 0.0154423 0.0472345 0.928979 
4.82412e-07 1.80696e-05 0.000194994 0.00197956 0.0109882 0.0418145 0.754435 0.105705 0.0655914 0.0192728 
1.65504e-05 0.000599165 0.00127568 0.0058094 0.0146891 0.0392301 0.0744159 0.0893386 0.0901831 0.684442 
1.7993e-09 1.01312e-07 8.6762e-07 4.43635e-05 2.01961e-05 0.000184763 0.00129999 0.00268013 0.0135343 0.982235 
1.09743e-05 0.000394383 0.000635249 0.00615118 0.0184455 0.0606083 0.0996793 0.0812215 0.716578 0.0162755 
7.18282e-08 3.67735e-06 7.85082e-05 0.000880568 0.0110086 0.522616 0.334464 0.0692027 0.042829 0.0189168 
1.96503e-07 1.00745e-05 0.000221407 0.00194222 0.0104018 0.0442818 0.0923094 0.754877 0.0683843 0.0275715 
8.31603e-09 4.22951e-07 3.20592e-06 7.74852e-05 0.000272774 0.000919162 0.00380441 0.00866793 0.0263366 0.959918 
5.72262e-06 0.000205575 0.000414759 0.0030619 0.00962404 0.0322842 0.743767 0.109813 0.077233 0.0235905 
1.84614e-07 5.13565e-06 8.63912e-05 0.000242809 0.000822315 0.00509655 0.0238486 0.655086 0.265304 0.0495079 
5.55744e-11 1.26332e-09 1.76503e-08 2.01687e-08 1.29902e-07 5.86596e-06 0.000113031 0.00112147 0.0107824 0.987977 
3.02236e-21 3.73256e-19 1.04814e-16 2.59983e-14 1.1655e-11 4.52501e-09 4.88198e-05 0.000396693 0.00832407 0.99123 
3.60798e-09 1.52046e-07 1.65591e-06 4.33664e-05 0.000254147 0.000544418 0.00492284 0.00983834 0.0358367 0.948558 
1.04084e-06 4.9681e-05 0.000801632 0.0105796 0.268028 0.397976 0.226042 0.0667336 0.0247924 0.00499581 
8.71123e-10 2.0104e-08 2.96398e-07 4.3341e-07 3.28248e-06 3.25007e-05 0.000551424 0.00454175 0.0202509 0.974619 
8.04547e-08 2.69265e-06 5.73659e-05 0.000175313 0.000841865 0.00393481 0.0152523 0.058584 0.848183 0.0729681 
2.79718e-09 1.43892e-07 1.35327e-06 5.83783e-05 8.10657e-05 0.000406238 0.00281394 0.0103479 0.926355 0.0599363 
6.42559e-08 1.80632e-06 2.06118e-05 7.20865e-05 0.000502579 0.00145269 0.00743098 0.0368252 0.875806 0.0778876 
8.48484e-11 1.92939e-09 2.69584e-08 2.87599e-08 1.53508e-07 1.04475e-05 6.99839e-05 0.00120633 0.00917012 0.989543 
6.07205e-07 2.26964e-05 0.000274996 0.00257048 0.00969338 0.0290084 0.058972 0.0962003 0.760904 0.0423532 
1.85817e-10 6.39477e-09 5.99617e-08 7.36371e-07 1.61887e-06 3.31922e-05 0.000267898 0.00215012 0.0148005 0.982746 
1.34831e-09 3.1625e-08 5.09034e-07 1.75704e-06 8.26889e-06 9.28345e-05 0.00424055 0.85535 0.0721042 0.0682019 
9.36109e-08 2.55817e-06 5.77995e-05 0.000193005 0.000564306 0.00268601 0.0128373 0.0335172 0.0676257 0.882516 
5.11111e-09 3.154e-07 1.94683e-05 5.57585e-05 0.000351815 0.00137405 0.00502914 0.0175737 0.90922 0.066376 
8.31115e-08 2.4863e-06 2.79599e-05 0.000137164 0.000670545 0.00275533 0.0124259 0.0527695 0.854765 0.0764464 
0.000647773 0.0205482 0.64486 0.14646 0.0940081 0.0627821 0.0251961 0.00492135 0.000309237 0.000267026 
2.27318e-07 5.21698e-06 7.2954e-05 0.000100728 0.00031431 0.0011104 0.0124863 0.0512707 0.863148 0.0714914 
7.5586e-05 0.00249262 0.0153172 0.459441 0.300839 0.192887 0.0231321 0.00450638 0.000693804 0.000615284 
2.87912e-09 1.18534e-07 1.37462e-06 3.46872e-05 0.000283214 0.000452499 0.00443496 0.0130382 0.892455 0.0892999 
9.43176e-06 0.000342508 0.000880009 0.00680484 0.0348216 0.105454 0.753041 0.0697123 0.0223658 0.00656834 
1.9247e-06 6.95156e-05 0.000138862 0.00120644 0.00579968 0.183667 0.067336 0.442032 0.273672 0.0260756 
7.34974e-06 0.000269182 0.000805775 0.00844852 0.0459088 0.711175 0.134513 0.0665893 0.0249721 0.00731026 
4.39167e-14 3.78103e-12 1.18688e-10 9.97269e-09 4.7801e-07 3.45966e-05 0.00324149 0.0329196 0.930421 0.0333833 
1.97057e-09 6.39276e-08 9.06118e-07 5.57817e-06 0.000138601 0.000476788 0.00435156 0.0130294 0.901268 0.0807295 
6.39794e-07 2.25516e-05 0.00039196 0.00240079 0.0158647 0.038507 0.0568081 0.0653211 0.424923 0.39576 
1.20362e-08 5.57447e-07 3.95626e-06 2.6909e-05 0.000307944 0.00126618 0.00596265 0.0338752 0.881743 0.0768136 
4.40577e-08 2.25479e-06 4.02901e-05 0.000317092 0.00126719 0.00575913 0.0192592 0.0559525 0.831654 0.0857485 
2.00544e-07 5.75581e-06 8.74378e-05 0.000338654 0.0015309 0.00929836 0.035851 0.767661 0.125348 0.0598789 
6.68332e-09 2.99108e-07 2.85961e-06 7.48716e-05 0.000297648 0.000726345 0.00519672 0.0136933 0.0433728 0.936635 
2.73877e-07 8.992e-06 0.000116635 0.000765283 0.00717995 0.0241341 0.088648 0.132506 0.717275 0.0293662 
3.82614e-08 8.8466e-07 1.2269e-05 1.96233e-05 0.000107579 0.000192924 0.00261838 0.00958516 0.0427806 0.944682 
9.56586e-24 1.25397e-21 5.46237e-19 1.98163e-16 9.49975e-14 1.33998e-10 1.92789e-06 3.20568e-06 0.00100148 0.998993 
7.68359e-06 0.000274695 0.000470307 0.00470014 0.0110442 0.0305404 0.0581792 0.0860508 0.106018 0.702715 
5.76128e-08 3.18959e-06 5.87182e-05 0.00121791 0.00573519 0.0367765 0.741639 0.117007 0.0704118 0.027151 
9.26604e-11 3.12261e-09 6.2986e-08 2.96775e-07 2.39784e-06 9.47192e-05 0.000344512 0.000334064 0.0028662 0.996358 
1.58761e-08 5.7723e-07 1.08209e-05 5.52705e-05 0.000524711 0.0291172 0.0470909 0.789459 0.0656266 0.0681146 
3.05138e-14 7.1854e-13 1.10746e-11 1.9444e-11 4.73011e-10 1.91931e-09 1.83666e-07 1.23924e-07 5.49225e-05 0.999945 
1.32668e-07 6.52887e-06 0.000150462 0.00103751 0.0042721 0.0142861 0.0839823 0.0632624 0.81765 0.0153527 
1.23494e-07 3.70182e-06 6.11507e-05 0.00033629 0.00111175 0.00575981 0.0227314 0.0528646 0.0845455 0.832586 
1.75269e-05 0.000880275 0.00563785 0.0266459 0.0989202 0.734674 0.0880873 0.0298076 0.0113824 0.00394656 
5.46743e-09 2.51382e-07 3.27264e-06 9.45454e-05 0.000236564 0.000549907 0.00489073 0.0164768 0.0632547 0.914493 
2.64278e-08 1.21883e-06 9.2478e-06 0.000117466 0.000802079 0.00237514 0.00909095 0.0215848 0.0481086 0.91791 
3.65987e-08 8.65767e-07 1.45191e-05 2.53007e-05 0.000307728 0.00180315 0.0689482 0.023676 0.585325 0.319899 
5.04137e-08 2.31306e-06 5.42311e-05 0.000271761 0.000927424 0.0052857 0.0209345 0.0680103 0.14114 0.763374 
6.30791e-09 2.55496e-07 3.72454e-06 0.000114639 0.000410773 0.00143979 0.00755134 0.0343669 0.0926291 0.863484 
6.02446e-10 1.55467e-08 2.32245e-07 1.12829e-06 6.50144e-05 6.87222e-05 0.000923231 0.00830535 0.0466203 0.944016 
1.1955e-08 6.61809e-07 1.3338e-05 0.000536523 0.00291539 0.0164507 0.681862 0.182269 0.0819067 0.0340459 
1.20998e-07 2.8027e-06 3.88127e-05 6.7513e-05 0.000322979 0.000728577 0.00794291 0.0330967 0.866339 0.0914607 
9.81032e-08 2.31035e-06 3.84065e-05 5.3737e-05 0.000156142 0.00169795 0.0172082 0.860429 0.072699 0.0477155 
2.12701e-07 5.1408e-06 8.3213e-05 0.000220745 0.000533128 0.0121922 0.737958 0.0963109 0.0962768 0.0564197 
1.67519e-09 6.83039e-08 7.67896e-07 2.10017e-05 3.0804e-05 0.000230351 0.00205402 0.00784253 0.889917 0.0999033 
2.23654e-05 0.000864935 0.00338388 0.00553153 0.0181976 0.0371047 0.7311 0.117852 0.0691008 0.0168422 
2.89938e-05 0.0014476 0.0136667 0.0329708 0.445985 0.285725 0.203843 0.0123943 0.00295365 0.00098517 
3.55658e-07 1.29011e-05 0.000178747 0.00115949 0.00666894 0.0259487 0.261705 0.308528 0.0748974 0.320901 
4.51514e-07 2.1718e-05 0.000459676 0.00306669 0.0099431 0.0308857 0.632379 0.157163 0.14677 0.0193106 
1.17041e-10 3.06469e-09 5.8259e-08 3.90297e-07 3.08073e-06 5.99022e-05 0.000350376 0.00230311 0.0223149 0.974968 
6.24726e-09 2.41561e-07 2.35371e-06 2.55074e-05 0.000119879 0.000971548 0.0056747 0.0250843 0.875377 0.0927442 
5.50773e-10 1.56094e-08 2.59191e-07 1.75431e-06 9.58714e-05 8.33321e-05 0.000809203 0.00607 0.0391798 0.95376 
1.65248e-25 4.62618e-23 5.42116e-20 5.4705e-17 6.15057e-14 3.93562e-11 1.54533e-07 7.6438e-05 0.00278723 0.997136 
1.23981e-07 3.01216e-06 4.84954e-05 0.000160037 0.000451901 0.0020933 0.0136357 0.159808 0.760072 0.0637278 
5.18771e-09 1.23212e-07 2.14352e-06 2.10506e-06 4.10095e-06 2.60112e-05 0.000320516 0.00209987 0.0146056 0.982939 
3.12069e-05 0.00143147 0.0071778 0.0154428 0.0460552 0.0867092 0.101296 0.698433 0.032963 0.0104605 
6.97503e-10 1.97455e-08 2.55385e-07 9.62838e-07 9.01009e-06 0.000130679 0.00485209 0.0495576 0.901056 0.0443933 
6.6349e-09 3.01276e-07 2.47342e-06 1.29359e-05 0.000289443 0.000431843 0.00341551 0.00692124 0.018915 0.970011 
3.06161e-14 1.87307e-12 4.32089e-11 2.33246e-09 3.54178e-08 5.53747e-07 1.76335e-05 6.4099e-05 0.00103108 0.998887 
1.02508e-07 4.01075e-06 6.22851e-05 0.000494905 0.00164499 0.0096245 0.142402 0.16818 0.496287 0.181301 
3.6992e-09 1.87566e-07 1.74912e-06 7.97729e-05 3.6162e-05 0.000357428 0.00326884 0.827027 0.0850439 0.0841847 
1.29968e-09 7.76253e-08 6.45206e-07 3.82503e-05 1.35447e-05 5.40784e-05 0.000613895 0.00279289 0.026208 0.970279 
1.04127e-05 0.000375219 0.000743109 0.00774725 0.0421702 0.117882 0.724183 0.072172 0.0270237 0.00769409 
1.59809e-09 4.3367e-08 6.38783e-07 5.12171e-06 2.29235e-05 0.000108298 0.00166477 0.00902757 0.0457411 0.94343 
1.08072e-08 4.9775e-07 1.95979e-05 4.43677e-05 0.00041901 0.00107765 0.00705056 0.0190422 0.0651851 0.907161 
2.53005e-07 8.39185e-06 0.00018647 0.00047281 0.00256363 0.010694 0.0439475 0.760206 0.126107 0.0558136 
1.71263e-08 8.36448e-07 6.1969e-06 0.000125156 0.000575054 0.00162564 0.0105461 0.0435916 0.861911 0.0816183 
1.47793e-09 5.93001e-08 2.51294e-06 3.71287e-06 1.72807e-05 0.000126597 0.00139829 0.0150526 0.89215 0.0912489 
3.33973e-08 1.7667e-06 5.32896e-05 0.000258779 0.000824311 0.00472945 0.0160219 0.0419923 0.82407 0.112049 
4.9656e-07 1.61806e-05 0.000227852 0.00132059 0.0100106 0.0253119 0.0398303 0.0643128 0.805601 0.0533685 
2.8541e-08 1.65607e-06 3.39139e-05 0.00161061 0.0196988 0.695773 0.115026 0.0827794 0.0527856 0.0322901 
1.19682e-07 4.30205e-06 6.16594e-05 0.000474712 0.00124992 0.00494443 0.0213272 0.788908 0.116398 0.0666317 
1.03355e-07 2.70941e-06 6.30088e-05 8.92775e-05 0.000581151 0.00446456 0.0222409 0.0642776 0.841508 0.0667731 
3.84886e-06 0.000135271 0.000188048 0.000666085 0.00404578 0.0177511 0.0652126 0.770552 0.100739 0.0407062 
3.09341e-11 7.0207e-10 9.79375e-09 8.72147e-09 1.89579e-08 1.15989e-06 6.26506e-05 0.000942731 0.0127461 0.986247 
3.59691e-08 1.01187e-06 2.23663e-05 7.92224e-05 0.000321415 0.00173517 0.00845984 0.0242027 0.287433 0.677746 
2.07163e-07 5.1728e-06 8.02018e-05 0.000165833 0.000670536 0.00364244 0.0164131 0.0528826 0.84723 0.0789097 
2.87963e-05 0.00132205 0.00713877 0.0160047 0.0771234 0.773071 0.0839184 0.0305342 0.00901291 0.00184535 
6.32e-10 1.4407e-08 2.02981e-07 2.21441e-07 1.74187e-06 2.33601e-05 0.00060696 0.00534994 0.0307505 0.963267 
2.05358e-08 9.28306e-07 6.71348e-06 5.53405e-05 0.000630066 0.0018607 0.00732706 0.0257797 0.0832119 0.881128 
7.17201e-07 3.46225e-05 0.000595553 0.01586 0.672463 0.109663 0.106099 0.0596099 0.0287449 0.00692906 
5.9663e-05 0.00298073 0.0223977 0.198271 0.635849 0.0969158 0.0309596 0.00932931 0.00207291 0.00116465 
3.97862e-07 1.42618e-05 0.000183326 0.00143857 0.0105795 0.0279968 0.0456489 0.0727186 0.793065 0.0483545 
1.02307e-42 4.47249e-38 4.85502e-33 1.98317e-28 2.07488e-23 1.46516e-18 2.73746e-13 5.48785e-09 0.000311997 0.999688 
3.75312e-10 8.80378e-09 1.34985e-07 3.07596e-07 3.45497e-06 6.32201e-05 0.00114659 0.842541 0.0865101 0.069735 
2.07112e-11 8.86288e-10 1.20607e-08 2.80891e-07 7.72696e-07 3.46054e-05 0.000292859 0.00214838 0.0126876 0.984835 
6.79813e-05 0.00289828 0.0143579 0.0445189 0.515704 0.232573 0.173781 0.013297 0.00193937 0.000862534 
1.37624e-09 3.29026e-08 5.11429e-07 1.12975e-06 7.23507e-06 0.000116714 0.00143488 0.00925418 0.0519002 0.937285 
3.24449e-10 8.878e-09 1.2561e-07 1.01373e-06 2.29017e-06 4.97574e-05 0.000455426 0.00326595 0.0218721 0.974353 
1.95979e-07 4.78375e-06 8.51306e-05 0.000144362 0.000164057 0.00169319 0.0120907 0.0457377 0.863751 0.076329 
1.81005e-07 4.10671e-06 5.72313e-05 4.80295e-05 8.25574e-06 0.000127795 0.00288382 0.0154228 0.903039 0.0784085 
2.07357e-07 5.48451e-06 7.68664e-05 0.000737342 0.00195309 0.00932069 0.0347862 0.0825974 0.804948 0.0655746 
9.44859e-08 2.23343e-06 3.0549e-05 8.79502e-05 0.000265261 0.000695725 0.00727134 0.0191766 0.0591356 0.913335 
4.8582e-08 1.12693e-06 1.65258e-05 4.76451e-05 0.000140754 0.00134131 0.00782574 0.0251632 0.0728668 0.892597 
2.12901e-07 5.66258e-06 0.000101071 0.000203282 0.000883588 0.00506581 0.0199787 0.774146 0.126352 0.0732632 
7.73997e-08 1.75614e-06 2.44767e-05 2.0597e-05 5.74571e-06 0.000243181 0.00492226 0.655581 0.167492 0.171709 
6.88738e-09 2.5895e-07 4.86123e-06 0.000119475 0.000265607 0.00181855 0.00894368 0.0197841 0.0407661 0.928297 
5.90923e-08 2.7224e-06 4.32887e-05 0.000695799 0.00403334 0.0314436 0.413784 0.464227 0.0637834 0.0219872 
2.96529e-05 0.001404 0.0113906 0.0402837 0.718557 0.144533 0.0623899 0.0170415 0.00380139 0.000569783 
1.43163e-07 3.25869e-06 4.56212e-05 4.60962e-05 0.00043732 0.00382235 0.0255406 0.815632 0.0970524 0.0574199 
1.38245e-07 3.40649e-06 4.42014e-05 0.000116956 0.000405311 0.00134858 0.00847182 0.0235372 0.0721487 0.893924 
5.64626e-08 1.6837e-06 2.8713e-05 0.000170576 0.000968518 0.00583072 0.0251441 0.514824 0.222167 0.230865 
1.02302e-06 5.78109e-05 0.00147367 0.00396041 0.0128561 0.0299818 0.0706624 0.773498 0.0838064 0.0237027 
2.70158e-07 1.51117e-05 0.000235587 0.00486968 0.038336 0.675752 0.119946 0.089247 0.0521259 0.0194722 
2.91044e-07 1.13428e-05 0.000147175 0.00106806 0.0061636 0.0164309 0.0266811 0.745195 0.131657 0.0726462 
1.77317e-07 4.55537e-06 7.36488e-05 0.00018009 0.000400805 0.00230488 0.0150011 0.443009 0.483884 0.0551417 
2.93222e-05 0.00101876 0.00453262 0.00767201 0.0235004 0.0381802 0.0604852 0.600578 0.239785 0.0242192 
3.17891e-07 1.08527e-05 0.000144699 0.00102748 0.00607262 0.0139037 0.0200499 0.0301499 0.07097 0.857671 
3.784e-08 1.09969e-06 1.30611e-05 0.000131661 0.000354832 0.000878802 0.00889075 0.0445292 0.85992 0.0852803 
2.1808e-07 8.41867e-06 6.40085e-05 0.00117131 0.00545579 0.0401088 0.773705 0.0885675 0.0621411 0.0287774 
6.69892e-09 4.37459e-07 2.29377e-05 6.17732e-05 0.000337829 0.00107548 0.00767027 0.0367331 0.866176 0.0879225 
5.7003e-09 4.7722e-07 3.35397e-05 5.10186e-05 0.000182153 0.00117813 0.00478138 0.0197101 0.0659399 0.908123 
9.47355e-05 0.00374008 0.0202289 0.0346223 0.0959286 0.131603 0.670343 0.033098 0.00810386 0.00223779 
5.07442e-07 1.6352e-05 0.00023571 0.00132954 0.00977714 0.0244631 0.0352053 0.0497646 0.0811345 0.798073 
3.07071e-05 0.00124712 0.00845768 0.00936404 0.0262275 0.0345575 0.043086 0.0545648 0.78342 0.0390445 
2.16691e-07 6.50974e-06 0.000115819 0.00030737 0.0014369 0.00806751 0.0279481 0.0816879 0.812254 0.0681758 
6.56088e-06 0.000251013 0.000480551 0.00477357 0.0832541 0.209336 0.498856 0.122004 0.0758627 0.00517511 
0.00011683 0.00347415 0.0416381 0.0849655 0.45413 0.186783 0.109913 0.10877 0.00837702 0.00183268 
6.92699e-10 1.63308e-08 2.58063e-07 4.24514e-07 8.46705e-06 4.23123e-05 0.000754894 0.00665106 0.0415533 0.950989 
6.41534e-08 3.00578e-06 5.04928e-05 0.000701366 0.00516525 0.0259237 0.0860992 0.769019 0.0873574 0.0256802 
7.81995e-06 0.000279802 0.000576562 0.00481494 0.0228726 0.0644626 0.095287 0.720476 0.0734951 0.0177272 
9.04115e-06 0.000327755 0.000586379 0.00562114 0.0419412 0.726333 0.116708 0.0654445 0.0323486 0.0106804 
1.59966e-08 7.72726e-07 1.64294e-05 0.000116094 0.000597302 0.00258392 0.0103534 0.0388033 0.847921 0.0996076 
4.09861e-09 1.7602e-07 1.90981e-06 5.8908e-05 0.000225466 0.000512938 0.00483183 0.0129146 0.462101 0.519353 
1.06023e-07 3.86274e-06 6.15512e-05 0.000370882 0.00138946 0.00795476 0.031916 0.234375 0.686595 0.0373328 
2.17119e-08 1.02429e-06 7.3465e-06 8.91133e-05 0.000649464 0.00187275 0.00733075 0.0211576 0.0609717 0.90792 
5.78673e-08 1.3202e-06 1.85118e-05 1.93414e-05 0.000214476 0.000423547 0.00442877 0.0182238 0.469913 0.506757 
6.16532e-08 1.43228e-06 2.08943e-05 6.58548e-05 0.000547352 0.00652329 0.0336695 0.0866897 0.822344 0.0501375 
1.20978e-07 5.21289e-06 8.98494e-05 0.0017481 0.00671583 0.142883 0.0744978 0.6551 0.0862188 0.0327416 
1.25138e-10 2.84114e-09 3.96242e-08 3.61735e-08 8.65391e-08 2.09025e-06 9.55529e-05 0.000893507 0.00799178 0.991017 
3.66263e-05 0.00156362 0.0142558 0.0785163 0.546745 0.255879 0.0897237 0.0101798 0.00209259 0.00100728 
1.37609e-07 3.13801e-06 4.44101e-05 3.9874e-05 0.000162661 0.000427731 0.0139702 0.825215 0.0973528 0.0627844 
7.2257e-12 3.15048e-10 7.25925e-09 3.90515e-08 3.59295e-07 1.48262e-05 4.59294e-05 3.24829e-05 0.00233057 0.997576 
4.09094e-10 9.32171e-09 1.30828e-07 1.55788e-07 8.95918e-07 2.21454e-05 0.0010663 0.0119744 0.0498963 0.93704 
2.11807e-21 2.76751e-19 5.98494e-17 1.04784e-14 2.18155e-12 4.38491e-10 2.6674e-07 0.00010703 0.00380597 0.996087 
6.67713e-10 1.53518e-08 2.22686e-07 3.14164e-07 1.97836e-06 3.84769e-05 0.000658657 0.00599279 0.040594 0.952714 
4.21017e-05 0.00201906 0.0120597 0.0269566 0.0972262 0.750655 0.0793847 0.021553 0.0079852 0.00211826 
4.17938e-05 0.00122487 0.000879555 0.00428322 0.01241 0.0377444 0.101626 0.70477 0.118106 0.0189141 
5.40987e-07 1.87979e-05 0.000250141 0.00165993 0.0114433 0.0291409 0.0392901 0.270901 0.58995 0.0573457 
4.25472e-09 1.93249e-07 2.1219e-06 7.15702e-05 0.000320517 0.000508067 0.00510559 0.0149184 0.87836 0.100714 
7.32192e-06 0.000270535 0.000871953 0.00420389 0.0164105 0.0552761 0.761143 0.10189 0.0505897 0.00933724 
2.4925e-08 1.02085e-06 2.82952e-05 9.74148e-05 0.000866286 0.00810625 0.0379366 0.0852783 0.819579 0.0481069 
5.25434e-06 0.000381972 0.00482318 0.0086308 0.0330523 0.159459 0.0715638 0.584229 0.122134 0.0157208 
5.83207e-09 1.34372e-07 1.93785e-06 3.09173e-06 4.1004e-05 0.000133135 0.00169118 0.00876318 0.0367693 0.952597 
6.1964e-08 1.50998e-06 2.245e-05 3.48099e-05 0.000219546 0.000942088 0.00850496 0.148955 0.230826 0.610494 
9.91508e-06 0.00036874 0.00141198 0.00604809 0.0249982 0.0691582 0.0990385 0.705935 0.0766743 0.0163573 
2.11284e-08 7.46556e-07 1.005e-05 0.000107199 0.000368207 0.00279892 0.0110756 0.0328467 0.0829877 0.869805 
1.49735e-10 4.24811e-09 6.44217e-08 4.53343e-07 3.052e-05 1.02498e-05 0.000158663 0.00101529 0.00874001 0.990045 
8.0167e-10 1.91772e-08 2.94984e-07 8.20899e-07 2.24523e-05 7.222e-05 0.00118631 0.00692774 0.042952 0.948838 
9.4662e-05 0.0044287 0.058332 0.452695 0.286835 0.13909 0.0420492 0.0115468 0.00306357 0.00186451 
0.000934416 0.0216067 0.381627 0.34485 0.166325 0.0801968 0.00387273 0.000575424 1.20708e-05 6.11175e-07 
6.71643e-24 1.70865e-21 1.77324e-18 1.00139e-15 5.80125e-13 3.25997e-10 3.35151e-06 7.7936e-05 0.00218972 0.997729 
1.09826e-06 6.0932e-05 0.00139723 0.0221786 0.708307 0.0928894 0.0617396 0.0507734 0.0397778 0.0228748 
1.15194e-09 2.73561e-08 4.35402e-07 1.11606e-06 1.58159e-05 0.000114815 0.00142216 0.00876307 0.0481317 0.941551 
0.00256424 0.0389371 0.263083 0.618072 0.0564838 0.0151598 0.00474061 0.000846882 9.05387e-05 2.13164e-05 
4.22368e-09 1.97187e-07 1.96341e-06 7.36283e-05 0.00016103 0.000514481 0.00389649 0.0109711 0.568276 0.416105 
1.29841e-07 3.0218e-06 4.65372e-05 5.04866e-05 0.000285012 0.00157705 0.0123159 0.303604 0.625313 0.0568054 
4.65793e-08 1.36467e-06 3.71064e-05 0.000116056 0.000580418 0.00475254 0.0362276 0.78746 0.101097 0.0697278 
2.38545e-08 5.41285e-07 7.54698e-06 6.37509e-06 2.16301e-06 6.1e-05 0.00361204 0.034645 0.918626 0.0430396 
3.34226e-06 0.000118568 0.000205887 0.000765221 0.00543116 0.0178716 0.0362637 0.055433 0.0755133 0.808394 
1.18663e-11 2.70471e-10 3.79879e-09 7.41041e-09 1.26614e-07 7.90774e-06 9.27664e-05 0.000948439 0.0122164 0.986734 
8.21022e-06 0.000298316 0.000625271 0.00761047 0.046345 0.70835 0.127894 0.0680842 0.0308219 0.00996215 
3.29393e-13 9.92303e-12 1.89804e-10 7.44332e-09 2.02258e-07 1.21151e-05 0.000381506 0.0100906 0.937834 0.0516811 
6.2772e-07 2.19211e-05 0.000289883 0.00192574 0.0130596 0.0348806 0.0498392 0.0606265 0.787732 0.0516239 
2.41008e-11 5.7467e-10 9.75354e-09 1.25727e-08 9.09847e-08 6.21016e-07 0.000115791 0.00103468 0.0186147 0.980234 
2.01985e-10 6.39399e-09 1.2521e-07 4.93577e-07 4.36014e-06 0.000179543 0.000732283 0.00197923 0.0240827 0.973021 
0.000852635 0.0162145 0.0960497 0.658675 0.0781469 0.0532494 0.0397786 0.0259724 0.0194725 0.0115883 
1.01494e-09 2.37355e-08 3.75413e-07 5.41281e-07 4.5032e-06 7.06754e-05 0.00149467 0.0148289 0.0617493 0.921851 
