1830
4.52939e-17 1.18779e-14 2.13381e-12 5.53983e-10 3.3246e-08 5.1064e-06 0.000316907 0.00204689 0.00857257 0.989058 
2.04113e-06 0.000386309 0.000277263 0.00317889 0.0134054 0.0341363 0.806563 0.0596044 0.0473115 0.035135 
1.59919e-09 2.23755e-07 1.25227e-06 4.39986e-05 0.00020718 0.000415434 0.00241168 0.00433227 0.0155794 0.977009 
1.05694e-06 0.00018404 0.000596428 0.00477564 0.780735 0.0612086 0.0468633 0.0379992 0.0381072 0.0295298 
7.42532e-10 1.19426e-07 3.81804e-07 5.20836e-06 0.000140229 0.000546842 0.00276323 0.00715109 0.0244079 0.964985 
1.32363e-09 1.66252e-07 1.52458e-06 5.59812e-05 0.000234954 0.00044308 0.00323343 0.00951332 0.033191 0.953326 
2.34731e-08 2.65362e-06 2.09752e-05 7.92727e-05 0.000904259 0.00277774 0.0101303 0.0171322 0.925912 0.0430407 
1.92981e-06 0.000358174 0.000465019 0.00198447 0.00801423 0.0281468 0.206038 0.513323 0.220298 0.0213698 
1.52425e-07 9.09094e-06 0.000166253 0.00119409 0.00390688 0.0151136 0.034363 0.0602843 0.848751 0.0362114 
5.41655e-11 9.14163e-09 2.91062e-08 3.16258e-07 2.9872e-05 7.08795e-05 0.000720485 0.00317092 0.0140127 0.981995 
6.98124e-17 2.0674e-14 3.9415e-12 9.28883e-10 6.97903e-08 1.47826e-05 0.000148366 0.00219976 0.0137964 0.983841 
3.21157e-10 4.07898e-08 3.50849e-07 1.26012e-05 0.000135167 0.000292476 0.00285597 0.00597713 0.0202639 0.970462 
1.427e-12 1.25857e-10 6.63006e-09 3.00396e-07 7.96741e-05 0.00421905 0.89435 0.0263868 0.0407289 0.0342354 
2.78517e-05 0.000698524 0.00493454 0.0851384 0.20865 0.446809 0.177805 0.0124904 0.0126621 0.0507846 
5.79325e-13 1.02427e-10 6.7068e-09 6.63153e-07 2.27005e-05 0.000140097 0.00106746 0.00636583 0.968541 0.0238622 
4.78764e-09 6.718e-07 4.39808e-06 0.000111282 0.00124459 0.0039988 0.0188769 0.877695 0.0601189 0.0379493 
0.000867288 0.0188779 0.0556729 0.911185 0.0106165 0.00259726 0.000150202 2.86139e-05 3.18004e-06 9.03187e-07 
1.04506e-16 5.24133e-14 3.23487e-12 6.50543e-10 4.56222e-08 8.01054e-06 0.000273573 0.00182682 0.190191 0.8077 
3.56944e-10 4.60361e-08 4.34702e-07 1.12627e-05 0.000118389 0.000661111 0.0218028 0.205701 0.529757 0.241948 
2.85712e-10 4.33412e-08 2.1281e-07 4.53438e-06 0.000203084 0.000788664 0.00889494 0.0282029 0.916674 0.0452314 
2.80628e-08 2.7906e-06 2.3886e-05 0.000130359 0.00169314 0.00588075 0.0205435 0.847451 0.0729605 0.0513142 
5.96796e-09 8.36289e-07 5.73427e-06 0.000148754 0.00066651 0.00305997 0.0135923 0.149617 0.802795 0.030114 
1.53436e-09 2.39967e-07 1.59842e-06 2.99362e-05 0.000278389 0.000807084 0.00687127 0.0256305 0.9119 0.0544812 
2.17294e-10 3.0751e-08 2.03702e-07 6.83894e-06 4.42661e-05 0.000274609 0.00535172 0.022535 0.942322 0.0294654 
3.87613e-11 6.71903e-09 3.40569e-08 3.79757e-07 2.61276e-06 0.000133764 0.00107064 0.00117772 0.0029457 0.994669 
1.50432e-09 2.21947e-07 1.41852e-06 3.29621e-05 0.000181938 0.000518253 0.00387069 0.00771461 0.0251604 0.962519 
8.33291e-07 0.00016154 6.48529e-05 0.000175485 0.00144532 0.00360233 0.0119518 0.0258081 0.0344783 0.922311 
2.70585e-09 3.93583e-07 3.13992e-06 8.13803e-05 0.00039981 0.00164389 0.0147181 0.878101 0.060494 0.0445588 
1.6395e-11 2.79986e-09 1.69442e-08 7.85573e-08 7.89795e-07 5.15452e-05 0.000385237 0.000407436 0.00182198 0.997333 
1.44814e-09 1.58523e-07 8.59981e-07 5.75926e-06 0.000343242 0.00051916 0.00320964 0.00798714 0.0264077 0.961526 
5.90902e-15 8.15013e-13 1.36206e-11 4.58876e-10 5.68171e-09 4.29037e-08 4.07077e-06 1.96865e-05 0.000476595 0.9995 
5.51399e-13 5.18556e-11 2.5483e-09 1.26026e-08 9.73917e-08 8.36127e-06 4.46016e-05 9.58572e-05 0.000908588 0.998942 
1.50114e-10 2.25049e-08 1.28434e-07 3.3565e-06 8.93895e-05 0.000493245 0.00538527 0.0152781 0.0392448 0.939506 
2.67654e-07 1.61674e-05 0.000444804 0.002267 0.0117062 0.0314956 0.0547655 0.447301 0.429283 0.0227204 
3.17688e-17 1.02095e-14 2.43482e-12 6.12706e-10 4.21059e-08 8.53358e-06 0.000135647 0.0013874 0.979543 0.0189254 
1.82197e-16 5.55557e-14 1.2159e-11 2.75277e-09 2.29375e-07 4.21178e-05 0.00122369 0.00836984 0.0259964 0.964368 
8.12174e-09 1.20881e-06 6.34455e-06 4.28136e-05 0.00093062 0.00317702 0.0101055 0.026415 0.901885 0.0574361 
1.43679e-10 2.3674e-08 1.81965e-07 2.25539e-06 6.30225e-05 0.000371323 0.00374674 0.0108623 0.0344966 0.950458 
5.81184e-11 8.54546e-09 4.02741e-08 8.97411e-07 9.10571e-05 0.000210769 0.00168815 0.00660973 0.0195075 0.971892 
7.17185e-06 0.000399032 0.00154191 0.00286569 0.0152042 0.794527 0.0623901 0.0516379 0.0396203 0.0318067 
7.1388e-09 6.25489e-07 4.21787e-06 6.93293e-05 0.000444725 0.00264254 0.457118 0.463602 0.0383686 0.0377505 
3.65106e-11 4.46656e-09 1.07226e-07 1.25911e-05 0.000165817 0.000750625 0.00973903 0.921846 0.0423637 0.0251223 
6.15641e-14 1.92928e-11 4.261e-10 7.78867e-08 7.08163e-07 3.44981e-05 0.000371999 0.00490752 0.0222987 0.972386 
5.12315e-15 3.0946e-13 1.0009e-11 6.44822e-10 3.69783e-08 1.57302e-07 1.58141e-05 5.1611e-05 0.000417971 0.999514 
3.15553e-10 3.65376e-08 3.75134e-07 1.62189e-05 6.16277e-05 8.18666e-05 0.000654165 0.0046976 0.770782 0.223707 
2.451e-11 2.49577e-09 4.69285e-08 2.06947e-06 2.36128e-05 0.000210289 0.00098617 0.00292221 0.0841539 0.911702 
4.90566e-11 8.22235e-09 4.37465e-08 7.20485e-07 1.97757e-05 0.00127104 0.00902121 0.929851 0.0363303 0.0235058 
3.93332e-09 6.06735e-07 3.55521e-06 2.58408e-05 0.000402448 0.00108412 0.00592636 0.0132075 0.917841 0.0615083 
4.9176e-09 5.65449e-07 3.44869e-06 8.97774e-05 0.000746902 0.00182684 0.00900275 0.0229242 0.0482102 0.917195 
1.15311e-07 6.27656e-06 3.43701e-05 0.000183267 0.00209435 0.00696367 0.0147012 0.0221787 0.0325562 0.921282 
1.93344e-17 8.3827e-15 2.39974e-12 5.68771e-10 4.51288e-08 9.64146e-06 8.61682e-05 0.000927745 0.00649936 0.992477 
2.86826e-09 2.96729e-07 3.09344e-06 6.90919e-06 3.86769e-05 0.000188965 0.000973605 0.0037676 0.0136429 0.981378 
1.01056e-07 7.03975e-06 0.000176416 0.000706786 0.00286037 0.0102357 0.0188634 0.214956 0.428366 0.323828 
2.79734e-10 4.24608e-08 2.53848e-07 1.21443e-06 1.29397e-05 0.000100473 0.000944981 0.000616061 0.00186477 0.996459 
3.82507e-08 2.7059e-06 2.92062e-05 0.000122122 0.00110444 0.00513518 0.0108949 0.0238166 0.0496676 0.909227 
4.41061e-09 5.78467e-07 4.81056e-06 9.00409e-05 0.000553035 0.000893832 0.00585795 0.0163997 0.0481822 0.928018 
3.75562e-11 6.7082e-09 1.67027e-08 8.9818e-08 7.41546e-07 5.08957e-06 0.000163298 0.00047791 0.00223479 0.997118 
2.65702e-08 1.9466e-06 1.96917e-05 0.000138133 0.000573568 0.00250617 0.0139217 0.891404 0.0533976 0.038037 
5.83161e-08 6.15347e-06 6.80524e-05 0.000391667 0.00317174 0.0155906 0.872302 0.0517305 0.0388423 0.0178967 
7.6258e-09 8.15308e-07 1.24495e-05 6.71583e-05 0.000792444 0.0016952 0.00677552 0.0188332 0.0340972 0.937726 
2.16907e-07 3.93556e-05 0.000792095 0.00104382 0.00879199 0.0313704 0.0505922 0.840096 0.0429579 0.0243156 
1.33212e-09 1.73135e-07 1.45769e-06 4.84672e-05 0.000293255 0.000509738 0.00421704 0.0112259 0.761739 0.221965 
2.14182e-07 2.07674e-05 0.00011564 0.000739922 0.00265943 0.0684124 0.215445 0.101864 0.4296 0.181142 
2.04373e-15 2.92254e-13 8.69234e-13 8.17428e-12 3.80427e-10 4.49699e-09 3.4116e-05 0.000180896 0.00218585 0.997599 
1.67378e-07 3.77917e-05 0.00064668 0.000474229 0.00114091 0.00215146 0.00833464 0.0121418 0.933645 0.0414277 
1.11842e-11 1.81495e-09 1.79678e-08 1.1626e-07 8.19763e-07 2.66357e-05 0.000302285 0.000970555 0.00646491 0.992235 
2.09187e-05 0.00112645 0.00602702 0.500473 0.195383 0.176141 0.0158929 0.00895928 0.0118798 0.0840955 
6.20255e-08 3.42969e-06 8.96088e-05 0.000269958 0.00108796 0.006289 0.0124885 0.0170439 0.914373 0.0483545 
8.57923e-08 5.05215e-06 0.000205403 0.000639573 0.0030281 0.00440737 0.0114558 0.0299231 0.898885 0.0514505 
1.8596e-08 1.57043e-06 2.77489e-05 0.000297372 0.00102745 0.00424256 0.0158759 0.0388631 0.884864 0.0548003 
6.48097e-11 7.41572e-09 2.37862e-07 9.9188e-07 4.03156e-05 0.00012175 0.00118052 0.00443804 0.0171471 0.977071 
5.08497e-15 6.42975e-13 2.30329e-12 4.97543e-11 9.44684e-10 4.85118e-09 1.11569e-06 3.26737e-06 4.6318e-05 0.999949 
1.30969e-07 7.45167e-06 0.000173671 0.000857806 0.00470447 0.0230183 0.807063 0.0720447 0.0584195 0.0337107 
3.82312e-06 0.000266656 0.00213457 0.0138039 0.0476657 0.800027 0.0455617 0.0313714 0.0292755 0.02989 
7.7967e-12 5.27644e-10 2.03144e-08 2.4676e-06 0.000130946 0.000654606 0.0676006 0.00885752 0.600585 0.322169 
4.07038e-05 0.00191796 0.00612689 0.00675388 0.018785 0.02145 0.0260332 0.0502066 0.0701617 0.798524 
4.60024e-11 6.2625e-09 7.36161e-08 1.61116e-06 0.000114055 0.00030636 0.00369214 0.0172259 0.0447565 0.933903 
1.17493e-08 9.33576e-07 5.64716e-06 8.24663e-05 0.000353962 0.00166822 0.00471584 0.0107514 0.936098 0.0463239 
1.40188e-31 3.33568e-28 7.68726e-24 3.2278e-21 5.21213e-17 1.63883e-13 1.03439e-08 2.96047e-05 0.000686605 0.999284 
1.4577e-08 2.12354e-06 3.88571e-05 9.646e-05 0.000611556 0.00180444 0.0410893 0.00501966 0.00921463 0.942123 
1.93092e-10 2.67677e-08 5.37212e-07 1.7182e-06 7.45451e-06 0.000141944 0.00211865 0.0210895 0.960482 0.0161586 
1.90711e-08 1.22859e-06 1.49607e-05 0.000288277 0.000766921 0.00375227 0.162544 0.174854 0.523317 0.134461 
1.43368e-11 2.37927e-09 1.29191e-08 6.38157e-08 9.55271e-07 1.64053e-05 0.000259397 0.00162185 0.00899873 0.989103 
2.16798e-06 0.000402432 0.000519447 0.00478963 0.0214343 0.0529746 0.809973 0.046311 0.0335406 0.0300525 
2.51568e-09 3.23282e-07 1.61714e-06 1.71122e-05 0.000142313 0.000489273 0.00419876 0.0077181 0.0284712 0.958961 
3.37345e-10 3.87288e-08 2.946e-07 6.60261e-06 0.000169892 0.000293768 0.00286624 0.00801481 0.0375514 0.951097 
6.00016e-08 2.88085e-06 9.83477e-05 0.000368998 0.00125184 0.00199757 0.00605761 0.0139433 0.93409 0.0421893 
1.75313e-09 2.42518e-07 1.74932e-06 5.96742e-05 0.000640775 0.00189162 0.0111017 0.0328024 0.910616 0.0428856 
2.66215e-08 1.84567e-06 3.30362e-05 0.000118653 0.00111236 0.00311752 0.0110342 0.029345 0.0551901 0.900047 
8.14565e-10 1.37083e-07 5.27359e-07 4.3163e-06 0.000121338 0.000132388 0.000896875 0.93658 0.0388327 0.0234313 
1.24516e-10 2.06668e-08 3.17989e-07 7.98704e-06 0.000147242 0.000604254 0.00462844 0.0122037 0.0244168 0.957991 
9.42844e-09 1.10665e-06 1.16943e-05 6.62953e-05 0.000739622 0.00240317 0.0106255 0.0270127 0.912918 0.0462218 
4.03817e-09 3.53779e-07 4.11687e-06 0.00025237 0.0011472 0.00409313 0.0142631 0.0379356 0.905984 0.0363205 
1.48625e-09 2.13364e-07 1.58711e-06 3.40488e-05 0.0002903 0.000773023 0.0052098 0.0127626 0.0384178 0.942511 
7.40094e-10 6.38643e-08 4.22321e-06 0.000126764 0.000539665 0.0197527 0.0337766 0.682991 0.121447 0.141362 
8.12572e-09 1.01025e-06 5.35745e-06 0.000105537 0.00153279 0.0104732 0.413709 0.53294 0.0264229 0.0148108 
1.30397e-09 1.60884e-07 6.32549e-07 4.45622e-06 0.000233042 0.000541615 0.00356559 0.0103223 0.0307505 0.954582 
2.34457e-09 2.94516e-07 2.83405e-06 8.05555e-05 0.000491219 0.000975931 0.00707428 0.0188274 0.923871 0.0486769 
5.20069e-12 1.10032e-09 6.90172e-08 1.04726e-05 6.46033e-05 0.000308133 0.00190274 0.00800885 0.0250519 0.964653 
3.4421e-08 2.57567e-06 4.75605e-05 0.000245651 0.00132135 0.00569256 0.0179021 0.0513405 0.877954 0.0454935 
4.07035e-13 2.1416e-11 3.59168e-10 1.70527e-08 2.80613e-06 2.80802e-05 0.000301025 0.00316069 0.0169081 0.979599 
9.16277e-08 7.45441e-06 9.92949e-05 0.000663331 0.0063281 0.0226003 0.042671 0.840394 0.0572314 0.0300046 
1.89785e-06 0.000350521 0.000529301 0.00255609 0.024731 0.79605 0.0627038 0.0532426 0.0393534 0.020481 
5.35036e-10 5.54062e-08 5.05652e-07 2.89086e-05 0.000192371 0.000543002 0.00484335 0.0162275 0.939931 0.0382332 
2.00218e-10 2.48618e-08 6.61161e-07 2.44747e-06 8.4794e-05 0.00025051 0.00243094 0.00713998 0.482532 0.507559 
7.76667e-12 4.4353e-10 1.20182e-08 4.66079e-07 5.9792e-05 0.000185259 0.00148564 0.00685141 0.490947 0.500471 
2.67045e-12 3.8554e-10 2.63762e-08 1.06668e-06 3.25949e-05 0.00244521 0.0125343 0.036813 0.927843 0.0203306 
3.8551e-08 2.41501e-06 4.09458e-05 0.000464822 0.00316572 0.163147 0.0268098 0.754789 0.0351655 0.0164148 
7.02142e-06 0.000463995 0.00264764 0.0324607 0.306313 0.49275 0.138776 0.011678 0.00892665 0.00597812 
6.5433e-15 2.02351e-12 4.78625e-11 8.85845e-09 1.44945e-07 1.54212e-05 0.000531703 0.00531415 0.0200872 0.974051 
2.72657e-17 5.0842e-15 8.28504e-13 1.88656e-10 1.4716e-08 3.13831e-06 1.3475e-05 0.000266802 0.000991691 0.998725 
2.62894e-14 7.41167e-12 1.70478e-10 3.09779e-08 3.61282e-07 3.03053e-05 0.000256013 0.002917 0.01597 0.980826 
2.09945e-06 0.000125684 0.000830743 0.00260608 0.0102112 0.0991812 0.468118 0.0201513 0.0212926 0.377481 
3.115e-08 3.25041e-06 3.31068e-05 0.000941115 0.00165909 0.00572637 0.0168398 0.285187 0.652235 0.0373749 
9.51928e-09 1.10659e-06 4.72722e-06 3.86801e-05 0.00073684 0.0052928 0.0201296 0.0438723 0.890222 0.0397016 
1.22817e-11 1.71974e-09 1.05447e-08 4.55919e-07 9.69703e-06 5.14919e-05 0.000472021 0.00306503 0.0123456 0.984056 
1.78823e-12 9.00952e-11 1.3775e-09 4.07681e-08 1.17749e-05 7.61581e-07 8.71715e-05 0.000502143 0.00343179 0.995966 
1.57786e-10 1.75442e-08 6.92798e-07 1.83958e-06 1.12813e-05 8.82121e-05 0.000634084 0.00354153 0.016718 0.979004 
5.24182e-28 1.1927e-24 2.55461e-20 5.5552e-18 1.0855e-14 1.74744e-12 5.23036e-07 1.40106e-05 0.000741035 0.999244 
2.72179e-10 4.56421e-08 1.52668e-07 1.36188e-06 5.78246e-05 0.000142095 0.000695927 0.00386069 0.0219085 0.973333 
0.000223538 0.00595337 0.195137 0.765643 0.0240818 0.00679989 0.00183114 0.000292713 3.43531e-05 2.99251e-06 
2.30503e-10 3.94935e-08 3.78557e-07 1.15347e-05 0.000157487 0.00171307 0.0144523 0.889187 0.0522007 0.0422771 
1.3609e-10 1.23402e-08 7.61233e-07 1.88833e-06 4.54507e-06 4.30419e-05 0.00210519 0.0142981 0.967161 0.0163852 
1.90872e-17 8.90566e-15 2.6502e-12 6.35293e-10 4.94775e-08 1.05024e-05 5.94296e-05 0.000424596 0.00372649 0.995779 
1.12668e-06 5.18033e-05 0.000504148 0.00475374 0.0138413 0.0171677 0.0224448 0.0277443 0.891573 0.0219184 
1.89224e-08 2.4124e-06 3.50755e-05 0.000213123 0.00154341 0.00976466 0.892997 0.0347096 0.0339997 0.0267353 
1.17694e-07 9.94072e-06 0.000162713 0.000552337 0.00465591 0.0128297 0.0197557 0.0398242 0.0546545 0.867555 
2.56879e-09 3.67009e-07 2.83333e-06 5.12004e-05 0.000533529 0.00129454 0.0117522 0.0348363 0.905289 0.0462404 
1.39733e-09 1.65421e-07 1.26389e-06 3.51914e-05 0.000283671 0.000753377 0.00623946 0.361944 0.04554 0.585203 
1.84227e-16 6.55115e-14 1.5667e-11 3.72423e-09 2.85141e-07 5.98493e-05 0.000517293 0.938345 0.0343508 0.0267264 
5.6181e-10 7.21897e-08 5.77622e-07 2.32724e-05 0.000107995 0.000225601 0.00184851 0.0106833 0.952953 0.0341574 
1.07943e-11 5.88995e-10 9.11007e-09 3.97288e-07 7.07176e-05 7.63244e-05 0.00280915 0.0181403 0.950036 0.0288675 
4.93053e-09 3.63018e-07 2.19989e-06 8.46704e-06 7.36326e-05 0.00110012 0.0067592 0.0234474 0.941449 0.0271594 
2.14062e-07 1.29154e-05 0.000193618 0.00124413 0.00621162 0.0276625 0.0539784 0.826519 0.0533588 0.0308192 
1.15907e-16 4.55059e-14 1.3035e-11 3.12149e-09 2.50946e-07 5.15987e-05 0.000319249 0.00670081 0.975168 0.0177599 
1.12854e-10 1.5411e-08 2.93914e-07 8.77658e-07 5.11098e-06 5.68603e-05 0.000436973 0.00329112 0.0130483 0.98316 
6.72088e-12 3.40478e-10 5.22354e-09 1.64548e-07 4.43498e-05 7.23864e-06 6.2269e-05 0.000449796 0.000984378 0.998452 
2.35565e-08 1.63213e-06 1.69917e-05 0.000151967 0.00105816 0.029166 0.0887319 0.182164 0.452971 0.245738 
5.22826e-16 1.76132e-13 1.35246e-11 3.03917e-09 2.02258e-07 4.24417e-05 0.000140398 0.00119429 0.00908767 0.989535 
1.25403e-11 1.13953e-09 7.85647e-09 2.38083e-07 5.81467e-05 1.39367e-05 0.000463327 0.000627007 0.0027108 0.996127 
2.71875e-06 0.000490284 0.000844954 0.00230601 0.0195085 0.234274 0.675838 0.0363213 0.0178525 0.0125622 
1.12235e-07 6.7839e-06 0.00013579 0.000621625 0.00338531 0.0167784 0.637844 0.241738 0.0598116 0.0396788 
1.08504e-10 1.83275e-08 7.36565e-08 1.01248e-06 5.68996e-05 0.000192954 0.00146951 0.00264506 0.00679431 0.98884 
2.20655e-06 0.00016976 0.000806796 0.00148569 0.0686985 0.220398 0.507606 0.156204 0.0269529 0.0176758 
1.49071e-05 0.00095717 0.00628914 0.0369116 0.730633 0.0693888 0.0497464 0.0377223 0.0365618 0.0317747 
9.0209e-11 1.5769e-08 7.2331e-08 9.81857e-07 1.65828e-05 0.000240814 0.00215393 0.00475427 0.202879 0.789955 
2.57933e-09 3.11734e-07 2.12243e-06 4.35375e-05 0.000469238 0.000893686 0.00627087 0.0169958 0.038242 0.937082 
2.30176e-26 2.56011e-23 1.51002e-19 3.31733e-17 6.4251e-14 8.52999e-12 1.03141e-05 2.79712e-05 0.000930192 0.999032 
2.37113e-05 0.00161747 0.00727018 0.555981 0.08354 0.293053 0.0334283 0.0131281 0.0090998 0.0028581 
6.55124e-08 9.88805e-06 6.46621e-05 0.000805878 0.00421275 0.063008 0.734183 0.129487 0.0401842 0.0280449 
5.27402e-11 9.09009e-09 5.3095e-08 2.16472e-07 6.45016e-06 3.40725e-05 0.000322729 0.00232241 0.246191 0.751123 
3.67606e-27 3.5128e-24 4.1938e-21 8.23673e-19 8.64414e-16 1.70805e-13 1.68309e-07 2.74797e-07 3.5982e-05 0.999964 
1.36986e-11 8.83624e-10 1.60766e-08 5.01055e-07 8.49851e-05 0.000169072 0.00283944 0.0136628 0.0362207 0.947022 
5.18168e-08 3.05874e-06 8.15257e-05 0.000336716 0.00148768 0.301863 0.0229643 0.47399 0.182667 0.0166062 
7.20373e-17 3.34743e-14 1.00905e-11 2.39337e-09 1.90914e-07 4.08185e-05 0.000285153 0.96621 0.0157203 0.0177434 
4.3894e-11 5.77887e-09 6.00292e-08 7.09156e-07 5.00457e-05 9.05518e-05 0.000949825 0.00529694 0.691365 0.302247 
3.24936e-06 0.000180744 0.0018404 0.00603863 0.0149713 0.024577 0.862268 0.0532978 0.031324 0.00549904 
1.52978e-07 1.14231e-05 0.000463336 0.00629981 0.0265242 0.452433 0.440888 0.0280953 0.0252256 0.0200589 
1.47469e-10 2.39353e-08 9.37221e-08 1.76039e-06 6.31367e-05 0.000193714 0.00203327 0.482031 0.497613 0.0180639 
2.33316e-12 5.79421e-10 4.43555e-08 5.99394e-06 3.96953e-05 0.000579914 0.00486649 0.0205911 0.95465 0.019267 
6.71733e-09 9.71503e-07 5.95224e-06 9.70714e-05 0.000590834 0.00216669 0.0131457 0.905941 0.0443973 0.0336543 
5.27347e-09 7.82903e-07 3.99387e-06 9.38538e-05 0.00043345 0.00162724 0.00978298 0.126859 0.586789 0.27441 
4.22323e-08 2.38735e-06 1.63078e-05 0.000269306 0.00130267 0.00279755 0.01109 0.031176 0.897025 0.0563209 
3.42736e-11 6.34545e-09 1.12803e-08 3.32052e-07 2.05168e-06 8.06486e-05 0.000877269 0.00105418 0.00199111 0.995994 
4.6228e-10 7.79218e-08 2.27542e-07 2.30776e-06 0.000138151 0.000209718 0.00234699 0.00633958 0.0249686 0.965994 
4.40174e-08 6.07552e-06 3.32485e-05 0.000176117 0.00135774 0.0734573 0.234104 0.240906 0.432324 0.0176354 
1.24875e-12 2.0798e-10 9.442e-10 4.61837e-08 9.30663e-07 6.05731e-05 0.00147075 0.0101885 0.0300071 0.958272 
6.25019e-11 5.68924e-09 3.36163e-07 8.99299e-07 2.50019e-06 3.17403e-05 0.000197421 0.0016322 0.00615033 0.991985 
1.14644e-06 0.000212993 0.000441191 0.00143745 0.00976494 0.0369825 0.0730105 0.816939 0.0340747 0.0271353 
5.88783e-11 1.06816e-08 3.93155e-08 1.15422e-07 1.06942e-06 7.79767e-05 0.000764876 0.00705869 0.969487 0.0226102 
1.83843e-09 2.74238e-07 1.25017e-06 6.66091e-05 0.00073984 0.00647032 0.0230801 0.89308 0.0476094 0.0289519 
5.01035e-08 3.67488e-06 4.39399e-05 0.000203081 0.000970911 0.00199605 0.00741534 0.0167569 0.0401934 0.932417 
4.00719e-09 5.83388e-07 3.36898e-06 6.48263e-05 0.000490133 0.0011744 0.00435504 0.00663343 0.0240566 0.963222 
9.22879e-11 1.04293e-08 2.9882e-07 1.58053e-06 0.000101181 0.000217719 0.00201555 0.0122563 0.0393468 0.946061 
1.96826e-08 1.99459e-06 2.41478e-05 0.000102913 0.000457203 0.00101343 0.00381242 0.00620444 0.0148539 0.97353 
1.08918e-07 7.04448e-06 0.000126634 0.000459516 0.00285704 0.00924329 0.0106828 0.0221842 0.041542 0.912897 
2.32131e-21 2.55265e-18 9.19159e-16 1.71736e-13 1.66164e-11 2.77079e-09 6.71746e-05 0.000756328 0.333962 0.665215 
5.35445e-11 9.0479e-09 5.26768e-08 6.53463e-07 1.25466e-05 0.000343195 0.00473752 0.0163065 0.94612 0.0324794 
4.29663e-11 7.5551e-09 2.72537e-08 5.22918e-07 9.87333e-06 0.000173603 0.00145371 0.00401041 0.0176061 0.976746 
5.24586e-08 4.41062e-06 0.000122865 0.000263684 0.00178942 0.00847605 0.0154755 0.0265464 0.236941 0.710381 
2.02416e-13 3.65175e-11 1.7046e-10 3.31166e-09 1.39626e-07 6.21189e-07 5.65695e-06 4.02592e-05 0.000746809 0.999207 
1.10461e-08 9.83576e-07 4.58881e-05 5.10046e-05 0.000710964 0.00341832 0.392318 0.199846 0.278513 0.125096 
3.84448e-08 2.55962e-06 2.66085e-05 0.00014302 0.000554464 0.00175496 0.00596219 0.00733286 0.0160532 0.96817 
1.28315e-10 1.36612e-08 5.98488e-07 1.51056e-06 3.86272e-06 4.01572e-05 0.000240145 0.00113877 0.00301441 0.995561 
4.04482e-08 1.98233e-06 5.00381e-05 0.000180469 0.000580925 0.00134366 0.00367982 0.00771027 0.486624 0.499829 
5.29097e-22 4.11759e-20 4.8685e-18 7.89631e-16 3.18193e-13 3.58779e-11 3.88503e-05 0.000156342 0.0026461 0.997159 
1.55529e-09 1.39207e-07 6.76718e-06 1.26997e-05 0.000110339 0.000404692 0.00482022 0.0529049 0.162585 0.779155 
4.21347e-08 2.82852e-06 6.29567e-05 0.000201001 0.00155453 0.00367403 0.0114198 0.0223317 0.0309778 0.929775 
8.72515e-25 7.31317e-22 2.26905e-19 4.55197e-17 1.38587e-14 2.24969e-12 2.24839e-09 1.69797e-05 0.000620166 0.999363 
5.53012e-08 3.44379e-06 3.94377e-05 0.000152546 0.000684329 0.00202155 0.00717954 0.0138321 0.0372016 0.938885 
2.18064e-09 3.22753e-07 2.24606e-06 2.3831e-05 0.000207798 0.000485854 0.00377846 0.0102347 0.0301947 0.955072 
1.21121e-08 1.19606e-06 4.35684e-06 5.45186e-05 0.000550014 0.0017912 0.00512908 0.0102292 0.0217524 0.960488 
1.86622e-06 0.000336629 0.000226171 0.00181226 0.00744564 0.0246364 0.0379692 0.0503926 0.835676 0.0415033 
1.26423e-12 1.33018e-10 3.25412e-09 6.96934e-08 1.35118e-06 0.000248016 0.00634459 0.963327 0.0193875 0.0106914 
3.11475e-09 4.56939e-07 2.86872e-06 5.69618e-05 0.000400744 0.0022212 0.0108116 0.883172 0.0536272 0.0497065 
3.03508e-07 6.42225e-05 0.000628855 0.000506942 0.00306074 0.00710989 0.156962 0.0327892 0.255067 0.543811 
2.66949e-08 3.00194e-06 2.33028e-05 0.000122315 0.00208458 0.00182489 0.0103697 0.0912918 0.487715 0.406565 
1.46064e-07 8.94475e-06 0.000169585 0.000742642 0.00827772 0.0294714 0.807521 0.0658553 0.0585539 0.0293992 
1.56988e-07 1.03969e-05 0.000383114 0.00103826 0.0160433 0.0524474 0.805946 0.0478784 0.0431442 0.0331087 
4.03242e-07 2.3406e-05 0.000298662 0.00285202 0.0105876 0.268403 0.116772 0.25603 0.326632 0.0184013 
2.96118e-09 4.41226e-07 2.15074e-06 4.45243e-05 0.000395511 0.00137123 0.0066978 0.0181471 0.919388 0.0539537 
1.00916e-07 5.10083e-06 0.000139985 0.00048434 0.00199279 0.00939878 0.0226689 0.85477 0.0647897 0.0457507 
6.32302e-10 9.79715e-08 2.96133e-07 7.77242e-06 0.000276873 0.00495907 0.0536809 0.247369 0.367223 0.326483 
2.04701e-12 3.46616e-10 1.06643e-09 8.00484e-09 2.11604e-07 1.21472e-06 1.88769e-05 0.000249597 0.341975 0.657755 
7.50878e-12 3.94876e-10 6.18683e-09 2.54185e-07 4.99371e-05 6.87743e-05 0.0014278 0.0073742 0.960584 0.0304948 
2.66047e-10 3.61309e-08 2.7463e-07 9.23085e-06 3.57173e-05 8.94714e-05 0.00129044 0.00340457 0.013185 0.981985 
4.06843e-13 2.15957e-11 4.23038e-10 1.1811e-08 2.54808e-06 2.10588e-06 0.000868059 0.978181 0.0146171 0.00632885 
3.55323e-10 6.24009e-08 1.06934e-07 8.41553e-07 6.65295e-06 2.80142e-05 0.000981938 0.00115741 0.00659362 0.991231 
1.39779e-07 9.26295e-06 0.000117162 0.000975325 0.00492153 0.0839211 0.0977727 0.355667 0.219148 0.237467 
3.98136e-10 6.03906e-08 3.25831e-07 1.31022e-05 0.000217422 0.00121729 0.00968166 0.901499 0.0548653 0.0325059 
5.65774e-10 7.4906e-08 7.34341e-07 3.14895e-05 0.000145517 0.00186374 0.158829 0.547728 0.0226992 0.268702 
1.98151e-07 1.10401e-05 0.000109778 0.000833317 0.00396571 0.0191735 0.0475767 0.826652 0.0637285 0.0379492 
1.45394e-09 1.97319e-07 1.84662e-06 6.10252e-05 0.000365881 0.000808017 0.00704159 0.0170476 0.928378 0.0462957 
7.55139e-06 0.000364062 0.00136633 0.00160025 0.00431888 0.00780655 0.839512 0.116691 0.022929 0.00540405 
4.88137e-16 3.23662e-14 1.00171e-12 1.07809e-10 3.29752e-09 5.67774e-09 9.36981e-06 7.08201e-05 0.00230306 0.997617 
1.90068e-07 1.51265e-05 0.000193391 0.0012769 0.00607431 0.0124797 0.0179163 0.0336112 0.0448407 0.883592 
3.08956e-14 9.7167e-12 2.14244e-10 3.91957e-08 3.7202e-07 2.39625e-05 0.000247333 0.00277577 0.980788 0.0161645 
2.35747e-07 4.33982e-05 8.71498e-05 0.00043896 0.00185616 0.00580762 0.0165605 0.566104 0.296799 0.112304 
8.68022e-10 1.18202e-07 8.12449e-07 3.09746e-05 0.000173866 0.0011893 0.00793688 0.263791 0.706403 0.0204739 
1.17094e-09 1.64266e-07 1.55001e-06 6.17674e-05 0.00155172 0.0128906 0.0384323 0.878933 0.0388169 0.0293126 
4.77805e-14 1.50053e-11 3.26413e-10 5.9569e-08 5.15669e-07 2.46871e-05 0.000119465 0.000903315 0.00331768 0.995634 
1.46571e-12 7.40779e-11 1.14145e-09 3.60147e-08 9.6551e-06 1.42703e-06 3.99982e-05 0.000252548 0.00205679 0.99764 
2.74157e-10 3.27176e-08 3.19762e-07 1.30568e-05 5.31588e-05 8.15338e-05 0.000827353 0.00337339 0.165866 0.829785 
1.15707e-09 1.22436e-07 1.50324e-06 2.30098e-05 0.000242067 0.00113773 0.00417187 0.0813944 0.675333 0.237697 
1.08987e-07 5.57316e-06 0.000127622 0.000438865 0.00164682 0.00566965 0.00797832 0.0126293 0.0329903 0.938513 
6.4338e-11 9.42983e-09 7.79467e-08 6.12825e-06 0.000172429 0.000674865 0.00761558 0.921373 0.0431805 0.0269772 
3.4018e-08 1.71728e-06 5.60235e-05 0.000140498 0.000707986 0.00238202 0.01316 0.00712372 0.117279 0.859149 
6.02627e-11 8.67984e-09 3.40134e-08 6.2913e-07 9.87664e-05 3.53081e-05 0.00073134 0.00313416 0.01541 0.98059 
3.89042e-09 4.75973e-07 3.14866e-06 8.23446e-05 0.00056712 0.00335153 0.0169124 0.879506 0.0633136 0.0362636 
1.1725e-07 5.58561e-06 0.000173862 0.000551961 0.00163519 0.00273748 0.00916861 0.011494 0.026616 0.947617 
1.27311e-07 7.13821e-06 0.000218055 0.000673264 0.00401215 0.00916272 0.0200314 0.591581 0.323872 0.0504421 
3.17887e-09 4.76199e-07 2.56511e-06 5.85185e-05 0.000347845 0.000842112 0.0059632 0.471833 0.49233 0.0286217 
3.60951e-08 2.28883e-06 2.89994e-05 0.000137662 0.000679493 0.00198481 0.00645089 0.00780243 0.0124736 0.97044 
2.21866e-10 3.19022e-08 2.01746e-07 6.52452e-06 2.48961e-05 4.10823e-05 0.00110746 0.00189879 0.00821075 0.98871 
1.0645e-07 7.77352e-06 0.000285792 0.000861934 0.0053493 0.0129942 0.0170912 0.0327008 0.880243 0.0504663 
8.54224e-08 3.8388e-06 0.000141463 0.000450429 0.00177769 0.00547999 0.0134016 0.0258381 0.0409059 0.912001 
2.07444e-09 3.35309e-07 1.12981e-06 2.64661e-05 0.000125958 0.000598222 0.00234029 0.00590008 0.0162856 0.974722 
2.49637e-11 3.24916e-09 2.53917e-08 9.50783e-07 4.62068e-06 4.24478e-05 0.000294281 0.00250446 0.0125599 0.984593 
2.4784e-18 1.27305e-15 4.04028e-13 9.58354e-11 7.66972e-09 1.64052e-06 3.14649e-05 0.000292234 0.00408025 0.995594 
1.94959e-13 1.00473e-11 1.73985e-10 8.40898e-09 1.43485e-06 3.18142e-05 0.000162123 0.00149896 0.00758948 0.990716 
1.29607e-09 1.87844e-07 9.42481e-07 1.65333e-05 0.000341135 0.00088608 0.0102343 0.649866 0.0425358 0.296119 
1.82032e-06 0.00034365 0.000466264 0.00259637 0.0116545 0.0324827 0.821296 0.0551776 0.0458992 0.0300819 
3.97418e-12 3.85702e-10 1.93278e-08 6.69831e-08 3.40273e-07 4.54314e-06 0.000107533 0.00184304 0.0109185 0.987126 
1.66208e-05 0.0019964 0.031742 0.0505613 0.162324 0.471853 0.0863572 0.116769 0.0184883 0.0598913 
3.45428e-15 9.36787e-13 2.42799e-11 4.58725e-09 1.16913e-07 1.88673e-05 6.11828e-05 0.000996156 0.0061232 0.9928 
4.53959e-23 2.37566e-20 2.31434e-17 4.31321e-15 1.24447e-12 1.08411e-10 0.000101037 0.00164772 0.99218 0.00607093 
5.11676e-12 2.58214e-10 3.98202e-09 1.23973e-07 3.37757e-05 1.42892e-05 0.000193815 0.00126281 0.0073266 0.991169 
1.44364e-08 1.10679e-06 2.90742e-05 0.000141644 0.000812231 0.000921374 0.00586553 0.0107103 0.0295374 0.951981 
4.70371e-11 6.58459e-09 3.20841e-08 1.13275e-06 6.34937e-05 7.54467e-05 0.0011024 0.0026804 0.0124249 0.983652 
1.25606e-08 1.22828e-06 1.32009e-05 8.77721e-05 0.000569596 0.00262081 0.00677216 0.0159164 0.405856 0.568163 
9.29838e-08 5.83513e-06 7.90744e-05 0.000298132 0.00258579 0.00655637 0.00707481 0.00937281 0.019117 0.95491 
6.61598e-10 8.60554e-08 8.07981e-07 3.41784e-05 0.000199375 0.00178371 0.0119956 0.903778 0.0482839 0.0339244 
5.5928e-10 7.44705e-08 6.54124e-07 1.39364e-05 0.000302194 0.000863901 0.00370078 0.00929059 0.433349 0.552479 
1.30181e-08 1.23835e-06 2.21874e-05 0.000193914 0.0111132 0.173578 0.224832 0.155316 0.163857 0.271086 
7.49536e-09 9.41473e-07 3.51979e-06 2.58e-05 0.000506579 0.00239037 0.0105005 0.465688 0.0471057 0.473778 
5.00351e-08 4.19902e-06 8.36133e-05 0.000473314 0.00190285 0.00485713 0.0167809 0.846843 0.0699632 0.0590921 
3.86744e-18 9.02017e-16 6.35692e-14 1.40852e-11 7.78401e-10 1.50951e-07 2.15945e-06 0.000224534 0.00172303 0.99805 
6.64525e-08 4.33513e-06 0.000137326 0.000419905 0.00228176 0.00706852 0.0144084 0.0386948 0.880927 0.0560576 
3.6478e-09 4.10783e-07 3.28568e-06 3.14504e-05 0.000658424 0.00392428 0.0221442 0.874208 0.0571819 0.0418476 
6.20367e-12 5.89406e-10 7.91565e-09 1.7001e-07 2.36554e-05 2.7062e-05 0.000501321 0.000934382 0.00362887 0.994885 
5.46097e-11 9.53762e-09 4.60853e-08 8.02306e-07 5.60419e-06 0.000305378 0.00234466 0.00876593 0.0260295 0.962548 
5.24961e-13 3.42904e-11 7.35953e-10 2.19269e-08 2.7833e-06 2.19757e-06 5.27639e-05 0.00020505 0.00133333 0.998404 
2.42603e-06 0.000108938 0.000557649 0.00381114 0.444999 0.0299499 0.241045 0.239098 0.027817 0.0126108 
1.90345e-10 2.40404e-08 1.36054e-07 1.4072e-06 5.5574e-05 0.000269191 0.00400536 0.0137788 0.941369 0.0405205 
1.29517e-09 1.87541e-07 1.34439e-06 2.35472e-05 0.000157945 0.000352485 0.00210734 0.00635351 0.0236036 0.9674 
6.31973e-10 8.53988e-08 8.61875e-07 2.37476e-05 0.000152072 0.000433917 0.0214036 0.0315127 0.48086 0.465613 
4.61406e-09 4.38601e-07 3.79568e-06 7.61099e-05 0.000383356 0.000552541 0.00368511 0.0111236 0.937415 0.0467598 
3.46549e-10 4.45446e-08 3.53616e-07 1.24785e-05 6.21722e-05 0.000139546 0.00108348 0.0236369 0.0748765 0.900189 
7.17424e-06 0.000385546 0.00142907 0.00328947 0.0127378 0.0244499 0.28304 0.029211 0.632708 0.0127426 
8.09462e-08 1.59025e-05 0.000317467 0.000360066 0.00157412 0.052189 0.0786799 0.818658 0.031879 0.0163269 
8.07896e-07 0.000150312 0.00025647 0.000675145 0.00352344 0.121897 0.537522 0.227378 0.0304015 0.0781948 
1.1897e-21 1.15481e-18 1.13134e-15 2.03832e-13 1.93977e-11 4.97377e-09 6.49826e-07 0.000122481 0.00142068 0.998456 
5.96725e-12 6.13242e-10 3.41283e-09 1.1001e-07 2.44726e-05 1.9164e-05 0.000257316 0.00150434 0.287093 0.711102 
6.90665e-07 0.000123274 0.000152482 0.000689351 0.00270931 0.00861642 0.0213292 0.892102 0.0497372 0.0245399 
9.92722e-08 5.06048e-06 0.000110877 0.000396298 0.00154233 0.00537601 0.0103692 0.0128299 0.0288465 0.940524 
1.65081e-09 2.11085e-07 1.75496e-06 4.91129e-05 0.000326526 0.00159784 0.0445898 0.304054 0.542142 0.107239 
1.20415e-08 1.48274e-06 2.06288e-05 0.000171803 0.000568138 0.00143224 0.00505712 0.0153028 0.0398973 0.937548 
4.06949e-07 5.84424e-05 0.00127115 0.00261314 0.0130161 0.0301583 0.0496449 0.057063 0.823023 0.0231517 
7.3858e-14 8.12466e-12 2.49878e-10 2.99627e-08 3.54527e-07 9.61408e-06 4.79951e-05 0.000136028 0.00113713 0.998669 
1.28623e-09 1.88824e-07 8.02788e-07 1.76621e-05 0.000173531 0.000324671 0.00213845 0.00638521 0.0194019 0.971558 
5.04468e-10 6.77894e-08 4.92132e-07 1.84453e-05 0.000139532 0.00136508 0.00915148 0.942458 0.0288125 0.0180549 
0.00011203 0.00931504 0.704265 0.0662165 0.0678635 0.065876 0.0416393 0.0217596 0.0153251 0.00762789 
1.19194e-34 6.58428e-31 6.18456e-27 1.37262e-22 3.30107e-18 1.74431e-15 5.24295e-09 1.19506e-07 0.0001981 0.999802 
7.84978e-09 1.26476e-06 4.30253e-06 3.71017e-05 0.000731848 0.00249795 0.0103158 0.0275616 0.906996 0.0518544 
2.22668e-08 1.93152e-06 2.67018e-05 0.000161278 0.00159154 0.00526527 0.0193629 0.0388667 0.050314 0.88441 
6.65159e-06 0.000652351 0.000925144 0.00291574 0.0109037 0.0325011 0.0512187 0.820202 0.0526746 0.0280002 
8.95093e-11 1.44803e-08 1.03043e-07 8.42414e-06 0.000155427 0.000420702 0.00515357 0.0205534 0.942403 0.0313055 
7.09284e-10 1.15988e-07 3.02957e-07 2.6692e-06 8.79666e-05 0.000727105 0.00363382 0.0101719 0.0365031 0.948873 
1.1642e-07 7.04703e-06 0.000113781 0.000946687 0.003183 0.0156998 0.0327773 0.0598638 0.852055 0.0353535 
1.27274e-06 0.000221028 0.000459082 0.00192952 0.00626414 0.0209219 0.0350723 0.0404828 0.845775 0.0488725 
1.52928e-14 4.722e-12 1.10344e-10 2.05181e-08 2.76158e-07 2.90134e-05 0.000170719 0.00193331 0.317157 0.68071 
8.0052e-12 9.02088e-10 2.30942e-08 1.6394e-07 2.77695e-06 1.63232e-05 0.000345132 0.00118642 0.00588254 0.992567 
4.22762e-14 1.02831e-11 2.44721e-10 4.31435e-08 5.93126e-07 6.03158e-05 0.000325672 0.00260115 0.0121328 0.984879 
9.35763e-14 1.37171e-11 9.26931e-11 1.3596e-09 3.55549e-08 3.38011e-07 5.2916e-06 0.000254181 0.00234419 0.997396 
5.83116e-08 3.76527e-06 0.000150151 0.000418087 0.00178424 0.00690927 0.0100298 0.0150836 0.0428814 0.92274 
2.38915e-13 1.47432e-11 2.92882e-10 1.34682e-08 1.56446e-06 2.29561e-05 0.000169034 0.00151826 0.436303 0.561985 
4.98938e-15 5.08107e-13 1.60008e-11 2.15603e-09 2.73321e-08 7.57861e-07 1.91804e-05 0.000258926 0.00393307 0.995788 
6.50644e-12 5.23633e-10 9.36935e-09 7.86145e-08 7.66353e-07 2.82196e-05 0.000259328 0.00120664 0.00892519 0.98958 
2.24833e-07 1.2755e-05 0.000142465 0.000606391 0.00532015 0.0165573 0.0307679 0.0579879 0.846981 0.0416238 
3.46738e-08 2.73387e-06 5.03967e-05 0.000173962 0.00159646 0.00726682 0.841775 0.0559779 0.0571411 0.0360156 
6.14155e-12 3.20063e-10 5.09584e-09 2.04191e-07 4.05452e-05 2.74069e-05 0.000576129 0.00276323 0.0147091 0.981883 
1.33655e-07 1.11885e-05 0.00035922 0.00197342 0.00764614 0.0307126 0.0518858 0.835 0.0482014 0.0242099 
1.09474e-11 1.75413e-09 6.03131e-09 4.20429e-08 3.24092e-07 1.45722e-06 6.55387e-05 0.000178573 0.00305756 0.996697 
1.74587e-08 8.41263e-07 4.83581e-05 0.000146173 0.000490874 0.000545488 0.00374658 0.0108525 0.248867 0.735302 
4.87464e-10 5.87768e-08 5.51929e-07 2.30754e-05 8.65699e-05 0.00013192 0.00101999 0.00493641 0.970689 0.023112 
5.34049e-10 6.57564e-08 1.52674e-06 2.67233e-05 0.000431889 0.00154823 0.00651551 0.0175103 0.0384858 0.93548 
2.4011e-07 2.24124e-05 0.000309096 0.00175719 0.0100967 0.0200244 0.022274 0.0403459 0.0550902 0.85008 
1.15665e-22 1.10498e-19 1.25545e-16 2.25385e-14 3.14866e-12 9.75333e-10 2.55562e-05 6.50692e-05 0.000409348 0.9995 
1.25763e-11 6.5488e-10 1.03733e-08 4.0775e-07 8.30492e-05 6.23304e-05 0.00239696 0.0124984 0.95089 0.0340691 
5.206e-10 7.82377e-08 8.59075e-07 3.95171e-06 1.67991e-05 0.000104272 0.00132795 0.00433714 0.109923 0.884286 
4.43671e-10 6.39383e-08 3.32957e-07 2.53014e-06 7.57539e-05 0.000312827 0.00219229 0.00718232 0.0215506 0.968683 
9.53679e-06 0.000436069 0.00112747 0.0014083 0.00401262 0.00435768 0.00614432 0.0103298 0.0256629 0.946511 
4.05671e-07 4.69386e-05 0.000743497 0.00214925 0.0130008 0.0378037 0.058665 0.822928 0.0467935 0.017869 
3.94785e-12 7.52128e-10 1.86345e-10 5.10395e-09 1.46736e-07 5.58941e-06 0.00011784 0.00103669 0.00533126 0.993508 
1.76802e-07 1.25095e-05 0.000372123 0.0018426 0.00701395 0.0266068 0.0475036 0.825818 0.0633329 0.0274971 
6.8276e-08 4.44576e-06 3.30041e-05 0.000204213 0.0015974 0.00552829 0.0196632 0.0469343 0.877894 0.0481413 
8.84725e-28 1.31002e-24 1.77451e-20 3.88776e-18 8.11416e-15 1.17155e-12 7.29055e-07 4.43836e-05 0.00204494 0.99791 
1.69738e-16 6.21554e-14 1.49798e-11 3.42749e-09 2.65494e-07 5.61057e-05 0.000177115 0.00158184 0.00610897 0.992076 
5.66717e-10 7.71447e-08 6.85076e-07 1.63978e-05 0.000105827 0.000307163 0.00190623 0.0611111 0.78527 0.151283 
1.54083e-09 2.70351e-07 8.3295e-06 0.000317697 0.00031929 0.00272679 0.0110463 0.0327598 0.929964 0.0228575 
2.74009e-16 6.85921e-14 1.27092e-11 3.20894e-09 2.03092e-07 3.96238e-05 0.000259478 0.00430839 0.968303 0.0270893 
3.1266e-10 4.5225e-08 4.52685e-07 1.93152e-06 3.78871e-05 0.000323597 0.00295027 0.00995939 0.0283065 0.95842 
6.25233e-11 9.05062e-09 3.81339e-08 1.00682e-06 0.000118485 0.000183575 0.00233017 0.00713514 0.0287425 0.961489 
5.33997e-20 1.97642e-17 4.11755e-15 8.20937e-13 1.15787e-10 2.69188e-08 5.12433e-05 0.000396292 0.00524676 0.994306 
5.7333e-11 9.14269e-09 5.44804e-08 7.1694e-07 7.5476e-05 0.000174752 0.00181886 0.00537188 0.964598 0.0279599 
3.46022e-13 3.38509e-11 6.51173e-10 8.53847e-08 2.70494e-06 6.67832e-05 0.000419655 0.00299436 0.017008 0.979508 
2.11199e-08 1.79637e-06 5.83464e-05 0.000139919 0.00099458 0.00519714 0.00868494 0.0161947 0.0433723 0.925356 
4.34921e-08 4.51277e-06 7.30623e-05 0.000483506 0.00190399 0.00701232 0.0192736 0.0440481 0.85794 0.0692611 
2.87879e-16 6.55742e-14 1.06138e-11 2.66319e-09 1.66927e-07 3.23648e-05 0.000223378 0.00291546 0.0161311 0.980698 
4.93596e-09 4.95832e-07 2.00077e-06 1.83318e-05 0.00049887 0.00158918 0.0067756 0.0186243 0.0402645 0.932227 
6.86312e-10 6.74393e-08 5.72814e-07 5.01586e-06 0.000297047 0.000373396 0.00419465 0.917505 0.0402416 0.0373829 
1.26162e-07 8.55978e-06 0.000215171 0.00122919 0.00470253 0.0127173 0.0221497 0.0488042 0.85632 0.0538533 
1.76136e-06 0.000337362 0.000256568 0.00198777 0.00660732 0.0146767 0.0259249 0.0390262 0.874678 0.0365036 
2.86074e-09 4.15754e-07 1.65471e-06 1.10955e-05 0.00047002 0.00375724 0.722902 0.039416 0.197285 0.0361569 
5.58623e-12 3.07721e-10 5.00351e-09 2.59386e-07 3.72565e-05 0.000177963 0.000943321 0.00624314 0.959389 0.0332089 
1.69355e-07 1.96225e-05 0.000296497 0.00116364 0.0162375 0.097017 0.229197 0.232552 0.363492 0.0600239 
1.63577e-07 2.71959e-05 0.000458589 0.000563987 0.00520015 0.0137132 0.0212359 0.0440615 0.0579972 0.856742 
4.33235e-09 5.69375e-07 3.00255e-06 0.000126281 0.000723088 0.00246159 0.0124712 0.0379723 0.906979 0.0392629 
7.93944e-18 4.0381e-15 1.25269e-12 2.96792e-10 2.3859e-08 5.09787e-06 6.58155e-05 0.000504325 0.00318987 0.996235 
1.44925e-10 2.04368e-08 1.28916e-07 4.37605e-06 3.22632e-05 5.58332e-05 0.000400607 0.00082179 0.00353914 0.995146 
9.64968e-07 7.1447e-05 0.00056904 0.0214289 0.132701 0.504424 0.0854333 0.135369 0.0896802 0.0303217 
6.32911e-10 6.57576e-08 6.48802e-07 4.41943e-06 0.000133059 0.000718366 0.00567212 0.0246299 0.930585 0.0382563 
5.62678e-17 2.6112e-14 7.85293e-12 1.86287e-09 1.48355e-07 3.17138e-05 0.000159573 0.00140577 0.00798199 0.990421 
2.6132e-08 1.78273e-06 5.89791e-05 0.00027498 0.00111033 0.00225605 0.013874 0.872998 0.0697662 0.0396598 
1.40376e-08 1.18449e-06 6.51301e-06 0.000126222 0.00145268 0.00653814 0.0228472 0.858697 0.0722732 0.0380576 
1.2521e-07 1.91967e-05 0.000323991 0.000318486 0.00133371 0.00315288 0.0101237 0.0214899 0.897181 0.0660568 
6.71485e-10 9.45063e-08 6.70588e-07 4.53621e-06 0.000200249 0.000530742 0.00412471 0.0102495 0.0231554 0.961734 
8.53189e-16 2.68894e-13 1.22446e-11 2.59246e-09 1.33067e-07 2.6238e-05 0.000253276 0.00460723 0.979995 0.0151178 
4.82643e-11 7.76397e-09 6.63428e-08 2.73388e-07 2.18395e-06 1.21598e-05 0.000469765 0.00388745 0.982786 0.0128422 
4.82198e-14 1.49596e-11 3.24441e-10 5.85901e-08 5.07683e-07 2.32829e-05 0.000150758 0.000443923 0.00298731 0.996394 
3.9522e-11 4.55687e-09 4.65046e-08 2.03139e-06 1.03947e-05 2.73698e-05 0.000300715 0.00450297 0.983583 0.0115732 
2.76923e-08 2.6058e-06 2.24002e-05 0.00010187 0.0012805 0.00533678 0.0122104 0.0254214 0.0450854 0.910539 
1.65186e-09 2.04645e-07 1.91251e-06 8.84167e-05 0.000445404 0.0024018 0.0112817 0.0255123 0.0498153 0.910453 
3.6258e-09 4.98618e-07 3.00919e-06 7.7257e-05 0.000669305 0.00131334 0.012035 0.0347379 0.895988 0.0551752 
3.00459e-14 3.34163e-12 7.4093e-11 2.8637e-09 1.88405e-07 3.10558e-05 0.000251216 0.00152298 0.00943646 0.988758 
1.87283e-07 1.14732e-05 0.000255147 0.00103984 0.00786792 0.0213995 0.0365599 0.853655 0.0543693 0.024842 
1.34227e-25 1.29972e-22 2.81275e-19 6.07791e-17 1.49658e-13 1.17854e-11 3.02492e-06 3.02545e-05 0.00145144 0.998515 
1.3874e-09 2.16921e-07 1.13657e-06 1.09094e-05 6.29493e-05 0.000361033 0.00209907 0.00546301 0.0158318 0.97617 
2.79893e-10 3.30814e-08 2.9122e-07 3.38755e-06 0.000248725 0.000530194 0.00428123 0.0120956 0.0265013 0.956339 
2.47374e-05 0.00108956 0.0051468 0.00647711 0.00794472 0.00745578 0.00482059 0.0127166 0.917843 0.036481 
