3389
1.73886e-09 2.66918e-07 1.05316e-06 6.23538e-06 0.000257618 0.000608749 0.00431341 0.0127132 0.0287791 0.95332 
2.15863e-09 3.69727e-07 1.15766e-06 6.30764e-06 0.000216165 0.000978893 0.00616275 0.0169233 0.0441774 0.931534 
4.52939e-17 1.18779e-14 2.13381e-12 5.53983e-10 3.3246e-08 5.1064e-06 0.000316907 0.00204689 0.00857257 0.989058 
1.87958e-09 2.47873e-07 1.41578e-06 6.60682e-06 0.000213422 0.000833379 0.00525382 0.0154214 0.0376404 0.940629 
3.56906e-07 6.78648e-05 0.000237182 0.000620913 0.018617 0.280799 0.36444 0.246829 0.0735434 0.0148444 
2.13468e-06 0.000405593 0.000275675 0.00329878 0.0136821 0.0335028 0.841745 0.0538777 0.0341837 0.0190266 
1.78097e-11 3.29251e-09 3.91818e-09 5.20243e-08 2.78883e-06 1.6258e-05 0.000201073 0.0011685 0.00669537 0.991916 
5.0142e-18 1.52169e-15 3.51301e-14 6.34246e-12 7.77384e-11 7.67239e-09 3.21902e-05 0.000297813 0.00411837 0.995552 
2.21978e-08 1.4759e-06 1.19081e-05 7.71527e-05 0.00166952 0.0143516 0.852915 0.0523819 0.0495684 0.0290232 
2.82942e-08 1.92118e-06 4.70756e-05 0.000180306 0.000790902 0.00252767 0.0112598 0.0276738 0.913925 0.0435936 
2.91468e-09 4.88017e-07 1.79809e-06 1.52882e-05 0.000439666 0.0012231 0.00884845 0.0242006 0.0371152 0.928155 
1.04775e-06 0.000190398 0.000498731 0.00463295 0.820013 0.0620875 0.043678 0.0304583 0.0205007 0.0179398 
1.44459e-10 2.48587e-08 7.76542e-08 1.00967e-06 5.43094e-05 0.000189763 0.00204895 0.00551245 0.0203525 0.971841 
3.03919e-08 2.05986e-06 4.35211e-05 0.000141787 0.000791851 0.00374093 0.00581939 0.0179759 0.0304995 0.940985 
8.57135e-11 1.47844e-08 1.31715e-07 5.23753e-07 4.10756e-06 0.000165336 0.00164343 0.00740205 0.0279155 0.962869 
2.10716e-10 3.66411e-08 4.62535e-07 3.17749e-06 0.000110093 0.000337692 0.00412379 0.0131947 0.0384115 0.943819 
6.3856e-11 1.05362e-08 3.90259e-08 6.94011e-07 5.11517e-05 0.00013746 0.00169134 0.00313885 0.0130372 0.981943 
3.39778e-09 5.71446e-07 1.5413e-06 8.77456e-06 0.000281079 0.000760192 0.00391683 0.0100058 0.956944 0.0280807 
5.64158e-22 5.39342e-19 6.14141e-16 1.10846e-13 1.29924e-11 5.01865e-09 3.99572e-05 0.000150835 0.0017234 0.998086 
1.94726e-06 0.000369481 0.000410358 0.0018091 0.00747463 0.024922 0.208055 0.525164 0.215403 0.0163903 
8.99727e-08 5.89394e-06 3.38933e-05 0.000825944 0.00283482 0.0136888 0.0272496 0.052078 0.881887 0.0213962 
5.7572e-11 1.01717e-08 3.87938e-08 5.62278e-07 1.10031e-05 0.000211976 0.0019896 0.00591542 0.0251268 0.966745 
2.65602e-09 4.48876e-07 1.15063e-06 8.43088e-06 0.000281409 0.000760233 0.00841778 0.0296739 0.919067 0.0417892 
6.98124e-17 2.0674e-14 3.9415e-12 9.28883e-10 6.97903e-08 1.47826e-05 0.000148366 0.00219976 0.0137964 0.983841 
1.25572e-09 1.27501e-07 1.13618e-06 1.27175e-05 0.000292137 0.0021087 0.0103383 0.904383 0.0528737 0.0299906 
8.53571e-11 1.29996e-08 8.2326e-08 1.21298e-06 9.08078e-05 0.00021432 0.00256515 0.00551441 0.019854 0.97176 
1.427e-12 1.25857e-10 6.63006e-09 3.00396e-07 7.96741e-05 0.00421905 0.89435 0.0263868 0.0407289 0.0342354 
9.76092e-07 0.000178239 0.000467158 0.00306008 0.011696 0.0358968 0.861914 0.0446668 0.0280259 0.0140938 
2.74041e-07 1.94081e-05 0.000381377 0.00252761 0.0175648 0.874847 0.0484371 0.0332246 0.014262 0.00873602 
5.79325e-13 1.02427e-10 6.7068e-09 6.63153e-07 2.27005e-05 0.000140097 0.00106746 0.00636583 0.968541 0.0238622 
3.49048e-09 5.13318e-07 2.94433e-06 5.14659e-05 0.00100198 0.00376314 0.0176304 0.888907 0.0560345 0.0326085 
4.3767e-10 7.56938e-08 1.72174e-07 1.25323e-06 7.28954e-05 0.000311289 0.00374413 0.0187441 0.940328 0.0367979 
5.91355e-06 0.000281797 0.00132359 0.00618104 0.0227362 0.0364381 0.0464416 0.865989 0.0174747 0.00312811 
0.000148482 0.0304775 0.597176 0.124409 0.0829002 0.123399 0.0159683 0.0108965 0.00935703 0.00526856 
1.59636e-06 0.000277854 0.00158556 0.00569505 0.0239304 0.0523202 0.868926 0.0309445 0.0104397 0.00587882 
8.09191e-09 6.8802e-07 3.18878e-06 1.30615e-05 6.93855e-05 0.00123038 0.00198901 0.00447607 0.0156767 0.976542 
0.000867288 0.0188779 0.0556729 0.911185 0.0106165 0.00259726 0.000150202 2.86139e-05 3.18004e-06 9.03187e-07 
1.14199e-07 2.14818e-05 6.0034e-06 0.000334419 0.00367543 0.0190304 0.850591 0.0637731 0.0412311 0.0213367 
1.25791e-11 1.00664e-09 1.05703e-08 3.30329e-07 6.40916e-05 5.19657e-05 0.00135784 0.480491 0.0252278 0.492807 
6.16029e-09 8.81609e-07 2.97414e-06 4.10355e-05 0.000529905 0.00184024 0.0100085 0.901224 0.0506523 0.0357001 
1.04506e-16 5.24133e-14 3.23487e-12 6.50543e-10 4.56222e-08 8.01054e-06 0.000273573 0.00182682 0.190191 0.8077 
1.26965e-10 1.4467e-08 1.45786e-07 4.52993e-06 6.25722e-05 0.00030173 0.0224896 0.150699 0.584933 0.241509 
2.85615e-10 4.33259e-08 2.12751e-07 4.53389e-06 0.000203089 0.000788702 0.00889525 0.0281726 0.91678 0.0451554 
1.19417e-10 1.77933e-08 4.7095e-07 2.42081e-05 0.000121305 0.0023191 0.0142871 0.911446 0.0464462 0.0253561 
2.6746e-09 3.81179e-07 2.09546e-06 4.90902e-05 0.00106536 0.00374354 0.0141223 0.888016 0.0587168 0.0342843 
1.43618e-08 1.49089e-06 8.53466e-06 0.000225945 0.000535359 0.00331406 0.0124166 0.0326604 0.0453225 0.905515 
4.01593e-09 5.79794e-07 3.41393e-06 8.27294e-05 0.000353712 0.0027241 0.0110579 0.149233 0.815052 0.0214933 
5.66129e-10 9.93982e-08 3.08195e-07 1.29955e-05 0.000160122 0.000632531 0.00560224 0.0236084 0.91881 0.0511737 
4.14415e-11 7.06772e-09 3.70233e-08 7.44252e-07 1.00895e-05 0.000239758 0.00522642 0.0224392 0.943188 0.028896 
3.80653e-11 6.61952e-09 3.37612e-08 3.76977e-07 2.48342e-06 0.000132254 0.00106901 0.0011764 0.00294262 0.994677 
2.39302e-10 4.27795e-08 1.0692e-07 9.6872e-07 8.18212e-06 0.000184029 0.00194909 0.0043582 0.016672 0.976827 
1.80834e-11 9.7526e-10 1.747e-08 1.03325e-06 0.000119786 0.00013076 0.00219587 0.0118892 0.951616 0.034047 
1.6818e-05 0.000960726 0.004787 0.0141365 0.835406 0.0776713 0.043067 0.0171779 0.00617335 0.000602837 
5.34626e-10 8.43336e-08 2.34591e-07 3.73842e-06 0.000109646 0.000812164 0.00529973 0.718884 0.140347 0.134544 
5.25653e-07 9.95044e-05 0.000100383 0.0012932 0.141157 0.492438 0.0277573 0.21466 0.109797 0.0126965 
1.53356e-09 2.75498e-07 5.98121e-07 1.67442e-05 0.000235022 0.00139801 0.00842368 0.0286923 0.922769 0.0384642 
3.59623e-08 3.39516e-06 3.07715e-05 0.000232364 0.00178002 0.0108233 0.0214715 0.0533215 0.888181 0.0241566 
9.51257e-15 2.34515e-12 5.95331e-11 1.05241e-08 1.54797e-07 1.19938e-05 0.00021495 0.00225732 0.0102707 0.987245 
1.58138e-08 1.96388e-06 1.14634e-05 0.000352217 0.0011123 0.00298045 0.0123105 0.0284593 0.0484289 0.906343 
7.41305e-06 0.00050728 0.00435993 0.0182979 0.6246 0.0542997 0.27243 0.0153879 0.00694331 0.00316662 
4.48845e-08 3.07726e-06 5.19779e-05 0.000198147 0.00117195 0.00566155 0.0233478 0.878095 0.0598742 0.031596 
8.33291e-07 0.00016154 6.48529e-05 0.000175485 0.00144532 0.00360233 0.0119518 0.0258081 0.0344783 0.922311 
8.21543e-09 1.27213e-06 6.89661e-06 0.000197057 0.000746119 0.00329067 0.0146653 0.880989 0.0611825 0.0389208 
8.11204e-10 1.49877e-07 7.65423e-07 1.39379e-05 9.7143e-05 0.00120219 0.0125753 0.895062 0.0540694 0.0369786 
1.6395e-11 2.79986e-09 1.69442e-08 7.85573e-08 7.89795e-07 5.15452e-05 0.000385237 0.000407436 0.00182198 0.997333 
1.05983e-07 7.96833e-06 0.000318163 0.00296086 0.183986 0.0403901 0.683494 0.0449369 0.0277799 0.0161262 
1.44867e-09 1.58567e-07 8.60101e-07 5.74942e-06 0.000343298 0.000518289 0.0032072 0.00785382 0.0260928 0.961978 
1.05696e-13 2.76329e-11 6.43867e-10 1.13015e-07 1.17745e-06 7.40058e-05 0.000612862 0.00419142 0.0204751 0.974645 
5.90902e-15 8.15013e-13 1.36206e-11 4.58876e-10 5.68171e-09 4.29037e-08 4.07077e-06 1.96865e-05 0.000476595 0.9995 
4.87081e-08 2.9003e-06 5.17068e-05 0.000259818 0.00126324 0.00488172 0.0123229 0.0306385 0.476839 0.47374 
2.49564e-13 2.43435e-11 4.35884e-10 3.24952e-09 2.77858e-08 8.84454e-07 1.45605e-05 0.000536911 0.00344288 0.996005 
5.51399e-13 5.18556e-11 2.5483e-09 1.26026e-08 9.73917e-08 8.36127e-06 4.46016e-05 9.58572e-05 0.000908588 0.998942 
1.50089e-10 2.25009e-08 1.2842e-07 3.35639e-06 8.93878e-05 0.000493243 0.00538528 0.0152768 0.0392449 0.939507 
1.92131e-07 1.31842e-05 0.00038904 0.00207797 0.0106458 0.0251466 0.0483307 0.461465 0.438508 0.0134236 
3.17688e-17 1.02095e-14 2.43482e-12 6.12706e-10 4.21059e-08 8.53358e-06 0.000135647 0.0013874 0.979543 0.0189254 
1.82197e-16 5.55557e-14 1.2159e-11 2.75277e-09 2.29375e-07 4.21178e-05 0.00122369 0.00836984 0.0259964 0.964368 
3.84413e-09 5.52934e-07 2.14064e-06 1.5083e-05 0.000510124 0.00113472 0.0061239 0.021188 0.921223 0.0498024 
3.35104e-18 4.87212e-16 1.35215e-14 1.97333e-12 2.06431e-10 4.42239e-08 5.76242e-05 0.000634396 0.00588059 0.993427 
1.24993e-10 2.06331e-08 6.17199e-08 3.72005e-07 4.46769e-06 4.82158e-05 0.000518543 0.0016519 0.0050176 0.992759 
1.43679e-10 2.3674e-08 1.81965e-07 2.25539e-06 6.30225e-05 0.000371323 0.00374674 0.0108623 0.0344966 0.950458 
4.46349e-11 6.32615e-09 3.11791e-08 8.20391e-07 8.81061e-05 0.000208083 0.00168596 0.00659619 0.0193723 0.972048 
7.59998e-06 0.000422063 0.00161307 0.00294622 0.0150901 0.840153 0.0571034 0.045124 0.0273033 0.0102374 
2.11089e-10 3.53988e-08 1.45036e-07 4.16481e-06 0.000141832 0.00191717 0.468397 0.475032 0.029847 0.0246601 
3.65106e-11 4.46656e-09 1.07226e-07 1.25911e-05 0.000165817 0.000750625 0.00973903 0.921846 0.0423637 0.0251223 
1.79833e-05 0.00150317 0.00553761 0.020256 0.849893 0.0692916 0.0370889 0.0111242 0.00459035 0.000697413 
6.15641e-14 1.92928e-11 4.261e-10 7.78867e-08 7.08163e-07 3.44981e-05 0.000371999 0.00490752 0.0222987 0.972386 
5.12315e-15 3.0946e-13 1.0009e-11 6.44822e-10 3.69783e-08 1.57302e-07 1.58141e-05 5.1611e-05 0.000417971 0.999514 
4.63604e-13 4.52859e-11 2.60773e-10 1.00834e-08 2.096e-06 1.72699e-05 0.000282719 0.00447732 0.771648 0.223572 
1.38652e-39 9.57017e-36 6.57931e-32 4.18606e-28 5.10271e-24 6.03111e-20 5.37252e-15 2.80715e-10 9.93939e-06 0.99999 
2.69457e-09 4.76876e-07 1.14332e-06 8.27265e-06 0.000221794 0.000840812 0.00499611 0.0147095 0.031697 0.947525 
1.46098e-08 1.14251e-06 2.22285e-05 0.00010408 0.000886494 0.00395396 0.0571339 0.814708 0.101605 0.0215851 
4.90566e-11 8.22235e-09 4.37465e-08 7.20485e-07 1.97757e-05 0.00127104 0.00902121 0.929851 0.0363303 0.0235058 
2.69027e-10 4.7247e-08 1.23691e-07 1.28645e-06 7.7062e-05 0.000234402 0.00266026 0.00581631 0.942347 0.0488633 
1.09846e-09 1.6529e-07 9.83528e-07 7.15728e-06 0.000366937 0.0009324 0.00589269 0.0180109 0.0369727 0.937816 
1.09742e-07 5.31507e-06 2.85442e-05 9.6459e-05 0.00142094 0.0056655 0.00905139 0.0134932 0.017454 0.952785 
5.9866e-08 4.21687e-06 9.65683e-05 0.000734141 0.00472 0.0234797 0.840741 0.0631211 0.0456962 0.0214069 
1.93344e-17 8.3827e-15 2.39974e-12 5.68771e-10 4.51288e-08 9.64146e-06 8.61682e-05 0.000927745 0.00649936 0.992477 
9.18141e-15 2.66212e-12 6.03925e-11 1.11743e-08 1.30988e-07 6.99703e-06 0.000101102 0.0021881 0.00977784 0.987926 
1.17272e-09 1.09765e-07 5.33542e-07 2.19803e-06 5.93539e-05 0.000230679 0.00246822 0.111478 0.859836 0.0259252 
1.18599e-07 6.32469e-06 6.99072e-05 0.0012965 0.0029882 0.00925286 0.0161389 0.0186623 0.0266905 0.924894 
7.10099e-17 6.80828e-15 1.26636e-13 9.07571e-13 5.50442e-12 2.42907e-11 2.94293e-06 2.60236e-05 0.000544887 0.999426 
7.34976e-09 8.49245e-07 3.54745e-06 1.83977e-05 0.000440142 0.00151267 0.00894175 0.0295569 0.0511662 0.90836 
2.00008e-08 1.37857e-06 8.85345e-06 2.66296e-05 0.000423462 0.00165786 0.00594688 0.0168594 0.039615 0.93546 
3.67911e-10 5.93197e-08 1.67043e-07 1.72012e-06 0.000113966 0.000243297 0.00249602 0.00914734 0.0345675 0.95343 
3.75562e-11 6.7082e-09 1.67027e-08 8.9818e-08 7.41546e-07 5.08957e-06 0.000163298 0.00047791 0.00223479 0.997118 
8.2466e-10 1.52364e-07 6.31371e-07 4.40025e-06 5.91195e-05 0.0014628 0.0118839 0.917717 0.043364 0.0255079 
3.08471e-08 1.89509e-06 1.39595e-05 4.45217e-05 0.000908711 0.00353749 0.0079903 0.0231573 0.0388637 0.925482 
1.03458e-09 1.04749e-07 8.14041e-07 1.15779e-05 0.000473115 0.00356321 0.461557 0.0323058 0.482304 0.019785 
4.39097e-19 9.68795e-17 6.93792e-15 1.52869e-12 1.01251e-10 2.08945e-08 1.8038e-06 0.000133566 0.00154572 0.998319 
2.69099e-08 2.48738e-06 1.48145e-05 0.000298894 0.00150076 0.0122377 0.888916 0.0490911 0.0345433 0.013395 
2.68928e-11 4.81114e-09 1.18294e-08 5.25419e-08 4.76587e-07 5.58712e-06 9.67015e-05 0.000603665 0.00444701 0.994846 
2.84052e-11 2.46158e-09 7.05027e-08 6.791e-06 0.000201834 0.00185933 0.00942362 0.902263 0.0548589 0.031386 
1.71012e-09 2.95609e-07 1.0008e-06 1.06167e-05 0.000264965 0.000784382 0.00573701 0.898357 0.0553006 0.0395439 
6.13224e-09 5.97959e-07 1.09134e-05 3.77861e-05 0.000626353 0.00146483 0.00501081 0.0133756 0.0256891 0.953784 
7.06136e-08 5.72402e-06 0.000207879 0.0006407 0.00547433 0.0238987 0.0463806 0.869877 0.0339041 0.0196111 
1.41901e-10 1.88146e-08 1.60381e-07 2.61668e-06 8.12799e-05 0.000279812 0.00296334 0.00998782 0.765455 0.221229 
8.0291e-07 0.000151569 0.000222509 0.00110587 0.00383978 0.00921055 0.903137 0.0408346 0.0289144 0.0125832 
3.35717e-09 4.56953e-07 1.74593e-06 6.92939e-05 0.000318102 0.00177749 0.00965634 0.727306 0.235736 0.0251344 
4.09586e-17 1.04103e-14 1.8772e-12 4.72015e-10 3.02628e-08 5.93872e-06 5.04134e-05 0.000486201 0.00324847 0.996209 
1.80964e-23 1.72262e-20 1.92419e-17 3.57945e-15 8.00276e-13 5.96324e-11 3.41112e-05 0.000180892 0.00218584 0.997599 
7.95047e-10 1.36744e-07 2.68334e-07 2.18804e-06 1.17661e-05 0.000312908 0.000755693 0.00344207 0.00981763 0.985657 
4.04192e-09 6.75539e-07 2.13206e-06 2.24615e-05 0.000428636 0.00169497 0.00997379 0.0351864 0.908834 0.0438566 
2.03986e-10 3.55791e-08 1.19833e-07 8.88501e-07 2.64095e-05 0.000184335 0.00159479 0.00484827 0.96871 0.0246349 
3.40452e-09 5.50253e-07 1.56111e-06 8.65315e-06 0.000244926 0.000701478 0.00452839 0.0183528 0.937859 0.0383024 
1.88243e-17 7.97196e-15 2.24136e-12 5.30908e-10 4.19638e-08 8.98666e-06 2.57306e-05 0.000511439 0.00301722 0.996437 
1.11842e-11 1.81495e-09 1.79678e-08 1.1626e-07 8.19763e-07 2.66357e-05 0.000302285 0.000970555 0.00646491 0.992235 
1.54761e-12 3.01254e-10 6.22122e-10 7.46968e-08 8.40416e-07 5.98354e-05 0.00109314 0.947313 0.0271389 0.0243939 
1.26485e-11 1.40459e-09 1.40102e-07 5.1834e-06 9.7087e-05 0.000227573 0.00217258 0.00918251 0.965778 0.022537 
2.04358e-05 0.00110618 0.00600562 0.563578 0.217491 0.193552 0.0133335 0.00321152 0.00122093 0.000481457 
4.61077e-10 5.71081e-08 4.27721e-07 1.05856e-05 0.00017632 0.00153972 0.102091 0.636079 0.244767 0.0153357 
3.3375e-07 6.03683e-05 5.00117e-05 0.000722415 0.00256849 0.182978 0.0235638 0.479283 0.296467 0.0143066 
5.89815e-17 6.11141e-14 1.001e-11 1.99436e-09 1.33153e-07 1.72423e-05 0.00207272 0.0125931 0.974192 0.0111253 
2.85025e-09 5.14365e-07 8.4067e-07 5.51715e-06 7.02114e-05 0.000634706 0.00350393 0.00785781 0.95341 0.0345169 
1.18799e-08 9.75953e-07 2.48768e-05 7.8449e-05 0.000455872 0.00101991 0.00585861 0.0235011 0.926915 0.0421451 
1.46183e-08 1.15846e-06 2.65612e-05 0.000293156 0.000881124 0.00332216 0.0114986 0.0351617 0.904236 0.0445792 
2.48746e-11 3.80516e-09 1.33848e-08 4.43561e-07 3.91108e-05 0.000114021 0.00115779 0.00433943 0.0170767 0.977273 
5.08497e-15 6.42975e-13 2.30329e-12 4.97543e-11 9.44684e-10 4.85118e-09 1.11569e-06 3.26737e-06 4.6318e-05 0.999949 
2.46017e-08 1.76838e-06 1.404e-05 0.000384354 0.00307348 0.0168536 0.848558 0.0651928 0.0430464 0.0228755 
1.72309e-10 3.02805e-08 1.06068e-07 4.20087e-07 3.77394e-06 6.51824e-05 0.000713158 0.0016351 0.00666851 0.990914 
4.52158e-11 8.08555e-09 1.97797e-08 9.18422e-08 7.72383e-07 5.56988e-06 0.00013982 0.000316846 0.000628193 0.998909 
2.9386e-08 2.34282e-06 6.34133e-05 0.00033157 0.00140065 0.0031696 0.0145468 0.0335954 0.0463349 0.900555 
4.02921e-06 0.000279791 0.00221796 0.0145175 0.0490442 0.838815 0.0391783 0.0232759 0.0153574 0.0173102 
7.7967e-12 5.27644e-10 2.03144e-08 2.4676e-06 0.000130946 0.000654606 0.0676006 0.00885752 0.600585 0.322169 
4.16854e-08 2.77735e-06 6.95084e-05 0.000390986 0.00138643 0.00426919 0.0148651 0.0462645 0.0706548 0.862097 
4.60024e-11 6.2625e-09 7.36161e-08 1.61116e-06 0.000114055 0.00030636 0.00369214 0.0172259 0.0447565 0.933903 
4.07587e-12 2.09771e-10 3.26123e-09 1.18493e-07 2.72226e-05 6.57756e-05 0.00043971 0.00406754 0.019292 0.976108 
2.29249e-09 3.54293e-07 1.52039e-06 7.99314e-05 0.00122447 0.00664043 0.796323 0.130514 0.0417221 0.0234936 
9.24634e-11 1.39184e-08 7.07542e-08 1.22953e-06 0.000128668 0.000372798 0.00402469 0.0142735 0.940666 0.0405335 
4.47743e-10 7.90313e-08 1.76572e-07 3.68413e-06 3.77161e-05 0.000646487 0.00619036 0.936386 0.0325714 0.0241638 
6.39836e-09 4.83979e-07 1.074e-05 8.97892e-05 0.000666133 0.0262339 0.0637366 0.0439556 0.105598 0.759709 
1.03882e-08 7.72324e-07 3.96256e-06 1.30435e-05 7.27802e-05 0.00110858 0.00299622 0.00894074 0.943092 0.0437723 
5.46514e-08 3.78923e-06 5.91928e-05 0.000632487 0.00207416 0.00988957 0.30789 0.328949 0.0346346 0.315867 
1.21033e-07 9.1984e-06 0.000446325 0.00193196 0.00576086 0.0150165 0.68587 0.136379 0.139458 0.0151277 
7.15286e-14 7.03611e-12 2.1881e-10 3.02913e-08 4.7884e-07 2.89542e-05 0.000126106 0.000968489 0.00811436 0.990762 
1.68536e-09 3.00976e-07 6.11148e-07 4.97054e-06 0.000148066 0.000485744 0.00333744 0.0117295 0.942467 0.0418268 
1.40188e-31 3.33568e-28 7.68726e-24 3.2278e-21 5.21213e-17 1.63883e-13 1.03439e-08 2.96047e-05 0.000686605 0.999284 
1.65053e-10 1.66767e-08 1.45665e-07 6.75519e-06 6.00171e-05 0.000137585 0.0011066 0.00317995 0.00836599 0.987143 
2.06435e-11 3.81765e-09 7.12036e-09 2.58876e-07 2.48293e-06 0.000116843 0.00199947 0.0207347 0.961437 0.0157089 
2.28739e-09 3.25644e-07 6.37569e-06 0.000229075 0.000404493 0.0027222 0.162907 0.174392 0.526815 0.132523 
1.1649e-10 1.8166e-08 8.46219e-08 8.94142e-07 7.91309e-06 0.000240885 0.00181322 0.928474 0.0333963 0.0360663 
4.81385e-13 6.18218e-11 1.20919e-09 3.02276e-08 5.45684e-07 1.50847e-05 0.000226077 0.0011813 0.00859933 0.989978 
2.23362e-06 0.000423884 0.000418066 0.00454902 0.0177523 0.0441158 0.852736 0.0379395 0.0222131 0.0198505 
1.25288e-10 2.22149e-08 5.70603e-08 3.808e-07 8.91204e-06 9.62634e-05 0.000935694 0.00452237 0.0196836 0.974753 
3.37345e-10 3.87288e-08 2.946e-07 6.60261e-06 0.000169892 0.000293768 0.00286624 0.00801481 0.0375514 0.951097 
2.87819e-09 4.99328e-07 1.3296e-06 9.46874e-06 0.000411646 0.000732142 0.00708928 0.0258196 0.921999 0.0439367 
9.57807e-10 1.73944e-07 2.82253e-07 1.5972e-06 1.1679e-05 0.000184362 0.000963747 0.00753201 0.960071 0.0312354 
2.33628e-07 1.79321e-05 0.000175343 0.00222054 0.00773575 0.0120432 0.0189958 0.0281786 0.907695 0.022938 
1.62983e-09 1.50174e-07 4.25303e-06 0.000426765 0.00945231 0.858152 0.0510132 0.034308 0.0265143 0.0201291 
4.95682e-08 3.49732e-06 7.96883e-05 0.000735362 0.0014832 0.00593296 0.0156621 0.887705 0.0550982 0.0333 
2.88228e-10 3.66654e-08 2.92409e-07 1.26898e-05 0.000351747 0.00167595 0.00991877 0.0304632 0.919193 0.0383844 
1.64496e-16 3.20832e-14 3.61884e-13 8.27763e-11 6.06218e-09 1.27857e-06 3.72581e-05 0.000382244 0.00418002 0.995399 
3.78199e-09 4.71461e-07 2.19197e-06 2.26143e-05 0.000464344 0.00157414 0.00870621 0.0266825 0.925805 0.0367428 
1.32021e-08 7.81098e-07 7.74942e-06 2.1369e-05 0.000720887 0.00208934 0.00760628 0.0237258 0.0453204 0.920507 
3.66221e-07 6.94848e-05 0.0012443 0.00869281 0.821484 0.059014 0.0562736 0.0307412 0.0165173 0.00596266 
0.000996651 0.0178792 0.100863 0.532467 0.269101 0.0496174 0.0181211 0.00888115 0.00172335 0.000350391 
1.49231e-07 1.23821e-05 0.000117913 0.00131271 0.00485767 0.0155292 0.0218529 0.0354323 0.895825 0.0250596 
0 0 0 0 0 0 0 0 2.07126e-21 1 
1.93047e-11 3.42944e-09 9.1821e-09 9.57415e-08 1.02493e-06 7.50344e-05 0.000503109 0.941724 0.0358822 0.0218141 
1.87406e-10 3.31313e-08 6.56584e-08 3.35781e-07 2.19909e-06 0.000120038 0.000304887 0.00163799 0.00667418 0.99126 
8.58504e-10 1.54707e-07 3.36214e-07 9.43568e-06 5.56676e-05 0.000794534 0.00549787 0.0195974 0.940595 0.0334497 
1.51895e-14 2.92763e-12 4.86442e-11 4.90901e-09 1.69848e-07 8.55477e-05 0.000987441 0.0052012 0.971334 0.0223918 
3.35346e-09 2.57467e-07 2.99778e-06 0.000251067 0.00114156 0.00401265 0.0133542 0.0365389 0.910565 0.0341332 
1.78952e-10 2.99845e-08 1.09056e-07 1.1938e-06 9.81657e-05 0.000373563 0.00316388 0.00907515 0.0305851 0.956703 
7.3598e-10 6.34923e-08 4.20009e-06 0.00012671 0.000539553 0.0197524 0.033775 0.682998 0.121441 0.141363 
6.50924e-09 7.65598e-07 3.91581e-06 9.8705e-05 0.00140329 0.0100735 0.41673 0.537138 0.0222738 0.0122787 
1.53833e-11 8.48237e-10 1.48174e-08 1.01312e-06 0.000112183 0.00160898 0.00818743 0.924274 0.040099 0.0257173 
1.30417e-09 1.60909e-07 6.32554e-07 4.45277e-06 0.00023304 0.000541315 0.00356409 0.0102756 0.0306393 0.954741 
8.38707e-06 0.000419588 0.0023734 0.00519004 0.0150375 0.0195039 0.0345751 0.873346 0.0378279 0.0117184 
3.65235e-08 3.95507e-06 3.37264e-05 0.00217715 0.0183451 0.804191 0.0564781 0.0568227 0.0376298 0.0243185 
9.05629e-08 5.97272e-06 3.3501e-05 0.000718428 0.00218597 0.0106907 0.0160979 0.873915 0.0638301 0.0325223 
1.91752e-05 0.00124544 0.00397362 0.00951467 0.0222221 0.0272778 0.0335716 0.670304 0.221885 0.00998611 
1.44941e-05 0.000531939 0.00418074 0.164941 0.094968 0.0694373 0.279016 0.245121 0.116661 0.025128 
6.42151e-11 9.65822e-09 7.97872e-08 3.67728e-06 0.000131378 0.000369819 0.00414211 0.0157988 0.938644 0.04091 
5.20069e-12 1.10032e-09 6.90172e-08 1.04726e-05 6.46033e-05 0.000308133 0.00190274 0.00800885 0.0250519 0.964653 
3.4469e-08 2.56335e-06 4.77635e-05 0.000246764 0.00132085 0.00550038 0.017719 0.0504776 0.881494 0.0431914 
4.07035e-13 2.1416e-11 3.59168e-10 1.70527e-08 2.80613e-06 2.80802e-05 0.000301025 0.00316069 0.0169081 0.979599 
3.42491e-08 3.35444e-06 4.32794e-05 0.000465882 0.00381593 0.0178311 0.0382279 0.869715 0.0487964 0.0211006 
1.92111e-06 0.000361135 0.000461478 0.00237853 0.022942 0.824207 0.0566114 0.0464959 0.0306042 0.0159363 
5.35036e-10 5.54062e-08 5.05652e-07 2.89086e-05 0.000192371 0.000543002 0.00484335 0.0162275 0.939931 0.0382332 
8.17414e-11 1.31761e-08 5.1442e-08 9.13472e-07 8.13634e-05 0.000227598 0.00228046 0.00598509 0.482405 0.509019 
6.74514e-08 8.72612e-06 0.000107308 0.000976785 0.00470506 0.00929637 0.0177395 0.221335 0.726961 0.0188701 
3.61696e-09 5.51308e-07 1.64526e-06 1.21594e-05 0.000582978 0.000816576 0.00609175 0.0173179 0.0340545 0.941122 
7.76667e-12 4.4353e-10 1.20182e-08 4.66079e-07 5.9792e-05 0.000185259 0.00148564 0.00685141 0.490947 0.500471 
2.64766e-12 3.82603e-10 2.63499e-08 1.06602e-06 3.25894e-05 0.00244532 0.0125337 0.0368021 0.927869 0.0203164 
2.20134e-08 1.27158e-06 3.09304e-05 0.000428498 0.00254966 0.164828 0.0246257 0.766774 0.0300246 0.010738 
1.27101e-16 1.98498e-14 1.51225e-12 3.77262e-10 1.29589e-08 1.38749e-06 3.453e-05 0.000488297 0.00238939 0.997086 
5.45275e-06 0.00046707 0.0070607 0.255584 0.466522 0.175098 0.0685262 0.0143315 0.00871842 0.00368602 
6.5433e-15 2.02351e-12 4.78625e-11 8.85845e-09 1.44945e-07 1.54212e-05 0.000531703 0.00531415 0.0200872 0.974051 
8.74362e-24 8.35366e-21 9.52701e-18 1.70992e-15 2.0681e-13 7.70679e-11 2.08485e-08 3.73289e-05 0.000829112 0.999134 
2.62894e-14 7.41167e-12 1.70478e-10 3.09779e-08 3.61282e-07 3.03053e-05 0.000256013 0.002917 0.01597 0.980826 
3.43978e-06 0.000206126 0.00130487 0.00404318 0.0158921 0.161348 0.770724 0.0231357 0.0134165 0.0099256 
2.87907e-08 2.8532e-06 3.21033e-05 0.000948448 0.00146928 0.00479936 0.0143374 0.287886 0.658976 0.0315491 
6.60563e-10 9.97345e-08 3.41025e-07 5.6898e-06 0.000276803 0.00385413 0.0153388 0.0396047 0.912221 0.0286986 
1.97536e-05 0.000619075 0.00383574 0.27048 0.030859 0.0608418 0.0194118 0.142624 0.216604 0.254704 
1.55291e-12 9.94523e-11 2.24217e-09 2.20216e-07 1.04625e-05 5.7363e-05 0.000536382 0.00338492 0.0132451 0.982766 
5.51684e-08 4.10565e-06 7.13165e-05 0.000313492 0.00145125 0.00669229 0.011414 0.0301204 0.0468482 0.903085 
1.78823e-12 9.00952e-11 1.3775e-09 4.07681e-08 1.17749e-05 7.61581e-07 8.71715e-05 0.000502143 0.00343179 0.995966 
1.03528e-12 7.18024e-11 1.26958e-09 1.17784e-07 7.27452e-06 6.34953e-05 0.000549666 0.00317484 0.0161941 0.98001 
0.000283549 0.00830601 0.26891 0.304329 0.370901 0.045495 0.00158543 0.000186808 2.15944e-06 3.92472e-07 
5.24182e-28 1.1927e-24 2.55461e-20 5.5552e-18 1.0855e-14 1.74744e-12 5.23036e-07 1.40106e-05 0.000741035 0.999244 
5.93678e-13 5.68979e-11 1.27354e-09 1.68044e-07 4.37931e-06 8.88992e-05 0.000582058 0.0036556 0.0191356 0.976533 
0.000223538 0.00595337 0.195137 0.765643 0.0240818 0.00679989 0.00183114 0.000292713 3.43531e-05 2.99251e-06 
2.30503e-10 3.94935e-08 3.78557e-07 1.15347e-05 0.000157487 0.00171307 0.0144523 0.889187 0.0522007 0.0422771 
8.4741e-14 1.48239e-11 9.80072e-11 9.67346e-09 2.12011e-07 1.56092e-05 0.00199403 0.0136341 0.968439 0.015917 
6.10799e-07 0.000114729 0.000149355 0.000284047 0.001578 0.00615311 0.0153652 0.0337019 0.0404139 0.902239 
1.90872e-17 8.90566e-15 2.6502e-12 6.35293e-10 4.94775e-08 1.05024e-05 5.94296e-05 0.000424596 0.00372649 0.995779 
1.99867e-06 0.000378952 0.00103465 0.00415086 0.0275709 0.849829 0.060101 0.0348638 0.0156198 0.00644922 
1.12495e-10 2.01191e-08 4.93715e-08 2.18738e-07 1.74551e-06 2.81502e-05 0.000425178 0.0037318 0.979821 0.0159914 
3.99384e-07 2.19622e-05 0.000296337 0.00282727 0.00862737 0.0134018 0.0200717 0.0260081 0.906724 0.0220205 
1.38473e-09 1.8828e-07 1.3019e-06 7.19329e-06 0.000211864 0.00056885 0.00240252 0.00749709 0.016239 0.973072 
0.000463699 0.00865818 0.0496189 0.797133 0.0446841 0.0303912 0.026191 0.0196003 0.0138295 0.00943059 
1.82925e-07 1.40261e-05 0.000138506 0.00171209 0.00544051 0.00853263 0.016495 0.885797 0.0515985 0.0302719 
1.17869e-08 1.24814e-06 1.76729e-05 0.000184324 0.000877758 0.00466927 0.918898 0.0299954 0.025964 0.0193921 
6.10553e-08 5.4177e-06 0.0001033 0.000374595 0.00229669 0.00679029 0.0130665 0.0340402 0.045417 0.897906 
2.74745e-09 2.37995e-07 1.55747e-05 0.000468581 0.00201089 0.0730034 0.121839 0.498998 0.239417 0.0642477 
1.7514e-05 0.000963361 0.00335962 0.0088356 0.0204421 0.894903 0.0428186 0.0199767 0.00696764 0.0017162 
5.27044e-10 7.19059e-08 7.73348e-07 1.26088e-05 0.000274586 0.000864184 0.00932522 0.0315624 0.921223 0.0367372 
6.29084e-10 6.70184e-08 4.59281e-07 4.08225e-06 0.000136096 0.00059369 0.0054172 0.36421 0.0422672 0.587371 
1.84227e-16 6.55115e-14 1.5667e-11 3.72423e-09 2.85141e-07 5.98493e-05 0.000517293 0.938345 0.0343508 0.0267264 
3.89696e-07 5.59788e-05 0.000432407 0.00211074 0.00948869 0.0562306 0.196436 0.710881 0.0195968 0.00476775 
1.3259e-06 0.00025087 0.000366334 0.00126441 0.00547042 0.0172559 0.221317 0.704156 0.0315714 0.018346 
2.5966e-09 4.68395e-07 1.19906e-06 5.51511e-06 8.73162e-05 0.000608638 0.00351876 0.00693156 0.0171699 0.971677 
0.000335519 0.00809103 0.0528649 0.88242 0.0392563 0.0129917 0.00324065 0.000710437 8.32886e-05 6.29343e-06 
1.59824e-06 0.000300124 0.000331241 0.00196314 0.00713078 0.0323404 0.0518758 0.866363 0.0295063 0.0101876 
2.88904e-11 5.09649e-09 3.92395e-09 2.01443e-07 2.12741e-05 0.000109941 0.00116334 0.0102148 0.95597 0.0325202 
1.07943e-11 5.88995e-10 9.11007e-09 3.97288e-07 7.07176e-05 7.63244e-05 0.00280915 0.0181403 0.950036 0.0288675 
2.03184e-08 1.99694e-06 1.06662e-05 5.96984e-05 0.00104219 0.00509327 0.00826694 0.027806 0.0543317 0.903388 
2.19903e-11 3.67994e-09 1.53038e-08 3.32551e-07 1.17183e-05 6.12586e-05 0.000926371 0.0033266 0.972624 0.0230498 
6.11901e-11 1.09385e-08 4.1361e-08 8.40263e-07 5.94487e-06 0.000823997 0.00510546 0.0226468 0.947706 0.0237113 
2.33501e-09 4.21502e-07 7.01384e-07 4.45514e-06 6.16466e-05 0.000478725 0.00257332 0.00702714 0.0264334 0.96342 
2.70122e-06 0.000355718 0.00105207 0.00498603 0.0144206 0.0175032 0.0255172 0.0326971 0.0370743 0.866391 
9.56075e-08 6.32425e-06 4.22384e-05 0.000775695 0.00443839 0.022256 0.0459082 0.879471 0.0351214 0.0119811 
1.00976e-07 5.85845e-06 3.63944e-05 0.00041214 0.00283516 0.0142781 0.0291949 0.893575 0.0432605 0.0164022 
1.15907e-16 4.55059e-14 1.3035e-11 3.12149e-09 2.50946e-07 5.15987e-05 0.000319249 0.00670081 0.975168 0.0177599 
7.40884e-11 1.24165e-08 7.34441e-08 1.77334e-06 7.63943e-05 0.00124679 0.00684374 0.535138 0.330062 0.126631 
1.94051e-10 3.58915e-08 4.04508e-07 2.04502e-06 1.30778e-05 0.000444848 0.00484557 0.0201998 0.0468389 0.927655 
1.33977e-06 0.000249832 0.000282332 0.00203381 0.00825372 0.0274074 0.703282 0.218298 0.0261737 0.0140186 
5.8467e-11 1.04337e-08 2.57386e-08 1.31668e-07 2.92007e-06 4.5067e-05 0.000357272 0.00260358 0.0114571 0.985534 
3.77317e-09 4.34288e-07 1.8073e-06 1.13985e-05 0.000493331 0.00113538 0.00692326 0.0245707 0.0480273 0.918836 
6.72057e-12 3.40449e-10 5.223e-09 1.64544e-07 4.43498e-05 7.23858e-06 6.22688e-05 0.000449791 0.000984365 0.998452 
3.50958e-09 3.86378e-07 5.51938e-06 8.16055e-05 0.000676379 0.0284483 0.0882416 0.182527 0.454459 0.24556 
2.21697e-09 4.0074e-07 7.88391e-07 4.73938e-06 3.75453e-05 0.000519602 0.00296655 0.00832279 0.0203451 0.967802 
8.01524e-10 1.4134e-07 9.18247e-07 8.9105e-06 6.44863e-05 0.000837252 0.00849108 0.0280878 0.924578 0.0379317 
5.22826e-16 1.76132e-13 1.35246e-11 3.03917e-09 2.02258e-07 4.24417e-05 0.000140398 0.00119429 0.00908767 0.989535 
3.79016e-10 4.96727e-08 4.74315e-07 1.02402e-05 0.000299597 0.00168316 0.00976362 0.0328504 0.92072 0.0346723 
4.17472e-08 2.48907e-06 5.839e-05 0.000172997 0.000929391 0.00266057 0.00731276 0.0230687 0.920834 0.0449607 
6.47014e-08 9.35158e-06 5.2767e-05 0.000268411 0.00149769 0.0230031 0.285048 0.194713 0.303586 0.191822 
1.25202e-11 1.13691e-09 7.83157e-09 2.3744e-07 5.81432e-05 1.38989e-05 0.000462081 0.000615041 0.00268005 0.996171 
2.78616e-06 0.00050539 0.000858784 0.00227937 0.0192916 0.239873 0.693554 0.0303486 0.0101183 0.00316793 
3.10797e-08 2.42996e-06 6.36799e-05 0.000362029 0.00217869 0.0109783 0.676848 0.2468 0.0419008 0.0208652 
1.05539e-10 1.78458e-08 7.04308e-08 1.00403e-06 5.68383e-05 0.000192682 0.00145809 0.00263852 0.00670051 0.988952 
4.01776e-07 6.72427e-05 0.000140072 0.000942384 0.0684467 0.221916 0.520334 0.155285 0.0223336 0.0105338 
1.60634e-05 0.00103309 0.00658704 0.0393387 0.791985 0.0700524 0.0412296 0.0270921 0.0154483 0.00721782 
3.78563e-14 5.31198e-12 1.01298e-10 1.54415e-08 3.86515e-07 3.39424e-05 0.000318984 0.00695331 0.97571 0.0169835 
9.32351e-15 1.33985e-12 2.93905e-11 3.46987e-09 2.2403e-07 8.27875e-05 0.00133826 0.951577 0.0276859 0.0193154 
4.39873e-08 5.27981e-06 5.86693e-05 0.000182647 0.00120951 0.00772077 0.0129113 0.036433 0.045482 0.895997 
3.02864e-16 4.08165e-14 9.44479e-13 2.19879e-11 3.14137e-10 1.76128e-09 3.28953e-08 3.4892e-06 2.35079e-06 0.999994 
9.02046e-11 1.57685e-08 7.23195e-08 9.81827e-07 1.65825e-05 0.000240812 0.00215392 0.00475424 0.202878 0.789955 
1.33633e-09 1.40019e-07 1.05192e-06 6.6705e-06 0.000297393 0.000654903 0.00481158 0.0151508 0.034088 0.944989 
2.30176e-26 2.56011e-23 1.51002e-19 3.31733e-17 6.4251e-14 8.52999e-12 1.03141e-05 2.79712e-05 0.000930192 0.999032 
2.42777e-05 0.00163633 0.00694549 0.57335 0.0799976 0.295345 0.0293285 0.00751545 0.00438761 0.00146993 
1.72593e-08 9.21643e-07 1.02416e-05 5.42444e-05 0.000777868 0.00527247 0.45329 0.256418 0.041471 0.242705 
3.66332e-11 4.80169e-09 2.36765e-08 7.45807e-07 9.52288e-05 0.000156557 0.001561 0.00628537 0.0267163 0.965185 
1.97434e-10 2.02795e-08 1.8419e-07 1.09236e-06 8.11295e-05 0.000260427 0.0013135 0.00388129 0.00664209 0.98782 
1.99978e-05 0.00208418 0.343519 0.281853 0.194132 0.150935 0.0192453 0.00484307 0.00248141 0.000887443 
9.56818e-10 1.68177e-07 3.00016e-07 2.69305e-06 3.00568e-05 0.000311978 0.000948725 0.0347034 0.764562 0.199441 
1.97677e-09 2.50313e-07 1.18177e-06 9.71395e-06 0.000491454 0.000676482 0.00510396 0.0151823 0.0295036 0.949031 
8.77819e-13 4.77955e-11 8.59908e-10 5.04025e-08 5.75306e-06 3.02067e-05 0.000253552 0.00181682 0.245387 0.752507 
3.67606e-27 3.5128e-24 4.1938e-21 8.23673e-19 8.64414e-16 1.70805e-13 1.68309e-07 2.74797e-07 3.5982e-05 0.999964 
2.52405e-14 4.25765e-12 1.31426e-11 1.30226e-10 1.96247e-09 1.22367e-08 2.98367e-06 6.29443e-05 0.00130287 0.998631 
1.36986e-11 8.83624e-10 1.60766e-08 5.01055e-07 8.49851e-05 0.000169072 0.00283944 0.0136628 0.0362207 0.947022 
2.4738e-08 1.63506e-06 3.46637e-05 0.000185482 0.000918901 0.303613 0.0197765 0.479138 0.18189 0.0144415 
1.82637e-09 2.50027e-07 1.08378e-06 1.26943e-05 0.000263804 0.00099813 0.0071897 0.0216395 0.0408784 0.929016 
7.64995e-05 0.00194413 0.0118368 0.0225301 0.0585184 0.0734667 0.810936 0.0147823 0.00419718 0.00171177 
2.81064e-08 1.77254e-06 1.31404e-05 9.11691e-05 0.000848225 0.00394631 0.00875884 0.0238241 0.0375828 0.924934 
7.03212e-17 3.32289e-14 1.00898e-11 2.39336e-09 1.90914e-07 4.08185e-05 0.000285153 0.96621 0.0157203 0.0177434 
1.93681e-09 2.34401e-07 1.64551e-06 2.31769e-05 0.000742531 0.00523623 0.021445 0.891247 0.0535362 0.0277681 
4.3894e-11 5.77887e-09 6.00292e-08 7.09156e-07 5.00457e-05 9.05518e-05 0.000949825 0.00529694 0.691365 0.302247 
4.65824e-11 5.82779e-09 3.55394e-08 1.00001e-06 0.000138839 0.000206908 0.00232735 0.00741541 0.0292064 0.960704 
3.71174e-08 2.47117e-06 4.39531e-05 0.000371603 0.00119162 0.00438333 0.0317714 0.0148852 0.738421 0.208929 
3.24936e-06 0.000180744 0.0018404 0.00603863 0.0149713 0.024577 0.862268 0.0532978 0.031324 0.00549904 
1.23832e-07 8.62016e-06 0.000446833 0.00644827 0.0261045 0.467507 0.4522 0.0217767 0.0153197 0.0101874 
1.24024e-10 2.11497e-08 6.50266e-08 6.73209e-07 5.91046e-05 0.000189842 0.00197291 0.482376 0.498041 0.0173599 
2.33316e-12 5.79421e-10 4.43555e-08 5.99394e-06 3.96953e-05 0.000579914 0.00486649 0.0205911 0.95465 0.019267 
4.70229e-09 7.13604e-07 3.96139e-06 1.94106e-05 0.000222366 0.00153478 0.0109993 0.918622 0.0393426 0.0292548 
3.32729e-09 5.16616e-07 1.87203e-06 2.90272e-05 0.000139883 0.00123637 0.00769264 0.126244 0.591944 0.272712 
2.91108e-07 4.69891e-05 0.000489504 0.00229101 0.0193212 0.214091 0.239823 0.451693 0.0689205 0.00332274 
4.61987e-07 2.59311e-05 0.000179173 0.00179162 0.0057017 0.0151941 0.0274545 0.0372929 0.883162 0.029198 
0.000217557 0.00312679 0.0235647 0.0432046 0.901719 0.0258382 0.00218555 0.000140187 3.2761e-06 6.61794e-07 
6.68793e-09 9.34898e-07 5.8068e-06 0.000174985 0.000784331 0.0017144 0.00836928 0.0253888 0.917953 0.0456081 
3.42736e-11 6.34545e-09 1.12803e-08 3.32052e-07 2.05168e-06 8.06486e-05 0.000877269 0.00105418 0.00199111 0.995994 
2.1355e-09 3.74353e-07 1.03453e-06 1.51273e-05 0.000198692 0.00132158 0.00696343 0.0261939 0.908911 0.0563945 
1.58044e-10 2.68433e-08 8.2617e-08 9.28108e-07 8.02391e-05 0.000160767 0.00224181 0.00622564 0.0232414 0.968049 
7.12034e-09 8.5617e-07 4.21172e-06 3.37258e-05 0.000329944 0.00245164 0.0145036 0.898764 0.050084 0.0338278 
1.61503e-05 0.00105585 0.00271289 0.0076547 0.0200981 0.0325059 0.0498497 0.0386451 0.836712 0.0107492 
7.17963e-07 0.000135697 0.000152697 0.0022009 0.00754856 0.0219373 0.0495096 0.864701 0.0356806 0.018133 
1.01748e-08 7.74752e-07 1.44132e-05 0.000115062 0.000973813 0.0429115 0.327291 0.288873 0.326889 0.0129311 
5.4005e-11 9.66884e-09 3.24998e-08 6.45552e-07 1.7415e-05 0.000189173 0.00226257 0.00933408 0.961203 0.0269933 
8.59654e-14 1.18367e-11 2.71374e-10 3.29483e-08 7.96362e-07 5.98951e-05 0.00144751 0.00997192 0.0294529 0.959067 
1.54865e-06 0.000229396 0.00193213 0.00346623 0.0141484 0.0358198 0.0553823 0.866401 0.0179554 0.00466353 
2.48984e-08 1.22129e-06 4.15819e-05 0.000120277 0.000586028 0.00189819 0.0124426 0.522107 0.434519 0.0282846 
1.36633e-10 2.43087e-08 6.96303e-08 7.1261e-07 3.49432e-05 0.000311787 0.00385708 0.0190887 0.955695 0.0210115 
3.33723e-14 1.04504e-11 2.30319e-10 4.20893e-08 3.78969e-07 1.90477e-05 0.000139732 0.00123878 0.00539196 0.99321 
1.16978e-06 0.000217515 0.000448957 0.00140311 0.00934781 0.0366674 0.0720265 0.832938 0.0281995 0.0187502 
1.79686e-11 2.94866e-09 2.90417e-08 7.15128e-08 8.33763e-07 7.7255e-05 0.000725547 0.00704998 0.969614 0.0225324 
5.94908e-10 8.38172e-08 3.84694e-07 6.24667e-05 0.000621179 0.00604974 0.0218987 0.908561 0.0405696 0.0222366 
4.16027e-10 7.29006e-08 1.91307e-07 1.81388e-06 9.12446e-05 0.000204079 0.00272903 0.0081575 0.0300384 0.958778 
1.17042e-09 1.19442e-07 1.01097e-06 1.52159e-05 0.000275805 0.00150802 0.01189 0.908588 0.05071 0.0270116 
1.21447e-06 0.000214803 0.000383115 0.00230615 0.00854357 0.0186711 0.0257944 0.85292 0.0593837 0.0317822 
9.93608e-10 1.77114e-07 3.06746e-07 2.12613e-06 1.71865e-05 0.000255572 0.0013088 0.00325499 0.0159771 0.979184 
6.1261e-10 1.02527e-07 5.23327e-07 2.02723e-05 0.00032896 0.00267888 0.147225 0.785958 0.0561072 0.00768154 
4.51786e-11 6.17022e-09 3.3991e-08 9.33769e-07 9.97765e-05 0.000208626 0.00198896 0.0121421 0.0392698 0.94629 
1.17898e-11 2.26582e-09 9.51575e-10 1.04e-08 1.55725e-07 9.96979e-07 9.97614e-05 0.000123713 0.00156479 0.998211 
5.79414e-11 1.01832e-08 4.19532e-08 7.29853e-07 4.52366e-06 0.000186902 0.0013912 0.00238395 0.00714038 0.988892 
1.53739e-06 0.000713447 0.151929 0.0112492 0.0782349 0.492541 0.157982 0.0770079 0.0177161 0.0126246 
5.13799e-08 3.48948e-06 8.33411e-05 0.000283378 0.00112925 0.00489155 0.00713801 0.0154552 0.0347214 0.936294 
1.72748e-05 0.00142372 0.00415865 0.00540285 0.0161409 0.0229813 0.0224108 0.0228272 0.881685 0.0229523 
2.32131e-21 2.55265e-18 9.19159e-16 1.71736e-13 1.66164e-11 2.77079e-09 6.71746e-05 0.000756328 0.333962 0.665215 
5.25309e-11 8.92847e-09 5.17046e-08 6.44036e-07 1.24212e-05 0.000342992 0.00472645 0.0160052 0.946969 0.031943 
1.20753e-08 1.25428e-06 1.19702e-05 0.000211789 0.00234112 0.0116239 0.0306041 0.885824 0.0440788 0.0253026 
1.48544e-09 1.5847e-07 1.06188e-06 1.1858e-05 0.000407873 0.00116545 0.00836639 0.0270419 0.046506 0.916499 
7.17382e-11 1.07928e-08 2.54683e-07 4.7976e-06 0.000138723 0.00274303 0.0114179 0.0319856 0.929978 0.0237315 
4.29663e-11 7.5551e-09 2.72537e-08 5.22918e-07 9.87333e-06 0.000173603 0.00145371 0.00401041 0.0176061 0.976746 
3.64843e-09 5.38475e-07 2.71694e-06 4.35804e-05 0.000649382 0.00263722 0.0130408 0.0383738 0.0536337 0.891618 
1.585e-12 1.2504e-10 5.38645e-09 2.36646e-07 7.50787e-06 0.000174491 0.00113257 0.00604873 0.0279512 0.964685 
5.441e-08 4.34939e-06 0.000211682 0.000269606 0.00272735 0.0121346 0.0312182 0.0556857 0.871651 0.0260977 
8.63767e-10 1.55536e-07 2.72463e-07 1.80282e-06 9.58019e-06 0.000223438 0.00100503 0.00281951 0.980687 0.0152534 
2.21722e-09 2.27837e-07 3.27196e-06 3.31274e-05 0.00103141 0.00649877 0.0175558 0.044856 0.906227 0.0237945 
1.59206e-08 1.28343e-06 7.39647e-06 8.58475e-05 0.000713146 0.00386613 0.00683721 0.0923061 0.491056 0.405127 
2.01274e-13 3.64111e-11 1.66633e-10 3.29253e-09 1.3951e-07 6.20679e-07 5.58614e-06 4.02367e-05 0.000746624 0.999207 
1.3534e-10 2.01959e-08 3.04502e-07 5.55554e-06 6.29729e-05 0.000598077 0.00575541 0.0167584 0.0421393 0.93468 
2.61765e-08 1.76623e-06 3.16746e-05 0.000102397 0.000993461 0.00282792 0.00720068 0.0196178 0.932655 0.0365688 
1.78617e-14 2.04333e-12 2.61552e-11 1.60728e-09 1.04693e-07 2.00547e-05 9.64814e-05 0.000875785 0.00442366 0.994584 
1.14797e-07 4.97752e-06 3.52315e-05 0.000175781 0.00164336 0.00683362 0.0115811 0.0227125 0.0375773 0.919436 
5.18653e-08 4.04635e-06 0.000184522 0.00125949 0.00261081 0.0109708 0.0306539 0.888799 0.0479423 0.0175747 
1.02786e-10 1.82013e-08 4.79046e-08 2.39262e-07 2.05128e-06 1.42622e-05 0.000336437 0.000924414 0.0037939 0.994929 
4.46863e-09 4.99239e-07 3.83305e-06 4.5193e-05 0.00126733 0.00332696 0.0108275 0.0259107 0.026745 0.931873 
2.39741e-11 4.22447e-09 1.45626e-08 7.89441e-08 6.68122e-07 1.99007e-05 0.000180009 0.000871086 0.00279564 0.996133 
3.10543e-08 1.9839e-06 4.5681e-05 0.00022787 0.00097094 0.00285235 0.00785872 0.0203878 0.0292703 0.938384 
4.15838e-19 8.56372e-17 4.79526e-15 1.08159e-12 4.56222e-11 8.11087e-09 1.34408e-07 4.88318e-05 0.000140142 0.999811 
7.04478e-10 1.26709e-07 2.16082e-07 1.3567e-06 6.48084e-06 0.000132966 0.000382898 0.00192916 0.490304 0.507243 
