9498
1.23364e-05 0.000695221 0.0077095 0.848252 0.0796223 0.0494411 0.0125859 0.00150714 0.00017297 1.39827e-06 
1.241e-14 1.74048e-12 2.44262e-11 2.80301e-09 7.13016e-08 4.1391e-06 0.00012128 0.0019634 0.00982016 0.988091 
3.38736e-16 7.75612e-14 1.20924e-11 3.0553e-09 1.86554e-07 3.57419e-05 0.000177927 0.00245436 0.0113386 0.985993 
5.20815e-09 7.69361e-07 0.000135241 0.00365205 0.328196 0.510486 0.0433276 0.0795999 0.0342622 0.000340363 
2.22325e-34 8.46909e-31 2.59457e-26 8.06358e-23 2.38558e-18 1.00278e-14 1.46698e-09 9.33921e-07 0.000225823 0.999773 
6.42466e-13 5.98037e-11 3.42026e-09 1.16657e-07 1.06958e-06 0.000225149 0.00236489 0.0100382 0.0261038 0.961267 
9.40328e-13 8.58582e-11 5.12372e-09 1.73183e-07 2.27732e-06 0.000172636 0.00282013 0.487185 0.499487 0.0103335 
1.09904e-11 7.67793e-10 3.86894e-08 2.37725e-05 2.30524e-05 0.00175222 0.00926965 0.946063 0.0333337 0.0095347 
3.10398e-13 2.69447e-11 1.76462e-09 5.75025e-08 5.01815e-07 6.32112e-05 0.000810662 0.00546422 0.974106 0.0195556 
4.99011e-16 1.31135e-13 2.06104e-11 4.9763e-09 3.15976e-07 5.63476e-05 0.00110325 0.0114676 0.968346 0.0190264 
4.52883e-17 1.18767e-14 2.13362e-12 5.5394e-10 3.32446e-08 5.10637e-06 0.000316904 0.00204688 0.00857253 0.989059 
6.2147e-14 7.19488e-12 1.13105e-10 9.55751e-09 4.26534e-07 4.66956e-05 0.000414817 0.00358495 0.017863 0.97809 
1.58109e-09 1.41093e-08 4.60386e-07 6.87012e-05 0.000626201 0.0090854 0.919706 0.0387575 0.0261007 0.00565531 
1.00202e-11 7.56671e-10 9.94848e-08 2.07178e-05 0.000147435 0.00351583 0.583331 0.322361 0.0889608 0.0016638 
5.45344e-13 4.77257e-11 3.009e-09 9.576e-08 7.15518e-07 6.54758e-05 0.000784921 0.00711614 0.0246411 0.967392 
1.0046e-14 1.0813e-12 7.07948e-11 6.17938e-09 2.61318e-07 4.64825e-05 0.000521633 0.00658187 0.0260195 0.96683 
2.00138e-09 1.74673e-07 9.6267e-06 0.000807632 0.00605116 0.104923 0.877521 0.00828595 0.00216613 0.000235063 
2.14026e-12 2.51539e-10 1.06926e-08 1.16697e-06 4.8993e-05 0.00328116 0.930263 0.0363365 0.0245728 0.00549636 
2.10075e-08 1.06164e-06 2.19096e-05 0.00165448 0.00986056 0.0250029 0.937803 0.0192943 0.00588658 0.000475128 
2.36012e-08 1.21118e-06 2.86097e-05 0.00105171 0.00437929 0.0301272 0.082435 0.530178 0.351268 0.000530206 
1.4596e-16 6.75334e-14 1.64309e-11 3.81493e-09 2.84955e-07 5.92245e-05 0.000442999 0.00355884 0.0155878 0.980351 
1.68144e-08 1.1047e-06 4.07299e-05 0.000976454 0.00478232 0.0215994 0.944896 0.0215804 0.00559225 0.000531579 
1.2348e-16 2.22718e-14 2.05869e-12 6.59798e-10 1.47095e-08 4.53402e-07 7.57425e-06 0.00038813 0.00158364 0.99802 
6.71395e-09 6.5044e-07 3.11485e-05 0.00131218 0.0069733 0.0263395 0.94072 0.0201195 0.00419908 0.000304165 
1.06375e-08 6.50783e-07 3.14198e-05 0.00153899 0.641111 0.0200113 0.324513 0.0100603 0.00261929 0.000113854 
2.87745e-16 4.94281e-14 3.62061e-12 1.04145e-09 2.5185e-08 9.21392e-07 7.08172e-05 0.000879413 0.00552656 0.993522 
6.36154e-12 2.58279e-09 2.43839e-08 1.29376e-06 1.48865e-05 0.00132228 0.00701193 0.967016 0.0189698 0.00566374 
1.97798e-21 1.93416e-18 1.83706e-15 3.3134e-13 3.71121e-11 9.03876e-09 6.17325e-05 0.000558394 0.00688883 0.992491 
1.38163e-12 1.22406e-10 7.62043e-09 2.42288e-07 1.47204e-06 0.000107845 0.00194098 0.00824049 0.971658 0.0180505 
1.6124e-12 1.43235e-10 8.84257e-09 2.80781e-07 1.72299e-06 0.000179995 0.00164527 0.00663628 0.971155 0.0203811 
3.73921e-06 0.000170148 0.00190574 0.015881 0.219257 0.488737 0.261296 0.00881197 0.00359973 0.000337409 
1.96934e-12 3.31924e-10 9.09178e-08 1.95996e-05 0.000722468 0.0114782 0.939287 0.0250073 0.0175639 0.00592186 
4.27599e-10 4.22033e-09 1.5975e-07 3.55464e-05 0.000196345 0.00199039 0.00849632 0.952623 0.0278847 0.00877406 
1.0878e-12 9.61012e-11 5.03393e-09 1.4483e-05 3.16907e-06 0.000316164 0.00252598 0.00659215 0.971322 0.0192258 
3.40618e-16 9.04875e-14 1.4496e-11 3.57252e-09 2.11268e-07 3.94544e-05 0.000401114 0.00352253 0.655635 0.340402 
9.84946e-17 3.264e-14 7.46674e-12 1.765e-09 1.36119e-07 2.89211e-05 0.000169817 0.00224276 0.0137919 0.983766 
9.91687e-13 1.49444e-10 3.26612e-09 4.79326e-07 1.54448e-05 0.00143348 0.00710293 0.0155674 0.0257507 0.95013 
8.66068e-13 7.48253e-11 4.95771e-09 1.54825e-07 8.90004e-07 8.03236e-05 0.000321311 0.00395043 0.017142 0.978505 
3.1323e-13 3.14749e-11 1.35945e-09 5.25594e-08 8.768e-07 0.000229869 0.00117755 0.00567544 0.0209109 0.972005 
1.14782e-11 8.33009e-10 3.81084e-08 8.84871e-06 3.35215e-05 0.00247029 0.0134912 0.947818 0.0283415 0.0078364 
5.66713e-13 4.99361e-11 3.19776e-09 1.03644e-07 6.71579e-07 4.34058e-05 0.00141845 0.00759661 0.0198759 0.971065 
2.3433e-09 6.43821e-08 1.88255e-06 0.000293336 0.00354646 0.0220653 0.939558 0.0251113 0.00824957 0.00117387 
6.84972e-08 6.2053e-06 0.000133993 0.00438165 0.898693 0.0580113 0.0277652 0.00865393 0.00197804 0.000376374 
5.89654e-17 2.97973e-14 9.36168e-12 2.22118e-09 1.77631e-07 3.80078e-05 0.000165647 0.00144552 0.247896 0.750455 
3.02221e-16 6.58565e-14 9.59936e-12 2.44523e-09 1.4312e-07 2.67911e-05 9.64107e-05 0.0017886 0.0101398 0.987948 
2.1044e-17 8.94109e-15 2.5721e-12 6.09138e-10 4.83495e-08 1.03168e-05 7.77403e-05 0.0005162 0.00548353 0.993912 
1.31274e-10 5.67767e-08 4.96509e-07 4.34743e-05 0.000340625 0.00871886 0.917182 0.0417113 0.0262965 0.00570713 
9.79556e-10 8.08288e-08 1.50082e-06 0.00020359 0.00214777 0.0144379 0.821877 0.155771 0.00507714 0.000483621 
8.56259e-12 6.80638e-10 5.23279e-08 8.20196e-06 0.000306974 0.00926193 0.922886 0.042736 0.0209277 0.00387356 
1.75886e-09 7.56443e-08 1.54763e-06 0.000220093 0.0012113 0.0100346 0.0245667 0.939882 0.0216607 0.00242279 
5.65824e-12 4.39016e-10 2.15184e-08 8.81879e-06 3.66952e-05 0.00236782 0.00949646 0.0308091 0.948805 0.00847621 
1.82444e-12 1.59432e-10 1.01202e-08 3.17804e-07 1.96207e-06 0.000158023 0.00101367 0.00540621 0.0164471 0.976973 
1.84271e-12 1.59839e-10 7.95099e-09 8.09776e-07 5.02449e-06 0.000734345 0.00389213 0.0154281 0.0297852 0.950154 
1.54584e-15 7.2005e-13 2.74729e-11 5.33105e-09 3.67432e-07 6.92075e-05 0.00155842 0.00689087 0.970485 0.0209963 
1.94171e-09 1.00558e-07 2.00515e-06 0.00025085 0.00798726 0.94136 0.0303102 0.0150083 0.00462385 0.00045706 
1.06344e-15 4.47684e-13 1.61808e-11 3.30874e-09 2.23723e-07 4.42499e-05 0.000392987 0.00398769 0.0198166 0.975758 
9.90566e-05 0.00389055 0.158573 0.769961 0.0389276 0.0210668 0.00655337 0.000904801 2.27265e-05 5.07722e-07 
1.51292e-12 1.37006e-10 8.04755e-09 2.60015e-07 1.83501e-06 0.000217668 0.00322065 0.0174955 0.960411 0.0186534 
7.64876e-14 6.66799e-12 4.4785e-10 1.68004e-08 2.68335e-07 4.45456e-05 0.000242823 0.0029449 0.0137145 0.983053 
5.62532e-16 1.26522e-13 1.98642e-11 5.01601e-09 3.10056e-07 5.8166e-05 0.00064216 0.00558153 0.0195834 0.974134 
3.66657e-13 3.27942e-11 2.02361e-09 7.16222e-08 7.57775e-07 0.000125033 0.00108069 0.00546028 0.0208939 0.972439 
2.3032e-13 2.1289e-11 1.25011e-09 4.52902e-08 4.83096e-07 5.50137e-05 0.00200889 0.0136188 0.963788 0.0205288 
8.809e-07 0.000110504 0.00138009 0.00207978 0.0078905 0.0218124 0.0270445 0.926998 0.0120543 0.000629044 
3.05642e-16 5.29316e-14 4.14659e-12 1.25091e-09 2.89137e-08 8.93789e-07 7.80545e-05 0.00111408 0.00725372 0.991553 
1.59388e-16 2.38031e-14 1.16575e-12 2.1737e-10 1.18498e-08 2.19987e-06 4.38628e-05 0.00125636 0.00591601 0.992782 
1.13982e-16 5.54187e-14 1.11975e-11 2.48631e-09 1.74799e-07 3.11124e-05 0.000921148 0.968966 0.019993 0.0100885 
4.49079e-09 3.06642e-07 4.06712e-06 0.000460574 0.0926118 0.146978 0.288758 0.36556 0.104944 0.000683536 
1.18225e-09 2.62442e-08 9.79663e-07 0.000196455 0.00131322 0.00928293 0.932038 0.0352986 0.0195498 0.00231972 
2.80575e-08 1.78327e-06 3.26249e-05 0.00120716 0.01067 0.912372 0.0516117 0.0190098 0.00470352 0.000391012 
1.46477e-12 1.32681e-10 7.78442e-09 2.52501e-07 1.84491e-06 0.000237647 0.00278042 0.0136854 0.964356 0.0189383 
1.04476e-11 1.11267e-09 1.60567e-07 5.00622e-05 0.00138155 0.317421 0.648091 0.0190976 0.0119134 0.00204523 
1.41378e-17 2.41492e-15 1.10204e-13 2.0733e-11 9.81917e-10 1.54106e-07 4.32163e-05 0.000279843 0.00318887 0.996488 
7.08058e-17 1.61556e-14 1.55016e-12 3.58179e-10 2.24209e-08 4.57615e-06 9.27709e-05 0.00196121 0.0117086 0.986233 
1.42496e-13 1.37259e-11 6.33815e-10 2.4744e-08 4.56707e-07 7.36095e-05 0.000451316 0.00348666 0.016436 0.979552 
1.2121e-11 8.63588e-10 4.14007e-08 1.76683e-05 3.67648e-05 0.00230786 0.00970445 0.95154 0.0293719 0.00702101 
4.62345e-17 6.99282e-15 2.56245e-13 3.75351e-11 1.7746e-09 1.82422e-07 0.000120418 0.00151142 0.987284 0.0110838 
6.08816e-05 0.00122551 0.0074426 0.0208132 0.806572 0.151101 0.0118154 0.000947542 2.14253e-05 5.78447e-07 
4.0226e-13 4.09374e-11 1.72776e-09 2.46784e-07 1.07289e-06 0.00015775 0.00214938 0.675281 0.29848 0.02393 
1.77961e-12 1.58296e-10 9.58093e-09 8.52804e-07 2.2183e-06 0.000260665 0.00190649 0.00732473 0.0229089 0.967596 
3.0731e-19 5.82389e-17 5.9738e-15 1.94044e-12 4.70261e-11 2.24e-09 1.56609e-07 2.06284e-05 0.000214593 0.999765 
1.25701e-12 1.16134e-10 6.56556e-09 2.21699e-07 2.79674e-06 0.00025113 0.00320927 0.0145325 0.0331432 0.948861 
2.39648e-12 2.01062e-10 1.01574e-08 9.07892e-06 1.86844e-05 0.000947047 0.00631154 0.958568 0.0256178 0.00852743 
5.64158e-22 5.39342e-19 6.14141e-16 1.10846e-13 1.29924e-11 5.01865e-09 3.99572e-05 0.000150835 0.0017234 0.998086 
1.6439e-09 7.91784e-08 1.63093e-06 0.000238505 0.00221951 0.0124483 0.208494 0.555371 0.218837 0.00238992 
4.4677e-11 2.64868e-09 1.4268e-07 2.21643e-05 0.000173355 0.00355157 0.0106265 0.0275737 0.949515 0.00853806 
5.91667e-16 1.25225e-13 1.67491e-11 4.27361e-09 2.42563e-07 4.47124e-05 0.000222661 0.00375421 0.0182215 0.977757 
2.84744e-14 4.70181e-12 8.80065e-11 1.23179e-08 4.74131e-07 0.000131528 0.00328773 0.017652 0.966076 0.012852 
2.3503e-12 2.68358e-10 1.24818e-08 9.37756e-07 3.52383e-05 0.00259207 0.00786417 0.948529 0.0319468 0.00903196 
3.14033e-08 1.88052e-06 4.58067e-05 0.00208724 0.0381287 0.905921 0.0517579 0.00125583 0.000798438 3.62939e-06 
8.52486e-13 7.69494e-11 4.53751e-09 1.48483e-07 1.22365e-06 0.000161935 0.00094714 0.00718433 0.962878 0.0288272 
9.63737e-12 7.19143e-10 3.48737e-08 2.39566e-05 3.48541e-05 0.00228415 0.00888324 0.0233313 0.0310102 0.934432 
2.11824e-13 2.08001e-11 1.02516e-09 3.81371e-08 4.84604e-07 9.51277e-05 0.00200085 0.117772 0.115765 0.764366 
1.52881e-05 0.000824801 0.00495346 0.0161282 0.0431759 0.055793 0.871687 0.00704067 0.000380005 1.81706e-06 
6.98124e-17 2.0674e-14 3.9415e-12 9.28883e-10 6.97903e-08 1.47826e-05 0.000148366 0.00219976 0.0137964 0.983841 
1.81507e-12 1.94711e-10 9.90217e-09 6.58919e-07 1.50332e-05 0.00128977 0.00603382 0.945041 0.0349516 0.0126677 
7.31349e-24 6.96847e-21 7.95523e-18 1.48573e-15 3.69874e-13 3.55318e-11 3.53217e-05 0.000147548 0.00217254 0.997645 
3.334e-10 2.95571e-08 5.0353e-07 4.84029e-05 0.000486782 0.00552623 0.014394 0.940829 0.0295496 0.00916563 
2.13599e-16 3.81624e-14 3.16814e-12 9.71712e-10 2.25363e-08 7.13399e-07 8.58655e-05 0.00123747 0.00689252 0.991783 
1.46533e-12 1.37201e-10 7.79726e-09 1.19697e-06 2.81976e-06 0.000392736 0.00442551 0.934576 0.0418666 0.0187348 
6.68121e-12 4.44916e-10 2.16667e-08 6.22836e-06 4.27899e-06 0.000393732 0.00466419 0.021197 0.955726 0.0180088 
6.62404e-15 1.4416e-12 2.8659e-11 4.66203e-09 1.54865e-07 1.19189e-05 0.000953617 0.00712043 0.0234246 0.968489 
2.08671e-09 4.64082e-08 1.49833e-06 0.000222773 0.0021542 0.0102999 0.0278405 0.93271 0.0242299 0.00254114 
7.06754e-13 6.37484e-11 4.13604e-09 1.94465e-07 7.452e-05 0.00428308 0.915139 0.0249671 0.0331334 0.022403 
1.08162e-12 9.65156e-11 5.88745e-09 1.89322e-07 1.36677e-06 0.000137578 0.0036787 0.0168956 0.962713 0.0165735 
2.17262e-09 1.2756e-07 6.21072e-06 0.000999668 0.00600853 0.023478 0.934995 0.0227324 0.0100379 0.00174265 
9.57775e-12 7.1667e-10 3.34669e-08 1.25673e-05 3.47345e-05 0.00267505 0.00827064 0.0234827 0.958605 0.0069194 
2.13379e-12 1.88654e-10 1.16793e-08 3.69284e-07 2.27113e-06 0.000198671 0.00345034 0.940853 0.0361777 0.019318 
2.53629e-09 1.52896e-07 2.9866e-06 0.00037226 0.00466377 0.0206636 0.279451 0.619221 0.0747402 0.00088452 
4.19843e-09 3.23005e-07 6.88773e-06 0.000984291 0.0122777 0.934826 0.0333184 0.0144259 0.00364883 0.000511979 
1.23557e-15 2.22171e-13 2.02306e-11 4.99456e-09 2.72185e-07 5.16309e-05 0.000248199 0.00359727 0.0130666 0.983036 
5.869e-13 5.22891e-11 3.15356e-09 1.01761e-07 7.90065e-07 6.61998e-05 0.000470223 0.0034387 0.0152234 0.980801 
3.30049e-13 2.89568e-11 1.82413e-09 6.01202e-08 5.33374e-07 6.2898e-05 0.000485675 0.00479389 0.97629 0.0183674 
2.68958e-09 1.29188e-07 2.86259e-06 0.000328099 0.00377806 0.0218603 0.944951 0.0223366 0.00616823 0.00057511 
2.9176e-15 1.13469e-12 2.57141e-11 4.68903e-09 1.76455e-07 1.39153e-05 0.00152474 0.00991516 0.0254204 0.963126 
6.86692e-16 2.30327e-13 2.16843e-11 4.89229e-09 3.15488e-07 5.56346e-05 0.0015318 0.0110235 0.96604 0.0213488 
3.78936e-06 0.000264358 0.00263082 0.0151793 0.939694 0.0325206 0.00825167 0.00128126 0.000171852 2.59549e-06 
1.10458e-11 9.95674e-10 1.01141e-07 3.34143e-06 0.000125369 0.00267891 0.00916627 0.0286359 0.949603 0.00978724 
7.30672e-15 1.53535e-12 5.62996e-11 6.9495e-09 2.33069e-07 1.97985e-05 0.00175115 0.0105944 0.969328 0.0183066 
2.16803e-12 2.14578e-10 1.16975e-08 1.81252e-05 9.48434e-06 0.000579666 0.00514872 0.0168972 0.964851 0.012496 
1.91456e-05 0.000939358 0.00538182 0.0317094 0.891532 0.056633 0.0126073 0.00114668 3.01342e-05 7.99156e-07 
1.25983e-11 8.61198e-10 5.2954e-08 2.24029e-05 1.21841e-05 0.00155613 0.00848022 0.947264 0.0320736 0.0105916 
1.23702e-13 1.53457e-11 4.63491e-10 2.65436e-08 6.14948e-07 0.000182277 0.0026427 0.0164471 0.95578 0.0249468 
4.88457e-09 3.72757e-07 7.27583e-06 0.000337817 0.00402833 0.0129938 0.0271114 0.938787 0.0151869 0.00154694 
1.61558e-10 1.90585e-09 5.25642e-08 1.35651e-05 3.67449e-05 0.00294738 0.0960272 0.193334 0.25879 0.448851 
5.31554e-21 3.78066e-18 3.31456e-15 6.92577e-13 4.726e-10 3.41393e-08 0.000162433 0.00235933 0.988794 0.00868402 
5.30745e-08 3.80608e-06 0.000159433 0.00399664 0.0163339 0.0410976 0.924278 0.0126161 0.00150235 1.26135e-05 
2.0399e-10 4.27778e-08 6.71969e-07 5.08585e-05 0.00126663 0.0117679 0.91824 0.0479336 0.0186477 0.0020928 
1.49694e-12 1.34683e-10 7.97886e-09 2.5825e-07 1.89879e-06 0.000238208 0.00192009 0.00870956 0.0208085 0.968321 
0.000242474 0.00387914 0.023178 0.0312546 0.0474598 0.887906 0.00575232 0.000313909 1.32822e-05 6.13398e-07 
5.01567e-08 2.56638e-06 5.73158e-05 0.00106189 0.0084302 0.0351855 0.928494 0.0218831 0.004589 0.000296042 
8.99994e-17 3.36593e-14 8.49783e-12 2.01097e-09 1.57084e-07 3.34564e-05 0.000164721 0.00226349 0.0112555 0.986283 
4.46656e-17 1.1755e-14 1.88937e-12 5.52208e-10 2.42881e-08 3.84909e-06 3.29965e-05 0.000762538 0.005708 0.993493 
9.31599e-13 8.14423e-11 5.1332e-09 1.60247e-07 9.33259e-07 6.21982e-05 0.000561108 0.00367888 0.0153097 0.980387 
7.1736e-13 6.62019e-11 3.81001e-09 1.28071e-07 1.06269e-06 0.000175602 0.00178843 0.00954153 0.962452 0.0260415 
1.16827e-16 3.76316e-14 8.63806e-12 2.09511e-09 1.53468e-07 3.19659e-05 0.000169745 0.00245326 0.0142511 0.983094 
1.1375e-09 9.80414e-09 2.94753e-07 5.34996e-05 0.000297272 0.0048187 0.0135396 0.943241 0.0325458 0.00550405 
0.00023548 0.0117341 0.0568368 0.90517 0.0193829 0.00544606 0.00112339 7.12857e-05 4.9143e-07 7.81603e-09 
9.6647e-13 9.37489e-11 5.25825e-09 2.66753e-07 3.96022e-06 0.000572927 0.00264294 0.0135863 0.498933 0.484261 
1.71047e-09 3.05741e-08 1.20222e-06 0.000215004 0.00248117 0.0155293 0.953607 0.0191715 0.00832114 0.000673675 
2.86538e-09 2.63203e-07 7.1501e-06 0.000496596 0.00284015 0.0165564 0.0338669 0.936122 0.00918859 0.00092159 
9.17818e-12 6.33441e-10 3.08956e-08 1.12601e-05 1.38229e-05 0.00224425 0.920792 0.0419949 0.0273083 0.00763509 
0.000873277 0.018999 0.0542722 0.918599 0.00722072 3.46464e-05 8.88658e-07 4.0699e-09 8.41907e-11 1.53131e-12 
2.41286e-08 1.2183e-06 1.07213e-05 0.000574913 0.00288962 0.00888562 0.0220235 0.0345365 0.928425 0.0026529 
3.57196e-06 0.000193375 0.00153398 0.0346552 0.197813 0.761508 0.00362705 0.000349397 0.000315383 1.0648e-06 
1.04028e-06 4.90704e-05 0.000463212 0.00835456 0.0419386 0.916515 0.0259154 0.00472947 0.00202347 1.06181e-05 
1.99582e-09 9.45064e-08 1.67057e-06 0.000271336 0.00256788 0.0161361 0.920903 0.0391183 0.0183523 0.00264936 
2.68217e-15 1.03577e-12 2.27267e-11 4.2518e-09 1.18583e-07 5.94943e-06 0.000943828 0.485174 0.0212734 0.492603 
1.21522e-12 1.05775e-10 6.88699e-09 2.15322e-07 1.16474e-06 7.85441e-05 0.00180006 0.960169 0.0256401 0.0123106 
5.2396e-12 4.18603e-10 2.00707e-08 1.75739e-05 2.89549e-05 0.00224494 0.00823819 0.0263668 0.955277 0.0078262 
7.90198e-13 8.25127e-11 8.05931e-09 8.31246e-07 5.03857e-05 0.035468 0.00320157 0.73669 0.219444 0.00514496 
4.6007e-10 2.28552e-08 4.39079e-07 4.18471e-05 0.000448402 0.00532133 0.162685 0.183661 0.641313 0.00652871 
1.39271e-16 6.98489e-14 4.31097e-12 8.6695e-10 6.07987e-08 1.06753e-05 0.000364047 0.00242419 0.2529 0.744301 
2.29124e-15 3.09155e-13 1.92706e-11 4.45703e-09 2.40772e-07 4.18757e-05 0.000321152 0.00686021 0.97015 0.0226267 
1.86928e-12 1.91759e-10 1.09536e-08 2.7992e-06 8.69874e-06 0.00104067 0.00914599 0.954651 0.0256794 0.00947099 
7.13195e-09 7.78495e-07 0.000218406 0.00610924 0.622707 0.347434 0.0162331 0.00539513 0.00159885 0.000303398 
1.7951e-12 1.6178e-10 9.65479e-09 3.13171e-07 2.28574e-06 0.000326979 0.00416879 0.0174399 0.961157 0.0169048 
2.68785e-08 1.61137e-06 2.41722e-05 0.00215723 0.0193221 0.672706 0.291937 0.00995911 0.00367014 0.000221931 
5.69199e-17 1.54634e-14 3.20496e-12 7.79674e-10 5.54765e-08 1.13651e-05 0.000118268 0.00141755 0.00815636 0.990296 
2.11794e-09 4.58828e-08 1.55966e-06 0.000247239 0.00208839 0.01243 0.0338713 0.93224 0.0176204 0.0015011 
1.67506e-08 1.41296e-06 6.70994e-05 0.00213447 0.0134253 0.486512 0.482344 0.0133361 0.00204635 0.000132721 
5.6223e-12 4.17831e-10 2.02257e-08 1.68829e-05 1.30353e-05 0.00170528 0.010449 0.950134 0.0293347 0.00834675 
1.85457e-09 4.22963e-08 1.27638e-06 0.000199205 0.00164032 0.00807919 0.0240166 0.944469 0.0192095 0.00238525 
1.13018e-13 1.15283e-11 6.38248e-10 2.85997e-08 4.41767e-06 0.00024142 0.145307 0.684978 0.161372 0.00809735 
1.60091e-23 1.52464e-20 1.71588e-17 3.19835e-15 7.85504e-13 7.07752e-11 5.68131e-05 0.000587947 0.992059 0.00729617 
8.68065e-13 9.82818e-11 5.5003e-09 2.05394e-05 6.85814e-06 0.000973558 0.00503661 0.936101 0.040916 0.0169453 
2.07692e-09 3.15469e-07 0.000127451 0.00714177 0.90678 0.0365758 0.0298492 0.0143853 0.00469849 0.000441955 
8.74571e-12 8.74578e-10 9.90539e-08 1.86564e-05 0.000602454 0.00719165 0.554485 0.408344 0.0219911 0.00736695 
1.52668e-12 1.36172e-10 8.34007e-09 2.66752e-07 1.70331e-06 0.000168591 0.00287728 0.0127444 0.0278876 0.95632 
1.26408e-11 8.74495e-10 4.44283e-08 2.28868e-05 1.18188e-05 0.00081882 0.00603634 0.017673 0.030283 0.945154 
1.34081e-06 0.000161727 0.00181286 0.0068674 0.676029 0.287164 0.0222288 0.00511542 0.0005852 3.48465e-05 
1.89014e-05 0.000975406 0.00524947 0.0205171 0.0589108 0.891865 0.0203041 0.00211568 4.26246e-05 1.00967e-06 
2.84775e-16 5.08366e-14 3.7455e-12 1.05237e-09 2.94752e-08 2.30284e-06 7.44974e-05 0.00204401 0.00978812 0.988091 
3.19806e-12 2.45091e-10 1.30379e-08 4.88785e-07 3.10063e-06 0.000353852 0.00357529 0.940275 0.0396006 0.0161916 
1.02225e-10 3.80188e-08 5.28017e-07 8.10246e-05 0.00111036 0.0123481 0.923746 0.0379424 0.0216415 0.0031304 
2.91103e-09 3.11663e-07 8.96671e-06 0.00207959 0.0208629 0.919095 0.0364365 0.016023 0.00501998 0.000474026 
0 0 0 0 0 0 0 0 3.91029e-26 1 
4.90934e-05 0.00139472 0.291255 0.154658 0.510804 0.0327057 0.00819728 0.000908585 2.6839e-05 8.8771e-07 
2.42491e-13 2.10199e-11 1.41061e-09 4.84147e-08 5.57063e-07 7.46698e-05 0.00132974 0.0148192 0.957855 0.0259203 
5.20974e-12 8.32467e-10 5.96793e-08 1.24202e-05 0.000739465 0.0182904 0.671148 0.290507 0.016225 0.0030775 
8.60751e-15 2.08581e-12 4.85512e-11 7.69277e-09 3.72352e-07 7.66795e-05 0.00384472 0.0204919 0.95614 0.0194461 
0.000177092 0.00411691 0.089246 0.890772 0.0151419 0.000523358 2.2776e-05 3.97947e-08 4.51804e-10 9.3743e-12 
1.22928e-24 1.16933e-21 1.27052e-18 2.34494e-16 2.73291e-14 1.34044e-12 5.55353e-09 9.43811e-06 5.06996e-05 0.99994 
9.20039e-17 3.92182e-14 1.11187e-11 2.63724e-09 2.08228e-07 4.43693e-05 0.000236972 0.00253604 0.013104 0.984078 
4.38834e-08 2.80787e-06 8.80202e-05 0.00361508 0.0258425 0.946358 0.0185642 0.00349382 0.00195082 8.46392e-05 
1.42598e-11 9.7995e-10 4.8992e-08 2.60255e-05 2.92781e-05 0.00143154 0.00588393 0.0149913 0.96109 0.0165479 
3.70102e-17 7.57263e-15 6.44901e-13 1.46455e-10 8.97001e-09 1.80763e-06 6.9815e-05 0.00132216 0.00916927 0.989437 
1.23147e-09 6.14129e-08 1.13124e-06 0.000178017 0.00124683 0.00975529 0.0213716 0.0290687 0.935639 0.00273989 
2.93326e-06 0.000232323 0.00381172 0.281922 0.661175 0.0294174 0.0133231 0.00635063 0.00336438 0.000400166 
1.04298e-15 1.6908e-13 1.86442e-11 4.36287e-09 2.15731e-07 3.20266e-05 0.00133229 0.00950069 0.967134 0.0220003 
4.10937e-08 2.67992e-06 0.000115689 0.00714498 0.888298 0.0590776 0.0300888 0.0109777 0.00423562 5.91568e-05 
1.21891e-16 2.93051e-14 5.04344e-12 1.2075e-09 8.57591e-08 1.77105e-05 0.000105613 0.0019422 0.49515 0.502785 
1.48589e-12 1.24084e-10 6.32244e-09 6.11528e-06 2.67043e-06 0.000262085 0.00205571 0.0125232 0.961941 0.023209 
1.39971e-12 1.26005e-10 7.64149e-09 2.49785e-07 1.84561e-06 0.000244214 0.00368587 0.0198835 0.958146 0.0180382 
2.29255e-12 2.11012e-10 1.26925e-08 4.53471e-07 6.55045e-06 0.000728364 0.0046493 0.0184678 0.959214 0.0169338 
1.23127e-17 4.5175e-15 1.08539e-12 2.70524e-10 1.89011e-08 3.87332e-06 1.47878e-05 0.000151062 0.00166984 0.99816 
1.615e-21 1.65169e-18 1.19266e-15 2.16497e-13 2.56515e-11 5.98057e-09 5.58138e-05 0.000674943 0.0060223 0.993247 
1.38313e-11 1.13621e-09 9.15818e-08 2.11551e-05 0.000182718 0.00329438 0.0100432 0.0265697 0.951968 0.00792085 
5.73804e-08 3.64084e-06 0.000126522 0.00454286 0.0274093 0.941815 0.0206463 0.00364854 0.00179765 1.05786e-05 
1.56615e-12 1.40164e-10 8.47437e-09 2.68697e-07 1.69625e-06 0.000214226 0.0024882 0.0144371 0.965964 0.016894 
6.50317e-11 3.32795e-09 6.98063e-08 1.46048e-05 0.000106663 0.00284369 0.00945628 0.0249113 0.953941 0.00872639 
1.73037e-05 0.00232066 0.125159 0.562178 0.294929 0.0120855 0.00292538 0.000373917 9.79595e-06 2.20075e-07 
1.54629e-09 9.18926e-08 1.62911e-06 0.000209181 0.00745274 0.923287 0.0359484 0.0214065 0.0103019 0.00139258 
4.77425e-14 7.22844e-12 2.20641e-10 2.90806e-08 1.16338e-06 0.000242414 0.00288966 0.925087 0.0629025 0.00887707 
2.92999e-16 5.55219e-14 5.62997e-12 1.56879e-09 6.14142e-08 8.46713e-06 0.000128409 0.00212633 0.00934691 0.98839 
1.68895e-09 6.3427e-08 1.62804e-06 0.000229412 0.00336429 0.0219603 0.935974 0.0251936 0.0118849 0.00139219 
4.20854e-16 1.27852e-13 2.19624e-11 5.16331e-09 3.23146e-07 5.767e-05 0.00125365 0.00959813 0.0288327 0.960258 
2.82813e-17 1.44878e-14 4.57851e-12 1.08747e-09 8.69235e-08 1.8595e-05 9.90502e-05 0.000903503 0.00502326 0.993956 
3.01494e-14 3.85156e-12 7.3917e-11 9.89705e-09 3.75449e-07 5.47237e-05 0.000802224 0.00361844 0.0149852 0.980539 
1.16538e-06 0.000132271 0.00221811 0.0177718 0.930837 0.0363864 0.0107951 0.00159954 0.000253336 5.21017e-06 
1.56245e-12 1.62377e-10 8.75981e-09 5.59009e-07 1.75122e-05 0.00152872 0.0116247 0.947174 0.0290462 0.0106081 
2.50002e-06 0.000157608 0.000987689 0.00388368 0.014052 0.902056 0.0394197 0.0279176 0.010762 0.000760766 
2.05375e-12 1.88785e-10 1.0185e-08 1.64968e-05 1.27597e-05 0.000690824 0.00344829 0.00802994 0.0188221 0.96898 
3.28113e-09 2.45647e-07 9.66048e-06 0.00154292 0.013829 0.492934 0.478445 0.00973134 0.00321038 0.000296696 
3.87884e-13 3.9019e-11 1.7989e-09 6.99933e-08 9.78685e-07 0.000169458 0.00305801 0.942328 0.0385774 0.0158661 
5.92665e-13 6.77048e-11 3.09093e-09 3.07126e-07 5.2099e-06 0.000768376 0.00740932 0.953201 0.0259649 0.0126507 
3.73994e-10 9.55838e-09 4.64478e-07 0.000109877 0.00111427 0.00930266 0.934127 0.032943 0.0194492 0.00295376 
1.573e-12 1.4184e-10 8.5818e-09 2.79441e-07 2.09146e-06 0.000394373 0.00705833 0.939393 0.0344897 0.018662 
4.92156e-09 2.60467e-07 2.86976e-06 0.000244919 0.00180045 0.0102458 0.3967 0.583972 0.00664464 0.000389159 
1.14302e-21 1.26908e-18 1.84371e-16 3.32148e-14 2.68666e-12 3.18514e-10 3.55714e-06 8.6749e-06 0.000564885 0.999423 
1.08193e-09 4.64244e-08 1.0858e-06 0.000143731 0.00135854 0.00742358 0.10871 0.872764 0.00875132 0.000847731 
6.77211e-13 5.87376e-11 3.84138e-09 1.21258e-07 7.89748e-07 7.21842e-05 0.000385285 0.00433081 0.0186929 0.976518 
1.70761e-12 1.48144e-10 9.63628e-09 3.01881e-07 1.75428e-06 0.000143021 0.000804205 0.00453047 0.0151682 0.979352 
1.74248e-08 1.4348e-06 7.02482e-05 0.00272446 0.203586 0.0328218 0.744607 0.012512 0.00348166 0.000195457 
2.8536e-11 1.7592e-09 8.49189e-08 2.06477e-05 0.000141293 0.00385718 0.0176131 0.938655 0.0317389 0.00797386 
2.66958e-16 6.44363e-14 1.16663e-11 2.80636e-09 1.97031e-07 3.98775e-05 0.000154713 0.00119523 0.00778167 0.990828 
7.34927e-10 1.74044e-07 5.02101e-06 0.000705662 0.0141056 0.0443342 0.908227 0.0204573 0.0106339 0.00153082 
4.14091e-08 2.30168e-06 3.62029e-05 0.00243754 0.0205928 0.939595 0.0253304 0.00870971 0.00310042 0.000195583 
1.16537e-05 0.000586458 0.00421745 0.858416 0.0650588 0.0498356 0.0170636 0.00276393 0.00203768 8.98909e-06 
4.57053e-16 9.49321e-14 1.25083e-11 3.24765e-09 1.75407e-07 3.13926e-05 0.00019494 0.00306444 0.0153309 0.981378 
7.3456e-10 1.55451e-07 4.95877e-06 0.00179023 0.88701 0.0488251 0.0324892 0.0199087 0.00870309 0.00126828 
1.74373e-11 1.19446e-09 5.77676e-08 1.35003e-05 3.90422e-05 0.00218281 0.00775957 0.0214604 0.959471 0.00907341 
1.12213e-37 1.23429e-33 1.75243e-29 3.21176e-24 4.48713e-19 6.48207e-15 4.21062e-11 7.58206e-06 0.000447668 0.999545 
1.2437e-12 1.12175e-10 7.10274e-09 5.03942e-06 2.08631e-06 0.000188614 0.00140365 0.00462249 0.495147 0.498631 
1.68247e-17 3.57537e-15 2.88154e-13 6.56484e-11 3.8192e-09 7.90453e-07 1.40466e-05 0.000535513 0.00337905 0.996071 
6.50142e-16 1.63772e-13 1.88479e-11 4.80479e-09 2.72086e-07 4.98285e-05 0.000261292 0.00414698 0.970719 0.0248227 
5.06226e-15 7.42129e-13 2.54933e-11 4.92082e-09 2.8195e-07 4.44016e-05 0.00130862 0.0119247 0.96691 0.0198118 
2.71696e-09 2.01978e-07 1.39231e-05 0.000353893 0.00399256 0.0217892 0.945938 0.0219947 0.00532849 0.000588556 
1.02873e-06 0.000129073 0.00134205 0.0267903 0.182816 0.766869 0.0197799 0.00149961 0.000770324 3.49056e-06 
1.72398e-18 4.97506e-16 8.78504e-14 2.06158e-11 1.53163e-09 3.24662e-07 1.15193e-06 3.85967e-05 0.000761616 0.999198 
1.00461e-14 2.32947e-12 6.24703e-11 1.06961e-08 3.5671e-07 5.81535e-05 0.00217369 0.00941007 0.0243343 0.964023 
9.66905e-10 5.63307e-08 1.65191e-06 0.000143672 0.00196977 0.164862 0.769454 0.0512724 0.0109215 0.00137445 
5.19534e-14 6.81995e-12 1.308e-10 1.48016e-08 6.13667e-07 0.000113156 0.00176674 0.011857 0.0349307 0.951332 
1.34777e-09 2.14804e-08 6.99424e-07 0.000121848 0.000960352 0.00525525 0.0232411 0.94948 0.019148 0.00179222 
2.33619e-13 4.00242e-11 1.73793e-09 4.06595e-07 7.88934e-06 0.00120821 0.931091 0.0341816 0.0240956 0.00941557 
2.15397e-09 1.4689e-07 2.94812e-06 0.000319125 0.0024681 0.0136781 0.0301944 0.48649 0.466137 0.000710538 
2.93476e-17 7.80499e-15 1.22525e-12 2.87337e-10 2.09291e-08 4.43554e-06 3.91923e-05 0.00116524 0.0063568 0.992434 
4.82885e-16 9.94187e-14 1.18607e-11 3.06154e-09 1.55245e-07 2.65802e-05 0.000440902 0.00494087 0.968967 0.0256243 
3.17688e-17 1.02095e-14 2.43482e-12 6.12706e-10 4.21059e-08 8.53358e-06 0.000135647 0.0013874 0.979543 0.0189254 
2.83231e-05 0.00394423 0.813672 0.0634358 0.0693483 0.039961 0.00835899 0.0012328 1.85638e-05 1.88485e-07 
7.8629e-14 1.29999e-11 2.29246e-10 2.5883e-08 1.12055e-06 0.000215814 0.00390579 0.0196835 0.958918 0.0172754 
2.13521e-09 1.0007e-07 2.02302e-06 0.000250714 0.00360051 0.0215725 0.943765 0.0228096 0.00729323 0.000706272 
1.82197e-16 5.55557e-14 1.2159e-11 2.75277e-09 2.29375e-07 4.21178e-05 0.00122369 0.00836984 0.0259964 0.964368 
3.38875e-16 7.56947e-14 1.15625e-11 2.93009e-09 1.7642e-07 3.35293e-05 0.000218616 0.00396391 0.967441 0.0283425 
3.35104e-18 4.87212e-16 1.35215e-14 1.97333e-12 2.06431e-10 4.42239e-08 5.76242e-05 0.000634396 0.00588059 0.993427 
6.25311e-17 1.02094e-14 5.84056e-13 1.47259e-10 3.99757e-09 2.01866e-07 9.5419e-06 0.000255618 0.000850347 0.998884 
8.37608e-14 7.26966e-12 4.91935e-10 1.82619e-08 2.87249e-07 4.5642e-05 0.000291997 0.00416659 0.0193933 0.976102 
3.23186e-16 6.9524e-14 1.0533e-11 2.57017e-09 1.66961e-07 3.27334e-05 0.000182029 0.00226207 0.0106946 0.986828 
7.9222e-10 1.0831e-07 1.91866e-06 0.000223964 0.00882355 0.912973 0.0408963 0.024663 0.0108251 0.00159266 
8.97445e-13 8.55267e-11 4.78312e-09 1.85886e-07 4.21112e-05 0.00176207 0.483574 0.488231 0.0183897 0.00800189 
4.85425e-10 8.36048e-08 1.13031e-06 9.03391e-05 0.00158691 0.0113015 0.0233213 0.0298228 0.930853 0.00302326 
9.81888e-13 9.0055e-11 5.38612e-09 1.90234e-07 2.19822e-06 0.000340015 0.00739699 0.949233 0.0304789 0.0125487 
2.17315e-10 1.10524e-08 2.47894e-07 6.15681e-05 0.000518639 0.00332029 0.0151999 0.942813 0.0306224 0.00746369 
2.9994e-10 6.19787e-08 1.07169e-05 0.000238896 0.00348773 0.159915 0.514132 0.306721 0.0134748 0.00202023 
3.673e-08 2.28533e-06 5.84453e-05 0.00111908 0.00510695 0.0199306 0.038063 0.925372 0.00991988 0.000427412 
6.97239e-17 3.15715e-14 9.48929e-12 2.25129e-09 1.79046e-07 3.82219e-05 0.000218381 0.0017904 0.0110024 0.98695 
3.49681e-06 0.000161674 0.00125928 0.0126148 0.902475 0.0496276 0.0232817 0.0074492 0.00306333 6.39803e-05 
3.14501e-16 6.07346e-14 6.06986e-12 1.89148e-09 6.2528e-08 4.46103e-06 0.000189706 0.00450326 0.0202249 0.975078 
2.22705e-09 1.12147e-07 2.23498e-06 0.000288364 0.00240819 0.0129989 0.0279827 0.0320142 0.921275 0.00303067 
4.95846e-33 1.16207e-29 2.62868e-25 8.26052e-23 7.74413e-19 7.38258e-17 7.24314e-11 4.96218e-09 6.41531e-05 0.999936 
7.63319e-17 2.18662e-14 4.58305e-12 1.12304e-09 8.26154e-08 1.64778e-05 0.000257661 0.0043835 0.772103 0.223239 
1.38652e-39 9.57017e-36 6.57931e-32 4.18606e-28 5.10271e-24 6.03111e-20 5.37252e-15 2.80715e-10 9.93939e-06 0.99999 
6.2444e-10 6.78326e-08 1.46661e-06 0.000235203 0.00190214 0.0108178 0.0295763 0.937166 0.0189653 0.00133631 
2.3346e-10 3.04936e-09 1.21645e-07 1.77013e-05 0.000139061 0.0033636 0.114242 0.0230167 0.682731 0.17649 
2.44279e-16 4.52963e-14 4.27621e-12 1.25169e-09 3.92107e-08 3.81742e-06 6.04919e-05 0.00049067 0.00201786 0.997427 
1.65137e-12 1.51941e-10 9.54883e-09 7.29372e-06 3.05364e-06 0.000177002 0.00149101 0.00523481 0.0147807 0.978306 
1.23459e-08 7.24864e-07 2.66509e-05 0.000665046 0.00452026 0.0227954 0.946066 0.0209302 0.00471993 0.000275821 
4.80336e-16 1.05455e-13 1.60909e-11 4.18969e-09 2.39533e-07 4.36646e-05 0.000365776 0.00340495 0.0169555 0.97923 
1.38902e-11 9.33509e-10 4.67737e-08 2.28418e-05 1.1769e-05 0.00133694 0.011526 0.946614 0.0308685 0.00962005 
2.53244e-09 2.72751e-07 2.3084e-05 0.000781622 0.00696178 0.0250135 0.0453907 0.902246 0.0145603 0.00502229 
1.98389e-12 1.76801e-10 1.07528e-08 3.43927e-07 2.32014e-06 0.000285231 0.00175716 0.00687357 0.019679 0.971402 
2.27085e-09 2.03381e-07 5.44783e-06 0.00098053 0.0116188 0.913455 0.0459942 0.0218122 0.00558051 0.000553226 
4.08406e-11 2.42245e-09 1.29917e-07 2.00179e-05 0.00012115 0.00219601 0.00946438 0.935715 0.0394223 0.0130613 
2.15706e-09 1.22712e-07 3.91264e-06 0.000646609 0.0126094 0.910795 0.0448541 0.0224207 0.00787855 0.000791235 
2.99986e-12 2.3752e-10 1.27154e-08 1.74147e-05 7.7897e-06 0.000680626 0.00731269 0.487896 0.493818 0.0102675 
2.10315e-17 3.06084e-15 1.02559e-13 1.45519e-11 6.17452e-10 5.45493e-08 3.59949e-05 0.000225896 0.00203641 0.997702 
3.25476e-16 5.81047e-14 4.90076e-12 1.40599e-09 4.29367e-08 4.07126e-06 8.39649e-05 0.00145962 0.00826719 0.990185 
0.000133306 0.00222922 0.0166969 0.0316058 0.0626897 0.878207 0.00759686 0.000824873 1.56399e-05 6.10619e-07 
7.35493e-15 1.07655e-12 2.64289e-11 4.11783e-09 1.99052e-07 5.86836e-05 0.000369725 0.00601253 0.0208706 0.972688 
1.79678e-09 1.13801e-07 2.23202e-06 0.000258978 0.00431846 0.0258977 0.934634 0.0266998 0.0074702 0.000718442 
1.28674e-16 4.31768e-14 1.10893e-11 2.56371e-09 1.86332e-07 3.64777e-05 0.000291014 0.00240862 0.0134836 0.98378 
1.52165e-21 1.37821e-18 1.11377e-15 2.02584e-13 1.86554e-11 3.88695e-09 9.93353e-06 0.000154396 0.00269116 0.997145 
2.52348e-13 4.88561e-11 1.97465e-09 4.41647e-07 9.55995e-06 0.00124477 0.00850594 0.948705 0.0293695 0.0121643 
1.23329e-16 2.92276e-14 5.44613e-12 1.31466e-09 9.32875e-08 1.91252e-05 0.000115036 0.00180243 0.967758 0.0303051 
4.11325e-06 0.000211357 0.00178862 0.0197887 0.905341 0.0524232 0.0170639 0.00315077 0.00022285 5.32849e-06 
5.79915e-10 5.96155e-08 1.31374e-06 0.000173905 0.00248885 0.0196286 0.928949 0.0345472 0.0110918 0.00311897 
7.46626e-18 2.07785e-15 3.87716e-13 9.16383e-11 6.84704e-09 1.4393e-06 7.59437e-05 0.000681418 0.00654403 0.992697 
2.73176e-13 2.75431e-11 1.18248e-09 4.66051e-08 7.37816e-07 0.000134389 0.00249131 0.0131625 0.970572 0.0136395 
3.53186e-16 8.34293e-14 1.29936e-11 3.17694e-09 2.00768e-07 3.87014e-05 0.000321031 0.00425919 0.0188075 0.976573 
1.84002e-12 1.66169e-10 9.8341e-09 3.17565e-07 2.21835e-06 0.000261707 0.00345667 0.0136682 0.0308232 0.951788 
4.38546e-12 3.09981e-10 1.65503e-08 5.3072e-07 3.05032e-06 0.000479764 0.00854987 0.941257 0.0341065 0.0156032 
2.72691e-18 7.71973e-16 6.60436e-14 1.43136e-11 9.23834e-10 1.80856e-07 1.49098e-05 0.000359383 0.00301491 0.996611 
1.3362e-16 2.31345e-14 2.02079e-12 5.20972e-10 2.24468e-08 3.28853e-06 1.76564e-05 0.000383987 0.00165791 0.997937 
7.15156e-15 1.06583e-12 3.33256e-11 6.21547e-09 3.5274e-07 6.33093e-05 0.000954373 0.00842275 0.965884 0.0246747 
3.04806e-05 0.00173526 0.0176415 0.837175 0.108139 0.0258677 0.00827686 0.00109754 3.64571e-05 1.00229e-06 
6.95213e-22 7.07654e-19 5.50193e-16 9.97152e-14 1.05592e-11 3.93791e-09 3.11933e-07 6.96971e-05 0.000486925 0.999443 
1.70153e-12 1.4705e-10 9.70495e-09 3.02996e-07 1.71215e-06 0.000140304 0.00088401 0.00675973 0.897236 0.0949776 
2.2308e-12 3.364e-10 8.92227e-08 1.53644e-05 0.000770544 0.00758768 0.0237999 0.934004 0.025955 0.00786751 
2.13165e-09 6.80709e-08 1.38827e-06 0.000225694 0.00247976 0.018183 0.936367 0.0259642 0.0131601 0.00361892 
3.46888e-08 2.0564e-06 5.66182e-05 0.000750849 0.00515075 0.026421 0.945999 0.0180489 0.00336202 0.000208909 
5.29834e-05 0.000410171 0.00408394 0.0283676 0.901988 0.0517578 0.0111008 0.00122903 0.00100662 2.90542e-06 
5.85121e-17 2.59755e-14 7.58092e-12 1.79809e-09 1.42827e-07 3.04836e-05 0.000104046 0.00116169 0.0563684 0.942335 
1.20238e-12 9.0744e-11 5.18335e-09 4.2905e-06 1.21778e-06 0.00010279 0.00143582 0.00663659 0.985637 0.00618225 
1.97219e-05 0.000968279 0.00594609 0.035612 0.894329 0.0534102 0.00859295 0.00109837 2.25762e-05 4.35385e-07 
2.856e-17 1.24811e-14 3.59261e-12 8.51616e-10 6.75889e-08 1.44397e-05 9.60647e-05 0.00112711 0.00693227 0.99183 
0.000119791 0.00459246 0.0210385 0.898459 0.0583581 0.0159465 0.0014324 5.30484e-05 3.92343e-07 6.93407e-09 
2.50856e-13 2.20539e-11 1.40122e-09 4.599e-08 3.30513e-07 4.3201e-05 0.000415795 0.00399031 0.0184926 0.977058 
4.10934e-10 6.39346e-08 7.87017e-07 4.84642e-05 0.000617082 0.00951169 0.930825 0.0355644 0.0204301 0.00300252 
5.85417e-10 8.27604e-08 2.48918e-06 0.000314542 0.0104238 0.919215 0.0337346 0.0218997 0.0122724 0.00213776 
4.22903e-16 7.29944e-14 5.30438e-12 1.48892e-09 4.11709e-08 3.07416e-06 7.14898e-05 0.00192644 0.00898477 0.989014 
0.000215602 0.00338579 0.0237707 0.0353 0.89173 0.0385918 0.00606309 0.000930681 1.23774e-05 1.17284e-07 
9.96215e-06 0.000612588 0.00586688 0.0368696 0.880171 0.0622551 0.0125723 0.00153409 0.000106952 1.65662e-06 
7.08389e-13 6.33332e-11 3.87353e-09 1.27939e-07 1.03543e-06 9.19171e-05 0.00116548 0.286382 0.0173753 0.694985 
6.91534e-16 1.1568e-13 1.01615e-11 2.33445e-09 1.30066e-07 2.24044e-05 0.000835526 0.11139 0.873813 0.0139393 
0.000138688 0.00804962 0.734096 0.120748 0.118869 0.0137853 0.00365255 0.00063572 2.3896e-05 4.76424e-07 
1.78332e-14 2.52285e-12 4.29778e-11 4.75025e-09 1.75175e-07 9.59117e-06 0.00123484 0.00908775 0.975318 0.0143494 
3.50816e-16 6.2246e-14 5.15393e-12 1.48228e-09 4.42473e-08 4.08348e-06 7.61759e-05 0.00174009 0.00729294 0.990887 
1.80068e-05 0.00139615 0.0110687 0.739376 0.215947 0.0264154 0.00518245 0.000579898 1.61741e-05 3.90575e-07 
5.03511e-08 3.61856e-06 9.77248e-05 0.0035888 0.0173105 0.782456 0.101904 0.0926809 0.00195037 8.08212e-06 
6.60361e-13 2.86681e-10 2.53172e-09 1.77574e-07 1.1103e-05 0.000466558 0.168015 0.0138169 0.809162 0.00852804 
2.69009e-05 0.00084998 0.0058086 0.0187802 0.0551518 0.901982 0.0159505 0.00132301 0.000126101 1.15482e-06 
2.5521e-12 1.95226e-10 1.06094e-08 3.48156e-07 3.69381e-06 0.000347022 0.00211093 0.00716155 0.964904 0.025472 
9.01694e-27 9.49903e-24 4.0197e-20 8.87935e-18 1.77234e-14 2.40982e-12 2.94284e-06 2.60233e-05 0.000544878 0.999426 
8.19034e-12 5.59379e-10 2.90884e-08 2.09737e-06 3.75114e-06 0.000448305 0.00495242 0.935074 0.0428118 0.0167071 
4.90949e-16 1.01526e-13 1.38862e-11 3.59385e-09 1.97498e-07 3.54455e-05 0.000160706 0.00230733 0.0106151 0.986881 
9.84394e-13 8.85816e-11 5.26245e-09 1.70162e-07 1.35443e-06 0.00021127 0.00175645 0.00931676 0.0273403 0.961374 
5.85874e-16 1.02925e-13 8.91589e-12 2.49588e-09 7.92324e-08 8.02922e-06 0.000111573 0.00265408 0.0133555 0.983871 
8.78562e-17 1.99171e-14 2.8885e-12 8.36447e-10 3.52257e-08 5.30607e-06 5.57975e-05 0.000802189 0.00613394 0.993003 
2.34319e-08 1.25436e-06 1.41441e-05 0.000525724 0.0036573 0.0109513 0.026889 0.939537 0.0165099 0.00191454 
1.16679e-09 1.03226e-08 3.21614e-07 4.87809e-05 0.00028202 0.0046224 0.0153287 0.0382194 0.937579 0.00391949 
9.9245e-15 1.52086e-12 3.35084e-11 4.27511e-09 2.05226e-07 8.554e-05 0.000363962 0.00433199 0.0173679 0.97785 
1.75337e-13 1.51573e-11 1.01018e-09 3.31487e-08 2.33192e-07 1.92449e-05 0.000587697 0.00837951 0.970943 0.0200703 
1.21487e-29 1.35815e-26 8.45166e-23 1.97529e-20 7.04153e-17 2.62528e-14 4.13835e-09 7.81703e-07 0.000260906 0.999738 
2.76382e-15 1.05349e-12 1.90028e-11 3.53698e-09 9.84135e-08 5.59681e-06 0.000561144 0.00498928 0.02067 0.973774 
2.84501e-08 1.61327e-06 4.51223e-05 0.000889921 0.00410102 0.0168332 0.037226 0.932512 0.00805455 0.000336323 
3.57617e-14 3.12546e-12 2.14772e-10 9.21265e-09 2.08809e-07 3.61664e-05 0.000331207 0.00456972 0.0212412 0.973822 
9.07886e-10 6.01547e-08 8.9337e-07 0.000114932 0.00101801 0.00687758 0.0213527 0.947966 0.0208961 0.00177389 
1.36205e-16 3.58309e-14 6.73763e-12 1.64331e-09 1.14151e-07 2.32841e-05 0.000134314 0.00216655 0.0126577 0.985018 
7.12811e-22 6.81104e-19 7.73588e-16 1.39149e-13 1.78296e-11 6.14655e-09 1.97242e-05 0.000249855 0.00192203 0.997808 
4.27471e-13 5.5643e-11 2.41164e-09 3.32739e-07 6.40992e-06 0.00103443 0.0076724 0.955838 0.0254029 0.010046 
5.93455e-16 1.33164e-13 2.08813e-11 5.36179e-09 3.15224e-07 5.9238e-05 0.000194867 0.00293137 0.0140632 0.982751 
9.2379e-06 0.000427621 0.00252789 0.02643 0.896619 0.0495537 0.0163903 0.00554332 0.00244483 5.46394e-05 
1.67084e-12 1.88189e-10 1.33627e-08 8.06455e-07 8.12403e-05 0.00297082 0.478736 0.0218715 0.488667 0.00767281 
4.39097e-19 9.68795e-17 6.93792e-15 1.52869e-12 1.01251e-10 2.08945e-08 1.8038e-06 0.000133566 0.00154572 0.998319 
0.000481722 0.0152517 0.869534 0.0680874 0.034849 0.00892845 0.00235418 0.000510948 2.40487e-06 2.89094e-08 
0.000157191 0.00375933 0.0283532 0.496208 0.462961 0.00629236 0.00165058 0.000614799 2.90126e-06 3.25796e-08 
3.86547e-10 7.21477e-08 1.89491e-06 0.000970089 0.895714 0.0356206 0.0294617 0.0188315 0.0130434 0.00635719 
6.45094e-15 1.02089e-12 1.70224e-11 1.9537e-09 6.45138e-08 5.39542e-06 0.000224188 0.00227593 0.41019 0.587304 
6.74016e-12 5.66737e-10 3.75023e-08 1.65623e-05 9.41257e-05 0.00455938 0.948307 0.0283115 0.0165554 0.00215592 
