36289
0.000115719 0.179423 0.800835 0.0194193 0.000205695 1.09382e-06 3.00097e-07 1.50174e-07 6.68787e-08 2.60144e-09 
2.1223e-19 9.7508e-17 1.45624e-13 4.11749e-10 2.81236e-07 0.000772991 0.971628 0.0233464 0.00424721 5.48356e-06 
0.00925741 0.935926 0.0475845 0.00714533 8.67206e-05 2.58767e-07 6.80948e-09 3.22902e-09 1.43793e-09 5.59323e-11 
1.55654e-07 3.93843e-05 0.0115986 0.96402 0.0233985 0.000908215 3.52086e-05 2.33846e-08 2.42744e-10 6.42887e-12 
7.53865e-22 4.39927e-19 1.09218e-15 5.1915e-12 8.95989e-09 4.15896e-06 0.0060411 0.987977 0.00597112 6.80559e-06 
2.73264e-30 5.04155e-27 2.31181e-23 1.24388e-19 8.36635e-16 2.80811e-12 2.25293e-08 0.000139677 0.498611 0.501249 
6.12006e-05 0.0102687 0.0660451 0.919058 0.00453552 3.06564e-05 3.49195e-07 1.38076e-07 6.14541e-08 2.39042e-09 
3.79819e-05 0.00556671 0.906022 0.0784662 0.00984072 6.6337e-05 3.77494e-07 1.17706e-07 5.23618e-08 2.03673e-09 
1.3264e-12 6.69667e-10 8.34833e-07 0.00103463 0.0143706 0.979461 0.00511325 2.00545e-05 1.25325e-07 2.75616e-11 
8.30747e-26 5.59123e-23 1.74185e-19 9.1857e-16 4.1331e-12 9.73996e-09 4.03707e-05 0.00431877 0.992632 0.00300919 
6.76791e-18 3.62085e-15 1.01995e-11 5.10443e-08 8.91335e-05 0.00441874 0.99097 0.00448094 4.14648e-05 1.22877e-08 
6.739e-22 3.93573e-19 9.71667e-16 4.60308e-12 7.91252e-09 3.69108e-06 0.00492667 0.990454 0.00460954 5.84557e-06 
3.33376e-14 2.2309e-11 9.76362e-08 0.000487463 0.959776 0.03549 0.00423168 1.48742e-05 1.11572e-07 2.3188e-11 
2.02779e-12 1.1027e-09 1.2352e-06 0.00123151 0.0193769 0.974731 0.00463354 2.53906e-05 1.38079e-07 3.17851e-11 
3.06033e-30 5.66567e-27 2.58947e-23 1.38944e-19 9.31018e-16 3.0634e-12 1.6152e-08 4.59859e-05 0.00202877 0.997925 
6.46795e-22 3.75687e-19 9.30143e-16 4.42565e-12 7.49024e-09 2.88899e-06 0.00262778 0.0131375 0.983394 0.000837751 
3.13632e-14 1.2592e-11 1.93496e-08 3.89692e-05 0.00532787 0.0279706 0.96408 0.00254215 4.02044e-05 7.72336e-09 
5.72783e-26 3.76388e-23 1.11957e-19 5.79781e-16 2.43825e-12 5.58945e-09 2.30474e-05 0.00275513 0.995318 0.00190429 
2.01453e-30 3.69237e-27 1.69023e-23 9.08691e-20 6.09072e-16 2.00268e-12 1.06656e-08 3.01967e-05 0.00195628 0.998014 
5.22933e-14 2.14585e-11 3.62638e-08 7.06753e-05 0.0105455 0.983386 0.00597024 2.7285e-05 1.59438e-07 3.51357e-11 
1.96188e-31 3.5528e-28 1.59223e-24 8.46268e-21 5.60589e-17 1.81262e-13 8.25957e-10 2.37628e-06 0.000706706 0.999291 
2.6353e-27 2.96244e-24 1.61811e-20 9.97671e-17 6.83115e-13 1.88455e-09 8.33408e-06 0.00173864 0.993427 0.00482599 
8.81024e-18 4.63383e-15 1.2212e-11 5.88843e-08 0.00012524 0.952935 0.0412362 0.00564304 6.07767e-05 1.61674e-08 
9.67033e-08 2.3299e-05 0.00617093 0.0407151 0.945544 0.00752315 2.37974e-05 2.22027e-08 2.51381e-10 4.07938e-12 
1.08462e-07 2.80107e-05 0.00922886 0.968183 0.0203214 0.0021968 4.21255e-05 3.68697e-08 2.87804e-10 4.28297e-12 
5.91299e-18 3.27063e-15 1.07251e-11 5.73076e-08 0.00010731 0.00351079 0.0340672 0.961212 0.0011008 1.5977e-06 
1.48657e-32 2.25542e-29 1.2561e-25 7.61304e-22 5.57097e-18 2.08507e-14 2.29949e-10 6.54267e-07 0.000538828 0.999461 
7.48132e-11 2.48152e-08 0.000117944 0.0078768 0.968323 0.0219507 0.00172667 5.18298e-06 5.56832e-08 1.49998e-11 
1.23005e-30 2.17447e-27 1.023e-23 5.60977e-20 3.81715e-16 1.29982e-12 8.90679e-09 2.53542e-05 0.0025159 0.997459 
1.74213e-07 4.24726e-05 0.0119522 0.975258 0.0126789 6.84132e-05 1.54745e-07 5.41848e-10 1.77625e-10 6.86985e-12 
9.61875e-32 1.89102e-28 9.18074e-25 5.07267e-21 3.5146e-17 1.23799e-13 9.3753e-10 2.73052e-06 0.000293986 0.999703 
0.000168783 0.0918976 0.807062 0.100088 0.00078032 3.26679e-06 7.89623e-08 3.70026e-08 1.64772e-08 6.40927e-10 
6.05058e-25 3.62911e-22 1.00963e-18 5.06453e-15 1.14209e-11 1.25455e-08 5.40014e-05 0.00345137 0.994122 0.00237284 
1.96866e-17 9.30402e-15 1.97127e-11 9.84776e-08 0.000131225 0.00478361 0.988752 0.00613007 0.000203099 3.80091e-07 
3.32521e-30 6.09064e-27 2.8015e-23 1.51058e-19 1.01545e-15 3.3612e-12 1.88028e-08 5.33472e-05 0.00247789 0.997469 
1.02326e-25 6.70963e-23 1.98905e-19 1.02824e-15 4.27868e-12 9.73059e-09 5.11199e-05 0.00573306 0.991275 0.00294053 
4.2397e-22 2.48508e-19 6.158e-16 2.91552e-12 5.06975e-09 2.50819e-06 0.00324797 0.982597 0.0134478 0.000705222 
2.75972e-14 1.14951e-11 1.77924e-08 3.8673e-05 0.00523797 0.980232 0.0134279 0.00105015 1.2958e-05 1.73021e-09 
9.33211e-06 0.0026458 0.911782 0.0742742 0.0112349 5.41294e-05 1.15647e-07 9.26105e-10 3.68661e-10 1.43099e-11 
1.93975e-07 4.84495e-05 0.0142902 0.971344 0.014241 7.63487e-05 1.58983e-07 6.05383e-10 2.06934e-10 8.0054e-12 
4.28866e-22 2.50294e-19 6.16063e-16 2.91435e-12 4.98506e-09 2.28701e-06 0.00334537 0.993578 0.00307013 3.74852e-06 
2.80131e-22 1.60494e-19 3.66167e-16 1.68194e-12 2.66817e-09 1.24718e-06 0.00127103 0.00860256 0.989021 0.00110424 
7.71061e-11 2.64956e-08 0.000103694 0.00957162 0.982533 0.00775078 4.03463e-05 5.18026e-08 3.19499e-10 6.83444e-14 
3.48495e-26 2.21563e-23 6.097e-20 3.04863e-16 1.12107e-12 2.43375e-09 9.96926e-06 0.00217562 0.992733 0.00508177 
1.2833e-10 4.23146e-08 0.000164965 0.0130166 0.975812 0.0109336 7.25061e-05 8.7539e-08 5.25369e-10 1.12405e-13 
5.12325e-22 2.98533e-19 7.27555e-16 3.42779e-12 5.85419e-09 2.87362e-06 0.00433168 0.990339 0.00523048 9.6141e-05 
3.41216e-10 1.11437e-07 0.000180345 0.0138883 0.975061 0.0108 7.03311e-05 8.09701e-08 4.56416e-10 1.12272e-13 
1.05803e-10 3.54909e-08 0.00013949 0.0106332 0.0596754 0.92884 0.000712029 2.88522e-07 5.42363e-10 1.30926e-13 
4.06875e-22 2.37416e-19 5.84157e-16 2.761e-12 4.70173e-09 2.06622e-06 0.00304015 0.989719 0.00680653 0.000431785 
8.33085e-18 4.43977e-15 1.26689e-11 6.36272e-08 0.00011215 0.00429585 0.991057 0.00449313 4.18721e-05 1.31238e-08 
5.88656e-24 3.66631e-21 1.16187e-17 5.97587e-14 1.18619e-10 4.08332e-08 7.31525e-05 0.00489713 0.991759 0.00327042 
0.00683151 0.0526853 0.929515 0.0108979 6.92345e-05 6.55267e-07 2.65994e-07 1.33341e-07 5.93824e-08 2.30985e-09 
8.41721e-26 5.64971e-23 1.75563e-19 9.24933e-16 4.12343e-12 9.64019e-09 3.9712e-05 0.00366741 0.993683 0.00261001 
7.22429e-23 4.21971e-20 1.11083e-16 5.43028e-13 9.51226e-10 2.98943e-07 0.000275697 0.00509931 0.991648 0.00297685 
4.16184e-26 2.94849e-23 1.01983e-19 5.58709e-16 2.78145e-12 6.75962e-09 2.82738e-05 0.00195029 0.0105962 0.987425 
1.84321e-30 3.28656e-27 1.53711e-23 8.39125e-20 5.68258e-16 1.89702e-12 1.17779e-08 3.28995e-05 0.00219116 0.997776 
4.41565e-22 2.58118e-19 6.33349e-16 2.9896e-12 5.18328e-09 2.74475e-06 0.00442235 0.991022 0.00454874 4.65355e-06 
8.30691e-27 5.65678e-24 1.79655e-20 9.53125e-17 4.37674e-13 1.02859e-09 4.20702e-06 0.000300419 0.00340896 0.996286 
4.74892e-22 2.77871e-19 7.017e-16 3.35948e-12 5.86986e-09 2.65897e-06 0.0039277 0.992267 0.0037983 4.37833e-06 
3.95498e-26 2.62805e-23 7.98029e-20 4.16327e-16 1.79784e-12 4.17637e-09 1.72662e-05 0.00241444 0.995865 0.00170283 
3.17621e-11 1.10257e-08 3.70336e-05 0.00514756 0.969667 0.0231112 0.00202481 1.20737e-05 6.43524e-08 1.23255e-11 
0.00156458 0.0256486 0.957354 0.0152535 0.000178002 8.56824e-07 2.05479e-07 1.0277e-07 4.57676e-08 1.78027e-09 
3.17645e-26 2.25676e-23 7.67307e-20 4.17797e-16 2.11792e-12 5.18074e-09 2.13855e-05 0.000802366 0.0053418 0.993834 
4.64317e-18 2.53741e-15 7.75334e-12 4.01076e-08 7.34008e-05 0.00365312 0.97677 0.0187129 0.000789702 1.35747e-06 
2.80204e-14 1.18453e-11 1.82638e-08 3.8011e-05 0.0076822 0.987782 0.00448416 1.34977e-05 9.39606e-08 1.97602e-11 
1.71639e-18 8.75624e-16 2.30935e-12 1.08054e-08 1.81418e-05 0.00103362 0.985781 0.011478 0.00168727 2.03835e-06 
6.46991e-15 2.40152e-12 4.41458e-09 8.15784e-06 0.00222825 0.966231 0.0270888 0.00438441 5.92477e-05 1.51224e-08 
3.67598e-30 6.77825e-27 3.10374e-23 1.66793e-19 1.11863e-15 3.68406e-12 1.96931e-08 5.59282e-05 0.00297214 0.996972 
2.25904e-22 1.29772e-19 3.41062e-16 1.68314e-12 2.90846e-09 7.64939e-07 0.000842692 0.9775 0.0192145 0.00244162 
5.97112e-26 3.91189e-23 1.14158e-19 5.85579e-16 2.42569e-12 5.55187e-09 2.26134e-05 0.00284496 0.982209 0.0149231 
6.51659e-26 4.36399e-23 1.35046e-19 7.10106e-16 3.1401e-12 7.27212e-09 2.95244e-05 0.00157758 0.00740325 0.99099 
6.53283e-26 4.24936e-23 1.24445e-19 6.40406e-16 2.59708e-12 5.85797e-09 2.40873e-05 0.00271422 0.014347 0.982915 
4.21574e-18 2.24707e-15 6.37131e-12 3.19078e-08 5.61535e-05 0.00276839 0.994493 0.00265792 2.4273e-05 7.16476e-09 
3.83115e-22 2.24792e-19 5.92709e-16 2.92173e-12 5.99736e-09 8.06959e-06 0.965631 0.0304761 0.00388072 4.03259e-06 
6.38852e-19 4.32874e-16 2.2461e-12 1.3292e-08 2.84147e-05 0.00213862 0.980455 0.0149122 0.00246159 3.704e-06 
0.00677894 0.902782 0.0801845 0.0101817 7.17729e-05 4.93868e-07 1.54034e-07 7.70975e-08 3.43348e-08 1.33555e-09 
6.68224e-36 2.69833e-32 3.30426e-28 3.33769e-24 5.28257e-20 5.0566e-16 1.42255e-11 8.99292e-08 0.000912185 0.999088 
3.82622e-14 1.58007e-11 2.57847e-08 5.2386e-05 0.00883276 0.986002 0.00509161 2.0821e-05 1.19194e-07 2.62667e-11 
1.37734e-17 6.9727e-15 2.10793e-11 1.04796e-07 0.000157116 0.00536591 0.988959 0.00547754 3.98563e-05 1.53835e-08 
8.80791e-18 4.71841e-15 1.36713e-11 6.90326e-08 0.000122467 0.0046965 0.990209 0.00492491 4.72224e-05 1.43123e-08 
7.86284e-22 4.57682e-19 1.14956e-15 5.50092e-12 9.39963e-09 3.51586e-06 0.00402997 0.981049 0.0135468 0.00137053 
2.89475e-30 5.33586e-27 2.45414e-23 1.32243e-19 8.89356e-16 2.9491e-12 1.65449e-08 4.71778e-05 0.00273066 0.997222 
9.74398e-44 4.46005e-39 5.01524e-34 2.09785e-29 2.82995e-24 3.26451e-19 9.53473e-14 2.89432e-09 0.000271394 0.999729 
1.25594e-18 6.57603e-16 1.90387e-12 9.47284e-09 1.71844e-05 0.00174006 0.976962 0.0180733 0.00320212 4.9703e-06 
2.14268e-30 3.96036e-27 1.82725e-23 9.86272e-20 6.65007e-16 2.22677e-12 1.31705e-08 3.7937e-05 0.00243314 0.997529 
7.76546e-17 3.15261e-14 7.12677e-11 1.57088e-07 0.000217677 0.00544336 0.989505 0.00478968 4.41275e-05 1.409e-08 
1.88145e-29 1.48982e-26 4.59851e-23 2.41584e-19 1.58819e-15 7.36449e-12 8.74979e-08 0.000270256 0.00375866 0.995971 
9.62608e-11 3.28506e-08 0.000110273 0.0114005 0.979245 0.00920229 4.17147e-05 5.80231e-08 3.85325e-10 8.1892e-14 
9.53237e-26 6.24297e-23 1.85066e-19 9.56654e-16 3.95882e-12 8.96872e-09 3.66529e-05 0.00392201 0.993257 0.00278407 
4.47548e-30 8.22466e-27 3.77e-23 2.02785e-19 1.36031e-15 4.47722e-12 2.40287e-08 6.79808e-05 0.00273878 0.997193 
8.42964e-26 5.59119e-23 1.69104e-19 8.81207e-16 3.80149e-12 8.76651e-09 3.58542e-05 0.00331822 0.994326 0.00232007 
4.29135e-31 7.81953e-28 3.67943e-24 2.01156e-20 1.3683e-16 4.60102e-13 2.93493e-09 8.29885e-06 0.00141005 0.998582 
0.0473053 0.93736 0.0152377 9.6483e-05 6.97962e-07 5.05266e-09 1.78482e-09 8.94287e-10 3.98265e-10 1.54917e-11 
3.62963e-14 1.49381e-11 2.56061e-08 4.38681e-05 0.00717783 0.970591 0.0219113 0.000275704 1.26868e-07 2.66955e-11 
4.19989e-22 2.44246e-19 6.16732e-16 2.96387e-12 5.14847e-09 2.19795e-06 0.00328118 0.993679 0.00303416 3.42529e-06 
4.00754e-22 2.39911e-19 6.89423e-16 5.19088e-12 6.6869e-08 0.000442064 0.965771 0.0286135 0.00516715 5.81043e-06 
8.94213e-27 5.36907e-24 1.27129e-20 5.87867e-17 1.38611e-13 2.16322e-10 7.77412e-07 0.00023951 0.00308476 0.996675 
5.34046e-22 3.11096e-19 7.47577e-16 3.49375e-12 5.93982e-09 3.10557e-06 0.00468995 0.985543 0.00935541 0.000408692 
3.56725e-14 1.4747e-11 2.46018e-08 4.78831e-05 0.00841725 0.986712 0.00480395 1.8782e-05 1.1037e-07 2.43584e-11 
3.06363e-30 5.6522e-27 2.58637e-23 1.38941e-19 9.33147e-16 3.17186e-12 3.201e-08 0.000221471 0.00503321 0.994745 
1.44781e-18 7.86153e-16 2.02571e-12 9.90855e-09 1.67733e-05 0.00268477 0.974449 0.0195585 0.00328612 4.72526e-06 
4.15498e-30 7.66123e-27 3.51646e-23 1.89245e-19 1.27101e-15 4.1989e-12 2.29816e-08 6.53397e-05 0.00318662 0.996748 
1.44649e-26 1.04882e-23 3.70078e-20 2.03867e-16 1.05791e-12 2.64303e-09 1.1387e-05 0.00199699 0.990974 0.00701784 
6.22914e-06 0.00255566 0.918174 0.0681381 0.0110604 6.56354e-05 1.42531e-07 9.6254e-10 3.71147e-10 1.44072e-11 
4.16404e-30 7.93364e-27 3.96879e-23 2.36348e-19 2.01817e-15 1.12261e-11 1.77596e-07 0.000748812 0.988077 0.0111745 
3.97039e-22 2.3327e-19 5.52335e-16 2.54933e-12 4.3726e-09 2.75652e-06 0.00452242 0.99102 0.00445045 4.7578e-06 
0.0680858 0.916864 0.0149638 8.59726e-05 4.32372e-07 4.29041e-09 1.71973e-09 8.62022e-10 3.83896e-10 1.49328e-11 
4.97299e-14 2.05721e-11 3.38858e-08 6.61269e-05 0.0100654 0.984104 0.00573847 2.53777e-05 1.5564e-07 3.39392e-11 
3.67137e-15 1.44554e-12 5.25293e-09 1.38206e-06 0.000641704 0.00693007 0.987436 0.00493845 5.26453e-05 1.41343e-08 
1.99232e-30 3.71683e-27 1.69598e-23 9.08285e-20 6.07319e-16 1.97096e-12 9.46169e-09 2.64319e-05 0.00178359 0.99819 
4.89107e-22 2.84261e-19 7.58497e-16 3.74444e-12 6.64726e-09 2.2051e-06 0.00262592 0.0178348 0.978296 0.00124096 
1.29596e-07 3.26933e-05 0.0112298 0.955842 0.0296688 0.00321663 9.97612e-06 1.04152e-08 2.01054e-10 5.16849e-12 
3.2023e-18 1.68665e-15 4.33296e-12 2.09528e-08 3.47041e-05 0.00293622 0.994299 0.00271367 1.5942e-05 5.78207e-09 
2.9217e-22 1.71576e-19 4.48072e-16 2.1776e-12 3.9109e-09 1.80413e-06 0.00338021 0.992989 0.00362546 3.37841e-06 
1.09026e-17 5.85137e-15 1.70012e-11 8.61202e-08 0.000153024 0.00559132 0.988251 0.00594403 6.06893e-05 1.83484e-08 
3.78885e-30 7.03254e-27 3.35972e-23 1.926e-19 1.52846e-15 7.53126e-12 1.32654e-07 0.000691974 0.979813 0.0194949 
5.10101e-14 2.09098e-11 3.67416e-08 0.000105611 0.0123406 0.981152 0.00637378 2.80733e-05 1.49739e-07 3.32778e-11 
0.0178275 0.960589 0.0214454 0.000137548 8.01667e-07 7.10859e-09 2.73331e-09 1.3699e-09 6.10076e-10 2.37307e-11 
1.4458e-28 2.72419e-25 1.83552e-21 1.15722e-17 8.23493e-14 2.18009e-10 9.53655e-07 0.000505237 0.988715 0.0107785 
4.57647e-22 2.67091e-19 6.65359e-16 3.19106e-12 6.12019e-09 2.80984e-05 0.0119449 0.984706 0.00331716 3.81107e-06 
6.26972e-05 0.0114093 0.976836 0.0115895 0.000101911 6.12812e-07 1.83483e-07 9.18609e-08 4.09096e-08 1.5913e-09 
1.02503e-14 4.27356e-12 8.09203e-09 1.60914e-05 0.0037694 0.973031 0.0199178 0.00321526 5.05117e-05 1.13553e-08 
4.19181e-30 7.70691e-27 3.52161e-23 1.89047e-19 1.26515e-15 4.13095e-12 2.10199e-08 5.89603e-05 0.00218355 0.997757 
5.23923e-17 2.3781e-14 3.64495e-11 1.09956e-07 0.000167391 0.005278 0.989439 0.00507177 4.41168e-05 1.40232e-08 
3.99241e-30 7.3593e-27 3.37877e-23 1.81868e-19 1.22163e-15 4.03768e-12 2.21809e-08 6.30753e-05 0.00308351 0.996853 
4.06637e-30 7.4882e-27 3.43577e-23 1.85513e-19 1.26713e-15 4.47386e-12 3.28833e-08 9.42709e-05 0.00299389 0.996912 
4.23519e-30 7.81731e-27 3.58391e-23 1.92716e-19 1.29329e-15 4.26163e-12 2.29189e-08 6.50337e-05 0.00295986 0.996975 
3.51598e-30 6.50191e-27 2.96926e-23 1.59262e-19 1.06661e-15 3.50497e-12 1.83553e-08 5.28209e-05 0.00246702 0.99748 
4.7778e-05 0.00911755 0.947922 0.037006 0.005864 4.18686e-05 3.12044e-07 1.00453e-07 4.46874e-08 1.73821e-09 
1.83985e-30 3.32128e-27 1.53481e-23 8.31028e-20 5.59396e-16 1.84797e-12 1.04911e-08 2.93601e-05 0.00180044 0.99817 
2.69839e-30 5.04682e-27 2.29912e-23 1.22996e-19 8.23009e-16 2.70288e-12 1.38301e-08 3.96219e-05 0.00201993 0.99794 
2.69901e-16 1.19191e-13 1.6556e-10 3.5962e-07 0.00103446 0.48722 0.507171 0.00452889 4.46538e-05 1.28515e-08 
6.68931e-22 3.90828e-19 9.85288e-16 4.71538e-12 8.22422e-09 3.66084e-06 0.00504343 0.988547 0.00602812 0.000377414 
4.85813e-18 2.60075e-15 7.16624e-12 3.55952e-08 6.17175e-05 0.00341051 0.992938 0.00355158 3.84237e-05 1.05647e-08 
7.38707e-22 4.3102e-19 1.06436e-15 5.04429e-12 8.66804e-09 4.02044e-06 0.00543814 0.989085 0.00546613 6.56504e-06 
2.97461e-30 5.4681e-27 2.51595e-23 1.35639e-19 9.12224e-16 3.02527e-12 1.70509e-08 4.85758e-05 0.00281705 0.997134 
7.57498e-18 4.05816e-15 1.15145e-11 5.77626e-08 0.000101302 0.00417347 0.991227 0.00444893 4.91851e-05 1.39086e-08 
3.35757e-30 6.21147e-27 2.84994e-23 1.53286e-19 1.02939e-15 3.40033e-12 1.85449e-08 5.27944e-05 0.00219739 0.99775 
0.0119664 0.948714 0.0356446 0.003654 2.06904e-05 1.83632e-07 7.24924e-08 3.63326e-08 1.61805e-08 6.29387e-10 
3.13835e-17 1.36064e-14 2.25531e-11 8.22559e-08 0.00013522 0.00494479 0.990009 0.00486541 4.50208e-05 1.45354e-08 
4.08109e-07 0.00059856 0.900011 0.0870321 0.0122936 6.41626e-05 1.40971e-07 5.47438e-10 1.8756e-10 7.256e-12 
2.60534e-14 1.08887e-11 1.65195e-08 3.20274e-05 0.00676968 0.989174 0.00400942 1.46659e-05 8.03723e-08 1.68113e-11 
1.91426e-07 4.83626e-05 0.0146912 0.966405 0.0184231 0.000431597 4.51351e-07 6.41807e-10 2.06063e-10 7.97564e-12 
4.36821e-26 3.25703e-23 1.20946e-19 6.76753e-16 3.61401e-12 8.95453e-09 3.72696e-05 0.00283658 0.992745 0.00438148 
6.40678e-26 3.96704e-23 1.03067e-19 5.01802e-16 1.60382e-12 3.1905e-09 1.26589e-05 0.00262642 0.994168 0.00319275 
2.09884e-13 2.77317e-10 6.53702e-07 0.00165811 0.959111 0.0349937 0.00421631 2.02854e-05 1.07447e-07 2.29498e-11 
3.17778e-26 2.20826e-23 7.22952e-20 3.87463e-16 1.85268e-12 4.47159e-09 1.85149e-05 0.00249983 0.013761 0.983721 
2.09198e-30 3.82954e-27 1.76103e-23 9.49549e-20 6.38619e-16 2.12283e-12 1.21191e-08 3.46066e-05 0.00196039 0.998005 
1.42006e-26 1.35699e-23 6.47242e-20 3.86103e-16 2.48615e-12 6.54255e-09 2.76446e-05 0.00198945 0.976787 0.0211957 
9.72128e-05 0.0172383 0.965831 0.0166803 0.000151292 9.67084e-07 2.96518e-07 1.48448e-07 6.61101e-08 2.57154e-09 
0.979638 0.0202452 0.000116045 6.73734e-07 2.6585e-09 2.58695e-11 1.05839e-11 5.30569e-12 2.36285e-12 9.19102e-14 
1.2078e-13 1.83906e-10 3.65698e-07 0.000599869 0.0110221 0.983298 0.00505848 2.12998e-05 1.14511e-07 2.51113e-11 
9.37004e-11 3.17466e-08 0.000125411 0.0106841 0.975806 0.0131125 0.000272137 8.43392e-08 3.76947e-10 8.05138e-14 
8.67139e-18 5.1975e-15 2.55446e-11 1.89965e-07 0.00140436 0.968771 0.0257772 0.00401589 3.13273e-05 1.16996e-08 
4.35522e-08 1.387e-05 0.00809907 0.941351 0.0437808 0.00669672 5.86406e-05 7.99164e-08 5.96609e-10 2.52054e-12 
6.55029e-18 3.4233e-15 9.03674e-12 4.38712e-08 7.32904e-05 0.00191953 0.014911 0.980975 0.00211995 1.08403e-06 
5.26429e-26 3.57139e-23 1.13096e-19 5.99831e-16 2.73897e-12 6.46066e-09 2.678e-05 0.0031018 0.994732 0.0021391 
4.57459e-30 8.44874e-27 3.87556e-23 2.08459e-19 1.3997e-15 4.62324e-12 2.52064e-08 7.17513e-05 0.00341757 0.996511 
1.01745e-10 3.42159e-08 0.000158046 0.0115103 0.978651 0.00961485 6.53304e-05 7.71963e-08 4.55806e-10 9.76441e-14 
3.47895e-30 6.40402e-27 2.93231e-23 1.57595e-19 1.05629e-15 3.46404e-12 1.81623e-08 5.22045e-05 0.00272443 0.997223 
1.48067e-30 2.57534e-27 1.19881e-23 6.54241e-20 4.40981e-16 1.45287e-12 8.56687e-09 2.34351e-05 0.0017961 0.99818 
4.88269e-22 2.83396e-19 6.99512e-16 3.32861e-12 5.67793e-09 2.51258e-06 0.00376815 0.987151 0.00856642 0.000511938 
1.78337e-06 0.000486599 0.0150445 0.97149 0.0129047 7.17658e-05 1.57028e-07 8.84658e-10 3.3104e-10 1.28371e-11 
9.28382e-26 6.23486e-23 1.93026e-19 1.01584e-15 4.5909e-12 1.27824e-08 0.00011318 0.00528715 0.991276 0.00332411 
9.30646e-05 0.0177883 0.964704 0.0172536 0.000159682 9.27588e-07 2.65318e-07 1.32788e-07 5.91364e-08 2.30028e-09 
1.25135e-14 5.26428e-12 1.03613e-08 2.07766e-05 0.0052256 0.973873 0.0180604 0.00280599 1.45647e-05 9.85782e-09 
4.73019e-18 2.56346e-15 7.85906e-12 4.0304e-08 7.31815e-05 0.00288182 0.986648 0.00923249 0.00116279 1.39856e-06 
4.49864e-22 2.65386e-19 6.46133e-16 3.01888e-12 5.21143e-09 2.83929e-06 0.00417911 0.989195 0.0063275 0.000295165 
5.84229e-05 0.0109397 0.0586031 0.925028 0.00534692 2.37099e-05 4.06453e-08 5.11651e-09 2.27092e-09 8.83268e-11 
0.0164416 0.963874 0.0195654 0.00011823 6.96614e-07 6.13004e-09 2.34965e-09 1.1776e-09 5.24437e-10 2.03995e-11 
7.69589e-18 4.06906e-15 1.10004e-11 5.38728e-08 9.21216e-05 0.00487035 0.990109 0.00488376 4.50705e-05 1.33223e-08 
2.09611e-07 5.28372e-05 0.015687 0.968597 0.0155803 8.28939e-05 1.79745e-07 6.51662e-10 2.18724e-10 8.45885e-12 
7.63614e-13 3.63196e-10 3.62301e-07 0.000440855 0.953316 0.0414564 0.00476824 1.83328e-05 1.08883e-07 2.37067e-11 
9.57393e-19 5.1363e-16 8.01949e-13 3.0039e-09 1.41869e-06 0.000629318 0.00840327 0.987644 0.00331841 3.4456e-06 
2.11491e-30 3.92349e-27 1.7957e-23 9.64152e-20 6.46811e-16 2.13779e-12 1.15725e-08 3.31461e-05 0.00167294 0.998294 
1.31284e-10 4.36658e-08 0.000190114 0.012694 0.976476 0.0105676 7.22928e-05 8.9634e-08 5.45862e-10 1.16667e-13 
3.13391e-30 5.7421e-27 2.62731e-23 1.41431e-19 9.55861e-16 3.25954e-12 2.0488e-08 5.56396e-05 0.00258882 0.997356 
1.11312e-10 3.77223e-08 0.000150943 0.0126585 0.97013 0.0163029 0.000756208 1.80764e-06 3.13676e-08 4.50605e-12 
1.07612e-17 5.70858e-15 1.60149e-11 7.96769e-08 0.000138867 0.00473313 0.97586 0.0189191 0.0003489 8.32627e-08 
5.55728e-18 2.94609e-15 8.13134e-12 4.02728e-08 6.92174e-05 0.00201291 0.0165397 0.97944 0.00193761 8.33486e-07 
1.79141e-20 2.63612e-17 7.36331e-14 2.35322e-10 4.84207e-07 0.00038317 0.966274 0.0304152 0.00292398 3.58441e-06 
7.10243e-22 4.14947e-19 1.02157e-15 4.83108e-12 8.32789e-09 4.07587e-06 0.00575302 0.988502 0.00573474 6.568e-06 
6.09096e-11 2.15399e-08 1.59805e-05 0.00872239 0.973115 0.0167248 0.00139925 2.24363e-05 4.65729e-08 1.34143e-11 
4.78084e-22 2.75281e-19 6.43773e-16 2.98306e-12 4.88157e-09 2.32514e-06 0.00334751 0.987089 0.00872825 0.000832436 
1.36141e-25 1.48769e-22 6.53349e-19 3.73569e-15 2.50058e-11 8.3737e-08 0.000259144 0.00562695 0.991061 0.00305329 
8.71561e-07 0.000201647 0.0133547 0.972786 0.0135839 7.27345e-05 1.68744e-07 6.02565e-10 1.98912e-10 7.69404e-12 
5.76367e-35 2.03316e-31 1.97391e-27 1.71856e-23 2.29319e-19 1.86339e-15 3.74587e-11 1.8143e-07 0.00127306 0.998727 
1.29829e-17 6.15088e-15 1.13213e-11 4.49133e-08 7.06659e-05 0.00504938 0.989406 0.00541262 6.16167e-05 1.62523e-08 
6.25375e-18 3.38114e-15 9.84427e-12 5.04095e-08 8.93724e-05 0.00374075 0.992411 0.0037308 2.83725e-05 1.03589e-08 
0.00129633 0.0253277 0.956875 0.0163743 0.000125286 6.65322e-07 1.47787e-07 7.38792e-08 3.29015e-08 1.2798e-09 
1.85436e-14 7.11212e-12 1.41789e-08 2.84601e-05 0.00348058 0.965683 0.0268846 0.00387698 4.66164e-05 1.22961e-08 
3.34337e-08 8.66986e-06 0.0023335 0.929296 0.0604262 0.00787421 6.13038e-05 7.02621e-08 4.09544e-10 1.16148e-12 
8.8462e-11 3.02291e-08 0.000124368 0.0111463 0.979884 0.00879734 4.79631e-05 6.02438e-08 3.72287e-10 7.96705e-14 
5.46124e-26 3.76882e-23 1.22701e-19 6.57409e-16 3.12264e-12 7.46796e-09 3.07647e-05 0.00248709 0.99191 0.00557252 
0.000100582 0.0184919 0.963293 0.0179312 0.000181885 8.66014e-07 2.17409e-07 1.08731e-07 4.84225e-08 1.88353e-09 
4.13073e-11 1.31423e-08 4.72465e-05 0.00261451 0.0211155 0.97332 0.00289828 4.31073e-06 4.15902e-08 7.27089e-12 
4.00788e-30 7.3929e-27 3.38304e-23 1.81725e-19 1.21838e-15 4.01185e-12 2.14046e-08 6.08525e-05 0.00278668 0.997152 
3.45912e-22 1.98519e-19 4.14117e-16 1.79612e-12 2.71243e-09 2.04391e-06 0.00306856 0.992575 0.00416911 0.000185753 
3.28204e-14 1.36772e-11 2.29724e-08 4.60847e-05 0.00779311 0.987282 0.00486095 1.75141e-05 9.92641e-08 2.11252e-11 
0.0137412 0.942734 0.04033 0.00315931 3.52518e-05 8.42713e-08 5.54764e-09 2.7415e-09 1.22089e-09 4.74903e-11 
5.4757e-30 9.86232e-27 4.66587e-23 2.57733e-19 1.79825e-15 6.35838e-12 6.3443e-08 0.000395725 0.988316 0.0112886 
3.89802e-14 1.58054e-11 2.78531e-08 5.44879e-05 0.00625974 0.0288368 0.963795 0.00105287 1.12635e-06 7.39179e-10 
3.23179e-22 1.87893e-19 4.79286e-16 2.31811e-12 4.07343e-09 1.82703e-06 0.00333018 0.990506 0.00572086 0.000440842 
2.63322e-11 1.00878e-08 8.79588e-06 0.00724169 0.978135 0.0134315 0.00117429 8.94573e-06 2.58312e-08 7.44456e-12 
4.18652e-10 1.04534e-07 0.000190947 0.0130537 0.975885 0.0108 6.99399e-05 8.65995e-08 5.24441e-10 1.23598e-13 
5.36795e-30 1.00168e-26 4.82165e-23 2.79496e-19 2.28386e-15 1.17246e-11 1.84686e-07 0.000728552 0.982519 0.0167527 
3.39921e-14 1.38365e-11 2.35647e-08 3.87037e-05 0.00714491 0.988679 0.00411773 1.95866e-05 9.51831e-08 2.1216e-11 
0.979388 0.0204957 0.0001155 6.58753e-07 2.48863e-09 2.45235e-11 1.00676e-11 5.04692e-12 2.24761e-12 8.74275e-14 
2.63231e-22 1.55913e-19 4.00391e-16 1.92264e-12 3.46862e-09 1.87129e-06 0.00319108 0.989289 0.00726442 0.000253151 
2.95987e-11 9.78989e-09 2.29236e-05 0.00210278 0.0168733 0.976108 0.00487309 2.01092e-05 8.11839e-08 1.84905e-11 
3.32231e-30 6.11568e-27 2.81739e-23 1.52369e-19 1.036e-15 3.54227e-12 2.27384e-08 6.72357e-05 0.00251527 0.997417 
2.62341e-14 1.09753e-11 1.77193e-08 3.75481e-05 0.00705375 0.988743 0.00415138 1.45847e-05 8.62424e-08 1.85721e-11 
9.56908e-11 3.24236e-08 0.000139093 0.0113369 0.979411 0.0090461 6.69003e-05 2.58314e-07 7.17583e-10 1.75109e-13 
9.71513e-08 2.55774e-05 0.00903453 0.981539 0.00925839 0.000141789 3.51924e-07 5.81418e-10 1.08815e-10 4.13506e-12 
9.24394e-26 6.16065e-23 1.88608e-19 9.87884e-16 4.32208e-12 1.00505e-08 4.13621e-05 0.0038949 0.99305 0.00301346 
2.10289e-18 1.12346e-15 2.50868e-12 1.1438e-08 1.76184e-05 0.00327139 0.989966 0.00592325 0.00082001 1.596e-06 
4.54914e-18 2.47127e-15 7.44347e-12 3.81244e-08 6.9238e-05 0.0034732 0.99301 0.00341134 3.62646e-05 9.13789e-09 
0.0154951 0.954915 0.0276436 0.00190552 4.02915e-05 8.08112e-08 3.23061e-09 1.58822e-09 7.07295e-10 2.75123e-11 
8.19022e-26 5.59109e-23 1.9428e-19 1.20301e-15 9.41381e-12 5.36642e-08 0.000595817 0.97531 0.0212934 0.00280072 
9.00817e-11 3.06375e-08 0.000134705 0.0107976 0.979834 0.00918075 5.27873e-05 6.37063e-08 3.79233e-10 8.13829e-14 
9.58402e-26 6.31059e-23 1.89075e-19 9.81755e-16 4.13803e-12 9.45875e-09 3.884e-05 0.0043488 0.992611 0.00300095 
3.29357e-30 6.02483e-27 2.77013e-23 1.49341e-19 1.00313e-15 3.30541e-12 1.80869e-08 5.09701e-05 0.00209923 0.99785 
4.19946e-14 1.71992e-11 3.029e-08 5.26977e-05 0.00901169 0.985784 0.0051284 2.33302e-05 1.18866e-07 2.8142e-11 
6.19134e-26 3.9539e-23 1.10778e-19 5.59443e-16 2.12198e-12 4.67176e-09 1.93497e-05 0.00280741 0.990111 0.00706272 
1.36516e-07 3.5534e-05 0.0115197 0.973675 0.0141245 0.000615401 2.93143e-05 2.0099e-08 2.14526e-10 5.65716e-12 
6.42304e-08 1.81233e-05 0.00835569 0.960389 0.0273524 0.00383635 4.81144e-05 6.25638e-08 4.65733e-10 3.38234e-12 
9.32309e-11 3.14556e-08 0.000128169 0.010359 0.977258 0.0118524 0.000402156 5.77083e-07 4.16484e-09 8.89463e-13 
8.71614e-05 0.0166685 0.966311 0.0167726 0.000159213 7.63099e-07 1.86835e-07 9.34361e-08 4.1611e-08 1.61858e-09 
1.47535e-25 9.35532e-23 2.64956e-19 1.3149e-15 3.9268e-12 6.61839e-09 2.56454e-05 0.00335488 0.994339 0.00228049 
3.22469e-30 6.0062e-27 2.74382e-23 1.47107e-19 9.86434e-16 3.26382e-12 1.75968e-08 5.06566e-05 0.00221648 0.997733 
2.81129e-30 5.12479e-27 2.35571e-23 1.27021e-19 8.5275e-16 2.80337e-12 1.51909e-08 4.26251e-05 0.00198858 0.997969 
8.21904e-18 6.51693e-15 3.8707e-11 2.52608e-07 0.00140346 0.97038 0.0243806 0.00380369 3.21718e-05 1.12444e-08 
6.31226e-24 5.09702e-21 1.2682e-17 5.13444e-14 1.78903e-10 4.42917e-07 0.000834345 0.00819587 0.988416 0.00255377 
9.93949e-26 6.57856e-23 1.98623e-19 1.03454e-15 4.43614e-12 1.02276e-08 4.20193e-05 0.004195 0.992796 0.0029669 
3.17753e-22 1.8579e-19 4.68267e-16 2.24189e-12 3.98144e-09 2.07721e-06 0.00349533 0.981562 0.0134681 0.00147214 
5.29618e-14 5.75186e-11 3.24789e-07 0.00125712 0.955187 0.0388411 0.00469177 2.24367e-05 1.16556e-07 2.66306e-11 
3.94004e-23 2.34351e-20 4.75734e-17 1.99836e-13 4.09046e-10 8.06416e-07 0.00231284 0.986727 0.0096571 0.0013021 
3.82579e-30 7.08897e-27 3.2315e-23 1.73104e-19 1.15815e-15 3.79711e-12 1.94605e-08 5.53281e-05 0.00224027 0.997704 
4.29566e-30 7.9824e-27 3.63934e-23 1.94917e-19 1.30449e-15 4.28038e-12 2.19836e-08 6.26138e-05 0.00224956 0.997688 
1.50576e-30 2.70137e-27 1.25397e-23 6.81106e-20 4.59093e-16 1.51211e-12 8.62042e-09 2.38483e-05 0.00176292 0.998213 
4.25138e-26 2.77294e-23 8.18733e-20 4.22679e-16 1.72629e-12 3.90026e-09 1.60868e-05 0.00241988 0.995931 0.00163321 
5.02987e-18 2.695e-15 7.62568e-12 3.81609e-08 6.7454e-05 0.00448379 0.991283 0.00410453 6.06667e-05 6.14952e-08 
1.06786e-25 1.17501e-22 5.92888e-19 3.81481e-15 3.18057e-11 1.49173e-07 0.00127138 0.977397 0.0189722 0.00235971 
7.09311e-26 4.4573e-23 1.20374e-19 5.97634e-16 2.09683e-12 4.4294e-09 1.79123e-05 0.00282217 0.0163346 0.980825 
2.94949e-30 5.50279e-27 2.50123e-23 1.33662e-19 8.93171e-16 2.92455e-12 1.46376e-08 4.1832e-05 0.00187887 0.998079 
2.89134e-30 5.37161e-27 2.46982e-23 1.32966e-19 8.94856e-16 2.98163e-12 1.70156e-08 4.89936e-05 0.00248743 0.997464 
2.37213e-26 1.38737e-23 3.1701e-20 1.44017e-16 2.46478e-13 1.95352e-10 4.33007e-07 0.000224974 0.00281851 0.996956 
7.79608e-20 5.03688e-17 1.06195e-13 4.22927e-10 1.08119e-06 0.00222158 0.975644 0.0187641 0.00336403 5.59084e-06 
1.92675e-07 4.78405e-05 0.0139872 0.971121 0.0147643 7.94786e-05 1.70143e-07 6.02803e-10 2.00104e-10 7.74052e-12 
6.62013e-18 3.62828e-15 1.1404e-11 5.96578e-08 0.000109957 0.00253465 0.0185208 0.976019 0.00281352 2.47688e-06 
6.0325e-15 2.3258e-12 4.78651e-09 7.05736e-06 0.000705823 0.00615017 0.988973 0.0041235 4.0872e-05 1.23619e-08 
6.03021e-18 3.29052e-15 9.53455e-12 4.86459e-08 8.62584e-05 0.00416004 0.991482 0.00422659 4.46988e-05 1.27874e-08 
2.35419e-14 9.43134e-12 1.84243e-08 2.84513e-05 0.0048367 0.976433 0.0165228 0.00217068 8.13788e-06 5.86803e-09 
4.88147e-21 1.03578e-17 3.41689e-14 1.22453e-10 3.85665e-07 0.0004935 0.958698 0.0264796 0.0124959 0.00183262 
0.00426121 0.0386578 0.942862 0.0140797 0.000138338 8.75722e-07 2.82078e-07 1.41258e-07 6.29084e-08 2.44701e-09 
2.53689e-15 9.46104e-13 2.06742e-09 2.3876e-06 0.000342122 0.00581177 0.988512 0.00527986 5.18796e-05 1.60132e-08 
4.35147e-22 2.5449e-19 6.39035e-16 3.05122e-12 5.28874e-09 2.32647e-06 0.00355821 0.991913 0.00441163 0.00011468 
6.61823e-18 3.5436e-15 9.91774e-12 4.94572e-08 8.61532e-05 0.00438883 0.991114 0.00436288 4.81468e-05 1.29321e-08 
1.96936e-07 5.00555e-05 0.0154459 0.101052 0.882949 0.000502963 2.97476e-07 6.4276e-10 2.08703e-10 8.06786e-12 
1.13649e-25 7.646e-23 2.3819e-19 1.25575e-15 5.62745e-12 1.31972e-08 5.44191e-05 0.00514173 0.991231 0.00357237 
1.07833e-14 4.88101e-12 5.85734e-09 1.76595e-05 0.00438037 0.972364 0.0208184 0.00239158 2.78872e-05 7.59507e-09 
8.36985e-08 1.83456e-05 0.00322002 0.0211653 0.970905 0.00467509 1.61917e-05 1.17506e-08 1.25371e-10 2.92316e-12 
0.978392 0.0214919 0.000115072 6.4314e-07 2.43464e-09 2.41538e-11 9.92948e-12 4.97768e-12 2.21678e-12 8.62281e-14 
8.00064e-26 5.33082e-23 1.62863e-19 8.52195e-16 3.72559e-12 8.65424e-09 3.56428e-05 0.00357038 0.993923 0.0024711 
0.857873 0.122422 0.0195757 0.000128268 8.1703e-07 6.63525e-09 2.47301e-09 1.23933e-09 5.51926e-10 2.14688e-11 
7.88049e-26 5.1682e-23 1.53631e-19 7.95171e-16 3.30945e-12 7.51188e-09 3.07384e-05 0.0032314 0.994483 0.00225515 
5.04634e-18 2.61639e-15 6.81519e-12 3.29683e-08 7.32246e-05 0.484775 0.512262 0.00286969 1.97958e-05 6.91283e-09 
2.99313e-30 5.56006e-27 2.53544e-23 1.35816e-19 9.09214e-16 2.98797e-12 1.54981e-08 4.42375e-05 0.00168828 0.998267 
8.75674e-18 4.64592e-15 1.32243e-11 6.63651e-08 0.000116789 0.00440301 0.99116 0.00428854 3.15923e-05 1.19747e-08 
7.5988e-26 5.19007e-23 1.65324e-19 8.78517e-16 4.08162e-12 9.69952e-09 3.99253e-05 0.00322492 0.994383 0.00235204 
1.23941e-22 7.23062e-20 1.41238e-16 5.75132e-13 8.27408e-10 8.76288e-07 0.00180398 0.985841 0.011099 0.00125521 
3.33573e-30 6.19855e-27 2.83938e-23 1.52506e-19 1.02359e-15 3.38215e-12 1.83045e-08 5.23479e-05 0.0025837 0.997364 
3.82566e-13 1.36919e-10 1.11291e-07 9.09985e-05 0.00743488 0.988187 0.00427157 1.56032e-05 9.0035e-08 2.08859e-11 
1.68266e-22 1.00127e-19 1.90291e-16 7.42604e-13 1.07887e-09 1.4054e-06 0.00163808 0.00971746 0.987948 0.000695103 
2.92808e-30 5.32035e-27 2.45198e-23 1.32449e-19 8.89727e-16 2.91503e-12 1.5673e-08 4.34929e-05 0.0020197 0.997937 
7.9376e-08 1.76409e-05 0.00284047 0.0193239 0.958532 0.0184844 0.000801529 1.92994e-07 1.34497e-10 2.70842e-12 
3.30681e-30 6.04286e-27 2.77011e-23 1.49087e-19 9.9948e-16 3.27668e-12 1.73126e-08 4.85862e-05 0.00230172 0.99765 
3.81934e-22 2.24477e-19 5.76483e-16 2.77534e-12 4.91228e-09 2.19232e-06 0.00332031 0.993296 0.00335648 2.51235e-05 
3.73606e-22 2.17882e-19 5.09553e-16 2.34531e-12 3.89948e-09 2.16126e-06 0.00320401 0.992541 0.0040715 0.000181532 
4.80782e-22 2.81573e-19 7.03713e-16 3.35114e-12 5.81247e-09 2.68894e-06 0.00322577 0.0199803 0.976456 0.000335318 
7.32214e-26 4.9505e-23 1.55673e-19 8.23932e-16 3.74592e-12 8.84499e-09 3.64835e-05 0.00299582 0.989224 0.00774389 
6.63361e-18 3.62987e-15 1.14437e-11 5.99205e-08 0.000110594 0.00401175 0.991522 0.00426209 9.30921e-05 1.7553e-07 
6.46301e-26 4.27283e-23 1.28865e-19 6.7101e-16 2.86905e-12 6.60692e-09 2.72592e-05 0.0031109 0.994736 0.0021256 
4.67274e-14 1.89616e-11 3.25998e-08 5.69189e-05 0.00905097 0.975676 0.0138812 0.0013282 7.08804e-06 1.95669e-09 
5.65136e-22 3.29192e-19 8.07238e-16 3.8158e-12 6.52122e-09 3.0706e-06 0.00465755 0.990796 0.00453861 5.1833e-06 
1.59064e-07 3.73799e-05 0.00874942 0.947245 0.04054 0.00342059 7.69606e-06 8.20581e-09 1.91341e-10 6.04156e-12 
5.02067e-26 3.51968e-23 1.17769e-19 6.37237e-16 3.12369e-12 7.58453e-09 3.15399e-05 0.00291509 0.994941 0.00211197 
2.03978e-11 7.27298e-09 2.81353e-05 0.0045548 0.961549 0.030333 0.00352349 1.1987e-05 6.46819e-08 1.26067e-11 
8.10739e-11 2.77886e-08 8.54995e-05 0.0100162 0.960101 0.0273725 0.00241351 1.17103e-05 4.55866e-08 9.37398e-12 
2.80383e-18 1.50711e-15 3.57495e-12 1.65773e-08 2.56325e-05 0.00337394 0.98386 0.0111287 0.00160808 3.21712e-06 
1.84519e-07 4.55011e-05 0.0129646 0.97389 0.0130298 6.95685e-05 1.61555e-07 5.65658e-10 1.82931e-10 7.06845e-12 
3.40636e-14 1.42483e-11 2.40637e-08 4.58437e-05 0.00846094 0.986356 0.00511776 1.885e-05 1.0831e-07 2.30797e-11 
1.84272e-07 4.74959e-05 0.0152576 0.969711 0.0149099 7.36017e-05 1.51365e-07 5.68155e-10 1.96059e-10 7.58818e-12 
5.1975e-30 9.59497e-27 4.39701e-23 2.36376e-19 1.58609e-15 5.23032e-12 2.82056e-08 8.01853e-05 0.00331089 0.996609 
5.72289e-22 3.34071e-19 8.43002e-16 4.04029e-12 6.93304e-09 2.61694e-06 0.00242652 0.0142222 0.982083 0.00126556 
6.67967e-05 0.0130643 0.958662 0.0254577 0.00272628 2.20887e-05 2.62538e-07 1.06311e-07 4.73219e-08 1.84071e-09 
3.77765e-22 2.22522e-19 5.54518e-16 2.62773e-12 4.65198e-09 2.59088e-06 0.00419566 0.991495 0.00430181 4.50226e-06 
4.69208e-27 2.78317e-24 6.40766e-21 2.91965e-17 6.04786e-14 9.05822e-11 3.75843e-07 0.000269155 0.984828 0.0149022 
2.20748e-16 3.40122e-13 8.46285e-10 2.24894e-06 0.0035766 0.975881 0.0176192 0.00288113 4.02741e-05 1.1793e-08 
8.95144e-11 3.03468e-08 0.000140637 0.0112438 0.979212 0.00934653 5.74161e-05 6.59645e-08 3.78358e-10 8.11926e-14 
8.466e-18 4.84681e-15 1.821e-11 1.03057e-07 0.000299719 0.00639389 0.988164 0.00509131 5.05268e-05 1.47782e-08 
1.89288e-27 4.71887e-24 3.54726e-20 2.32289e-16 1.84394e-12 8.81694e-09 0.000233459 0.693086 0.29565 0.0110309 
1.30078e-11 5.3776e-09 5.18604e-06 0.00579885 0.959248 0.0310242 0.00389957 2.45441e-05 1.14378e-07 2.72302e-11 
4.46229e-22 2.60667e-19 6.4772e-16 3.07867e-12 5.32885e-09 2.51578e-06 0.00372845 0.99271 0.0035546 4.08464e-06 
1.92334e-07 4.80532e-05 0.0146595 0.97041 0.0148028 7.97703e-05 1.77646e-07 6.21297e-10 2.04099e-10 7.88921e-12 
3.83479e-30 7.1044e-27 3.26049e-23 1.75369e-19 1.17784e-15 3.88998e-12 2.1175e-08 6.02612e-05 0.00252151 0.997418 
2.97089e-22 1.73262e-19 4.31674e-16 2.05424e-12 3.49506e-09 1.34615e-06 0.00147861 0.00931741 0.988366 0.000836577 
2.13495e-08 7.70076e-06 0.00541145 0.939722 0.047081 0.00771132 6.60596e-05 8.67995e-08 5.88277e-10 1.29845e-12 
9.36384e-05 0.0183899 0.963093 0.0182263 0.000196502 7.90405e-07 1.70517e-07 8.52306e-08 3.79568e-08 1.47644e-09 
8.74219e-26 5.574e-23 1.55707e-19 7.84657e-16 2.93446e-12 6.38788e-09 2.60248e-05 0.00419875 0.992939 0.00283632 
7.60506e-23 4.40372e-20 8.34362e-17 3.34833e-13 4.52395e-10 4.73202e-07 0.000484322 0.00632959 0.990691 0.00249427 
3.03141e-22 1.78606e-19 4.17896e-16 1.91026e-12 3.25464e-09 2.13078e-06 0.00362879 0.99284 0.00352531 3.81823e-06 
2.52167e-30 4.60725e-27 2.10741e-23 1.13268e-19 7.5786e-16 2.46184e-12 1.22754e-08 3.40206e-05 0.0022865 0.997679 
5.99234e-21 2.77819e-18 4.19426e-15 1.32311e-11 8.50041e-09 4.04983e-06 0.00348228 0.993277 0.00323273 3.77118e-06 
2.7453e-08 8.64574e-06 0.00417625 0.946914 0.0420117 0.00682572 6.35055e-05 7.58838e-08 4.70047e-10 1.07811e-12 
3.46104e-30 6.36151e-27 2.92489e-23 1.57614e-19 1.0592e-15 3.49814e-12 1.92633e-08 5.45652e-05 0.00299995 0.996945 
1.94558e-31 3.61997e-28 1.66081e-24 8.92823e-21 5.99462e-17 1.96686e-13 1.02096e-09 2.87629e-06 0.000228581 0.999769 
7.11766e-26 4.71902e-23 1.42668e-19 7.43615e-16 3.21244e-12 7.43889e-09 3.05787e-05 0.0029369 0.0163127 0.98072 
2.74885e-14 1.12701e-11 2.05531e-08 3.90219e-05 0.0073948 0.988141 0.0044089 1.59242e-05 7.12339e-08 1.59555e-11 
1.82596e-07 4.5578e-05 0.0140196 0.972293 0.013568 7.31105e-05 1.57417e-07 5.8573e-10 1.95662e-10 7.5655e-12 
2.76569e-14 1.16489e-11 1.77578e-08 3.20697e-05 0.00753022 0.98404 0.00773029 0.00063016 3.68434e-05 4.5281e-09 
1.64269e-22 9.75581e-20 2.34323e-16 1.0826e-12 1.9015e-09 1.28808e-06 0.0024231 0.994478 0.00309292 4.39995e-06 
6.7409e-18 3.58591e-15 9.98784e-12 4.93982e-08 8.60752e-05 0.0044915 0.979441 0.0158697 0.00011209 2.01561e-08 
4.99942e-28 9.71724e-25 6.59228e-21 4.15586e-17 2.95209e-13 7.83263e-10 3.27353e-06 0.000603146 0.00611874 0.993275 
1.62496e-07 4.00709e-05 0.0116005 0.976882 0.0114155 6.20646e-05 1.27208e-07 4.97743e-10 1.73708e-10 6.7229e-12 
1.01531e-10 3.45783e-08 0.000101115 0.0118602 0.978147 0.00983101 6.03848e-05 6.54998e-08 3.85406e-10 8.12186e-14 
3.78705e-30 6.98588e-27 3.19178e-23 1.7129e-19 1.14744e-15 3.7746e-12 1.99289e-08 5.66967e-05 0.00240827 0.997535 
3.415e-14 1.42331e-11 2.25641e-08 4.59344e-05 0.00875764 0.980939 0.0102262 3.12241e-05 1.15229e-07 2.45107e-11 
3.02136e-14 1.25469e-11 2.25562e-08 4.05737e-05 0.00803972 0.987084 0.00481895 1.69328e-05 9.31e-08 1.99446e-11 
5.84562e-18 3.13624e-15 8.87788e-12 4.43032e-08 7.7805e-05 0.0037463 0.0284914 0.967057 0.000627271 1.28052e-07 
2.57907e-31 4.0252e-28 1.7836e-24 9.57546e-21 6.25628e-17 1.97779e-13 9.0354e-10 2.37007e-06 0.000656687 0.999341 
5.14016e-14 2.11067e-11 3.62725e-08 6.78102e-05 0.0107005 0.98301 0.00619317 2.84769e-05 1.49819e-07 3.38176e-11 
8.88123e-05 0.0174274 0.965675 0.0166459 0.000161977 8.256e-07 1.98543e-07 9.92795e-08 4.42133e-08 1.71981e-09 
9.29389e-24 6.09599e-21 1.77477e-17 8.58074e-14 1.85469e-10 1.52217e-07 0.000245319 0.00530914 0.991539 0.00290667 
6.33533e-21 3.31559e-18 9.33789e-15 5.01641e-11 1.00707e-07 3.78174e-05 0.00432566 0.991536 0.00409565 4.61887e-06 
2.42438e-43 6.79607e-39 6.20266e-34 2.41047e-29 3.09652e-24 3.10863e-19 7.43723e-14 1.53189e-09 5.42694e-05 0.999946 
7.18731e-22 8.57036e-19 5.5099e-15 3.72307e-11 2.82799e-07 0.000807341 0.956765 0.0372826 0.00513908 5.93862e-06 
3.64476e-14 1.48877e-11 2.59386e-08 4.12439e-05 0.00880257 0.985917 0.00521726 2.17074e-05 1.01141e-07 2.28366e-11 
5.67326e-10 9.62211e-07 0.00165641 0.925322 0.0628289 0.0101261 6.59266e-05 8.52814e-08 5.34172e-10 1.13896e-13 
1.631e-18 9.91502e-16 3.38725e-12 1.80247e-08 3.46395e-05 0.00319107 0.982137 0.0127318 0.00190217 3.33502e-06 
5.43126e-18 2.85736e-15 7.47861e-12 3.63875e-08 6.04582e-05 0.00187776 0.975755 0.0201888 0.00211664 1.32488e-06 
4.64937e-26 3.29348e-23 1.12243e-19 6.11184e-16 3.04883e-12 7.44525e-09 3.11002e-05 0.0030293 0.994239 0.00270069 
1.0273e-17 5.45469e-15 1.58017e-11 7.95799e-08 0.000141561 0.0047679 0.990255 0.00479485 4.08099e-05 1.3886e-08 
1.79044e-07 4.52268e-05 0.0129113 0.974018 0.0129545 7.02032e-05 1.52605e-07 5.49534e-10 1.82863e-10 7.07093e-12 
3.79242e-26 2.54698e-23 7.95973e-20 4.20323e-16 1.87332e-12 4.37956e-09 1.822e-05 0.00200289 0.996634 0.00134501 
7.71148e-15 3.58538e-12 4.37648e-09 1.19218e-05 0.00458775 0.985138 0.0090533 0.0012024 6.73924e-06 3.85151e-09 
2.11625e-30 3.95011e-27 1.80886e-23 9.70972e-20 6.51961e-16 2.16276e-12 1.18822e-08 3.4261e-05 0.00217891 0.997787 
3.61737e-22 2.12509e-19 5.54179e-16 2.6919e-12 4.82983e-09 2.20704e-06 0.00364755 0.992597 0.00374934 3.91809e-06 
8.12043e-23 4.50317e-20 7.44453e-17 2.74058e-13 2.6392e-10 3.33962e-07 0.000275073 0.00381056 0.993713 0.00220115 
7.9269e-11 2.61128e-08 0.000110477 0.00586143 0.0355651 0.955697 0.0027635 2.46827e-06 2.19246e-08 3.22088e-12 
