2383
2.19071e-10 4.9749e-09 6.94073e-08 6.44753e-08 1.74215e-07 1.00894e-05 0.000566621 0.00469481 0.024319 0.970409 
6.76832e-06 0.000269119 0.00279606 0.00683473 0.0395889 0.264275 0.333086 0.234341 0.0902862 0.0285164 
8.83884e-06 0.000320464 0.000731979 0.00615057 0.0261315 0.0811041 0.653458 0.114636 0.0762141 0.041244 
1.16999e-08 6.13895e-07 7.78537e-06 9.87326e-05 0.000384403 0.00118131 0.00763581 0.00936533 0.0330353 0.948291 
9.41933e-07 3.60547e-05 0.000346089 0.00135877 0.00878172 0.0404072 0.663912 0.111332 0.105732 0.0680935 
4.92227e-06 0.000189541 0.0011818 0.00869653 0.569601 0.135698 0.097205 0.0717068 0.0701934 0.0455232 
1.40732e-08 5.65665e-07 5.53041e-06 7.67254e-05 0.000345892 0.00151543 0.0110036 0.021652 0.0704062 0.894994 
1.67365e-08 8.61507e-07 1.19088e-05 0.000142866 0.000459727 0.00138405 0.00890168 0.0236617 0.0812037 0.884233 
1.88616e-07 5.81432e-06 6.42959e-05 0.000278304 0.00139468 0.00394868 0.0194289 0.040721 0.103175 0.830983 
1.81696e-08 7.40569e-07 6.58867e-06 8.71911e-05 0.00039491 0.000860714 0.00607542 0.0141844 0.0470705 0.93132 
1.34754e-07 6.32771e-06 6.83277e-05 0.00034799 0.00198585 0.00508927 0.0173857 0.0419113 0.838932 0.0942734 
1.15973e-19 1.40909e-17 3.47972e-15 5.82224e-13 1.11077e-10 2.75451e-08 6.24244e-05 0.000321364 0.00506021 0.994556 
9.4283e-06 0.000339354 0.000774815 0.00472156 0.017903 0.0653869 0.240428 0.418356 0.212789 0.0392919 
1.5418e-06 5.96844e-05 0.000875278 0.003966 0.0221475 0.0602067 0.0863144 0.118667 0.653478 0.0542833 
4.757e-09 2.0695e-07 2.1408e-06 7.34347e-05 6.91197e-05 0.000529654 0.00511785 0.0140449 0.0604502 0.919713 
2.39017e-07 7.87891e-06 0.000119437 0.000400772 0.00213686 0.00753273 0.0262223 0.076519 0.793251 0.09381 
1.69029e-10 3.84075e-09 5.36252e-08 5.6426e-08 2.80109e-07 1.44168e-05 0.000333237 0.00524641 0.035378 0.959028 
7.91117e-09 3.90691e-07 4.50245e-06 0.000128011 0.000347119 0.000865252 0.00762006 0.0157058 0.0562534 0.919075 
5.67146e-08 1.30468e-06 1.94576e-05 1.72388e-05 0.000213283 0.0111498 0.764331 0.0625969 0.0883942 0.0732766 
4.26011e-06 0.000158533 0.000612779 0.00567656 0.022478 0.0814877 0.666316 0.106197 0.0787801 0.0382887 
2.89531e-09 2.20918e-07 1.50533e-05 4.35424e-06 4.54106e-05 0.000276343 0.00237961 0.0172535 0.907959 0.0720667 
2.20475e-07 6.30473e-06 8.69673e-05 0.000404481 0.00229126 0.0100207 0.0488226 0.718321 0.134928 0.0851178 
1.08784e-06 4.77874e-05 0.000355959 0.000690924 0.00442388 0.0138456 0.0176778 0.0260342 0.0535035 0.883419 
0.00937386 0.113537 0.178387 0.666522 0.0262088 0.00399239 0.00126407 0.000542749 0.000162481 9.62872e-06 
7.34457e-08 1.78372e-06 2.45773e-05 5.2761e-05 0.000335545 0.000596981 0.00850875 0.424272 0.0859323 0.480275 
1.82418e-07 7.63935e-06 0.000107041 0.000388629 0.00222979 0.00690248 0.0261334 0.735379 0.140459 0.0883931 
8.50821e-13 2.06912e-11 3.10612e-10 3.88316e-09 1.35798e-07 8.55509e-06 0.000475643 0.00555362 0.20211 0.791852 
5.69424e-08 1.5184e-06 3.00246e-05 8.08328e-05 0.000239724 0.00140221 0.0239013 0.153823 0.570813 0.249709 
1.53584e-07 3.7803e-06 6.75739e-05 0.00010322 0.000610271 0.0026652 0.0185222 0.0612786 0.794644 0.122105 
2.26221e-07 7.41143e-06 7.05365e-05 0.000405289 0.0029057 0.0112724 0.0393148 0.689005 0.163072 0.0939459 
4.40131e-07 1.78956e-05 0.000455225 0.00117914 0.00301531 0.01114 0.0338164 0.0785415 0.115095 0.756739 
5.41537e-08 2.38026e-06 3.70972e-05 0.000272121 0.00137286 0.00713841 0.0301832 0.161186 0.708859 0.090949 
1.51464e-08 6.50358e-07 9.81051e-06 0.00016203 0.000613093 0.00245516 0.015181 0.0609079 0.78451 0.136161 
1.24291e-07 2.9473e-06 4.02893e-05 0.000105419 0.000111173 0.000640114 0.0123155 0.0560645 0.854742 0.0759781 
3.2061e-09 1.6762e-07 1.57691e-06 7.03229e-05 4.29603e-05 0.000462488 0.00367414 0.00508289 0.0157491 0.974916 
1.56778e-08 7.66099e-07 8.91294e-06 0.000147584 0.000377488 0.00147102 0.00959077 0.0177727 0.054774 0.915857 
3.29755e-06 0.000120099 0.000380983 0.00387607 0.120399 0.41996 0.0798041 0.203097 0.135262 0.0370976 
5.3607e-05 0.00243349 0.0060613 0.00838424 0.0269055 0.0534696 0.301786 0.226626 0.0893569 0.284924 
4.26504e-06 0.000149483 0.000131965 0.000700389 0.00318236 0.011319 0.0346328 0.0626203 0.0975249 0.789735 
2.34191e-07 6.31179e-06 0.000109566 0.000345882 0.000915171 0.0049358 0.0355774 0.741841 0.123571 0.0926975 
8.64185e-10 3.73398e-08 4.22672e-07 1.22521e-05 1.1814e-05 0.000201234 0.00144973 0.00223073 0.00966238 0.986431 
9.89367e-05 0.0045382 0.0114896 0.0158912 0.166344 0.101829 0.530676 0.0839826 0.0569493 0.0282012 
1.53677e-08 6.95502e-07 5.98427e-06 0.0001183 0.00055898 0.00159529 0.00929866 0.0209224 0.0705249 0.896975 
1.5373e-09 3.60144e-08 5.67395e-07 9.38959e-07 7.44816e-06 9.52401e-05 0.00147937 0.00979382 0.0512181 0.937405 
3.00157e-10 1.88916e-08 1.50182e-07 9.64161e-06 2.9934e-06 9.13162e-06 9.49541e-05 0.000120008 0.00280434 0.996959 
8.73651e-09 5.2133e-07 6.89839e-06 9.59844e-05 0.000364341 0.000762514 0.00373811 0.00468034 0.0181006 0.972251 
2.08972e-10 1.03078e-08 1.04183e-07 4.24246e-06 2.24878e-06 3.26278e-05 0.000157051 0.000322487 0.00336244 0.996119 
1.85762e-07 4.3714e-06 6.15139e-05 0.000170604 0.000336509 0.00184872 0.0132499 0.0381591 0.0960833 0.850086 
1.42471e-06 5.89814e-05 0.000916344 0.00502055 0.0275897 0.0712074 0.106434 0.388826 0.347689 0.052256 
4.65359e-11 1.05795e-09 1.47857e-08 1.76418e-08 1.36374e-07 7.27144e-06 0.000209574 0.00380229 0.921146 0.0748342 
6.80676e-08 1.54433e-06 2.1522e-05 1.80628e-05 3.21447e-06 4.37563e-05 0.00206804 0.0184963 0.0603047 0.919043 
1.07744e-07 4.72779e-06 4.05859e-05 0.000295235 0.00221255 0.00653244 0.018775 0.0517704 0.790419 0.12995 
1.89489e-11 4.29936e-10 5.99195e-09 5.06284e-09 2.86022e-09 2.02009e-07 9.15973e-05 0.00129625 0.0195683 0.979044 
1.18377e-08 5.38958e-07 7.55938e-06 0.000120042 0.000234689 0.000968771 0.00805197 0.0227965 0.0844554 0.883365 
4.02213e-09 1.50809e-07 2.3431e-06 6.2147e-05 0.000355692 0.00109002 0.00457581 0.0156201 0.0535331 0.924761 
7.39897e-06 0.000339533 0.00220778 0.00647004 0.0315604 0.63454 0.126079 0.0973543 0.0655094 0.035932 
1.69304e-07 5.0616e-06 8.66027e-05 0.000262891 0.001064 0.00758139 0.386204 0.409992 0.10192 0.0928837 
1.42121e-07 3.38423e-06 5.85292e-05 0.000113456 0.000517657 0.00260246 0.0236444 0.828973 0.0916245 0.0524628 
9.63627e-10 2.22892e-08 3.30127e-07 5.22351e-07 4.05403e-06 4.15807e-05 0.000938725 0.0134785 0.0619766 0.92356 
3.38559e-11 8.28361e-10 1.54047e-08 2.91562e-08 3.18434e-07 3.27396e-06 7.27447e-05 0.000169993 0.00145961 0.998294 
3.40988e-09 2.16192e-07 3.01946e-06 4.519e-05 0.000160469 0.000200659 0.00156623 0.0158765 0.755957 0.226191 
4.59593e-32 2.75581e-29 7.97877e-26 4.06994e-22 1.20356e-18 3.17226e-15 3.01274e-11 2.82849e-08 0.000539702 0.99946 
1.5855e-07 3.61432e-06 5.03868e-05 4.81982e-05 0.000111537 0.00280187 0.0272432 0.809715 0.0909898 0.0690358 
7.11563e-08 2.99512e-06 2.10289e-05 0.000205308 0.000994461 0.00296049 0.0150018 0.0309965 0.812838 0.136979 
5.24812e-08 2.63725e-06 3.20109e-05 0.000256352 0.00173345 0.00442746 0.0189343 0.0449364 0.101424 0.828253 
1.06376e-06 3.91367e-05 0.000325957 0.00212495 0.0163308 0.0338006 0.0417534 0.0465402 0.0607886 0.798295 
2.02472e-11 4.60632e-10 6.44837e-09 9.51245e-09 1.23765e-07 7.7623e-06 0.000147824 0.00214215 0.0212805 0.976422 
6.88132e-10 1.56955e-08 2.22487e-07 2.35037e-07 9.55509e-07 1.57226e-05 0.00034268 0.00429793 0.0274784 0.967864 
1.25746e-06 5.07612e-05 0.000999783 0.00284755 0.0122511 0.0316349 0.041296 0.209243 0.404754 0.296922 
7.09748e-11 2.56417e-09 3.5153e-08 1.75466e-07 1.05894e-06 6.35485e-06 0.000139317 0.00036545 0.00326943 0.996218 
4.74051e-07 1.88571e-05 0.000333033 0.00103085 0.00454958 0.0124684 0.0251842 0.070887 0.135226 0.750302 
3.17184e-07 1.16221e-05 0.000149973 0.000564846 0.00278211 0.00920283 0.0213824 0.0472863 0.0977719 0.820848 
4.40568e-08 2.03197e-06 1.93713e-05 0.00021291 0.00109526 0.00241835 0.0138541 0.0326606 0.0996061 0.850131 
2.90302e-10 1.03985e-08 9.18885e-08 5.3262e-07 3.22537e-06 4.03681e-05 0.000241167 0.000967225 0.00898276 0.989765 
2.31359e-07 6.14169e-06 0.000100596 0.000249776 0.000884315 0.00516264 0.034797 0.771283 0.111862 0.0756541 
8.44776e-07 3.37671e-05 0.000762141 0.00199024 0.00575034 0.0145496 0.0262276 0.0596126 0.0999293 0.791144 
1.02016e-06 4.16773e-05 0.000331912 0.00191196 0.00972711 0.0358465 0.71126 0.116698 0.0855964 0.0385847 
9.14086e-08 4.06364e-06 5.17432e-05 0.000265946 0.00210666 0.00539907 0.0155548 0.0396009 0.0772404 0.859776 
1.50166e-05 0.000683335 0.001947 0.00388923 0.0179994 0.0591155 0.105004 0.683468 0.0851964 0.0426823 
9.76011e-08 2.78212e-06 4.15699e-05 0.000185896 0.000754197 0.00197094 0.011477 0.0339725 0.657278 0.294317 
4.3417e-07 1.51207e-05 0.000274715 0.000770425 0.00351179 0.0119571 0.0316117 0.609368 0.272229 0.0702613 
3.02236e-21 3.73256e-19 1.04814e-16 2.59983e-14 1.1655e-11 4.52501e-09 4.88198e-05 0.000396693 0.00832407 0.99123 
9.58879e-09 3.76769e-07 3.46015e-06 2.05855e-05 0.000195433 0.00124093 0.00562267 0.0132894 0.0360645 0.943563 
1.34818e-07 5.19468e-06 7.88797e-05 0.000370628 0.00202515 0.00700227 0.0267529 0.082196 0.78463 0.0969385 
6.47142e-08 2.43724e-06 2.23274e-05 0.000227956 0.000753659 0.00198113 0.0091574 0.0238731 0.870962 0.0930202 
7.50834e-07 2.89827e-05 0.000496653 0.00139626 0.00621889 0.0158556 0.0224276 0.0607847 0.786651 0.106139 
4.98474e-10 1.5326e-08 2.15316e-07 1.3508e-06 4.67829e-06 5.31472e-05 0.000914757 0.00271472 0.0168826 0.979428 
0.000117409 0.00457595 0.0193828 0.359899 0.269473 0.18556 0.0426265 0.019645 0.0175675 0.0811525 
3.90292e-07 1.57515e-05 0.000316025 0.000867567 0.00396132 0.0123528 0.0182109 0.037395 0.805807 0.121074 
9.54929e-07 3.82837e-05 0.000710885 0.00185645 0.00781564 0.0167537 0.0192698 0.0628337 0.792185 0.0985354 
1.50227e-07 6.98406e-06 0.000107111 0.000507784 0.00227567 0.00982939 0.0315866 0.080464 0.769329 0.105893 
3.83846e-08 8.89167e-07 1.23193e-05 2.01262e-05 0.000108839 0.000207701 0.00264853 0.00963204 0.0428869 0.944483 
5.17329e-12 1.60205e-10 2.70272e-09 1.55562e-08 7.34002e-08 4.69541e-07 9.81737e-06 2.55786e-05 0.00101978 0.998944 
7.02584e-07 2.7798e-05 0.000564766 0.0023686 0.0107594 0.0457191 0.634405 0.137196 0.113095 0.0558624 
1.54816e-05 0.000775691 0.00536186 0.0242042 0.0901728 0.645084 0.097944 0.0589715 0.0434257 0.0340444 
3.65987e-08 8.65767e-07 1.45191e-05 2.53007e-05 0.000307728 0.00180315 0.0689482 0.023676 0.585325 0.319899 
6.46896e-05 0.00296652 0.0078588 0.0102816 0.0302945 0.035052 0.047011 0.0906037 0.144623 0.631244 
6.30827e-09 2.55503e-07 3.72467e-06 0.000114638 0.000410769 0.00143985 0.00755194 0.0343667 0.0926313 0.863481 
6.02446e-10 1.55467e-08 2.32245e-07 1.12829e-06 6.50144e-05 6.87222e-05 0.000923231 0.00830535 0.0466203 0.944016 
2.86577e-07 1.19294e-05 0.000301956 0.00103311 0.00626424 0.0381148 0.0728387 0.0636411 0.123971 0.693823 
1.13574e-07 4.78063e-06 6.65955e-05 0.000359551 0.000950208 0.0042279 0.0112555 0.0309661 0.819108 0.133061 
8.13543e-07 3.26984e-05 0.000662299 0.00239149 0.0113391 0.0359403 0.249752 0.299797 0.0961908 0.303893 
1.52787e-06 6.37976e-05 0.00114895 0.00495547 0.0188258 0.0511981 0.540358 0.171801 0.168045 0.0436028 
1.17041e-10 3.06469e-09 5.8259e-08 3.90297e-07 3.08073e-06 5.99022e-05 0.000350376 0.00230311 0.0223149 0.974968 
1.65248e-25 4.62618e-23 5.42116e-20 5.4705e-17 6.15057e-14 3.93562e-11 1.54533e-07 7.6438e-05 0.00278723 0.997136 
3.40041e-08 8.5781e-07 1.40969e-05 5.10915e-05 0.00012374 0.000588201 0.0031184 0.00914626 0.0262837 0.960674 
6.97503e-10 1.97455e-08 2.55385e-07 9.62838e-07 9.01009e-06 0.000130679 0.00485209 0.0495576 0.901056 0.0443933 
1.7381e-07 7.37922e-06 9.24199e-05 0.000627999 0.00246804 0.0115374 0.134689 0.167514 0.474176 0.208888 
1.64837e-09 9.01199e-08 7.98408e-07 3.88684e-05 1.87345e-05 8.24758e-05 0.000867403 0.00377506 0.0274726 0.967744 
9.13907e-06 0.000330456 0.000895425 0.00758416 0.0421896 0.114386 0.627424 0.092373 0.0657209 0.0490875 
9.52501e-09 3.84472e-07 3.98118e-06 3.8181e-05 0.000210401 0.000815563 0.00552055 0.0135917 0.0560313 0.923788 
1.19467e-08 5.30415e-07 1.94097e-05 4.54568e-05 0.000440569 0.00112962 0.00812288 0.021883 0.0740798 0.894279 
4.37101e-07 1.74174e-05 0.000338016 0.00104311 0.00416919 0.00874587 0.0110444 0.0312105 0.83871 0.104721 
1.11245e-07 3.31549e-06 6.65411e-05 0.000186638 0.00131524 0.00492909 0.0265664 0.0730057 0.788725 0.105202 
2.22587e-07 6.27918e-06 8.40711e-05 0.000267418 0.00139461 0.00536875 0.0230366 0.0644075 0.787956 0.117479 
4.52463e-07 2.04971e-05 0.000608031 0.00143249 0.00426597 0.0101028 0.0222608 0.0583775 0.116536 0.786396 
0.00109919 0.0192775 0.102306 0.506934 0.268075 0.0613565 0.0242609 0.0119677 0.00343078 0.00129217 
2.3267e-06 0.000107504 0.00189857 0.00606361 0.0264546 0.0599908 0.0699893 0.0883436 0.680284 0.0668653 
1.02307e-42 4.47249e-38 4.85502e-33 1.98317e-28 2.07488e-23 1.46516e-18 2.73746e-13 5.48785e-09 0.000311997 0.999688 
1.2895e-08 5.07537e-07 3.77842e-06 2.40202e-05 0.000210719 0.000427328 0.00403557 0.827593 0.0933255 0.0743798 
7.74048e-08 2.05464e-06 4.12739e-05 0.000100936 0.000497052 0.00223158 0.0107351 0.0280186 0.0627061 0.895667 
2.95809e-07 9.39915e-06 0.000125877 0.000343617 0.00157409 0.00500885 0.0195851 0.05874 0.80773 0.106883 
1.83213e-07 4.31604e-06 5.98198e-05 8.86707e-05 0.000162165 0.000712035 0.00623413 0.0183994 0.8922 0.0821394 
2.03498e-07 5.46712e-06 7.60015e-05 0.000723785 0.00195077 0.00920817 0.035401 0.0843346 0.787553 0.0807474 
1.01462e-07 2.74554e-06 3.49468e-05 0.000154292 0.000577954 0.00184656 0.01533 0.0331004 0.0916598 0.857293 
7.76089e-08 2.20225e-06 3.3156e-05 0.000119346 0.000468278 0.00654675 0.0150038 0.650121 0.161987 0.165718 
2.59521e-07 1.30751e-05 0.000399185 0.00136481 0.00529744 0.0319755 0.38775 0.444343 0.0881942 0.0406623 
1.43163e-07 3.25869e-06 4.56212e-05 4.60962e-05 0.00043732 0.00382235 0.0255406 0.815632 0.0970524 0.0574199 
1.35493e-07 3.34133e-06 4.33996e-05 0.000115305 0.000402011 0.00136133 0.00934686 0.024741 0.0775792 0.886407 
0.000122187 0.00542671 0.0206552 0.134785 0.121332 0.0983822 0.249862 0.226608 0.111201 0.0316253 
2.48545e-08 1.43709e-06 3.18337e-05 0.000193413 0.000887005 0.00208767 0.0139936 0.0439627 0.81499 0.123852 
5.707e-09 4.7713e-07 3.35124e-05 5.09968e-05 0.000182249 0.00117873 0.0048021 0.0197801 0.0661873 0.907785 
4.16242e-07 1.52711e-05 0.000299834 0.000897938 0.00368407 0.0130982 0.0374316 0.100255 0.754488 0.0898294 
6.92699e-10 1.63308e-08 2.58063e-07 4.24514e-07 8.46705e-06 4.23123e-05 0.000754894 0.00665106 0.0415533 0.950989 
8.02115e-07 3.09547e-05 0.000263659 0.0015343 0.00980981 0.0377875 0.0912424 0.682071 0.114456 0.0628044 
1.07129e-05 0.000413153 0.00156797 0.00703397 0.0412932 0.632695 0.119801 0.0928095 0.0682297 0.0361463 
1.64055e-08 7.8689e-07 1.65777e-05 0.00011651 0.000598935 0.00259517 0.01059 0.039174 0.846027 0.100881 
4.73299e-09 1.91014e-07 2.16598e-06 5.75889e-05 0.000225502 0.000563789 0.00584327 0.0157841 0.455541 0.521982 
6.77542e-07 2.88548e-05 0.000729489 0.00178224 0.0063616 0.0147959 0.0227219 0.0525265 0.0999347 0.801118 
5.78673e-08 1.3202e-06 1.85118e-05 1.93414e-05 0.000214476 0.000423547 0.00442877 0.0182238 0.469913 0.506757 
6.16532e-08 1.43228e-06 2.08943e-05 6.58548e-05 0.000547352 0.00652329 0.0336695 0.0866897 0.822344 0.0501375 
7.40041e-07 2.95373e-05 0.000364094 0.00244196 0.0103565 0.138263 0.0815689 0.612147 0.103787 0.0510418 
1.25138e-10 2.84114e-09 3.96242e-08 3.61735e-08 8.65391e-08 2.09025e-06 9.55529e-05 0.000893507 0.00799178 0.991017 
4.53173e-05 0.00204122 0.00839856 0.0471806 0.303711 0.435383 0.155266 0.0274326 0.0144613 0.00608046 
4.09094e-10 9.32171e-09 1.30828e-07 1.55788e-07 8.95918e-07 2.21454e-05 0.0010663 0.0119744 0.0498963 0.93704 
4.53259e-11 1.02895e-09 1.43533e-08 1.359e-08 5.58623e-08 2.72108e-06 4.07325e-05 0.000527492 0.00301262 0.996416 
6.67713e-10 1.53518e-08 2.22686e-07 3.14164e-07 1.97836e-06 3.84769e-05 0.000658657 0.00599279 0.040594 0.952714 
7.99422e-06 0.000375149 0.00240251 0.00806297 0.0316165 0.178186 0.659383 0.0563291 0.0363018 0.0273352 
7.62968e-07 2.75732e-05 0.000340269 0.00227117 0.0158621 0.0397315 0.0576013 0.264093 0.543986 0.0760872 
9.41689e-08 4.11434e-06 4.43532e-05 0.000246552 0.00200949 0.0104638 0.0428838 0.0961801 0.759582 0.0885856 
4.68259e-09 1.10889e-07 1.58634e-06 3.25494e-06 3.50225e-05 0.000119908 0.00142805 0.00757821 0.0333825 0.957451 
1.29797e-06 5.07243e-05 0.000488865 0.00194484 0.00819493 0.0247911 0.0378897 0.0683219 0.104475 0.753842 
1.50134e-10 4.26121e-09 6.45708e-08 4.53987e-07 3.05262e-05 1.03047e-05 0.000158753 0.0010154 0.00874113 0.990043 
8.03038e-10 1.92142e-08 2.95671e-07 8.25036e-07 2.24739e-05 7.24003e-05 0.00119385 0.00692955 0.0429659 0.948815 
0.00242344 0.0355911 0.201886 0.235949 0.459154 0.0595213 0.0045758 0.000683898 0.000208463 7.60375e-06 
6.71643e-24 1.70865e-21 1.77324e-18 1.00139e-15 5.80125e-13 3.25997e-10 3.35151e-06 7.7936e-05 0.00218972 0.997729 
3.9656e-09 1.43762e-07 1.37512e-06 7.34801e-06 0.000100713 0.000523245 0.00353093 0.0100514 0.0536371 0.932148 
0.00260331 0.0395256 0.262308 0.614709 0.0581831 0.0160891 0.00526573 0.00110006 0.000189228 2.70947e-05 
4.82605e-08 1.43075e-06 3.69921e-05 0.000122792 0.000587845 0.00481278 0.0369516 0.768628 0.106812 0.082046 
2.38549e-08 5.41313e-07 7.54736e-06 6.38223e-06 2.20795e-06 6.13053e-05 0.003616 0.0346477 0.918611 0.0430475 
1.18663e-11 2.70471e-10 3.79879e-09 7.41041e-09 1.26614e-07 7.90774e-06 9.27664e-05 0.000948439 0.0122164 0.986734 
1.27477e-05 0.000327851 0.00336371 0.0153312 0.0564959 0.0768496 0.0771767 0.0656297 0.657231 0.0475817 
4.37499e-08 2.47738e-06 4.2897e-05 0.000205334 0.00114732 0.00250404 0.0106724 0.0208534 0.0540111 0.910561 
0.000254248 0.00591846 0.0288802 0.171447 0.0393364 0.0388183 0.028918 0.0309855 0.0380754 0.617367 
3.07894e-07 1.17795e-05 0.000172474 0.00061225 0.00362644 0.0192799 0.69776 0.102521 0.104312 0.0717034 
5.36626e-06 0.000242901 0.00088399 0.00164133 0.00942085 0.0227759 0.0351024 0.0678038 0.0995997 0.762524 
1.60496e-07 4.7386e-06 8.00911e-05 0.000293946 0.00128601 0.00425894 0.0231762 0.0720394 0.800965 0.0978958 
1.36388e-07 3.69289e-06 6.1715e-05 0.000151103 0.000620782 0.00247485 0.0141095 0.337233 0.110951 0.534394 
2.91521e-10 6.63053e-09 9.26654e-08 1.11925e-07 9.42954e-07 5.85754e-05 0.00118155 0.841405 0.0787983 0.0785553 
3.90796e-05 0.00150619 0.00584929 0.0143472 0.137574 0.107592 0.206773 0.47015 0.0444994 0.0116709 
7.6008e-08 3.93983e-06 5.85643e-05 0.000326606 0.00110687 0.00351669 0.0177819 0.0341033 0.0703467 0.872755 
5.12943e-09 2.64204e-07 3.54068e-06 5.09663e-05 0.000202499 0.000370586 0.00409685 0.0279625 0.878942 0.088371 
2.40757e-08 5.52552e-07 7.81707e-06 9.57283e-06 0.000167841 0.000224785 0.00698941 0.0487631 0.873789 0.0700481 
1.03807e-07 2.48688e-06 3.34371e-05 0.000102893 0.000117958 0.00197935 0.0133055 0.0556869 0.852977 0.0757947 
5.95827e-06 0.000264805 0.00148117 0.00498072 0.024841 0.0721938 0.114387 0.657614 0.0879162 0.0363151 
2.9439e-11 6.76934e-10 9.61353e-09 3.33117e-08 6.88173e-07 3.80509e-05 0.000836689 0.0200548 0.919466 0.0596035 
3.09956e-07 1.12258e-05 0.000216802 0.000537466 0.0024914 0.0084948 0.0254233 0.484844 0.330665 0.147316 
6.86737e-08 3.10351e-06 2.05153e-05 0.000277859 0.00120604 0.00448667 0.0173697 0.0481554 0.118417 0.810064 
7.07368e-06 0.000265328 0.00115021 0.00512206 0.0194536 0.0656699 0.591073 0.222213 0.059074 0.0359722 
7.41765e-10 2.19069e-08 2.30323e-07 8.15439e-07 9.10549e-06 8.18093e-05 0.000813378 0.00516883 0.0302589 0.963667 
1.72534e-10 7.07572e-09 1.11022e-07 1.6567e-06 0.000115941 3.30216e-05 0.000194046 0.00106659 0.00272142 0.995867 
1.38541e-07 4.83429e-06 6.68993e-05 0.000383974 0.0020198 0.024063 0.0914432 0.194912 0.439492 0.247614 
7.72058e-08 3.63874e-06 3.81274e-05 0.000165414 0.000904551 0.00370354 0.0136714 0.0319779 0.0726548 0.876881 
2.39528e-11 5.50731e-10 7.84212e-09 2.56237e-08 5.2297e-07 3.1031e-05 0.000266186 0.00254909 0.024827 0.972326 
2.02923e-06 9.14234e-05 0.000455805 0.000944883 0.00601914 0.0181392 0.0251842 0.0547828 0.773655 0.120725 
1.24213e-06 5.10097e-05 0.00093869 0.00272615 0.0102751 0.0418843 0.293878 0.192979 0.291743 0.165524 
5.33409e-10 1.75678e-08 2.69674e-07 2.51623e-06 0.000154706 8.34791e-05 0.00105685 0.00197786 0.00738617 0.989338 
3.74465e-05 0.00143782 0.00442266 0.00990751 0.0393476 0.226629 0.557052 0.0886809 0.0462967 0.0261878 
6.44575e-07 2.92896e-05 0.0007894 0.00202833 0.00742255 0.0299394 0.52428 0.258385 0.115918 0.0612075 
4.63889e-09 2.17979e-07 2.21033e-06 7.6266e-05 0.000181615 0.000619501 0.00482887 0.00913445 0.0290606 0.956096 
7.89922e-05 0.00359946 0.00888662 0.0115642 0.0702899 0.241174 0.423139 0.15895 0.0522883 0.030029 
2.83289e-05 0.00162817 0.0118327 0.0613047 0.56415 0.135735 0.0899309 0.0570957 0.0474086 0.0308862 
1.97772e-08 5.1751e-07 6.01923e-06 1.04148e-05 2.45063e-05 0.0001894 0.00405214 0.853516 0.085555 0.0566459 
1.49323e-06 6.19905e-05 0.000973268 0.00304046 0.0126266 0.0316377 0.0411541 0.0757584 0.113246 0.7215 
1.04106e-12 2.77449e-11 4.86989e-10 1.27193e-09 4.93178e-09 2.87634e-08 9.84457e-07 5.07819e-06 0.000212669 0.999781 
5.64369e-09 2.66442e-07 2.6947e-06 0.000101573 9.45546e-05 0.000702447 0.0063603 0.0141225 0.239562 0.739054 
2.78144e-08 1.27411e-06 1.36829e-05 0.000199429 0.000873083 0.00287022 0.0159983 0.0369612 0.0874601 0.855623 
8.47402e-23 1.22783e-20 6.7977e-18 2.81469e-15 1.3396e-12 1.60261e-09 2.24994e-05 0.000100947 0.00323327 0.996643 
7.35035e-05 0.00302089 0.0152716 0.446196 0.15586 0.293956 0.0534653 0.0176234 0.0107811 0.00375255 
5.6712e-07 2.39093e-05 0.000296089 0.00204696 0.0102067 0.0740132 0.694573 0.134764 0.0510275 0.0330481 
3.32939e-08 8.28208e-07 1.09508e-05 2.56675e-05 0.000225771 0.000790271 0.00371461 0.0108212 0.0216505 0.96276 
4.98795e-08 2.36009e-06 2.35316e-05 0.000200776 0.00163996 0.0036891 0.0170271 0.0402548 0.0863327 0.85083 
6.02651e-10 1.53218e-08 2.6401e-07 1.08521e-06 2.58562e-05 0.000103433 0.000869651 0.00610133 0.216516 0.776382 
1.10044e-23 1.76922e-21 3.46393e-19 1.05997e-16 5.41327e-14 7.12685e-11 1.04027e-06 2.34401e-06 0.000429182 0.999567 
1.51791e-10 5.66207e-09 8.06386e-08 4.28656e-07 2.46897e-06 2.32824e-05 0.000391818 0.000735278 0.00507923 0.993767 
2.71428e-09 1.12753e-07 4.96288e-06 5.2322e-06 0.000201867 0.000356703 0.00570712 0.0318254 0.0835054 0.878393 
6.72332e-07 2.85351e-05 0.000639084 0.00184628 0.00654771 0.258533 0.0633629 0.427785 0.203481 0.037776 
0.00015686 0.00419031 0.0256719 0.0469618 0.115526 0.149349 0.599002 0.0349577 0.0166657 0.007519 
4.43894e-12 1.08004e-10 1.65087e-09 2.18635e-08 5.37717e-07 3.01369e-05 0.000777584 0.883873 0.058161 0.0571578 
3.82521e-09 1.479e-07 1.45969e-06 2.1842e-05 0.000141843 0.000252633 0.00259251 0.0137177 0.659511 0.323761 
8.38343e-06 0.000257517 0.0011612 0.00428522 0.0109249 0.024111 0.0930438 0.043956 0.623879 0.198373 
3.25404e-05 0.00103554 0.00574862 0.0147701 0.0296589 0.0578787 0.709238 0.107843 0.0622772 0.0115166 
1.45558e-06 7.82112e-05 0.00169105 0.0123444 0.0592646 0.410668 0.376924 0.0601154 0.0484432 0.0304703 
6.64835e-08 1.56468e-06 2.13987e-05 3.15337e-05 0.000255108 0.00077567 0.00636864 0.432693 0.493557 0.0662967 
2.13369e-08 6.20498e-07 1.90538e-05 3.03709e-05 0.000156153 0.00153403 0.0120725 0.0512009 0.88661 0.048376 
7.94075e-08 3.706e-06 5.94312e-05 0.000393031 0.0016985 0.00703387 0.0346379 0.751061 0.124071 0.0810419 
9.9381e-08 4.58609e-06 7.53036e-05 0.000305968 0.00120162 0.00527316 0.0254721 0.14501 0.535534 0.287124 
2.20267e-05 0.00100328 0.00353312 0.00623505 0.0221755 0.0511342 0.0729166 0.0916128 0.68656 0.0648076 
1.28837e-07 5.98293e-06 6.579e-05 0.000409711 0.00251326 0.00591699 0.0230228 0.0673463 0.784377 0.116342 
1.87584e-09 9.74487e-08 8.56737e-07 3.93536e-05 2.38158e-05 0.000193941 0.00215186 0.00294525 0.00646637 0.988178 
1.28746e-07 6.11743e-06 8.22607e-05 0.000331612 0.0017795 0.00625761 0.0208264 0.0678954 0.758017 0.144804 
9.00927e-09 3.30281e-07 3.70474e-06 4.52771e-05 0.000329149 0.000844484 0.00629492 0.017925 0.0675976 0.90696 
3.36801e-05 0.00123019 0.00522763 0.0219833 0.0526702 0.0834616 0.103402 0.0770876 0.626429 0.0284738 
2.61762e-07 1.13319e-05 0.000276817 0.000832745 0.00364505 0.0330963 0.315818 0.286986 0.317973 0.0413608 
1.31367e-09 3.09345e-08 4.978e-07 8.29074e-07 1.07445e-05 0.000122209 0.00318428 0.0233604 0.0729122 0.900409 
6.58783e-06 0.000304373 0.00392448 0.00884527 0.0270534 0.073981 0.118137 0.688591 0.0575157 0.0216406 
4.30946e-10 9.9821e-09 1.4698e-07 2.63898e-07 2.10224e-06 2.25325e-05 0.000318412 0.00272789 0.0141065 0.982822 
4.95375e-06 0.000181409 0.000481725 0.0037386 0.0168924 0.0745715 0.153836 0.629594 0.0709548 0.0497449 
8.57424e-10 2.57454e-08 3.53266e-07 3.5271e-06 6.62257e-06 0.000133886 0.00162202 0.0195125 0.918805 0.0599158 
3.9733e-08 1.39252e-06 1.68072e-05 0.000391374 0.00202673 0.0146222 0.0608183 0.766066 0.100645 0.0554125 
8.16017e-08 2.97314e-06 2.71262e-05 0.000259445 0.00107303 0.00262364 0.0116202 0.0321214 0.0937632 0.858509 
9.62238e-05 0.0043744 0.0113562 0.0157052 0.0469361 0.0656407 0.071623 0.608497 0.111674 0.0640973 
4.60762e-08 2.11772e-06 1.56605e-05 0.000161511 0.000924853 0.00283307 0.0124381 0.0228567 0.0742311 0.886537 
4.62846e-09 1.78126e-07 2.02359e-06 5.26712e-05 0.000243577 0.000447939 0.00518102 0.0309416 0.104008 0.859123 
3.0576e-08 1.34888e-06 1.30304e-05 0.000141943 0.000582599 0.00145005 0.00719359 0.011436 0.0244465 0.954735 
1.60261e-08 8.41419e-07 9.89974e-06 0.000184528 0.000465405 0.00153157 0.0102143 0.0137514 0.0329177 0.940924 
8.28156e-07 3.15336e-05 0.000293718 0.00105635 0.00520011 0.0139209 0.020446 0.0375417 0.0838043 0.837705 
5.40808e-18 1.26969e-15 5.20997e-14 5.6725e-12 6.2574e-10 8.6574e-08 0.000131036 0.00296615 0.339834 0.657069 
1.23794e-07 2.85582e-06 3.96148e-05 5.53089e-05 7.82522e-05 0.000816631 0.0103665 0.0408141 0.852767 0.0950601 
2.12714e-07 6.28972e-06 8.73554e-05 0.000336584 0.00168343 0.00574561 0.0232599 0.0624332 0.116896 0.789551 
2.66411e-09 1.29957e-07 1.24756e-06 4.96644e-05 4.81088e-05 0.000373639 0.00351676 0.0086579 0.0429631 0.944389 
4.9565e-07 2.25382e-05 0.000631199 0.0016026 0.00516981 0.0151016 0.0339767 0.0591448 0.249821 0.63453 
1.59507e-10 4.44451e-09 7.9778e-08 3.03232e-07 1.37393e-06 7.75497e-06 9.29215e-05 0.000445136 0.00370587 0.995747 
9.52689e-08 4.21446e-06 9.00027e-05 0.000280928 0.00177824 0.00990241 0.293083 0.264348 0.256201 0.174312 
2.38103e-05 0.000753359 0.00554068 0.0116215 0.026909 0.638618 0.0718786 0.0477561 0.174577 0.0223216 
1.14979e-06 4.35155e-05 0.000446691 0.00152547 0.00613875 0.0208005 0.0812156 0.369977 0.145814 0.374038 
4.15456e-08 1.54155e-06 1.47662e-05 0.00014012 0.000557705 0.00153609 0.00645144 0.011384 0.0259341 0.95398 
1.07095e-07 4.67665e-06 3.71157e-05 0.000436889 0.00303195 0.00969378 0.0318797 0.0634141 0.0913118 0.80019 
7.92819e-10 2.83987e-08 3.11438e-07 6.64342e-06 6.70171e-06 6.68799e-05 0.000695376 0.00233845 0.00984308 0.987043 
1.9185e-05 0.00087514 0.00285686 0.00427399 0.0126565 0.0182863 0.0155034 0.0252009 0.0489215 0.871406 
2.78732e-07 1.09693e-05 0.000194186 0.000599076 0.00244233 0.00615651 0.00785537 0.0173739 0.468197 0.49717 
7.93709e-22 1.00335e-19 3.70528e-17 1.18414e-14 5.47668e-12 4.08432e-09 5.32705e-05 0.000335763 0.00892641 0.990685 
1.65943e-06 6.29945e-05 0.000603433 0.0024423 0.0126437 0.0307368 0.0392165 0.0702138 0.732936 0.111143 
1.58453e-08 6.64593e-07 7.83485e-06 0.000141692 0.000670818 0.00239045 0.0166114 0.0365036 0.0877435 0.85593 
1.8602e-08 7.09067e-07 1.33633e-05 6.14699e-05 0.000251206 0.00113069 0.00804096 0.0445856 0.159056 0.78686 
5.02683e-07 2.23397e-05 0.000611191 0.0014842 0.00474889 0.0103949 0.0273684 0.04661 0.0713687 0.837391 
8.6999e-08 4.43339e-06 6.75979e-05 0.000346526 0.00170337 0.0040186 0.0148221 0.0363891 0.0738044 0.868844 
1.19333e-21 2.55007e-19 1.18993e-17 8.2791e-16 7.86778e-14 1.66896e-11 4.21082e-08 6.62455e-05 0.00301934 0.996914 
5.7146e-07 2.28196e-05 0.000438188 0.00234739 0.0079611 0.0219261 0.0524332 0.0952042 0.740292 0.0793748 
4.96634e-08 1.82937e-06 1.64438e-05 0.000180917 0.000734292 0.00181473 0.00905455 0.0237477 0.0745629 0.889887 
5.95143e-06 0.000218019 0.000702045 0.00432758 0.442849 0.260978 0.0987332 0.0851361 0.069984 0.0370661 
3.38189e-08 1.39264e-06 1.16208e-05 0.000146472 0.000448096 0.00136428 0.00811411 0.0214264 0.0648355 0.903652 
1.02268e-07 4.41024e-06 2.69465e-05 0.000274322 0.00133727 0.00406508 0.01182 0.0239276 0.0487225 0.909822 
9.28631e-06 0.000332972 0.00120947 0.00542871 0.0253238 0.0616185 0.0818336 0.0950911 0.667467 0.061686 
9.77173e-10 2.96868e-08 3.70648e-07 5.45002e-06 1.29733e-05 0.000903613 0.0181796 0.905567 0.0523506 0.0229804 
4.30679e-08 2.47484e-06 4.66092e-05 0.000214815 0.000843933 0.00376617 0.0260241 0.762516 0.107533 0.0990535 
1.53816e-06 5.64795e-05 0.000238594 0.000886599 0.00474444 0.016158 0.162745 0.0801063 0.267694 0.467369 
2.40193e-07 8.54615e-06 0.000107743 0.000421177 0.00329219 0.00589108 0.0151377 0.0967618 0.488829 0.389551 
2.44513e-06 0.000103694 0.00122635 0.00422189 0.0207323 0.0701415 0.627792 0.121282 0.0978362 0.0566612 
1.28256e-08 4.90706e-07 4.14659e-06 2.49765e-05 0.000170298 0.000742153 0.00411911 0.012159 0.0471826 0.935597 
7.49785e-07 3.29815e-05 0.00062351 0.0033593 0.0282991 0.104742 0.62806 0.0906848 0.0810584 0.0631386 
9.63869e-06 0.000368436 0.00311877 0.0155045 0.0533138 0.190112 0.113451 0.271378 0.310521 0.0422217 
4.2014e-08 1.89592e-06 1.5343e-05 0.000242052 0.000837648 0.00355317 0.0170201 0.039758 0.796874 0.141698 
7.59895e-07 2.73452e-05 0.000499152 0.00136513 0.00559318 0.0168504 0.044653 0.70329 0.129563 0.098158 
7.06375e-07 2.77762e-05 0.000517788 0.00145704 0.00634327 0.0155281 0.0178906 0.0334935 0.0637903 0.860951 
1.68204e-08 4.94821e-07 7.09014e-06 3.77603e-05 0.000340622 0.00547444 0.0576281 0.254261 0.328449 0.353801 
1.19974e-10 3.68757e-09 5.74343e-08 3.1064e-07 1.83159e-06 2.9662e-05 0.000182566 0.000727906 0.33273 0.666328 
9.67292e-06 0.000348816 0.000946175 0.00552118 0.0309723 0.0866567 0.130952 0.620222 0.0890032 0.035368 
1.19559e-09 3.06605e-08 4.62417e-07 2.15955e-06 0.000116462 0.0001021 0.00242498 0.0179983 0.884167 0.0951881 
5.44694e-09 2.27982e-07 2.84147e-06 3.82297e-05 0.000103927 0.000461315 0.00372846 0.0104949 0.0468042 0.938366 
1.0665e-10 4.56027e-09 5.46013e-08 1.66199e-06 8.98811e-06 1.80654e-05 0.00545979 0.926778 0.0461077 0.021626 
2.46637e-07 1.11672e-05 0.000121704 0.000423164 0.00312949 0.00792816 0.0210888 0.0487606 0.108321 0.810215 
2.14441e-11 4.86676e-10 6.78748e-09 5.86565e-09 6.71937e-09 3.24147e-07 5.91588e-05 0.000944661 0.014735 0.984261 
5.29411e-07 2.8313e-05 0.000293975 0.00203354 0.00942499 0.0909514 0.10164 0.322224 0.237303 0.236099 
1.97848e-07 4.90654e-06 0.000100017 0.000126529 0.000557093 0.00317151 0.0221086 0.788528 0.11935 0.0660536 
2.86509e-08 1.19387e-06 2.49022e-05 0.000110075 0.000713546 0.00638604 0.12112 0.56958 0.0612792 0.240785 
1.64574e-06 6.12058e-05 0.000944294 0.00407889 0.0263005 0.0717172 0.112357 0.637507 0.097853 0.049179 
1.4712e-07 4.73523e-06 0.000100748 0.000290402 0.000851799 0.00270725 0.0150928 0.0402574 0.827613 0.113082 
3.12127e-05 0.00143026 0.00368831 0.0047878 0.0166697 0.0259084 0.765465 0.128036 0.0414651 0.0125177 
3.40504e-12 8.17848e-11 1.40362e-09 4.847e-09 3.48597e-08 1.9018e-07 2.30242e-05 0.00021974 0.00797679 0.99178 
1.72878e-05 0.000779077 0.002606 0.00816251 0.0292612 0.0390034 0.0469102 0.0605663 0.0833972 0.729297 
2.1556e-10 5.06496e-09 7.72785e-08 1.84301e-07 1.57249e-06 2.14333e-05 0.000442706 0.00919481 0.932453 0.0578863 
1.53032e-07 5.87845e-06 7.93552e-05 0.000274789 0.00110684 0.00298117 0.0125332 0.0401594 0.839776 0.103083 
1.71119e-06 6.34208e-05 0.00032361 0.00148742 0.00484314 0.0170566 0.0493416 0.51718 0.284356 0.125346 
6.71582e-08 1.96151e-06 3.44257e-05 0.000136223 0.000561354 0.00380366 0.0244799 0.25535 0.661705 0.0539278 
9.28848e-08 3.55775e-06 2.36436e-05 0.000123895 0.000919387 0.00192796 0.00586162 0.022447 0.543764 0.424928 
1.80639e-07 4.59968e-06 8.36381e-05 0.000239585 0.00257938 0.0285079 0.0951681 0.708151 0.0818162 0.083449 
3.79948e-07 1.23455e-05 0.000133071 0.00059746 0.00326035 0.0113287 0.0315196 0.083485 0.130464 0.739199 
5.86425e-08 2.83571e-06 3.60331e-05 0.00019225 0.000929273 0.0030992 0.0160392 0.0448668 0.803844 0.130991 
4.99143e-10 1.1552e-08 1.67282e-07 3.37371e-07 3.10172e-06 2.72217e-05 0.000305767 0.00211998 0.00933919 0.988204 
6.18552e-11 2.1387e-09 3.6097e-08 3.87156e-07 2.49312e-05 1.0841e-05 0.000119498 0.000888456 0.0088044 0.990151 
3.09694e-09 1.79796e-07 2.49406e-06 3.33537e-05 0.000129524 0.000224165 0.00187561 0.00952521 0.187882 0.800328 
2.31815e-08 9.18798e-07 1.89727e-05 0.000127215 0.000614458 0.00337929 0.0127252 0.0838928 0.654207 0.245034 
5.55431e-07 2.20551e-05 0.000471304 0.00127733 0.00511528 0.0125403 0.0124853 0.0250731 0.0670655 0.875949 
1.91022e-07 4.63461e-06 8.44539e-05 0.00012433 0.000509568 0.00237708 0.0200097 0.81113 0.103364 0.0623952 
2.14625e-09 7.04852e-08 8.2845e-07 5.64163e-06 2.03604e-05 0.000180652 0.0012917 0.00443628 0.034603 0.959462 
2.92596e-08 1.20285e-06 1.04352e-05 0.000141945 0.000487936 0.00211902 0.0112712 0.0294907 0.0871848 0.869293 
1.28052e-05 0.000374358 0.00146223 0.00652312 0.0187399 0.102008 0.511528 0.156874 0.137374 0.0651034 
2.47074e-05 0.00113303 0.00315166 0.00410512 0.0114018 0.0134422 0.0200748 0.0189163 0.117308 0.810443 
2.94981e-09 1.48694e-07 1.44871e-06 5.97163e-05 0.000255364 0.000191097 0.00209159 0.00732252 0.0406309 0.949447 
4.97227e-08 2.12673e-06 3.52593e-05 0.000305533 0.00152652 0.00903685 0.0428234 0.769264 0.114882 0.062125 
8.07864e-07 3.13296e-05 0.000605054 0.00175156 0.00708151 0.0170101 0.01174 0.0237923 0.057569 0.880418 
1.14978e-06 4.90782e-05 0.000992771 0.00238098 0.00895558 0.0226843 0.0349077 0.501704 0.333445 0.0948794 
3.32729e-07 1.35002e-05 0.000304339 0.000879726 0.00358153 0.0131891 0.035504 0.0820597 0.12948 0.734988 
5.2877e-08 2.64952e-06 3.3835e-05 0.000236512 0.000842439 0.00246995 0.0158466 0.420003 0.4757 0.0848651 
9.45126e-08 3.94782e-06 4.41864e-05 0.000265013 0.00132446 0.00265903 0.0067126 0.0113397 0.0158736 0.961777 
4.71935e-09 1.88552e-07 2.3162e-06 2.71962e-05 8.35798e-05 0.000403226 0.00290536 0.00802162 0.0319348 0.956622 
1.07616e-06 4.07604e-05 0.000784796 0.00207378 0.00894125 0.020785 0.0263375 0.0658536 0.75564 0.119542 
4.48553e-07 1.95367e-05 0.000359827 0.00124382 0.00554135 0.0150577 0.0330432 0.0564256 0.0890138 0.799295 
6.7635e-07 2.65856e-05 0.000524467 0.00150601 0.00654462 0.0162804 0.0260854 0.0553338 0.0940463 0.799652 
5.18116e-08 2.81656e-06 7.90553e-05 0.000251638 0.000488754 0.00153627 0.00691344 0.0165655 0.0489654 0.925197 
1.85191e-09 6.27161e-08 8.083e-07 9.24372e-06 1.84802e-05 0.000115589 0.00124469 0.00589828 0.033724 0.958989 
0.00236427 0.0396364 0.44317 0.359482 0.0863666 0.0420643 0.0195439 0.00450636 0.00231948 0.000547464 
2.23705e-16 3.49759e-14 2.66006e-12 3.41204e-10 1.50103e-08 1.2001e-06 6.53346e-05 0.000800837 0.0142456 0.984887 
1.17178e-10 2.81661e-09 4.35693e-08 1.24046e-07 3.97087e-06 2.96265e-05 0.00035819 0.00321111 0.017764 0.978633 
2.00705e-07 5.5399e-06 8.88457e-05 0.000222746 0.00117873 0.00414627 0.019676 0.0754812 0.788663 0.110537 
9.74043e-08 2.68894e-06 4.90218e-05 0.000122618 0.000837838 0.00214938 0.0215796 0.582726 0.0905999 0.301933 
8.07186e-06 0.000294946 0.00104084 0.00593483 0.0209487 0.0693474 0.645584 0.108035 0.0854142 0.0633928 
1.60513e-10 3.64444e-09 5.08312e-08 4.65079e-08 1.01661e-07 4.31472e-06 0.000169217 0.00368167 0.0286348 0.96751 
5.30144e-05 0.00333401 0.0386491 0.0671485 0.182168 0.428232 0.10487 0.12832 0.0313891 0.0158353 
0.000939372 0.0186779 0.134497 0.73845 0.0879103 0.0156119 0.00304252 0.000712306 0.00014827 1.08403e-05 
8.6674e-07 3.5143e-05 0.000697581 0.00178507 0.00684388 0.0184675 0.04047 0.100943 0.750239 0.0805181 
1.28084e-10 2.9342e-09 4.20407e-08 6.08321e-08 5.17564e-07 1.75232e-05 0.000192079 0.00249675 0.0173691 0.979924 
4.76128e-13 1.08862e-11 1.70355e-10 3.85214e-09 7.66121e-07 0.000743242 0.632019 0.140199 0.0213358 0.205702 
1.03903e-16 2.35785e-15 3.3042e-14 2.25466e-13 2.52724e-10 6.69952e-08 0.000234151 0.00734938 0.9686 0.0238167 
3.79029e-10 1.12205e-08 1.8844e-07 1.3568e-06 8.49916e-05 4.5334e-05 0.000630099 0.00309099 0.020329 0.975818 
1.97345e-07 8.12852e-06 0.000128349 0.000503172 0.00237088 0.00444414 0.0113906 0.0250321 0.0630651 0.893057 
3.42855e-09 1.69043e-07 1.69841e-06 6.50681e-05 0.000179045 0.000259242 0.00353807 0.00737254 0.033009 0.955575 
2.01273e-07 7.78989e-06 9.06613e-05 0.000358877 0.00171728 0.00672616 0.0198611 0.0440937 0.371576 0.555568 
6.44762e-17 1.40829e-14 6.31853e-13 4.44379e-11 3.45313e-09 4.54548e-07 9.23316e-05 0.00173838 0.0208889 0.97728 
1.37152e-07 4.77921e-06 3.89471e-05 0.000361211 0.00195655 0.00810776 0.023129 0.0530366 0.0903092 0.823056 
7.15605e-07 2.52756e-05 0.00014261 0.000506228 0.0022646 0.00495308 0.00912171 0.0159266 0.0372146 0.929845 
1.71746e-07 4.35595e-06 7.69174e-05 0.000185163 0.000457778 0.00392229 0.0325424 0.760803 0.110783 0.091225 
6.27156e-10 1.45205e-08 2.15659e-07 3.36007e-07 2.35467e-06 2.24716e-05 0.000357664 0.00237269 0.0143847 0.98286 
7.69647e-08 2.10609e-06 4.01957e-05 0.000113881 0.000503952 0.00206011 0.0105601 0.0228291 0.422156 0.541734 
1.3146e-07 5.7414e-06 6.56291e-05 0.000505165 0.0120988 0.165628 0.224675 0.17146 0.177221 0.248341 
4.77594e-07 1.83419e-05 0.000522389 0.000963304 0.0026538 0.00847983 0.0362587 0.719096 0.140912 0.0910953 
2.55097e-07 1.01686e-05 0.000175705 0.000640065 0.00340146 0.00984004 0.0305282 0.703717 0.138806 0.112881 
3.86622e-11 8.78732e-10 1.22681e-08 1.17106e-08 2.57357e-08 1.69738e-06 1.88233e-05 0.000515406 0.00499274 0.994471 
6.57781e-07 2.58814e-05 0.000459275 0.00150169 0.00690965 0.0183469 0.0278853 0.0810854 0.750869 0.112916 
5.98389e-08 2.70007e-06 2.74478e-05 0.000209516 0.00173837 0.0102155 0.0556706 0.734895 0.118355 0.0788862 
1.08724e-09 3.22601e-08 5.13987e-07 3.23849e-06 3.51631e-05 0.00021276 0.00239858 0.00378907 0.0128301 0.980731 
1.1949e-09 4.9581e-08 5.82486e-07 1.65716e-05 7.83254e-05 0.000129793 0.00156192 0.00317216 0.0107821 0.984258 
2.74346e-08 7.40342e-07 9.33261e-06 9.25855e-05 4.99084e-05 0.000618048 0.00581197 0.0198514 0.0579184 0.915648 
1.614e-10 4.79871e-09 8.41152e-08 6.33121e-07 8.09506e-06 1.64561e-05 0.000190506 0.000703067 0.00421856 0.994863 
6.96371e-06 0.000285381 0.00177661 0.00952859 0.311024 0.0761427 0.236901 0.277801 0.0583834 0.0281496 
4.79743e-08 1.25356e-06 1.63214e-05 8.52362e-05 0.000310246 0.00143944 0.00877884 0.0354216 0.841899 0.112048 
1.13958e-08 5.50471e-07 5.33132e-06 5.3804e-05 0.000283568 0.000892552 0.00594316 0.0138702 0.0515123 0.927439 
5.49053e-08 1.54888e-06 3.01315e-05 0.000110395 0.00041486 0.00161979 0.0217002 0.0409682 0.471803 0.463352 
6.13795e-07 2.52728e-05 0.000460149 0.00209515 0.0109412 0.110152 0.0388517 0.0965937 0.471635 0.269245 
0.000185647 0.00847319 0.0314222 0.0613205 0.165392 0.608377 0.0797452 0.0237307 0.0149155 0.00643812 
1.95421e-08 9.82789e-07 1.20198e-05 0.000149373 0.000673304 0.00154208 0.00990841 0.0229795 0.844333 0.120402 
3.07621e-09 1.36054e-07 2.43348e-06 1.97266e-05 7.84161e-05 0.000153506 0.00150843 0.0269794 0.013803 0.957455 
2.90763e-05 0.00129113 0.00435173 0.00939117 0.0319509 0.0621371 0.270829 0.0695002 0.522273 0.0282465 
3.81119e-05 0.00174502 0.00466712 0.00599377 0.0170857 0.0694699 0.088821 0.697045 0.0764957 0.0386385 
5.0015e-06 0.00017985 0.000554091 0.00228376 0.0095953 0.108353 0.421723 0.267591 0.0861354 0.103579 
5.04377e-19 9.09923e-17 8.50561e-15 1.20154e-12 1.81937e-10 2.90957e-08 4.74208e-06 0.000207326 0.00400873 0.995779 
