6878
2.01177e-09 5.4104e-08 1.05481e-06 1.47302e-05 0.00020963 0.000433228 0.00245621 0.0101185 0.0424751 0.944291 
4.01484e-27 1.69667e-24 3.12506e-21 7.64615e-18 1.15607e-14 5.7047e-12 2.52132e-08 5.60153e-06 0.000980583 0.999014 
2.24714e-07 5.12712e-06 7.31027e-05 6.45127e-05 0.000283426 0.000575242 0.00750109 0.0293334 0.078436 0.883728 
2.10015e-09 5.6529e-08 1.09993e-06 1.61648e-05 0.000198818 0.000460778 0.00352526 0.0213112 0.893229 0.0812575 
1.30499e-09 3.13636e-08 4.82893e-07 1.23323e-06 4.27657e-05 0.000112232 0.00306132 0.0324583 0.903129 0.0611947 
2.19071e-10 4.9749e-09 6.94073e-08 6.44753e-08 1.74215e-07 1.00894e-05 0.000566621 0.00469481 0.024319 0.970409 
3.18633e-09 8.42665e-08 1.9942e-06 2.74563e-05 0.000101789 0.000877758 0.00409771 0.0168804 0.0664206 0.911592 
7.81649e-06 0.000325914 0.0032041 0.00478644 0.0117012 0.0421049 0.759205 0.103709 0.0607168 0.014239 
1.17899e-06 4.31075e-05 0.000149889 0.000518268 0.00336856 0.0183809 0.485576 0.361945 0.122142 0.00787509 
7.05367e-08 1.69669e-06 2.53094e-05 0.000115832 0.000739699 0.00476406 0.0228755 0.394783 0.0997644 0.476931 
1.72956e-08 4.89229e-07 1.35792e-05 3.78076e-05 0.000428675 0.0012474 0.00499222 0.018048 0.7752 0.200032 
5.03708e-06 0.000178736 0.000159736 0.000886789 0.0190079 0.271252 0.358607 0.250463 0.0812801 0.0181599 
1.03667e-05 0.000370253 0.000289506 0.00493817 0.0231823 0.0744266 0.774157 0.077591 0.0345219 0.0105125 
5.89625e-06 0.000215229 0.000423341 0.00479547 0.0186107 0.0629676 0.114523 0.497915 0.297759 0.00278467 
1.25723e-09 3.3574e-08 5.5654e-07 2.86363e-06 0.00014461 0.000120366 0.00150146 0.00532604 0.0198363 0.973068 
9.58012e-06 0.000344931 0.000519017 0.00475589 0.0208405 0.0816579 0.805024 0.0663636 0.0179161 0.00256829 
1.87527e-07 9.88554e-06 0.000215301 0.00488502 0.352672 0.0551157 0.242891 0.293729 0.0382229 0.0122595 
3.79689e-10 8.82638e-09 1.25434e-07 2.32382e-07 6.81272e-06 1.08646e-05 0.00030437 0.00208348 0.0187689 0.978825 
4.85709e-09 3.71415e-07 2.32902e-05 1.78609e-05 0.000537144 0.00534862 0.0320751 0.858645 0.0728156 0.0305367 
1.13389e-18 2.18073e-16 1.65869e-14 2.33017e-12 3.8185e-10 6.43389e-08 0.000103218 0.00128206 0.0229001 0.975715 
8.78779e-09 5.47211e-07 3.32911e-05 0.000168488 0.00243811 0.0297435 0.796778 0.0786187 0.0603363 0.0318835 
1.4861e-07 3.56154e-06 6.42998e-05 0.000159429 0.000398862 0.00253869 0.01236 0.0353344 0.86041 0.0887307 
1.58445e-09 4.43208e-08 7.55548e-07 5.58033e-06 0.000250818 0.000196758 0.00224819 0.0108714 0.0513216 0.935105 
9.79877e-08 2.29861e-06 3.73894e-05 5.50315e-05 0.000280924 0.00137473 0.00682286 0.0232132 0.0504313 0.917782 
1.11192e-08 3.66317e-07 7.86474e-06 0.000133251 0.0012391 0.00928852 0.0511327 0.822758 0.0862707 0.0291692 
7.02747e-06 0.000262855 0.00100281 0.00275721 0.0132275 0.066488 0.816869 0.0741986 0.0219019 0.00328499 
5.35538e-06 0.000204453 0.00086243 0.00901975 0.701693 0.14991 0.0886473 0.0362305 0.0108018 0.00262596 
5.00829e-12 1.21317e-10 1.84284e-09 2.30232e-08 5.56109e-07 3.06019e-05 0.000353608 0.00409316 0.262763 0.732759 
1.25836e-09 3.29655e-08 5.25966e-07 2.61435e-06 0.000132332 0.000126498 0.00158361 0.00758483 0.0386955 0.951874 
9.71578e-11 2.35558e-09 4.11357e-08 9.77689e-08 1.40741e-06 1.59598e-05 0.000394599 0.0017802 0.0193339 0.978474 
4.27998e-06 0.000154218 0.000270496 0.00215207 0.00980424 0.0481857 0.743593 0.174168 0.018905 0.00276318 
2.56551e-06 9.1011e-05 6.54e-05 0.000474125 0.00340431 0.0235173 0.615838 0.284314 0.0579005 0.0143926 
6.87332e-06 0.000243253 0.000334903 0.0020206 0.00685448 0.0229205 0.0488433 0.0943863 0.798299 0.0260904 
0.000180906 0.00609356 0.0995583 0.384355 0.0645943 0.116549 0.0386419 0.268695 0.0174953 0.00383678 
1.36581e-09 3.67342e-08 5.73034e-07 3.33044e-06 0.000184015 0.000173779 0.00173766 0.0101221 0.046439 0.94134 
8.95904e-10 2.08644e-08 3.15691e-07 5.84778e-07 5.56414e-06 8.50012e-05 0.00151675 0.0130757 0.0527487 0.932567 
1.42935e-07 3.29677e-06 4.95839e-05 6.72838e-05 0.000317177 0.00103202 0.00658969 0.0229369 0.0707452 0.898259 
6.75923e-10 1.88076e-08 2.84699e-07 2.01403e-06 0.000120674 5.97602e-05 0.000696329 0.0035884 0.026976 0.968557 
6.38475e-10 1.49486e-08 2.2244e-07 6.06684e-07 4.08152e-06 6.21946e-05 0.000509281 0.00341711 0.0167963 0.97921 
1.99505e-08 4.52768e-07 6.31435e-06 5.40723e-06 3.32756e-06 6.31982e-05 0.00388588 0.870272 0.0836712 0.042092 
1.22102e-07 6.92996e-06 0.000155207 0.00159972 0.0785726 0.177236 0.270334 0.360827 0.103841 0.00742773 
8.29874e-06 0.000295941 0.000334881 0.00213324 0.00855674 0.0379627 0.79989 0.0941409 0.0484811 0.00819625 
1.66977e-08 4.99448e-07 1.14423e-05 0.000320496 0.00411977 0.259391 0.578344 0.0827864 0.0542443 0.0207829 
1.33669e-09 3.73288e-08 6.25961e-07 3.70113e-06 0.000214865 0.000121416 0.00201224 0.00665672 0.0262708 0.96472 
4.54599e-09 1.77952e-07 7.83255e-06 7.12266e-05 0.00041083 0.00180016 0.00511446 0.0197213 0.0615904 0.911284 
1.14709e-05 0.000407062 0.000262011 0.00287297 0.00814993 0.0260846 0.0562614 0.797345 0.0854277 0.0231778 
9.0465e-11 2.46301e-09 3.90617e-08 2.73317e-07 1.21606e-05 1.59407e-05 0.000357358 0.00553287 0.945229 0.048852 
9.78516e-05 0.00293783 0.0189567 0.0504405 0.633988 0.233024 0.0488806 0.00961122 0.00166472 0.000398478 
3.13743e-10 7.34544e-09 1.17601e-07 1.5044e-07 8.82504e-07 9.6596e-06 0.000242406 0.0010111 0.00429311 0.994443 
1.30631e-07 3.13256e-06 5.58661e-05 0.000126839 0.000723385 0.00422331 0.0155181 0.0510749 0.107983 0.820291 
1.15973e-19 1.40909e-17 3.47972e-15 5.82224e-13 1.11077e-10 2.75451e-08 6.24244e-05 0.000321364 0.00506021 0.994556 
1.08732e-05 0.000388135 0.0004419 0.00334868 0.0136306 0.0535204 0.255198 0.460948 0.203824 0.00868963 
3.85742e-08 1.325e-06 1.35505e-05 0.000178182 0.0016294 0.0122265 0.0417133 0.0877023 0.826786 0.0297495 
1.27168e-09 2.99133e-08 4.45526e-07 9.62683e-07 2.34104e-05 8.58455e-05 0.00118712 0.00899444 0.0472961 0.942412 
1.57248e-07 3.57553e-06 5.0042e-05 4.51695e-05 0.000198618 0.000729038 0.0108439 0.0486689 0.87794 0.0615209 
2.31858e-08 6.92437e-07 1.24933e-05 0.000195959 0.00132611 0.00885065 0.0370547 0.0821752 0.096028 0.774356 
9.81166e-08 2.31055e-06 3.81332e-05 6.07112e-05 0.000214272 0.00165091 0.00795414 0.131281 0.148098 0.7107 
1.69029e-10 3.84075e-09 5.36252e-08 5.6426e-08 2.80109e-07 1.44168e-05 0.000333237 0.00524641 0.035378 0.959028 
2.18806e-07 5.06587e-06 7.72764e-05 0.000140291 0.000487089 0.00562318 0.0215328 0.817217 0.106592 0.0483249 
1.28278e-08 8.59731e-07 3.8239e-05 0.000431998 0.00194179 0.0137824 0.0429543 0.813072 0.0908826 0.0368957 
1.41359e-09 3.91838e-08 6.49266e-07 3.94734e-06 0.00021664 0.000148222 0.00196589 0.0073616 0.0360781 0.954225 
2.49183e-07 5.92793e-06 0.000103457 0.000140843 0.000393389 0.00258114 0.015391 0.793236 0.126958 0.0611893 
1.90288e-08 4.49458e-07 7.14125e-06 4.13385e-05 0.000143192 0.00114201 0.00506367 0.0259358 0.0728879 0.894778 
9.74927e-06 0.000351385 0.000636793 0.003956 0.0157327 0.051581 0.100615 0.755191 0.0627203 0.00920688 
5.71105e-08 1.31328e-06 1.95647e-05 1.71366e-05 0.000211866 0.0112605 0.772848 0.0621345 0.0851849 0.0683218 
5.52476e-08 1.49714e-06 3.86604e-05 7.95612e-05 0.00034527 0.00314599 0.0121739 0.0560223 0.870933 0.0572597 
4.5925e-06 0.000168894 0.000479989 0.00472878 0.0181653 0.0723796 0.785795 0.0788887 0.0329737 0.00641497 
1.58192e-08 4.84398e-07 8.89552e-06 0.000119875 0.00107565 0.00947809 0.0352987 0.0788775 0.842255 0.0328863 
2.22529e-07 1.21262e-05 0.000296446 0.00285878 0.0269777 0.797415 0.0940808 0.0530366 0.0196242 0.00569837 
2.08002e-09 4.99465e-08 7.9762e-07 2.04147e-06 4.51942e-05 0.000180739 0.0022118 0.0118865 0.046428 0.939245 
2.27625e-09 5.66203e-08 9.49784e-07 5.86518e-06 8.72103e-05 0.000305108 0.00304987 0.013043 0.0508887 0.932619 
2.85603e-09 2.20296e-07 1.50665e-05 4.32957e-06 4.5062e-05 0.000273239 0.00226794 0.0171299 0.908874 0.0713907 
8.91504e-08 2.03217e-06 2.85433e-05 3.28255e-05 0.000263661 0.000354686 0.00529364 0.0294464 0.0801793 0.884399 
1.79346e-09 4.77314e-08 7.78636e-07 4.04154e-06 0.00020793 0.000208928 0.00421961 0.0319685 0.884601 0.0787896 
8.87828e-08 2.04593e-06 3.00258e-05 8.36826e-05 0.00031612 0.00273377 0.00891231 0.0403849 0.875072 0.0724645 
7.79329e-08 1.81351e-06 2.68484e-05 0.000149549 0.000728802 0.00318051 0.0192974 0.0597153 0.857299 0.0596004 
2.08389e-07 4.9517e-06 7.18707e-05 0.000231105 0.00143686 0.00792416 0.0396879 0.80931 0.102307 0.0390254 
2.43851e-07 5.53703e-06 7.71959e-05 6.70555e-05 0.000164525 0.000337988 0.00683474 0.0453287 0.872948 0.0742362 
1.2899e-06 6.23385e-05 0.00114204 0.00441352 0.0170848 0.0505498 0.0813396 0.801649 0.0403601 0.00339748 
2.51959e-06 8.80946e-05 3.56265e-05 0.000184631 0.00131729 0.0104531 0.126736 0.184017 0.277089 0.400077 
3.52532e-10 1.31772e-08 2.04438e-07 2.69556e-06 0.000190248 4.89832e-05 0.0006549 0.0102275 0.950989 0.0378865 
1.98097e-08 1.17214e-06 4.73409e-05 0.000456028 0.00307972 0.0273661 0.75524 0.12577 0.0656045 0.0224355 
8.71026e-08 2.31739e-06 5.84887e-05 0.000121291 0.000375375 0.00286954 0.0108303 0.0374934 0.0764799 0.871769 
0.000443566 0.033775 0.497926 0.154158 0.12993 0.148193 0.0257174 0.00794323 0.00149277 0.000421193 
7.37691e-06 0.000296152 0.00201378 0.00586864 0.0274543 0.095228 0.791229 0.0647785 0.0119357 0.00118842 
1.93259e-10 4.39181e-09 6.13609e-08 6.98756e-08 5.04739e-07 2.73769e-05 0.000331443 0.00500238 0.0281558 0.966482 
5.85143e-09 3.71354e-07 2.29426e-05 9.13531e-05 0.000480746 0.00305001 0.00828732 0.0220915 0.0554498 0.910526 
1.70461e-07 4.15248e-06 7.90962e-05 0.000109787 0.000611724 0.00282072 0.0127826 0.0382003 0.851471 0.0939207 
9.31418e-06 0.000330108 0.000234478 0.00151291 0.0054889 0.0251316 0.0658954 0.780696 0.0970292 0.0236722 
7.41707e-06 0.000331633 0.00333532 0.00560578 0.0167556 0.0569097 0.829348 0.0628319 0.021834 0.00304094 
1.08733e-05 0.000389504 0.000530412 0.00371546 0.0148173 0.0626146 0.11283 0.760653 0.0364366 0.00800272 
2.36654e-07 5.4897e-06 7.79679e-05 0.000153677 0.000984088 0.00821361 0.74184 0.118468 0.088795 0.0414621 
0.00939855 0.113777 0.178159 0.675461 0.0212191 0.00181435 0.000157899 1.22493e-05 9.08018e-07 2.93047e-07 
9.10114e-06 0.000363241 0.00188436 0.0167133 0.0834636 0.763505 0.0893976 0.0315018 0.0109887 0.00217278 
5.47878e-07 1.97072e-05 2.47615e-05 0.000799839 0.00642888 0.0404035 0.752475 0.122951 0.0611384 0.015758 
7.09926e-08 1.61738e-06 2.26191e-05 2.22727e-05 0.000215664 0.000184529 0.00565463 0.429686 0.0803451 0.483867 
5.85299e-08 1.65393e-06 4.80616e-05 7.12259e-05 0.000227784 0.00170529 0.00927794 0.842408 0.0962983 0.0499621 
1.01614e-07 2.37845e-06 3.61262e-05 0.000201625 0.00103806 0.00843241 0.0329241 0.0876378 0.831343 0.0383847 
1.15394e-12 2.80628e-11 4.21273e-10 5.2666e-09 1.84177e-07 1.16027e-05 0.000643462 0.00747288 0.272022 0.71985 
1.24494e-09 2.88245e-08 4.24359e-07 7.34143e-07 7.25861e-06 8.10703e-05 0.00139721 0.0201916 0.897981 0.0803411 
5.40324e-08 1.35964e-06 2.90089e-05 4.22002e-05 0.00014888 0.000836812 0.00540233 0.17065 0.622829 0.20006 
1.14147e-05 0.000529003 0.00567431 0.0194555 0.456284 0.422153 0.063957 0.0241229 0.00659828 0.00121479 
1.66676e-07 4.00836e-06 7.25256e-05 9.0465e-05 0.000566784 0.00204587 0.013154 0.0540291 0.857347 0.0726899 
1.09672e-05 0.000416686 0.00162663 0.00989576 0.0514076 0.588481 0.28872 0.0420849 0.0151613 0.0021952 
9.3195e-06 0.000333012 0.000369044 0.00327496 0.012089 0.0497405 0.104901 0.776076 0.0473971 0.00580985 
7.95624e-06 0.000288698 0.000528012 0.00699617 0.0409354 0.449279 0.432743 0.0520109 0.0145442 0.00266733 
9.15858e-09 5.47183e-07 3.27021e-05 0.000139409 0.000630501 0.00618307 0.0347341 0.828805 0.0913517 0.0381234 
1.24234e-07 2.88384e-06 4.51116e-05 6.0207e-05 0.000126386 0.00152506 0.141813 0.621106 0.200858 0.0344627 
2.07633e-11 9.01998e-10 1.4811e-08 2.17586e-07 1.5672e-05 4.00763e-06 0.000139883 0.00271877 0.961487 0.0356348 
1.4567e-07 3.44276e-06 5.06669e-05 0.000203035 0.00128997 0.00746069 0.0264993 0.788251 0.124007 0.0522346 
7.30701e-07 4.4688e-05 0.00148059 0.0190837 0.727228 0.103378 0.0839043 0.04702 0.0152264 0.00263379 
1.495e-07 3.702e-06 7.39482e-05 0.000121574 0.000413285 0.00351756 0.0125114 0.0433774 0.0832982 0.856683 
1.58303e-08 6.7714e-07 1.40879e-05 0.000166933 0.00129894 0.00725529 0.0294786 0.0666569 0.0945311 0.800597 
1.99798e-09 5.44682e-08 8.75844e-07 5.14672e-06 0.000287259 0.000184837 0.00240368 0.0111673 0.0460884 0.939862 
1.2451e-08 4.05448e-07 1.33323e-05 4.96669e-05 0.000354682 0.00408269 0.0154778 0.157348 0.795269 0.0274044 
1.16801e-06 4.27495e-05 0.000189858 0.00109309 0.00524083 0.0364844 0.754424 0.117684 0.0663405 0.0184998 
6.14176e-39 4.09538e-35 9.27137e-31 1.33119e-26 2.95808e-22 3.76299e-18 1.4355e-13 1.06546e-09 1.96822e-05 0.99998 
3.64797e-09 1.31804e-07 5.18155e-06 6.57059e-05 0.000343058 0.00173736 0.00891501 0.0535988 0.847235 0.0880997 
1.23844e-07 2.81079e-06 3.92046e-05 3.33703e-05 2.39149e-05 0.000190755 0.00946161 0.0534033 0.871495 0.0653504 
0.00228593 0.0317737 0.123153 0.616574 0.120619 0.102224 0.00321192 0.000155141 3.73828e-06 1.96271e-07 
1.26993e-16 3.82124e-15 6.37909e-14 5.07307e-13 3.10802e-11 1.33899e-10 2.67557e-07 2.57046e-05 0.000350481 0.999624 
2.77117e-10 6.43778e-09 9.42684e-08 1.40943e-07 3.48085e-06 9.45443e-06 0.000297033 0.00332947 0.0267142 0.969646 
6.81319e-06 0.00024464 0.000409421 0.0027837 0.0114285 0.044651 0.0786407 0.0891363 0.761161 0.011538 
1.0035e-05 0.000509559 0.00836817 0.242052 0.545432 0.0727972 0.0513762 0.0425142 0.0276257 0.00931505 
2.34982e-09 6.5816e-08 1.31793e-06 6.94955e-06 0.000275989 0.000325734 0.00442951 0.0304841 0.879681 0.0847953 
6.82855e-06 0.000310808 0.00379588 0.0207699 0.690851 0.154394 0.0868651 0.0331099 0.00931176 0.000585492 
8.92457e-08 2.16275e-06 4.06416e-05 4.8388e-05 0.000182819 0.00184418 0.0142041 0.690423 0.152508 0.140746 
7.00389e-09 2.2206e-07 6.1744e-06 0.000147478 0.000615764 0.00421826 0.0146972 0.0524787 0.851795 0.0760417 
1.93744e-07 4.68743e-06 8.75823e-05 0.000114317 0.000344817 0.00229819 0.0136849 0.0624559 0.859849 0.0611602 
2.28496e-07 5.6033e-06 0.000109605 0.000142945 0.000536986 0.00365771 0.0153636 0.0595806 0.860041 0.0605614 
3.46405e-05 0.00176812 0.0138184 0.0870086 0.661719 0.194177 0.0335117 0.00667301 0.000800404 0.000489004 
1.9003e-08 5.81555e-07 1.13451e-05 0.000175748 0.00147859 0.0102693 0.0379788 0.0855331 0.822058 0.0424944 
5.27742e-08 1.20454e-06 1.6904e-05 1.77018e-05 0.000218811 0.000557661 0.0105738 0.836209 0.102255 0.0501493 
5.07733e-10 1.156e-08 1.62184e-07 1.80678e-07 1.20013e-06 1.63784e-05 0.000402811 0.00453341 0.0252863 0.96976 
7.14683e-06 0.000259922 0.00056915 0.00366975 0.0166105 0.0772537 0.780354 0.082079 0.0333525 0.00584444 
8.75522e-09 2.19488e-07 4.45214e-06 6.17248e-05 0.000267678 0.00148802 0.00558087 0.0354216 0.0984535 0.858722 
1.03416e-07 2.35282e-06 3.32421e-05 3.93016e-05 5.25946e-05 0.000382947 0.00423845 0.015123 0.0524071 0.927721 
1.21427e-05 0.000652544 0.0065805 0.0393102 0.804465 0.0997433 0.0364924 0.010389 0.00211714 0.000237948 
1.87116e-07 4.50226e-06 8.22108e-05 0.000153924 0.000496995 0.0058618 0.0392749 0.82154 0.0911892 0.0413961 
4.85033e-06 0.000169727 0.000141304 0.000631841 0.00264359 0.010547 0.0275292 0.0473358 0.0658223 0.845174 
6.02015e-07 2.87148e-05 0.000481183 0.00554672 0.0402602 0.438305 0.442873 0.0495199 0.0187995 0.00418474 
2.36734e-07 5.43097e-06 7.85148e-05 0.00013136 0.000387417 0.00322631 0.0127295 0.794836 0.128619 0.0599862 
2.19821e-07 5.16201e-06 8.4757e-05 9.9291e-05 0.000472896 0.00250929 0.02521 0.840428 0.0817469 0.0494435 
1.20124e-08 5.63845e-07 1.229e-05 0.00042397 0.00330613 0.028211 0.778848 0.10198 0.0659046 0.0213129 
2.33496e-07 5.64259e-06 0.000104796 0.000143223 0.000390825 0.00345725 0.0266827 0.805357 0.10338 0.0604789 
5.63501e-06 0.000201203 0.000235538 0.00185508 0.00870351 0.0373887 0.345556 0.494084 0.107651 0.00431916 
2.57821e-19 5.45714e-17 2.19163e-15 2.34257e-13 2.82025e-11 6.25998e-09 2.28918e-05 0.000111279 0.00215238 0.997713 
2.22626e-07 6.67601e-06 5.23251e-05 8.37412e-05 0.000311393 0.0029336 0.0143068 0.0557531 0.70251 0.224042 
8.14002e-08 2.19537e-06 5.71527e-05 0.00012784 0.000414405 0.00286591 0.0086127 0.0286557 0.0612015 0.898063 
2.6105e-07 1.54422e-05 0.000396726 0.00437443 0.175301 0.0845306 0.651265 0.0516716 0.0239118 0.00853367 
1.35431e-09 3.97433e-08 6.67394e-07 5.02835e-06 0.000283189 0.000204925 0.00227471 0.0077541 0.0376363 0.951841 
9.30685e-08 5.77803e-06 0.000145627 0.0023438 0.0284082 0.100607 0.723485 0.0776546 0.0502745 0.0170756 
1.5373e-09 3.60144e-08 5.67395e-07 9.38959e-07 7.44816e-06 9.52401e-05 0.00147937 0.00979382 0.0512181 0.937405 
9.88792e-08 6.32675e-06 0.000159726 0.00633451 0.66189 0.107428 0.0876767 0.0724917 0.046316 0.0176969 
8.17275e-06 0.000292994 0.000455986 0.00310009 0.0107764 0.0335391 0.0559998 0.0737023 0.79726 0.0248652 
9.37011e-13 2.12613e-11 2.96348e-10 2.5237e-10 1.99102e-10 3.95632e-09 6.84307e-07 4.49439e-05 0.00265593 0.997298 
1.64174e-07 3.99542e-06 7.51713e-05 0.000124568 0.000387141 0.00291543 0.012448 0.0285546 0.47054 0.484951 
1.2091e-10 2.74633e-09 3.83181e-08 3.51443e-08 6.31952e-08 3.9466e-06 5.59754e-05 0.00127876 0.00998044 0.988681 
2.127e-09 5.47039e-08 1.18087e-06 6.11152e-06 2.85469e-05 0.000292584 0.00473483 0.0353275 0.890813 0.0687961 
1.43208e-11 3.2495e-10 4.52963e-09 3.93168e-09 6.10473e-09 3.80788e-07 6.71914e-06 0.000137032 0.0028397 0.997016 
1.98868e-07 4.53867e-06 6.49573e-05 8.16932e-05 0.000260052 0.000883812 0.0074806 0.0288092 0.0729851 0.88943 
4.20432e-07 2.16465e-05 0.00048778 0.00209746 0.0110949 0.0460934 0.0873301 0.456446 0.393227 0.00320159 
1.11451e-10 2.52938e-09 3.52671e-08 3.17038e-08 7.5084e-08 4.49894e-06 7.97281e-05 0.00263853 0.0171878 0.980089 
2.62831e-09 7.19079e-08 1.44758e-06 1.80037e-05 0.000268237 0.00064102 0.00357762 0.019836 0.877946 0.0977112 
4.65359e-11 1.05795e-09 1.47857e-08 1.76418e-08 1.36374e-07 7.27144e-06 0.000209574 0.00380229 0.921146 0.0748342 
1.52998e-07 3.47159e-06 4.83934e-05 4.16038e-05 2.89938e-05 0.000416798 0.00826358 0.0492405 0.892426 0.0495307 
2.67999e-07 1.349e-05 0.00035875 0.00157984 0.00951056 0.0578621 0.794081 0.0856372 0.0391572 0.0117994 
6.80676e-08 1.54433e-06 2.1522e-05 1.80628e-05 3.21447e-06 4.37563e-05 0.00206804 0.0184963 0.0603047 0.919043 
2.47247e-09 6.79844e-08 1.76267e-06 3.71313e-05 0.000140623 0.000916498 0.00306649 0.0180511 0.878714 0.0990719 
1.89489e-11 4.29936e-10 5.99195e-09 5.06284e-09 2.86022e-09 2.02009e-07 9.15973e-05 0.00129625 0.0195683 0.979044 
1.49682e-10 3.52408e-09 5.0079e-08 1.04958e-07 4.52214e-06 2.90166e-06 0.000116991 0.000662027 0.00307928 0.996134 
2.08474e-09 8.65994e-08 4.01266e-06 3.3456e-06 0.000126813 0.000234711 0.00201868 0.0122429 0.0616545 0.923715 
2.16804e-09 6.33175e-08 1.47938e-06 3.33799e-05 0.000332024 0.000835233 0.00242031 0.0128588 0.0467671 0.936752 
1.58339e-06 5.82203e-05 0.000168513 0.00318163 0.0227051 0.729929 0.114265 0.0791363 0.0388765 0.0116786 
1.56458e-07 3.75572e-06 6.76794e-05 6.56077e-05 0.000451527 0.00684787 0.424589 0.445187 0.0763975 0.0463897 
1.43001e-07 3.40083e-06 5.88546e-05 0.000113366 0.000513213 0.00254182 0.0232234 0.83483 0.0896116 0.0491041 
2.24153e-08 1.34002e-06 3.8503e-05 0.000851017 0.00871399 0.158581 0.435425 0.317407 0.0564338 0.0225478 
6.82385e-10 1.7573e-08 3.07922e-07 1.0828e-06 4.82552e-05 7.57159e-05 0.00115088 0.00648775 0.0382561 0.95398 
9.23759e-06 0.000441834 0.0048642 0.0274963 0.744487 0.127738 0.0655941 0.0223506 0.00652085 0.000497367 
9.63627e-10 2.22892e-08 3.30127e-07 5.22351e-07 4.05403e-06 4.15807e-05 0.000938725 0.0134785 0.0619766 0.92356 
9.6141e-06 0.000343482 0.00042144 0.00260038 0.0120219 0.0489159 0.0846894 0.0872929 0.752646 0.0110593 
1.05199e-11 2.57316e-10 4.7667e-09 1.02187e-08 9.90394e-08 8.81042e-07 3.2801e-05 6.64076e-05 0.000998489 0.998901 
3.6266e-10 8.54968e-09 1.289e-07 2.43696e-07 7.56586e-06 2.91912e-05 0.000845042 0.0152628 0.758083 0.225772 
4.59593e-32 2.75581e-29 7.97877e-26 4.06994e-22 1.20356e-18 3.17226e-15 3.01274e-11 2.82849e-08 0.000539702 0.99946 
1.20172e-09 2.81566e-08 4.24187e-07 8.45826e-07 1.47186e-05 8.4837e-05 0.00130902 0.00931518 0.054648 0.934627 
6.0782e-08 5.41431e-06 0.000139462 0.00208715 0.0119929 0.0555981 0.109904 0.734238 0.0577544 0.0282806 
2.1585e-07 1.26005e-05 0.000307455 0.00314395 0.0289671 0.728764 0.126171 0.0722675 0.0298226 0.0105436 
8.76545e-06 0.000314811 0.000480267 0.0042992 0.0338162 0.736307 0.126516 0.0695403 0.0243609 0.00435594 
6.65577e-08 1.76577e-06 3.85091e-05 0.000114935 0.00082835 0.00556635 0.0648647 0.769989 0.126686 0.0319109 
6.8569e-10 1.94823e-08 3.38524e-07 2.10104e-06 0.000114404 8.37493e-05 0.00103175 0.00377478 0.0158197 0.979173 
2.24386e-09 6.17381e-08 1.58509e-06 2.38361e-05 0.000106803 0.000521606 0.00264748 0.0101456 0.0392951 0.947258 
5.50659e-06 0.000199392 0.000428721 0.00350507 0.0160593 0.0774256 0.778355 0.0850638 0.0312133 0.007744 
3.79673e-10 9.75584e-09 1.58442e-07 6.93147e-07 3.16795e-05 5.8609e-05 0.000895191 0.00682216 0.0413681 0.950823 
3.09544e-14 7.02532e-13 9.80271e-12 1.01956e-11 2.4085e-10 3.59702e-08 3.17599e-05 0.000388469 0.00784523 0.991735 
1.64487e-07 3.73468e-06 5.21207e-05 4.65072e-05 9.73012e-05 0.00275744 0.026983 0.844938 0.079248 0.0458742 
1.07492e-09 3.01107e-08 4.96054e-07 3.17586e-06 0.000178142 0.000129629 0.00160284 0.00747656 0.903053 0.0875563 
3.1612e-05 0.00137829 0.0104341 0.0454589 0.739295 0.138019 0.0512733 0.012438 0.00116362 0.000508101 
4.35862e-08 2.18517e-06 3.9337e-05 0.00115887 0.00800262 0.0516754 0.775647 0.102876 0.0451641 0.0154339 
2.45634e-12 5.61205e-11 7.89435e-10 1.62813e-09 2.4064e-08 1.23558e-06 0.000128942 0.00154203 0.0213545 0.976973 
9.54065e-10 2.75975e-08 4.38637e-07 3.40895e-06 0.000197487 0.000147122 0.00178126 0.0124811 0.0564425 0.928947 
1.98944e-07 4.98353e-06 8.59891e-05 0.000141045 0.0004976 0.00376824 0.0138488 0.0473956 0.0896521 0.844605 
2.77974e-10 6.58649e-09 1.01894e-07 2.17775e-07 4.84424e-06 1.45247e-05 0.000234462 0.00129347 0.010489 0.987963 
7.1384e-10 1.82699e-08 2.93404e-07 1.31798e-06 5.69498e-05 7.03224e-05 0.00104432 0.00311258 0.0133285 0.982386 
0.000120946 0.00648158 0.0551053 0.639156 0.167051 0.0856524 0.0347831 0.00967667 0.00157958 0.000394008 
1.12049e-18 2.34138e-16 1.27169e-14 1.60076e-12 1.92123e-10 3.41631e-08 2.4239e-06 0.000174599 0.00328202 0.996541 
7.2245e-09 4.47355e-07 2.77944e-05 5.15952e-05 0.000293345 0.00215165 0.00820232 0.0317376 0.803781 0.153755 
2.26747e-07 6.18662e-06 0.000102819 0.000875546 0.00662442 0.0466879 0.779673 0.0937313 0.0524012 0.0198971 
0.000165025 0.00229621 0.0152888 0.0609934 0.753367 0.122376 0.0356131 0.0080384 0.00155051 0.000310978 
1.82549e-10 4.87059e-09 8.92046e-08 4.13267e-07 1.62171e-05 4.69853e-05 0.000427472 0.0034531 0.0672889 0.928767 
0.000162098 0.00275721 0.0153982 0.0741518 0.753195 0.113765 0.0334701 0.00639674 0.000387656 0.000316445 
2.02472e-11 4.60632e-10 6.44837e-09 9.51245e-09 1.23765e-07 7.7623e-06 0.000147824 0.00214215 0.0212805 0.976422 
6.47579e-09 4.55121e-07 3.01899e-05 7.87078e-05 0.000228387 0.00188565 0.00571097 0.022175 0.0654102 0.90448 
6.88047e-10 1.5692e-08 2.22432e-07 2.34736e-07 9.54067e-07 1.5715e-05 0.000342357 0.00429764 0.0274781 0.967865 
0.000294704 0.00521442 0.0382157 0.0790381 0.758543 0.0896418 0.0241963 0.00450074 0.000163465 0.000191579 
5.03565e-05 0.00272936 0.0178422 0.0746658 0.729292 0.133617 0.0344286 0.00606818 0.000837517 0.000468643 
1.43953e-07 3.50014e-06 6.6287e-05 6.61662e-05 0.000410603 0.00105999 0.00694986 0.272324 0.0599927 0.659127 
1.18711e-08 2.73501e-07 3.86701e-06 5.2982e-06 0.000129593 0.00012557 0.00326663 0.113705 0.823971 0.058793 
0.000496615 0.0187288 0.623549 0.150318 0.143903 0.0445619 0.0147102 0.00311519 0.000392584 0.0002252 
3.2995e-09 1.00948e-07 2.64222e-06 4.86517e-05 0.000239888 0.00201506 0.00567095 0.0163824 0.0381932 0.937447 
9.95187e-06 0.000353895 0.000814259 0.00980942 0.04718 0.686745 0.14353 0.0997777 0.0100314 0.00174822 
1.35298e-07 3.07843e-06 4.30077e-05 4.14184e-05 0.000233595 0.00153569 0.164591 0.0433583 0.741919 0.0482753 
5.81884e-05 0.00220072 0.015104 0.0422722 0.120872 0.759679 0.0490299 0.00830586 0.00188575 0.000592208 
1.82066e-07 4.41346e-06 8.16983e-05 0.000103116 0.000354989 0.00323968 0.0122134 0.0332202 0.856921 0.0938615 
3.32284e-23 4.40987e-21 1.98586e-18 7.73216e-16 3.94612e-13 2.55204e-10 3.28817e-06 6.9436e-05 0.00303863 0.996889 
9.86754e-10 2.72799e-08 4.0694e-07 2.82231e-06 0.000174185 9.85308e-05 0.0010671 0.00610967 0.033216 0.959331 
4.58226e-09 1.89428e-07 9.08832e-06 5.22299e-05 0.000195577 0.00155508 0.00621792 0.0303245 0.0823774 0.879268 
3.11036e-09 8.94736e-08 1.9829e-06 3.21729e-05 0.000148328 0.00127541 0.00276044 0.0146943 0.0533316 0.927756 
1.5371e-09 5.01501e-08 1.04135e-06 1.56174e-05 9.51303e-05 0.000807955 0.00162727 0.00703073 0.0273633 0.963059 
1.28621e-06 4.79967e-05 0.000224997 0.00136464 0.00609124 0.0351361 0.259209 0.620504 0.0739024 0.00351784 
2.26341e-08 5.36666e-07 8.78016e-06 1.00448e-05 0.000240578 0.000252403 0.00280582 0.0140986 0.0567267 0.925857 
8.34191e-12 1.90779e-10 2.76169e-09 2.57652e-09 6.27864e-09 8.79351e-08 1.71161e-06 2.95023e-05 0.00176919 0.9982 
2.2653e-09 6.05733e-08 1.02927e-06 8.60441e-06 0.000264129 0.000289533 0.00342634 0.0169016 0.0700151 0.909094 
2.036e-06 9.16057e-05 0.00118957 0.00485454 0.0196501 0.0605902 0.0937713 0.79265 0.0251242 0.00207598 
1.60533e-19 2.02674e-17 4.61309e-15 7.84912e-13 1.65829e-10 3.44386e-08 4.8284e-05 0.000601945 0.00812371 0.991226 
2.25321e-07 5.3924e-06 9.66795e-05 0.000110605 0.00028181 0.00358374 0.0271595 0.836635 0.0872644 0.044863 
1.64573e-09 4.39294e-08 6.86613e-07 3.76578e-06 0.000214275 0.000159726 0.00184548 0.0100168 0.0440671 0.943692 
1.91322e-05 0.00122471 0.0066115 0.0509938 0.754033 0.116493 0.0456119 0.0184508 0.00614376 0.000418233 
8.72902e-09 4.53739e-07 2.55073e-05 9.89672e-05 0.000756859 0.011021 0.411989 0.0803123 0.451901 0.0438947 
4.78469e-12 1.08624e-10 1.51482e-09 1.34441e-09 1.91596e-09 1.31712e-07 1.20425e-05 0.000363548 0.00596412 0.99366 
1.45937e-08 6.07168e-07 1.2656e-05 0.00037218 0.0193279 0.0265806 0.0141564 0.203493 0.309277 0.42678 
1.18604e-08 4.33734e-07 9.30811e-06 0.000197428 0.00172681 0.0171854 0.797165 0.0975187 0.0649762 0.0212202 
3.13215e-09 9.1288e-08 2.48305e-06 4.13254e-05 0.000190791 0.00167391 0.00476071 0.0145427 0.0425058 0.936282 
8.24969e-11 1.8737e-09 2.61468e-08 2.60121e-08 1.01766e-07 3.25152e-06 0.000118824 0.00151545 0.0191959 0.979166 
8.94961e-10 2.35632e-08 3.68122e-07 1.86289e-06 0.000104561 7.6789e-05 0.00113939 0.00748326 0.903712 0.0874817 
2.51321e-07 7.33682e-06 7.0933e-05 0.000159963 0.000733993 0.00457967 0.0184277 0.0459023 0.847526 0.0825916 
1.99551e-08 7.58099e-07 3.30169e-05 4.51447e-05 0.00070818 0.00465183 0.0243028 0.788613 0.122843 0.0588024 
8.60131e-08 1.9733e-06 2.90004e-05 2.54702e-05 0.000130312 0.000933398 0.0115293 0.657233 0.297529 0.032589 
1.16706e-07 2.85944e-06 4.70891e-05 0.000127988 0.000897024 0.00673752 0.251421 0.619134 0.0888613 0.0327714 
1.40459e-07 3.2017e-06 4.54133e-05 5.62478e-05 0.000215969 0.000236805 0.00809676 0.831171 0.0983328 0.061842 
1.32008e-09 3.831e-08 8.79589e-07 1.54388e-05 0.000189673 0.000427032 0.0016421 0.00632573 0.0299606 0.961439 
2.85444e-08 9.32337e-07 1.03613e-05 0.000153475 0.00188698 0.0204 0.792989 0.102189 0.0647832 0.0175868 
7.27128e-06 0.00025582 0.000333565 0.00274509 0.00962056 0.0268363 0.0559394 0.084031 0.0870814 0.73315 
2.02781e-11 4.73523e-10 7.51978e-09 1.10074e-08 1.21729e-07 5.56578e-06 7.60873e-05 0.00104075 0.0113733 0.987504 
1.13685e-05 0.000405442 0.000431465 0.00363824 0.0140327 0.0486968 0.0796544 0.0733733 0.766767 0.012989 
6.21885e-08 3.25709e-06 7.71637e-05 0.000864041 0.0111162 0.538973 0.341478 0.0638495 0.0333098 0.0103292 
1.81635e-07 9.45689e-06 0.00022358 0.00197193 0.0105505 0.0451251 0.0896365 0.790363 0.0511264 0.0109933 
5.17053e-10 1.58717e-08 2.55645e-07 2.30539e-06 0.00013989 9.83506e-05 0.000872531 0.00418172 0.0182193 0.976486 
5.90606e-06 0.000211175 0.00033842 0.0022887 0.00795158 0.0259115 0.776069 0.10394 0.0667415 0.0165429 
1.63387e-07 3.93765e-06 7.16968e-05 0.000110541 0.000347075 0.00295637 0.0174314 0.673118 0.264568 0.0413934 
0.000283361 0.00861531 0.197817 0.555534 0.132498 0.0744241 0.0229329 0.00647189 0.0011721 0.000250524 
1.18635e-10 2.69295e-09 3.75545e-08 3.44064e-08 8.47426e-08 4.48401e-06 0.000321063 0.00906604 0.504564 0.486044 
6.38992e-07 3.7716e-05 0.000920734 0.00249264 0.0145503 0.0714767 0.804428 0.0811413 0.0219469 0.00300497 
5.55744e-11 1.26332e-09 1.76503e-08 2.01687e-08 1.29902e-07 5.86596e-06 0.000113031 0.00112147 0.0107824 0.987977 
3.70492e-08 1.24262e-06 4.76406e-05 0.000118268 0.000625862 0.00325731 0.0124301 0.0545379 0.861037 0.0679449 
3.02236e-21 3.73256e-19 1.04814e-16 2.59983e-14 1.1655e-11 4.52501e-09 4.88198e-05 0.000396693 0.00832407 0.99123 
7.90891e-10 2.43295e-08 3.92667e-07 3.55627e-06 0.000214741 0.000121721 0.00132309 0.00522461 0.0251292 0.967983 
3.89739e-07 2.28752e-05 0.00051133 0.00757987 0.274631 0.410107 0.223579 0.0626745 0.0184299 0.0024639 
4.99432e-06 0.000202555 0.00105017 0.0853879 0.14854 0.566945 0.151684 0.0278004 0.0135869 0.00479742 
8.71123e-10 2.0104e-08 2.96398e-07 4.3341e-07 3.28248e-06 3.25007e-05 0.000551424 0.00454175 0.0202509 0.974619 
5.17702e-06 0.000183482 0.000124254 0.000843374 0.0071025 0.0474232 0.810659 0.0838879 0.0392444 0.0105267 
6.18522e-08 1.70824e-06 4.62673e-05 8.33655e-05 0.000427594 0.00194781 0.00959447 0.0479871 0.879448 0.0604637 
3.43954e-10 9.308e-09 1.42331e-07 8.56291e-07 5.15033e-05 2.38412e-05 0.000618012 0.00782107 0.936999 0.0544858 
5.29802e-08 1.20654e-06 1.68368e-05 1.63202e-05 0.000166727 0.000206832 0.00392977 0.0296981 0.89955 0.0664147 
7.20455e-08 1.98059e-06 5.41347e-05 0.000110134 0.000344696 0.00285917 0.0128296 0.0558521 0.868476 0.0594721 
8.48484e-11 1.92939e-09 2.69584e-08 2.87599e-08 1.53508e-07 1.04475e-05 6.99839e-05 0.00120633 0.00917012 0.989543 
1.76875e-08 5.87541e-07 9.99221e-06 0.000207628 0.00130452 0.00990973 0.0337176 0.0873379 0.82616 0.0413524 
7.11922e-11 1.63196e-09 2.38747e-08 2.63213e-08 1.64924e-07 7.29899e-06 0.000157202 0.00188801 0.0144863 0.983461 
1.34796e-09 3.1608e-08 5.08626e-07 1.75477e-06 8.24755e-06 9.19387e-05 0.00423782 0.855358 0.0721029 0.0681989 
9.24637e-08 2.4153e-06 5.74863e-05 7.87871e-05 0.000505094 0.00219502 0.00867435 0.0284801 0.0587877 0.901219 
2.50382e-07 1.26458e-05 0.000339654 0.00175467 0.011329 0.0658347 0.794802 0.0838557 0.0322349 0.0098368 
4.89918e-09 3.12215e-07 1.95531e-05 5.60396e-05 0.000348289 0.00135888 0.00448317 0.0169471 0.914946 0.0618406 
1.73103e-08 1.08054e-06 2.37312e-05 0.00107092 0.00592237 0.0388076 0.802971 0.0872336 0.0490639 0.0149056 
6.4199e-08 1.46762e-06 2.12438e-05 4.28458e-05 9.22091e-05 0.000662748 0.00561741 0.0394007 0.895429 0.0587323 
0.000656478 0.0206608 0.660762 0.142024 0.0898765 0.0559496 0.024583 0.00491931 0.000299108 0.000269056 
2.31547e-07 5.26403e-06 7.36451e-05 7.25458e-05 0.000284297 0.000638207 0.00880847 0.0466237 0.880457 0.063037 
5.89485e-05 0.00179775 0.011887 0.470395 0.301315 0.19084 0.0198244 0.0032731 0.000356494 0.000253234 
9.60762e-10 2.93306e-08 4.63798e-07 4.07479e-06 0.00026225 0.000141768 0.001618 0.00972493 0.905835 0.0824136 
9.82351e-06 0.000356151 0.000661987 0.00501163 0.0243517 0.0822613 0.806606 0.0615458 0.016675 0.00252047 
2.42941e-06 8.79162e-05 0.00020628 0.000895026 0.00379184 0.0123493 0.046643 0.279903 0.64789 0.00823113 
2.97737e-10 1.08588e-08 1.83244e-07 2.21455e-06 0.000139772 7.27231e-05 0.000687056 0.00247101 0.0181567 0.97847 
7.3816e-08 1.73137e-06 2.84689e-05 2.29912e-05 4.08573e-05 0.000311386 0.00298708 0.0138824 0.469127 0.513598 
1.1574e-12 2.63079e-11 3.677e-10 3.5249e-10 6.37794e-10 1.39902e-08 4.87628e-06 0.000109344 0.00484698 0.995039 
2.08612e-10 4.75655e-09 6.68372e-08 9.43086e-08 9.50334e-07 3.90424e-05 0.000439703 0.00398226 0.024759 0.970779 
1.7978e-06 6.35673e-05 2.75107e-05 0.000155493 0.00318327 0.184398 0.0519205 0.456492 0.281356 0.0224021 
7.52201e-06 0.00027422 0.000606437 0.00678035 0.0399205 0.761309 0.113159 0.0567884 0.0182695 0.00288474 
4.39167e-14 3.78103e-12 1.18688e-10 9.97269e-09 4.7801e-07 3.45966e-05 0.00324149 0.0329196 0.930421 0.0333833 
5.39111e-10 1.58334e-08 2.65491e-07 1.98038e-06 0.000113794 8.27335e-05 0.00121613 0.00849337 0.918667 0.071425 
2.29651e-07 8.31893e-06 0.000220898 0.00123658 0.00507912 0.0132302 0.0308271 0.0533115 0.461466 0.43462 
1.2285e-09 3.09308e-08 4.87886e-07 1.90957e-06 8.51875e-05 0.000122957 0.00255085 0.0279162 0.897455 0.0718676 
4.44822e-09 1.51778e-07 4.38375e-06 8.29941e-05 0.000462519 0.00315274 0.011337 0.0439899 0.864169 0.0768015 
1.80198e-07 4.45843e-06 8.23443e-05 0.000145707 0.000916316 0.00685015 0.0279264 0.811289 0.110113 0.0426729 
1.98778e-09 5.32646e-08 9.30515e-07 8.19253e-06 0.000229001 0.000277973 0.00231868 0.0103334 0.0358881 0.950944 
6.30893e-08 1.62046e-06 2.5984e-05 0.000165445 0.00176451 0.0117908 0.077712 0.128272 0.753554 0.0267135 
3.80878e-08 8.67107e-07 1.21174e-05 1.16453e-05 9.71439e-05 9.51894e-05 0.00138996 0.00789097 0.0388564 0.951646 
9.56586e-24 1.25397e-21 5.46237e-19 1.98163e-16 9.49975e-14 1.33998e-10 1.92789e-06 3.20568e-06 0.00100148 0.998993 
7.55477e-06 0.000268443 0.000223814 0.00226292 0.0054039 0.0198618 0.0432724 0.0822525 0.105338 0.741109 
1.88259e-08 1.3073e-06 2.62778e-05 0.00106251 0.00537776 0.0358527 0.774809 0.108233 0.0557188 0.0189181 
3.05317e-11 6.92868e-10 9.65845e-09 8.2928e-09 8.89871e-09 2.91094e-07 2.52618e-05 0.000183169 0.0023851 0.997406 
9.34114e-08 2.19483e-06 3.62472e-05 6.88307e-05 0.000225939 0.00295024 0.0276179 0.823403 0.101032 0.0446638 
9.25281e-09 2.92568e-07 9.1515e-06 3.13603e-05 0.000425486 0.0306931 0.0478331 0.842319 0.0620877 0.0166011 
4.67637e-08 2.01491e-06 4.38866e-05 0.000748397 0.00314203 0.0541416 0.400241 0.438564 0.0877557 0.0153615 
6.13734e-16 1.56808e-14 2.55796e-13 9.3415e-13 4.90925e-11 2.4464e-11 2.40421e-10 3.04777e-09 5.47776e-05 0.999945 
1.2134e-07 5.97101e-06 0.000143084 0.000984682 0.00410815 0.0136274 0.0822013 0.0601009 0.825548 0.0132806 
1.19541e-07 2.71218e-06 3.77971e-05 3.17247e-05 5.40903e-06 5.27446e-05 0.000887887 0.00724078 0.0408123 0.950929 
3.56739e-10 9.49105e-09 1.50099e-07 8.27269e-07 4.39234e-05 6.08347e-05 0.00057298 0.00592357 0.0379977 0.9554 
9.93044e-08 2.3239e-06 3.46049e-05 0.000157273 0.00053492 0.00334658 0.0133812 0.038395 0.0668887 0.877259 
1.87899e-05 0.000953101 0.00590728 0.0269156 0.0952854 0.788234 0.0626716 0.0163286 0.00332027 0.000365797 
2.09783e-09 6.30781e-08 1.6745e-06 1.02388e-05 0.000199581 0.000310916 0.00220207 0.013238 0.0568971 0.92714 
1.11541e-09 3.43289e-08 7.99012e-07 3.54817e-06 0.000182631 0.000126509 0.00177294 0.00546044 0.0248569 0.967596 
1.79663e-05 0.00117695 0.00903128 0.615425 0.179028 0.114704 0.0445573 0.0225343 0.0101671 0.0033583 
9.53464e-09 5.92469e-07 3.64763e-05 0.000163383 0.00235873 0.0194432 0.781508 0.0881548 0.0696663 0.038668 
1.63026e-08 6.27892e-07 2.84532e-05 9.99151e-05 0.00033238 0.00302171 0.0128456 0.0569415 0.130389 0.79634 
4.80563e-10 1.10448e-08 1.61771e-07 1.98265e-07 1.19856e-06 1.87037e-05 0.000314635 0.00214561 0.0111839 0.986336 
3.66573e-09 1.04035e-07 2.46005e-06 4.56825e-05 0.000385469 0.00127259 0.00578949 0.0323567 0.0883598 0.871788 
5.89224e-10 1.52344e-08 2.27292e-07 1.11682e-06 6.49056e-05 6.75765e-05 0.000866368 0.00826088 0.0464677 0.944271 
2.94601e-06 0.00011867 0.00101242 0.00447294 0.0138758 0.0437502 0.0878985 0.769507 0.0693576 0.0100039 
1.7025e-07 5.31742e-06 0.000153178 0.000233825 0.00121808 0.00459689 0.0162913 0.0502954 0.853926 0.0732797 
7.10819e-09 4.68662e-07 3.01091e-05 0.000105266 0.000388169 0.00280435 0.00725026 0.0237355 0.0612436 0.904442 
9.70873e-09 5.43956e-07 1.23939e-05 0.000493027 0.00294511 0.0164679 0.693613 0.182929 0.076947 0.0265926 
1.22444e-07 2.78763e-06 3.89787e-05 3.73847e-05 0.000301797 0.000339957 0.00505929 0.0301854 0.882688 0.0813468 
9.26718e-07 6.60105e-05 0.00270271 0.0317337 0.857711 0.0669965 0.0276954 0.0101678 0.00268326 0.000242723 
9.93429e-08 2.33767e-06 3.88678e-05 5.31635e-05 0.000147919 0.0016604 0.0159714 0.874201 0.0677755 0.0401491 
2.15079e-07 5.05086e-06 8.34787e-05 0.000117296 0.000465608 0.0118237 0.761175 0.0929206 0.0868838 0.046525 
6.65132e-10 1.58571e-08 2.47346e-07 5.39559e-07 1.59081e-05 4.70384e-05 0.000937996 0.0063935 0.896694 0.0959111 
4.52875e-07 1.72785e-05 0.000129426 0.000479642 0.00355556 0.0242332 0.76672 0.118417 0.0702485 0.0161986 
9.45517e-08 2.46635e-06 5.76787e-05 0.000100613 0.0004564 0.00361575 0.0109798 0.045544 0.87572 0.0635231 
2.32528e-05 0.00108873 0.0100372 0.0294469 0.454323 0.28874 0.205199 0.00957095 0.00116997 0.000400552 
1.49193e-07 3.57578e-06 5.1925e-05 0.000159711 0.00160027 0.0157299 0.401232 0.483442 0.0774147 0.0203666 
2.11149e-07 4.98068e-06 8.10264e-05 0.000184354 0.000554999 0.00473772 0.0176543 0.0646245 0.117395 0.794762 
2.72856e-05 0.00143435 0.00899177 0.0259947 0.597119 0.276789 0.0693142 0.0159494 0.00377963 0.000600574 
2.63459e-07 1.33167e-05 0.000382905 0.00217876 0.00763331 0.0233339 0.665126 0.149248 0.1404 0.011683 
1.17041e-10 3.06469e-09 5.8259e-08 3.90297e-07 3.08073e-06 5.99022e-05 0.000350376 0.00230311 0.0223149 0.974968 
1.61892e-06 5.85752e-05 0.000117625 0.00140031 0.00833943 0.384909 0.453915 0.0918468 0.0480795 0.0113324 
1.89317e-09 4.60534e-08 7.9669e-07 4.67563e-06 3.10499e-05 0.000214446 0.00216774 0.0194027 0.892735 0.0854436 
5.50256e-10 1.55975e-08 2.59015e-07 1.75409e-06 9.58687e-05 8.33213e-05 0.000808749 0.00606927 0.0391674 0.953773 
1.65248e-25 4.62618e-23 5.42116e-20 5.4705e-17 6.15057e-14 3.93562e-11 1.54533e-07 7.6438e-05 0.00278723 0.997136 
1.23118e-07 2.89735e-06 4.78901e-05 8.86499e-05 0.000424875 0.00187558 0.0116983 0.159801 0.767102 0.0589581 
5.18771e-09 1.23212e-07 2.14352e-06 2.10506e-06 4.10095e-06 2.60112e-05 0.000320516 0.00209987 0.0146056 0.982939 
4.95631e-08 2.61113e-06 8.58594e-05 0.000799636 0.0048726 0.0253529 0.0774566 0.810851 0.0660444 0.014534 
8.55742e-06 0.000303027 0.000219642 0.000709054 0.00414356 0.019335 0.064539 0.82195 0.0737402 0.015052 
3.33083e-05 0.00152945 0.00762929 0.0156428 0.0467924 0.0861786 0.0932165 0.73257 0.0155901 0.000817772 
3.66882e-11 8.58688e-10 1.37182e-08 1.82628e-08 1.10952e-07 1.10478e-06 5.27961e-05 0.000509067 0.00864018 0.990797 
5.02278e-10 1.18535e-08 1.86267e-07 4.03647e-07 5.30394e-06 7.79658e-05 0.00461206 0.0491148 0.902683 0.0435061 
8.08192e-10 2.39385e-08 4.71361e-07 3.4134e-06 0.000137787 0.000146359 0.00147768 0.00317539 0.0122876 0.982771 
3.06161e-14 1.87307e-12 4.32089e-11 2.33246e-09 3.54178e-08 5.53747e-07 1.76335e-05 6.4099e-05 0.00103108 0.998887 
6.68877e-08 1.82414e-06 4.51617e-05 0.000185252 0.00116102 0.0108324 0.261454 0.303521 0.37666 0.0461401 
8.20788e-10 1.88341e-08 2.69147e-07 4.15183e-07 3.47394e-06 6.36026e-05 0.0012543 0.835056 0.0823108 0.0813114 
1.1209e-10 2.73597e-09 4.94165e-08 1.11866e-07 1.44556e-06 1.54567e-05 0.000347928 0.00252519 0.0254885 0.971621 
1.09808e-05 0.000395313 0.00050069 0.00603277 0.0326396 0.0957793 0.776587 0.0631709 0.0208241 0.00405969 
1.35534e-07 3.45665e-06 7.71143e-05 0.000106498 0.000526685 0.00200358 0.00850369 0.02968 0.877781 0.0813175 
1.43419e-09 3.42801e-08 5.63519e-07 1.09699e-06 2.11815e-05 9.72991e-05 0.00154591 0.00886004 0.0454542 0.94402 
7.09168e-09 3.44366e-07 1.85351e-05 2.86297e-05 0.000322653 0.000517383 0.00354754 0.0132578 0.054733 0.927574 
2.21779e-07 6.68091e-06 0.000171313 0.000321316 0.00193596 0.00807673 0.0351325 0.790715 0.114807 0.0488336 
1.85124e-09 5.13836e-08 8.32128e-07 5.30912e-06 0.00029651 0.000299499 0.00736866 0.0383996 0.881381 0.0722488 
