13933
1.98564e-06 0.000104384 0.00497334 0.895715 0.0671321 0.028376 0.00341547 0.000279509 1.90998e-06 1.68122e-08 
1.17897e-17 1.24086e-14 1.92303e-12 3.72048e-10 3.32869e-08 3.21543e-06 0.000675232 0.00540992 0.501336 0.492575 
4.98255e-06 0.00326245 0.0250086 0.889445 0.0521329 0.026455 0.00341114 0.000277203 2.758e-06 4.02533e-08 
7.67303e-21 7.2185e-18 2.63328e-15 5.02149e-13 7.36163e-11 2.10301e-08 5.0018e-05 0.000428775 0.00476704 0.994754 
2.08781e-06 9.89044e-05 0.00117584 0.0116024 0.0391735 0.937502 0.0101651 0.000277339 2.99144e-06 1.85162e-08 
7.27631e-20 6.8381e-17 1.75961e-14 3.46133e-12 5.03417e-10 1.27773e-07 9.74602e-05 0.000816923 0.00523285 0.993853 
1.62658e-09 5.8138e-07 0.000158522 0.00407665 0.438587 0.545785 0.00862594 0.00259435 0.000170867 1.34438e-06 
2.22325e-34 8.46909e-31 2.59457e-26 8.06358e-23 2.38558e-18 1.00278e-14 1.46698e-09 9.33921e-07 0.000225823 0.999773 
9.21848e-20 8.56548e-17 2.34047e-14 4.60238e-12 7.0597e-10 1.7311e-07 0.000109457 0.00122396 0.00866253 0.990004 
4.29983e-18 4.95627e-15 6.63198e-13 1.1261e-10 8.84509e-09 1.26002e-06 0.000323315 0.00162308 0.007226 0.990826 
3.56685e-17 3.77918e-14 5.51935e-12 1.07265e-09 5.66806e-08 7.81314e-06 0.000738884 0.00407206 0.0124403 0.982741 
1.56324e-14 3.18075e-12 9.02801e-11 1.21726e-08 1.26873e-06 5.17714e-05 0.00174576 0.492403 0.5005 0.005298 
1.13253e-13 2.02139e-11 8.34133e-10 1.92744e-07 3.50315e-06 0.000496871 0.00500537 0.966357 0.0225612 0.00557569 
6.71411e-18 7.16746e-15 1.18291e-12 2.26265e-10 1.52114e-08 1.7781e-06 0.000599771 0.00342617 0.984559 0.0114128 
2.20718e-17 2.374e-14 3.73089e-12 7.26798e-10 5.35595e-08 5.69979e-06 0.00101017 0.00925934 0.981316 0.00840897 
2.33316e-19 2.21184e-16 1.90069e-13 1.26394e-11 5.9062e-09 3.43596e-07 0.000307766 0.00139427 0.00608208 0.992216 
2.35966e-20 2.2577e-17 6.82786e-15 1.31982e-12 1.87382e-10 4.4296e-08 7.94673e-05 0.00104334 0.00889644 0.989981 
1.83623e-13 4.50234e-11 1.93931e-08 3.59555e-06 0.000183152 0.0061603 0.946879 0.0289645 0.014995 0.00281469 
1.0949e-13 2.8789e-11 9.52886e-09 1.95459e-06 0.000104161 0.00258852 0.673881 0.227658 0.0951926 0.000573566 
4.99863e-19 4.19329e-16 1.47735e-13 1.84065e-11 1.76582e-08 9.45934e-07 0.000532354 0.00474638 0.0169676 0.977753 
3.9332e-13 6.53632e-11 2.65339e-09 5.44722e-07 1.27206e-05 0.00148748 0.00437867 0.0193512 0.962288 0.0124817 
3.25926e-18 3.71059e-15 6.09873e-13 1.19096e-10 8.85464e-09 1.01866e-06 0.000375923 0.00398577 0.0151648 0.980472 
1.25054e-09 1.34742e-07 4.8442e-06 0.000738084 0.00545866 0.0115146 0.979137 0.00285698 0.000277513 1.25525e-05 
4.51427e-10 7.11269e-08 6.79955e-07 2.33035e-05 0.000479731 0.00528731 0.943653 0.0372226 0.0123863 0.000946784 
3.12851e-13 5.22207e-11 2.18872e-09 4.41215e-07 2.19162e-05 0.00177479 0.953767 0.0286082 0.0142312 0.0015968 
6.45218e-10 2.14036e-07 2.35716e-05 0.000956484 0.0152843 0.947507 0.0249414 0.00987049 0.00135399 6.24947e-05 
1.85823e-08 9.26662e-07 1.95378e-05 0.00138877 0.00798431 0.0184444 0.961374 0.00961269 0.00111681 5.86221e-05 
1.22628e-09 1.32051e-07 2.873e-06 9.74257e-05 0.00251714 0.0175378 0.952201 0.0231204 0.00441874 0.000104169 
1.45037e-17 1.63735e-14 2.42283e-12 4.90693e-10 2.34119e-08 3.47114e-06 0.00035121 0.00227254 0.0103552 0.987018 
5.85912e-20 5.50909e-17 1.49079e-14 2.9103e-12 4.15844e-10 1.05693e-07 6.4808e-05 0.000707873 0.00445722 0.99477 
3.30908e-10 5.567e-08 6.68153e-07 5.03308e-05 0.00139916 0.0118 0.967172 0.0165809 0.00294416 5.23952e-05 
1.83078e-31 4.31411e-28 9.79205e-24 3.33418e-21 3.70111e-17 2.2078e-14 4.14452e-09 1.2613e-05 0.000661386 0.999326 
6.70653e-10 7.5729e-08 2.28151e-06 0.000276389 0.00316848 0.0183264 0.964575 0.0128486 0.000798088 4.70761e-06 
8.85083e-20 8.22268e-17 2.25432e-14 4.4203e-12 6.94483e-10 1.72657e-07 0.000160648 0.00142619 0.00882027 0.989593 
4.353e-10 5.81655e-08 1.27884e-05 0.0012125 0.649479 0.017014 0.323512 0.0073636 0.00137669 2.91641e-05 
4.19524e-23 4.06201e-20 4.0572e-17 7.50874e-15 1.09361e-12 7.15748e-11 4.65025e-05 0.000237379 0.00358957 0.996127 
0.00968261 0.651282 0.333168 0.00533334 0.000533044 1.56977e-06 5.33183e-08 2.7641e-09 2.23912e-12 9.7447e-15 
4.50685e-06 0.00020916 0.00170849 0.0121928 0.038955 0.926937 0.0197586 0.000232753 1.5412e-06 1.06296e-08 
7.13612e-15 9.77262e-13 6.25589e-11 1.0026e-08 7.84505e-07 0.000124086 0.00564782 0.974295 0.0150395 0.00489306 
5.49837e-12 2.52347e-09 2.01606e-08 1.09944e-06 8.55766e-06 0.00078292 0.00448791 0.979919 0.0123025 0.00249795 
8.7434e-11 2.73218e-08 3.1128e-07 2.36912e-05 0.000872788 0.00997941 0.949208 0.0290651 0.0101305 0.00071988 
1.97798e-21 1.93416e-18 1.83706e-15 3.3134e-13 3.71121e-11 9.03876e-09 6.17325e-05 0.000558394 0.00688883 0.992491 
2.3247e-17 2.29894e-14 3.76956e-12 7.11482e-10 4.48797e-08 5.00939e-06 0.00085107 0.00428559 0.983543 0.0113158 
5.29766e-18 2.0896e-15 5.77521e-13 1.57416e-10 6.89785e-09 4.0029e-07 0.000188951 0.00192894 0.983389 0.0144927 
3.71486e-06 0.000172499 0.00165212 0.0136808 0.223465 0.500473 0.259562 0.000984424 6.56291e-06 5.06647e-08 
5.94453e-16 4.07987e-13 1.17169e-10 2.40259e-08 2.13212e-06 0.000721135 0.00709083 0.0293741 0.958568 0.00424371 
4.59657e-13 1.67037e-10 8.55704e-08 1.97463e-05 0.000724076 0.0108501 0.961219 0.0181941 0.00806582 0.000926934 
4.88082e-17 5.02167e-14 1.12314e-11 2.15259e-09 1.88659e-07 5.02519e-05 0.00448361 0.971674 0.0182872 0.00550426 
4.3103e-18 8.82875e-16 9.54842e-14 2.54253e-11 1.45604e-09 9.63237e-08 9.57082e-05 0.00162886 0.985202 0.0130735 
1.99523e-17 2.21362e-14 3.31144e-12 6.73397e-10 3.09768e-08 4.44541e-06 0.000426359 0.00243031 0.983894 0.0132445 
6.42963e-20 5.99052e-17 1.6804e-14 3.29406e-12 5.12305e-10 1.26282e-07 0.000116723 0.00117081 0.00879197 0.98992 
2.10731e-18 4.73456e-16 5.24498e-14 1.23126e-11 9.16993e-10 1.54826e-07 0.000129071 0.00161441 0.0094551 0.988801 
2.35498e-13 3.76278e-11 1.47642e-09 3.07535e-07 6.02885e-06 0.000508826 0.00184361 0.00576525 0.0116477 0.980228 
6.51367e-20 6.16473e-17 1.6624e-14 3.2323e-12 4.80697e-10 1.15955e-07 0.000122119 0.00106216 0.00848285 0.990333 
2.87008e-18 3.30267e-15 4.36024e-13 7.97788e-11 4.36447e-09 8.0807e-07 0.000157304 0.00138681 0.00894552 0.98951 
5.29984e-14 4.50638e-12 2.17346e-10 3.02024e-08 5.35151e-07 9.63216e-05 0.00303334 0.954887 0.0322349 0.0097481 
1.89341e-13 3.04918e-11 1.32606e-09 2.63681e-07 8.50385e-06 0.000965913 0.00777984 0.972719 0.0156442 0.00288242 
1.13876e-17 4.09445e-15 9.87588e-13 2.65301e-10 1.71888e-08 9.64375e-07 0.000496393 0.00403872 0.0116346 0.983829 
9.07613e-11 3.01953e-08 4.6534e-07 5.7442e-05 0.00164404 0.0161237 0.964947 0.0147574 0.00208843 0.000381435 
1.48242e-09 2.4413e-07 7.19883e-06 0.0017649 0.926212 0.0446416 0.019722 0.00712731 0.000519639 5.67217e-06 
5.90706e-20 5.54995e-17 1.51328e-14 2.95508e-12 4.50187e-10 1.09012e-07 0.000107574 0.00117244 0.247518 0.751202 
5.20641e-10 7.32667e-08 7.88415e-07 3.55763e-05 0.00124447 0.0123084 0.0300917 0.950556 0.00496731 0.000795592 
1.34186e-17 8.35364e-15 1.68807e-12 3.73184e-10 3.03058e-08 2.29019e-06 0.000908976 0.00805352 0.981946 0.00908937 
6.20213e-06 0.000498298 0.00553564 0.0317572 0.93008 0.0297092 0.00227005 0.000142807 9.59165e-07 1.37061e-08 
5.72391e-21 5.64598e-18 2.09779e-15 3.83586e-13 4.20507e-11 9.87439e-09 3.08108e-05 0.000342118 0.00470072 0.994926 
4.38742e-22 4.81088e-19 1.07119e-16 1.95436e-14 2.71248e-12 2.34161e-10 5.94444e-05 0.000333933 0.0045378 0.995069 
1.65094e-17 9.95034e-15 2.06072e-12 4.09443e-10 4.16097e-08 2.88929e-06 0.00126669 0.00923833 0.980599 0.00889353 
1.24325e-10 5.81065e-08 4.74465e-07 2.28662e-05 0.000330982 0.0072755 0.946111 0.0326224 0.0127072 0.000929342 
3.88654e-10 6.71335e-08 7.40669e-07 5.41617e-05 0.00116894 0.0107884 0.833053 0.152905 0.00197485 5.54876e-05 
5.27049e-18 1.03468e-15 5.33848e-14 1.1674e-11 1.11597e-09 1.04725e-07 0.000106232 0.00176119 0.00941739 0.988715 
2.16029e-13 4.96735e-11 2.23631e-08 4.08534e-06 0.000285427 0.00773152 0.947813 0.0327101 0.0103214 0.00113483 
2.87105e-13 4.83464e-11 1.98534e-09 4.194e-07 9.23685e-06 0.00131917 0.00761042 0.975839 0.0135801 0.00164189 
3.3338e-10 5.94679e-08 5.5425e-07 2.11151e-05 0.000309091 0.00478159 0.0114273 0.968699 0.0137119 0.00104947 
1.17369e-13 1.60047e-11 1.18948e-09 1.59999e-07 7.94399e-06 0.00085732 0.00477822 0.0229362 0.965409 0.00601077 
1.05396e-19 7.07813e-17 1.63869e-14 3.23314e-12 4.79092e-10 1.18586e-07 7.38244e-05 0.000646516 0.00296706 0.996312 
5.18131e-17 4.76018e-14 7.31669e-12 1.46103e-09 9.14662e-08 1.02338e-05 0.0011854 0.00870577 0.0185943 0.971504 
1.27465e-14 1.65019e-12 7.32117e-11 1.1458e-08 6.63966e-07 4.92109e-05 0.00287205 0.969415 0.0208231 0.00683951 
3.16045e-09 7.2711e-07 0.000114913 0.00281251 0.0227526 0.958968 0.0137991 0.00129921 0.000229815 2.2805e-05 
4.05619e-17 3.97379e-14 6.26459e-12 1.23879e-09 7.01863e-08 8.44237e-06 0.00134402 0.00589121 0.975667 0.0170895 
5.13695e-10 7.9648e-08 1.16641e-06 0.000113038 0.00699749 0.961813 0.0208601 0.00897691 0.00117705 6.15538e-05 
1.775e-18 4.16711e-16 4.06823e-14 8.33753e-12 1.09364e-09 2.14641e-07 0.000188968 0.0017915 0.0110164 0.987003 
7.28348e-05 0.00381235 0.162668 0.794051 0.0310591 0.0077801 0.0005519 4.48067e-06 1.31911e-07 7.32756e-10 
5.47638e-17 5.57343e-14 8.17617e-12 1.65405e-09 8.87236e-08 1.1493e-05 0.000869194 0.00917886 0.979254 0.0106867 
7.05599e-14 7.91574e-12 4.14541e-10 6.61685e-08 6.77962e-06 0.00107703 0.961494 0.0240421 0.0114489 0.00193112 
4.49104e-17 4.63786e-14 2.94176e-11 6.95494e-09 2.72929e-05 0.00178764 0.963901 0.011891 0.0153992 0.00699434 
5.56661e-17 5.62e-14 8.6455e-12 1.76417e-09 1.02159e-07 1.20755e-05 0.00149158 0.0119615 0.975736 0.0107992 
7.86587e-20 7.36726e-17 1.99416e-14 3.90962e-12 6.03892e-10 1.4811e-07 0.000108089 0.00112088 0.00714661 0.991624 
2.952e-19 1.74281e-16 7.17943e-14 1.29724e-11 6.46628e-09 4.74453e-07 0.000517155 0.00346085 0.0125195 0.983502 
1.06782e-18 7.18709e-16 1.29416e-13 2.50716e-11 4.12887e-09 3.58805e-07 0.000242542 0.001236 0.00772416 0.990797 
1.92651e-17 1.71383e-14 2.2545e-12 3.8353e-10 3.86574e-08 4.24046e-06 0.00110787 0.0103456 0.976559 0.0119835 
3.67959e-10 5.44176e-08 6.89851e-07 5.90284e-05 0.000932054 0.00730333 0.0158613 0.963618 0.0115813 0.000643835 
8.87694e-22 8.76745e-19 7.8408e-16 1.41668e-13 1.85662e-11 3.76093e-09 5.57434e-05 0.000423931 0.00553257 0.993988 
5.87663e-21 5.49702e-18 1.43142e-15 2.84948e-13 3.41725e-11 1.38068e-08 2.77836e-05 9.57503e-05 0.00109076 0.998786 
1.63368e-09 9.0041e-08 4.00159e-06 0.000180666 0.00336128 0.0149964 0.961769 0.0165988 0.0029836 0.000106142 
2.50763e-17 2.73665e-14 4.21479e-12 8.23078e-10 5.37043e-08 6.20758e-06 0.000870846 0.9747 0.0178495 0.00657382 
2.8951e-20 2.72443e-17 7.19452e-15 1.40137e-12 2.04914e-10 5.01403e-08 9.04724e-05 0.000666056 0.00633759 0.992906 
5.00893e-18 1.08877e-15 1.1731e-13 1.96195e-11 1.31296e-08 7.65254e-07 0.000487908 0.0047389 0.0154978 0.979275 
5.63852e-11 2.09027e-08 3.20277e-07 4.72763e-05 0.00155544 0.172319 0.174976 0.506835 0.14379 0.000477648 
4.19745e-11 3.35574e-09 5.31531e-08 1.90524e-06 0.000115607 0.00421084 0.958523 0.0248815 0.0112915 0.000975475 
1.54592e-09 1.15139e-07 4.43197e-06 0.000199854 0.0063707 0.941638 0.0387785 0.0123018 0.000702271 4.68255e-06 
1.30722e-17 7.86359e-15 1.83392e-12 4.10911e-10 3.06024e-08 2.06533e-06 0.000862267 0.0080585 0.980353 0.0107243 
9.87173e-13 4.47101e-10 1.31284e-07 3.65541e-05 0.00139104 0.324304 0.659669 0.0105019 0.0035273 0.000570087 
8.10669e-23 8.46403e-20 5.21209e-17 9.72043e-15 1.2835e-12 8.13439e-11 4.15828e-05 0.000209865 0.00289093 0.996858 
9.6889e-21 8.85241e-18 2.7292e-15 5.37467e-13 1.01018e-10 2.35199e-08 7.48208e-05 0.000492472 0.00477626 0.994656 
5.8913e-18 1.15416e-15 5.88081e-14 1.28759e-11 1.52752e-09 1.41425e-07 8.70717e-05 0.00130019 0.0520625 0.94655 
2.15024e-20 2.07564e-17 4.72254e-15 9.06042e-13 1.22555e-10 2.84508e-08 7.74572e-05 0.000510938 0.00583171 0.99358 
1.9006e-16 1.23002e-13 4.54912e-11 8.98323e-09 6.87219e-07 0.000402945 0.00444143 0.971223 0.0193206 0.00461163 
2.49863e-20 2.21307e-17 7.57686e-15 1.49105e-12 2.62969e-10 5.97585e-08 0.000115696 0.00143969 0.987432 0.0110121 
6.03248e-17 5.99311e-14 9.27334e-12 1.82254e-09 1.13122e-07 1.30665e-05 0.00192958 0.012109 0.977837 0.0081115 
9.35544e-17 6.61731e-14 2.94409e-11 6.42326e-09 5.41224e-07 0.000246839 0.00140855 0.0113875 0.977956 0.00900019 
5.98888e-06 0.000379553 0.00211333 0.0182391 0.926884 0.0457958 0.00635094 0.000229939 1.44887e-06 1.69821e-08 
5.02935e-11 2.39684e-08 5.23882e-07 9.60506e-05 0.00286638 0.948347 0.0298785 0.0140837 0.00422739 0.000500813 
3.32168e-17 3.21234e-14 4.79883e-12 9.81221e-10 4.86836e-08 6.50929e-06 0.000701097 0.686425 0.295395 0.0174719 
1.13225e-17 1.25518e-14 1.93634e-12 3.81531e-10 3.04132e-08 3.22945e-06 0.000871644 0.00683407 0.986759 0.00553164 
6.5771e-14 1.14423e-11 4.65261e-10 1.08118e-07 1.63527e-06 0.000247117 0.00370145 0.0151901 0.975247 0.00561275 
2.52943e-18 6.91476e-16 2.27324e-13 6.48421e-11 3.01814e-09 2.55783e-07 0.000181441 0.00176758 0.00995664 0.988094 
9.20721e-20 8.63404e-17 2.30833e-14 4.52665e-12 6.98063e-10 1.69459e-07 9.43524e-05 0.00109092 0.00766793 0.991147 
9.39236e-23 8.90238e-20 9.25925e-17 1.70217e-14 1.17973e-12 5.75411e-11 3.75438e-08 7.94937e-06 0.000188306 0.999804 
6.01163e-17 5.88633e-14 8.75431e-12 1.73957e-09 9.23923e-08 1.20909e-05 0.00142786 0.00920245 0.0215811 0.967776 
8.64968e-10 6.04699e-08 2.47728e-06 0.000394084 0.00633864 0.935916 0.0424406 0.0132545 0.001577 7.61786e-05 
3.38072e-09 6.68077e-07 0.000117235 0.00287502 0.0155592 0.494543 0.484174 0.0026579 7.307e-05 4.66382e-07 
1.68979e-14 2.95839e-12 1.41399e-10 3.28422e-08 9.63265e-07 0.000110365 0.00374692 0.973915 0.01753 0.00469686 
2.21509e-20 2.05962e-17 6.55809e-15 1.26844e-12 1.87802e-10 4.78133e-08 7.42809e-05 0.000700248 0.00690275 0.992323 
5.64158e-22 5.39342e-19 6.14141e-16 1.10846e-13 1.29924e-11 5.01865e-09 3.99572e-05 0.000150835 0.0017234 0.998086 
1.25304e-06 6.05415e-05 0.000969949 0.0120204 0.680838 0.299486 0.00624964 0.000370717 2.80756e-06 3.52738e-08 
1.55771e-05 0.00194307 0.0167812 0.899834 0.0660841 0.0140583 0.00120551 7.83034e-05 3.42043e-07 2.0084e-09 
3.25423e-10 5.54618e-08 5.94121e-07 4.45543e-05 0.000978561 0.00772554 0.203594 0.565255 0.22083 0.00157189 
1.75505e-13 3.02075e-11 1.28569e-09 2.5658e-07 7.5013e-06 0.00112569 0.00318975 0.0166077 0.973995 0.00507431 
4.77486e-18 1.40756e-15 6.00635e-13 1.75593e-10 1.25553e-08 5.46272e-07 0.000442426 0.00398632 0.983165 0.012406 
6.93585e-20 6.43631e-17 1.81991e-14 3.56757e-12 5.57989e-10 1.35482e-07 0.000109454 0.000983216 0.00745204 0.991455 
5.09566e-17 4.35497e-14 1.7751e-11 3.56794e-09 2.39411e-07 0.0001136 0.00273741 0.0144601 0.977709 0.00497989 
2.56467e-11 1.24855e-09 1.68342e-08 6.72905e-07 4.32939e-05 0.00119038 0.00524908 0.300318 0.690742 0.00245566 
2.89846e-13 4.58623e-11 1.92728e-09 4.02074e-07 9.79122e-06 0.00112529 0.00359361 0.96898 0.0218874 0.0044031 
7.60324e-09 4.34408e-07 6.8155e-06 0.00105875 0.0357932 0.913953 0.0487999 0.000381438 6.66655e-06 2.03166e-07 
1.38124e-21 1.44519e-18 7.3433e-16 1.3466e-13 1.69721e-11 4.29797e-09 3.40472e-05 0.000256004 0.0040996 0.99561 
8.847e-20 8.33778e-17 2.21399e-14 4.32647e-12 6.62709e-10 1.62557e-07 0.000231234 0.00322401 0.978933 0.0176112 
3.12612e-13 5.40854e-11 2.25087e-09 4.96705e-07 1.25063e-05 0.00104593 0.00396593 0.0145785 0.0203407 0.960056 
2.2648e-17 1.74182e-14 4.19756e-12 8.69273e-10 9.90475e-08 1.80903e-05 0.00353435 0.96112 0.0274961 0.00783105 
2.4627e-06 0.000115113 0.00114934 0.00901586 0.0286292 0.0370639 0.9173 0.00635817 0.000365464 7.36703e-07 
5.29997e-20 4.98743e-17 1.33288e-14 2.60498e-12 3.94174e-10 9.6871e-08 0.000117232 0.00116882 0.00865094 0.990063 
1.69555e-13 3.21159e-11 1.32702e-09 2.95518e-07 5.94369e-06 0.000600686 0.00279761 0.96972 0.0216404 0.00523457 
3.15021e-20 3.01005e-17 7.28154e-15 1.42286e-12 2.18721e-10 5.11275e-08 3.35845e-05 0.000343232 0.00200061 0.997623 
7.31349e-24 6.96847e-21 7.95523e-18 1.48573e-15 3.69874e-13 3.55318e-11 3.53217e-05 0.000147548 0.00217254 0.997645 
2.51845e-11 1.17573e-08 2.42578e-07 4.45593e-05 0.00126755 0.00953127 0.402948 0.576528 0.00913968 0.000540728 
5.19335e-07 2.55045e-05 0.000481613 0.00587468 0.0251955 0.0405693 0.922708 0.00480971 0.000333542 1.30567e-06 
4.51578e-20 4.30555e-17 1.12226e-14 2.1817e-12 3.27662e-10 7.75667e-08 8.67055e-05 0.000776663 0.00693814 0.992198 
4.81631e-10 9.73292e-08 3.39386e-06 0.0006297 0.00786819 0.0301038 0.948215 0.0113232 0.00178766 6.91411e-05 
3.02755e-10 2.80621e-08 3.19086e-07 8.44659e-06 0.00024958 0.00268383 0.00709836 0.970922 0.0161821 0.00285496 
4.33255e-20 3.89157e-17 1.22579e-14 2.42678e-12 4.03349e-10 9.51082e-08 7.01772e-05 0.000773554 0.00590776 0.993248 
1.76671e-14 3.14231e-12 1.36868e-10 2.84249e-08 6.15413e-07 0.000133265 0.00199214 0.962423 0.0268639 0.00858747 
6.08916e-17 6.10646e-14 9.15378e-12 1.78444e-09 1.15999e-07 1.34363e-05 0.00189695 0.0151273 0.972855 0.0101068 
2.99304e-17 2.68807e-14 4.27774e-12 9.19176e-10 4.38567e-08 5.41891e-06 0.000551251 0.00396891 0.011933 0.983541 
1.90479e-06 0.000164739 0.0013021 0.0128657 0.941041 0.0350996 0.0088186 0.000695511 1.10597e-05 8.67284e-08 
1.07537e-19 9.83539e-17 2.90608e-14 5.63851e-12 8.29225e-10 2.29425e-07 0.000330305 0.0020172 0.0116865 0.985966 
2.08744e-10 1.07153e-08 1.51751e-07 3.37553e-06 0.000187918 0.00333664 0.0117228 0.964826 0.018136 0.00178704 
4.4241e-34 2.12186e-30 3.87827e-26 3.45674e-22 8.84665e-18 1.4543e-14 1.04216e-08 1.23393e-05 0.00105194 0.998936 
1.82946e-16 1.55184e-13 3.29783e-10 7.36316e-08 7.65181e-05 0.00429804 0.949377 0.0203173 0.0189363 0.00699467 
6.40316e-17 5.83842e-14 1.65114e-11 3.28449e-09 1.91877e-07 2.8467e-05 0.00266139 0.0129018 0.976463 0.00794493 
1.59837e-09 1.14832e-07 4.96931e-06 0.000880077 0.00501724 0.0169122 0.966965 0.00934862 0.000851102 2.05929e-05 
3.3963e-13 5.78435e-11 2.36058e-09 5.09915e-07 1.13576e-05 0.00114608 0.00294748 0.0148249 0.975548 0.00552193 
4.27316e-18 1.3862e-15 6.52397e-13 9.79373e-11 3.22166e-08 1.77523e-06 0.0018179 0.968825 0.021269 0.00808616 
7.60791e-10 1.26042e-07 1.76247e-06 0.000181512 0.00306342 0.0154182 0.274577 0.633518 0.073066 0.000174334 
1.10025e-09 1.54305e-07 3.60041e-06 0.000800539 0.0108735 0.958267 0.0214369 0.00767143 0.000891962 5.48721e-05 
2.31916e-13 3.62017e-11 1.49821e-09 3.09286e-07 7.47647e-06 0.00060422 0.00230505 0.0115662 0.981117 0.00439939 
5.70927e-21 5.22655e-18 1.38582e-15 2.72799e-13 3.78378e-11 9.96986e-09 1.5477e-05 9.5715e-05 0.00130999 0.998579 
9.40549e-20 8.81957e-17 2.30071e-14 4.52474e-12 7.03502e-10 1.73901e-07 0.00010434 0.00103417 0.00399737 0.994864 
1.39873e-16 1.09062e-13 3.18808e-11 6.00197e-09 4.32962e-07 0.000210449 0.0052595 0.9805 0.0113281 0.0027012 
6.15969e-20 5.84525e-17 1.46536e-14 2.88293e-12 3.65648e-10 1.05254e-07 0.000104611 0.000772708 0.00537917 0.993743 
2.93998e-13 5.06912e-11 2.05624e-09 4.71278e-07 9.74919e-06 0.00119641 0.00649767 0.967514 0.0206913 0.00409053 
5.71448e-20 5.4445e-17 1.40237e-14 2.72846e-12 5.6023e-10 1.06196e-07 0.000165242 0.00262306 0.986005 0.0112065 
5.70495e-15 5.10794e-13 3.0286e-11 4.57806e-09 2.03335e-07 1.91561e-05 0.00193655 0.0082601 0.0172429 0.972541 
6.26551e-10 9.02767e-08 1.28274e-06 5.98932e-05 0.00173445 0.0150911 0.969528 0.0121517 0.00137035 6.31553e-05 
3.47021e-17 3.39358e-14 5.14208e-12 1.00697e-09 6.8834e-08 7.60505e-06 0.00109116 0.0066972 0.014508 0.977696 
1.07035e-16 7.60844e-14 4.55777e-11 8.94875e-09 1.31382e-06 7.75344e-05 0.0491549 0.425946 0.490755 0.0340659 
3.93338e-19 4.24465e-16 1.2539e-13 3.20454e-11 1.60722e-09 1.87078e-07 0.000169533 0.00155515 0.560815 0.43746 
1.11326e-17 6.17284e-15 1.1929e-12 2.89019e-10 1.33517e-08 1.25451e-06 0.00027135 0.003422 0.0103627 0.985943 
2.86709e-09 3.25921e-07 1.75255e-05 0.00174088 0.0196835 0.962898 0.0135025 0.00211463 4.12668e-05 1.36178e-06 
0.000110643 0.00482068 0.0289477 0.914483 0.0446667 0.00659411 0.000375248 1.42688e-06 7.79314e-08 4.77293e-10 
3.23916e-17 3.73146e-14 5.56731e-12 1.04522e-09 7.36536e-08 8.67001e-06 0.00143897 0.00917339 0.976496 0.0128831 
1.78647e-10 1.65356e-08 2.2616e-07 1.6024e-05 0.000493765 0.00515937 0.82672 0.0672543 0.099896 0.000460786 
2.47817e-06 0.000115176 0.00124026 0.0133418 0.959635 0.0224254 0.00292681 0.000311732 1.25957e-06 3.4461e-07 
3.53038e-13 5.88502e-11 2.45029e-09 5.3173e-07 1.18549e-05 0.00111745 0.00366624 0.0183686 0.97145 0.00538518 
1.48462e-13 2.6826e-11 1.12132e-09 2.43592e-07 6.04454e-06 0.000751345 0.00394631 0.0148502 0.979184 0.00126209 
2.50728e-17 2.37233e-14 4.56758e-12 9.88428e-10 5.84899e-08 5.44794e-06 0.00117116 0.00766768 0.980295 0.0108604 
6.17875e-17 5.1743e-14 6.54249e-12 1.24618e-09 8.01824e-08 9.15017e-06 0.00130812 0.00968164 0.982949 0.0060523 
5.61502e-06 0.000261428 0.00251621 0.0257352 0.925975 0.0398451 0.00542512 0.000234086 1.68997e-06 2.02406e-08 
9.65732e-14 1.83754e-11 7.88025e-10 1.75478e-07 3.47303e-06 0.000750565 0.00407904 0.972591 0.0183048 0.00427052 
1.868e-17 1.31982e-14 2.21756e-12 4.68249e-10 3.94936e-08 3.43489e-06 0.000916628 0.011197 0.972113 0.0157703 
3.37274e-10 6.67217e-08 6.1379e-07 2.45598e-05 0.000350412 0.00522545 0.0134656 0.967512 0.0123949 0.00102654 
2.25208e-12 9.29221e-10 9.29736e-09 8.59646e-07 2.6659e-05 0.00950755 0.71324 0.178523 0.0969297 0.00177263 
5.31554e-21 3.78066e-18 3.31456e-15 6.92577e-13 4.726e-10 3.41393e-08 0.000162433 0.00235933 0.988794 0.00868402 
3.1174e-06 0.000147381 0.00153282 0.120599 0.834378 0.0376829 0.00536402 0.000289799 2.99347e-06 3.0907e-08 
2.30224e-09 2.07218e-07 7.13894e-06 0.000709002 0.00688612 0.0221459 0.958866 0.0108245 0.000557723 2.95605e-06 
1.53908e-11 6.95501e-09 9.80483e-08 1.49028e-05 0.000344477 0.00395918 0.010664 0.968585 0.0152149 0.00121739 
3.65413e-11 2.07282e-08 6.8307e-07 0.000140109 0.00285208 0.0185246 0.959164 0.0160538 0.00302121 0.000242969 
1.61497e-10 4.10044e-08 4.7869e-07 3.25236e-05 0.000991306 0.00892756 0.939614 0.0392548 0.0104164 0.000762472 
2.39593e-13 3.88374e-11 1.61366e-09 3.27559e-07 8.75e-06 0.00106359 0.00782566 0.974007 0.0160828 0.00101134 
7.20799e-20 6.74629e-17 1.88966e-14 3.69375e-12 5.57954e-10 1.36855e-07 0.000127806 0.00132618 0.973604 0.0249418 
8.54882e-18 2.6284e-15 9.97093e-13 2.94213e-10 1.19222e-08 5.3542e-07 0.000345992 0.00342941 0.00922209 0.987002 
3.97596e-17 3.71979e-14 5.5821e-12 1.10077e-09 7.57749e-08 8.3957e-06 0.00112755 0.0117602 0.971556 0.015548 
2.98757e-05 0.00176876 0.00620485 0.0236196 0.0388761 0.92723 0.00226179 8.669e-06 2.89658e-07 2.85803e-09 
3.75202e-17 3.68814e-14 5.74449e-12 1.13061e-09 7.55626e-08 8.31376e-06 0.00146469 0.951279 0.0357917 0.0114563 
7.63125e-10 1.10422e-07 2.07495e-06 0.000191718 0.00479168 0.0242517 0.952327 0.0164258 0.00191035 9.99781e-05 
1.98001e-19 2.08863e-16 4.80668e-14 1.02548e-11 1.01734e-09 1.98597e-07 0.000105324 0.00116371 0.00643974 0.992291 
1.31469e-21 1.36003e-18 8.50671e-16 1.55633e-13 1.67175e-11 2.32175e-09 2.40479e-05 0.000262373 0.00351523 0.996198 
4.64759e-06 0.000301274 0.00404325 0.203811 0.760445 0.0288761 0.0023909 0.000126241 9.11179e-07 1.8489e-08 
5.45269e-06 0.000753433 0.00259217 0.0152887 0.0365874 0.0438004 0.900623 0.000347664 1.96881e-06 1.50346e-08 
3.131e-10 7.56627e-08 9.01904e-07 9.09707e-05 0.0019811 0.0183831 0.96358 0.0145119 0.00140498 4.72877e-05 
4.83686e-18 1.06395e-15 1.69477e-13 4.59738e-11 2.5273e-09 2.34581e-07 0.000147366 0.00206404 0.00971282 0.988076 
6.92516e-20 6.42083e-17 1.83392e-14 3.61211e-12 5.5594e-10 1.37999e-07 8.40547e-05 0.00103564 0.00624265 0.992638 
1.06512e-17 8.39261e-15 1.21345e-12 2.50147e-10 1.50901e-08 1.85654e-06 0.000394273 0.00475013 0.977029 0.0178248 
7.55254e-20 7.00841e-17 1.98399e-14 3.88348e-12 5.9222e-10 1.42779e-07 0.000113516 0.0013221 0.00932793 0.989236 
2.81074e-09 1.88043e-07 8.92873e-06 0.00133999 0.00738314 0.0179783 0.963041 0.00947834 0.000767557 2.53684e-06 
8.66841e-20 8.05392e-17 2.27385e-14 4.47715e-12 9.10661e-10 1.83206e-07 0.000187174 0.00291661 0.0112735 0.985622 
3.91839e-13 6.87273e-11 2.88473e-09 6.27641e-07 1.41401e-05 0.00187064 0.00703937 0.966075 0.021807 0.00319325 
0.000190262 0.0117669 0.0527451 0.918172 0.0134517 0.00293718 0.00068638 5.05305e-05 2.68487e-07 3.5594e-09 
5.77788e-14 1.09088e-11 5.01866e-10 1.12996e-07 2.82975e-06 0.000443708 0.00150414 0.00991984 0.499729 0.4884 
5.70311e-20 5.3652e-17 1.42944e-14 2.79353e-12 4.00768e-10 9.93268e-08 6.06656e-05 0.000739207 0.00531773 0.993882 
1.18891e-10 8.01113e-09 2.35666e-07 3.84885e-05 0.00136765 0.0115142 0.972681 0.0113168 0.00293128 0.000150423 
2.76196e-10 5.37648e-08 5.2413e-07 2.97472e-05 0.00056577 0.00704057 0.0199612 0.961407 0.0103593 0.000635645 
4.3733e-08 1.80081e-05 0.00129312 0.0171958 0.93554 0.0318238 0.00994025 0.00338348 0.000739155 6.67903e-05 
8.70656e-10 3.20291e-07 0.000140344 0.00660376 0.923682 0.0376933 0.0191459 0.0100254 0.00207928 0.000629543 
5.7712e-14 7.58073e-12 3.08764e-10 4.22605e-08 2.01721e-06 0.000408575 0.951523 0.0198675 0.0219538 0.00624488 
1.6782e-13 2.92182e-11 1.27332e-09 2.64014e-07 7.88116e-06 0.00165922 0.945887 0.0353702 0.0157849 0.00129042 
0.000868742 0.0188456 0.0534477 0.920799 0.00601498 2.38386e-05 3.34166e-07 5.39124e-10 1.33031e-12 1.49086e-14 
2.87807e-13 6.4252e-11 8.37509e-09 8.6272e-07 8.01871e-05 0.00170276 0.00824863 0.0272209 0.960579 0.00216732 
1.86199e-06 0.000107058 0.00113154 0.0334835 0.197231 0.765992 0.00198631 6.57863e-05 4.18591e-07 5.38474e-09 
1.02893e-06 4.74886e-05 0.000371003 0.00557222 0.0343658 0.939678 0.016982 0.00276609 0.000214754 1.53073e-06 
1.62239e-10 6.88341e-08 6.84467e-07 6.69046e-05 0.00126665 0.0115841 0.95831 0.0239795 0.0046506 0.000141689 
3.5769e-18 7.17339e-16 4.32404e-14 9.39892e-12 3.22877e-09 2.7281e-07 0.00043572 0.490385 0.0144068 0.494772 
4.20526e-17 4.15203e-14 6.22577e-12 1.24752e-09 7.14236e-08 8.88381e-06 0.00117914 0.974739 0.0183029 0.00576975 
1.15703e-09 1.48057e-07 2.65662e-06 0.000488199 0.00452118 0.0201934 0.957863 0.0151174 0.00173068 8.29811e-05 
2.47763e-13 4.11901e-11 1.72226e-09 3.56758e-07 9.02411e-06 0.000973042 0.00361138 0.0176302 0.972676 0.00510012 
3.10975e-17 2.7175e-14 4.28937e-12 8.90477e-10 5.60697e-08 6.01279e-06 0.00105837 0.00656026 0.980372 0.0120035 
6.90717e-14 1.73308e-11 4.39273e-09 7.47816e-07 5.23877e-05 0.0377122 0.00256995 0.782777 0.174708 0.00217968 
5.97511e-20 5.62211e-17 1.44079e-14 2.82786e-12 4.6513e-10 1.06927e-07 9.76635e-05 0.000662203 0.00578884 0.993451 
1.11356e-10 1.85576e-08 1.78668e-07 6.81102e-06 0.000144161 0.00285089 0.160732 0.179893 0.653547 0.00282589 
3.19828e-29 7.34862e-26 1.58793e-21 3.54503e-19 9.28355e-16 2.92247e-13 4.17607e-08 3.83965e-05 0.00129197 0.99867 
5.85097e-10 8.78412e-08 1.16388e-06 8.15797e-05 0.00210535 0.0177974 0.962536 0.0155161 0.00189199 7.03865e-05 
6.41182e-20 6.00689e-17 1.64697e-14 3.22149e-12 5.09338e-10 1.225e-07 0.000130276 0.00112704 0.983634 0.015109 
7.56536e-20 7.09021e-17 2.09075e-14 4.16212e-12 2.20937e-09 2.28547e-07 0.000209505 0.00451204 0.981458 0.0138201 
2.62022e-13 4.88377e-11 1.89188e-09 4.3027e-07 6.92429e-06 0.000912211 0.00742432 0.975091 0.0142953 0.00227027 
1.74959e-09 3.47267e-07 0.00019904 0.0053681 0.633946 0.349211 0.00925017 0.00189332 0.000129909 1.94106e-06 
1.29245e-16 9.23616e-14 1.69218e-11 3.12676e-09 2.07101e-07 7.08145e-05 0.002141 0.0111428 0.978983 0.00766231 
2.2606e-09 2.42376e-07 9.71076e-06 0.00139615 0.0165669 0.687491 0.289766 0.00416997 0.000554085 4.56488e-05 
3.46992e-19 3.40485e-16 2.19097e-13 2.19525e-11 4.2618e-09 3.38064e-07 0.000323146 0.00197823 0.0113036 0.986395 
1.69596e-13 3.13618e-11 1.31728e-09 2.90757e-07 6.20939e-06 0.00109627 0.00862702 0.974543 0.0139165 0.00181066 
7.12113e-20 6.56379e-17 1.94285e-14 3.82925e-12 6.20536e-10 1.51701e-07 9.80651e-05 0.00113985 0.00704052 0.991721 
2.80448e-10 1.41446e-08 2.42904e-07 8.83028e-06 0.000306071 0.00616511 0.0196825 0.958613 0.0140773 0.00114669 
5.3795e-10 1.39918e-07 3.75852e-06 0.000730269 0.0095798 0.490441 0.488123 0.0103727 0.000743384 5.97084e-06 
1.48339e-13 2.75374e-11 1.09909e-09 2.44452e-07 6.00911e-06 0.00104273 0.00688148 0.967055 0.0208126 0.00420184 
2.89851e-10 1.41989e-08 2.04065e-07 3.78108e-06 0.000207633 0.00303114 0.0121252 0.965868 0.0167317 0.00203193 
3.26176e-05 0.00226112 0.0143499 0.0457233 0.924691 0.0122395 0.000700323 2.45051e-06 1.2032e-07 6.9832e-10 
2.8914e-06 0.00013547 0.00132869 0.0142523 0.0420551 0.0361489 0.903812 0.00218304 8.11513e-05 5.33353e-08 
7.74228e-20 7.01188e-17 2.18745e-14 4.3169e-12 6.71884e-10 1.64785e-07 6.39475e-05 0.00125309 0.00798332 0.990699 
1.98683e-16 1.56842e-13 4.16026e-11 7.54061e-09 6.53633e-07 0.000697003 0.948794 0.0285955 0.0167541 0.00515876 
1.45491e-14 1.51147e-12 6.44032e-11 8.76921e-09 4.02721e-07 5.16124e-05 0.00127237 0.422356 0.574264 0.00205535 
1.13707e-10 5.32453e-08 6.33438e-07 6.63394e-05 0.00196039 0.0172778 0.963635 0.0151779 0.00176491 0.00011669 
1.04909e-14 3.2286e-12 1.18245e-10 2.17893e-08 8.5401e-07 0.000359443 0.00164525 0.0134165 0.9769 0.00767807 
1.60091e-23 1.52464e-20 1.71588e-17 3.19835e-15 7.85504e-13 7.07752e-11 5.68131e-05 0.000587947 0.992059 0.00729617 
3.79961e-17 3.16806e-14 5.60972e-12 1.19821e-09 8.0287e-08 7.37164e-06 0.00156124 0.957248 0.0298237 0.0113596 
1.00246e-09 3.02923e-07 0.000130824 0.00717758 0.937595 0.0315648 0.0158953 0.00661996 0.000958226 5.79889e-05 
6.71844e-13 2.73322e-10 7.06957e-08 1.37832e-05 0.000609441 0.00633934 0.571165 0.4129 0.00806969 0.000902682 
2.71125e-17 2.29383e-14 4.05682e-12 8.5301e-10 5.66221e-08 5.38158e-06 0.00130237 0.00776276 0.0174889 0.973441 
1.32128e-09 1.6931e-07 4.51634e-06 0.000888707 0.00908303 0.0250491 0.95319 0.0103662 0.00134683 7.16838e-05 
9.48152e-15 1.15739e-12 5.46362e-11 8.05001e-09 3.13882e-07 5.32929e-05 0.0015268 0.00939526 0.0183725 0.970652 
2.18148e-09 4.06384e-07 8.11213e-05 0.00319135 0.697172 0.281893 0.0137632 0.00340789 0.000461022 3.04066e-05 
3.74818e-06 0.00017238 0.00126328 0.0143 0.0593121 0.914153 0.0100057 0.000780251 9.37291e-06 7.13585e-08 
3.50855e-06 0.000162522 0.0013395 0.0118215 0.043087 0.932114 0.0107184 0.000750584 2.50514e-06 1.79273e-08 
1.58812e-25 1.64666e-22 6.2658e-19 1.42226e-16 4.07497e-13 5.83403e-11 4.80497e-05 0.00076003 0.00481588 0.994376 
4.81863e-20 4.53986e-17 1.1445e-14 2.25554e-12 3.41334e-10 8.44781e-08 8.82378e-05 0.000640931 0.00442317 0.994848 
8.01315e-19 2.11387e-16 2.49874e-14 5.10599e-12 1.11325e-09 1.60478e-07 0.000119801 0.00114671 0.00442517 0.994308 
1.15759e-14 2.59323e-12 8.66693e-11 1.59666e-08 7.15769e-07 0.000163861 0.961034 0.0152179 0.0185876 0.00499618 
6.20611e-14 1.03966e-11 4.12187e-10 9.86566e-08 1.22928e-06 0.000114846 0.00166849 0.96303 0.0272897 0.00789566 
8.10956e-11 3.78516e-08 4.22871e-07 5.50763e-05 0.000992655 0.00977698 0.95535 0.0248081 0.0084775 0.00053891 
1.55547e-09 2.91588e-07 7.9368e-06 0.00192337 0.0197427 0.950181 0.0205901 0.00646944 0.00102152 6.39872e-05 
1.83457e-10 9.41641e-09 1.33782e-07 2.68453e-06 0.000149059 0.002569 0.0109178 0.972285 0.0132038 0.000872674 
3.68042e-05 0.0019686 0.0211105 0.941485 0.0321833 0.002738 0.000476713 5.91885e-07 5.54114e-09 8.31147e-11 
5.82284e-06 0.000269925 0.00211862 0.0164753 0.0491662 0.925193 0.00655959 0.000210353 1.36894e-06 1.69224e-08 
1.40712e-17 1.61384e-14 2.65536e-12 4.61976e-10 5.03873e-08 4.62594e-06 0.00130228 0.00776176 0.0212887 0.969643 
0 0 0 0 0 0 0 0 3.91029e-26 1 
3.32857e-11 1.81132e-09 1.07793e-07 1.4336e-05 0.000945113 0.0102932 0.952394 0.0232218 0.0118025 0.0013285 
0.000207825 0.00521483 0.0227985 0.0511847 0.905675 0.0136148 0.00130171 2.81888e-06 1.40868e-07 8.31012e-10 
1.02687e-05 0.00170832 0.0104115 0.29927 0.668021 0.0188976 0.00161722 6.3206e-05 5.41134e-07 1.10314e-08 
8.79e-06 0.000461416 0.301452 0.155609 0.524404 0.0165404 0.00144706 7.71345e-05 6.80523e-07 1.18073e-08 
3.4047e-17 3.92543e-14 5.76291e-12 1.14643e-09 7.0288e-08 8.81289e-06 0.00117048 0.0117164 0.974628 0.0124758 
1.91985e-11 4.00994e-09 1.95863e-07 1.23506e-05 0.00433497 0.13521 0.615709 0.231039 0.0128788 0.000815176 
1.74189e-17 1.85076e-14 3.8757e-12 7.16254e-10 9.54179e-08 9.28113e-06 0.00322112 0.0177285 0.966691 0.0123503 
0.000163562 0.00383183 0.0880917 0.892918 0.0144664 0.000506308 2.22203e-05 2.68918e-08 3.23906e-10 7.23811e-12 
1.22928e-24 1.16933e-21 1.27052e-18 2.34494e-16 2.73291e-14 1.34044e-12 5.55353e-09 9.43811e-06 5.06996e-05 0.99994 
6.48703e-10 1.34201e-07 4.48611e-06 0.000346138 0.023231 0.0820463 0.793149 0.0996487 0.00148996 8.47986e-05 
2.57332e-19 2.65509e-16 8.33847e-14 2.04522e-11 1.37741e-09 2.22159e-07 0.000161846 0.00167633 0.0093087 0.988853 
3.16014e-09 3.22839e-07 1.26241e-05 0.0020867 0.0207153 0.963094 0.0117028 0.00164376 0.000665583 7.9078e-05 
9.66785e-14 8.45121e-12 4.1288e-10 5.5631e-08 3.11281e-06 0.000450714 0.00475028 0.02065 0.969156 0.00499031 
5.63091e-17 4.35722e-14 6.52342e-12 1.36083e-09 6.68765e-08 8.49731e-06 0.000680321 0.00692983 0.978211 0.0141708 
6.18846e-22 5.84592e-19 4.85862e-16 8.65792e-14 1.22229e-11 3.40985e-09 5.73425e-05 0.000416581 0.00467182 0.994854 
2.07436e-10 5.16063e-08 5.01267e-07 3.25054e-05 0.000597302 0.00569959 0.0122792 0.0217202 0.957694 0.0019767 
2.82922e-13 4.58542e-11 1.94462e-09 3.9194e-07 1.1059e-05 0.00124965 0.00504178 0.967072 0.0225745 0.00405082 
3.01553e-06 0.000238762 0.00388993 0.289751 0.678948 0.023697 0.00331588 0.000153996 1.97404e-06 4.52185e-07 
8.02606e-18 7.99694e-15 1.85926e-12 3.66487e-10 3.25768e-08 2.45539e-06 0.00126063 0.00699992 0.979054 0.0126831 
6.33621e-11 7.57283e-09 9.0781e-08 3.12211e-06 0.000128592 0.00466962 0.958254 0.0243599 0.0115939 0.000990863 
2.49504e-09 3.25267e-07 3.87328e-05 0.0051756 0.928421 0.0465803 0.0161775 0.00330633 0.000295807 4.08957e-06 
4.95001e-20 4.66776e-17 1.28517e-14 2.49878e-12 3.70683e-10 9.05313e-08 6.87854e-05 0.000829719 0.496023 0.503079 
8.86828e-20 8.0611e-17 4.2151e-14 9.37998e-12 2.08107e-08 9.88218e-07 0.000408434 0.00795009 0.980296 0.0113445 
6.14741e-17 5.94131e-14 9.3671e-12 1.86743e-09 1.08022e-07 1.26978e-05 0.00175058 0.0123711 0.97709 0.00877524 
7.75993e-21 7.97485e-18 2.90907e-15 5.30417e-13 5.21967e-11 1.12766e-08 4.16947e-05 0.0004387 0.00617335 0.993346 
2.43422e-15 3.88936e-13 2.45106e-11 4.60733e-09 2.55493e-07 2.80021e-05 0.00185312 0.014166 0.974244 0.00970871 
6.62687e-20 6.24489e-17 1.73787e-14 3.3857e-12 5.07445e-10 1.2464e-07 0.000126567 0.00127913 0.0105692 0.988025 
4.20722e-17 3.80392e-14 5.97286e-12 1.16047e-09 7.9794e-08 8.53379e-06 0.00170681 0.0109995 0.979608 0.00767726 
1.31733e-21 1.35571e-18 2.42728e-16 4.62994e-14 5.53478e-12 1.49815e-09 8.26708e-06 5.23856e-05 0.00120808 0.998731 
8.54115e-14 1.22164e-11 5.35922e-10 9.79829e-08 2.5523e-06 0.000463678 0.00557242 0.977209 0.0133327 0.00342002 
1.615e-21 1.65169e-18 1.19266e-15 2.16497e-13 2.56515e-11 5.98057e-09 5.58138e-05 0.000674943 0.0060223 0.993247 
2.21448e-13 3.72617e-11 1.54244e-09 3.24044e-07 7.92375e-06 0.00102322 0.00337597 0.0163175 0.977074 0.00220096 
2.5716e-18 5.0689e-16 2.79432e-14 6.02796e-12 3.89778e-10 7.09228e-08 0.000101678 0.000965196 0.0070448 0.991888 
2.74621e-13 4.39109e-11 1.82915e-09 3.84864e-07 8.82291e-06 0.000943705 0.00326597 0.0151636 0.974386 0.00623164 
5.55575e-10 7.79016e-08 1.39686e-06 0.000141303 0.00360423 0.0198358 0.0389866 0.935349 0.00200434 7.73894e-05 
5.50405e-10 8.38877e-08 9.68267e-07 6.85342e-05 0.00207372 0.0167275 0.0337563 0.945121 0.00217825 7.37215e-05 
3.59366e-09 4.93709e-07 4.38765e-05 0.00256015 0.0217618 0.959018 0.0142823 0.00222641 0.000105428 1.45854e-06 
8.07524e-10 1.46536e-07 3.52747e-06 0.000459702 0.00905071 0.932642 0.039809 0.014908 0.00298122 0.000145416 
3.38072e-13 5.32692e-11 2.10598e-09 4.23492e-07 1.00584e-05 0.000781138 0.00294691 0.0101019 0.960709 0.0254502 
3.27371e-11 1.44809e-08 1.54068e-07 1.43538e-05 0.000326477 0.00601306 0.961769 0.0215741 0.00937371 0.000929473 
1.29353e-11 7.15714e-10 1.55459e-08 8.82746e-07 2.95465e-05 0.00199935 0.00688426 0.961405 0.0255619 0.00411925 
5.73344e-17 5.66401e-14 8.5369e-12 1.66148e-09 1.05356e-07 1.23576e-05 0.00173349 0.0120387 0.0259598 0.960256 
3.76308e-18 4.30146e-15 7.14826e-13 1.2514e-10 1.68021e-08 1.40133e-06 0.000505899 0.488727 0.500786 0.00997912 
3.05223e-17 3.00911e-14 5.00714e-12 1.03603e-09 5.81446e-08 6.6426e-06 0.00110991 0.00941239 0.980765 0.0087065 
5.66302e-11 2.67854e-09 3.6637e-08 9.50804e-07 7.57001e-05 0.00100009 0.00357312 0.014882 0.973347 0.00712116 
1.39144e-05 0.00216099 0.126542 0.570348 0.295321 0.0050315 0.000557823 2.48511e-05 1.7425e-07 1.02468e-09 
1.03325e-19 9.61376e-17 2.73088e-14 5.35075e-12 1.02662e-09 2.21555e-07 0.000164781 0.0734541 0.912069 0.0143123 
4.45036e-14 3.41949e-12 1.65977e-10 2.19037e-08 1.20232e-06 5.78338e-05 0.00137181 0.00808359 0.985049 0.00543669 
9.024e-20 8.40613e-17 2.34863e-14 4.61932e-12 9.10249e-10 1.84368e-07 0.000132686 0.00131404 0.00787958 0.990674 
4.72847e-17 5.25096e-14 7.84733e-12 1.50153e-09 1.07132e-07 1.63365e-05 0.00160531 0.0106505 0.974454 0.0132737 
5.01136e-10 8.07506e-08 1.05994e-06 0.000110683 0.00685451 0.951532 0.0265997 0.0125393 0.00224952 0.000112884 
8.79456e-20 8.28492e-17 2.19051e-14 4.28688e-12 6.55795e-10 1.60585e-07 0.000204444 0.00193588 0.980796 0.017063 
7.64701e-10 7.68182e-08 1.31195e-06 7.37042e-05 0.00139789 0.00942881 0.0169541 0.961458 0.00979142 0.000895071 
6.40678e-20 6.018e-17 1.60666e-14 3.15042e-12 4.85517e-10 1.1862e-07 9.11941e-05 0.000834282 0.00473126 0.994343 
3.27176e-10 4.14016e-08 6.10387e-07 5.7336e-05 0.00233216 0.0168876 0.957891 0.016137 0.0063091 0.000384709 
1.35775e-19 1.01706e-16 2.57787e-14 5.06075e-12 7.5866e-10 1.8025e-07 0.000167212 0.00146556 0.010124 0.988243 
1.89107e-05 0.00243093 0.0195906 0.905142 0.053388 0.0175532 0.0017326 0.000142621 9.18089e-07 1.55115e-08 
3.21244e-17 3.34879e-14 4.97818e-12 9.64746e-10 6.12749e-08 7.36102e-06 0.0011369 0.0076253 0.0206222 0.970608 
6.72679e-20 6.29519e-17 1.67578e-14 3.2902e-12 5.05764e-10 1.24326e-07 7.09068e-05 0.000776782 0.00454166 0.994611 
4.39591e-20 4.2548e-17 1.08604e-14 2.10312e-12 2.76782e-10 7.26899e-08 0.000106143 0.000834757 0.00689536 0.992164 
7.09415e-09 2.61224e-06 0.000824053 0.0148531 0.959175 0.0219089 0.00300575 0.000226621 3.18594e-06 6.35708e-07 
7.36218e-11 3.43382e-08 2.8049e-07 1.295e-05 0.000155881 0.00354072 0.0116319 0.969825 0.013689 0.00114409 
2.78699e-16 1.96805e-13 7.15411e-11 1.38282e-08 1.02055e-06 0.000773107 0.00901459 0.970255 0.0161325 0.00382347 
5.88237e-10 5.65818e-08 7.43561e-07 5.84089e-05 0.00495239 0.930697 0.0290024 0.0252293 0.0094213 0.000638112 
6.39962e-18 1.46662e-15 3.34153e-13 9.59568e-11 4.05695e-09 1.87261e-07 0.000110029 0.00178662 0.00714425 0.990959 
6.75775e-08 3.78255e-06 0.000559779 0.0102452 0.944155 0.0338771 0.00998194 0.00116021 1.59382e-05 9.4677e-07 
1.81366e-09 1.78156e-07 6.69637e-06 0.00127677 0.0125632 0.502052 0.480569 0.0030924 0.000420134 1.99585e-05 
3.98984e-17 3.55345e-14 5.32171e-12 1.01728e-09 7.06895e-08 7.77909e-06 0.001223 0.966806 0.0249014 0.00706187 
4.72735e-07 2.37014e-05 0.000362346 0.00657021 0.0306901 0.947098 0.0137606 0.00147088 2.31718e-05 9.52546e-08 
1.40277e-13 2.37497e-11 1.00814e-09 2.38609e-07 4.46068e-06 0.000648457 0.00632488 0.978501 0.0120837 0.00243771 
3.9016e-13 9.16471e-11 1.80798e-08 3.88914e-06 0.000187064 0.0054424 0.958703 0.022274 0.0120896 0.00130037 
3.32338e-13 6.02745e-11 8.21632e-09 1.5234e-06 0.00020026 0.00539923 0.955393 0.0249696 0.0125521 0.00148451 
3.28459e-13 1.03424e-10 5.95186e-08 6.34302e-06 0.000599519 0.00683748 0.957879 0.0221668 0.0107775 0.00173324 
5.33579e-17 3.98838e-14 1.5981e-11 3.12378e-09 2.73526e-07 0.000160112 0.00509651 0.965182 0.0202722 0.00928892 
4.21637e-10 3.43934e-08 4.65737e-07 2.5457e-05 0.00110212 0.383529 0.596996 0.0134328 0.00446169 0.000452128 
