11382
1.70782e-05 0.00115714 0.0146902 0.73841 0.147138 0.0801765 0.0160888 0.00211631 0.000203913 1.90444e-06 
1.19348e-10 2.70852e-09 3.77611e-08 3.31839e-08 5.22014e-08 2.46482e-06 0.000109828 0.00203893 0.0203936 0.977455 
2.38016e-05 0.00149958 0.00624475 0.0330565 0.107229 0.812288 0.0367645 0.00269381 0.000198236 2.32511e-06 
1.13561e-10 2.58223e-09 3.61085e-08 4.7103e-08 4.78681e-07 2.77724e-05 0.000284442 0.00349237 0.0225792 0.973616 
9.29316e-08 9.25053e-06 0.000531737 0.0106416 0.364626 0.562844 0.0440364 0.0147107 0.00241247 0.000187387 
4.01484e-27 1.69667e-24 3.12506e-21 7.64615e-18 1.15607e-14 5.7047e-12 2.52132e-08 5.60153e-06 0.000980583 0.999014 
1.93626e-10 4.40194e-09 6.1528e-08 7.66037e-08 6.94476e-07 3.72361e-05 0.000414495 0.0050806 0.0356097 0.958857 
4.71494e-10 1.07059e-08 1.49392e-07 1.49212e-07 7.68225e-07 3.21982e-05 0.00100664 0.00572446 0.0288305 0.964405 
2.43455e-07 5.52356e-06 7.69766e-05 6.45822e-05 1.09753e-05 8.84386e-05 0.00429334 0.0177325 0.0490107 0.928717 
1.50972e-07 3.42545e-06 4.77379e-05 4.02419e-05 1.51163e-05 0.000385232 0.00803608 0.461325 0.503422 0.0267248 
2.48853e-07 5.64749e-06 7.87211e-05 6.79582e-05 6.42143e-05 0.00157815 0.0182321 0.888946 0.0685043 0.0225227 
2.10194e-10 4.77865e-09 6.68021e-08 8.42064e-08 8.17311e-07 4.73752e-05 0.00137216 0.0132746 0.928991 0.0563135 
1.42316e-10 3.239e-09 4.53468e-08 6.70653e-08 8.89877e-07 5.39765e-05 0.00197821 0.0285754 0.929695 0.0396967 
1.895e-11 4.3013e-10 6.00339e-09 6.30606e-09 7.27254e-08 5.61708e-06 0.000472562 0.00376787 0.0203845 0.975369 
1.71676e-10 3.90057e-09 5.44881e-08 6.33156e-08 5.5066e-07 2.92537e-05 0.000432122 0.00468103 0.0368952 0.957962 
8.92198e-08 2.02846e-06 2.83995e-05 3.5908e-05 0.000893516 0.0189218 0.830865 0.086412 0.050659 0.0121825 
6.42274e-10 1.94127e-08 3.77601e-07 1.178e-05 0.000531341 0.0098259 0.593809 0.262009 0.130008 0.00380437 
1.19004e-10 2.70536e-09 3.78265e-08 4.89767e-08 5.68952e-07 3.48948e-05 0.00106171 0.0121304 0.0478772 0.938895 
1.77256e-10 4.03351e-09 5.64053e-08 7.38219e-08 7.46127e-07 3.93185e-05 0.00101201 0.0155231 0.0681376 0.915287 
2.96163e-08 3.67208e-06 8.56914e-05 0.00209149 0.0149097 0.133336 0.824429 0.0213338 0.00349546 0.000315871 
9.40384e-10 2.71929e-08 5.07148e-07 9.94057e-06 0.000367785 0.00715485 0.84847 0.0906293 0.0470704 0.00629741 
2.23495e-08 3.77815e-06 9.11964e-05 0.00318084 0.0370744 0.82595 0.0821522 0.0400898 0.01024 0.00121796 
5.79118e-08 5.09578e-06 0.00010421 0.0030533 0.0179545 0.0608551 0.86801 0.0426428 0.00680359 0.000571574 
1.25433e-08 1.18536e-06 2.11691e-05 0.0010535 0.00697024 0.0499094 0.861895 0.0651252 0.0142936 0.000730741 
8.12018e-11 1.85285e-09 2.60346e-08 5.18592e-08 8.22452e-07 4.70283e-05 0.000749996 0.00702405 0.0383028 0.953875 
1.04891e-09 2.38102e-08 3.32148e-07 3.19481e-07 1.25641e-06 4.29087e-05 0.00118661 0.00474925 0.0187393 0.97528 
6.8592e-08 4.02679e-06 9.74724e-05 0.00163661 0.00775169 0.0442675 0.871726 0.060962 0.0129655 0.000589351 
3.40608e-12 7.72914e-11 1.07751e-09 9.40996e-10 1.52131e-09 8.99075e-08 5.45123e-07 7.29274e-05 0.00344486 0.996482 
4.96713e-08 4.65236e-06 0.00011761 0.00224867 0.0120869 0.059726 0.87657 0.0440855 0.00491655 0.000243861 
4.1957e-08 2.56363e-06 8.30054e-05 0.00461557 0.550119 0.0605093 0.344261 0.0326386 0.00736647 0.000404524 
7.64551e-13 1.76923e-11 2.51603e-10 8.84693e-10 1.05537e-08 1.80625e-07 7.26675e-05 0.000641828 0.0127697 0.986516 
0.0402924 0.599879 0.341198 0.017286 0.00131765 2.65772e-05 7.94044e-07 3.70055e-08 1.3099e-08 5.10916e-10 
1.12967e-09 4.92205e-08 7.12326e-07 1.21199e-05 0.000355292 0.0050219 0.0307784 0.890884 0.0587724 0.0141755 
1.13389e-18 2.18073e-16 1.65869e-14 2.33017e-12 3.8185e-10 6.43389e-08 0.000103218 0.00128206 0.0229001 0.975715 
9.94353e-08 2.25602e-06 3.144e-05 2.63872e-05 4.76352e-06 5.16584e-05 0.00273657 0.0166677 0.929331 0.0511486 
1.28828e-07 2.92288e-06 4.07335e-05 3.418e-05 5.97236e-06 4.8013e-05 0.00238989 0.0100812 0.921921 0.0654758 
1.3733e-05 0.000983535 0.00538043 0.0353722 0.252892 0.434733 0.255506 0.0112025 0.00351737 0.000399335 
1.2394e-09 3.69783e-08 1.28052e-06 9.64876e-05 0.00211712 0.0292895 0.873109 0.0606603 0.027711 0.00701578 
1.50066e-07 3.40572e-06 4.74719e-05 4.12021e-05 4.7871e-05 0.00103554 0.0164649 0.903591 0.0594329 0.0193353 
1.58044e-07 3.58575e-06 4.99713e-05 4.19348e-05 7.30889e-06 5.53981e-05 0.00257586 0.0106164 0.91772 0.0689293 
1.18463e-10 2.69549e-09 3.77222e-08 5.36217e-08 6.12121e-07 3.41224e-05 0.000683449 0.0070226 0.614612 0.377647 
1.39733e-10 3.17606e-09 4.43769e-08 5.28218e-08 4.199e-07 2.27516e-05 0.000320538 0.00422686 0.0345806 0.960849 
1.51956e-07 3.44816e-06 4.8058e-05 4.09513e-05 2.08558e-05 0.000409056 0.0029297 0.0114211 0.0416856 0.943441 
1.56456e-09 4.03344e-08 6.96006e-07 8.68179e-06 0.000377283 0.00364457 0.0187172 0.0321207 0.044696 0.900435 
1.64135e-10 3.73239e-09 5.21865e-08 6.74474e-08 6.30965e-07 3.43943e-05 0.000396684 0.00445983 0.0346917 0.960417 
5.46574e-10 1.24138e-08 1.73281e-07 1.8115e-07 1.1317e-06 4.30577e-05 0.00125036 0.00659852 0.0364986 0.955608 
1.78818e-09 4.54847e-08 7.44707e-07 8.32565e-06 0.00038574 0.00519087 0.0376813 0.888215 0.056678 0.0118402 
7.7319e-08 1.75428e-06 2.44482e-05 2.05793e-05 5.48668e-06 9.69339e-05 0.00352083 0.0153945 0.0417478 0.939188 
4.67509e-09 4.93775e-07 1.13593e-05 0.000705586 0.00472403 0.0470885 0.884092 0.0508758 0.0109147 0.00158779 
4.56311e-07 2.58187e-05 0.000460309 0.00750315 0.76848 0.136818 0.065275 0.0195693 0.00179068 7.71136e-05 
3.6967e-12 9.1545e-11 1.42774e-09 2.26603e-08 5.55686e-07 3.0591e-05 0.000352947 0.00408485 0.262749 0.732782 
9.07002e-11 2.06514e-09 2.89156e-08 4.28294e-08 4.51289e-07 2.21357e-05 0.000225642 0.00242729 0.0232149 0.97411 
7.64708e-12 1.76031e-10 2.50038e-09 8.68445e-09 1.59263e-07 8.03984e-06 0.000143494 0.00114257 0.0176559 0.98105 
4.61575e-09 4.11061e-07 4.58479e-06 0.000126474 0.000983004 0.0203874 0.840957 0.0867273 0.0425498 0.00826405 
7.62657e-09 7.57776e-07 1.42721e-05 0.00079657 0.00420079 0.0336542 0.783047 0.168385 0.00933443 0.000567015 
1.22236e-07 2.77333e-06 3.86493e-05 3.24502e-05 6.04876e-06 5.72664e-05 0.0024219 0.0103337 0.0442654 0.942842 
1.0238e-09 2.84682e-08 5.67976e-07 1.57884e-05 0.00114092 0.0230317 0.855798 0.0812279 0.0336028 0.00518254 
9.08957e-08 2.06715e-06 2.89194e-05 3.15914e-05 0.000335534 0.00544274 0.0378974 0.894446 0.0527019 0.00911323 
7.06604e-09 6.31996e-07 1.22216e-05 0.000593615 0.00279108 0.0201721 0.0526248 0.874508 0.0449661 0.00433179 
1.79559e-07 4.07654e-06 5.68496e-05 5.13606e-05 0.000180254 0.00352047 0.0204696 0.070212 0.883031 0.0224738 
3.10031e-08 7.03411e-07 9.80295e-06 8.24815e-06 2.00199e-06 4.72302e-05 0.00061363 0.00484148 0.0221543 0.972323 
1.50414e-07 3.41287e-06 4.75637e-05 4.01817e-05 1.24128e-05 0.00027343 0.00419033 0.0269011 0.0629577 0.905574 
3.56011e-13 2.88289e-11 6.64904e-10 4.34173e-08 1.31723e-06 8.08576e-05 0.00267969 0.0157589 0.914521 0.0669578 
9.05254e-09 8.86687e-07 1.68459e-05 0.00106665 0.0185934 0.869849 0.070318 0.0329979 0.00648498 0.000671887 
7.90568e-09 1.79379e-07 2.49999e-06 2.12259e-06 1.03581e-06 4.15782e-05 0.000775959 0.00682511 0.0432715 0.94908 
0.000295757 0.00948954 0.17496 0.703388 0.0741278 0.0300816 0.00690928 0.000671284 7.62839e-05 8.08485e-07 
1.81972e-07 4.12862e-06 5.75368e-05 4.83609e-05 6.29316e-05 0.00420111 0.587852 0.32427 0.0569969 0.0265064 
1.93215e-07 4.38371e-06 6.10917e-05 5.12604e-05 9.00373e-06 9.23608e-05 0.00535582 0.0379904 0.914492 0.0419438 
1.17217e-10 2.66711e-09 3.73242e-08 5.27103e-08 5.77634e-07 3.21224e-05 0.000368718 0.00453318 0.0315275 0.963538 
8.05278e-11 1.83738e-09 2.5814e-08 5.08203e-08 7.95413e-07 4.50428e-05 0.00095188 0.00946304 0.0412446 0.948295 
1.53497e-07 3.48257e-06 4.85335e-05 4.07476e-05 7.46784e-06 6.83588e-05 0.00228627 0.00928168 0.0387685 0.949495 
4.67931e-08 1.06167e-06 1.47957e-05 1.245e-05 3.20433e-06 6.12817e-05 0.00423225 0.0341556 0.916992 0.0445272 
8.6524e-08 5.23612e-06 0.000105176 0.0020671 0.00855216 0.0358861 0.0575286 0.855958 0.0369044 0.00299296 
2.15882e-13 4.89828e-12 6.8274e-11 5.91267e-11 2.44992e-10 3.77002e-08 9.61784e-05 0.00108331 0.0186854 0.980135 
9.27532e-11 2.10472e-09 2.93397e-08 2.54453e-08 3.74248e-08 2.12382e-06 4.78421e-05 0.000650898 0.0078115 0.991488 
1.99287e-08 4.52155e-07 6.3014e-06 5.30877e-06 1.5866e-06 5.25945e-05 0.00378067 0.876934 0.0813996 0.0378191 
1.65501e-10 3.76177e-09 5.25572e-08 6.20836e-08 4.71365e-07 2.40321e-05 0.000329696 0.00357325 0.0311898 0.964883 
9.64314e-09 1.28068e-06 3.07244e-05 0.0011912 0.0810021 0.180026 0.269936 0.367349 0.0978111 0.0026524 
3.49716e-09 3.16444e-07 8.18717e-06 0.000574926 0.00164902 0.0170907 0.863279 0.0755281 0.0369981 0.00487126 
4.25045e-08 4.89352e-06 0.00010298 0.00188306 0.0164229 0.812258 0.117958 0.0448654 0.00600688 0.000497169 
1.58168e-07 3.58859e-06 5.00109e-05 4.19912e-05 1.18995e-05 9.63595e-05 0.00429477 0.0294357 0.922827 0.0432386 
1.16672e-09 4.68799e-08 1.57178e-06 0.000132971 0.00342818 0.284924 0.629605 0.0536654 0.02347 0.00477277 
1.25691e-11 2.85219e-10 3.97594e-09 3.42923e-09 4.15432e-09 1.96738e-07 6.28007e-05 0.000609337 0.01055 0.988778 
1.98394e-10 4.50312e-09 6.27919e-08 5.68639e-08 1.17715e-07 5.17191e-06 0.000170044 0.00276077 0.0256241 0.97144 
2.25078e-07 5.10725e-06 7.11931e-05 6.04754e-05 5.27104e-05 0.000357641 0.00477681 0.0136577 0.0745743 0.906444 
1.50497e-10 3.42132e-09 4.78124e-08 5.80844e-08 4.67067e-07 2.42873e-05 0.000288184 0.00320212 0.0268577 0.969627 
1.17736e-09 2.98588e-08 4.73266e-07 6.1411e-06 0.000199204 0.00380236 0.0228922 0.894601 0.0640426 0.0144558 
2.14348e-13 4.86996e-12 6.81068e-11 8.05166e-11 1.88967e-09 2.63955e-07 0.000208072 0.00514111 0.947301 0.04735 
2.16371e-07 4.90917e-06 6.84207e-05 5.76537e-05 2.18768e-05 0.000773214 0.00662003 0.0345266 0.918509 0.0394175 
0.000138117 0.00264935 0.0163784 0.0466869 0.791482 0.121127 0.0205361 0.00097553 2.53798e-05 8.9655e-07 
1.64892e-07 3.74111e-06 5.21363e-05 4.37421e-05 7.41156e-06 6.39146e-05 0.00352472 0.622235 0.301294 0.0727759 
1.58124e-07 3.58755e-06 4.99963e-05 4.19499e-05 7.12194e-06 6.02319e-05 0.00379682 0.0276125 0.943524 0.0249033 
2.02976e-07 4.60562e-06 6.41902e-05 5.4489e-05 2.91124e-05 0.000938702 0.0120922 0.0495772 0.911857 0.0253821 
3.28542e-08 7.45418e-07 1.03886e-05 8.76919e-06 3.10311e-06 6.49563e-05 0.00221863 0.0088913 0.0382376 0.950564 
1.49926e-12 3.40157e-11 4.74046e-10 3.98074e-10 8.05328e-11 1.47671e-09 1.09399e-07 1.22494e-05 0.000458412 0.999529 
1.38671e-07 3.14625e-06 4.38468e-05 3.68589e-05 8.68028e-06 0.000120475 0.00490871 0.0297561 0.0774561 0.887666 
7.38541e-06 0.000272607 0.00272997 0.0202971 0.349864 0.310303 0.301778 0.0128543 0.00176111 0.000132654 
1.49319e-07 3.38893e-06 4.72427e-05 4.13777e-05 5.58134e-05 0.00114307 0.0146528 0.906705 0.0588172 0.0185336 
9.42137e-13 2.23781e-11 3.31108e-10 2.97368e-09 6.8077e-08 3.69834e-06 0.000140182 0.0016836 0.0223071 0.975865 
1.15973e-19 1.40909e-17 3.47972e-15 5.82224e-13 1.11077e-10 2.75451e-08 6.24244e-05 0.000321364 0.00506021 0.994556 
0.000218478 0.00713369 0.0584885 0.747919 0.146412 0.0365754 0.00306313 0.000184628 4.89993e-06 1.575e-07 
7.55023e-09 7.6283e-07 1.5078e-05 0.000834776 0.00408178 0.0275757 0.247117 0.497993 0.21626 0.00612153 
1.95328e-09 1.14798e-07 2.27995e-06 4.12153e-05 0.000636643 0.00623722 0.0232051 0.0571325 0.895027 0.0177181 
7.21196e-09 1.63641e-07 2.28084e-06 1.95556e-06 1.80364e-06 6.57379e-05 0.00239406 0.0153305 0.923567 0.058637 
2.52984e-10 5.74947e-09 8.03156e-08 9.31139e-08 6.74114e-07 3.51574e-05 0.000396972 0.0050165 0.0343146 0.960236 
1.69269e-07 3.84041e-06 5.35203e-05 4.4925e-05 1.06947e-05 0.00058298 0.00910643 0.0423617 0.924624 0.0232113 
8.95451e-10 2.54885e-08 4.7084e-07 8.22653e-06 0.000336548 0.00463909 0.0235321 0.886546 0.0695894 0.0153477 
1.22577e-07 9.95117e-06 0.000224419 0.00475399 0.0579982 0.863281 0.0692348 0.00423857 0.000243216 1.60282e-05 
8.28269e-08 1.8792e-06 2.61886e-05 2.19784e-05 3.7249e-06 4.33953e-05 0.000834982 0.0130258 0.908679 0.0773626 
1.20679e-08 2.77715e-07 3.94921e-06 9.54157e-06 0.000223155 0.00373967 0.0187422 0.048735 0.0637566 0.86479 
9.98481e-08 2.26538e-06 3.15705e-05 2.64961e-05 4.835e-06 6.38762e-05 0.00386034 0.125465 0.136893 0.733652 
2.05783e-05 0.00133969 0.00612656 0.0272833 0.0781441 0.105338 0.761565 0.0191736 0.00100007 9.21688e-06 
1.31001e-10 2.97619e-09 4.15518e-08 4.4744e-08 2.53031e-07 1.25312e-05 0.000312304 0.00468924 0.0335959 0.96139 
2.30092e-07 5.22227e-06 7.28185e-05 6.45426e-05 0.000114239 0.00188654 0.0131683 0.880578 0.0789496 0.0251605 
1.20515e-21 1.47515e-19 4.70943e-17 1.25257e-14 5.24936e-12 4.01119e-09 5.21693e-05 0.000296797 0.00739575 0.992255 
5.43354e-09 4.01428e-07 7.76521e-06 0.00039009 0.00180763 0.012523 0.0393228 0.873421 0.0607139 0.0118134 
6.05041e-17 1.31587e-14 5.94519e-13 4.09542e-11 3.18403e-09 4.17934e-07 0.000114315 0.00163487 0.0187422 0.979508 
2.68797e-07 6.09875e-06 8.49992e-05 7.1677e-05 2.79514e-05 0.000387196 0.00831694 0.856184 0.0993123 0.0356085 
2.56674e-07 5.82351e-06 8.11569e-05 6.81331e-05 1.30528e-05 0.000134678 0.00645247 0.0476585 0.905142 0.0404439 
1.7211e-08 3.90501e-07 5.44214e-06 4.58373e-06 1.38023e-06 4.9607e-05 0.00197755 0.0131845 0.0452394 0.939537 
4.87929e-09 3.66923e-07 8.76388e-06 0.000488388 0.00241188 0.016343 0.0543802 0.865312 0.054101 0.00695389 
5.17868e-27 2.5758e-24 5.39724e-21 1.608e-17 2.61145e-14 1.49932e-11 9.13576e-08 5.52178e-05 0.00428713 0.995658 
5.90143e-08 1.33895e-06 1.86623e-05 1.66667e-05 0.000202402 0.0119469 0.836035 0.0557463 0.0608871 0.0351453 
5.39515e-08 1.22408e-06 1.70591e-05 1.43471e-05 4.15692e-06 0.00018766 0.00637451 0.0400983 0.922153 0.0311496 
3.26351e-08 3.96542e-06 8.2215e-05 0.0021281 0.0107466 0.0539153 0.872898 0.0488193 0.0102906 0.00111574 
8.40983e-10 2.41367e-08 4.51623e-07 8.0307e-06 0.000326584 0.00441261 0.020032 0.0516547 0.901851 0.0217141 
1.76888e-07 4.01327e-06 5.59291e-05 4.69209e-05 7.82477e-06 6.11403e-05 0.00870605 0.88449 0.0734114 0.0332161 
1.70351e-08 1.63302e-06 3.64408e-05 0.00124871 0.00818527 0.0509034 0.330239 0.539419 0.0687756 0.00119109 
2.34415e-08 2.2751e-06 5.77969e-05 0.00248294 0.0253064 0.85794 0.074825 0.0326119 0.00618445 0.00058969 
2.02214e-11 4.58867e-10 6.39737e-09 5.69302e-09 1.40054e-08 9.58397e-07 3.82589e-05 0.000536219 0.00586338 0.993561 
1.09396e-10 2.48706e-09 3.47855e-08 4.6823e-08 5.63821e-07 3.6247e-05 0.00029333 0.00385008 0.0198456 0.975974 
2.23238e-10 5.0731e-09 7.08714e-08 8.26297e-08 6.61303e-07 3.3588e-05 0.000463972 0.00431561 0.0272447 0.967941 
1.04099e-10 2.36783e-09 3.31201e-08 4.45418e-08 4.54327e-07 2.52125e-05 0.000472262 0.010436 0.942298 0.0467683 
1.08025e-09 2.68649e-08 4.09799e-07 4.5489e-06 0.000129989 0.00206257 0.0103693 0.0309713 0.0554644 0.900998 
1.02778e-08 9.89533e-07 1.92303e-05 0.0010773 0.00606428 0.0484474 0.886549 0.0487333 0.00818419 0.000924627 
9.52409e-08 2.16086e-06 3.01137e-05 2.52649e-05 4.3291e-06 5.36202e-05 0.00288697 0.0209842 0.0529424 0.923071 
8.90204e-11 2.02106e-09 2.81977e-08 2.77793e-08 1.42128e-07 1.00914e-05 0.000407289 0.00651565 0.527764 0.465303 
1.90706e-07 4.32737e-06 6.03107e-05 5.12494e-05 2.13315e-05 0.00038737 0.00289581 0.0138671 0.0420921 0.94062 
7.9335e-08 9.68526e-06 0.000239409 0.00587164 0.051557 0.870151 0.0542901 0.0139193 0.00367705 0.000284699 
1.06096e-10 2.41789e-09 3.38888e-08 5.63371e-08 8.74417e-07 5.0029e-05 0.0023565 0.0263126 0.920458 0.050822 
5.48407e-06 0.000359221 0.00347393 0.0320594 0.874286 0.0707377 0.0162276 0.00266819 0.000169295 1.30172e-05 
2.33749e-09 6.57946e-08 1.21062e-06 1.39077e-05 0.00047315 0.00518868 0.0246365 0.0637507 0.882408 0.0235275 
1.73072e-10 5.36948e-09 1.05174e-07 2.14481e-06 6.74831e-05 0.00243791 0.019382 0.0618062 0.896657 0.0196468 
9.36066e-08 2.12378e-06 2.95972e-05 2.48473e-05 4.87961e-06 6.67966e-05 0.00331148 0.0249622 0.927054 0.0445437 
8.22021e-08 1.86686e-06 2.60674e-05 2.50117e-05 0.000153862 0.00150037 0.0103151 0.0370543 0.927023 0.0238999 
2.6199e-05 0.00166217 0.00862915 0.058678 0.805302 0.10591 0.0183657 0.00133539 9.04396e-05 1.49558e-06 
2.26078e-07 5.13039e-06 7.15293e-05 6.20762e-05 8.34087e-05 0.00180642 0.0190304 0.886138 0.0698137 0.0229892 
2.54582e-07 5.77603e-06 8.0495e-05 6.75416e-05 1.15986e-05 9.25095e-05 0.00530675 0.0396606 0.899778 0.0549966 
8.72922e-09 8.76188e-07 1.71891e-05 0.000947654 0.00330775 0.0225788 0.0560487 0.876528 0.0377605 0.00281035 
1.18667e-09 3.813e-08 6.60522e-07 1.16586e-05 0.000495576 0.0131774 0.663876 0.202089 0.112443 0.00790615 
4.6579e-18 1.04954e-15 6.30576e-14 1.43067e-11 2.99588e-09 3.59954e-07 0.000333684 0.00911852 0.955388 0.0351596 
2.47222e-07 1.87326e-05 0.000414671 0.00569676 0.0291216 0.0888417 0.83659 0.0369864 0.00227734 5.23483e-05 
1.08836e-08 3.80339e-07 8.08773e-06 0.000430288 0.00566061 0.0487316 0.850717 0.0626047 0.0248124 0.00703482 
5.12219e-09 4.79545e-07 8.37774e-06 0.000412529 0.00293345 0.0262122 0.823857 0.108312 0.0348819 0.00338183 
3.76645e-11 8.59848e-10 1.2092e-08 2.54084e-08 4.14513e-07 2.36302e-05 0.000305957 0.00390343 0.908527 0.0872393 
8.86466e-08 2.01124e-06 2.8029e-05 2.35424e-05 4.84942e-06 7.93464e-05 0.00257255 0.0126528 0.0365725 0.948064 
0.000441778 0.00607007 0.037364 0.0664156 0.092276 0.789655 0.0075993 0.000172784 5.09806e-06 1.42143e-07 
7.71644e-08 4.03399e-06 9.78923e-05 0.00191452 0.0135683 0.0727838 0.847536 0.0556695 0.00773876 0.0006874 
1.11603e-10 2.53848e-09 3.55061e-08 4.75925e-08 4.8209e-07 2.68156e-05 0.000312097 0.00419236 0.0263988 0.969069 
1.99444e-11 4.53158e-10 6.329e-09 7.15679e-09 5.24696e-08 2.93477e-06 7.43726e-05 0.000986652 0.0133366 0.985599 
2.70381e-05 0.00178077 0.0110042 0.201123 0.693041 0.0798335 0.0120709 0.00102547 9.3566e-05 1.34272e-06 
2.61466e-07 5.9322e-06 8.26713e-05 6.93489e-05 1.11425e-05 6.14932e-05 0.00293421 0.0122753 0.0436367 0.940923 
1.90856e-10 4.33218e-09 6.04098e-08 5.48496e-08 1.13198e-07 4.88319e-06 0.000175368 0.00378634 0.0276198 0.968413 
1.81571e-07 4.11953e-06 5.741e-05 4.81857e-05 8.69649e-06 7.97862e-05 0.00354396 0.0203696 0.905536 0.0703519 
1.25434e-10 2.84991e-09 3.98093e-08 4.62816e-08 3.94235e-07 2.42105e-05 0.000313985 0.00461992 0.0346477 0.960394 
1.41084e-10 3.20986e-09 4.49135e-08 6.26078e-08 6.72739e-07 3.73869e-05 0.000550125 0.0103116 0.0495713 0.939529 
1.8073e-09 4.74124e-08 8.00329e-07 9.85484e-06 0.000408416 0.00653643 0.033748 0.868912 0.0761164 0.0142677 
0.000753984 0.0267673 0.122151 0.789114 0.042096 0.0158181 0.0031126 0.000181934 4.76791e-06 1.87669e-07 
1.70434e-07 3.86772e-06 5.3922e-05 4.64953e-05 4.90571e-05 0.00138189 0.00870146 0.0392266 0.495862 0.454675 
3.17718e-09 2.72812e-07 6.88106e-06 0.000439552 0.00364383 0.0359457 0.898291 0.045935 0.0140918 0.00164597 
2.00525e-08 1.62337e-06 3.77093e-05 0.00124775 0.00615959 0.0382005 0.0820722 0.856855 0.0142364 0.00118907 
7.71789e-08 8.01283e-06 0.000498937 0.0168048 0.770411 0.103969 0.0662967 0.0322992 0.0084822 0.00122939 
2.5635e-07 5.8188e-06 8.1166e-05 7.15577e-05 0.000217499 0.0051892 0.823656 0.101579 0.0557566 0.0134432 
0.00313713 0.0396276 0.156186 0.780414 0.0200948 0.000524722 1.51904e-05 2.92274e-07 1.02075e-08 4.33046e-10 
4.3523e-09 4.31533e-07 1.12602e-05 0.000702453 0.00205719 0.0140152 0.0457304 0.0810559 0.847945 0.00848181 
8.55347e-06 0.000578944 0.00406887 0.0384702 0.188727 0.757652 0.00958369 0.000863705 4.49834e-05 1.72396e-06 
1.42752e-06 8.80911e-05 0.00142681 0.0149839 0.0786915 0.831371 0.0603581 0.0121809 0.000862832 3.59149e-05 
5.18322e-09 4.91555e-07 6.38077e-06 0.00027147 0.00311715 0.031353 0.838674 0.0900726 0.0315638 0.00494094 
7.40396e-08 1.67985e-06 2.34106e-05 1.96683e-05 4.0906e-06 5.1002e-05 0.00450958 0.451345 0.0611275 0.482918 
5.67364e-08 1.28725e-06 1.79393e-05 1.50598e-05 2.83112e-06 4.75381e-05 0.00384615 0.902463 0.0697348 0.0238713 
9.87533e-08 2.24531e-06 3.13978e-05 3.22578e-05 0.000308224 0.00394567 0.0199049 0.0590294 0.895354 0.0213922 
4.53592e-08 1.02981e-06 1.43823e-05 1.54434e-05 0.000112814 0.0244538 0.00853198 0.717735 0.237354 0.0117819 
1.35827e-10 3.08533e-09 4.30967e-08 5.02475e-08 4.78342e-07 3.18565e-05 0.000271365 0.00343452 0.0254884 0.970773 
4.41584e-09 3.0578e-07 5.28965e-06 0.000180943 0.00122111 0.0107513 0.172641 0.220366 0.580941 0.0138937 
2.09831e-24 5.57914e-22 5.98812e-19 3.88001e-16 2.65482e-13 9.99766e-11 3.87472e-07 0.000122032 0.00503967 0.994838 
1.00965e-08 9.98319e-07 1.98283e-05 0.0010945 0.00662533 0.0533533 0.873989 0.0549447 0.00928834 0.000683732 
1.04898e-10 2.38684e-09 3.34044e-08 4.7595e-08 5.38114e-07 3.05458e-05 0.00070761 0.0163089 0.924965 0.0579874 
2.18454e-07 4.95755e-06 6.91136e-05 5.96026e-05 5.2213e-05 0.00209082 0.0269043 0.898825 0.0558329 0.0161605 
8.21093e-08 8.32068e-06 0.000520088 0.013241 0.488557 0.439689 0.0435303 0.0118375 0.00241253 0.000203627 
1.80326e-07 4.09129e-06 5.70168e-05 4.78889e-05 1.19659e-05 0.000387892 0.00736034 0.0352804 0.92128 0.0355705 
4.16696e-08 5.52571e-06 0.000120761 0.00389423 0.0387493 0.64252 0.288106 0.021332 0.00479696 0.000475421 
1.38549e-09 3.4306e-08 5.49418e-07 5.79375e-06 0.000191159 0.00433185 0.0347195 0.898871 0.0513055 0.0105748 
1.26536e-11 2.89665e-10 4.0858e-09 1.02264e-08 1.7085e-07 9.16075e-06 0.000195893 0.00264136 0.0235515 0.973602 
5.34264e-09 4.47077e-07 1.23286e-05 0.000806433 0.00305303 0.023533 0.0726856 0.8564 0.0393312 0.00417787 
1.56605e-07 1.05145e-05 0.000265638 0.00470589 0.0340452 0.478394 0.449379 0.0302804 0.00282595 9.32776e-05 
1.12483e-09 2.78511e-08 4.47893e-07 3.89174e-06 0.000177068 0.00303544 0.0264611 0.892193 0.0620497 0.0160788 
4.91587e-09 4.02668e-07 1.02192e-05 0.000662198 0.00250364 0.0141308 0.0481688 0.882485 0.0464242 0.00561446 
2.11381e-05 0.00143013 0.00660831 0.0385717 0.106195 0.10691 0.732266 0.00771897 0.000277319 1.72274e-06 
2.45275e-07 5.56632e-06 7.76135e-05 6.78766e-05 0.000117067 0.004116 0.827835 0.0844735 0.0612614 0.022046 
2.82935e-10 7.43399e-09 1.2452e-07 1.78676e-06 7.0483e-05 0.000907707 0.00868394 0.414323 0.568748 0.00726464 
1.27591e-07 2.89485e-06 4.03431e-05 3.39187e-05 1.80949e-05 0.000633276 0.146287 0.641845 0.193437 0.0177023 
2.55973e-21 3.11567e-19 9.71961e-17 3.39588e-14 2.56212e-11 1.75373e-08 0.000108936 0.00257209 0.961993 0.035326 
1.41286e-07 3.20553e-06 4.46725e-05 3.74944e-05 6.94553e-06 8.9265e-05 0.00501484 0.852261 0.100429 0.0421133 
4.59007e-08 5.75471e-06 0.000461806 0.0185774 0.797416 0.0897708 0.0589766 0.0274107 0.00673289 0.00064849 
8.18589e-08 1.86663e-06 2.66216e-05 8.74518e-05 0.00173495 0.0192032 0.495363 0.43653 0.0372092 0.00984334 
1.5635e-07 3.5473e-06 4.94355e-05 4.14909e-05 7.58493e-06 8.31564e-05 0.00469265 0.0240362 0.0546917 0.916394 
1.31616e-09 3.11908e-08 4.69124e-07 3.37261e-06 0.000115156 0.00146803 0.00943208 0.0343503 0.0672698 0.887361 
1.02053e-06 6.49771e-05 0.000730169 0.0114085 0.624389 0.304454 0.0466375 0.0109976 0.00122849 8.87454e-05 
2.32551e-05 0.00149917 0.00651023 0.0391988 0.145498 0.773468 0.0315147 0.00215923 0.000126683 1.64568e-06 
2.46981e-05 0.00158301 0.00676348 0.0341693 0.121014 0.798868 0.0350044 0.00243644 0.000134802 1.88559e-06 
1.05513e-10 2.39431e-09 3.33772e-08 2.88967e-08 3.92437e-08 1.99194e-06 0.000125561 0.00296513 0.0212494 0.975658 
1.65236e-07 3.75003e-06 5.22891e-05 4.52775e-05 0.000116248 0.00133383 0.851719 0.0595705 0.065136 0.0220231 
1.66176e-07 3.77047e-06 5.2549e-05 4.43487e-05 1.19138e-05 0.000207598 0.00615468 0.864384 0.0977538 0.0313876 
3.92748e-09 3.402e-07 4.98589e-06 0.000224951 0.00225424 0.0280263 0.847669 0.0824072 0.0341703 0.00524251 
3.96911e-08 5.78665e-06 0.00013369 0.00463817 0.0470961 0.843941 0.0702645 0.0269815 0.00635761 0.00058203 
3.10322e-09 1.53065e-07 3.83657e-06 0.000255771 0.00105393 0.0105514 0.046681 0.886953 0.0490751 0.00542603 
2.24662e-05 0.00142216 0.00798726 0.0405175 0.602189 0.325692 0.0209196 0.00116813 8.01058e-05 1.15945e-06 
6.14176e-39 4.09538e-35 9.27137e-31 1.33119e-26 2.95808e-22 3.76299e-18 1.4355e-13 1.06546e-09 1.96822e-05 0.99998 
6.05462e-09 5.99977e-07 1.54366e-05 0.000973916 0.00416305 0.0367383 0.845759 0.0749242 0.0326332 0.00479183 
0.000765783 0.0148137 0.0818237 0.118175 0.735717 0.0445389 0.00411839 4.49368e-05 2.05299e-06 6.47961e-08 
7.37599e-05 0.00280504 0.259416 0.173516 0.50253 0.0527271 0.00817587 0.000700646 5.48758e-05 8.83444e-07 
1.94577e-10 4.42576e-09 6.19084e-08 8.42628e-08 9.85059e-07 5.7413e-05 0.00440377 0.0434474 0.895279 0.0568115 
2.38614e-09 1.06162e-07 2.088e-06 7.4502e-05 0.00487133 0.132116 0.578684 0.248468 0.0276714 0.00811368 
1.28811e-07 2.92251e-06 4.07283e-05 3.41893e-05 6.64882e-06 0.000121496 0.00904559 0.0509318 0.897433 0.042384 
0.000582872 0.0125562 0.142474 0.806182 0.0364946 0.00163572 7.36243e-05 8.13616e-07 1.66863e-08 7.82638e-10 
1.71013e-22 2.01701e-20 5.18906e-18 1.11205e-15 6.04613e-13 1.16547e-10 2.67381e-07 2.57034e-05 0.000350439 0.999624 
1.81934e-08 2.29092e-06 5.39093e-05 0.0019416 0.0291749 0.101706 0.729187 0.129041 0.00833436 0.000558873 
5.59405e-11 1.27732e-09 1.79645e-08 3.79142e-08 6.09198e-07 3.54435e-05 0.000480347 0.00596492 0.0346679 0.958851 
1.53319e-07 1.33022e-05 0.000308802 0.00599581 0.052041 0.885683 0.0459311 0.00861626 0.00128748 0.000122845 
3.06161e-09 7.21581e-08 1.08657e-06 5.50262e-06 0.000239241 0.00251622 0.0219061 0.064525 0.892526 0.018281 
2.62965e-08 5.98495e-07 8.38223e-06 1.06629e-05 0.000129855 0.00167783 0.00790297 0.0287817 0.906726 0.0547621 
8.73515e-11 1.98215e-09 2.76311e-08 2.39987e-08 3.47684e-08 1.99914e-06 9.9418e-05 0.00186493 0.0222871 0.975746 
5.78081e-09 5.76738e-07 1.01396e-05 0.000538983 0.00258683 0.019482 0.04563 0.0659406 0.858408 0.00740312 
4.74655e-06 0.000343215 0.00930506 0.276484 0.620833 0.0656993 0.0202944 0.0054818 0.00133539 0.000219203 
1.13343e-10 2.57679e-09 3.6026e-08 4.61547e-08 5.50703e-07 3.68317e-05 0.00211389 0.0226768 0.927275 0.0478963 
2.15849e-09 9.45057e-08 1.53124e-06 3.99172e-05 0.000812709 0.0155261 0.857303 0.0786077 0.0411412 0.00656734 
1.50747e-07 1.33209e-05 0.00038808 0.0153555 0.772647 0.137535 0.0588481 0.0134535 0.00167321 8.64218e-05 
1.01339e-10 2.30519e-09 3.22326e-08 4.14399e-08 3.38739e-07 1.56777e-05 0.000246343 0.00393657 0.482897 0.512904 
5.5111e-10 1.25154e-08 1.74696e-07 1.82106e-07 1.26744e-06 5.18896e-05 0.00196604 0.0249578 0.919512 0.0535107 
2.20536e-12 5.18136e-11 7.59036e-10 5.8789e-09 1.42456e-07 8.18813e-06 0.00012721 0.0014178 0.0212196 0.977227 
2.05792e-07 4.66908e-06 6.50688e-05 5.46244e-05 1.07041e-05 0.000157851 0.00754137 0.0461239 0.909512 0.0365301 
2.39296e-07 5.42948e-06 7.56676e-05 6.38139e-05 1.76996e-05 0.000277518 0.00665279 0.0380744 0.92301 0.0318229 
1.63594e-11 3.71595e-10 5.18923e-09 5.82325e-09 4.77016e-08 3.00738e-06 2.40444e-05 0.000289294 0.00546154 0.994222 
6.38615e-10 1.83835e-08 3.4153e-07 5.51886e-06 0.000286716 0.00341988 0.027098 0.908909 0.0491643 0.0111166 
1.0707e-18 2.17309e-16 1.42301e-14 2.00859e-12 4.33907e-10 6.31055e-08 0.000126037 0.00203472 0.0213065 0.976533 
2.07142e-07 4.70391e-06 6.5666e-05 6.09354e-05 0.000319288 0.00433852 0.0256592 0.0706505 0.880272 0.0186292 
1.06554e-09 2.97194e-08 5.3028e-07 8.79334e-06 0.00034153 0.00467669 0.0210094 0.0551219 0.895873 0.0229682 
1.25851e-08 1.80138e-06 3.3816e-05 0.0012715 0.00950714 0.0564155 0.119198 0.80246 0.0103778 0.000734621 
1.53239e-07 1.44328e-05 0.000395613 0.00732626 0.0542796 0.875159 0.0532261 0.00896396 0.00058278 5.2027e-05 
1.44941e-09 3.67298e-08 6.05266e-07 5.44006e-06 0.000251676 0.00291369 0.016182 0.0371885 0.876105 0.0673531 
9.28653e-09 2.10704e-07 2.93663e-06 2.49771e-06 1.50945e-06 7.66723e-05 0.00335547 0.0332087 0.0867626 0.876589 
1.40268e-07 3.18243e-06 4.43505e-05 3.72094e-05 6.35486e-06 6.36089e-05 0.00380654 0.0293923 0.930153 0.0364928 
1.2754e-09 4.43356e-08 8.28628e-07 1.43171e-05 0.000586674 0.00459506 0.0200088 0.0534402 0.893217 0.0281375 
9.92404e-05 0.00618348 0.144169 0.455309 0.35797 0.0296596 0.00602901 0.000527008 5.31353e-05 7.3786e-07 
1.31902e-07 2.99407e-06 4.17501e-05 3.68482e-05 9.63668e-05 0.000967852 0.00678341 0.0317357 0.939464 0.0208707 
7.91431e-09 7.39738e-07 1.41917e-05 0.000869183 0.0179709 0.838551 0.0836172 0.0445712 0.0124757 0.00192943 
5.45982e-08 1.23878e-06 1.72646e-05 1.46025e-05 9.35477e-06 0.000277808 0.00858048 0.89937 0.07815 0.0135787 
5.84812e-11 1.3291e-09 1.85644e-08 2.11419e-08 1.40274e-07 7.03337e-06 0.000188777 0.00254655 0.0179671 0.97929 
8.05177e-09 7.72672e-07 1.72675e-05 0.00107517 0.00745164 0.0550388 0.857149 0.0587455 0.0184329 0.00208904 
6.15239e-09 1.39597e-07 1.94565e-06 1.66326e-06 1.22464e-06 6.08203e-05 0.00218473 0.0243368 0.0786835 0.894729 
7.66533e-14 4.95074e-12 1.34864e-10 9.45593e-09 2.51626e-07 1.45234e-05 0.00017985 0.00196811 0.0138365 0.984001 
1.07838e-07 2.44666e-06 3.40969e-05 2.86262e-05 5.38379e-06 5.30997e-05 0.00185123 0.00640955 0.0299511 0.961664 
4.64041e-07 4.0774e-05 0.00194783 0.0345196 0.862786 0.076692 0.0196045 0.00404255 0.000344489 2.20761e-05 
4.55143e-09 4.58315e-07 9.90567e-06 0.000604104 0.00191363 0.0167072 0.0501515 0.885214 0.0416765 0.00372296 
1.97948e-07 4.49228e-06 6.26253e-05 5.46293e-05 7.76518e-05 0.00308255 0.0336021 0.887855 0.0586583 0.0166027 
8.92901e-07 5.09297e-05 0.000608493 0.00312564 0.0197224 0.788582 0.0912793 0.0690293 0.0250463 0.00255448 
1.76786e-07 4.01163e-06 5.59199e-05 4.83796e-05 5.33636e-05 0.000649352 0.00456533 0.013613 0.0348554 0.946155 
1.15541e-06 7.69124e-05 0.00191252 0.0260149 0.809476 0.116151 0.0400567 0.00585887 0.000423259 2.85798e-05 
4.80889e-08 5.48228e-06 0.000137936 0.00401749 0.0355326 0.472416 0.460088 0.022465 0.00487077 0.00046593 
2.57744e-07 5.84775e-06 8.14946e-05 6.8378e-05 1.17638e-05 0.000103425 0.00579224 0.862544 0.0988801 0.0325125 
1.51681e-05 0.00110895 0.00438606 0.0235449 0.0933062 0.828243 0.0442083 0.00495265 0.00022302 1.15834e-05 
2.36655e-07 5.37003e-06 7.48565e-05 6.3896e-05 4.49623e-05 0.0014994 0.021663 0.909628 0.0500371 0.016983 
1.33685e-09 3.67723e-08 6.8437e-07 1.50021e-05 0.00105008 0.0182391 0.854432 0.0787593 0.0409005 0.00660382 
1.25293e-09 6.31147e-08 2.50272e-06 0.000173336 0.00151596 0.022441 0.858303 0.0725857 0.0378552 0.00712364 
2.51923e-07 5.71572e-06 7.9655e-05 6.69061e-05 1.74049e-05 0.000658794 0.0193598 0.87205 0.0711502 0.036611 
5.34893e-09 5.09174e-07 1.02877e-05 0.000558282 0.0032824 0.0239818 0.385214 0.568703 0.0171394 0.00110996 
2.57821e-19 5.45714e-17 2.19163e-15 2.34257e-13 2.82025e-11 6.25998e-09 2.28918e-05 0.000111279 0.00215238 0.997713 
5.30954e-09 4.84773e-07 1.05849e-05 0.000554851 0.00268699 0.0180379 0.125181 0.822232 0.0286109 0.00268612 
1.9062e-10 4.33543e-09 6.06227e-08 7.86345e-08 7.10526e-07 3.6799e-05 0.000425299 0.00495846 0.034405 0.960174 
1.1253e-07 9.37054e-06 0.000220858 0.00505671 0.0453243 0.839803 0.0802509 0.0232108 0.00546588 0.000658351 
8.25913e-08 1.87385e-06 2.6114e-05 2.19129e-05 3.59042e-06 3.56277e-05 0.000347412 0.00348153 0.0218862 0.974196 
1.27736e-07 9.3018e-06 0.000231632 0.00428898 0.193697 0.0771556 0.700835 0.0220595 0.00167111 5.16324e-05 
1.58191e-09 5.97328e-08 1.75572e-06 9.98444e-05 0.000831019 0.00739494 0.0451765 0.88109 0.0565249 0.00888068 
8.37557e-13 2.06789e-11 3.52933e-10 1.00688e-08 3.73076e-07 2.74614e-05 0.000189122 0.00174703 0.0219512 0.976085 
2.01233e-08 2.84558e-06 7.01818e-05 0.00246868 0.0311593 0.107961 0.816485 0.0329513 0.00780892 0.00109272 
7.04421e-08 8.17879e-06 0.000177865 0.00438177 0.0433367 0.871241 0.0574466 0.0188062 0.00415077 0.000450566 
1.16223e-05 0.000716001 0.00695364 0.71162 0.133266 0.107132 0.0346849 0.00527427 0.000316517 2.47038e-05 
1.28624e-10 2.92318e-09 4.08421e-08 4.85707e-08 4.08153e-07 2.35389e-05 0.000300844 0.00392837 0.0310568 0.96469 
1.71621e-08 2.72777e-06 6.51558e-05 0.00707344 0.767718 0.113078 0.0693021 0.0337984 0.00801658 0.000945941 
1.25004e-09 3.25524e-08 5.4427e-07 6.47307e-06 0.00029322 0.00300903 0.0140945 0.0435564 0.917315 0.0217244 
1.38767e-07 3.15031e-06 4.39795e-05 4.43622e-05 0.000510241 0.011238 0.449767 0.477401 0.0482717 0.01272 
1.64877e-29 1.19692e-26 3.87125e-23 1.99405e-19 8.74071e-16 2.59443e-12 1.86316e-08 4.38768e-05 0.00264571 0.99731 
1.72589e-07 3.91572e-06 5.45697e-05 4.57845e-05 7.53436e-06 4.5671e-05 0.00149174 0.00648125 0.483167 0.508702 
5.2732e-11 1.19656e-09 1.66794e-08 1.43779e-08 1.80934e-08 9.12513e-07 1.89455e-05 0.000481877 0.0075864 0.991912 
1.58524e-10 3.60754e-09 5.04768e-08 7.03447e-08 7.34968e-07 3.96706e-05 0.000558833 0.00772547 0.920091 0.0715846 
1.80498e-10 4.10644e-09 5.74545e-08 7.91482e-08 9.23437e-07 5.64379e-05 0.00242674 0.0286881 0.931457 0.0373704 
1.34312e-08 1.354e-06 3.52299e-05 0.000977187 0.00613188 0.0474129 0.89103 0.0470636 0.00684389 0.000504416 
1.55827e-06 0.000114352 0.00119042 0.0277087 0.186904 0.75478 0.026184 0.00281528 0.00029086 1.0618e-05 
1.1749e-11 2.6659e-10 3.71614e-09 3.23351e-09 5.46046e-09 3.48114e-07 4.70042e-06 8.51502e-05 0.00273037 0.997179 
2.10686e-07 4.7801e-06 6.66158e-05 5.59104e-05 1.00453e-05 0.000107607 0.00483581 0.020692 0.0518362 0.922391 
6.29147e-09 5.8485e-07 1.16203e-05 0.000578642 0.00418431 0.207032 0.729314 0.0435081 0.0135081 0.00186317 
2.26167e-07 5.13134e-06 7.15106e-05 6.00052e-05 1.02406e-05 8.88771e-05 0.00354499 0.0272627 0.076764 0.892192 
7.49344e-10 2.46203e-08 5.43954e-07 1.19001e-05 0.000481962 0.00770543 0.0577461 0.883507 0.0454551 0.005092 
1.37441e-07 3.11972e-06 4.35131e-05 3.86129e-05 7.32192e-05 0.00281752 0.836677 0.100013 0.0484801 0.0118545 
1.03045e-08 1.01471e-06 1.90766e-05 0.00104906 0.0041256 0.0279921 0.0597757 0.480095 0.424915 0.00202755 
8.73222e-11 1.98191e-09 2.76367e-08 2.52217e-08 7.05548e-08 4.24202e-06 7.30844e-05 0.00204672 0.0164674 0.981408 
5.77223e-09 5.49919e-07 1.01978e-05 0.000531582 0.00247178 0.0245404 0.872616 0.0678096 0.0287446 0.00327526 
3.45291e-05 0.000853878 0.00963644 0.693573 0.174259 0.0962968 0.0213435 0.00369992 0.000291009 1.23966e-05 
1.30503e-10 2.96603e-09 4.14362e-08 4.84908e-08 3.73862e-07 2.0522e-05 0.000652256 0.00978476 0.92021 0.069332 
8.58087e-12 1.96215e-10 2.76523e-09 6.6235e-09 1.15414e-07 6.64678e-06 0.000195224 0.00365726 0.922016 0.0741246 
7.43281e-05 0.00839406 0.654929 0.132697 0.124655 0.0657287 0.0121761 0.00124478 9.98823e-05 1.38729e-06 
1.56541e-07 3.55187e-06 4.95102e-05 4.2478e-05 2.77826e-05 0.000316085 0.00772089 0.0460971 0.909239 0.036503 
2.6709e-06 0.000138799 0.000915442 0.00785625 0.0415326 0.811124 0.108798 0.0277582 0.00183105 4.25683e-05 
1.01922e-08 9.1703e-07 1.79176e-05 0.00100718 0.00622282 0.048012 0.883692 0.0502021 0.00962349 0.00122127 
6.84785e-08 1.55366e-06 2.16519e-05 1.81706e-05 3.20513e-06 4.27104e-05 0.00202441 0.0177165 0.0584563 0.921715 
1.79226e-06 0.000131006 0.00323073 0.0441384 0.811167 0.103571 0.0316143 0.00572715 0.000398029 1.99071e-05 
9.26694e-11 2.10809e-09 2.94938e-08 4.06741e-08 4.39626e-07 2.50143e-05 0.000417114 0.0077868 0.915952 0.075819 
4.3755e-13 9.93069e-12 1.38511e-10 1.28878e-10 1.14268e-09 1.63061e-07 8.80122e-05 0.00120523 0.0195058 0.979201 
1.05337e-12 2.39205e-11 3.33729e-10 3.20974e-10 1.11603e-09 6.23359e-08 1.26269e-05 0.000151372 0.00128961 0.998546 
1.76916e-10 4.02187e-09 5.62109e-08 6.92548e-08 5.96191e-07 3.27834e-05 0.000427819 0.00540021 0.0408232 0.953315 
6.18341e-11 1.41022e-09 1.97977e-08 3.68091e-08 5.28349e-07 2.88175e-05 0.000326255 0.00373819 0.0270554 0.968851 
9.79e-09 8.93543e-07 1.70258e-05 0.000998833 0.020032 0.819146 0.0957807 0.0499986 0.0124107 0.00161576 
1.55758e-07 3.53387e-06 4.92485e-05 4.14196e-05 0.000103629 0.00539103 0.457861 0.469651 0.0485148 0.0183838 
7.79487e-09 7.67187e-07 1.19457e-05 0.000476549 0.00320118 0.0247573 0.0495721 0.0622782 0.850948 0.00875358 
1.50579e-07 3.41696e-06 4.76337e-05 4.06629e-05 5.25072e-05 0.000700135 0.0190414 0.892971 0.0647463 0.0223967 
1.52492e-09 7.30462e-08 2.51856e-06 0.000201404 0.000903442 0.00628169 0.0321037 0.879492 0.0663062 0.0147088 
7.2051e-09 9.30036e-07 3.23959e-05 0.000770982 0.00873471 0.172444 0.472363 0.320468 0.0217776 0.00340882 
7.01824e-08 4.11812e-06 0.000100994 0.00132872 0.00641668 0.0403048 0.0944286 0.834856 0.0211893 0.00137122 
6.44591e-12 1.54737e-10 2.3172e-09 2.45003e-08 5.56794e-07 2.91579e-05 0.000389096 0.00363238 0.0291068 0.966842 
3.96965e-06 0.000208218 0.00256406 0.0244817 0.80874 0.111571 0.0417865 0.00886472 0.00166001 0.000120555 
9.19204e-09 8.40465e-07 1.43791e-05 0.000664449 0.00331442 0.0270825 0.0554246 0.680955 0.223773 0.00877013 
5.24653e-09 4.25655e-07 9.84991e-06 0.000564039 0.0023025 0.01556 0.0541734 0.872931 0.0499688 0.00449025 
2.74067e-07 6.21811e-06 8.66558e-05 7.27135e-05 1.25524e-05 0.000100177 0.00528048 0.119784 0.192939 0.681719 
1.03447e-10 2.34766e-09 3.27315e-08 2.9141e-08 9.07853e-08 5.15262e-06 0.000404353 0.0101006 0.0501495 0.93934 
2.07671e-18 4.87275e-16 1.93821e-14 2.03689e-12 1.70834e-10 2.17912e-08 6.62316e-06 8.94437e-05 0.00254836 0.997356 
8.02761e-25 1.22256e-22 1.66067e-20 3.31532e-18 1.28837e-15 4.27452e-13 2.12705e-09 5.75674e-06 0.000406602 0.999588 
0.000827013 0.0204077 0.452076 0.476976 0.0444298 0.00459572 0.000674171 1.31786e-05 5.07561e-07 1.32733e-08 
1.04469e-08 1.01262e-06 1.90908e-05 0.000976183 0.00409934 0.0264985 0.0507115 0.066398 0.842011 0.00928496 
1.68843e-26 4.43119e-24 4.6181e-21 2.46968e-18 1.13716e-15 2.41229e-13 4.84321e-10 1.45606e-07 0.000809822 0.99919 
8.41111e-11 1.91317e-09 2.67569e-08 3.54094e-08 3.54408e-07 1.93008e-05 0.000675056 0.0141134 0.763473 0.221718 
4.59593e-32 2.75581e-29 7.97877e-26 4.06994e-22 1.20356e-18 3.17226e-15 3.01274e-11 2.82849e-08 0.000539702 0.99946 
1.27394e-07 2.89043e-06 4.0283e-05 3.3959e-05 1.47935e-05 0.00112318 0.0161663 0.0585741 0.906251 0.0177937 
1.76771e-07 4.01063e-06 5.58925e-05 4.69222e-05 9.32694e-06 0.000102089 0.00577835 0.0287506 0.919374 0.0458787 
7.38163e-09 7.34967e-07 1.44005e-05 0.000902708 0.00304378 0.0228574 0.0598851 0.869863 0.0408576 0.00257499 
9.9907e-10 2.82951e-08 5.06102e-07 8.64892e-06 0.000342399 0.00458469 0.119952 0.0524261 0.666684 0.156002 
5.47534e-09 5.4647e-07 1.2777e-05 0.000828928 0.00473533 0.0401217 0.865719 0.0662256 0.0197243 0.00263198 
2.76802e-14 1.74008e-12 4.35703e-11 2.7153e-09 5.87811e-08 2.60863e-06 6.7651e-05 0.000219986 0.00329289 0.996417 
1.6514e-10 3.7501e-09 5.23503e-08 5.63113e-08 4.17114e-07 2.71595e-05 0.000217687 0.00287154 0.0187722 0.978111 
5.09033e-09 5.22604e-07 1.08408e-05 0.000700998 0.0053052 0.807627 0.110198 0.0543128 0.0188913 0.00295399 
5.49233e-08 3.11637e-06 6.18056e-05 0.001113 0.00702496 0.049858 0.892722 0.0434033 0.00551321 0.000300154 
4.51524e-11 1.03313e-09 1.45662e-08 3.57724e-08 6.05326e-07 3.23722e-05 0.00055945 0.0052621 0.0403513 0.953794 
1.46057e-07 3.31553e-06 4.62638e-05 4.09109e-05 0.000137476 0.00127107 0.0225032 0.893307 0.0634369 0.0192538 
4.38218e-08 5.25731e-06 0.000120144 0.00222702 0.0127721 0.0575641 0.106018 0.805483 0.0151007 0.000709713 
1.17262e-07 2.66178e-06 3.71257e-05 3.31435e-05 7.01582e-05 0.00283521 0.0220754 0.856508 0.0946142 0.0238245 
1.64044e-07 3.72186e-06 5.18681e-05 4.35217e-05 7.3926e-06 5.46059e-05 0.00182163 0.00710141 0.0317889 0.959127 
1.88677e-08 3.10136e-06 5.73122e-05 0.00280272 0.0271645 0.816287 0.102596 0.0426881 0.00774579 0.00065544 
4.52399e-09 2.24898e-07 3.90817e-06 8.83424e-05 0.000503209 0.00327669 0.0169236 0.85912 0.0911048 0.0289794 
9.27703e-09 1.12334e-06 2.83688e-05 0.00163398 0.0259272 0.829967 0.0902208 0.041264 0.00956137 0.00139638 
1.34805e-07 3.05926e-06 4.26503e-05 3.67293e-05 4.39854e-05 0.00109099 0.0145592 0.469738 0.492171 0.0223143 
1.60074e-16 3.63307e-15 5.09359e-14 1.13398e-13 2.97827e-11 6.88005e-09 5.14026e-05 0.000546039 0.00725261 0.99215 
