17944
6.33893e-07 9.06708e-05 0.0122114 0.8294 0.115933 0.0401446 0.00214955 6.71399e-05 2.96796e-06 1.06327e-07 
8.34948e-17 1.26798e-14 1.40728e-12 2.05507e-10 6.50414e-08 4.28328e-06 0.000864583 0.0105611 0.493317 0.495253 
6.11314e-05 0.00951774 0.0703766 0.804765 0.0836668 0.029875 0.00169247 4.43031e-05 7.02832e-07 2.0848e-08 
9.67988e-17 1.44995e-14 1.67675e-12 2.55013e-10 8.2425e-08 5.46961e-06 0.00125489 0.0268314 0.948494 0.0234137 
1.9989e-11 3.46235e-09 3.20225e-07 2.66927e-05 0.00114883 0.0166961 0.939121 0.0326149 0.00975798 0.000634619 
2.51454e-20 3.54194e-18 7.14902e-16 1.57273e-13 6.05379e-11 1.12767e-08 6.17477e-05 0.000723724 0.0135453 0.985669 
3.20449e-07 2.74892e-05 0.00109992 0.0133353 0.0579087 0.903022 0.0238952 0.000701029 9.7979e-06 1.45427e-07 
7.94653e-21 1.05963e-18 2.40712e-16 5.35569e-14 2.24678e-11 4.89195e-09 3.38399e-05 0.000416252 0.00746413 0.992086 
1.61335e-10 2.50104e-08 1.55985e-06 0.000136674 0.0027015 0.866034 0.101117 0.0282749 0.00171678 1.74499e-05 
6.46377e-11 1.1599e-08 1.18753e-06 0.000123728 0.00293781 0.0326482 0.104593 0.854022 0.00563707 3.72231e-05 
4.01484e-27 1.69667e-24 3.12506e-21 7.64615e-18 1.15607e-14 5.7047e-12 2.52132e-08 5.60153e-06 0.000980583 0.999014 
2.52367e-20 3.70801e-18 6.90143e-16 1.60207e-13 6.53029e-11 1.19274e-08 7.32142e-05 0.000775277 0.0139882 0.985163 
2.91491e-17 4.69032e-15 4.60462e-13 6.42277e-11 1.14721e-08 8.82774e-07 0.000271297 0.0016149 0.00915018 0.988963 
1.35705e-14 2.97659e-12 2.26453e-10 3.01497e-08 3.26885e-06 0.000269001 0.00555815 0.0309951 0.95194 0.0112341 
8.77455e-17 1.26142e-14 1.33774e-12 1.28905e-10 2.31974e-08 1.57315e-06 0.000416747 0.0027933 0.0193296 0.977459 
2.1153e-16 3.12232e-14 3.36016e-12 4.23796e-10 1.28199e-07 8.92566e-06 0.00323353 0.475396 0.508426 0.0129357 
3.67736e-11 6.38707e-09 7.4809e-07 8.46282e-05 0.00230227 0.0263347 0.0705866 0.885637 0.0144201 0.000633932 
0.00052161 0.0122439 0.784904 0.159133 0.0414297 0.0016985 6.84631e-05 3.24575e-07 5.51062e-09 1.34503e-10 
1.80994e-14 4.00911e-12 2.69479e-10 3.4054e-08 3.74269e-06 0.000395822 0.0120002 0.938341 0.0410021 0.00825664 
7.56566e-17 1.1535e-14 1.07343e-12 9.76194e-11 2.03461e-08 1.55741e-06 0.000551993 0.00717928 0.960989 0.0312779 
1.25565e-16 1.83692e-14 2.08752e-12 2.74517e-10 7.3252e-08 4.99162e-06 0.00119536 0.0226667 0.96116 0.0149725 
9.58757e-17 1.35931e-14 1.4539e-12 1.34041e-10 2.24558e-08 1.48182e-06 0.00030704 0.00170791 0.00966509 0.988318 
3.02365e-20 4.43348e-18 8.33958e-16 2.08404e-13 1.00423e-10 2.10615e-08 0.000120872 0.00228357 0.0222618 0.975334 
1.93561e-12 2.37621e-10 5.46772e-08 6.95516e-06 0.000693311 0.0168353 0.90951 0.0531295 0.018574 0.00125044 
1.3065e-12 1.61691e-10 3.61699e-08 4.74927e-06 0.000495323 0.0107374 0.953182 0.0267576 0.00829607 0.000527072 
6.30432e-17 1.01335e-14 1.11985e-12 1.9705e-10 6.21753e-08 4.1111e-06 0.000753468 0.0086276 0.0271924 0.963422 
4.88819e-11 8.77355e-09 8.31367e-07 8.40498e-05 0.00249889 0.018428 0.0495754 0.890339 0.0347786 0.00429473 
4.78076e-14 1.06822e-11 5.59261e-10 6.65053e-08 6.60095e-06 0.000676219 0.00498941 0.0266367 0.945425 0.0222662 
2.84334e-17 4.64452e-15 4.32534e-13 5.82447e-11 1.38214e-08 1.20541e-06 0.000503853 0.0111573 0.0474357 0.940902 
5.84356e-09 1.00397e-06 2.7651e-05 0.000882603 0.00932416 0.0292437 0.949938 0.0101601 0.000420311 1.97106e-06 
7.47684e-13 1.24458e-10 1.28854e-08 1.48798e-06 0.000189374 0.00201775 0.882793 0.0858692 0.0282132 0.000915923 
5.96155e-14 1.29993e-11 7.75047e-10 1.06396e-07 3.48057e-05 0.00294534 0.902662 0.0640447 0.0279703 0.00234267 
1.26374e-08 3.08813e-06 8.13139e-05 0.00240481 0.0378101 0.913328 0.0387398 0.006949 0.000675373 8.35179e-06 
2.92942e-10 4.5082e-08 3.07647e-06 0.000169023 0.00434473 0.0323248 0.933226 0.0282265 0.00168943 1.592e-05 
3.32008e-11 6.38072e-09 6.01329e-07 6.92151e-05 0.00183595 0.0232352 0.920669 0.0440198 0.00990322 0.000267469 
4.18885e-14 9.09302e-12 5.22612e-10 6.36286e-08 6.45815e-06 0.000920636 0.0209287 0.937725 0.0380268 0.00239244 
2.61808e-19 4.04965e-17 7.64207e-15 2.03873e-12 5.549e-10 4.73419e-08 9.81474e-05 0.00107179 0.0170042 0.981826 
5.97876e-21 8.87335e-19 1.56178e-16 3.48161e-14 1.31459e-11 2.05939e-09 1.00312e-05 0.000118201 0.00271177 0.99716 
3.34982e-11 6.17718e-09 6.43669e-07 6.86872e-05 0.0015596 0.0151639 0.928876 0.0442793 0.00999941 5.22269e-05 
2.10743e-25 5.66481e-23 6.17891e-20 4.45993e-17 3.59598e-14 1.59045e-11 6.25315e-08 5.91324e-05 0.0033292 0.996612 
5.42722e-11 9.74666e-09 1.03434e-06 0.000108501 0.00277379 0.0318391 0.934527 0.0290469 0.00168688 1.65347e-05 
3.35539e-20 4.89722e-18 9.24571e-16 2.13791e-13 8.64661e-11 1.72903e-08 0.000120525 0.00128951 0.0200768 0.978513 
1.0034e-09 1.5178e-07 2.30401e-05 0.00373463 0.588367 0.0431711 0.341555 0.0187412 0.00435901 4.85773e-05 
5.11183e-21 6.08103e-19 1.65739e-16 3.51075e-14 1.42475e-11 6.16403e-09 6.69615e-05 0.000596659 0.012541 0.986795 
0.0398873 0.604085 0.341141 0.0140324 0.000847998 6.26808e-06 1.74012e-07 2.97955e-08 1.30404e-08 5.06978e-10 
3.40064e-07 2.8347e-05 0.00107349 0.0125269 0.0503944 0.89681 0.0382332 0.000921832 1.07457e-05 2.12731e-07 
6.1683e-15 1.04959e-12 1.29748e-10 1.89455e-08 2.11181e-06 0.000429991 0.0143963 0.953256 0.0271636 0.00475222 
4.50608e-14 1.00304e-11 4.34199e-10 4.64069e-08 4.31454e-06 0.000500365 0.0118205 0.946414 0.0351995 0.00606149 
2.76166e-11 5.26322e-09 6.21294e-07 6.79863e-05 0.00103621 0.0165496 0.90209 0.0624118 0.0171312 0.000713082 
2.79678e-20 4.05545e-18 7.79038e-16 1.79546e-13 7.23437e-11 1.45112e-08 0.000100134 0.000969397 0.0178383 0.981092 
2.09814e-16 2.91798e-14 3.18706e-12 2.79979e-10 4.60541e-08 2.9994e-06 0.00076939 0.00820443 0.950444 0.0405789 
3.99467e-18 5.81631e-16 5.6853e-14 4.49495e-12 1.13027e-09 7.6955e-08 0.000118895 0.00169255 0.946263 0.0519253 
2.62918e-08 6.2854e-06 0.000127334 0.00313643 0.0432346 0.919316 0.0321943 0.00191368 7.01111e-05 7.84359e-07 
1.15185e-07 1.39278e-05 0.000947543 0.0156855 0.240838 0.461139 0.278769 0.00256696 3.90468e-05 3.71745e-07 
7.03466e-14 1.58161e-11 7.3935e-10 8.29169e-08 8.38047e-06 0.00113697 0.0185783 0.0710304 0.905035 0.00421132 
2.16757e-05 0.00137964 0.0197065 0.84071 0.103533 0.032693 0.00190762 4.72387e-05 7.33746e-07 9.639e-08 
3.46025e-11 6.18141e-09 8.20543e-07 9.79205e-05 0.00201209 0.0277759 0.935158 0.0296656 0.00511611 0.00017375 
4.24748e-15 8.73172e-13 7.8723e-11 1.15064e-08 1.56782e-06 0.000200154 0.0128083 0.942992 0.0364983 0.00749983 
1.19447e-10 1.62861e-08 1.53604e-06 0.000148515 0.00334311 0.0334035 0.932189 0.0292452 0.00165232 1.63913e-05 
2.25195e-20 3.35682e-18 6.31173e-16 1.82229e-13 1.00502e-10 3.38567e-08 9.69114e-05 0.00228067 0.94627 0.0513525 
0.0252701 0.508963 0.444202 0.0204255 0.00113631 3.08602e-06 1.26905e-07 4.42957e-08 1.96441e-08 7.64018e-10 
7.92861e-18 1.50938e-15 1.07924e-13 1.60105e-11 3.20533e-09 3.68886e-07 0.000261731 0.00371821 0.95467 0.0413495 
3.05456e-20 4.44831e-18 8.45321e-16 1.9648e-13 8.08697e-11 1.53086e-08 9.72496e-05 0.00106628 0.0179692 0.980867 
3.70551e-20 5.46138e-18 1.00527e-15 2.31535e-13 9.29161e-11 1.71872e-08 0.000109032 0.00105272 0.0175059 0.981332 
1.98918e-16 2.95528e-14 3.0109e-12 3.13239e-10 5.35819e-08 3.91393e-06 0.000948871 0.00487865 0.0204998 0.973669 
3.22075e-20 4.72576e-18 8.75063e-16 2.00173e-13 8.01537e-11 1.46827e-08 9.16145e-05 0.000888682 0.0150075 0.984012 
2.92334e-20 4.29059e-18 7.91185e-16 1.78857e-13 7.03668e-11 1.31873e-08 8.40438e-05 0.000768643 0.0128212 0.986326 
3.77263e-11 6.93122e-09 7.31272e-07 7.87879e-05 0.00230622 0.460296 0.503238 0.0284329 0.00552067 0.000126606 
2.57285e-15 5.52206e-13 4.42158e-11 6.00041e-09 7.17927e-07 4.90767e-05 0.00709647 0.899348 0.0742337 0.0192719 
2.32698e-11 4.18477e-09 2.81367e-07 2.16029e-05 0.00140683 0.0117934 0.147211 0.824437 0.01458 0.000550226 
6.4984e-13 1.60751e-10 6.92036e-09 5.57492e-07 2.21056e-05 0.00108104 0.0204832 0.949427 0.0279215 0.00106436 
1.18519e-17 2.37333e-15 2.12432e-13 5.17933e-11 2.14951e-08 1.36798e-06 0.000307573 0.00304008 0.0147237 0.981927 
4.18233e-11 7.53648e-09 8.57129e-07 9.76027e-05 0.00242223 0.0289228 0.941603 0.0255439 0.00139638 1.28047e-05 
1.37535e-08 2.85684e-06 7.90482e-05 0.00401711 0.843673 0.108221 0.0367377 0.00680886 0.000454013 6.87764e-06 
1.33499e-20 1.99903e-18 3.57465e-16 8.41054e-14 3.38367e-11 7.18172e-09 5.45614e-05 0.000484207 0.0101505 0.989311 
9.99014e-09 2.02932e-06 4.92121e-05 0.00170993 0.0208131 0.896702 0.0662803 0.0137881 0.000649355 6.35964e-06 
2.79272e-11 4.88576e-09 3.78226e-07 3.49752e-05 0.00198915 0.0236089 0.070547 0.90023 0.00357031 1.95976e-05 
1.01909e-16 1.61307e-14 1.70851e-12 2.61325e-10 6.13154e-08 4.53851e-06 0.00110514 0.0170802 0.968613 0.0131974 
9.80156e-06 0.00140273 0.0187674 0.072699 0.860704 0.0438573 0.0024726 8.65327e-05 1.04104e-06 7.8066e-08 
2.13371e-20 3.20435e-18 5.73362e-16 1.37104e-13 5.73329e-11 9.32881e-09 5.2162e-05 0.0006023 0.0116811 0.987664 
6.87943e-21 8.61769e-19 2.37561e-16 6.02411e-14 2.77942e-11 8.93091e-09 8.91228e-05 0.000765445 0.0157003 0.983445 
1.4003e-16 1.99209e-14 2.16692e-12 2.22549e-10 6.46388e-08 6.25768e-06 0.00456641 0.92098 0.0582788 0.0161689 
2.23657e-16 3.30494e-14 3.55213e-12 4.232e-10 9.41949e-08 6.4614e-06 0.00155205 0.0205418 0.963697 0.0142022 
3.61866e-12 6.3028e-10 7.09126e-08 6.78361e-06 0.000231507 0.0106214 0.90638 0.0594763 0.0222063 0.00107738 
8.6237e-05 0.0087303 0.656504 0.307012 0.025618 0.00189482 0.00015349 1.03521e-06 3.50973e-08 1.52525e-09 
6.55289e-11 9.89821e-09 2.02215e-06 0.000645215 0.859442 0.0845241 0.0422305 0.0121934 0.000951883 1.08118e-05 
2.5338e-11 4.62277e-09 4.96301e-07 5.23557e-05 0.00119186 0.0134303 0.819704 0.160884 0.00468625 5.13431e-05 
1.32979e-07 1.95762e-05 0.00241367 0.413354 0.404027 0.147055 0.0325997 0.000518658 1.19322e-05 2.2182e-07 
3.51281e-20 5.06156e-18 9.97856e-16 2.33254e-13 9.62239e-11 1.83084e-08 0.000118055 0.00114968 0.0192149 0.979517 
2.25236e-12 2.75956e-10 6.19954e-08 8.08097e-06 0.000888128 0.0203304 0.913764 0.0515854 0.0125317 0.000892137 
3.02791e-12 3.57969e-10 7.92231e-08 8.98742e-06 0.000634419 0.00817617 0.885462 0.0806898 0.0242362 0.000792046 
1.24656e-13 2.90353e-11 1.41726e-09 1.35662e-07 1.05626e-05 0.00124685 0.0213573 0.950052 0.02636 0.000972726 
1.53426e-08 3.29231e-06 8.68425e-05 0.00988362 0.864156 0.0996226 0.0248326 0.00138747 2.72727e-05 3.46654e-07 
2.19577e-12 3.96278e-10 5.72662e-08 6.53098e-06 7.16285e-05 0.00141493 0.0185514 0.948017 0.0303895 0.00154892 
1.62231e-13 2.64896e-11 2.07896e-09 1.17103e-07 9.28629e-06 0.000869877 0.00890844 0.0450309 0.932535 0.0126461 
1.09112e-21 1.83458e-19 2.07352e-17 4.3702e-15 1.4424e-12 1.94029e-10 1.37364e-06 5.88267e-06 0.00132483 0.998668 
4.83838e-07 5.14123e-05 0.0041217 0.797779 0.146751 0.0482229 0.00295406 0.000117519 2.36868e-06 1.91144e-07 
1.88232e-07 2.08749e-05 0.00131773 0.0202899 0.0797317 0.885479 0.0127413 0.000408981 9.98256e-06 2.65406e-07 
1.74017e-16 2.51543e-14 2.82438e-12 3.43295e-10 8.51323e-08 5.31528e-06 0.000991104 0.0111317 0.034235 0.953637 
3.53249e-15 7.13915e-13 4.62878e-11 5.78145e-09 5.63597e-07 0.00011905 0.00632836 0.940813 0.0423738 0.0103653 
3.05627e-08 5.88996e-06 0.000218632 0.00435594 0.0436771 0.918811 0.0313504 0.00154238 3.85566e-05 5.37519e-07 
7.44312e-09 2.03601e-06 3.14718e-05 0.000874967 0.015771 0.0666753 0.896029 0.0192536 0.00134874 1.37916e-05 
4.01867e-05 0.00319435 0.0335371 0.257516 0.693385 0.0119927 0.000332942 2.0503e-06 3.95469e-08 1.93506e-09 
2.01147e-16 2.96952e-14 3.0093e-12 2.95742e-10 4.9931e-08 3.58507e-06 0.000927885 0.00493728 0.942536 0.0515948 
7.92963e-11 1.15817e-08 2.07905e-06 0.00040597 0.0168223 0.932466 0.0379134 0.011483 0.000896365 1.1346e-05 
0.966102 0.031989 0.0013463 0.000556147 6.86953e-06 4.16942e-08 7.04423e-10 8.74078e-11 3.79521e-11 1.47522e-12 
3.07819e-20 4.47428e-18 8.56802e-16 1.99494e-13 8.16852e-11 1.56613e-08 0.000103047 0.00105656 0.0172752 0.981565 
2.36746e-05 0.0019642 0.0265812 0.911734 0.0483231 0.0107653 0.000595974 1.267e-05 1.91785e-07 4.03452e-09 
1.40031e-17 2.06868e-15 3.30255e-13 8.0351e-11 3.4745e-08 2.41769e-06 0.000650826 0.0163619 0.954885 0.0280995 
7.14258e-14 1.58473e-11 8.2803e-10 1.05803e-07 2.04314e-05 0.00311575 0.902583 0.0669272 0.0263493 0.0010042 
1.63691e-15 3.15569e-13 2.10759e-10 1.26575e-07 8.67604e-05 0.00647227 0.93172 0.0274633 0.0268655 0.00739205 
1.1251e-16 1.81575e-14 1.83286e-12 2.78581e-10 8.04274e-08 5.79695e-06 0.00140262 0.0224293 0.952176 0.0239865 
2.52965e-20 3.74856e-18 6.8895e-16 1.62471e-13 6.75597e-11 1.14413e-08 6.33939e-05 0.000760255 0.0118349 0.987341 
3.07987e-17 5.83386e-15 4.67586e-13 8.51865e-11 2.52415e-08 2.03818e-06 0.0005817 0.0052155 0.0214178 0.972783 
1.28741e-17 2.3034e-15 2.61899e-13 6.04279e-11 1.14729e-08 8.8399e-07 0.000244103 0.00181661 0.0175189 0.98042 
1.28605e-16 2.04318e-14 2.01437e-12 2.74321e-10 7.6113e-08 5.84006e-06 0.00213675 0.025967 0.955269 0.016621 
1.21852e-09 1.54184e-07 1.18679e-05 0.00208433 0.846259 0.097955 0.0418345 0.0109159 0.000926072 1.31362e-05 
4.06106e-12 6.68453e-10 6.57497e-08 5.65678e-06 0.000123945 0.00230554 0.0219614 0.937015 0.0355984 0.00299019 
2.5454e-20 3.66535e-18 7.4318e-16 1.78814e-13 7.61474e-11 1.44975e-08 9.4779e-05 0.000954115 0.0164561 0.982495 
2.49644e-22 2.97716e-20 8.05816e-18 1.71001e-15 6.97275e-13 4.02871e-10 4.78745e-06 6.32059e-05 0.00371157 0.99622 
3.01412e-16 4.47321e-14 4.76626e-12 5.66579e-10 1.28327e-07 8.8261e-06 0.00193709 0.0225871 0.960411 0.0150561 
4.42077e-11 8.00904e-09 8.61348e-07 9.47678e-05 0.00238848 0.0235439 0.933112 0.0349531 0.00582793 7.88946e-05 
1.86571e-16 2.79501e-14 3.01461e-12 3.87711e-10 9.09496e-08 6.48977e-06 0.00277625 0.918681 0.0628693 0.0156665 
4.38111e-15 7.57997e-13 7.70618e-11 8.94188e-09 7.50675e-07 0.00012581 0.00209681 0.0230425 0.0623819 0.912352 
1.72209e-20 2.43869e-18 5.14947e-16 1.25669e-13 5.41205e-11 1.20255e-08 9.40518e-05 0.000874326 0.0172378 0.981794 
3.35664e-17 5.49286e-15 6.14062e-13 1.18209e-10 4.39792e-08 2.91453e-06 0.000664069 0.00818492 0.0270789 0.964069 
2.7975e-12 5.10766e-10 7.21031e-08 8.63031e-06 0.000105413 0.00131745 0.0466888 0.631591 0.318012 0.00227701 
1.50659e-13 2.37194e-11 3.13645e-09 4.29521e-07 0.000122979 0.00730222 0.937112 0.0401708 0.0146791 0.000613015 
2.28193e-16 3.36266e-14 3.56111e-12 4.01451e-10 8.32392e-08 5.73407e-06 0.00140897 0.0197386 0.956077 0.0227693 
1.60851e-09 4.16944e-07 7.4992e-06 0.000310293 0.00832594 0.873553 0.0885609 0.027558 0.00166663 1.74492e-05 
1.34847e-16 1.99824e-14 2.14076e-12 2.54088e-10 5.36026e-08 3.72456e-06 0.00100697 0.0176434 0.954333 0.0270129 
3.05366e-11 5.28596e-09 6.03602e-07 7.1695e-05 0.00279523 0.306279 0.669276 0.0204908 0.0010769 9.73976e-06 
5.77009e-21 6.84784e-19 1.83808e-16 3.78148e-14 1.5169e-11 5.87207e-09 6.06739e-05 0.000543484 0.0100838 0.989312 
2.55036e-20 3.58872e-18 7.55758e-16 1.78301e-13 7.52325e-11 1.45806e-08 9.4401e-05 0.00096417 0.0159477 0.982994 
1.54631e-08 3.24395e-06 7.62094e-05 0.00295459 0.0411657 0.92078 0.0327724 0.00218663 6.00059e-05 7.65891e-07 
3.28444e-20 4.81681e-18 8.8902e-16 2.03246e-13 8.23352e-11 1.34179e-08 6.8837e-05 0.00087367 0.012882 0.986175 
2.05477e-20 2.95814e-18 5.87318e-16 1.40818e-13 6.03907e-11 1.23696e-08 8.9647e-05 0.000905399 0.0157642 0.983241 
4.69744e-14 1.06585e-11 5.23099e-10 5.99034e-08 5.57281e-06 0.000608986 0.0119498 0.939767 0.0413521 0.0063169 
1.67835e-20 2.37562e-18 4.83634e-16 1.15243e-13 5.32359e-11 2.46799e-08 0.000198588 0.00460032 0.953164 0.0420373 
2.81862e-16 4.18654e-14 4.41059e-12 5.10354e-10 1.12921e-07 7.83945e-06 0.00179344 0.0216369 0.961506 0.015056 
5.4661e-15 1.18954e-12 8.6947e-11 1.1262e-08 1.12713e-06 5.78969e-05 0.00144026 0.0156435 0.958995 0.023862 
3.35708e-07 3.31848e-05 0.00138611 0.0247049 0.860529 0.0967437 0.0161023 0.000493792 6.79409e-06 2.29634e-07 
4.2077e-05 0.00383526 0.0528573 0.876509 0.0612758 0.00513433 0.00034157 4.39068e-06 7.35763e-08 2.80564e-09 
8.90541e-11 1.48709e-08 1.52582e-06 0.000221024 0.0068903 0.896601 0.0724907 0.0224104 0.00137224 1.28742e-05 
1.59645e-17 2.3224e-15 2.24688e-13 1.70888e-11 4.56666e-09 2.78831e-07 0.000439739 0.645374 0.293246 0.0609402 
1.81742e-20 2.71075e-18 4.92668e-16 1.16195e-13 4.77779e-11 1.0172e-08 7.46692e-05 0.000663805 0.0125944 0.986667 
5.70538e-17 9.4078e-15 9.66369e-13 1.65386e-10 4.86948e-08 4.19528e-06 0.0020604 0.0209045 0.968402 0.00862931 
2.86077e-14 6.33813e-12 2.71665e-10 3.08548e-08 3.10054e-06 0.000523247 0.00756994 0.0331424 0.948511 0.0102503 
4.01537e-20 5.67201e-18 1.19447e-15 2.62816e-13 9.04817e-11 1.57463e-08 6.93978e-05 0.000942063 0.0144007 0.984588 
1.87316e-20 2.82479e-18 4.8949e-16 1.09411e-13 4.12192e-11 5.85638e-09 2.06312e-05 0.000355228 0.00856011 0.991064 
1.97539e-31 3.64474e-28 1.67083e-24 8.98525e-21 6.02796e-17 1.97574e-13 1.02571e-09 2.88892e-06 0.000229362 0.999768 
1.35284e-16 2.04973e-14 2.1036e-12 2.43901e-10 4.52773e-08 3.50219e-06 0.00109798 0.0144368 0.0521289 0.932333 
8.56721e-11 1.41727e-08 1.84628e-06 0.000235215 0.0102834 0.881298 0.080886 0.0253367 0.00193775 2.13096e-05 
2.00721e-07 1.52751e-05 0.000336478 0.00621422 0.0362066 0.488962 0.458807 0.00913025 0.000326496 1.71142e-06 
4.44039e-15 7.8204e-13 8.152e-11 1.18783e-08 1.32888e-06 0.00025826 0.0102222 0.9454 0.0368676 0.00725079 
0.000485845 0.0108391 0.0566409 0.0946171 0.820622 0.0165925 0.00020112 9.35114e-07 1.05246e-08 8.67607e-11 
2.5288e-20 3.58761e-18 7.26097e-16 1.66355e-13 6.75982e-11 1.36926e-08 9.25938e-05 0.000942914 0.0168652 0.982099 
5.34196e-21 7.92122e-19 1.57707e-16 3.91927e-14 1.55596e-11 5.62046e-09 6.12258e-05 0.000214198 0.00444863 0.995276 
3.52158e-07 3.50121e-05 0.00143656 0.0233176 0.658308 0.305112 0.0114054 0.00037781 6.70898e-06 1.95561e-07 
1.86517e-14 3.72327e-12 2.96151e-10 3.84874e-08 4.44975e-06 0.00039554 0.00642526 0.736306 0.24432 0.0125485 
3.5597e-05 0.00349425 0.0359262 0.814587 0.120782 0.0243848 0.000777399 1.29711e-05 1.71868e-07 4.17878e-09 
3.33816e-11 6.49759e-09 6.97561e-07 7.38591e-05 0.00100834 0.00701186 0.233901 0.522419 0.230021 0.0055653 
2.09253e-14 4.25364e-12 3.15111e-10 3.80593e-08 3.33724e-06 0.000391975 0.00281773 0.0242703 0.958776 0.0137406 
3.08676e-05 0.00292201 0.0476863 0.879178 0.0628088 0.00673616 0.000630746 6.57358e-06 1.49835e-07 3.11902e-09 
1.11138e-17 2.0068e-15 2.59505e-13 6.23672e-11 2.31215e-08 1.60256e-06 0.000420814 0.00777081 0.963746 0.0280605 
1.84597e-08 3.77376e-06 8.92305e-05 0.00287367 0.0286371 0.243239 0.0609688 0.662602 0.00158361 3.38977e-06 
1.54133e-20 2.42298e-18 3.94219e-16 9.66145e-14 3.96014e-11 8.55686e-09 7.03584e-05 0.000462889 0.0105517 0.988915 
1.36055e-14 2.78111e-12 2.3763e-10 3.23251e-08 3.49509e-06 0.000539251 0.00702711 0.0311246 0.952254 0.00905159 
6.84439e-14 1.51685e-11 7.73521e-10 9.14559e-08 9.4782e-06 0.00129319 0.0247242 0.937642 0.0343473 0.00198369 
1.33973e-14 2.74347e-12 2.1193e-10 2.56435e-08 2.37362e-06 0.000262199 0.00516309 0.930772 0.0518202 0.01198 
1.12903e-08 2.39545e-06 5.55256e-05 0.00191859 0.0462971 0.893118 0.0578102 0.000776238 2.1987e-05 2.82965e-07 
1.49198e-20 2.2244e-18 4.21994e-16 1.03729e-13 4.29071e-11 8.43793e-09 5.94211e-05 0.000522127 0.0125237 0.986895 
3.30014e-20 4.88075e-18 1.0845e-15 4.1538e-13 2.95642e-10 9.1703e-08 0.000295692 0.00850375 0.945205 0.0459953 
1.98911e-14 4.20232e-12 2.98002e-10 3.83042e-08 3.68429e-06 0.000365774 0.00277549 0.0145904 0.032504 0.949761 
3.4847e-16 4.78574e-14 8.77235e-12 1.58793e-09 4.41181e-07 0.000100015 0.00777094 0.911818 0.0667503 0.0135602 
2.21167e-08 2.84327e-06 9.38844e-05 0.00227746 0.0230334 0.0624347 0.889822 0.02123 0.00109574 9.58397e-06 
2.49607e-20 3.68327e-18 7.49393e-16 2.75964e-13 2.07144e-10 5.31421e-08 0.00014116 0.00206186 0.0198039 0.977993 
2.22151e-14 5.27375e-12 1.4631e-10 1.17471e-08 1.19697e-06 0.000175108 0.00367053 0.928744 0.0545561 0.0128527 
1.39889e-20 1.9858e-18 3.92787e-16 9.05249e-14 3.94171e-11 4.69674e-09 7.15091e-06 0.000367732 0.00327643 0.996349 
4.60089e-13 6.19573e-11 9.9346e-09 1.6057e-06 0.000209227 0.00510009 0.897199 0.0700085 0.0265769 0.000904539 
1.20515e-21 1.47515e-19 4.70943e-17 1.25257e-14 5.24936e-12 4.01119e-09 5.21693e-05 0.000296797 0.00739575 0.992255 
2.63139e-11 4.49492e-09 5.3213e-07 5.55068e-05 0.0014907 0.013981 0.423228 0.542184 0.0181086 0.000950929 
1.02138e-08 2.63714e-06 4.89362e-05 0.00191582 0.0254012 0.0803694 0.873362 0.0177716 0.00111566 1.29288e-05 
2.73268e-20 4.00267e-18 7.44545e-16 1.7086e-13 6.92445e-11 1.12928e-08 5.65688e-05 0.000776498 0.0132331 0.985934 
1.00121e-08 2.57143e-06 4.41772e-05 0.00161282 0.0207691 0.0691581 0.890036 0.017189 0.00117605 1.23698e-05 
4.25021e-14 9.34025e-12 5.40642e-10 6.588e-08 6.02403e-06 0.000595474 0.0113613 0.936812 0.0438813 0.00734385 
2.10075e-20 3.13687e-18 5.68885e-16 1.33145e-13 5.34887e-11 1.23679e-08 0.000100885 0.000706611 0.0130003 0.986192 
2.23867e-18 3.35576e-16 3.12706e-14 2.59304e-12 8.1216e-10 5.70165e-08 0.000130965 0.00105891 0.0178415 0.980969 
1.50037e-15 2.59227e-13 2.48571e-11 2.45209e-09 1.80428e-07 3.37599e-05 0.00204732 0.918691 0.064482 0.0147453 
2.30468e-16 3.48511e-14 3.70636e-12 4.80414e-10 1.18194e-07 8.28634e-06 0.00203283 0.0313818 0.945294 0.0212834 
2.22414e-20 3.27597e-18 5.98238e-16 1.38872e-13 5.73405e-11 1.18249e-08 8.54259e-05 0.00112151 0.016645 0.982148 
3.679e-08 5.23743e-06 0.000532617 0.0180906 0.896791 0.0663188 0.0173209 0.000913629 2.63567e-05 3.72184e-07 
9.56711e-09 1.91926e-06 4.23221e-05 0.00138951 0.0146652 0.0473828 0.915878 0.0198099 0.000825395 5.46375e-06 
7.35001e-18 1.58466e-15 1.34907e-13 3.41488e-11 7.86951e-09 8.58246e-07 0.000345761 0.00240749 0.0197924 0.977453 
8.2079e-14 1.81134e-11 9.64525e-10 1.14447e-07 1.13837e-05 0.00143483 0.0206576 0.945774 0.0303349 0.00178705 
5.17868e-27 2.5758e-24 5.39724e-21 1.608e-17 2.61145e-14 1.49932e-11 9.13576e-08 5.52178e-05 0.00428713 0.995658 
5.66715e-14 1.28377e-11 2.77123e-09 1.07212e-06 0.000217945 0.0130128 0.912799 0.043837 0.025374 0.00475829 
2.4042e-17 4.55315e-15 3.69159e-13 6.93092e-11 2.1727e-08 2.08142e-06 0.000868688 0.0167725 0.958644 0.0237131 
2.25199e-15 2.89258e-13 6.09008e-11 9.69363e-09 8.96027e-07 0.000130024 0.00385088 0.027158 0.953797 0.0150635 
3.77664e-11 6.83212e-09 7.59021e-07 8.22986e-05 0.00209298 0.0265756 0.944827 0.0250855 0.00132378 1.21748e-05 
6.47682e-15 1.1758e-12 9.7545e-11 1.04205e-08 6.15401e-07 0.000100215 0.00131466 0.0203848 0.959568 0.018632 
2.25666e-16 3.42786e-14 3.56579e-12 4.62231e-10 1.31244e-07 1.2498e-05 0.00694352 0.929147 0.051458 0.0124386 
4.80303e-10 7.68697e-08 3.47324e-06 0.000112629 0.00297684 0.0227195 0.325062 0.580539 0.0683623 0.000224442 
2.90995e-09 4.52232e-07 1.60727e-05 0.000708968 0.018675 0.926504 0.0416352 0.0117845 0.000666954 9.00783e-06 
1.17611e-15 2.18744e-13 1.77949e-11 2.05349e-09 1.89047e-07 1.6599e-05 0.00143392 0.0208041 0.964528 0.0132167 
1.71864e-21 2.15669e-19 5.74178e-17 1.36234e-14 5.84929e-12 2.33626e-09 2.59289e-05 0.000171845 0.00421254 0.99559 
1.56529e-21 2.61701e-19 3.06222e-17 6.91291e-15 2.62494e-12 3.76906e-10 2.22436e-06 8.50888e-05 0.00267301 0.99724 
5.14775e-14 1.16021e-11 5.89859e-10 7.06698e-08 7.64075e-06 0.000866425 0.017683 0.956572 0.0238554 0.00101503 
3.14265e-21 4.19563e-19 1.00871e-16 2.45277e-14 1.04587e-11 3.60401e-09 3.6578e-05 0.0003912 0.0092567 0.990316 
2.30855e-14 5.01415e-12 2.99419e-10 3.61136e-08 3.85915e-06 0.000483926 0.0145468 0.936268 0.0411812 0.0075165 
7.17674e-20 9.58946e-18 2.697e-15 9.83691e-13 6.26258e-10 1.00981e-07 0.0002457 0.00824113 0.961991 0.0295221 
2.71265e-16 4.10007e-14 4.07912e-12 4.34851e-10 7.53958e-08 5.62926e-06 0.00141696 0.00708884 0.0251343 0.966354 
3.84874e-11 6.96462e-09 7.06138e-07 7.2995e-05 0.00203631 0.0252048 0.947648 0.0236914 0.00133275 1.27046e-05 
1.49963e-16 2.30053e-14 2.36361e-12 3.02023e-10 7.59801e-08 4.95854e-06 0.00094689 0.0107085 0.0302043 0.958135 
3.79543e-20 5.56054e-18 1.11223e-15 3.79279e-13 2.80327e-10 5.90046e-08 0.000124664 0.00273569 0.0186386 0.978501 
3.40913e-15 7.53387e-13 5.07594e-11 8.67722e-09 2.1788e-06 0.000158869 0.0465618 0.419114 0.507492 0.026671 
0.000183478 0.00783629 0.0500057 0.838693 0.0950507 0.00811047 0.000120082 5.51641e-07 8.73815e-09 4.18719e-10 
1.37208e-20 1.97806e-18 4.465e-16 1.75566e-13 1.28625e-10 3.74081e-08 0.000167625 0.00367866 0.532393 0.463761 
3.93442e-19 8.46835e-17 4.79506e-15 8.45534e-13 2.77813e-10 3.52422e-08 7.24017e-05 0.00097648 0.0147616 0.984189 
1.60245e-08 3.15527e-06 8.52168e-05 0.00285351 0.0400693 0.92652 0.0289501 0.00148512 3.32333e-05 4.08961e-07 
7.45783e-05 0.0058408 0.0607577 0.847812 0.0734869 0.0116003 0.00042441 2.84818e-06 4.54756e-08 2.20201e-09 
1.95971e-16 2.95502e-14 3.10994e-12 3.87354e-10 9.2052e-08 6.35291e-06 0.00151627 0.020064 0.956418 0.0219952 
1.03317e-11 1.77594e-09 2.73637e-07 3.01283e-05 0.000643466 0.0101122 0.904581 0.0810734 0.0033496 0.000210056 
2.19323e-16 3.30897e-14 3.50595e-12 4.44543e-10 1.05212e-07 7.26805e-06 0.00148908 0.0154333 0.0392072 0.943863 
4.97234e-11 8.68554e-09 9.65132e-07 9.49816e-05 0.00284967 0.0308543 0.919027 0.0406089 0.00601084 0.000553819 
2.41781e-07 1.9891e-05 0.00123693 0.0235826 0.930132 0.0386694 0.00595438 0.000398768 5.21222e-06 1.01048e-07 
2.31213e-16 3.26898e-14 4.98324e-12 8.03651e-10 1.92957e-07 6.21387e-05 0.0026682 0.0277993 0.953565 0.0159054 
3.5318e-14 7.7009e-12 4.22326e-10 4.96233e-08 5.01167e-06 0.000656868 0.0111096 0.0418273 0.940125 0.00627621 
1.56745e-20 2.40072e-18 4.10591e-16 9.70874e-14 3.86857e-11 7.96761e-09 5.89818e-05 0.000520611 0.0107627 0.988658 
1.80856e-16 2.71664e-14 2.81895e-12 3.27628e-10 6.62792e-08 4.6846e-06 0.00111882 0.014318 0.95663 0.0279288 
2.00549e-16 2.93206e-14 3.15304e-12 3.56997e-10 8.4929e-08 5.80703e-06 0.00136837 0.0194255 0.96652 0.0126801 
3.49195e-07 3.44437e-05 0.00205288 0.0370739 0.890829 0.0616896 0.00808596 0.000227946 5.18342e-06 3.0852e-07 
2.96691e-14 6.60612e-12 3.81706e-10 4.50312e-08 4.35801e-06 0.000414309 0.00984493 0.94467 0.0385981 0.00646829 
2.52271e-12 4.17313e-10 3.49409e-08 2.53669e-06 7.67356e-05 0.00203892 0.018886 0.919945 0.0537837 0.00526719 
8.74904e-17 1.39117e-14 1.44291e-12 2.20342e-10 6.87563e-08 4.83967e-06 0.00126629 0.0260754 0.952519 0.020134 
1.81587e-16 2.764e-14 2.75766e-12 3.11505e-10 6.33205e-08 4.79749e-06 0.00126106 0.013443 0.951288 0.0340032 
3.88048e-12 7.73423e-10 7.15888e-08 7.48951e-06 8.53465e-05 0.00189157 0.0217692 0.947343 0.027702 0.00120104 
2.866e-14 6.08196e-12 4.03298e-10 7.58719e-08 4.1402e-05 0.00832594 0.717083 0.178675 0.0937277 0.00214671 
4.6579e-18 1.04954e-15 6.30576e-14 1.43067e-11 2.99588e-09 3.59954e-07 0.000333684 0.00911852 0.955388 0.0351596 
2.40357e-07 2.37202e-05 0.00117315 0.113515 0.807182 0.0660343 0.0116149 0.000444665 1.20179e-05 1.40544e-07 
9.48065e-09 2.23609e-06 4.1614e-05 0.000736876 0.00709479 0.0387339 0.922906 0.0289958 0.00147797 1.09071e-05 
4.07796e-15 7.25442e-13 6.84598e-11 6.77761e-09 3.73237e-07 9.79385e-05 0.00598766 0.930675 0.0513138 0.0119251 
7.48588e-12 1.3671e-09 2.27531e-07 2.65018e-05 0.000209342 0.0016044 0.019349 0.948662 0.0286399 0.00150804 
3.67821e-10 6.42661e-08 3.68196e-06 0.000329305 0.00494707 0.0395579 0.925392 0.0280944 0.00165845 1.67439e-05 
2.89615e-11 5.39837e-09 6.03242e-07 7.06898e-05 0.00140905 0.0133752 0.88103 0.0825701 0.0210965 0.000447433 
4.36796e-14 9.60476e-12 5.23777e-10 6.32219e-08 6.4188e-06 0.000839714 0.0187384 0.946144 0.0328199 0.00145132 
3.30689e-11 5.89973e-09 6.01602e-07 5.69209e-05 0.0011097 0.0147063 0.924546 0.0455191 0.0137018 0.000359076 
2.92139e-20 4.27199e-18 8.1656e-16 1.94878e-13 8.24079e-11 1.46588e-08 9.04889e-05 0.00135679 0.932545 0.0660074 
1.89025e-20 2.63488e-18 5.50378e-16 1.26654e-13 5.25985e-11 9.58448e-09 5.61798e-05 0.000680642 0.00999182 0.989271 
1.32175e-16 1.96043e-14 2.13752e-12 2.72834e-10 8.22961e-08 5.42301e-06 0.00123461 0.0230736 0.947784 0.0279026 
2.13545e-17 3.95906e-15 3.26893e-13 5.76359e-11 1.16506e-08 1.05166e-06 0.000373929 0.00315224 0.480204 0.516269 
7.64748e-06 0.00039922 0.00274838 0.0244013 0.0681889 0.896923 0.00718765 0.000140988 2.85679e-06 6.77843e-08 
1.89555e-16 2.88389e-14 3.04947e-12 3.93787e-10 9.18186e-08 6.51118e-06 0.0015647 0.890752 0.0750692 0.0326072 
3.19526e-10 5.21198e-08 5.43132e-06 0.0005341 0.00673421 0.0384401 0.924344 0.028313 0.00161359 1.55354e-05 
2.60997e-19 4.74438e-17 6.60643e-15 1.80418e-12 3.75175e-10 3.07728e-08 3.32615e-05 0.000488804 0.00528655 0.994191 
1.83549e-20 2.65838e-18 5.15501e-16 1.219e-13 5.22513e-11 9.26561e-09 5.61461e-05 0.000615923 0.00949165 0.989836 
9.86619e-06 0.000729784 0.00601803 0.206704 0.741466 0.0430473 0.00198757 3.62741e-05 9.96699e-07 1.66259e-07 
3.6382e-07 3.08536e-05 0.00112138 0.0140559 0.0490878 0.0855437 0.848163 0.00197634 2.00769e-05 1.42635e-07 
4.4239e-11 7.86616e-09 9.1297e-07 9.74939e-05 0.00232926 0.0278568 0.943252 0.0251744 0.00127582 1.28442e-05 
3.67235e-20 5.38345e-18 9.97097e-16 2.27953e-13 9.16842e-11 1.53882e-08 8.26146e-05 0.00101853 0.015946 0.982953 
1.71487e-20 2.50033e-18 4.64492e-16 1.05137e-13 4.2017e-11 7.84289e-09 4.9329e-05 0.000583265 0.00993197 0.989435 
3.92259e-18 6.57817e-16 1.16326e-13 3.19829e-11 1.13517e-08 8.84685e-07 0.00040174 0.00933886 0.941872 0.0483863 
1.7584e-20 2.56839e-18 5.16732e-16 1.64127e-13 1.11134e-10 4.96346e-08 0.000120222 0.00165071 0.0174205 0.980809 
5.30962e-11 9.68733e-09 9.90092e-07 0.000104539 0.00255851 0.0271904 0.935866 0.0315977 0.00266453 1.70432e-05 
7.52514e-17 1.0536e-14 1.11111e-12 8.94045e-11 1.68498e-08 1.04719e-06 0.000478956 0.00677221 0.95975 0.032998 
1.41333e-19 1.83701e-17 5.38071e-15 1.7464e-12 1.01804e-09 1.4815e-07 0.000227353 0.00663149 0.0309151 0.962226 
1.9973e-18 2.95451e-16 3.15534e-14 3.90505e-12 1.13695e-09 1.73939e-07 0.000325492 0.0076686 0.94489 0.0471154 
1.91894e-05 0.00187293 0.0364337 0.862615 0.0773032 0.0204967 0.00119548 6.26973e-05 1.10204e-06 1.4731e-07 
9.06965e-14 1.64515e-11 1.05087e-09 9.17685e-08 8.86794e-06 0.00100603 0.0109315 0.932244 0.0491242 0.00668537 
0.000529262 0.0245405 0.114235 0.849596 0.0107424 0.000351651 5.24104e-06 1.12307e-07 3.67155e-08 1.43681e-09 
1.84491e-14 3.95623e-12 2.93686e-10 3.77793e-08 3.54111e-06 0.000268098 0.00217625 0.0190057 0.502768 0.475778 
5.80955e-21 8.66718e-19 1.66131e-16 4.62469e-14 2.4399e-11 3.85169e-09 2.24438e-05 0.000331094 0.00622329 0.993423 
3.72628e-11 6.70311e-09 5.71251e-07 5.63843e-05 0.00197275 0.0241456 0.946892 0.0241732 0.00265361 0.000105635 
6.55959e-12 1.3906e-09 8.29309e-08 9.95283e-06 0.00073306 0.00720435 0.0397997 0.927913 0.0234432 0.000896762 
5.99782e-07 0.000104587 0.00317443 0.038139 0.893497 0.0541434 0.00823198 0.00254537 0.000161394 2.54288e-06 
5.95714e-08 7.03478e-06 0.000515324 0.0174188 0.876833 0.0816159 0.0221687 0.00140352 3.73842e-05 5.43363e-07 
2.41062e-16 3.65107e-14 3.8383e-12 6.0191e-10 7.19829e-07 0.00117552 0.892669 0.0482135 0.0462188 0.011722 
4.85056e-09 1.12042e-06 2.53216e-05 0.00125674 0.0242933 0.926456 0.0377672 0.00954033 0.000648823 1.13811e-05 
1.03019e-13 2.25584e-11 1.21908e-09 1.60311e-07 2.77393e-05 0.00310302 0.885885 0.0778243 0.0317029 0.00145723 
0.00260123 0.0348264 0.112763 0.836677 0.0130278 0.000102239 1.93356e-06 1.5827e-08 3.37449e-09 1.27744e-10 
2.33991e-12 4.29289e-10 2.48723e-08 1.22828e-06 8.33637e-05 0.00178263 0.0161028 0.0479188 0.928631 0.00548062 
1.54071e-16 2.27767e-14 2.42979e-12 2.91239e-10 6.91526e-08 4.5686e-06 0.000881519 0.00872047 0.0248428 0.965551 
3.03516e-07 2.31596e-05 0.000694464 0.0108184 0.0690241 0.890878 0.027369 0.00117651 1.59543e-05 2.01249e-07 
4.60418e-08 9.98393e-06 0.000350612 0.0070534 0.0536282 0.895667 0.0369008 0.00591394 0.000469473 6.31809e-06 
3.26198e-11 6.17251e-09 5.88244e-07 6.70552e-05 0.00164026 0.0160596 0.909005 0.0603398 0.0127726 0.000114608 
2.12276e-20 3.18292e-18 5.68878e-16 1.3323e-13 5.35739e-11 9.81822e-09 6.35768e-05 0.000581124 0.0103855 0.98897 
2.39057e-18 3.53243e-16 9.88993e-14 3.25385e-11 1.58225e-08 2.41872e-06 0.00249845 0.472114 0.0380255 0.487359 
9.58559e-17 1.54461e-14 1.5555e-12 2.32064e-10 5.40812e-08 4.34701e-06 0.00220301 0.93595 0.0502768 0.0115654 
2.82981e-10 4.09255e-08 2.39609e-06 0.000170585 0.00341892 0.0305376 0.93658 0.0276214 0.00165313 1.62078e-05 
3.52133e-14 8.0136e-12 4.0132e-10 4.71306e-08 4.54734e-06 0.000423457 0.00374348 0.0282559 0.952552 0.0150209 
7.5623e-17 1.23777e-14 1.3275e-12 2.33953e-10 5.85457e-08 4.03636e-06 0.00091406 0.0114014 0.954459 0.0332219 
2.36172e-11 4.24826e-09 4.5728e-07 5.06394e-05 0.00157002 0.447044 0.0685544 0.47111 0.0112606 0.000409711 
7.15616e-06 0.000530407 0.0216582 0.87074 0.0745326 0.0273966 0.00474834 0.00036853 1.80801e-05 2.66575e-07 
3.34309e-21 4.51772e-19 1.06304e-16 2.45676e-14 9.60214e-12 3.11106e-09 2.86242e-05 0.00027905 0.0090128 0.99068 
1.48587e-16 2.20483e-14 2.42797e-12 3.1356e-10 8.20328e-08 5.59551e-06 0.00132144 0.024439 0.956999 0.0172351 
1.73251e-16 2.58497e-14 2.92142e-12 3.90268e-10 1.26597e-07 1.97732e-05 0.00650028 0.927074 0.0526504 0.0137551 
9.42909e-14 2.09843e-11 1.07226e-09 1.2604e-07 1.28588e-05 0.00156559 0.0259682 0.934409 0.0364453 0.00159937 
2.09831e-24 5.57914e-22 5.98812e-19 3.88001e-16 2.65482e-13 9.99766e-11 3.87472e-07 0.000122032 0.00503967 0.994838 
4.72399e-11 8.67778e-09 8.73257e-07 9.00286e-05 0.00231639 0.0277506 0.93835 0.0288595 0.0025919 4.05722e-05 
3.05442e-20 4.49077e-18 8.33852e-16 1.929e-13 7.80003e-11 1.51309e-08 0.000102278 0.00104164 0.951905 0.046951 
4.25198e-19 5.45753e-17 1.89009e-14 8.14059e-12 5.59753e-09 6.33378e-07 0.000461564 0.0136428 0.956032 0.0298626 
5.35632e-14 1.20642e-11 5.47245e-10 6.28855e-08 6.65858e-06 0.000898636 0.019328 0.953148 0.0255574 0.00106147 
2.46129e-08 4.08522e-06 0.000428098 0.011319 0.518351 0.446947 0.0216373 0.00127092 4.28579e-05 3.31975e-07 
2.97735e-20 4.2873e-18 8.57321e-16 2.0412e-13 8.61724e-11 1.62901e-08 0.000105408 0.00199581 0.948808 0.0490905 
1.30862e-17 1.78709e-15 1.91292e-13 1.33159e-11 2.29496e-09 1.43556e-07 0.000131839 0.00201147 0.945058 0.0527982 
1.79691e-11 3.34408e-09 3.79646e-07 4.30068e-05 0.00116355 0.0190207 0.0698081 0.892784 0.0162577 0.000922393 
3.48043e-14 8.28963e-12 3.11472e-10 3.32187e-08 3.38954e-06 0.000315745 0.00353001 0.0202768 0.955342 0.0205324 
3.5605e-09 5.4932e-07 2.07562e-05 0.00123497 0.017825 0.0577234 0.910078 0.0125392 0.000572586 5.16255e-06 
8.20044e-17 1.10011e-14 1.20758e-12 8.12184e-11 1.17405e-08 6.81728e-07 0.000214337 0.00153332 0.0184563 0.979795 
6.72771e-14 1.48347e-11 7.96393e-10 9.52479e-08 9.59989e-06 0.00124624 0.0216524 0.94906 0.0270572 0.000974633 
7.37747e-17 1.21378e-14 1.29324e-12 2.30593e-10 5.66212e-08 4.16823e-06 0.000992747 0.0141567 0.0426613 0.942185 
3.015e-20 4.45595e-18 8.02824e-16 1.81691e-13 7.22088e-11 1.20263e-08 6.50243e-05 0.000773147 0.0124999 0.986662 
2.22709e-12 4.23369e-10 7.09242e-08 8.73951e-06 0.000145304 0.00802515 0.044313 0.921967 0.0242944 0.00124664 
1.61286e-08 3.19297e-06 8.01024e-05 0.00291028 0.0402727 0.920044 0.0320244 0.0044327 0.000228524 4.49904e-06 
5.64055e-14 1.24656e-11 6.3062e-10 7.40316e-08 8.70656e-06 0.00308151 0.894144 0.0699344 0.0310712 0.00176043 
4.19518e-15 9.44826e-13 6.08154e-11 2.40064e-08 5.16221e-06 0.00118143 0.01723 0.927107 0.0454652 0.00901068 
6.55183e-14 1.46322e-11 6.79103e-10 7.59558e-08 7.72294e-06 0.00114289 0.0221878 0.941029 0.0327267 0.00290615 
3.65452e-05 0.00312666 0.0273867 0.0728906 0.868271 0.0273214 0.000959769 7.09969e-06 1.00827e-07 2.44663e-09 
1.04629e-37 6.73623e-34 1.45558e-29 1.99713e-25 4.18097e-21 4.86956e-17 1.58254e-12 9.54913e-09 8.86648e-05 0.999911 
2.5069e-07 2.85951e-05 0.00111742 0.016267 0.0560379 0.0657969 0.852878 0.00764094 0.000232554 5.58744e-07 
4.04175e-14 9.06208e-12 4.05089e-10 4.58829e-08 4.91717e-06 0.000655721 0.0143409 0.952305 0.0288245 0.00386941 
3.36613e-11 5.94013e-09 6.3952e-07 6.64709e-05 0.00118948 0.00853527 0.0273681 0.928386 0.0308812 0.00357323 
3.07158e-20 4.52459e-18 8.33977e-16 1.92438e-13 7.78999e-11 1.38429e-08 8.31768e-05 0.000870306 0.013174 0.985872 
4.18103e-14 9.33439e-12 3.85962e-10 4.5824e-08 7.17225e-06 0.00336223 0.899345 0.0671049 0.027742 0.00243902 
8.474e-06 0.000969821 0.0108378 0.71784 0.185423 0.0837358 0.00115622 2.77093e-05 3.38848e-07 4.71521e-09 
2.07481e-15 4.60923e-13 2.08374e-11 2.42579e-09 2.88767e-07 4.73222e-05 0.0022703 0.370339 0.62292 0.00442323 
5.49663e-11 9.84677e-09 1.0627e-06 0.000113923 0.00285192 0.0315605 0.934292 0.029465 0.00169955 1.65146e-05 
2.6718e-14 5.53936e-12 4.23509e-10 5.49484e-08 5.6166e-06 0.000600457 0.00680975 0.0330139 0.948609 0.0109616 
9.33886e-18 1.33577e-15 1.36854e-13 1.14904e-11 2.49291e-09 1.60798e-07 0.000127968 0.00114309 0.0164712 0.982258 
4.50703e-14 1.01406e-11 4.87927e-10 5.67821e-08 5.47077e-06 0.000598813 0.00616234 0.938961 0.0457735 0.00849875 
8.4662e-15 1.76145e-12 1.45178e-10 1.69869e-08 1.41311e-06 0.000137037 0.00178557 0.0246093 0.957463 0.0160032 
9.55792e-07 0.000141232 0.018695 0.815493 0.106643 0.0521806 0.00633253 0.000507456 6.35308e-06 2.70771e-07 
2.55973e-21 3.11567e-19 9.71961e-17 3.39588e-14 2.56212e-11 1.75373e-08 0.000108936 0.00257209 0.961993 0.035326 
1.88935e-16 2.81995e-14 3.09998e-12 4.10386e-10 1.04206e-07 7.02882e-06 0.00159064 0.90249 0.0735198 0.0223928 
3.46126e-08 5.00373e-06 0.000482716 0.0192724 0.897454 0.0652707 0.0163129 0.001167 3.47929e-05 4.4212e-07 
3.22296e-11 5.57251e-09 6.09251e-07 6.41235e-05 0.00151162 0.0164883 0.52823 0.444224 0.00917617 0.000304911 
1.62866e-16 2.46502e-14 2.61495e-12 3.30135e-10 7.38848e-08 5.3277e-06 0.00116726 0.0097841 0.0303371 0.958706 
6.38803e-09 1.75309e-06 2.80357e-05 0.000801605 0.0127814 0.0441919 0.924293 0.0167755 0.00111415 1.22356e-05 
1.99097e-10 3.18419e-08 2.39409e-06 0.000357226 0.00930607 0.900825 0.0690706 0.0192948 0.00113427 9.22069e-06 
6.39337e-16 1.01926e-13 1.19097e-11 1.49166e-09 1.54156e-07 5.47996e-05 0.00134232 0.0146479 0.0414288 0.942526 
2.97025e-08 4.98533e-06 0.000303299 0.00820911 0.67119 0.294847 0.0233353 0.00203734 7.26392e-05 8.78828e-07 
4.70796e-08 6.99801e-06 0.000717046 0.0187048 0.10517 0.851058 0.023204 0.00110917 2.96185e-05 4.27959e-07 
1.93867e-07 1.7734e-05 0.000589518 0.0127288 0.073469 0.885865 0.026009 0.00130287 1.74107e-05 3.55737e-07 
4.54024e-22 7.94947e-20 7.3049e-17 1.12259e-13 1.40885e-10 3.02177e-08 0.000108444 0.00244189 0.0176915 0.979758 
1.02535e-21 1.2778e-19 4.43293e-17 1.36411e-14 6.50875e-12 4.37062e-09 5.56758e-05 0.000373741 0.00869029 0.99088 
7.7849e-08 1.35555e-05 0.00099598 0.0148896 0.0737538 0.883784 0.0252546 0.00127236 3.58901e-05 4.68049e-07 
2.02047e-20 2.9608e-18 5.51958e-16 1.30656e-13 5.51233e-11 9.34612e-09 5.6543e-05 0.000624077 0.00862745 0.990692 
3.36516e-11 6.05118e-09 6.42803e-07 6.57727e-05 0.00143548 0.0174541 0.494674 0.478431 0.00790089 3.79792e-05 
1.40337e-16 2.16348e-14 2.30105e-12 3.86164e-10 3.41097e-07 0.000717884 0.900853 0.0455727 0.0432757 0.00958052 
5.1687e-16 1.06837e-13 8.97181e-12 1.28344e-09 1.92638e-07 1.352e-05 0.00172461 0.91365 0.0697958 0.0148154 
2.29238e-11 4.17592e-09 5.12319e-07 5.93378e-05 0.00127613 0.0152713 0.952589 0.0258247 0.00487254 0.000106454 
2.43266e-11 4.22244e-09 5.38767e-07 6.57501e-05 0.00133275 0.0182006 0.915704 0.0509014 0.0134475 0.000347769 
2.08802e-08 4.3772e-06 9.75253e-05 0.00288438 0.0420894 0.919256 0.0329871 0.00262382 5.63906e-05 7.54272e-07 
6.01129e-14 1.33533e-11 6.79282e-10 8.22489e-08 1.1156e-05 0.0011797 0.0240368 0.944243 0.0296126 0.000916875 
8.19639e-11 1.2009e-08 1.06058e-06 0.000124548 0.00233926 0.0271422 0.942555 0.0261999 0.00161987 1.81772e-05 
4.19404e-11 7.6681e-09 7.55648e-07 7.43951e-05 0.00194714 0.0208796 0.938391 0.0329342 0.00570737 6.51268e-05 
4.57938e-05 0.00425956 0.0516729 0.887324 0.0525096 0.00384183 0.000344254 2.25067e-06 4.68364e-08 2.15321e-09 
