6878
1.0837e-11 5.79284e-10 1.02259e-08 4.04683e-07 7.03613e-05 7.87794e-05 0.000917099 0.00475536 0.0169265 0.977252 
2.22325e-34 8.46909e-31 2.59457e-26 8.06358e-23 2.38558e-18 1.00278e-14 1.46698e-09 9.33921e-07 0.000225823 0.999773 
1.65375e-11 8.83161e-10 1.72208e-08 6.44254e-07 0.000114581 0.000303485 0.00311978 0.0121364 0.0340104 0.950315 
1.00904e-11 6.03905e-10 1.63611e-08 1.30135e-06 6.32462e-05 0.000116456 0.00145486 0.00804527 0.963718 0.0266008 
2.55989e-12 1.42101e-10 2.32097e-09 1.27705e-07 1.73759e-05 8.26942e-05 0.00154356 0.0124255 0.961064 0.0248672 
4.52939e-17 1.18779e-14 2.13381e-12 5.53983e-10 3.3246e-08 5.1064e-06 0.000316907 0.00204689 0.00857257 0.989058 
3.53139e-12 1.34778e-09 2.78045e-07 4.05876e-07 5.51852e-06 0.000180939 0.00183339 0.00812831 0.0270309 0.96282 
2.73403e-06 0.000211587 0.00142152 0.00163039 0.00612835 0.0184424 0.895324 0.0439581 0.0268007 0.00608057 
1.66365e-07 3.02551e-05 0.000101439 0.000131412 0.00120444 0.00617186 0.579714 0.321457 0.0889895 0.00220007 
1.72913e-10 9.97015e-09 4.74397e-07 1.5663e-05 0.000271545 0.00155169 0.00714993 0.423428 0.0612611 0.506321 
1.91628e-11 1.19545e-09 3.47058e-08 3.10047e-06 0.000134403 0.000300783 0.00197166 0.00769164 0.820345 0.169553 
3.03249e-07 5.83546e-05 6.31499e-05 0.000144725 0.0172884 0.282012 0.366742 0.247309 0.0724678 0.013914 
2.27678e-06 0.000438163 0.000207652 0.00238942 0.0122192 0.0293991 0.904155 0.0311389 0.0151676 0.00488301 
1.15385e-06 0.000216985 0.00015512 0.00265683 0.00984906 0.0392747 0.0883129 0.517191 0.341545 0.000797449 
8.43954e-12 4.42182e-10 6.989e-09 2.86115e-07 5.58211e-05 3.89649e-05 0.000523055 0.0018558 0.00715239 0.990374 
2.04953e-06 0.000389343 0.000424877 0.00229831 0.011447 0.0353393 0.912944 0.0274423 0.00866991 0.00104248 
2.34003e-08 1.50532e-06 9.11121e-05 0.00182787 0.476047 0.0195274 0.245709 0.241463 0.0116567 0.00367626 
3.53487e-13 2.07926e-11 3.43435e-10 2.27956e-08 2.39966e-06 6.59641e-06 0.000111274 0.00102222 0.00602767 0.99283 
1.28884e-11 2.92288e-09 3.13078e-08 1.62423e-06 7.24083e-05 0.00137927 0.00730493 0.961786 0.0210905 0.00836543 
1.97798e-21 1.93416e-18 1.83706e-15 3.3134e-13 3.71121e-11 9.03876e-09 6.17325e-05 0.000558394 0.00688883 0.992491 
6.52907e-11 8.00503e-09 9.29957e-07 3.84876e-05 0.000971454 0.0123919 0.905461 0.0351935 0.0304952 0.0154475 
3.77737e-12 8.67348e-10 6.23585e-08 2.26558e-05 0.000163195 0.000739528 0.00503258 0.0140625 0.952274 0.0277057 
1.56948e-11 8.07293e-10 1.26766e-08 4.60359e-07 0.000103634 7.06218e-05 0.000851528 0.00453521 0.0209467 0.973492 
1.63317e-11 1.77583e-09 2.09507e-07 5.07352e-06 0.000123742 0.000491136 0.00284584 0.0104361 0.0214588 0.964639 
1.89954e-10 1.44997e-08 1.33929e-06 2.81656e-05 0.00068525 0.0039667 0.0173521 0.926992 0.0378064 0.0131678 
1.42657e-06 0.000268701 0.00055815 0.000943047 0.00719217 0.0302059 0.918268 0.0313584 0.00968494 0.00151914 
1.10236e-06 0.000200865 0.000521894 0.00473953 0.871576 0.0635089 0.037147 0.0155457 0.0054924 0.0012666 
5.89654e-17 2.97973e-14 9.36168e-12 2.22118e-09 1.77631e-07 3.80078e-05 0.000165647 0.00144552 0.247896 0.750455 
7.60216e-12 4.00907e-10 6.3416e-09 2.68897e-07 5.04893e-05 6.56089e-05 0.000544043 0.00306022 0.0144806 0.981799 
3.5334e-14 3.2393e-12 7.88644e-11 9.43654e-09 3.15509e-07 1.32315e-05 0.00019689 0.000812232 0.00644211 0.992535 
8.34116e-07 0.00015739 0.000237941 0.000722698 0.00462098 0.0193912 0.809347 0.156969 0.00753668 0.00101665 
5.19122e-07 9.98334e-05 4.67257e-05 0.000130369 0.00190365 0.0102262 0.69598 0.262954 0.0225253 0.00613351 
1.40026e-06 0.000267715 0.000293406 0.000781558 0.0038995 0.0090995 0.0182023 0.037943 0.919763 0.0097486 
5.65273e-05 0.00228344 0.0855061 0.411942 0.0282559 0.109831 0.0162392 0.336486 0.00753081 0.00186909 
9.99401e-12 5.14964e-10 8.43122e-09 2.9828e-07 6.63899e-05 6.90663e-05 0.000579952 0.00414059 0.0173683 0.977775 
7.31541e-14 2.29018e-11 5.19523e-10 9.51298e-08 1.08917e-06 9.35761e-05 0.00085215 0.00601473 0.0220034 0.971035 
1.84698e-11 2.34842e-09 3.32093e-07 2.72098e-06 0.000107657 0.000293875 0.00272979 0.0102866 0.0312371 0.955342 
7.36672e-12 3.8246e-10 5.95624e-09 2.26046e-07 4.875e-05 2.60427e-05 0.000306786 0.00164374 0.009021 0.988953 
8.85059e-14 1.60416e-11 4.00661e-10 6.51966e-08 6.50184e-07 2.63894e-05 0.000160825 0.00143048 0.00673171 0.99165 
2.18321e-14 4.3257e-12 1.03641e-10 1.79066e-08 3.63614e-07 3.70314e-05 0.00095381 0.968194 0.02033 0.0104844 
1.4739e-08 1.16207e-06 5.85669e-05 0.000472177 0.0918388 0.146829 0.287943 0.3652 0.105437 0.00221887 
1.70147e-06 0.00032518 0.000322223 0.000731787 0.00435452 0.0152896 0.910754 0.0413761 0.0234149 0.00342954 
1.00497e-10 9.82881e-09 1.00468e-06 7.17572e-05 0.0018197 0.309531 0.632776 0.0280621 0.0201411 0.00759698 
1.29755e-11 6.59712e-10 1.02216e-08 3.38369e-07 8.56088e-05 2.08088e-05 0.000653698 0.00228663 0.00941715 0.987536 
1.64886e-11 2.51983e-09 3.97155e-07 2.37844e-06 9.54683e-05 0.000290677 0.00233666 0.0107186 0.027734 0.958822 
2.36341e-06 0.000456685 0.000252551 0.00123672 0.0044849 0.00987399 0.0197087 0.917702 0.0365044 0.00977747 
7.22286e-13 3.73027e-11 5.99935e-10 2.41342e-08 4.74425e-06 3.19005e-06 0.000198111 0.00167178 0.986119 0.0120034 
6.3116e-05 0.00138948 0.00852267 0.0225563 0.795175 0.154989 0.0150402 0.0019644 0.000149793 0.00014926 
1.06479e-14 2.60823e-12 6.1388e-11 1.0184e-08 9.79471e-08 3.61672e-06 9.12396e-05 0.000353909 0.00156423 0.997987 
4.34554e-11 7.22876e-09 1.19782e-06 2.39834e-05 0.000478701 0.00180304 0.00688357 0.0224649 0.0435258 0.924819 
5.64158e-22 5.39342e-19 6.14141e-16 1.10846e-13 1.29924e-11 5.01865e-09 3.99572e-05 0.000150835 0.0017234 0.998086 
2.05261e-06 0.000391864 0.000381001 0.00110146 0.00665407 0.0209187 0.211304 0.541636 0.214591 0.00302043 
3.72186e-09 5.87015e-07 1.1187e-06 4.01449e-05 0.000785859 0.00527944 0.0142135 0.0360685 0.93157 0.0120406 
1.19616e-12 8.08879e-11 1.4138e-09 1.26578e-07 8.42331e-06 8.31233e-05 0.000495064 0.00432048 0.0206785 0.974414 
1.21437e-11 6.83203e-10 1.91007e-08 4.56191e-07 8.01971e-05 0.000198003 0.00410235 0.0197297 0.950934 0.0249556 
2.54713e-10 1.61319e-08 1.03597e-06 3.82876e-05 0.000610763 0.00334937 0.012968 0.0345239 0.04283 0.905679 
2.22544e-11 2.15195e-09 8.55516e-08 5.0984e-06 3.84374e-05 0.000517253 0.00328108 0.120439 0.118549 0.757171 
6.98124e-17 2.0674e-14 3.9415e-12 9.28883e-10 6.97903e-08 1.47826e-05 0.000148366 0.00219976 0.0137964 0.983841 
2.42144e-11 3.52398e-09 3.67938e-07 8.21275e-06 7.174e-05 0.00182829 0.00868732 0.923245 0.0454652 0.0206937 
3.27504e-10 3.02039e-08 7.12051e-07 5.62053e-05 0.000540137 0.00575101 0.0164604 0.919981 0.0407468 0.0164642 
1.32969e-11 6.85963e-10 1.07428e-08 3.99037e-07 8.78273e-05 4.11826e-05 0.000726274 0.00314447 0.0133682 0.982632 
1.35745e-11 2.70985e-09 4.01743e-07 9.7864e-06 0.000104151 0.000747337 0.00695749 0.910921 0.0536446 0.0276156 
1.71424e-11 3.37633e-09 1.21521e-07 4.87407e-07 6.85895e-06 0.000148962 0.0023363 0.0127614 0.0326408 0.952105 
2.12764e-06 0.000401978 0.000655775 0.00160883 0.00888301 0.0231314 0.0432341 0.889117 0.0294008 0.00356486 
1.09424e-12 9.86613e-11 5.18502e-09 2.93907e-07 7.98389e-05 0.00424352 0.899467 0.0261941 0.0388495 0.0311658 
3.69109e-11 4.68277e-09 9.66995e-08 4.20115e-06 6.79108e-05 0.000740399 0.00597151 0.0245008 0.944723 0.0239916 
9.95209e-07 0.000185257 0.000431085 0.00221533 0.010475 0.0313105 0.905555 0.0313495 0.0156959 0.00278153 
2.00751e-10 1.26716e-08 3.41673e-07 2.07161e-05 0.000337979 0.00388527 0.0114422 0.0321228 0.939868 0.0123222 
4.68857e-08 3.91297e-06 0.000239501 0.000994197 0.0126701 0.914835 0.0393989 0.0225879 0.00650227 0.00276782 
2.30733e-12 1.44547e-10 2.58852e-09 2.07872e-07 1.57096e-05 0.000109234 0.000827004 0.00520612 0.019742 0.9741 
4.78496e-12 2.86177e-10 7.02513e-09 3.18482e-07 2.87347e-05 0.000113013 0.00113626 0.00540193 0.0217397 0.97158 
5.67563e-13 1.01895e-10 6.6998e-09 6.63468e-07 2.26534e-05 0.000140116 0.00105367 0.00632587 0.969229 0.0232281 
1.58643e-11 8.51174e-10 1.81701e-08 5.36717e-07 0.000104356 8.51842e-05 0.00242447 0.0125772 0.0340773 0.950731 
1.35385e-11 7.05839e-10 1.11313e-08 4.44868e-07 8.97946e-05 0.000109439 0.00221343 0.0129774 0.952623 0.0319866 
3.0541e-11 3.88537e-09 2.39131e-07 2.00752e-06 3.21852e-05 0.000758284 0.00414794 0.0177929 0.950877 0.026389 
6.06339e-11 3.83439e-09 1.11752e-07 2.86337e-05 0.000349739 0.000962545 0.00792639 0.0245722 0.937032 0.029128 
4.01486e-10 2.44066e-08 1.40393e-06 4.44259e-05 0.000737913 0.00316667 0.013115 0.922983 0.0428666 0.017085 
1.03024e-11 5.41699e-10 8.63213e-09 3.26222e-07 6.79294e-05 0.000211454 0.00290896 0.0172141 0.950957 0.0286398 
1.5728e-07 1.43668e-05 0.000387553 0.00180297 0.010162 0.0236067 0.0339683 0.91282 0.0155247 0.00171274 
3.87566e-07 7.52781e-05 3.191e-06 2.82618e-05 0.000401809 0.00405396 0.0969098 0.195687 0.258368 0.444472 
1.18628e-11 5.97479e-10 9.13611e-09 2.73607e-07 7.82091e-05 5.33136e-06 0.000258457 0.00279941 0.986763 0.0100949 
2.0597e-10 4.39749e-08 1.04506e-06 6.3358e-05 0.00134787 0.0118649 0.892044 0.0546004 0.0303228 0.00975537 
9.78634e-12 2.85998e-09 4.70299e-07 9.91298e-06 7.09691e-05 0.000652613 0.00463577 0.0180487 0.035151 0.941431 
0.000152532 0.0316321 0.621298 0.128197 0.0829788 0.123567 0.00915247 0.00252752 0.000326109 0.000168733 
1.32522e-06 0.000225435 0.000482829 0.00297456 0.0140818 0.0437578 0.907662 0.0250897 0.00506628 0.000658383 
9.00251e-17 3.36668e-14 8.4981e-12 2.01101e-09 1.57085e-07 3.34564e-05 0.000164726 0.0022635 0.0112576 0.986281 
3.14581e-11 5.26665e-09 5.93307e-07 1.67587e-05 0.000237369 0.00100999 0.00354536 0.01117 0.0247931 0.959227 
2.88617e-11 3.44785e-09 4.28158e-07 1.51842e-05 0.000306195 0.000975651 0.00454056 0.0164278 0.941384 0.0363499 
1.97074e-06 0.000381109 0.000258898 0.000529399 0.00247636 0.00948537 0.0223425 0.914194 0.0400877 0.0102432 
4.65959e-06 0.000207738 0.00150366 0.00208335 0.00801458 0.0237468 0.930069 0.0241484 0.00917133 0.00105067 
2.29895e-06 0.000436674 0.000490611 0.00147058 0.00777775 0.0277362 0.0471891 0.897374 0.0146987 0.00282396 
2.14436e-10 1.05216e-08 1.38104e-07 1.27213e-05 0.000359181 0.00265299 0.887022 0.047512 0.0403658 0.0220755 
0.000870493 0.0189413 0.0551735 0.915352 0.00893873 0.000681892 3.74589e-05 4.3761e-06 1.3498e-07 2.00066e-08 
2.73037e-06 0.000374527 0.000998219 0.00937364 0.0451742 0.884746 0.0389129 0.0129449 0.00658 0.000892668 
1.14758e-07 2.19763e-05 3.36557e-06 0.000286579 0.00336062 0.018372 0.895232 0.0500256 0.0254744 0.00722297 
9.66147e-12 5.02456e-10 7.86061e-09 3.03696e-07 6.39492e-05 4.00341e-05 0.00125383 0.480939 0.0248197 0.492884 
7.23856e-12 2.29618e-09 3.8967e-07 4.50135e-06 4.87333e-05 0.000316007 0.00390842 0.937122 0.0377814 0.0208184 
5.93213e-11 6.68343e-09 3.78028e-07 3.04545e-05 0.000291635 0.00305335 0.0118736 0.038432 0.929523 0.0167952 
1.39271e-16 6.98489e-14 4.31097e-12 8.6695e-10 6.07987e-08 1.06753e-05 0.000364047 0.00242419 0.2529 0.744301 
1.73625e-13 3.22873e-11 6.88469e-10 1.15951e-07 1.71854e-06 8.49395e-05 0.00055297 0.00735963 0.965493 0.0265078 
8.17162e-12 7.61579e-10 5.25068e-08 3.67081e-06 3.85472e-05 0.000188538 0.00204807 0.168696 0.625624 0.203401 
3.9872e-06 0.000177814 0.00147295 0.00845099 0.611681 0.345996 0.0213452 0.00813847 0.00196024 0.000773928 
2.54558e-11 1.55743e-09 4.79702e-08 3.2575e-06 0.00019156 0.000569373 0.00591415 0.0244935 0.939426 0.0294025 
1.92441e-06 0.000364468 0.000665619 0.00462872 0.024597 0.658319 0.289683 0.0144947 0.00645484 0.000790895 
1.96292e-06 0.000373935 0.000318478 0.00114309 0.00586486 0.0215841 0.0454488 0.90208 0.0210116 0.00217322 
1.22827e-06 0.000233296 0.000261064 0.00285852 0.0165697 0.478502 0.475778 0.019276 0.00559019 0.000929546 
4.39906e-11 4.49041e-09 4.20645e-07 2.39524e-05 0.000119034 0.00225309 0.0129084 0.927488 0.0406362 0.0165706 
4.92892e-12 9.92291e-10 5.1409e-08 2.62206e-07 1.17516e-05 0.000337302 0.14422 0.679626 0.163983 0.0118221 
9.50455e-13 4.78198e-11 7.30912e-10 2.17026e-08 6.27068e-06 4.16726e-07 6.55083e-05 0.0006516 0.991779 0.00749748 
2.11695e-10 1.80196e-08 9.54944e-07 4.19838e-05 0.000699046 0.00302067 0.00943263 0.919169 0.0465456 0.0210901 
1.01943e-07 9.5243e-06 0.000932484 0.00768275 0.876743 0.0438403 0.0403672 0.0227222 0.00669985 0.0010027 
5.85913e-11 6.92005e-09 2.03082e-07 1.26156e-05 8.7376e-05 0.00105557 0.00544419 0.0195589 0.0361099 0.937731 
1.58256e-09 1.1833e-07 6.19981e-06 3.8571e-05 0.00071175 0.00276335 0.0100761 0.0266036 0.035784 0.924016 
1.78406e-11 9.19689e-10 1.43614e-08 5.2668e-07 0.000117858 5.39444e-05 0.000833676 0.00439901 0.0176318 0.976963 
4.68959e-11 5.62906e-09 1.34323e-07 6.16847e-06 5.60957e-05 0.00139461 0.0048477 0.144831 0.838874 0.00998989 
2.42313e-07 4.59985e-05 0.0002543 0.000438645 0.00267055 0.0156578 0.892845 0.0502621 0.0295669 0.00825828 
0 0 0 0 0 0 0 0 3.91029e-26 1 
1.72887e-11 1.69385e-09 8.29404e-08 1.14595e-05 0.000113018 0.000443963 0.00343749 0.020338 0.938588 0.0370676 
9.71873e-13 6.91767e-11 1.22135e-09 1.15556e-07 6.99939e-06 0.000111014 0.00412593 0.0210752 0.950505 0.0241761 
0.000138637 0.00332297 0.0669606 0.665758 0.133793 0.12873 0.00123362 6.18407e-05 8.87539e-07 1.22618e-08 
1.73384e-18 8.8022e-17 1.3652e-15 4.5273e-14 1.14595e-11 4.98145e-12 5.60396e-09 9.43852e-06 5.07382e-05 0.99994 
1.95664e-13 9.9421e-12 1.62322e-10 5.7827e-09 1.3069e-06 2.1492e-06 0.000123243 0.00148613 0.00959355 0.988794 
1.40781e-06 0.000266751 0.000415321 0.00103643 0.00601609 0.0198108 0.0329537 0.0385801 0.897051 0.00386869 
4.07557e-06 0.000462658 0.00392993 0.271672 0.637864 0.0328272 0.0211634 0.0177339 0.0102343 0.00410803 
1.80851e-11 9.75346e-10 1.747e-08 1.03327e-06 0.000119798 0.000130736 0.0021882 0.011882 0.951707 0.0339709 
3.56797e-06 0.000161929 0.00150557 0.0108512 0.857309 0.0717464 0.038998 0.0145989 0.0045502 0.000275313 
2.97199e-12 3.06292e-10 1.64674e-08 1.80344e-06 3.85711e-05 0.000580969 0.00449585 0.723597 0.138489 0.132796 
6.26283e-11 6.17806e-09 6.92696e-07 1.51139e-05 0.000297154 0.00146911 0.00631846 0.0215081 0.93992 0.0304716 
1.05768e-11 1.94643e-09 2.67249e-07 7.27022e-06 9.38079e-05 0.000618026 0.0059038 0.0266614 0.939977 0.0267384 
1.72886e-11 1.95014e-09 1.11166e-07 1.41739e-05 0.000167443 0.00120255 0.00734327 0.0267111 0.937362 0.0271995 
1.40291e-05 0.000749688 0.00503342 0.0727332 0.743919 0.159722 0.0143038 0.00271142 0.000363155 0.000451147 
2.38232e-10 1.40059e-08 6.95208e-07 2.34412e-05 0.000543268 0.00388742 0.0137877 0.0366198 0.929137 0.0160008 
1.33219e-11 6.92694e-10 1.09825e-08 4.3333e-07 8.87923e-05 0.000280162 0.00354335 0.907215 0.0689386 0.0199332 
7.01801e-15 2.15739e-12 5.17484e-11 9.92112e-09 1.35192e-07 1.18121e-05 0.000156232 0.00223711 0.00991074 0.987684 
1.52647e-06 0.000290234 0.000428366 0.00125814 0.0084324 0.0323321 0.902355 0.0357101 0.0167942 0.00239765 
9.16371e-12 1.80845e-09 3.26598e-07 5.58821e-07 3.77515e-05 0.000205148 0.00288828 0.0159491 0.0378221 0.943097 
2.06621e-12 8.87924e-10 1.88873e-07 2.18281e-07 3.32663e-06 0.000103027 0.00159821 0.00601312 0.0210316 0.97125 
4.65879e-06 0.000342593 0.00294273 0.0192169 0.910844 0.0456086 0.0161616 0.00408585 0.000726117 6.67936e-05 
1.12383e-11 2.44712e-09 3.43245e-07 1.03332e-05 0.000122981 0.00191086 0.0144261 0.920254 0.0432918 0.0199835 
8.61206e-07 0.000167043 6.63593e-05 0.000175703 0.00111676 0.00311262 0.00812325 0.0179728 0.0253674 0.943897 
9.10742e-08 1.24606e-05 0.000282405 0.00198741 0.0161489 0.48523 0.472643 0.0156924 0.0065791 0.00142368 
6.86068e-11 7.61034e-09 2.07782e-07 7.71666e-06 4.7389e-05 0.000989954 0.00556461 0.919886 0.048149 0.0253552 
2.26364e-11 1.87834e-09 1.02828e-07 8.67238e-06 0.000182166 0.000976361 0.00890916 0.927249 0.0370192 0.0256556 
7.71374e-10 3.49529e-08 1.32255e-06 0.000123409 0.00174532 0.0108521 0.904622 0.0433702 0.0299456 0.00934042 
1.88224e-11 3.19858e-09 4.05563e-07 1.23661e-05 8.76655e-05 0.00103005 0.0102168 0.913641 0.0476997 0.0273125 
8.98886e-07 0.000171271 0.000186831 0.000598369 0.00386256 0.0140924 0.360034 0.527212 0.0924842 0.0013578 
1.14302e-21 1.26908e-18 1.84371e-16 3.32148e-14 2.68666e-12 3.18514e-10 3.55714e-06 8.6749e-06 0.000564885 0.999423 
1.97738e-08 3.84409e-06 4.05136e-07 7.85346e-06 5.94629e-05 0.000873068 0.00487077 0.0197193 0.774256 0.200209 
1.33869e-11 2.8972e-09 4.47249e-07 9.2973e-06 9.20352e-05 0.000581788 0.00392333 0.0150928 0.0301745 0.950126 
5.14025e-08 4.29324e-06 0.000255816 0.00267358 0.197586 0.0369633 0.727262 0.0226769 0.00836569 0.00421224 
1.76244e-11 9.07324e-10 1.42149e-08 5.17633e-07 0.000116485 8.82199e-05 0.000895349 0.00333538 0.0142861 0.981278 
1.68558e-08 1.49632e-06 8.8836e-05 0.000708271 0.0145698 0.0451782 0.876492 0.0344297 0.0210247 0.00750671 
1.05696e-13 2.76329e-11 6.43867e-10 1.13015e-07 1.17745e-06 7.40058e-05 0.000612862 0.00419142 0.0204751 0.974645 
2.05827e-08 1.81494e-06 0.000111898 0.00174589 0.849831 0.0495453 0.0381863 0.0329867 0.0190913 0.00849943 
1.6655e-06 0.000316365 0.000459735 0.00129703 0.00576184 0.0141426 0.0224367 0.0319083 0.913741 0.00993501 
1.87547e-19 3.61646e-17 2.18182e-15 5.1551e-13 2.33806e-11 6.57445e-10 1.5799e-07 8.15117e-06 0.000453457 0.999538 
4.85756e-11 4.56893e-09 4.64488e-07 1.65253e-05 0.000199249 0.00113581 0.00439242 0.0125213 0.490932 0.490802 
1.6827e-17 3.57598e-15 2.88193e-13 6.56539e-11 3.81923e-09 7.90454e-07 1.40466e-05 0.000535513 0.00337907 0.996071 
2.56465e-12 1.1347e-09 2.40276e-07 2.44701e-07 3.18084e-06 0.000107277 0.00216906 0.0140263 0.955225 0.0284689 
1.72398e-18 4.97506e-16 8.78504e-14 2.06158e-11 1.53163e-09 3.24662e-07 1.15193e-06 3.85967e-05 0.000761616 0.999198 
1.26874e-11 8.17015e-10 2.471e-08 2.4896e-06 8.2908e-05 0.000174303 0.0031501 0.0123593 0.0310761 0.953155 
6.9344e-08 5.15833e-06 0.000290865 0.000519207 0.00450852 0.0192706 0.0377237 0.480631 0.456041 0.00101064 
2.93476e-17 7.80499e-15 1.22525e-12 2.87337e-10 2.09291e-08 4.43554e-06 3.91923e-05 0.00116524 0.0063568 0.992434 
1.47926e-11 8.29268e-10 1.69401e-08 1.14722e-06 9.74152e-05 0.000162524 0.00169551 0.00967188 0.951942 0.0364298 
3.17688e-17 1.02095e-14 2.43482e-12 6.12706e-10 4.21059e-08 8.53358e-06 0.000135647 0.0013874 0.979543 0.0189254 
9.19917e-14 1.70763e-11 3.19093e-10 4.20064e-08 1.25978e-06 0.000221812 0.00393706 0.0198313 0.957676 0.0183327 
6.93624e-08 5.73109e-06 0.000366829 0.000358129 0.00464756 0.026481 0.913228 0.0359006 0.0137882 0.00522395 
1.82197e-16 5.55557e-14 1.2159e-11 2.75277e-09 2.29375e-07 4.21178e-05 0.00122369 0.00836984 0.0259964 0.964368 
2.69299e-12 4.84855e-10 7.94223e-08 3.12278e-07 1.16459e-05 0.000134097 0.00141979 0.00866354 0.953591 0.0361796 
3.35104e-18 4.87212e-16 1.35215e-14 1.97333e-12 2.06431e-10 4.42239e-08 5.76242e-05 0.000634396 0.00588059 0.993427 
2.54239e-13 1.28074e-11 1.97586e-10 6.06557e-09 1.68065e-06 3.20865e-07 1.83842e-05 0.000286557 0.000914742 0.998778 
5.6108e-12 3.09643e-10 6.74518e-09 3.21821e-07 4.9126e-05 0.000116151 0.000845465 0.00574996 0.02542 0.967819 
1.34008e-11 7.12126e-10 1.28385e-08 4.78477e-07 8.66301e-05 0.000118776 0.000962398 0.00561301 0.0167485 0.97647 
3.3913e-07 6.43577e-05 0.000165265 0.00124837 0.0109192 0.881906 0.0476619 0.0337731 0.0188864 0.00537529 
1.21743e-11 8.75355e-10 3.35459e-08 3.52641e-06 0.000139817 0.00185648 0.475997 0.482221 0.0242524 0.0155298 
2.26474e-11 2.03563e-09 9.52516e-08 1.22673e-05 0.00016459 0.000684325 0.00938215 0.924723 0.0412542 0.0237796 
5.27989e-10 7.42017e-08 1.09792e-05 0.000239141 0.00376468 0.154195 0.496201 0.306093 0.0282701 0.0112257 
2.88533e-12 1.48394e-10 2.34998e-09 8.91208e-08 1.9211e-05 4.62713e-05 0.000446523 0.00268149 0.0144882 0.982318 
6.6278e-06 0.000301488 0.00205996 0.0147316 0.881588 0.0588307 0.0294324 0.00947806 0.00328057 0.00029066 
6.15641e-14 1.92928e-11 4.261e-10 7.78867e-08 7.08163e-07 3.44981e-05 0.000371999 0.00490752 0.0222987 0.972386 
1.99455e-06 0.000381063 0.000423506 0.000795706 0.0054943 0.0191087 0.0365758 0.0389207 0.894352 0.00394575 
1.06441e-15 8.65901e-14 4.51717e-12 4.10058e-10 9.82239e-09 8.58104e-08 8.43057e-06 3.56829e-05 0.000141059 0.999815 
3.04395e-13 1.55306e-11 2.49666e-10 9.85131e-09 2.0878e-06 1.70903e-05 0.000279691 0.00446576 0.771714 0.223521 
1.38652e-39 9.57017e-36 6.57931e-32 4.18606e-28 5.10271e-24 6.03111e-20 5.37252e-15 2.80715e-10 9.93939e-06 0.99999 
6.81981e-13 5.4575e-11 1.02122e-09 1.14794e-07 5.00836e-06 8.13322e-05 0.000636925 0.00409073 0.0199092 0.975277 
2.44432e-09 2.65015e-07 2.26537e-05 0.000764906 0.00687975 0.0246738 0.0474758 0.875345 0.0299996 0.0148386 
5.6333e-08 4.61057e-06 0.000276741 0.00102029 0.012799 0.876908 0.0545604 0.03545 0.0135174 0.00546397 
1.9528e-06 0.000370299 0.000479537 0.00172091 0.0176345 0.873263 0.0582751 0.0330762 0.0132886 0.00189028 
1.60602e-10 1.01996e-08 6.19169e-07 2.44915e-05 0.000402645 0.00218274 0.0543015 0.83524 0.0945274 0.0133209 
6.6888e-12 3.40663e-10 5.32512e-09 1.83456e-07 4.4071e-05 1.31535e-05 0.000345295 0.00131327 0.00533572 0.992948 
4.7836e-12 1.39713e-09 2.829e-07 2.74179e-07 1.4786e-05 5.70642e-05 0.00107238 0.00477639 0.015479 0.9786 
1.21022e-06 0.000227012 0.000437117 0.0013432 0.00905446 0.0350318 0.896075 0.0380536 0.0160751 0.00370121 
1.89241e-12 9.68072e-11 1.55126e-09 5.89508e-08 1.26505e-05 4.12042e-05 0.000425858 0.00284676 0.014857 0.981816 
1.52165e-21 1.37821e-18 1.11377e-15 2.02584e-13 1.86554e-11 3.88695e-09 9.93353e-06 0.000154396 0.00269116 0.997145 
1.58607e-12 1.34775e-10 3.47454e-09 5.62683e-07 1.85065e-05 0.00126883 0.00878329 0.939111 0.0329429 0.0178744 
1.09642e-11 5.60812e-10 8.75034e-09 3.07724e-07 7.24151e-05 4.36047e-05 0.000542861 0.00320347 0.95911 0.0370269 
1.11535e-05 0.000562121 0.00402586 0.0224497 0.879459 0.0639996 0.023086 0.00527002 0.000493928 0.000642946 
7.3796e-09 4.12155e-07 5.18238e-06 0.000235617 0.00447077 0.0229601 0.900758 0.0451549 0.0189125 0.00750265 
7.46626e-18 2.07785e-15 3.87716e-13 9.16383e-11 6.84704e-09 1.4393e-06 7.59437e-05 0.000681418 0.00654403 0.992697 
1.25977e-11 6.43714e-10 1.00447e-08 3.5236e-07 8.32658e-05 6.53929e-05 0.00070786 0.00542818 0.0219853 0.97173 
2.52417e-09 3.90902e-07 4.5576e-07 1.65878e-05 0.000180011 0.00136573 0.00634235 0.0220139 0.0405396 0.929541 
2.37488e-13 1.47835e-11 2.59177e-10 2.00918e-08 1.59674e-06 5.92744e-06 6.11412e-05 0.000474617 0.00360147 0.995855 
3.16446e-12 1.68157e-10 2.70734e-09 1.22529e-07 2.09552e-05 2.35949e-05 0.00033809 0.0011665 0.00453064 0.99392 
3.36361e-05 0.00192896 0.0182768 0.80611 0.114462 0.0390709 0.0149741 0.00436903 0.000556164 0.000218828 
6.95213e-22 7.07654e-19 5.50193e-16 9.97152e-14 1.05592e-11 3.93791e-09 3.11933e-07 6.96971e-05 0.000486925 0.999443 
7.49984e-12 2.09808e-09 3.82125e-07 2.82149e-06 5.96018e-05 0.000518804 0.00354581 0.0150538 0.879662 0.101157 
7.14338e-09 4.83826e-07 2.76872e-05 0.000249183 0.00337342 0.0204831 0.905694 0.0388878 0.022119 0.00916569 
5.80245e-05 0.000738041 0.00630694 0.0309987 0.871978 0.0656552 0.0189243 0.00368148 0.00127974 0.000379189 
9.01364e-13 4.66579e-11 7.63391e-10 3.29848e-08 6.06202e-06 3.4252e-05 0.000171592 0.00136291 0.0570952 0.94133 
2.84727e-05 0.00102173 0.00653824 0.0364285 0.877299 0.0594052 0.015751 0.00310794 0.00012975 0.000290497 
1.93344e-17 8.3827e-15 2.39974e-12 5.68771e-10 4.51288e-08 9.64146e-06 8.61682e-05 0.000927745 0.00649936 0.992477 
3.87017e-12 1.26704e-09 1.71262e-07 7.9193e-06 3.80819e-05 0.000324347 0.00263739 0.012124 0.0300761 0.954792 
9.18141e-15 2.66212e-12 6.03925e-11 1.11743e-08 1.30988e-07 6.99703e-06 0.000101102 0.0021881 0.00977784 0.987926 
0.000216266 0.00337701 0.0244122 0.0370101 0.880277 0.0422435 0.0102413 0.00200095 4.19915e-05 0.00017998 
1.55245e-05 0.000937402 0.00813563 0.0386424 0.853017 0.0758164 0.0190195 0.00338445 0.000430823 0.000601161 
1.8495e-11 1.01179e-09 2.27365e-08 8.54629e-07 0.000140829 0.000236431 0.00233303 0.283637 0.0264124 0.68724 
7.55989e-12 3.9394e-10 6.19333e-09 2.45144e-07 5.01063e-05 5.20796e-05 0.00117983 0.111285 0.868379 0.0190542 
0.000140079 0.00809196 0.717371 0.120105 0.123496 0.0213231 0.00726998 0.00174628 0.000185145 0.000271034 
2.09538e-11 3.63432e-09 2.37386e-07 1.7841e-06 4.37943e-05 0.000390391 0.00211114 0.00815695 0.0163016 0.972994 
1.67762e-06 0.000311862 0.000329339 0.00636208 0.0260383 0.756196 0.109213 0.094485 0.00616241 0.000899972 
1.16988e-11 8.62134e-10 1.16419e-08 5.52181e-07 8.40456e-05 0.000510714 0.165497 0.0153856 0.800699 0.0178233 
3.31443e-05 0.00114538 0.00811241 0.0223191 0.0658194 0.873136 0.0242114 0.00389349 0.000648236 0.000681283 
6.18026e-11 7.55043e-09 2.51354e-07 1.07136e-05 9.05213e-05 0.00113016 0.00441241 0.0140425 0.948714 0.0315996 
9.01694e-27 9.49903e-24 4.0197e-20 8.87935e-18 1.77234e-14 2.40982e-12 2.94284e-06 2.60233e-05 0.000544878 0.999426 
1.06643e-11 5.53318e-10 8.59184e-09 3.22965e-07 7.07644e-05 6.98722e-05 0.00041952 0.00293353 0.0128974 0.983609 
3.75904e-12 1.00357e-09 1.79243e-07 1.42303e-06 1.907e-05 0.000377351 0.00331007 0.0156276 0.0367237 0.943941 
1.98682e-11 3.59941e-09 1.37142e-08 3.59743e-07 9.23456e-06 0.00014614 0.00100895 0.00742861 0.0211004 0.970306 
2.6332e-11 3.43621e-09 5.06791e-08 1.03963e-06 8.50895e-06 0.00015246 0.00060449 0.00272278 0.00903172 0.987479 
2.33702e-07 4.16291e-05 0.000198125 0.000425726 0.00275137 0.0240976 0.255191 0.651503 0.0646269 0.00116406 
1.52175e-11 7.83467e-10 1.22628e-08 4.49298e-07 0.000100566 0.000125743 0.000998625 0.00632687 0.0238244 0.968623 
8.03082e-17 1.45276e-14 2.25274e-13 2.17779e-11 5.64144e-10 1.57421e-08 7.02264e-07 4.79781e-06 0.000293124 0.999701 
1.63837e-11 8.56258e-10 1.35377e-08 5.43836e-07 0.000108296 7.44765e-05 0.00132265 0.00731272 0.0283681 0.962813 
3.27718e-07 5.35025e-05 0.000574521 0.00253695 0.00950558 0.0261914 0.0438271 0.906372 0.0101316 0.000807492 
7.12811e-22 6.81104e-19 7.73588e-16 1.39149e-13 1.78296e-11 6.14655e-09 1.97242e-05 0.000249855 0.00192203 0.997808 
5.04486e-12 1.73783e-09 3.30362e-07 2.55086e-06 4.98226e-05 0.00127118 0.00972727 0.933386 0.037186 0.0183767 
1.34251e-11 6.87e-10 1.06808e-08 3.74556e-07 8.89283e-05 8.73312e-05 0.000620855 0.0043966 0.0183578 0.976448 
9.54428e-06 0.000519757 0.00283623 0.0275846 0.877479 0.0583321 0.022041 0.00814212 0.00284526 0.000210258 
9.13177e-12 1.46525e-09 1.78785e-07 6.59801e-06 0.000148077 0.00332754 0.469699 0.0276336 0.486047 0.0131377 
4.39097e-19 9.68795e-17 6.93792e-15 1.52869e-12 1.01251e-10 2.08945e-08 1.8038e-06 0.000133566 0.00154572 0.998319 
2.23583e-10 3.89595e-08 1.49563e-06 0.000141578 0.0301548 0.0336212 0.00572938 0.261013 0.278511 0.390827 
2.26251e-10 1.50299e-08 1.10114e-06 3.37928e-05 0.000746597 0.00610484 0.921735 0.0373597 0.0260676 0.0079518 
8.78142e-12 1.76088e-09 3.00605e-07 8.19066e-07 2.01141e-05 0.000452363 0.00201163 0.00635346 0.0153155 0.975846 
7.24293e-17 1.33723e-14 1.45917e-12 4.02637e-10 1.62777e-08 2.29756e-06 3.32271e-05 0.000447021 0.00404923 0.995468 
6.51606e-12 3.32157e-10 5.15679e-09 1.75982e-07 4.31237e-05 3.71929e-05 0.000432165 0.00318729 0.965033 0.0312674 
2.06137e-08 3.96648e-06 7.93924e-07 3.34346e-05 0.000425936 0.00192876 0.0066874 0.0191539 0.944523 0.0272425 
2.45817e-11 1.7734e-09 6.76021e-08 6.75137e-06 0.000202997 0.00186235 0.00899297 0.910058 0.0518101 0.0270668 
4.60937e-12 2.53445e-10 4.54557e-09 2.59125e-07 3.29402e-05 0.000298094 0.00349298 0.685287 0.299891 0.0109981 
2.34568e-10 1.53617e-08 8.59542e-07 2.47108e-05 0.000435748 0.00237567 0.297294 0.657362 0.0306434 0.0118637 
1.3378e-11 9.811e-10 3.61898e-08 4.59566e-06 9.28185e-05 8.22531e-05 0.00301239 0.928652 0.0434782 0.0246779 
9.23652e-12 5.03964e-10 9.00431e-09 3.69558e-07 5.99721e-05 8.51436e-05 0.000729959 0.00282728 0.0109393 0.985358 
2.74047e-09 4.69291e-07 1.40558e-06 4.10755e-05 0.000845371 0.00893025 0.912558 0.0439729 0.026203 0.00744754 
1.45703e-06 0.000279752 0.000251919 0.00112415 0.00564836 0.0101198 0.0197058 0.0347218 0.0411446 0.887002 
1.61302e-16 4.89651e-14 2.71011e-12 5.59176e-10 3.06178e-08 6.13354e-06 2.94577e-05 0.000343368 0.00315883 0.996462 
2.30948e-06 0.000442586 0.000413864 0.00127119 0.00662113 0.020573 0.0356976 0.0312648 0.899117 0.00459616 
1.01392e-08 8.48354e-07 5.27609e-05 0.000186567 0.00482694 0.617474 0.339456 0.0226567 0.0117266 0.00362017 
4.10699e-08 3.10365e-06 0.000188792 0.000511536 0.00434524 0.0203036 0.0383242 0.911365 0.0198816 0.00507656 
8.22974e-12 4.173e-10 6.47808e-09 2.13662e-07 5.43854e-05 4.3818e-05 0.000286069 0.00182541 0.00813144 0.989659 
8.25799e-07 0.000156248 0.000214322 0.000634004 0.00320988 0.0072728 0.931887 0.0317769 0.0204797 0.00436783 
3.45968e-11 4.22236e-09 1.20151e-07 8.26146e-06 5.4665e-05 0.00073823 0.00570617 0.744706 0.233939 0.0148472 
8.99073e-05 0.00317049 0.159838 0.723582 0.0724314 0.0295945 0.00826879 0.0025421 0.00037133 0.000111266 
3.61561e-17 8.70401e-15 1.12379e-12 2.62632e-10 1.8306e-08 3.81891e-06 0.000139086 0.00291674 0.498764 0.498177 
6.59786e-08 6.2094e-06 0.000354323 0.000586145 0.00789135 0.032269 0.911616 0.0358315 0.00996869 0.00147664 
4.09586e-17 1.04103e-14 1.8772e-12 4.72015e-10 3.02628e-08 5.93872e-06 5.04134e-05 0.000486201 0.00324847 0.996209 
3.63905e-11 4.39341e-09 4.93836e-07 1.37822e-05 0.000180088 0.000863536 0.0058354 0.0270471 0.936343 0.0297168 
1.80964e-23 1.72262e-20 1.92419e-17 3.57945e-15 8.00276e-13 5.96324e-11 3.41112e-05 0.000180892 0.00218584 0.997599 
1.30004e-11 6.58637e-10 1.02175e-08 3.33534e-07 8.56671e-05 1.9662e-05 0.00041096 0.00226486 0.0105361 0.986682 
4.57783e-08 3.66374e-06 0.0003039 0.00306002 0.392734 0.409201 0.161067 0.0243355 0.00826084 0.00103473 
1.22732e-06 0.00016565 0.000468181 0.10357 0.141501 0.606983 0.130067 0.0110329 0.00419105 0.00202008 
4.21964e-14 1.30475e-11 2.86428e-10 5.18614e-08 4.72891e-07 2.35397e-05 0.000189608 0.00183255 0.00790016 0.990054 
1.07564e-06 0.000208 0.000132983 0.000258605 0.00387476 0.0201096 0.916979 0.0360668 0.0173955 0.00497373 
3.44752e-11 2.60521e-09 1.54144e-07 8.02021e-06 0.000132892 0.000409888 0.0045803 0.0217779 0.944547 0.0285443 
3.17361e-12 1.63862e-10 2.54748e-09 9.30293e-08 2.10086e-05 9.50343e-06 0.000278513 0.00244083 0.982177 0.0150727 
1.07839e-11 5.44957e-10 8.36716e-09 2.60744e-07 7.15023e-05 8.98339e-05 0.00182015 0.012036 0.959744 0.0262383 
7.64725e-12 1.84331e-09 2.23532e-07 1.16374e-05 7.44222e-05 0.000723804 0.00613868 0.0251571 0.942588 0.0253063 
1.88243e-17 7.97196e-15 2.24136e-12 5.30908e-10 4.19638e-08 8.98666e-06 2.57306e-05 0.000511439 0.00301722 0.996437 
6.48177e-10 6.43495e-08 2.8693e-07 2.97802e-05 0.000483262 0.00332823 0.0127117 0.0377829 0.927489 0.0181753 
1.57816e-16 2.5055e-14 2.92547e-12 5.67046e-10 3.87757e-08 7.78054e-06 6.51022e-05 0.000781472 0.0054704 0.993675 
7.50916e-14 1.93438e-11 4.84913e-10 7.39699e-08 8.2149e-07 5.9415e-05 0.0010826 0.94754 0.0270655 0.0242511 
1.9777e-11 1.3775e-09 5.22997e-08 4.62917e-06 0.000163885 0.000616663 0.00355421 0.0135906 0.0273582 0.954712 
6.656e-08 5.27456e-06 0.000359991 0.000477674 0.00629675 0.0303652 0.906747 0.0368386 0.0138259 0.00508348 
1.26768e-11 1.40929e-09 1.40696e-07 5.20582e-06 9.72918e-05 0.000227712 0.00195645 0.00905974 0.968677 0.0199766 
1.38676e-09 5.07378e-08 2.33157e-06 0.000264693 0.00286586 0.0157157 0.917308 0.0368949 0.0205929 0.00635589 
3.28661e-12 1.40501e-09 3.02727e-07 2.29882e-07 3.50041e-06 8.08017e-05 0.00275121 0.015788 0.958746 0.0226298 
0.000375702 0.00965899 0.819986 0.0670343 0.0518217 0.0345838 0.0136797 0.00257783 8.99361e-05 0.000191511 
1.51458e-11 8.77896e-10 2.94645e-08 7.65672e-07 0.000106484 0.000203225 0.00404765 0.0181226 0.95102 0.0264992 
1.15409e-05 0.000530754 0.00418512 0.577688 0.216792 0.191656 0.00752677 0.00125498 0.000121247 0.000233411 
1.66276e-11 8.3952e-10 1.29271e-08 4.04272e-07 0.000109862 6.0071e-05 0.000551238 0.0041398 0.967961 0.0271775 
2.08141e-06 0.000393687 0.000519094 0.0028614 0.0138103 0.0346554 0.913858 0.0249058 0.00803974 0.000954133 
4.23924e-07 7.94847e-05 0.000173893 0.000296337 0.00176705 0.00444158 0.0326782 0.281547 0.676261 0.00275585 
8.46474e-12 4.28579e-10 6.63638e-09 2.15273e-07 5.57879e-05 1.53602e-05 0.000241658 0.00105744 0.00572509 0.992904 
4.46044e-13 8.33651e-11 6.04264e-09 6.38573e-07 1.78431e-05 0.000165084 0.00101687 0.00482723 0.489538 0.504434 
1.01256e-17 3.07152e-15 6.90818e-14 1.24725e-11 1.19168e-10 6.279e-09 2.06346e-06 3.20771e-05 0.0012931 0.998673 
2.78164e-15 8.73926e-13 2.98119e-11 6.05239e-09 2.4253e-07 4.64031e-05 0.000199346 0.00185979 0.0101751 0.987719 
3.10957e-07 6.03512e-05 2.85665e-06 2.46067e-05 0.00125462 0.187206 0.0153961 0.488001 0.29992 0.00813402 
1.63432e-06 0.000304784 0.000437877 0.00389719 0.0216147 0.885902 0.0513472 0.0258688 0.00927527 0.00135039 
5.89815e-17 6.11141e-14 1.001e-11 1.99436e-09 1.33153e-07 1.72423e-05 0.00207272 0.0125931 0.974192 0.0111253 
7.04197e-12 3.57203e-10 5.56752e-09 1.85481e-07 4.6455e-05 2.17664e-05 0.000429619 0.00352036 0.974094 0.0218879 
1.43121e-08 1.2073e-06 0.000165179 0.00044995 0.00254207 0.00434539 0.00911398 0.0185971 0.489964 0.474822 
5.34981e-12 2.78367e-10 4.43054e-09 1.8097e-07 3.55111e-05 5.78057e-05 0.00117571 0.0110455 0.955983 0.0317027 
8.18486e-11 9.4091e-09 1.04622e-06 2.2046e-05 0.000264655 0.00149075 0.00506726 0.0203032 0.941892 0.0309592 
2.52519e-10 1.71035e-08 7.17586e-07 1.82139e-05 0.000363655 0.00254609 0.00947057 0.928004 0.0421387 0.0174578 
1.30475e-11 6.76757e-10 1.10497e-08 4.04932e-07 8.57136e-05 7.0761e-05 0.000832139 0.00444946 0.0152878 0.979274 
3.13671e-10 2.36236e-08 1.25301e-06 3.64994e-05 0.000924489 0.00462908 0.0661046 0.129538 0.789487 0.00927837 
5.67233e-12 2.95411e-10 4.64092e-09 1.83166e-07 3.77126e-05 5.64266e-05 0.000524112 0.00366822 0.0152398 0.980474 
2.60435e-27 2.76937e-24 1.24728e-20 2.75292e-18 5.34382e-15 6.35978e-13 1.09427e-06 1.37606e-06 4.21419e-05 0.999955 
1.54391e-06 0.00029851 0.000236232 0.000914868 0.00185212 0.00604951 0.0163051 0.0362865 0.0459394 0.892116 
9.62938e-10 1.02972e-07 2.07361e-06 0.000182383 0.00234593 0.0147089 0.904499 0.0463194 0.0238101 0.00813238 
9.23672e-18 1.21053e-15 8.65585e-14 1.22584e-11 6.85728e-10 8.03082e-08 2.43383e-06 6.38075e-05 0.000721122 0.999213 
5.77298e-12 2.08812e-09 3.9377e-07 3.56853e-06 2.30495e-05 0.000771865 0.011571 0.918187 0.0497743 0.0196684 
2.7129e-11 2.01828e-09 1.29981e-07 2.1365e-06 0.000105169 0.0298267 0.0334719 0.887964 0.0407651 0.00786514 
4.18661e-09 3.18356e-07 2.58109e-05 0.000300514 0.0015534 0.0484472 0.408484 0.471844 0.0629632 0.00638203 
2.70903e-18 1.3705e-16 2.11494e-15 6.71414e-14 1.78693e-11 3.79151e-12 7.61782e-11 1.10177e-09 3.56754e-08 1 
2.47846e-08 1.87124e-06 0.000111649 0.000532737 0.00209651 0.00557065 0.06729 0.038863 0.881204 0.00432981 
2.63094e-16 8.37328e-14 2.17305e-11 5.29241e-09 3.08171e-07 5.7397e-05 0.000357911 0.00300014 0.0158283 0.980756 
2.69953e-12 1.37224e-10 2.15388e-09 7.5679e-08 1.7947e-05 4.31131e-05 0.000255189 0.00276679 0.0152904 0.981626 
9.22226e-11 6.3803e-09 2.5724e-07 1.50384e-05 0.000187312 0.000806521 0.00531004 0.0167791 0.0308106 0.946091 
4.29746e-06 0.000296589 0.00231852 0.0142651 0.0492312 0.899092 0.0266563 0.00615111 0.00182719 0.000157542 
1.17222e-11 6.24744e-10 1.16207e-08 4.44185e-07 7.56315e-05 9.15144e-05 0.000856743 0.00649178 0.0243237 0.96816 
1.32269e-11 1.71792e-09 2.67767e-07 3.60037e-07 7.22954e-05 2.15965e-05 0.000591135 0.00214327 0.0095632 0.987608 
1.07664e-05 0.000497264 0.00440245 0.803353 0.0925808 0.0586014 0.0204757 0.0117282 0.00650201 0.00184862 
2.27652e-11 2.83988e-09 2.06509e-07 3.07756e-05 0.00122251 0.0081689 0.897347 0.0389394 0.0357482 0.0185433 
8.3827e-12 2.69871e-09 4.21783e-07 1.17823e-05 6.32824e-05 0.000860307 0.0063297 0.0253899 0.0542934 0.913051 
1.16676e-14 3.52074e-12 8.16262e-11 1.50822e-08 1.9091e-07 1.60052e-05 0.000118179 0.00100557 0.00400103 0.994859 
1.83382e-11 1.19243e-09 6.11802e-08 1.22258e-06 0.00011272 0.000233966 0.00298974 0.0162882 0.0423706 0.938003 
4.0743e-12 2.09678e-10 3.25783e-09 1.18331e-07 2.72132e-05 6.57401e-05 0.000432021 0.00405755 0.0191916 0.976226 
5.79029e-07 0.000100678 0.000621406 0.00172132 0.00633082 0.0197223 0.0397149 0.901278 0.0267864 0.00372363 
5.1059e-09 6.21441e-07 0.00012511 5.9982e-05 0.000274683 0.00126823 0.00616872 0.0208801 0.943151 0.0280718 
1.16048e-11 2.70482e-09 4.04702e-07 8.59983e-06 6.01711e-05 0.000513173 0.00335474 0.0129586 0.0280965 0.955008 
4.98666e-10 2.75932e-08 1.01321e-06 7.8492e-05 0.00123862 0.00639178 0.813735 0.130626 0.0347919 0.0131372 
1.91598e-11 9.90083e-10 1.54947e-08 5.74692e-07 0.000126702 0.000179642 0.00242165 0.0123596 0.953187 0.0317247 
1.94096e-07 1.208e-05 0.000925398 0.0126138 0.949826 0.0235571 0.00902609 0.00287319 0.00107663 8.90102e-05 
4.25916e-12 4.42525e-10 2.31299e-08 2.74088e-06 3.24158e-05 0.000553996 0.00532087 0.949928 0.0271724 0.016989 
5.95758e-12 2.36604e-09 4.43119e-07 7.40025e-06 0.000131845 0.00456112 0.885956 0.0437083 0.0428839 0.0227508 
8.65652e-13 4.83727e-11 8.09334e-10 4.66475e-08 5.9162e-06 3.70057e-05 0.000389368 0.00275354 0.965806 0.0310081 
8.53814e-08 1.57479e-05 0.000159835 8.76137e-05 0.001084 0.00856646 0.902698 0.0504743 0.0304223 0.00649203 
6.30921e-11 7.36076e-09 3.48155e-07 1.43967e-05 0.000209531 0.0013703 0.00473375 0.0187211 0.95057 0.0243806 
1.20623e-05 0.00061377 0.00381553 0.0122825 0.528767 0.259829 0.191048 0.00303993 0.000215884 0.000376671 
2.39623e-10 1.59374e-08 7.32712e-07 2.9639e-05 0.000492331 0.00572391 0.469036 0.490984 0.0266224 0.00711098 
9.13669e-11 8.07171e-09 2.04678e-07 2.1836e-05 0.000175414 0.00146233 0.00808694 0.0281884 0.0504207 0.911644 
9.36675e-06 0.000496643 0.00315728 0.0136827 0.721256 0.219303 0.0313892 0.00750362 0.00259179 0.000609767 
4.87593e-08 3.9845e-06 0.000367687 0.000791627 0.00345589 0.00823095 0.727021 0.121913 0.134273 0.00394341 
7.15286e-14 7.03611e-12 2.1881e-10 3.02913e-08 4.7884e-07 2.89542e-05 0.000126106 0.000968489 0.00811436 0.990762 
2.30916e-07 4.34787e-05 7.54421e-05 0.000404755 0.00325105 0.454465 0.479469 0.0371885 0.0212873 0.00381562 
1.48113e-12 1.60354e-10 6.35573e-09 9.36612e-07 9.84953e-06 0.000116054 0.000877254 0.00711502 0.962728 0.0291531 
5.93941e-12 3.04054e-10 4.7593e-09 1.70423e-07 3.92296e-05 3.39016e-05 0.000318996 0.00217841 0.0136087 0.983821 
1.40188e-31 3.33568e-28 7.68726e-24 3.2278e-21 5.21213e-17 1.63883e-13 1.03439e-08 2.96047e-05 0.000686605 0.999284 
1.29073e-11 1.03619e-09 4.33127e-08 5.22989e-06 9.88914e-05 0.000425281 0.00434963 0.179468 0.796069 0.019584 
3.72933e-14 1.3739e-11 1.05399e-09 1.55543e-07 1.14378e-06 1.29285e-05 0.000135957 0.000717548 0.00422088 0.994911 
6.12841e-09 5.71902e-07 0.000100778 0.000183203 0.00178335 0.0108945 0.0291927 0.922616 0.0282269 0.00700181 
1.77678e-06 0.000344394 0.000265518 0.000271107 0.00203682 0.00657333 0.0211325 0.931886 0.0310552 0.00643318 
4.62017e-06 0.000627125 0.00342974 0.00627606 0.0237876 0.0456753 0.0410429 0.873973 0.00470469 0.000478856 
1.22218e-15 1.20391e-13 5.5561e-12 5.72857e-10 1.14018e-08 1.65995e-07 1.047e-05 0.000132057 0.00262625 0.997231 
1.44388e-13 1.91399e-11 4.05114e-10 6.20383e-08 1.36887e-06 6.80042e-05 0.00176596 0.0203741 0.962237 0.0155539 
8.24243e-12 6.26517e-10 5.58994e-08 2.6809e-07 5.13898e-05 3.15925e-05 0.000469478 0.00121496 0.00482875 0.993404 
4.14776e-19 2.12767e-16 6.71324e-14 1.59255e-11 1.27225e-09 2.71828e-07 4.82034e-07 1.92705e-05 0.000318523 0.999661 
6.58301e-11 6.75809e-09 3.21697e-07 2.95389e-05 0.000359536 0.0038799 0.315182 0.333724 0.331178 0.0156471 
4.32808e-14 1.35681e-11 3.1135e-10 5.7773e-08 7.38709e-07 7.59178e-05 0.000507001 0.946799 0.0262197 0.0263975 
5.40555e-14 3.333e-12 7.10384e-11 6.53383e-09 4.1021e-07 1.06e-05 0.00017212 0.00111591 0.00837599 0.990325 
2.3512e-06 0.000448797 0.000388864 0.00318227 0.0167166 0.0402902 0.89883 0.0269862 0.0115091 0.00164559 
2.19147e-11 1.92989e-09 1.16448e-07 9.0225e-06 0.000178207 0.000406996 0.00372877 0.0142811 0.953355 0.0280407 
