2558
1.64852e-10 4.48439e-08 9.98423e-09 1.35334e-06 2.41473e-07 1.35691e-06 3.89104e-07 5.59615e-07 2.51821e-06 7.85697e-07 2.56036e-06 9.29493e-06 5.50484e-06 2.96285e-05 2.69517e-05 1.74245e-05 2.85226e-05 1.52098e-05 8.98085e-06 1.44111e-05 7.60833e-06 6.27341e-06 1.01236e-05 2.98214e-05 0.99978 
1.3378e-05 0.000596095 0.000427015 0.00153244 0.00645263 0.0128795 0.0151252 0.0140663 0.0207364 0.0206083 0.640162 0.020851 0.0155498 0.0112487 0.0154807 0.00935168 0.0136751 0.0135888 0.0140408 0.0214578 0.0444521 0.0409906 0.0165227 0.0232415 0.00694938 
1.24599e-37 3.44535e-36 2.36795e-31 5.27411e-25 2.10374e-21 1.28886e-24 3.3163e-21 4.2512e-18 8.79471e-17 1.19658e-12 2.56081e-11 2.66319e-10 3.46714e-09 2.3854e-09 7.68899e-09 2.36378e-08 2.62274e-08 1.00439e-07 6.87e-08 1.27988e-07 7.93747e-05 0.00106003 0.98984 0.00812171 0.000898287 
1.17145e-06 0.000425018 6.95528e-06 9.20286e-07 1.77723e-06 7.22508e-05 0.00046675 0.00162141 0.00428135 0.00330489 0.00913639 0.00395435 0.00320277 0.00494142 0.882641 0.0170763 0.00931698 0.0152475 0.00367287 0.00663069 0.00332786 0.00620239 0.00658951 0.0167611 0.00111615 
8.37337e-08 1.06959e-05 1.81656e-06 2.1732e-06 9.07843e-06 5.26355e-05 0.000325672 0.000552677 0.00249053 0.00179744 0.0029673 0.0018476 0.00113349 0.00165888 0.00176476 0.00129825 0.00141551 0.00132115 0.00280668 0.96153 0.00521994 0.00722626 0.00279604 0.00140393 0.000367791 
0 0 0 0 0 0 0 0 0 0 0 0 0 0 0 0 0 0 0 0 0 1.51832e-05 5.94265e-05 0.999058 0.000867134 
0 0 0 0 0 0 0 0 0 0 0 0 0 0 0 0 0 0 0 0 0 2.1762e-05 8.00091e-05 0.00015142 0.999747 
9.07386e-05 0.00205962 0.0122923 0.0329905 0.0408 0.0379129 0.0441428 0.043065 0.0470876 0.0411098 0.0440746 0.0475997 0.224913 0.112756 0.0413227 0.103694 0.0145839 0.0184651 0.0132882 0.0137099 0.0130643 0.01719 0.0092174 0.0183262 0.00624341 
2.5845e-08 9.3709e-06 3.0737e-06 6.75668e-05 0.000135471 0.000258827 0.000364377 0.000597341 0.00257222 0.00174505 0.00303624 0.00169689 0.00116521 0.00161012 0.00151524 0.00164258 0.0016455 0.0035415 0.00607263 0.00681771 0.0111115 0.0207676 0.0114875 0.910618 0.0115182 
4.20339e-05 0.00258748 0.00959536 0.0286388 0.0520425 0.0553534 0.273376 0.0482391 0.127921 0.0384181 0.0434228 0.0397522 0.0294573 0.0337593 0.0519458 0.0196896 0.0178362 0.0175204 0.0199318 0.0156296 0.0247732 0.0150964 0.00959596 0.0194544 0.00592108 
1.67886e-06 0.000504939 1.65884e-05 3.79836e-05 0.000582787 0.0018825 0.00429127 0.00568594 0.0132817 0.00910539 0.0142311 0.0152235 0.857099 0.00979847 0.00951825 0.00797516 0.00710894 0.00636566 0.00375594 0.00920726 0.00401954 0.00681389 0.00505563 0.0066382 0.00179832 
1.05813e-05 0.000593949 0.000349932 0.0011971 0.00630231 0.0130857 0.0141305 0.0137874 0.0185815 0.0155811 0.0225145 0.016788 0.0179579 0.647794 0.0158255 0.00976898 0.011744 0.0168387 0.0169713 0.0244967 0.0409336 0.0444911 0.0157756 0.00934611 0.00513355 
1.34121e-07 1.00255e-05 3.31744e-06 5.987e-06 5.92044e-05 0.000369045 0.00139095 0.00128338 0.00291058 0.00196224 0.00330654 0.00234559 0.0019952 0.00242404 0.00255424 0.00194937 0.00361626 0.935215 0.0171569 0.0032189 0.00313935 0.00472865 0.00401186 0.00476668 0.00157637 
1.64667e-05 0.00210016 0.00567173 0.0134471 0.0577911 0.103706 0.149573 0.0290826 0.0282508 0.300849 0.0629539 0.0242697 0.0189389 0.0183116 0.0685178 0.0443487 0.00749203 0.0109029 0.00958907 0.0101817 0.00749783 0.00933841 0.00538141 0.00835692 0.00343072 
3.1452e-08 1.14109e-05 1.86824e-07 6.55781e-08 6.18285e-07 5.5376e-06 0.000199694 5.17714e-05 0.00073944 0.00066767 0.00266334 0.00109845 0.00097747 0.00114148 0.00118124 0.00101003 0.00133149 0.000954743 0.00193006 0.00186173 0.963184 0.0119794 0.00442428 0.00277268 0.00181293 
1.44348e-05 0.00223949 0.00403055 0.00667567 0.0183983 0.0225819 0.201819 0.0309373 0.486266 0.0264577 0.0283331 0.020865 0.0181128 0.0177062 0.0183157 0.0146221 0.00916574 0.00973414 0.0115891 0.012268 0.010511 0.00980566 0.00617016 0.00917936 0.00420097 
1.49297e-06 0.000517233 1.05931e-05 6.68926e-06 3.60423e-05 0.000251885 0.0015321 0.00322873 0.00889755 0.0058782 0.014053 0.891708 0.0126509 0.00607885 0.00741565 0.00549275 0.00509363 0.0022379 0.00256836 0.00862738 0.00317577 0.00585987 0.00445983 0.00715974 0.00305822 
2.82427e-07 1.17915e-05 2.87598e-05 0.000153128 0.000249896 0.000632471 0.00052265 0.000370565 0.000314088 0.000475592 0.000425549 0.000526502 0.000664003 0.00021694 0.000528595 0.00053585 0.000985471 0.000395932 0.00178097 0.00159858 0.00189963 0.00170575 0.974446 0.00840715 0.00312434 
3.71585e-08 1.33537e-05 2.4347e-07 3.9382e-07 4.03324e-06 1.74926e-05 0.000175993 7.24354e-05 0.000656855 0.000549791 0.00227264 0.000970621 0.00102672 0.00111835 0.00138334 0.00113975 0.00131629 0.00134563 0.00264381 0.970928 0.00496814 0.00566805 0.00206655 0.00140584 0.000255946 
8.11624e-06 0.000803238 0.00175849 0.00487904 0.0171094 0.279979 0.0240889 0.0217732 0.02354 0.0181607 0.0246987 0.140499 0.0190664 0.0157437 0.0168295 0.0104569 0.0133203 0.0130732 0.139517 0.0172552 0.155987 0.0194297 0.00857756 0.00903816 0.00440764 
2.60831e-30 3.86639e-20 7.357e-16 1.33537e-11 5.32294e-08 3.89212e-09 3.10136e-06 2.38295e-06 3.73246e-06 2.58755e-05 8.71908e-06 5.76852e-06 5.31528e-05 1.114e-05 0.00010762 4.00125e-05 3.97039e-05 0.0001669 7.6243e-05 3.12018e-05 2.54789e-05 0.000118745 0.000205276 0.00149937 0.997576 
1.55904e-06 0.000509859 1.28319e-05 1.34918e-05 7.46096e-05 0.000396956 0.00168596 0.003667 0.00934981 0.00723116 0.0116646 0.00614176 0.0105622 0.887816 0.0102202 0.00606696 0.00607122 0.00522346 0.00298958 0.00845298 0.0040345 0.0067025 0.00422653 0.00525538 0.00162923 
5.40239e-05 0.00440697 0.0150184 0.0424979 0.0438491 0.0358745 0.0474675 0.0384063 0.0470477 0.0503948 0.0555378 0.057846 0.320148 0.0326684 0.0408614 0.0281216 0.0214842 0.0197235 0.019215 0.0129848 0.0144024 0.0175719 0.0106088 0.0178031 0.00600607 
2.39561e-16 7.7457e-15 2.41213e-14 4.54314e-14 5.67139e-13 1.50066e-13 1.06713e-12 1.25888e-09 2.87081e-08 1.24627e-07 1.4922e-05 5.68736e-05 1.52713e-05 7.90247e-05 5.0224e-05 0.000240905 0.000584058 0.000669771 0.000662552 0.000417101 0.00213767 0.969224 0.0128032 0.00982419 0.0032201 
6.15069e-12 2.18039e-09 5.12053e-11 1.67785e-10 2.84603e-08 1.45178e-08 1.18283e-05 6.84195e-05 0.000272393 9.39864e-05 0.000177024 0.000630835 0.000698994 0.000274406 0.000373428 0.000705218 0.929599 0.0332064 0.0145414 0.00445721 0.00101316 0.000648399 0.00325355 0.00641831 0.00355647 
1.19743e-06 0.000433866 7.18154e-06 5.18785e-05 0.000984628 0.00242933 0.00285777 0.00358794 0.00662387 0.00437414 0.00947606 0.00481677 0.00376368 0.00774931 0.44773 0.452055 0.00826955 0.00967215 0.00345615 0.00597438 0.0043576 0.00668434 0.00408196 0.00922571 0.00133598 
4.23917e-08 1.53891e-05 3.90924e-07 4.82724e-07 7.12397e-06 4.74099e-05 0.000336758 0.000565902 0.00248502 0.00164885 0.00299387 0.00176424 0.00110986 0.00156921 0.00138676 0.00125032 0.00145257 0.000860279 0.00183269 0.00186086 0.00328322 0.949154 0.0124864 0.00958244 0.00430624 
1.33687e-06 0.000485023 8.13972e-06 5.68629e-06 4.34978e-05 0.000264024 0.00123628 0.00322264 0.00842949 0.00574075 0.0111318 0.0056893 0.00895976 0.89061 0.0103707 0.00641592 0.00563639 0.00521143 0.00334746 0.00835392 0.00456236 0.0070486 0.00538329 0.00606405 0.00177805 
0 0 0 0 0 0 0 0 0 0 0 0 0 0 0 0 0 0 0 0 6.46026e-11 1.00134e-05 0.000221578 0.996605 0.00316308 
3.36551e-08 1.22105e-05 2.08095e-07 2.97974e-06 6.18771e-05 0.000209902 0.000365354 0.000148598 0.0015017 0.000986582 0.00282012 0.0013621 0.00124525 0.00128448 0.00120219 0.00112289 0.00149389 0.000781456 0.00172162 0.00182301 0.00298087 0.955044 0.0131018 0.00892699 0.00179951 
7.10998e-05 0.00219959 0.0320554 0.0506759 0.0683678 0.100244 0.11132 0.148227 0.0411885 0.0358214 0.0616105 0.0543373 0.0902877 0.0265531 0.0336227 0.019123 0.0107417 0.015916 0.0118181 0.0324015 0.0118209 0.0133109 0.00849704 0.0136592 0.0061294 
1.49837e-06 6.44022e-05 0.000123772 0.000408966 0.00217306 0.00543627 0.00679703 0.0052937 0.00499491 0.00716689 0.00745176 0.0067911 0.00381183 0.00406469 0.00424587 0.00220983 0.00622522 0.00967383 0.00914641 0.017385 0.0395268 0.838705 0.00882767 0.00489467 0.00457962 
1.85138e-07 6.71704e-05 1.09916e-06 1.34491e-07 4.90739e-08 2.30693e-06 2.2831e-06 8.04449e-05 0.000105848 3.70859e-05 0.000181106 0.000796329 0.000720593 0.000388693 0.000252532 0.000932848 0.000926109 0.000784768 0.00144287 0.00108144 0.00141593 0.00826582 0.969806 0.00896016 0.00374867 
2.01919e-15 4.92041e-14 2.07922e-13 3.89814e-13 2.75924e-12 1.22773e-12 3.55837e-11 8.25714e-09 1.13267e-07 6.84673e-07 3.50823e-05 0.000220809 0.0001287 0.000115293 7.13328e-05 0.00029352 0.000628831 0.000779677 0.000704764 0.968778 0.0123208 0.00854297 0.00330886 0.00210232 0.0019683 
1.08839e-05 0.00117407 0.00216858 0.00842843 0.0270209 0.0322364 0.04537 0.509882 0.0458318 0.036882 0.0399302 0.0350231 0.0269529 0.0244969 0.0259275 0.0182748 0.0110316 0.0142075 0.0219689 0.0151297 0.0166843 0.0147448 0.00669551 0.0139987 0.00592863 
9.75329e-08 3.53854e-05 5.7927e-07 7.12359e-08 2.33957e-07 3.22918e-06 9.18644e-05 0.000594484 0.00272708 0.00175265 0.00262961 0.00278648 0.00217883 0.00255425 0.00596673 0.92544 0.00821575 0.0143003 0.00275576 0.00533261 0.00151108 0.00273821 0.00545646 0.0116969 0.001231 
5.12224e-07 2.94448e-05 7.25196e-05 0.000468615 0.000750333 0.00121576 0.00194699 0.0023983 0.00418454 0.00343748 0.00438014 0.00343484 0.00254874 0.00312006 0.00274539 0.00190041 0.00166594 0.00169059 0.00303346 0.00253959 0.92095 0.0249264 0.00520862 0.0044544 0.0028973 
4.76653e-07 2.33835e-05 2.93641e-05 9.7088e-05 0.000505315 0.00276584 0.00332015 0.00263441 0.00384535 0.00349825 0.00590903 0.00455099 0.00273445 0.00337114 0.00360147 0.00185621 0.0029268 0.00613851 0.00741728 0.013729 0.882285 0.0367121 0.00680927 0.00400296 0.00123611 
3.00225e-08 1.09005e-05 3.02156e-07 2.84805e-07 3.09319e-06 1.75539e-05 0.00027776 0.00040415 0.00206939 0.00138257 0.00282175 0.00162995 0.000998034 0.00122722 0.00124891 0.0011204 0.00143384 0.000754812 0.00171757 0.00187807 0.00300156 0.962037 0.0104742 0.00304894 0.00244217 
7.52785e-06 0.000797596 0.00221346 0.00972155 0.0211629 0.0277111 0.0429667 0.0440252 0.0415055 0.037239 0.0431842 0.0340169 0.0317782 0.484924 0.0301684 0.0204613 0.0109898 0.0159611 0.0236908 0.0167206 0.0164952 0.0175972 0.00947677 0.0131898 0.00399501 
1.17957e-05 0.00141461 0.00305071 0.00606005 0.543158 0.0749397 0.028106 0.0317844 0.0317302 0.0241733 0.0251078 0.0212833 0.0206024 0.0263264 0.0285248 0.0139149 0.0163558 0.0116221 0.0131649 0.0115436 0.0251145 0.0115108 0.0116143 0.0115846 0.00730089 
1.05881e-05 0.00204331 0.00488479 0.012418 0.0236321 0.0334448 0.041839 0.0389183 0.03999 0.031841 0.0437001 0.514901 0.0276613 0.024198 0.0232425 0.0195583 0.0117685 0.0123757 0.0166322 0.0178085 0.0153238 0.0158414 0.00783386 0.0145862 0.00554693 
9.8691e-05 0.00191813 0.0130317 0.0331754 0.0458701 0.0458094 0.0542977 0.0545012 0.054561 0.332698 0.0535652 0.0490474 0.036768 0.0303013 0.0422877 0.0196891 0.0146207 0.0156975 0.0140771 0.0173505 0.0138419 0.0184338 0.0107906 0.0195102 0.00805738 
7.87449e-07 0.0002857 4.76262e-06 2.34735e-06 3.76438e-05 0.000212256 0.000573431 0.00140933 0.00563947 0.00402481 0.00798394 0.00412687 0.00325174 0.00381273 0.00566642 0.00550341 0.0101292 0.890676 0.0186242 0.00842497 0.00468777 0.00625196 0.00874358 0.00740459 0.0025223 
1.05733e-11 3.83449e-09 6.32637e-11 1.85705e-10 1.28078e-09 3.70455e-09 2.19383e-07 6.12528e-08 1.9816e-06 3.36057e-06 3.83468e-05 0.00046419 0.000359233 0.000119397 0.000120233 0.000377993 0.000644193 0.00128839 0.00117904 0.00134002 0.974888 0.0122769 0.00390086 0.00211041 0.000887117 
0.00121808 0.117308 0.0772028 0.0577024 0.0248716 0.0383634 0.168904 0.0536032 0.0358089 0.0465244 0.0937358 0.033365 0.0246454 0.0201906 0.0410008 0.0170973 0.0128427 0.0436201 0.0294832 0.0118728 0.0122474 0.0139413 0.00714905 0.0107488 0.00655253 
6.77692e-06 0.000285101 0.000518921 0.00166625 0.00777567 0.0101021 0.0104726 0.0105807 0.0109656 0.0104034 0.0167954 0.01089 0.0110605 0.00814816 0.00971237 0.00480747 0.0110962 0.0169503 0.027788 0.724076 0.0352095 0.0403836 0.01154 0.0060457 0.00271938 
1.42391e-08 5.16596e-06 8.4593e-08 4.1066e-08 3.53969e-07 1.99942e-06 0.000126331 2.64658e-05 0.00025751 0.00043675 0.00198961 0.000700436 0.000861306 0.00121213 0.00659602 0.951438 0.00998191 0.00955552 0.00132513 0.000697578 0.00245217 0.00178493 0.00142443 0.00851573 0.000610753 
6.25211e-05 0.00381569 0.0141878 0.0189858 0.0325062 0.0345713 0.0439398 0.262261 0.0482056 0.0353412 0.259837 0.041021 0.0264587 0.0255225 0.0237756 0.0196662 0.0115997 0.0142058 0.0134704 0.0144997 0.0112376 0.0172402 0.00568256 0.014859 0.00704748 
7.24415e-07 0.000262824 4.30155e-06 5.79852e-07 1.03758e-06 1.91335e-05 0.000412445 0.000715945 0.00339636 0.00278286 0.0070046 0.00323962 0.00246194 0.00359925 0.00731962 0.913325 0.00799198 0.0136007 0.0037731 0.00536004 0.0035898 0.00539548 0.00492546 0.00940399 0.00141283 
1.43753e-06 0.000493422 1.04394e-05 3.43751e-05 0.000488928 0.00125218 0.00224038 0.00437506 0.0101231 0.00720976 0.0113511 0.00611788 0.00404673 0.00662193 0.0105876 0.0143122 0.0127822 0.0148406 0.00904549 0.010095 0.00616601 0.0096157 0.00715157 0.00932877 0.841708 
6.6532e-10 5.00609e-08 2.04039e-08 1.1686e-07 3.02944e-07 9.53087e-07 8.51067e-05 6.38151e-06 5.26688e-05 5.32634e-05 0.000136359 0.000445286 0.000233851 0.000211104 0.000150472 0.000298568 0.000275486 0.00079218 0.00196556 0.000921064 0.977797 0.00945765 0.00350727 0.0021512 0.00145794 
3.48335e-06 0.00040929 0.00213004 0.512951 0.0488819 0.0421429 0.0356457 0.0345526 0.0349734 0.0307962 0.036299 0.0317984 0.0243023 0.0259388 0.0280568 0.020678 0.00593337 0.0145893 0.0112839 0.0168922 0.0127824 0.00988126 0.00524299 0.00886904 0.00496545 
4.21569e-07 0.000146318 3.04096e-06 1.62765e-06 1.35565e-05 0.00010186 0.000400626 0.00237314 0.896001 0.0209003 0.0115489 0.00212349 0.00156862 0.0037024 0.00980447 0.00877832 0.00517356 0.00247015 0.00268332 0.0122684 0.00279798 0.00368973 0.00262221 0.00546918 0.00535722 
9.91236e-16 2.41547e-14 1.02071e-13 2.87147e-13 3.83083e-10 8.15882e-13 6.04613e-10 7.73823e-07 3.52526e-08 3.26989e-07 2.75882e-05 1.54931e-06 9.19467e-07 3.29807e-05 0.000229475 0.000833142 0.993037 0.00340402 0.000740501 4.83726e-05 0.000420572 0.00043534 0.000130922 0.000621697 3.48479e-05 
1.76961e-06 5.89752e-05 0.000119584 0.000383742 0.00154998 0.00443156 0.00672082 0.00422108 0.00475858 0.00687418 0.0075622 0.00592398 0.00347321 0.00394068 0.00449421 0.00370246 0.00725907 0.79655 0.0236679 0.0218295 0.030896 0.0416068 0.00766865 0.00827657 0.00402857 
3.22389e-05 0.00537537 0.0145973 0.0241746 0.107035 0.0389461 0.226767 0.0911019 0.0443165 0.0851351 0.041315 0.0408568 0.0266708 0.095107 0.0284621 0.023699 0.0116714 0.0164702 0.013998 0.0132316 0.0127478 0.0125368 0.00654208 0.0138897 0.00532042 
1.37189e-07 4.97731e-05 8.14764e-07 1.18995e-07 3.6426e-07 2.98734e-06 0.000114019 0.000567931 0.00242902 0.00229633 0.00535771 0.00275698 0.00221689 0.00281169 0.00566092 0.930415 0.00684783 0.0118623 0.00313812 0.00451159 0.00252448 0.00387807 0.0037794 0.0075534 0.00122409 
2.07716e-14 5.06168e-13 2.13891e-12 4.00044e-12 8.49535e-12 1.13581e-11 2.68896e-11 1.12386e-08 7.30486e-06 1.66879e-05 4.54916e-05 0.000114698 2.73281e-05 6.23407e-05 0.000105623 0.000901072 0.00116678 0.00336796 0.982925 0.00211346 0.00169723 0.000891913 0.00433832 0.00216408 5.50164e-05 
4.11871e-07 2.09567e-05 2.72912e-05 8.52365e-05 0.000523435 0.00229009 0.00320732 0.00274497 0.00381679 0.00325954 0.00523058 0.00410561 0.00262429 0.00313004 0.00350839 0.00237195 0.00450362 0.87793 0.0203504 0.0121713 0.0165878 0.0178032 0.0052704 0.00568055 0.00275588 
1.60141e-06 0.000531062 1.29186e-05 3.67866e-05 0.000342012 0.0010503 0.00299677 0.00544932 0.00946568 0.00745683 0.0138345 0.00692558 0.00571782 0.00763234 0.00949263 0.00785302 0.875583 0.0119819 0.00442823 0.00843443 0.00421442 0.00794471 0.00244777 0.00464986 0.00151651 
1.25933e-07 1.34169e-05 3.46554e-06 2.03251e-05 7.15859e-05 0.000252511 0.000489193 0.000834992 0.0026827 0.00196171 0.0031739 0.00195198 0.00115104 0.00161377 0.0019528 0.00153241 0.00144533 0.00162579 0.00241148 0.9354 0.0177793 0.0137972 0.00490114 0.00283065 0.00210282 
7.12437e-05 0.00360215 0.0111296 0.0245919 0.0414192 0.0396345 0.0479721 0.0428369 0.0439766 0.0383037 0.0435397 0.0385539 0.0264498 0.0275882 0.0335685 0.0197668 0.389192 0.0175263 0.0179446 0.0164029 0.02174 0.0182654 0.0141143 0.0166247 0.00518476 
1.43443e-13 3.49545e-12 1.47709e-11 3.26949e-11 1.98417e-08 1.01351e-09 8.60224e-06 5.14391e-05 0.000247333 0.000110084 0.000111482 0.000558934 0.000344459 0.000303648 0.000213274 0.000560135 0.000699901 0.000772449 0.000890573 0.00106813 0.00107092 0.973964 0.0149724 0.00307299 0.000979271 
1.38401e-06 0.000502148 8.45239e-06 5.68699e-06 4.22746e-05 0.000268247 0.00128366 0.00338524 0.00904699 0.00611747 0.0110833 0.0056444 0.00394227 0.00568933 0.0116379 0.876067 0.0102135 0.0138528 0.00367575 0.00832174 0.00392203 0.00766731 0.00551936 0.0104038 0.00169761 
2.48406e-08 9.01248e-06 1.47486e-07 1.87618e-08 1.43797e-08 2.5149e-06 9.02019e-07 1.30657e-05 6.72014e-05 9.89378e-05 0.0010037 0.0007777 0.000710148 0.000277443 0.000116434 0.000920913 0.000992973 0.00068657 0.00145438 0.00106684 0.00205745 0.966764 0.0143648 0.00685548 0.00175916 
3.0618e-06 0.000420228 0.00112415 0.00510921 0.0178678 0.0280637 0.572653 0.0436671 0.0317919 0.0265029 0.0306366 0.023154 0.0276494 0.0216866 0.0243519 0.0150295 0.0163585 0.0172985 0.0298907 0.014141 0.0208253 0.0129806 0.00587964 0.00855053 0.00436373 
7.27988e-07 0.000264134 4.5089e-06 2.16576e-06 3.59567e-05 0.000199505 0.000974189 0.00185623 0.00750216 0.0049666 0.00846396 0.00496351 0.00314745 0.004497 0.00542412 0.00526444 0.888042 0.0297794 0.0042356 0.00793186 0.00356594 0.00567922 0.00280727 0.0057819 0.0046102 
7.89789e-06 0.00225272 0.010092 0.00523991 0.0050795 0.00843077 0.00181877 0.00234616 0.00730187 0.00321473 0.00744861 0.0191923 0.0042019 0.00791221 0.00661141 0.00847245 0.00232135 0.00455927 0.0021733 0.00394317 0.00525758 0.86686 0.00766021 0.00474472 0.00285713 
5.99314e-07 2.76146e-05 4.17251e-05 0.000130221 0.000815814 0.00270565 0.00383333 0.00330508 0.00408069 0.00392217 0.00555349 0.00471456 0.00275782 0.0032473 0.00366825 0.00228701 0.00335368 0.00917062 0.874407 0.0131357 0.02142 0.024505 0.00612793 0.00460807 0.00218065 
5.42732e-40 2.1505e-33 1.24656e-27 2.77673e-21 1.10759e-17 6.77044e-21 8.92082e-18 2.27001e-14 7.3487e-16 9.9712e-12 7.08006e-12 8.9328e-11 6.8179e-10 5.8707e-10 1.69355e-06 4.61008e-06 3.62995e-07 1.22932e-05 9.90445e-07 6.27663e-05 0.000157461 0.000230495 0.000344733 0.000624396 0.99856 
6.57567e-06 0.0011195 0.00115147 0.00440856 0.0140443 0.016467 0.029849 0.0277856 0.0300665 0.0264465 0.0365816 0.0280565 0.0247204 0.0177966 0.0194355 0.0159359 0.0120962 0.01265 0.0227514 0.0215599 0.0404657 0.0419062 0.0126193 0.0192693 0.522811 
6.04746e-06 0.000313998 0.000573427 0.0019942 0.00764348 0.0112618 0.0124869 0.0113934 0.0111428 0.0107485 0.0144845 0.0103843 0.00924871 0.00738057 0.00842811 0.00506711 0.0102722 0.713682 0.0274413 0.0216161 0.0419555 0.0370723 0.0112018 0.00784953 0.00635092 
3.57039e-05 0.00332431 0.0104545 0.0257288 0.0330943 0.158167 0.0368872 0.035051 0.0430228 0.12121 0.0954943 0.0348087 0.23603 0.0259176 0.0273519 0.0214893 0.00996443 0.0130299 0.0113509 0.0137745 0.00928062 0.0126621 0.00647188 0.0109959 0.00440283 
4.6e-11 1.63882e-08 9.67944e-10 1.15964e-07 2.75345e-08 4.64307e-08 5.66524e-08 9.51522e-07 1.40679e-06 5.43787e-07 6.18096e-07 1.94493e-06 6.08441e-06 7.80283e-05 5.3006e-06 4.15325e-05 1.21985e-05 3.35481e-05 0.000561172 4.53212e-05 0.000205105 0.000147095 0.000159598 0.991682 0.00701729 
1.38382e-08 5.02033e-06 8.22857e-08 8.12293e-08 1.06976e-06 4.35201e-06 0.000181409 5.17334e-05 0.00115794 0.000649875 0.00244556 0.00100757 0.000909174 0.00113724 0.00164255 0.00122229 0.00754258 0.923866 0.0211803 0.0161669 0.00414813 0.00236808 0.00399901 0.00815504 0.00215835 
6.53969e-06 0.000537684 0.00199873 0.0196098 0.0386249 0.0466102 0.491726 0.0396894 0.0421385 0.0341744 0.0405916 0.0349341 0.0266849 0.0285098 0.0325047 0.020598 0.00726138 0.016408 0.011318 0.0182901 0.0171941 0.00983799 0.00512852 0.0111688 0.00445384 
3.26476e-06 7.02807e-05 0.000123177 0.000382236 0.00167139 0.00258864 0.00405479 0.00325528 0.0050343 0.00412727 0.00696065 0.00535801 0.00374425 0.00422878 0.00451857 0.0028199 0.00448859 0.0119365 0.875273 0.0109493 0.0157893 0.0171663 0.00760553 0.00654509 0.00130584 
2.4712e-05 0.00380655 0.00956916 0.0208493 0.0364927 0.0427785 0.0462723 0.0445103 0.0439065 0.0375646 0.149131 0.0356682 0.0284532 0.0265623 0.0267236 0.144674 0.015791 0.18946 0.0182254 0.0193045 0.0141765 0.016811 0.00798145 0.0161055 0.00515703 
7.51872e-07 3.44201e-05 3.90391e-05 0.000125357 0.000576786 0.00176525 0.00237656 0.00210287 0.00349613 0.00276945 0.00468134 0.00308698 0.00223792 0.00244623 0.00265429 0.00169521 0.00259752 0.00399918 0.0074853 0.00779375 0.313265 0.616842 0.0101592 0.00601208 0.00175684 
5.23151e-14 1.29347e-12 5.38175e-12 1.1433e-11 5.38089e-09 2.2617e-10 3.62303e-06 1.42476e-05 9.17866e-05 4.10983e-05 3.42542e-05 0.000345952 0.000347975 0.000159216 0.000192461 0.00106015 0.989146 0.00380366 0.00122153 0.000709025 0.000405425 0.000556415 0.000296542 0.00145499 0.000116135 
1.61522e-08 5.86866e-06 2.26798e-07 3.06903e-07 3.57413e-06 1.3091e-05 0.000286894 0.00043058 0.00210126 0.0015609 0.00265101 0.00150691 0.000972299 0.00130868 0.0013966 0.00164198 0.00234054 0.00380178 0.963596 0.00287443 0.00281476 0.0020807 0.00409088 0.00418929 0.0003314 
5.48697e-06 0.000388361 0.00102114 0.00553803 0.0354422 0.617866 0.0279911 0.0305949 0.0280198 0.0221013 0.0238493 0.0208406 0.018773 0.025101 0.0224845 0.011842 0.0110149 0.00970617 0.0153281 0.0124139 0.0286171 0.0111619 0.00546765 0.008079 0.0063523 
1.66186e-06 0.000524208 1.48802e-05 4.52794e-05 0.000752296 0.00181544 0.00301178 0.00468829 0.0115721 0.00824809 0.0123165 0.00739817 0.00549886 0.00944254 0.845728 0.0154718 0.00847695 0.0147652 0.00369138 0.00888351 0.00519231 0.00734264 0.00724545 0.0164326 0.00143988 
1.67281e-07 1.34726e-05 6.21353e-06 1.32265e-05 0.000113567 0.000968279 0.00238147 0.00192758 0.00360535 0.00235207 0.00381526 0.00328491 0.00244624 0.00276656 0.00329962 0.00197783 0.00251578 0.00367718 0.93076 0.0145924 0.00556886 0.00885607 0.00316014 0.00139261 0.000505604 
2.98679e-06 0.000201937 0.000169576 0.000833968 0.00312514 0.00666497 0.0525401 0.00938061 0.0102003 0.00898019 0.125378 0.0101689 0.00803501 0.00573269 0.00717019 0.00503538 0.00665348 0.00768908 0.509443 0.0689563 0.0207623 0.117201 0.00676814 0.00647848 0.00242777 
1.44276e-07 1.21085e-05 3.96218e-06 9.75464e-06 0.000100653 0.000440189 0.00149265 0.00137208 0.00315699 0.00215501 0.00341846 0.00263909 0.00211391 0.00253991 0.00276758 0.00217354 0.00225129 0.00299045 0.00707395 0.948363 0.0035926 0.00560275 0.00262185 0.00266825 0.000439463 
4.05295e-07 2.09477e-05 2.3949e-05 7.9816e-05 0.000395346 0.00231558 0.003046 0.00238693 0.00376126 0.00327679 0.00509927 0.00413408 0.00258626 0.00310463 0.00342733 0.00182518 0.00296461 0.00568089 0.00730698 0.883161 0.0308 0.0241298 0.00690893 0.00258106 0.000982623 
9.20242e-08 3.33868e-05 5.46577e-07 6.87002e-08 2.3443e-07 6.75461e-06 9.06891e-05 0.000515547 0.00248223 0.00195311 0.00467931 0.00295177 0.00239505 0.0026411 0.00307197 0.935524 0.0154114 0.00693841 0.00302654 0.00522341 0.00193589 0.00338436 0.00264067 0.00399575 0.00109739 
7.87172e-12 1.97224e-09 3.00185e-10 6.89383e-10 1.1278e-08 8.99391e-09 3.64907e-08 2.8369e-05 0.00145585 0.00380735 0.96726 0.00412582 0.00106262 0.000424724 0.000253151 0.000363422 0.000667143 0.0010485 0.000915664 3.04125e-05 0.000386469 0.000984232 0.000254225 0.0156423 0.00128951 
7.58935e-07 2.88351e-05 4.34947e-05 0.000170577 0.000902624 0.00369139 0.00375553 0.00316669 0.00400998 0.0038393 0.00646635 0.00536198 0.00300349 0.00359134 0.0037898 0.0025974 0.00458487 0.849523 0.023342 0.015798 0.0229998 0.0241231 0.00656836 0.00590698 0.00273468 
3.92772e-08 1.42497e-05 2.33369e-07 4.92447e-08 2.40395e-07 4.48116e-06 6.45118e-05 0.000208373 0.00118504 0.00150936 0.00368627 0.00216711 0.0019053 0.00235019 0.00639558 0.93136 0.00674886 0.0133596 0.00257279 0.00320064 0.00291627 0.00310503 0.00491925 0.0110946 0.00123178 
1.66237e-06 0.000530797 1.45251e-05 1.59708e-05 9.10836e-05 0.000525723 0.00222549 0.00358892 0.010604 0.00728958 0.0187715 0.87638 0.0135893 0.00599285 0.00737098 0.0057895 0.00379324 0.00200911 0.00242048 0.00926811 0.0033787 0.00860225 0.00382683 0.00923713 0.00468255 
2.09527e-17 5.10581e-16 2.15759e-15 4.86596e-14 1.77307e-10 1.4277e-13 2.79401e-10 3.58351e-07 7.94774e-09 5.08018e-08 2.40523e-05 6.23356e-07 4.52048e-06 0.000180639 0.000113453 0.000925732 0.961039 0.0220357 0.00320945 0.0013889 0.000912949 0.000697902 0.0026705 0.00439301 0.00240279 
0 0 0 0 0 0 0 0 6.4344e-05 0.000259694 0.000496951 0.000587595 0.000818064 0.000722517 0.000913261 0.000925069 0.000856862 0.00138406 0.000666952 0.000925331 0.00110629 0.00139412 0.00173272 0.983979 0.00316677 
1.59625e-07 1.6252e-05 4.13217e-06 1.73695e-05 0.00018103 0.0010167 0.00209046 0.00195907 0.00352593 0.00238075 0.00383343 0.00291857 0.00252377 0.00282425 0.0033448 0.00179503 0.00211319 0.00243588 0.00474523 0.00284823 0.936097 0.0156662 0.00422735 0.00291016 0.000524955 
1.47548e-12 3.59549e-11 1.51937e-10 3.00276e-10 4.71775e-08 8.34304e-09 1.59703e-05 0.000221903 0.000942843 0.00128068 0.00212137 0.00175788 0.00112657 0.00237859 0.948751 0.00674472 0.00755008 0.00577592 0.002013 0.00165426 0.00121461 0.00249172 0.00154994 0.0117835 0.00062584 
1.109e-05 0.00104774 0.00268994 0.00623262 0.0129807 0.0143714 0.0171985 0.0149126 0.0156227 0.0142645 0.016821 0.0135954 0.0116342 0.0102037 0.0113096 0.00724779 0.00992708 0.701991 0.029999 0.0151098 0.0264914 0.0235197 0.00975128 0.00944053 0.00362658 
1.21988e-05 0.000438128 0.000735494 0.00238951 0.010713 0.0112163 0.0117097 0.0132846 0.014095 0.00963123 0.0193396 0.010941 0.014472 0.00956535 0.0131829 0.00692871 0.0124282 0.0169447 0.720182 0.0221883 0.0267297 0.0227727 0.0187884 0.00970458 0.00160629 
0 0 0 0 0 0 0 0 0 0 0 0 0 0 0 0 0 0 0 5.08812e-05 9.18827e-05 0.000115062 0.00012691 0.000163326 0.999452 
5.46594e-14 1.98297e-11 3.25099e-13 1.47767e-12 1.04956e-11 2.64398e-11 3.69865e-11 2.44657e-10 1.82681e-09 4.275e-09 3.31336e-08 1.29177e-08 6.32742e-08 1.89381e-06 1.28629e-05 1.90112e-05 6.09317e-05 0.000143185 0.00018934 3.51767e-06 0.000137659 0.000505893 0.989123 0.00794284 0.00186008 
1.31724e-06 5.09808e-05 0.00010494 0.000349498 0.00154357 0.00509275 0.00662213 0.00437909 0.004615 0.00658791 0.00702594 0.00605649 0.00351798 0.00382937 0.00403031 0.00218968 0.00562122 0.00802445 0.00959469 0.836033 0.0337269 0.0409718 0.00446886 0.00283471 0.00272776 
4.16906e-15 1.01593e-13 4.29302e-13 8.18771e-13 5.9011e-11 2.50562e-12 9.56462e-11 1.17877e-07 1.91104e-06 4.77295e-06 0.000104619 7.94893e-06 4.87128e-06 0.000189182 0.000159979 0.000748701 0.942518 0.0337403 0.00764061 0.001904 0.000994551 0.000830208 0.00272852 0.00426723 0.00415494 
1.36237e-06 0.000423796 1.26285e-05 5.38238e-05 0.000968779 0.00248019 0.00366108 0.00475734 0.0107586 0.00710629 0.0105519 0.00702739 0.885376 0.0109348 0.00930261 0.00622117 0.00523739 0.0049168 0.00318681 0.00728965 0.00442378 0.00605407 0.00350353 0.00394356 0.00180671 
1.09838e-06 0.000398507 6.52217e-06 7.1474e-06 4.41583e-05 0.000160796 0.000595503 0.00191834 0.00409202 0.00314482 0.00771339 0.00352043 0.00271179 0.00410788 0.00580227 0.00536978 0.464301 0.458877 0.0111223 0.00656444 0.00374353 0.00569652 0.00421818 0.00467558 0.00120735 
3.85067e-06 0.000531182 0.00168514 0.0175904 0.548665 0.0354413 0.0324149 0.0321528 0.0337596 0.0278292 0.035826 0.028499 0.0261617 0.024019 0.0313548 0.0189208 0.00587227 0.014621 0.0257516 0.0160304 0.0140453 0.0110368 0.00554854 0.00736827 0.00487155 
3.68524e-07 0.000133594 3.60292e-06 0.000125825 0.000533873 0.000725132 0.000491646 0.00103877 0.000890419 0.00113431 0.00290042 0.00155083 0.00100854 0.00301292 0.00297235 0.00175479 0.0013536 0.00189568 0.00191378 0.944891 0.0129837 0.01158 0.00379419 0.00263886 0.000671616 
1.02868e-06 0.000373219 6.10761e-06 8.04981e-07 1.27884e-06 3.37472e-05 0.000410093 0.00113422 0.00378002 0.00296037 0.00826113 0.00376086 0.00310484 0.00423366 0.00647135 0.0131146 0.0110892 0.0111343 0.00646467 0.00762221 0.004147 0.888705 0.0152057 0.00694966 0.00103514 
0 0 0 0 0 0 0 0 0 0 0 0 0 0 0 0 6.05325e-05 0.00016785 0.000176353 0.0003793 0.000440134 0.00060585 0.000778385 0.000773694 0.996618 
1.58372e-06 0.000521279 1.31828e-05 4.80055e-05 0.00055322 0.00142655 0.0029966 0.00468954 0.0100863 0.00766899 0.0122593 0.00680499 0.00523425 0.00685061 0.0122253 0.854739 0.0181017 0.0144141 0.00474615 0.00824194 0.00423183 0.00781147 0.00467505 0.0100535 0.00160534 
1.03721e-05 3.45457e-05 2.23752e-05 4.31038e-05 0.000108318 0.000132753 7.9909e-05 0.000189512 0.000153033 0.000118996 0.00027294 8.25531e-05 0.000249046 0.000124245 0.000251897 0.00017318 0.000127152 0.000185258 7.03165e-05 0.000126763 0.000415532 0.000460947 0.000931964 0.00155442 0.994081 
1.17033e-05 0.00208042 0.00559829 0.0138192 0.025909 0.0355192 0.04853 0.0441545 0.0439393 0.0365088 0.0430997 0.0379677 0.474883 0.0264095 0.026697 0.0197019 0.0127247 0.0130824 0.0154181 0.0174531 0.0144443 0.0147678 0.00854249 0.0141369 0.0046011 
2.03639e-06 6.09851e-05 0.000123774 0.000430079 0.00202523 0.00521671 0.0059639 0.00527696 0.00496315 0.00720522 0.00807461 0.00792686 0.00368053 0.00429938 0.00426638 0.00231146 0.00624215 0.0137031 0.792471 0.02779 0.0363133 0.0483198 0.0060635 0.00335962 0.0039101 
1.2379e-37 3.4171e-36 2.31856e-31 5.16409e-25 2.05986e-21 1.26197e-24 3.24714e-21 4.16252e-18 8.47998e-17 1.15376e-12 2.06691e-11 2.15344e-10 2.78603e-09 1.91868e-09 6.62095e-09 2.1004e-08 2.52902e-08 9.87004e-08 6.75546e-08 1.14909e-07 2.86493e-05 0.000582068 0.990294 0.00819546 0.000899505 
5.55556e-07 3.62089e-05 0.000110089 0.000577484 0.00103862 0.00215764 0.00413549 0.00371839 0.00464815 0.00364935 0.00596191 0.00497472 0.00367283 0.00395561 0.00363551 0.00258179 0.00410486 0.00570846 0.00926628 0.00806455 0.889205 0.0275659 0.00625896 0.00374865 0.00122309 
0.716316 0.119272 0.0630022 0.00735787 0.00185673 0.00278744 0.00382863 0.00397389 0.0129048 0.00677544 0.0103087 0.00389016 0.00994197 0.00504081 0.00689411 0.00453442 0.00140798 0.00514509 0.00209101 0.00266037 0.00122047 0.0019893 0.000512558 0.00300479 0.00328313 
2.82076e-07 0.000102341 1.67513e-06 5.06211e-07 7.50832e-06 4.30041e-05 0.000115031 0.000443373 0.000728096 0.000391347 0.00165447 0.000990152 0.000998258 0.000780519 0.000933595 0.00167883 0.476999 0.481011 0.00906307 0.0102053 0.00372879 0.000968803 0.00216577 0.00582651 0.001163 
4.19963e-17 1.02338e-15 4.32453e-15 7.92001e-14 2.83315e-10 2.08001e-13 4.4659e-10 5.72623e-07 1.68376e-08 5.47989e-08 1.01882e-05 4.6188e-07 3.70364e-06 0.000152098 0.000276992 0.000691774 0.982148 0.0107964 0.000886972 0.000897107 0.000349453 0.000585413 0.000370813 0.00198739 0.000842716 
6.716e-06 0.000787162 0.00155938 0.006019 0.0163523 0.0254457 0.0327359 0.0849855 0.0336086 0.0281543 0.125694 0.04548 0.0215537 0.086662 0.0211018 0.0146651 0.0103671 0.0127497 0.0134549 0.0140363 0.0147552 0.0156869 0.00688074 0.361412 0.00584516 
4.63256e-05 0.0164276 0.00454479 0.0145085 0.135407 0.0318753 0.034338 0.0337291 0.0367566 0.0310665 0.31684 0.0296338 0.0792928 0.0223297 0.0223159 0.0532055 0.0120506 0.0483975 0.0143337 0.01434 0.0119764 0.0116998 0.00712047 0.0131868 0.00457729 
1.62958e-05 0.00337586 0.00863367 0.0154625 0.0444367 0.486491 0.0403051 0.0393949 0.0339058 0.0289848 0.0333232 0.0298291 0.0248617 0.0316239 0.0444437 0.0181504 0.0139833 0.0130115 0.0129706 0.0117946 0.02797 0.0127586 0.00697234 0.011448 0.00585251 
8.17728e-15 1.99267e-13 8.42041e-13 1.64297e-12 2.71131e-10 5.0609e-12 4.88157e-07 3.6838e-08 4.03144e-06 6.4164e-06 4.68085e-05 0.000480161 0.000352187 0.000130256 7.71924e-05 0.000381598 0.000639562 0.000633508 0.000887757 0.000647057 0.00251926 0.0121369 0.958407 0.00929914 0.0133509 
1.11474e-14 2.71644e-13 1.14789e-12 2.23996e-12 3.70763e-10 6.87872e-12 6.70288e-07 4.40437e-08 5.47124e-06 8.69299e-06 4.97101e-05 0.00051666 0.000361975 0.000141759 7.6695e-05 0.000395531 0.000652503 0.000648317 0.000909016 0.00052141 0.00139365 0.0080023 0.970702 0.00806455 0.00754914 
1.62108e-06 0.000499806 1.55478e-05 3.16847e-05 0.000377857 0.00163064 0.00465031 0.00570868 0.0124809 0.00838124 0.0175317 0.853331 0.0154325 0.00855294 0.00884673 0.00676008 0.00612914 0.0053899 0.00464656 0.00900929 0.00348029 0.00817978 0.00575142 0.00943748 0.00374239 
1.8406e-06 0.000501644 2.26964e-05 0.000134036 0.00158794 0.00464471 0.00644884 0.00708351 0.019971 0.822338 0.0320741 0.0138585 0.0105329 0.00707196 0.00915312 0.00871648 0.00440218 0.00361123 0.00502148 0.0113153 0.00429052 0.00815803 0.00275224 0.0140306 0.00227687 
2.3258e-06 0.000194611 0.000214966 0.000753243 0.0026588 0.00362887 0.00427048 0.00370348 0.00367958 0.00368181 0.00507665 0.00405012 0.00378252 0.00559025 0.877492 0.0103315 0.00913238 0.00800869 0.0085605 0.00716833 0.0124715 0.011126 0.00391321 0.00937675 0.00113169 
1.33643e-05 0.00128913 0.00321238 0.0074646 0.0155786 0.0170376 0.0196196 0.0178683 0.0166596 0.0161097 0.0179336 0.0149268 0.0125537 0.0107855 0.012061 0.00812952 0.0103057 0.0116273 0.02415 0.0171818 0.032298 0.0333858 0.657853 0.012292 0.00966318 
3.59194e-05 0.00490773 0.0140962 0.0292805 0.0459274 0.0428957 0.0521931 0.0490266 0.0442828 0.0415983 0.0454073 0.0426733 0.0304227 0.0303228 0.0318873 0.0239795 0.0183409 0.0167439 0.0131586 0.013742 0.0130305 0.0198644 0.352523 0.0163832 0.00727644 
1.72774e-24 4.21021e-23 1.79555e-22 3.66194e-18 1.46054e-14 8.94535e-18 2.00765e-14 2.96242e-11 8.3946e-15 4.88667e-12 1.33717e-10 2.55306e-08 2.70363e-08 5.39533e-06 1.8982e-06 4.11458e-05 5.76097e-05 0.000242548 6.538e-05 0.000134992 0.000369174 0.000386919 0.000100099 0.000201428 0.998393 
3.37662e-06 9.59163e-05 0.000151173 0.000565053 0.0023426 0.00421611 0.00451734 0.00374827 0.00510759 0.00500199 0.00769445 0.00583971 0.00452593 0.00405284 0.00462998 0.00262311 0.00559668 0.00818548 0.013401 0.0143894 0.0289482 0.031968 0.820606 0.00892486 0.012865 
1.25581e-06 0.000455629 7.53326e-06 1.61292e-06 6.9465e-06 7.996e-05 0.000319904 0.00186791 0.00494198 0.00364906 0.00888878 0.00427432 0.00330791 0.003799 0.00650667 0.00546481 0.891296 0.0310768 0.0041635 0.00773094 0.00320652 0.00612109 0.0026948 0.00557424 0.00456253 
4.82954e-05 0.00362435 0.0143877 0.135698 0.0388015 0.0335419 0.0423532 0.0393424 0.0463982 0.0451164 0.0492297 0.0527222 0.192006 0.0290252 0.0314816 0.0265581 0.0142075 0.0199155 0.112069 0.0146143 0.0128901 0.0154293 0.00782569 0.0166204 0.0060928 
1.50399e-07 1.07731e-05 3.7971e-06 6.94262e-06 5.96044e-05 0.000384197 0.00141439 0.00127579 0.00302853 0.00201741 0.00327043 0.00234281 0.00204057 0.00254937 0.0026956 0.00210536 0.933941 0.0247334 0.00317556 0.00171855 0.00282014 0.0047633 0.000387354 0.00112807 0.00412736 
2.88354e-08 1.04624e-05 1.81981e-07 7.10497e-08 5.62619e-07 4.8989e-06 0.00015369 7.51341e-05 0.000484573 0.0005738 0.00235375 0.00105157 0.000933588 0.00107517 0.00116892 0.00105342 0.00129419 0.000916154 0.00205807 0.00187605 0.955984 0.0197983 0.00434497 0.00350739 0.00128126 
1.52095e-07 1.30153e-05 1.14623e-05 0.00015668 0.000298423 0.000430568 0.000600483 0.00103184 0.00286867 0.00257605 0.00356115 0.00252076 0.00200604 0.0022526 0.00238974 0.00171345 0.902576 0.00494827 0.00850596 0.0106959 0.0229767 0.014577 0.00961515 0.00324269 0.000430815 
0.000773001 0.0212482 0.0437009 0.0556069 0.0352882 0.0277806 0.0398576 0.0372924 0.042877 0.0567053 0.056515 0.0528737 0.0346719 0.0230303 0.265112 0.0319465 0.0206576 0.0431579 0.0214405 0.0197829 0.0147219 0.0214895 0.0108521 0.0172231 0.00539477 
0.00057727 0.0197298 0.0429164 0.0620098 0.0400223 0.0280013 0.0410267 0.0442325 0.0466328 0.0568301 0.0566959 0.053266 0.0345622 0.0250602 0.0553396 0.0256583 0.0213006 0.0461166 0.0228825 0.0204265 0.0200686 0.0277926 0.182612 0.0171536 0.00908568 
5.34008e-06 0.000529987 0.000338538 0.00144585 0.00689042 0.0126206 0.0165956 0.0176953 0.0271211 0.653615 0.0239791 0.015702 0.0134753 0.0111626 0.016952 0.0140453 0.012728 0.0180273 0.0188144 0.0238261 0.033823 0.0376377 0.00898949 0.00787206 0.00610772 
0.000105736 0 0 0.000152139 0 0 0 4.35168e-05 0 0 2.98843e-05 4.02366e-11 0 2.16768e-05 0 1.76754e-05 0 1.42959e-05 0 2.48992e-05 0 2.6447e-05 3.71547e-05 6.71425e-05 0.999459 
1.50704e-07 1.31853e-05 3.69433e-06 8.58691e-06 9.01364e-05 0.000704352 0.0019689 0.00182661 0.00345858 0.00211973 0.00351141 0.00264248 0.00229449 0.00254743 0.00301539 0.00163855 0.0018773 0.00311543 0.00547557 0.947463 0.00441077 0.00688715 0.00342649 0.00104011 0.000460558 
8.75066e-05 0.0046654 0.0135463 0.0217357 0.0405193 0.043755 0.0514019 0.148236 0.0480802 0.038547 0.043482 0.0411977 0.0302306 0.103131 0.23148 0.0231289 0.0147839 0.0156293 0.0136582 0.0157164 0.0122733 0.0164348 0.00812218 0.0145596 0.00559756 
0.000158344 0.00344011 0.0153729 0.0373758 0.0441487 0.0349631 0.0446402 0.0447187 0.0744681 0.0473192 0.2624 0.048284 0.0338259 0.0284809 0.0538227 0.0217162 0.014898 0.0227878 0.0148929 0.0148017 0.0490931 0.0158517 0.047568 0.0190119 0.00595992 
3.76374e-08 1.36638e-05 3.56484e-07 3.70594e-07 5.3891e-06 2.08228e-05 0.000310605 0.000454435 0.00238076 0.00159614 0.00295145 0.00169738 0.00102869 0.0014134 0.00130445 0.00123109 0.00146486 0.000786087 0.00173922 0.0019891 0.00600875 0.9636 0.00359541 0.00320656 0.00320076 
1.64357e-06 0.000508744 1.53117e-05 4.1438e-05 0.000676204 0.00175026 0.00380336 0.0050975 0.0125442 0.00873906 0.0128407 0.00724506 0.00543102 0.00719443 0.00980327 0.00719835 0.824018 0.0319752 0.0180073 0.0112076 0.00451108 0.00779148 0.00566431 0.00967286 0.00426136 
6.17969e-06 0.0018899 0.0074528 0.00432433 0.0060029 0.0103757 0.0023915 0.00299288 0.0115497 0.00618355 0.0129419 0.0191452 0.00676161 0.0103524 0.0142213 0.808552 0.0139319 0.0165278 0.00399537 0.00854154 0.00577285 0.00725078 0.00631488 0.0108555 0.00166508 
9.21995e-06 0.00165631 0.00389063 0.00921199 0.0227047 0.261256 0.0349272 0.0330809 0.0355485 0.172137 0.211047 0.0307602 0.0228314 0.0215983 0.0213797 0.0154583 0.0108825 0.0124425 0.0134973 0.0137229 0.012738 0.0126741 0.00669751 0.014548 0.00530018 
9.08266e-06 0.00117779 0.0014978 0.00803483 0.0183873 0.0277343 0.0317706 0.0352908 0.62843 0.0282489 0.0337562 0.0254275 0.019855 0.0206015 0.0170859 0.0157249 0.00807873 0.0103473 0.0130359 0.0120926 0.0135776 0.0116104 0.00361997 0.00947538 0.00512968 
5.78324e-08 2.09821e-05 3.43416e-07 7.10338e-08 3.68002e-07 5.10282e-06 0.000164188 4.40346e-05 0.000397371 0.000551633 0.0024676 0.00111503 0.000947568 0.00105623 0.00111135 0.00109821 0.00130186 0.000805281 0.00164045 0.00141445 0.964604 0.0132698 0.0033548 0.00262504 0.00200425 
3.17016e-08 1.15075e-05 2.80201e-07 2.35382e-07 2.44904e-06 2.31023e-05 0.000320214 0.000318456 0.00173172 0.00109931 0.00285031 0.00147149 0.000989424 0.00123543 0.00132647 0.00105484 0.00138154 0.00101144 0.00191781 0.00367521 0.951608 0.0165696 0.00546175 0.00352103 0.00241798 
2.16896e-05 0.00245762 0.00712957 0.0193346 0.0363942 0.0430843 0.0534353 0.0520398 0.414485 0.0521569 0.048434 0.0391929 0.0307283 0.0285799 0.0316032 0.0255527 0.0152364 0.014013 0.015006 0.0185536 0.0116982 0.0127563 0.00882469 0.0143407 0.00494062 
1.57569e-07 1.54609e-05 7.62544e-06 1.59351e-05 0.000109667 0.00100037 0.00212774 0.00203845 0.00364021 0.00230431 0.00380241 0.00285172 0.00238501 0.00263179 0.00328225 0.00179658 0.00214867 0.00218329 0.00380012 0.00226712 0.00351414 0.939258 0.0131195 0.00332116 0.00237836 
