2315
6.45937e-11 7.41631e-08 1.07818e-09 1.54756e-06 9.69333e-08 1.06622e-06 2.78431e-07 4.11038e-07 2.55587e-06 6.0437e-07 2.31359e-06 9.08291e-06 5.22474e-06 3.08814e-05 2.66032e-05 1.7775e-05 2.85423e-05 1.49878e-05 8.91708e-06 1.55152e-05 8.61729e-06 6.2559e-06 9.85799e-06 2.97609e-05 0.999779 
0 0 0 0 3.27457e-47 1.99627e-50 1.59328e-47 8.79001e-44 7.08535e-29 3.41415e-14 3.93517e-15 6.33108e-13 1.93252e-12 2.9603e-12 7.57054e-12 1.34578e-11 2.08626e-11 6.59218e-11 4.69619e-11 4.62672e-11 7.89205e-05 0.000561331 0.990734 0.00798591 0.000639983 
2.25883e-07 0.000743174 9.12583e-07 5.21564e-08 8.02071e-07 3.0209e-05 0.000245303 0.00135183 0.00355684 0.00267267 0.00810214 0.0029055 0.00277819 0.00378191 0.911484 0.00650596 0.00694765 0.00965737 0.0035158 0.00623387 0.00309012 0.00542447 0.00506712 0.0149227 0.000981095 
5.95512e-08 1.62501e-05 1.16441e-06 1.10049e-06 6.45608e-06 1.4234e-05 0.000167969 0.00026619 0.00170905 0.00151131 0.00256875 0.00148971 0.00084778 0.00103659 0.00130072 0.0006722 0.00120251 0.000667986 0.00215292 0.977544 0.00218442 0.00298529 0.00046238 0.000923552 0.000267761 
0 0 0 0 0 0 0 0 0 0 0 0 0 0 0 0 0 0 0 0 0 1.51832e-05 5.94265e-05 0.999058 0.000867134 
0 0 0 0 0 0 0 0 0 0 0 0 0 0 0 0 0 0 0 0 0 2.1762e-05 8.00091e-05 0.00015142 0.999747 
2.5871e-05 0.00141181 0.00950769 0.0253598 0.039864 0.0278399 0.0329472 0.0327991 0.0357456 0.0331029 0.0372607 0.0447191 0.276478 0.129841 0.0358879 0.119759 0.0115611 0.0176039 0.0117275 0.0123196 0.0167284 0.0179959 0.00867655 0.0157048 0.00513301 
4.48359e-09 1.46452e-05 1.60994e-06 3.23964e-05 9.29099e-05 0.000176116 0.000211553 0.000314929 0.00181934 0.001459 0.00264718 0.0013648 0.000919475 0.00104379 0.00105016 0.00116802 0.0014124 0.00218013 0.00457754 0.00445323 0.00702737 0.0132631 0.00700289 0.936045 0.0117228 
5.6218e-07 0.000878322 7.23391e-06 1.76398e-05 0.000250707 0.000946803 0.00338156 0.00428465 0.00929303 0.0074263 0.011517 0.0108671 0.887054 0.00687872 0.00856995 0.00662897 0.00578648 0.00459266 0.00333228 0.00840257 0.00358204 0.00577947 0.00454472 0.00470698 0.00127026 
4.7914e-06 0.000899642 0.000226183 0.00282882 0.00630235 0.0123818 0.0139695 0.0107655 0.0131738 0.0114506 0.0199056 0.0120893 0.0119241 0.6871 0.0148293 0.0104716 0.0119313 0.0154065 0.0163689 0.0318626 0.046928 0.0244957 0.0148562 0.00707306 0.00275497 
1.11333e-07 1.39771e-05 2.2577e-06 2.94569e-06 4.57472e-05 0.000276285 0.00113588 0.000926369 0.00222451 0.0016609 0.00284154 0.00200637 0.00135687 0.00175296 0.0019991 0.00134496 0.00232777 0.950959 0.0129715 0.00215184 0.00213782 0.00437725 0.0015478 0.00444654 0.00148946 
4.03659e-06 0.00201183 0.00473992 0.00787772 0.0546926 0.103411 0.157276 0.0206831 0.020561 0.345009 0.0599514 0.0173485 0.0139847 0.0147328 0.0712398 0.0449483 0.00584454 0.00948433 0.00722372 0.00853575 0.00811696 0.00824872 0.00513092 0.00646809 0.00247479 
5.69418e-09 1.8734e-05 2.30421e-08 2.31768e-08 2.09384e-07 1.83732e-06 7.15602e-05 1.39806e-05 0.000418059 0.000507711 0.00228852 0.000781343 0.000804177 0.000881085 0.000824216 0.000450776 0.00111536 0.00060418 0.001779 0.00108643 0.979162 0.0055836 0.000744185 0.00109904 0.0017635 
2.60657e-06 0.00178799 0.00241475 0.00270957 0.0079141 0.0111103 0.256379 0.0167903 0.564007 0.0141202 0.0150767 0.0122007 0.00997239 0.0120705 0.0109424 0.00888199 0.00465751 0.00696649 0.00612481 0.00778474 0.00820067 0.00590984 0.00489052 0.00610607 0.00297899 
3.4139e-07 0.000897053 2.55254e-06 4.24217e-06 2.66274e-05 0.000130305 0.00103493 0.00228212 0.00629124 0.00479842 0.0108765 0.915101 0.00827555 0.00458365 0.00707567 0.00386081 0.00378526 0.00197397 0.00250016 0.00816623 0.00293686 0.00492366 0.00309323 0.00512538 0.00225415 
3.06248e-08 1.72311e-05 1.27956e-05 0.000112273 0.000250007 0.000497744 0.000318585 0.000206613 0.000192181 0.000284383 0.000282932 0.000432226 0.000650164 0.000162092 0.000437131 0.000346056 0.000950005 0.000319615 0.00196242 0.00280705 0.00174642 0.000750368 0.976227 0.00816555 0.00286914 
6.90832e-09 2.1866e-05 3.93698e-08 1.24655e-07 1.00983e-06 8.10418e-06 7.7575e-05 3.20614e-05 0.000289857 0.000409786 0.00191578 0.000764003 0.000860172 0.000845516 0.00115074 0.000533465 0.00109242 0.000684039 0.00227049 0.982884 0.00268376 0.00204646 0.000468241 0.000772724 0.000188253 
0 0 1.33133e-16 1.38948e-15 3.98304e-08 4.32372e-11 5.73397e-07 1.61867e-07 1.41014e-06 2.53195e-05 2.0092e-06 9.20779e-07 3.48702e-05 2.02459e-06 3.01878e-05 6.30728e-06 9.07232e-07 0.000109338 5.08928e-06 2.34661e-06 2.89117e-06 3.46862e-05 3.46902e-05 0.00144624 0.99826 
4.27506e-07 0.000887784 4.37432e-06 9.71101e-06 6.12008e-05 0.000246687 0.00112446 0.00256743 0.00675178 0.00593477 0.0101326 0.0045756 0.00433043 0.914604 0.00863004 0.00432328 0.00457745 0.00412729 0.00291933 0.00789189 0.00331518 0.00542822 0.00269915 0.00391665 0.00094022 
2.26916e-05 0.00393248 0.013291 0.0342712 0.0346717 0.0326612 0.0406391 0.0278368 0.0357718 0.0430236 0.0467457 0.055733 0.389257 0.0261218 0.0394754 0.0275545 0.0203193 0.0160185 0.0212929 0.0171714 0.0252492 0.0190841 0.0102309 0.0155114 0.00411318 
2.95603e-17 4.52461e-15 1.10885e-14 1.77853e-14 4.59322e-14 9.06274e-14 1.12432e-13 2.16737e-10 2.43456e-08 2.89136e-08 1.20563e-05 1.59039e-05 1.60647e-06 5.74107e-06 2.96487e-05 0.000228752 0.000591872 0.000511228 0.00062567 5.43427e-06 0.000643667 0.974821 0.0111015 0.00840802 0.00299826 
1.16347e-12 3.7542e-09 1.34193e-11 1.15703e-10 1.22689e-08 2.38077e-09 1.03082e-05 4.50819e-05 0.000257222 8.212e-05 0.000158572 0.000489031 0.000589422 0.000220643 0.000274609 0.000340275 0.945927 0.0260482 0.010805 0.00212252 0.000840299 0.000591906 0.0011636 0.00645019 0.00358437 
2.26402e-07 0.00073969 9.42058e-07 2.55277e-05 0.000330777 0.000996109 0.00208104 0.00295752 0.00450892 0.00322828 0.00763726 0.00333419 0.00315699 0.00623862 0.461387 0.460624 0.00613772 0.00619162 0.00324769 0.00549009 0.00409192 0.00571768 0.00308977 0.00789789 0.000888391 
7.52601e-09 2.47632e-05 5.04268e-08 1.31296e-07 6.69574e-06 1.44662e-05 0.000178096 0.000278873 0.00170739 0.00136025 0.0025748 0.00140564 0.0008387 0.000993878 0.00102956 0.000644445 0.00119473 0.000728111 0.00179171 0.00151301 0.00239789 0.95758 0.0111693 0.00854295 0.00402453 
2.56961e-07 0.000845389 1.06507e-06 4.38495e-06 3.96203e-05 0.000137939 0.000793886 0.00239577 0.00631077 0.00466826 0.0097608 0.00435881 0.00395026 0.917836 0.00813051 0.00397989 0.00433095 0.00397336 0.0031238 0.00789966 0.00371951 0.00587607 0.00263279 0.00421195 0.00101868 
0 0 0 0 0 0 0 0 0 0 0 0 0 0 0 0 0 0 0 0 2.1639e-11 1.00131e-05 0.000219707 0.996607 0.00316309 
5.97909e-09 1.96714e-05 2.55253e-08 1.30486e-06 1.92944e-05 0.00012056 0.000201298 8.2425e-05 0.000861016 0.000705556 0.00235825 0.00100368 0.000992686 0.000936631 0.000894207 0.000495347 0.00125441 0.000686619 0.00168542 0.00148521 0.00234906 0.962541 0.011892 0.00784754 0.00156654 
3.27313e-07 6.15237e-05 3.48183e-05 0.000181228 0.00108205 0.00458308 0.00582584 0.0029684 0.00350054 0.00280322 0.00542722 0.00384508 0.00460651 0.0031795 0.00319537 0.00306111 0.00602909 0.00757682 0.00792192 0.035648 0.0354384 0.852022 0.0067024 0.00194469 0.00236124 
3.46581e-08 0.000114028 1.39991e-07 5.99213e-10 2.45749e-08 5.24916e-07 1.84296e-06 7.2991e-05 9.97441e-05 2.89713e-05 0.000151698 0.000613575 0.000594328 0.00031067 0.00028244 0.000473402 0.00076472 0.000707437 0.0013883 0.000967714 0.00113054 0.00619484 0.974375 0.00818393 0.00354349 
2.72429e-16 1.08605e-14 1.0584e-13 1.68949e-13 5.34968e-13 8.5474e-13 2.39838e-12 2.59357e-09 8.07742e-08 1.11035e-07 2.79944e-05 0.000125638 9.70419e-05 1.01845e-05 3.39575e-05 0.000251945 0.000633107 0.000579431 0.00070024 0.978631 0.0108398 0.00489464 0.000617133 0.000590497 0.00196723 
4.41436e-06 0.00123223 0.00293407 0.00661986 0.0204377 0.0256345 0.0335937 0.57516 0.0376216 0.0291683 0.0326904 0.0295535 0.0229348 0.0228534 0.023669 0.0152828 0.00943556 0.0147983 0.0225184 0.0142316 0.0222695 0.0147022 0.00694633 0.010651 0.00505683 
1.87818e-08 6.17929e-05 7.59846e-08 2.34945e-10 1.08082e-07 6.264e-07 8.34904e-05 0.000452479 0.00253314 0.00139483 0.0023752 0.00204616 0.00179714 0.00139679 0.00202841 0.94448 0.00662301 0.00881104 0.00248701 0.00504637 0.00109003 0.00254903 0.00385334 0.0100193 0.000870768 
4.55166e-07 3.39915e-05 4.77342e-05 0.000283144 0.000586891 0.000930529 0.00159756 0.00144188 0.00319442 0.00274161 0.00364072 0.00274663 0.00180889 0.00218519 0.00212356 0.00121177 0.00134371 0.00143501 0.00226923 0.00204121 0.937765 0.0228857 0.00263436 0.00222235 0.00282877 
1.77568e-07 2.69963e-05 1.02507e-05 0.000174739 0.00249323 0.00497496 0.00580429 0.00177711 0.00289948 0.00214035 0.00485403 0.00312871 0.00231553 0.00294141 0.00323448 0.00144626 0.00268681 0.00408099 0.0201287 0.0142018 0.88993 0.0251901 0.00277689 0.0020754 0.000707439 
5.29097e-09 1.74099e-05 4.02079e-08 7.15579e-08 7.67533e-07 5.61465e-06 0.000142581 0.000149301 0.00136858 0.00113929 0.00240779 0.00125562 0.000794975 0.000885947 0.000906675 0.000487208 0.00117528 0.000661425 0.00168863 0.0014606 0.00209708 0.970757 0.00895742 0.00126466 0.00237642 
2.73812e-06 0.00114545 0.00154514 0.00553437 0.013274 0.0194818 0.0294057 0.0344926 0.0350518 0.0293276 0.0351276 0.032092 0.0243098 0.580356 0.0260101 0.0144288 0.00926056 0.0146344 0.0224827 0.0151491 0.0168434 0.0168488 0.00897388 0.0113066 0.00291514 
4.20122e-06 0.00212055 0.00428745 0.00593867 0.106216 0.0280397 0.176886 0.329208 0.137801 0.0195179 0.0203246 0.0211096 0.0158656 0.0174576 0.0185405 0.0116268 0.0104416 0.0102464 0.00930279 0.00964849 0.018838 0.00906755 0.00647466 0.00743483 0.00360093 
2.98879e-06 0.00217619 0.00350929 0.0120007 0.0187273 0.0317418 0.0311695 0.0314813 0.0322523 0.0244179 0.0352612 0.558984 0.0180999 0.0222917 0.0223147 0.0186891 0.0115921 0.0122765 0.0165262 0.0211967 0.0322551 0.0187875 0.00749469 0.0123001 0.00445116 
1.51835e-07 0.000499549 6.35829e-07 8.92149e-07 1.6395e-05 0.000124758 0.000442829 0.00103745 0.00447769 0.00313555 0.00706836 0.00310469 0.00279112 0.00288537 0.00490314 0.00339454 0.00514533 0.91892 0.013411 0.00719758 0.00282763 0.00546904 0.00373412 0.00697518 0.00243723 
2.00155e-12 6.58308e-09 8.34448e-12 1.78674e-10 1.24077e-09 2.17521e-09 2.46735e-07 3.64854e-08 1.89599e-06 2.30303e-06 2.91544e-05 0.000336644 0.000318186 4.2197e-05 3.47947e-05 0.000273194 0.000649384 0.000540514 0.000950333 0.000292218 0.986783 0.00745375 0.000655762 0.000761569 0.000875071 
3.01239e-06 0.000307123 0.000359621 0.00391016 0.00743959 0.0119163 0.00980993 0.00938059 0.00805967 0.00805447 0.015081 0.00751393 0.009683 0.00666376 0.00963623 0.00666064 0.0118212 0.0147297 0.0267112 0.753699 0.0401394 0.0226161 0.00940176 0.00483068 0.00157168 
2.53662e-09 8.34544e-06 1.02763e-08 2.01992e-08 1.63708e-07 5.65594e-07 4.8577e-05 1.24382e-05 0.00021503 0.000379974 0.00172964 0.000491624 0.000753486 0.000883893 0.00321947 0.966264 0.0066672 0.0046827 0.000994732 0.000605635 0.00232921 0.00155092 0.000795779 0.00808216 0.000284824 
1.3919e-07 0.000457931 5.62538e-07 3.66462e-08 4.48363e-07 6.51026e-06 0.000233647 0.00054269 0.00263398 0.00221526 0.00627475 0.00244095 0.00210955 0.00256838 0.00420251 0.935816 0.00393607 0.00698785 0.00345792 0.005009 0.00319019 0.00461048 0.00395447 0.00835269 0.000998271 
3.4496e-07 0.00087002 2.75907e-06 2.24639e-05 0.000224719 0.000554173 0.00153735 0.00328806 0.00744447 0.00591055 0.00978365 0.004557 0.00350237 0.00569533 0.00923116 0.00852138 0.00942464 0.00893954 0.00502343 0.00792445 0.00444106 0.00711807 0.00399691 0.00791632 0.88407 
8.66479e-10 1.25541e-07 1.14042e-07 4.49242e-06 6.54623e-05 8.07474e-05 0.000130751 9.89977e-06 4.84609e-05 4.52877e-05 0.000115995 0.000274558 0.000175757 0.000100098 8.97699e-05 0.000148132 0.000244596 0.000480302 0.00128674 0.000283088 0.989733 0.00419131 0.000440848 0.000602256 0.00144834 
1.46553e-06 0.000348968 0.000987868 0.563578 0.0362047 0.0321255 0.0279021 0.0267542 0.0241862 0.0254121 0.031269 0.0239618 0.0201859 0.0216692 0.0239987 0.0202915 0.00555972 0.0140356 0.0100658 0.0382075 0.0257418 0.0111658 0.00508885 0.00696794 0.00428987 
9.63767e-08 0.000255109 7.1866e-07 6.10681e-07 9.81196e-06 3.19753e-05 0.000272407 0.000821895 0.922843 0.0120612 0.0091 0.00154014 0.00143981 0.00335252 0.00908747 0.00444138 0.00275876 0.00206463 0.00279799 0.0100166 0.0022746 0.00254241 0.00279724 0.00481562 0.00467433 
1.34558e-16 5.36422e-15 5.22764e-14 8.34469e-14 1.89192e-13 4.22128e-13 4.97038e-13 3.2342e-10 3.0179e-08 4.27762e-08 2.42945e-05 1.42557e-06 6.49563e-07 3.50513e-06 2.5282e-05 0.000169558 0.997494 0.000540186 0.000530312 5.59283e-06 0.000228533 0.000413019 8.39847e-05 0.000471012 8.49156e-06 
4.52307e-07 5.57673e-05 3.62471e-05 0.000377858 0.00250171 0.00545099 0.0065874 0.00239547 0.00343133 0.00269981 0.00599838 0.00359723 0.0046476 0.00361222 0.0038851 0.00423218 0.00565764 0.814232 0.030331 0.0410144 0.027976 0.0176215 0.00423554 0.00666282 0.00275889 
7.33335e-06 0.00464054 0.0110678 0.01323 0.11862 0.0282626 0.273661 0.0986108 0.0349529 0.0897178 0.0292777 0.0404746 0.0192868 0.0900486 0.0234005 0.0177304 0.0102211 0.0184237 0.0110851 0.0116106 0.0173064 0.0145638 0.0083917 0.0114111 0.00399659 
2.62131e-08 8.62422e-05 1.06035e-07 1.76306e-08 2.44541e-07 8.08315e-07 0.000110451 0.000454063 0.00212951 0.00185096 0.0048346 0.00208374 0.00185666 0.00169893 0.00292281 0.949758 0.00395137 0.00580616 0.0027496 0.00422112 0.00203973 0.00316403 0.00294707 0.00641736 0.000915991 
2.99041e-15 1.19214e-13 1.16179e-12 1.85452e-12 4.16367e-12 9.38127e-12 1.1013e-11 1.63241e-09 7.21917e-06 1.32233e-05 3.79846e-05 3.67095e-05 1.29187e-06 9.07017e-06 9.04333e-05 0.000929227 0.000607754 0.00154297 0.991941 0.000863317 0.000339787 0.000541605 0.00127398 0.00173469 2.95569e-05 
1.56843e-07 2.42696e-05 9.5638e-06 0.000145106 0.0021458 0.00403212 0.00495197 0.00180428 0.00288312 0.00204011 0.00422416 0.0029605 0.00255339 0.0027825 0.0031902 0.00226511 0.00326892 0.882956 0.027379 0.0158311 0.0130517 0.0115625 0.00266579 0.00516091 0.00211182 
4.20557e-07 0.000922022 4.16116e-06 2.62755e-05 0.000289086 0.000783635 0.00220573 0.00422856 0.00693647 0.00602343 0.0116863 0.00509383 0.00459999 0.00694784 0.00854867 0.00505673 0.901417 0.00643996 0.00359829 0.00714625 0.00364367 0.00665806 0.00237538 0.00407626 0.00129156 
9.62484e-08 2.0627e-05 2.18674e-06 9.55226e-06 4.72522e-05 0.000128768 0.000294287 0.000624923 0.00192359 0.00162662 0.00274591 0.0015629 0.000900813 0.00103975 0.00146253 0.000980782 0.00122924 0.00107864 0.0020885 0.956537 0.0143021 0.00714704 0.000890704 0.00132346 0.00203254 
2.02149e-14 8.0588e-13 7.85361e-12 1.25364e-11 1.17139e-08 7.05673e-11 9.145e-06 3.98617e-05 0.000228379 9.03922e-05 9.09175e-05 0.000376951 0.000282566 0.000163273 0.000158434 0.000403809 0.000690782 0.000691272 0.000871978 0.000884579 0.000610695 0.977802 0.0137449 0.00195453 0.000905155 
2.6745e-07 0.000879914 1.11315e-06 4.24853e-06 3.5507e-05 0.000151698 0.000875315 0.002491 0.00674786 0.00496436 0.00971639 0.00440034 0.00342058 0.00480537 0.00812746 0.900714 0.00769774 0.00870465 0.00351867 0.00787638 0.00355723 0.00685864 0.00442782 0.00884981 0.00117357 
4.64573e-09 1.52848e-05 1.87674e-08 5.90406e-10 4.34802e-09 5.67816e-07 9.09348e-07 3.25177e-06 2.76853e-05 6.41869e-05 0.000851251 0.000621542 0.000590953 0.00018974 7.87448e-05 0.000384417 0.00082461 0.000608447 0.00142112 0.000874757 0.00126645 0.972215 0.0128766 0.0055582 0.00152651 
1.6312e-06 0.000566705 0.000740724 0.00752873 0.015585 0.0247664 0.606443 0.0352645 0.0264052 0.0224628 0.0243858 0.0203311 0.0215046 0.0201822 0.0235217 0.0149763 0.0165892 0.01606 0.0273499 0.0155596 0.0311827 0.0128767 0.00549485 0.00666525 0.00355509 
1.38104e-07 0.000454375 5.78693e-07 6.26399e-07 1.72102e-05 9.96765e-05 0.000699658 0.00126657 0.00591393 0.0038659 0.00728533 0.00373271 0.00264135 0.00308814 0.00463507 0.00304716 0.906338 0.0258273 0.00342552 0.00669237 0.0029697 0.00526107 0.00261226 0.00555489 0.00457077 
5.81563e-08 0.00138908 0.00821337 0.0034877 0.00244004 0.0042543 0.00115908 0.00190112 0.00407737 0.00249966 0.00644106 0.0135307 0.00311403 0.00595567 0.00383848 0.0079446 0.00195597 0.00442108 0.00198734 0.00319098 0.00438141 0.902673 0.00566895 0.00277708 0.00269834 
0 0 0 0 0 0 0 0 0 3.4101e-12 3.9305e-13 2.71264e-11 3.12697e-11 7.83407e-11 3.12284e-08 5.29574e-07 3.14369e-09 2.39437e-06 3.2147e-08 6.16749e-05 0.000147241 0.000210678 0.000267172 0.000594261 0.998716 
1.77504e-06 0.00124315 0.000715191 0.00480712 0.0115398 0.0150826 0.0227273 0.0203232 0.0196355 0.0176622 0.0272591 0.0175955 0.0185657 0.014651 0.0164198 0.0154373 0.0108703 0.0108574 0.0290864 0.0350194 0.0507416 0.021666 0.0109433 0.015168 0.591981 
2.50712e-06 0.000280861 0.000344328 0.00347941 0.00845038 0.0135065 0.0128359 0.008531 0.0076252 0.00752213 0.0118724 0.00741844 0.00850007 0.00647033 0.00835416 0.0064675 0.00957146 0.722805 0.035134 0.0370714 0.043345 0.0207774 0.00926706 0.00623325 0.00413399 
6.51604e-06 0.00303227 0.00807471 0.0171978 0.0189869 0.171029 0.0250359 0.0260847 0.0334233 0.137316 0.118385 0.0288514 0.267238 0.02137 0.023966 0.0185383 0.00712958 0.0103727 0.00951996 0.0132471 0.0115508 0.0117769 0.0061512 0.00859124 0.00312493 
6.1955e-12 1.9934e-08 4.5948e-11 1.3615e-08 4.16919e-09 8.06968e-09 1.77009e-08 1.7071e-07 5.82808e-07 4.44612e-07 1.96091e-07 2.33796e-07 2.19144e-07 5.91002e-05 2.40601e-06 6.55998e-06 7.79481e-06 5.64306e-06 0.000501502 3.52599e-06 0.000185812 5.87097e-05 2.31149e-05 0.992164 0.00698036 
2.35603e-09 7.75111e-06 9.56796e-09 3.18006e-08 3.09511e-07 1.27095e-06 6.32411e-05 1.2791e-05 0.000671305 0.000471887 0.0021164 0.000761846 0.000767413 0.000881915 0.00108619 0.000366273 0.00375112 0.942297 0.0163631 0.0132032 0.00397556 0.00184341 0.00114153 0.00811521 0.00210128 
2.11769e-06 0.000418591 0.00116289 0.0161507 0.0293197 0.0349647 0.572093 0.0309191 0.0309643 0.0281016 0.035492 0.0294421 0.0213944 0.0259002 0.0289989 0.0175263 0.00508289 0.015625 0.00905871 0.0167254 0.0221792 0.010992 0.0051166 0.00960033 0.00276909 
1.48673e-06 6.03555e-05 5.93813e-05 0.000503876 0.00192052 0.00308374 0.00388613 0.00206109 0.00336928 0.00268449 0.00574712 0.00343488 0.0029982 0.0030208 0.00400026 0.00250825 0.00336625 0.00828168 0.899566 0.0123317 0.0139988 0.0109541 0.00545935 0.00597287 0.000729858 
7.82378e-06 0.00424385 0.00882964 0.0107761 0.020198 0.0300105 0.0290559 0.0330388 0.0329023 0.0275775 0.154988 0.0266331 0.0238035 0.0244249 0.0234468 0.186532 0.0141695 0.251889 0.0159807 0.0181225 0.0200029 0.0158272 0.00912811 0.01436 0.00405216 
3.23526e-07 4.38453e-05 2.10045e-05 0.000270509 0.000922338 0.00210088 0.00248828 0.00143511 0.00254184 0.00192529 0.00405674 0.00226554 0.00191345 0.00193222 0.00223822 0.00141834 0.00235753 0.00238156 0.00805668 0.00877728 0.317587 0.623062 0.00676395 0.00404995 0.00138997 
7.40302e-15 3.27523e-13 2.87228e-12 4.58574e-12 3.63355e-09 2.54168e-11 3.96561e-06 1.23527e-05 8.60133e-05 3.3966e-05 2.53008e-05 0.000256145 0.000318372 0.000112186 7.7789e-05 0.000284423 0.993911 0.000979156 0.00074801 0.000631274 0.000273754 0.000539358 0.000262109 0.00136186 8.30852e-05 
2.6685e-09 8.78163e-06 2.95583e-08 8.09986e-08 9.30094e-07 3.70351e-06 0.000151011 0.000167614 0.00146452 0.00129901 0.00226792 0.00120597 0.000791488 0.000913546 0.00105301 0.00110045 0.00147633 0.00210905 0.974547 0.00210173 0.00206637 0.00167332 0.00156466 0.00380582 0.000227913 
2.99739e-06 0.000293309 0.00194981 0.00557727 0.0222616 0.693731 0.0185065 0.0234823 0.0224643 0.0171114 0.0175651 0.0191678 0.0151753 0.0175627 0.0164785 0.00940525 0.00847453 0.0106792 0.0100563 0.0110747 0.0327969 0.00880069 0.00558533 0.00668797 0.00510896 
5.06265e-07 0.000923604 5.8338e-06 2.18596e-05 0.000258758 0.000663754 0.00224125 0.00345355 0.00819903 0.00689864 0.0107143 0.00584544 0.00432625 0.00673171 0.884077 0.0062333 0.006515 0.00954539 0.00353579 0.00824785 0.00432104 0.00639607 0.00499765 0.0146732 0.00117324 
1.17862e-06 0.000278885 9.9842e-05 0.00139536 0.002993 0.00572849 0.0548559 0.0066343 0.00758275 0.00616875 0.118036 0.00660664 0.00523686 0.00452678 0.00619745 0.00469041 0.00596694 0.00606115 0.547085 0.0643885 0.0205043 0.112746 0.00555866 0.00514828 0.00150891 
1.15963e-07 1.70167e-05 2.53145e-06 4.79328e-06 5.70505e-05 0.000324894 0.00119863 0.000986452 0.00239023 0.0017817 0.00287635 0.00217257 0.00142819 0.00184221 0.00215582 0.00152053 0.00155362 0.000984879 0.00360283 0.964237 0.00220745 0.00500502 0.00106272 0.00225592 0.000331066 
1.67102e-07 2.60337e-05 9.71102e-06 0.000188787 0.00282779 0.00489673 0.00539554 0.00166766 0.00286614 0.00210115 0.00411566 0.00304204 0.00229458 0.00285496 0.00324766 0.00145299 0.00256034 0.00341835 0.0218997 0.88972 0.0256892 0.0154008 0.00204613 0.00165871 0.000619099 
1.74302e-08 5.73458e-05 7.05286e-08 1.33486e-09 1.05745e-07 1.54616e-06 8.31334e-05 0.000390726 0.00225661 0.00151079 0.00413617 0.00216235 0.00196781 0.00148703 0.00199221 0.94775 0.0129399 0.00436145 0.00276972 0.0049135 0.00157665 0.00316193 0.00206186 0.00359922 0.000819404 
1.1166e-12 2.53972e-09 1.38651e-10 2.79053e-10 8.8471e-10 1.88513e-09 3.2335e-09 1.84757e-05 0.00145823 0.00207054 0.975447 0.001827 7.24863e-06 4.24657e-05 7.39917e-05 0.000284197 0.000645344 0.000942074 0.000906667 1.2289e-05 0.000277062 0.000959952 0.000155566 0.0141957 0.000676196 
3.03814e-07 3.52908e-05 2.45476e-05 0.000426781 0.00168994 0.00448805 0.00481977 0.00220677 0.00326291 0.00244474 0.00536979 0.00347953 0.00441348 0.00327956 0.00331016 0.00399513 0.00369391 0.846797 0.0233065 0.0377025 0.0195827 0.0149737 0.00371283 0.0050777 0.00190659 
7.47477e-09 2.45918e-05 3.02895e-08 1.59565e-08 1.55797e-07 1.12447e-06 3.49006e-05 0.000177421 0.00108148 0.00116146 0.00331504 0.00171579 0.00162217 0.00112139 0.00257785 0.949668 0.00482539 0.00795422 0.00239944 0.0030389 0.00259898 0.00287857 0.00349234 0.00949067 0.00082046 
4.86754e-07 0.000926632 5.41178e-06 1.12387e-05 7.04159e-05 0.000283909 0.00169237 0.00255511 0.0075897 0.00591468 0.0131829 0.901817 0.00888345 0.00532818 0.0072541 0.00420538 0.00240751 0.00167843 0.00227096 0.00885044 0.00305936 0.00788709 0.00341909 0.00739575 0.00330996 
2.39901e-18 9.56379e-17 9.32028e-16 1.48776e-15 3.30088e-15 7.52757e-15 8.80233e-15 9.99471e-11 7.87786e-09 2.6979e-08 2.14073e-05 5.14541e-07 3.69596e-06 1.27044e-05 2.22971e-05 0.000709877 0.972421 0.0173987 0.000779279 3.81035e-05 0.000111444 0.000608456 0.00140224 0.00406108 0.002409 
0 0 0 0 0 0 0 0 6.07583e-05 0.000256917 0.000486363 0.000559376 0.000779417 0.000715842 0.000904901 0.000891713 0.000792738 0.00127358 0.000625334 0.000838736 0.00108967 0.00136237 0.00123025 0.984969 0.00316315 
1.22484e-07 2.37488e-05 2.62394e-06 1.07327e-05 0.000132048 0.000688294 0.00147862 0.00134001 0.00266449 0.00195666 0.00319359 0.00239718 0.0017994 0.00205527 0.00260826 0.00104618 0.00187542 0.00104889 0.00351814 0.0020627 0.95746 0.0100033 0.000846976 0.00136886 0.000418677 
1.93263e-13 7.70453e-12 7.50836e-11 1.19853e-10 2.72649e-08 6.22746e-10 1.6996e-05 0.000187259 0.000840205 0.000921068 0.00186619 0.00133641 0.000910836 0.000722331 0.962035 0.00345006 0.00593355 0.00301506 0.00176492 0.00142922 0.000783245 0.00227885 0.00134628 0.0106041 0.000558823 
7.42301e-06 0.000511879 0.00171567 0.00157585 0.00706354 0.00761785 0.00879807 0.011863 0.0118045 0.00780823 0.01593 0.00665637 0.0126135 0.00754967 0.012541 0.00583783 0.0107396 0.0144537 0.76238 0.0197563 0.0250926 0.0186353 0.0183326 0.00931178 0.00140383 
0 0 0 0 0 0 0 0 0 0 0 0 0 0 0 0 0 0 0 5.08812e-05 9.16007e-05 0.000115062 0.00012691 0.000163326 0.999452 
8.43397e-15 2.77477e-11 3.41707e-14 7.35323e-13 4.71841e-12 9.03099e-12 2.22023e-11 1.16408e-10 1.44107e-09 1.11046e-09 2.14126e-08 9.16037e-09 3.31054e-08 2.72261e-07 1.04127e-05 1.60673e-05 6.07947e-05 0.000123966 0.000186967 1.3902e-06 0.000112976 0.000259662 0.989836 0.00777885 0.00161297 
2.56193e-07 4.4143e-05 2.31956e-05 0.000157361 0.00185153 0.00569108 0.00725618 0.00238875 0.00318865 0.00252098 0.00520511 0.00343934 0.00303113 0.00300079 0.00329721 0.00191937 0.00536579 0.00533794 0.0146301 0.878491 0.0304574 0.0173271 0.00258853 0.00153989 0.00124779 
2.59428e-16 1.03422e-14 1.00789e-13 1.60886e-13 3.61384e-13 8.13871e-13 9.55516e-13 1.11705e-09 1.87053e-06 1.09728e-06 9.58809e-05 7.61902e-06 3.80268e-06 1.93249e-05 7.20646e-05 0.000624546 0.955982 0.0279698 0.0046782 0.000117392 0.000208802 0.000727355 0.00119971 0.00409352 0.00419734 
4.05904e-07 0.000706355 4.85588e-06 2.40348e-05 0.000342253 0.000998574 0.00271684 0.00346998 0.00732733 0.00552482 0.00847234 0.00485707 0.913617 0.0070213 0.00755786 0.00475318 0.0039207 0.00366481 0.00283891 0.00644768 0.00376728 0.00502577 0.00299754 0.00294661 0.000996109 
2.00304e-07 0.000659016 8.09253e-07 6.15073e-06 4.17449e-05 8.30527e-05 0.000364833 0.00150967 0.00314426 0.00235525 0.00635522 0.00240877 0.00221701 0.0033484 0.00530083 0.0033268 0.472398 0.467389 0.00857484 0.00524081 0.00280758 0.00458088 0.00270428 0.00409476 0.00108714 
1.62864e-06 0.00062152 0.00110134 0.0121468 0.623367 0.0262824 0.0253402 0.0248203 0.0246429 0.0226898 0.030412 0.0255119 0.0225752 0.0213068 0.0260968 0.0166278 0.0043841 0.0138007 0.0246156 0.0137413 0.0146271 0.00903283 0.00541681 0.00646825 0.0043693 
6.32687e-08 0.000207374 3.74843e-07 0.000117539 0.000501634 0.000466022 0.000325717 0.000832145 0.000517883 0.000834625 0.00224115 0.00114352 0.000806492 0.00287137 0.00270009 0.00138113 0.000993238 0.00122476 0.00157544 0.964552 0.00951141 0.004662 0.000764576 0.00116317 0.000605919 
1.976e-07 0.000650118 7.98329e-07 4.58848e-08 6.10366e-07 6.1655e-06 0.000232012 0.000872282 0.00326845 0.00244343 0.00736843 0.00273286 0.00269385 0.00323074 0.00509666 0.00722958 0.00874652 0.00685761 0.00431049 0.00618022 0.00328644 0.916515 0.0126906 0.00468141 0.000905856 
0 0 0 0 0 0 0 0 0 0 0 0 0 0 0 0 6.05405e-05 0.000167873 0.000176179 0.000377992 0.000438898 0.000605916 0.000689375 0.000733552 0.99675 
4.29083e-07 0.000914152 4.36717e-06 3.13779e-05 0.000239894 0.000620912 0.00207272 0.00339306 0.00739286 0.00627468 0.0105453 0.005066 0.00440418 0.00608348 0.00939368 0.885558 0.0142725 0.0077717 0.00417611 0.00748767 0.00377397 0.00682608 0.00394347 0.00859501 0.00115801 
7.40875e-07 5.49473e-06 1.35176e-05 2.39074e-05 9.17973e-05 0.000132798 7.68906e-05 0.000183099 0.000144427 0.000117626 0.000267466 7.85829e-05 0.000246755 0.000124287 0.000251331 0.000173239 0.000127195 0.000181066 7.02046e-05 0.000125903 0.000414395 0.000460429 0.000774236 0.0014934 0.994421 
3.25783e-06 0.00233818 0.00400249 0.00964376 0.0179945 0.028022 0.0313721 0.0334432 0.0324474 0.0272689 0.0330098 0.0264399 0.557887 0.0215831 0.0232417 0.0182253 0.0110328 0.0121249 0.0135923 0.0372479 0.0228298 0.0142498 0.00797862 0.0106596 0.00336155 
5.6309e-07 4.80654e-05 3.03285e-05 0.000200527 0.00158136 0.00498041 0.00562359 0.00289522 0.00344483 0.00273597 0.0058012 0.00411514 0.00434028 0.00338067 0.00336024 0.00304331 0.00595724 0.0105341 0.832656 0.0430031 0.0330227 0.0225411 0.00327285 0.00173829 0.00169264 
0 0 0 0 3.23831e-47 1.97416e-50 1.57564e-47 8.69266e-44 7.00688e-29 2.03268e-14 2.34287e-15 5.22097e-13 1.82499e-12 2.78488e-12 7.28021e-12 1.245e-11 2.00969e-11 6.47158e-11 4.64614e-11 4.56157e-11 2.83356e-05 0.000254623 0.99106 0.00801869 0.000638682 
2.02907e-07 4.05611e-05 3.26724e-05 0.000508304 0.00155096 0.00275248 0.00407807 0.00240424 0.00332755 0.00232711 0.00467803 0.00349269 0.00355201 0.00312322 0.00282349 0.0024058 0.00378631 0.00381053 0.010005 0.0177501 0.905526 0.0175091 0.00182633 0.00197611 0.000713036 
0.786936 0.031781 0.0397181 0.00935383 0.00763228 0.0102034 0.0057486 0.00446533 0.0121058 0.00787571 0.0142458 0.00569614 0.00853793 0.0081012 0.00889397 0.00575157 0.00183213 0.00353715 0.00192694 0.00364386 0.00220539 0.0129752 0.00100654 0.00440375 0.00142241 
3.99557e-08 0.00013119 1.76373e-07 6.39792e-07 6.54311e-06 2.81383e-05 8.53271e-05 0.000259628 0.000445138 0.000223024 0.00108609 0.000598386 0.00062293 0.000603342 0.000570006 0.000570328 0.484365 0.484848 0.00733097 0.00783167 0.00325506 0.000602111 0.000649079 0.00478883 0.00109904 
3.42143e-18 1.36397e-16 1.32924e-15 2.12182e-15 8.84232e-15 1.07367e-14 1.59481e-14 1.40938e-10 1.58545e-08 1.96845e-08 8.70964e-06 4.1483e-07 3.09285e-06 1.07382e-05 4.46472e-05 0.000156859 0.98939 0.00611639 0.00049917 3.01686e-05 0.000231104 0.000576135 0.000249336 0.00185541 0.000827397 
1.03802e-06 0.000641422 0.000481361 0.00222725 0.00661045 0.0112686 0.0152491 0.0913977 0.0193916 0.0155955 0.139009 0.042497 0.0118626 0.098702 0.013569 0.0103378 0.00620612 0.00901794 0.0084896 0.0105239 0.00955298 0.0118109 0.00400308 0.456783 0.00477161 
2.11762e-05 0.0170296 0.00395778 0.00923701 0.135989 0.0254624 0.0235937 0.0306223 0.0298805 0.0236101 0.338901 0.020708 0.0799044 0.020477 0.0186442 0.0688234 0.00912314 0.067909 0.0110487 0.0127204 0.0188793 0.0102091 0.00854366 0.0112401 0.0034648 
7.16102e-06 0.00362664 0.00757433 0.0109622 0.0295686 0.570337 0.0266852 0.030049 0.026257 0.0225339 0.0251179 0.0240075 0.0176614 0.0250792 0.033724 0.0169441 0.0138894 0.0139683 0.0140642 0.0126266 0.0393842 0.013187 0.00731207 0.0103411 0.00509165 
1.15971e-15 4.62325e-14 4.50553e-13 7.19202e-13 2.23834e-10 3.77363e-12 5.50204e-07 1.62743e-08 3.93515e-06 4.90172e-06 3.66496e-05 0.000345551 0.000307768 3.01669e-05 3.93754e-05 0.00027632 0.000639925 0.000557428 0.000883667 0.000304076 0.00117344 0.00836293 0.965978 0.00790592 0.0131491 
1.57979e-15 6.29791e-14 6.13756e-13 9.79716e-13 3.0608e-10 5.14125e-12 7.52737e-07 2.00787e-08 5.33982e-06 6.63447e-06 3.86502e-05 0.000375039 0.000314265 3.88168e-05 4.23247e-05 0.000283473 0.000650211 0.000573927 0.000901006 0.000348631 0.000724241 0.005422 0.975766 0.00716877 0.00734015 
5.19189e-07 0.000877796 6.45212e-06 1.54134e-05 0.000193298 0.0010469 0.00374403 0.00437189 0.00892624 0.00681804 0.0132082 0.888469 0.00810087 0.00660321 0.00818065 0.00514486 0.0048083 0.00273213 0.00358221 0.0083786 0.00315563 0.00730515 0.00453756 0.00763079 0.00216194 
7.42584e-07 0.000879157 1.2331e-05 6.72015e-05 0.000743084 0.00252559 0.00535088 0.00563986 0.0142982 0.859651 0.0233233 0.00908681 0.00676992 0.00684871 0.00857057 0.00788699 0.00290181 0.00307427 0.00371887 0.00996397 0.00399995 0.00728813 0.00264498 0.0128798 0.00187416 
9.05874e-07 0.000242424 0.000134862 0.0012405 0.00288191 0.00420043 0.00413454 0.00302626 0.00263133 0.00262671 0.00427377 0.00303381 0.00330968 0.004203 0.891386 0.0046653 0.00789808 0.00612971 0.0104026 0.0108154 0.0136535 0.00639864 0.00326701 0.00874835 0.000695543 
3.94007e-06 0.00118041 0.00254602 0.00646765 0.0137212 0.0175788 0.0156251 0.0130544 0.0116747 0.0108701 0.0135518 0.0122418 0.0105448 0.00930429 0.0113487 0.00795085 0.00902953 0.00972499 0.0390534 0.0281866 0.0348227 0.0206002 0.682812 0.0101589 0.00794669 
7.68456e-06 0.00427912 0.0104685 0.0128785 0.025413 0.0299367 0.2913 0.0374492 0.0333836 0.0272029 0.0298234 0.0350416 0.0227294 0.0282234 0.0279868 0.0165515 0.010947 0.0159844 0.0120894 0.0119006 0.0205598 0.0158593 0.263273 0.0113981 0.00531202 
2.328e-35 9.28069e-34 9.04439e-33 1.44372e-32 3.20365e-32 7.30317e-32 8.54201e-32 1.4807e-31 6.49288e-17 5.14392e-14 2.21094e-13 2.38374e-12 6.1013e-11 1.78306e-06 3.55126e-08 1.75367e-05 4.09965e-05 3.04476e-06 1.47415e-06 3.59184e-08 7.17205e-06 3.13101e-05 5.36655e-06 1.69555e-05 0.999874 
1.51023e-06 0.000102241 8.89843e-05 0.0010681 0.00353966 0.00604499 0.00648574 0.00260839 0.00351188 0.00335554 0.00657964 0.00379495 0.00408274 0.00328766 0.00457576 0.0028809 0.00503251 0.00618859 0.0195848 0.019037 0.0259419 0.0187454 0.833838 0.00775478 0.0118685 
2.38821e-07 0.000785742 9.74131e-07 5.89601e-07 5.14107e-06 3.48211e-05 0.000216189 0.00143136 0.00410718 0.00288918 0.00786257 0.00313922 0.00285819 0.00315814 0.00620463 0.00321999 0.907691 0.0262135 0.0031359 0.00658911 0.00273111 0.00539734 0.00246992 0.00529948 0.00455843 
1.99278e-05 0.00286029 0.0130549 0.181396 0.0248345 0.0217314 0.0283879 0.0261838 0.0357993 0.0383547 0.0384234 0.0510918 0.190233 0.0236817 0.029997 0.0252486 0.0120137 0.0212194 0.16577 0.0134271 0.0137748 0.0137377 0.00827517 0.0161233 0.00436046 
1.24238e-07 1.47833e-05 2.53467e-06 3.28112e-06 4.32281e-05 0.000289681 0.00112868 0.000913094 0.00224283 0.00168633 0.00274287 0.00200738 0.00139458 0.00184997 0.00198682 0.000811026 0.945635 0.0215683 0.00226807 0.00131785 0.00239495 0.004425 0.000326069 0.000876358 0.00407078 
5.23825e-09 1.72341e-05 2.22304e-08 2.26255e-08 1.94359e-07 1.17098e-06 5.29982e-05 2.27405e-05 0.000349754 0.000480118 0.00203294 0.000740231 0.000775622 0.000849346 0.000840786 0.000467603 0.00108612 0.000599315 0.00197077 0.00105194 0.969428 0.0152286 0.00129594 0.00146217 0.00124675 
1.24916e-07 1.83189e-05 7.05885e-06 0.000101746 0.000245677 0.000278463 0.000417671 0.000522772 0.00208282 0.00219529 0.0030873 0.00203543 0.00136042 0.00154082 0.00192212 0.00110139 0.935507 0.00300866 0.00556437 0.0079517 0.0195501 0.00807469 0.00125308 0.00187201 0.000301329 
0.000225616 0.0172336 0.0244606 0.0476938 0.0359579 0.0311402 0.0389871 0.0328961 0.0365786 0.0527074 0.0479868 0.0534742 0.0289999 0.0186018 0.349582 0.0286017 0.0203503 0.0276904 0.0204829 0.0212464 0.0142098 0.0204356 0.00810303 0.0171896 0.00516488 
0.000317556 0.0208102 0.0272662 0.0527901 0.0427912 0.0292376 0.0373328 0.0366497 0.0406751 0.056962 0.0501926 0.0523226 0.0285551 0.0201076 0.054916 0.0206991 0.0235828 0.02877 0.0221986 0.0214517 0.0204943 0.0239361 0.260626 0.0172025 0.0101123 
1.84485e-06 0.00081799 0.000200087 0.0024484 0.00620483 0.0125693 0.0140695 0.0131604 0.0185385 0.685451 0.0182621 0.0107875 0.0119541 0.00989921 0.0156365 0.0131472 0.0110766 0.0169663 0.0215172 0.0415836 0.0362441 0.0205408 0.009141 0.00622465 0.00355737 
0.000103187 0 0 0.000151176 0 0 0 4.34308e-05 0 0 2.97564e-05 0 0 2.16769e-05 0 1.76755e-05 0 1.42959e-05 0 2.48992e-05 0 2.64471e-05 3.71548e-05 6.71428e-05 0.999463 
1.20627e-07 1.86927e-05 2.45872e-06 4.15996e-06 5.45044e-05 0.000448207 0.00144576 0.0012926 0.00260451 0.00172307 0.00293805 0.00226455 0.001632 0.00186333 0.00240777 0.000924987 0.00171444 0.000893621 0.00340242 0.965523 0.00219791 0.00494329 0.000473561 0.000869313 0.000357895 
1.70758e-05 0.00439841 0.00879654 0.00948485 0.0235772 0.0313173 0.0324258 0.173461 0.0352209 0.0279327 0.0334639 0.0387366 0.0257677 0.126386 0.304152 0.0169046 0.011722 0.012817 0.0108349 0.0129432 0.0179169 0.0165116 0.00864409 0.0124039 0.00416424 
7.58501e-05 0.00302492 0.0105965 0.0234724 0.0441567 0.0375834 0.136503 0.0429303 0.0575813 0.0618664 0.2142 0.03632 0.0264798 0.0394285 0.051302 0.0167138 0.0114646 0.0165667 0.0125693 0.0131061 0.0508485 0.0134028 0.0603909 0.0147162 0.00470085 
6.6789e-09 2.19761e-05 4.56285e-08 9.18976e-08 4.85314e-06 1.09992e-05 0.000167113 0.00017843 0.00163072 0.00131327 0.00252081 0.0013284 0.000808649 0.000943274 0.000949526 0.000621725 0.00118771 0.00066346 0.00170535 0.00149604 0.00482428 0.973949 0.00116892 0.00135965 0.00314577 
5.20003e-07 0.000890435 6.2859e-06 1.94595e-05 0.000218593 0.000681257 0.00292989 0.00372987 0.00877516 0.00717532 0.0109325 0.00565442 0.0044128 0.00633833 0.00908633 0.0051284 0.85705 0.0253398 0.0147619 0.00906807 0.00401138 0.00670933 0.00373916 0.00921188 0.00412925 
9.95984e-08 0.00127938 0.00613501 0.00296726 0.002979 0.00550661 0.00169055 0.00237926 0.00740575 0.00503548 0.0118202 0.0140038 0.00552696 0.0076526 0.00752099 0.856229 0.0116978 0.0107231 0.00366506 0.00783202 0.00556243 0.00681264 0.0049488 0.00945855 0.00116773 
2.67063e-06 0.00164805 0.00082559 0.00929391 0.0149822 0.0272705 0.0250978 0.0269257 0.653123 0.0217933 0.0285225 0.0207743 0.0134898 0.0193034 0.016119 0.0158724 0.00879643 0.01028 0.0138051 0.0161658 0.0265187 0.0135301 0.00326269 0.0079634 0.00463332 
1.06653e-08 3.50896e-05 4.3114e-08 1.88391e-08 1.5605e-07 1.25433e-06 6.10887e-05 1.62227e-05 0.000301173 0.000474721 0.00211726 0.00079112 0.000781096 0.000828205 0.000848896 0.000492401 0.00102156 0.000709809 0.00161718 0.00109086 0.973172 0.0113454 0.00112578 0.00118245 0.00198613 
5.68611e-09 1.87094e-05 3.74872e-08 5.87298e-08 5.56186e-07 1.041e-05 0.000163147 0.000113874 0.00105017 0.000881592 0.00241039 0.00111228 0.000800018 0.000923602 0.000916552 0.000464596 0.00118829 0.000619235 0.00177319 0.0024945 0.971567 0.00897165 0.0008955 0.00125688 0.0023677 
2.26105e-06 0.000786126 0.00189728 0.168741 0.159544 0.0298692 0.0183571 0.0225508 0.128793 0.0320698 0.078429 0.0559052 0.0142126 0.0445097 0.017186 0.0118565 0.00703299 0.00952169 0.0427417 0.109395 0.018826 0.0108067 0.00617132 0.00762932 0.00316613 
1.19369e-07 2.23459e-05 3.90117e-06 1.04996e-05 6.13456e-05 0.00064511 0.00155218 0.00141312 0.00276268 0.00185841 0.00318951 0.0024353 0.00170212 0.00190645 0.00262719 0.0010362 0.00193015 0.00104808 0.00326875 0.0016556 0.00222249 0.952765 0.0117964 0.00177733 0.00230969 
3.94604e-07 0.000817768 9.194e-06 0.000103625 0.000309281 0.000698825 0.00124362 0.00303046 0.00617441 0.00486955 0.00958256 0.00471013 0.00384186 0.00459398 0.00830679 0.895858 0.00859393 0.00843331 0.00467259 0.00743054 0.00338832 0.00814811 0.00336517 0.0104623 0.00135516 
4.53698e-07 0.000880346 4.96105e-06 7.93035e-06 0.000101856 0.000291601 0.00113363 0.00296002 0.00775927 0.00555029 0.0103831 0.00529815 0.00418726 0.00592517 0.870079 0.02084 0.00904843 0.0103099 0.00511932 0.00810364 0.00366782 0.00819288 0.00513965 0.0135599 0.00145573 
6.34308e-09 2.08713e-05 4.42696e-08 2.05131e-07 6.27683e-06 2.09604e-05 0.00017765 0.000186664 0.00164447 0.00130739 0.00246446 0.00126369 0.000803926 0.000926228 0.000897112 0.000638788 0.00120409 0.000610659 0.00178169 0.00146966 0.976911 0.00387638 0.000696147 0.00117278 0.00191893 
5.93891e-07 0.000882887 7.91715e-06 2.51111e-05 0.000392177 0.00155888 0.00510429 0.0057945 0.010772 0.00816571 0.0122222 0.0075023 0.00545074 0.00886467 0.0103818 0.867837 0.00710825 0.00869366 0.00515881 0.00875558 0.00443631 0.00603624 0.00444568 0.00891928 0.00148379 
5.44254e-07 0.000872266 8.6091e-06 5.11896e-05 0.000388746 0.00133832 0.0030809 0.00494914 0.00977257 0.00700632 0.0116054 0.00668969 0.00471284 0.00810732 0.883349 0.00687371 0.00560779 0.00534784 0.00610195 0.00865792 0.00406144 0.00675087 0.0028952 0.0104586 0.00131181 
9.96623e-07 0.000168031 0.000338224 0.00122865 0.00238967 0.0038985 0.00383018 0.00303316 0.00389694 0.00390561 0.00533261 0.0035341 0.00325835 0.00276617 0.00355488 0.00238476 0.00351979 0.00325371 0.00881438 0.917854 0.011698 0.00597981 0.00251256 0.00195906 0.000887876 
1.3248e-10 4.35433e-07 5.45776e-10 2.18126e-09 1.58338e-08 4.25607e-08 6.0756e-07 1.58173e-06 4.93302e-05 8.21834e-05 0.000498906 0.000139076 0.000356084 0.000265215 6.35351e-05 9.19e-05 0.000197158 0.000186238 0.00122938 0.000320368 0.000803797 0.000540403 0.000695386 0.990339 0.00413917 
0 0 0 0 2.36155e-47 1.43967e-50 1.14904e-47 6.33917e-44 5.1098e-29 9.97872e-17 1.15015e-17 2.72561e-13 1.26337e-12 1.9153e-12 5.1933e-12 7.62903e-12 1.474e-11 4.77904e-11 4.09082e-11 3.386e-11 2.8614e-08 1.37765e-07 1.72236e-06 0.993307 0.00669157 
1.72561e-07 2.34574e-05 1.02571e-05 0.000186906 0.00283202 0.00453338 0.00557572 0.00172265 0.00278515 0.00204125 0.00424797 0.00313676 0.00230809 0.00289587 0.00333533 0.00138351 0.00244958 0.00369947 0.0224136 0.901425 0.0168855 0.0123809 0.00166935 0.00139198 0.000666515 
2.50081e-06 0.000328024 0.000379806 0.00462593 0.00867666 0.0133446 0.0136056 0.00981076 0.00857844 0.00795818 0.0131746 0.00956068 0.00769918 0.00651489 0.00913453 0.00552443 0.0118374 0.0122152 0.0216703 0.742741 0.0540703 0.0243432 0.00827765 0.00349521 0.00243124 
