3034
6.45937e-11 7.41632e-08 1.07818e-09 1.54756e-06 9.69334e-08 1.06622e-06 2.78431e-07 4.11039e-07 2.55587e-06 6.04371e-07 2.3136e-06 9.08292e-06 5.22474e-06 3.08814e-05 2.66032e-05 1.7775e-05 2.85423e-05 1.49878e-05 8.91709e-06 1.55152e-05 8.61722e-06 6.25512e-06 8.58002e-06 2.97529e-05 0.99978 
6.27523e-06 0.000812662 0.000142149 0.000790771 0.00309462 0.00959967 0.00831351 0.00788497 0.0141859 0.0124809 0.765997 0.012675 0.0102273 0.00996981 0.0145399 0.00782459 0.00942333 0.0107999 0.00867865 0.0167566 0.0195465 0.0109437 0.019022 0.0231344 0.00314991 
0 0 0 0 3.27457e-47 1.99627e-50 1.59328e-47 8.79001e-44 7.08535e-29 3.41415e-14 3.93517e-15 6.33108e-13 1.93252e-12 2.9603e-12 7.57054e-12 1.34578e-11 2.08626e-11 6.59218e-11 4.69619e-11 4.62672e-11 7.89205e-05 0.000561331 0.990734 0.00798591 0.000639983 
2.25883e-07 0.000743174 9.12583e-07 5.21564e-08 8.02071e-07 3.0209e-05 0.000245303 0.00135183 0.00355684 0.00267267 0.00810214 0.0029055 0.00277819 0.00378191 0.911484 0.00650596 0.00694765 0.00965737 0.0035158 0.00623387 0.00309012 0.00542447 0.00506712 0.0149227 0.000981095 
5.95512e-08 1.62501e-05 1.16441e-06 1.10049e-06 6.45608e-06 1.4234e-05 0.000167969 0.00026619 0.00170905 0.00151131 0.00256875 0.00148971 0.00084778 0.00103659 0.00130072 0.0006722 0.00120251 0.000667986 0.00215292 0.977544 0.00218442 0.00298529 0.00046238 0.000923552 0.000267761 
0 0 0 0 0 0 0 0 0 0 0 0 0 0 0 0 0 0 0 0 0 1.51832e-05 5.94265e-05 0.999058 0.000867134 
0 0 0 0 0 0 0 0 0 0 0 0 0 0 0 0 0 0 0 0 0 2.1762e-05 8.00091e-05 0.00015142 0.999747 
1.07928e-06 0.000878001 0.00039349 0.00274406 0.00840769 0.0159149 0.0214391 0.0243443 0.0256969 0.0233777 0.694525 0.0176091 0.0198517 0.0152136 0.0165865 0.0127052 0.0139517 0.00822974 0.00859348 0.0206483 0.0156233 0.0102327 0.00543491 0.0148695 0.00272768 
1.37318e-05 0.00105936 0.0065102 0.0169532 0.0215888 0.0164232 0.0267014 0.0224852 0.0288528 0.0313036 0.0327974 0.035083 0.328304 0.151903 0.0362461 0.144642 0.0107977 0.0138674 0.0109963 0.0117694 0.013349 0.0123931 0.00664301 0.0164985 0.00281938 
4.48359e-09 1.46452e-05 1.60994e-06 3.23964e-05 9.29099e-05 0.000176116 0.000211553 0.000314929 0.00181934 0.001459 0.00264718 0.0013648 0.000919475 0.00104379 0.00105016 0.00116802 0.0014124 0.00218013 0.00457752 0.00445323 0.00702736 0.0132631 0.00700289 0.936045 0.0117228 
9.15994e-06 0.00239176 0.00637456 0.0118157 0.0240811 0.02867 0.425946 0.0271722 0.174782 0.0265866 0.0326794 0.0289093 0.0188341 0.024535 0.0380894 0.0155041 0.0112654 0.0133508 0.0129849 0.0131979 0.0251169 0.0118262 0.00689921 0.0151873 0.00379102 
5.6218e-07 0.000878322 7.23391e-06 1.76398e-05 0.000250707 0.000946803 0.00338156 0.00428465 0.00929303 0.0074263 0.011517 0.0108671 0.887054 0.00687872 0.00856995 0.00662897 0.00578648 0.00459266 0.00333228 0.00840257 0.00358204 0.00577947 0.00454472 0.00470698 0.00127026 
1.08746e-06 4.39826e-05 4.51513e-05 0.000681383 0.00116912 0.00270278 0.00351039 0.00287332 0.00380785 0.00448089 0.00641992 0.00387356 0.00424728 0.0029822 0.0040998 0.00157467 0.00771436 0.00679851 0.00918407 0.903169 0.013789 0.011315 0.00292655 0.00211051 0.000479758 
4.92881e-06 0.000850911 0.000101098 0.000481055 0.00228755 0.00984522 0.00845414 0.00816814 0.0124549 0.010059 0.0180433 0.0106986 0.00971827 0.771528 0.0136245 0.00870761 0.00791102 0.0149934 0.00985504 0.0207512 0.0177635 0.0195322 0.0153188 0.00729752 0.0015506 
6.87801e-05 0.00452369 0.0165742 0.0390791 0.0407394 0.0245012 0.0339905 0.0305077 0.0433256 0.0541815 0.0450202 0.0538352 0.0306574 0.0255324 0.0340587 0.0317019 0.0113459 0.0233166 0.0191912 0.0202717 0.0142796 0.365081 0.01465 0.0191741 0.00439223 
1.11333e-07 1.39771e-05 2.2577e-06 2.94569e-06 4.57472e-05 0.000276285 0.00113588 0.000926369 0.00222451 0.0016609 0.00284154 0.00200637 0.00135687 0.00175296 0.0019991 0.00134496 0.00232777 0.950959 0.0129715 0.00215184 0.00213782 0.00437725 0.0015478 0.00444654 0.00148946 
2.02706e-06 0.00201054 0.00418072 0.00550176 0.0504095 0.104323 0.163397 0.0171654 0.0174193 0.362336 0.0604674 0.015498 0.0119669 0.0127663 0.0735086 0.0465837 0.00496237 0.00805471 0.00637198 0.00809274 0.00624106 0.00674779 0.00374577 0.00601 0.00223793 
5.69418e-09 1.8734e-05 2.30421e-08 2.31768e-08 2.09384e-07 1.83732e-06 7.15602e-05 1.39806e-05 0.000418059 0.000507711 0.00228852 0.000781343 0.000804177 0.000881085 0.000824216 0.000450776 0.00111536 0.00060418 0.001779 0.00108643 0.979162 0.0055836 0.000744185 0.00109904 0.0017635 
1.68986e-06 0.0017923 0.00208798 0.00161729 0.00473995 0.00818357 0.264404 0.0132261 0.583913 0.0129809 0.0134762 0.00955721 0.00907984 0.0103561 0.0101773 0.00865942 0.0033452 0.00613714 0.00537922 0.00743634 0.00689531 0.00441394 0.00405655 0.00546491 0.00261861 
3.4139e-07 0.000897053 2.55254e-06 4.24217e-06 2.66274e-05 0.000130305 0.00103493 0.00228212 0.00629124 0.00479842 0.0108765 0.915101 0.00827555 0.00458365 0.00707567 0.00386081 0.00378526 0.00197397 0.00250016 0.00816623 0.00293686 0.00492366 0.00309323 0.00512538 0.00225415 
1.13654e-06 0.000164018 0.000578472 0.00383951 0.00788269 0.722063 0.0276182 0.0244215 0.0233119 0.0190954 0.0198393 0.0164011 0.0147566 0.0231536 0.0187772 0.0144823 0.00471522 0.0131413 0.0102734 0.00735604 0.00627956 0.00810575 0.00333557 0.00547989 0.00492769 
8.02631e-09 1.89363e-06 6.42957e-06 0.000100557 0.000208807 0.000420023 0.000263075 0.000142288 0.00015524 0.000223725 0.000255243 0.000390404 0.000471132 9.98367e-05 0.000414454 0.000207509 0.00066131 0.000245322 0.00133965 0.00121983 0.000579815 0.000571556 0.980958 0.00818921 0.00287473 
6.90832e-09 2.1866e-05 3.93698e-08 1.24655e-07 1.00983e-06 8.10418e-06 7.7575e-05 3.20614e-05 0.000289857 0.000409786 0.00191578 0.000764003 0.000860172 0.000845516 0.00115074 0.000533465 0.00109242 0.000684039 0.00227049 0.982884 0.00268376 0.00204646 0.000468241 0.000772724 0.000188253 
6.05439e-07 3.20844e-05 2.02508e-05 0.000239444 0.000414063 0.00609854 0.00247049 0.00165882 0.0030614 0.00281914 0.00673205 0.003466 0.00260585 0.00286638 0.00347631 0.001327 0.00337953 0.00685309 0.00739882 0.01342 0.905265 0.0191029 0.00431365 0.00191546 0.00106292 
0 0 1.33133e-16 1.38948e-15 3.98304e-08 4.32372e-11 5.73397e-07 1.61867e-07 1.41014e-06 2.53195e-05 2.0092e-06 9.20779e-07 3.48702e-05 2.02459e-06 3.01878e-05 6.30728e-06 9.07232e-07 0.000109338 5.08928e-06 2.34661e-06 2.89117e-06 3.46862e-05 3.46902e-05 0.00144624 0.99826 
8.61414e-06 0.00375876 0.00924819 0.0172253 0.0196299 0.0216883 0.0311117 0.0354538 0.0373213 0.035226 0.0411311 0.039444 0.521344 0.0256494 0.0297107 0.022799 0.012373 0.0151411 0.0121165 0.0151598 0.0135488 0.012494 0.00969423 0.0152865 0.00343605 
3.75469e-06 0.00128288 0.00200286 0.0010417 0.00488579 0.00517583 0.00824741 0.00940515 0.0097006 0.00879946 0.0116088 0.00712904 0.00840202 0.00724682 0.0113061 0.00956118 0.00946384 0.00989416 0.00957594 0.00793191 0.011041 0.0127835 0.813594 0.0156931 0.00422321 
9.91124e-07 3.61255e-05 2.35357e-05 0.000168093 0.000510012 0.0029091 0.00207922 0.00150813 0.00275809 0.0026684 0.00534752 0.00297821 0.00229868 0.00258124 0.00305821 0.00135376 0.00346768 0.00532134 0.00631329 0.0101811 0.919755 0.0152275 0.00448444 0.0021466 0.00282404 
2.24473e-06 0.00524799 0.00875397 0.00561815 0.0101866 0.0150877 0.0216317 0.0266074 0.026648 0.0229971 0.0276056 0.021461 0.0182441 0.0187603 0.0187478 0.0141421 0.00918932 0.00972285 0.00766302 0.0130806 0.00793633 0.0132934 0.659909 0.0136583 0.00380538 
4.27506e-07 0.000887784 4.37432e-06 9.71101e-06 6.12008e-05 0.000246687 0.00112446 0.00256743 0.00675178 0.00593477 0.0101326 0.0045756 0.00433043 0.914604 0.00863004 0.00432328 0.00457745 0.00412729 0.00291933 0.00789189 0.00331518 0.00542822 0.00269915 0.00391665 0.00094022 
2.5064e-05 0.00448086 0.0150417 0.0337194 0.0274014 0.0191675 0.0361819 0.0213916 0.0354611 0.0449603 0.0456987 0.0559873 0.457404 0.0235363 0.0389017 0.027631 0.016037 0.0153037 0.015903 0.0118353 0.0107447 0.0150454 0.00852261 0.0159724 0.00364636 
1.35342e-06 0.00237694 0.00378604 0.00283536 0.0107969 0.017032 0.0207508 0.731678 0.0280366 0.021431 0.0214195 0.017135 0.0136587 0.0139508 0.0141263 0.0131278 0.00744218 0.00803025 0.00976777 0.0110256 0.00783251 0.00831238 0.00249113 0.00792848 0.00502602 
2.95603e-17 4.52461e-15 1.10885e-14 1.77853e-14 4.59322e-14 9.06274e-14 1.12432e-13 2.16737e-10 2.43456e-08 2.89136e-08 1.20563e-05 1.59039e-05 1.60647e-06 5.74107e-06 2.96487e-05 0.000228752 0.000591872 0.000511228 0.000625669 5.43427e-06 0.000643666 0.974821 0.0111015 0.00840802 0.00299826 
1.16347e-12 3.7542e-09 1.34193e-11 1.15703e-10 1.22689e-08 2.38077e-09 1.03082e-05 4.50819e-05 0.000257222 8.212e-05 0.000158572 0.000489031 0.000589422 0.000220643 0.000274609 0.000340275 0.945927 0.0260482 0.010805 0.00212252 0.000840299 0.000591906 0.0011636 0.00645019 0.00358437 
2.26402e-07 0.00073969 9.42058e-07 2.55277e-05 0.000330777 0.000996109 0.00208104 0.00295752 0.00450892 0.00322828 0.00763726 0.00333419 0.00315699 0.00623862 0.461387 0.460624 0.00613772 0.00619162 0.00324769 0.00549009 0.00409192 0.00571768 0.00308977 0.00789789 0.000888391 
7.52601e-09 2.47632e-05 5.04268e-08 1.31296e-07 6.69574e-06 1.44662e-05 0.000178096 0.000278873 0.00170739 0.00136025 0.0025748 0.00140564 0.0008387 0.000993878 0.00102956 0.000644445 0.00119473 0.000728111 0.00179171 0.00151301 0.00239789 0.95758 0.0111693 0.00854295 0.00402453 
2.56963e-07 0.000845401 1.06445e-06 4.26447e-06 3.8978e-05 0.000135729 0.000784275 0.00239549 0.00631079 0.00466827 0.00976089 0.00435882 0.00395028 0.917851 0.00813059 0.00397974 0.00433099 0.00397338 0.00312378 0.00789973 0.00371772 0.0058761 0.00263282 0.00421134 0.00101867 
0 0 0 0 0 0 0 0 0 0 0 0 0 0 0 0 0 0 0 0 2.1639e-11 1.00131e-05 0.000219707 0.996607 0.00316309 
5.97909e-09 1.96714e-05 2.55253e-08 1.30486e-06 1.92944e-05 0.00012056 0.000201298 8.2425e-05 0.000861016 0.000705556 0.00235825 0.00100368 0.000992686 0.000936631 0.000894207 0.000495347 0.00125441 0.000686619 0.00168542 0.00148521 0.00234906 0.962541 0.011892 0.00784754 0.00156654 
1.04719e-05 0.000717395 0.0299008 0.0351275 0.0581614 0.159113 0.106027 0.178927 0.0219406 0.0213761 0.0568896 0.0391998 0.149082 0.0174287 0.0226453 0.0130365 0.00634865 0.0114741 0.00795931 0.0312306 0.00907403 0.0079582 0.0051483 0.00842497 0.00279865 
1.9128e-07 2.46064e-05 6.86708e-06 5.3743e-05 0.000216142 0.00453279 0.0020622 0.00152977 0.00280645 0.00225091 0.00525646 0.00336327 0.0019751 0.00257 0.0028136 0.0010929 0.00247674 0.00770623 0.00599682 0.0119803 0.00795315 0.923454 0.00691889 0.0018204 0.0011387 
3.46581e-08 0.000114028 1.39991e-07 5.99213e-10 2.45749e-08 5.24916e-07 1.84296e-06 7.2991e-05 9.97441e-05 2.89713e-05 0.000151698 0.000613575 0.000594328 0.00031067 0.00028244 0.000473402 0.00076472 0.000707437 0.0013883 0.000967714 0.00113054 0.00619484 0.974375 0.00818393 0.00354349 
2.72429e-16 1.08605e-14 1.0584e-13 1.68949e-13 5.34968e-13 8.5474e-13 2.39838e-12 2.59357e-09 8.07742e-08 1.11035e-07 2.79944e-05 0.000125638 9.70419e-05 1.01845e-05 3.39575e-05 0.000251945 0.000633107 0.000579431 0.00070024 0.978631 0.0108398 0.00489464 0.000617133 0.000590497 0.00196723 
1.58934e-06 0.000957026 0.000925419 0.00381944 0.0147701 0.0197181 0.0279275 0.670134 0.032565 0.0266812 0.0280722 0.022573 0.0189255 0.0191098 0.0197772 0.0141699 0.00881626 0.0105122 0.0100143 0.0118538 0.0123545 0.00959035 0.003373 0.00909254 0.00426627 
1.40656e-07 3.12828e-05 3.1122e-05 0.00017773 0.000287339 0.00229169 0.00216172 0.00192627 0.00348858 0.00233469 0.00406767 0.00313176 0.00184288 0.00204846 0.00277991 0.00116693 0.0020301 0.0020854 0.0043052 0.00332316 0.00312995 0.949144 0.00382747 0.00251861 0.00186827 
1.87818e-08 6.17929e-05 7.59846e-08 2.34945e-10 1.08082e-07 6.264e-07 8.34904e-05 0.000452479 0.00253314 0.00139483 0.0023752 0.00204616 0.00179714 0.00139679 0.00202841 0.94448 0.00662301 0.00881104 0.00248701 0.00504637 0.00109003 0.00254903 0.00385334 0.0100193 0.000870768 
4.55166e-07 3.39915e-05 4.77342e-05 0.000283144 0.000586891 0.000930529 0.00159756 0.00144188 0.00319442 0.00274161 0.00364072 0.00274663 0.00180889 0.00218519 0.00212356 0.00121177 0.00134371 0.00143501 0.00226923 0.00204121 0.937765 0.0228857 0.00263436 0.00222235 0.00282877 
1.3351e-07 2.17481e-05 4.0649e-06 1.65645e-05 0.000106315 0.00231386 0.00187935 0.00140243 0.00276565 0.00195242 0.00489974 0.00289666 0.00182223 0.00238628 0.00274078 0.00103578 0.00191966 0.00413597 0.00556349 0.0106567 0.922478 0.0240102 0.00277116 0.00180709 0.000413392 
5.29097e-09 1.74099e-05 4.02079e-08 7.15579e-08 7.67533e-07 5.61465e-06 0.000142581 0.000149301 0.00136858 0.00113929 0.00240779 0.00125562 0.000794975 0.000885947 0.000906675 0.000487208 0.00117528 0.000661425 0.00168863 0.0014606 0.00209708 0.970757 0.00895742 0.00126466 0.00237642 
2.18431e-06 0.000838748 0.000982844 0.00510208 0.0113573 0.017675 0.0268129 0.0319833 0.0315579 0.0287583 0.0317829 0.0254818 0.0214279 0.642705 0.0239142 0.0133776 0.00855601 0.0102965 0.00932551 0.0135584 0.0129735 0.0122003 0.00619375 0.010767 0.00236936 
4.15419e-06 0.00131484 0.00216551 0.00296254 0.686828 0.0472968 0.0131003 0.0196406 0.0198007 0.0163737 0.0146584 0.0126054 0.0133232 0.0172391 0.0199395 0.0119815 0.0133898 0.00853306 0.00973475 0.00962081 0.0232234 0.00851257 0.0126115 0.008999 0.00614086 
2.0218e-06 0.00251985 0.00343913 0.00461536 0.00811347 0.0157644 0.020513 0.0237924 0.0252017 0.0207481 0.0289256 0.698178 0.0167271 0.0177442 0.0157691 0.0166058 0.00692842 0.00810573 0.0108015 0.015741 0.00780186 0.0118544 0.00687751 0.010084 0.00314612 
1.14816e-05 0.000890291 0.00528599 0.010933 0.0221271 0.0229841 0.0354313 0.0344148 0.0383933 0.545628 0.042329 0.0339995 0.0246382 0.0235807 0.0382248 0.0157921 0.0099116 0.0105414 0.0116108 0.0161461 0.0134587 0.0128904 0.00755562 0.019232 0.00398964 
1.51835e-07 0.000499549 6.35829e-07 8.92149e-07 1.6395e-05 0.000124758 0.000442829 0.00103745 0.00447769 0.00313555 0.00706836 0.00310469 0.00279112 0.00288537 0.00490314 0.00339454 0.00514533 0.91892 0.013411 0.00719758 0.00282763 0.00546904 0.00373412 0.00697518 0.00243723 
2.00155e-12 6.58308e-09 8.34448e-12 1.78674e-10 1.24077e-09 2.17521e-09 2.46735e-07 3.64854e-08 1.89599e-06 2.30303e-06 2.91544e-05 0.000336644 0.000318186 4.2197e-05 3.47947e-05 0.000273194 0.000649384 0.000540514 0.000950333 0.000292218 0.986783 0.00745375 0.000655762 0.000761569 0.000875071 
6.06744e-06 0.000922726 0.000216505 0.00178932 0.00585412 0.00952374 0.0143997 0.0147938 0.0172421 0.0166944 0.727238 0.0169378 0.0155917 0.0114544 0.0183155 0.010553 0.0153292 0.00618547 0.0104501 0.0183891 0.0258119 0.0118587 0.0147201 0.0129222 0.0028003 
7.38807e-07 0.000262851 0.000287245 0.00303494 0.0103852 0.0203699 0.689861 0.0262236 0.0245692 0.0233085 0.0202035 0.0179767 0.0179937 0.0234614 0.0220978 0.0125079 0.0131656 0.0130039 0.010329 0.0127837 0.0195801 0.00850187 0.0025653 0.00561086 0.00191532 
2.73657e-06 7.87386e-05 7.62263e-05 0.000549837 0.00183094 0.0063212 0.00468133 0.00356747 0.00432375 0.00522255 0.00999137 0.00490257 0.00480846 0.00441762 0.0062073 0.00245993 0.00838035 0.0133284 0.0139244 0.856065 0.0183357 0.0168195 0.00868703 0.00444043 0.000577378 
2.53662e-09 8.34544e-06 1.02763e-08 2.01992e-08 1.63708e-07 5.65594e-07 4.8577e-05 1.24382e-05 0.00021503 0.000379974 0.00172964 0.000491624 0.000753486 0.000883893 0.00321947 0.966264 0.0066672 0.0046827 0.00099473 0.000605635 0.00232921 0.00155092 0.000795779 0.00808216 0.000284824 
1.81908e-06 0.00275722 0.00453148 0.00389968 0.00881953 0.0140784 0.018832 0.373282 0.0249824 0.0197238 0.375284 0.0199853 0.01431 0.0160343 0.0153108 0.0133561 0.00775828 0.00892583 0.00926601 0.0117115 0.0076614 0.0107503 0.00421412 0.0107065 0.00381774 
1.39192e-07 0.000457952 5.62394e-07 3.60433e-08 4.44277e-07 6.45654e-06 0.000233596 0.000542662 0.002634 0.0022153 0.00627492 0.00244098 0.0021096 0.00256844 0.00420263 0.935863 0.0039362 0.00698809 0.00344787 0.00500899 0.00315157 0.00461033 0.0039546 0.00835304 0.000998278 
3.4496e-07 0.00087002 2.75907e-06 2.24639e-05 0.000224719 0.000554173 0.00153735 0.00328806 0.00744447 0.00591055 0.00978365 0.004557 0.00350237 0.00569533 0.00923116 0.00852138 0.00942464 0.00893954 0.00502343 0.00792445 0.00444106 0.00711807 0.00399691 0.00791632 0.88407 
8.53345e-11 3.16749e-08 2.30643e-09 1.32933e-08 4.71597e-08 1.76663e-07 2.21076e-05 4.06781e-06 4.49368e-05 4.10622e-05 0.000112957 0.000268094 0.00017047 8.49233e-05 7.39993e-05 0.000143683 0.000243545 0.000478547 0.000876559 0.00027915 0.990504 0.00417189 0.000438531 0.000593034 0.00144797 
1.04204e-06 0.000285679 0.000578514 0.657296 0.0342837 0.0268685 0.0215323 0.0222446 0.0202083 0.0238798 0.0282702 0.0198498 0.0184163 0.0187971 0.021974 0.0183328 0.00335828 0.0125504 0.00717481 0.0141921 0.00906857 0.00617089 0.00508081 0.00555142 0.00403397 
9.63767e-08 0.000255109 7.1866e-07 6.10681e-07 9.81196e-06 3.19753e-05 0.000272407 0.000821895 0.922843 0.0120612 0.0091 0.00154014 0.00143981 0.00335252 0.00908747 0.00444138 0.00275876 0.00206463 0.00279799 0.0100166 0.0022746 0.00254241 0.00279724 0.00481562 0.00467433 
1.34558e-16 5.36422e-15 5.22764e-14 8.34469e-14 1.89192e-13 4.22128e-13 4.97038e-13 3.2342e-10 3.0179e-08 4.27762e-08 2.42945e-05 1.42557e-06 6.49563e-07 3.50513e-06 2.5282e-05 0.000169558 0.997494 0.000540186 0.000530312 5.59283e-06 0.000228533 0.000413019 8.39847e-05 0.000471012 8.49156e-06 
3.2757e-07 2.29926e-05 9.65239e-06 5.11443e-05 0.00021519 0.00359952 0.00210862 0.00148581 0.00289042 0.00205574 0.00576944 0.00308112 0.00195663 0.00260458 0.00325061 0.00211401 0.00313716 0.896089 0.0193353 0.0166056 0.00661593 0.0136636 0.00423706 0.00694423 0.00215651 
1.21181e-06 0.00057617 0.00107059 0.633622 0.0293207 0.0249141 0.0251687 0.0222202 0.0200862 0.0265702 0.02855 0.0216499 0.020836 0.0184271 0.0235143 0.0188558 0.0110378 0.0119205 0.00681658 0.0153143 0.017836 0.00609796 0.00507236 0.00697234 0.00354958 
3.60707e-06 0.00479417 0.00880623 0.00711181 0.014098 0.0228427 0.0285561 0.0327094 0.61121 0.0340369 0.0353142 0.0250494 0.0205334 0.0214664 0.0243775 0.0188593 0.00914668 0.0100755 0.0112033 0.0179821 0.00954644 0.0100263 0.00632695 0.0110982 0.00482512 
3.7266e-06 0.000733502 0.486315 0.0113583 0.190269 0.0126226 0.0150385 0.0146247 0.0174914 0.0178786 0.0197578 0.0212311 0.0135343 0.103217 0.0145471 0.0142315 0.00418611 0.00911295 0.00458057 0.00698522 0.00583183 0.00505849 0.00364158 0.00568884 0.0020607 
4.59787e-06 0.00525236 0.0117865 0.0122312 0.125484 0.017714 0.317789 0.103281 0.0288785 0.100472 0.0270839 0.0275143 0.0156103 0.0975623 0.0182695 0.0183295 0.00760222 0.0136273 0.00855 0.00975275 0.00706213 0.00766464 0.00491232 0.0103847 0.00318102 
4.13905e-06 0.000834728 0.0020192 0.00731583 0.0143628 0.0201491 0.0292324 0.0321503 0.0332619 0.0289398 0.0329377 0.0265098 0.615247 0.0251708 0.0242507 0.0157376 0.0100289 0.0109753 0.00932918 0.0149526 0.010074 0.0115045 0.00741875 0.0144586 0.00313414 
2.62131e-08 8.62422e-05 1.06035e-07 1.76306e-08 2.44541e-07 8.08315e-07 0.000110451 0.000454063 0.00212951 0.00185096 0.0048346 0.00208374 0.00185666 0.00169893 0.00292281 0.949758 0.00395137 0.00580616 0.0027496 0.00422112 0.00203973 0.00316403 0.00294707 0.00641736 0.000915991 
2.53759e-06 0.00454872 0.00853289 0.291777 0.0245829 0.030455 0.025668 0.0278668 0.027003 0.311356 0.0343044 0.023639 0.0216342 0.0241772 0.0267739 0.0207575 0.00787754 0.0137985 0.00985677 0.0153778 0.0187943 0.00984927 0.00779636 0.00983092 0.00373913 
6.90868e-12 2.27277e-08 2.8202e-11 6.09909e-10 4.03377e-09 7.44532e-09 3.34131e-07 9.30792e-08 2.38745e-06 2.83933e-06 2.84578e-05 5.49311e-05 2.84207e-05 0.000107177 3.72868e-05 0.000253425 0.000611188 0.00056274 0.00095895 6.84423e-05 0.000919621 0.9721 0.0100874 0.00746104 0.00671492 
2.99041e-15 1.19214e-13 1.16179e-12 1.85452e-12 4.16367e-12 9.38127e-12 1.1013e-11 1.63241e-09 7.21917e-06 1.32233e-05 3.79846e-05 3.67095e-05 1.29187e-06 9.07017e-06 9.04333e-05 0.000929227 0.000607754 0.00154297 0.991941 0.000863317 0.000339787 0.000541605 0.00127398 0.00173469 2.95569e-05 
1.1754e-07 1.8546e-05 3.7982e-06 1.24518e-05 9.6742e-05 0.00181251 0.00177389 0.00140747 0.00271987 0.00187403 0.00424241 0.00271399 0.00177507 0.00222881 0.00277353 0.00165612 0.00257981 0.923791 0.0155182 0.00888458 0.00455556 0.00997925 0.00266277 0.00509783 0.00182119 
4.20557e-07 0.000922022 4.16116e-06 2.62755e-05 0.000289086 0.000783635 0.00220573 0.00422856 0.00693647 0.00602343 0.0116863 0.00509383 0.00459999 0.00694784 0.00854867 0.00505673 0.901417 0.00643996 0.00359829 0.00714625 0.00364367 0.00665806 0.00237538 0.00407626 0.00129156 
9.52153e-06 0.00572547 0.0127429 0.0182386 0.0243628 0.0301099 0.0363784 0.04062 0.041748 0.0411826 0.042808 0.0388298 0.0298572 0.0313793 0.0314716 0.027305 0.013988 0.0177182 0.0158599 0.0197444 0.016175 0.0158539 0.0109828 0.42866 0.00824774 
9.62484e-08 2.0627e-05 2.18674e-06 9.55226e-06 4.72522e-05 0.000128768 0.000294287 0.000624923 0.00192359 0.00162662 0.00274591 0.0015629 0.000900813 0.00103975 0.00146253 0.000980782 0.00122924 0.00107864 0.0020885 0.956537 0.0143021 0.00714704 0.000890704 0.00132346 0.00203254 
1.13941e-05 0.00463421 0.543527 0.090067 0.019258 0.0135366 0.0206331 0.0184409 0.0206874 0.0261088 0.0241459 0.0314548 0.0144129 0.0145602 0.020949 0.0216268 0.0070864 0.0184008 0.00874355 0.0108053 0.0148943 0.00830242 0.0342998 0.0105791 0.00283431 
1.29413e-05 0.0037036 0.00829491 0.0116194 0.0177291 0.0138475 0.0213196 0.020532 0.0185103 0.022987 0.0284315 0.0218926 0.0169692 0.0170003 0.0264632 0.0144662 0.639933 0.00878222 0.0126598 0.0146259 0.0194532 0.0110395 0.0158769 0.0119171 0.00193324 
2.01381e-06 0.00274331 0.00409246 0.00451909 0.00883662 0.0178596 0.0224066 0.0275435 0.0306568 0.0254985 0.028785 0.0205001 0.0179077 0.0195721 0.0183383 0.0191808 0.0121309 0.0123313 0.0110419 0.0156531 0.00911305 0.0146071 0.00621713 0.00986815 0.640595 
2.02149e-14 8.0588e-13 7.85361e-12 1.25364e-11 1.17139e-08 7.05673e-11 9.145e-06 3.98617e-05 0.000228379 9.03922e-05 9.09175e-05 0.000376951 0.000282566 0.000163273 0.000158434 0.000403809 0.000690782 0.000691272 0.000871978 0.000884579 0.000610695 0.977802 0.0137449 0.00195453 0.000905155 
0.000632188 0.0255163 0.0346338 0.0426861 0.0291254 0.0164323 0.034629 0.0227753 0.039424 0.0567652 0.0519145 0.055877 0.0298489 0.0259245 0.0763412 0.0271314 0.033605 0.0307939 0.0234297 0.271515 0.0140866 0.0179815 0.00729104 0.0222947 0.00934526 
1.27726e-06 0.00188435 0.00335575 0.00423802 0.00939395 0.0653556 0.764421 0.0153923 0.013627 0.0121542 0.0123961 0.0111992 0.01017 0.0138874 0.010082 0.00912843 0.00405581 0.00731862 0.00581644 0.00631913 0.00676048 0.00475386 0.00271287 0.00338585 0.0021902 
2.6745e-07 0.000879914 1.11315e-06 4.24853e-06 3.5507e-05 0.000151698 0.000875315 0.002491 0.00674786 0.00496436 0.00971639 0.00440034 0.00342058 0.00480537 0.00812746 0.900714 0.00769774 0.00870465 0.00351867 0.00787638 0.00355723 0.00685864 0.00442782 0.00884981 0.00117357 
4.64573e-09 1.52848e-05 1.87674e-08 5.90406e-10 4.34802e-09 5.67816e-07 9.09348e-07 3.25177e-06 2.76853e-05 6.41869e-05 0.000851251 0.000621542 0.000590953 0.00018974 7.87448e-05 0.000384417 0.00082461 0.000608447 0.00142112 0.000874757 0.00126645 0.972215 0.0128766 0.0055582 0.00152651 
6.3103e-07 0.000152351 0.000301427 0.00264617 0.00926961 0.0181505 0.707392 0.033351 0.0242584 0.0208172 0.0177829 0.0163984 0.0171319 0.0184847 0.0192539 0.0129116 0.0144194 0.0131654 0.00904524 0.0101398 0.0153841 0.00739829 0.00283234 0.00599084 0.00332166 
1.38104e-07 0.000454375 5.78693e-07 6.26399e-07 1.72102e-05 9.96765e-05 0.000699658 0.00126657 0.00591393 0.0038659 0.00728533 0.00373271 0.00264135 0.00308814 0.00463507 0.00304716 0.906338 0.0258273 0.00342552 0.00669237 0.0029697 0.00526107 0.00261226 0.00555489 0.00457077 
5.81563e-08 0.00138908 0.00821337 0.0034877 0.00244004 0.0042543 0.00115908 0.00190112 0.00407737 0.00249966 0.00644106 0.0135307 0.00311403 0.00595567 0.00383848 0.0079446 0.00195597 0.00442108 0.00198734 0.00319098 0.00438141 0.902673 0.00566895 0.00277708 0.00269834 
1.31165e-07 2.11856e-05 4.25257e-06 1.34313e-05 0.000104148 0.00214498 0.0017608 0.00138891 0.00278043 0.00191228 0.00438147 0.00289318 0.0017875 0.00224105 0.00285886 0.00147601 0.00189484 0.00573327 0.932752 0.00986687 0.00515458 0.0120012 0.00262673 0.00377403 0.000428261 
0 0 0 0 0 0 0 0 0 3.4101e-12 3.9305e-13 2.71264e-11 3.12697e-11 7.83407e-11 3.12284e-08 5.29574e-07 3.14369e-09 2.39437e-06 3.2147e-08 6.16749e-05 0.000147241 0.000210678 0.000267172 0.000594261 0.998716 
1.33598e-06 0.00119723 0.000380942 0.0018726 0.00655217 0.00922766 0.0165679 0.0176119 0.018602 0.0166518 0.0250663 0.0162371 0.0161127 0.0136614 0.0144805 0.0136698 0.00625049 0.00912913 0.0126705 0.0176054 0.0193254 0.0157749 0.0106477 0.0167831 0.70392 
2.3401e-06 0.00010151 8.53305e-05 0.00071834 0.00218062 0.00657683 0.00372524 0.00325564 0.00378065 0.00513149 0.00744918 0.00377113 0.00399203 0.00343033 0.0048981 0.00284208 0.00622964 0.860246 0.0163362 0.0168468 0.0158807 0.0149165 0.00898668 0.00574652 0.00287059 
2.07989e-06 0.0031432 0.00718726 0.0139864 0.0139058 0.180121 0.0194522 0.0199619 0.0286183 0.148567 0.123036 0.0234741 0.293968 0.0193653 0.0226238 0.0179142 0.00597442 0.00850957 0.00734407 0.0110667 0.00708511 0.00894504 0.00554038 0.00762944 0.00257773 
6.1955e-12 1.9934e-08 4.5948e-11 1.3615e-08 4.16919e-09 8.06968e-09 1.77009e-08 1.7071e-07 5.82808e-07 4.44612e-07 1.96091e-07 2.33796e-07 2.19144e-07 5.91002e-05 2.40601e-06 6.55998e-06 7.79481e-06 5.64306e-06 0.000501502 3.52599e-06 0.000185812 5.87097e-05 2.31149e-05 0.992164 0.00698036 
2.35603e-09 7.75111e-06 9.56796e-09 3.18006e-08 3.09511e-07 1.27095e-06 6.32411e-05 1.2791e-05 0.000671305 0.000471887 0.0021164 0.000761846 0.000767413 0.000881915 0.00108619 0.000366273 0.00375112 0.942297 0.0163631 0.0132032 0.00397556 0.00184341 0.00114153 0.00811521 0.00210128 
1.39713e-05 0.00153749 0.00520296 0.0143809 0.0161921 0.0171324 0.125247 0.0263498 0.253567 0.028819 0.0280402 0.0300228 0.0198746 0.0195856 0.0231689 0.0164284 0.00795337 0.0115497 0.303984 0.0105771 0.00963383 0.00881987 0.00692695 0.0119759 0.00301679 
1.7117e-06 0.000354298 0.000850372 0.0141251 0.0275038 0.0308538 0.6293 0.0254626 0.024796 0.0266963 0.033001 0.0226112 0.0205851 0.0224691 0.0264218 0.0177199 0.00465099 0.0137829 0.00775606 0.0154939 0.0145248 0.00662067 0.00497565 0.00753668 0.0019063 
1.44494e-06 2.99827e-05 3.51886e-05 0.000155449 0.000736965 0.00174782 0.00194124 0.00136319 0.00299266 0.00237149 0.0051518 0.00310105 0.00219124 0.00262671 0.00349724 0.00189288 0.00250166 0.00812733 0.92331 0.00816494 0.00693792 0.00943026 0.0052867 0.00597198 0.000432586 
4.83732e-06 0.00476764 0.00857857 0.00911822 0.0128507 0.0183562 0.0214468 0.0257262 0.0268748 0.0259132 0.174442 0.0219219 0.0192646 0.01862 0.018023 0.217166 0.00962217 0.291129 0.014146 0.0166462 0.0094215 0.013264 0.00656687 0.0127493 0.00338069 
2.80044e-07 2.82155e-05 7.33296e-06 3.87975e-05 0.000140635 0.0012524 0.0012452 0.00105404 0.00233988 0.00171506 0.00375883 0.0020257 0.00137194 0.00165492 0.00188424 0.000999965 0.00177715 0.00222529 0.00433159 0.00531182 0.319612 0.635235 0.00676292 0.00401408 0.00121247 
7.403e-15 3.27438e-13 2.87228e-12 4.58574e-12 3.63355e-09 2.54168e-11 3.96561e-06 1.23527e-05 8.60133e-05 3.3966e-05 2.53008e-05 0.000256145 0.000318372 0.000112186 7.7789e-05 0.000284423 0.993911 0.000979156 0.000748006 0.000631274 0.000273753 0.000539358 0.000262109 0.00136186 8.30852e-05 
2.6685e-09 8.78163e-06 2.95583e-08 8.09986e-08 9.30094e-07 3.70351e-06 0.000151011 0.000167614 0.00146452 0.00129901 0.00226792 0.00120597 0.000791488 0.000913546 0.00105301 0.00110045 0.00147633 0.00210905 0.974547 0.00210173 0.00206637 0.00167332 0.00156466 0.00380582 0.000227913 
1.47331e-06 0.000739635 0.000191722 0.00222613 0.00722691 0.0148895 0.0197941 0.0199175 0.0229627 0.71 0.021942 0.0145262 0.0153395 0.0137454 0.0202716 0.0127307 0.0155774 0.00732254 0.0104714 0.0243955 0.0201363 0.00871413 0.00653202 0.00779312 0.00255226 
3.42121e-07 0.000161075 0.000108749 0.00244081 0.0140821 0.780547 0.0116802 0.0172142 0.0158709 0.0132433 0.0111625 0.0108249 0.0108079 0.0139443 0.0117349 0.0078622 0.00780398 0.00646918 0.00881205 0.00997483 0.0260079 0.00605816 0.0033841 0.00509971 0.00470476 
5.06265e-07 0.000923604 5.8338e-06 2.18596e-05 0.000258758 0.000663754 0.00224125 0.00345355 0.00819903 0.00689864 0.0107143 0.00584544 0.00432625 0.00673171 0.884077 0.0062333 0.006515 0.00954539 0.00353579 0.00824785 0.00432104 0.00639607 0.00499765 0.0146732 0.00117324 
1.01683e-06 0.000364775 0.000515742 0.00427081 0.69832 0.0337461 0.017812 0.0222796 0.02351 0.0197159 0.0179436 0.0148598 0.0145829 0.0156941 0.0169456 0.010829 0.0086419 0.00724139 0.00944927 0.0106343 0.0281013 0.00891551 0.00481281 0.00594137 0.00487088 
1.26125e-07 1.83675e-05 3.13632e-06 5.2199e-06 6.12234e-05 0.000645192 0.00158298 0.00131588 0.002737 0.00190066 0.0031351 0.00251728 0.00171119 0.0019596 0.00265963 0.00125627 0.0018845 0.00132613 0.950415 0.0123357 0.00265407 0.00751148 0.000921421 0.00106143 0.000381544 
2.06801e-07 0.000139357 1.48278e-05 0.000256859 0.00109604 0.00368066 0.0672242 0.00464881 0.00605663 0.00410475 0.00578107 0.00410178 0.00333174 0.00313263 0.00349531 0.00317806 0.00215755 0.00440246 0.722627 0.00629571 0.00372187 0.142473 0.00334949 0.00401189 0.000717671 
1.15963e-07 1.70167e-05 2.53145e-06 4.79328e-06 5.70505e-05 0.000324894 0.00119863 0.000986452 0.00239023 0.0017817 0.00287635 0.00217257 0.00142819 0.00184221 0.00215582 0.00152053 0.00155362 0.000984879 0.00360283 0.964237 0.00220745 0.00500502 0.00106272 0.00225592 0.000331066 
0.0027755 0.0318848 0.724594 0.0111015 0.00213444 0.00816106 0.0130179 0.00879043 0.0187961 0.0144545 0.0309934 0.00645958 0.00762592 0.0180983 0.02612 0.00573828 0.0164337 0.0142936 0.00829343 0.0113064 0.00224634 0.00357254 0.00124938 0.00606791 0.00579136 
1.21795e-07 2.07974e-05 3.33267e-06 1.32459e-05 9.86599e-05 0.00189808 0.00170291 0.00136753 0.00274975 0.00191356 0.00413205 0.00280172 0.00176853 0.00220768 0.00266543 0.00103133 0.00193033 0.00344974 0.0048108 0.929206 0.0184613 0.0139742 0.00200384 0.00138061 0.000407978 
1.74302e-08 5.73458e-05 7.05286e-08 1.33486e-09 1.05745e-07 1.54616e-06 8.31334e-05 0.000390726 0.00225661 0.00151079 0.00413617 0.00216235 0.00196781 0.00148703 0.00199221 0.94775 0.0129399 0.00436145 0.00276972 0.0049135 0.00157665 0.00316193 0.00206186 0.00359922 0.000819404 
1.1166e-12 2.53972e-09 1.38651e-10 2.79053e-10 8.84709e-10 1.88513e-09 3.2335e-09 1.84757e-05 0.00145823 0.00207054 0.975447 0.001827 7.24863e-06 4.24657e-05 7.39917e-05 0.000284197 0.000645344 0.000942074 0.000906662 1.2289e-05 0.000277062 0.000959951 0.000155566 0.0141957 0.000676196 
2.48392e-07 2.16553e-05 7.73003e-06 5.67429e-05 0.000172123 0.00308398 0.00199338 0.00146738 0.00275254 0.00208472 0.00503402 0.0030984 0.00195541 0.00246697 0.00297579 0.00178875 0.00252135 0.908011 0.0177126 0.012462 0.00673555 0.0132536 0.00370044 0.00515109 0.00149233 
7.47477e-09 2.45918e-05 3.02895e-08 1.59565e-08 1.55797e-07 1.12447e-06 3.49006e-05 0.000177421 0.00108148 0.00116146 0.00331504 0.00171579 0.00162217 0.00112139 0.00257785 0.949668 0.00482539 0.00795422 0.00239944 0.0030389 0.00259898 0.00287857 0.00349234 0.00949067 0.00082046 
0.000179002 0.0099432 0.0187492 0.0374346 0.0186595 0.0176161 0.0321682 0.0238146 0.0355902 0.0539201 0.0440332 0.0481219 0.0243805 0.0209861 0.0419079 0.0196829 0.0157426 0.0216201 0.0201728 0.43713 0.0131296 0.0175212 0.00653178 0.0156618 0.00530288 
4.86754e-07 0.000926632 5.41178e-06 1.12387e-05 7.04159e-05 0.000283909 0.00169237 0.00255511 0.0075897 0.00591468 0.0131829 0.901817 0.00888345 0.00532818 0.0072541 0.00420538 0.00240751 0.00167843 0.00227096 0.00885044 0.00305936 0.00788709 0.00341909 0.00739575 0.00330996 
2.39901e-18 9.56379e-17 9.32028e-16 1.48776e-15 3.30088e-15 7.52757e-15 8.80233e-15 9.99471e-11 7.87786e-09 2.6979e-08 2.14073e-05 5.14541e-07 3.69596e-06 1.27044e-05 2.22971e-05 0.000709877 0.972421 0.0173987 0.000779279 3.81035e-05 0.000111444 0.000608456 0.00140224 0.00406108 0.002409 
0 0 0 0 0 0 0 0 6.07583e-05 0.000256917 0.000486363 0.000559376 0.000779417 0.000715842 0.000904901 0.000891713 0.000792738 0.00127358 0.000625334 0.000838736 0.00108967 0.00136237 0.00123025 0.984969 0.00316315 
1.22484e-07 2.37488e-05 2.62394e-06 1.07327e-05 0.000132048 0.000688294 0.00147862 0.00134001 0.00266449 0.00195666 0.00319359 0.00239718 0.0017994 0.00205527 0.00260826 0.00104618 0.00187542 0.00104889 0.00351814 0.0020627 0.95746 0.0100033 0.000846976 0.00136886 0.000418677 
1.04644e-05 0.00282865 0.00626009 0.00804676 0.0148431 0.0242274 0.597312 0.0318017 0.031704 0.027433 0.0302619 0.0274416 0.0230191 0.0313295 0.0318598 0.0190359 0.00760359 0.0175074 0.0141332 0.0113891 0.0113041 0.0130529 0.0054407 0.00938336 0.00277031 
7.14383e-05 0.00258042 0.0124283 0.0285039 0.0292585 0.0158516 0.0305536 0.0252246 0.0342609 0.0363627 0.03813 0.054827 0.475274 0.0268198 0.0514511 0.0217613 0.0160338 0.0172915 0.0127789 0.0124458 0.0151716 0.0131065 0.00803289 0.0182615 0.00351811 
1.93263e-13 7.70453e-12 7.50836e-11 1.19853e-10 2.72649e-08 6.22746e-10 1.6996e-05 0.000187259 0.000840205 0.000921068 0.00186619 0.00133641 0.000910836 0.000722331 0.962035 0.00345006 0.00593355 0.00301506 0.00176492 0.00142922 0.000783245 0.00227885 0.00134628 0.0106041 0.000558823 
0.000300217 0.00742434 0.0208775 0.0381292 0.030614 0.022796 0.0378581 0.0280309 0.0395517 0.0541464 0.0465864 0.0480043 0.0254439 0.0223293 0.0371537 0.0222184 0.0185878 0.0209325 0.0179497 0.399152 0.0140574 0.0181093 0.00797829 0.0146159 0.00715316 
2.66923e-06 0.000831915 0.00170666 0.00223717 0.00339266 0.00572069 0.00587849 0.00544527 0.00617025 0.00716984 0.00850252 0.00605995 0.0054323 0.00503928 0.00636734 0.00417129 0.0054796 0.854892 0.017862 0.0109875 0.0117667 0.00939196 0.00675667 0.00713574 0.00159919 
4.14374e-06 0.000157552 0.000146381 0.00142563 0.00387257 0.00463622 0.00727221 0.00566687 0.00513762 0.00839355 0.0115098 0.00514355 0.0072642 0.00540314 0.0074627 0.00331578 0.0149801 0.00731818 0.0106564 0.841636 0.0237464 0.00983492 0.00990458 0.00460581 0.000506096 
6.15898e-06 0.000108806 0.000143687 0.000947171 0.00263535 0.00530858 0.0053224 0.00457353 0.00483426 0.00570376 0.0113193 0.00502307 0.00567464 0.00488087 0.00783321 0.00415843 0.00943125 0.0100957 0.836506 0.0185008 0.0170569 0.0145178 0.0163455 0.00840192 0.000670827 
0 0 0 0 0 0 0 0 0 0 0 0 0 0 0 0 0 0 0 5.08812e-05 9.16007e-05 0.000115062 0.00012691 0.000163326 0.999452 
8.43397e-15 2.77477e-11 3.41707e-14 7.35323e-13 4.71841e-12 9.03099e-12 2.22023e-11 1.16408e-10 1.44107e-09 1.11046e-09 2.14126e-08 9.16037e-09 3.31054e-08 2.72261e-07 1.04127e-05 1.60673e-05 6.07947e-05 0.000123966 0.000186967 1.3902e-06 0.000112976 0.000259662 0.989836 0.00777885 0.00161297 
1.40993e-07 1.98334e-05 4.78504e-06 3.72994e-05 0.00016509 0.00430353 0.00194673 0.00144917 0.00279294 0.00201307 0.00504558 0.0030334 0.00194342 0.00247178 0.00283702 0.00110573 0.00201062 0.00527923 0.00644779 0.934528 0.00619033 0.0122773 0.0024139 0.00126325 0.000419623 
2.59428e-16 1.03422e-14 1.00789e-13 1.60886e-13 3.61384e-13 8.13871e-13 9.55516e-13 1.11705e-09 1.87053e-06 1.09728e-06 9.58809e-05 7.61902e-06 3.80268e-06 1.93249e-05 7.20646e-05 0.000624546 0.955982 0.0279698 0.0046782 0.000117392 0.000208802 0.000727355 0.00119971 0.00409352 0.00419734 
4.05904e-07 0.000706355 4.85588e-06 2.40348e-05 0.000342253 0.000998574 0.00271684 0.00346998 0.00732733 0.00552482 0.00847234 0.00485707 0.913617 0.0070213 0.00755786 0.00475318 0.0039207 0.00366481 0.00283891 0.00644768 0.00376728 0.00502577 0.00299754 0.00294661 0.000996109 
2.00304e-07 0.000659016 8.09253e-07 6.15073e-06 4.17449e-05 8.30527e-05 0.000364833 0.00150967 0.00314426 0.00235525 0.00635522 0.00240877 0.00221701 0.0033484 0.00530083 0.0033268 0.472398 0.467389 0.00857484 0.00524081 0.00280758 0.00458088 0.00270428 0.00409476 0.00108714 
7.17917e-07 0.000225102 0.000534838 0.0113513 0.702655 0.0244091 0.0206766 0.0192787 0.0187179 0.0216718 0.027099 0.0194107 0.0178481 0.0179436 0.0233415 0.0164618 0.00321946 0.0110451 0.00591002 0.0116512 0.0087339 0.00412188 0.00361854 0.00576152 0.00431264 
6.32687e-08 0.000207374 3.74843e-07 0.000117539 0.000501634 0.000466022 0.000325717 0.000832145 0.000517883 0.000834625 0.00224115 0.00114352 0.000806492 0.00287137 0.00270009 0.00138113 0.000993238 0.00122476 0.00157544 0.964552 0.00951141 0.004662 0.000764576 0.00116317 0.000605919 
1.976e-07 0.000650118 7.98329e-07 4.58848e-08 6.10366e-07 6.1655e-06 0.000232012 0.000872282 0.00326845 0.00244343 0.00736843 0.00273286 0.00269385 0.00323074 0.00509666 0.00722958 0.00874652 0.00685761 0.00431049 0.00618022 0.00328644 0.916515 0.0126906 0.00468141 0.000905856 
0 0 0 0 0 0 0 0 0 0 0 0 0 0 0 0 6.05405e-05 0.000167873 0.000176179 0.000377992 0.000438898 0.000605916 0.000689375 0.000733552 0.99675 
4.29083e-07 0.000914152 4.36717e-06 3.13779e-05 0.000239894 0.000620912 0.00207272 0.00339306 0.00739286 0.00627468 0.0105453 0.005066 0.00440418 0.00608348 0.00939368 0.885558 0.0142725 0.0077717 0.00417611 0.00748767 0.00377397 0.00682608 0.00394347 0.00859501 0.00115801 
7.40875e-07 5.49473e-06 1.35176e-05 2.39074e-05 9.17973e-05 0.000132798 7.68906e-05 0.000183099 0.000144427 0.000117626 0.000267466 7.85829e-05 0.000246755 0.000124287 0.000251331 0.000173239 0.000127195 0.000181066 7.02046e-05 0.000125903 0.000414395 0.000460429 0.000774236 0.0014934 0.994421 
4.53639e-07 0.000919016 4.94586e-06 2.02786e-05 0.000171591 0.000967934 0.00248181 0.00352052 0.00733814 0.00600221 0.0101318 0.00537505 0.900038 0.0061829 0.0093791 0.00479103 0.00545374 0.00481555 0.00488127 0.00845713 0.00375126 0.00677471 0.00444129 0.00311879 0.000981067 
2.72143e-06 0.00263744 0.00396099 0.0056826 0.0112258 0.0177617 0.0257072 0.0293445 0.029438 0.0253287 0.0289088 0.0223646 0.66269 0.0187488 0.0187403 0.0163264 0.0083886 0.00981903 0.00925364 0.0151215 0.00848884 0.00972343 0.00744121 0.00970635 0.00318884 
4.80195e-07 2.54008e-05 1.3264e-05 9.04596e-05 0.000375563 0.00434011 0.00215233 0.00171172 0.00292476 0.00227158 0.00567974 0.00372233 0.00211257 0.0027423 0.00310262 0.00119948 0.00257206 0.0109651 0.900273 0.0217133 0.00841133 0.0183846 0.00322138 0.00155435 0.000440718 
0 0 0 0 3.23831e-47 1.97416e-50 1.57564e-47 8.69266e-44 7.00688e-29 2.03268e-14 2.34287e-15 5.22097e-13 1.82499e-12 2.78488e-12 7.28021e-12 1.245e-11 2.00969e-11 6.47158e-11 4.64614e-11 4.56157e-11 2.83356e-05 0.000254623 0.99106 0.00801869 0.000638682 
1.64049e-07 2.89254e-05 2.32234e-05 0.000240765 0.000335189 0.00161523 0.00215383 0.00203234 0.00312944 0.00213717 0.00447773 0.00325881 0.00224712 0.00266146 0.00245948 0.00137615 0.00193622 0.00377345 0.00450675 0.0056224 0.935258 0.0166364 0.00176489 0.00187382 0.000451403 
0.912445 0.0301187 0.00615905 0.00023212 0.000193559 0.000321695 0.000459189 0.00103887 0.00971803 0.00397874 0.0102417 0.00115162 0.00592616 0.00439332 0.00408301 0.000356231 0.000211208 0.00144318 0.000284145 0.00237565 0.000218038 0.000677543 0.000151703 0.00296118 0.000860105 
8.66805e-07 2.90312e-05 2.51735e-05 0.000250724 0.000720812 0.00209172 0.00115272 0.000904541 0.000660537 0.00127001 0.00122138 0.000756913 0.00116467 0.000720187 0.00153151 0.00134 0.00518249 0.47001 0.474709 0.0119202 0.00877845 0.00383505 0.00426646 0.00649803 0.000959292 
3.98664e-08 0.000131164 1.61041e-07 1.89947e-07 5.02831e-06 2.51553e-05 7.33914e-05 0.000258518 0.000438365 0.000221719 0.00108532 0.000586636 0.000622413 0.000602655 0.000569264 0.000569786 0.484391 0.484875 0.00733022 0.00783154 0.00325037 0.000596437 0.000648829 0.00478809 0.00109895 
