1983
1.64852e-10 4.48439e-08 9.98423e-09 1.35334e-06 2.41473e-07 1.35691e-06 3.89104e-07 5.59615e-07 2.51821e-06 7.85697e-07 2.56036e-06 9.29493e-06 5.50484e-06 2.96285e-05 2.69517e-05 1.74245e-05 2.85226e-05 1.52098e-05 8.98085e-06 1.44111e-05 7.60833e-06 6.27341e-06 1.01236e-05 2.98214e-05 0.99978 
1.24599e-37 3.44535e-36 2.36795e-31 5.27411e-25 2.10374e-21 1.28886e-24 3.3163e-21 4.2512e-18 8.79471e-17 1.19658e-12 2.56081e-11 2.66319e-10 3.46714e-09 2.3854e-09 7.68899e-09 2.36378e-08 2.62274e-08 1.00439e-07 6.87e-08 1.27988e-07 7.93747e-05 0.00106003 0.98984 0.00812171 0.000898287 
1.17145e-06 0.000425018 6.95528e-06 9.20286e-07 1.77723e-06 7.22508e-05 0.00046675 0.00162141 0.00428135 0.00330489 0.00913639 0.00395435 0.00320277 0.00494142 0.882641 0.0170763 0.00931698 0.0152475 0.00367287 0.00663069 0.00332786 0.00620239 0.00658951 0.0167611 0.00111615 
8.37337e-08 1.06959e-05 1.81656e-06 2.1732e-06 9.07843e-06 5.26355e-05 0.000325672 0.000552677 0.00249053 0.00179744 0.0029673 0.0018476 0.00113349 0.00165888 0.00176476 0.00129825 0.00141551 0.00132115 0.00280668 0.96153 0.00521994 0.00722626 0.00279604 0.00140393 0.000367791 
0 0 0 0 0 0 0 0 0 0 0 0 0 0 0 0 0 0 0 0 0 1.51832e-05 5.94265e-05 0.999058 0.000867134 
0 0 0 0 0 0 0 0 0 0 0 0 0 0 0 0 0 0 0 0 0 2.1762e-05 8.00091e-05 0.00015142 0.999747 
0.000110476 0.00253711 0.014738 0.0273393 0.0385462 0.0424643 0.0485355 0.0486308 0.0550541 0.148405 0.0444719 0.044152 0.137973 0.0754981 0.0347942 0.0650099 0.0171547 0.0189229 0.0188414 0.0193439 0.0289516 0.0310233 0.0117228 0.0193868 0.00639257 
2.59867e-08 9.38135e-06 3.088e-06 6.75919e-05 0.000135598 0.000259193 0.000364732 0.000598776 0.00257203 0.00174434 0.00303492 0.00169634 0.00118387 0.00160967 0.00151468 0.00168419 0.00222928 0.00354035 0.00607092 0.00684824 0.0111047 0.020754 0.0114799 0.909984 0.0115104 
1.67886e-06 0.000504939 1.65884e-05 3.79836e-05 0.000582787 0.0018825 0.00429127 0.00568594 0.0132817 0.00910539 0.0142311 0.0152235 0.857099 0.00979847 0.00951825 0.00797516 0.00710894 0.00636566 0.00375594 0.00920726 0.00401954 0.00681389 0.00505563 0.0066382 0.00179832 
1.58818e-05 0.000739377 0.00125103 0.00707642 0.0155483 0.0171276 0.0223084 0.0191892 0.0234277 0.0198061 0.0272712 0.0251014 0.022952 0.542832 0.0174383 0.0124935 0.0143568 0.0165739 0.0254148 0.0418518 0.0481086 0.0469199 0.0146873 0.012168 0.00534056 
1.34121e-07 1.00255e-05 3.31744e-06 5.987e-06 5.92044e-05 0.000369045 0.00139095 0.00128338 0.00291058 0.00196224 0.00330654 0.00234559 0.0019952 0.00242404 0.00255424 0.00194937 0.00361626 0.935215 0.0171569 0.0032189 0.00313935 0.00472865 0.00401186 0.00476668 0.00157637 
3.1452e-08 1.14109e-05 1.86824e-07 6.55781e-08 6.18285e-07 5.5376e-06 0.000199694 5.17714e-05 0.00073944 0.00066767 0.00266334 0.00109845 0.00097747 0.00114148 0.00118124 0.00101003 0.00133149 0.000954743 0.00193006 0.00186173 0.963184 0.0119794 0.00442428 0.00277268 0.00181293 
1.49297e-06 0.000517233 1.05931e-05 6.68926e-06 3.60423e-05 0.000251885 0.0015321 0.00322873 0.00889755 0.0058782 0.014053 0.891708 0.0126509 0.00607885 0.00741565 0.00549275 0.00509363 0.0022379 0.00256836 0.00862738 0.00317577 0.00585987 0.00445983 0.00715974 0.00305822 
3.22177e-07 1.37616e-05 3.36421e-05 0.000177152 0.000324644 0.000772905 0.000884952 0.000633555 0.000483173 0.000545168 0.000503154 0.000610959 0.00110062 0.000325638 0.00058103 0.00100839 0.00195061 0.00115288 0.00243201 0.00536362 0.00250345 0.00228688 0.964819 0.00837851 0.0031137 
3.71585e-08 1.33537e-05 2.4347e-07 3.9382e-07 4.03324e-06 1.74926e-05 0.000175993 7.24354e-05 0.000656855 0.000549791 0.00227264 0.000970621 0.00102672 0.00111835 0.00138334 0.00113975 0.00131629 0.00134563 0.00264381 0.970928 0.00496814 0.00566805 0.00206655 0.00140584 0.000255946 
2.60831e-30 3.86639e-20 7.357e-16 1.33537e-11 5.32294e-08 3.89212e-09 3.10136e-06 2.38295e-06 3.73246e-06 2.58755e-05 8.71908e-06 5.76852e-06 5.31528e-05 1.114e-05 0.00010762 4.00125e-05 3.97039e-05 0.0001669 7.6243e-05 3.12018e-05 2.54789e-05 0.000118745 0.000205276 0.00149937 0.997576 
1.55904e-06 0.000509859 1.28319e-05 1.34918e-05 7.46096e-05 0.000396956 0.00168596 0.003667 0.00934981 0.00723116 0.0116646 0.00614176 0.0105622 0.887816 0.0102202 0.00606696 0.00607122 0.00522346 0.00298958 0.00845298 0.0040345 0.0067025 0.00422653 0.00525538 0.00162923 
5.98166e-05 0.00372897 0.0126219 0.0396772 0.0441583 0.0405028 0.0552971 0.0481289 0.0587454 0.0521105 0.0524024 0.0531935 0.23897 0.0330515 0.0361551 0.0257608 0.0211682 0.0190382 0.0281729 0.0231342 0.0354106 0.0406321 0.0113085 0.019747 0.00682371 
2.39561e-16 7.7457e-15 2.41213e-14 4.54314e-14 5.67139e-13 1.50066e-13 1.06713e-12 1.25888e-09 2.87081e-08 1.24627e-07 1.4922e-05 5.68736e-05 1.52713e-05 7.90247e-05 5.0224e-05 0.000240905 0.000584058 0.000669771 0.000662552 0.000417101 0.00213767 0.969224 0.0128032 0.00982419 0.0032201 
6.15069e-12 2.18039e-09 5.12053e-11 1.67785e-10 2.84603e-08 1.45178e-08 1.18283e-05 6.84195e-05 0.000272393 9.39864e-05 0.000177024 0.000630835 0.000698994 0.000274406 0.000373428 0.000705218 0.929599 0.0332064 0.0145414 0.00445721 0.00101316 0.000648399 0.00325355 0.00641831 0.00355647 
1.19743e-06 0.000433866 7.18154e-06 5.18785e-05 0.000984628 0.00242933 0.00285777 0.00358794 0.00662387 0.00437414 0.00947606 0.00481677 0.00376368 0.00774931 0.44773 0.452055 0.00826955 0.00967215 0.00345615 0.00597438 0.0043576 0.00668434 0.00408196 0.00922571 0.00133598 
4.23917e-08 1.53891e-05 3.90924e-07 4.82724e-07 7.12397e-06 4.74099e-05 0.000336758 0.000565902 0.00248502 0.00164885 0.00299387 0.00176424 0.00110986 0.00156921 0.00138676 0.00125032 0.00145257 0.000860279 0.00183269 0.00186086 0.00328322 0.949154 0.0124864 0.00958244 0.00430624 
0 0 0 0 0 0 0 0 0 0 0 0 0 0 0 0 0 0 0 0 6.46026e-11 1.00134e-05 0.000221578 0.996605 0.00316308 
3.36551e-08 1.22105e-05 2.08095e-07 2.97974e-06 6.18771e-05 0.000209902 0.000365354 0.000148598 0.0015017 0.000986582 0.00282012 0.0013621 0.00124525 0.00128448 0.00120219 0.00112289 0.00149389 0.000781456 0.00172162 0.00182301 0.00298087 0.955044 0.0131018 0.00892699 0.00179951 
1.85138e-07 6.71704e-05 1.09916e-06 1.34491e-07 4.90739e-08 2.30693e-06 2.2831e-06 8.04449e-05 0.000105848 3.70859e-05 0.000181106 0.000796329 0.000720593 0.000388693 0.000252532 0.000932848 0.000926109 0.000784768 0.00144287 0.00108144 0.00141593 0.00826582 0.969806 0.00896016 0.00374867 
2.01919e-15 4.92041e-14 2.07922e-13 3.89814e-13 2.75924e-12 1.22773e-12 3.55837e-11 8.25714e-09 1.13267e-07 6.84673e-07 3.50823e-05 0.000220809 0.0001287 0.000115293 7.13328e-05 0.00029352 0.000628831 0.000779677 0.000704764 0.968778 0.0123208 0.00854297 0.00330886 0.00210232 0.0019683 
2.15408e-05 0.00137005 0.00501085 0.0159709 0.0322166 0.0376121 0.0538982 0.394713 0.056252 0.0402374 0.0423811 0.0416966 0.032302 0.027377 0.0263712 0.0189311 0.0126076 0.0165797 0.0306734 0.0242853 0.0308431 0.0270388 0.00802594 0.0166766 0.0069079 
9.75329e-08 3.53854e-05 5.7927e-07 7.12359e-08 2.33957e-07 3.22918e-06 9.18644e-05 0.000594484 0.00272708 0.00175265 0.00262961 0.00278648 0.00217883 0.00255425 0.00596673 0.92544 0.00821575 0.0143003 0.00275576 0.00533261 0.00151108 0.00273821 0.00545646 0.0116969 0.001231 
5.12224e-07 2.94448e-05 7.25196e-05 0.000468615 0.000750333 0.00121576 0.00194699 0.0023983 0.00418454 0.00343748 0.00438014 0.00343484 0.00254874 0.00312006 0.00274539 0.00190041 0.00166594 0.00169059 0.00303346 0.00253959 0.92095 0.0249264 0.00520862 0.0044544 0.0028973 
9.68341e-07 6.35836e-05 0.000136008 0.00052571 0.00142224 0.00231875 0.00445783 0.00415666 0.00440091 0.00265912 0.00587467 0.00342571 0.00313985 0.00252133 0.00280923 0.00767338 0.0024308 0.13713 0.677683 0.0149969 0.0999174 0.0162834 0.00299464 0.00219612 0.000781225 
3.00225e-08 1.09005e-05 3.02156e-07 2.84805e-07 3.09319e-06 1.75539e-05 0.00027776 0.00040415 0.00206939 0.00138257 0.00282175 0.00162995 0.000998034 0.00122722 0.00124891 0.0011204 0.00143384 0.000754812 0.00171757 0.00187807 0.00300156 0.962037 0.0104742 0.00304894 0.00244217 
7.01264e-05 0.00279495 0.0112778 0.0157477 0.0892546 0.048699 0.149018 0.199915 0.0989326 0.0368109 0.0447314 0.0335196 0.0348618 0.0295854 0.0261057 0.0168753 0.016345 0.0193694 0.0392326 0.0151595 0.0250076 0.0154659 0.0110387 0.011497 0.00868393 
4.21531e-05 0.00220282 0.00855086 0.0202519 0.0314407 0.0390547 0.0536448 0.0521361 0.0540969 0.0390098 0.0455127 0.345295 0.0312997 0.0280323 0.0242794 0.0198753 0.0146431 0.015061 0.0279777 0.0309828 0.0450112 0.0371948 0.00870446 0.0187842 0.00691509 
7.87449e-07 0.0002857 4.76262e-06 2.34735e-06 3.76438e-05 0.000212256 0.000573431 0.00140933 0.00563947 0.00402481 0.00798394 0.00412687 0.00325174 0.00381273 0.00566642 0.00550341 0.0101292 0.890676 0.0186242 0.00842497 0.00468777 0.00625196 0.00874358 0.00740459 0.0025223 
1.05733e-11 3.83449e-09 6.32637e-11 1.85705e-10 1.28078e-09 3.70455e-09 2.19383e-07 6.12528e-08 1.9816e-06 3.36057e-06 3.83468e-05 0.00046419 0.000359233 0.000119397 0.000120233 0.000377993 0.000644193 0.00128839 0.00117904 0.00134002 0.974888 0.0122769 0.00390086 0.00211041 0.000887117 
1.57524e-05 0.000599683 0.00238453 0.00868818 0.0189059 0.0170314 0.0267025 0.0251368 0.0223823 0.0200024 0.0221334 0.017498 0.020973 0.0164779 0.0132435 0.00973144 0.0123679 0.0174561 0.0401401 0.579409 0.0467513 0.0394517 0.0108145 0.00806296 0.00363988 
1.42391e-08 5.16596e-06 8.4593e-08 4.1066e-08 3.53969e-07 1.99942e-06 0.000126331 2.64658e-05 0.00025751 0.00043675 0.00198961 0.000700436 0.000861306 0.00121213 0.00659602 0.951438 0.00998191 0.00955552 0.00132513 0.000697578 0.00245217 0.00178493 0.00142443 0.00851573 0.000610753 
7.24415e-07 0.000262823 4.30156e-06 5.79944e-07 1.038e-06 1.91348e-05 0.000412446 0.000715945 0.00339636 0.00278287 0.00700465 0.0032406 0.00246226 0.00359938 0.00731961 0.913324 0.00799197 0.0136006 0.00377311 0.00536005 0.0035898 0.00539548 0.00492547 0.00940398 0.00141283 
1.43753e-06 0.000493422 1.04394e-05 3.43751e-05 0.000488928 0.00125218 0.00224038 0.00437506 0.0101231 0.00720976 0.0113511 0.00611788 0.00404673 0.00662193 0.0105876 0.0143122 0.0127822 0.0148406 0.00904549 0.010095 0.00616601 0.0096157 0.00715157 0.00932877 0.841708 
1.71124e-08 1.70259e-06 3.91457e-06 1.36094e-05 5.24606e-05 8.02346e-05 0.000238402 0.000161778 0.000151115 9.09267e-05 0.000242837 0.00048585 0.000399121 0.000249304 0.00018345 0.00093145 0.00421937 0.00149752 0.0023084 0.00289509 0.968955 0.00967001 0.00349931 0.0022145 0.00145488 
4.21569e-07 0.000146318 3.04096e-06 1.62765e-06 1.35565e-05 0.00010186 0.000400626 0.00237314 0.896001 0.0209003 0.0115489 0.00212349 0.00156862 0.0037024 0.00980447 0.00877832 0.00517356 0.00247015 0.00268332 0.0122684 0.00279798 0.00368973 0.00262221 0.00546918 0.00535722 
9.91236e-16 2.41547e-14 1.02071e-13 2.87147e-13 3.83083e-10 8.15882e-13 6.04613e-10 7.73823e-07 3.52526e-08 3.26989e-07 2.75882e-05 1.54931e-06 9.19467e-07 3.29807e-05 0.000229475 0.000833142 0.993037 0.00340402 0.000740501 4.83726e-05 0.000420572 0.00043534 0.000130922 0.000621697 3.48479e-05 
3.65455e-06 0.000208572 0.00069024 0.00338271 0.0117606 0.00895661 0.012242 0.00916246 0.0113678 0.00957881 0.0153633 0.015638 0.0116418 0.0090255 0.00697922 0.0109206 0.0111184 0.654698 0.0341236 0.0580274 0.0336826 0.0476668 0.00776161 0.0116176 0.0043823 
1.37189e-07 4.97731e-05 8.14764e-07 1.18995e-07 3.6426e-07 2.98734e-06 0.000114019 0.000567931 0.00242902 0.00229633 0.00535771 0.00275698 0.00221689 0.00281169 0.00566092 0.930415 0.00684783 0.0118623 0.00313812 0.00451159 0.00252448 0.00387807 0.0037794 0.0075534 0.00122409 
2.07716e-14 5.06168e-13 2.13891e-12 4.00044e-12 8.49535e-12 1.13581e-11 2.68896e-11 1.12386e-08 7.30486e-06 1.66879e-05 4.54916e-05 0.000114698 2.73281e-05 6.23407e-05 0.000105623 0.000901072 0.00116678 0.00336796 0.982925 0.00211346 0.00169723 0.000891913 0.00433832 0.00216408 5.50164e-05 
1.60141e-06 0.000531062 1.29186e-05 3.67866e-05 0.000342012 0.0010503 0.00299677 0.00544932 0.00946568 0.00745683 0.0138345 0.00692558 0.00571782 0.00763234 0.00949263 0.00785302 0.875583 0.0119819 0.00442823 0.00843443 0.00421442 0.00794471 0.00244777 0.00464986 0.00151651 
1.25933e-07 1.34169e-05 3.46554e-06 2.03251e-05 7.15859e-05 0.000252511 0.000489193 0.000834992 0.0026827 0.00196171 0.0031739 0.00195198 0.00115104 0.00161377 0.0019528 0.00153241 0.00144533 0.00162579 0.00241148 0.9354 0.0177793 0.0137972 0.00490114 0.00283065 0.00210282 
1.43443e-13 3.49545e-12 1.47709e-11 3.26949e-11 1.98417e-08 1.01351e-09 8.60224e-06 5.14391e-05 0.000247333 0.000110084 0.000111482 0.000558934 0.000344459 0.000303648 0.000213274 0.000560135 0.000699901 0.000772449 0.000890573 0.00106813 0.00107092 0.973964 0.0149724 0.00307299 0.000979271 
1.38398e-06 0.000502137 8.45224e-06 5.6873e-06 4.22757e-05 0.000268244 0.00128363 0.00338516 0.00904679 0.00611733 0.0110831 0.00564429 0.00394285 0.00568921 0.0116376 0.876048 0.0102339 0.0138525 0.00367569 0.00832158 0.00392196 0.00766715 0.00551924 0.0104039 0.00169758 
2.48406e-08 9.01248e-06 1.47486e-07 1.87618e-08 1.43797e-08 2.5149e-06 9.02019e-07 1.30657e-05 6.72014e-05 9.89378e-05 0.0010037 0.0007777 0.000710148 0.000277443 0.000116434 0.000920913 0.000992973 0.00068657 0.00145438 0.00106684 0.00205745 0.966764 0.0143648 0.00685548 0.00175916 
7.27988e-07 0.000264134 4.5089e-06 2.16576e-06 3.59567e-05 0.000199505 0.000974189 0.00185623 0.00750216 0.0049666 0.00846396 0.00496351 0.00314745 0.004497 0.00542412 0.00526444 0.888042 0.0297794 0.0042356 0.00793186 0.00356594 0.00567922 0.00280727 0.0057819 0.0046102 
7.89789e-06 0.00225272 0.010092 0.00523991 0.0050795 0.00843077 0.00181877 0.00234616 0.00730187 0.00321473 0.00744861 0.0191923 0.0042019 0.00791221 0.00661141 0.00847245 0.00232135 0.00455927 0.0021733 0.00394317 0.00525758 0.86686 0.00766021 0.00474472 0.00285713 
5.42732e-40 2.1505e-33 1.24656e-27 2.77673e-21 1.10759e-17 6.77044e-21 8.92082e-18 2.27001e-14 7.3487e-16 9.9712e-12 7.08006e-12 8.9328e-11 6.8179e-10 5.8707e-10 1.69355e-06 4.61008e-06 3.62995e-07 1.22932e-05 9.90445e-07 6.27663e-05 0.000157461 0.000230495 0.000344733 0.000624396 0.99856 
1.08932e-05 0.00114528 0.00220672 0.00955294 0.0233575 0.021318 0.0360607 0.0331759 0.0351246 0.0285143 0.0400095 0.0361404 0.0296823 0.0226662 0.0203775 0.0192844 0.016294 0.0182917 0.0348088 0.0483724 0.0475455 0.0457522 0.0117724 0.0202334 0.398302 
1.17494e-05 0.000585162 0.0022486 0.00773041 0.0210845 0.01877 0.0246434 0.0234486 0.0231532 0.0176219 0.0222679 0.0220548 0.0183733 0.0151221 0.0121982 0.0104462 0.0151053 0.522412 0.0444227 0.0514479 0.0513683 0.0468388 0.010794 0.0112414 0.00660915 
4.6e-11 1.63882e-08 9.67944e-10 1.15964e-07 2.75345e-08 4.64307e-08 5.66524e-08 9.51522e-07 1.40679e-06 5.43787e-07 6.18096e-07 1.94493e-06 6.08441e-06 7.80283e-05 5.3006e-06 4.15325e-05 1.21985e-05 3.35481e-05 0.000561172 4.53212e-05 0.000205105 0.000147095 0.000159598 0.991682 0.00701729 
1.38382e-08 5.02033e-06 8.22857e-08 8.12293e-08 1.06976e-06 4.35201e-06 0.000181409 5.17334e-05 0.00115794 0.000649875 0.00244556 0.00100757 0.000909174 0.00113724 0.00164255 0.00122229 0.00754258 0.923866 0.0211803 0.0161669 0.00414813 0.00236808 0.00399901 0.00815504 0.00215835 
1.15941e-05 0.000657685 0.00192464 0.0102134 0.018565 0.0224317 0.0948598 0.026128 0.0288494 0.0218956 0.0273146 0.395299 0.0237562 0.0164754 0.0177679 0.0115593 0.0110156 0.0120044 0.0201641 0.101134 0.0965337 0.0197663 0.00883782 0.0089888 0.00384526 
3.57386e-06 0.000105817 0.000249159 0.00115437 0.00402707 0.00411235 0.00611339 0.00505491 0.00673778 0.00495202 0.00887749 0.00744622 0.00567681 0.00532642 0.00513865 0.00627812 0.0145676 0.0153801 0.822406 0.0221358 0.0176696 0.0202998 0.00751057 0.00728517 0.00149101 
5.23151e-14 1.29347e-12 5.38175e-12 1.1433e-11 5.38089e-09 2.2617e-10 3.62303e-06 1.42476e-05 9.17866e-05 4.10983e-05 3.42542e-05 0.000345952 0.000347975 0.000159216 0.000192461 0.00106015 0.989146 0.00380366 0.00122153 0.000709025 0.000405425 0.000556415 0.000296542 0.00145499 0.000116135 
1.61522e-08 5.86866e-06 2.26798e-07 3.06903e-07 3.57413e-06 1.3091e-05 0.000286894 0.00043058 0.00210126 0.0015609 0.00265101 0.00150691 0.000972299 0.00130868 0.0013966 0.00164198 0.00234054 0.00380178 0.963596 0.00287443 0.00281476 0.0020807 0.00409088 0.00418929 0.0003314 
2.44337e-05 0.000942337 0.00486359 0.0132028 0.0398473 0.437626 0.0431584 0.0447409 0.0436977 0.0354668 0.0320047 0.0311996 0.0282666 0.0284853 0.0248103 0.0140188 0.0140114 0.0138352 0.0245876 0.0215329 0.0524854 0.0248319 0.00857557 0.0106626 0.00712188 
1.66186e-06 0.000524208 1.48802e-05 4.52794e-05 0.000752296 0.00181544 0.00301178 0.00468829 0.0115721 0.00824809 0.0123165 0.00739817 0.00549886 0.00944254 0.845728 0.0154718 0.00847695 0.0147652 0.00369138 0.00888351 0.00519231 0.00734264 0.00724545 0.0164326 0.00143988 
4.17673e-06 0.000272484 0.00052961 0.00287016 0.00698224 0.00924278 0.0536418 0.0121383 0.0126824 0.0121871 0.120846 0.0143559 0.0107926 0.00871521 0.00886753 0.00632258 0.00768155 0.00840255 0.479417 0.0682316 0.0258895 0.112687 0.0070759 0.0075026 0.00266145 
1.44276e-07 1.21085e-05 3.96218e-06 9.75464e-06 0.000100653 0.000440189 0.00149265 0.00137208 0.00315699 0.00215501 0.00341846 0.00263909 0.00211391 0.00253991 0.00276758 0.00217354 0.00225129 0.00299045 0.00707395 0.948363 0.0035926 0.00560275 0.00262185 0.00266825 0.000439463 
9.20242e-08 3.33868e-05 5.46577e-07 6.87002e-08 2.3443e-07 6.75461e-06 9.06891e-05 0.000515547 0.00248223 0.00195311 0.00467931 0.00295177 0.00239505 0.0026411 0.00307197 0.935524 0.0154114 0.00693841 0.00302654 0.00522341 0.00193589 0.00338436 0.00264067 0.00399575 0.00109739 
1.23876e-10 2.65334e-08 3.52741e-09 2.74034e-08 1.42842e-07 2.23387e-07 3.31452e-07 2.86883e-05 0.00145449 0.0038025 0.965896 0.00412092 0.00110203 0.00042488 0.000253487 0.000453794 0.0019125 0.00104952 0.000915693 3.24041e-05 0.000387219 0.000984341 0.000254794 0.0156382 0.00128814 
3.60747e-06 0.000209831 0.000760396 0.00401178 0.0122122 0.00922311 0.011564 0.00886844 0.0117515 0.00797542 0.0153527 0.0172677 0.0126231 0.00983694 0.00694824 0.00972574 0.00976999 0.678809 0.0337768 0.0564495 0.0290262 0.0331727 0.0070213 0.0102608 0.00337935 
3.92772e-08 1.42497e-05 2.33369e-07 4.92447e-08 2.40395e-07 4.48116e-06 6.45118e-05 0.000208373 0.00118504 0.00150936 0.00368627 0.00216711 0.0019053 0.00235019 0.00639558 0.93136 0.00674886 0.0133596 0.00257279 0.00320064 0.00291627 0.00310503 0.00491925 0.0110946 0.00123178 
1.66237e-06 0.000530797 1.45251e-05 1.59708e-05 9.10836e-05 0.000525723 0.00222549 0.00358892 0.010604 0.00728958 0.0187715 0.87638 0.0135893 0.00599285 0.00737098 0.0057895 0.00379324 0.00200911 0.00242048 0.00926811 0.0033787 0.00860225 0.00382683 0.00923713 0.00468255 
2.09527e-17 5.10581e-16 2.15759e-15 4.86596e-14 1.77307e-10 1.4277e-13 2.79401e-10 3.58351e-07 7.94774e-09 5.08018e-08 2.40523e-05 6.23356e-07 4.52048e-06 0.000180639 0.000113453 0.000925732 0.961039 0.0220357 0.00320945 0.0013889 0.000912949 0.000697902 0.0026705 0.00439301 0.00240279 
0 0 0 0 0 0 0 0 6.4344e-05 0.000259694 0.000496951 0.000587595 0.000818064 0.000722517 0.000913261 0.000925069 0.000856862 0.00138406 0.000666952 0.000925331 0.00110629 0.00139412 0.00173272 0.983979 0.00316677 
1.64897e-07 1.66687e-05 5.24902e-06 2.12864e-05 0.000190503 0.00103131 0.00209713 0.00202858 0.00355773 0.00237593 0.00383216 0.00291175 0.00273177 0.00281887 0.00332739 0.00229459 0.00866833 0.00247836 0.00480062 0.00437577 0.927145 0.0155831 0.00419941 0.00298296 0.000525186 
1.47548e-12 3.59549e-11 1.51937e-10 3.00276e-10 4.71775e-08 8.34304e-09 1.59703e-05 0.000221903 0.000942843 0.00128068 0.00212137 0.00175788 0.00112657 0.00237859 0.948751 0.00674472 0.00755008 0.00577592 0.002013 0.00165426 0.00121461 0.00249172 0.00154994 0.0117835 0.00062584 
0 0 0 0 0 0 0 0 0 0 0 0 0 0 0 0 0 0 0 5.08812e-05 9.18827e-05 0.000115062 0.00012691 0.000163326 0.999452 
5.46594e-14 1.98297e-11 3.25099e-13 1.47767e-12 1.04956e-11 2.64398e-11 3.69865e-11 2.44657e-10 1.82681e-09 4.275e-09 3.31336e-08 1.29177e-08 6.32742e-08 1.89381e-06 1.28629e-05 1.90112e-05 6.09317e-05 0.000143185 0.00018934 3.51767e-06 0.000137659 0.000505893 0.989123 0.00794284 0.00186008 
2.1172e-06 0.000125165 0.000345556 0.00155065 0.00560752 0.00716236 0.00972425 0.00717389 0.00736383 0.007507 0.0112367 0.00979232 0.00662031 0.00569067 0.00512678 0.0112645 0.00729973 0.0222127 0.0167303 0.762883 0.0353164 0.0469605 0.00480076 0.00454188 0.00296154 
4.16906e-15 1.01593e-13 4.29302e-13 8.18771e-13 5.9011e-11 2.50562e-12 9.56462e-11 1.17877e-07 1.91104e-06 4.77295e-06 0.000104619 7.94893e-06 4.87128e-06 0.000189182 0.000159979 0.000748701 0.942518 0.0337403 0.00764061 0.001904 0.000994551 0.000830208 0.00272852 0.00426723 0.00415494 
1.36237e-06 0.000423796 1.26285e-05 5.38238e-05 0.000968779 0.00248019 0.00366108 0.00475734 0.0107586 0.00710629 0.0105519 0.00702739 0.885376 0.0109348 0.00930261 0.00622117 0.00523739 0.0049168 0.00318681 0.00728965 0.00442378 0.00605407 0.00350353 0.00394356 0.00180671 
1.09838e-06 0.000398507 6.52217e-06 7.1474e-06 4.41583e-05 0.000160796 0.000595503 0.00191834 0.00409202 0.00314482 0.00771339 0.00352043 0.00271179 0.00410788 0.00580227 0.00536978 0.464301 0.458877 0.0111223 0.00656444 0.00374353 0.00569652 0.00421818 0.00467558 0.00120735 
1.41332e-05 0.000879579 0.00298055 0.0226559 0.418447 0.0391397 0.0449291 0.0467996 0.0504353 0.0337432 0.0373114 0.0351571 0.0300793 0.0271354 0.0290769 0.0185154 0.00841375 0.0155918 0.0315093 0.024924 0.0259796 0.0311583 0.00719254 0.0114323 0.00649887 
3.68524e-07 0.000133594 3.60292e-06 0.000125825 0.000533873 0.000725132 0.000491646 0.00103877 0.000890419 0.00113431 0.00290042 0.00155083 0.00100854 0.00301292 0.00297235 0.00175479 0.0013536 0.00189568 0.00191378 0.944891 0.0129837 0.01158 0.00379419 0.00263886 0.000671616 
1.02868e-06 0.000373219 6.10761e-06 8.04981e-07 1.27884e-06 3.37472e-05 0.000410093 0.00113422 0.00378002 0.00296037 0.00826113 0.00376086 0.00310484 0.00423366 0.00647135 0.0131146 0.0110892 0.0111343 0.00646467 0.00762221 0.004147 0.888705 0.0152057 0.00694966 0.00103514 
0 0 0 0 0 0 0 0 0 0 0 0 0 0 0 0 6.05325e-05 0.00016785 0.000176353 0.0003793 0.000440134 0.00060585 0.000778385 0.000773694 0.996618 
1.58372e-06 0.000521279 1.31828e-05 4.80055e-05 0.00055322 0.00142655 0.0029966 0.00468954 0.0100863 0.00766899 0.0122593 0.00680499 0.00523425 0.00685061 0.0122253 0.854739 0.0181017 0.0144141 0.00474615 0.00824194 0.00423183 0.00781147 0.00467505 0.0100535 0.00160534 
1.03721e-05 3.45457e-05 2.23752e-05 4.31038e-05 0.000108318 0.000132753 7.9909e-05 0.000189512 0.000153033 0.000118996 0.00027294 8.25531e-05 0.000249046 0.000124245 0.000251897 0.00017318 0.000127152 0.000185258 7.03165e-05 0.000126763 0.000415532 0.000460947 0.000931964 0.00155442 0.994081 
1.2379e-37 3.4171e-36 2.31856e-31 5.16409e-25 2.05986e-21 1.26197e-24 3.24714e-21 4.16252e-18 8.47998e-17 1.15376e-12 2.06691e-11 2.15344e-10 2.78603e-09 1.91868e-09 6.62095e-09 2.1004e-08 2.52902e-08 9.87004e-08 6.75546e-08 1.14909e-07 2.86493e-05 0.000582068 0.990294 0.00819546 0.000899505 
2.20403e-06 0.000132143 0.000455661 0.00241375 0.00553825 0.00489237 0.00948388 0.00747734 0.00790597 0.00548259 0.010864 0.0103673 0.0091951 0.00672698 0.00512215 0.0085057 0.00579793 0.0119257 0.0171011 0.0306201 0.791822 0.0342679 0.0063986 0.00591666 0.00158433 
0.353566 0.103131 0.0792908 0.0425349 0.0312299 0.0427135 0.0297804 0.0279785 0.0314941 0.028614 0.0285056 0.0243112 0.0214323 0.0183028 0.0220416 0.0141733 0.0111041 0.0151987 0.00857898 0.0134151 0.0103509 0.017424 0.00747378 0.0111175 0.00623667 
2.83158e-07 0.000102411 1.86622e-06 1.90463e-06 1.0888e-05 5.05705e-05 0.000133733 0.000446779 0.000739148 0.000395553 0.00165866 0.00100771 0.0010021 0.0007841 0.000935576 0.00168019 0.476943 0.480955 0.0090681 0.0102089 0.00373837 0.000976366 0.0021664 0.00582828 0.0011635 
4.19963e-17 1.02338e-15 4.32453e-15 7.92001e-14 2.83315e-10 2.08001e-13 4.4659e-10 5.72623e-07 1.68376e-08 5.47989e-08 1.01882e-05 4.6188e-07 3.70364e-06 0.000152098 0.000276992 0.000691774 0.982148 0.0107964 0.000886972 0.000897107 0.000349453 0.000585413 0.000370813 0.00198739 0.000842716 
7.52931e-06 0.000648917 0.00200405 0.00951484 0.0176123 0.0206536 0.028405 0.0497246 0.028505 0.023356 0.0706427 0.037178 0.0203539 0.0491513 0.0158521 0.0182234 0.012505 0.0245103 0.287256 0.0386425 0.0286486 0.0365282 0.00676672 0.168133 0.00517647 
1.94428e-05 0.00315193 0.00881107 0.0175315 0.0446035 0.430218 0.0455359 0.0429782 0.0368469 0.0335227 0.0347542 0.0317453 0.0274841 0.0342498 0.0423562 0.0187627 0.0150982 0.0142053 0.0210376 0.0197257 0.0363965 0.0156484 0.00737314 0.011857 0.00608614 
8.75185e-08 3.94052e-06 1.43511e-05 9.69056e-05 0.000104734 0.00011262 0.000100208 0.000171038 0.000160906 8.56905e-05 0.00024248 0.00077911 0.000506929 0.000250504 0.000136349 0.000415041 0.00066686 0.000664299 0.000966507 0.001013 0.00258301 0.0122444 0.955955 0.00939906 0.0133274 
1.11474e-14 2.71644e-13 1.14789e-12 2.23996e-12 3.70763e-10 6.87872e-12 6.70288e-07 4.40437e-08 5.47124e-06 8.69299e-06 4.97101e-05 0.00051666 0.000361975 0.000141759 7.6695e-05 0.000395531 0.000652503 0.000648317 0.000909016 0.00052141 0.00139365 0.0080023 0.970702 0.00806455 0.00754914 
1.62108e-06 0.000499806 1.55478e-05 3.16847e-05 0.000377857 0.00163064 0.00465031 0.00570868 0.0124809 0.00838124 0.0175317 0.853331 0.0154325 0.00855294 0.00884673 0.00676008 0.00612914 0.0053899 0.00464656 0.00900929 0.00348029 0.00817978 0.00575142 0.00943748 0.00374239 
1.8406e-06 0.000501644 2.26964e-05 0.000134036 0.00158794 0.00464471 0.00644884 0.00708351 0.019971 0.822338 0.0320741 0.0138585 0.0105329 0.00707196 0.00915312 0.00871648 0.00440218 0.00361123 0.00502148 0.0113153 0.00429052 0.00815803 0.00275224 0.0140306 0.00227687 
5.55898e-06 0.000329876 0.00088014 0.00373579 0.0078759 0.00773074 0.0111735 0.0100876 0.00989958 0.00789178 0.00999388 0.00948109 0.00858486 0.00906066 0.764774 0.0142977 0.0182302 0.0127671 0.0158856 0.0220898 0.0197689 0.0183023 0.00455049 0.0107917 0.00181074 
2.37742e-05 0.00135944 0.00432439 0.0133365 0.0254618 0.0244359 0.032811 0.0298376 0.0301278 0.0239062 0.0267375 0.0272621 0.0220672 0.0182032 0.0155635 0.0171898 0.0144198 0.0237169 0.0410013 0.0460328 0.0458026 0.0477469 0.444563 0.0152978 0.00877085 
1.72774e-24 4.21021e-23 1.79555e-22 3.66194e-18 1.46054e-14 8.94535e-18 2.00765e-14 2.96242e-11 8.3946e-15 4.88667e-12 1.33717e-10 2.55306e-08 2.70363e-08 5.39533e-06 1.8982e-06 4.11458e-05 5.76097e-05 0.000242548 6.538e-05 0.000134992 0.000369174 0.000386919 0.000100099 0.000201428 0.998393 
5.58214e-06 0.000242105 0.000813408 0.00351629 0.00898409 0.00852899 0.0119607 0.0096788 0.010357 0.0084618 0.0146889 0.0134741 0.00988161 0.00848609 0.00699751 0.0129785 0.00800393 0.0235105 0.023227 0.0351208 0.0336734 0.0395514 0.685217 0.0110983 0.0115426 
1.25581e-06 0.000455629 7.53326e-06 1.61292e-06 6.9465e-06 7.996e-05 0.000319904 0.00186791 0.00494198 0.00364906 0.00888878 0.00427432 0.00330791 0.003799 0.00650667 0.00546481 0.891296 0.0310768 0.0041635 0.00773094 0.00320652 0.00612109 0.0026948 0.00557424 0.00456253 
1.50451e-07 1.07819e-05 3.82017e-06 7.03037e-06 5.98118e-05 0.000385136 0.0014144 0.00127586 0.00302939 0.00201729 0.00327022 0.00234435 0.00204609 0.00254934 0.00269584 0.00211672 0.933902 0.0247301 0.00318318 0.00171878 0.00282118 0.00477414 0.000387561 0.00113025 0.00412659 
2.88354e-08 1.04624e-05 1.81981e-07 7.10497e-08 5.62619e-07 4.8989e-06 0.00015369 7.51341e-05 0.000484573 0.0005738 0.00235375 0.00105157 0.000933588 0.00107517 0.00116892 0.00105342 0.00129419 0.000916154 0.00205807 0.00187605 0.955984 0.0197983 0.00434497 0.00350739 0.00128126 
1.52095e-07 1.30153e-05 1.14623e-05 0.00015668 0.000298423 0.000430568 0.000600483 0.00103184 0.00286867 0.00257605 0.00356115 0.00252076 0.00200604 0.0022526 0.00238974 0.00171345 0.902576 0.00494827 0.00850596 0.0106959 0.0229767 0.014577 0.00961515 0.00324269 0.000430815 
0.00375473 0.0490871 0.0514823 0.0628649 0.040629 0.0459341 0.0457391 0.0416858 0.0469934 0.0559661 0.0559682 0.0506015 0.0343945 0.0259203 0.184241 0.0287906 0.0222997 0.0365209 0.0196264 0.0204484 0.0162385 0.0256979 0.0120674 0.0166734 0.00637471 
8.87077e-06 0.000663408 0.00142385 0.00609979 0.0170639 0.0177126 0.0248093 0.0241254 0.0322573 0.516589 0.029353 0.0249514 0.0215402 0.0194664 0.0190284 0.0175323 0.0153491 0.0172635 0.0316269 0.055705 0.0393241 0.0418576 0.00909831 0.0111009 0.00604954 
0.000105736 0 0 0.000152139 0 0 0 4.35168e-05 0 0 2.98843e-05 4.02366e-11 0 2.16768e-05 0 1.76754e-05 0 1.42959e-05 0 2.48992e-05 0 2.6447e-05 3.71547e-05 6.71425e-05 0.999459 
1.50704e-07 1.31853e-05 3.69433e-06 8.58691e-06 9.01364e-05 0.000704352 0.0019689 0.00182661 0.00345858 0.00211973 0.00351141 0.00264248 0.00229449 0.00254743 0.00301539 0.00163855 0.0018773 0.00311543 0.00547557 0.947463 0.00441077 0.00688715 0.00342649 0.00104011 0.000460558 
0.000148383 0.00407036 0.0194754 0.0359122 0.0433524 0.0418724 0.0838705 0.0546862 0.0695685 0.083597 0.106305 0.101601 0.0362232 0.0328043 0.0369614 0.019546 0.0154193 0.0587637 0.0188028 0.0196829 0.0455321 0.0277479 0.0213178 0.0162008 0.00653852 
3.76374e-08 1.36638e-05 3.56484e-07 3.70594e-07 5.3891e-06 2.08228e-05 0.000310605 0.000454435 0.00238076 0.00159614 0.00295145 0.00169738 0.00102869 0.0014134 0.00130445 0.00123109 0.00146486 0.000786087 0.00173922 0.0019891 0.00600875 0.9636 0.00359541 0.00320656 0.00320076 
1.64357e-06 0.000508744 1.53117e-05 4.1438e-05 0.000676204 0.00175026 0.00380336 0.0050975 0.0125442 0.00873906 0.0128407 0.00724506 0.00543102 0.00719443 0.00980327 0.00719835 0.824018 0.0319752 0.0180073 0.0112076 0.00451108 0.00779148 0.00566431 0.00967286 0.00426136 
6.17969e-06 0.0018899 0.0074528 0.00432433 0.0060029 0.0103757 0.0023915 0.00299288 0.0115497 0.00618355 0.0129419 0.0191452 0.00676161 0.0103524 0.0142213 0.808552 0.0139319 0.0165278 0.00399537 0.00854154 0.00577285 0.00725078 0.00631488 0.0108555 0.00166508 
1.1325e-05 0.00120284 0.00207897 0.013159 0.0223415 0.0325039 0.0377427 0.0417655 0.497752 0.0307744 0.0385226 0.0325835 0.0237288 0.02453 0.0192259 0.0194072 0.0100721 0.0192842 0.0286986 0.0248726 0.0309567 0.0249654 0.00484922 0.0137408 0.00523029 
5.78324e-08 2.09821e-05 3.43416e-07 7.10338e-08 3.68002e-07 5.10282e-06 0.000164188 4.40346e-05 0.000397371 0.000551633 0.0024676 0.00111503 0.000947568 0.00105623 0.00111135 0.00109821 0.00130186 0.000805281 0.00164045 0.00141445 0.964604 0.0132698 0.0033548 0.00262504 0.00200425 
3.17016e-08 1.15075e-05 2.80201e-07 2.35382e-07 2.44904e-06 2.31023e-05 0.000320214 0.000318456 0.00173172 0.00109931 0.00285031 0.00147149 0.000989424 0.00123543 0.00132647 0.00105484 0.00138154 0.00101144 0.00191781 0.00367521 0.951608 0.0165696 0.00546175 0.00352103 0.00241798 
1.58584e-05 0.00111478 0.00436391 0.136921 0.137704 0.0515965 0.0371257 0.0399236 0.101902 0.0395903 0.0490616 0.0557583 0.0243606 0.0303656 0.0243555 0.0163435 0.0106955 0.0129943 0.0418646 0.101204 0.029747 0.0278984 0.0072007 0.0124838 0.00540845 
1.57569e-07 1.54609e-05 7.62544e-06 1.59351e-05 0.000109667 0.00100037 0.00212774 0.00203845 0.00364021 0.00230431 0.00380241 0.00285172 0.00238501 0.00263179 0.00328225 0.00179658 0.00214867 0.00218329 0.00380012 0.00226712 0.00351414 0.939258 0.0131195 0.00332116 0.00237836 
1.43414e-06 0.000468791 2.09019e-05 0.000167057 0.000400888 0.00104613 0.0016842 0.0038904 0.0073205 0.00591715 0.0107826 0.00597518 0.00485674 0.00596452 0.0113591 0.871979 0.0110949 0.0128477 0.00554545 0.00784994 0.00396862 0.00887498 0.00442316 0.0116402 0.00192079 
1.5565e-06 0.00049964 1.34602e-05 1.36566e-05 0.000102663 0.000476598 0.00165757 0.00384978 0.0100467 0.00670016 0.0117816 0.00669787 0.00517782 0.0072759 0.831091 0.0341651 0.0115314 0.0175358 0.00558359 0.00847413 0.00420373 0.00896464 0.00659959 0.0154402 0.00211543 
3.56115e-08 1.29284e-05 3.38672e-07 6.27846e-07 1.03152e-05 3.89394e-05 0.000327106 0.000450838 0.00245224 0.00158311 0.00288003 0.00161237 0.000996887 0.00130179 0.00131567 0.00125039 0.001444 0.000970413 0.00191707 0.00245809 0.961775 0.00944111 0.00349795 0.00227899 0.00198355 
1.68941e-06 0.00049987 1.73273e-05 5.3017e-05 0.000871989 0.00290867 0.00630479 0.00733764 0.01466 0.00998117 0.014336 0.00911745 0.00728764 0.0120787 0.0149101 0.828526 0.00913795 0.0144259 0.00646291 0.00954828 0.00533126 0.00698557 0.00660387 0.0105481 0.00206353 
1.77471e-06 0.000515537 2.55685e-05 9.77149e-05 0.000755111 0.00249922 0.00421434 0.0063758 0.0136293 0.00874398 0.0136015 0.00847868 0.00630778 0.0105597 0.851942 0.0117689 0.00712127 0.00876415 0.00661568 0.00931342 0.0047452 0.00777327 0.00390224 0.0107022 0.00154549 
5.21812e-06 0.000301104 0.00102042 0.00343918 0.0069053 0.00730071 0.00992756 0.00908361 0.0105527 0.00845159 0.010268 0.00904842 0.00755799 0.00645945 0.00577895 0.00621288 0.00822827 0.00814817 0.0141671 0.820905 0.018362 0.0170214 0.00466391 0.00429619 0.0018946 
8.06256e-10 2.92425e-07 4.81442e-09 4.93485e-09 3.48502e-08 1.21537e-07 6.4836e-07 2.03321e-06 5.49362e-05 0.000107784 0.000572463 0.000162723 0.000398599 0.00033587 9.52657e-05 0.000235504 0.000210071 0.000219843 0.0012569 0.000337033 0.000859875 0.00071608 0.00125907 0.988801 0.00437424 
3.34246e-41 1.32644e-34 7.6774e-29 1.71007e-22 6.82115e-19 4.17898e-22 1.07541e-18 1.3784e-15 1.0868e-17 1.45194e-13 9.92685e-14 1.55575e-12 5.05035e-12 5.67974e-12 3.85144e-10 1.38275e-09 2.8447e-09 3.82826e-08 9.35752e-09 2.84052e-08 7.68662e-08 1.16368e-05 8.40341e-05 0.993178 0.00672623 
1.4378e-05 0.00061911 0.00247619 0.0107836 0.0173629 0.019629 0.0303592 0.0259001 0.0234466 0.0202653 0.0249109 0.0258217 0.0210175 0.0167446 0.0130412 0.00901447 0.0131659 0.0150718 0.0353489 0.538947 0.0589344 0.0503104 0.00994205 0.0113565 0.00551602 
0.00375556 0.0290264 0.0305969 0.0480108 0.0497983 0.0675206 0.0577198 0.0570388 0.054588 0.0495401 0.225765 0.0457589 0.0387939 0.0339922 0.0382414 0.0207992 0.0169225 0.0198934 0.0141487 0.0170211 0.0187864 0.0194159 0.0127273 0.0217705 0.00836842 
0.000130435 0.00307832 0.0546713 0.0238708 0.115393 0.0511715 0.1015 0.0826517 0.0437521 0.0512991 0.0439992 0.0371796 0.0896586 0.0281266 0.0282878 0.0176774 0.0140399 0.0176667 0.0322839 0.0352344 0.0291176 0.0570911 0.0221258 0.0140148 0.00597894 
1.75039e-05 0.000871055 0.00143975 0.00748556 0.0184535 0.0184615 0.0249623 0.0221237 0.0272393 0.0200035 0.0294898 0.0247687 0.51777 0.0188524 0.0191393 0.0154842 0.0164764 0.0113445 0.036548 0.0605966 0.0376102 0.0377305 0.0160686 0.0120389 0.00502378 
4.51904e-05 0.00130477 0.00494908 0.0107753 0.0192973 0.0184971 0.0239505 0.0230568 0.0223024 0.017326 0.0205662 0.0192502 0.0163259 0.0137162 0.0124213 0.0109199 0.0131225 0.0143589 0.0210276 0.632726 0.0311229 0.031137 0.0078912 0.00985204 0.00405819 
1.2959e-17 3.15788e-16 1.33443e-15 2.53839e-15 1.41476e-13 8.26435e-15 2.00478e-13 3.16829e-10 5.06486e-09 2.93821e-08 9.44996e-07 2.42409e-07 1.34686e-06 4.02203e-05 0.000107324 7.34401e-05 0.000167819 0.000615538 0.00037382 0.000424632 0.983286 0.00780893 0.00414801 0.00191984 0.00103177 
0.00240879 0.0139622 0.019777 0.172397 0.145795 0.0581853 0.0384666 0.07768 0.037994 0.0604562 0.0447356 0.0576512 0.0308549 0.0266174 0.0329999 0.0194156 0.0221177 0.0188026 0.0231963 0.0133579 0.0149446 0.0356677 0.0122559 0.0142585 0.00600199 
1.54374e-07 1.34522e-05 6.88033e-06 1.67354e-05 0.000109016 0.000942702 0.00209671 0.00206425 0.00357641 0.0022708 0.00362487 0.00277361 0.00240814 0.00261046 0.00322693 0.00180986 0.00217593 0.0032076 0.0057619 0.946564 0.00444514 0.00583383 0.00282817 0.00117338 0.000459213 
0 0 0 0 0 0 0 0 0 0 0 0 0 0 0 0 0 0 0 0 0 0 1.63003e-05 0.000314481 0.999669 
1.55063e-06 0.000508244 1.27997e-05 1.08512e-05 0.000108791 0.000565573 0.00119488 0.00320526 0.00946932 0.00687735 0.011187 0.00627912 0.0047724 0.00787183 0.859473 0.0197186 0.00672112 0.0136589 0.00386298 0.00811153 0.00425228 0.00798461 0.00750688 0.0150931 0.0015519 
1.59313e-06 0.00050641 1.39761e-05 1.51736e-05 0.0001093 0.000463755 0.00120937 0.00341538 0.00748546 0.00597768 0.0112437 0.00606085 0.0118175 0.886428 0.0106181 0.00681451 0.00558172 0.00560948 0.00350044 0.00777311 0.00462226 0.00778829 0.00431763 0.00660927 0.00201699 
1.64018e-14 3.99684e-13 1.68895e-12 3.32356e-12 6.61003e-10 9.86296e-12 1.21234e-06 4.58516e-08 9.48925e-06 1.4235e-05 1.22084e-05 6.47188e-05 9.32629e-05 6.01395e-05 4.27586e-05 0.000158275 0.000164841 0.000222675 0.000449928 0.000232848 0.000212345 0.000186184 0.000253238 0.986887 0.0109341 
8.05691e-26 1.96334e-24 1.03912e-23 4.66583e-18 1.8611e-14 1.13873e-17 2.09394e-14 3.79218e-11 1.60681e-14 1.23806e-12 4.41704e-11 4.9979e-10 2.82608e-07 3.31035e-06 5.00292e-06 5.68547e-07 0.000101533 2.70667e-05 6.39794e-06 6.5896e-06 1.99501e-05 0.000412611 0.000339786 0.990884 0.00819283 
4.08647e-18 9.95804e-17 4.20803e-16 1.43183e-14 5.39748e-11 3.53247e-14 8.50416e-11 1.0908e-07 1.60447e-09 4.45108e-09 1.66159e-07 1.31213e-07 1.24593e-06 5.14654e-05 6.6473e-05 0.00103372 0.97887 0.00960334 0.00374895 0.00196698 0.000578543 0.000645212 0.00161062 0.00176118 6.16843e-05 
1.76742e-06 0.000553151 3.92377e-05 0.000126151 0.00078092 0.0011889 0.00271214 0.0044418 0.00736504 0.00581255 0.0124762 0.00675984 0.00552799 0.00638931 0.00908704 0.00770476 0.831985 0.0358406 0.0110841 0.0148636 0.00734472 0.0132962 0.00352397 0.00601386 0.00508117 
1.43261e-07 1.32753e-05 3.31591e-06 4.04282e-06 1.27096e-05 6.53354e-05 0.000337935 0.000576625 0.00242646 0.00193037 0.00311201 0.00201196 0.00146069 0.00172575 0.00174714 0.00137734 0.00149417 0.00105518 0.00182825 0.00195731 0.954433 0.0134588 0.00348723 0.00285193 0.00262861 
7.46564e-07 0.000270865 4.48968e-06 7.10822e-07 2.73395e-06 5.51214e-05 0.000751527 0.00143564 0.00539658 0.00372243 0.00875275 0.00405995 0.00305872 0.00422807 0.91272 0.00669 0.00773249 0.0079944 0.00387607 0.00690223 0.00350623 0.00640486 0.00232065 0.00908238 0.00103048 
4.12449e-08 1.49642e-05 2.44872e-07 2.99042e-08 5.7231e-09 9.59745e-07 9.99496e-07 1.44672e-06 2.51461e-05 1.76886e-05 0.000124329 0.000738551 0.000665192 0.000191426 0.000130453 0.000787865 0.000753334 0.000719781 0.00129872 0.000973816 0.00143729 0.970052 0.0138062 0.00688326 0.00137657 
3.31369e-07 0.000120224 1.96767e-06 2.88035e-07 9.80863e-07 1.43147e-05 0.00041498 0.000971668 0.00385932 0.00275213 0.00711357 0.00397691 0.00299959 0.00386691 0.00483989 0.00530432 0.00988672 0.899675 0.0191738 0.00802846 0.00431772 0.00559152 0.00741831 0.00762578 0.00204562 
0.000119439 0 0 0 0 6.23188e-05 0 0 7.88545e-05 0 0 0 2.48209e-05 0 1.9643e-05 0 0 1.47654e-05 0 1.26212e-05 0 1.80432e-05 9.36533e-05 0.000151591 0.999404 
3.10726e-13 7.57187e-12 3.19965e-11 5.98442e-11 1.05697e-10 1.70873e-10 4.25527e-10 6.47081e-08 8.02679e-05 0.000345555 0.00155055 0.00116178 0.00103512 0.00274771 0.00164336 0.00438869 0.00515805 0.00443344 0.000824914 0.000810492 0.00170077 0.00273959 0.00179323 0.00208471 0.967502 
1.7563e-08 9.43098e-07 4.5504e-07 9.64251e-07 6.85089e-06 3.96498e-05 3.54736e-05 0.000122124 0.000178289 0.000232966 0.000120538 0.000308873 0.000367507 0.000441014 0.000380092 0.000274748 0.000188552 0.000309134 0.000478104 0.00011194 0.000486455 0.0018914 0.984379 0.0080242 0.00162092 
8.36924e-08 3.03645e-05 4.96989e-07 6.1006e-07 4.48617e-06 2.33744e-05 5.09124e-05 0.000191396 0.000246962 0.000387326 0.00167957 0.000930475 0.000951535 0.000784003 0.000586212 0.00110863 0.00114245 0.000997157 0.00155544 0.00159651 0.971393 0.00906908 0.00396522 0.00220599 0.00109912 
1.26982e-06 0.000460711 7.63103e-06 1.13941e-06 3.30246e-06 8.01042e-05 0.000512837 0.00200939 0.00503671 0.00389149 0.00881457 0.00429325 0.00330343 0.00415393 0.00995931 0.895091 0.00791125 0.0143419 0.00372998 0.00719101 0.0036322 0.00663965 0.00594482 0.0113073 0.00168161 
