1747
1.65801e-10 4.51884e-08 9.98993e-09 1.35334e-06 2.41475e-07 1.35699e-06 3.89459e-07 5.61246e-07 2.52218e-06 7.88571e-07 2.56733e-06 9.29864e-06 5.50772e-06 2.96319e-05 2.69591e-05 1.80965e-05 2.85312e-05 1.52202e-05 8.98447e-06 1.4417e-05 8.5277e-06 6.28436e-06 1.01312e-05 2.98309e-05 0.999779 
1.24599e-37 3.44535e-36 2.36795e-31 5.27411e-25 2.10374e-21 1.28886e-24 3.3163e-21 4.2512e-18 8.79471e-17 1.19658e-12 2.56081e-11 2.66319e-10 3.46714e-09 2.3854e-09 7.68899e-09 2.36378e-08 2.62274e-08 1.00439e-07 6.87e-08 1.27988e-07 7.93747e-05 0.00106003 0.98984 0.00812171 0.000898287 
1.17145e-06 0.000425018 6.95528e-06 9.20286e-07 1.77723e-06 7.22508e-05 0.00046675 0.00162141 0.00428135 0.00330489 0.00913639 0.00395435 0.00320277 0.00494142 0.882641 0.0170763 0.00931698 0.0152475 0.00367287 0.00663069 0.00332786 0.00620239 0.00658951 0.0167611 0.00111615 
8.37337e-08 1.06959e-05 1.81656e-06 2.1732e-06 9.07843e-06 5.26355e-05 0.000325672 0.000552677 0.00249053 0.00179744 0.0029673 0.0018476 0.00113349 0.00165888 0.00176476 0.00129825 0.00141551 0.00132115 0.00280668 0.96153 0.00521994 0.00722626 0.00279604 0.00140393 0.000367791 
0 0 0 0 0 0 0 0 0 0 0 0 0 0 0 0 0 0 0 0 0 1.51832e-05 5.94265e-05 0.999058 0.000867134 
0 0 0 0 0 0 0 0 0 0 0 0 0 0 0 0 0 0 0 0 0 2.1762e-05 8.00091e-05 0.00015142 0.999747 
0.000479841 0.00683048 0.018155 0.0323745 0.0416912 0.0447378 0.0518497 0.0528434 0.0579635 0.131699 0.0463777 0.0471247 0.121411 0.0688202 0.0340157 0.0579426 0.0187051 0.0212748 0.0237968 0.022675 0.0294123 0.031116 0.0125787 0.0192605 0.00686476 
1.67886e-06 0.000504939 1.65884e-05 3.79836e-05 0.000582787 0.0018825 0.00429127 0.00568594 0.0132817 0.00910539 0.0142311 0.0152235 0.857099 0.00979847 0.00951825 0.00797516 0.00710894 0.00636566 0.00375594 0.00920726 0.00401954 0.00681389 0.00505563 0.0066382 0.00179832 
1.34121e-07 1.00255e-05 3.31744e-06 5.987e-06 5.92044e-05 0.000369045 0.00139095 0.00128338 0.00291058 0.00196224 0.00330654 0.00234559 0.0019952 0.00242404 0.00255424 0.00194937 0.00361626 0.935215 0.0171569 0.0032189 0.00313935 0.00472865 0.00401186 0.00476668 0.00157637 
3.1452e-08 1.14109e-05 1.86824e-07 6.55781e-08 6.18285e-07 5.5376e-06 0.000199694 5.17714e-05 0.00073944 0.00066767 0.00266334 0.00109845 0.00097747 0.00114148 0.00118124 0.00101003 0.00133149 0.000954743 0.00193006 0.00186173 0.963184 0.0119794 0.00442428 0.00277268 0.00181293 
1.49297e-06 0.000517233 1.05931e-05 6.68926e-06 3.60423e-05 0.000251885 0.0015321 0.00322873 0.00889755 0.0058782 0.014053 0.891708 0.0126509 0.00607885 0.00741565 0.00549275 0.00509363 0.0022379 0.00256836 0.00862738 0.00317577 0.00585987 0.00445983 0.00715974 0.00305822 
7.81926e-07 3.98182e-05 0.000129011 0.000351567 0.000546126 0.00113893 0.00128313 0.00176699 0.000833745 0.000799062 0.000784649 0.000882835 0.00126969 0.000842236 0.000735792 0.00111851 0.00220664 0.0077335 0.00326543 0.00557768 0.00270083 0.00350606 0.950418 0.00894596 0.00312273 
3.71585e-08 1.33537e-05 2.4347e-07 3.9382e-07 4.03324e-06 1.74926e-05 0.000175993 7.24354e-05 0.000656855 0.000549791 0.00227264 0.000970621 0.00102672 0.00111835 0.00138334 0.00113975 0.00131629 0.00134563 0.00264381 0.970928 0.00496814 0.00566805 0.00206655 0.00140584 0.000255946 
2.60831e-30 3.86639e-20 7.357e-16 1.33537e-11 5.32294e-08 3.89212e-09 3.10136e-06 2.38295e-06 3.73246e-06 2.58755e-05 8.71908e-06 5.76852e-06 5.31528e-05 1.114e-05 0.00010762 4.00125e-05 3.97039e-05 0.0001669 7.6243e-05 3.12018e-05 2.54789e-05 0.000118745 0.000205276 0.00149937 0.997576 
1.55904e-06 0.000509859 1.28319e-05 1.34918e-05 7.46096e-05 0.000396956 0.00168596 0.003667 0.00934981 0.00723116 0.0116646 0.00614176 0.0105622 0.887816 0.0102202 0.00606696 0.00607122 0.00522346 0.00298958 0.00845298 0.0040345 0.0067025 0.00422653 0.00525538 0.00162923 
0.00314933 0.025862 0.0324866 0.0493489 0.0492302 0.0445894 0.0547846 0.0477325 0.0540226 0.0479274 0.049829 0.0475906 0.164328 0.0326422 0.0327476 0.0234683 0.0212326 0.0241851 0.056899 0.0295997 0.0322159 0.0333344 0.0162262 0.0199875 0.00658033 
3.30351e-16 2.69688e-14 2.66472e-14 6.63379e-14 6.70109e-13 3.17855e-13 1.298e-12 1.25916e-09 2.87087e-08 1.24627e-07 1.4922e-05 5.68736e-05 1.52713e-05 7.90247e-05 5.0224e-05 0.000240905 0.000584059 0.000669771 0.000662552 0.000417101 0.00213767 0.969224 0.0128032 0.00982419 0.0032201 
6.15069e-12 2.18039e-09 5.12053e-11 1.67785e-10 2.84603e-08 1.45178e-08 1.18283e-05 6.84195e-05 0.000272393 9.39864e-05 0.000177024 0.000630835 0.000698994 0.000274406 0.000373428 0.000705218 0.929599 0.0332064 0.0145414 0.00445721 0.00101316 0.000648399 0.00325355 0.00641831 0.00355647 
1.19743e-06 0.000433866 7.18154e-06 5.18785e-05 0.000984628 0.00242933 0.00285777 0.00358794 0.00662387 0.00437414 0.00947606 0.00481677 0.00376368 0.00774931 0.44773 0.452055 0.00826955 0.00967215 0.00345615 0.00597438 0.0043576 0.00668434 0.00408196 0.00922571 0.00133598 
4.23917e-08 1.53891e-05 3.90924e-07 4.82724e-07 7.12397e-06 4.74099e-05 0.000336758 0.000565902 0.00248502 0.00164885 0.00299387 0.00176424 0.00110986 0.00156921 0.00138676 0.00125032 0.00145257 0.000860279 0.00183269 0.00186086 0.00328322 0.949154 0.0124864 0.00958244 0.00430624 
0 0 0 0 0 0 0 0 0 0 0 0 0 0 0 0 0 0 0 0 6.46026e-11 1.00134e-05 0.000221578 0.996605 0.00316308 
3.36551e-08 1.22105e-05 2.08095e-07 2.97974e-06 6.18771e-05 0.000209902 0.000365354 0.000148598 0.0015017 0.000986582 0.00282012 0.0013621 0.00124525 0.00128448 0.00120219 0.00112289 0.00149389 0.000781456 0.00172162 0.00182301 0.00298087 0.955044 0.0131018 0.00892699 0.00179951 
1.85138e-07 6.71704e-05 1.09916e-06 1.34491e-07 4.90739e-08 2.30693e-06 2.2831e-06 8.04449e-05 0.000105848 3.70859e-05 0.000181106 0.000796329 0.000720593 0.000388693 0.000252532 0.000932848 0.000926109 0.000784768 0.00144287 0.00108144 0.00141593 0.00826582 0.969806 0.00896016 0.00374867 
2.01919e-15 4.92041e-14 2.07922e-13 3.89814e-13 2.75924e-12 1.22773e-12 3.55837e-11 8.25714e-09 1.13267e-07 6.84673e-07 3.50823e-05 0.000220809 0.0001287 0.000115293 7.13328e-05 0.00029352 0.000628831 0.000779677 0.000704764 0.968778 0.0123208 0.00854297 0.00330886 0.00210232 0.0019683 
1.0197e-07 3.54208e-05 6.24034e-07 1.43156e-07 3.59906e-07 3.48666e-06 9.20112e-05 0.000594748 0.00272716 0.00175271 0.00262967 0.00278654 0.0021789 0.00255432 0.00596679 0.925437 0.00821575 0.0143002 0.00275582 0.00533271 0.00151119 0.00273932 0.00545647 0.011697 0.00123101 
5.12224e-07 2.94448e-05 7.25196e-05 0.000468615 0.000750333 0.00121576 0.00194699 0.0023983 0.00418454 0.00343748 0.00438014 0.00343484 0.00254874 0.00312006 0.00274539 0.00190041 0.00166594 0.00169059 0.00303346 0.00253959 0.92095 0.0249264 0.00520862 0.0044544 0.0028973 
3.00225e-08 1.09005e-05 3.02156e-07 2.84805e-07 3.09319e-06 1.75539e-05 0.00027776 0.00040415 0.00206939 0.00138257 0.00282175 0.00162995 0.000998034 0.00122722 0.00124891 0.0011204 0.00143384 0.000754812 0.00171757 0.00187807 0.00300156 0.962037 0.0104742 0.00304894 0.00244217 
7.87449e-07 0.0002857 4.76262e-06 2.34735e-06 3.76438e-05 0.000212256 0.000573431 0.00140933 0.00563947 0.00402481 0.00798394 0.00412687 0.00325174 0.00381273 0.00566642 0.00550341 0.0101292 0.890676 0.0186242 0.00842497 0.00468777 0.00625196 0.00874358 0.00740459 0.0025223 
1.05733e-11 3.83449e-09 6.32637e-11 1.85705e-10 1.28078e-09 3.70455e-09 2.19383e-07 6.12528e-08 1.9816e-06 3.36057e-06 3.83468e-05 0.00046419 0.000359233 0.000119397 0.000120233 0.000377993 0.000644193 0.00128839 0.00117904 0.00134002 0.974888 0.0122769 0.00390086 0.00211041 0.000887117 
3.3649e-05 0.00081455 0.00355997 0.0104757 0.0206643 0.0220838 0.0307937 0.0335501 0.0258181 0.0240072 0.0254912 0.0239004 0.0227302 0.0213414 0.0143745 0.0103266 0.0149226 0.0203673 0.0414706 0.507137 0.0460888 0.0528319 0.0126451 0.0107024 0.00386852 
1.424e-08 5.16627e-06 8.46012e-08 4.13371e-08 3.56081e-07 2.00331e-06 0.000126334 2.64693e-05 0.000257515 0.000436753 0.00198962 0.00070044 0.000861321 0.00121214 0.00659602 0.951436 0.00998229 0.00955679 0.00132514 0.000697583 0.00245217 0.00178493 0.00142443 0.00851581 0.000610755 
7.24186e-07 0.000262739 4.30252e-06 8.45365e-07 3.13395e-06 2.29809e-05 0.000414285 0.000718391 0.00339659 0.00278217 0.00700119 0.00323989 0.00246185 0.00360077 0.0073162 0.911949 0.00798811 0.0148916 0.00377975 0.00535849 0.00359237 0.0053939 0.00492449 0.0094826 0.00141348 
1.43753e-06 0.000493422 1.04394e-05 3.43751e-05 0.000488928 0.00125218 0.00224038 0.00437506 0.0101231 0.00720976 0.0113511 0.00611788 0.00404673 0.00662193 0.0105876 0.0143122 0.0127822 0.0148406 0.00904549 0.010095 0.00616601 0.0096157 0.00715157 0.00932877 0.841708 
9.52602e-08 1.48229e-05 2.59143e-05 4.05861e-05 0.000175261 0.00031191 0.000386757 0.000399786 0.000374262 0.000258278 0.000534545 0.000657046 0.000539018 0.000524634 0.000488224 0.00116901 0.00453763 0.0503132 0.00265935 0.00328881 0.912398 0.00983912 0.00395699 0.00562843 0.00147849 
4.21569e-07 0.000146318 3.04096e-06 1.62765e-06 1.35565e-05 0.00010186 0.000400626 0.00237314 0.896001 0.0209003 0.0115489 0.00212349 0.00156862 0.0037024 0.00980447 0.00877832 0.00517356 0.00247015 0.00268332 0.0122684 0.00279798 0.00368973 0.00262221 0.00546918 0.00535722 
9.91236e-16 2.41547e-14 1.02071e-13 2.87147e-13 3.83083e-10 8.15882e-13 6.04613e-10 7.73823e-07 3.52526e-08 3.26989e-07 2.75882e-05 1.54931e-06 9.19467e-07 3.29807e-05 0.000229475 0.000833142 0.993037 0.00340402 0.000740501 4.83726e-05 0.000420572 0.00043534 0.000130922 0.000621697 3.48479e-05 
1.37189e-07 4.97731e-05 8.14764e-07 1.18995e-07 3.6426e-07 2.98734e-06 0.000114019 0.000567931 0.00242902 0.00229633 0.00535771 0.00275698 0.00221689 0.00281169 0.00566092 0.930415 0.00684783 0.0118623 0.00313812 0.00451159 0.00252448 0.00387807 0.0037794 0.0075534 0.00122409 
2.07716e-14 5.06168e-13 2.13891e-12 4.00044e-12 8.49535e-12 1.13581e-11 2.68896e-11 1.12386e-08 7.30486e-06 1.66879e-05 4.54916e-05 0.000114698 2.73281e-05 6.23407e-05 0.000105623 0.000901072 0.00116678 0.00336796 0.982925 0.00211346 0.00169723 0.000891913 0.00433832 0.00216408 5.50164e-05 
1.60141e-06 0.000531062 1.29186e-05 3.67866e-05 0.000342012 0.0010503 0.00299677 0.00544932 0.00946568 0.00745683 0.0138345 0.00692558 0.00571782 0.00763234 0.00949263 0.00785302 0.875583 0.0119819 0.00442823 0.00843443 0.00421442 0.00794471 0.00244777 0.00464986 0.00151651 
1.25934e-07 1.3417e-05 3.46558e-06 2.03254e-05 7.15863e-05 0.000252511 0.000489194 0.000834999 0.0026827 0.00196171 0.0031739 0.00195198 0.00115105 0.00161377 0.0019528 0.00153243 0.00144561 0.00162579 0.00241148 0.9354 0.0177792 0.0137972 0.00490114 0.00283065 0.00210282 
1.43443e-13 3.49545e-12 1.47709e-11 3.26949e-11 1.98417e-08 1.01351e-09 8.60224e-06 5.14391e-05 0.000247333 0.000110084 0.000111482 0.000558934 0.000344459 0.000303648 0.000213274 0.000560135 0.000699901 0.000772449 0.000890573 0.00106813 0.00107092 0.973964 0.0149724 0.00307299 0.000979271 
1.38398e-06 0.000502136 8.45223e-06 5.68789e-06 4.22804e-05 0.000268252 0.00128363 0.00338516 0.00904677 0.00611732 0.0110831 0.00564428 0.00394285 0.00568921 0.0116376 0.876045 0.0102341 0.0138555 0.0036757 0.00832157 0.00392196 0.00766714 0.00551924 0.0104041 0.00169758 
2.48406e-08 9.01248e-06 1.47486e-07 1.87618e-08 1.43797e-08 2.5149e-06 9.02019e-07 1.30657e-05 6.72014e-05 9.89378e-05 0.0010037 0.0007777 0.000710148 0.000277443 0.000116434 0.000920913 0.000992973 0.00068657 0.00145438 0.00106684 0.00205745 0.966764 0.0143648 0.00685548 0.00175916 
7.27988e-07 0.000264134 4.5089e-06 2.16576e-06 3.59567e-05 0.000199505 0.000974189 0.00185623 0.00750216 0.0049666 0.00846396 0.00496351 0.00314745 0.004497 0.00542412 0.00526444 0.888042 0.0297794 0.0042356 0.00793186 0.00356594 0.00567922 0.00280727 0.0057819 0.0046102 
7.89789e-06 0.00225272 0.010092 0.00523991 0.0050795 0.00843077 0.00181877 0.00234616 0.00730187 0.00321473 0.00744861 0.0191923 0.0042019 0.00791221 0.00661141 0.00847245 0.00232135 0.00455927 0.0021733 0.00394317 0.00525758 0.86686 0.00766021 0.00474472 0.00285713 
5.42732e-40 2.1505e-33 1.24656e-27 2.77673e-21 1.10759e-17 6.77044e-21 8.92082e-18 2.27001e-14 7.3487e-16 9.9712e-12 7.08006e-12 8.9328e-11 6.8179e-10 5.8707e-10 1.69355e-06 4.61008e-06 3.62995e-07 1.22932e-05 9.90445e-07 6.27663e-05 0.000157461 0.000230495 0.000344733 0.000624396 0.99856 
1.89998e-05 0.000708726 0.00312085 0.00877149 0.0226192 0.0218037 0.0295406 0.0307603 0.0245917 0.0195072 0.0227084 0.0229251 0.0186795 0.0182845 0.0144856 0.0112903 0.0166188 0.467006 0.0456118 0.0569798 0.0493142 0.054339 0.0209314 0.013011 0.00637179 
4.6e-11 1.63882e-08 9.67944e-10 1.15964e-07 2.75345e-08 4.64307e-08 5.66524e-08 9.51522e-07 1.40679e-06 5.43787e-07 6.18096e-07 1.94493e-06 6.08441e-06 7.80283e-05 5.3006e-06 4.15325e-05 1.21985e-05 3.35481e-05 0.000561172 4.53212e-05 0.000205105 0.000147095 0.000159598 0.991682 0.00701729 
1.38382e-08 5.02033e-06 8.22857e-08 8.12293e-08 1.06976e-06 4.35201e-06 0.000181409 5.17334e-05 0.00115794 0.000649875 0.00244556 0.00100757 0.000909174 0.00113724 0.00164255 0.00122229 0.00754258 0.923866 0.0211803 0.0161669 0.00414813 0.00236808 0.00399901 0.00815504 0.00215835 
1.33601e-05 0.000689419 0.00204439 0.0102558 0.018757 0.0227874 0.0938457 0.0266071 0.0286883 0.0219391 0.0272866 0.38721 0.0236899 0.0172217 0.0181099 0.0116877 0.011292 0.0122152 0.0213901 0.100931 0.0950545 0.0219544 0.0130897 0.00940975 0.00382979 
3.76306e-06 0.000142517 0.000290163 0.00127673 0.00439101 0.00443812 0.00660227 0.00528568 0.00682336 0.00506695 0.00902677 0.00748726 0.00582756 0.00595756 0.00553854 0.00631361 0.0148136 0.031615 0.798663 0.0224342 0.0175576 0.0202588 0.0101984 0.00847218 0.00151492 
5.23151e-14 1.29347e-12 5.38175e-12 1.1433e-11 5.38089e-09 2.2617e-10 3.62303e-06 1.42476e-05 9.17866e-05 4.10983e-05 3.42542e-05 0.000345952 0.000347975 0.000159216 0.000192461 0.00106015 0.989146 0.00380366 0.00122153 0.000709025 0.000405425 0.000556415 0.000296542 0.00145499 0.000116135 
1.61522e-08 5.86866e-06 2.26798e-07 3.06903e-07 3.57413e-06 1.3091e-05 0.000286894 0.00043058 0.00210126 0.0015609 0.00265101 0.00150691 0.000972299 0.00130868 0.0013966 0.00164198 0.00234054 0.00380178 0.963596 0.00287443 0.00281476 0.0020807 0.00409088 0.00418929 0.0003314 
1.66186e-06 0.000524208 1.48802e-05 4.52794e-05 0.000752296 0.00181544 0.00301178 0.00468829 0.0115721 0.00824809 0.0123165 0.00739817 0.00549886 0.00944254 0.845728 0.0154718 0.00847695 0.0147652 0.00369138 0.00888351 0.00519231 0.00734264 0.00724545 0.0164326 0.00143988 
7.95803e-06 0.000697759 0.00154641 0.00574694 0.0127904 0.0135105 0.0471888 0.0178109 0.0169452 0.0154825 0.0912727 0.0171526 0.0142867 0.0843759 0.012358 0.00886424 0.00983417 0.0306746 0.408144 0.0569488 0.0268114 0.0852158 0.00921803 0.0100765 0.00303981 
1.44276e-07 1.21085e-05 3.96218e-06 9.75464e-06 0.000100653 0.000440189 0.00149265 0.00137208 0.00315699 0.00215501 0.00341846 0.00263909 0.00211391 0.00253991 0.00276758 0.00217354 0.00225129 0.00299045 0.00707395 0.948363 0.0035926 0.00560275 0.00262185 0.00266825 0.000439463 
9.20242e-08 3.33868e-05 5.46577e-07 6.87002e-08 2.3443e-07 6.75461e-06 9.06891e-05 0.000515547 0.00248223 0.00195311 0.00467931 0.00295177 0.00239505 0.0026411 0.00307197 0.935524 0.0154114 0.00693841 0.00302654 0.00522341 0.00193589 0.00338436 0.00264067 0.00399575 0.00109739 
4.48206e-09 1.60143e-06 4.11242e-08 1.36691e-06 1.0692e-05 1.97119e-05 1.27207e-05 4.62174e-05 0.00147036 0.00379107 0.958553 0.00411056 0.00111138 0.000455983 0.00029005 0.000481781 0.00197327 0.00763592 0.000970769 6.51049e-05 0.000424518 0.00100992 0.000285385 0.015986 0.0012923 
3.92772e-08 1.42497e-05 2.33369e-07 4.92447e-08 2.40395e-07 4.48116e-06 6.45118e-05 0.000208373 0.00118504 0.00150936 0.00368627 0.00216711 0.0019053 0.00235019 0.00639558 0.93136 0.00674886 0.0133596 0.00257279 0.00320064 0.00291627 0.00310503 0.00491925 0.0110946 0.00123178 
1.66237e-06 0.000530797 1.45251e-05 1.59708e-05 9.10836e-05 0.000525723 0.00222549 0.00358892 0.010604 0.00728958 0.0187715 0.87638 0.0135893 0.00599285 0.00737098 0.0057895 0.00379324 0.00200911 0.00242048 0.00926811 0.0033787 0.00860225 0.00382683 0.00923713 0.00468255 
2.09527e-17 5.10581e-16 2.15759e-15 4.86596e-14 1.77307e-10 1.4277e-13 2.79401e-10 3.58351e-07 7.94774e-09 5.08018e-08 2.40523e-05 6.23356e-07 4.52048e-06 0.000180639 0.000113453 0.000925732 0.961039 0.0220357 0.00320945 0.0013889 0.000912949 0.000697902 0.0026705 0.00439301 0.00240279 
0 0 0 0 0 0 0 0 6.4344e-05 0.000259694 0.000496951 0.000587595 0.000818064 0.000722517 0.000913261 0.000925069 0.000856862 0.00138406 0.000666952 0.000925331 0.00110629 0.00139412 0.00173272 0.983979 0.00316677 
1.86004e-07 2.63807e-05 5.37112e-06 2.92833e-05 0.000251793 0.00110973 0.00207329 0.00204639 0.00355692 0.00237278 0.00387683 0.00290469 0.00270921 0.00290511 0.00341539 0.00238327 0.00866288 0.0465374 0.00497135 0.00437312 0.88001 0.0150216 0.0042028 0.00596234 0.000592175 
1.47548e-12 3.59549e-11 1.51937e-10 3.00276e-10 4.71775e-08 8.34304e-09 1.59703e-05 0.000221903 0.000942843 0.00128068 0.00212137 0.00175788 0.00112657 0.00237859 0.948751 0.00674472 0.00755008 0.00577592 0.002013 0.00165426 0.00121461 0.00249172 0.00154994 0.0117835 0.00062584 
0 0 0 0 0 0 0 0 0 0 0 0 0 0 0 0 0 0 0 5.08812e-05 9.18827e-05 0.000115062 0.00012691 0.000163326 0.999452 
5.46594e-14 1.98297e-11 3.25099e-13 1.47767e-12 1.04956e-11 2.64398e-11 3.69865e-11 2.44657e-10 1.82681e-09 4.275e-09 3.31336e-08 1.29177e-08 6.32742e-08 1.89381e-06 1.28629e-05 1.90112e-05 6.09317e-05 0.000143185 0.00018934 3.51767e-06 0.000137659 0.000505893 0.989123 0.00794284 0.00186008 
9.62888e-06 0.000255307 0.000843926 0.00241517 0.00768535 0.0091739 0.012218 0.00943542 0.00835449 0.00887439 0.0122124 0.010645 0.00757866 0.0086891 0.00628831 0.0115467 0.00827072 0.0226038 0.0205551 0.72455 0.0354322 0.0498073 0.0138327 0.00572861 0.00299367 
4.16906e-15 1.01593e-13 4.29302e-13 8.18771e-13 5.9011e-11 2.50562e-12 9.56462e-11 1.17877e-07 1.91104e-06 4.77295e-06 0.000104619 7.94893e-06 4.87128e-06 0.000189182 0.000159979 0.000748701 0.942518 0.0337403 0.00764061 0.001904 0.000994551 0.000830208 0.00272852 0.00426723 0.00415494 
1.36237e-06 0.000423796 1.26285e-05 5.38238e-05 0.000968779 0.00248019 0.00366108 0.00475734 0.0107586 0.00710629 0.0105519 0.00702739 0.885376 0.0109348 0.00930261 0.00622117 0.00523739 0.0049168 0.00318681 0.00728965 0.00442378 0.00605407 0.00350353 0.00394356 0.00180671 
1.09838e-06 0.000398507 6.52217e-06 7.1474e-06 4.41583e-05 0.000160796 0.000595503 0.00191834 0.00409202 0.00314482 0.00771339 0.00352043 0.00271179 0.00410788 0.00580227 0.00536978 0.464301 0.458877 0.0111223 0.00656444 0.00374353 0.00569652 0.00421818 0.00467558 0.00120735 
5.97773e-05 0.00213132 0.0183906 0.075313 0.113799 0.0504675 0.306681 0.0355421 0.0332257 0.0258743 0.0452281 0.0321209 0.0304878 0.0228715 0.0196534 0.0353517 0.0200807 0.0317051 0.0219452 0.0168232 0.0208266 0.0163541 0.00952308 0.010888 0.00465631 
3.68524e-07 0.000133594 3.60292e-06 0.000125825 0.000533873 0.000725132 0.000491646 0.00103877 0.000890419 0.00113431 0.00290042 0.00155083 0.00100854 0.00301292 0.00297235 0.00175479 0.0013536 0.00189568 0.00191378 0.944891 0.0129837 0.01158 0.00379419 0.00263886 0.000671616 
1.02868e-06 0.000373219 6.10761e-06 8.04981e-07 1.27884e-06 3.37472e-05 0.000410093 0.00113422 0.00378002 0.00296037 0.00826113 0.00376086 0.00310484 0.00423366 0.00647135 0.0131146 0.0110892 0.0111343 0.00646467 0.00762221 0.004147 0.888705 0.0152057 0.00694966 0.00103514 
0 0 0 0 0 0 0 0 0 0 0 0 0 0 0 0 6.05325e-05 0.00016785 0.000176353 0.0003793 0.000440134 0.00060585 0.000778385 0.000773694 0.996618 
1.58372e-06 0.000521279 1.31828e-05 4.80055e-05 0.00055322 0.00142655 0.0029966 0.00468954 0.0100863 0.00766899 0.0122593 0.00680499 0.00523425 0.00685061 0.0122253 0.854739 0.0181017 0.0144141 0.00474615 0.00824194 0.00423183 0.00781147 0.00467505 0.0100535 0.00160534 
1.03721e-05 3.45457e-05 2.23752e-05 4.31038e-05 0.000108318 0.000132753 7.9909e-05 0.000189512 0.000153033 0.000118996 0.00027294 8.25531e-05 0.000249046 0.000124245 0.000251897 0.00017318 0.000127152 0.000185258 7.03165e-05 0.000126763 0.000415532 0.000460947 0.000931964 0.00155442 0.994081 
1.2379e-37 3.4171e-36 2.31856e-31 5.16409e-25 2.05986e-21 1.26197e-24 3.24714e-21 4.16252e-18 8.47998e-17 1.15376e-12 2.06691e-11 2.15344e-10 2.78603e-09 1.91868e-09 6.62095e-09 2.1004e-08 2.52902e-08 9.87004e-08 6.75546e-08 1.14909e-07 2.86493e-05 0.000582068 0.990294 0.00819546 0.000899505 
1.1204e-05 0.000348666 0.00155319 0.00475195 0.00951947 0.00978656 0.017816 0.0163494 0.0125259 0.0100806 0.0141066 0.0155858 0.0126599 0.0124471 0.00718581 0.00916268 0.00966213 0.0151496 0.0216263 0.0354344 0.712143 0.0351329 0.00792458 0.00699507 0.00204089 
2.83158e-07 0.000102411 1.86622e-06 1.90463e-06 1.0888e-05 5.05705e-05 0.000133733 0.000446779 0.000739148 0.000395553 0.00165866 0.00100771 0.0010021 0.0007841 0.000935576 0.00168019 0.476943 0.480955 0.0090681 0.0102089 0.00373837 0.000976366 0.0021664 0.00582828 0.0011635 
4.19963e-17 1.02338e-15 4.32453e-15 7.92001e-14 2.83315e-10 2.08001e-13 4.4659e-10 5.72623e-07 1.68376e-08 5.47989e-08 1.01882e-05 4.6188e-07 3.70364e-06 0.000152098 0.000276992 0.000691774 0.982148 0.0107964 0.000886972 0.000897107 0.000349453 0.000585413 0.000370813 0.00198739 0.000842716 
6.97331e-05 0.00319214 0.0113298 0.0305721 0.0504087 0.345836 0.0542543 0.0485705 0.0422507 0.0368317 0.0415918 0.0406524 0.0304414 0.0339745 0.0402751 0.0197308 0.0155538 0.0186815 0.0261972 0.0234388 0.03446 0.0197422 0.00995627 0.0151484 0.00684061 
2.20979e-05 0.000187188 0.000308267 0.000352684 0.000514443 0.000567946 0.000445042 0.000537135 0.000493125 0.000358188 0.000506987 0.00106992 0.000725753 0.00047202 0.000340674 0.000582676 0.000780903 0.00119954 0.00120428 0.0012144 0.00273583 0.0124306 0.95018 0.00946367 0.0133065 
1.11474e-14 2.71644e-13 1.14789e-12 2.23996e-12 3.70763e-10 6.87872e-12 6.70288e-07 4.40437e-08 5.47124e-06 8.69299e-06 4.97101e-05 0.00051666 0.000361975 0.000141759 7.6695e-05 0.000395531 0.000652503 0.000648317 0.000909016 0.00052141 0.00139365 0.0080023 0.970702 0.00806455 0.00754914 
1.62108e-06 0.000499806 1.55478e-05 3.16847e-05 0.000377857 0.00163064 0.00465031 0.00570868 0.0124809 0.00838124 0.0175317 0.853331 0.0154325 0.00855294 0.00884673 0.00676008 0.00612914 0.0053899 0.00464656 0.00900929 0.00348029 0.00817978 0.00575142 0.00943748 0.00374239 
1.8406e-06 0.000501644 2.26964e-05 0.000134036 0.00158794 0.00464471 0.00644884 0.00708351 0.019971 0.822338 0.0320741 0.0138585 0.0105329 0.00707196 0.00915312 0.00871648 0.00440218 0.00361123 0.00502148 0.0113153 0.00429052 0.00815803 0.00275224 0.0140306 0.00227687 
5.09629e-05 0.00170086 0.00618956 0.0190419 0.0310571 0.0304069 0.0423612 0.0396972 0.0373922 0.0288044 0.0339294 0.0397031 0.0300276 0.0276474 0.018528 0.017047 0.0185399 0.0282328 0.04805 0.0491062 0.0430716 0.0459793 0.339021 0.0161886 0.00822604 
1.72774e-24 4.21021e-23 1.79555e-22 3.66194e-18 1.46054e-14 8.94535e-18 2.00765e-14 2.96242e-11 8.3946e-15 4.88667e-12 1.33717e-10 2.55306e-08 2.70363e-08 5.39533e-06 1.8982e-06 4.11458e-05 5.76097e-05 0.000242548 6.538e-05 0.000134992 0.000369174 0.000386919 0.000100099 0.000201428 0.998393 
1.98408e-05 0.000476765 0.00227848 0.0055833 0.0131323 0.0133469 0.0195269 0.0185334 0.0146999 0.0122883 0.0171583 0.017966 0.012993 0.0149517 0.00892703 0.0135651 0.0112054 0.0254513 0.0295807 0.0425977 0.0342788 0.0474158 0.600757 0.0126436 0.0106224 
1.25581e-06 0.000455629 7.53326e-06 1.61292e-06 6.9465e-06 7.996e-05 0.000319904 0.00186791 0.00494198 0.00364906 0.00888878 0.00427432 0.00330791 0.003799 0.00650667 0.00546481 0.891296 0.0310768 0.0041635 0.00773094 0.00320652 0.00612109 0.0026948 0.00557424 0.00456253 
1.8786e-07 1.16778e-05 2.12358e-05 1.72092e-05 9.15116e-05 0.000443984 0.00144034 0.00133623 0.00304534 0.00204237 0.00328457 0.00236922 0.00205843 0.00256603 0.0027134 0.00216555 0.932901 0.0247158 0.00319529 0.00201016 0.00284702 0.00503218 0.000395086 0.00117106 0.00412504 
2.88354e-08 1.04624e-05 1.81981e-07 7.10497e-08 5.62619e-07 4.8989e-06 0.00015369 7.51341e-05 0.000484573 0.0005738 0.00235375 0.00105157 0.000933588 0.00107517 0.00116892 0.00105342 0.00129419 0.000916154 0.00205807 0.00187605 0.955984 0.0197983 0.00434497 0.00350739 0.00128126 
1.52095e-07 1.30153e-05 1.14623e-05 0.00015668 0.000298423 0.000430568 0.000600483 0.00103184 0.00286867 0.00257605 0.00356115 0.00252076 0.00200604 0.0022526 0.00238974 0.00171345 0.902576 0.00494827 0.00850596 0.0106959 0.0229767 0.014577 0.00961515 0.00324269 0.000430815 
0.00393825 0.0504095 0.0506405 0.0641975 0.047808 0.0460347 0.0465807 0.0406502 0.0437011 0.0470994 0.0477576 0.0397572 0.0289565 0.0273824 0.0978508 0.0238762 0.0208781 0.0403552 0.133026 0.0226491 0.0195589 0.0201877 0.0123971 0.018862 0.00544502 
0.000105736 0 0 0.000152139 0 0 0 4.35168e-05 0 0 2.98843e-05 4.02366e-11 0 2.16768e-05 0 1.76754e-05 0 1.42959e-05 0 2.48992e-05 0 2.6447e-05 3.71547e-05 6.71425e-05 0.999459 
1.50704e-07 1.31853e-05 3.69433e-06 8.58691e-06 9.01364e-05 0.000704352 0.0019689 0.00182661 0.00345858 0.00211973 0.00351141 0.00264248 0.00229449 0.00254743 0.00301539 0.00163855 0.0018773 0.00311543 0.00547557 0.947463 0.00441077 0.00688715 0.00342649 0.00104011 0.000460558 
0.000615188 0.00662524 0.0193245 0.0362438 0.0438017 0.0441219 0.0776922 0.0557665 0.0921003 0.0706917 0.0876417 0.0857359 0.0724042 0.031732 0.0341637 0.0205467 0.0163529 0.0479022 0.0242047 0.0240746 0.0391896 0.0267421 0.0196596 0.0159472 0.00672012 
3.76374e-08 1.36638e-05 3.56484e-07 3.70594e-07 5.3891e-06 2.08228e-05 0.000310605 0.000454435 0.00238076 0.00159614 0.00295145 0.00169738 0.00102869 0.0014134 0.00130445 0.00123109 0.00146486 0.000786087 0.00173922 0.0019891 0.00600875 0.9636 0.00359541 0.00320656 0.00320076 
1.64357e-06 0.000508744 1.53117e-05 4.1438e-05 0.000676204 0.00175026 0.00380336 0.0050975 0.0125442 0.00873906 0.0128407 0.00724506 0.00543102 0.00719443 0.00980327 0.00719835 0.824018 0.0319752 0.0180073 0.0112076 0.00451108 0.00779148 0.00566431 0.00967286 0.00426136 
6.17969e-06 0.0018899 0.0074528 0.00432433 0.0060029 0.0103757 0.0023915 0.00299288 0.0115497 0.00618355 0.0129419 0.0191452 0.00676161 0.0103524 0.0142213 0.808552 0.0139319 0.0165278 0.00399537 0.00854154 0.00577285 0.00725078 0.00631488 0.0108555 0.00166508 
2.60601e-05 0.00139172 0.00318472 0.0142796 0.0256918 0.0344863 0.0427944 0.046083 0.445166 0.0328676 0.0377275 0.032816 0.0239764 0.0298474 0.0206299 0.0190177 0.0134456 0.0211356 0.0372345 0.0317055 0.0327725 0.0280983 0.00588942 0.0145348 0.00519776 
5.78324e-08 2.09821e-05 3.43416e-07 7.10338e-08 3.68002e-07 5.10282e-06 0.000164188 4.40346e-05 0.000397371 0.000551633 0.0024676 0.00111503 0.000947568 0.00105623 0.00111135 0.00109821 0.00130186 0.000805281 0.00164045 0.00141445 0.964604 0.0132698 0.0033548 0.00262504 0.00200425 
3.17016e-08 1.15075e-05 2.80201e-07 2.35382e-07 2.44904e-06 2.31023e-05 0.000320214 0.000318456 0.00173172 0.00109931 0.00285031 0.00147149 0.000989424 0.00123543 0.00132647 0.00105484 0.00138154 0.00101144 0.00191781 0.00367521 0.951608 0.0165696 0.00546175 0.00352103 0.00241798 
0.000459459 0.00394605 0.0129543 0.0895674 0.0901951 0.0496186 0.0540504 0.0604598 0.0752348 0.0416276 0.0490436 0.0557582 0.0308259 0.0297996 0.0279984 0.0192283 0.0451559 0.0529061 0.0375124 0.0674034 0.0348197 0.0359641 0.0112939 0.0169632 0.00721376 
1.57569e-07 1.54609e-05 7.62544e-06 1.59351e-05 0.000109667 0.00100037 0.00212774 0.00203845 0.00364021 0.00230431 0.00380241 0.00285172 0.00238501 0.00263179 0.00328225 0.00179658 0.00214867 0.00218329 0.00380012 0.00226712 0.00351414 0.939258 0.0131195 0.00332116 0.00237836 
1.43414e-06 0.000468791 2.09019e-05 0.000167057 0.000400888 0.00104613 0.0016842 0.0038904 0.0073205 0.00591715 0.0107826 0.00597518 0.00485674 0.00596452 0.0113591 0.871979 0.0110949 0.0128477 0.00554545 0.00784994 0.00396862 0.00887498 0.00442316 0.0116402 0.00192079 
1.5565e-06 0.00049964 1.34602e-05 1.36566e-05 0.000102663 0.000476598 0.00165757 0.00384978 0.0100467 0.00670016 0.0117816 0.00669787 0.00517782 0.0072759 0.831091 0.0341651 0.0115314 0.0175358 0.00558359 0.00847413 0.00420373 0.00896464 0.00659959 0.0154402 0.00211543 
3.56115e-08 1.29284e-05 3.38672e-07 6.27846e-07 1.03152e-05 3.89394e-05 0.000327106 0.000450838 0.00245224 0.00158311 0.00288003 0.00161237 0.000996887 0.00130179 0.00131567 0.00125039 0.001444 0.000970413 0.00191707 0.00245809 0.961775 0.00944111 0.00349795 0.00227899 0.00198355 
1.68941e-06 0.00049987 1.73273e-05 5.3017e-05 0.000871989 0.00290867 0.00630479 0.00733764 0.01466 0.00998117 0.014336 0.00911745 0.00728764 0.0120787 0.0149101 0.828526 0.00913795 0.0144259 0.00646291 0.00954828 0.00533126 0.00698557 0.00660387 0.0105481 0.00206353 
1.77471e-06 0.000515537 2.55685e-05 9.77149e-05 0.000755111 0.00249922 0.00421434 0.0063758 0.0136293 0.00874398 0.0136015 0.00847868 0.00630778 0.0105597 0.851942 0.0117689 0.00712127 0.00876415 0.00661568 0.00931342 0.0047452 0.00777327 0.00390224 0.0107022 0.00154549 
8.06256e-10 2.92425e-07 4.81442e-09 4.93485e-09 3.48502e-08 1.21537e-07 6.4836e-07 2.03321e-06 5.49362e-05 0.000107784 0.000572463 0.000162723 0.000398599 0.00033587 9.52657e-05 0.000235504 0.000210071 0.000219843 0.0012569 0.000337033 0.000859875 0.00071608 0.00125907 0.988801 0.00437424 
3.34246e-41 1.32644e-34 7.6774e-29 1.71007e-22 6.82115e-19 4.17898e-22 1.07541e-18 1.3784e-15 1.0868e-17 1.45194e-13 9.92685e-14 1.55575e-12 5.05035e-12 5.67974e-12 3.85144e-10 1.38275e-09 2.8447e-09 3.82826e-08 9.35752e-09 2.84052e-08 7.68662e-08 1.16368e-05 8.40341e-05 0.993178 0.00672623 
0.00291229 0.0223623 0.0273611 0.0509508 0.0516179 0.0625695 0.063979 0.066211 0.058378 0.0491037 0.159484 0.0583671 0.0409383 0.0369295 0.0347905 0.0207499 0.0190999 0.0249232 0.0261448 0.0287668 0.0237682 0.0256692 0.0158375 0.0203895 0.00869664 
0.000141777 0.00308197 0.0468609 0.0323951 0.105564 0.0529037 0.0974819 0.0806744 0.0483338 0.0497877 0.0453619 0.0458374 0.0802899 0.0297946 0.0291776 0.0189019 0.0157215 0.0216469 0.0350687 0.0363259 0.0291733 0.0527362 0.0210387 0.0150166 0.0066834 
7.11244e-05 0.00162497 0.00696212 0.0183845 0.0260206 0.0252896 0.033585 0.032685 0.0292558 0.0230046 0.0269078 0.0292634 0.0217279 0.020122 0.0164901 0.0131036 0.015417 0.018128 0.0272212 0.514809 0.0315764 0.0386734 0.0123758 0.012567 0.00473441 
1.2959e-17 3.15788e-16 1.33443e-15 2.53839e-15 1.41476e-13 8.26435e-15 2.00478e-13 3.16829e-10 5.06486e-09 2.93821e-08 9.44996e-07 2.42409e-07 1.34686e-06 4.02203e-05 0.000107324 7.34401e-05 0.000167819 0.000615538 0.00037382 0.000424632 0.983286 0.00780893 0.00414801 0.00191984 0.00103177 
1.54374e-07 1.34522e-05 6.88033e-06 1.67354e-05 0.000109016 0.000942702 0.00209671 0.00206425 0.00357641 0.0022708 0.00362487 0.00277361 0.00240814 0.00261046 0.00322693 0.00180986 0.00217593 0.0032076 0.0057619 0.946564 0.00444514 0.00583383 0.00282817 0.00117338 0.000459213 
0 0 0 0 0 0 0 0 0 0 0 0 0 0 0 0 0 0 0 0 0 0 1.63003e-05 0.000314481 0.999669 
1.55063e-06 0.000508244 1.27997e-05 1.08512e-05 0.000108791 0.000565573 0.00119488 0.00320526 0.00946932 0.00687735 0.011187 0.00627912 0.0047724 0.00787183 0.859473 0.0197186 0.00672112 0.0136589 0.00386298 0.00811153 0.00425228 0.00798461 0.00750688 0.0150931 0.0015519 
1.59313e-06 0.00050641 1.39761e-05 1.51736e-05 0.0001093 0.000463755 0.00120937 0.00341538 0.00748546 0.00597768 0.0112437 0.00606085 0.0118175 0.886428 0.0106181 0.00681451 0.00558172 0.00560948 0.00350044 0.00777311 0.00462226 0.00778829 0.00431763 0.00660927 0.00201699 
1.64018e-14 3.99684e-13 1.68895e-12 3.32356e-12 6.61003e-10 9.86296e-12 1.21234e-06 4.58516e-08 9.48925e-06 1.4235e-05 1.22084e-05 6.47188e-05 9.32629e-05 6.01395e-05 4.27586e-05 0.000158275 0.000164841 0.000222675 0.000449928 0.000232848 0.000212345 0.000186184 0.000253238 0.986887 0.0109341 
8.05691e-26 1.96334e-24 1.03912e-23 4.66583e-18 1.8611e-14 1.13873e-17 2.09394e-14 3.79218e-11 1.60681e-14 1.23806e-12 4.41704e-11 4.9979e-10 2.82608e-07 3.31035e-06 5.00292e-06 5.68547e-07 0.000101533 2.70667e-05 6.39794e-06 6.5896e-06 1.99501e-05 0.000412611 0.000339786 0.990884 0.00819283 
4.08647e-18 9.95804e-17 4.20803e-16 1.43183e-14 5.39748e-11 3.53247e-14 8.50416e-11 1.0908e-07 1.60447e-09 4.45108e-09 1.66159e-07 1.31213e-07 1.24593e-06 5.14654e-05 6.6473e-05 0.00103372 0.97887 0.00960334 0.00374895 0.00196698 0.000578543 0.000645212 0.00161062 0.00176118 6.16843e-05 
1.9304e-06 0.000554692 0.000102053 0.000197275 0.000973481 0.00147704 0.0029509 0.00478058 0.0073939 0.00586571 0.0124157 0.00679589 0.00555309 0.00655324 0.00913714 0.00772426 0.812345 0.0500352 0.0113246 0.0152223 0.00742873 0.0143548 0.00463592 0.00716515 0.00501108 
1.43261e-07 1.32753e-05 3.31591e-06 4.04282e-06 1.27096e-05 6.53354e-05 0.000337935 0.000576625 0.00242646 0.00193037 0.00311201 0.00201196 0.00146069 0.00172575 0.00174714 0.00137734 0.00149417 0.00105518 0.00182825 0.00195731 0.954433 0.0134588 0.00348723 0.00285193 0.00262861 
7.46564e-07 0.000270865 4.48968e-06 7.10822e-07 2.73395e-06 5.51214e-05 0.000751527 0.00143564 0.00539658 0.00372243 0.00875275 0.00405995 0.00305872 0.00422807 0.91272 0.00669 0.00773249 0.0079944 0.00387607 0.00690223 0.00350623 0.00640486 0.00232065 0.00908238 0.00103048 
4.12449e-08 1.49642e-05 2.44872e-07 2.99042e-08 5.7231e-09 9.59745e-07 9.99496e-07 1.44672e-06 2.51461e-05 1.76886e-05 0.000124329 0.000738551 0.000665192 0.000191426 0.000130453 0.000787865 0.000753334 0.000719781 0.00129872 0.000973816 0.00143729 0.970052 0.0138062 0.00688326 0.00137657 
3.31369e-07 0.000120224 1.96767e-06 2.88035e-07 9.80863e-07 1.43147e-05 0.00041498 0.000971668 0.00385932 0.00275213 0.00711357 0.00397691 0.00299959 0.00386691 0.00483989 0.00530432 0.00988672 0.899675 0.0191738 0.00802846 0.00431772 0.00559152 0.00741831 0.00762578 0.00204562 
0.000119439 0 0 0 0 6.23188e-05 0 0 7.88545e-05 0 0 0 2.48209e-05 0 1.9643e-05 0 0 1.47654e-05 0 1.26212e-05 0 1.80432e-05 9.36533e-05 0.000151591 0.999404 
3.10726e-13 7.57187e-12 3.19965e-11 5.98442e-11 1.05697e-10 1.70873e-10 4.25527e-10 6.47081e-08 8.02679e-05 0.000345555 0.00155055 0.00116178 0.00103512 0.00274771 0.00164336 0.00438869 0.00515805 0.00443344 0.000824914 0.000810492 0.00170077 0.00273959 0.00179323 0.00208471 0.967502 
1.7563e-08 9.43098e-07 4.5504e-07 9.64251e-07 6.85089e-06 3.96498e-05 3.54736e-05 0.000122124 0.000178289 0.000232966 0.000120538 0.000308873 0.000367507 0.000441014 0.000380092 0.000274748 0.000188552 0.000309134 0.000478104 0.00011194 0.000486455 0.0018914 0.984379 0.0080242 0.00162092 
8.36924e-08 3.03645e-05 4.96989e-07 6.1006e-07 4.48617e-06 2.33744e-05 5.09124e-05 0.000191396 0.000246962 0.000387326 0.00167957 0.000930475 0.000951535 0.000784003 0.000586212 0.00110863 0.00114245 0.000997157 0.00155544 0.00159651 0.971393 0.00906908 0.00396522 0.00220599 0.00109912 
1.26982e-06 0.000460711 7.63103e-06 1.13941e-06 3.30246e-06 8.01042e-05 0.000512837 0.00200939 0.00503671 0.00389149 0.00881457 0.00429325 0.00330343 0.00415393 0.00995931 0.895091 0.00791125 0.0143419 0.00372998 0.00719101 0.0036322 0.00663965 0.00594482 0.0113073 0.00168161 
1.6778e-06 0.00053056 1.50124e-05 4.51058e-05 0.000729291 0.00204476 0.00392114 0.00507402 0.0115476 0.0077997 0.0123133 0.00782778 0.0135605 0.866804 0.00971751 0.00724537 0.00870043 0.00552092 0.00395335 0.00897907 0.00347947 0.00632206 0.00578345 0.00605858 0.00202539 
1.64421e-06 0.000533884 1.40846e-05 2.27909e-05 0.000271784 0.000779711 0.00177441 0.00395852 0.00920337 0.00690277 0.0116379 0.00618248 0.0103691 0.882143 0.0109853 0.00649358 0.00580049 0.0057184 0.00357397 0.00824535 0.00453461 0.00755699 0.00489765 0.00656459 0.00183416 
8.64992e-26 2.17242e-23 3.28624e-24 7.31656e-21 2.91584e-17 1.7893e-20 4.12266e-17 5.90999e-14 2.00762e-16 9.7133e-13 8.12773e-12 7.87264e-11 9.63241e-10 7.41847e-09 4.60883e-08 1.7191e-07 1.46895e-07 3.07199e-06 6.99267e-06 7.83964e-07 2.57998e-05 0.000325692 0.00120937 0.990887 0.00754081 
1.60788e-06 0.000510554 1.41838e-05 2.96115e-05 0.000405979 0.0011189 0.00233684 0.00421889 0.01122 0.0080892 0.0119734 0.00681043 0.00479729 0.864227 0.0228459 0.00904908 0.00634434 0.00572718 0.00395353 0.00870477 0.00454563 0.00781397 0.00422287 0.00980145 0.00123729 
0 0 0 0 0 0 0 0 0 0 0 0 0 0 0 0 0 0 0 8.56556e-05 0.000178719 0.00024274 0.000310009 0.000449227 0.998734 
1.07545e-07 1.07977e-05 2.46434e-06 2.87468e-06 1.05484e-05 5.55648e-05 0.000334612 0.000580071 0.0024304 0.00189539 0.00303227 0.00177785 0.00108137 0.00156844 0.00146439 0.00129158 0.00142656 0.00165597 0.00327257 0.96159 0.00518277 0.00610539 0.00344361 0.00139998 0.000384049 
1.25311e-08 4.54581e-06 7.45822e-08 9.89953e-09 1.21673e-07 2.58544e-06 5.8598e-05 0.000348449 0.00183612 0.00164462 0.00292696 0.00252123 0.0019049 0.00224704 0.00226743 0.00355604 0.924663 0.0330293 0.00288959 0.00474718 0.00194868 0.0028861 0.0017105 0.00387381 0.00493259 
1.51145e-07 1.34826e-05 3.52839e-06 4.46597e-06 1.71818e-05 0.000104737 0.00047172 0.00065633 0.00260764 0.00201275 0.00319608 0.00214607 0.00161239 0.00190242 0.00191156 0.00141521 0.0015201 0.000999201 0.0019539 0.00184562 0.00290268 0.952568 0.0144372 0.00472369 0.000973449 
1.34375e-06 0.000487537 8.09596e-06 1.35515e-06 5.86037e-06 0.000133935 0.000961913 0.00239009 0.0068699 0.00478194 0.0102731 0.00478253 0.00358048 0.00540015 0.869763 0.0167573 0.0100247 0.0151748 0.00355924 0.00776603 0.0036138 0.00733716 0.00607757 0.0190141 0.00123436 
2.56202e-08 9.30261e-06 2.65902e-07 2.88817e-07 3.26763e-06 1.81532e-05 0.000288643 0.000382112 0.00201286 0.00139973 0.00269128 0.00151884 0.000977807 0.00118078 0.00125292 0.00109416 0.00142304 0.00187851 0.00309089 0.00316535 0.00528138 0.00797996 0.95313 0.00826769 0.00295266 
8.30278e-06 0.000232476 0.000950904 0.00267018 0.00658952 0.00708799 0.00979622 0.00996309 0.00806664 0.00638039 0.00806746 0.00939172 0.00741473 0.00701464 0.00485723 0.00611492 0.0110658 0.0596396 0.0161571 0.0233416 0.750475 0.0261423 0.00856626 0.00857113 0.00143504 
5.8982e-08 2.13993e-05 3.50328e-07 9.03981e-07 6.9443e-06 3.25505e-05 4.86898e-05 0.000139359 0.000272702 0.00035074 0.00158063 0.00095405 0.000909949 0.000686846 0.000422297 0.00103976 0.00107122 0.000790744 0.00145559 0.00120617 0.956858 0.0221529 0.0044614 0.00385706 0.00168008 
1.30469e-06 0.000475541 3.47911e-05 4.40645e-06 3.81163e-05 0.000169438 0.000726057 0.00209078 0.00581834 0.00395049 0.00994303 0.00441326 0.00347559 0.00572431 0.898526 0.0113859 0.00940671 0.00596331 0.00353423 0.00736935 0.00354936 0.00726939 0.00285345 0.0121665 0.00111044 
0.000112537 0.0016679 0.006659 0.0261654 0.0283118 0.0227256 0.0317175 0.0263098 0.0288681 0.0222274 0.0332772 0.0321761 0.024748 0.0173151 0.0141032 0.0117908 0.015755 0.0161604 0.0268592 0.49926 0.0397744 0.0446538 0.0108952 0.0126199 0.00584695 
0 0 0 0 0 0 0 0 0 0 0 0 0 0 0 0 0 0 0 0 0 2.5009e-05 4.11416e-05 5.09849e-05 0.999883 
1.50969e-13 3.67889e-12 1.55592e-11 7.73509e-11 2.6805e-08 1.41019e-08 1.19015e-05 6.55766e-05 0.000263159 7.88106e-05 0.000205409 0.000313081 0.000520021 0.000171681 0.000116469 0.000352861 0.000219822 0.000263854 0.000776605 0.00101962 0.000328065 0.00137494 0.00475956 0.988856 0.000302704 
6.11995e-07 0.000222039 3.63375e-06 5.02635e-07 1.08299e-06 1.85022e-05 0.000347592 0.000721506 0.00364951 0.00299122 0.00732929 0.00346216 0.002726 0.00379985 0.00500978 0.00498851 0.903257 0.0274932 0.00724267 0.00620252 0.00331032 0.00560374 0.00271668 0.00401419 0.00488776 
1.07883e-06 0.000391412 6.40585e-06 4.45962e-06 2.94656e-05 0.000145382 0.000647072 0.0020553 0.00478249 0.00328163 0.00804735 0.00374997 0.0028981 0.00423418 0.446869 0.00916032 0.00872216 0.452365 0.0114754 0.0124423 0.00509113 0.00579242 0.00498547 0.0108752 0.00194739 
0 0 0 0 0 0 0 0 0 0 0 0 0 0 1.25229e-11 3.19037e-10 7.35789e-10 3.37422e-05 4.68031e-05 8.51696e-05 0.00010415 0.000138379 0.000237793 0.99566 0.00369371 
