3034
1.64852e-10 4.4844e-08 9.98424e-09 1.35335e-06 2.41473e-07 1.35691e-06 3.89105e-07 5.59616e-07 2.51821e-06 7.85698e-07 2.56036e-06 9.29494e-06 5.50485e-06 2.96285e-05 2.69518e-05 1.74246e-05 2.85226e-05 1.52098e-05 8.98086e-06 1.44112e-05 7.60825e-06 6.27178e-06 8.84499e-06 2.98132e-05 0.999782 
1.34682e-05 0.000567874 0.000274441 0.0011118 0.00423667 0.012869 0.0110705 0.011068 0.0208579 0.0176158 0.714988 0.0205962 0.0149316 0.0109773 0.0155823 0.00937735 0.0106842 0.0134947 0.0101529 0.0183533 0.0214736 0.0145306 0.0169902 0.0242084 0.00397357 
1.24599e-37 3.44535e-36 2.36795e-31 5.27411e-25 2.10374e-21 1.28886e-24 3.3163e-21 4.2512e-18 8.79471e-17 1.19658e-12 2.56081e-11 2.66319e-10 3.46714e-09 2.3854e-09 7.68899e-09 2.36378e-08 2.62274e-08 1.00439e-07 6.87e-08 1.27988e-07 7.93747e-05 0.00106003 0.98984 0.00812171 0.000898287 
1.17145e-06 0.000425018 6.95528e-06 9.20286e-07 1.77723e-06 7.22508e-05 0.00046675 0.00162141 0.00428135 0.00330489 0.00913639 0.00395435 0.00320277 0.00494142 0.882641 0.0170763 0.00931698 0.0152475 0.00367287 0.00663069 0.00332786 0.00620239 0.00658951 0.0167611 0.00111615 
8.37337e-08 1.06959e-05 1.81656e-06 2.1732e-06 9.07843e-06 5.26355e-05 0.000325672 0.000552677 0.00249053 0.00179744 0.0029673 0.0018476 0.00113349 0.00165888 0.00176476 0.00129825 0.00141551 0.00132115 0.00280668 0.96153 0.00521994 0.00722626 0.00279604 0.00140393 0.000367791 
0 0 0 0 0 0 0 0 0 0 0 0 0 0 0 0 0 0 0 0 0 1.51832e-05 5.94265e-05 0.999058 0.000867134 
0 0 0 0 0 0 0 0 0 0 0 0 0 0 0 0 0 0 0 0 0 2.1762e-05 8.00091e-05 0.00015142 0.999747 
4.26524e-06 0.000645382 0.000785722 0.0048564 0.0125416 0.0244611 0.032259 0.0334538 0.0354353 0.0294064 0.60591 0.0267844 0.0258265 0.0183876 0.0207242 0.0151367 0.0151192 0.00977895 0.0119628 0.0217922 0.0160092 0.0132112 0.00576207 0.0162259 0.00352024 
3.95736e-05 0.0015022 0.00812179 0.0255906 0.0313395 0.0295021 0.0366285 0.0347337 0.0409893 0.0395486 0.0403342 0.0416806 0.263143 0.128471 0.0429172 0.122078 0.0129823 0.0174506 0.0123468 0.0122859 0.0130222 0.0139132 0.00821779 0.0188423 0.00431975 
2.5845e-08 9.3709e-06 3.0737e-06 6.75668e-05 0.000135471 0.000258827 0.000364377 0.000597341 0.00257222 0.00174505 0.00303624 0.00169689 0.00116521 0.00161012 0.00151524 0.00164258 0.0016455 0.0035415 0.00607261 0.00681771 0.0111115 0.0207676 0.0114875 0.910618 0.0115182 
4.17596e-05 0.00280145 0.00942345 0.0252628 0.0439421 0.0522978 0.306686 0.0423303 0.13942 0.0379689 0.0438499 0.0390202 0.0279427 0.0319896 0.0518402 0.0198016 0.0129628 0.01537 0.0153233 0.0141056 0.0221045 0.0138766 0.00772928 0.0184031 0.00550662 
1.67886e-06 0.000504939 1.65884e-05 3.79836e-05 0.000582787 0.0018825 0.00429127 0.00568594 0.0132817 0.00910539 0.0142311 0.0152235 0.857099 0.00979847 0.00951825 0.00797516 0.00710894 0.00636566 0.00375594 0.00920726 0.00401954 0.00681389 0.00505563 0.0066382 0.00179832 
2.39566e-06 6.37016e-05 8.41776e-05 0.000762604 0.00153286 0.00496269 0.00430374 0.00397173 0.00545814 0.00484409 0.00819323 0.00624654 0.0059928 0.00421672 0.00495722 0.00261358 0.00886481 0.009565 0.0115364 0.87135 0.0174184 0.0140788 0.00573474 0.00252556 0.000719797 
1.0447e-05 0.000555112 0.000190287 0.000745429 0.00360205 0.0129075 0.0107431 0.0107369 0.0180556 0.0127629 0.0215771 0.0160349 0.0170103 0.717402 0.0156675 0.00980914 0.00902839 0.0169757 0.0119217 0.0222611 0.0213246 0.0233985 0.0161156 0.00881165 0.00235261 
8.32207e-05 0.00469872 0.0172211 0.0511049 0.0473466 0.0312336 0.0403987 0.0415278 0.0512041 0.0593885 0.0569167 0.0566792 0.0399852 0.0333133 0.0357616 0.0305819 0.0148064 0.0241382 0.0185358 0.018745 0.0141698 0.27598 0.0127108 0.0181811 0.00528773 
1.34121e-07 1.00255e-05 3.31744e-06 5.987e-06 5.92044e-05 0.000369045 0.00139095 0.00128338 0.00291058 0.00196224 0.00330654 0.00234559 0.0019952 0.00242404 0.00255424 0.00194937 0.00361626 0.935215 0.0171569 0.0032189 0.00313935 0.00472865 0.00401186 0.00476668 0.00157637 
8.41531e-06 0.00207582 0.00524837 0.0108406 0.0535615 0.104428 0.153837 0.0268327 0.025989 0.315895 0.0630457 0.0220563 0.0176448 0.0169761 0.0703336 0.0458457 0.00655139 0.0101056 0.00842909 0.00966001 0.0070773 0.00859632 0.00396462 0.0078926 0.00310407 
3.1452e-08 1.14109e-05 1.86824e-07 6.55781e-08 6.18285e-07 5.5376e-06 0.000199694 5.17714e-05 0.00073944 0.00066767 0.00266334 0.00109845 0.00097747 0.00114148 0.00118124 0.00101003 0.00133149 0.000954743 0.00193006 0.00186173 0.963184 0.0119794 0.00442428 0.00277268 0.00181293 
7.0992e-06 0.00225271 0.00361023 0.00413505 0.0100542 0.0175509 0.21106 0.0278487 0.518164 0.0242617 0.0260112 0.018723 0.0169714 0.0158853 0.0168563 0.0142674 0.00625632 0.00836335 0.0101109 0.0118462 0.00981756 0.00914546 0.00513187 0.00810592 0.0035636 
1.49297e-06 0.000517233 1.05931e-05 6.68926e-06 3.60423e-05 0.000251885 0.0015321 0.00322873 0.00889755 0.0058782 0.014053 0.891708 0.0126509 0.00607885 0.00741565 0.00549275 0.00509363 0.0022379 0.00256836 0.00862738 0.00317577 0.00585987 0.00445983 0.00715974 0.00305822 
4.48047e-06 0.000161513 0.00134157 0.00843099 0.0165638 0.629811 0.0405483 0.0327092 0.0302143 0.0262208 0.0318496 0.0228972 0.0205655 0.0243364 0.0213226 0.0156315 0.00639735 0.0150679 0.0139914 0.00880905 0.00711202 0.00997901 0.00359516 0.00677622 0.00566361 
2.28191e-07 2.68418e-06 1.69113e-05 0.000137149 0.000230484 0.00060066 0.000457661 0.000286114 0.000272886 0.000323847 0.000379618 0.000488513 0.0006116 0.00018601 0.000505521 0.0005069 0.00074199 0.000328849 0.00140068 0.0012895 0.000818691 0.000866174 0.978025 0.0083907 0.00313127 
3.71585e-08 1.33537e-05 2.4347e-07 3.9382e-07 4.03324e-06 1.74926e-05 0.000175993 7.24354e-05 0.000656855 0.000549791 0.00227264 0.000970621 0.00102672 0.00111835 0.00138334 0.00113975 0.00131629 0.00134563 0.00264381 0.970928 0.00496814 0.00566805 0.00206655 0.00140584 0.000255946 
1.44316e-06 3.91964e-05 4.20805e-05 0.00029109 0.000687858 0.0070309 0.00316006 0.00252312 0.0044442 0.00354958 0.00813004 0.00547396 0.00374863 0.0040654 0.00434491 0.00219014 0.0039272 0.00891298 0.00854366 0.0154764 0.876666 0.0259613 0.00649862 0.00310084 0.00119015 
2.60831e-30 3.86639e-20 7.357e-16 1.33537e-11 5.32294e-08 3.89212e-09 3.10136e-06 2.38295e-06 3.73246e-06 2.58755e-05 8.71908e-06 5.76852e-06 5.31528e-05 1.114e-05 0.00010762 4.00125e-05 3.97039e-05 0.0001669 7.6243e-05 3.12018e-05 2.54789e-05 0.000118745 0.000205276 0.00149937 0.997576 
3.05075e-05 0.00326782 0.00944571 0.0255563 0.0341076 0.035308 0.0463751 0.0479616 0.0480636 0.0443607 0.0498649 0.0455631 0.399068 0.0310321 0.033364 0.0272653 0.0134938 0.0175238 0.0132368 0.0159707 0.0134102 0.0149476 0.00884645 0.0170725 0.00486386 
9.0739e-06 0.00133532 0.00239296 0.00241902 0.0076082 0.00928894 0.0138935 0.0149745 0.0184744 0.0133942 0.0172627 0.0115163 0.0109439 0.0101342 0.0155534 0.0175199 0.0113183 0.0178589 0.0127001 0.00908788 0.0126672 0.0171182 0.730881 0.0169625 0.00468511 
2.15606e-06 4.46845e-05 4.59944e-05 0.000220885 0.000675419 0.00345638 0.00278899 0.00212649 0.00416419 0.00322742 0.00648502 0.00462431 0.00332975 0.00369007 0.00377217 0.00214356 0.0039334 0.00739665 0.0116088 0.0116315 0.889756 0.0214596 0.00686041 0.00368539 0.00287077 
1.03299e-05 0.00474903 0.0094795 0.0112011 0.0186242 0.0240051 0.0352204 0.0378793 0.0358976 0.0313793 0.0368491 0.0288751 0.0244532 0.0229295 0.0240254 0.0192095 0.011229 0.0125128 0.0102172 0.0144251 0.0096485 0.0165691 0.541775 0.0144788 0.00435653 
1.55904e-06 0.000509859 1.28319e-05 1.34918e-05 7.46096e-05 0.000396956 0.00168596 0.003667 0.00934981 0.00723116 0.0116646 0.00614176 0.0105622 0.887816 0.0102202 0.00606696 0.00607122 0.00522346 0.00298958 0.00845298 0.0040345 0.0067025 0.00422653 0.00525538 0.00162923 
5.55526e-05 0.00474099 0.0158198 0.0442579 0.0375722 0.029674 0.0420847 0.034029 0.0467461 0.0516222 0.0564142 0.0585524 0.351732 0.0312597 0.0407521 0.0293294 0.0186544 0.0193113 0.0161738 0.0118349 0.0109154 0.0166654 0.00924949 0.0174628 0.00508994 
5.29922e-06 0.00251188 0.00424665 0.00539252 0.0164695 0.0247837 0.0327188 0.6357 0.0407226 0.0282425 0.0297759 0.0245859 0.0197679 0.0170539 0.0189023 0.0151662 0.00872524 0.009364 0.0131611 0.0119229 0.00871539 0.0110333 0.00324475 0.0119992 0.00578811 
2.39561e-16 7.7457e-15 2.41213e-14 4.54314e-14 5.67139e-13 1.50066e-13 1.06713e-12 1.25888e-09 2.87081e-08 1.24627e-07 1.4922e-05 5.68736e-05 1.52713e-05 7.90247e-05 5.0224e-05 0.000240905 0.000584058 0.000669771 0.000662551 0.000417101 0.00213767 0.969224 0.0128032 0.00982419 0.0032201 
6.15069e-12 2.18039e-09 5.12053e-11 1.67785e-10 2.84603e-08 1.45178e-08 1.18283e-05 6.84195e-05 0.000272393 9.39864e-05 0.000177024 0.000630835 0.000698994 0.000274406 0.000373428 0.000705218 0.929599 0.0332064 0.0145414 0.00445721 0.00101316 0.000648399 0.00325355 0.00641831 0.00355647 
1.19743e-06 0.000433866 7.18154e-06 5.18785e-05 0.000984628 0.00242933 0.00285777 0.00358794 0.00662387 0.00437414 0.00947606 0.00481677 0.00376368 0.00774931 0.44773 0.452055 0.00826955 0.00967215 0.00345615 0.00597438 0.0043576 0.00668434 0.00408196 0.00922571 0.00133598 
4.23917e-08 1.53891e-05 3.90924e-07 4.82724e-07 7.12397e-06 4.74099e-05 0.000336758 0.000565902 0.00248502 0.00164885 0.00299387 0.00176424 0.00110986 0.00156921 0.00138676 0.00125032 0.00145257 0.000860279 0.00183269 0.00186086 0.00328322 0.949154 0.0124864 0.00958244 0.00430624 
1.33687e-06 0.000485023 8.13972e-06 5.68629e-06 4.34978e-05 0.000264024 0.00123628 0.00322264 0.00842949 0.00574075 0.0111318 0.0056893 0.00895976 0.89061 0.0103707 0.00641592 0.00563639 0.00521143 0.00334744 0.00835392 0.00456235 0.0070486 0.00538328 0.00606405 0.00177805 
0 0 0 0 0 0 0 0 0 0 0 0 0 0 0 0 0 0 0 0 6.46026e-11 1.00134e-05 0.000221578 0.996605 0.00316308 
3.36551e-08 1.22105e-05 2.08095e-07 2.97974e-06 6.18771e-05 0.000209902 0.000365354 0.000148598 0.0015017 0.000986582 0.00282012 0.0013621 0.00124525 0.00128448 0.00120219 0.00112289 0.00149389 0.000781456 0.00172162 0.00182301 0.00298087 0.955044 0.0131018 0.00892699 0.00179951 
4.56926e-05 0.00151573 0.0334483 0.0516011 0.0698289 0.109149 0.0848279 0.166279 0.0361252 0.0333952 0.063443 0.0532375 0.10188 0.0245913 0.0337736 0.0184539 0.00962056 0.0149378 0.0113068 0.0360603 0.0109483 0.0108525 0.00730366 0.0130814 0.00429315 
3.58244e-07 2.01342e-05 1.42334e-05 8.23513e-05 0.000407188 0.00501412 0.00270257 0.00223673 0.00376452 0.00313433 0.00653101 0.00540018 0.00286523 0.00367611 0.00360169 0.00189269 0.00274233 0.00980634 0.0073214 0.014212 0.0147076 0.895776 0.00905581 0.00378435 0.00125083 
1.85138e-07 6.71704e-05 1.09916e-06 1.34491e-07 4.90739e-08 2.30693e-06 2.2831e-06 8.04449e-05 0.000105848 3.70859e-05 0.000181106 0.000796329 0.000720593 0.000388693 0.000252532 0.000932848 0.000926109 0.000784768 0.00144287 0.00108144 0.00141593 0.00826582 0.969806 0.00896016 0.00374867 
2.01919e-15 4.92041e-14 2.07922e-13 3.89814e-13 2.75924e-12 1.22773e-12 3.55837e-11 8.25714e-09 1.13267e-07 6.84673e-07 3.50823e-05 0.000220809 0.0001287 0.000115293 7.13328e-05 0.00029352 0.000628831 0.000779677 0.000704764 0.968778 0.0123208 0.00854297 0.00330886 0.00210232 0.0019683 
5.10608e-06 0.00100343 0.00145707 0.00652993 0.0202441 0.0278952 0.0412363 0.569419 0.0445186 0.0352878 0.0366275 0.031797 0.0248016 0.0223327 0.0243946 0.0178177 0.00981274 0.0119292 0.0134877 0.0126187 0.0129708 0.0119538 0.00402147 0.0127048 0.00513317 
2.01677e-07 2.63949e-05 7.9858e-05 0.000345316 0.000465457 0.00317648 0.00283778 0.00307353 0.00446369 0.00286324 0.00482586 0.00377664 0.00266992 0.00296963 0.0034617 0.00191164 0.00236188 0.00349666 0.00645336 0.00411406 0.00480697 0.929302 0.00608719 0.00447758 0.00195327 
9.75329e-08 3.53854e-05 5.7927e-07 7.12359e-08 2.33957e-07 3.22918e-06 9.18644e-05 0.000594484 0.00272708 0.00175265 0.00262961 0.00278648 0.00217883 0.00255425 0.00596673 0.92544 0.00821575 0.0143003 0.00275576 0.00533261 0.00151108 0.00273821 0.00545646 0.0116969 0.001231 
5.12224e-07 2.94448e-05 7.25196e-05 0.000468615 0.000750333 0.00121576 0.00194699 0.0023983 0.00418454 0.00343748 0.00438014 0.00343484 0.00254874 0.00312006 0.00274539 0.00190041 0.00166594 0.00169059 0.00303346 0.00253959 0.92095 0.0249264 0.00520862 0.0044544 0.0028973 
2.08175e-07 1.64219e-05 8.14045e-06 3.12672e-05 0.000212788 0.00266069 0.00243853 0.00203554 0.00363995 0.00252918 0.00573736 0.00406449 0.0025763 0.0032975 0.00352641 0.00179935 0.00212238 0.00613592 0.00664409 0.0130073 0.895572 0.030814 0.00684695 0.00374151 0.000541419 
3.00225e-08 1.09005e-05 3.02156e-07 2.84805e-07 3.09319e-06 1.75539e-05 0.00027776 0.00040415 0.00206939 0.00138257 0.00282175 0.00162995 0.000998034 0.00122722 0.00124891 0.0011204 0.00143384 0.000754812 0.00171757 0.00187807 0.00300156 0.962037 0.0104742 0.00304894 0.00244217 
7.06368e-06 0.000635626 0.00167619 0.00946069 0.0178198 0.0259854 0.0403557 0.0428753 0.0400937 0.037006 0.0395504 0.0329355 0.0291696 0.53295 0.029049 0.0202023 0.00980752 0.0132108 0.0114091 0.0147014 0.0133381 0.0141127 0.00727077 0.0127783 0.00359956 
9.52436e-06 0.0014278 0.00237971 0.00391495 0.603834 0.0740158 0.0202823 0.0266527 0.0256193 0.0207733 0.0217246 0.0159736 0.0182632 0.0236145 0.0263665 0.0129583 0.0142716 0.00886625 0.0109017 0.00983524 0.0214691 0.0101646 0.0108666 0.00899922 0.00681509 
6.63323e-06 0.00215266 0.00418516 0.0103617 0.0169059 0.0249268 0.0326971 0.0334467 0.034079 0.0288229 0.0414836 0.589293 0.0255685 0.020631 0.0196672 0.0193969 0.00885867 0.00936722 0.014004 0.0167546 0.0095784 0.0143799 0.00707336 0.0118447 0.00451478 
3.29503e-05 0.00111563 0.00745069 0.0212169 0.0295407 0.0352707 0.0461962 0.0462804 0.0508453 0.425322 0.0535265 0.0431618 0.0326767 0.0269404 0.044319 0.0198138 0.011941 0.0128088 0.0139662 0.0165063 0.0128081 0.0142922 0.00826519 0.0205673 0.00513474 
7.87449e-07 0.0002857 4.76262e-06 2.34735e-06 3.76438e-05 0.000212256 0.000573431 0.00140933 0.00563947 0.00402481 0.00798394 0.00412687 0.00325174 0.00381273 0.00566642 0.00550341 0.0101292 0.890676 0.0186242 0.00842497 0.00468777 0.00625196 0.00874358 0.00740459 0.0025223 
1.05733e-11 3.83449e-09 6.32637e-11 1.85705e-10 1.28078e-09 3.70455e-09 2.19383e-07 6.12528e-08 1.9816e-06 3.36057e-06 3.83468e-05 0.00046419 0.000359233 0.000119397 0.000120233 0.000377993 0.000644193 0.00128839 0.00117904 0.00134002 0.974888 0.0122769 0.00390086 0.00211041 0.000887117 
1.39405e-05 0.00078263 0.000464052 0.00260145 0.00823589 0.0161732 0.0198589 0.0205302 0.0266885 0.0205687 0.6608 0.027691 0.0216892 0.0136189 0.020244 0.0122811 0.0168713 0.00863663 0.0126353 0.019131 0.0253715 0.0136421 0.013579 0.0142898 0.00360117 
2.7954e-06 0.00037432 0.00059787 0.00439236 0.0138244 0.0286407 0.60916 0.0365998 0.0318268 0.029401 0.0315026 0.0252126 0.0234547 0.024738 0.0248016 0.0139069 0.0144642 0.0149265 0.0146774 0.0133169 0.0190702 0.0111969 0.00353412 0.00758005 0.00279743 
6.13499e-06 0.000141759 0.000158866 0.000776726 0.00243686 0.00815918 0.00629984 0.00546358 0.00748685 0.0064494 0.0126226 0.00847111 0.006926 0.00624526 0.00731529 0.00359742 0.00901392 0.0163125 0.0170337 0.814171 0.0224742 0.0218985 0.0108637 0.00485822 0.000817674 
1.42391e-08 5.16596e-06 8.4593e-08 4.1066e-08 3.53969e-07 1.99942e-06 0.000126331 2.64658e-05 0.00025751 0.00043675 0.00198961 0.000700436 0.000861306 0.00121213 0.00659602 0.951438 0.00998191 0.00955552 0.00132513 0.000697578 0.00245216 0.00178493 0.00142443 0.00851573 0.000610753 
1.03065e-05 0.00354649 0.00745582 0.0113015 0.0202224 0.0247367 0.033401 0.313511 0.0370535 0.0297442 0.312711 0.0306383 0.0219159 0.0207347 0.0211251 0.0196364 0.00947341 0.0117356 0.0117435 0.0139516 0.0094489 0.0128369 0.00476673 0.0135202 0.00477949 
7.24446e-07 0.000262837 4.30135e-06 5.7852e-07 1.02988e-06 1.90604e-05 0.000412373 0.000715899 0.00339639 0.00278287 0.00700456 0.00323521 0.00246057 0.00359875 0.00731991 0.913378 0.00799236 0.0136012 0.00376312 0.00535993 0.003552 0.00539519 0.00492545 0.0094044 0.00141286 
1.43753e-06 0.000493422 1.04394e-05 3.43751e-05 0.000488928 0.00125218 0.00224038 0.00437506 0.0101231 0.00720976 0.0113511 0.00611788 0.00404673 0.00662193 0.0105876 0.0143122 0.0127822 0.0148406 0.00904549 0.010095 0.00616601 0.0096157 0.00715157 0.00932877 0.841708 
6.06927e-10 4.36035e-08 1.84043e-08 1.08413e-07 2.66265e-07 7.2632e-07 8.48306e-05 6.09755e-06 5.21682e-05 5.19903e-05 0.000131509 0.000372913 0.000210575 0.000200984 0.000149881 0.000296737 0.00027525 0.000791404 0.00194505 0.000917808 0.977939 0.00945826 0.00350552 0.00215113 0.00145805 
2.62468e-06 0.000342816 0.00153998 0.552274 0.048949 0.0390146 0.0297323 0.0313701 0.0317716 0.0293489 0.0343334 0.0288375 0.0227912 0.0241521 0.026943 0.0204907 0.00478637 0.0133076 0.00903353 0.0159674 0.00951405 0.00857068 0.00506208 0.00717973 0.00468527 
4.21569e-07 0.000146318 3.04096e-06 1.62765e-06 1.35565e-05 0.00010186 0.000400626 0.00237314 0.896001 0.0209003 0.0115489 0.00212349 0.00156862 0.0037024 0.00980447 0.00877832 0.00517356 0.00247015 0.00268332 0.0122684 0.00279798 0.00368973 0.00262221 0.00546918 0.00535722 
9.91236e-16 2.41547e-14 1.02071e-13 2.87147e-13 3.83083e-10 8.15882e-13 6.04613e-10 7.73823e-07 3.52526e-08 3.26989e-07 2.75882e-05 1.54931e-06 9.19467e-07 3.29807e-05 0.000229475 0.000833142 0.993037 0.00340402 0.000740501 4.83726e-05 0.000420572 0.00043534 0.000130922 0.000621697 3.48479e-05 
6.50658e-07 2.19894e-05 1.96363e-05 7.96926e-05 0.000371563 0.00401634 0.00267642 0.0021902 0.0039149 0.00271736 0.00672183 0.00454208 0.00274663 0.00357667 0.00405175 0.00352437 0.00485354 0.86426 0.0237552 0.0194875 0.0117595 0.0173063 0.00773704 0.00742113 0.00224784 
4.31177e-06 0.000725766 0.00187325 0.528707 0.044085 0.0356744 0.0340787 0.0311691 0.0324033 0.0325882 0.0347029 0.0303719 0.0252563 0.0235155 0.0287078 0.0222256 0.0119648 0.0130673 0.00860099 0.0168309 0.0170829 0.00805512 0.00515868 0.00867371 0.0044771 
1.15566e-05 0.0042478 0.00952639 0.0137505 0.0233799 0.0334786 0.0416752 0.0444214 0.499362 0.0449019 0.0453347 0.0322727 0.0276898 0.0243988 0.02942 0.0239476 0.0107787 0.0116552 0.0133891 0.0190115 0.0101086 0.0128687 0.00632102 0.0127794 0.00526891 
1.13212e-05 0.00138256 0.411542 0.0240656 0.172315 0.0203351 0.0238691 0.0235829 0.0278417 0.0236541 0.0262003 0.0291795 0.0194401 0.0979295 0.0201027 0.0176638 0.00563632 0.0105357 0.00631844 0.00930424 0.00712623 0.00729098 0.00429275 0.00731475 0.00306589 
2.69707e-05 0.00583779 0.0145715 0.0223986 0.108445 0.0298034 0.249633 0.0956266 0.0389905 0.0905833 0.0378553 0.0366088 0.0241213 0.103823 0.0258833 0.0244151 0.00996859 0.0157984 0.0112548 0.011778 0.00900557 0.0110426 0.00546451 0.0128099 0.00425369 
1.29013e-05 0.000582702 0.00353365 0.0152337 0.0240108 0.031662 0.0431071 0.0431141 0.0435757 0.0376919 0.0427036 0.0342707 0.49443 0.0315748 0.0289622 0.0202751 0.0112814 0.0135478 0.0115083 0.0156884 0.0108086 0.0134861 0.00800247 0.0166832 0.004253 
1.37189e-07 4.97731e-05 8.14764e-07 1.18995e-07 3.6426e-07 2.98734e-06 0.000114019 0.000567931 0.00242902 0.00229633 0.00535771 0.00275698 0.00221689 0.00281169 0.00566092 0.930415 0.00684783 0.0118623 0.00313812 0.00451159 0.00252448 0.00387807 0.0037794 0.0075534 0.00122409 
9.02439e-06 0.00441578 0.00979989 0.235127 0.0419459 0.050056 0.0373342 0.0376245 0.0380089 0.252728 0.0429241 0.031631 0.0275659 0.0295066 0.0343757 0.0243241 0.00947235 0.0143856 0.0112455 0.0163923 0.0171579 0.0116132 0.006935 0.0110675 0.00435409 
3.70816e-11 1.34518e-08 2.20761e-10 6.56765e-10 4.29802e-09 1.31037e-08 3.03357e-07 1.28063e-07 2.48906e-06 3.94848e-06 3.52819e-05 0.000136899 6.38307e-05 0.000206053 7.00618e-05 0.000341548 0.000613358 0.000636348 0.000966535 0.000234336 0.00164246 0.968316 0.011387 0.00840869 0.00693428 
2.07716e-14 5.06168e-13 2.13891e-12 4.00044e-12 8.49535e-12 1.13581e-11 2.68896e-11 1.12386e-08 7.30486e-06 1.66879e-05 4.54916e-05 0.000114698 2.73281e-05 6.23407e-05 0.000105623 0.000901072 0.00116678 0.00336796 0.982925 0.00211346 0.00169723 0.000891913 0.00433832 0.00216408 5.50164e-05 
1.7212e-07 1.40108e-05 7.62018e-06 2.4309e-05 0.000184666 0.00216923 0.00234047 0.00203391 0.00358589 0.00240539 0.00503899 0.00365921 0.00249096 0.00306116 0.00342951 0.00232924 0.00378027 0.898297 0.0200542 0.0114736 0.00879251 0.0121576 0.00526919 0.00549106 0.00191017 
1.60141e-06 0.000531062 1.29186e-05 3.67866e-05 0.000342012 0.0010503 0.00299677 0.00544932 0.00946568 0.00745683 0.0138345 0.00692558 0.00571782 0.00763234 0.00949263 0.00785302 0.875583 0.0119819 0.00442823 0.00843443 0.00421442 0.00794471 0.00244777 0.00464986 0.00151651 
2.30914e-05 0.00482929 0.0127699 0.0280372 0.0380484 0.043958 0.0501161 0.0512417 0.0511561 0.0477605 0.0536375 0.0450133 0.036871 0.0366978 0.0368485 0.0305209 0.0156079 0.0199462 0.0173337 0.0195039 0.0158145 0.0175854 0.0103117 0.308551 0.00781636 
1.25933e-07 1.34169e-05 3.46554e-06 2.03251e-05 7.15859e-05 0.000252511 0.000489193 0.000834992 0.0026827 0.00196171 0.0031739 0.00195198 0.00115104 0.00161377 0.0019528 0.00153241 0.00144533 0.00162579 0.00241148 0.9354 0.0177793 0.0137972 0.00490114 0.00283065 0.00210282 
3.81055e-05 0.00654879 0.42011 0.0900149 0.0317101 0.0245827 0.0301079 0.0306172 0.034409 0.0345603 0.0341307 0.0409361 0.0210198 0.020743 0.0267919 0.0251589 0.00995383 0.0192834 0.0115595 0.0121668 0.0159289 0.0124538 0.0295508 0.0132556 0.00436765 
4.52816e-05 0.00396265 0.0094185 0.0191439 0.0286817 0.0255605 0.0348788 0.0331976 0.0342492 0.0330584 0.0377564 0.0299228 0.0226152 0.0223113 0.0315818 0.0197374 0.504854 0.0138281 0.0143918 0.0149282 0.0192213 0.0152822 0.0135232 0.014339 0.00351123 
7.26338e-06 0.00230378 0.00472693 0.00969385 0.0170467 0.0275557 0.0346447 0.037921 0.0390383 0.0326217 0.0385241 0.0280231 0.0239997 0.0232168 0.0229958 0.0236541 0.0146471 0.0149307 0.0152271 0.0170422 0.0115139 0.018288 0.00915097 0.0114804 0.521746 
1.43443e-13 3.49545e-12 1.47709e-11 3.26949e-11 1.98417e-08 1.01351e-09 8.60224e-06 5.14391e-05 0.000247333 0.000110084 0.000111482 0.000558934 0.000344459 0.000303648 0.000213274 0.000560135 0.000699901 0.000772449 0.000890573 0.00106813 0.00107092 0.973964 0.0149724 0.00307299 0.000979271 
0.00290386 0.0222593 0.0437069 0.0511312 0.0334015 0.0244258 0.0417366 0.0363207 0.0459792 0.0549183 0.0587374 0.055087 0.0367487 0.0298438 0.0701322 0.0309354 0.0272587 0.0607637 0.0234916 0.174441 0.0147403 0.0226852 0.00912115 0.0207115 0.00851912 
5.84314e-06 0.00193897 0.00404058 0.00896618 0.0180769 0.0764811 0.674802 0.0240633 0.0217486 0.0182443 0.0213211 0.0169583 0.014846 0.0167646 0.0144032 0.0111578 0.00574149 0.0088233 0.00826627 0.00758476 0.00794578 0.0065605 0.00312428 0.00468594 0.00344886 
1.38401e-06 0.000502148 8.45239e-06 5.68699e-06 4.22746e-05 0.000268247 0.00128366 0.00338524 0.00904699 0.00611747 0.0110833 0.0056444 0.00394227 0.00568933 0.0116379 0.876067 0.0102135 0.0138528 0.00367575 0.00832174 0.00392203 0.00766731 0.00551936 0.0104038 0.00169761 
2.48406e-08 9.01248e-06 1.47486e-07 1.87618e-08 1.43797e-08 2.5149e-06 9.02019e-07 1.30657e-05 6.72014e-05 9.89378e-05 0.0010037 0.0007777 0.000710148 0.000277443 0.000116434 0.000920913 0.000992973 0.00068657 0.00145438 0.00106684 0.00205745 0.966764 0.0143648 0.00685548 0.00175916 
2.065e-06 0.000170715 0.000613485 0.00406934 0.0126897 0.0261144 0.640301 0.0420611 0.02914 0.0261104 0.0256021 0.0214167 0.0225408 0.0198822 0.0217608 0.0143802 0.0157622 0.0150498 0.0124043 0.0111571 0.0148919 0.00821991 0.00348963 0.00777251 0.00439721 
7.27988e-07 0.000264134 4.5089e-06 2.16576e-06 3.59567e-05 0.000199505 0.000974189 0.00185623 0.00750216 0.0049666 0.00846396 0.00496351 0.00314745 0.004497 0.00542412 0.00526444 0.888042 0.0297794 0.0042356 0.00793186 0.00356594 0.00567922 0.00280727 0.0057819 0.0046102 
7.89789e-06 0.00225272 0.010092 0.00523991 0.0050795 0.00843077 0.00181877 0.00234616 0.00730187 0.00321473 0.00744861 0.0191923 0.0042019 0.00791221 0.00661141 0.00847245 0.00232135 0.00455927 0.0021733 0.00394317 0.00525758 0.86686 0.00766021 0.00474472 0.00285713 
1.98631e-07 1.59007e-05 8.52724e-06 2.77028e-05 0.000206207 0.00250859 0.00233675 0.00203483 0.00367126 0.00248919 0.0052596 0.00408019 0.00254494 0.00312852 0.00353368 0.00220758 0.00217488 0.00925541 0.905351 0.0120442 0.0105564 0.0156043 0.00616126 0.00423705 0.000561637 
5.42732e-40 2.1505e-33 1.24656e-27 2.77673e-21 1.10759e-17 6.77044e-21 8.92082e-18 2.27001e-14 7.3487e-16 9.9712e-12 7.08006e-12 8.9328e-11 6.8179e-10 5.8707e-10 1.69355e-06 4.61008e-06 3.62995e-07 1.22932e-05 9.90445e-07 6.27663e-05 0.000157461 0.000230495 0.000344733 0.000624396 0.99856 
5.57825e-06 0.0011113 0.000746726 0.00390289 0.0107633 0.0151182 0.0250084 0.0256445 0.029935 0.0233004 0.0359532 0.0276963 0.0237363 0.0175506 0.0188559 0.0166715 0.00895744 0.011563 0.0150258 0.0181401 0.0191267 0.0174107 0.0123806 0.0198127 0.601583 
5.31769e-06 0.000193233 0.000182149 0.00108901 0.00315872 0.00871998 0.00607997 0.0057682 0.00749577 0.0068976 0.0106338 0.00729409 0.00571216 0.00523495 0.00613224 0.00394721 0.00751775 0.811046 0.0205029 0.0192744 0.0222798 0.0203438 0.01076 0.00668044 0.00305077 
8.68361e-06 0.00331499 0.00833907 0.0217565 0.0247814 0.168829 0.0298586 0.0291635 0.0369893 0.13028 0.0989361 0.0310719 0.263519 0.0239647 0.0260544 0.0216086 0.00879382 0.011106 0.00936702 0.0130337 0.00854817 0.0112949 0.00604377 0.00972481 0.003612 
4.6e-11 1.63882e-08 9.67944e-10 1.15964e-07 2.75345e-08 4.64307e-08 5.66524e-08 9.51522e-07 1.40679e-06 5.43787e-07 6.18096e-07 1.94493e-06 6.08441e-06 7.80283e-05 5.3006e-06 4.15325e-05 1.21985e-05 3.35481e-05 0.000561172 4.53212e-05 0.000205105 0.000147095 0.000159598 0.991682 0.00701729 
1.38382e-08 5.02033e-06 8.22857e-08 8.12293e-08 1.06976e-06 4.35201e-06 0.000181409 5.17334e-05 0.00115794 0.000649875 0.00244556 0.00100757 0.000909174 0.00113724 0.00164255 0.00122229 0.00754258 0.923866 0.0211803 0.0161669 0.00414813 0.00236808 0.00399901 0.00815504 0.00215835 
2.85133e-05 0.00164606 0.00667549 0.0229935 0.0271874 0.0286452 0.105675 0.0403466 0.211006 0.0402178 0.0407805 0.0377451 0.0288804 0.0255106 0.0284056 0.0221042 0.0104129 0.0144677 0.245278 0.0129179 0.011432 0.0123916 0.00721861 0.0137892 0.00424418 
5.79216e-06 0.000483437 0.00157582 0.0194038 0.0376781 0.0437352 0.52481 0.0364144 0.0383959 0.0328961 0.0391531 0.0317199 0.025017 0.0271757 0.0317043 0.0204695 0.00624551 0.0148225 0.00945627 0.0176982 0.0145188 0.00873652 0.00491245 0.00916352 0.00380847 
3.03814e-06 4.80271e-05 7.93041e-05 0.000252692 0.000938933 0.00227024 0.00290694 0.00227436 0.00457668 0.00312265 0.0062897 0.00467249 0.00311637 0.0039147 0.00419486 0.00262433 0.00366906 0.0118365 0.897772 0.0100595 0.00969398 0.0113369 0.00743427 0.00633852 0.000574142 
1.856e-05 0.00418673 0.00936663 0.0182099 0.027454 0.0331474 0.0368735 0.0386963 0.0392737 0.0352099 0.166041 0.0304357 0.0266441 0.0236409 0.0241278 0.167318 0.0128586 0.219073 0.0163982 0.0184759 0.0106707 0.0157444 0.00695252 0.0147694 0.00441388 
5.73024e-07 2.24129e-05 1.44799e-05 5.36033e-05 0.000208058 0.00159122 0.00169867 0.00154595 0.00324825 0.00213468 0.00435759 0.00268933 0.00191081 0.002285 0.00245074 0.00159897 0.00206383 0.00386514 0.00674819 0.00718891 0.314203 0.622791 0.0101617 0.00587498 0.00129264 
5.2315e-14 1.29342e-12 5.38175e-12 1.1433e-11 5.38089e-09 2.2617e-10 3.62303e-06 1.42476e-05 9.17866e-05 4.10983e-05 3.42542e-05 0.000345952 0.000347975 0.000159216 0.000192461 0.00106015 0.989146 0.00380366 0.00122152 0.000709025 0.000405424 0.000556415 0.000296542 0.00145499 0.000116135 
1.61522e-08 5.86866e-06 2.26798e-07 3.06903e-07 3.57413e-06 1.3091e-05 0.000286894 0.00043058 0.00210126 0.0015609 0.00265101 0.00150691 0.000972299 0.00130868 0.0013966 0.00164198 0.00234054 0.00380178 0.963596 0.00287443 0.00281476 0.0020807 0.00409088 0.00418929 0.0003314 
4.92478e-06 0.000526471 0.000479788 0.0035634 0.0101214 0.0214156 0.0284543 0.027729 0.0351083 0.626369 0.0311567 0.0215966 0.0199523 0.0159061 0.0242575 0.0179242 0.016596 0.0086741 0.013404 0.0253142 0.0199813 0.0124516 0.00647688 0.00917424 0.00336199 
1.82235e-06 0.000254353 0.000278264 0.00355938 0.0275733 0.678994 0.0219498 0.0260163 0.023192 0.0189154 0.0186949 0.0161965 0.0166872 0.0218028 0.0210195 0.0102492 0.00986806 0.0076866 0.0140435 0.0111346 0.0268845 0.00904132 0.0038684 0.00627516 0.00581359 
1.66186e-06 0.000524208 1.48802e-05 4.52794e-05 0.000752296 0.00181544 0.00301178 0.00468829 0.0115721 0.00824809 0.0123165 0.00739817 0.00549886 0.00944254 0.845728 0.0154718 0.00847695 0.0147652 0.00369138 0.00888351 0.00519231 0.00734264 0.00724545 0.0164326 0.00143988 
3.40488e-06 0.000491613 0.000982009 0.00791843 0.601407 0.0605344 0.0273513 0.0304093 0.0282014 0.0255675 0.0245117 0.0194802 0.0203759 0.0219526 0.0244703 0.013983 0.0104827 0.00808213 0.0104441 0.0109952 0.0250724 0.0100511 0.0045262 0.00739038 0.00531632 
1.61518e-07 1.33133e-05 5.77003e-06 1.18176e-05 0.000108198 0.000964938 0.00236125 0.00191754 0.00360273 0.00232951 0.00379952 0.0030821 0.00238197 0.00273961 0.00329894 0.00197317 0.0025047 0.00367555 0.93219 0.0145781 0.00472105 0.00870947 0.0031523 0.00138455 0.000493594 
4.47809e-07 8.59434e-05 3.82176e-05 0.000426261 0.00168666 0.00526405 0.0666509 0.00690681 0.00797081 0.0055097 0.00782029 0.00636063 0.00551358 0.00419281 0.00461371 0.00384323 0.00287831 0.00637716 0.699418 0.00766826 0.00643719 0.13998 0.00471437 0.00472396 0.000918585 
1.44276e-07 1.21085e-05 3.96218e-06 9.75464e-06 0.000100653 0.000440189 0.00149265 0.00137208 0.00315699 0.00215501 0.00341846 0.00263909 0.00211391 0.00253991 0.00276758 0.00217354 0.00225129 0.00299045 0.00707395 0.948363 0.0035926 0.00560275 0.00262185 0.00266825 0.000439463 
0.00462053 0.0561997 0.594154 0.0227237 0.00614463 0.0104218 0.0179438 0.0251975 0.0263342 0.0154683 0.0318714 0.0138812 0.014705 0.0223315 0.0355264 0.00797363 0.0143453 0.0317141 0.0110728 0.0118209 0.00397243 0.00616535 0.00301983 0.00720826 0.0051836 
1.81096e-07 1.53545e-05 6.50547e-06 2.53718e-05 0.000187266 0.00222216 0.00224823 0.00197326 0.00360918 0.00246415 0.00495173 0.00382656 0.00248266 0.0030505 0.00336308 0.00178012 0.00229746 0.0056713 0.00660248 0.90047 0.0239398 0.0190004 0.00694392 0.00233413 0.000533736 
9.20242e-08 3.33868e-05 5.46577e-07 6.87002e-08 2.3443e-07 6.75461e-06 9.06891e-05 0.000515547 0.00248223 0.00195311 0.00467931 0.00295177 0.00239505 0.0026411 0.00307197 0.935524 0.0154114 0.00693841 0.00302654 0.00522341 0.00193589 0.00338436 0.00264067 0.00399575 0.00109739 
7.87172e-12 1.97224e-09 3.00185e-10 6.89383e-10 1.1278e-08 8.99391e-09 3.64907e-08 2.8369e-05 0.00145585 0.00380735 0.96726 0.00412582 0.00106262 0.000424724 0.000253151 0.000363421 0.000667143 0.0010485 0.000915659 3.04124e-05 0.000386469 0.000984231 0.000254225 0.0156423 0.00128951 
4.49803e-07 1.89004e-05 1.49014e-05 7.931e-05 0.000314436 0.00354437 0.00257747 0.00213629 0.00367911 0.00271554 0.00606884 0.00466049 0.00278832 0.00344221 0.00367558 0.00249394 0.00356586 0.877694 0.0229629 0.0149655 0.0122914 0.0165404 0.00650527 0.00566517 0.00159927 
3.92772e-08 1.42497e-05 2.33369e-07 4.92447e-08 2.40395e-07 4.48116e-06 6.45118e-05 0.000208373 0.00118504 0.00150936 0.00368627 0.00216711 0.0019053 0.00235019 0.00639558 0.93136 0.00674886 0.0133596 0.00257279 0.00320064 0.00291627 0.00310503 0.00491925 0.0110946 0.00123178 
0.000329266 0.00877715 0.0299077 0.0504375 0.0234613 0.0225096 0.0381284 0.0378975 0.0444649 0.0537259 0.0543402 0.0515778 0.0343083 0.0249595 0.0476493 0.0246126 0.0168692 0.0379348 0.0217026 0.307486 0.0145325 0.0221618 0.00872734 0.0171476 0.00635118 
1.66237e-06 0.000530797 1.45251e-05 1.59708e-05 9.10836e-05 0.000525723 0.00222549 0.00358892 0.010604 0.00728958 0.0187715 0.87638 0.0135893 0.00599285 0.00737098 0.0057895 0.00379324 0.00200911 0.00242048 0.00926811 0.0033787 0.00860225 0.00382683 0.00923713 0.00468255 
2.09527e-17 5.10581e-16 2.15759e-15 4.86596e-14 1.77307e-10 1.4277e-13 2.79401e-10 3.58351e-07 7.94774e-09 5.08018e-08 2.40523e-05 6.23356e-07 4.52048e-06 0.000180639 0.000113453 0.000925732 0.961039 0.0220357 0.00320945 0.0013889 0.000912949 0.000697902 0.0026705 0.00439301 0.00240279 
0 0 0 0 0 0 0 0 6.4344e-05 0.000259694 0.000496951 0.000587595 0.000818064 0.000722517 0.000913261 0.000925069 0.000856862 0.00138406 0.000666952 0.000925331 0.00110629 0.00139412 0.00173272 0.983979 0.00316677 
1.5961e-07 1.62509e-05 4.13166e-06 1.73665e-05 0.000181028 0.00101672 0.00209055 0.00195914 0.00352607 0.0023802 0.00383069 0.00287012 0.00250837 0.00281776 0.0033448 0.00179399 0.00211327 0.0024357 0.00474498 0.00284743 0.936172 0.0156673 0.00422646 0.00291019 0.000524916 
3.31245e-05 0.00301614 0.00771522 0.0169454 0.0277531 0.0372323 0.476628 0.0442986 0.0435423 0.0367041 0.0428427 0.0368745 0.0296788 0.033509 0.0354782 0.0218021 0.00988871 0.018756 0.0169315 0.0125337 0.0107165 0.0141315 0.00601238 0.0122385 0.00473796 
0.000159716 0.00317091 0.0134876 0.0367007 0.0360196 0.0281088 0.0405833 0.0378445 0.0468542 0.0465279 0.0487378 0.0575315 0.361637 0.0339718 0.0551064 0.0252375 0.0175867 0.0216842 0.0133388 0.012622 0.0139347 0.0149728 0.00881998 0.0199841 0.00537764 
1.47548e-12 3.59549e-11 1.51937e-10 3.00276e-10 4.71775e-08 8.34304e-09 1.59703e-05 0.000221903 0.000942843 0.00128068 0.00212137 0.00175788 0.00112657 0.00237859 0.948751 0.00674472 0.00755008 0.00577592 0.002013 0.00165426 0.00121461 0.00249172 0.00154994 0.0117835 0.00062584 
0.000298057 0.00752947 0.026842 0.0493705 0.0354252 0.029338 0.0421106 0.0497829 0.0521333 0.0559437 0.0542634 0.0519492 0.0372298 0.0275247 0.0393461 0.022896 0.0183122 0.0230269 0.0187416 0.2879 0.0156328 0.0202974 0.0101978 0.0155533 0.00835483 
8.4823e-06 0.000993191 0.00225755 0.0046 0.00701121 0.00983501 0.0106225 0.00960097 0.0113629 0.0104484 0.012587 0.00972448 0.00817524 0.00753828 0.00864721 0.00611119 0.00703316 0.789003 0.0250158 0.012743 0.0151384 0.0123955 0.00885169 0.0082582 0.00203768 
9.21618e-06 0.000301087 0.000303676 0.00189623 0.00514112 0.00877494 0.0104663 0.0092205 0.0102771 0.0101104 0.0152661 0.00893367 0.00989163 0.0073991 0.00918673 0.00497297 0.016373 0.00947972 0.0133064 0.79154 0.0256093 0.0132625 0.012166 0.00517847 0.000933945 
1.22783e-05 0.000200571 0.000255303 0.00126392 0.0032777 0.00794363 0.00712513 0.00651695 0.00804447 0.00668655 0.0137344 0.00823377 0.00772353 0.00674497 0.00885339 0.00522831 0.0108774 0.0137263 0.800747 0.0200119 0.0191941 0.0166292 0.0173377 0.00871941 0.000911956 
0 0 0 0 0 0 0 0 0 0 0 0 0 0 0 0 0 0 0 5.08812e-05 9.18827e-05 0.000115062 0.00012691 0.000163326 0.999452 
5.46594e-14 1.98297e-11 3.25099e-13 1.47767e-12 1.04956e-11 2.64398e-11 3.69865e-11 2.44657e-10 1.82681e-09 4.275e-09 3.31336e-08 1.29177e-08 6.32742e-08 1.89381e-06 1.28629e-05 1.90112e-05 6.09317e-05 0.000143185 0.00018934 3.51767e-06 0.000137659 0.000505893 0.989123 0.00794284 0.00186008 
2.23195e-07 1.58788e-05 9.52905e-06 5.80981e-05 0.000333978 0.00476022 0.0025864 0.0021443 0.00372925 0.00265384 0.00610609 0.00451517 0.0027793 0.00345847 0.00357544 0.00188685 0.00224393 0.00800712 0.00893279 0.908454 0.0113194 0.0160317 0.00426593 0.00157686 0.000554955 
4.16906e-15 1.01593e-13 4.29302e-13 8.18771e-13 5.9011e-11 2.50562e-12 9.56462e-11 1.17877e-07 1.91104e-06 4.77295e-06 0.000104619 7.94893e-06 4.87128e-06 0.000189182 0.000159979 0.000748701 0.942518 0.0337403 0.00764061 0.001904 0.000994551 0.000830208 0.00272852 0.00426723 0.00415494 
1.36237e-06 0.000423796 1.26285e-05 5.38238e-05 0.000968779 0.00248019 0.00366108 0.00475734 0.0107586 0.00710629 0.0105519 0.00702739 0.885376 0.0109348 0.00930261 0.00622117 0.00523739 0.0049168 0.00318681 0.00728965 0.00442378 0.00605407 0.00350353 0.00394356 0.00180671 
1.09838e-06 0.000398507 6.52217e-06 7.1474e-06 4.41583e-05 0.000160796 0.000595503 0.00191834 0.00409202 0.00314482 0.00771339 0.00352043 0.00271179 0.00410788 0.00580227 0.00536978 0.464301 0.458877 0.0111223 0.00656444 0.00374353 0.00569652 0.00421818 0.00467558 0.00120735 
2.99904e-06 0.000316509 0.00118901 0.0181668 0.607373 0.0344487 0.0284739 0.0288569 0.0309468 0.0272885 0.0319833 0.027691 0.0211216 0.022839 0.0297421 0.0189508 0.00429129 0.0123223 0.00809194 0.0134788 0.0101613 0.00689996 0.0039901 0.00649502 0.00487868 
3.68524e-07 0.000133594 3.60292e-06 0.000125825 0.000533873 0.000725132 0.000491646 0.00103877 0.000890419 0.00113431 0.00290042 0.00155083 0.00100854 0.00301292 0.00297235 0.00175479 0.0013536 0.00189568 0.00191378 0.944891 0.0129837 0.01158 0.00379419 0.00263886 0.000671616 
1.02868e-06 0.000373219 6.10761e-06 8.04981e-07 1.27884e-06 3.37472e-05 0.000410093 0.00113422 0.00378002 0.00296037 0.00826113 0.00376086 0.00310484 0.00423366 0.00647135 0.0131146 0.0110892 0.0111343 0.00646467 0.00762221 0.004147 0.888705 0.0152057 0.00694966 0.00103514 
0 0 0 0 0 0 0 0 0 0 0 0 0 0 0 0 6.05325e-05 0.00016785 0.000176353 0.0003793 0.000440134 0.00060585 0.000778385 0.000773694 0.996618 
1.58372e-06 0.000521279 1.31828e-05 4.80055e-05 0.00055322 0.00142655 0.0029966 0.00468954 0.0100863 0.00766899 0.0122593 0.00680499 0.00523425 0.00685061 0.0122253 0.854739 0.0181017 0.0144141 0.00474615 0.00824194 0.00423183 0.00781147 0.00467505 0.0100535 0.00160534 
1.03721e-05 3.45457e-05 2.23752e-05 4.31038e-05 0.000108318 0.000132753 7.9909e-05 0.000189512 0.000153033 0.000118996 0.00027294 8.25531e-05 0.000249046 0.000124245 0.000251897 0.00017318 0.000127152 0.000185258 7.03165e-05 0.000126763 0.000415532 0.000460947 0.000931964 0.00155442 0.994081 
1.63079e-06 0.000527987 1.42041e-05 3.51404e-05 0.000405491 0.0016107 0.00346859 0.00483705 0.0102141 0.00731681 0.0120624 0.00796681 0.870542 0.0102687 0.010354 0.0065234 0.00676795 0.00674636 0.00608521 0.00918483 0.00465015 0.00833474 0.0054756 0.00487569 0.00173063 
9.61485e-06 0.00219202 0.00489967 0.0114405 0.0200566 0.0270296 0.0385796 0.0398529 0.0400896 0.0341717 0.0395432 0.0322446 0.546386 0.0230389 0.0237731 0.0196472 0.00972216 0.0112329 0.0118424 0.0161239 0.0102117 0.0127943 0.00790692 0.0127927 0.00441825 
9.58687e-07 2.63706e-05 2.55514e-05 0.000130496 0.000576779 0.00489386 0.00280816 0.0024418 0.00400094 0.00317611 0.00723694 0.00647172 0.00304676 0.00395825 0.00387839 0.00199776 0.00282418 0.0142088 0.866463 0.0257498 0.013832 0.0235325 0.00603838 0.00209105 0.000589685 
1.2379e-37 3.4171e-36 2.31856e-31 5.16409e-25 2.05986e-21 1.26197e-24 3.24714e-21 4.16252e-18 8.47998e-17 1.15376e-12 2.06691e-11 2.15344e-10 2.78603e-09 1.91868e-09 6.62095e-09 2.1004e-08 2.52902e-08 9.87004e-08 6.75546e-08 1.14909e-07 2.86493e-05 0.000582068 0.990294 0.00819546 0.000899505 
3.64824e-07 2.70421e-05 9.10005e-05 0.000521739 0.000612337 0.00199526 0.00333974 0.00307717 0.00438769 0.00297559 0.00569328 0.00443982 0.0033505 0.00384388 0.00351787 0.00251915 0.00230214 0.00565066 0.00874264 0.00716446 0.902226 0.0230961 0.00625961 0.00357476 0.000591165 
0.762457 0.112708 0.0500199 0.0031511 0.0010075 0.000987213 0.00159153 0.00254076 0.01195 0.00532549 0.00790701 0.00227036 0.00901019 0.00377842 0.00604303 0.00266148 0.000672292 0.00445536 0.00129341 0.00221321 0.00055921 0.0013146 0.000325626 0.00258717 0.00316952 
2.34619e-06 7.46923e-05 6.33671e-05 0.000414923 0.00122705 0.00341909 0.00232198 0.00178499 0.00187996 0.00210873 0.00242791 0.00212165 0.00192655 0.00146312 0.00220972 0.00199564 0.00844255 0.453578 0.460962 0.015441 0.0127269 0.00680538 0.00837142 0.00716043 0.0010704 
2.82076e-07 0.000102341 1.67513e-06 5.06211e-07 7.50832e-06 4.30041e-05 0.000115031 0.000443373 0.000728096 0.000391347 0.00165447 0.000990152 0.000998258 0.000780519 0.000933595 0.00167883 0.476999 0.481011 0.00906307 0.0102053 0.00372879 0.000968803 0.00216577 0.00582651 0.001163 
4.19963e-17 1.02338e-15 4.32453e-15 7.92001e-14 2.83315e-10 2.08001e-13 4.4659e-10 5.72623e-07 1.68376e-08 5.47989e-08 1.01882e-05 4.6188e-07 3.70364e-06 0.000152098 0.000276992 0.000691774 0.982148 0.0107964 0.000886972 0.000897107 0.000349453 0.000585413 0.000370813 0.00198739 0.000842716 
