2315
1.64852e-10 4.48439e-08 9.98423e-09 1.35334e-06 2.41473e-07 1.35691e-06 3.89104e-07 5.59615e-07 2.51821e-06 7.85697e-07 2.56036e-06 9.29493e-06 5.50484e-06 2.96285e-05 2.69517e-05 1.74245e-05 2.85226e-05 1.52098e-05 8.98085e-06 1.44111e-05 7.60833e-06 6.27341e-06 1.01236e-05 2.98214e-05 0.99978 
1.24599e-37 3.44535e-36 2.36795e-31 5.27411e-25 2.10374e-21 1.28886e-24 3.3163e-21 4.2512e-18 8.79471e-17 1.19658e-12 2.56081e-11 2.66319e-10 3.46714e-09 2.3854e-09 7.68899e-09 2.36378e-08 2.62274e-08 1.00439e-07 6.87e-08 1.27988e-07 7.93747e-05 0.00106003 0.98984 0.00812171 0.000898287 
1.17145e-06 0.000425018 6.95528e-06 9.20286e-07 1.77723e-06 7.22508e-05 0.00046675 0.00162141 0.00428135 0.00330489 0.00913639 0.00395435 0.00320277 0.00494142 0.882641 0.0170763 0.00931698 0.0152475 0.00367287 0.00663069 0.00332786 0.00620239 0.00658951 0.0167611 0.00111615 
8.37337e-08 1.06959e-05 1.81656e-06 2.1732e-06 9.07843e-06 5.26355e-05 0.000325672 0.000552677 0.00249053 0.00179744 0.0029673 0.0018476 0.00113349 0.00165888 0.00176476 0.00129825 0.00141551 0.00132115 0.00280668 0.96153 0.00521994 0.00722626 0.00279604 0.00140393 0.000367791 
0 0 0 0 0 0 0 0 0 0 0 0 0 0 0 0 0 0 0 0 0 1.51832e-05 5.94265e-05 0.999058 0.000867134 
0 0 0 0 0 0 0 0 0 0 0 0 0 0 0 0 0 0 0 0 0 2.1762e-05 8.00091e-05 0.00015142 0.999747 
8.91839e-05 0.00207962 0.0133151 0.033292 0.0446563 0.0400033 0.0464444 0.047329 0.0502648 0.0429877 0.0442655 0.0502436 0.210523 0.106246 0.0409096 0.0966406 0.0144495 0.0199259 0.0134969 0.0137994 0.0160534 0.0189192 0.00988733 0.0177685 0.00641 
2.5845e-08 9.3709e-06 3.0737e-06 6.75668e-05 0.000135471 0.000258827 0.000364377 0.000597341 0.00257222 0.00174505 0.00303624 0.00169689 0.00116521 0.00161012 0.00151524 0.00164258 0.0016455 0.0035415 0.00607263 0.00681771 0.0111115 0.0207676 0.0114875 0.910618 0.0115182 
1.67886e-06 0.000504939 1.65884e-05 3.79836e-05 0.000582787 0.0018825 0.00429127 0.00568594 0.0132817 0.00910539 0.0142311 0.0152235 0.857099 0.00979847 0.00951825 0.00797516 0.00710894 0.00636566 0.00375594 0.00920726 0.00401954 0.00681389 0.00505563 0.0066382 0.00179832 
1.03932e-05 0.000595946 0.000441072 0.00284773 0.00883333 0.0144729 0.0172035 0.0157176 0.0196647 0.0167575 0.0232451 0.0174867 0.0190323 0.606657 0.0162933 0.0114609 0.0123076 0.0166026 0.0190687 0.0402065 0.0480408 0.0437626 0.0150487 0.0091152 0.00512774 
1.34121e-07 1.00255e-05 3.31744e-06 5.987e-06 5.92044e-05 0.000369045 0.00139095 0.00128338 0.00291058 0.00196224 0.00330654 0.00234559 0.0019952 0.00242404 0.00255424 0.00194937 0.00361626 0.935215 0.0171569 0.0032189 0.00313935 0.00472865 0.00401186 0.00476668 0.00157637 
1.9897e-05 0.00213512 0.00687545 0.0145522 0.0590333 0.101907 0.145949 0.0319023 0.0306355 0.290769 0.062229 0.0249459 0.0210989 0.0193743 0.0668774 0.0433637 0.00799553 0.0118816 0.010013 0.0103611 0.00924761 0.0104468 0.00613671 0.00860763 0.00364134 
3.1452e-08 1.14109e-05 1.86824e-07 6.55781e-08 6.18285e-07 5.5376e-06 0.000199694 5.17714e-05 0.00073944 0.00066767 0.00266334 0.00109845 0.00097747 0.00114148 0.00118124 0.00101003 0.00133149 0.000954743 0.00193006 0.00186173 0.963184 0.0119794 0.00442428 0.00277268 0.00181293 
1.55924e-05 0.00223667 0.0045831 0.00982958 0.0205488 0.0239995 0.195876 0.0347858 0.46707 0.0276894 0.0295504 0.0234943 0.0192471 0.0188289 0.0187004 0.015085 0.00950334 0.0102379 0.0119029 0.0125417 0.0124879 0.0114875 0.00627705 0.00950267 0.00451849 
1.49297e-06 0.000517233 1.05931e-05 6.68926e-06 3.60423e-05 0.000251885 0.0015321 0.00322873 0.00889755 0.0058782 0.014053 0.891708 0.0126509 0.00607885 0.00741565 0.00549275 0.00509363 0.0022379 0.00256836 0.00862738 0.00317577 0.00585987 0.00445983 0.00715974 0.00305822 
2.87169e-07 1.23892e-05 2.98823e-05 0.000160329 0.000282744 0.000672173 0.000564751 0.000427319 0.000362128 0.00050224 0.0004521 0.000550696 0.000906864 0.000283226 0.00054754 0.000737556 0.00104078 0.000412123 0.00188947 0.00410514 0.00200696 0.0017402 0.970802 0.00838916 0.00312213 
3.71585e-08 1.33537e-05 2.4347e-07 3.9382e-07 4.03324e-06 1.74926e-05 0.000175993 7.24354e-05 0.000656855 0.000549791 0.00227264 0.000970621 0.00102672 0.00111835 0.00138334 0.00113975 0.00131629 0.00134563 0.00264381 0.970928 0.00496814 0.00566805 0.00206655 0.00140584 0.000255946 
2.60831e-30 3.86639e-20 7.357e-16 1.33537e-11 5.32294e-08 3.89212e-09 3.10136e-06 2.38295e-06 3.73246e-06 2.58755e-05 8.71908e-06 5.76852e-06 5.31528e-05 1.114e-05 0.00010762 4.00125e-05 3.97039e-05 0.0001669 7.6243e-05 3.12018e-05 2.54789e-05 0.000118745 0.000205276 0.00149937 0.997576 
1.55904e-06 0.000509859 1.28319e-05 1.34918e-05 7.46096e-05 0.000396956 0.00168596 0.003667 0.00934981 0.00723116 0.0116646 0.00614176 0.0105622 0.887816 0.0102202 0.00606696 0.00607122 0.00522346 0.00298958 0.00845298 0.0040345 0.0067025 0.00422653 0.00525538 0.00162923 
5.08494e-05 0.0041315 0.0142281 0.0440918 0.0442569 0.0387711 0.0500117 0.0430313 0.0493206 0.0496266 0.0554442 0.0570708 0.291587 0.032729 0.0397262 0.028576 0.0218867 0.0193311 0.0233005 0.0166192 0.0216564 0.0209405 0.0102036 0.0174485 0.00595929 
2.39561e-16 7.7457e-15 2.41213e-14 4.54314e-14 5.67139e-13 1.50066e-13 1.06713e-12 1.25888e-09 2.87081e-08 1.24627e-07 1.4922e-05 5.68736e-05 1.52713e-05 7.90247e-05 5.0224e-05 0.000240905 0.000584058 0.000669771 0.000662552 0.000417101 0.00213767 0.969224 0.0128032 0.00982419 0.0032201 
6.15069e-12 2.18039e-09 5.12053e-11 1.67785e-10 2.84603e-08 1.45178e-08 1.18283e-05 6.84195e-05 0.000272393 9.39864e-05 0.000177024 0.000630835 0.000698994 0.000274406 0.000373428 0.000705218 0.929599 0.0332064 0.0145414 0.00445721 0.00101316 0.000648399 0.00325355 0.00641831 0.00355647 
1.19743e-06 0.000433866 7.18154e-06 5.18785e-05 0.000984628 0.00242933 0.00285777 0.00358794 0.00662387 0.00437414 0.00947606 0.00481677 0.00376368 0.00774931 0.44773 0.452055 0.00826955 0.00967215 0.00345615 0.00597438 0.0043576 0.00668434 0.00408196 0.00922571 0.00133598 
4.23917e-08 1.53891e-05 3.90924e-07 4.82724e-07 7.12397e-06 4.74099e-05 0.000336758 0.000565902 0.00248502 0.00164885 0.00299387 0.00176424 0.00110986 0.00156921 0.00138676 0.00125032 0.00145257 0.000860279 0.00183269 0.00186086 0.00328322 0.949154 0.0124864 0.00958244 0.00430624 
1.33686e-06 0.000485016 8.14123e-06 5.80707e-06 4.41267e-05 0.000266133 0.00124528 0.00322294 0.00842946 0.00574075 0.0111317 0.0056893 0.00895969 0.890596 0.0103706 0.00641602 0.00563633 0.00521141 0.00334749 0.00835386 0.0045646 0.00704862 0.00538322 0.00606456 0.00177806 
0 0 0 0 0 0 0 0 0 0 0 0 0 0 0 0 0 0 0 0 6.46026e-11 1.00134e-05 0.000221578 0.996605 0.00316308 
3.36551e-08 1.22105e-05 2.08095e-07 2.97974e-06 6.18771e-05 0.000209902 0.000365354 0.000148598 0.0015017 0.000986582 0.00282012 0.0013621 0.00124525 0.00128448 0.00120219 0.00112289 0.00149389 0.000781456 0.00172162 0.00182301 0.00298087 0.955044 0.0131018 0.00892699 0.00179951 
1.4782e-06 6.82323e-05 0.000128912 0.000477436 0.00247573 0.00537635 0.0067785 0.00543472 0.00593585 0.00702654 0.00735652 0.0066579 0.00715678 0.00473537 0.00420447 0.00490306 0.00608229 0.00939566 0.0098953 0.0536672 0.0392172 0.795287 0.0084754 0.00473836 0.00452416 
1.85138e-07 6.71704e-05 1.09916e-06 1.34491e-07 4.90739e-08 2.30693e-06 2.2831e-06 8.04449e-05 0.000105848 3.70859e-05 0.000181106 0.000796329 0.000720593 0.000388693 0.000252532 0.000932848 0.000926109 0.000784768 0.00144287 0.00108144 0.00141593 0.00826582 0.969806 0.00896016 0.00374867 
2.01919e-15 4.92041e-14 2.07922e-13 3.89814e-13 2.75924e-12 1.22773e-12 3.55837e-11 8.25714e-09 1.13267e-07 6.84673e-07 3.50823e-05 0.000220809 0.0001287 0.000115293 7.13328e-05 0.00029352 0.000628831 0.000779677 0.000704764 0.968778 0.0123208 0.00854297 0.00330886 0.00210232 0.0019683 
1.51063e-05 0.00122893 0.00398415 0.0140473 0.029895 0.0340711 0.0494696 0.464477 0.0524453 0.0384728 0.041334 0.0384092 0.0287821 0.0254121 0.0270065 0.0189953 0.0115094 0.0153184 0.0234798 0.0154007 0.0219135 0.0169017 0.00694163 0.014159 0.00633031 
9.75329e-08 3.53854e-05 5.7927e-07 7.12359e-08 2.33957e-07 3.22918e-06 9.18644e-05 0.000594484 0.00272708 0.00175265 0.00262961 0.00278648 0.00217883 0.00255425 0.00596673 0.92544 0.00821575 0.0143003 0.00275576 0.00533261 0.00151108 0.00273821 0.00545646 0.0116969 0.001231 
5.12224e-07 2.94448e-05 7.25196e-05 0.000468615 0.000750333 0.00121576 0.00194699 0.0023983 0.00418454 0.00343748 0.00438014 0.00343484 0.00254874 0.00312006 0.00274539 0.00190041 0.00166594 0.00169059 0.00303346 0.00253959 0.92095 0.0249264 0.00520862 0.0044544 0.0028973 
4.82518e-07 2.46137e-05 3.10668e-05 0.000155801 0.00123909 0.00373705 0.0062048 0.00273824 0.00401419 0.00350327 0.00587499 0.00456063 0.00333055 0.00355713 0.003666 0.00236352 0.00290353 0.00619392 0.0138212 0.0197086 0.863963 0.0362901 0.00670923 0.00414633 0.00126259 
3.00225e-08 1.09005e-05 3.02156e-07 2.84805e-07 3.09319e-06 1.75539e-05 0.00027776 0.00040415 0.00206939 0.00138257 0.00282175 0.00162995 0.000998034 0.00122722 0.00124891 0.0011204 0.00143384 0.000754812 0.00171757 0.00187807 0.00300156 0.962037 0.0104742 0.00304894 0.00244217 
8.37457e-06 0.000867309 0.00254937 0.0123585 0.0223081 0.0285097 0.0447231 0.0460513 0.0453425 0.0372417 0.0436603 0.0394177 0.0317188 0.461536 0.0304408 0.0205772 0.0113678 0.0161632 0.0234901 0.0169408 0.0179741 0.0197645 0.00938088 0.0133543 0.0042533 
2.03891e-05 0.0023696 0.00632197 0.0109369 0.112962 0.0440702 0.155843 0.271126 0.122629 0.0287767 0.0292546 0.028566 0.0222087 0.022698 0.0245347 0.0144391 0.0126948 0.012115 0.0130962 0.0112288 0.0201134 0.0123695 0.00689684 0.00978607 0.00494267 
1.14911e-05 0.00193748 0.00485441 0.0178659 0.0276569 0.0367715 0.0466658 0.0447672 0.0448081 0.033304 0.0451166 0.44805 0.0270077 0.025565 0.024466 0.0208855 0.0133563 0.0129622 0.0226503 0.0217618 0.0312794 0.0208425 0.0076318 0.0140461 0.00573616 
7.87449e-07 0.0002857 4.76262e-06 2.34735e-06 3.76438e-05 0.000212256 0.000573431 0.00140933 0.00563947 0.00402481 0.00798394 0.00412687 0.00325174 0.00381273 0.00566642 0.00550341 0.0101292 0.890676 0.0186242 0.00842497 0.00468777 0.00625196 0.00874358 0.00740459 0.0025223 
1.05733e-11 3.83449e-09 6.32637e-11 1.85705e-10 1.28078e-09 3.70455e-09 2.19383e-07 6.12528e-08 1.9816e-06 3.36057e-06 3.83468e-05 0.00046419 0.000359233 0.000119397 0.000120233 0.000377993 0.000644193 0.00128839 0.00117904 0.00134002 0.974888 0.0122769 0.00390086 0.00211041 0.000887117 
6.96891e-06 0.000326255 0.000671581 0.00396769 0.0105272 0.0128115 0.0143647 0.0164024 0.0151707 0.01233 0.0189492 0.0121954 0.0135268 0.00999014 0.0107408 0.00812904 0.0118212 0.0165085 0.0317127 0.677084 0.04234 0.0406182 0.010841 0.00604951 0.00291443 
1.42391e-08 5.16596e-06 8.4593e-08 4.1066e-08 3.53969e-07 1.99942e-06 0.000126331 2.64658e-05 0.00025751 0.00043675 0.00198961 0.000700436 0.000861306 0.00121213 0.00659602 0.951438 0.00998191 0.00955552 0.00132513 0.000697578 0.00245217 0.00178493 0.00142443 0.00851573 0.000610753 
7.24415e-07 0.000262823 4.30156e-06 5.79944e-07 1.038e-06 1.91348e-05 0.000412446 0.000715945 0.00339636 0.00278287 0.00700465 0.0032406 0.00246226 0.00359938 0.00731961 0.913324 0.00799197 0.0136006 0.00377311 0.00536005 0.0035898 0.00539548 0.00492547 0.00940398 0.00141283 
1.43753e-06 0.000493422 1.04394e-05 3.43751e-05 0.000488928 0.00125218 0.00224038 0.00437506 0.0101231 0.00720976 0.0113511 0.00611788 0.00404673 0.00662193 0.0105876 0.0143122 0.0127822 0.0148406 0.00904549 0.010095 0.00616601 0.0096157 0.00715157 0.00932877 0.841708 
1.04297e-09 7.76012e-08 7.05491e-08 2.03816e-06 2.15853e-05 3.4351e-05 0.000187717 1.11307e-05 5.49847e-05 5.52845e-05 0.000138817 0.000452056 0.000237297 0.000215408 0.000154146 0.00030155 0.000276219 0.000798672 0.00215969 0.000922688 0.977389 0.00946404 0.00350687 0.00215777 0.00145805 
4.29486e-06 0.00048657 0.00227064 0.454022 0.0482113 0.0411094 0.0385605 0.0357964 0.0369495 0.0307923 0.0369548 0.0326238 0.0259372 0.0266829 0.0272482 0.0224912 0.00713707 0.0141934 0.0127651 0.0477363 0.0258611 0.0132344 0.00523102 0.00864309 0.00505727 
4.21569e-07 0.000146318 3.04096e-06 1.62765e-06 1.35565e-05 0.00010186 0.000400626 0.00237314 0.896001 0.0209003 0.0115489 0.00212349 0.00156862 0.0037024 0.00980447 0.00877832 0.00517356 0.00247015 0.00268332 0.0122684 0.00279798 0.00368973 0.00262221 0.00546918 0.00535722 
9.91236e-16 2.41547e-14 1.02071e-13 2.87147e-13 3.83083e-10 8.15882e-13 6.04613e-10 7.73823e-07 3.52526e-08 3.26989e-07 2.75882e-05 1.54931e-06 9.19467e-07 3.29807e-05 0.000229475 0.000833142 0.993037 0.00340402 0.000740501 4.83726e-05 0.000420572 0.00043534 0.000130922 0.000621697 3.48479e-05 
1.74044e-06 6.45374e-05 0.000127503 0.000536951 0.00234093 0.00480696 0.00723467 0.0042821 0.00572436 0.00675639 0.00746649 0.00588022 0.00708802 0.00472929 0.0045378 0.00654733 0.00702341 0.746705 0.0277723 0.0602659 0.0313187 0.0395701 0.00732855 0.00791828 0.0039727 
4.2881e-05 0.00500058 0.0167335 0.0255167 0.101991 0.0440528 0.201637 0.0870352 0.0462305 0.0802505 0.0418557 0.0491318 0.0312038 0.0877087 0.0300094 0.0236026 0.0132146 0.0203972 0.0151735 0.0138886 0.0189157 0.0175527 0.00953304 0.013906 0.00541589 
1.37189e-07 4.97731e-05 8.14764e-07 1.18995e-07 3.6426e-07 2.98734e-06 0.000114019 0.000567931 0.00242902 0.00229633 0.00535771 0.00275698 0.00221689 0.00281169 0.00566092 0.930415 0.00684783 0.0118623 0.00313812 0.00451159 0.00252448 0.00387807 0.0037794 0.0075534 0.00122409 
2.07716e-14 5.06168e-13 2.13891e-12 4.00044e-12 8.49535e-12 1.13581e-11 2.68896e-11 1.12386e-08 7.30486e-06 1.66879e-05 4.54916e-05 0.000114698 2.73281e-05 6.23407e-05 0.000105623 0.000901072 0.00116678 0.00336796 0.982925 0.00211346 0.00169723 0.000891913 0.00433832 0.00216408 5.50164e-05 
4.18136e-07 2.27128e-05 2.91532e-05 0.000133619 0.00116792 0.00306575 0.00540959 0.00281647 0.00409438 0.00325898 0.0051949 0.00410437 0.00372783 0.00340522 0.00355468 0.00325317 0.00443164 0.8546 0.0254407 0.0237693 0.0171857 0.0176743 0.00518598 0.0057215 0.00275121 
1.60141e-06 0.000531062 1.29186e-05 3.67866e-05 0.000342012 0.0010503 0.00299677 0.00544932 0.00946568 0.00745683 0.0138345 0.00692558 0.00571782 0.00763234 0.00949263 0.00785302 0.875583 0.0119819 0.00442823 0.00843443 0.00421442 0.00794471 0.00244777 0.00464986 0.00151651 
1.25933e-07 1.34169e-05 3.46554e-06 2.03251e-05 7.15859e-05 0.000252511 0.000489193 0.000834992 0.0026827 0.00196171 0.0031739 0.00195198 0.00115104 0.00161377 0.0019528 0.00153241 0.00144533 0.00162579 0.00241148 0.9354 0.0177793 0.0137972 0.00490114 0.00283065 0.00210282 
1.43443e-13 3.49545e-12 1.47709e-11 3.26949e-11 1.98417e-08 1.01351e-09 8.60224e-06 5.14391e-05 0.000247333 0.000110084 0.000111482 0.000558934 0.000344459 0.000303648 0.000213274 0.000560135 0.000699901 0.000772449 0.000890573 0.00106813 0.00107092 0.973964 0.0149724 0.00307299 0.000979271 
1.38401e-06 0.000502148 8.45239e-06 5.68699e-06 4.22746e-05 0.000268247 0.00128366 0.00338524 0.00904699 0.00611747 0.0110833 0.0056444 0.00394227 0.00568933 0.0116379 0.876067 0.0102135 0.0138528 0.00367575 0.00832174 0.00392203 0.00766731 0.00551936 0.0104038 0.00169761 
2.48406e-08 9.01248e-06 1.47486e-07 1.87618e-08 1.43797e-08 2.5149e-06 9.02019e-07 1.30657e-05 6.72014e-05 9.89378e-05 0.0010037 0.0007777 0.000710148 0.000277443 0.000116434 0.000920913 0.000992973 0.00068657 0.00145438 0.00106684 0.00205745 0.966764 0.0143648 0.00685548 0.00175916 
4.17038e-06 0.000487094 0.00142105 0.00911698 0.021089 0.0307089 0.528437 0.0463439 0.0343449 0.0281562 0.0326516 0.0256033 0.0271665 0.0229861 0.0251217 0.0160672 0.0176141 0.0170391 0.0313132 0.0173022 0.0306435 0.0171792 0.0059065 0.00871781 0.00457915 
7.27988e-07 0.000264134 4.5089e-06 2.16576e-06 3.59567e-05 0.000199505 0.000974189 0.00185623 0.00750216 0.0049666 0.00846396 0.00496351 0.00314745 0.004497 0.00542412 0.00526444 0.888042 0.0297794 0.0042356 0.00793186 0.00356594 0.00567922 0.00280727 0.0057819 0.0046102 
7.89789e-06 0.00225272 0.010092 0.00523991 0.0050795 0.00843077 0.00181877 0.00234616 0.00730187 0.00321473 0.00744861 0.0191923 0.0042019 0.00791221 0.00661141 0.00847245 0.00232135 0.00455927 0.0021733 0.00394317 0.00525758 0.86686 0.00766021 0.00474472 0.00285713 
5.42732e-40 2.1505e-33 1.24656e-27 2.77673e-21 1.10759e-17 6.77044e-21 8.92082e-18 2.27001e-14 7.3487e-16 9.9712e-12 7.08006e-12 8.9328e-11 6.8179e-10 5.8707e-10 1.69355e-06 4.61008e-06 3.62995e-07 1.22932e-05 9.90445e-07 6.27663e-05 0.000157461 0.000230495 0.000344733 0.000624396 0.99856 
6.82714e-06 0.00109369 0.00126293 0.00630624 0.0160548 0.0186277 0.0315276 0.0303883 0.031555 0.0266336 0.0366011 0.0281467 0.0256951 0.0186496 0.0196107 0.0176821 0.0122518 0.0124284 0.0273855 0.0436286 0.0453478 0.04198 0.0119149 0.0181109 0.47711 
6.32988e-06 0.000362036 0.000759907 0.00434552 0.0105472 0.014148 0.0176116 0.0155042 0.0148766 0.0122317 0.016281 0.012267 0.0122525 0.00938529 0.00947068 0.00832334 0.010564 0.638838 0.03337 0.0506538 0.0467411 0.0370014 0.0104774 0.00777756 0.006204 
3.49464e-05 0.00322068 0.0103556 0.0288557 0.0340013 0.151758 0.0395004 0.0394195 0.0454006 0.11563 0.0927417 0.0374858 0.222078 0.0265862 0.0277424 0.0222 0.0104589 0.013429 0.0140884 0.0156585 0.0129201 0.0143983 0.00652304 0.0110176 0.00449522 
4.6e-11 1.63882e-08 9.67944e-10 1.15964e-07 2.75345e-08 4.64307e-08 5.66524e-08 9.51522e-07 1.40679e-06 5.43787e-07 6.18096e-07 1.94493e-06 6.08441e-06 7.80283e-05 5.3006e-06 4.15325e-05 1.21985e-05 3.35481e-05 0.000561172 4.53212e-05 0.000205105 0.000147095 0.000159598 0.991682 0.00701729 
1.38382e-08 5.02033e-06 8.22857e-08 8.12293e-08 1.06976e-06 4.35201e-06 0.000181409 5.17334e-05 0.00115794 0.000649875 0.00244556 0.00100757 0.000909174 0.00113724 0.00164255 0.00122229 0.00754258 0.923866 0.0211803 0.0161669 0.00414813 0.00236808 0.00399901 0.00815504 0.00215835 
7.46422e-06 0.000635265 0.00232046 0.0226695 0.0392673 0.0462857 0.46426 0.0427845 0.0459496 0.0346048 0.0418662 0.0385632 0.0266833 0.0300093 0.0325239 0.0205846 0.00764993 0.0161678 0.0118878 0.0188538 0.0221763 0.0129887 0.00525082 0.0112885 0.00472167 
3.29207e-06 7.60678e-05 0.000139397 0.000591612 0.0021376 0.00320169 0.00512566 0.00384959 0.00555001 0.00431157 0.0072138 0.00551933 0.00440277 0.0044899 0.00467832 0.00341996 0.00452128 0.0118693 0.862205 0.017331 0.0165788 0.0173659 0.00752798 0.00654448 0.00134596 
2.9641e-05 0.00372989 0.0109837 0.0213297 0.0368854 0.0449743 0.0484551 0.0470133 0.0451383 0.0388616 0.142408 0.0361227 0.0306854 0.0280562 0.0282114 0.136093 0.0172875 0.178274 0.0188914 0.0192381 0.0189972 0.0177489 0.00927616 0.0161034 0.00520647 
7.91361e-07 3.82271e-05 4.91944e-05 0.000272737 0.000927128 0.00214939 0.00312959 0.00237512 0.00378487 0.00291131 0.00484311 0.00322383 0.00279989 0.00265955 0.00278833 0.00218921 0.00266328 0.00404823 0.00905681 0.0133148 0.309964 0.608954 0.0100654 0.00601054 0.00178001 
5.23151e-14 1.29347e-12 5.38175e-12 1.1433e-11 5.38089e-09 2.2617e-10 3.62303e-06 1.42476e-05 9.17866e-05 4.10983e-05 3.42542e-05 0.000345952 0.000347975 0.000159216 0.000192461 0.00106015 0.989146 0.00380366 0.00122153 0.000709025 0.000405425 0.000556415 0.000296542 0.00145499 0.000116135 
1.61522e-08 5.86866e-06 2.26798e-07 3.06903e-07 3.57413e-06 1.3091e-05 0.000286894 0.00043058 0.00210126 0.0015609 0.00265101 0.00150691 0.000972299 0.00130868 0.0013966 0.00164198 0.00234054 0.00380178 0.963596 0.00287443 0.00281476 0.0020807 0.00409088 0.00418929 0.0003314 
1.17858e-05 0.000559029 0.00322872 0.00907013 0.0394936 0.553603 0.0349169 0.0395571 0.0358985 0.0269517 0.0268091 0.0268971 0.0227023 0.0250308 0.0242766 0.0125388 0.0112166 0.0122917 0.015618 0.0125765 0.0326559 0.0130964 0.00596191 0.00833356 0.00670478 
1.66186e-06 0.000524208 1.48802e-05 4.52794e-05 0.000752296 0.00181544 0.00301178 0.00468829 0.0115721 0.00824809 0.0123165 0.00739817 0.00549886 0.00944254 0.845728 0.0154718 0.00847695 0.0147652 0.00369138 0.00888351 0.00519231 0.00734264 0.00724545 0.0164326 0.00143988 
3.19379e-06 0.00021814 0.000225642 0.00166398 0.00451535 0.00775285 0.0532497 0.0105378 0.0110468 0.00983734 0.123514 0.0108047 0.00827366 0.00633306 0.00776703 0.00554254 0.00713509 0.00795043 0.499028 0.0686484 0.0246943 0.115464 0.00675216 0.00651018 0.00253148 
1.44276e-07 1.21085e-05 3.96218e-06 9.75464e-06 0.000100653 0.000440189 0.00149265 0.00137208 0.00315699 0.00215501 0.00341846 0.00263909 0.00211391 0.00253991 0.00276758 0.00217354 0.00225129 0.00299045 0.00707395 0.948363 0.0035926 0.00560275 0.00262185 0.00266825 0.000439463 
4.13921e-07 2.2305e-05 2.58628e-05 0.000140481 0.00121314 0.00332385 0.00579458 0.00249009 0.00391995 0.00328653 0.00507912 0.00414749 0.00320813 0.00331229 0.00350846 0.0023484 0.00293876 0.0057352 0.0147841 0.869073 0.0310805 0.0240078 0.00680134 0.00274699 0.00101074 
9.20242e-08 3.33868e-05 5.46577e-07 6.87002e-08 2.3443e-07 6.75461e-06 9.06891e-05 0.000515547 0.00248223 0.00195311 0.00467931 0.00295177 0.00239505 0.0026411 0.00307197 0.935524 0.0154114 0.00693841 0.00302654 0.00522341 0.00193589 0.00338436 0.00264067 0.00399575 0.00109739 
7.87172e-12 1.97224e-09 3.00185e-10 6.89383e-10 1.1278e-08 8.99391e-09 3.64907e-08 2.8369e-05 0.00145585 0.00380735 0.96726 0.00412582 0.00106262 0.000424724 0.000253151 0.000363422 0.000667143 0.0010485 0.000915664 3.04125e-05 0.000386469 0.000984232 0.000254225 0.0156423 0.00128951 
8.44251e-07 3.99291e-05 6.66347e-05 0.000441991 0.00184493 0.00435823 0.00544504 0.00361986 0.00536419 0.00406805 0.00657767 0.00543905 0.00687673 0.00451039 0.00392483 0.00574745 0.00461868 0.792326 0.0255177 0.056634 0.0246414 0.02313 0.00628685 0.0057437 0.00277615 
3.92772e-08 1.42497e-05 2.33369e-07 4.92447e-08 2.40395e-07 4.48116e-06 6.45118e-05 0.000208373 0.00118504 0.00150936 0.00368627 0.00216711 0.0019053 0.00235019 0.00639558 0.93136 0.00674886 0.0133596 0.00257279 0.00320064 0.00291627 0.00310503 0.00491925 0.0110946 0.00123178 
1.66237e-06 0.000530797 1.45251e-05 1.59708e-05 9.10836e-05 0.000525723 0.00222549 0.00358892 0.010604 0.00728958 0.0187715 0.87638 0.0135893 0.00599285 0.00737098 0.0057895 0.00379324 0.00200911 0.00242048 0.00926811 0.0033787 0.00860225 0.00382683 0.00923713 0.00468255 
2.09527e-17 5.10581e-16 2.15759e-15 4.86596e-14 1.77307e-10 1.4277e-13 2.79401e-10 3.58351e-07 7.94774e-09 5.08018e-08 2.40523e-05 6.23356e-07 4.52048e-06 0.000180639 0.000113453 0.000925732 0.961039 0.0220357 0.00320945 0.0013889 0.000912949 0.000697902 0.0026705 0.00439301 0.00240279 
0 0 0 0 0 0 0 0 6.4344e-05 0.000259694 0.000496951 0.000587595 0.000818064 0.000722517 0.000913261 0.000925069 0.000856862 0.00138406 0.000666952 0.000925331 0.00110629 0.00139412 0.00173272 0.983979 0.00316677 
1.59626e-07 1.62521e-05 4.13221e-06 1.73697e-05 0.00018103 0.0010167 0.00209045 0.00195907 0.00352592 0.00238078 0.00383361 0.00292171 0.00252477 0.00282467 0.0033448 0.0017951 0.00211319 0.00243589 0.00474524 0.00284828 0.936092 0.0156661 0.00422741 0.00291016 0.000524957 
1.47548e-12 3.59549e-11 1.51937e-10 3.00276e-10 4.71775e-08 8.34304e-09 1.59703e-05 0.000221903 0.000942843 0.00128068 0.00212137 0.00175788 0.00112657 0.00237859 0.948751 0.00674472 0.00755008 0.00577592 0.002013 0.00165426 0.00121461 0.00249172 0.00154994 0.0117835 0.00062584 
1.46708e-05 0.000487656 0.00220743 0.00315886 0.0119656 0.0119089 0.01329 0.0173837 0.0185063 0.0109005 0.0211981 0.0119253 0.0157513 0.0109799 0.0140086 0.00727297 0.0124314 0.0172857 0.695282 0.0220764 0.0278182 0.0238678 0.0185841 0.00978607 0.00190878 
0 0 0 0 0 0 0 0 0 0 0 0 0 0 0 0 0 0 0 5.08812e-05 9.18827e-05 0.000115062 0.00012691 0.000163326 0.999452 
5.46594e-14 1.98297e-11 3.25099e-13 1.47767e-12 1.04956e-11 2.64398e-11 3.69865e-11 2.44657e-10 1.82681e-09 4.275e-09 3.31336e-08 1.29177e-08 6.32742e-08 1.89381e-06 1.28629e-05 1.90112e-05 6.09317e-05 0.000143185 0.00018934 3.51767e-06 0.000137659 0.000505893 0.989123 0.00794284 0.00186008 
1.30078e-06 5.20992e-05 0.000105061 0.000376256 0.00198307 0.00551688 0.00793741 0.00439821 0.00498244 0.00650524 0.00695077 0.00602758 0.00468097 0.00408284 0.00404078 0.00312387 0.00553024 0.00795405 0.0129419 0.828745 0.0337717 0.0402271 0.00441124 0.00290099 0.00275354 
4.16906e-15 1.01593e-13 4.29302e-13 8.18771e-13 5.9011e-11 2.50562e-12 9.56462e-11 1.17877e-07 1.91104e-06 4.77295e-06 0.000104619 7.94893e-06 4.87128e-06 0.000189182 0.000159979 0.000748701 0.942518 0.0337403 0.00764061 0.001904 0.000994551 0.000830208 0.00272852 0.00426723 0.00415494 
1.36237e-06 0.000423796 1.26285e-05 5.38238e-05 0.000968779 0.00248019 0.00366108 0.00475734 0.0107586 0.00710629 0.0105519 0.00702739 0.885376 0.0109348 0.00930261 0.00622117 0.00523739 0.0049168 0.00318681 0.00728965 0.00442378 0.00605407 0.00350353 0.00394356 0.00180671 
1.09838e-06 0.000398507 6.52217e-06 7.1474e-06 4.41583e-05 0.000160796 0.000595503 0.00191834 0.00409202 0.00314482 0.00771339 0.00352043 0.00271179 0.00410788 0.00580227 0.00536978 0.464301 0.458877 0.0111223 0.00656444 0.00374353 0.00569652 0.00421818 0.00467558 0.00120735 
5.50807e-06 0.000677904 0.00227993 0.0221225 0.508801 0.0362329 0.0362937 0.0376582 0.0402137 0.0286405 0.0372538 0.033493 0.0264876 0.0261097 0.031009 0.0192727 0.00669382 0.014586 0.0270567 0.0165061 0.0159218 0.0138743 0.00563608 0.00802528 0.00514829 
3.68524e-07 0.000133594 3.60292e-06 0.000125825 0.000533873 0.000725132 0.000491646 0.00103877 0.000890419 0.00113431 0.00290042 0.00155083 0.00100854 0.00301292 0.00297235 0.00175479 0.0013536 0.00189568 0.00191378 0.944891 0.0129837 0.01158 0.00379419 0.00263886 0.000671616 
1.02868e-06 0.000373219 6.10761e-06 8.04981e-07 1.27884e-06 3.37472e-05 0.000410093 0.00113422 0.00378002 0.00296037 0.00826113 0.00376086 0.00310484 0.00423366 0.00647135 0.0131146 0.0110892 0.0111343 0.00646467 0.00762221 0.004147 0.888705 0.0152057 0.00694966 0.00103514 
0 0 0 0 0 0 0 0 0 0 0 0 0 0 0 0 6.05325e-05 0.00016785 0.000176353 0.0003793 0.000440134 0.00060585 0.000778385 0.000773694 0.996618 
1.58372e-06 0.000521279 1.31828e-05 4.80055e-05 0.00055322 0.00142655 0.0029966 0.00468954 0.0100863 0.00766899 0.0122593 0.00680499 0.00523425 0.00685061 0.0122253 0.854739 0.0181017 0.0144141 0.00474615 0.00824194 0.00423183 0.00781147 0.00467505 0.0100535 0.00160534 
1.03721e-05 3.45457e-05 2.23752e-05 4.31038e-05 0.000108318 0.000132753 7.9909e-05 0.000189512 0.000153033 0.000118996 0.00027294 8.25531e-05 0.000249046 0.000124245 0.000251897 0.00017318 0.000127152 0.000185258 7.03165e-05 0.000126763 0.000415532 0.000460947 0.000931964 0.00155442 0.994081 
1.13216e-05 0.00195041 0.00524897 0.0144997 0.0267196 0.0355721 0.0483946 0.0454109 0.0441029 0.0356947 0.042565 0.0367101 0.435364 0.0262641 0.0262677 0.0212473 0.0128741 0.0128379 0.0187259 0.0435544 0.0221146 0.0177199 0.00817276 0.0133734 0.00460385 
1.96347e-06 6.33056e-05 0.000123209 0.000453943 0.00239133 0.00530167 0.00637684 0.00517258 0.00578265 0.00698429 0.00786255 0.0077439 0.00682443 0.00488476 0.00422173 0.00479714 0.00602944 0.0131474 0.755229 0.0613968 0.0359779 0.0461757 0.00585816 0.00331126 0.00388761 
1.2379e-37 3.4171e-36 2.31856e-31 5.16409e-25 2.05986e-21 1.26197e-24 3.24714e-21 4.16252e-18 8.47998e-17 1.15376e-12 2.06691e-11 2.15344e-10 2.78603e-09 1.91868e-09 6.62095e-09 2.1004e-08 2.52902e-08 9.87004e-08 6.75546e-08 1.14909e-07 2.86493e-05 0.000582068 0.990294 0.00819546 0.000899505 
5.85606e-07 4.04999e-05 0.000116228 0.000712685 0.00152977 0.002627 0.00525639 0.00389348 0.00497515 0.00372715 0.00602234 0.00503628 0.00548066 0.0043765 0.00376265 0.00405045 0.00408236 0.00564479 0.0114458 0.0276485 0.861423 0.0269983 0.00612778 0.00375859 0.00126339 
0.597107 0.106619 0.0835186 0.0189009 0.0108452 0.0123963 0.00963635 0.00999696 0.0174867 0.0121623 0.0153756 0.00999464 0.0129622 0.00938609 0.0140638 0.00944827 0.00321447 0.00843925 0.00388063 0.00432974 0.00348481 0.0162841 0.00193719 0.0047968 0.00373381 
2.82463e-07 0.000102374 1.73578e-06 1.40828e-06 1.00659e-05 4.74102e-05 0.000131678 0.000445601 0.000737765 0.000394491 0.00165653 0.00100323 0.000999418 0.000781933 0.000934773 0.00167968 0.476961 0.480971 0.00906387 0.0102055 0.00373751 0.000975793 0.0021661 0.00582745 0.00116328 
4.19963e-17 1.02338e-15 4.32453e-15 7.92001e-14 2.83315e-10 2.08001e-13 4.4659e-10 5.72623e-07 1.68376e-08 5.47989e-08 1.01882e-05 4.6188e-07 3.70364e-06 0.000152098 0.000276992 0.000691774 0.982148 0.0107964 0.000886972 0.000897107 0.000349453 0.000585413 0.000370813 0.00198739 0.000842716 
8.71591e-06 0.000889826 0.00230599 0.0118854 0.0193096 0.0270666 0.0363666 0.0852431 0.0397965 0.0294308 0.119462 0.0485003 0.0224832 0.0829542 0.0213505 0.0158778 0.0108556 0.0135119 0.0155144 0.0145443 0.0184363 0.0179955 0.00696406 0.333102 0.00614444 
5.17583e-05 0.0147407 0.0077925 0.0171002 0.127946 0.0367387 0.0387785 0.041421 0.0423637 0.0356176 0.284131 0.0305871 0.077353 0.0245005 0.024245 0.0491641 0.0125882 0.0459033 0.014788 0.0143276 0.0191314 0.0133436 0.0092897 0.013142 0.00495507 
1.63297e-05 0.00327972 0.00845044 0.0165233 0.0447724 0.468294 0.0417968 0.0405431 0.034431 0.0299166 0.0339233 0.0300704 0.0246316 0.0316725 0.0435506 0.0186086 0.0147454 0.0133886 0.0154519 0.0133062 0.0337205 0.0147257 0.00694776 0.0113408 0.00589201 
8.17728e-15 1.99267e-13 8.42041e-13 1.64297e-12 2.71131e-10 5.0609e-12 4.88157e-07 3.6838e-08 4.03144e-06 6.4164e-06 4.68085e-05 0.000480161 0.000352187 0.000130256 7.71924e-05 0.000381598 0.000639562 0.000633508 0.000887757 0.000647057 0.00251926 0.0121369 0.958407 0.00929914 0.0133509 
1.11474e-14 2.71644e-13 1.14789e-12 2.23996e-12 3.70763e-10 6.87872e-12 6.70288e-07 4.40437e-08 5.47124e-06 8.69299e-06 4.97101e-05 0.00051666 0.000361975 0.000141759 7.6695e-05 0.000395531 0.000652503 0.000648317 0.000909016 0.00052141 0.00139365 0.0080023 0.970702 0.00806455 0.00754914 
1.62108e-06 0.000499806 1.55478e-05 3.16847e-05 0.000377857 0.00163064 0.00465031 0.00570868 0.0124809 0.00838124 0.0175317 0.853331 0.0154325 0.00855294 0.00884673 0.00676008 0.00612914 0.0053899 0.00464656 0.00900929 0.00348029 0.00817978 0.00575142 0.00943748 0.00374239 
1.8406e-06 0.000501644 2.26964e-05 0.000134036 0.00158794 0.00464471 0.00644884 0.00708351 0.019971 0.822338 0.0320741 0.0138585 0.0105329 0.00707196 0.00915312 0.00871648 0.00440218 0.00361123 0.00502148 0.0113153 0.00429052 0.00815803 0.00275224 0.0140306 0.00227687 
2.63166e-06 0.000221126 0.000318659 0.00186137 0.00396228 0.00499149 0.00647171 0.0055843 0.00540687 0.00457357 0.00618982 0.0051279 0.00485567 0.00640146 0.846916 0.0111596 0.00934294 0.0081526 0.0112236 0.0151575 0.015356 0.0121554 0.0039473 0.00933918 0.00128083 
1.3711e-05 0.00126312 0.00343022 0.0104038 0.0186807 0.0201485 0.0250059 0.0224585 0.0211033 0.0178553 0.0200257 0.0178824 0.0152574 0.0127363 0.0132878 0.010747 0.0107814 0.0119366 0.0336433 0.0379894 0.0378304 0.0337935 0.58262 0.0119064 0.00919927 
2.89326e-05 0.00393595 0.0114671 0.0244416 0.0411058 0.0413897 0.238174 0.0502358 0.0458074 0.0382628 0.0413739 0.0427896 0.0294569 0.0308177 0.0309411 0.0206717 0.0141928 0.018245 0.0151066 0.0136293 0.0198888 0.0180917 0.189968 0.0133159 0.0066614 
1.72774e-24 4.21021e-23 1.79555e-22 3.66194e-18 1.46054e-14 8.94535e-18 2.00765e-14 2.96242e-11 8.3946e-15 4.88667e-12 1.33717e-10 2.55306e-08 2.70363e-08 5.39533e-06 1.8982e-06 4.11458e-05 5.76097e-05 0.000242548 6.538e-05 0.000134992 0.000369174 0.000386919 0.000100099 0.000201428 0.998393 
3.44348e-06 0.000108753 0.000188716 0.00110486 0.00359399 0.00566203 0.00762675 0.00494538 0.00620634 0.00551415 0.00825716 0.00623989 0.00589504 0.00469609 0.00502608 0.0039599 0.00575798 0.00822639 0.0183438 0.0276056 0.0310494 0.0317775 0.786857 0.00886104 0.0124928 
1.25581e-06 0.000455629 7.53326e-06 1.61292e-06 6.9465e-06 7.996e-05 0.000319904 0.00186791 0.00494198 0.00364906 0.00888878 0.00427432 0.00330791 0.003799 0.00650667 0.00546481 0.891296 0.0310768 0.0041635 0.00773094 0.00320652 0.00612109 0.0026948 0.00557424 0.00456253 
5.10007e-05 0.00354796 0.0158278 0.128967 0.0394829 0.0356981 0.0444002 0.0409241 0.0465621 0.0448228 0.048777 0.0556645 0.184117 0.0299313 0.0329452 0.0263405 0.0150204 0.0211116 0.106338 0.0149447 0.0161274 0.0169311 0.00893386 0.0164959 0.0060375 
1.504e-07 1.07731e-05 3.79712e-06 6.94276e-06 5.96048e-05 0.000384198 0.00141439 0.00127579 0.00302853 0.00201743 0.00327053 0.00234449 0.00204111 0.00254959 0.0026956 0.00210539 0.933938 0.0247334 0.00317558 0.00171858 0.00282014 0.00476329 0.000387396 0.00112807 0.00412735 
2.88354e-08 1.04624e-05 1.81981e-07 7.10497e-08 5.62619e-07 4.8989e-06 0.00015369 7.51341e-05 0.000484573 0.0005738 0.00235375 0.00105157 0.000933588 0.00107517 0.00116892 0.00105342 0.00129419 0.000916154 0.00205807 0.00187605 0.955984 0.0197983 0.00434497 0.00350739 0.00128126 
1.52095e-07 1.30153e-05 1.14623e-05 0.00015668 0.000298423 0.000430568 0.000600483 0.00103184 0.00286867 0.00257605 0.00356115 0.00252076 0.00200604 0.0022526 0.00238974 0.00171345 0.902576 0.00494827 0.00850596 0.0106959 0.0229767 0.014577 0.00961515 0.00324269 0.000430815 
0.00176682 0.0306294 0.0471291 0.062404 0.0375025 0.0284183 0.0402778 0.0381423 0.0449157 0.0551548 0.0563307 0.0516846 0.0337022 0.023506 0.240186 0.0305299 0.0209053 0.0410862 0.0206795 0.0191399 0.0148694 0.0280447 0.0107222 0.0168098 0.00546276 
0.00120443 0.0262652 0.046184 0.0669127 0.0425277 0.0284412 0.0407603 0.0443343 0.0491048 0.0559161 0.0570962 0.0523533 0.0337818 0.0255995 0.0541958 0.0251254 0.0211629 0.0441539 0.0221497 0.0196755 0.0197171 0.0312958 0.166357 0.0169038 0.00878126 
5.42864e-06 0.000527941 0.00041827 0.00254262 0.00840514 0.0140093 0.017862 0.0199934 0.028385 0.602594 0.0240568 0.0157863 0.0161299 0.0120903 0.0168264 0.0162764 0.012462 0.017176 0.0226379 0.0558497 0.0370845 0.0367933 0.00855816 0.00759057 0.00593844 
0.000105736 0 0 0.000152139 0 0 0 4.35168e-05 0 0 2.98843e-05 4.02366e-11 0 2.16768e-05 0 1.76754e-05 0 1.42959e-05 0 2.48992e-05 0 2.6447e-05 3.71547e-05 6.71425e-05 0.999459 
1.50704e-07 1.31853e-05 3.69433e-06 8.58691e-06 9.01364e-05 0.000704352 0.0019689 0.00182661 0.00345858 0.00211973 0.00351141 0.00264248 0.00229449 0.00254743 0.00301539 0.00163855 0.0018773 0.00311543 0.00547557 0.947463 0.00441077 0.00688715 0.00342649 0.00104011 0.000460558 
8.32291e-05 0.00444342 0.0130449 0.0220909 0.0405959 0.0448063 0.053778 0.143668 0.0503221 0.0389206 0.0438561 0.0471197 0.0314679 0.0984308 0.217763 0.0225664 0.0148493 0.0161917 0.014279 0.0159252 0.0196525 0.0179682 0.00818303 0.014231 0.00576316 
0.000128073 0.00333879 0.0146956 0.0323566 0.0479491 0.0423013 0.124489 0.0538124 0.0674163 0.0571899 0.192229 0.0434117 0.0341524 0.0374463 0.0461449 0.020417 0.0142135 0.0218333 0.0150987 0.0142232 0.0430424 0.016232 0.0356908 0.0160536 0.00613382 
3.76374e-08 1.36638e-05 3.56484e-07 3.70594e-07 5.3891e-06 2.08228e-05 0.000310605 0.000454435 0.00238076 0.00159614 0.00295145 0.00169738 0.00102869 0.0014134 0.00130445 0.00123109 0.00146486 0.000786087 0.00173922 0.0019891 0.00600875 0.9636 0.00359541 0.00320656 0.00320076 
1.64357e-06 0.000508744 1.53117e-05 4.1438e-05 0.000676204 0.00175026 0.00380336 0.0050975 0.0125442 0.00873906 0.0128407 0.00724506 0.00543102 0.00719443 0.00980327 0.00719835 0.824018 0.0319752 0.0180073 0.0112076 0.00451108 0.00779148 0.00566431 0.00967286 0.00426136 
6.17969e-06 0.0018899 0.0074528 0.00432433 0.0060029 0.0103757 0.0023915 0.00299288 0.0115497 0.00618355 0.0129419 0.0191452 0.00676161 0.0103524 0.0142213 0.808552 0.0139319 0.0165278 0.00399537 0.00854154 0.00577285 0.00725078 0.00631488 0.0108555 0.00166508 
9.74234e-06 0.00116806 0.00172634 0.011631 0.0218341 0.031392 0.0362396 0.0398711 0.565483 0.0296671 0.0357705 0.0268305 0.0198808 0.0217686 0.0185169 0.0174814 0.00941159 0.011186 0.0190777 0.0172236 0.0285172 0.0167611 0.00392693 0.00939234 0.00523252 
5.78324e-08 2.09821e-05 3.43416e-07 7.10338e-08 3.68002e-07 5.10282e-06 0.000164188 4.40346e-05 0.000397371 0.000551633 0.0024676 0.00111503 0.000947568 0.00105623 0.00111135 0.00109821 0.00130186 0.000805281 0.00164045 0.00141445 0.964604 0.0132698 0.0033548 0.00262504 0.00200425 
3.17016e-08 1.15075e-05 2.80201e-07 2.35382e-07 2.44904e-06 2.31023e-05 0.000320214 0.000318456 0.00173172 0.00109931 0.00285031 0.00147149 0.000989424 0.00123543 0.00132647 0.00105484 0.00138154 0.00101144 0.00191781 0.00367521 0.951608 0.0165696 0.00546175 0.00352103 0.00241798 
1.00395e-05 0.000981263 0.00379067 0.153542 0.151286 0.0518436 0.0327914 0.0350224 0.103701 0.0362522 0.0498519 0.0576635 0.0220214 0.0299887 0.0246064 0.0164244 0.00997844 0.0119179 0.0423831 0.109018 0.0204861 0.0153824 0.00661324 0.00975943 0.00468405 
1.57569e-07 1.54609e-05 7.62544e-06 1.59351e-05 0.000109667 0.00100037 0.00212774 0.00203845 0.00364021 0.00230431 0.00380241 0.00285172 0.00238501 0.00263179 0.00328225 0.00179658 0.00214867 0.00218329 0.00380012 0.00226712 0.00351414 0.939258 0.0131195 0.00332116 0.00237836 
1.43414e-06 0.000468791 2.09019e-05 0.000167057 0.000400888 0.00104613 0.0016842 0.0038904 0.0073205 0.00591715 0.0107826 0.00597518 0.00485674 0.00596452 0.0113591 0.871979 0.0110949 0.0128477 0.00554545 0.00784994 0.00396862 0.00887498 0.00442316 0.0116402 0.00192079 
1.5565e-06 0.00049964 1.34602e-05 1.36566e-05 0.000102663 0.000476598 0.00165757 0.00384978 0.0100467 0.00670016 0.0117816 0.00669787 0.00517782 0.0072759 0.831091 0.0341651 0.0115314 0.0175358 0.00558359 0.00847413 0.00420373 0.00896464 0.00659959 0.0154402 0.00211543 
3.56115e-08 1.29284e-05 3.38672e-07 6.27846e-07 1.03152e-05 3.89394e-05 0.000327106 0.000450838 0.00245224 0.00158311 0.00288003 0.00161237 0.000996887 0.00130179 0.00131567 0.00125039 0.001444 0.000970413 0.00191707 0.00245809 0.961775 0.00944111 0.00349795 0.00227899 0.00198355 
1.68941e-06 0.00049987 1.73273e-05 5.3017e-05 0.000871989 0.00290867 0.00630479 0.00733764 0.01466 0.00998117 0.014336 0.00911745 0.00728764 0.0120787 0.0149101 0.828526 0.00913795 0.0144259 0.00646291 0.00954828 0.00533126 0.00698557 0.00660387 0.0105481 0.00206353 
1.77471e-06 0.000515537 2.55685e-05 9.77149e-05 0.000755111 0.00249922 0.00421434 0.0063758 0.0136293 0.00874398 0.0136015 0.00847868 0.00630778 0.0105597 0.851942 0.0117689 0.00712127 0.00876415 0.00661568 0.00931342 0.0047452 0.00777327 0.00390224 0.0107022 0.00154549 
2.98319e-06 0.000213998 0.000605464 0.00202701 0.00377959 0.00508234 0.00630374 0.00558497 0.00716331 0.0058582 0.00735969 0.00565339 0.00478987 0.00418173 0.00454833 0.00369813 0.00423279 0.00446263 0.0104751 0.878934 0.0147513 0.0119687 0.00422953 0.00266163 0.00143119 
8.06256e-10 2.92425e-07 4.81442e-09 4.93485e-09 3.48502e-08 1.21537e-07 6.4836e-07 2.03321e-06 5.49362e-05 0.000107784 0.000572463 0.000162723 0.000398599 0.00033587 9.52657e-05 0.000235504 0.000210071 0.000219843 0.0012569 0.000337033 0.000859875 0.00071608 0.00125907 0.988801 0.00437424 
3.34246e-41 1.32644e-34 7.6774e-29 1.71007e-22 6.82115e-19 4.17898e-22 1.07541e-18 1.3784e-15 1.0868e-17 1.45194e-13 9.92685e-14 1.55575e-12 5.05035e-12 5.67974e-12 3.85144e-10 1.38275e-09 2.8447e-09 3.82826e-08 9.35752e-09 2.84052e-08 7.68662e-08 1.16368e-05 8.40341e-05 0.993178 0.00672623 
3.86515e-07 2.06411e-05 2.5152e-05 0.000133921 0.00124783 0.00297563 0.00601728 0.00260839 0.00383962 0.00308269 0.0051371 0.00431511 0.00320213 0.00339243 0.00359116 0.00225914 0.00269315 0.00631544 0.015886 0.883715 0.0221294 0.0192873 0.00495936 0.00197851 0.00118734 
6.50516e-06 0.000354748 0.000833585 0.00595946 0.0120074 0.0144948 0.0184611 0.0172302 0.0154737 0.0138745 0.0172224 0.0139868 0.0107093 0.0095989 0.0104302 0.00672786 0.0120187 0.014118 0.0259692 0.65708 0.0556598 0.0476234 0.0097059 0.00549186 0.00496185 
0.00041298 0.00586797 0.0170464 0.0306451 0.0443758 0.0457322 0.053699 0.0562584 0.0550261 0.0472935 0.328401 0.0464161 0.0384333 0.032139 0.041335 0.0209253 0.0132013 0.017242 0.0129384 0.0151868 0.0186066 0.0194059 0.0118016 0.0206508 0.00695926 
