2157
6.45937e-11 7.41631e-08 1.07818e-09 1.54756e-06 9.69333e-08 1.06622e-06 2.78431e-07 4.11038e-07 2.55587e-06 6.0437e-07 2.31359e-06 9.08291e-06 5.22474e-06 3.08814e-05 2.66032e-05 1.7775e-05 2.85423e-05 1.49878e-05 8.91708e-06 1.55152e-05 8.61729e-06 6.2559e-06 9.85799e-06 2.97609e-05 0.999779 
0 0 0 0 3.27457e-47 1.99627e-50 1.59328e-47 8.79001e-44 7.08535e-29 3.41415e-14 3.93517e-15 6.33108e-13 1.93252e-12 2.9603e-12 7.57054e-12 1.34578e-11 2.08626e-11 6.59218e-11 4.69619e-11 4.62672e-11 7.89205e-05 0.000561331 0.990734 0.00798591 0.000639983 
2.25883e-07 0.000743174 9.12583e-07 5.21564e-08 8.02071e-07 3.0209e-05 0.000245303 0.00135183 0.00355684 0.00267267 0.00810214 0.0029055 0.00277819 0.00378191 0.911484 0.00650596 0.00694765 0.00965737 0.0035158 0.00623387 0.00309012 0.00542447 0.00506712 0.0149227 0.000981095 
5.95512e-08 1.62501e-05 1.16441e-06 1.10049e-06 6.45608e-06 1.4234e-05 0.000167969 0.00026619 0.00170905 0.00151131 0.00256875 0.00148971 0.00084778 0.00103659 0.00130072 0.0006722 0.00120251 0.000667986 0.00215292 0.977544 0.00218442 0.00298529 0.00046238 0.000923552 0.000267761 
0 0 0 0 0 0 0 0 0 0 0 0 0 0 0 0 0 0 0 0 0 1.51832e-05 5.94265e-05 0.999058 0.000867134 
0 0 0 0 0 0 0 0 0 0 0 0 0 0 0 0 0 0 0 0 0 2.1762e-05 8.00091e-05 0.00015142 0.999747 
2.63693e-05 0.00174553 0.00952394 0.024774 0.03909 0.0308678 0.0344949 0.0337805 0.0353586 0.0359756 0.0385457 0.0474232 0.262019 0.12553 0.0352153 0.113425 0.0139001 0.0184333 0.0130618 0.0133967 0.023159 0.0178586 0.0116957 0.0153398 0.00535939 
4.48359e-09 1.46452e-05 1.60994e-06 3.23964e-05 9.29099e-05 0.000176116 0.000211553 0.000314929 0.00181934 0.001459 0.00264718 0.0013648 0.000919475 0.00104379 0.00105016 0.00116802 0.0014124 0.00218013 0.00457754 0.00445323 0.00702737 0.0132631 0.00700289 0.936045 0.0117228 
5.6218e-07 0.000878322 7.23391e-06 1.76398e-05 0.000250707 0.000946803 0.00338156 0.00428465 0.00929303 0.0074263 0.011517 0.0108671 0.887054 0.00687872 0.00856995 0.00662897 0.00578648 0.00459266 0.00333228 0.00840257 0.00358204 0.00577947 0.00454472 0.00470698 0.00127026 
4.88646e-06 0.000913203 0.000374383 0.00442631 0.011117 0.013697 0.0155357 0.0122576 0.0146702 0.0147476 0.0232535 0.0180835 0.014328 0.650444 0.0157751 0.0106208 0.0144146 0.0152451 0.0193664 0.0330585 0.0464251 0.024535 0.0144063 0.00938236 0.00291775 
1.11333e-07 1.39771e-05 2.2577e-06 2.94569e-06 4.57472e-05 0.000276285 0.00113588 0.000926369 0.00222451 0.0016609 0.00284154 0.00200637 0.00135687 0.00175296 0.0019991 0.00134496 0.00232777 0.950959 0.0129715 0.00215184 0.00213782 0.00437725 0.0015478 0.00444654 0.00148946 
5.69418e-09 1.8734e-05 2.30421e-08 2.31768e-08 2.09384e-07 1.83732e-06 7.15602e-05 1.39806e-05 0.000418059 0.000507711 0.00228852 0.000781343 0.000804177 0.000881085 0.000824216 0.000450776 0.00111536 0.00060418 0.001779 0.00108643 0.979162 0.0055836 0.000744185 0.00109904 0.0017635 
2.71255e-06 0.00175989 0.0024401 0.00360278 0.00881439 0.0135406 0.24701 0.0182857 0.539282 0.0190543 0.0170552 0.0157928 0.0122694 0.0154825 0.0123042 0.00897771 0.00595588 0.00721244 0.00827986 0.0104759 0.00901529 0.00743114 0.00501576 0.00710754 0.00383211 
3.4139e-07 0.000897053 2.55254e-06 4.24217e-06 2.66274e-05 0.000130305 0.00103493 0.00228212 0.00629124 0.00479842 0.0108765 0.915101 0.00827555 0.00458365 0.00707567 0.00386081 0.00378526 0.00197397 0.00250016 0.00816623 0.00293686 0.00492366 0.00309323 0.00512538 0.00225415 
3.07503e-08 1.72504e-05 1.2822e-05 0.000113043 0.000258608 0.000509684 0.000319218 0.000207205 0.000192701 0.000285213 0.000283486 0.000436952 0.00065124 0.000164819 0.000440328 0.000346462 0.00095024 0.000319848 0.0019628 0.00280755 0.00174712 0.000750971 0.976188 0.00816554 0.00286928 
6.90832e-09 2.1866e-05 3.93698e-08 1.24655e-07 1.00983e-06 8.10418e-06 7.7575e-05 3.20614e-05 0.000289857 0.000409786 0.00191578 0.000764003 0.000860172 0.000845516 0.00115074 0.000533465 0.00109242 0.000684039 0.00227049 0.982884 0.00268376 0.00204646 0.000468241 0.000772724 0.000188253 
0 0 1.33133e-16 1.38948e-15 3.98304e-08 4.32372e-11 5.73397e-07 1.61867e-07 1.41014e-06 2.53195e-05 2.0092e-06 9.20779e-07 3.48702e-05 2.02459e-06 3.01878e-05 6.30728e-06 9.07232e-07 0.000109338 5.08928e-06 2.34661e-06 2.89117e-06 3.46862e-05 3.46902e-05 0.00144624 0.99826 
4.27506e-07 0.000887784 4.37432e-06 9.71101e-06 6.12008e-05 0.000246687 0.00112446 0.00256743 0.00675178 0.00593477 0.0101326 0.0045756 0.00433043 0.914604 0.00863004 0.00432328 0.00457745 0.00412729 0.00291933 0.00789189 0.00331518 0.00542822 0.00269915 0.00391665 0.00094022 
3.20077e-05 0.00382943 0.0125023 0.0322676 0.034915 0.0355239 0.0434229 0.0393828 0.0364427 0.0460076 0.0454707 0.0541862 0.356529 0.0283739 0.0384251 0.025978 0.0208888 0.0162558 0.023382 0.0186306 0.0282893 0.0280192 0.0108264 0.0152205 0.00519806 
2.95603e-17 4.52461e-15 1.10885e-14 1.77853e-14 4.59322e-14 9.06274e-14 1.12432e-13 2.16737e-10 2.43456e-08 2.89136e-08 1.20563e-05 1.59039e-05 1.60647e-06 5.74107e-06 2.96487e-05 0.000228752 0.000591872 0.000511228 0.00062567 5.43427e-06 0.000643667 0.974821 0.0111015 0.00840802 0.00299826 
1.16347e-12 3.7542e-09 1.34193e-11 1.15703e-10 1.22689e-08 2.38077e-09 1.03082e-05 4.50819e-05 0.000257222 8.212e-05 0.000158572 0.000489031 0.000589422 0.000220643 0.000274609 0.000340275 0.945927 0.0260482 0.010805 0.00212252 0.000840299 0.000591906 0.0011636 0.00645019 0.00358437 
2.26402e-07 0.00073969 9.42058e-07 2.55277e-05 0.000330777 0.000996109 0.00208104 0.00295752 0.00450892 0.00322828 0.00763726 0.00333419 0.00315699 0.00623862 0.461387 0.460624 0.00613772 0.00619162 0.00324769 0.00549009 0.00409192 0.00571768 0.00308977 0.00789789 0.000888391 
7.52601e-09 2.47632e-05 5.04268e-08 1.31296e-07 6.69574e-06 1.44662e-05 0.000178096 0.000278873 0.00170739 0.00136025 0.0025748 0.00140564 0.0008387 0.000993878 0.00102956 0.000644445 0.00119473 0.000728111 0.00179171 0.00151301 0.00239789 0.95758 0.0111693 0.00854295 0.00402453 
0 0 0 0 0 0 0 0 0 0 0 0 0 0 0 0 0 0 0 0 2.1639e-11 1.00131e-05 0.000219707 0.996607 0.00316309 
5.97909e-09 1.96714e-05 2.55253e-08 1.30486e-06 1.92944e-05 0.00012056 0.000201298 8.2425e-05 0.000861016 0.000705556 0.00235825 0.00100368 0.000992686 0.000936631 0.000894207 0.000495347 0.00125441 0.000686619 0.00168542 0.00148521 0.00234906 0.962541 0.011892 0.00784754 0.00156654 
8.10874e-07 0.000132446 0.000199904 0.00224996 0.00938892 0.00675177 0.00760127 0.00569045 0.00565809 0.00475426 0.0105908 0.0122724 0.00754781 0.0064701 0.00444226 0.00374983 0.00961442 0.00791753 0.0125272 0.0363496 0.0363138 0.795214 0.0067328 0.00526358 0.00256564 
3.46581e-08 0.000114028 1.39991e-07 5.99213e-10 2.45749e-08 5.24916e-07 1.84296e-06 7.2991e-05 9.97441e-05 2.89713e-05 0.000151698 0.000613575 0.000594328 0.00031067 0.00028244 0.000473402 0.00076472 0.000707437 0.0013883 0.000967714 0.00113054 0.00619484 0.974375 0.00818393 0.00354349 
2.72429e-16 1.08605e-14 1.0584e-13 1.68949e-13 5.34968e-13 8.5474e-13 2.39838e-12 2.59357e-09 8.07742e-08 1.11035e-07 2.79944e-05 0.000125638 9.70419e-05 1.01845e-05 3.39575e-05 0.000251945 0.000633107 0.000579431 0.00070024 0.978631 0.0108398 0.00489464 0.000617133 0.000590497 0.00196723 
5.11155e-06 0.00127959 0.00310632 0.00725215 0.0219164 0.0296818 0.0363585 0.542348 0.0383105 0.0318843 0.0332208 0.0306892 0.0244253 0.0236058 0.0234837 0.0150144 0.0105278 0.0157667 0.0235425 0.0172813 0.0249465 0.0216479 0.0069832 0.0108731 0.00584901 
1.87818e-08 6.17929e-05 7.59846e-08 2.34945e-10 1.08082e-07 6.264e-07 8.34904e-05 0.000452479 0.00253314 0.00139483 0.0023752 0.00204616 0.00179714 0.00139679 0.00202841 0.94448 0.00662301 0.00881104 0.00248701 0.00504637 0.00109003 0.00254903 0.00385334 0.0100193 0.000870768 
4.55166e-07 3.39915e-05 4.77342e-05 0.000283144 0.000586891 0.000930529 0.00159756 0.00144188 0.00319442 0.00274161 0.00364072 0.00274663 0.00180889 0.00218519 0.00212356 0.00121177 0.00134371 0.00143501 0.00226923 0.00204121 0.937765 0.0228857 0.00263436 0.00222235 0.00282877 
2.33425e-07 3.35726e-05 2.58662e-05 0.000341414 0.00357519 0.00520111 0.00595117 0.00210012 0.0031698 0.00227751 0.00526677 0.00379102 0.00255222 0.00317388 0.00334151 0.00153775 0.00328943 0.00414364 0.0206773 0.0143688 0.884029 0.0252818 0.002803 0.00231971 0.000748118 
5.29097e-09 1.74099e-05 4.02079e-08 7.15579e-08 7.67533e-07 5.61465e-06 0.000142581 0.000149301 0.00136858 0.00113929 0.00240779 0.00125562 0.000794975 0.000885947 0.000906675 0.000487208 0.00117528 0.000661425 0.00168863 0.0014606 0.00209708 0.970757 0.00895742 0.00126466 0.00237642 
3.10773e-06 0.00121445 0.00177932 0.0069774 0.0147315 0.0239102 0.0323177 0.036879 0.034934 0.0386656 0.0370763 0.0371966 0.0281554 0.527132 0.0276821 0.0141136 0.0120294 0.0145566 0.0256064 0.0199299 0.0183022 0.0203839 0.00884109 0.0126312 0.00495136 
5.37983e-06 0.00229792 0.0045511 0.00636745 0.102846 0.0302386 0.171603 0.316331 0.132983 0.0221948 0.0220114 0.0232299 0.0178727 0.019703 0.0188896 0.0122999 0.0121172 0.011319 0.0102178 0.0102608 0.022914 0.00933973 0.00898629 0.00757711 0.00384325 
1.0218e-05 0.00221205 0.00362155 0.0120807 0.0208201 0.0361896 0.0346147 0.0399649 0.0330369 0.028302 0.0357818 0.515173 0.0204781 0.0237441 0.0224649 0.0180493 0.0130595 0.013857 0.0176204 0.0235211 0.0340707 0.0258534 0.00751151 0.0121501 0.00581216 
1.51835e-07 0.000499549 6.35829e-07 8.92149e-07 1.6395e-05 0.000124758 0.000442829 0.00103745 0.00447769 0.00313555 0.00706836 0.00310469 0.00279112 0.00288537 0.00490314 0.00339454 0.00514533 0.91892 0.013411 0.00719758 0.00282763 0.00546904 0.00373412 0.00697518 0.00243723 
2.00155e-12 6.58308e-09 8.34448e-12 1.78674e-10 1.24077e-09 2.17521e-09 2.46735e-07 3.64854e-08 1.89599e-06 2.30303e-06 2.91544e-05 0.000336644 0.000318186 4.2197e-05 3.47947e-05 0.000273194 0.000649384 0.000540514 0.000950333 0.000292218 0.986783 0.00745375 0.000655762 0.000761569 0.000875071 
3.45897e-06 0.00038007 0.000618425 0.00471516 0.0121877 0.0141521 0.0134843 0.0134818 0.0104132 0.0165002 0.0159 0.00850936 0.0118445 0.0116839 0.0118066 0.00704036 0.0125445 0.0151097 0.0302766 0.706731 0.0409461 0.0254844 0.00924743 0.00507477 0.00186393 
2.53662e-09 8.34544e-06 1.02763e-08 2.01992e-08 1.63708e-07 5.65594e-07 4.8577e-05 1.24382e-05 0.00021503 0.000379974 0.00172964 0.000491624 0.000753486 0.000883893 0.00321947 0.966264 0.0066672 0.0046827 0.000994732 0.000605635 0.00232921 0.00155092 0.000795779 0.00808216 0.000284824 
1.3919e-07 0.000457931 5.62538e-07 3.66462e-08 4.48363e-07 6.51026e-06 0.000233647 0.00054269 0.00263398 0.00221526 0.00627475 0.00244095 0.00210955 0.00256838 0.00420251 0.935816 0.00393607 0.00698785 0.00345792 0.005009 0.00319019 0.00461048 0.00395447 0.00835269 0.000998271 
3.4496e-07 0.00087002 2.75907e-06 2.24639e-05 0.000224719 0.000554173 0.00153735 0.00328806 0.00744447 0.00591055 0.00978365 0.004557 0.00350237 0.00569533 0.00923116 0.00852138 0.00942464 0.00893954 0.00502343 0.00792445 0.00444106 0.00711807 0.00399691 0.00791632 0.88407 
8.66479e-10 1.25541e-07 1.14042e-07 4.49242e-06 6.54623e-05 8.07474e-05 0.000130751 9.89977e-06 4.84609e-05 4.52877e-05 0.000115995 0.000274558 0.000175757 0.000100098 8.97699e-05 0.000148132 0.000244596 0.000480302 0.00128674 0.000283088 0.989733 0.00419131 0.000440848 0.000602256 0.00144834 
1.95445e-06 0.00040565 0.00117726 0.515901 0.0418246 0.033306 0.0304412 0.0325438 0.0267717 0.0311628 0.0306341 0.0238248 0.0208859 0.0249553 0.0248012 0.0197178 0.010749 0.0140453 0.0164343 0.0386507 0.0288442 0.0161618 0.00527447 0.00702185 0.00446322 
9.63767e-08 0.000255109 7.1866e-07 6.10681e-07 9.81196e-06 3.19753e-05 0.000272407 0.000821895 0.922843 0.0120612 0.0091 0.00154014 0.00143981 0.00335252 0.00908747 0.00444138 0.00275876 0.00206463 0.00279799 0.0100166 0.0022746 0.00254241 0.00279724 0.00481562 0.00467433 
1.34558e-16 5.36422e-15 5.22764e-14 8.34469e-14 1.89192e-13 4.22128e-13 4.97038e-13 3.2342e-10 3.0179e-08 4.27762e-08 2.42945e-05 1.42557e-06 6.49563e-07 3.50513e-06 2.5282e-05 0.000169558 0.997494 0.000540186 0.000530312 5.59283e-06 0.000228533 0.000413019 8.39847e-05 0.000471012 8.49156e-06 
9.46453e-07 0.000130962 0.000211128 0.00257824 0.0109358 0.00763945 0.00843094 0.00526105 0.00583032 0.00460261 0.0114902 0.0126404 0.00778752 0.00707185 0.00513978 0.00488852 0.00991064 0.755302 0.0334379 0.041477 0.029384 0.0185587 0.0044459 0.0098764 0.00296796 
2.62131e-08 8.62422e-05 1.06035e-07 1.76306e-08 2.44541e-07 8.08315e-07 0.000110451 0.000454063 0.00212951 0.00185096 0.0048346 0.00208374 0.00185666 0.00169893 0.00292281 0.949758 0.00395137 0.00580616 0.0027496 0.00422112 0.00203973 0.00316403 0.00294707 0.00641736 0.000915991 
2.99041e-15 1.19214e-13 1.16179e-12 1.85452e-12 4.16367e-12 9.38127e-12 1.1013e-11 1.63241e-09 7.21917e-06 1.32233e-05 3.79846e-05 3.67095e-05 1.29187e-06 9.07017e-06 9.04333e-05 0.000929227 0.000607754 0.00154297 0.991941 0.000863317 0.000339787 0.000541605 0.00127398 0.00173469 2.95569e-05 
4.20557e-07 0.000922022 4.16116e-06 2.62755e-05 0.000289086 0.000783635 0.00220573 0.00422856 0.00693647 0.00602343 0.0116863 0.00509383 0.00459999 0.00694784 0.00854867 0.00505673 0.901417 0.00643996 0.00359829 0.00714625 0.00364367 0.00665806 0.00237538 0.00407626 0.00129156 
9.62484e-08 2.0627e-05 2.18674e-06 9.55226e-06 4.72522e-05 0.000128768 0.000294287 0.000624923 0.00192359 0.00162662 0.00274591 0.0015629 0.000900813 0.00103975 0.00146253 0.000980782 0.00122924 0.00107864 0.0020885 0.956537 0.0143021 0.00714704 0.000890704 0.00132346 0.00203254 
2.02149e-14 8.0588e-13 7.85361e-12 1.25364e-11 1.17139e-08 7.05673e-11 9.145e-06 3.98617e-05 0.000228379 9.03922e-05 9.09175e-05 0.000376951 0.000282566 0.000163273 0.000158434 0.000403809 0.000690782 0.000691272 0.000871978 0.000884579 0.000610695 0.977802 0.0137449 0.00195453 0.000905155 
2.6745e-07 0.000879914 1.11315e-06 4.24853e-06 3.5507e-05 0.000151698 0.000875315 0.002491 0.00674786 0.00496436 0.00971639 0.00440034 0.00342058 0.00480537 0.00812746 0.900714 0.00769774 0.00870465 0.00351867 0.00787638 0.00355723 0.00685864 0.00442782 0.00884981 0.00117357 
4.64573e-09 1.52848e-05 1.87674e-08 5.90406e-10 4.34802e-09 5.67816e-07 9.09348e-07 3.25177e-06 2.76853e-05 6.41869e-05 0.000851251 0.000621542 0.000590953 0.00018974 7.87448e-05 0.000384417 0.00082461 0.000608447 0.00142112 0.000874757 0.00126645 0.972215 0.0128766 0.0055582 0.00152651 
0.000102729 0.001701 0.00134189 0.00835487 0.0180481 0.029032 0.572556 0.0378646 0.0268417 0.0239273 0.0261134 0.0236135 0.0229919 0.0215489 0.0234081 0.0148378 0.0177032 0.0174223 0.0281936 0.0158334 0.0319787 0.0168571 0.00775878 0.00714062 0.00482903 
1.38104e-07 0.000454375 5.78693e-07 6.26399e-07 1.72102e-05 9.96765e-05 0.000699658 0.00126657 0.00591393 0.0038659 0.00728533 0.00373271 0.00264135 0.00308814 0.00463507 0.00304716 0.906338 0.0258273 0.00342552 0.00669237 0.0029697 0.00526107 0.00261226 0.00555489 0.00457077 
5.81563e-08 0.00138908 0.00821337 0.0034877 0.00244004 0.0042543 0.00115908 0.00190112 0.00407737 0.00249966 0.00644106 0.0135307 0.00311403 0.00595567 0.00383848 0.0079446 0.00195597 0.00442108 0.00198734 0.00319098 0.00438141 0.902673 0.00566895 0.00277708 0.00269834 
0 0 0 0 0 0 0 0 0 3.4101e-12 3.9305e-13 2.71264e-11 3.12697e-11 7.83407e-11 3.12284e-08 5.29574e-07 3.14369e-09 2.39437e-06 3.2147e-08 6.16749e-05 0.000147241 0.000210678 0.000267172 0.000594261 0.998716 
2.22781e-06 0.00123378 0.000899146 0.00711428 0.0187073 0.01686 0.0242796 0.022215 0.0214966 0.0212072 0.0317788 0.0267153 0.0215684 0.0193913 0.0174284 0.0152383 0.0163034 0.0110593 0.0317818 0.0367781 0.049615 0.0221362 0.0105937 0.0181196 0.537477 
2.97404e-06 0.000355536 0.000570407 0.00501713 0.0176222 0.0162673 0.0155428 0.0128965 0.0108908 0.0129068 0.0154634 0.0132232 0.0113342 0.0108908 0.010126 0.00710667 0.0147493 0.658168 0.0395946 0.0380859 0.0442273 0.02332 0.00903057 0.00806991 0.00453743 
6.1955e-12 1.9934e-08 4.5948e-11 1.3615e-08 4.16919e-09 8.06968e-09 1.77009e-08 1.7071e-07 5.82808e-07 4.44612e-07 1.96091e-07 2.33796e-07 2.19144e-07 5.91002e-05 2.40601e-06 6.55998e-06 7.79481e-06 5.64306e-06 0.000501502 3.52599e-06 0.000185812 5.87097e-05 2.31149e-05 0.992164 0.00698036 
2.35603e-09 7.75111e-06 9.56796e-09 3.18006e-08 3.09511e-07 1.27095e-06 6.32411e-05 1.2791e-05 0.000671305 0.000471887 0.0021164 0.000761846 0.000767413 0.000881915 0.00108619 0.000366273 0.00375112 0.942297 0.0163631 0.0132032 0.00397556 0.00184341 0.00114153 0.00811521 0.00210128 
1.52649e-06 0.000299054 0.000803886 0.0102747 0.0191759 0.0235487 0.350843 0.0202234 0.0211158 0.0207649 0.023845 0.0194592 0.0150864 0.0185593 0.0196262 0.0116653 0.00471558 0.0110522 0.0125046 0.0192542 0.350007 0.0136119 0.00392113 0.00664008 0.00300123 
1.56262e-06 7.39943e-05 9.07755e-05 0.000894897 0.00347258 0.00351797 0.00425855 0.00258857 0.0038048 0.00308703 0.00673236 0.00504882 0.00359031 0.00368086 0.0042395 0.00265341 0.0042187 0.00833916 0.888446 0.0127694 0.0144465 0.0112166 0.0054809 0.00655255 0.000794576 
7.40302e-15 3.27523e-13 2.87228e-12 4.58574e-12 3.63355e-09 2.54168e-11 3.96561e-06 1.23527e-05 8.60133e-05 3.3966e-05 2.53008e-05 0.000256145 0.000318372 0.000112186 7.7789e-05 0.000284423 0.993911 0.000979156 0.00074801 0.000631274 0.000273754 0.000539358 0.000262109 0.00136186 8.30852e-05 
2.6685e-09 8.78163e-06 2.95583e-08 8.09986e-08 9.30094e-07 3.70351e-06 0.000151011 0.000167614 0.00146452 0.00129901 0.00226792 0.00120597 0.000791488 0.000913546 0.00105301 0.00110045 0.00147633 0.00210905 0.974547 0.00210173 0.00206637 0.00167332 0.00156466 0.00380582 0.000227913 
4.00336e-06 0.000541389 0.00236108 0.00655331 0.0230468 0.63744 0.0228021 0.0277819 0.02338 0.0256842 0.0197563 0.0230269 0.0176544 0.0217842 0.0184098 0.0101635 0.0100045 0.0119784 0.0133453 0.013874 0.0375396 0.0123274 0.00783668 0.00694189 0.00576213 
5.06265e-07 0.000923604 5.8338e-06 2.18596e-05 0.000258758 0.000663754 0.00224125 0.00345355 0.00819903 0.00689864 0.0107143 0.00584544 0.00432625 0.00673171 0.884077 0.0062333 0.006515 0.00954539 0.00353579 0.00824785 0.00432104 0.00639607 0.00499765 0.0146732 0.00117324 
1.29126e-06 0.000299659 0.000166423 0.00203428 0.0045684 0.00639272 0.0546798 0.00725055 0.0080768 0.00825672 0.117073 0.00880006 0.00635552 0.00639064 0.00688709 0.0048503 0.00627873 0.00620607 0.536644 0.0640246 0.0208045 0.110781 0.00560923 0.00600861 0.00156084 
1.15963e-07 1.70167e-05 2.53145e-06 4.79328e-06 5.70505e-05 0.000324894 0.00119863 0.000986452 0.00239023 0.0017817 0.00287635 0.00217257 0.00142819 0.00184221 0.00215582 0.00152053 0.00155362 0.000984879 0.00360283 0.964237 0.00220745 0.00500502 0.00106272 0.00225592 0.000331066 
1.95512e-07 3.08075e-05 2.00495e-05 0.000332347 0.0032708 0.00503443 0.0055072 0.00182895 0.00304376 0.00218831 0.00448869 0.00365895 0.00250768 0.0030698 0.00332145 0.00151268 0.00304829 0.00346238 0.0220745 0.885763 0.0257605 0.0154538 0.00206857 0.00190263 0.000649815 
1.74302e-08 5.73458e-05 7.05286e-08 1.33486e-09 1.05745e-07 1.54616e-06 8.31334e-05 0.000390726 0.00225661 0.00151079 0.00413617 0.00216235 0.00196781 0.00148703 0.00199221 0.94775 0.0129399 0.00436145 0.00276972 0.0049135 0.00157665 0.00316193 0.00206186 0.00359922 0.000819404 
1.1166e-12 2.53972e-09 1.38651e-10 2.79053e-10 8.8471e-10 1.88513e-09 3.2335e-09 1.84757e-05 0.00145823 0.00207054 0.975447 0.001827 7.24863e-06 4.24657e-05 7.39917e-05 0.000284197 0.000645344 0.000942074 0.000906667 1.2289e-05 0.000277062 0.000959952 0.000155566 0.0141957 0.000676196 
8.71343e-07 0.000126789 0.000234715 0.00308047 0.010742 0.00704115 0.0072695 0.00541934 0.00596224 0.00515805 0.0120331 0.0143491 0.00831934 0.00781167 0.0049679 0.00477485 0.00876315 0.774847 0.027231 0.0386349 0.0216984 0.0161951 0.00401407 0.00912447 0.00220031 
7.47477e-09 2.45918e-05 3.02895e-08 1.59565e-08 1.55797e-07 1.12447e-06 3.49006e-05 0.000177421 0.00108148 0.00116146 0.00331504 0.00171579 0.00162217 0.00112139 0.00257785 0.949668 0.00482539 0.00795422 0.00239944 0.0030389 0.00259898 0.00287857 0.00349234 0.00949067 0.00082046 
4.86754e-07 0.000926632 5.41178e-06 1.12387e-05 7.04159e-05 0.000283909 0.00169237 0.00255511 0.0075897 0.00591468 0.0131829 0.901817 0.00888345 0.00532818 0.0072541 0.00420538 0.00240751 0.00167843 0.00227096 0.00885044 0.00305936 0.00788709 0.00341909 0.00739575 0.00330996 
2.39901e-18 9.56379e-17 9.32028e-16 1.48776e-15 3.30088e-15 7.52757e-15 8.80233e-15 9.99471e-11 7.87786e-09 2.6979e-08 2.14073e-05 5.14541e-07 3.69596e-06 1.27044e-05 2.22971e-05 0.000709877 0.972421 0.0173987 0.000779279 3.81035e-05 0.000111444 0.000608456 0.00140224 0.00406108 0.002409 
0 0 0 0 0 0 0 0 6.07583e-05 0.000256917 0.000486363 0.000559376 0.000779417 0.000715842 0.000904901 0.000891713 0.000792738 0.00127358 0.000625334 0.000838736 0.00108967 0.00136237 0.00123025 0.984969 0.00316315 
1.22484e-07 2.37488e-05 2.62394e-06 1.07327e-05 0.000132048 0.000688294 0.00147862 0.00134001 0.00266449 0.00195666 0.00319359 0.00239718 0.0017994 0.00205527 0.00260826 0.00104618 0.00187542 0.00104889 0.00351814 0.0020627 0.95746 0.0100033 0.000846976 0.00136886 0.000418677 
1.93263e-13 7.70453e-12 7.50836e-11 1.19853e-10 2.72649e-08 6.22746e-10 1.6996e-05 0.000187259 0.000840205 0.000921068 0.00186619 0.00133641 0.000910836 0.000722331 0.962035 0.00345006 0.00593355 0.00301506 0.00176492 0.00142922 0.000783245 0.00227885 0.00134628 0.0106041 0.000558823 
0.000204527 0.00262079 0.00253686 0.00345533 0.0127106 0.013221 0.0148417 0.0202049 0.014136 0.012554 0.0211335 0.0125972 0.0152552 0.0140876 0.0138042 0.00710496 0.0131853 0.0172896 0.687321 0.0207503 0.0302905 0.0183482 0.0211135 0.00928566 0.00194748 
0 0 0 0 0 0 0 0 0 0 0 0 0 0 0 0 0 0 0 5.08812e-05 9.16007e-05 0.000115062 0.00012691 0.000163326 0.999452 
8.43397e-15 2.77477e-11 3.41707e-14 7.35323e-13 4.71841e-12 9.03099e-12 2.22023e-11 1.16408e-10 1.44107e-09 1.11046e-09 2.14126e-08 9.16037e-09 3.31054e-08 2.72261e-07 1.04127e-05 1.60673e-05 6.07947e-05 0.000123966 0.000186967 1.3902e-06 0.000112976 0.000259662 0.989836 0.00777885 0.00161297 
4.2799e-07 7.03352e-05 8.20076e-05 0.000948185 0.00471185 0.0064297 0.00783845 0.00336064 0.00400499 0.00300968 0.00721243 0.00676628 0.00417757 0.00416649 0.0037106 0.00220588 0.00699464 0.0055212 0.0160603 0.857259 0.030868 0.0176764 0.00270336 0.00285972 0.00136141 
2.59428e-16 1.03422e-14 1.00789e-13 1.60886e-13 3.61384e-13 8.13871e-13 9.55516e-13 1.11705e-09 1.87053e-06 1.09728e-06 9.58809e-05 7.61902e-06 3.80268e-06 1.93249e-05 7.20646e-05 0.000624546 0.955982 0.0279698 0.0046782 0.000117392 0.000208802 0.000727355 0.00119971 0.00409352 0.00419734 
4.05904e-07 0.000706355 4.85588e-06 2.40348e-05 0.000342253 0.000998574 0.00271684 0.00346998 0.00732733 0.00552482 0.00847234 0.00485707 0.913617 0.0070213 0.00755786 0.00475318 0.0039207 0.00366481 0.00283891 0.00644768 0.00376728 0.00502577 0.00299754 0.00294661 0.000996109 
2.00304e-07 0.000659016 8.09253e-07 6.15073e-06 4.17449e-05 8.30527e-05 0.000364833 0.00150967 0.00314426 0.00235525 0.00635522 0.00240877 0.00221701 0.0033484 0.00530083 0.0033268 0.472398 0.467389 0.00857484 0.00524081 0.00280758 0.00458088 0.00270428 0.00409476 0.00108714 
2.31025e-06 0.000704064 0.00138423 0.0119482 0.567976 0.0307295 0.0298551 0.0390552 0.0260617 0.0249086 0.0307489 0.0273931 0.024182 0.0219315 0.0253812 0.0160584 0.00647869 0.014587 0.025294 0.0161313 0.0193027 0.0213679 0.00558116 0.00700999 0.00592697 
6.32687e-08 0.000207374 3.74843e-07 0.000117539 0.000501634 0.000466022 0.000325717 0.000832145 0.000517883 0.000834625 0.00224115 0.00114352 0.000806492 0.00287137 0.00270009 0.00138113 0.000993238 0.00122476 0.00157544 0.964552 0.00951141 0.004662 0.000764576 0.00116317 0.000605919 
1.976e-07 0.000650118 7.98329e-07 4.58848e-08 6.10366e-07 6.1655e-06 0.000232012 0.000872282 0.00326845 0.00244343 0.00736843 0.00273286 0.00269385 0.00323074 0.00509666 0.00722958 0.00874652 0.00685761 0.00431049 0.00618022 0.00328644 0.916515 0.0126906 0.00468141 0.000905856 
0 0 0 0 0 0 0 0 0 0 0 0 0 0 0 0 6.05405e-05 0.000167873 0.000176179 0.000377992 0.000438898 0.000605916 0.000689375 0.000733552 0.99675 
4.29083e-07 0.000914152 4.36717e-06 3.13779e-05 0.000239894 0.000620912 0.00207272 0.00339306 0.00739286 0.00627468 0.0105453 0.005066 0.00440418 0.00608348 0.00939368 0.885558 0.0142725 0.0077717 0.00417611 0.00748767 0.00377397 0.00682608 0.00394347 0.00859501 0.00115801 
7.40875e-07 5.49473e-06 1.35176e-05 2.39074e-05 9.17973e-05 0.000132798 7.68906e-05 0.000183099 0.000144427 0.000117626 0.000267466 7.85829e-05 0.000246755 0.000124287 0.000251331 0.000173239 0.000127195 0.000181066 7.02046e-05 0.000125903 0.000414395 0.000460429 0.000774236 0.0014934 0.994421 
9.90527e-07 0.000115938 0.000188631 0.00218541 0.00892099 0.00692531 0.00740788 0.00537996 0.00545528 0.00476074 0.0106917 0.0121555 0.00721955 0.00671142 0.00461372 0.0036835 0.00927379 0.0106651 0.783048 0.0432795 0.0338868 0.0230359 0.00352886 0.00493359 0.00193223 
0 0 0 0 3.23831e-47 1.97416e-50 1.57564e-47 8.69266e-44 7.00688e-29 2.03268e-14 2.34287e-15 5.22097e-13 1.82499e-12 2.78488e-12 7.28021e-12 1.245e-11 2.00969e-11 6.47158e-11 4.64614e-11 4.56157e-11 2.83356e-05 0.000254623 0.99106 0.00801869 0.000638682 
4.02784e-07 7.52796e-05 0.000109876 0.00158138 0.00441037 0.00364766 0.00501533 0.00350194 0.00415532 0.00321283 0.0074225 0.0079904 0.00516052 0.00489459 0.00342041 0.00271583 0.00523323 0.00406669 0.011817 0.0188052 0.878129 0.0179939 0.00200599 0.00380121 0.000832927 
0.756618 0.0365022 0.0423275 0.0129819 0.00851085 0.0109411 0.00691167 0.00531844 0.0133034 0.00978503 0.0152772 0.00731607 0.00922825 0.00891812 0.0104677 0.00621715 0.00234599 0.00439967 0.00233809 0.00517501 0.00280314 0.0131431 0.00295328 0.00465791 0.00155962 
3.99748e-08 0.000131196 1.87726e-07 6.76663e-07 6.6279e-06 2.91597e-05 8.54901e-05 0.000259725 0.000445325 0.000223198 0.00108648 0.000598832 0.000623151 0.00060369 0.000570183 0.000570387 0.484363 0.484846 0.007331 0.00783188 0.00325525 0.000602159 0.000649102 0.00478891 0.00109905 
3.42143e-18 1.36397e-16 1.32924e-15 2.12182e-15 8.84232e-15 1.07367e-14 1.59481e-14 1.40938e-10 1.58545e-08 1.96845e-08 8.70964e-06 4.1483e-07 3.09285e-06 1.07382e-05 4.46472e-05 0.000156859 0.98939 0.00611639 0.00049917 3.01686e-05 0.000231104 0.000576135 0.000249336 0.00185541 0.000827397 
1.05846e-06 0.000529129 0.000455038 0.00267766 0.0080376 0.0109873 0.0140853 0.0697801 0.0166712 0.014516 0.107358 0.0363152 0.0116019 0.0765595 0.0118711 0.00888829 0.00842722 0.00869078 0.195235 0.0181188 0.0150489 0.0140471 0.00395236 0.341911 0.00423473 
2.32447e-05 0.0167209 0.00398948 0.00928525 0.133563 0.0267283 0.0237093 0.0307535 0.0307128 0.0236869 0.332553 0.0213732 0.0800106 0.0227225 0.0186735 0.0677349 0.0107831 0.0673009 0.0116263 0.0128688 0.0194621 0.0104282 0.0106119 0.0111939 0.00348371 
7.07913e-06 0.00353458 0.00742649 0.011183 0.029441 0.550561 0.028274 0.0304565 0.0270473 0.028693 0.025274 0.0238967 0.0188723 0.0286567 0.0346301 0.0167768 0.0145664 0.0140865 0.0160229 0.0148538 0.0389411 0.0140023 0.00731128 0.0102836 0.00520192 
1.25531e-08 2.42587e-06 6.44693e-06 6.25655e-05 6.65358e-05 6.49102e-05 9.72067e-05 0.00019962 4.33079e-05 5.29502e-05 0.00019597 0.000602743 0.000402608 0.000135111 7.39593e-05 0.000294178 0.000657047 0.000574461 0.000908753 0.000384853 0.00124529 0.00847318 0.964322 0.00800193 0.0131322 
1.57979e-15 6.29791e-14 6.13756e-13 9.79716e-13 3.0608e-10 5.14125e-12 7.52737e-07 2.00787e-08 5.33982e-06 6.63447e-06 3.86502e-05 0.000375039 0.000314265 3.88168e-05 4.23247e-05 0.000283473 0.000650211 0.000573927 0.000901006 0.000348631 0.000724241 0.005422 0.975766 0.00716877 0.00734015 
5.19189e-07 0.000877796 6.45212e-06 1.54134e-05 0.000193298 0.0010469 0.00374403 0.00437189 0.00892624 0.00681804 0.0132082 0.888469 0.00810087 0.00660321 0.00818065 0.00514486 0.0048083 0.00273213 0.00358221 0.0083786 0.00315563 0.00730515 0.00453756 0.00763079 0.00216194 
7.42584e-07 0.000879157 1.2331e-05 6.72015e-05 0.000743084 0.00252559 0.00535088 0.00563986 0.0142982 0.859651 0.0233233 0.00908681 0.00676992 0.00684871 0.00857057 0.00788699 0.00290181 0.00307427 0.00371887 0.00996397 0.00399995 0.00728813 0.00264498 0.0128798 0.00187416 
1.1315e-06 0.000275846 0.000234477 0.00192954 0.00501163 0.00544148 0.00551207 0.00491263 0.00370829 0.00473552 0.00595512 0.00557909 0.00471355 0.00600133 0.86545 0.00489999 0.00908847 0.00646248 0.0118735 0.011954 0.014594 0.00783999 0.00338581 0.00950389 0.000936353 
1.17352e-05 0.00128798 0.00267769 0.00802862 0.0195679 0.0207015 0.0190252 0.018859 0.0141396 0.0165498 0.0179448 0.0192556 0.0142197 0.0141482 0.0129708 0.00846337 0.013321 0.0106974 0.041161 0.0297114 0.0364091 0.0244071 0.616194 0.0121478 0.00809972 
5.63064e-05 0.00449438 0.0100209 0.0130565 0.0274677 0.0343387 0.266649 0.049616 0.0337552 0.0301971 0.03071 0.0362801 0.0252525 0.0296156 0.0271989 0.015987 0.0123316 0.0179322 0.0144972 0.0132721 0.0254318 0.0287799 0.23525 0.0114217 0.00638732 
2.328e-35 9.28069e-34 9.04439e-33 1.44372e-32 3.20365e-32 7.30317e-32 8.54201e-32 1.4807e-31 6.49288e-17 5.14392e-14 2.21094e-13 2.38374e-12 6.1013e-11 1.78306e-06 3.55126e-08 1.75367e-05 4.09965e-05 3.04476e-06 1.47415e-06 3.59184e-08 7.17205e-06 3.13101e-05 5.36655e-06 1.69555e-05 0.999874 
1.74097e-06 0.000150222 0.000206341 0.00251852 0.00744997 0.00726518 0.00798925 0.00418102 0.00491929 0.0054653 0.0101602 0.00967396 0.00638529 0.00626434 0.00560674 0.00332245 0.00705271 0.00647297 0.0213404 0.0207744 0.0264603 0.0189646 0.795949 0.00986315 0.0115627 
2.38821e-07 0.000785742 9.74131e-07 5.89601e-07 5.14107e-06 3.48211e-05 0.000216189 0.00143136 0.00410718 0.00288918 0.00786257 0.00313922 0.00285819 0.00315814 0.00620463 0.00321999 0.907691 0.0262135 0.0031359 0.00658911 0.00273111 0.00539734 0.00246992 0.00529948 0.00455843 
4.61634e-05 0.0015166 0.00438313 0.0394184 0.0204315 0.0242544 0.181928 0.026819 0.0262414 0.0478235 0.0863238 0.0292946 0.0872816 0.0414773 0.0219054 0.0142013 0.0102982 0.0413817 0.204136 0.0125616 0.0202444 0.0137545 0.00828496 0.0111754 0.0248166 
1.24238e-07 1.47833e-05 2.53467e-06 3.28112e-06 4.32281e-05 0.000289681 0.00112868 0.000913094 0.00224283 0.00168633 0.00274287 0.00200738 0.00139458 0.00184997 0.00198682 0.000811026 0.945635 0.0215683 0.00226807 0.00131785 0.00239495 0.004425 0.000326069 0.000876358 0.00407078 
5.23825e-09 1.72341e-05 2.22304e-08 2.26255e-08 1.94359e-07 1.17098e-06 5.29982e-05 2.27405e-05 0.000349754 0.000480118 0.00203294 0.000740231 0.000775622 0.000849346 0.000840786 0.000467603 0.00108612 0.000599315 0.00197077 0.00105194 0.969428 0.0152286 0.00129594 0.00146217 0.00124675 
1.24916e-07 1.83189e-05 7.05885e-06 0.000101746 0.000245677 0.000278463 0.000417671 0.000522772 0.00208282 0.00219529 0.0030873 0.00203543 0.00136042 0.00154082 0.00192212 0.00110139 0.935507 0.00300866 0.00556437 0.0079517 0.0195501 0.00807469 0.00125308 0.00187201 0.000301329 
0.000229701 0.0180506 0.0244111 0.0480169 0.0358578 0.031157 0.0389485 0.0329634 0.0366565 0.0526892 0.0478761 0.0533998 0.0296311 0.0201509 0.344325 0.0284988 0.0211163 0.027755 0.0204122 0.0214456 0.0143588 0.020406 0.00936692 0.0171072 0.0051695 
0.000319817 0.0212416 0.027253 0.0537115 0.0427323 0.0292614 0.0374421 0.0365923 0.0407552 0.0570336 0.0501269 0.0523118 0.0285154 0.0203248 0.05513 0.0206781 0.02355 0.0287327 0.0221466 0.0219806 0.0204802 0.0239133 0.258534 0.0171641 0.0100689 
2.26213e-06 0.000844481 0.000431278 0.00457438 0.0136472 0.0145635 0.0170735 0.0152691 0.0202112 0.62865 0.0224227 0.0182658 0.0157785 0.0177765 0.0180764 0.0130869 0.0145816 0.0165188 0.0266973 0.0424451 0.0364399 0.020924 0.00894948 0.00905988 0.00370994 
0.000103187 0 0 0.000151176 0 0 0 4.34308e-05 0 0 2.97564e-05 0 0 2.16769e-05 0 1.76755e-05 0 1.42959e-05 0 2.48992e-05 0 2.64471e-05 3.71548e-05 6.71428e-05 0.999463 
1.20627e-07 1.86927e-05 2.45872e-06 4.15996e-06 5.45044e-05 0.000448207 0.00144576 0.0012926 0.00260451 0.00172307 0.00293805 0.00226455 0.001632 0.00186333 0.00240777 0.000924987 0.00171444 0.000893621 0.00340242 0.965523 0.00219791 0.00494329 0.000473561 0.000869313 0.000357895 
0.000121471 0.00404181 0.0267014 0.0334851 0.0383095 0.0343452 0.0987069 0.0437978 0.0593604 0.1084 0.127586 0.0747467 0.0281309 0.0315257 0.0387777 0.0161847 0.0122614 0.0712079 0.0135074 0.0142415 0.0541235 0.0168328 0.0346836 0.0141304 0.00479002 
6.6789e-09 2.19761e-05 4.56285e-08 9.18976e-08 4.85314e-06 1.09992e-05 0.000167113 0.00017843 0.00163072 0.00131327 0.00252081 0.0013284 0.000808649 0.000943274 0.000949526 0.000621725 0.00118771 0.00066346 0.00170535 0.00149604 0.00482428 0.973949 0.00116892 0.00135965 0.00314577 
5.20003e-07 0.000890435 6.2859e-06 1.94595e-05 0.000218593 0.000681257 0.00292989 0.00372987 0.00877516 0.00717532 0.0109325 0.00565442 0.0044128 0.00633833 0.00908633 0.0051284 0.85705 0.0253398 0.0147619 0.00906807 0.00401138 0.00670933 0.00373916 0.00921188 0.00412925 
9.95984e-08 0.00127938 0.00613501 0.00296726 0.002979 0.00550661 0.00169055 0.00237926 0.00740575 0.00503548 0.0118202 0.0140038 0.00552696 0.0076526 0.00752099 0.856229 0.0116978 0.0107231 0.00366506 0.00783202 0.00556243 0.00681264 0.0049488 0.00945855 0.00116773 
2.88919e-06 0.00164607 0.000969685 0.0108071 0.0158834 0.027881 0.0262638 0.0284447 0.615386 0.0247033 0.0322731 0.0278676 0.0167884 0.0233693 0.0170809 0.0155556 0.00935664 0.0104288 0.0168251 0.0182507 0.0263136 0.0143131 0.00354342 0.0112595 0.00478584 
1.06653e-08 3.50896e-05 4.3114e-08 1.88391e-08 1.5605e-07 1.25433e-06 6.10887e-05 1.62227e-05 0.000301173 0.000474721 0.00211726 0.00079112 0.000781096 0.000828205 0.000848896 0.000492401 0.00102156 0.000709809 0.00161718 0.00109086 0.973172 0.0113454 0.00112578 0.00118245 0.00198613 
5.68611e-09 1.87094e-05 3.74872e-08 5.87298e-08 5.56186e-07 1.041e-05 0.000163147 0.000113874 0.00105017 0.000881592 0.00241039 0.00111228 0.000800018 0.000923602 0.000916552 0.000464596 0.00118829 0.000619235 0.00177319 0.0024945 0.971567 0.00897165 0.0008955 0.00125688 0.0023677 
2.58386e-06 0.000818718 0.00198733 0.164493 0.156201 0.0311673 0.0196947 0.0256446 0.126304 0.0327142 0.0772382 0.0558316 0.0151982 0.04411 0.0172734 0.0118186 0.00754433 0.0100803 0.0426069 0.107434 0.0199295 0.0142431 0.00619955 0.00776162 0.00370346 
1.19369e-07 2.23459e-05 3.90117e-06 1.04996e-05 6.13456e-05 0.00064511 0.00155218 0.00141312 0.00276268 0.00185841 0.00318951 0.0024353 0.00170212 0.00190645 0.00262719 0.0010362 0.00193015 0.00104808 0.00326875 0.0016556 0.00222249 0.952765 0.0117964 0.00177733 0.00230969 
3.94604e-07 0.000817768 9.194e-06 0.000103625 0.000309281 0.000698825 0.00124362 0.00303046 0.00617441 0.00486955 0.00958256 0.00471013 0.00384186 0.00459398 0.00830679 0.895858 0.00859393 0.00843331 0.00467259 0.00743054 0.00338832 0.00814811 0.00336517 0.0104623 0.00135516 
4.53698e-07 0.000880346 4.96105e-06 7.93035e-06 0.000101856 0.000291601 0.00113363 0.00296002 0.00775927 0.00555029 0.0103831 0.00529815 0.00418726 0.00592517 0.870079 0.02084 0.00904843 0.0103099 0.00511932 0.00810364 0.00366782 0.00819288 0.00513965 0.0135599 0.00145573 
6.34308e-09 2.08713e-05 4.42696e-08 2.05131e-07 6.27683e-06 2.09604e-05 0.00017765 0.000186664 0.00164447 0.00130739 0.00246446 0.00126369 0.000803926 0.000926228 0.000897112 0.000638788 0.00120409 0.000610659 0.00178169 0.00146966 0.976911 0.00387638 0.000696147 0.00117278 0.00191893 
5.93891e-07 0.000882887 7.91715e-06 2.51111e-05 0.000392177 0.00155888 0.00510429 0.0057945 0.010772 0.00816571 0.0122222 0.0075023 0.00545074 0.00886467 0.0103818 0.867837 0.00710825 0.00869366 0.00515881 0.00875558 0.00443631 0.00603624 0.00444568 0.00891928 0.00148379 
5.44254e-07 0.000872266 8.6091e-06 5.11896e-05 0.000388746 0.00133832 0.0030809 0.00494914 0.00977257 0.00700632 0.0116054 0.00668969 0.00471284 0.00810732 0.883349 0.00687371 0.00560779 0.00534784 0.00610195 0.00865792 0.00406144 0.00675087 0.0028952 0.0104586 0.00131181 
1.35904e-06 0.000199693 0.000413571 0.00175796 0.0041375 0.0049718 0.00491249 0.00445515 0.00470299 0.00556469 0.00664117 0.00555871 0.00440122 0.00419695 0.00417505 0.00262297 0.00453137 0.00357975 0.0100272 0.897045 0.0124932 0.00715445 0.00263534 0.0026941 0.00112611 
1.3248e-10 4.35433e-07 5.45776e-10 2.18126e-09 1.58338e-08 4.25607e-08 6.0756e-07 1.58173e-06 4.93302e-05 8.21834e-05 0.000498906 0.000139076 0.000356084 0.000265215 6.35351e-05 9.19e-05 0.000197158 0.000186238 0.00122938 0.000320368 0.000803797 0.000540403 0.000695386 0.990339 0.00413917 
0 0 0 0 2.36155e-47 1.43967e-50 1.14904e-47 6.33917e-44 5.1098e-29 9.97872e-17 1.15015e-17 2.72561e-13 1.26337e-12 1.9153e-12 5.1933e-12 7.62903e-12 1.474e-11 4.77904e-11 4.09082e-11 3.386e-11 2.8614e-08 1.37765e-07 1.72236e-06 0.993307 0.00669157 
2.70551e-06 0.00040392 0.000567895 0.00659166 0.0104505 0.0160595 0.0160461 0.0121227 0.0105254 0.01352 0.018649 0.018314 0.0117764 0.0118511 0.0107256 0.00595884 0.0124733 0.0122357 0.0225679 0.694137 0.0519604 0.0247181 0.00825369 0.00705 0.0030392 
2.82796e-05 0.00236048 0.00830218 0.0217843 0.0410492 0.0340369 0.0410835 0.0464703 0.0447871 0.035489 0.440016 0.037939 0.0323223 0.031487 0.0360898 0.0156114 0.0136652 0.0159505 0.0107964 0.0142975 0.02028 0.0194666 0.0117038 0.0189119 0.00607162 
0.00015801 0.00223485 0.102676 0.0153173 0.0825398 0.052141 0.14592 0.0683572 0.0251348 0.059741 0.0398835 0.0287361 0.15889 0.0210767 0.0243357 0.0137022 0.0101154 0.0143783 0.0132563 0.0408928 0.0181457 0.0150337 0.0325076 0.00999746 0.00482773 
5.77668e-06 0.00113964 0.000509686 0.0047145 0.0133321 0.0138592 0.0155751 0.0137833 0.0162396 0.0160411 0.0239673 0.0172902 0.633171 0.0145523 0.0180443 0.0133715 0.0166861 0.00940469 0.029419 0.0476973 0.0327285 0.0188682 0.0175335 0.0093756 0.00269039 
3.18173e-05 0.00104177 0.00198421 0.00536764 0.0126315 0.0126131 0.0121157 0.0130463 0.00922307 0.0104851 0.0124223 0.0130344 0.00946704 0.00955811 0.00854645 0.00482696 0.00761439 0.00648487 0.016305 0.783763 0.0219496 0.0145922 0.00510276 0.00501148 0.00278123 
9.40592e-19 3.74973e-17 3.65425e-16 5.83315e-16 2.86435e-15 2.95178e-15 4.7402e-15 3.69977e-11 4.73564e-09 9.62299e-09 8.45252e-07 1.56334e-07 8.60908e-07 2.93342e-06 1.73314e-05 5.99773e-05 0.000163308 0.000361496 0.000220529 3.98821e-06 0.993684 0.00332981 0.000587896 0.000540791 0.00102585 
0.000106431 0.00443796 0.00816259 0.222816 0.179483 0.0447949 0.0297612 0.11741 0.0222426 0.0513913 0.0406002 0.0587681 0.0255207 0.020552 0.0236893 0.0135927 0.0204924 0.0157597 0.0217306 0.00994352 0.0118974 0.0325827 0.0102557 0.00957142 0.00443712 
1.21852e-07 1.88331e-05 3.84829e-06 1.09777e-05 6.14565e-05 0.000597395 0.00155825 0.00143947 0.00272178 0.00184946 0.0030542 0.00237559 0.00172223 0.001888 0.00257277 0.00107848 0.00184174 0.00115984 0.00366859 0.963586 0.00226622 0.00462617 0.000560632 0.000983781 0.000354357 
0 0 0 0 0 0 0 0 0 0 0 0 0 0 0 0 0 0 0 0 0 0 1.63003e-05 0.000314481 0.999669 
4.26532e-07 0.000893298 4.33379e-06 5.16498e-06 6.27474e-05 0.000280071 0.000760407 0.00231042 0.00724099 0.00565791 0.00993696 0.00488304 0.003709 0.00557289 0.893932 0.00821921 0.00483036 0.00896408 0.00378283 0.00770051 0.00343437 0.0071882 0.00528091 0.0141065 0.00124312 
4.70376e-07 0.000881783 5.27641e-06 9.56516e-06 0.000107722 0.000289935 0.000746625 0.00264337 0.00585015 0.00488747 0.00988039 0.00468344 0.00472074 0.913167 0.00891727 0.00524924 0.00420179 0.00426647 0.0031479 0.00729657 0.00382706 0.00657435 0.00267449 0.00476845 0.00120223 
2.34544e-15 9.35023e-14 9.11216e-13 1.45454e-12 5.49029e-10 7.69065e-12 1.3536e-06 2.46137e-08 9.30495e-06 1.15601e-05 9.90207e-06 5.37011e-05 8.09622e-05 5.29949e-05 2.88458e-05 8.64097e-05 0.000160977 0.000193336 0.000445022 0.000213044 0.000170706 0.000137259 1.67007e-05 0.98749 0.0108378 
