2558
6.45937e-11 7.41631e-08 1.07818e-09 1.54756e-06 9.69333e-08 1.06622e-06 2.78431e-07 4.11038e-07 2.55587e-06 6.0437e-07 2.31359e-06 9.08291e-06 5.22474e-06 3.08814e-05 2.66032e-05 1.7775e-05 2.85423e-05 1.49878e-05 8.91708e-06 1.55152e-05 8.61729e-06 6.2559e-06 9.85799e-06 2.97609e-05 0.999779 
6.10757e-06 0.000865783 0.00019402 0.000850426 0.0040523 0.00947444 0.0122255 0.00922448 0.0141197 0.0126147 0.717492 0.0126663 0.0110084 0.00987226 0.0146693 0.00806508 0.0129556 0.01144 0.0127281 0.017364 0.046446 0.0164385 0.0189617 0.0219564 0.00430868 
0 0 0 0 3.27457e-47 1.99627e-50 1.59328e-47 8.79001e-44 7.08535e-29 3.41415e-14 3.93517e-15 6.33108e-13 1.93252e-12 2.9603e-12 7.57054e-12 1.34578e-11 2.08626e-11 6.59218e-11 4.69619e-11 4.62672e-11 7.89205e-05 0.000561331 0.990734 0.00798591 0.000639983 
2.25883e-07 0.000743174 9.12583e-07 5.21564e-08 8.02071e-07 3.0209e-05 0.000245303 0.00135183 0.00355684 0.00267267 0.00810214 0.0029055 0.00277819 0.00378191 0.911484 0.00650596 0.00694765 0.00965737 0.0035158 0.00623387 0.00309012 0.00542447 0.00506712 0.0149227 0.000981095 
5.95512e-08 1.62501e-05 1.16441e-06 1.10049e-06 6.45608e-06 1.4234e-05 0.000167969 0.00026619 0.00170905 0.00151131 0.00256875 0.00148971 0.00084778 0.00103659 0.00130072 0.0006722 0.00120251 0.000667986 0.00215292 0.977544 0.00218442 0.00298529 0.00046238 0.000923552 0.000267761 
0 0 0 0 0 0 0 0 0 0 0 0 0 0 0 0 0 0 0 0 0 1.51832e-05 5.94265e-05 0.999058 0.000867134 
0 0 0 0 0 0 0 0 0 0 0 0 0 0 0 0 0 0 0 0 0 2.1762e-05 8.00091e-05 0.00015142 0.999747 
2.57167e-05 0.00138107 0.00915833 0.0249928 0.0353356 0.0249393 0.031634 0.0285079 0.0328756 0.0326305 0.0367611 0.0404447 0.292907 0.136027 0.0356253 0.12734 0.0114946 0.0159872 0.0115893 0.0122856 0.0131749 0.0159982 0.00768768 0.0160939 0.00510292 
4.48359e-09 1.46452e-05 1.60994e-06 3.23964e-05 9.29099e-05 0.000176116 0.000211553 0.000314929 0.00181934 0.001459 0.00264718 0.0013648 0.000919475 0.00104379 0.00105016 0.00116802 0.0014124 0.00218013 0.00457754 0.00445323 0.00702737 0.0132631 0.00700289 0.936045 0.0117228 
9.73881e-06 0.00224449 0.00646147 0.0180616 0.0366511 0.0333755 0.385831 0.0303373 0.160485 0.0268375 0.0317687 0.0299409 0.0205738 0.0266294 0.0416011 0.015554 0.0147988 0.0169664 0.0167047 0.0146152 0.02811 0.0123041 0.00928913 0.0165028 0.00434663 
5.6218e-07 0.000878322 7.23391e-06 1.76398e-05 0.000250707 0.000946803 0.00338156 0.00428465 0.00929303 0.0074263 0.011517 0.0108671 0.887054 0.00687872 0.00856995 0.00662897 0.00578648 0.00459266 0.00333228 0.00840257 0.00358204 0.00577947 0.00454472 0.00470698 0.00127026 
4.8721e-06 0.000916563 0.000160364 0.000566842 0.00355487 0.00976328 0.0113612 0.00939836 0.0126232 0.0103092 0.0184135 0.010783 0.0109711 0.726275 0.0140412 0.00886251 0.0109501 0.0153836 0.0148443 0.0210777 0.0403372 0.0241212 0.0154698 0.00716366 0.00264755 
1.11333e-07 1.39771e-05 2.2577e-06 2.94569e-06 4.57472e-05 0.000276285 0.00113588 0.000926369 0.00222451 0.0016609 0.00284154 0.00200637 0.00135687 0.00175296 0.0019991 0.00134496 0.00232777 0.950959 0.0129715 0.00215184 0.00213782 0.00437725 0.0015478 0.00444654 0.00148946 
3.16824e-06 0.00200538 0.00430983 0.0073304 0.0532253 0.10464 0.159977 0.0185489 0.0188614 0.352791 0.0605465 0.0168506 0.0126863 0.0137106 0.0724115 0.0456512 0.00537578 0.00871375 0.00695441 0.00845044 0.00642834 0.00725438 0.00452397 0.00635188 0.00239806 
5.69418e-09 1.8734e-05 2.30421e-08 2.31768e-08 2.09384e-07 1.83732e-06 7.15602e-05 1.39806e-05 0.000418059 0.000507711 0.00228852 0.000781343 0.000804177 0.000881085 0.000824216 0.000450776 0.00111536 0.00060418 0.001779 0.00108643 0.979162 0.0055836 0.000744185 0.00109904 0.0017635 
2.25794e-06 0.00179655 0.00217927 0.00220026 0.00713011 0.0101463 0.259591 0.0148571 0.572824 0.0136598 0.0143535 0.01039 0.00941826 0.0111376 0.0107325 0.00880494 0.00458285 0.00681387 0.00598349 0.00771981 0.0071997 0.00468384 0.00480025 0.00607886 0.00291442 
3.4139e-07 0.000897053 2.55254e-06 4.24217e-06 2.66274e-05 0.000130305 0.00103493 0.00228212 0.00629124 0.00479842 0.0108765 0.915101 0.00827555 0.00458365 0.00707567 0.00386081 0.00378526 0.00197397 0.00250016 0.00816623 0.00293686 0.00492366 0.00309323 0.00512538 0.00225415 
2.98274e-08 1.68537e-05 1.2677e-05 0.000107699 0.00021696 0.000439515 0.000307184 0.000192924 0.000171793 0.000265918 0.000272806 0.000411826 0.000512647 0.000121128 0.000424732 0.00022416 0.000901366 0.00030905 0.00176887 0.00136695 0.00168441 0.000717382 0.978503 0.00818021 0.00286951 
6.90832e-09 2.1866e-05 3.93698e-08 1.24655e-07 1.00983e-06 8.10418e-06 7.7575e-05 3.20614e-05 0.000289857 0.000409786 0.00191578 0.000764003 0.000860172 0.000845516 0.00115074 0.000533465 0.00109242 0.000684039 0.00227049 0.982884 0.00268376 0.00204646 0.000468241 0.000772724 0.000188253 
2.6288e-06 0.000807059 0.00112755 0.0026433 0.0101167 0.33626 0.0155012 0.0141119 0.0149236 0.012398 0.0176593 0.157011 0.0137249 0.0119485 0.0134845 0.00869151 0.011486 0.0116458 0.158773 0.0153574 0.142347 0.010639 0.00804141 0.00758696 0.00371143 
0 0 1.33133e-16 1.38948e-15 3.98304e-08 4.32372e-11 5.73397e-07 1.61867e-07 1.41014e-06 2.53195e-05 2.0092e-06 9.20779e-07 3.48702e-05 2.02459e-06 3.01878e-05 6.30728e-06 9.07232e-07 0.000109338 5.08928e-06 2.34661e-06 2.89117e-06 3.46862e-05 3.46902e-05 0.00144624 0.99826 
4.27506e-07 0.000887784 4.37432e-06 9.71101e-06 6.12008e-05 0.000246687 0.00112446 0.00256743 0.00675178 0.00593477 0.0101326 0.0045756 0.00433043 0.914604 0.00863004 0.00432328 0.00457745 0.00412729 0.00291933 0.00789189 0.00331518 0.00542822 0.00269915 0.00391665 0.00094022 
2.4323e-05 0.00423426 0.0142557 0.0328115 0.0337514 0.0253905 0.0375392 0.0244365 0.0349351 0.0440402 0.0446951 0.0557043 0.427291 0.025309 0.040637 0.0266529 0.01878 0.0162361 0.0186188 0.0130199 0.0153125 0.0151122 0.0107055 0.0163364 0.00417016 
2.95603e-17 4.52461e-15 1.10885e-14 1.77853e-14 4.59322e-14 9.06274e-14 1.12432e-13 2.16737e-10 2.43456e-08 2.89136e-08 1.20563e-05 1.59039e-05 1.60647e-06 5.74107e-06 2.96487e-05 0.000228752 0.000591872 0.000511228 0.00062567 5.43427e-06 0.000643667 0.974821 0.0111015 0.00840802 0.00299826 
1.16347e-12 3.7542e-09 1.34193e-11 1.15703e-10 1.22689e-08 2.38077e-09 1.03082e-05 4.50819e-05 0.000257222 8.212e-05 0.000158572 0.000489031 0.000589422 0.000220643 0.000274609 0.000340275 0.945927 0.0260482 0.010805 0.00212252 0.000840299 0.000591906 0.0011636 0.00645019 0.00358437 
2.26402e-07 0.00073969 9.42058e-07 2.55277e-05 0.000330777 0.000996109 0.00208104 0.00295752 0.00450892 0.00322828 0.00763726 0.00333419 0.00315699 0.00623862 0.461387 0.460624 0.00613772 0.00619162 0.00324769 0.00549009 0.00409192 0.00571768 0.00308977 0.00789789 0.000888391 
7.52601e-09 2.47632e-05 5.04268e-08 1.31296e-07 6.69574e-06 1.44662e-05 0.000178096 0.000278873 0.00170739 0.00136025 0.0025748 0.00140564 0.0008387 0.000993878 0.00102956 0.000644445 0.00119473 0.000728111 0.00179171 0.00151301 0.00239789 0.95758 0.0111693 0.00854295 0.00402453 
2.56963e-07 0.000845401 1.06445e-06 4.26447e-06 3.8978e-05 0.000135729 0.000784275 0.00239549 0.00631079 0.00466827 0.00976089 0.00435882 0.00395028 0.917851 0.00813059 0.00397974 0.00433099 0.00397338 0.0031238 0.00789973 0.00371773 0.0058761 0.00263282 0.00421134 0.00101867 
0 0 0 0 0 0 0 0 0 0 0 0 0 0 0 0 0 0 0 0 2.1639e-11 1.00131e-05 0.000219707 0.996607 0.00316309 
5.97909e-09 1.96714e-05 2.55253e-08 1.30486e-06 1.92944e-05 0.00012056 0.000201298 8.2425e-05 0.000861016 0.000705556 0.00235825 0.00100368 0.000992686 0.000936631 0.000894207 0.000495347 0.00125441 0.000686619 0.00168542 0.00148521 0.00234906 0.962541 0.011892 0.00784754 0.00156654 
1.43372e-05 0.00105722 0.0290337 0.036075 0.0594632 0.149729 0.124942 0.167136 0.0242623 0.0227914 0.0561004 0.0404151 0.139017 0.0183454 0.0232554 0.0134588 0.00682201 0.0124808 0.00830922 0.0295588 0.00947059 0.00952323 0.00575148 0.00883496 0.00415145 
3.13337e-07 5.76754e-05 3.01533e-05 0.000104159 0.000910896 0.00457359 0.00580628 0.00284752 0.00325902 0.00275862 0.00544251 0.00386057 0.00249079 0.002716 0.00320115 0.00125976 0.00609328 0.00772364 0.00763589 0.0125753 0.0353867 0.880044 0.0068849 0.00195884 0.00237809 
3.46581e-08 0.000114028 1.39991e-07 5.99213e-10 2.45749e-08 5.24916e-07 1.84296e-06 7.2991e-05 9.97441e-05 2.89713e-05 0.000151698 0.000613575 0.000594328 0.00031067 0.00028244 0.000473402 0.00076472 0.000707437 0.0013883 0.000967714 0.00113054 0.00619484 0.974375 0.00818393 0.00354349 
2.72429e-16 1.08605e-14 1.0584e-13 1.68949e-13 5.34968e-13 8.5474e-13 2.39838e-12 2.59357e-09 8.07742e-08 1.11035e-07 2.79944e-05 0.000125638 9.70419e-05 1.01845e-05 3.39575e-05 0.000251945 0.000633107 0.000579431 0.00070024 0.978631 0.0108398 0.00489464 0.000617133 0.000590497 0.00196723 
2.44905e-06 0.00123837 0.00133317 0.00515181 0.0190003 0.0238002 0.0302612 0.614507 0.0337088 0.028431 0.0308321 0.0242179 0.0209833 0.0209014 0.0223426 0.0148852 0.00933089 0.0138675 0.0205983 0.0143054 0.0162885 0.0114683 0.00665877 0.0108634 0.00502222 
1.87818e-08 6.17929e-05 7.59846e-08 2.34945e-10 1.08082e-07 6.264e-07 8.34904e-05 0.000452479 0.00253314 0.00139483 0.0023752 0.00204616 0.00179714 0.00139679 0.00202841 0.94448 0.00662301 0.00881104 0.00248701 0.00504637 0.00109003 0.00254903 0.00385334 0.0100193 0.000870768 
4.55166e-07 3.39915e-05 4.77342e-05 0.000283144 0.000586891 0.000930529 0.00159756 0.00144188 0.00319442 0.00274161 0.00364072 0.00274663 0.00180889 0.00218519 0.00212356 0.00121177 0.00134371 0.00143501 0.00226923 0.00204121 0.937765 0.0228857 0.00263436 0.00222235 0.00282877 
1.547e-07 2.39672e-05 6.43512e-06 2.38945e-05 0.000203004 0.00233011 0.00268806 0.00163903 0.00283244 0.002055 0.00490075 0.00298843 0.00184619 0.00240407 0.0027587 0.00105696 0.00272768 0.00413905 0.00633471 0.0107816 0.917802 0.0251767 0.00278123 0.00183349 0.000666713 
5.29097e-09 1.74099e-05 4.02079e-08 7.15579e-08 7.67533e-07 5.61465e-06 0.000142581 0.000149301 0.00136858 0.00113929 0.00240779 0.00125562 0.000794975 0.000885947 0.000906675 0.000487208 0.00117528 0.000661425 0.00168863 0.0014606 0.00209708 0.970757 0.00895742 0.00126466 0.00237642 
2.59174e-06 0.00114768 0.00143404 0.00527707 0.0132978 0.0188621 0.0275966 0.0322574 0.032407 0.029281 0.0348173 0.0253371 0.0243768 0.599164 0.0255571 0.0145525 0.00917351 0.01445 0.0227638 0.0152403 0.0159138 0.0137574 0.00906306 0.0113953 0.00287476 
4.4788e-06 0.00129925 0.00243128 0.00394403 0.640072 0.0504657 0.017054 0.0224762 0.023925 0.0184841 0.0165053 0.0154804 0.0145264 0.0198739 0.0235718 0.0124049 0.014745 0.011596 0.0108902 0.0111234 0.027727 0.00962594 0.013545 0.0114963 0.00673222 
2.64816e-06 0.00238204 0.00368607 0.00577847 0.0138099 0.0233186 0.024984 0.0269808 0.0298506 0.022989 0.0307302 0.636657 0.0180814 0.0207796 0.020561 0.0166098 0.00868622 0.0115889 0.0123347 0.0169335 0.0146323 0.013398 0.00779363 0.0130952 0.00433661 
2.6804e-05 0.0012865 0.00854465 0.0262321 0.0460038 0.0348452 0.0402531 0.0390176 0.0397111 0.449471 0.0432125 0.0402469 0.0314869 0.0254552 0.0373471 0.0156139 0.0117604 0.0152113 0.0117691 0.0161724 0.0134555 0.0171831 0.00987892 0.0180779 0.00773705 
1.51835e-07 0.000499549 6.35829e-07 8.92149e-07 1.6395e-05 0.000124758 0.000442829 0.00103745 0.00447769 0.00313555 0.00706836 0.00310469 0.00279112 0.00288537 0.00490314 0.00339454 0.00514533 0.91892 0.013411 0.00719758 0.00282763 0.00546904 0.00373412 0.00697518 0.00243723 
2.00155e-12 6.58308e-09 8.34448e-12 1.78674e-10 1.24077e-09 2.17521e-09 2.46735e-07 3.64854e-08 1.89599e-06 2.30303e-06 2.91544e-05 0.000336644 0.000318186 4.2197e-05 3.47947e-05 0.000273194 0.000649384 0.000540514 0.000950333 0.000292218 0.986783 0.00745375 0.000655762 0.000761569 0.000875071 
0.000182137 0.152311 0.0925191 0.0645589 0.0153279 0.0385048 0.214527 0.0453824 0.0252155 0.0440648 0.0663304 0.0224842 0.0200433 0.014841 0.0390361 0.0113288 0.00915885 0.0454298 0.0335147 0.00872819 0.00992634 0.00904259 0.00479136 0.0080479 0.00470318 
2.91616e-06 0.000277495 0.000254714 0.000814366 0.00447485 0.00709782 0.00650635 0.00589612 0.00587531 0.00642836 0.0120277 0.00562426 0.00794871 0.00521761 0.00842199 0.00348363 0.0103833 0.0146895 0.0244608 0.800333 0.0328041 0.0210086 0.00984584 0.00477193 0.00135093 
2.53662e-09 8.34544e-06 1.02763e-08 2.01992e-08 1.63708e-07 5.65594e-07 4.8577e-05 1.24382e-05 0.00021503 0.000379974 0.00172964 0.000491624 0.000753486 0.000883893 0.00321947 0.966264 0.0066672 0.0046827 0.000994732 0.000605635 0.00232921 0.00155092 0.000795779 0.00808216 0.000284824 
1.16415e-05 0.00279936 0.00766649 0.00663462 0.0158344 0.0209375 0.0236513 0.344823 0.0300424 0.0225509 0.346327 0.0266298 0.0180347 0.0180485 0.0170364 0.0134249 0.00824713 0.0102211 0.0099512 0.0121604 0.0082715 0.0144483 0.00503572 0.0117262 0.0054848 
1.3919e-07 0.000457931 5.62537e-07 3.66261e-08 4.47991e-07 6.5099e-06 0.000233647 0.00054269 0.00263398 0.00221526 0.00627475 0.00244095 0.00210955 0.00256838 0.00420251 0.935816 0.00393607 0.00698785 0.00345791 0.005009 0.00319019 0.00461048 0.00395447 0.00835269 0.000998271 
3.4496e-07 0.00087002 2.75907e-06 2.24639e-05 0.000224719 0.000554173 0.00153735 0.00328806 0.00744447 0.00591055 0.00978365 0.004557 0.00350237 0.00569533 0.00923116 0.00852138 0.00942464 0.00893954 0.00502343 0.00792445 0.00444106 0.00711807 0.00399691 0.00791632 0.88407 
9.43778e-11 3.61394e-08 2.64235e-09 1.44355e-08 5.4481e-08 2.81785e-07 2.22299e-05 4.17707e-06 4.51528e-05 4.11976e-05 0.000113234 0.000268256 0.00017057 8.50619e-05 7.41648e-05 0.000143766 0.000243652 0.000478719 0.000896233 0.000280974 0.99048 0.00417224 0.000438954 0.000593121 0.00144791 
1.16883e-06 0.000311681 0.000896322 0.628554 0.0352122 0.0292703 0.0236945 0.0238153 0.022665 0.0251978 0.0290286 0.0213769 0.0189067 0.0203122 0.0239148 0.0184118 0.00370109 0.0143174 0.0085202 0.01522 0.0127846 0.00727423 0.00517136 0.00715141 0.00429067 
9.63767e-08 0.000255109 7.1866e-07 6.10681e-07 9.81196e-06 3.19753e-05 0.000272407 0.000821895 0.922843 0.0120612 0.0091 0.00154014 0.00143981 0.00335252 0.00908747 0.00444138 0.00275876 0.00206463 0.00279799 0.0100166 0.0022746 0.00254241 0.00279724 0.00481562 0.00467433 
1.34558e-16 5.36422e-15 5.22764e-14 8.34469e-14 1.89192e-13 4.22128e-13 4.97038e-13 3.2342e-10 3.0179e-08 4.27762e-08 2.42945e-05 1.42557e-06 6.49563e-07 3.50513e-06 2.5282e-05 0.000169558 0.997494 0.000540186 0.000530312 5.59283e-06 0.000228533 0.000413019 8.39847e-05 0.000471012 8.49156e-06 
4.35263e-07 4.88721e-05 2.7749e-05 9.35123e-05 0.000637065 0.00368396 0.00595142 0.00229589 0.00317905 0.00256653 0.00596849 0.00342703 0.00228248 0.00274127 0.00347397 0.0022534 0.0057627 0.859336 0.019973 0.0168844 0.0276487 0.0177389 0.00435745 0.00686525 0.0028028 
5.30638e-06 0.00493316 0.0115264 0.0131823 0.122808 0.0251657 0.298331 0.100023 0.0323414 0.0962649 0.029358 0.0301924 0.0169578 0.0939686 0.0218 0.0180638 0.00834879 0.0146745 0.0100782 0.0109481 0.010585 0.0090334 0.00595447 0.0114308 0.00402547 
2.62131e-08 8.62422e-05 1.06035e-07 1.76306e-08 2.44541e-07 8.08315e-07 0.000110451 0.000454063 0.00212951 0.00185096 0.0048346 0.00208374 0.00185666 0.00169893 0.00292281 0.949758 0.00395137 0.00580616 0.0027496 0.00422112 0.00203973 0.00316403 0.00294707 0.00641736 0.000915991 
2.99041e-15 1.19214e-13 1.16179e-12 1.85452e-12 4.16367e-12 9.38127e-12 1.1013e-11 1.63241e-09 7.21917e-06 1.32233e-05 3.79846e-05 3.67095e-05 1.29187e-06 9.07017e-06 9.04333e-05 0.000929227 0.000607754 0.00154297 0.991941 0.000863317 0.000339787 0.000541605 0.00127398 0.00173469 2.95569e-05 
1.37345e-07 2.10504e-05 6.29409e-06 2.00167e-05 0.000214359 0.00183941 0.00256304 0.00169911 0.00280078 0.00196886 0.00425742 0.0028461 0.00180235 0.00225131 0.00279411 0.0016698 0.00332924 0.911168 0.0159689 0.00902542 0.0126574 0.0112242 0.00267504 0.00507742 0.00212013 
4.20557e-07 0.000922022 4.16116e-06 2.62755e-05 0.000289086 0.000783635 0.00220573 0.00422856 0.00693647 0.00602343 0.0116863 0.00509383 0.00459999 0.00694784 0.00854867 0.00505673 0.901417 0.00643996 0.00359829 0.00714625 0.00364367 0.00665806 0.00237538 0.00407626 0.00129156 
9.62484e-08 2.0627e-05 2.18674e-06 9.55226e-06 4.72522e-05 0.000128768 0.000294287 0.000624923 0.00192359 0.00162662 0.00274591 0.0015629 0.000900813 0.00103975 0.00146253 0.000980782 0.00122924 0.00107864 0.0020885 0.956537 0.0143021 0.00714704 0.000890704 0.00132346 0.00203254 
1.76762e-05 0.0034121 0.0090963 0.0159092 0.0292159 0.0269222 0.0285176 0.0290559 0.0275196 0.027102 0.0335878 0.0284305 0.0200168 0.021737 0.0295496 0.0146472 0.537001 0.0140315 0.0147398 0.0159173 0.0230578 0.0146191 0.0173475 0.0148979 0.00365103 
2.02149e-14 8.0588e-13 7.85361e-12 1.25364e-11 1.17139e-08 7.05673e-11 9.145e-06 3.98617e-05 0.000228379 9.03922e-05 9.09175e-05 0.000376951 0.000282566 0.000163273 0.000158434 0.000403809 0.000690782 0.000691272 0.000871978 0.000884579 0.000610695 0.977802 0.0137449 0.00195453 0.000905155 
2.6745e-07 0.000879914 1.11315e-06 4.24853e-06 3.5507e-05 0.000151698 0.000875315 0.002491 0.00674786 0.00496436 0.00971639 0.00440034 0.00342058 0.00480537 0.00812746 0.900714 0.00769774 0.00870465 0.00351867 0.00787638 0.00355723 0.00685864 0.00442782 0.00884981 0.00117357 
4.64573e-09 1.52848e-05 1.87674e-08 5.90406e-10 4.34802e-09 5.67816e-07 9.09348e-07 3.25177e-06 2.76853e-05 6.41869e-05 0.000851251 0.000621542 0.000590953 0.00018974 7.87448e-05 0.000384417 0.00082461 0.000608447 0.00142112 0.000874757 0.00126645 0.972215 0.0128766 0.0055582 0.00152651 
1.18271e-06 0.000541203 0.000583319 0.00299536 0.0121151 0.0192978 0.653024 0.0335941 0.0253244 0.0211231 0.0208781 0.016942 0.0217917 0.0188596 0.022465 0.0137965 0.0145619 0.016278 0.0272995 0.012305 0.0215547 0.00920813 0.00549779 0.00660576 0.00335711 
1.38104e-07 0.000454375 5.78693e-07 6.26399e-07 1.72102e-05 9.96765e-05 0.000699658 0.00126657 0.00591393 0.0038659 0.00728533 0.00373271 0.00264135 0.00308814 0.00463507 0.00304716 0.906338 0.0258273 0.00342552 0.00669237 0.0029697 0.00526107 0.00261226 0.00555489 0.00457077 
5.81563e-08 0.00138908 0.00821337 0.0034877 0.00244004 0.0042543 0.00115908 0.00190112 0.00407737 0.00249966 0.00644106 0.0135307 0.00311403 0.00595567 0.00383848 0.0079446 0.00195597 0.00442108 0.00198734 0.00319098 0.00438141 0.902673 0.00566895 0.00277708 0.00269834 
1.64157e-07 2.53321e-05 8.53163e-06 2.63222e-05 0.000320157 0.00218713 0.003137 0.00193153 0.00292976 0.00207479 0.00440906 0.00308296 0.00183622 0.00228271 0.00289631 0.00150584 0.00307751 0.00572187 0.914725 0.0100609 0.0165902 0.0137292 0.00264403 0.00377743 0.00102009 
0 0 0 0 0 0 0 0 0 3.4101e-12 3.9305e-13 2.71264e-11 3.12697e-11 7.83407e-11 3.12284e-08 5.29574e-07 3.14369e-09 2.39437e-06 3.2147e-08 6.16749e-05 0.000147241 0.000210678 0.000267172 0.000594261 0.998716 
1.64531e-06 0.00130292 0.00065981 0.00200563 0.00831482 0.00983738 0.0206583 0.0186294 0.018956 0.0172055 0.0257155 0.0162089 0.0177109 0.0135984 0.0155927 0.0136181 0.0100663 0.0109289 0.0211476 0.0186357 0.045927 0.0198361 0.0115688 0.0160747 0.645799 
2.47749e-06 0.000257826 0.000259096 0.00100015 0.0044741 0.0078655 0.0076962 0.00580292 0.00572667 0.00630594 0.00950465 0.0050489 0.0064445 0.00444851 0.00696533 0.00373876 0.00885773 0.796711 0.0234677 0.0176874 0.038465 0.0190127 0.00983457 0.00622467 0.00419803 
6.3744e-06 0.00313113 0.00826851 0.0157459 0.0183066 0.174296 0.0223912 0.0235611 0.0326436 0.142639 0.120873 0.0258409 0.279292 0.0204892 0.0233944 0.0178424 0.00636245 0.0100033 0.00833254 0.0114541 0.00742736 0.00986366 0.00610804 0.00861918 0.00310835 
6.1955e-12 1.9934e-08 4.5948e-11 1.3615e-08 4.16919e-09 8.06968e-09 1.77009e-08 1.7071e-07 5.82808e-07 4.44612e-07 1.96091e-07 2.33796e-07 2.19144e-07 5.91002e-05 2.40601e-06 6.55998e-06 7.79481e-06 5.64306e-06 0.000501502 3.52599e-06 0.000185812 5.87097e-05 2.31149e-05 0.992164 0.00698036 
2.35603e-09 7.75111e-06 9.56796e-09 3.18006e-08 3.09511e-07 1.27095e-06 6.32411e-05 1.2791e-05 0.000671305 0.000471887 0.0021164 0.000761846 0.000767413 0.000881915 0.00108619 0.000366273 0.00375112 0.942297 0.0163631 0.0132032 0.00397556 0.00184341 0.00114153 0.00811521 0.00210128 
1.7994e-06 0.00039017 0.00100855 0.0142736 0.0292204 0.0343548 0.598081 0.0273836 0.0282083 0.0276636 0.0340206 0.0246616 0.0214711 0.0237243 0.0286348 0.017837 0.00497715 0.0159696 0.00877333 0.0162715 0.0180206 0.00757721 0.00509402 0.00973391 0.00264715 
1.47819e-06 5.57356e-05 4.92735e-05 0.000179541 0.0010408 0.00184031 0.00279997 0.00174717 0.0031597 0.00254328 0.00545927 0.003234 0.00256226 0.00271943 0.00372931 0.0020494 0.00327764 0.00833802 0.910717 0.00842279 0.0132803 0.0106347 0.0055021 0.00595585 0.000700506 
5.92195e-06 0.00440749 0.00832272 0.0108449 0.0203475 0.028163 0.0260091 0.0294478 0.0313441 0.0277667 0.161967 0.0259687 0.0204636 0.0217592 0.0217192 0.196561 0.0118394 0.264852 0.0152328 0.0179307 0.0138043 0.014602 0.00801441 0.0145153 0.00411094 
3.06863e-07 4.07334e-05 1.46456e-05 5.16866e-05 0.000283666 0.00130163 0.00175311 0.00127267 0.00242602 0.00181124 0.00387336 0.00210514 0.00155242 0.00170273 0.00202337 0.0010616 0.00227433 0.00234137 0.00500313 0.00548407 0.320866 0.630549 0.00681246 0.00401977 0.00137553 
7.40302e-15 3.27523e-13 2.87228e-12 4.58574e-12 3.63355e-09 2.54168e-11 3.96561e-06 1.23527e-05 8.60133e-05 3.3966e-05 2.53008e-05 0.000256145 0.000318372 0.000112186 7.7789e-05 0.000284423 0.993911 0.000979156 0.00074801 0.000631274 0.000273754 0.000539358 0.000262109 0.00136186 8.30852e-05 
2.6685e-09 8.78163e-06 2.95583e-08 8.09986e-08 9.30094e-07 3.70351e-06 0.000151011 0.000167614 0.00146452 0.00129901 0.00226792 0.00120597 0.000791488 0.000913546 0.00105301 0.00110045 0.00147633 0.00210905 0.974547 0.00210173 0.00206637 0.00167332 0.00156466 0.00380582 0.000227913 
7.34986e-07 0.000207565 0.000347913 0.00343052 0.0185361 0.73992 0.0147075 0.0191155 0.0183912 0.0154043 0.0148714 0.0131274 0.0117933 0.0166301 0.0141467 0.00912031 0.00819691 0.00873982 0.00975254 0.0110429 0.0285084 0.00747285 0.00497124 0.00654538 0.00501993 
5.06265e-07 0.000923604 5.8338e-06 2.18596e-05 0.000258758 0.000663754 0.00224125 0.00345355 0.00819903 0.00689864 0.0107143 0.00584544 0.00432625 0.00673171 0.884077 0.0062333 0.006515 0.00954539 0.00353579 0.00824785 0.00432104 0.00639607 0.00499765 0.0146732 0.00117324 
1.26513e-07 1.8432e-05 3.18022e-06 5.3728e-06 6.28782e-05 0.000646402 0.00160214 0.0013194 0.00273766 0.00190236 0.0031354 0.00251747 0.00171121 0.00195966 0.00265916 0.00125638 0.00189617 0.00132775 0.949459 0.0123406 0.00351481 0.00755057 0.000925024 0.00106256 0.000386061 
1.12533e-06 0.000269413 6.84642e-05 0.000428905 0.0017641 0.00436148 0.0544384 0.00596803 0.00720513 0.00559866 0.11915 0.00592186 0.00502867 0.0041225 0.00564267 0.00419043 0.00541672 0.00579311 0.556518 0.0645227 0.0173556 0.114137 0.0055603 0.00511042 0.00142597 
1.15963e-07 1.70167e-05 2.53145e-06 4.79328e-06 5.70505e-05 0.000324894 0.00119863 0.000986452 0.00239023 0.0017817 0.00287635 0.00217257 0.00142819 0.00184221 0.00215582 0.00152053 0.00155362 0.000984879 0.00360283 0.964237 0.00220745 0.00500502 0.00106272 0.00225592 0.000331066 
1.3941e-07 2.25493e-05 5.20871e-06 1.93089e-05 0.000164734 0.00191651 0.00244 0.00152411 0.00279684 0.00199983 0.00414198 0.0028717 0.00178933 0.00222513 0.00268139 0.00104931 0.00260174 0.00345967 0.00552318 0.918006 0.0257791 0.0149837 0.00202079 0.00140732 0.000570746 
1.74302e-08 5.73458e-05 7.05286e-08 1.33486e-09 1.05745e-07 1.54616e-06 8.31334e-05 0.000390726 0.00225661 0.00151079 0.00413617 0.00216235 0.00196781 0.00148703 0.00199221 0.94775 0.0129399 0.00436145 0.00276972 0.0049135 0.00157665 0.00316193 0.00206186 0.00359922 0.000819404 
1.1166e-12 2.53972e-09 1.38651e-10 2.79053e-10 8.8471e-10 1.88513e-09 3.2335e-09 1.84757e-05 0.00145823 0.00207054 0.975447 0.001827 7.24863e-06 4.24657e-05 7.39917e-05 0.000284197 0.000645344 0.000942074 0.000906667 1.2289e-05 0.000277062 0.000959952 0.000155566 0.0141957 0.000676196 
2.73295e-07 2.55688e-05 1.12418e-05 6.75434e-05 0.000378577 0.00310016 0.00304206 0.00187543 0.00286747 0.00222091 0.00514671 0.00327467 0.00199335 0.00250872 0.00300419 0.00185793 0.00355224 0.890203 0.0183673 0.0125882 0.0180058 0.0150841 0.0038029 0.00512156 0.00190012 
7.47477e-09 2.45918e-05 3.02895e-08 1.59565e-08 1.55797e-07 1.12447e-06 3.49006e-05 0.000177421 0.00108148 0.00116146 0.00331504 0.00171579 0.00162217 0.00112139 0.00257785 0.949668 0.00482539 0.00795422 0.00239944 0.0030389 0.00259898 0.00287857 0.00349234 0.00949067 0.00082046 
4.86754e-07 0.000926632 5.41178e-06 1.12387e-05 7.04159e-05 0.000283909 0.00169237 0.00255511 0.0075897 0.00591468 0.0131829 0.901817 0.00888345 0.00532818 0.0072541 0.00420538 0.00240751 0.00167843 0.00227096 0.00885044 0.00305936 0.00788709 0.00341909 0.00739575 0.00330996 
2.39901e-18 9.56379e-17 9.32028e-16 1.48776e-15 3.30088e-15 7.52757e-15 8.80233e-15 9.99471e-11 7.87786e-09 2.6979e-08 2.14073e-05 5.14541e-07 3.69596e-06 1.27044e-05 2.22971e-05 0.000709877 0.972421 0.0173987 0.000779279 3.81035e-05 0.000111444 0.000608456 0.00140224 0.00406108 0.002409 
0 0 0 0 0 0 0 0 6.07583e-05 0.000256917 0.000486363 0.000559376 0.000779417 0.000715842 0.000904901 0.000891713 0.000792738 0.00127358 0.000625334 0.000838736 0.00108967 0.00136237 0.00123025 0.984969 0.00316315 
1.22484e-07 2.37488e-05 2.62394e-06 1.07327e-05 0.000132048 0.000688294 0.00147862 0.00134001 0.00266449 0.00195666 0.00319359 0.00239718 0.0017994 0.00205527 0.00260826 0.00104618 0.00187542 0.00104889 0.00351814 0.0020627 0.95746 0.0100033 0.000846976 0.00136886 0.000418677 
1.93263e-13 7.70453e-12 7.50836e-11 1.19853e-10 2.72649e-08 6.22746e-10 1.6996e-05 0.000187259 0.000840205 0.000921068 0.00186619 0.00133641 0.000910836 0.000722331 0.962035 0.00345006 0.00593355 0.00301506 0.00176492 0.00142922 0.000783245 0.00227885 0.00134628 0.0106041 0.000558823 
3.10703e-06 0.000928662 0.0018704 0.00303048 0.00679994 0.00853566 0.00926109 0.0080603 0.00858883 0.00866204 0.0108556 0.00771196 0.00769604 0.00653011 0.00871155 0.00501382 0.00780112 0.799238 0.023315 0.0121926 0.0247198 0.012252 0.00802687 0.00783665 0.00235828 
6.20578e-06 0.000495388 0.000404417 0.00137154 0.00664266 0.00729141 0.00753176 0.0074223 0.00857986 0.00718408 0.0146909 0.00601779 0.0116343 0.0063067 0.0120037 0.0057054 0.0107338 0.0139951 0.781292 0.0200193 0.0245021 0.0170961 0.0185132 0.00931239 0.00124709 
0 0 0 0 0 0 0 0 0 0 0 0 0 0 0 0 0 0 0 5.08812e-05 9.16007e-05 0.000115062 0.00012691 0.000163326 0.999452 
8.43397e-15 2.77477e-11 3.41707e-14 7.35323e-13 4.71841e-12 9.03099e-12 2.22023e-11 1.16408e-10 1.44107e-09 1.11046e-09 2.14126e-08 9.16037e-09 3.31054e-08 2.72261e-07 1.04127e-05 1.60673e-05 6.07947e-05 0.000123966 0.000186967 1.3902e-06 0.000112976 0.000259662 0.989836 0.00777885 0.00161297 
2.46571e-07 4.20316e-05 2.13522e-05 7.76712e-05 0.000608138 0.00434094 0.00576172 0.00232928 0.00309728 0.0024895 0.00525916 0.00338535 0.00226123 0.00260702 0.00305454 0.00128401 0.00546508 0.00542287 0.0071388 0.89225 0.0305672 0.0172975 0.00260051 0.00141171 0.00122719 
2.59428e-16 1.03422e-14 1.00789e-13 1.60886e-13 3.61384e-13 8.13871e-13 9.55516e-13 1.11705e-09 1.87053e-06 1.09728e-06 9.58809e-05 7.61902e-06 3.80268e-06 1.93249e-05 7.20646e-05 0.000624546 0.955982 0.0279698 0.0046782 0.000117392 0.000208802 0.000727355 0.00119971 0.00409352 0.00419734 
4.05904e-07 0.000706355 4.85588e-06 2.40348e-05 0.000342253 0.000998574 0.00271684 0.00346998 0.00732733 0.00552482 0.00847234 0.00485707 0.913617 0.0070213 0.00755786 0.00475318 0.0039207 0.00366481 0.00283891 0.00644768 0.00376728 0.00502577 0.00299754 0.00294661 0.000996109 
2.00304e-07 0.000659016 8.09253e-07 6.15073e-06 4.17449e-05 8.30527e-05 0.000364833 0.00150967 0.00314426 0.00235525 0.00635522 0.00240877 0.00221701 0.0033484 0.00530083 0.0033268 0.472398 0.467389 0.00857484 0.00524081 0.00280758 0.00458088 0.00270428 0.00409476 0.00108714 
1.25064e-06 0.000597196 0.000872791 0.0110313 0.653616 0.0250459 0.0218243 0.0206989 0.0204043 0.022168 0.0292142 0.0195591 0.0225928 0.0183789 0.0261922 0.0168428 0.00422088 0.0140495 0.0242804 0.0137051 0.0127465 0.0057558 0.00541051 0.00643762 0.00435381 
6.32687e-08 0.000207374 3.74843e-07 0.000117539 0.000501634 0.000466022 0.000325717 0.000832145 0.000517883 0.000834625 0.00224115 0.00114352 0.000806492 0.00287137 0.00270009 0.00138113 0.000993238 0.00122476 0.00157544 0.964552 0.00951141 0.004662 0.000764576 0.00116317 0.000605919 
1.976e-07 0.000650118 7.98329e-07 4.58848e-08 6.10366e-07 6.1655e-06 0.000232012 0.000872282 0.00326845 0.00244343 0.00736843 0.00273286 0.00269385 0.00323074 0.00509666 0.00722958 0.00874652 0.00685761 0.00431049 0.00618022 0.00328644 0.916515 0.0126906 0.00468141 0.000905856 
0 0 0 0 0 0 0 0 0 0 0 0 0 0 0 0 6.05405e-05 0.000167873 0.000176179 0.000377992 0.000438898 0.000605916 0.000689375 0.000733552 0.99675 
4.29083e-07 0.000914152 4.36717e-06 3.13779e-05 0.000239894 0.000620912 0.00207272 0.00339306 0.00739286 0.00627468 0.0105453 0.005066 0.00440418 0.00608348 0.00939368 0.885558 0.0142725 0.0077717 0.00417611 0.00748767 0.00377397 0.00682608 0.00394347 0.00859501 0.00115801 
7.40875e-07 5.49473e-06 1.35176e-05 2.39074e-05 9.17973e-05 0.000132798 7.68906e-05 0.000183099 0.000144427 0.000117626 0.000267466 7.85829e-05 0.000246755 0.000124287 0.000251331 0.000173239 0.000127195 0.000181066 7.02046e-05 0.000125903 0.000414395 0.000460429 0.000774236 0.0014934 0.994421 
3.25417e-06 0.0024952 0.00424603 0.00690612 0.0159151 0.0248938 0.0298628 0.0327349 0.0328774 0.027469 0.0315511 0.0260105 0.605636 0.0215278 0.0229407 0.0163066 0.00998554 0.0121259 0.0113048 0.0165548 0.0140885 0.0117755 0.00833701 0.0111403 0.0033118 
5.70924e-07 4.44734e-05 2.87778e-05 0.000126315 0.000894693 0.0043585 0.00504213 0.00289961 0.00326531 0.00274283 0.00589375 0.00413436 0.00232829 0.00285051 0.00324968 0.00138828 0.00611784 0.0108678 0.858981 0.0217583 0.0332228 0.0230691 0.00334433 0.00169738 0.00169331 
0 0 0 0 3.23831e-47 1.97416e-50 1.57564e-47 8.69266e-44 7.00688e-29 2.03268e-14 2.34287e-15 5.22097e-13 1.82499e-12 2.78488e-12 7.28021e-12 1.245e-11 2.00969e-11 6.47158e-11 4.64614e-11 4.56157e-11 2.83356e-05 0.000254623 0.99106 0.00801869 0.000638682 
1.86116e-07 3.62577e-05 2.73007e-05 0.000247318 0.000534433 0.00165025 0.00284984 0.00227161 0.00321743 0.00223082 0.00454218 0.00332735 0.00240784 0.00268385 0.00252714 0.00141698 0.00378699 0.00382448 0.00496731 0.00587356 0.929609 0.0175726 0.00182146 0.00189187 0.000682469 
0.875981 0.0346555 0.0169928 0.00262322 0.000655373 0.00268037 0.00282065 0.00197759 0.0102832 0.00502739 0.0120449 0.00229193 0.0069546 0.00544461 0.00443833 0.00222147 0.00084594 0.00184389 0.000961187 0.00269605 0.000797753 0.00114311 0.000265958 0.00336004 0.000993346 
3.98664e-08 0.000131164 1.61041e-07 1.89947e-07 5.02831e-06 2.51553e-05 7.33914e-05 0.000258518 0.000438365 0.000221719 0.00108532 0.000586636 0.000622413 0.000602655 0.000569264 0.000569786 0.484391 0.484875 0.00733022 0.00783154 0.00325037 0.000596437 0.000648829 0.00478809 0.00109895 
3.42143e-18 1.36397e-16 1.32924e-15 2.12182e-15 8.84232e-15 1.07367e-14 1.59481e-14 1.40938e-10 1.58545e-08 1.96845e-08 8.70964e-06 4.1483e-07 3.09285e-06 1.07382e-05 4.46472e-05 0.000156859 0.98939 0.00611639 0.00049917 3.01686e-05 0.000231104 0.000576135 0.000249336 0.00185541 0.000827397 
8.60982e-07 0.000631653 0.000358219 0.00185118 0.00615337 0.0106849 0.0141867 0.0913081 0.0179634 0.0152881 0.140655 0.0410508 0.0116112 0.0993469 0.0135169 0.0100867 0.00616825 0.00874611 0.00764108 0.0104497 0.00821872 0.0107339 0.00392874 0.464655 0.00476491 
2.07031e-05 0.0184762 0.00263081 0.00752854 0.141356 0.0197467 0.0201951 0.0231693 0.0247171 0.0222453 0.36693 0.0196084 0.0813162 0.0173032 0.0167069 0.0740383 0.00824558 0.0716102 0.0106736 0.0128141 0.0106324 0.0087545 0.00655025 0.0113931 0.00333679 
7.20135e-06 0.00374444 0.0077896 0.00975505 0.028353 0.591189 0.0249704 0.0292193 0.0261195 0.0216607 0.0238901 0.0234369 0.0177825 0.0249128 0.0340974 0.0161575 0.0126487 0.013489 0.0118898 0.0110454 0.0335455 0.0114219 0.00737104 0.0104909 0.00501181 
1.15971e-15 4.62325e-14 4.50553e-13 7.19202e-13 2.23834e-10 3.77363e-12 5.50204e-07 1.62743e-08 3.93515e-06 4.90172e-06 3.66496e-05 0.000345551 0.000307768 3.01669e-05 3.93754e-05 0.00027632 0.000639925 0.000557428 0.000883667 0.000304076 0.00117344 0.00836293 0.965978 0.00790592 0.0131491 
1.57979e-15 6.29791e-14 6.13756e-13 9.79716e-13 3.0608e-10 5.14125e-12 7.52737e-07 2.00787e-08 5.33982e-06 6.63447e-06 3.86502e-05 0.000375039 0.000314265 3.88168e-05 4.23247e-05 0.000283473 0.000650211 0.000573927 0.000901006 0.000348631 0.000724241 0.005422 0.975766 0.00716877 0.00734015 
5.19189e-07 0.000877796 6.45212e-06 1.54134e-05 0.000193298 0.0010469 0.00374403 0.00437189 0.00892624 0.00681804 0.0132082 0.888469 0.00810087 0.00660321 0.00818065 0.00514486 0.0048083 0.00273213 0.00358221 0.0083786 0.00315563 0.00730515 0.00453756 0.00763079 0.00216194 
7.42584e-07 0.000879157 1.2331e-05 6.72015e-05 0.000743084 0.00252559 0.00535088 0.00563986 0.0142982 0.859651 0.0233233 0.00908681 0.00676992 0.00684871 0.00857057 0.00788699 0.00290181 0.00307427 0.00371887 0.00996397 0.00399995 0.00728813 0.00264498 0.0128798 0.00187416 
8.31288e-07 0.000232723 9.3291e-05 0.000361372 0.00153158 0.00222622 0.00231524 0.00190364 0.00181043 0.00204541 0.00324038 0.00202688 0.00265223 0.00349129 0.917111 0.00387797 0.00759218 0.00599734 0.00653798 0.00579435 0.0111514 0.00534556 0.0032413 0.00881516 0.000604393 
3.79965e-06 0.00125584 0.00251796 0.00415983 0.00854428 0.0106538 0.0104896 0.0100604 0.00928925 0.00966335 0.0110724 0.00869663 0.00854855 0.00683187 0.00956213 0.00578555 0.00832422 0.00957375 0.0174687 0.0139976 0.0295049 0.0182943 0.766597 0.0106345 0.00846957 
9.63275e-06 0.00558601 0.0134795 0.01781 0.02812 0.0293684 0.0323218 0.0363271 0.0329124 0.0301151 0.0339397 0.0358089 0.0225895 0.0245684 0.0266718 0.0195615 0.0156096 0.0138673 0.011145 0.0120615 0.0119955 0.018138 0.506174 0.015034 0.00678521 
2.328e-35 9.28069e-34 9.04439e-33 1.44372e-32 3.20365e-32 7.30317e-32 8.54201e-32 1.4807e-31 6.49288e-17 5.14392e-14 2.21094e-13 2.38374e-12 6.1013e-11 1.78306e-06 3.55126e-08 1.75367e-05 4.09965e-05 3.04476e-06 1.47415e-06 3.59184e-08 7.17205e-06 3.13101e-05 5.36655e-06 1.69555e-05 0.999874 
1.49283e-06 9.2305e-05 6.5458e-05 0.000285838 0.0013229 0.00315688 0.00334562 0.00188739 0.00303884 0.00293913 0.00591262 0.00326009 0.00315986 0.00256102 0.00392047 0.00181497 0.00476741 0.00616071 0.00996895 0.0108577 0.0240725 0.0183354 0.869063 0.00775336 0.0122557 
2.38821e-07 0.000785742 9.74131e-07 5.89601e-07 5.14107e-06 3.48211e-05 0.000216189 0.00143136 0.00410718 0.00288918 0.00786257 0.00313922 0.00285819 0.00315814 0.00620463 0.00321999 0.907691 0.0262135 0.0031359 0.00658911 0.00273111 0.00539734 0.00246992 0.00529948 0.00455843 
1.92066e-05 0.00290614 0.0126989 0.186655 0.0245672 0.020667 0.0273931 0.0250529 0.0356706 0.0388452 0.0387025 0.0484621 0.194028 0.0225785 0.0288153 0.0255076 0.0112989 0.0202991 0.170365 0.0132082 0.0114177 0.0126056 0.00760016 0.0162379 0.00439729 
1.24238e-07 1.47833e-05 2.53467e-06 3.28112e-06 4.32281e-05 0.000289681 0.00112868 0.000913094 0.00224283 0.00168633 0.00274287 0.00200738 0.00139458 0.00184997 0.00198682 0.000811026 0.945635 0.0215683 0.00226807 0.00131785 0.00239495 0.004425 0.000326069 0.000876358 0.00407078 
5.23825e-09 1.72341e-05 2.22304e-08 2.26255e-08 1.94359e-07 1.17098e-06 5.29982e-05 2.27405e-05 0.000349754 0.000480118 0.00203294 0.000740231 0.000775622 0.000849346 0.000840786 0.000467603 0.00108612 0.000599315 0.00197077 0.00105194 0.969428 0.0152286 0.00129594 0.00146217 0.00124675 
1.24916e-07 1.83189e-05 7.05885e-06 0.000101746 0.000245677 0.000278463 0.000417671 0.000522772 0.00208282 0.00219529 0.0030873 0.00203543 0.00136042 0.00154082 0.00192212 0.00110139 0.935507 0.00300866 0.00556437 0.0079517 0.0195501 0.00807469 0.00125308 0.00187201 0.000301329 
0.000227121 0.0174713 0.0247227 0.0447313 0.0352521 0.0308625 0.0375717 0.031904 0.035318 0.0528746 0.0481496 0.0537866 0.0291846 0.0185342 0.356907 0.0287482 0.0202059 0.0277829 0.0204866 0.0210652 0.0141669 0.0194524 0.00809167 0.0173243 0.0051786 
0.000320783 0.0210604 0.0275326 0.0502947 0.0416856 0.0292416 0.0372334 0.0362253 0.039218 0.056939 0.0501805 0.052445 0.0286438 0.0200329 0.0548025 0.0207929 0.0236447 0.0288906 0.0223214 0.0216192 0.0205835 0.0233091 0.265476 0.0172888 0.0102174 
1.80163e-06 0.000841961 0.000149416 0.000710972 0.00419442 0.00953577 0.0128123 0.0119339 0.0181666 0.731889 0.017194 0.0101001 0.0100849 0.0090972 0.0153447 0.0111378 0.0107922 0.0175815 0.0163204 0.0198538 0.0327808 0.0199559 0.00954849 0.00636609 0.00360607 
0.000103187 0 0 0.000151176 0 0 0 4.34308e-05 0 0 2.97564e-05 0 0 2.16769e-05 0 1.76755e-05 0 1.42959e-05 0 2.48992e-05 0 2.64471e-05 3.71548e-05 6.71428e-05 0.999463 
1.20627e-07 1.86927e-05 2.45872e-06 4.15996e-06 5.45044e-05 0.000448207 0.00144576 0.0012926 0.00260451 0.00172307 0.00293805 0.00226455 0.001632 0.00186333 0.00240777 0.000924987 0.00171444 0.000893621 0.00340242 0.965523 0.00219791 0.00494329 0.000473561 0.000869313 0.000357895 
1.75178e-05 0.00462383 0.00920768 0.00935236 0.0237949 0.0296566 0.030102 0.179747 0.0334988 0.0278238 0.032707 0.0311816 0.0239928 0.130759 0.319582 0.0173678 0.0115759 0.0120846 0.0104859 0.0128943 0.00992983 0.0142841 0.00855171 0.0126693 0.00411076 
0.000107352 0.00340611 0.0122418 0.0294574 0.0371267 0.024902 0.0334815 0.0295251 0.0684562 0.0401804 0.306157 0.0426731 0.0262787 0.0226028 0.064405 0.0182043 0.0122949 0.0168979 0.0133038 0.0141069 0.0614513 0.0137957 0.0858047 0.0184731 0.00466632 
6.6789e-09 2.19761e-05 4.56285e-08 9.18976e-08 4.85314e-06 1.09992e-05 0.000167113 0.00017843 0.00163072 0.00131327 0.00252081 0.0013284 0.000808649 0.000943274 0.000949526 0.000621725 0.00118771 0.00066346 0.00170535 0.00149604 0.00482428 0.973949 0.00116892 0.00135965 0.00314577 
5.20003e-07 0.000890435 6.2859e-06 1.94595e-05 0.000218593 0.000681257 0.00292989 0.00372987 0.00877516 0.00717532 0.0109325 0.00565442 0.0044128 0.00633833 0.00908633 0.0051284 0.85705 0.0253398 0.0147619 0.00906807 0.00401138 0.00670933 0.00373916 0.00921188 0.00412925 
9.95984e-08 0.00127938 0.00613501 0.00296726 0.002979 0.00550661 0.00169055 0.00237926 0.00740575 0.00503548 0.0118202 0.0140038 0.00552696 0.0076526 0.00752099 0.856229 0.0116978 0.0107231 0.00366506 0.00783202 0.00556243 0.00681264 0.0049488 0.00945855 0.00116773 
1.93847e-06 0.00165066 0.002781 0.00373541 0.0112018 0.421468 0.0185876 0.0196885 0.0232111 0.113811 0.226677 0.0190768 0.0137743 0.0173716 0.0156466 0.0114908 0.00677735 0.010831 0.00905782 0.0101051 0.0121585 0.00949556 0.00554571 0.011588 0.00426753 
2.35842e-06 0.00174226 0.000677292 0.0041416 0.010776 0.019347 0.0202284 0.0238572 0.724829 0.0206279 0.0243781 0.0183797 0.0131363 0.0184581 0.0143214 0.0133668 0.00637877 0.0092209 0.00956317 0.0109205 0.0112787 0.00876264 0.00299258 0.00805497 0.00455827 
1.06653e-08 3.50896e-05 4.3114e-08 1.88391e-08 1.5605e-07 1.25433e-06 6.10887e-05 1.62227e-05 0.000301173 0.000474721 0.00211726 0.00079112 0.000781096 0.000828205 0.000848896 0.000492401 0.00102156 0.000709809 0.00161718 0.00109086 0.973172 0.0113454 0.00112578 0.00118245 0.00198613 
5.68611e-09 1.87094e-05 3.74872e-08 5.87298e-08 5.56186e-07 1.041e-05 0.000163147 0.000113874 0.00105017 0.000881592 0.00241039 0.00111228 0.000800018 0.000923602 0.000916552 0.000464596 0.00118829 0.000619235 0.00177319 0.0024945 0.971567 0.00897165 0.0008955 0.00125688 0.0023677 
4.93131e-06 0.00284019 0.00570595 0.0100378 0.021874 0.0309804 0.0359161 0.0414224 0.539092 0.0406392 0.0390358 0.0318348 0.0241368 0.025415 0.027649 0.0199261 0.0125783 0.01185 0.0129518 0.0176001 0.010881 0.0106127 0.0105775 0.0126361 0.00380231 
