2157
1.64852e-10 4.48439e-08 9.98423e-09 1.35334e-06 2.41473e-07 1.35691e-06 3.89104e-07 5.59615e-07 2.51821e-06 7.85697e-07 2.56036e-06 9.29493e-06 5.50484e-06 2.96285e-05 2.69517e-05 1.74245e-05 2.85226e-05 1.52098e-05 8.98085e-06 1.44111e-05 7.60833e-06 6.27341e-06 1.01236e-05 2.98214e-05 0.99978 
1.24599e-37 3.44535e-36 2.36795e-31 5.27411e-25 2.10374e-21 1.28886e-24 3.3163e-21 4.2512e-18 8.79471e-17 1.19658e-12 2.56081e-11 2.66319e-10 3.46714e-09 2.3854e-09 7.68899e-09 2.36378e-08 2.62274e-08 1.00439e-07 6.87e-08 1.27988e-07 7.93747e-05 0.00106003 0.98984 0.00812171 0.000898287 
1.17145e-06 0.000425018 6.95528e-06 9.20286e-07 1.77723e-06 7.22508e-05 0.00046675 0.00162141 0.00428135 0.00330489 0.00913639 0.00395435 0.00320277 0.00494142 0.882641 0.0170763 0.00931698 0.0152475 0.00367287 0.00663069 0.00332786 0.00620239 0.00658951 0.0167611 0.00111615 
8.37337e-08 1.06959e-05 1.81656e-06 2.1732e-06 9.07843e-06 5.26355e-05 0.000325672 0.000552677 0.00249053 0.00179744 0.0029673 0.0018476 0.00113349 0.00165888 0.00176476 0.00129825 0.00141551 0.00132115 0.00280668 0.96153 0.00521994 0.00722626 0.00279604 0.00140393 0.000367791 
0 0 0 0 0 0 0 0 0 0 0 0 0 0 0 0 0 0 0 0 0 1.51832e-05 5.94265e-05 0.999058 0.000867134 
0 0 0 0 0 0 0 0 0 0 0 0 0 0 0 0 0 0 0 0 0 2.1762e-05 8.00091e-05 0.00015142 0.999747 
9.19637e-05 0.00233243 0.0136975 0.033073 0.0448868 0.0432488 0.0477192 0.048954 0.0504468 0.0448636 0.0461697 0.0512487 0.197627 0.102334 0.0404463 0.090358 0.0159713 0.0202451 0.0150269 0.0157316 0.0208052 0.0189218 0.0117005 0.0175383 0.00656178 
2.5845e-08 9.3709e-06 3.0737e-06 6.75668e-05 0.000135471 0.000258827 0.000364377 0.000597341 0.00257222 0.00174505 0.00303624 0.00169689 0.00116521 0.00161012 0.00151524 0.00164258 0.0016455 0.0035415 0.00607263 0.00681771 0.0111115 0.0207676 0.0114875 0.910618 0.0115182 
1.67886e-06 0.000504939 1.65884e-05 3.79836e-05 0.000582787 0.0018825 0.00429127 0.00568594 0.0132817 0.00910539 0.0142311 0.0152235 0.857099 0.00979847 0.00951825 0.00797516 0.00710894 0.00636566 0.00375594 0.00920726 0.00401954 0.00681389 0.00505563 0.0066382 0.00179832 
1.10063e-05 0.000639449 0.000733908 0.00482672 0.0139345 0.0165453 0.0194206 0.0173577 0.0219572 0.0192757 0.0264976 0.0221125 0.0216196 0.56619 0.0171804 0.0118467 0.0144545 0.0165418 0.0236376 0.0416955 0.0479108 0.0446206 0.0146448 0.0110126 0.00533297 
1.34121e-07 1.00255e-05 3.31744e-06 5.987e-06 5.92044e-05 0.000369045 0.00139095 0.00128338 0.00291058 0.00196224 0.00330654 0.00234559 0.0019952 0.00242404 0.00255424 0.00194937 0.00361626 0.935215 0.0171569 0.0032189 0.00313935 0.00472865 0.00401186 0.00476668 0.00157637 
3.1452e-08 1.14109e-05 1.86824e-07 6.55781e-08 6.18285e-07 5.5376e-06 0.000199694 5.17714e-05 0.00073944 0.00066767 0.00266334 0.00109845 0.00097747 0.00114148 0.00118124 0.00101003 0.00133149 0.000954743 0.00193006 0.00186173 0.963184 0.0119794 0.00442428 0.00277268 0.00181293 
1.59661e-05 0.00214744 0.00461824 0.0112858 0.0218421 0.0274551 0.184046 0.0396686 0.428454 0.03235 0.03138 0.026986 0.0225111 0.0225078 0.0198689 0.0150485 0.0106511 0.010937 0.016739 0.0196628 0.0139607 0.0134552 0.00647933 0.0124333 0.00549618 
1.49297e-06 0.000517233 1.05931e-05 6.68926e-06 3.60423e-05 0.000251885 0.0015321 0.00322873 0.00889755 0.0058782 0.014053 0.891708 0.0126509 0.00607885 0.00741565 0.00549275 0.00509363 0.0022379 0.00256836 0.00862738 0.00317577 0.00585987 0.00445983 0.00715974 0.00305822 
2.87764e-07 1.24812e-05 3.00396e-05 0.000161637 0.000294121 0.00071647 0.000568728 0.000431511 0.000367283 0.000506199 0.000456831 0.000559543 0.000922648 0.000288939 0.000553559 0.000739795 0.00104222 0.000414591 0.00219878 0.00418216 0.00209521 0.00218888 0.969765 0.00838326 0.00312034 
3.71585e-08 1.33537e-05 2.4347e-07 3.9382e-07 4.03324e-06 1.74926e-05 0.000175993 7.24354e-05 0.000656855 0.000549791 0.00227264 0.000970621 0.00102672 0.00111835 0.00138334 0.00113975 0.00131629 0.00134563 0.00264381 0.970928 0.00496814 0.00566805 0.00206655 0.00140584 0.000255946 
2.60831e-30 3.86639e-20 7.357e-16 1.33537e-11 5.32294e-08 3.89212e-09 3.10136e-06 2.38295e-06 3.73246e-06 2.58755e-05 8.71908e-06 5.76852e-06 5.31528e-05 1.114e-05 0.00010762 4.00125e-05 3.97039e-05 0.0001669 7.6243e-05 3.12018e-05 2.54789e-05 0.000118745 0.000205276 0.00149937 0.997576 
1.55904e-06 0.000509859 1.28319e-05 1.34918e-05 7.46096e-05 0.000396956 0.00168596 0.003667 0.00934981 0.00723116 0.0116646 0.00614176 0.0105622 0.887816 0.0102202 0.00606696 0.00607122 0.00522346 0.00298958 0.00845298 0.0040345 0.0067025 0.00422653 0.00525538 0.00162923 
5.47618e-05 0.00401313 0.0135026 0.0419094 0.0439842 0.0410196 0.0510442 0.0490702 0.0512764 0.050696 0.0543089 0.0559962 0.270631 0.0338376 0.0388686 0.0273508 0.021952 0.0198307 0.0276975 0.0188266 0.0232246 0.0248979 0.0108161 0.0185229 0.00666789 
2.39561e-16 7.7457e-15 2.41213e-14 4.54314e-14 5.67139e-13 1.50066e-13 1.06713e-12 1.25888e-09 2.87081e-08 1.24627e-07 1.4922e-05 5.68736e-05 1.52713e-05 7.90247e-05 5.0224e-05 0.000240905 0.000584058 0.000669771 0.000662552 0.000417101 0.00213767 0.969224 0.0128032 0.00982419 0.0032201 
6.15069e-12 2.18039e-09 5.12053e-11 1.67785e-10 2.84603e-08 1.45178e-08 1.18283e-05 6.84195e-05 0.000272393 9.39864e-05 0.000177024 0.000630835 0.000698994 0.000274406 0.000373428 0.000705218 0.929599 0.0332064 0.0145414 0.00445721 0.00101316 0.000648399 0.00325355 0.00641831 0.00355647 
1.19743e-06 0.000433866 7.18154e-06 5.18785e-05 0.000984628 0.00242933 0.00285777 0.00358794 0.00662387 0.00437414 0.00947606 0.00481677 0.00376368 0.00774931 0.44773 0.452055 0.00826955 0.00967215 0.00345615 0.00597438 0.0043576 0.00668434 0.00408196 0.00922571 0.00133598 
4.23917e-08 1.53891e-05 3.90924e-07 4.82724e-07 7.12397e-06 4.74099e-05 0.000336758 0.000565902 0.00248502 0.00164885 0.00299387 0.00176424 0.00110986 0.00156921 0.00138676 0.00125032 0.00145257 0.000860279 0.00183269 0.00186086 0.00328322 0.949154 0.0124864 0.00958244 0.00430624 
0 0 0 0 0 0 0 0 0 0 0 0 0 0 0 0 0 0 0 0 6.46026e-11 1.00134e-05 0.000221578 0.996605 0.00316308 
3.36551e-08 1.22105e-05 2.08095e-07 2.97974e-06 6.18771e-05 0.000209902 0.000365354 0.000148598 0.0015017 0.000986582 0.00282012 0.0013621 0.00124525 0.00128448 0.00120219 0.00112289 0.00149389 0.000781456 0.00172162 0.00182301 0.00298087 0.955044 0.0131018 0.00892699 0.00179951 
2.79937e-06 0.000157522 0.000437042 0.00289801 0.0111324 0.00854573 0.00897768 0.00803849 0.00940723 0.00906507 0.0126748 0.0135361 0.0106338 0.00770526 0.00587572 0.00589541 0.00952548 0.0096695 0.017442 0.0526235 0.0404756 0.734351 0.0085506 0.00754362 0.00483553 
1.85138e-07 6.71704e-05 1.09916e-06 1.34491e-07 4.90739e-08 2.30693e-06 2.2831e-06 8.04449e-05 0.000105848 3.70859e-05 0.000181106 0.000796329 0.000720593 0.000388693 0.000252532 0.000932848 0.000926109 0.000784768 0.00144287 0.00108144 0.00141593 0.00826582 0.969806 0.00896016 0.00374867 
2.01919e-15 4.92041e-14 2.07922e-13 3.89814e-13 2.75924e-12 1.22773e-12 3.55837e-11 8.25714e-09 1.13267e-07 6.84673e-07 3.50823e-05 0.000220809 0.0001287 0.000115293 7.13328e-05 0.00029352 0.000628831 0.000779677 0.000704764 0.968778 0.0123208 0.00854297 0.00330886 0.00210232 0.0019683 
1.62426e-05 0.00130064 0.00418477 0.0145837 0.0310894 0.0384008 0.0515514 0.431259 0.0538734 0.0401061 0.0419824 0.0392387 0.0300735 0.0266333 0.0269136 0.0185677 0.0121108 0.0164939 0.0272527 0.0207846 0.0233574 0.0208072 0.0071458 0.0153903 0.00688229 
9.75329e-08 3.53854e-05 5.7927e-07 7.12359e-08 2.33957e-07 3.22918e-06 9.18644e-05 0.000594484 0.00272708 0.00175265 0.00262961 0.00278648 0.00217883 0.00255425 0.00596673 0.92544 0.00821575 0.0143003 0.00275576 0.00533261 0.00151108 0.00273821 0.00545646 0.0116969 0.001231 
5.12224e-07 2.94448e-05 7.25196e-05 0.000468615 0.000750333 0.00121576 0.00194699 0.0023983 0.00418454 0.00343748 0.00438014 0.00343484 0.00254874 0.00312006 0.00274539 0.00190041 0.00166594 0.00169059 0.00303346 0.00253959 0.92095 0.0249264 0.00520862 0.0044544 0.0028973 
6.15964e-07 3.38093e-05 6.17438e-05 0.000373935 0.0024647 0.00411544 0.00641141 0.003054 0.0045094 0.00370435 0.00637562 0.00517305 0.00365155 0.00380795 0.00384316 0.00251869 0.00352848 0.00642397 0.0149337 0.0198477 0.855639 0.0370663 0.00673638 0.00437324 0.00135236 
3.00225e-08 1.09005e-05 3.02156e-07 2.84805e-07 3.09319e-06 1.75539e-05 0.00027776 0.00040415 0.00206939 0.00138257 0.00282175 0.00162995 0.000998034 0.00122722 0.00124891 0.0011204 0.00143384 0.000754812 0.00171757 0.00187807 0.00300156 0.962037 0.0104742 0.00304894 0.00244217 
1.04184e-05 0.000943987 0.00295252 0.0136746 0.0236628 0.0330277 0.0471249 0.0519652 0.0461734 0.0419912 0.0439197 0.0414425 0.034543 0.404821 0.0306753 0.0196909 0.0129406 0.0163207 0.0317601 0.0248796 0.0197113 0.0261902 0.00925396 0.0165947 0.00573 
2.68449e-05 0.00251643 0.00729112 0.0124166 0.108441 0.0462573 0.149579 0.255378 0.117461 0.03165 0.0323365 0.03051 0.0249634 0.0257264 0.0254511 0.0151358 0.0142515 0.013168 0.0138694 0.0123682 0.0239156 0.0128205 0.00905957 0.0102171 0.00518934 
1.50742e-05 0.00195351 0.00496119 0.0178857 0.0295437 0.0403495 0.0494602 0.0518925 0.0467452 0.0360486 0.0456278 0.406333 0.0288651 0.0273138 0.0248553 0.0202209 0.0141581 0.0147634 0.0257368 0.0261567 0.0318015 0.0248253 0.00779145 0.0159562 0.00673934 
7.87449e-07 0.0002857 4.76262e-06 2.34735e-06 3.76438e-05 0.000212256 0.000573431 0.00140933 0.00563947 0.00402481 0.00798394 0.00412687 0.00325174 0.00381273 0.00566642 0.00550341 0.0101292 0.890676 0.0186242 0.00842497 0.00468777 0.00625196 0.00874358 0.00740459 0.0025223 
1.05733e-11 3.83449e-09 6.32637e-11 1.85705e-10 1.28078e-09 3.70455e-09 2.19383e-07 6.12528e-08 1.9816e-06 3.36057e-06 3.83468e-05 0.00046419 0.000359233 0.000119397 0.000120233 0.000377993 0.000644193 0.00128839 0.00117904 0.00134002 0.974888 0.0122769 0.00390086 0.00211041 0.000887117 
8.24852e-06 0.000424067 0.00112496 0.00548992 0.0158392 0.0159543 0.0200145 0.0205892 0.018887 0.0189231 0.0205586 0.0141139 0.0163555 0.0148009 0.0126845 0.00873856 0.0122726 0.0172082 0.0360671 0.625446 0.0429434 0.0410175 0.0106702 0.00662214 0.00324707 
1.42391e-08 5.16596e-06 8.4593e-08 4.1066e-08 3.53969e-07 1.99942e-06 0.000126331 2.64658e-05 0.00025751 0.00043675 0.00198961 0.000700436 0.000861306 0.00121213 0.00659602 0.951438 0.00998191 0.00955552 0.00132513 0.000697578 0.00245217 0.00178493 0.00142443 0.00851573 0.000610753 
7.24415e-07 0.000262823 4.30156e-06 5.79944e-07 1.038e-06 1.91348e-05 0.000412446 0.000715945 0.00339636 0.00278287 0.00700465 0.0032406 0.00246226 0.00359938 0.00731961 0.913324 0.00799197 0.0136006 0.00377311 0.00536005 0.0035898 0.00539548 0.00492547 0.00940398 0.00141283 
1.43753e-06 0.000493422 1.04394e-05 3.43751e-05 0.000488928 0.00125218 0.00224038 0.00437506 0.0101231 0.00720976 0.0113511 0.00611788 0.00404673 0.00662193 0.0105876 0.0143122 0.0127822 0.0148406 0.00904549 0.010095 0.00616601 0.0096157 0.00715157 0.00932877 0.841708 
1.04612e-09 7.78623e-08 7.07661e-08 2.03913e-06 2.15905e-05 3.43678e-05 0.000187734 1.1151e-05 5.50169e-05 5.53048e-05 0.000138847 0.000452073 0.000237313 0.000215421 0.000154164 0.000301565 0.000276235 0.000811798 0.0021598 0.000922726 0.977376 0.00946396 0.00350685 0.00215777 0.00145803 
5.45939e-06 0.000546024 0.00248299 0.408099 0.0519786 0.0418342 0.040896 0.0380711 0.0410345 0.0339833 0.0364045 0.0320357 0.0263806 0.0288503 0.0273009 0.0218655 0.0111307 0.0143659 0.0226611 0.0498476 0.0288829 0.0213631 0.00583134 0.00876189 0.00538637 
4.21569e-07 0.000146318 3.04096e-06 1.62765e-06 1.35565e-05 0.00010186 0.000400626 0.00237314 0.896001 0.0209003 0.0115489 0.00212349 0.00156862 0.0037024 0.00980447 0.00877832 0.00517356 0.00247015 0.00268332 0.0122684 0.00279798 0.00368973 0.00262221 0.00546918 0.00535722 
9.91236e-16 2.41547e-14 1.02071e-13 2.87147e-13 3.83083e-10 8.15882e-13 6.04613e-10 7.73823e-07 3.52526e-08 3.26989e-07 2.75882e-05 1.54931e-06 9.19467e-07 3.29807e-05 0.000229475 0.000833142 0.993037 0.00340402 0.000740501 4.83726e-05 0.000420572 0.00043534 0.000130922 0.000621697 3.48479e-05 
3.15641e-06 0.000161409 0.000463771 0.00314965 0.0113992 0.00824371 0.00962447 0.00718955 0.00970818 0.00885759 0.0132421 0.0133769 0.0108541 0.00795342 0.00631443 0.00750175 0.0110052 0.678712 0.0339613 0.0587291 0.0333059 0.0436532 0.00752614 0.0106593 0.00440484 
1.37189e-07 4.97731e-05 8.14764e-07 1.18995e-07 3.6426e-07 2.98734e-06 0.000114019 0.000567931 0.00242902 0.00229633 0.00535771 0.00275698 0.00221689 0.00281169 0.00566092 0.930415 0.00684783 0.0118623 0.00313812 0.00451159 0.00252448 0.00387807 0.0037794 0.0075534 0.00122409 
2.07716e-14 5.06168e-13 2.13891e-12 4.00044e-12 8.49535e-12 1.13581e-11 2.68896e-11 1.12386e-08 7.30486e-06 1.66879e-05 4.54916e-05 0.000114698 2.73281e-05 6.23407e-05 0.000105623 0.000901072 0.00116678 0.00336796 0.982925 0.00211346 0.00169723 0.000891913 0.00433832 0.00216408 5.50164e-05 
1.60141e-06 0.000531062 1.29186e-05 3.67866e-05 0.000342012 0.0010503 0.00299677 0.00544932 0.00946568 0.00745683 0.0138345 0.00692558 0.00571782 0.00763234 0.00949263 0.00785302 0.875583 0.0119819 0.00442823 0.00843443 0.00421442 0.00794471 0.00244777 0.00464986 0.00151651 
1.25933e-07 1.34169e-05 3.46554e-06 2.03251e-05 7.15859e-05 0.000252511 0.000489193 0.000834992 0.0026827 0.00196171 0.0031739 0.00195198 0.00115104 0.00161377 0.0019528 0.00153241 0.00144533 0.00162579 0.00241148 0.9354 0.0177793 0.0137972 0.00490114 0.00283065 0.00210282 
1.43443e-13 3.49545e-12 1.47709e-11 3.26949e-11 1.98417e-08 1.01351e-09 8.60224e-06 5.14391e-05 0.000247333 0.000110084 0.000111482 0.000558934 0.000344459 0.000303648 0.000213274 0.000560135 0.000699901 0.000772449 0.000890573 0.00106813 0.00107092 0.973964 0.0149724 0.00307299 0.000979271 
1.38401e-06 0.000502148 8.45239e-06 5.68699e-06 4.22746e-05 0.000268247 0.00128366 0.00338524 0.00904699 0.00611747 0.0110833 0.0056444 0.00394227 0.00568933 0.0116379 0.876067 0.0102135 0.0138528 0.00367575 0.00832174 0.00392203 0.00766731 0.00551936 0.0104038 0.00169761 
2.48406e-08 9.01248e-06 1.47486e-07 1.87618e-08 1.43797e-08 2.5149e-06 9.02019e-07 1.30657e-05 6.72014e-05 9.89378e-05 0.0010037 0.0007777 0.000710148 0.000277443 0.000116434 0.000920913 0.000992973 0.00068657 0.00145438 0.00106684 0.00205745 0.966764 0.0143648 0.00685548 0.00175916 
4.99053e-05 0.00103773 0.00200319 0.0100069 0.0227513 0.0336292 0.496488 0.0485601 0.0354413 0.0295404 0.0343283 0.0279553 0.0285216 0.024414 0.0253418 0.0160578 0.0183472 0.0185269 0.0334454 0.0177117 0.0309838 0.0200074 0.00774122 0.0114594 0.0056502 
7.27988e-07 0.000264134 4.5089e-06 2.16576e-06 3.59567e-05 0.000199505 0.000974189 0.00185623 0.00750216 0.0049666 0.00846396 0.00496351 0.00314745 0.004497 0.00542412 0.00526444 0.888042 0.0297794 0.0042356 0.00793186 0.00356594 0.00567922 0.00280727 0.0057819 0.0046102 
7.89789e-06 0.00225272 0.010092 0.00523991 0.0050795 0.00843077 0.00181877 0.00234616 0.00730187 0.00321473 0.00744861 0.0191923 0.0042019 0.00791221 0.00661141 0.00847245 0.00232135 0.00455927 0.0021733 0.00394317 0.00525758 0.86686 0.00766021 0.00474472 0.00285713 
5.42732e-40 2.1505e-33 1.24656e-27 2.77673e-21 1.10759e-17 6.77044e-21 8.92082e-18 2.27001e-14 7.3487e-16 9.9712e-12 7.08006e-12 8.9328e-11 6.8179e-10 5.8707e-10 1.69355e-06 4.61008e-06 3.62995e-07 1.22932e-05 9.90445e-07 6.27663e-05 0.000157461 0.000230495 0.000344733 0.000624396 0.99856 
8.05556e-06 0.00110446 0.00158318 0.00870882 0.0227585 0.0210668 0.0329099 0.0315612 0.0340497 0.0286127 0.0398597 0.0337049 0.028389 0.0219702 0.0203969 0.0176555 0.0165344 0.0128546 0.0328152 0.0450662 0.0452447 0.0440536 0.0116968 0.0199581 0.427437 
7.55087e-06 0.000455033 0.00115994 0.00635293 0.0199456 0.0181243 0.021431 0.0199021 0.0199787 0.0166933 0.0201067 0.0171557 0.0155637 0.0135056 0.0114329 0.00931757 0.0149255 0.561819 0.0426607 0.0515852 0.0475251 0.0436722 0.0103116 0.00973099 0.0066366 
4.6e-11 1.63882e-08 9.67944e-10 1.15964e-07 2.75345e-08 4.64307e-08 5.66524e-08 9.51522e-07 1.40679e-06 5.43787e-07 6.18096e-07 1.94493e-06 6.08441e-06 7.80283e-05 5.3006e-06 4.15325e-05 1.21985e-05 3.35481e-05 0.000561172 4.53212e-05 0.000205105 0.000147095 0.000159598 0.991682 0.00701729 
1.38382e-08 5.02033e-06 8.22857e-08 8.12293e-08 1.06976e-06 4.35201e-06 0.000181409 5.17334e-05 0.00115794 0.000649875 0.00244556 0.00100757 0.000909174 0.00113724 0.00164255 0.00122229 0.00754258 0.923866 0.0211803 0.0161669 0.00414813 0.00236808 0.00399901 0.00815504 0.00215835 
5.77928e-06 0.000473039 0.001708 0.0154486 0.0270201 0.0326031 0.305053 0.0306878 0.0331989 0.0261013 0.0300707 0.0275334 0.0202373 0.0225863 0.0231374 0.0148812 0.00649122 0.0128483 0.0138875 0.0255488 0.293844 0.0184004 0.00494619 0.00878151 0.00450594 
3.53128e-06 9.44147e-05 0.000203114 0.00108655 0.00389722 0.00390816 0.00561543 0.00441316 0.006319 0.00479727 0.00831818 0.00694784 0.005177 0.00512935 0.00502444 0.00366408 0.00537985 0.0119689 0.848211 0.0177615 0.0172552 0.0187027 0.00756191 0.00708338 0.00147721 
5.23151e-14 1.29347e-12 5.38175e-12 1.1433e-11 5.38089e-09 2.2617e-10 3.62303e-06 1.42476e-05 9.17866e-05 4.10983e-05 3.42542e-05 0.000345952 0.000347975 0.000159216 0.000192461 0.00106015 0.989146 0.00380366 0.00122153 0.000709025 0.000405425 0.000556415 0.000296542 0.00145499 0.000116135 
1.61522e-08 5.86866e-06 2.26798e-07 3.06903e-07 3.57413e-06 1.3091e-05 0.000286894 0.00043058 0.00210126 0.0015609 0.00265101 0.00150691 0.000972299 0.00130868 0.0013966 0.00164198 0.00234054 0.00380178 0.963596 0.00287443 0.00281476 0.0020807 0.00409088 0.00418929 0.0003314 
1.68091e-05 0.000768191 0.00400671 0.0104452 0.0394867 0.499997 0.0395559 0.0429317 0.0375461 0.0333491 0.0300858 0.0297737 0.0252472 0.0285236 0.0256222 0.0132326 0.0122069 0.0136854 0.0200561 0.0174358 0.0364362 0.0155397 0.00792063 0.00892914 0.00720155 
1.66186e-06 0.000524208 1.48802e-05 4.52794e-05 0.000752296 0.00181544 0.00301178 0.00468829 0.0115721 0.00824809 0.0123165 0.00739817 0.00549886 0.00944254 0.845728 0.0154718 0.00847695 0.0147652 0.00369138 0.00888351 0.00519231 0.00734264 0.00724545 0.0164326 0.00143988 
3.75278e-06 0.000252286 0.000382959 0.00267266 0.00660689 0.0088901 0.0534173 0.0114368 0.0119227 0.0118538 0.121841 0.0130526 0.0099615 0.00827932 0.00852729 0.00584163 0.00745846 0.00827338 0.485881 0.0685756 0.0252738 0.112721 0.00683234 0.00743366 0.00260896 
1.44276e-07 1.21085e-05 3.96218e-06 9.75464e-06 0.000100653 0.000440189 0.00149265 0.00137208 0.00315699 0.00215501 0.00341846 0.00263909 0.00211391 0.00253991 0.00276758 0.00217354 0.00225129 0.00299045 0.00707395 0.948363 0.0035926 0.00560275 0.00262185 0.00266825 0.000439463 
5.1609e-07 2.92266e-05 4.86398e-05 0.000325295 0.00176919 0.00359261 0.00594078 0.00268457 0.00428952 0.00342564 0.00552237 0.00470369 0.00349373 0.00353084 0.00363829 0.00245981 0.00344576 0.00590084 0.0154836 0.862885 0.0312163 0.0247236 0.00682367 0.00298354 0.00108286 
9.20242e-08 3.33868e-05 5.46577e-07 6.87002e-08 2.3443e-07 6.75461e-06 9.06891e-05 0.000515547 0.00248223 0.00195311 0.00467931 0.00295177 0.00239505 0.0026411 0.00307197 0.935524 0.0154114 0.00693841 0.00302654 0.00522341 0.00193589 0.00338436 0.00264067 0.00399575 0.00109739 
7.87172e-12 1.97224e-09 3.00185e-10 6.89383e-10 1.1278e-08 8.99391e-09 3.64907e-08 2.8369e-05 0.00145585 0.00380735 0.96726 0.00412582 0.00106262 0.000424724 0.000253151 0.000363422 0.000667143 0.0010485 0.000915664 3.04125e-05 0.000386469 0.000984232 0.000254225 0.0156423 0.00128951 
2.68051e-06 0.000160301 0.000487737 0.00367614 0.0118168 0.00848908 0.00870121 0.0071823 0.00994858 0.00719523 0.0137284 0.014658 0.0116484 0.00873871 0.00619707 0.0069609 0.00953138 0.705516 0.0331898 0.0553385 0.0275059 0.0299433 0.00664802 0.00938121 0.00335414 
3.92772e-08 1.42497e-05 2.33369e-07 4.92447e-08 2.40395e-07 4.48116e-06 6.45118e-05 0.000208373 0.00118504 0.00150936 0.00368627 0.00216711 0.0019053 0.00235019 0.00639558 0.93136 0.00674886 0.0133596 0.00257279 0.00320064 0.00291627 0.00310503 0.00491925 0.0110946 0.00123178 
1.66237e-06 0.000530797 1.45251e-05 1.59708e-05 9.10836e-05 0.000525723 0.00222549 0.00358892 0.010604 0.00728958 0.0187715 0.87638 0.0135893 0.00599285 0.00737098 0.0057895 0.00379324 0.00200911 0.00242048 0.00926811 0.0033787 0.00860225 0.00382683 0.00923713 0.00468255 
2.09527e-17 5.10581e-16 2.15759e-15 4.86596e-14 1.77307e-10 1.4277e-13 2.79401e-10 3.58351e-07 7.94774e-09 5.08018e-08 2.40523e-05 6.23356e-07 4.52048e-06 0.000180639 0.000113453 0.000925732 0.961039 0.0220357 0.00320945 0.0013889 0.000912949 0.000697902 0.0026705 0.00439301 0.00240279 
0 0 0 0 0 0 0 0 6.4344e-05 0.000259694 0.000496951 0.000587595 0.000818064 0.000722517 0.000913261 0.000925069 0.000856862 0.00138406 0.000666952 0.000925331 0.00110629 0.00139412 0.00173272 0.983979 0.00316677 
1.59626e-07 1.62521e-05 4.13221e-06 1.73697e-05 0.00018103 0.0010167 0.00209045 0.00195907 0.00352592 0.00238078 0.00383361 0.00292171 0.00252477 0.00282467 0.0033448 0.0017951 0.00211319 0.00243589 0.00474524 0.00284828 0.936092 0.0156661 0.00422741 0.00291016 0.000524957 
1.47548e-12 3.59549e-11 1.51937e-10 3.00276e-10 4.71775e-08 8.34304e-09 1.59703e-05 0.000221903 0.000942843 0.00128068 0.00212137 0.00175788 0.00112657 0.00237859 0.948751 0.00674472 0.00755008 0.00577592 0.002013 0.00165426 0.00121461 0.00249172 0.00154994 0.0117835 0.00062584 
0.000109922 0.00156825 0.00389349 0.0071338 0.0174448 0.0186557 0.0214651 0.0241564 0.0214673 0.0167128 0.0266588 0.0170168 0.0184651 0.0178813 0.0158442 0.00877866 0.0141782 0.0195003 0.616907 0.0230423 0.0322244 0.0236629 0.0205534 0.00999205 0.00268719 
0 0 0 0 0 0 0 0 0 0 0 0 0 0 0 0 0 0 0 5.08812e-05 9.18827e-05 0.000115062 0.00012691 0.000163326 0.999452 
5.46594e-14 1.98297e-11 3.25099e-13 1.47767e-12 1.04956e-11 2.64398e-11 3.69865e-11 2.44657e-10 1.82681e-09 4.275e-09 3.31336e-08 1.29177e-08 6.32742e-08 1.89381e-06 1.28629e-05 1.90112e-05 6.09317e-05 0.000143185 0.00018934 3.51767e-06 0.000137659 0.000505893 0.989123 0.00794284 0.00186008 
1.80788e-06 8.65722e-05 0.00022066 0.00132907 0.00515933 0.00670021 0.0086482 0.00537876 0.00642935 0.0071206 0.0091081 0.00883312 0.00610981 0.00518432 0.00466973 0.00358368 0.0071543 0.00838936 0.0156805 0.802328 0.0343948 0.0418338 0.00458329 0.0041105 0.00296169 
4.16906e-15 1.01593e-13 4.29302e-13 8.18771e-13 5.9011e-11 2.50562e-12 9.56462e-11 1.17877e-07 1.91104e-06 4.77295e-06 0.000104619 7.94893e-06 4.87128e-06 0.000189182 0.000159979 0.000748701 0.942518 0.0337403 0.00764061 0.001904 0.000994551 0.000830208 0.00272852 0.00426723 0.00415494 
1.36237e-06 0.000423796 1.26285e-05 5.38238e-05 0.000968779 0.00248019 0.00366108 0.00475734 0.0107586 0.00710629 0.0105519 0.00702739 0.885376 0.0109348 0.00930261 0.00622117 0.00523739 0.0049168 0.00318681 0.00728965 0.00442378 0.00605407 0.00350353 0.00394356 0.00180671 
1.09838e-06 0.000398507 6.52217e-06 7.1474e-06 4.41583e-05 0.000160796 0.000595503 0.00191834 0.00409202 0.00314482 0.00771339 0.00352043 0.00271179 0.00410788 0.00580227 0.00536978 0.464301 0.458877 0.0111223 0.00656444 0.00374353 0.00569652 0.00421818 0.00467558 0.00120735 
7.06544e-06 0.000790415 0.00257657 0.021608 0.461341 0.040011 0.0392658 0.0472664 0.0433307 0.0306354 0.0378467 0.0346809 0.0282841 0.026799 0.0304347 0.0187549 0.00823666 0.0156161 0.0302613 0.0211421 0.0183918 0.020041 0.00606045 0.0102166 0.00640099 
3.68524e-07 0.000133594 3.60292e-06 0.000125825 0.000533873 0.000725132 0.000491646 0.00103877 0.000890419 0.00113431 0.00290042 0.00155083 0.00100854 0.00301292 0.00297235 0.00175479 0.0013536 0.00189568 0.00191378 0.944891 0.0129837 0.01158 0.00379419 0.00263886 0.000671616 
1.02868e-06 0.000373219 6.10761e-06 8.04981e-07 1.27884e-06 3.37472e-05 0.000410093 0.00113422 0.00378002 0.00296037 0.00826113 0.00376086 0.00310484 0.00423366 0.00647135 0.0131146 0.0110892 0.0111343 0.00646467 0.00762221 0.004147 0.888705 0.0152057 0.00694966 0.00103514 
0 0 0 0 0 0 0 0 0 0 0 0 0 0 0 0 6.05325e-05 0.00016785 0.000176353 0.0003793 0.000440134 0.00060585 0.000778385 0.000773694 0.996618 
1.58372e-06 0.000521279 1.31828e-05 4.80055e-05 0.00055322 0.00142655 0.0029966 0.00468954 0.0100863 0.00766899 0.0122593 0.00680499 0.00523425 0.00685061 0.0122253 0.854739 0.0181017 0.0144141 0.00474615 0.00824194 0.00423183 0.00781147 0.00467505 0.0100535 0.00160534 
1.03721e-05 3.45457e-05 2.23752e-05 4.31038e-05 0.000108318 0.000132753 7.9909e-05 0.000189512 0.000153033 0.000118996 0.00027294 8.25531e-05 0.000249046 0.000124245 0.000251897 0.00017318 0.000127152 0.000185258 7.03165e-05 0.000126763 0.000415532 0.000460947 0.000931964 0.00155442 0.994081 
3.20611e-06 0.000148983 0.000424842 0.00280929 0.010197 0.00820762 0.00867291 0.00768609 0.00912493 0.00904109 0.0129121 0.0142585 0.0102428 0.00787661 0.00586374 0.0057417 0.00922772 0.0131271 0.70184 0.0599886 0.037259 0.0488257 0.00614519 0.00613428 0.00424113 
1.2379e-37 3.4171e-36 2.31856e-31 5.16409e-25 2.05986e-21 1.26197e-24 3.24714e-21 4.16252e-18 8.47998e-17 1.15376e-12 2.06691e-11 2.15344e-10 2.78603e-09 1.91868e-09 6.62095e-09 2.1004e-08 2.52902e-08 9.87004e-08 6.75546e-08 1.14909e-07 2.86493e-05 0.000582068 0.990294 0.00819546 0.000899505 
1.31973e-06 8.72342e-05 0.000276111 0.00202543 0.00481261 0.00419471 0.00646154 0.00518176 0.00642021 0.00483794 0.00896588 0.00895407 0.00751369 0.00604588 0.00460302 0.00452918 0.00556395 0.00595568 0.0151141 0.0283587 0.827072 0.029857 0.0062571 0.00543229 0.0014781 
0.506327 0.119803 0.0846214 0.0310602 0.0182513 0.0192905 0.0137792 0.0133285 0.0207334 0.0163988 0.0200983 0.0141541 0.0149589 0.0120092 0.0176533 0.0106455 0.00460385 0.0106918 0.00520474 0.00973103 0.00589271 0.0164638 0.00453078 0.00568269 0.00408676 
2.8289e-07 0.000102402 1.82326e-06 1.69479e-06 1.06474e-05 5.02602e-05 0.000132531 0.000446361 0.00073877 0.000395136 0.00165789 0.0010043 0.00100053 0.000783353 0.000935362 0.00168 0.476951 0.480963 0.00906622 0.0102062 0.00373807 0.000976127 0.00216627 0.00582824 0.00116336 
4.19963e-17 1.02338e-15 4.32453e-15 7.92001e-14 2.83315e-10 2.08001e-13 4.4659e-10 5.72623e-07 1.68376e-08 5.47989e-08 1.01882e-05 4.6188e-07 3.70364e-06 0.000152098 0.000276992 0.000691774 0.982148 0.0107964 0.000886972 0.000897107 0.000349453 0.000585413 0.000370813 0.00198739 0.000842716 
7.13359e-06 0.000618938 0.00173528 0.00966673 0.0176878 0.020766 0.0269205 0.0501657 0.0283617 0.0236981 0.0723592 0.0366738 0.0202332 0.0509949 0.0158086 0.0119121 0.0126147 0.0123297 0.304384 0.0346736 0.0267325 0.0311808 0.00656556 0.178608 0.00530128 
5.50342e-05 0.0142757 0.00935241 0.0201294 0.125171 0.0395531 0.0400185 0.0413134 0.043014 0.0358115 0.273419 0.0312357 0.0765706 0.0274817 0.0246619 0.0478492 0.0137804 0.0449266 0.0150256 0.0145247 0.0194839 0.0135944 0.0106684 0.0131161 0.00496762 
1.65035e-05 0.0031866 0.00832723 0.0168026 0.0443385 0.448973 0.0439282 0.0412179 0.0355524 0.0334647 0.034034 0.0301145 0.0258592 0.0340127 0.043273 0.018466 0.0150043 0.0138539 0.0182869 0.0176939 0.0337576 0.0153542 0.00704771 0.0114862 0.00594873 
5.40645e-08 2.95667e-06 1.01375e-05 7.75944e-05 8.57194e-05 8.79828e-05 7.51326e-05 0.000138932 7.40897e-05 6.96727e-05 0.000221695 0.000712239 0.000477809 0.000230042 0.000124733 0.000406515 0.00066099 0.00065632 0.000939373 0.000727388 0.00257018 0.0121783 0.956745 0.00939138 0.0133356 
1.11474e-14 2.71644e-13 1.14789e-12 2.23996e-12 3.70763e-10 6.87872e-12 6.70288e-07 4.40437e-08 5.47124e-06 8.69299e-06 4.97101e-05 0.00051666 0.000361975 0.000141759 7.6695e-05 0.000395531 0.000652503 0.000648317 0.000909016 0.00052141 0.00139365 0.0080023 0.970702 0.00806455 0.00754914 
1.62108e-06 0.000499806 1.55478e-05 3.16847e-05 0.000377857 0.00163064 0.00465031 0.00570868 0.0124809 0.00838124 0.0175317 0.853331 0.0154325 0.00855294 0.00884673 0.00676008 0.00612914 0.0053899 0.00464656 0.00900929 0.00348029 0.00817978 0.00575142 0.00943748 0.00374239 
1.8406e-06 0.000501644 2.26964e-05 0.000134036 0.00158794 0.00464471 0.00644884 0.00708351 0.019971 0.822338 0.0320741 0.0138585 0.0105329 0.00707196 0.00915312 0.00871648 0.00440218 0.00361123 0.00502148 0.0113153 0.00429052 0.00815803 0.00275224 0.0140306 0.00227687 
3.35771e-06 0.000271111 0.000506604 0.00285001 0.00658662 0.00689246 0.00848725 0.00796823 0.00744941 0.00669776 0.00830717 0.0076649 0.00675714 0.008221 0.81254 0.0113571 0.0104486 0.00869687 0.0141674 0.0170589 0.0165671 0.0144381 0.00417476 0.0102689 0.00161917 
1.79121e-05 0.00132062 0.00363593 0.0120128 0.0243028 0.0241585 0.0283096 0.02762 0.0248361 0.0221608 0.0243975 0.0232847 0.0192314 0.01683 0.015013 0.0114259 0.0142375 0.0132916 0.0400203 0.0399004 0.0391535 0.0391157 0.51218 0.0142789 0.0092645 
5.31288e-05 0.00390344 0.0107758 0.0236634 0.0415699 0.0457678 0.212814 0.0603114 0.0481006 0.0403851 0.0422871 0.0432521 0.0319914 0.0321719 0.0303659 0.0198065 0.0151035 0.0205054 0.0212986 0.0173493 0.0235254 0.0271085 0.164082 0.0161218 0.00768632 
1.72774e-24 4.21021e-23 1.79555e-22 3.66194e-18 1.46054e-14 8.94535e-18 2.00765e-14 2.96242e-11 8.3946e-15 4.88667e-12 1.33717e-10 2.55306e-08 2.70363e-08 5.39533e-06 1.8982e-06 4.11458e-05 5.76097e-05 0.000242548 6.538e-05 0.000134992 0.000369174 0.000386919 0.000100099 0.000201428 0.998393 
4.41428e-06 0.000175868 0.000445894 0.00296605 0.00820976 0.00779295 0.00991151 0.0070825 0.00872856 0.00773725 0.0121719 0.0113609 0.00883666 0.00757784 0.00636266 0.00470037 0.00774957 0.00879888 0.0219245 0.0294791 0.0317405 0.0335036 0.739805 0.0107538 0.0121799 
1.25581e-06 0.000455629 7.53326e-06 1.61292e-06 6.9465e-06 7.996e-05 0.000319904 0.00186791 0.00494198 0.00364906 0.00888878 0.00427432 0.00330791 0.003799 0.00650667 0.00546481 0.891296 0.0310768 0.0041635 0.00773094 0.00320652 0.00612109 0.0026948 0.00557424 0.00456253 
3.77566e-05 0.00149986 0.00555698 0.0300053 0.0304188 0.0379995 0.175217 0.0399643 0.0372815 0.0497621 0.0819599 0.035063 0.0835938 0.0422692 0.026203 0.0169089 0.0123598 0.0395066 0.157525 0.0152612 0.0213308 0.0164095 0.00846781 0.0137766 0.0216213 
1.504e-07 1.07731e-05 3.79713e-06 6.94285e-06 5.96053e-05 0.0003842 0.00141439 0.00127579 0.00302853 0.00201743 0.00327052 0.00234449 0.00204111 0.00254959 0.0026956 0.00210539 0.933936 0.0247347 0.00317559 0.00171858 0.0028202 0.00476329 0.000387398 0.00112807 0.00412734 
2.88354e-08 1.04624e-05 1.81981e-07 7.10497e-08 5.62619e-07 4.8989e-06 0.00015369 7.51341e-05 0.000484573 0.0005738 0.00235375 0.00105157 0.000933588 0.00107517 0.00116892 0.00105342 0.00129419 0.000916154 0.00205807 0.00187605 0.955984 0.0197983 0.00434497 0.00350739 0.00128126 
1.52095e-07 1.30153e-05 1.14623e-05 0.00015668 0.000298423 0.000430568 0.000600483 0.00103184 0.00286867 0.00257605 0.00356115 0.00252076 0.00200604 0.0022526 0.00238974 0.00171345 0.902576 0.00494827 0.00850596 0.0106959 0.0229767 0.014577 0.00961515 0.00324269 0.000430815 
0.00361004 0.0471319 0.0493427 0.0640696 0.0376423 0.0313817 0.0399764 0.0375989 0.0447278 0.0536083 0.0556337 0.0502931 0.0334645 0.0247915 0.222223 0.0293569 0.0206575 0.0394373 0.019977 0.0194867 0.0148421 0.027118 0.011824 0.0162775 0.00552765 
0.00276951 0.0398222 0.0482277 0.0689427 0.0429993 0.0296851 0.0403149 0.0433383 0.0482267 0.0545329 0.0564032 0.0511406 0.033191 0.0256723 0.0530689 0.0245288 0.0205444 0.0426349 0.021467 0.0210525 0.0195099 0.0303825 0.156493 0.0164525 0.00859916 
6.80314e-06 0.000597247 0.000856866 0.00522802 0.0161359 0.0170726 0.0220657 0.022305 0.0307056 0.540897 0.0278602 0.0215936 0.0202942 0.0183245 0.0186239 0.0162489 0.0151849 0.0169622 0.0307055 0.0563308 0.0379756 0.0393641 0.00861716 0.00997608 0.00606738 
0.000105736 0 0 0.000152139 0 0 0 4.35168e-05 0 0 2.98843e-05 4.02366e-11 0 2.16768e-05 0 1.76754e-05 0 1.42959e-05 0 2.48992e-05 0 2.6447e-05 3.71547e-05 6.71425e-05 0.999459 
1.50704e-07 1.31853e-05 3.69433e-06 8.58691e-06 9.01364e-05 0.000704352 0.0019689 0.00182661 0.00345858 0.00211973 0.00351141 0.00264248 0.00229449 0.00254743 0.00301539 0.00163855 0.0018773 0.00311543 0.00547557 0.947463 0.00441077 0.00688715 0.00342649 0.00104011 0.000460558 
0.000157114 0.00441966 0.0205389 0.039487 0.0450493 0.0429171 0.0890718 0.0566407 0.0710149 0.0900093 0.117204 0.0730846 0.0354531 0.0342306 0.0397744 0.020159 0.0146563 0.0666603 0.0167994 0.0162615 0.039992 0.0201686 0.0233051 0.0166504 0.00629533 
3.76374e-08 1.36638e-05 3.56484e-07 3.70594e-07 5.3891e-06 2.08228e-05 0.000310605 0.000454435 0.00238076 0.00159614 0.00295145 0.00169738 0.00102869 0.0014134 0.00130445 0.00123109 0.00146486 0.000786087 0.00173922 0.0019891 0.00600875 0.9636 0.00359541 0.00320656 0.00320076 
1.64357e-06 0.000508744 1.53117e-05 4.1438e-05 0.000676204 0.00175026 0.00380336 0.0050975 0.0125442 0.00873906 0.0128407 0.00724506 0.00543102 0.00719443 0.00980327 0.00719835 0.824018 0.0319752 0.0180073 0.0112076 0.00451108 0.00779148 0.00566431 0.00967286 0.00426136 
6.17969e-06 0.0018899 0.0074528 0.00432433 0.0060029 0.0103757 0.0023915 0.00299288 0.0115497 0.00618355 0.0129419 0.0191452 0.00676161 0.0103524 0.0142213 0.808552 0.0139319 0.0165278 0.00399537 0.00854154 0.00577285 0.00725078 0.00631488 0.0108555 0.00166508 
1.05363e-05 0.00120829 0.00195806 0.0131629 0.0225084 0.033027 0.0368243 0.0421212 0.519707 0.0312772 0.0383854 0.0318698 0.023526 0.0245689 0.0191197 0.0170876 0.0098254 0.0118384 0.0276185 0.0199543 0.0286562 0.0226495 0.00433191 0.0134448 0.00531814 
5.78324e-08 2.09821e-05 3.43416e-07 7.10338e-08 3.68002e-07 5.10282e-06 0.000164188 4.40346e-05 0.000397371 0.000551633 0.0024676 0.00111503 0.000947568 0.00105623 0.00111135 0.00109821 0.00130186 0.000805281 0.00164045 0.00141445 0.964604 0.0132698 0.0033548 0.00262504 0.00200425 
3.17016e-08 1.15075e-05 2.80201e-07 2.35382e-07 2.44904e-06 2.31023e-05 0.000320214 0.000318456 0.00173172 0.00109931 0.00285031 0.00147149 0.000989424 0.00123543 0.00132647 0.00105484 0.00138154 0.00101144 0.00191781 0.00367521 0.951608 0.0165696 0.00546175 0.00352103 0.00241798 
1.07229e-05 0.00103426 0.0038904 0.146803 0.145755 0.0527483 0.0343797 0.0395309 0.101759 0.0369578 0.0495315 0.0571623 0.023256 0.0301592 0.0246815 0.016302 0.0104857 0.0127805 0.0434784 0.106387 0.0213431 0.0183974 0.00674101 0.0111376 0.00528723 
1.57569e-07 1.54609e-05 7.62544e-06 1.59351e-05 0.000109667 0.00100037 0.00212774 0.00203845 0.00364021 0.00230431 0.00380241 0.00285172 0.00238501 0.00263179 0.00328225 0.00179658 0.00214867 0.00218329 0.00380012 0.00226712 0.00351414 0.939258 0.0131195 0.00332116 0.00237836 
1.43414e-06 0.000468791 2.09019e-05 0.000167057 0.000400888 0.00104613 0.0016842 0.0038904 0.0073205 0.00591715 0.0107826 0.00597518 0.00485674 0.00596452 0.0113591 0.871979 0.0110949 0.0128477 0.00554545 0.00784994 0.00396862 0.00887498 0.00442316 0.0116402 0.00192079 
1.5565e-06 0.00049964 1.34602e-05 1.36566e-05 0.000102663 0.000476598 0.00165757 0.00384978 0.0100467 0.00670016 0.0117816 0.00669787 0.00517782 0.0072759 0.831091 0.0341651 0.0115314 0.0175358 0.00558359 0.00847413 0.00420373 0.00896464 0.00659959 0.0154402 0.00211543 
3.56115e-08 1.29284e-05 3.38672e-07 6.27846e-07 1.03152e-05 3.89394e-05 0.000327106 0.000450838 0.00245224 0.00158311 0.00288003 0.00161237 0.000996887 0.00130179 0.00131567 0.00125039 0.001444 0.000970413 0.00191707 0.00245809 0.961775 0.00944111 0.00349795 0.00227899 0.00198355 
1.68941e-06 0.00049987 1.73273e-05 5.3017e-05 0.000871989 0.00290867 0.00630479 0.00733764 0.01466 0.00998117 0.014336 0.00911745 0.00728764 0.0120787 0.0149101 0.828526 0.00913795 0.0144259 0.00646291 0.00954828 0.00533126 0.00698557 0.00660387 0.0105481 0.00206353 
1.77471e-06 0.000515537 2.55685e-05 9.77149e-05 0.000755111 0.00249922 0.00421434 0.0063758 0.0136293 0.00874398 0.0136015 0.00847868 0.00630778 0.0105597 0.851942 0.0117689 0.00712127 0.00876415 0.00661568 0.00931342 0.0047452 0.00777327 0.00390224 0.0107022 0.00154549 
3.63183e-06 0.000256655 0.000744653 0.00278758 0.00591807 0.00663546 0.00790042 0.00747983 0.00869457 0.00750902 0.00897637 0.0076263 0.00630121 0.00568779 0.0053376 0.00409997 0.00524868 0.00500209 0.0128637 0.851564 0.0157491 0.0138399 0.0044021 0.00362699 0.00174453 
8.06256e-10 2.92425e-07 4.81442e-09 4.93485e-09 3.48502e-08 1.21537e-07 6.4836e-07 2.03321e-06 5.49362e-05 0.000107784 0.000572463 0.000162723 0.000398599 0.00033587 9.52657e-05 0.000235504 0.000210071 0.000219843 0.0012569 0.000337033 0.000859875 0.00071608 0.00125907 0.988801 0.00437424 
3.34246e-41 1.32644e-34 7.6774e-29 1.71007e-22 6.82115e-19 4.17898e-22 1.07541e-18 1.3784e-15 1.0868e-17 1.45194e-13 9.92685e-14 1.55575e-12 5.05035e-12 5.67974e-12 3.85144e-10 1.38275e-09 2.8447e-09 3.82826e-08 9.35752e-09 2.84052e-08 7.68662e-08 1.16368e-05 8.40341e-05 0.993178 0.00672623 
7.80892e-06 0.00045602 0.00120632 0.00829395 0.0143043 0.0185835 0.0216229 0.020878 0.01838 0.0184176 0.0223101 0.0211059 0.0156809 0.0143462 0.012067 0.00743156 0.0123964 0.0145116 0.0316528 0.598252 0.0531805 0.0504727 0.00961701 0.00949118 0.00533367 
0.00199494 0.0212114 0.0221031 0.0376581 0.0457549 0.048195 0.0525989 0.0538088 0.0536459 0.0462228 0.297991 0.0454068 0.0385259 0.0343324 0.0409277 0.0206174 0.0144746 0.0176409 0.0129291 0.0173816 0.0184822 0.0190804 0.0125738 0.0196152 0.00682775 
0.000151316 0.00308583 0.0734194 0.0250409 0.104319 0.0570152 0.120547 0.0718864 0.0395213 0.0570292 0.0464754 0.0385447 0.114057 0.0278114 0.0306357 0.0181334 0.0129737 0.0173455 0.0197916 0.0389535 0.0198557 0.0181666 0.0264404 0.0128483 0.00595158 
1.2187e-05 0.000777672 0.000922632 0.00519636 0.0167524 0.0178779 0.0202468 0.0196489 0.0250937 0.0194378 0.0285186 0.0210326 0.548347 0.017685 0.0189639 0.0148271 0.0167 0.0110266 0.0344917 0.0606172 0.035584 0.0345579 0.0161056 0.0105974 0.00497934 
3.5435e-05 0.00112967 0.0035497 0.00939933 0.0175685 0.0169682 0.0195467 0.0196137 0.0175305 0.0151267 0.0176576 0.016927 0.0137093 0.0123183 0.0116525 0.00755267 0.00891608 0.00878199 0.0187522 0.693931 0.0256547 0.0246689 0.00732477 0.00791396 0.00377089 
1.2959e-17 3.15788e-16 1.33443e-15 2.53839e-15 1.41476e-13 8.26435e-15 2.00478e-13 3.16829e-10 5.06486e-09 2.93821e-08 9.44996e-07 2.42409e-07 1.34686e-06 4.02203e-05 0.000107324 7.34401e-05 0.000167819 0.000615538 0.00037382 0.000424632 0.983286 0.00780893 0.00414801 0.00191984 0.00103177 
0.000717324 0.01138 0.0186588 0.179401 0.153631 0.0508889 0.0367263 0.079987 0.037055 0.0606426 0.0446242 0.0583478 0.0303426 0.0260226 0.0329599 0.0192347 0.0219141 0.0184125 0.0237046 0.0130697 0.0146196 0.0368328 0.0121279 0.0129036 0.00579543 
1.54374e-07 1.34522e-05 6.88033e-06 1.67354e-05 0.000109016 0.000942702 0.00209671 0.00206425 0.00357641 0.0022708 0.00362487 0.00277361 0.00240814 0.00261046 0.00322693 0.00180986 0.00217593 0.0032076 0.0057619 0.946564 0.00444514 0.00583383 0.00282817 0.00117338 0.000459213 
0 0 0 0 0 0 0 0 0 0 0 0 0 0 0 0 0 0 0 0 0 0 1.63003e-05 0.000314481 0.999669 
1.55063e-06 0.000508244 1.27997e-05 1.08512e-05 0.000108791 0.000565573 0.00119488 0.00320526 0.00946932 0.00687735 0.011187 0.00627912 0.0047724 0.00787183 0.859473 0.0197186 0.00672112 0.0136589 0.00386298 0.00811153 0.00425228 0.00798461 0.00750688 0.0150931 0.0015519 
1.59313e-06 0.00050641 1.39761e-05 1.51736e-05 0.0001093 0.000463755 0.00120937 0.00341538 0.00748546 0.00597768 0.0112437 0.00606085 0.0118175 0.886428 0.0106181 0.00681451 0.00558172 0.00560948 0.00350044 0.00777311 0.00462226 0.00778829 0.00431763 0.00660927 0.00201699 
1.64018e-14 3.99684e-13 1.68895e-12 3.32356e-12 6.61003e-10 9.86296e-12 1.21234e-06 4.58516e-08 9.48925e-06 1.4235e-05 1.22084e-05 6.47188e-05 9.32629e-05 6.01395e-05 4.27586e-05 0.000158275 0.000164841 0.000222675 0.000449928 0.000232848 0.000212345 0.000186184 0.000253238 0.986887 0.0109341 
9.54934e-06 0.000670369 0.00136289 0.00658349 0.020296 0.0158683 0.0214896 0.0189734 0.0195882 0.0150604 0.0272292 0.0187237 0.0186634 0.0146747 0.0163947 0.00973884 0.0113029 0.594991 0.0439997 0.0423775 0.0262102 0.0277232 0.014045 0.0102644 0.00375911 
