13902
1.67575e-11 8.4165e-10 3.23709e-09 1.61198e-08 2.64717e-07 5.10986e-07 1.27147e-06 1.9375e-06 1.67376e-06 2.58098e-06 3.88265e-06 5.81073e-06 1.36259e-05 1.5208e-05 1.981e-05 2.43206e-05 3.466e-05 2.62734e-05 3.23583e-05 1.56139e-05 1.88671e-05 1.79618e-05 1.99426e-05 3.03886e-05 0.999713 
1.8889e-05 0.0003003 0.00432133 0.0152677 0.0295894 0.0430318 0.0497498 0.0606571 0.188479 0.0606304 0.058807 0.0545114 0.0511027 0.0457209 0.0402859 0.0352332 0.032301 0.0319354 0.0400121 0.0360307 0.0344015 0.0286226 0.0252059 0.0196759 0.0141079 
8.23933e-10 9.15641e-09 1.20034e-06 1.09436e-06 1.42144e-05 6.02937e-05 0.000273335 0.000884061 0.00196102 0.00287572 0.00396915 0.00433713 0.00459697 0.00404394 0.00473615 0.00509356 0.00585904 0.00964063 0.0144293 0.811167 0.038751 0.0392114 0.0329902 0.00877999 0.00632355 
2.39467e-09 9.61298e-07 1.46673e-06 4.46115e-06 4.46327e-05 4.70459e-05 0.000157873 0.000453464 0.000686253 0.00122698 0.00199691 0.00175515 0.00292755 0.0020685 0.00238483 0.00248066 0.00288743 0.00472394 0.0125996 0.00816801 0.00927029 0.0112672 0.0116683 0.919187 0.00399143 
0 0 0 0 0 0 0 0 0 0 0 0 0 0 0 0 0 0 0 0 3.25215e-14 1.06135e-11 2.62178e-05 0.000209281 0.999765 
9.54278e-08 7.90685e-06 3.07955e-05 9.61033e-05 0.000257019 0.000874493 0.0018857 0.00323143 0.00417395 0.00565782 0.00734306 0.00806331 0.01034 0.00846843 0.00914224 0.00767258 0.00839426 0.0132647 0.0246517 0.0246487 0.760782 0.0497274 0.0344534 0.0116553 0.00517792 
0.000110857 0.00287232 0.175654 0.0974414 0.0356696 0.0381036 0.0458633 0.0497868 0.0570305 0.0476007 0.0467068 0.046534 0.0462078 0.0394417 0.0322274 0.0273044 0.0242834 0.0215779 0.0294317 0.0300227 0.0232538 0.0224885 0.0284118 0.0155189 0.0164563 
4.97268e-09 6.57587e-07 1.79104e-06 4.03983e-06 9.31629e-06 9.79837e-05 0.000482564 0.00241087 0.00813079 0.0142621 0.0165195 0.0180678 0.0181179 0.0183203 0.0204039 0.0231076 0.664651 0.0776156 0.0240258 0.0142827 0.0137801 0.0145314 0.0211369 0.0176339 0.0124054 
9.11732e-09 2.07544e-06 2.86722e-06 5.99876e-06 8.18933e-06 9.88092e-05 0.000520402 0.00316642 0.0104698 0.0146963 0.0176354 0.66863 0.0569699 0.0274582 0.0217893 0.0189212 0.0184145 0.0155213 0.0144929 0.0125257 0.0137516 0.0142736 0.0148781 0.0276817 0.0280863 
1.373e-14 1.50883e-13 3.75103e-13 5.78813e-13 1.02803e-12 1.96141e-12 6.2801e-11 7.74575e-11 7.53423e-12 5.39258e-08 5.22087e-10 2.25503e-09 1.97277e-08 4.09575e-08 1.11231e-07 1.33027e-07 5.62389e-07 2.00203e-05 1.47876e-05 2.5462e-05 6.87992e-05 0.000457004 0.0015795 0.989615 0.00821815 
0.000452792 0.00176402 0.00325157 0.00360822 0.00368523 0.00623296 0.00814156 0.0113778 0.012486 0.0126905 0.0145047 0.0130906 0.0162611 0.0115487 0.013324 0.0109349 0.0107003 0.0137238 0.0237952 0.0202927 0.706823 0.0345383 0.02847 0.0104402 0.00786163 
1.81107e-11 1.99025e-10 4.94785e-10 7.63308e-10 1.35597e-09 2.58565e-09 2.94356e-09 3.71742e-09 5.12717e-09 1.44183e-06 1.5894e-08 1.51767e-08 5.02603e-08 1.51518e-07 3.82568e-05 9.04205e-05 0.000147878 0.000287237 0.00012617 0.000135794 0.000205676 0.000379813 0.000573185 0.000582375 0.997432 
8.16855e-15 8.97666e-14 2.23166e-13 3.44411e-13 6.11615e-13 1.16716e-12 5.57325e-11 3.19649e-11 2.3732e-12 1.16154e-09 2.05852e-11 4.72594e-10 7.10351e-09 1.65122e-08 4.06179e-08 6.65457e-08 1.52627e-07 3.87517e-07 4.23177e-07 3.75607e-07 1.89315e-06 0.000212519 0.000871398 0.991178 0.00773446 
1.34055e-06 6.02134e-06 3.1744e-05 0.000174658 0.000222854 0.000400854 0.00118515 0.00392229 0.0113683 0.0155934 0.0173052 0.0201913 0.020546 0.636899 0.069298 0.025044 0.0200539 0.0290477 0.0186926 0.0155968 0.0174092 0.0197367 0.0197621 0.0218191 0.0156914 
1.53444e-08 4.56788e-06 6.58576e-06 1.77241e-05 0.000125702 0.000440859 0.0010112 0.00213907 0.00326189 0.00438829 0.00584259 0.00618307 0.00788375 0.00595761 0.00620462 0.0065364 0.0073711 0.0154462 0.79241 0.0451561 0.0191754 0.0259873 0.0276402 0.00904569 0.00776413 
5.25231e-10 2.14067e-09 6.89031e-08 3.19313e-07 6.35033e-06 1.34259e-05 4.5388e-05 0.000221913 0.000845265 0.00166457 0.00280825 0.003417 0.00364922 0.00304986 0.00347154 0.00391851 0.00482669 0.00600414 0.00885748 0.00919756 0.0144928 0.0322305 0.86641 0.0210006 0.0138683 
9.71786e-11 1.29984e-10 2.89746e-08 3.27064e-09 3.09876e-08 7.47711e-08 3.10531e-07 2.7037e-06 5.66679e-06 7.92384e-05 0.000219503 0.000832815 0.00116446 0.00151808 0.00185286 0.00217958 0.00271454 0.0109017 0.878805 0.0251301 0.0119942 0.0206576 0.0269416 0.00839683 0.00660276 
2.44938e-05 0.000496311 0.00576328 0.0227006 0.0419088 0.0405525 0.038472 0.0412526 0.0442655 0.109358 0.258749 0.0534349 0.0523798 0.0393716 0.0283121 0.0249704 0.0273952 0.0240169 0.0271603 0.0271602 0.025747 0.0203931 0.0188531 0.0149797 0.0122822 
1.31381e-08 4.3558e-06 6.68968e-06 1.31933e-05 9.97534e-05 0.000306873 0.000871099 0.00200203 0.00308603 0.0041908 0.00570208 0.00593472 0.0076356 0.00569256 0.00633981 0.00644214 0.006894 0.0094579 0.0211003 0.0186521 0.810556 0.0381557 0.0317049 0.00919398 0.00595719 
1.06177e-14 1.12936e-13 3.73237e-13 4.71841e-13 1.08952e-12 1.93182e-12 8.06045e-11 4.64278e-11 1.5348e-11 1.60079e-09 6.85724e-10 1.05604e-09 1.13117e-08 2.20876e-08 6.21204e-08 9.26317e-08 2.58541e-07 1.03728e-06 9.24615e-07 4.55712e-06 3.14288e-05 0.00049147 0.00204817 0.00552103 0.991901 
4.2341e-05 0.000692645 0.00705543 0.0544067 0.123495 0.0583535 0.0414566 0.0501141 0.0819536 0.0500855 0.0487895 0.0754477 0.0447935 0.0388997 0.0338838 0.068223 0.0275462 0.0270349 0.0359993 0.0274609 0.027067 0.0241296 0.0216462 0.0180412 0.0133818 
9.91923e-06 0.000193119 0.00237111 0.0109972 0.021587 0.0907364 0.0384197 0.103296 0.0424817 0.0457758 0.0478155 0.0459611 0.0439651 0.0376763 0.0334596 0.173938 0.0361631 0.0357896 0.0394352 0.0340722 0.0315294 0.026908 0.0242527 0.0197973 0.0133691 
1.02251e-08 1.11007e-06 5.30641e-06 5.92885e-05 0.000198876 0.000426839 0.000555137 0.000809434 0.00088177 0.00192889 0.00214097 0.00344388 0.00385133 0.00332954 0.00350434 0.00367297 0.00413447 0.00614148 0.0098954 0.190517 0.01832 0.702648 0.0298449 0.0101825 0.00350622 
2.85665e-07 1.28689e-05 0.000101708 0.00143033 0.00122678 0.00297097 0.00442763 0.00587245 0.00720086 0.0101335 0.0135905 0.0139254 0.0151042 0.0122752 0.0124334 0.0128099 0.0120348 0.0242718 0.0403365 0.700107 0.031231 0.027818 0.0303486 0.0115869 0.0087497 
2.63065e-05 0.000502457 0.00484981 0.0140648 0.022933 0.0352562 0.038279 0.0454779 0.0471825 0.0499262 0.0524205 0.160558 0.0486415 0.0393315 0.0336109 0.0311965 0.0284135 0.0304954 0.0445698 0.0343214 0.141726 0.0318402 0.0293126 0.0210826 0.0139814 
1.80027e-09 5.72824e-09 1.88981e-07 2.36278e-06 1.34378e-05 3.31628e-05 0.000172635 0.0010226 0.00213786 0.00441162 0.00861896 0.0110335 0.0121717 0.0125486 0.0140401 0.0199647 0.781281 0.0461935 0.0121012 0.0103434 0.00923734 0.0109278 0.01708 0.0143556 0.0123085 
2.38375e-08 6.73757e-06 1.14393e-05 2.33656e-05 0.000150098 0.000410155 0.00153059 0.00577279 0.0142927 0.0180099 0.0200403 0.0225686 0.0252637 0.0263956 0.664649 0.0251124 0.0214317 0.0272931 0.0236029 0.0166133 0.0180945 0.0178317 0.0182072 0.0189584 0.0137297 
7.24276e-05 0.00356896 0.00501232 0.00495241 0.00381255 0.00495569 0.00686833 0.00855412 0.00884357 0.0098682 0.00995719 0.00996332 0.0118957 0.00860643 0.0083229 0.00863826 0.00933401 0.0208389 0.0403346 0.74275 0.0165094 0.0189654 0.0180181 0.0114263 0.00793128 
5.52823e-10 4.96605e-08 1.66867e-07 8.33679e-07 3.20153e-06 1.19885e-05 3.70614e-05 0.000135252 0.000494511 0.00085638 0.00127204 0.00249208 0.00281717 0.00253167 0.00622321 0.00320734 0.00393402 0.00596745 0.00754139 0.0107242 0.876112 0.0324041 0.0303091 0.0076067 0.00531777 
1.61967e-09 2.78028e-09 1.10784e-07 6.64807e-07 7.36893e-06 4.89135e-06 3.92369e-05 0.000267283 0.00140014 0.00411269 0.00744731 0.0108739 0.0117207 0.0123488 0.0136189 0.0163652 0.756917 0.0657036 0.0221243 0.010585 0.0087907 0.010662 0.0191224 0.0159789 0.0119088 
0.000340039 0.00563945 0.0236601 0.0445821 0.0455068 0.0507335 0.0588536 0.0627427 0.0637587 0.0614745 0.0574895 0.0563909 0.0525911 0.0428654 0.0418656 0.0369334 0.0309802 0.0279672 0.0391967 0.0756019 0.0312479 0.0306919 0.0239958 0.0195781 0.015313 
0 0 0 0 0 0 0 0 0 0 0 0 0 1.22461e-13 1.30581e-10 2.32912e-09 6.81564e-09 3.78959e-06 7.79172e-07 3.20026e-05 0.000168519 0.000250212 0.000423885 0.00129381 0.997827 
2.02313e-08 6.02069e-06 1.42125e-05 3.09227e-05 0.000173306 0.000709474 0.00158868 0.00274777 0.00377497 0.00518758 0.00676752 0.0072315 0.00947563 0.00695622 0.00721025 0.00707566 0.00750787 0.0117665 0.0219192 0.0185181 0.793619 0.041607 0.0304802 0.0100257 0.00560665 
1.65994e-08 4.74815e-06 5.20199e-06 8.97449e-06 1.16919e-05 0.000129918 0.000720527 0.003431 0.010282 0.0156094 0.0195752 0.0203227 0.023521 0.711578 0.0264369 0.0201074 0.0191043 0.0190171 0.0162906 0.0136731 0.0143899 0.0161298 0.0158964 0.0188725 0.0148816 
2.78749e-05 0.00145526 0.00232803 0.00438616 0.00429453 0.00595004 0.00702049 0.00857422 0.0083704 0.0100018 0.0108355 0.00981701 0.0131409 0.00950356 0.0095436 0.00959457 0.0172294 0.71603 0.0510374 0.0199827 0.0169538 0.0186865 0.0213211 0.0147762 0.00913877 
1.1408e-08 3.7361e-06 5.28697e-06 6.89294e-06 7.86781e-05 0.000130822 0.000645385 0.00172372 0.00264555 0.00368093 0.0047875 0.005194 0.00716579 0.00506918 0.00575233 0.00619946 0.00671724 0.0132244 0.0251477 0.828426 0.0173832 0.0238436 0.0267456 0.00827146 0.00715106 
6.58764e-06 0.000116959 0.00141238 0.00645363 0.0133951 0.0216894 0.0281348 0.0356053 0.0458965 0.0872699 0.0398159 0.038068 0.225196 0.0506233 0.0295916 0.0255907 0.0241494 0.0273394 0.0542697 0.0802373 0.0652937 0.0269495 0.0242938 0.0364369 0.0121639 
7.14555e-08 1.04389e-05 3.06867e-05 5.36816e-05 0.000428521 0.0028359 0.00874852 0.017864 0.0233414 0.0337463 0.576563 0.0476847 0.0337218 0.0279132 0.0261278 0.025476 0.0237022 0.0193691 0.0245282 0.0201469 0.0202273 0.0170063 0.016874 0.0197249 0.0138749 
4.02564e-06 1.03222e-05 2.9176e-06 4.89455e-06 2.39675e-07 1.97143e-06 3.62791e-06 1.81937e-06 1.02557e-06 2.39412e-06 1.15452e-06 4.84255e-06 8.33863e-06 1.49548e-06 5.84792e-06 4.7106e-06 6.31204e-06 2.29274e-05 5.9099e-06 4.71385e-06 5.48797e-06 0.000370579 0.0013718 0.989996 0.0081567 
1.42921e-05 0.000241717 0.00265147 0.00867391 0.0175595 0.0308425 0.0442489 0.0707593 0.230784 0.0523218 0.051614 0.0508575 0.0490374 0.0431476 0.0386628 0.0353787 0.0324209 0.0347742 0.0481959 0.0359153 0.0320485 0.0283858 0.0245589 0.0205452 0.0163602 
9.00271e-06 0.000118014 0.00180252 0.00979405 0.0198202 0.0276221 0.034942 0.0419915 0.044407 0.0471012 0.0502794 0.0488465 0.045274 0.0420625 0.273545 0.0339315 0.029862 0.0393309 0.0461299 0.0381374 0.0341437 0.0289296 0.0252476 0.0215361 0.015136 
0.0273449 0.0496009 0.056629 0.0234422 0.0176415 0.0285156 0.0463078 0.0317697 0.0285591 0.032063 0.0240494 0.0272537 0.0372475 0.0227605 0.0340467 0.0207503 0.23064 0.0813236 0.0424537 0.0287694 0.0374089 0.0216241 0.0231238 0.0157394 0.0109357 
9.62767e-12 4.13379e-11 2.58434e-10 2.04161e-10 8.86049e-10 1.81405e-09 7.84008e-08 1.36561e-06 2.29792e-07 4.33889e-06 1.28124e-05 2.76844e-05 0.000283334 0.000528346 0.000833259 0.00106823 0.0010221 0.00154147 0.00267782 0.00681462 0.914817 0.0295191 0.0286521 0.00748302 0.0047133 
3.97442e-10 3.316e-10 1.14215e-08 1.46003e-08 2.2606e-08 5.83656e-08 2.77458e-06 2.97777e-05 0.000186692 0.000774195 0.00148625 0.0027256 0.00300323 0.00354817 0.00338265 0.00368588 0.00365449 0.00397564 0.00524149 0.00573175 0.0128934 0.0332366 0.885517 0.0209642 0.00996038 
6.87962e-09 2.79769e-08 3.55427e-07 1.45212e-06 7.24315e-06 2.94784e-05 0.000209954 0.00106056 0.0048391 0.0102737 0.0145623 0.0157582 0.0163015 0.0166825 0.0209775 0.730112 0.0310291 0.03689 0.0130639 0.011712 0.01104 0.0131606 0.0152806 0.0206772 0.0163303 
1.41278e-05 0.000255661 0.00311089 0.0120195 0.0231761 0.0602185 0.0438277 0.0581135 0.0737226 0.0969984 0.0533663 0.0647023 0.069026 0.0542271 0.0374125 0.0332328 0.0347007 0.0421255 0.0580604 0.0336016 0.0323739 0.0572096 0.0249585 0.0198233 0.0137225 
0 0 0 0 0 0 0 0 0 0 0 0 0 0 4.27275e-24 2.87119e-13 3.81559e-11 1.56538e-10 1.86843e-10 7.45757e-05 0.000234745 0.000371106 0.000558554 0.000846156 0.997915 
7.06999e-06 4.73347e-07 1.44092e-09 1.91566e-08 1.36323e-06 8.90074e-07 1.56784e-07 4.31396e-07 1.48265e-08 3.71717e-07 1.58535e-06 1.63366e-07 5.41204e-07 1.6231e-06 8.27495e-07 3.30305e-06 1.15213e-06 4.73441e-06 1.29423e-06 1.42924e-06 2.82247e-06 8.58604e-06 2.01908e-05 8.11285e-06 0.999933 
2.27356e-08 6.13719e-06 1.32861e-05 3.1323e-05 0.000170966 0.000736294 0.00166277 0.00287113 0.00385383 0.00524917 0.00686475 0.00737164 0.00961683 0.007216 0.00723323 0.00712899 0.00756072 0.0118671 0.0222814 0.0189942 0.795112 0.0375357 0.0308265 0.00966078 0.0061355 
1.15455e-09 1.098e-09 7.85638e-08 2.11408e-07 1.42172e-07 4.17674e-07 1.69183e-05 0.000129094 0.000725666 0.00239954 0.00428259 0.00791053 0.00904715 0.010572 0.0123332 0.0138549 0.750237 0.0777479 0.0311399 0.0106365 0.00792883 0.0107878 0.0214409 0.0173345 0.0114748 
3.52179e-05 0.000853095 0.00818394 0.0263573 0.047137 0.0563613 0.0605648 0.0674381 0.0630548 0.0637943 0.0652439 0.0588201 0.0568848 0.0470338 0.0404429 0.0806862 0.0310032 0.0308267 0.038392 0.0345462 0.0320354 0.0298947 0.0242352 0.0209408 0.0152341 
2.15795e-06 4.96081e-05 0.000458971 0.0032596 0.00588893 0.0117783 0.0159655 0.0252432 0.0319718 0.0361999 0.0389897 0.0377629 0.0399236 0.0366052 0.0445427 0.0466646 0.0419508 0.057247 0.0528475 0.0406346 0.037401 0.031492 0.0391875 0.301782 0.0221505 
2.65897e-15 2.92203e-14 7.26431e-14 1.12067e-13 1.9908e-13 3.79619e-13 4.33059e-13 1.17055e-11 7.61725e-13 1.76954e-10 1.3561e-12 4.80868e-11 2.54846e-09 5.26937e-09 1.08874e-08 1.66248e-08 3.47107e-08 8.40496e-08 5.86375e-08 8.67323e-08 3.84777e-07 8.26876e-05 0.000248968 0.00153535 0.998132 
2.69731e-10 2.68918e-10 1.35511e-08 1.3393e-07 4.98907e-08 2.6287e-07 4.71164e-06 2.76116e-05 0.000212935 0.00067464 0.00103968 0.00221841 0.00237993 0.00231396 0.00258588 0.00299554 0.00384002 0.00523637 0.00725357 0.00755158 0.0075614 0.0104531 0.92297 0.0174176 0.00326265 
1.75718e-14 1.56396e-13 6.89772e-13 3.05661e-12 1.74533e-11 1.95107e-11 1.69969e-10 2.44901e-10 3.98583e-10 2.76275e-09 4.22095e-09 2.54807e-09 2.03429e-07 2.9648e-08 7.38127e-08 2.27476e-07 4.39191e-07 2.83579e-06 4.47123e-06 8.67499e-06 2.92988e-05 0.000559097 0.00167144 0.987961 0.00976269 
3.09072e-14 3.39648e-13 8.44386e-13 1.303e-12 2.31413e-12 4.41515e-12 1.51841e-10 1.28373e-10 8.94779e-12 4.36265e-09 6.17649e-11 1.36704e-09 2.85349e-08 6.39806e-08 1.48784e-07 2.36691e-07 5.18461e-07 1.33319e-06 1.24054e-06 1.32e-06 8.24848e-06 0.000698401 0.00265553 0.9883 0.00833262 
1.15586e-06 2.7714e-05 2.95764e-05 5.82996e-05 0.00033721 0.00142442 0.00445237 0.0118123 0.0199202 0.0236977 0.0251717 0.0278649 0.0356502 0.604605 0.0316527 0.0253336 0.0227007 0.0230883 0.0278706 0.0204963 0.0206375 0.0194201 0.0193448 0.0200553 0.0143476 
6.00881e-07 1.87387e-05 0.000172279 0.00186565 0.00190924 0.00394116 0.00567525 0.00751038 0.00895205 0.0121187 0.0159843 0.0156772 0.0157668 0.0135772 0.0138294 0.0136784 0.015576 0.0367793 0.677032 0.0352198 0.0298492 0.0234754 0.0249102 0.0163548 0.0101258 
1.22689e-08 4.14668e-06 5.08643e-06 6.4836e-06 6.05995e-05 0.000111612 0.000539779 0.00147667 0.00240553 0.00342526 0.00433907 0.00478138 0.00619975 0.00452074 0.00522805 0.00580011 0.00675021 0.672276 0.0287442 0.0467586 0.0507522 0.057805 0.0673972 0.0194216 0.0111906 
2.02841e-09 8.20351e-09 6.85644e-08 2.76085e-07 1.7861e-07 5.73692e-07 1.59702e-05 0.000133287 0.000774141 0.00277891 0.00504836 0.00900236 0.0100143 0.0111627 0.01331 0.77123 0.0582424 0.0416513 0.010946 0.00900742 0.00765872 0.00924246 0.0146141 0.013707 0.0114594 
7.99964e-07 2.38079e-05 0.000219969 0.00233823 0.00258794 0.00501395 0.00706098 0.00964016 0.0113384 0.0160317 0.0196295 0.0191288 0.0182521 0.0155648 0.0162596 0.0153122 0.0143045 0.0249191 0.0428182 0.0381582 0.622621 0.0408499 0.0357906 0.0139816 0.00815357 
4.57786e-08 1.03893e-05 1.65876e-05 3.40812e-05 0.000213571 0.000790019 0.00262539 0.00679314 0.0126404 0.0219402 0.368179 0.0222782 0.0213008 0.0163308 0.0165737 0.0164471 0.0149745 0.013956 0.0217677 0.0168013 0.355228 0.0268342 0.021721 0.0129524 0.00959229 
1.52207e-08 5.17521e-06 7.69284e-06 1.66062e-05 0.000103432 0.000344446 0.0010139 0.00233908 0.00325031 0.00467684 0.006172 0.00638306 0.00817337 0.00623568 0.00646149 0.00662335 0.00702691 0.00967043 0.0204122 0.0147666 0.0226409 0.830478 0.0290195 0.00990359 0.00427516 
1.0679e-08 2.62181e-06 3.84686e-06 7.51068e-06 8.00814e-05 0.000141509 0.00068627 0.00307093 0.0086828 0.0143461 0.01869 0.0191078 0.0215284 0.0255494 0.69665 0.0230261 0.0198601 0.0277741 0.0206245 0.0146205 0.0152381 0.0151445 0.0182256 0.0218523 0.0150865 
3.36536e-11 1.19722e-10 5.25638e-08 3.46883e-09 4.76709e-08 1.27414e-07 6.91276e-07 1.2547e-06 6.90999e-07 7.14658e-05 9.87388e-05 0.00011861 0.000560304 0.000977285 0.00174879 0.00287847 0.0106559 0.879827 0.0419848 0.00954952 0.00418756 0.00717053 0.0183984 0.0136685 0.00810092 
1.27213e-05 0.000362642 0.00274266 0.00674333 0.0100083 0.0164154 0.0207935 0.0265868 0.0314336 0.037125 0.041427 0.0402532 0.0414498 0.0348237 0.0338878 0.0389838 0.0385636 0.0473972 0.0489345 0.0347256 0.0366685 0.0302856 0.0327832 0.332339 0.0152534 
2.69539e-07 2.094e-06 7.84363e-07 2.14606e-05 3.02585e-05 0.000212649 0.000406443 0.000407511 0.000466524 0.000413714 0.000345548 0.000855946 0.00126019 0.00168335 0.00205952 0.00243678 0.00216095 0.00231195 0.00322208 0.00306169 0.00706168 0.901623 0.0467023 0.0178877 0.00536524 
5.31295e-06 0.000137764 0.00141967 0.00470415 0.00902576 0.0168255 0.0251242 0.0381798 0.420774 0.0443616 0.0419359 0.0386391 0.0377869 0.0342408 0.0311517 0.0294015 0.0269646 0.0283676 0.0388765 0.0301143 0.0302478 0.0241946 0.0201179 0.0163535 0.01105 
8.11286e-10 9.43589e-09 1.30239e-06 1.17751e-06 1.41068e-05 5.63362e-05 0.000257612 0.000767612 0.00178947 0.00274609 0.0038719 0.00436607 0.00454682 0.00408796 0.00475643 0.00510618 0.00581998 0.00737563 0.0114425 0.0108209 0.0146023 0.844688 0.0463657 0.0202099 0.006306 
1.48426e-08 2.732e-06 4.15262e-06 7.88447e-06 7.56063e-05 0.000160174 0.000837884 0.00344544 0.0102716 0.0148732 0.0168474 0.01958 0.0211398 0.020073 0.0251281 0.668667 0.034573 0.039797 0.0216098 0.0162962 0.015494 0.0159624 0.0180826 0.0209753 0.0160953 
4.62002e-08 8.45722e-06 3.24981e-05 7.46418e-05 0.000343275 0.000951281 0.00215124 0.00345258 0.00419614 0.00578151 0.00745849 0.00800316 0.0102317 0.0079727 0.00919387 0.00826631 0.0128594 0.730172 0.057232 0.0320571 0.0195264 0.0236076 0.0311245 0.0153535 0.00994917 
4.81609e-09 2.08874e-08 8.01747e-08 1.24693e-07 1.81587e-07 4.39512e-07 3.07833e-05 0.000149232 0.000645197 0.00281804 0.00550906 0.00907414 0.0101393 0.0116674 0.0153654 0.784255 0.0415859 0.0386261 0.0101085 0.00842001 0.00733334 0.00865044 0.0131913 0.0178504 0.0145793 
0.00019955 8.9781e-05 6.12305e-05 0.000117716 4.62122e-05 5.24926e-05 9.98417e-05 0.000112917 0.000220859 0.000230338 0.000222171 0.00032994 0.000372793 0.000358294 0.000453149 0.000390546 0.000388052 0.000650621 0.000302893 0.000296055 0.000458202 0.000746701 0.000900719 0.989698 0.00320066 
2.56706e-09 4.8394e-09 3.76833e-07 2.31204e-06 3.37782e-05 0.000211154 0.000747863 0.00140767 0.00199393 0.00267838 0.00446338 0.00450827 0.00468582 0.0042311 0.0042997 0.00476305 0.00539781 0.00672216 0.00957177 0.0101667 0.0165848 0.84084 0.0473979 0.0213968 0.00789511 
1.0663e-06 5.42677e-06 2.04678e-05 0.000288317 0.000171464 0.000344003 0.000502007 0.000589801 0.00081647 0.00130059 0.00234006 0.00243292 0.00353686 0.00900054 0.00457342 0.0070626 0.0170946 0.726351 0.0500692 0.0516463 0.0226325 0.0227132 0.0374569 0.0216567 0.0173931 
1.47918e-10 2.55591e-10 4.8479e-08 8.62881e-09 4.87835e-08 1.09026e-07 1.94661e-06 1.25162e-05 0.000109953 0.000362138 0.000710498 0.00105879 0.001207 0.00155939 0.00260011 0.00636849 0.806276 0.07734 0.0369996 0.00614015 0.00353921 0.0062386 0.0208574 0.0172056 0.0114123 
5.4682e-09 2.37403e-08 1.26402e-07 2.73543e-07 3.41982e-07 3.58985e-06 4.01913e-05 0.000339124 0.00130335 0.00379559 0.0064465 0.00989109 0.011364 0.0129135 0.0189578 0.768816 0.0331746 0.0411212 0.0109291 0.0095028 0.00796483 0.00951935 0.0164947 0.0220664 0.0153556 
6.47505e-10 2.13815e-09 1.02507e-07 4.15844e-07 9.29903e-06 2.00475e-05 8.41774e-05 0.0003716 0.00121223 0.00212237 0.00359666 0.00391628 0.00404504 0.00338525 0.00379489 0.00446464 0.00528364 0.00652001 0.0101943 0.0102137 0.0137875 0.0275395 0.877264 0.0170438 0.00513112 
0.0362795 0.0713595 0.597484 0.0334417 0.0108662 0.00972104 0.0121495 0.0133796 0.0147922 0.0126485 0.0130991 0.0125788 0.0149134 0.0122521 0.0175566 0.01059 0.0102568 0.00938826 0.0140228 0.0137616 0.0257985 0.00833645 0.0114125 0.00801538 0.00589658 
2.60485e-08 8.15833e-06 1.29996e-05 2.23476e-05 0.000182565 0.000620397 0.00222107 0.00554608 0.0116226 0.0167447 0.0204769 0.022125 0.0305018 0.669377 0.0285784 0.0204731 0.0191163 0.0203746 0.0227716 0.0159776 0.0171086 0.0168323 0.0190624 0.0227245 0.0175186 
5.29525e-10 9.64453e-08 2.82798e-07 1.37258e-06 6.17303e-06 2.30334e-05 6.04942e-05 0.000133527 0.00020849 0.000251602 0.00027632 0.000303363 0.00082979 0.000470499 0.00722566 0.00104228 0.00138245 0.00286363 0.00219276 0.00275664 0.00238626 0.00761256 0.0104658 0.957111 0.0023955 
1.18578e-07 6.99692e-07 3.20543e-06 4.17409e-05 3.76941e-05 6.09864e-05 0.000103365 0.000161455 0.000244741 0.000328215 0.000384849 0.000360673 0.000881318 0.00107382 0.00456442 0.00052661 0.000945172 0.00167274 0.0019295 0.000798528 0.000735001 0.00258091 0.000786005 0.000668866 0.981109 
2.32835e-09 3.98325e-09 3.05737e-07 1.79058e-06 1.20214e-05 2.88708e-05 0.000264785 0.00119254 0.00458768 0.00924496 0.0125903 0.0137555 0.0148806 0.0177792 0.401958 0.02095 0.019553 0.023814 0.0128843 0.0101198 0.0111298 0.0149022 0.377982 0.0213058 0.0110624 
1.09763e-06 3.73955e-05 0.000245681 0.00199718 0.00345452 0.00998188 0.0181059 0.0283064 0.0333107 0.0391214 0.0448031 0.401741 0.0484029 0.0368259 0.0341585 0.0310832 0.0277619 0.0330923 0.0446923 0.0383377 0.0339052 0.0261141 0.0250814 0.0228075 0.016631 
5.87532e-06 0.000107352 0.00101226 0.00606441 0.0131011 0.023219 0.0287772 0.0376196 0.0401135 0.0458772 0.0497881 0.0484087 0.046534 0.0426479 0.301957 0.0329787 0.0287258 0.0382257 0.0437542 0.0395783 0.0359567 0.0292032 0.0259712 0.0241955 0.0161777 
2.44043e-08 7.83465e-06 1.41858e-05 2.96626e-05 0.000203575 0.000680199 0.00251952 0.00873891 0.0166877 0.0203481 0.0218169 0.0271742 0.0362487 0.634851 0.0279871 0.0225626 0.0213319 0.0226152 0.0248499 0.0177856 0.019602 0.018285 0.0172904 0.0218783 0.0164918 
5.61879e-09 1.16272e-06 1.16204e-05 1.13452e-05 0.000131305 0.000356276 0.00111549 0.00279694 0.00502179 0.00915803 0.0129798 0.0152984 0.0186476 0.016945 0.0181676 0.0186134 0.653416 0.0780285 0.0413286 0.01781 0.016141 0.0176685 0.0244174 0.019991 0.0119434 
5.9865e-15 6.57729e-14 1.63849e-13 2.54879e-13 4.64718e-13 8.73039e-13 5.18727e-11 2.31422e-11 2.34844e-12 9.37722e-10 1.2275e-10 4.48488e-10 5.1503e-09 1.22723e-08 3.13077e-08 5.25369e-08 1.34382e-07 3.58497e-07 4.01667e-07 3.95537e-07 2.25624e-06 0.000251181 0.000869789 0.991731 0.0071445 
8.66756e-14 7.12369e-13 6.99027e-12 3.40816e-12 1.27133e-11 2.52004e-11 9.80014e-10 8.50312e-10 1.60734e-09 1.80707e-08 1.22791e-08 2.00345e-08 1.04607e-07 1.79302e-06 5.14902e-06 1.26412e-05 3.52341e-05 3.23752e-05 0.000145412 0.000167223 0.00048781 0.00441912 0.975234 0.0166487 0.00281055 
8.53986e-10 9.76594e-09 1.34298e-06 1.24294e-06 1.82378e-05 9.87995e-05 0.000386795 0.000947075 0.00196552 0.00279728 0.00383898 0.00426202 0.00448085 0.00397596 0.00461742 0.00548756 0.00739004 0.0139096 0.0253569 0.029064 0.0276292 0.0373187 0.782017 0.0276604 0.0167748 
1.07381e-08 3.57893e-06 4.72325e-06 5.89934e-06 5.96294e-05 0.00010135 0.000529953 0.00141826 0.00241901 0.00350128 0.00451809 0.00493915 0.0063063 0.00473603 0.00547314 0.00583943 0.00630724 0.0084417 0.0179638 0.0159647 0.82167 0.0442143 0.0310226 0.00973116 0.00482897 
4.03432e-14 1.15236e-11 1.49768e-11 2.11499e-11 2.09202e-10 4.92632e-10 2.25352e-09 6.96454e-09 1.71051e-08 3.05913e-08 4.51951e-08 5.14134e-08 5.7248e-08 5.09791e-08 5.71771e-08 6.73948e-08 1.80379e-06 2.8147e-07 2.96381e-06 2.81273e-07 1.12553e-06 3.05169e-05 0.000169129 0.000319841 0.999474 
6.14972e-23 6.7584e-22 1.68035e-21 2.59545e-21 7.92866e-21 3.9023e-20 4.02571e-18 2.93386e-12 4.40782e-15 6.11467e-12 1.04863e-14 9.13935e-12 8.29249e-10 1.95053e-09 2.9937e-09 7.69938e-09 2.93974e-08 8.62197e-08 7.22645e-08 1.81945e-07 3.36397e-07 0.000138021 0.000257943 0.99326 0.00634346 
2.5958e-09 8.53259e-09 1.24347e-06 2.22795e-06 1.61597e-05 7.75077e-05 0.00033921 0.00119565 0.00479578 0.00997468 0.0137257 0.0150029 0.0155487 0.0154459 0.0169544 0.0210186 0.0498909 0.657163 0.0425329 0.0317902 0.0165758 0.0184645 0.0285594 0.0228536 0.0180708 
9.67341e-10 1.65834e-07 5.0599e-07 2.35819e-06 1.08907e-05 4.00256e-05 0.0001018 0.000230673 0.00039836 0.000470038 0.000498857 0.000871026 0.0013654 0.00120355 0.0134088 0.00962204 0.858864 0.0482342 0.00994315 0.00465861 0.00366628 0.00654924 0.015397 0.0134333 0.01103 
2.36326e-10 3.89907e-10 1.58154e-08 9.16185e-08 6.22622e-07 3.81537e-07 6.24887e-06 4.9906e-05 0.000265295 0.000450719 0.000892494 0.00166844 0.00205735 0.0022452 0.00247598 0.00283117 0.00359123 0.00669375 0.0125518 0.0199649 0.0160396 0.0256072 0.875699 0.0213599 0.00554876 
0 0 0 0 0 0 0 0 0 0 0 0 0 0 6.38779e-24 3.23011e-13 3.23443e-10 2.34407e-06 3.35446e-07 1.80429e-05 0.000192601 0.000312134 0.000527427 0.996704 0.00224314 
7.84463e-05 0.00194358 0.0121668 0.0365507 0.136695 0.0587395 0.0536108 0.0575466 0.0565043 0.0554409 0.0578751 0.0532789 0.050014 0.0429682 0.0459443 0.0319546 0.030517 0.0277841 0.034466 0.0366614 0.029234 0.0287464 0.0227719 0.0190479 0.0194597 
5.94078e-11 7.52214e-11 6.70664e-10 1.70329e-09 1.57545e-09 2.56885e-09 1.2802e-07 2.04804e-06 5.34616e-06 9.28564e-05 0.000292913 0.000369785 0.00065771 0.000930035 0.00110769 0.0014545 0.00136566 0.00231915 0.00442857 0.0116186 0.882798 0.0396644 0.038581 0.00913296 0.00517882 
3.39589e-10 6.03302e-10 3.6992e-08 2.25711e-07 4.35573e-07 1.43184e-05 1.73496e-05 8.87229e-05 0.000440472 0.00104864 0.00130006 0.00262228 0.00286835 0.00261588 0.00291613 0.00320645 0.00394787 0.00793821 0.0101461 0.838212 0.0349731 0.037069 0.035094 0.00913292 0.00634713 
2.23325e-08 6.11427e-06 1.33205e-05 2.77962e-05 0.000154241 0.000654661 0.00154981 0.00280927 0.00374299 0.00521897 0.00694419 0.00733105 0.00958776 0.00729025 0.0073034 0.0071341 0.00757671 0.0116448 0.0214489 0.015406 0.0194007 0.802129 0.0430239 0.0137023 0.00590018 
4.23682e-08 1.19071e-05 1.88711e-05 4.6364e-05 0.000219217 0.00119298 0.00403703 0.00959761 0.0152393 0.0207948 0.0255448 0.0250744 0.0284782 0.0291512 0.629485 0.0261032 0.0218523 0.0290966 0.0249543 0.0187713 0.019365 0.0183575 0.0186824 0.0196468 0.0142786 
1.91916e-05 0.000311277 0.00353784 0.0116506 0.0210017 0.0425047 0.0369697 0.041642 0.0427299 0.156423 0.0693856 0.0579885 0.0694434 0.044535 0.0315509 0.0284385 0.0266373 0.0270272 0.0371794 0.0283505 0.0281363 0.0244221 0.0232312 0.134272 0.0126126 
3.35727e-09 1.0134e-08 1.3705e-06 3.18005e-06 8.72068e-06 0.00010711 0.000522783 0.00268625 0.00790814 0.0133135 0.0177705 0.0180824 0.0201811 0.0260604 0.0293944 0.0223866 0.0233635 0.0229583 0.0156013 0.0130405 0.0132512 0.0149508 0.022946 0.700302 0.0151597 
1.70666e-06 3.84909e-05 0.000414526 0.00263788 0.00445862 0.00795002 0.0101859 0.0141312 0.0155556 0.0180899 0.0223344 0.0205151 0.0206181 0.01827 0.0168705 0.0155365 0.0208602 0.580937 0.0642325 0.0353666 0.0318181 0.0258508 0.0257226 0.0170197 0.0105837 
4.86025e-10 1.1908e-09 5.79317e-08 3.04559e-07 4.77154e-06 9.9208e-06 3.66869e-05 0.000191562 0.000745751 0.00154592 0.00257159 0.00323721 0.00343509 0.0029277 0.00318029 0.003665 0.00452931 0.00653365 0.00969637 0.767117 0.0644374 0.0546901 0.0494245 0.0142327 0.00778684 
3.86012e-10 6.2831e-08 1.85314e-07 8.93578e-07 4.10608e-06 1.49973e-05 4.04634e-05 9.09049e-05 0.000146881 0.000196626 0.000298648 0.000517447 0.00109742 0.000960939 0.00538745 0.00131941 0.001867 0.00367097 0.00505521 0.00462702 0.00569775 0.0103101 0.937163 0.0165537 0.00497839 
3.1108e-05 0.000551124 0.00668623 0.0243388 0.0433679 0.054432 0.059992 0.0673957 0.0647465 0.0642969 0.0648494 0.0592018 0.0547746 0.0461581 0.0399526 0.0342954 0.0312818 0.0311576 0.0425242 0.0829506 0.0336783 0.0313713 0.0267143 0.0203248 0.0149271 
1.57108e-09 1.6095e-09 9.65331e-08 5.1196e-07 5.15633e-07 1.48331e-05 1.88674e-05 0.000269148 0.0013125 0.00418618 0.00670365 0.0108183 0.0114267 0.0119979 0.0138556 0.0191572 0.790392 0.0454921 0.0117663 0.0104372 0.00868628 0.0105922 0.016227 0.0146248 0.0120197 
6.26796e-13 3.76799e-12 2.38082e-11 2.48797e-11 1.21189e-10 1.6056e-10 5.25712e-09 8.49513e-09 1.3477e-08 4.07793e-08 4.00031e-08 4.27009e-07 3.72406e-06 1.7022e-05 3.64127e-05 0.000122939 0.00015689 0.000110354 0.000229821 0.000370464 0.000727706 0.0063604 0.968219 0.0172454 0.00639913 
0.00682784 0.0311266 0.0599049 0.0426304 0.0333014 0.0416056 0.0560128 0.0457433 0.0435549 0.0458126 0.0381424 0.0439917 0.0549741 0.030952 0.0306503 0.025985 0.0224493 0.0208044 0.0355622 0.029989 0.172516 0.0287911 0.0317609 0.0158101 0.0111013 
1.38553e-08 2.09542e-06 5.97859e-06 8.33588e-06 0.000136557 0.000311012 0.00134211 0.0044199 0.00891571 0.0138447 0.0180171 0.0190527 0.0225288 0.0200802 0.0245998 0.676205 0.031714 0.0368379 0.0223543 0.0162488 0.0157288 0.0151041 0.0164917 0.0203287 0.0157217 
2.19752e-08 5.72883e-06 1.74263e-05 3.40683e-05 0.000183657 0.000742927 0.00174534 0.00300507 0.00396388 0.00553786 0.00710945 0.00764268 0.0100964 0.00788081 0.00751801 0.00728705 0.00772213 0.0118841 0.0222347 0.0182948 0.0309755 0.801623 0.0294327 0.0106765 0.00438584 
1.29967e-06 4.40579e-05 0.000325332 0.00245643 0.00377659 0.00870572 0.0155345 0.0249068 0.0316575 0.431647 0.0497955 0.0418574 0.0367746 0.0340145 0.0324701 0.030496 0.0278518 0.0311296 0.0425517 0.037879 0.0358638 0.0246962 0.0222235 0.0204806 0.0128604 
6.19095e-10 6.6691e-10 1.31626e-08 1.51332e-08 3.37866e-08 1.30253e-07 4.84453e-06 2.28245e-05 0.000192905 0.00059537 0.00163226 0.00434502 0.00601402 0.00763348 0.0101957 0.0125191 0.795619 0.0715153 0.0201969 0.00795041 0.00737591 0.00892502 0.0197492 0.0153829 0.0101296 
0 0 0 0 0 0 0 0 0 0 0 0 0 0 0 0 0 0 0 0 0 0 0 0 1 
8.57838e-10 1.13965e-08 1.61708e-06 1.32262e-06 1.42995e-05 6.44053e-05 0.000272221 0.000941011 0.00203811 0.00297426 0.00404769 0.00448513 0.00468308 0.00415897 0.00483993 0.00518302 0.00592366 0.00763758 0.0118239 0.0115081 0.0162396 0.035714 0.84706 0.02119 0.00919849 
2.7317e-08 4.08508e-06 6.84386e-06 1.06111e-05 6.59113e-05 0.000220581 0.000954591 0.00337146 0.00896713 0.0143533 0.0184803 0.0188406 0.0195222 0.0203983 0.0293374 0.675525 0.0324538 0.0396422 0.0164427 0.0137739 0.0140978 0.0152937 0.0178382 0.0231626 0.0172369 
0 0 0 0 0 0 0 0 0 0 0 0 0 0 2.42356e-24 2.71679e-13 3.36897e-11 1.27889e-10 1.53549e-10 2.29232e-10 1.33706e-07 1.77291e-05 8.88494e-05 0.000526508 0.999367 
9.6701e-06 0.000168177 0.0021129 0.0093829 0.0964829 0.0986887 0.0461423 0.0917366 0.0830569 0.0481099 0.0481134 0.0470376 0.0757891 0.0412174 0.0364863 0.032705 0.0388304 0.028896 0.0368123 0.0307127 0.0294688 0.0261987 0.0212341 0.018086 0.0125214 
1.85495e-07 3.87194e-06 4.64339e-06 8.07833e-06 1.04937e-05 0.000108591 0.0005138 0.00299632 0.0101547 0.0144377 0.0215172 0.734519 0.0319189 0.0194212 0.0173601 0.0179883 0.0183225 0.0144773 0.0131533 0.0129607 0.0139326 0.0120374 0.0117686 0.0178406 0.0145443 
6.30457e-10 1.74601e-09 1.01182e-07 4.18664e-07 9.34393e-06 1.97818e-05 8.33752e-05 0.000368608 0.00119793 0.00206776 0.00349103 0.00381556 0.00397804 0.00333577 0.0037323 0.00441847 0.00515947 0.00641922 0.00985328 0.00977508 0.0137618 0.860009 0.0483377 0.0143839 0.00578161 
3.0501e-09 3.61149e-09 2.51516e-07 1.28589e-06 2.75334e-05 0.00015433 0.000482358 0.00076385 0.00146318 0.00239359 0.00376265 0.00403447 0.00420028 0.00354561 0.00378797 0.00435557 0.00519565 0.00665813 0.00939974 0.0106075 0.858576 0.0380709 0.0291693 0.00850593 0.00484382 
1.29737e-08 4.14907e-06 6.56015e-06 2.6268e-05 0.000272475 0.000508556 0.0011133 0.00243493 0.00320089 0.00425442 0.00527043 0.00582818 0.00839804 0.00559295 0.00613822 0.00643038 0.006597 0.00894264 0.0201514 0.0138933 0.0176043 0.811813 0.045287 0.0196556 0.00657558 
2.17294e-05 0.000370745 0.00435171 0.0167933 0.0556262 0.0389068 0.0424253 0.0486398 0.0473029 0.0483991 0.0519918 0.0572468 0.0717116 0.0382591 0.0339234 0.052898 0.0270616 0.0922018 0.053337 0.0348053 0.0954473 0.0293058 0.0258787 0.0193892 0.0137052 
0.0116779 0.0479044 0.0516933 0.0283276 0.019917 0.0208148 0.0275523 0.0322407 0.0367443 0.0346116 0.0339775 0.0334185 0.0363336 0.028842 0.0267894 0.0254278 0.0201422 0.0210837 0.033068 0.029541 0.0485324 0.291387 0.0330071 0.0165273 0.0104384 
1.34039e-10 1.59233e-10 3.22438e-08 2.07029e-07 1.63605e-06 1.90922e-05 8.84909e-05 0.000184284 0.000384069 0.000417815 0.000478128 0.00094605 0.00103056 0.00107619 0.00125166 0.00123696 0.001498 0.0023797 0.0035205 0.00341686 0.00420763 0.00748013 0.948546 0.0148523 0.00698356 
7.26954e-10 8.23902e-09 1.31393e-06 1.11178e-06 1.11469e-05 4.34811e-05 0.00018318 0.000589279 0.00161736 0.0025555 0.00372514 0.00408972 0.00425536 0.0037076 0.00430011 0.00478703 0.00564179 0.00774804 0.0132622 0.0194086 0.0272103 0.0433618 0.817713 0.0229738 0.0128127 
2.83721e-07 2.78592e-06 1.90924e-05 0.000247865 0.000236825 0.000434155 0.000685589 0.000965161 0.00113841 0.00146212 0.00179975 0.0015582 0.00326378 0.00298648 0.0147328 0.00255735 0.00366662 0.00588778 0.00832347 0.0055986 0.00587291 0.0140786 0.0114381 0.905533 0.00751013 
1.58906e-09 3.45254e-08 3.54084e-06 7.84873e-06 0.000115769 0.000487002 0.000833301 0.00135047 0.00227142 0.00320659 0.00439288 0.00484867 0.0051128 0.00460594 0.00526125 0.00551295 0.00628011 0.00791201 0.0144475 0.016057 0.0280711 0.800865 0.0566085 0.0222966 0.00945129 
1.49541e-08 4.81984e-06 7.19841e-06 1.57578e-05 0.000102622 0.000347922 0.000993427 0.0022794 0.00317192 0.00458902 0.00604692 0.00612736 0.00798289 0.00603187 0.0065094 0.00683436 0.00732973 0.013838 0.0264801 0.813425 0.0201865 0.0251859 0.0264585 0.0086769 0.00737483 
0 0 0 0 0 0 0 0 0 0 0 0 0 5.09621e-14 4.43404e-11 1.40268e-09 5.45878e-09 1.10475e-05 1.95846e-06 0.000191891 0.000572471 0.000825303 0.00136037 0.0014824 0.995555 
1.21819e-08 3.2523e-06 4.9769e-06 8.81066e-06 0.00010356 0.000262001 0.000832131 0.00219162 0.002846 0.00390913 0.00499057 0.00528729 0.00731763 0.00526923 0.00581698 0.0061731 0.00664134 0.0100656 0.0217321 0.738612 0.0626074 0.0461084 0.0471279 0.0140963 0.00799222 
1.43605e-05 0.000358498 0.00517357 0.0202719 0.0461745 0.0550404 0.0599337 0.0662549 0.0608128 0.0610169 0.0673341 0.0563912 0.0550539 0.0459906 0.0390389 0.0332304 0.0287612 0.0292979 0.0428304 0.0358032 0.0314087 0.0315345 0.0924074 0.0201421 0.0157238 
0 0 0 0 0 0 0 0 0 0 0 0 0 0 0 0 0 0 0 0 0 0 0 0 1 
0.00011294 0.00202521 0.012876 0.0329114 0.0409042 0.0481574 0.0597882 0.0868534 0.07645 0.0580409 0.0584125 0.0817337 0.0521547 0.0544824 0.039054 0.0365116 0.0295065 0.027359 0.0388955 0.0316797 0.0298461 0.0311938 0.0294374 0.0274609 0.0141527 
2.01419e-05 0.0003292 0.00358555 0.0125022 0.0228959 0.0697834 0.0425701 0.0491229 0.0514916 0.121504 0.0539116 0.0514386 0.117341 0.0411768 0.0358658 0.031775 0.029196 0.0312429 0.0424908 0.034399 0.0689781 0.0292611 0.0254354 0.0198348 0.0138474 
0.00954278 0.041475 0.0581099 0.0435247 0.0301444 0.0283202 0.0324867 0.0366774 0.0365717 0.0344827 0.0360512 0.0400626 0.0408431 0.0292963 0.0272904 0.0242332 0.0242329 0.0215142 0.0308622 0.22658 0.0484143 0.0336208 0.0379974 0.0165821 0.011084 
0.000159716 0.00308437 0.0151935 0.0377637 0.0572805 0.0683047 0.0522151 0.0589739 0.101001 0.0581257 0.0576582 0.0738541 0.0504542 0.0440228 0.040998 0.035325 0.03223 0.0290264 0.0350546 0.0321041 0.0306757 0.0296766 0.0231144 0.0193642 0.01434 
5.73962e-13 3.29331e-12 2.25102e-11 1.40786e-11 5.68025e-11 9.42586e-11 6.32254e-09 1.23026e-08 1.73493e-08 6.64112e-08 6.879e-08 1.62832e-07 2.33121e-06 1.77245e-05 3.59993e-05 7.91969e-05 0.000138097 0.000288576 0.000560719 0.00254309 0.917181 0.0355963 0.0313099 0.0082281 0.00401874 
2.24523e-09 6.39334e-09 7.59492e-08 2.49058e-07 2.29909e-07 2.88472e-06 1.99874e-05 0.000145778 0.00083381 0.00357922 0.00644327 0.0104039 0.011688 0.0137638 0.109928 0.128573 0.0361514 0.562957 0.0247626 0.0173876 0.00904142 0.0121163 0.0207202 0.0181603 0.0133214 
0.000192288 0.00347419 0.0150795 0.0372683 0.0397097 0.0447307 0.0490809 0.0561655 0.158604 0.0637731 0.0589678 0.0560831 0.0505338 0.0434806 0.0413996 0.0357825 0.0310668 0.0283976 0.0356747 0.0328122 0.0307464 0.029823 0.0229597 0.0199486 0.0142457 
1.34234e-09 1.18647e-08 1.03028e-07 1.62619e-07 6.54901e-07 1.87913e-06 3.37171e-05 0.000262632 0.00137813 0.00332725 0.00551611 0.00793572 0.0097987 0.0149478 0.811112 0.0206469 0.0174173 0.0276936 0.0110374 0.00726228 0.00839629 0.00958583 0.0132387 0.0172651 0.0131413 
1.09455e-08 3.54399e-06 5.17296e-06 6.54605e-06 7.93674e-05 0.000137321 0.000669932 0.00177912 0.00268013 0.00375564 0.0049211 0.00548147 0.00724499 0.00527106 0.00588488 0.00622336 0.00647315 0.00878341 0.0195573 0.0136502 0.0176182 0.824002 0.046112 0.0138063 0.00585339 
9.64379e-09 3.20275e-06 4.10453e-06 5.35817e-06 3.50072e-05 0.000100748 0.000474835 0.00128873 0.00214422 0.00303499 0.0039268 0.00422365 0.00499014 0.00402772 0.00460277 0.00530477 0.00717974 0.257501 0.611069 0.0260935 0.0122877 0.0159302 0.0187471 0.00984693 0.00717751 
5.49561e-08 5.87249e-06 1.91971e-05 3.26097e-05 0.00013874 0.000378153 0.000988163 0.00228271 0.00319519 0.00450756 0.00590176 0.00611316 0.007875 0.00587053 0.00623846 0.00680717 0.00866228 0.0226601 0.818183 0.0237577 0.0164576 0.019289 0.0205637 0.0118403 0.00823203 
1.29786e-08 4.30175e-06 5.73247e-06 8.89668e-06 5.76676e-05 0.000227765 0.000924818 0.00186071 0.00280181 0.00394884 0.00501497 0.00533967 0.00592815 0.00516137 0.00581765 0.00595222 0.00653425 0.00842743 0.0142189 0.0145902 0.816467 0.0519569 0.0302665 0.010345 0.00413874 
0 0 0 0 0 0 0 0 0 0 0 0 0 9.22809e-15 8.07923e-12 5.43311e-10 1.72278e-09 7.03751e-09 8.19798e-09 1.43307e-08 1.86664e-07 2.62793e-05 0.000160863 0.995816 0.00399642 
2.62842e-10 3.52709e-10 7.39266e-08 2.34728e-08 8.13509e-08 1.55346e-07 4.74789e-06 5.3663e-05 0.000365203 0.00105088 0.00126479 0.00152776 0.00190289 0.00307787 0.00386455 0.00738801 0.0178115 0.854636 0.04195 0.00896788 0.00537215 0.00873015 0.0183515 0.0146151 0.00906503 
1.08043e-06 2.88749e-05 0.000273103 0.00272314 0.00320387 0.00656348 0.00889913 0.0121717 0.0136985 0.0176158 0.021848 0.0204868 0.0200367 0.0168805 0.0173227 0.0173933 0.0169954 0.0358886 0.611334 0.0413252 0.0350606 0.0268405 0.0273034 0.016198 0.00990813 
2.39002e-09 3.20847e-09 2.75817e-07 9.29244e-07 7.65239e-06 5.21098e-05 0.000179277 0.000986756 0.00399204 0.00812878 0.0127995 0.0148637 0.0152121 0.0146731 0.0163978 0.0218446 0.745441 0.0481634 0.0148907 0.0122435 0.0111914 0.0126971 0.0178048 0.0153227 0.0131069 
5.42323e-10 1.4856e-09 9.35942e-08 2.48027e-07 5.68015e-06 5.64506e-05 0.000247405 0.000486423 0.000725812 0.00136285 0.00182488 0.00277949 0.00406584 0.00498991 0.00860911 0.0138004 0.0159235 0.0170774 0.00994739 0.00843487 0.00867781 0.0140966 0.0158982 0.862673 0.00831714 
4.16024e-10 1.42307e-09 3.72478e-08 2.19702e-07 2.68067e-07 6.47271e-06 1.14515e-05 9.54417e-05 0.000480287 0.00130618 0.00176459 0.00303226 0.00307375 0.00275606 0.00317015 0.00347055 0.00444416 0.00548894 0.00791041 0.00919999 0.015642 0.0360214 0.870059 0.0213879 0.0106783 
