10401
1.67723e-11 8.43927e-10 3.24261e-09 1.61299e-08 2.64893e-07 5.12417e-07 1.30127e-06 1.94187e-06 1.6804e-06 2.58914e-06 3.89183e-06 5.82179e-06 1.37053e-05 1.54002e-05 1.98321e-05 2.43335e-05 3.46714e-05 2.63547e-05 3.23737e-05 1.56983e-05 1.89033e-05 1.82696e-05 2.02785e-05 3.0483e-05 0.999712 
8.23933e-10 9.15641e-09 1.20034e-06 1.09436e-06 1.42144e-05 6.02937e-05 0.000273335 0.000884061 0.00196102 0.00287572 0.00396915 0.00433713 0.00459697 0.00404394 0.00473615 0.00509356 0.00585904 0.00964063 0.0144293 0.811167 0.038751 0.0392114 0.0329902 0.00877999 0.00632355 
2.39467e-09 9.61298e-07 1.46673e-06 4.46115e-06 4.46327e-05 4.70459e-05 0.000157873 0.000453464 0.000686253 0.00122698 0.00199691 0.00175515 0.00292755 0.0020685 0.00238483 0.00248066 0.00288743 0.00472394 0.0125996 0.00816801 0.00927029 0.0112672 0.0116683 0.919187 0.00399143 
0 0 0 0 0 0 0 0 0 0 0 0 0 0 0 0 0 0 0 0 3.25215e-14 1.06135e-11 2.62178e-05 0.000209281 0.999765 
1.2107e-06 3.29172e-05 0.00016573 0.000640329 0.00114011 0.00189177 0.00292472 0.00442132 0.00561185 0.00689532 0.00956336 0.00916258 0.0112707 0.00932633 0.0118152 0.00924588 0.0109514 0.0152783 0.0268874 0.0267078 0.727858 0.0563056 0.034409 0.0120931 0.00540004 
5.21558e-09 6.62793e-07 1.82214e-06 4.16211e-06 9.53361e-06 9.83517e-05 0.000483666 0.00241083 0.00812909 0.0142981 0.016614 0.0180646 0.0181134 0.0183156 0.0204068 0.0231083 0.664417 0.0775905 0.0240353 0.0142826 0.0137782 0.0146665 0.0211365 0.0176314 0.0124029 
9.11732e-09 2.07544e-06 2.86722e-06 5.99876e-06 8.18933e-06 9.88092e-05 0.000520402 0.00316642 0.0104698 0.0146963 0.0176354 0.66863 0.0569699 0.0274582 0.0217893 0.0189212 0.0184145 0.0155213 0.0144929 0.0125257 0.0137516 0.0142736 0.0148781 0.0276817 0.0280863 
1.373e-14 1.50883e-13 3.75103e-13 5.78813e-13 1.02803e-12 1.96141e-12 6.2801e-11 7.74575e-11 7.53423e-12 5.39258e-08 5.22087e-10 2.25503e-09 1.97277e-08 4.09575e-08 1.11231e-07 1.33027e-07 5.62389e-07 2.00203e-05 1.47876e-05 2.5462e-05 6.87992e-05 0.000457004 0.0015795 0.989615 0.00821815 
0.000452792 0.00176402 0.00325157 0.00360822 0.00368523 0.00623296 0.00814156 0.0113778 0.012486 0.0126905 0.0145047 0.0130906 0.0162611 0.0115487 0.013324 0.0109349 0.0107003 0.0137238 0.0237952 0.0202927 0.706823 0.0345383 0.02847 0.0104402 0.00786163 
1.81107e-11 1.99025e-10 4.94785e-10 7.63308e-10 1.35597e-09 2.58565e-09 2.94356e-09 3.71742e-09 5.12717e-09 1.44183e-06 1.5894e-08 1.51767e-08 5.02603e-08 1.51518e-07 3.82568e-05 9.04205e-05 0.000147878 0.000287237 0.00012617 0.000135794 0.000205676 0.000379813 0.000573185 0.000582375 0.997432 
8.16855e-15 8.97666e-14 2.23166e-13 3.44411e-13 6.11615e-13 1.16716e-12 5.57325e-11 3.19649e-11 2.3732e-12 1.16154e-09 2.05852e-11 4.72594e-10 7.10351e-09 1.65122e-08 4.06179e-08 6.65457e-08 1.52627e-07 3.87517e-07 4.23177e-07 3.75607e-07 1.89315e-06 0.000212519 0.000871398 0.991178 0.00773446 
2.50182e-06 2.00442e-05 0.000109318 0.000436834 0.000631573 0.000899432 0.00189375 0.0045979 0.0118288 0.0158197 0.0182115 0.0204173 0.0205663 0.617857 0.0684923 0.026541 0.0218636 0.0299756 0.0242963 0.0196647 0.0178515 0.0199436 0.021014 0.0215688 0.0154961 
1.53444e-08 4.56788e-06 6.58576e-06 1.77241e-05 0.000125702 0.000440859 0.0010112 0.00213907 0.00326189 0.00438829 0.00584259 0.00618307 0.00788375 0.00595761 0.00620462 0.0065364 0.0073711 0.0154462 0.79241 0.0451561 0.0191754 0.0259873 0.0276402 0.00904569 0.00776413 
5.25231e-10 2.14067e-09 6.89031e-08 3.19313e-07 6.35033e-06 1.34259e-05 4.5388e-05 0.000221913 0.000845265 0.00166457 0.00280825 0.003417 0.00364922 0.00304986 0.00347154 0.00391851 0.00482669 0.00600414 0.00885748 0.00919756 0.0144928 0.0322305 0.86641 0.0210006 0.0138683 
9.71786e-11 1.29984e-10 2.89746e-08 3.27064e-09 3.09876e-08 7.47711e-08 3.10531e-07 2.7037e-06 5.66679e-06 7.92384e-05 0.000219503 0.000832815 0.00116446 0.00151808 0.00185286 0.00217958 0.00271454 0.0109017 0.878805 0.0251301 0.0119942 0.0206576 0.0269416 0.00839683 0.00660276 
1.3154e-08 4.35576e-06 6.69071e-06 1.31999e-05 9.97645e-05 0.000306889 0.000871106 0.00200199 0.00308598 0.00419819 0.00572037 0.00593486 0.0076354 0.00569245 0.00633983 0.00644324 0.00689392 0.00945765 0.0210994 0.0186513 0.810508 0.0381799 0.0317043 0.00919407 0.00595713 
1.06177e-14 1.12936e-13 3.73237e-13 4.71841e-13 1.08952e-12 1.93182e-12 8.06045e-11 4.64278e-11 1.5348e-11 1.60079e-09 6.85724e-10 1.05604e-09 1.13117e-08 2.20876e-08 6.21204e-08 9.26317e-08 2.58541e-07 1.03728e-06 9.24615e-07 4.55712e-06 3.14288e-05 0.00049147 0.00204817 0.00552103 0.991901 
1.02251e-08 1.11007e-06 5.30641e-06 5.92885e-05 0.000198876 0.000426839 0.000555137 0.000809434 0.00088177 0.00192889 0.00214097 0.00344388 0.00385133 0.00332954 0.00350434 0.00367297 0.00413447 0.00614148 0.0098954 0.190517 0.01832 0.702648 0.0298449 0.0101825 0.00350622 
0.000118964 0.00113031 0.00551184 0.0137595 0.0193428 0.0243849 0.0266531 0.0293572 0.029084 0.0317856 0.0337889 0.0314123 0.0304189 0.0291117 0.0289595 0.022814 0.0245808 0.03202 0.0518225 0.386709 0.0410534 0.0402903 0.0374241 0.0169348 0.0115312 
1.80027e-09 5.72824e-09 1.88981e-07 2.36278e-06 1.34378e-05 3.31628e-05 0.000172635 0.0010226 0.00213786 0.00441162 0.00861896 0.0110335 0.0121717 0.0125486 0.0140401 0.0199647 0.781281 0.0461935 0.0121012 0.0103434 0.00923734 0.0109278 0.01708 0.0143556 0.0123085 
2.38375e-08 6.73757e-06 1.14393e-05 2.33656e-05 0.000150098 0.000410155 0.00153059 0.00577279 0.0142927 0.0180099 0.0200403 0.0225686 0.0252637 0.0263956 0.664649 0.0251124 0.0214317 0.0272931 0.0236029 0.0166133 0.0180945 0.0178317 0.0182072 0.0189584 0.0137297 
7.24276e-05 0.00356896 0.00501232 0.00495241 0.00381255 0.00495569 0.00686833 0.00855412 0.00884357 0.0098682 0.00995719 0.00996332 0.0118957 0.00860643 0.0083229 0.00863826 0.00933401 0.0208389 0.0403346 0.74275 0.0165094 0.0189654 0.0180181 0.0114263 0.00793128 
1.79804e-07 2.40546e-06 1.52733e-05 0.000118035 0.000197676 0.00017924 0.000163386 0.000326943 0.00116717 0.00184555 0.00342192 0.00271274 0.0030243 0.00272351 0.00821993 0.00400557 0.00646569 0.00662687 0.00768991 0.0123519 0.860363 0.0348465 0.0300978 0.00806954 0.00536483 
8.73481e-09 1.08392e-07 3.95711e-07 1.23797e-06 8.82483e-06 9.66946e-06 4.92501e-05 0.000279912 0.00141127 0.00412291 0.00745629 0.0108784 0.0117257 0.0123514 0.0136979 0.0163617 0.756165 0.0656499 0.0221182 0.0106172 0.00879526 0.011301 0.0191228 0.0159731 0.0119026 
0 0 0 0 0 0 0 0 0 0 0 0 0 1.22461e-13 1.30581e-10 2.32912e-09 6.81564e-09 3.78959e-06 7.79172e-07 3.20026e-05 0.000168519 0.000250212 0.000423885 0.00129381 0.997827 
2.02313e-08 6.02069e-06 1.42125e-05 3.09227e-05 0.000173306 0.000709474 0.00158868 0.00274777 0.00377497 0.00518758 0.00676752 0.0072315 0.00947563 0.00695622 0.00721025 0.00707566 0.00750787 0.0117665 0.0219192 0.0185181 0.793619 0.041607 0.0304802 0.0100257 0.00560665 
1.65994e-08 4.74815e-06 5.20199e-06 8.97449e-06 1.16919e-05 0.000129918 0.000720527 0.003431 0.010282 0.0156094 0.0195752 0.0203227 0.023521 0.711578 0.0264369 0.0201074 0.0191043 0.0190171 0.0162906 0.0136731 0.0143899 0.0161298 0.0158964 0.0188725 0.0148816 
2.78749e-05 0.00145526 0.00232803 0.00438616 0.00429453 0.00595004 0.00702049 0.00857422 0.0083704 0.0100018 0.0108355 0.00981701 0.0131409 0.00950356 0.0095436 0.00959457 0.0172294 0.71603 0.0510374 0.0199827 0.0169538 0.0186865 0.0213211 0.0147762 0.00913877 
1.1408e-08 3.7361e-06 5.28697e-06 6.89294e-06 7.86781e-05 0.000130822 0.000645385 0.00172372 0.00264555 0.00368093 0.0047875 0.005194 0.00716579 0.00506918 0.00575233 0.00619946 0.00671724 0.0132244 0.0251477 0.828426 0.0173832 0.0238436 0.0267456 0.00827146 0.00715106 
7.14555e-08 1.04389e-05 3.06867e-05 5.36816e-05 0.000428521 0.0028359 0.00874852 0.017864 0.0233414 0.0337463 0.576563 0.0476847 0.0337218 0.0279132 0.0261278 0.025476 0.0237022 0.0193691 0.0245282 0.0201469 0.0202273 0.0170063 0.016874 0.0197249 0.0138749 
4.02564e-06 1.03222e-05 2.9176e-06 4.89455e-06 2.39675e-07 1.97143e-06 3.62791e-06 1.81937e-06 1.02557e-06 2.39412e-06 1.15452e-06 4.84255e-06 8.33863e-06 1.49548e-06 5.84792e-06 4.7106e-06 6.31204e-06 2.29274e-05 5.9099e-06 4.71385e-06 5.48797e-06 0.000370579 0.0013718 0.989996 0.0081567 
9.62767e-12 4.13379e-11 2.58434e-10 2.04161e-10 8.86049e-10 1.81405e-09 7.84008e-08 1.36561e-06 2.29792e-07 4.33889e-06 1.28124e-05 2.76844e-05 0.000283334 0.000528346 0.000833259 0.00106823 0.0010221 0.00154147 0.00267782 0.00681462 0.914817 0.0295191 0.0286521 0.00748302 0.0047133 
3.97442e-10 3.316e-10 1.14215e-08 1.46003e-08 2.2606e-08 5.83656e-08 2.77458e-06 2.97777e-05 0.000186692 0.000774195 0.00148625 0.0027256 0.00300323 0.00354817 0.00338265 0.00368588 0.00365449 0.00397564 0.00524149 0.00573175 0.0128934 0.0332366 0.885517 0.0209642 0.00996038 
6.87962e-09 2.79769e-08 3.55427e-07 1.45212e-06 7.24315e-06 2.94784e-05 0.000209954 0.00106056 0.0048391 0.0102737 0.0145623 0.0157582 0.0163015 0.0166825 0.0209775 0.730112 0.0310291 0.03689 0.0130639 0.011712 0.01104 0.0131606 0.0152806 0.0206772 0.0163303 
6.14134e-05 0.0010647 0.00778643 0.0226979 0.0351972 0.0546126 0.0481051 0.057398 0.0607251 0.0685608 0.0568495 0.0564316 0.0563251 0.0484442 0.0436004 0.0346193 0.0359506 0.0430049 0.0596827 0.051216 0.0437558 0.045472 0.031768 0.0218799 0.0147906 
0 0 0 0 0 0 0 0 0 0 0 0 0 0 4.27275e-24 2.87119e-13 3.81559e-11 1.56538e-10 1.86843e-10 7.45757e-05 0.000234745 0.000371106 0.000558554 0.000846156 0.997915 
7.06999e-06 4.73347e-07 1.44092e-09 1.91566e-08 1.36323e-06 8.90074e-07 1.56784e-07 4.31396e-07 1.48265e-08 3.71717e-07 1.58535e-06 1.63366e-07 5.41204e-07 1.6231e-06 8.27495e-07 3.30305e-06 1.15213e-06 4.73441e-06 1.29423e-06 1.42924e-06 2.82247e-06 8.58604e-06 2.01908e-05 8.11285e-06 0.999933 
2.27356e-08 6.13719e-06 1.32861e-05 3.1323e-05 0.000170966 0.000736294 0.00166277 0.00287113 0.00385383 0.00524917 0.00686475 0.00737164 0.00961683 0.007216 0.00723323 0.00712899 0.00756072 0.0118671 0.0222814 0.0189942 0.795112 0.0375357 0.0308265 0.00966078 0.0061355 
1.15455e-09 1.098e-09 7.85638e-08 2.11408e-07 1.42172e-07 4.17674e-07 1.69183e-05 0.000129094 0.000725666 0.00239954 0.00428259 0.00791053 0.00904715 0.010572 0.0123332 0.0138549 0.750237 0.0777479 0.0311399 0.0106365 0.00792883 0.0107878 0.0214409 0.0173345 0.0114748 
2.65897e-15 2.92203e-14 7.26431e-14 1.12067e-13 1.9908e-13 3.79619e-13 4.33059e-13 1.17055e-11 7.61725e-13 1.76954e-10 1.3561e-12 4.80868e-11 2.54846e-09 5.26937e-09 1.08874e-08 1.66248e-08 3.47107e-08 8.40496e-08 5.86375e-08 8.67323e-08 3.84777e-07 8.26876e-05 0.000248968 0.00153535 0.998132 
2.69731e-10 2.68918e-10 1.35511e-08 1.3393e-07 4.98907e-08 2.6287e-07 4.71164e-06 2.76116e-05 0.000212935 0.00067464 0.00103968 0.00221841 0.00237993 0.00231396 0.00258588 0.00299554 0.00384002 0.00523637 0.00725357 0.00755158 0.0075614 0.0104531 0.92297 0.0174176 0.00326265 
1.75718e-14 1.56396e-13 6.89772e-13 3.05661e-12 1.74533e-11 1.95107e-11 1.69969e-10 2.44901e-10 3.98583e-10 2.76275e-09 4.22095e-09 2.54807e-09 2.03429e-07 2.9648e-08 7.38127e-08 2.27476e-07 4.39191e-07 2.83579e-06 4.47123e-06 8.67499e-06 2.92988e-05 0.000559097 0.00167144 0.987961 0.00976269 
3.09072e-14 3.39648e-13 8.44386e-13 1.303e-12 2.31413e-12 4.41515e-12 1.51841e-10 1.28373e-10 8.94779e-12 4.36265e-09 6.17649e-11 1.36704e-09 2.85349e-08 6.39806e-08 1.48784e-07 2.36691e-07 5.18461e-07 1.33319e-06 1.24054e-06 1.32e-06 8.24848e-06 0.000698401 0.00265553 0.9883 0.00833262 
1.15586e-06 2.7714e-05 2.95764e-05 5.82996e-05 0.00033721 0.00142442 0.00445237 0.0118123 0.0199202 0.0236977 0.0251717 0.0278649 0.0356502 0.604605 0.0316527 0.0253336 0.0227007 0.0230883 0.0278706 0.0204963 0.0206375 0.0194201 0.0193448 0.0200553 0.0143476 
1.22689e-08 4.14668e-06 5.08643e-06 6.4836e-06 6.05995e-05 0.000111612 0.000539779 0.00147667 0.00240553 0.00342526 0.00433907 0.00478138 0.00619975 0.00452074 0.00522805 0.00580011 0.00675021 0.672276 0.0287442 0.0467586 0.0507522 0.057805 0.0673972 0.0194216 0.0111906 
2.02841e-09 8.20351e-09 6.85644e-08 2.76085e-07 1.7861e-07 5.73692e-07 1.59702e-05 0.000133287 0.000774141 0.00277891 0.00504836 0.00900236 0.0100143 0.0111627 0.01331 0.77123 0.0582424 0.0416513 0.010946 0.00900742 0.00765872 0.00924246 0.0146141 0.013707 0.0114594 
4.57786e-08 1.03893e-05 1.65876e-05 3.40812e-05 0.000213571 0.000790019 0.00262539 0.00679314 0.0126404 0.0219402 0.368179 0.0222782 0.0213008 0.0163308 0.0165737 0.0164471 0.0149745 0.013956 0.0217677 0.0168013 0.355228 0.0268342 0.021721 0.0129524 0.00959229 
1.52207e-08 5.17521e-06 7.69284e-06 1.66062e-05 0.000103432 0.000344446 0.0010139 0.00233908 0.00325031 0.00467684 0.006172 0.00638306 0.00817337 0.00623568 0.00646149 0.00662335 0.00702691 0.00967043 0.0204122 0.0147666 0.0226409 0.830478 0.0290195 0.00990359 0.00427516 
1.0679e-08 2.62181e-06 3.84686e-06 7.51068e-06 8.00814e-05 0.000141509 0.00068627 0.00307093 0.0086828 0.0143461 0.01869 0.0191078 0.0215284 0.0255494 0.69665 0.0230261 0.0198601 0.0277741 0.0206245 0.0146205 0.0152381 0.0151445 0.0182256 0.0218523 0.0150865 
3.36536e-11 1.19722e-10 5.25638e-08 3.46883e-09 4.76709e-08 1.27414e-07 6.91276e-07 1.2547e-06 6.90999e-07 7.14658e-05 9.87388e-05 0.00011861 0.000560304 0.000977285 0.00174879 0.00287847 0.0106559 0.879827 0.0419848 0.00954952 0.00418756 0.00717053 0.0183984 0.0136685 0.00810092 
2.69539e-07 2.094e-06 7.84363e-07 2.14606e-05 3.02585e-05 0.000212649 0.000406443 0.000407511 0.000466524 0.000413714 0.000345548 0.000855946 0.00126019 0.00168335 0.00205952 0.00243678 0.00216095 0.00231195 0.00322208 0.00306169 0.00706168 0.901623 0.0467023 0.0178877 0.00536524 
4.45995e-05 0.000483322 0.00381497 0.0100858 0.0180922 0.0255137 0.0336783 0.0433809 0.310484 0.0471242 0.0465936 0.0430723 0.0412013 0.0374787 0.0351304 0.0311784 0.029526 0.0329899 0.0468644 0.0414104 0.0358488 0.0304724 0.025642 0.017909 0.0119804 
8.11286e-10 9.43589e-09 1.30239e-06 1.17751e-06 1.41068e-05 5.63362e-05 0.000257612 0.000767612 0.00178947 0.00274609 0.0038719 0.00436607 0.00454682 0.00408796 0.00475643 0.00510618 0.00581998 0.00737563 0.0114425 0.0108209 0.0146023 0.844688 0.0463657 0.0202099 0.006306 
2.46238e-05 0.000115065 0.000187127 0.000288281 0.000419258 0.000540629 0.00119014 0.00384801 0.0105901 0.0151604 0.0171329 0.0198006 0.0213335 0.0202259 0.0252307 0.663951 0.0346392 0.0398113 0.0219126 0.0165321 0.0156787 0.0161699 0.0181709 0.0209719 0.016075 
1.66337e-07 1.00689e-05 3.67571e-05 8.41109e-05 0.000363137 0.00101528 0.00228316 0.00362201 0.0045176 0.00617395 0.00819615 0.00814521 0.0103474 0.00810606 0.0113495 0.00860237 0.0136714 0.714305 0.0563001 0.0325925 0.0193725 0.0348049 0.0308504 0.0153828 0.00986721 
4.81609e-09 2.08874e-08 8.01747e-08 1.24693e-07 1.81587e-07 4.39512e-07 3.07833e-05 0.000149232 0.000645197 0.00281804 0.00550906 0.00907414 0.0101393 0.0116674 0.0153654 0.784255 0.0415859 0.0386261 0.0101085 0.00842001 0.00733334 0.00865044 0.0131913 0.0178504 0.0145793 
0.00019955 8.9781e-05 6.12305e-05 0.000117716 4.62122e-05 5.24926e-05 9.98417e-05 0.000112917 0.000220859 0.000230338 0.000222171 0.00032994 0.000372793 0.000358294 0.000453149 0.000390546 0.000388052 0.000650621 0.000302893 0.000296055 0.000458202 0.000746701 0.000900719 0.989698 0.00320066 
2.56706e-09 4.8394e-09 3.76833e-07 2.31204e-06 3.37782e-05 0.000211154 0.000747863 0.00140767 0.00199393 0.00267838 0.00446338 0.00450827 0.00468582 0.0042311 0.0042997 0.00476305 0.00539781 0.00672216 0.00957177 0.0101667 0.0165848 0.84084 0.0473979 0.0213968 0.00789511 
1.47918e-10 2.55591e-10 4.8479e-08 8.62881e-09 4.87835e-08 1.09026e-07 1.94661e-06 1.25162e-05 0.000109953 0.000362138 0.000710498 0.00105879 0.001207 0.00155939 0.00260011 0.00636849 0.806276 0.07734 0.0369996 0.00614015 0.00353921 0.0062386 0.0208574 0.0172056 0.0114123 
5.4682e-09 2.37403e-08 1.26402e-07 2.73543e-07 3.41982e-07 3.58985e-06 4.01913e-05 0.000339124 0.00130335 0.00379559 0.0064465 0.00989109 0.011364 0.0129135 0.0189578 0.768816 0.0331746 0.0411212 0.0109291 0.0095028 0.00796483 0.00951935 0.0164947 0.0220664 0.0153556 
5.53013e-08 8.1327e-07 2.29089e-06 4.81981e-06 2.04658e-05 5.66274e-05 0.000160733 0.00046779 0.00129915 0.00221631 0.00369547 0.00400458 0.00414352 0.00347448 0.00447741 0.00453031 0.0053297 0.00656557 0.0102399 0.0104636 0.0137838 0.0323165 0.870619 0.0169907 0.00513648 
2.60485e-08 8.15833e-06 1.29996e-05 2.23476e-05 0.000182565 0.000620397 0.00222107 0.00554608 0.0116226 0.0167447 0.0204769 0.022125 0.0305018 0.669377 0.0285784 0.0204731 0.0191163 0.0203746 0.0227716 0.0159776 0.0171086 0.0168323 0.0190624 0.0227245 0.0175186 
3.22299e-07 4.52761e-06 2.9284e-05 0.000209181 0.000354294 0.000333986 0.000319267 0.000521288 0.00158123 0.000647693 0.000693853 0.000739473 0.00127972 0.000895779 0.0108473 0.00237617 0.00669309 0.00419708 0.00265442 0.00666453 0.00284602 0.00792044 0.0106555 0.93497 0.00256554 
1.44042e-08 2.55073e-07 2.20057e-06 7.37589e-06 2.38229e-05 4.05561e-05 0.000280922 0.00121715 0.00461113 0.00926006 0.0126041 0.0137758 0.0148906 0.0177849 0.401827 0.0209566 0.0195555 0.023819 0.0128954 0.0101495 0.01115 0.0149226 0.377855 0.0213067 0.0110633 
2.44043e-08 7.83465e-06 1.41858e-05 2.96626e-05 0.000203575 0.000680199 0.00251952 0.00873891 0.0166877 0.0203481 0.0218169 0.0271742 0.0362487 0.634851 0.0279871 0.0225626 0.0213319 0.0226152 0.0248499 0.0177856 0.019602 0.018285 0.0172904 0.0218783 0.0164918 
5.61879e-09 1.16272e-06 1.16204e-05 1.13452e-05 0.000131305 0.000356276 0.00111549 0.00279694 0.00502179 0.00915803 0.0129798 0.0152984 0.0186476 0.016945 0.0181676 0.0186134 0.653416 0.0780285 0.0413286 0.01781 0.016141 0.0176685 0.0244174 0.019991 0.0119434 
5.9865e-15 6.57729e-14 1.63849e-13 2.54879e-13 4.64718e-13 8.73039e-13 5.18727e-11 2.31422e-11 2.34844e-12 9.37722e-10 1.2275e-10 4.48488e-10 5.1503e-09 1.22723e-08 3.13077e-08 5.25369e-08 1.34382e-07 3.58497e-07 4.01667e-07 3.95537e-07 2.25624e-06 0.000251181 0.000869789 0.991731 0.0071445 
8.66756e-14 7.12369e-13 6.99027e-12 3.40816e-12 1.27133e-11 2.52004e-11 9.80014e-10 8.50312e-10 1.60734e-09 1.80707e-08 1.22791e-08 2.00345e-08 1.04607e-07 1.79302e-06 5.14902e-06 1.26412e-05 3.52341e-05 3.23752e-05 0.000145412 0.000167223 0.00048781 0.00441912 0.975234 0.0166487 0.00281055 
8.53986e-10 9.76594e-09 1.34298e-06 1.24294e-06 1.82378e-05 9.87995e-05 0.000386795 0.000947075 0.00196552 0.00279728 0.00383898 0.00426202 0.00448085 0.00397596 0.00461742 0.00548756 0.00739004 0.0139096 0.0253569 0.029064 0.0276292 0.0373187 0.782017 0.0276604 0.0167748 
1.07381e-08 3.57893e-06 4.72325e-06 5.89934e-06 5.96294e-05 0.00010135 0.000529953 0.00141826 0.00241901 0.00350128 0.00451809 0.00493915 0.0063063 0.00473603 0.00547314 0.00583943 0.00630724 0.0084417 0.0179638 0.0159647 0.82167 0.0442143 0.0310226 0.00973116 0.00482897 
4.03432e-14 1.15236e-11 1.49768e-11 2.11499e-11 2.09202e-10 4.92632e-10 2.25352e-09 6.96454e-09 1.71051e-08 3.05913e-08 4.51951e-08 5.14134e-08 5.7248e-08 5.09791e-08 5.71771e-08 6.73948e-08 1.80379e-06 2.8147e-07 2.96381e-06 2.81273e-07 1.12553e-06 3.05169e-05 0.000169129 0.000319841 0.999474 
6.14972e-23 6.7584e-22 1.68035e-21 2.59545e-21 7.92866e-21 3.9023e-20 4.02571e-18 2.93386e-12 4.40782e-15 6.11467e-12 1.04863e-14 9.13935e-12 8.29249e-10 1.95053e-09 2.9937e-09 7.69938e-09 2.93974e-08 8.62197e-08 7.22645e-08 1.81945e-07 3.36397e-07 0.000138021 0.000257943 0.99326 0.00634346 
2.76451e-09 1.10369e-08 1.2502e-06 2.24151e-06 1.6194e-05 7.76193e-05 0.000339441 0.00119593 0.00479596 0.00997478 0.0137258 0.0150029 0.0155487 0.0154459 0.0169562 0.0210184 0.04989 0.657148 0.0425322 0.0317904 0.0165757 0.0184795 0.0285592 0.0228533 0.0180705 
4.15187e-07 5.72503e-06 3.55829e-05 0.000240887 0.000412484 0.000408025 0.000422726 0.000722832 0.00219728 0.000971409 0.0010257 0.00141383 0.0019298 0.00173287 0.017938 0.0112279 0.838214 0.0485192 0.01053 0.00987549 0.00420831 0.00698105 0.0155448 0.0144674 0.0109748 
2.36326e-10 3.89907e-10 1.58154e-08 9.16185e-08 6.22622e-07 3.81537e-07 6.24887e-06 4.9906e-05 0.000265295 0.000450719 0.000892494 0.00166844 0.00205735 0.0022452 0.00247598 0.00283117 0.00359123 0.00669375 0.0125518 0.0199649 0.0160396 0.0256072 0.875699 0.0213599 0.00554876 
0 0 0 0 0 0 0 0 0 0 0 0 0 0 6.38779e-24 3.23011e-13 3.23443e-10 2.34407e-06 3.35446e-07 1.80429e-05 0.000192601 0.000312134 0.000527427 0.996704 0.00224314 
5.94078e-11 7.52214e-11 6.70664e-10 1.70329e-09 1.57545e-09 2.56885e-09 1.2802e-07 2.04804e-06 5.34616e-06 9.28564e-05 0.000292913 0.000369785 0.00065771 0.000930035 0.00110769 0.0014545 0.00136566 0.00231915 0.00442857 0.0116186 0.882798 0.0396644 0.038581 0.00913296 0.00517882 
3.39589e-10 6.03302e-10 3.6992e-08 2.25711e-07 4.35573e-07 1.43184e-05 1.73496e-05 8.87229e-05 0.000440472 0.00104864 0.00130006 0.00262228 0.00286835 0.00261588 0.00291613 0.00320645 0.00394787 0.00793821 0.0101461 0.838212 0.0349731 0.037069 0.035094 0.00913292 0.00634713 
2.23325e-08 6.11427e-06 1.33205e-05 2.77962e-05 0.000154241 0.000654661 0.00154981 0.00280927 0.00374299 0.00521897 0.00694419 0.00733105 0.00958776 0.00729025 0.0073034 0.0071341 0.00757671 0.0116448 0.0214489 0.015406 0.0194007 0.802129 0.0430239 0.0137023 0.00590018 
4.23682e-08 1.19071e-05 1.88711e-05 4.6364e-05 0.000219217 0.00119298 0.00403703 0.00959761 0.0152393 0.0207948 0.0255448 0.0250744 0.0284782 0.0291512 0.629485 0.0261032 0.0218523 0.0290966 0.0249543 0.0187713 0.019365 0.0183575 0.0186824 0.0196468 0.0142786 
3.35727e-09 1.0134e-08 1.3705e-06 3.18005e-06 8.72068e-06 0.00010711 0.000522783 0.00268625 0.00790814 0.0133135 0.0177705 0.0180824 0.0201811 0.0260604 0.0293944 0.0223866 0.0233635 0.0229583 0.0156013 0.0130405 0.0132512 0.0149508 0.022946 0.700302 0.0151597 
4.86025e-10 1.1908e-09 5.79317e-08 3.04559e-07 4.77154e-06 9.9208e-06 3.66869e-05 0.000191562 0.000745751 0.00154592 0.00257159 0.00323721 0.00343509 0.0029277 0.00318029 0.003665 0.00452931 0.00653365 0.00969637 0.767117 0.0644374 0.0546901 0.0494245 0.0142327 0.00778684 
1.64489e-07 2.16312e-06 1.33755e-05 0.000108445 0.000183056 0.000170151 0.000159932 0.000292114 0.000967193 0.00191987 0.00420392 0.000831015 0.00137509 0.00121992 0.00790495 0.00243992 0.00509613 0.00454189 0.00528228 0.00668773 0.00590516 0.0155571 0.913191 0.0169083 0.0050396 
1.57108e-09 1.6095e-09 9.65331e-08 5.1196e-07 5.15633e-07 1.48331e-05 1.88674e-05 0.000269148 0.0013125 0.00418618 0.00670365 0.0108183 0.0114267 0.0119979 0.0138556 0.0191572 0.790392 0.0454921 0.0117663 0.0104372 0.00868628 0.0105922 0.016227 0.0146248 0.0120197 
6.26796e-13 3.76799e-12 2.38082e-11 2.48797e-11 1.21189e-10 1.6056e-10 5.25712e-09 8.49513e-09 1.3477e-08 4.07793e-08 4.00031e-08 4.27009e-07 3.72406e-06 1.7022e-05 3.64127e-05 0.000122939 0.00015689 0.000110354 0.000229821 0.000370464 0.000727706 0.0063604 0.968219 0.0172454 0.00639913 
1.38553e-08 2.09542e-06 5.97859e-06 8.33588e-06 0.000136557 0.000311012 0.00134211 0.0044199 0.00891571 0.0138447 0.0180171 0.0190527 0.0225288 0.0200802 0.0245998 0.676205 0.031714 0.0368379 0.0223543 0.0162488 0.0157288 0.0151041 0.0164917 0.0203287 0.0157217 
2.19752e-08 5.72883e-06 1.74263e-05 3.40683e-05 0.000183657 0.000742927 0.00174534 0.00300507 0.00396388 0.00553786 0.00710945 0.00764268 0.0100964 0.00788081 0.00751801 0.00728705 0.00772213 0.0118841 0.0222347 0.0182948 0.0309755 0.801623 0.0294327 0.0106765 0.00438584 
6.19095e-10 6.6691e-10 1.31626e-08 1.51332e-08 3.37866e-08 1.30253e-07 4.84453e-06 2.28245e-05 0.000192905 0.00059537 0.00163226 0.00434502 0.00601402 0.00763348 0.0101957 0.0125191 0.795619 0.0715153 0.0201969 0.00795041 0.00737591 0.00892502 0.0197492 0.0153829 0.0101296 
0 0 0 0 0 0 0 0 0 0 0 0 0 0 0 0 0 0 0 0 0 0 0 0 1 
8.57838e-10 1.13965e-08 1.61708e-06 1.32262e-06 1.42995e-05 6.44053e-05 0.000272221 0.000941011 0.00203811 0.00297426 0.00404769 0.00448513 0.00468308 0.00415897 0.00483993 0.00518302 0.00592366 0.00763758 0.0118239 0.0115081 0.0162396 0.035714 0.84706 0.02119 0.00919849 
2.7317e-08 4.08508e-06 6.84386e-06 1.06111e-05 6.59113e-05 0.000220581 0.000954591 0.00337146 0.00896713 0.0143533 0.0184803 0.0188406 0.0195222 0.0203983 0.0293374 0.675525 0.0324538 0.0396422 0.0164427 0.0137739 0.0140978 0.0152937 0.0178382 0.0231626 0.0172369 
0 0 0 0 0 0 0 0 0 0 0 0 0 0 2.42356e-24 2.71679e-13 3.36897e-11 1.27889e-10 1.53549e-10 2.29232e-10 1.33706e-07 1.77291e-05 8.88494e-05 0.000526508 0.999367 
1.85495e-07 3.87194e-06 4.64339e-06 8.07833e-06 1.04937e-05 0.000108591 0.0005138 0.00299632 0.0101547 0.0144377 0.0215172 0.734519 0.0319189 0.0194212 0.0173601 0.0179883 0.0183225 0.0144773 0.0131533 0.0129607 0.0139326 0.0120374 0.0117686 0.0178406 0.0145443 
6.30457e-10 1.74601e-09 1.01182e-07 4.18664e-07 9.34393e-06 1.97818e-05 8.33752e-05 0.000368608 0.00119793 0.00206776 0.00349103 0.00381556 0.00397804 0.00333577 0.0037323 0.00441847 0.00515947 0.00641922 0.00985328 0.00977508 0.0137618 0.860009 0.0483377 0.0143839 0.00578161 
3.0501e-09 3.61149e-09 2.51516e-07 1.28589e-06 2.75334e-05 0.00015433 0.000482358 0.00076385 0.00146318 0.00239359 0.00376265 0.00403447 0.00420028 0.00354561 0.00378797 0.00435557 0.00519565 0.00665813 0.00939974 0.0106075 0.858576 0.0380709 0.0291693 0.00850593 0.00484382 
1.29737e-08 4.14907e-06 6.56015e-06 2.6268e-05 0.000272475 0.000508556 0.0011133 0.00243493 0.00320089 0.00425442 0.00527043 0.00582818 0.00839804 0.00559295 0.00613822 0.00643038 0.006597 0.00894264 0.0201514 0.0138933 0.0176043 0.811813 0.045287 0.0196556 0.00657558 
2.05314e-10 2.62004e-09 4.83489e-08 2.53733e-07 1.76144e-06 1.94567e-05 8.95978e-05 0.000187132 0.000404913 0.000420928 0.0004811 0.000949369 0.00103439 0.00107965 0.00125544 0.0012409 0.00159109 0.00238617 0.00352448 0.0034712 0.00421029 0.00748232 0.948319 0.0148661 0.00698395 
7.26954e-10 8.23902e-09 1.31393e-06 1.11178e-06 1.11469e-05 4.34811e-05 0.00018318 0.000589279 0.00161736 0.0025555 0.00372514 0.00408972 0.00425536 0.0037076 0.00430011 0.00478703 0.00564179 0.00774804 0.0132622 0.0194086 0.0272103 0.0433618 0.817713 0.0229738 0.0128127 
2.02224e-05 0.000216249 0.00119986 0.00372736 0.00528679 0.00647164 0.0077823 0.00810015 0.00990068 0.00867644 0.0112481 0.00896165 0.00983213 0.00947942 0.0284684 0.0137984 0.0182519 0.0181425 0.0228629 0.019118 0.0140874 0.0187584 0.0171642 0.730053 0.0083921 
1.58906e-09 3.45254e-08 3.54084e-06 7.84873e-06 0.000115769 0.000487002 0.000833301 0.00135047 0.00227142 0.00320659 0.00439288 0.00484867 0.0051128 0.00460594 0.00526125 0.00551295 0.00628011 0.00791201 0.0144475 0.016057 0.0280711 0.800865 0.0566085 0.0222966 0.00945129 
6.96364e-08 5.59562e-06 9.33728e-06 2.00539e-05 0.000113092 0.000382048 0.00106312 0.00236101 0.00324385 0.00466404 0.00612695 0.00619872 0.00805104 0.00610077 0.00717259 0.00688179 0.00736002 0.0138268 0.0263994 0.807437 0.0201331 0.0299934 0.0264049 0.00868868 0.00736277 
0 0 0 0 0 0 0 0 0 0 0 0 0 5.09621e-14 4.43404e-11 1.40268e-09 5.45878e-09 1.10475e-05 1.95846e-06 0.000191891 0.000572471 0.000825303 0.00136037 0.0014824 0.995555 
1.21819e-08 3.2523e-06 4.9769e-06 8.81066e-06 0.00010356 0.000262001 0.000832131 0.00219162 0.002846 0.00390913 0.00499057 0.00528729 0.00731763 0.00526923 0.00581698 0.0061731 0.00664134 0.0100656 0.0217321 0.738612 0.0626074 0.0461084 0.0471279 0.0140963 0.00799222 
0 0 0 0 0 0 0 0 0 0 0 0 0 0 0 0 0 0 0 0 0 0 0 0 1 
5.73962e-13 3.29331e-12 2.25102e-11 1.40786e-11 5.68025e-11 9.42586e-11 6.32254e-09 1.23026e-08 1.73493e-08 6.64112e-08 6.879e-08 1.62832e-07 2.33121e-06 1.77245e-05 3.59993e-05 7.91969e-05 0.000138097 0.000288576 0.000560719 0.00254309 0.917181 0.0355963 0.0313099 0.0082281 0.00401874 
2.24523e-09 6.39334e-09 7.59492e-08 2.49058e-07 2.29909e-07 2.88472e-06 1.99874e-05 0.000145778 0.00083381 0.00357922 0.00644327 0.0104039 0.011688 0.0137638 0.109928 0.128573 0.0361514 0.562957 0.0247626 0.0173876 0.00904142 0.0121163 0.0207202 0.0181603 0.0133214 
2.70543e-07 4.01032e-06 1.09269e-05 2.21482e-05 5.68292e-05 0.000185073 0.000418827 0.000755392 0.00190413 0.00402142 0.00659214 0.00822469 0.0100599 0.0149224 0.781034 0.0203612 0.0176054 0.0270671 0.011231 0.00887048 0.00858891 0.0346788 0.0134974 0.0170484 0.0128394 
1.09455e-08 3.54399e-06 5.17296e-06 6.54605e-06 7.93674e-05 0.000137321 0.000669932 0.00177912 0.00268013 0.00375564 0.0049211 0.00548147 0.00724499 0.00527106 0.00588488 0.00622336 0.00647315 0.00878341 0.0195573 0.0136502 0.0176182 0.824002 0.046112 0.0138063 0.00585339 
9.64379e-09 3.20275e-06 4.10453e-06 5.35817e-06 3.50072e-05 0.000100748 0.000474835 0.00128873 0.00214422 0.00303499 0.0039268 0.00422365 0.00499014 0.00402772 0.00460277 0.00530477 0.00717974 0.257501 0.611069 0.0260935 0.0122877 0.0159302 0.0187471 0.00984693 0.00717751 
5.49561e-08 5.87249e-06 1.91971e-05 3.26097e-05 0.00013874 0.000378153 0.000988163 0.00228271 0.00319519 0.00450756 0.00590176 0.00611316 0.007875 0.00587053 0.00623846 0.00680717 0.00866228 0.0226601 0.818183 0.0237577 0.0164576 0.019289 0.0205637 0.0118403 0.00823203 
1.29786e-08 4.30175e-06 5.73247e-06 8.89668e-06 5.76676e-05 0.000227765 0.000924818 0.00186071 0.00280181 0.00394884 0.00501497 0.00533967 0.00592815 0.00516137 0.00581765 0.00595222 0.00653425 0.00842743 0.0142189 0.0145902 0.816467 0.0519569 0.0302665 0.010345 0.00413874 
0 0 0 0 0 0 0 0 0 0 0 0 0 9.22809e-15 8.07923e-12 5.43311e-10 1.72278e-09 7.03751e-09 8.19798e-09 1.43307e-08 1.86664e-07 2.62793e-05 0.000160863 0.995816 0.00399642 
2.62842e-10 3.52709e-10 7.39266e-08 2.34728e-08 8.13509e-08 1.55346e-07 4.74789e-06 5.3663e-05 0.000365203 0.00105088 0.00126479 0.00152776 0.00190289 0.00307787 0.00386455 0.00738801 0.0178115 0.854636 0.04195 0.00896788 0.00537215 0.00873015 0.0183515 0.0146151 0.00906503 
2.39002e-09 3.20847e-09 2.75817e-07 9.29244e-07 7.65239e-06 5.21098e-05 0.000179277 0.000986756 0.00399204 0.00812878 0.0127995 0.0148637 0.0152121 0.0146731 0.0163978 0.0218446 0.745441 0.0481634 0.0148907 0.0122435 0.0111914 0.0126971 0.0178048 0.0153227 0.0131069 
5.42323e-10 1.4856e-09 9.35942e-08 2.48027e-07 5.68015e-06 5.64506e-05 0.000247405 0.000486423 0.000725812 0.00136285 0.00182488 0.00277949 0.00406584 0.00498991 0.00860911 0.0138004 0.0159235 0.0170774 0.00994739 0.00843487 0.00867781 0.0140966 0.0158982 0.862673 0.00831714 
4.16024e-10 1.42307e-09 3.72478e-08 2.19702e-07 2.68067e-07 6.47271e-06 1.14515e-05 9.54417e-05 0.000480287 0.00130618 0.00176459 0.00303226 0.00307375 0.00275606 0.00317015 0.00347055 0.00444416 0.00548894 0.00791041 0.00919999 0.015642 0.0360214 0.870059 0.0213879 0.0106783 
2.03659e-08 4.60147e-06 1.27578e-05 4.53802e-05 0.000522614 0.00178437 0.00312157 0.00380506 0.00411272 0.00482441 0.00640119 0.00667887 0.00739844 0.00626193 0.00671392 0.00686432 0.00732679 0.0136982 0.0204209 0.813633 0.0174248 0.0239897 0.0284087 0.00892549 0.00762014 
1.22354e-08 3.44937e-06 4.50785e-06 6.75988e-06 5.54934e-05 8.7963e-05 0.00052192 0.00184814 0.00572229 0.0112433 0.0148817 0.0160961 0.0176092 0.0167874 0.0183556 0.0215277 0.0463563 0.654437 0.0480371 0.0282041 0.0146081 0.0179467 0.0274987 0.0215538 0.0166064 
1.38815e-09 2.70859e-09 8.05365e-08 3.08718e-07 9.38882e-06 8.63653e-06 4.59218e-05 0.000155774 0.000889098 0.00317357 0.00612431 0.00908694 0.0103352 0.011285 0.0131967 0.0184182 0.780117 0.0586391 0.0149507 0.0100589 0.00903912 0.0117571 0.0176842 0.0139244 0.0111005 
2.10394e-09 2.62577e-09 3.55123e-07 1.54442e-06 3.7454e-06 5.03687e-05 0.00035221 0.00190128 0.00507885 0.00858394 0.00954826 0.012291 0.0138022 0.0198668 0.760006 0.0211446 0.0173752 0.0286407 0.0125773 0.0112541 0.011534 0.0129655 0.016788 0.0212685 0.0149657 
0.00122774 0.017477 0.0336037 0.0648685 0.0834913 0.0692701 0.0490094 0.0563111 0.050608 0.0487605 0.0521916 0.0474618 0.0470669 0.0385581 0.0326588 0.0303564 0.0297427 0.0299532 0.0413151 0.0417416 0.0410645 0.0319672 0.0303596 0.0179403 0.0129948 
8.95673e-09 4.79022e-07 3.89772e-06 6.64304e-06 0.000116289 0.000200211 0.0010882 0.00465021 0.00925703 0.0148933 0.0193038 0.0191968 0.0223398 0.0204087 0.0250363 0.668997 0.0329154 0.0386699 0.0219494 0.0155475 0.0150904 0.0146859 0.0174843 0.0216303 0.016528 
3.11563e-08 4.61879e-07 1.27673e-06 2.51381e-06 6.43688e-06 2.1005e-05 4.51797e-05 6.00036e-05 8.16277e-05 0.000243022 0.000262625 0.000591695 0.000855612 0.00140097 0.00248153 0.00529083 0.0249672 0.458558 0.440486 0.00811403 0.00466452 0.00957335 0.0192465 0.013971 0.00907513 
3.5907e-08 7.11241e-06 2.83789e-05 5.06236e-05 0.000265404 0.000902033 0.00195766 0.00330628 0.00417633 0.00573333 0.00741573 0.00801105 0.0103068 0.00815008 0.0077043 0.00768384 0.00845722 0.0208815 0.773376 0.0429327 0.0188294 0.0233517 0.0265059 0.0114989 0.0084673 
1.18383e-11 3.34782e-11 5.40262e-11 1.17101e-10 1.13416e-10 1.74712e-10 3.13726e-08 2.31189e-06 6.0148e-08 2.96936e-08 1.43371e-07 4.20311e-06 9.61452e-06 4.33355e-07 1.2764e-06 2.61039e-05 1.92653e-05 5.71694e-05 7.41393e-05 5.83071e-05 9.00142e-05 0.000290849 0.000910858 0.991362 0.00709299 
8.1962e-07 1.14977e-05 7.37479e-05 0.000453163 0.00068093 0.000651997 0.000783205 0.00184857 0.00616805 0.0107815 0.0145511 0.015849 0.0166131 0.0169013 0.0284606 0.701155 0.0347785 0.0385328 0.0176364 0.0157548 0.0128748 0.0141134 0.01648 0.0196994 0.0151461 
0.000155793 0.00196918 0.012994 0.105515 0.0421683 0.0488103 0.0487378 0.0573979 0.0550984 0.0551858 0.0554982 0.0515961 0.0478365 0.0442631 0.0408826 0.0324587 0.0334033 0.0345194 0.0488738 0.0413037 0.040257 0.0353124 0.0305652 0.019916 0.015281 
1.96537e-09 7.52124e-08 2.99187e-07 6.32362e-07 1.61249e-05 1.34169e-05 7.39273e-05 0.000377203 0.00177789 0.00454286 0.00770677 0.0103856 0.0116932 0.0121856 0.0138347 0.0157182 0.0383767 0.706883 0.047446 0.0300902 0.014173 0.018551 0.0285987 0.0216674 0.0158875 
3.324e-07 6.51284e-06 2.06675e-05 9.7636e-05 0.000217194 0.000516469 0.00100972 0.00151119 0.00244327 0.00320687 0.00492771 0.00478593 0.0051337 0.00450722 0.0102692 0.00542833 0.00796463 0.00955935 0.0156212 0.0235594 0.0210482 0.0497663 0.803745 0.0191927 0.00546099 
9.75246e-08 4.11044e-06 5.82738e-06 3.16954e-05 0.000139953 0.000223305 0.000564611 0.00135418 0.00244968 0.00349373 0.00455396 0.00490128 0.00536262 0.00454925 0.00540931 0.0055584 0.00629708 0.00822802 0.0128045 0.0147845 0.839003 0.0367257 0.0292623 0.0091124 0.00518015 
1.28458e-08 4.33073e-06 4.95037e-06 6.12496e-06 2.80151e-05 9.771e-05 0.000490613 0.00139797 0.00237337 0.00339972 0.00441297 0.00486882 0.00542237 0.00469817 0.0054807 0.00571321 0.00634088 0.00857193 0.0156291 0.0159719 0.826596 0.0429658 0.0310937 0.00942739 0.00500467 
5.63773e-10 1.48753e-09 8.13044e-08 3.86547e-07 7.73136e-06 1.87718e-05 7.30357e-05 0.000276406 0.00102163 0.00176601 0.00317627 0.0035349 0.00379016 0.00315164 0.0034745 0.0040235 0.00485185 0.00606076 0.00901979 0.00919322 0.0139945 0.863267 0.0472364 0.0163509 0.00571036 
7.92313e-08 8.06019e-06 4.96883e-08 3.76761e-13 1.26148e-07 1.43131e-05 2.05305e-08 3.22312e-07 2.73468e-05 4.04939e-08 7.06118e-07 2.83315e-05 7.35243e-08 5.38324e-05 1.45397e-06 2.36743e-05 5.80401e-06 4.17787e-05 3.34107e-05 0.000114975 0.000228009 0.000350449 0.000457585 0.00120563 0.997404 
1.89069e-10 4.99426e-10 4.90441e-08 1.43308e-08 6.33717e-08 2.3473e-07 3.77859e-06 1.49007e-05 8.44416e-05 0.000326056 0.000695409 0.00132864 0.00191545 0.00240563 0.00354511 0.00640964 0.0173064 0.861135 0.0392922 0.00993385 0.00678919 0.00917358 0.0178428 0.013665 0.00813292 
3.45728e-10 6.28838e-08 8.88442e-08 2.94044e-07 1.44386e-05 7.2608e-06 3.29768e-05 7.84072e-05 0.000216399 0.00049286 0.00106304 0.0009996 0.00157643 0.00122631 0.00131994 0.00160133 0.00219002 0.00342176 0.00660598 0.00633702 0.00653411 0.00792264 0.00636561 0.941666 0.0103277 
1.21993e-10 2.99271e-10 1.95151e-08 1.10345e-07 1.29546e-06 4.97211e-06 2.94621e-05 9.70894e-05 0.000220194 0.000381424 0.000542185 0.000756909 0.00100892 0.0009896 0.00115956 0.00126209 0.00161051 0.0025883 0.00412694 0.00441972 0.00500591 0.28382 0.0114764 0.673544 0.00695417 
2.0777e-07 2.9748e-06 2.7463e-05 0.000118952 0.000452964 0.00126088 0.00200482 0.00379427 0.00977709 0.0118253 0.0143102 0.026026 0.730194 0.02222 0.0197397 0.014677 0.0163162 0.0135243 0.0134004 0.0127233 0.0120325 0.021983 0.0137677 0.0192813 0.0205394 
4.85472e-09 1.37057e-08 3.85719e-07 7.71733e-07 2.18106e-06 6.82472e-06 1.69383e-05 2.71163e-05 0.000244642 0.000954978 0.00246954 0.00599965 0.00711308 0.0087807 0.0111873 0.0172859 0.824788 0.0484188 0.00945213 0.00696485 0.00638694 0.00783567 0.015697 0.0138639 0.0125028 
2.73503e-08 8.56577e-06 1.05278e-05 2.69341e-05 0.000219841 0.000571838 0.00217318 0.005014 0.0114085 0.0158705 0.0188567 0.0199299 0.0238719 0.0217124 0.0261776 0.0396473 0.0430763 0.0518455 0.0326533 0.0263561 0.0282462 0.0299046 0.0451692 0.0322288 0.52502 
4.27341e-10 8.02222e-10 4.45882e-08 2.31083e-07 2.77933e-06 5.90429e-06 1.292e-05 0.000116016 0.000610271 0.00140645 0.00190862 0.00306392 0.00320249 0.00277862 0.00301751 0.00356925 0.00448652 0.00616077 0.00945177 0.0168643 0.849413 0.0411491 0.0374879 0.00978402 0.00550734 
1.246e-08 3.38824e-06 4.27238e-06 7.03771e-06 9.64807e-06 9.99729e-05 0.000528575 0.00249998 0.00867324 0.0135265 0.0160731 0.0181513 0.0184052 0.0208012 0.69759 0.0328094 0.0258034 0.0353621 0.0160674 0.0129999 0.0138669 0.0148332 0.0177909 0.0190554 0.0150382 
2.83417e-14 2.17969e-13 2.58795e-12 1.70578e-11 1.08837e-10 1.17637e-10 5.08267e-10 1.17833e-09 2.49057e-09 6.32657e-09 3.77097e-08 9.53922e-09 1.28184e-06 5.12276e-08 1.17836e-07 2.10406e-07 4.83275e-07 3.09052e-06 5.59128e-06 2.27553e-05 2.644e-05 0.000617002 0.00200779 0.986475 0.0108401 
5.32548e-10 1.34112e-09 6.58974e-08 3.0826e-07 6.96388e-06 1.48889e-05 4.74444e-05 0.000189165 0.000849632 0.00161171 0.00292587 0.00347213 0.00365969 0.00309425 0.00338243 0.00390195 0.00468019 0.00595041 0.00891521 0.00939004 0.0165009 0.869876 0.0438148 0.0124711 0.00524506 
6.59068e-09 3.30421e-08 8.74911e-08 1.39712e-07 2.04736e-07 4.68636e-07 2.90664e-05 0.000100448 0.000401631 0.00144872 0.00339885 0.00680574 0.00845316 0.0100827 0.0171923 0.797716 0.0293664 0.0392607 0.00895914 0.00794924 0.00637477 0.00852681 0.014105 0.0222493 0.017579 
7.25109e-08 1.02337e-06 3.12974e-06 9.72389e-06 2.09716e-05 6.31567e-05 0.000129762 0.000353751 0.00150393 0.00426188 0.00715318 0.0105432 0.0117757 0.0136452 0.756208 0.0411184 0.0268637 0.0342955 0.0107297 0.01039 0.00806801 0.015997 0.0143084 0.0195946 0.0129617 
0 0 0 0 0 0 0 0 0 0 0 0 0 0 0 7.8244e-14 1.05919e-12 2.21102e-12 1.30022e-08 4.40729e-05 0.000235659 0.000314253 0.000376047 0.000371983 0.998658 
0.00275488 0.00219069 0.00541774 0.0113124 0.0150844 0.0153866 0.0161033 0.0217725 0.0193063 0.018216 0.017883 0.0162121 0.0165242 0.0142951 0.0132868 0.0108419 0.0112441 0.0114661 0.0177494 0.019352 0.0139544 0.0182986 0.668137 0.0164262 0.00678408 
1.59689e-14 1.68673e-13 4.23411e-13 6.96128e-13 1.51159e-12 2.56563e-12 1.18679e-10 6.79282e-11 2.08368e-11 2.28313e-09 9.965e-10 1.38448e-09 1.54344e-08 3.08057e-08 7.73998e-08 1.32518e-07 3.55364e-07 9.20786e-07 9.91059e-07 1.06483e-06 5.74745e-06 0.000673629 0.00228325 0.985176 0.011858 
0.000659392 0.00542046 0.0176021 0.0513209 0.0670757 0.0568083 0.060729 0.0681399 0.0543985 0.0549798 0.0558742 0.0538917 0.0522408 0.0474816 0.0377491 0.0341778 0.032873 0.0331569 0.0447281 0.0432243 0.0337803 0.0322202 0.0277046 0.01931 0.0144534 
3.45817e-14 3.61886e-13 1.06489e-12 1.61672e-12 3.75297e-12 6.55479e-12 4.69337e-10 2.64523e-10 1.94528e-10 6.18378e-09 2.78126e-09 5.44207e-09 4.89408e-08 1.0815e-06 2.62489e-06 3.58674e-07 1.86523e-06 2.45522e-06 3.96438e-06 6.21629e-06 0.000118982 0.00247114 0.00768308 0.983755 0.00595306 
2.23735e-08 4.4955e-06 2.87622e-05 9.77568e-05 4.13879e-05 0.000130484 0.000534034 0.00260739 0.00912 0.0139967 0.0165187 0.0186354 0.018676 0.0189791 0.0250201 0.681202 0.0363832 0.040928 0.0164244 0.0138871 0.0139106 0.0148502 0.0183494 0.0225484 0.0171264 
