13902
8.06426e-12 3.59223e-10 1.807e-09 8.6174e-09 2.6103e-07 4.98377e-07 1.22843e-06 1.7149e-06 1.32049e-06 2.38495e-06 3.71982e-06 5.16087e-06 1.34e-05 1.5023e-05 1.95931e-05 2.44103e-05 3.46416e-05 2.64697e-05 3.41042e-05 1.70413e-05 1.88587e-05 1.80632e-05 2.00271e-05 3.01692e-05 0.999712 
7.80154e-06 0.000121478 0.00251025 0.0116397 0.0232461 0.0367305 0.0456382 0.0558479 0.240999 0.0566227 0.0550386 0.0518808 0.0502686 0.0443186 0.0388082 0.0344752 0.0305166 0.031691 0.0392683 0.0325113 0.0314603 0.028169 0.0253664 0.0195283 0.013335 
2.20097e-11 7.51735e-10 4.35081e-07 5.62558e-07 6.90079e-06 9.69439e-05 0.000345961 0.000806033 0.00173045 0.00247779 0.00339309 0.00337241 0.00383384 0.00340207 0.00398104 0.00441447 0.00512696 0.00834238 0.0121529 0.857945 0.026185 0.0245484 0.0250778 0.00716018 0.00559877 
2.45152e-10 2.99911e-07 3.22136e-07 6.14738e-07 1.63638e-05 4.77444e-05 0.00018005 0.000310425 0.000532824 0.000935016 0.00135255 0.00107189 0.00185608 0.00161445 0.00188521 0.00205822 0.00240324 0.00406238 0.0101759 0.00641852 0.00647153 0.00915423 0.00846401 0.93752 0.00346844 
0 0 0 0 0 0 0 0 0 0 0 0 0 0 0 0 0 0 0 0 0 1.06135e-11 2.59914e-05 0.000209049 0.999765 
3.46938e-08 3.18933e-06 1.72539e-05 7.75912e-05 0.000141249 0.00067093 0.00164486 0.00252626 0.00332804 0.00485232 0.00566106 0.00612221 0.00828178 0.00762441 0.00915402 0.00654796 0.00756844 0.0116327 0.0202515 0.0176963 0.807769 0.0388616 0.0257331 0.009499 0.00433527 
5.08023e-05 0.00127876 0.214251 0.0956937 0.0236178 0.0292147 0.0404913 0.0475007 0.0589356 0.0416049 0.0402529 0.0441516 0.0455064 0.0438118 0.0315133 0.0252395 0.0217522 0.0196133 0.0358365 0.034654 0.0206854 0.0203181 0.0290368 0.0149827 0.0200057 
3.12944e-10 4.03505e-07 6.63962e-07 2.29784e-06 1.02572e-05 0.000148745 0.000571607 0.00216189 0.00712013 0.012158 0.0148004 0.015372 0.0163678 0.0160265 0.0168541 0.0182774 0.716289 0.0605973 0.0193719 0.0128532 0.0122273 0.0127697 0.0188853 0.0164565 0.0106774 
8.0888e-10 1.26285e-06 1.28431e-06 3.33492e-06 9.30142e-06 0.000146853 0.000567361 0.00308675 0.00871301 0.0125214 0.0152732 0.716054 0.0467346 0.0213068 0.0176788 0.0156381 0.0167389 0.0134852 0.0114716 0.0116241 0.0119496 0.0117778 0.0117919 0.026168 0.0272565 
3.19467e-17 2.65838e-14 1.47253e-13 3.05975e-13 7.6718e-13 1.7287e-12 5.08163e-11 2.30229e-10 7.25254e-12 7.01654e-08 1.58187e-10 2.02645e-09 1.87682e-08 3.82584e-08 7.03618e-08 1.18766e-07 4.15008e-07 1.44795e-05 1.15809e-05 2.02044e-05 5.05206e-05 0.000342281 0.00114692 0.990425 0.00798809 
0.00026749 0.000965975 0.00219451 0.00290213 0.0028601 0.00453023 0.00626206 0.0093395 0.00987991 0.0108529 0.012049 0.0108416 0.013331 0.00988069 0.011287 0.00939019 0.00924357 0.0124381 0.021069 0.0162519 0.760148 0.0256161 0.0226955 0.00898078 0.00672263 
4.2428e-14 3.53077e-11 1.95575e-10 4.05847e-10 1.01888e-09 2.29559e-09 2.68508e-09 3.60131e-09 4.7875e-09 1.88137e-06 6.07638e-09 1.46564e-08 4.92631e-08 9.84846e-08 3.27023e-05 8.50147e-05 0.00012315 0.000243834 7.76979e-05 0.000118202 0.000170309 0.000304995 0.000483757 0.000533276 0.997825 
1.91126e-17 1.59036e-14 8.80941e-14 1.83192e-13 4.58954e-13 1.03404e-12 4.76045e-11 9.38455e-11 2.20956e-12 1.47086e-09 7.00945e-12 3.52151e-10 6.59482e-09 1.52463e-08 3.21332e-08 5.71413e-08 1.18943e-07 3.07054e-07 1.97617e-07 3.03357e-07 7.06291e-07 0.00017469 0.000571203 0.991672 0.00758014 
4.6585e-07 3.14126e-06 1.49926e-05 0.000113429 0.0002327 0.00036441 0.00107102 0.00346602 0.00949391 0.0134546 0.0154128 0.0168517 0.0186077 0.697349 0.0550903 0.0196741 0.0177972 0.0227943 0.0147371 0.0135863 0.0150912 0.0171133 0.0162895 0.0168178 0.0145735 
1.76907e-09 2.24281e-06 2.67077e-06 8.6072e-06 6.98069e-05 0.00043901 0.000941712 0.00172483 0.00270199 0.00378037 0.004439 0.00465879 0.00586743 0.0049589 0.00527746 0.00552721 0.00644113 0.0125348 0.837261 0.0345195 0.0134378 0.0196635 0.021372 0.00747985 0.0068901 
1.29596e-11 5.65487e-10 2.18603e-08 2.0777e-07 3.83545e-07 3.17545e-05 0.000114703 0.000197942 0.000683933 0.0014048 0.00235947 0.00259205 0.0029559 0.00256686 0.00272275 0.00323841 0.00419314 0.00530401 0.00774156 0.00747686 0.0101329 0.0220911 0.893538 0.0174073 0.0132456 
2.45775e-12 1.33963e-11 3.00873e-08 3.39707e-09 6.49899e-09 2.10401e-08 1.99603e-07 8.98141e-07 2.61284e-06 9.11367e-05 0.000155084 0.000671997 0.00100994 0.00121496 0.00136083 0.00177004 0.00210904 0.00845871 0.916862 0.0169829 0.00616354 0.0116762 0.0193103 0.00652648 0.00563327 
9.29934e-06 0.000263945 0.00509883 0.0305349 0.0378906 0.0316893 0.0303677 0.0321168 0.0379158 0.122375 0.312154 0.0510713 0.0510308 0.0352893 0.023559 0.0228988 0.0242398 0.0214299 0.0223945 0.0245268 0.0221893 0.0171155 0.019705 0.0129655 0.0111686 
1.47725e-09 2.22621e-06 2.75777e-06 4.95785e-06 4.39101e-05 0.000300681 0.000821508 0.00162947 0.00258779 0.00357749 0.0043601 0.00448848 0.00569462 0.00472656 0.00546583 0.00543888 0.00607389 0.00856034 0.0178318 0.0143369 0.85058 0.0264556 0.0242851 0.00767274 0.00505847 
1.25752e-16 1.99738e-14 1.67552e-13 3.00481e-13 6.59465e-13 1.39186e-12 6.56924e-11 1.19564e-10 1.03516e-11 1.92639e-09 3.17825e-10 7.81331e-10 9.84167e-09 1.9769e-08 4.11274e-08 7.63125e-08 1.9403e-07 6.38241e-07 4.17455e-07 2.4972e-06 2.16926e-05 0.000392644 0.00125372 0.00480461 0.993523 
2.22269e-05 0.000460333 0.00584013 0.0714269 0.181454 0.0615638 0.0326626 0.0404909 0.0784289 0.0426143 0.0399525 0.0735971 0.0373764 0.0326693 0.0292104 0.0829543 0.0229088 0.0229729 0.029983 0.0229804 0.0224641 0.0209655 0.0193235 0.0161098 0.0115679 
3.7519e-06 9.77706e-05 0.00127215 0.00759968 0.0152369 0.103303 0.0317454 0.11548 0.0358909 0.0398845 0.0432174 0.0404969 0.041071 0.0344263 0.0297965 0.219754 0.032012 0.0332029 0.0346252 0.0300667 0.0303522 0.0253912 0.0235283 0.0190888 0.0124566 
1.61009e-09 2.25688e-07 5.03691e-06 5.07645e-05 0.000168294 0.000348396 0.000441883 0.000611597 0.000703755 0.00164494 0.0017292 0.00261645 0.00316336 0.00281834 0.00273225 0.00275897 0.00343016 0.00515284 0.00822998 0.195936 0.0124145 0.721637 0.0227611 0.00778458 0.00286087 
1.02712e-07 5.7868e-06 7.34024e-05 0.00165824 0.000898076 0.0023579 0.00401736 0.00490446 0.0055568 0.00845728 0.010966 0.0114355 0.0126913 0.0104807 0.0102185 0.0115715 0.0106939 0.0200453 0.0321124 0.746847 0.0278603 0.0231428 0.0251742 0.010889 0.00794241 
1.55631e-05 0.000325215 0.00425272 0.0113379 0.0178301 0.0276629 0.031555 0.037858 0.0417466 0.0458206 0.0462265 0.193451 0.0446841 0.0361995 0.0307124 0.0297041 0.0262746 0.0291339 0.0401445 0.0323551 0.179018 0.0305692 0.0302072 0.0199869 0.0129281 
4.30262e-11 4.45073e-10 5.66159e-08 7.3037e-07 9.7621e-07 8.19861e-05 0.000348248 0.000648591 0.0018232 0.00370593 0.00733501 0.00933724 0.0105287 0.0105603 0.010861 0.015214 0.822489 0.0344557 0.0088334 0.00889958 0.00793024 0.0091552 0.0146293 0.0127469 0.0104148 
2.58838e-09 3.62674e-06 4.83255e-06 1.22681e-05 9.05691e-05 0.00043348 0.00142659 0.0050381 0.0119786 0.0157521 0.0172685 0.01892 0.0215112 0.0218616 0.718305 0.0198679 0.0190611 0.0218621 0.0176505 0.0153029 0.0157888 0.0151592 0.0155825 0.0147579 0.0123605 
6.71603e-06 0.000111556 0.00145254 0.00343752 0.0029251 0.00368396 0.00358595 0.00648984 0.00698103 0.00875125 0.00760654 0.00756089 0.00928106 0.00738788 0.00762438 0.00741098 0.00822981 0.0168751 0.0292458 0.801882 0.013123 0.0150663 0.0145867 0.00963787 0.00705675 
4.4013e-11 3.04422e-08 8.58612e-08 5.64341e-07 2.69286e-06 1.30646e-05 4.28611e-05 0.000130553 0.000440569 0.000736239 0.00115496 0.00186861 0.00275035 0.00218636 0.00735111 0.00243394 0.00353566 0.00555342 0.00687305 0.00775993 0.902401 0.0218405 0.0221653 0.00644351 0.00431545 
3.76958e-11 3.16264e-10 3.14926e-08 3.6207e-07 2.46631e-07 7.04607e-06 4.48472e-05 0.000192702 0.00105211 0.00343488 0.00649973 0.00910602 0.0101692 0.0104373 0.0105378 0.0122067 0.806181 0.0475608 0.0164352 0.00891926 0.00775995 0.00868521 0.0163741 0.0145681 0.00982733 
0.000277933 0.00295294 0.0189932 0.0350837 0.0350407 0.0440539 0.0525024 0.0622242 0.057972 0.059833 0.0584518 0.0544126 0.050837 0.0465047 0.0419307 0.0408595 0.0328345 0.0282279 0.0418649 0.110093 0.0321596 0.0309263 0.0230405 0.0232828 0.0156403 
0 0 0 0 0 0 0 0 0 0 0 0 0 3.35702e-14 1.28945e-10 2.28827e-09 6.23453e-09 3.5349e-06 5.56384e-07 2.99584e-05 0.000150981 0.000231472 0.000388638 0.00128462 0.99791 
3.19925e-09 2.86124e-06 1.28871e-05 2.98745e-05 9.92471e-05 0.000584702 0.00143423 0.00217077 0.00302038 0.00448047 0.00515405 0.0055067 0.00730446 0.00596762 0.00639935 0.00594438 0.00664177 0.0105964 0.0181879 0.0145785 0.835816 0.0300341 0.0231263 0.00819913 0.00470784 
1.73376e-09 2.86892e-06 2.60437e-06 4.87642e-06 9.83905e-06 0.000208183 0.000914591 0.00301243 0.00849806 0.0130791 0.0168066 0.0168112 0.0200627 0.754665 0.0209756 0.0168312 0.0171039 0.0166206 0.0128364 0.0125706 0.0124466 0.0135969 0.0129218 0.0167398 0.0132779 
3.48591e-06 5.0497e-05 0.000824473 0.00275566 0.0032809 0.00422559 0.00495426 0.00619097 0.00657649 0.00867462 0.00871621 0.00771444 0.00903183 0.00773741 0.00843279 0.00775277 0.0138298 0.777043 0.0392931 0.015435 0.0136437 0.0153321 0.0177266 0.0127835 0.00799087 
1.29603e-09 2.20143e-06 2.54877e-06 3.60633e-06 3.51142e-05 0.000148937 0.00064322 0.00141503 0.00218831 0.00302612 0.00398182 0.00396724 0.00534277 0.00423958 0.00490772 0.00521982 0.00581377 0.0105102 0.0195747 0.863241 0.0125326 0.0186383 0.020938 0.00708547 0.00654145 
1.68373e-06 3.47364e-05 0.00057226 0.0027286 0.00601594 0.0115077 0.0169197 0.0223666 0.037974 0.082629 0.0271087 0.0261172 0.379174 0.055805 0.0217001 0.0190598 0.0176495 0.0201717 0.0512903 0.0621604 0.042672 0.0186996 0.0174175 0.0493762 0.0108475 
7.2162e-09 6.21141e-06 1.45717e-05 1.98294e-05 0.00030933 0.00261959 0.00817506 0.0144912 0.0202056 0.028153 0.631715 0.0370576 0.0286168 0.0250265 0.0244353 0.0212227 0.0206636 0.0180906 0.0205024 0.0182973 0.0193033 0.0155054 0.0161615 0.0174716 0.0119363 
2.1918e-07 7.24699e-06 5.52297e-08 8.26687e-09 1.18752e-07 3.2904e-07 8.08325e-07 1.23456e-07 1.07464e-07 4.80003e-07 2.72639e-07 2.36166e-06 5.51385e-06 6.58567e-07 4.00685e-06 2.05904e-06 4.25711e-06 1.07746e-05 3.24645e-06 3.26149e-06 2.35256e-06 0.000326615 0.000827689 0.99081 0.00798711 
9.28307e-06 0.000139407 0.00296696 0.00782479 0.0140183 0.0266884 0.03906 0.0595907 0.278034 0.0510679 0.04787 0.0482182 0.0485784 0.0417559 0.0373153 0.0346558 0.0297355 0.034243 0.0459736 0.032768 0.0303747 0.0282764 0.0246354 0.0203253 0.0158746 
2.55317e-06 7.33263e-05 0.00128018 0.00840416 0.0169036 0.0243522 0.030947 0.0378958 0.0376477 0.0445148 0.0493046 0.0462555 0.04285 0.0404069 0.329221 0.0307717 0.027278 0.0362041 0.0430779 0.0334403 0.0327833 0.0267234 0.0237703 0.0209609 0.0149306 
0.0136065 0.0285151 0.0412583 0.0167795 0.0124333 0.0118128 0.0238704 0.0245661 0.0213443 0.0260732 0.0194901 0.0211432 0.0256869 0.0218358 0.0282891 0.0206281 0.342959 0.10944 0.0396419 0.0271445 0.0546505 0.0204452 0.0222899 0.0153847 0.0107108 
8.40043e-13 8.4126e-12 1.51781e-10 8.02814e-11 4.84483e-10 7.10931e-10 5.64697e-08 1.31214e-07 1.1024e-07 4.20409e-06 1.16559e-05 1.49323e-05 0.000233133 0.000428913 0.000630656 0.000802893 0.00094775 0.00149403 0.00209526 0.00417277 0.941603 0.017189 0.0204226 0.00605784 0.00389138 
8.56932e-12 2.78294e-11 1.47221e-09 4.32191e-08 8.0235e-09 4.56904e-08 2.13892e-06 2.67665e-05 0.00014861 0.000719193 0.00121738 0.00230664 0.00271992 0.00300048 0.00258789 0.00284413 0.0031315 0.0036217 0.00444452 0.00420894 0.00788398 0.0209015 0.913197 0.0176067 0.00943139 
7.63625e-10 5.47739e-09 9.1842e-08 1.02882e-06 2.44024e-06 9.18337e-05 0.000403171 0.000996705 0.00433538 0.00861791 0.0128427 0.013351 0.0143113 0.0142947 0.0164938 0.775153 0.0243175 0.028154 0.00978193 0.0102681 0.00967628 0.0113086 0.0130707 0.0181 0.0144282 
6.78903e-06 0.000124732 0.00237113 0.0084242 0.0161423 0.0760109 0.0359002 0.0587577 0.0873086 0.103213 0.0450833 0.0680601 0.0805359 0.0504137 0.033396 0.0299888 0.0301685 0.0482166 0.0531734 0.029397 0.0280181 0.0614013 0.0230428 0.0182085 0.0126365 
0 0 0 0 0 0 0 0 0 0 0 0 0 0 0 2.86897e-13 3.28592e-11 1.3059e-10 1.54622e-10 7.45249e-05 0.000231817 0.000368186 0.000551369 0.000845275 0.997929 
8.46499e-12 3.30309e-13 2.45125e-10 1.01275e-11 2.49663e-08 1.42194e-08 2.90584e-08 7.95078e-08 5.54498e-10 1.06595e-07 8.13791e-07 9.55517e-08 4.73295e-07 1.33447e-06 3.12346e-07 2.45317e-06 4.41135e-07 2.57201e-06 5.67139e-07 7.27233e-07 1.3792e-06 3.31321e-06 1.22519e-05 5.70779e-06 0.999967 
3.7742e-09 2.93049e-06 1.10387e-05 2.66128e-05 9.61539e-05 0.000621844 0.00149253 0.00224066 0.00309269 0.00451514 0.00522076 0.00561845 0.00742137 0.00624497 0.00639295 0.00600102 0.00668882 0.0107052 0.0185441 0.0149111 0.83658 0.0264212 0.0237687 0.00816181 0.00521999 
2.61169e-11 9.61307e-11 3.88572e-08 2.05975e-07 5.96112e-08 2.68108e-07 1.11571e-05 0.000107114 0.000527851 0.00191157 0.00358854 0.00673853 0.00785903 0.00885585 0.00935462 0.0101369 0.801684 0.0583305 0.0229688 0.00893265 0.0069254 0.00837052 0.0181179 0.0157998 0.00977869 
2.83704e-05 0.000653995 0.00729915 0.0211995 0.0415664 0.0521474 0.0591636 0.0670607 0.0580021 0.063662 0.065222 0.0591008 0.0529059 0.0453823 0.0410085 0.106622 0.0297416 0.0310133 0.0390419 0.036227 0.0313305 0.0298995 0.0247238 0.0213668 0.0156307 
9.17816e-07 3.3004e-05 0.000363805 0.00314761 0.00431643 0.0103797 0.0134614 0.0220261 0.0292652 0.0347404 0.0378377 0.0359548 0.038285 0.0340595 0.0379894 0.0397517 0.0380373 0.050215 0.0479356 0.0364633 0.0366775 0.0289522 0.0364429 0.361951 0.0217129 
6.22731e-18 5.18225e-15 2.87053e-14 5.95677e-14 1.49544e-13 3.36932e-13 3.93908e-13 3.45434e-11 7.10901e-13 2.29676e-10 8.78183e-13 4.26323e-11 2.37059e-09 4.88011e-09 9.25996e-09 1.51519e-08 2.94866e-08 7.14008e-08 4.71545e-08 7.86472e-08 3.32244e-07 7.25601e-05 0.000159435 0.00142336 0.998344 
6.40959e-12 2.42471e-11 1.83109e-09 8.96857e-08 3.08562e-08 1.70737e-07 1.84606e-06 1.72242e-05 0.000174361 0.000520436 0.000891727 0.00157749 0.0019463 0.00197516 0.00190987 0.00217935 0.00309925 0.00425574 0.00577246 0.00586653 0.00598279 0.00729807 0.938733 0.0153505 0.00244717 
6.93486e-16 2.86167e-14 1.75877e-13 6.04123e-12 7.32011e-12 7.71273e-12 1.30033e-10 3.19154e-10 3.37826e-10 3.05787e-09 2.53392e-09 2.10207e-09 2.01635e-07 2.70504e-08 5.71327e-08 2.03271e-07 3.28014e-07 2.05613e-06 2.41961e-06 5.52681e-06 1.29872e-05 0.000488856 0.00105591 0.98889 0.00954147 
7.24714e-17 6.03051e-14 3.34043e-13 6.94233e-13 1.74029e-12 3.92095e-12 1.31065e-10 3.78508e-10 8.35247e-12 5.60084e-09 2.19854e-11 1.05359e-09 2.66005e-08 5.93095e-08 1.2047e-07 2.06815e-07 4.09893e-07 1.07003e-06 6.83237e-07 1.07321e-06 4.98075e-06 0.000544716 0.00173099 0.989868 0.0078477 
8.84043e-07 1.32246e-05 1.93139e-05 6.06422e-05 0.000212852 0.00125289 0.00397283 0.010144 0.016868 0.0213572 0.0211734 0.0236853 0.0294121 0.660562 0.0267475 0.0210875 0.0205874 0.0207579 0.0214181 0.0187286 0.0184096 0.0166651 0.0165034 0.0177757 0.0125849 
1.89061e-07 1.02632e-05 0.00012207 0.00196395 0.00133231 0.00323747 0.00505563 0.0060458 0.00687419 0.010197 0.0138891 0.0132051 0.0134367 0.0115822 0.0112144 0.0121813 0.013447 0.0295854 0.726497 0.0282932 0.0277449 0.0193361 0.0209467 0.0146804 0.00912145 
1.49442e-09 2.56215e-06 2.64226e-06 3.4421e-06 2.90256e-05 0.000141951 0.000590341 0.00130543 0.00208365 0.00294956 0.00374942 0.00385255 0.00487108 0.00393313 0.00461216 0.00515675 0.00607934 0.739752 0.0227602 0.0339753 0.0363738 0.0464267 0.0542382 0.0171424 0.00996861 
6.72907e-11 1.45634e-09 1.31985e-08 2.71756e-07 1.04956e-07 4.2068e-07 1.0586e-05 0.000111973 0.000545383 0.00230606 0.00426619 0.00761548 0.00869156 0.00925948 0.0102437 0.819858 0.0433281 0.0303982 0.00725882 0.00774935 0.00662534 0.00736113 0.0120801 0.0122385 0.0100513 
2.56502e-07 1.52108e-05 0.000166507 0.00244427 0.00181921 0.00417843 0.00629156 0.00780472 0.00914333 0.0138443 0.0178746 0.0163481 0.0160706 0.0132196 0.0135019 0.0141596 0.012698 0.0219541 0.0366605 0.0316895 0.678689 0.0313116 0.0298009 0.0131308 0.00718357 
4.07371e-09 3.81239e-06 5.07166e-06 1.30836e-05 8.68259e-05 0.000521788 0.00174593 0.00406739 0.00790478 0.0139289 0.408672 0.0143108 0.0137166 0.0114215 0.0125234 0.0118981 0.0109462 0.0100889 0.0130936 0.0116807 0.398484 0.0199075 0.0170021 0.0103326 0.0076451 
1.95175e-09 2.47562e-06 2.96925e-06 8.5697e-06 4.53087e-05 0.000320029 0.000929523 0.00181959 0.00265114 0.00396685 0.00455861 0.00477942 0.00601819 0.00517147 0.00554768 0.00546918 0.00611562 0.00866567 0.0167929 0.0123252 0.0156123 0.867015 0.0210918 0.00770619 0.00338435 
1.01115e-09 1.60413e-06 1.79906e-06 4.39379e-06 3.99367e-05 0.000215172 0.000895562 0.00269505 0.00750036 0.0122519 0.0162819 0.0162336 0.0186126 0.0207158 0.745872 0.0184269 0.0177538 0.0219939 0.0153946 0.0134295 0.0136128 0.0133387 0.0148172 0.016137 0.0137746 
1.79724e-12 1.36212e-11 5.51112e-08 2.42313e-10 8.24057e-09 3.48058e-08 1.68287e-07 2.93112e-07 2.34293e-07 8.93964e-05 6.92129e-05 9.6436e-05 0.000451756 0.000788841 0.00129044 0.00192843 0.00780279 0.914358 0.0282739 0.00599554 0.00274285 0.00442167 0.0135693 0.0111714 0.00694904 
9.29416e-06 0.000183621 0.00283972 0.00509913 0.00671071 0.012842 0.0158728 0.0208964 0.0273943 0.0339133 0.037381 0.0353408 0.0376799 0.0309733 0.029048 0.032465 0.0331643 0.0417054 0.0453921 0.031972 0.0337443 0.0274046 0.0306138 0.412762 0.014592 
1.3307e-07 1.81057e-06 4.12315e-07 1.87023e-05 2.14967e-05 0.000199517 0.0002747 0.000339013 0.000372615 0.000308444 0.000280854 0.000685388 0.00106875 0.00133476 0.00150441 0.00192565 0.00184035 0.00206529 0.00261633 0.0024806 0.00449 0.921401 0.037637 0.0144214 0.00471159 
7.64323e-06 0.000114724 0.00242494 0.00404204 0.00662689 0.0131775 0.0204022 0.0302873 0.488003 0.0388841 0.0372014 0.0334037 0.0349568 0.0299401 0.0284232 0.0270736 0.0237587 0.0254192 0.034666 0.0264499 0.0290116 0.0220495 0.0190665 0.0149881 0.00962159 
2.16684e-11 9.96216e-10 4.84196e-07 5.63178e-07 6.20223e-06 8.65313e-05 0.000325543 0.000690426 0.00156955 0.00227357 0.00323553 0.00332869 0.00368736 0.00334218 0.00389352 0.00433592 0.00501798 0.00658225 0.00990569 0.0088793 0.0104064 0.872236 0.037619 0.0171234 0.00545344 
1.78147e-09 1.67023e-06 1.98362e-06 4.28234e-06 3.99153e-05 0.000191875 0.000797569 0.00302074 0.0086999 0.0128233 0.0150556 0.0164929 0.0183 0.0174104 0.0210214 0.721221 0.0268749 0.0302611 0.0163202 0.0149972 0.0140054 0.0136813 0.0158453 0.0185162 0.0144159 
4.56591e-09 3.36146e-06 2.13475e-05 5.57358e-05 0.000216196 0.000762497 0.00193272 0.00275178 0.00343822 0.00499964 0.00576577 0.00619815 0.00831273 0.0071458 0.00919661 0.00707925 0.0114103 0.784866 0.0432204 0.022649 0.0148632 0.0187465 0.0243941 0.0131772 0.00879397 
6.20415e-10 4.14924e-09 1.8659e-08 1.71544e-07 1.09954e-07 2.95103e-07 2.66448e-05 0.000127094 0.000439357 0.00224329 0.00463222 0.00773927 0.00868724 0.00978405 0.0121419 0.828514 0.0302029 0.0285124 0.0068565 0.00714512 0.00641228 0.00670883 0.0109208 0.015696 0.0132096 
4.21967e-07 7.04884e-06 1.6132e-05 6.99006e-05 1.62827e-05 3.06616e-05 8.00895e-05 9.69008e-05 0.000202143 0.000221859 0.00020653 0.000317081 0.000363987 0.000334481 0.000412243 0.000379431 0.000322711 0.000527287 0.000166442 0.000271566 0.000394963 0.0006388 0.000779319 0.990974 0.0031697 
1.32296e-10 4.14927e-10 1.53278e-07 8.19171e-07 1.63587e-05 0.0002113 0.000811347 0.00115709 0.0017533 0.00221115 0.00358972 0.00347733 0.00381542 0.00336991 0.00339909 0.0040341 0.00467649 0.00605456 0.00827141 0.00826369 0.0110554 0.870858 0.0373791 0.018541 0.00705306 
6.13671e-07 1.54739e-06 1.31769e-05 0.000322066 0.000132723 0.000281513 0.000453551 0.00045424 0.00056876 0.001057 0.00208281 0.00209272 0.00317465 0.00913873 0.00350384 0.00541323 0.0137349 0.777847 0.0347506 0.0429672 0.0194494 0.0169845 0.0299674 0.0191555 0.0164518 
5.50708e-12 2.84275e-11 4.61291e-08 1.43178e-08 9.32474e-09 3.15489e-08 2.85904e-07 1.39654e-05 6.28083e-05 0.000295611 0.000533409 0.000939908 0.0010034 0.00129723 0.00175566 0.00426349 0.85086 0.0561304 0.0278053 0.00435352 0.00322369 0.00488483 0.0176689 0.0152552 0.00965186 
7.24815e-10 4.79163e-09 2.73671e-08 3.15835e-07 1.99506e-07 4.17052e-06 3.48516e-05 0.000277371 0.00095906 0.00312922 0.00554369 0.00854286 0.009843 0.0108714 0.0139258 0.816749 0.0246017 0.0295126 0.00770914 0.00810258 0.00701395 0.00775975 0.0137121 0.0185462 0.0131614 
1.54893e-11 3.11436e-10 3.26561e-08 2.41327e-07 6.1068e-07 4.73893e-05 0.000176238 0.000335529 0.00109143 0.00179192 0.002994 0.0028792 0.00321212 0.00282096 0.00296857 0.00375152 0.00456711 0.00577962 0.00880986 0.00816863 0.00951628 0.0183232 0.903963 0.0143991 0.0044035 
0.016735 0.038042 0.763769 0.0150509 0.00329665 0.0029571 0.00400538 0.00486851 0.005572 0.00524964 0.00703776 0.00558711 0.00675541 0.00885058 0.0123891 0.00725804 0.00573026 0.00618469 0.0111587 0.0105574 0.0372482 0.00455769 0.00828247 0.00399851 0.00485762 
2.76436e-09 4.39338e-06 5.5529e-06 8.44726e-06 9.78976e-05 0.000650408 0.0021414 0.00474526 0.00982809 0.0148809 0.0175629 0.0184158 0.0240721 0.722448 0.0223923 0.0170273 0.0173722 0.0173204 0.0171229 0.0145835 0.0145948 0.0138484 0.015471 0.0198561 0.0155496 
7.09295e-11 5.67217e-08 1.55678e-07 9.30449e-07 5.00229e-06 2.41519e-05 7.36378e-05 0.000139564 0.000212495 0.000253957 0.000269709 0.000298123 0.00133858 0.000441886 0.0100406 0.000882936 0.00152932 0.00319862 0.0024734 0.0013378 0.00173587 0.00626171 0.00711499 0.960586 0.00178094 
6.17438e-08 2.10528e-07 2.04475e-06 4.08671e-05 2.90329e-05 5.14936e-05 9.31138e-05 0.000140735 0.000214032 0.000294958 0.000344189 0.000367192 0.00133168 0.001028 0.00713866 0.000479887 0.00107741 0.00172001 0.00209532 0.000654036 0.000651807 0.00249225 0.000689456 0.000646503 0.978417 
4.54507e-11 3.04357e-10 5.38379e-08 7.59699e-07 2.22594e-06 5.71334e-05 0.000314845 0.00085312 0.00299498 0.00585212 0.0082888 0.00867201 0.00974827 0.0110477 0.435943 0.0120524 0.0128776 0.0151163 0.00734679 0.00671248 0.007251 0.00989827 0.419774 0.0161245 0.00907098 
4.93075e-07 2.16376e-05 0.000201805 0.00247082 0.00252694 0.00800593 0.0163388 0.0243857 0.0301429 0.0364735 0.0403321 0.446849 0.0440866 0.0321492 0.0307428 0.0287365 0.0263431 0.0317607 0.0442184 0.0346132 0.0342891 0.0248441 0.0234826 0.0212282 0.0157563 
3.20934e-06 6.71202e-05 0.000851909 0.00466305 0.0103871 0.0191514 0.0239148 0.0314108 0.0351207 0.0422366 0.0466696 0.0439876 0.0442811 0.0397909 0.367617 0.0304955 0.0262713 0.0348565 0.0379196 0.0341964 0.0328384 0.0280365 0.0259606 0.0232447 0.016028 
2.84668e-09 3.76521e-06 6.14447e-06 1.89846e-05 0.00011169 0.000603626 0.00223471 0.0073912 0.0138871 0.018025 0.0181537 0.0220872 0.0281612 0.691221 0.0235034 0.0183118 0.0190525 0.01978 0.0186707 0.016334 0.0168591 0.0151317 0.0149091 0.0206342 0.0149085 
4.16816e-10 1.36275e-07 8.20716e-06 3.91748e-06 5.89909e-05 0.000365514 0.00109676 0.00239231 0.00417964 0.00793156 0.0113353 0.0127993 0.0153705 0.0147939 0.015488 0.0152144 0.713123 0.0606546 0.0308964 0.0151273 0.013497 0.0154414 0.0211522 0.0185022 0.0105674 
1.39531e-17 1.16097e-14 6.43225e-14 1.36531e-13 3.38163e-13 7.57704e-13 4.28364e-11 6.69472e-11 1.83854e-12 1.14638e-09 3.623e-11 3.14659e-10 4.7491e-09 1.12949e-08 2.4361e-08 4.44126e-08 1.01024e-07 2.69428e-07 1.79873e-07 2.92964e-07 8.21184e-07 0.000221723 0.000581655 0.992174 0.00702137 
4.87083e-15 1.14743e-13 3.37104e-12 1.90416e-12 4.16185e-12 9.25785e-12 7.22162e-10 8.97601e-10 4.35706e-10 1.5548e-08 3.82741e-09 1.26307e-08 6.91136e-08 1.66256e-06 7.48782e-07 8.8306e-06 1.8517e-05 2.16489e-05 5.25688e-05 9.12215e-05 0.000175795 0.00275729 0.980332 0.0143356 0.00220389 
2.49043e-11 1.03849e-09 5.12966e-07 6.20528e-07 1.22619e-05 0.000125931 0.000461974 0.000876082 0.00177686 0.00237823 0.00331449 0.00338427 0.00373946 0.00336586 0.00392417 0.00474153 0.00649667 0.0101595 0.0170717 0.019462 0.0196428 0.0288881 0.829353 0.0247995 0.0160242 
1.24695e-09 2.12374e-06 2.29084e-06 2.91164e-06 2.59368e-05 0.000127408 0.000566855 0.00120531 0.00199469 0.00286804 0.00378632 0.00380932 0.00478879 0.00398065 0.00465462 0.00496618 0.00553965 0.00759995 0.0151789 0.0123444 0.860505 0.0310188 0.0232656 0.0077587 0.00400757 
3.89838e-15 6.42721e-12 6.91768e-12 1.09542e-11 8.42749e-11 6.66005e-10 2.54708e-09 5.67811e-09 1.36788e-08 2.42265e-08 3.61906e-08 3.88237e-08 4.38194e-08 3.9927e-08 4.28675e-08 5.01265e-08 1.76138e-06 2.05873e-07 2.89984e-06 2.29897e-07 4.91775e-07 3.01205e-05 0.000168432 0.000319455 0.999476 
4.13283e-26 3.44233e-23 1.90798e-22 3.96472e-22 4.83065e-21 3.87432e-20 1.52902e-19 8.94571e-12 4.1206e-15 7.98733e-12 1.01978e-14 4.07514e-12 8.11594e-10 1.88721e-09 2.87041e-09 7.52539e-09 2.6973e-08 7.67884e-08 6.56077e-08 1.42044e-07 2.04585e-07 0.000121184 0.000178128 0.993394 0.00630649 
6.9559e-11 8.62988e-10 5.0143e-07 1.32528e-06 1.20595e-05 0.000137803 0.000481395 0.00116648 0.00428537 0.00860533 0.0123483 0.0128383 0.0138316 0.0136062 0.0141574 0.0166905 0.0369995 0.708644 0.0337453 0.0297818 0.0151149 0.0150689 0.0255524 0.0207445 0.0161857 
1.36716e-10 9.69483e-08 2.70976e-07 1.78407e-06 8.88137e-06 4.13864e-05 0.000119279 0.000234794 0.000370203 0.000453921 0.000475472 0.000813816 0.00199735 0.000991182 0.0171295 0.00645378 0.884163 0.0349243 0.00702605 0.00281467 0.00283571 0.00609292 0.0122491 0.0117194 0.00908288 
5.51683e-12 6.9053e-11 2.40072e-09 4.46169e-08 2.71995e-08 5.23058e-07 4.45816e-06 4.00307e-05 0.000220756 0.000376531 0.000795173 0.00132423 0.0017106 0.00190277 0.00194725 0.00215893 0.00293071 0.00451602 0.00836676 0.0114797 0.00956079 0.0174595 0.911924 0.0187081 0.00457317 
0 0 0 0 0 0 0 0 0 0 0 0 0 0 0 1.90867e-13 2.66207e-10 2.21907e-06 3.29629e-07 1.77588e-05 0.000182391 0.00030392 0.000514166 0.996741 0.00223804 
6.14118e-05 0.00108164 0.00714714 0.0242114 0.219349 0.0482925 0.0410079 0.0453633 0.0414606 0.0442892 0.047674 0.0444274 0.0414569 0.0368566 0.0664105 0.0284286 0.0240498 0.025283 0.0296434 0.0509461 0.0250028 0.0245486 0.0196916 0.0169083 0.0464085 
1.8734e-12 8.41659e-12 2.50355e-10 3.21529e-09 6.8514e-10 8.60661e-10 9.27683e-08 6.65282e-07 3.32958e-06 6.03726e-05 0.000228109 0.000265442 0.000583096 0.000734017 0.000854803 0.00112928 0.00117865 0.00202807 0.00332342 0.00696384 0.920359 0.023145 0.0275565 0.00726046 0.00432569 
8.81167e-12 1.7408e-10 1.29525e-08 1.87898e-07 3.32239e-07 1.69236e-05 1.23826e-05 7.1504e-05 0.000371906 0.000935926 0.00115312 0.0020063 0.0024556 0.00225775 0.00229076 0.00251325 0.00337604 0.00640953 0.00835839 0.884729 0.0214819 0.0220999 0.026233 0.00741901 0.0058075 
3.65985e-09 2.89214e-06 1.12907e-05 2.35145e-05 8.66795e-05 0.000557117 0.00138602 0.00218787 0.00299075 0.00443803 0.00519195 0.0054797 0.00732293 0.00623933 0.00638639 0.00590386 0.00666214 0.0103069 0.0175811 0.0127943 0.0141614 0.838528 0.0355432 0.0110811 0.00513354 
5.69043e-09 6.99999e-06 9.79801e-06 2.31402e-05 0.000155374 0.00112661 0.00386038 0.00794526 0.0129486 0.0185331 0.0213504 0.0214531 0.0242678 0.0241806 0.683822 0.0212542 0.0196724 0.0241001 0.0199278 0.0171437 0.0172306 0.0165184 0.0158863 0.0157503 0.0128337 
5.18469e-06 9.15361e-05 0.0014786 0.00640417 0.0128936 0.0407683 0.0282737 0.0323037 0.0339198 0.236408 0.0780396 0.068477 0.0920732 0.0516297 0.0280116 0.0248362 0.022422 0.0229187 0.0288901 0.023476 0.0234218 0.0214443 0.0201078 0.0900898 0.0116159 
8.31184e-11 9.89583e-10 4.35256e-07 1.79273e-06 7.80632e-06 0.000196864 0.000774564 0.00242902 0.00695156 0.0113018 0.0153857 0.0151827 0.0174332 0.0183836 0.0204184 0.0175132 0.0197894 0.0179718 0.011867 0.0120497 0.0110273 0.0128918 0.0168954 0.757618 0.0139093 
4.81293e-07 2.43279e-05 0.000302822 0.00203792 0.00285078 0.00690584 0.00746371 0.0103384 0.01231 0.0155155 0.0207271 0.0172514 0.01821 0.0160337 0.0136764 0.013728 0.017735 0.650879 0.0526641 0.0267957 0.026382 0.0212182 0.0221032 0.0151123 0.00973371 
1.20909e-11 1.28262e-10 1.62875e-08 2.03771e-07 2.89566e-07 2.18973e-05 8.25757e-05 0.000153099 0.000609769 0.00138583 0.00226792 0.00255277 0.00291087 0.00255065 0.00254511 0.00308911 0.00402937 0.00586 0.00851058 0.824428 0.0461701 0.0371401 0.0373001 0.0118745 0.00651704 
4.73533e-11 3.71757e-08 1.03096e-07 6.10411e-07 3.2732e-06 1.58519e-05 4.85819e-05 9.25313e-05 0.000145537 0.00018746 0.000278414 0.000406468 0.0012916 0.000865879 0.00705206 0.00103582 0.00172377 0.00355613 0.00483337 0.00336642 0.00382629 0.00829722 0.944245 0.0143618 0.00436551 
2.19382e-05 0.000413639 0.00669324 0.0207657 0.0378194 0.0492588 0.0584576 0.0659596 0.0604904 0.0650773 0.063607 0.0580338 0.0541164 0.0455176 0.040825 0.0342581 0.0300063 0.0309489 0.0419903 0.109485 0.0318313 0.0310157 0.0278711 0.0206694 0.0148668 
3.79394e-11 2.17865e-10 1.995e-08 4.48194e-07 2.95685e-07 1.81915e-05 1.11977e-05 0.000208127 0.00100313 0.00360899 0.00583796 0.00915172 0.0100273 0.00996184 0.0106433 0.0141325 0.832494 0.0333661 0.00803412 0.00888784 0.00747032 0.00861526 0.0133411 0.0130814 0.0101047 
8.31888e-14 6.49991e-13 1.38615e-11 7.06833e-12 8.22601e-11 4.09237e-11 4.1132e-09 7.39667e-09 8.14486e-09 3.88042e-08 1.96405e-08 9.53392e-08 3.65552e-06 1.41106e-05 2.75731e-05 0.00010731 0.00014082 9.60161e-05 0.00018256 0.000323657 0.000565963 0.00440662 0.973517 0.0147818 0.00583258 
0.00665443 0.0188051 0.0466494 0.038265 0.02377 0.0227126 0.0339311 0.0384149 0.0351615 0.0418865 0.0359357 0.0391902 0.0452561 0.0296787 0.0297689 0.0249949 0.0207018 0.0217544 0.0428523 0.0291606 0.293317 0.028988 0.0259139 0.0159422 0.010295 
1.51796e-09 1.25243e-06 2.68525e-06 5.09222e-06 8.05584e-05 0.000395836 0.00145551 0.00373463 0.00763268 0.011809 0.0157106 0.0161067 0.0188869 0.0171187 0.0202763 0.726808 0.0256504 0.0292594 0.0161163 0.0148393 0.0138475 0.0134842 0.014418 0.0179556 0.0144054 
3.69041e-09 2.65979e-06 1.27309e-05 2.78069e-05 9.87877e-05 0.000616599 0.00154264 0.00235275 0.00317858 0.00471472 0.00542585 0.0057735 0.00784532 0.00693439 0.00659406 0.00608872 0.00682594 0.0106065 0.0184648 0.0144685 0.0210037 0.843014 0.0222603 0.00850095 0.0036458 
3.7747e-07 2.91444e-05 0.000241054 0.00241367 0.00257194 0.00754454 0.0139481 0.0208527 0.0266261 0.486027 0.0433765 0.0376716 0.0350916 0.0301913 0.0294478 0.027679 0.0248691 0.0287709 0.0395483 0.0325636 0.0362116 0.0223213 0.0214358 0.0192218 0.0113452 
1.41743e-11 6.18916e-11 2.43532e-09 2.4873e-08 1.78304e-08 7.64625e-08 1.21922e-06 8.86218e-06 0.000102966 0.000429634 0.0014379 0.0036485 0.00519002 0.00622611 0.00749305 0.0091133 0.843058 0.0515719 0.0138549 0.00646995 0.00616272 0.00703895 0.0157847 0.0139503 0.00845702 
0 0 0 0 0 0 0 0 0 0 0 0 0 0 0 0 0 0 0 0 0 0 0 0 1 
2.28192e-11 9.07875e-10 5.91216e-07 6.36243e-07 6.74783e-06 0.000100823 0.000334303 0.000821307 0.00175728 0.00250249 0.00340134 0.0034476 0.00381859 0.00344031 0.00403236 0.00441461 0.0051279 0.00685585 0.0102222 0.00932207 0.0112023 0.024964 0.877828 0.0179072 0.00849115 
5.526e-09 2.47525e-06 3.2577e-06 5.70398e-06 4.69001e-05 0.000295007 0.00112518 0.00312046 0.00792833 0.0124524 0.016364 0.0161485 0.017459 0.0171313 0.0227809 0.725759 0.0261741 0.0305629 0.0127856 0.0128139 0.0124411 0.0136796 0.0156396 0.0199089 0.0153721 
0 0 0 0 0 0 0 0 0 0 0 0 0 0 0 2.71466e-13 3.04916e-11 1.12363e-10 1.33481e-10 2.01078e-10 3.50954e-10 1.63916e-05 8.5487e-05 0.000525963 0.999372 
2.88538e-06 5.90424e-05 0.000997193 0.00515772 0.138575 0.133038 0.0375698 0.105374 0.0934379 0.0376543 0.0381087 0.0378436 0.0694642 0.0344127 0.0310408 0.027944 0.0410969 0.0244949 0.0292736 0.0238876 0.0235404 0.0228994 0.017617 0.0157436 0.0107664 
3.56252e-09 2.30139e-06 2.19128e-06 4.35293e-06 8.97175e-06 0.000154617 0.000552319 0.00263241 0.00850405 0.0123476 0.0172837 0.775574 0.0244458 0.0150444 0.0145735 0.0148961 0.0164957 0.0127719 0.0117783 0.0121998 0.0119511 0.0107087 0.0102251 0.0146412 0.013202 
1.51328e-11 8.77264e-11 3.22338e-08 2.39627e-07 6.04842e-07 4.73038e-05 0.000178114 0.000331226 0.0010986 0.0017433 0.00292234 0.00283387 0.00317804 0.00279928 0.00293637 0.00373831 0.00448204 0.00569649 0.00852281 0.00796437 0.0098199 0.885411 0.0397449 0.0114876 0.00506287 
1.52525e-10 2.60767e-10 1.08327e-07 5.34719e-07 1.05834e-05 0.000160501 0.000535538 0.00066959 0.00125262 0.00197844 0.00304911 0.00306575 0.00344154 0.00291174 0.00297756 0.00364149 0.00447631 0.00594734 0.00814847 0.0085087 0.88873 0.0281999 0.0213355 0.00704826 0.00391081 
1.50383e-09 2.43814e-06 3.23856e-06 2.23073e-05 0.000166806 0.00040482 0.00102275 0.00202478 0.00268628 0.00350158 0.00443387 0.00448523 0.00610003 0.00469005 0.00518637 0.00533242 0.00573843 0.00787409 0.0160104 0.0114588 0.0126345 0.846838 0.0366281 0.0169208 0.00583425 
7.39147e-06 0.000209628 0.00256589 0.0122611 0.0608659 0.031512 0.0365958 0.0424887 0.0407101 0.0435554 0.0469449 0.0561943 0.0788807 0.0342251 0.0298961 0.0604905 0.0241342 0.110091 0.0546666 0.0309551 0.118807 0.0271186 0.0253448 0.0186519 0.0128274 
0.0088888 0.0284974 0.0331684 0.0185163 0.0113155 0.0128035 0.0188424 0.0240621 0.0248959 0.0259389 0.0283336 0.0284382 0.0301734 0.0267041 0.0245166 0.0230232 0.0172725 0.0205219 0.035533 0.0273219 0.0677436 0.408125 0.0317737 0.0149676 0.00862228 
3.02808e-12 1.87778e-11 1.15153e-08 7.47918e-08 1.75008e-06 1.68727e-05 6.19147e-05 0.000152465 0.000299316 0.000342811 0.000396524 0.000665125 0.000810754 0.000903123 0.000916727 0.000909172 0.00113672 0.00189423 0.00307602 0.00281584 0.00305669 0.00568518 0.957774 0.0127325 0.00635198 
1.9789e-11 7.44424e-10 5.25488e-07 5.41159e-07 2.99921e-06 7.75696e-05 0.000268113 0.000539153 0.00144529 0.00218066 0.00319179 0.00312068 0.003491 0.00311816 0.00355138 0.00418427 0.00484628 0.00661825 0.0110276 0.0131103 0.0171073 0.0304523 0.859818 0.0196329 0.0122153 
1.34864e-07 1.20293e-06 1.16872e-05 0.000241088 0.000152631 0.000341725 0.000598572 0.000821898 0.000990147 0.00129333 0.00159956 0.00140075 0.00465323 0.00277412 0.0233107 0.0022721 0.00371845 0.00588089 0.00876089 0.00417759 0.00446816 0.0124041 0.00779746 0.905372 0.00695708 
7.74566e-11 8.32481e-09 2.18156e-06 3.56561e-06 9.17408e-05 0.000481756 0.000808726 0.001127 0.00200814 0.00277177 0.00385686 0.00382726 0.00429268 0.00387259 0.00447798 0.00479451 0.00558092 0.00712675 0.0125084 0.0120466 0.0173525 0.840397 0.0445324 0.0192421 0.00879697 
1.92978e-09 2.30594e-06 2.78979e-06 7.97096e-06 4.57242e-05 0.000329679 0.000932103 0.00179204 0.00258276 0.00390869 0.00451359 0.00457434 0.00590376 0.00501952 0.00560233 0.005803 0.00634225 0.011217 0.0208974 0.850596 0.0146555 0.0201198 0.0209228 0.00748583 0.00674257 
0 0 0 0 0 0 0 0 0 0 0 0 0 1.39708e-14 4.36659e-11 1.37751e-09 4.89407e-09 1.01337e-05 1.92758e-06 0.000189686 0.000539653 0.00080474 0.00131409 0.00148057 0.995659 
1.2438e-09 1.96594e-06 2.48266e-06 5.72159e-06 5.55423e-05 0.000253641 0.000811298 0.00187185 0.00248425 0.00333425 0.00421531 0.00422067 0.00561965 0.00459209 0.00519057 0.00532792 0.00583239 0.00877462 0.0178724 0.794805 0.0463736 0.0329914 0.0366833 0.0118965 0.00678406 
6.93548e-06 0.000234302 0.0044641 0.0159312 0.0417608 0.0482406 0.0555208 0.0650162 0.0583576 0.0610051 0.0670875 0.0548458 0.0533468 0.0460344 0.0384238 0.0319221 0.0271941 0.0289504 0.0406283 0.036248 0.0293313 0.032265 0.127202 0.0205229 0.0154602 
0 0 0 0 0 0 0 0 0 0 0 0 0 0 0 0 0 0 0 0 0 0 0 0 1 
6.48311e-05 0.00118754 0.00899734 0.0245379 0.0290255 0.046259 0.0680842 0.101584 0.0790283 0.051862 0.0541449 0.0840262 0.0460609 0.0658854 0.0359535 0.0375496 0.0274078 0.0246692 0.0365548 0.0297077 0.0269306 0.0317849 0.0375808 0.0377134 0.0133993 
1.00107e-05 0.000202308 0.00274819 0.00885557 0.0163767 0.0897509 0.0355144 0.0407615 0.043519 0.134096 0.0481492 0.0459956 0.131367 0.0374942 0.0325483 0.0292675 0.0267065 0.0293701 0.0389622 0.0308462 0.0929055 0.0283712 0.024492 0.0187902 0.0128999 
0.00968277 0.0292787 0.0393041 0.0335211 0.0154758 0.0155319 0.0188453 0.0220409 0.0210692 0.022973 0.0271069 0.0280426 0.0286663 0.0237385 0.0241505 0.0198648 0.020536 0.0206068 0.0278746 0.40976 0.0525109 0.0312975 0.0326827 0.0160947 0.00934486 
0.00010473 0.00126417 0.00878813 0.0220264 0.0629399 0.103905 0.0419658 0.0505414 0.13574 0.0517015 0.0506731 0.0898142 0.0453277 0.0423115 0.0378036 0.0331894 0.0286089 0.0261255 0.0315235 0.0289836 0.0273319 0.0253696 0.0204143 0.0198848 0.0136611 
7.93794e-14 5.06331e-13 1.38853e-11 9.43031e-12 1.68866e-11 3.2806e-11 3.56294e-09 8.69393e-09 7.56765e-09 5.3589e-08 3.33267e-08 1.26159e-07 2.19476e-06 1.67848e-05 3.12103e-05 5.89275e-05 9.55278e-05 0.000261998 0.000294207 0.00127056 0.945165 0.0219609 0.0214466 0.00604257 0.00335334 
1.40151e-10 1.31423e-09 2.09667e-08 2.35914e-07 1.07403e-07 2.8229e-06 1.11456e-05 0.000103933 0.000475672 0.00253808 0.00469512 0.00753038 0.00864359 0.00961556 0.1148 0.118583 0.0240606 0.619924 0.0175854 0.0145766 0.00691325 0.00856957 0.0162195 0.0143696 0.0107818 
0.000149948 0.0017954 0.00948317 0.0262041 0.0269385 0.0379873 0.0425695 0.0513317 0.222219 0.0611659 0.0576586 0.0528164 0.0488374 0.0431073 0.0408635 0.036972 0.0288226 0.0282746 0.0357784 0.0325519 0.0291914 0.0284207 0.0223391 0.0209735 0.0135477 
4.01301e-11 5.89238e-09 2.08501e-08 2.48841e-07 4.00812e-07 1.73799e-06 2.76386e-05 0.00023221 0.000997964 0.00258676 0.00453447 0.00695002 0.00856564 0.0118196 0.854368 0.0134714 0.0138601 0.0194322 0.00795322 0.00596171 0.00719211 0.00743505 0.0104366 0.0129544 0.0112185 
1.22818e-09 2.07673e-06 2.48917e-06 3.23276e-06 3.4888e-05 0.000157747 0.000656593 0.00142367 0.0021949 0.00306877 0.0040357 0.00419232 0.00529031 0.00436998 0.00501003 0.00519308 0.00561529 0.00777296 0.0161278 0.0113399 0.0124819 0.856645 0.0381429 0.0112083 0.0050303 
1.11457e-09 1.87717e-06 2.02447e-06 2.52575e-06 1.56432e-05 0.000118978 0.000474863 0.00106545 0.00175569 0.002477 0.00321221 0.00319726 0.00385789 0.00333842 0.00384101 0.00434118 0.00610363 0.264861 0.630435 0.0200835 0.0094436 0.0119889 0.0147552 0.00821068 0.00641602 
4.08667e-08 2.82186e-06 8.19754e-06 1.38569e-05 6.42404e-05 0.000357452 0.000899687 0.0017943 0.00261789 0.0038433 0.00443922 0.00456253 0.00579104 0.004899 0.00532397 0.00565497 0.00750853 0.0179473 0.857068 0.0173388 0.012347 0.014723 0.0160001 0.0095364 0.00725788 
1.51169e-09 2.54877e-06 2.90745e-06 4.81777e-06 4.21913e-05 0.000243956 0.000946155 0.00159437 0.002321 0.00326259 0.00429033 0.00422007 0.00485839 0.00431429 0.00497662 0.00502502 0.00576144 0.00758387 0.0124825 0.011656 0.854474 0.0386065 0.0220214 0.00795599 0.00335256 
0 0 0 0 0 0 0 0 0 0 0 0 0 2.52951e-15 7.9169e-12 5.34016e-10 1.54836e-09 6.47582e-09 7.54002e-09 1.41162e-08 1.38562e-07 2.0983e-05 0.000149629 0.995833 0.00399636 
8.45597e-12 3.47722e-11 6.16903e-08 5.77775e-08 1.63636e-08 4.78527e-08 3.34679e-06 4.63229e-05 0.000264537 0.000923736 0.00106827 0.00132675 0.00169201 0.00283303 0.00289128 0.00473478 0.0112528 0.894307 0.0285533 0.00564335 0.00450541 0.00634595 0.013748 0.0120622 0.00779759 
3.55422e-07 1.60605e-05 0.000229175 0.00286767 0.00222254 0.00554665 0.00764941 0.00990645 0.0111794 0.0155449 0.0196591 0.016973 0.017656 0.0149567 0.0142168 0.0161564 0.0153162 0.0309322 0.662135 0.0328925 0.0334753 0.0228006 0.0234943 0.0151234 0.00904974 
5.94116e-11 3.45482e-10 8.69447e-08 7.99368e-07 1.25175e-06 0.000122038 0.000393402 0.000854799 0.00353804 0.00694195 0.011115 0.0123445 0.0131874 0.0124497 0.0131875 0.0174444 0.789278 0.0369622 0.0105678 0.0108689 0.009666 0.0110549 0.015116 0.0137725 0.0111325 
2.3288e-11 3.27098e-10 4.59168e-08 1.93207e-07 4.76706e-06 4.75616e-05 0.000223932 0.000370374 0.000576819 0.00111232 0.00144447 0.00202575 0.00331513 0.00409393 0.00591039 0.00749782 0.0105137 0.0102248 0.00688925 0.00677623 0.00677917 0.0110053 0.0110638 0.902687 0.00743741 
