9955
8.06812e-12 3.60678e-10 1.81104e-09 8.62627e-09 2.61223e-07 5.00023e-07 1.27791e-06 1.71909e-06 1.32631e-06 2.39212e-06 3.72797e-06 5.1703e-06 1.34774e-05 1.52532e-05 1.96097e-05 2.44203e-05 3.46514e-05 2.65473e-05 3.4117e-05 1.7153e-05 1.89062e-05 1.84501e-05 2.04003e-05 3.02622e-05 0.99971 
2.20097e-11 7.51735e-10 4.35081e-07 5.62558e-07 6.90079e-06 9.69439e-05 0.000345961 0.000806033 0.00173045 0.00247779 0.00339309 0.00337241 0.00383384 0.00340207 0.00398104 0.00441447 0.00512696 0.00834238 0.0121529 0.857945 0.026185 0.0245484 0.0250778 0.00716018 0.00559877 
2.45152e-10 2.99911e-07 3.22136e-07 6.14738e-07 1.63638e-05 4.77444e-05 0.00018005 0.000310425 0.000532824 0.000935016 0.00135255 0.00107189 0.00185608 0.00161445 0.00188521 0.00205822 0.00240324 0.00406238 0.0101759 0.00641852 0.00647153 0.00915423 0.00846401 0.93752 0.00346844 
0 0 0 0 0 0 0 0 0 0 0 0 0 0 0 0 0 0 0 0 0 1.06135e-11 2.59914e-05 0.000209049 0.999765 
7.81002e-07 2.38389e-05 0.00016542 0.000638533 0.00098932 0.00177387 0.00308095 0.00371986 0.00500046 0.00615609 0.00804931 0.00735132 0.00912468 0.0129979 0.0121513 0.00793419 0.0105454 0.013358 0.0244058 0.0198354 0.764764 0.0467625 0.0265652 0.0100114 0.00459453 
1.49236e-09 4.13448e-07 7.84046e-07 2.57887e-06 1.07112e-05 0.00014916 0.000573473 0.00216209 0.00711862 0.0122032 0.0149185 0.0153691 0.0163636 0.0160219 0.0168586 0.0182801 0.71601 0.0605773 0.0193716 0.0128508 0.012225 0.0129199 0.0188842 0.0164535 0.0106749 
8.0888e-10 1.26285e-06 1.28431e-06 3.33492e-06 9.30142e-06 0.000146853 0.000567361 0.00308675 0.00871301 0.0125214 0.0152732 0.716054 0.0467346 0.0213068 0.0176788 0.0156381 0.0167389 0.0134852 0.0114716 0.0116241 0.0119496 0.0117778 0.0117919 0.026168 0.0272565 
3.19467e-17 2.65838e-14 1.47253e-13 3.05975e-13 7.6718e-13 1.7287e-12 5.08163e-11 2.30229e-10 7.25254e-12 7.01654e-08 1.58187e-10 2.02645e-09 1.87682e-08 3.82584e-08 7.03618e-08 1.18766e-07 4.15008e-07 1.44795e-05 1.15809e-05 2.02044e-05 5.05206e-05 0.000342281 0.00114692 0.990425 0.00798809 
0.00026749 0.000965975 0.00219451 0.00290213 0.0028601 0.00453023 0.00626206 0.0093395 0.00987991 0.0108529 0.012049 0.0108416 0.013331 0.00988069 0.011287 0.00939019 0.00924357 0.0124381 0.021069 0.0162519 0.760148 0.0256161 0.0226955 0.00898078 0.00672263 
4.2428e-14 3.53077e-11 1.95575e-10 4.05847e-10 1.01888e-09 2.29559e-09 2.68508e-09 3.60131e-09 4.7875e-09 1.88137e-06 6.07638e-09 1.46564e-08 4.92631e-08 9.84846e-08 3.27023e-05 8.50147e-05 0.00012315 0.000243834 7.76979e-05 0.000118202 0.000170309 0.000304995 0.000483757 0.000533276 0.997825 
1.91126e-17 1.59036e-14 8.80941e-14 1.83192e-13 4.58954e-13 1.03404e-12 4.76045e-11 9.38455e-11 2.20956e-12 1.47086e-09 7.00945e-12 3.52151e-10 6.59482e-09 1.52463e-08 3.21332e-08 5.71413e-08 1.18943e-07 3.07054e-07 1.97617e-07 3.03357e-07 7.06291e-07 0.00017469 0.000571203 0.991672 0.00758014 
9.75653e-07 1.23977e-05 9.08957e-05 0.000367997 0.000732642 0.00123302 0.00257289 0.00474314 0.0101714 0.0138233 0.0166243 0.0175962 0.0186279 0.665949 0.0555248 0.0202085 0.0187423 0.0253136 0.0220383 0.0183232 0.0191626 0.0175488 0.0196495 0.0166339 0.014308 
1.76907e-09 2.24281e-06 2.67077e-06 8.6072e-06 6.98069e-05 0.00043901 0.000941712 0.00172483 0.00270199 0.00378037 0.004439 0.00465879 0.00586743 0.0049589 0.00527746 0.00552721 0.00644113 0.0125348 0.837261 0.0345195 0.0134378 0.0196635 0.021372 0.00747985 0.0068901 
1.29596e-11 5.65487e-10 2.18603e-08 2.0777e-07 3.83545e-07 3.17545e-05 0.000114703 0.000197942 0.000683933 0.0014048 0.00235947 0.00259205 0.0029559 0.00256686 0.00272275 0.00323841 0.00419314 0.00530401 0.00774156 0.00747686 0.0101329 0.0220911 0.893538 0.0174073 0.0132456 
2.45775e-12 1.33963e-11 3.00873e-08 3.39707e-09 6.49899e-09 2.10401e-08 1.99603e-07 8.98141e-07 2.61284e-06 9.11367e-05 0.000155084 0.000671997 0.00100994 0.00121496 0.00136083 0.00177004 0.00210904 0.00845871 0.916862 0.0169829 0.00616354 0.0116762 0.0193103 0.00652648 0.00563327 
1.04695e-08 2.3783e-06 5.26715e-06 1.0677e-05 5.72644e-05 0.000321008 0.000832967 0.00164427 0.0026084 0.00360552 0.00440233 0.00451042 0.00571542 0.00598847 0.00549636 0.00545966 0.00623401 0.00857851 0.0178528 0.0143433 0.848848 0.0264643 0.0242712 0.00768035 0.00506665 
1.25752e-16 1.99738e-14 1.67552e-13 3.00481e-13 6.59465e-13 1.39186e-12 6.56924e-11 1.19564e-10 1.03516e-11 1.92639e-09 3.17825e-10 7.81331e-10 9.84167e-09 1.9769e-08 4.11274e-08 7.63125e-08 1.9403e-07 6.38241e-07 4.17455e-07 2.4972e-06 2.16926e-05 0.000392644 0.00125372 0.00480461 0.993523 
1.61009e-09 2.25688e-07 5.03691e-06 5.07645e-05 0.000168294 0.000348396 0.000441883 0.000611597 0.000703755 0.00164494 0.0017292 0.00261645 0.00316336 0.00281834 0.00273225 0.00275897 0.00343016 0.00515284 0.00822998 0.195936 0.0124145 0.721637 0.0227611 0.00778458 0.00286087 
4.30262e-11 4.45073e-10 5.66159e-08 7.3037e-07 9.7621e-07 8.19861e-05 0.000348248 0.000648591 0.0018232 0.00370593 0.00733501 0.00933724 0.0105287 0.0105603 0.010861 0.015214 0.822489 0.0344557 0.0088334 0.00889958 0.00793024 0.0091552 0.0146293 0.0127469 0.0104148 
2.58838e-09 3.62674e-06 4.83255e-06 1.22681e-05 9.05691e-05 0.00043348 0.00142659 0.0050381 0.0119786 0.0157521 0.0172685 0.01892 0.0215112 0.0218616 0.718305 0.0198679 0.0190611 0.0218621 0.0176505 0.0153029 0.0157888 0.0151592 0.0155825 0.0147579 0.0123605 
6.71603e-06 0.000111556 0.00145254 0.00343752 0.0029251 0.00368396 0.00358595 0.00648984 0.00698103 0.00875125 0.00760654 0.00756089 0.00928106 0.00738788 0.00762438 0.00741098 0.00822981 0.0168751 0.0292458 0.801882 0.013123 0.0150663 0.0145867 0.00963787 0.00705675 
1.28853e-07 1.60122e-06 1.31131e-05 0.00015641 0.000279812 0.00023602 0.000221929 0.000401314 0.00124656 0.0019067 0.00368021 0.00219591 0.00303542 0.00902726 0.00954716 0.00334993 0.00721367 0.00643647 0.00949494 0.0101547 0.872175 0.0249541 0.022843 0.00700886 0.00442011 
6.38036e-09 2.95708e-08 2.29936e-07 7.9938e-07 1.50387e-06 1.11358e-05 5.40582e-05 0.000203831 0.00106332 0.00344497 0.00650753 0.00910986 0.0101734 0.0106073 0.0106258 0.0122051 0.805165 0.0475139 0.0164304 0.00895535 0.00776357 0.00940813 0.0163725 0.0145603 0.00982189 
0 0 0 0 0 0 0 0 0 0 0 0 0 3.35702e-14 1.28945e-10 2.28827e-09 6.23453e-09 3.5349e-06 5.56384e-07 2.99584e-05 0.000150981 0.000231472 0.000388638 0.00128462 0.99791 
3.19925e-09 2.86124e-06 1.28871e-05 2.98745e-05 9.92471e-05 0.000584702 0.00143423 0.00217077 0.00302038 0.00448047 0.00515405 0.0055067 0.00730446 0.00596762 0.00639935 0.00594438 0.00664177 0.0105964 0.0181879 0.0145785 0.835816 0.0300341 0.0231263 0.00819913 0.00470784 
1.73376e-09 2.86892e-06 2.60437e-06 4.87642e-06 9.83905e-06 0.000208183 0.000914591 0.00301243 0.00849806 0.0130791 0.0168066 0.0168112 0.0200627 0.754665 0.0209756 0.0168312 0.0171039 0.0166206 0.0128364 0.0125706 0.0124466 0.0135969 0.0129218 0.0167398 0.0132779 
3.48591e-06 5.0497e-05 0.000824473 0.00275566 0.0032809 0.00422559 0.00495426 0.00619097 0.00657649 0.00867462 0.00871621 0.00771444 0.00903183 0.00773741 0.00843279 0.00775277 0.0138298 0.777043 0.0392931 0.015435 0.0136437 0.0153321 0.0177266 0.0127835 0.00799087 
1.29603e-09 2.20143e-06 2.54877e-06 3.60633e-06 3.51142e-05 0.000148937 0.00064322 0.00141503 0.00218831 0.00302612 0.00398182 0.00396724 0.00534277 0.00423958 0.00490772 0.00521982 0.00581377 0.0105102 0.0195747 0.863241 0.0125326 0.0186383 0.020938 0.00708547 0.00654145 
7.2162e-09 6.21141e-06 1.45717e-05 1.98294e-05 0.00030933 0.00261959 0.00817506 0.0144912 0.0202056 0.028153 0.631715 0.0370576 0.0286168 0.0250265 0.0244353 0.0212227 0.0206636 0.0180906 0.0205024 0.0182973 0.0193033 0.0155054 0.0161615 0.0174716 0.0119363 
2.1918e-07 7.24699e-06 5.52297e-08 8.26687e-09 1.18752e-07 3.2904e-07 8.08325e-07 1.23456e-07 1.07464e-07 4.80003e-07 2.72639e-07 2.36166e-06 5.51385e-06 6.58567e-07 4.00685e-06 2.05904e-06 4.25711e-06 1.07746e-05 3.24645e-06 3.26149e-06 2.35256e-06 0.000326615 0.000827689 0.99081 0.00798711 
8.40043e-13 8.4126e-12 1.51781e-10 8.02814e-11 4.84483e-10 7.10931e-10 5.64697e-08 1.31214e-07 1.1024e-07 4.20409e-06 1.16559e-05 1.49323e-05 0.000233133 0.000428913 0.000630656 0.000802893 0.00094775 0.00149403 0.00209526 0.00417277 0.941603 0.017189 0.0204226 0.00605784 0.00389138 
8.56932e-12 2.78294e-11 1.47221e-09 4.32191e-08 8.0235e-09 4.56904e-08 2.13892e-06 2.67665e-05 0.00014861 0.000719193 0.00121738 0.00230664 0.00271992 0.00300048 0.00258789 0.00284413 0.0031315 0.0036217 0.00444452 0.00420894 0.00788398 0.0209015 0.913197 0.0176067 0.00943139 
7.63625e-10 5.47739e-09 9.1842e-08 1.02882e-06 2.44024e-06 9.18337e-05 0.000403171 0.000996705 0.00433538 0.00861791 0.0128427 0.013351 0.0143113 0.0142947 0.0164938 0.775153 0.0243175 0.028154 0.00978193 0.0102681 0.00967628 0.0113086 0.0130707 0.0181 0.0144282 
5.01595e-05 0.00081513 0.00850857 0.0230783 0.0283957 0.0582824 0.0458861 0.0566923 0.0672884 0.0706857 0.0516068 0.0570731 0.0610358 0.0477464 0.0409101 0.0350723 0.0347254 0.0501358 0.0583872 0.0416304 0.043541 0.0523663 0.0313821 0.021175 0.0135297 
0 0 0 0 0 0 0 0 0 0 0 0 0 0 0 2.86897e-13 3.28592e-11 1.3059e-10 1.54622e-10 7.45249e-05 0.000231817 0.000368186 0.000551369 0.000845275 0.997929 
8.46499e-12 3.30309e-13 2.45125e-10 1.01275e-11 2.49663e-08 1.42194e-08 2.90584e-08 7.95078e-08 5.54498e-10 1.06595e-07 8.13791e-07 9.55517e-08 4.73295e-07 1.33447e-06 3.12346e-07 2.45317e-06 4.41135e-07 2.57201e-06 5.67139e-07 7.27233e-07 1.3792e-06 3.31321e-06 1.22519e-05 5.70779e-06 0.999967 
3.7742e-09 2.93049e-06 1.10387e-05 2.66128e-05 9.61539e-05 0.000621844 0.00149253 0.00224066 0.00309269 0.00451514 0.00522076 0.00561845 0.00742137 0.00624497 0.00639295 0.00600102 0.00668882 0.0107052 0.0185441 0.0149111 0.83658 0.0264212 0.0237687 0.00816181 0.00521999 
2.61169e-11 9.61307e-11 3.88572e-08 2.05975e-07 5.96112e-08 2.68108e-07 1.11571e-05 0.000107114 0.000527851 0.00191157 0.00358854 0.00673853 0.00785903 0.00885585 0.00935462 0.0101369 0.801684 0.0583305 0.0229688 0.00893265 0.0069254 0.00837052 0.0181179 0.0157998 0.00977869 
6.22731e-18 5.18225e-15 2.87053e-14 5.95677e-14 1.49544e-13 3.36932e-13 3.93908e-13 3.45434e-11 7.10901e-13 2.29676e-10 8.78183e-13 4.26323e-11 2.37059e-09 4.88011e-09 9.25996e-09 1.51519e-08 2.94866e-08 7.14008e-08 4.71545e-08 7.86472e-08 3.32244e-07 7.25601e-05 0.000159435 0.00142336 0.998344 
6.40959e-12 2.42471e-11 1.83109e-09 8.96857e-08 3.08562e-08 1.70737e-07 1.84606e-06 1.72242e-05 0.000174361 0.000520436 0.000891727 0.00157749 0.0019463 0.00197516 0.00190987 0.00217935 0.00309925 0.00425574 0.00577246 0.00586653 0.00598279 0.00729807 0.938733 0.0153505 0.00244717 
6.93486e-16 2.86167e-14 1.75877e-13 6.04123e-12 7.32011e-12 7.71273e-12 1.30033e-10 3.19154e-10 3.37826e-10 3.05787e-09 2.53392e-09 2.10207e-09 2.01635e-07 2.70504e-08 5.71327e-08 2.03271e-07 3.28014e-07 2.05613e-06 2.41961e-06 5.52681e-06 1.29872e-05 0.000488856 0.00105591 0.98889 0.00954147 
7.24714e-17 6.03051e-14 3.34043e-13 6.94233e-13 1.74029e-12 3.92095e-12 1.31065e-10 3.78508e-10 8.35247e-12 5.60084e-09 2.19854e-11 1.05359e-09 2.66005e-08 5.93095e-08 1.2047e-07 2.06815e-07 4.09893e-07 1.07003e-06 6.83237e-07 1.07321e-06 4.98075e-06 0.000544716 0.00173099 0.989868 0.0078477 
8.84043e-07 1.32246e-05 1.93139e-05 6.06422e-05 0.000212852 0.00125289 0.00397283 0.010144 0.016868 0.0213572 0.0211734 0.0236853 0.0294121 0.660562 0.0267475 0.0210875 0.0205874 0.0207579 0.0214181 0.0187286 0.0184096 0.0166651 0.0165034 0.0177757 0.0125849 
1.49442e-09 2.56215e-06 2.64226e-06 3.4421e-06 2.90256e-05 0.000141951 0.000590341 0.00130543 0.00208365 0.00294956 0.00374942 0.00385255 0.00487108 0.00393313 0.00461216 0.00515675 0.00607934 0.739752 0.0227602 0.0339753 0.0363738 0.0464267 0.0542382 0.0171424 0.00996861 
6.72907e-11 1.45634e-09 1.31985e-08 2.71756e-07 1.04956e-07 4.2068e-07 1.0586e-05 0.000111973 0.000545383 0.00230606 0.00426619 0.00761548 0.00869156 0.00925948 0.0102437 0.819858 0.0433281 0.0303982 0.00725882 0.00774935 0.00662534 0.00736113 0.0120801 0.0122385 0.0100513 
4.07371e-09 3.81239e-06 5.07166e-06 1.30836e-05 8.68259e-05 0.000521788 0.00174593 0.00406739 0.00790478 0.0139289 0.408672 0.0143108 0.0137166 0.0114215 0.0125234 0.0118981 0.0109462 0.0100889 0.0130936 0.0116807 0.398484 0.0199075 0.0170021 0.0103326 0.0076451 
1.95175e-09 2.47562e-06 2.96925e-06 8.5697e-06 4.53087e-05 0.000320029 0.000929523 0.00181959 0.00265114 0.00396685 0.00455861 0.00477942 0.00601819 0.00517147 0.00554768 0.00546918 0.00611562 0.00866567 0.0167929 0.0123252 0.0156123 0.867015 0.0210918 0.00770619 0.00338435 
1.01115e-09 1.60413e-06 1.79906e-06 4.39379e-06 3.99367e-05 0.000215172 0.000895562 0.00269505 0.00750036 0.0122519 0.0162819 0.0162336 0.0186126 0.0207158 0.745872 0.0184269 0.0177538 0.0219939 0.0153946 0.0134295 0.0136128 0.0133387 0.0148172 0.016137 0.0137746 
1.79724e-12 1.36212e-11 5.51112e-08 2.42313e-10 8.24057e-09 3.48058e-08 1.68287e-07 2.93112e-07 2.34293e-07 8.93964e-05 6.92129e-05 9.6436e-05 0.000451756 0.000788841 0.00129044 0.00192843 0.00780279 0.914358 0.0282739 0.00599554 0.00274285 0.00442167 0.0135693 0.0111714 0.00694904 
1.3307e-07 1.81057e-06 4.12315e-07 1.87023e-05 2.14967e-05 0.000199517 0.0002747 0.000339013 0.000372615 0.000308444 0.000280854 0.000685388 0.00106875 0.00133476 0.00150441 0.00192565 0.00184035 0.00206529 0.00261633 0.0024806 0.00449 0.921401 0.037637 0.0144214 0.00471159 
2.16684e-11 9.96216e-10 4.84196e-07 5.63178e-07 6.20223e-06 8.65313e-05 0.000325543 0.000690426 0.00156955 0.00227357 0.00323553 0.00332869 0.00368736 0.00334218 0.00389352 0.00433592 0.00501798 0.00658225 0.00990569 0.0088793 0.0104064 0.872236 0.037619 0.0171234 0.00545344 
5.31488e-05 1.73715e-05 8.31988e-05 0.000150776 0.00025699 0.000407807 0.00102685 0.0032761 0.00894776 0.0130245 0.0152531 0.0166559 0.0184433 0.0175422 0.0211201 0.717696 0.0269735 0.0303534 0.0166465 0.0151593 0.0141795 0.013875 0.0159244 0.0185259 0.0144076 
6.20415e-10 4.14924e-09 1.8659e-08 1.71544e-07 1.09954e-07 2.95103e-07 2.66448e-05 0.000127094 0.000439357 0.00224329 0.00463222 0.00773927 0.00868724 0.00978405 0.0121419 0.828514 0.0302029 0.0285124 0.0068565 0.00714512 0.00641228 0.00670883 0.0109208 0.015696 0.0132096 
4.21967e-07 7.04884e-06 1.6132e-05 6.99006e-05 1.62827e-05 3.06616e-05 8.00895e-05 9.69008e-05 0.000202143 0.000221859 0.00020653 0.000317081 0.000363987 0.000334481 0.000412243 0.000379431 0.000322711 0.000527287 0.000166442 0.000271566 0.000394963 0.0006388 0.000779319 0.990974 0.0031697 
1.32296e-10 4.14927e-10 1.53278e-07 8.19171e-07 1.63587e-05 0.0002113 0.000811347 0.00115709 0.0017533 0.00221115 0.00358972 0.00347733 0.00381542 0.00336991 0.00339909 0.0040341 0.00467649 0.00605456 0.00827141 0.00826369 0.0110554 0.870858 0.0373791 0.018541 0.00705306 
5.50708e-12 2.84275e-11 4.61291e-08 1.43178e-08 9.32474e-09 3.15489e-08 2.85904e-07 1.39654e-05 6.28083e-05 0.000295611 0.000533409 0.000939908 0.0010034 0.00129723 0.00175566 0.00426349 0.85086 0.0561304 0.0278053 0.00435352 0.00322369 0.00488483 0.0176689 0.0152552 0.00965186 
7.24815e-10 4.79163e-09 2.73671e-08 3.15835e-07 1.99506e-07 4.17052e-06 3.48516e-05 0.000277371 0.00095906 0.00312922 0.00554369 0.00854286 0.009843 0.0108714 0.0139258 0.816749 0.0246017 0.0295126 0.00770914 0.00810258 0.00701395 0.00775975 0.0137121 0.0185462 0.0131614 
4.57344e-08 2.06147e-07 1.33015e-06 3.10675e-06 9.2031e-06 7.59645e-05 0.000240295 0.000410865 0.00116559 0.0018737 0.00307629 0.00295789 0.00329846 0.00341447 0.00367042 0.00381003 0.00467088 0.00582324 0.00884482 0.00843856 0.00952527 0.0235512 0.89638 0.014347 0.0044108 
2.76436e-09 4.39338e-06 5.5529e-06 8.44726e-06 9.78976e-05 0.000650408 0.0021414 0.00474526 0.00982809 0.0148809 0.0175629 0.0184158 0.0240721 0.722448 0.0223923 0.0170273 0.0173722 0.0173204 0.0171229 0.0145835 0.0145948 0.0138484 0.015471 0.0198561 0.0155496 
2.31394e-07 2.95226e-06 2.30864e-05 0.000263565 0.00048618 0.000436019 0.000425666 0.000630912 0.00167025 0.000640915 0.000704031 0.000880682 0.00175663 0.000905323 0.0137697 0.00215452 0.00727805 0.00488895 0.00591216 0.00612286 0.00382687 0.00731121 0.00887217 0.929046 0.00199076 
1.85861e-09 2.84574e-08 3.98903e-07 1.90039e-06 4.83597e-06 5.94763e-05 0.000318077 0.000857133 0.00299982 0.005856 0.00829232 0.00868071 0.00975146 0.0110495 0.435904 0.0120553 0.0128789 0.0151191 0.00735072 0.00671573 0.00725957 0.00991145 0.419735 0.016128 0.00907123 
2.84668e-09 3.76521e-06 6.14447e-06 1.89846e-05 0.00011169 0.000603626 0.00223471 0.0073912 0.0138871 0.018025 0.0181537 0.0220872 0.0281612 0.691221 0.0235034 0.0183118 0.0190525 0.01978 0.0186707 0.016334 0.0168591 0.0151317 0.0149091 0.0206342 0.0149085 
4.16816e-10 1.36275e-07 8.20716e-06 3.91748e-06 5.89909e-05 0.000365514 0.00109676 0.00239231 0.00417964 0.00793156 0.0113353 0.0127993 0.0153705 0.0147939 0.015488 0.0152144 0.713123 0.0606546 0.0308964 0.0151273 0.013497 0.0154414 0.0211522 0.0185022 0.0105674 
1.39531e-17 1.16097e-14 6.43225e-14 1.36531e-13 3.38163e-13 7.57704e-13 4.28364e-11 6.69472e-11 1.83854e-12 1.14638e-09 3.623e-11 3.14659e-10 4.7491e-09 1.12949e-08 2.4361e-08 4.44126e-08 1.01024e-07 2.69428e-07 1.79873e-07 2.92964e-07 8.21184e-07 0.000221723 0.000581655 0.992174 0.00702137 
4.87083e-15 1.14743e-13 3.37104e-12 1.90416e-12 4.16185e-12 9.25785e-12 7.22162e-10 8.97601e-10 4.35706e-10 1.5548e-08 3.82741e-09 1.26307e-08 6.91136e-08 1.66256e-06 7.48782e-07 8.8306e-06 1.8517e-05 2.16489e-05 5.25688e-05 9.12215e-05 0.000175795 0.00275729 0.980332 0.0143356 0.00220389 
2.49043e-11 1.03849e-09 5.12966e-07 6.20528e-07 1.22619e-05 0.000125931 0.000461974 0.000876082 0.00177686 0.00237823 0.00331449 0.00338427 0.00373946 0.00336586 0.00392417 0.00474153 0.00649667 0.0101595 0.0170717 0.019462 0.0196428 0.0288881 0.829353 0.0247995 0.0160242 
1.24695e-09 2.12374e-06 2.29084e-06 2.91164e-06 2.59368e-05 0.000127408 0.000566855 0.00120531 0.00199469 0.00286804 0.00378632 0.00380932 0.00478879 0.00398065 0.00465462 0.00496618 0.00553965 0.00759995 0.0151789 0.0123444 0.860505 0.0310188 0.0232656 0.0077587 0.00400757 
3.89838e-15 6.42721e-12 6.91768e-12 1.09542e-11 8.42749e-11 6.66005e-10 2.54708e-09 5.67811e-09 1.36788e-08 2.42265e-08 3.61906e-08 3.88237e-08 4.38194e-08 3.9927e-08 4.28675e-08 5.01265e-08 1.76138e-06 2.05873e-07 2.89984e-06 2.29897e-07 4.91775e-07 3.01205e-05 0.000168432 0.000319455 0.999476 
4.13283e-26 3.44233e-23 1.90798e-22 3.96472e-22 4.83065e-21 3.87432e-20 1.52902e-19 8.94571e-12 4.1206e-15 7.98733e-12 1.01978e-14 4.07514e-12 8.11594e-10 1.88721e-09 2.87041e-09 7.52539e-09 2.6973e-08 7.67884e-08 6.56077e-08 1.42044e-07 2.04585e-07 0.000121184 0.000178128 0.993394 0.00630649 
2.19087e-10 1.52398e-09 5.05339e-07 1.33393e-06 1.20861e-05 0.000137893 0.000481594 0.0011667 0.00428552 0.0086054 0.0123483 0.0128383 0.0138316 0.0136061 0.0141594 0.0166904 0.0369988 0.708626 0.0337447 0.0297822 0.0151148 0.0150863 0.0255522 0.0207442 0.0161854 
3.00154e-07 3.93736e-06 3.03522e-05 0.000321018 0.000601936 0.000572725 0.000596983 0.000908238 0.00238201 0.000964088 0.0010424 0.00156833 0.00253277 0.00159674 0.0220874 0.00799997 0.858289 0.0360529 0.0077213 0.0083699 0.00435427 0.00657094 0.0134493 0.0129308 0.00905273 
5.51683e-12 6.9053e-11 2.40072e-09 4.46169e-08 2.71995e-08 5.23058e-07 4.45816e-06 4.00307e-05 0.000220756 0.000376531 0.000795173 0.00132423 0.0017106 0.00190277 0.00194725 0.00215893 0.00293071 0.00451602 0.00836676 0.0114797 0.00956079 0.0174595 0.911924 0.0187081 0.00457317 
0 0 0 0 0 0 0 0 0 0 0 0 0 0 0 1.90867e-13 2.66207e-10 2.21907e-06 3.29629e-07 1.77588e-05 0.000182391 0.00030392 0.000514166 0.996741 0.00223804 
1.8734e-12 8.41659e-12 2.50355e-10 3.21529e-09 6.8514e-10 8.60661e-10 9.27683e-08 6.65282e-07 3.32958e-06 6.03726e-05 0.000228109 0.000265442 0.000583096 0.000734017 0.000854803 0.00112928 0.00117865 0.00202807 0.00332342 0.00696384 0.920359 0.023145 0.0275565 0.00726046 0.00432569 
8.81167e-12 1.7408e-10 1.29525e-08 1.87898e-07 3.32239e-07 1.69236e-05 1.23826e-05 7.1504e-05 0.000371906 0.000935926 0.00115312 0.0020063 0.0024556 0.00225775 0.00229076 0.00251325 0.00337604 0.00640953 0.00835839 0.884729 0.0214819 0.0220999 0.026233 0.00741901 0.0058075 
3.65985e-09 2.89214e-06 1.12907e-05 2.35145e-05 8.66795e-05 0.000557117 0.00138602 0.00218787 0.00299075 0.00443803 0.00519195 0.0054797 0.00732293 0.00623933 0.00638639 0.00590386 0.00666214 0.0103069 0.0175811 0.0127943 0.0141614 0.838528 0.0355432 0.0110811 0.00513354 
5.69043e-09 6.99999e-06 9.79801e-06 2.31402e-05 0.000155374 0.00112661 0.00386038 0.00794526 0.0129486 0.0185331 0.0213504 0.0214531 0.0242678 0.0241806 0.683822 0.0212542 0.0196724 0.0241001 0.0199278 0.0171437 0.0172306 0.0165184 0.0158863 0.0157503 0.0128337 
8.31184e-11 9.89583e-10 4.35256e-07 1.79273e-06 7.80632e-06 0.000196864 0.000774564 0.00242902 0.00695156 0.0113018 0.0153857 0.0151827 0.0174332 0.0183836 0.0204184 0.0175132 0.0197894 0.0179718 0.011867 0.0120497 0.0110273 0.0128918 0.0168954 0.757618 0.0139093 
1.20909e-11 1.28262e-10 1.62875e-08 2.03771e-07 2.89566e-07 2.18973e-05 8.25757e-05 0.000153099 0.000609769 0.00138583 0.00226792 0.00255277 0.00291087 0.00255065 0.00254511 0.00308911 0.00402937 0.00586 0.00851058 0.824428 0.0461701 0.0371401 0.0373001 0.0118745 0.00651704 
1.05754e-07 1.31548e-06 1.00143e-05 0.000138262 0.000247333 0.000205731 0.000183123 0.000305285 0.00101141 0.00204618 0.00458677 0.000691427 0.00153555 0.00111215 0.00947415 0.00214697 0.00523209 0.00437365 0.00780079 0.00620824 0.00497066 0.014252 0.914298 0.0147396 0.00442969 
3.79394e-11 2.17865e-10 1.995e-08 4.48194e-07 2.95685e-07 1.81915e-05 1.11977e-05 0.000208127 0.00100313 0.00360899 0.00583796 0.00915172 0.0100273 0.00996184 0.0106433 0.0141325 0.832494 0.0333661 0.00803412 0.00888784 0.00747032 0.00861526 0.0133411 0.0130814 0.0101047 
8.31888e-14 6.49991e-13 1.38615e-11 7.06833e-12 8.22601e-11 4.09237e-11 4.1132e-09 7.39667e-09 8.14486e-09 3.88042e-08 1.96405e-08 9.53392e-08 3.65552e-06 1.41106e-05 2.75731e-05 0.00010731 0.00014082 9.60161e-05 0.00018256 0.000323657 0.000565963 0.00440662 0.973517 0.0147818 0.00583258 
1.51796e-09 1.25243e-06 2.68525e-06 5.09222e-06 8.05584e-05 0.000395836 0.00145551 0.00373463 0.00763268 0.011809 0.0157106 0.0161067 0.0188869 0.0171187 0.0202763 0.726808 0.0256504 0.0292594 0.0161163 0.0148393 0.0138475 0.0134842 0.014418 0.0179556 0.0144054 
3.69041e-09 2.65979e-06 1.27309e-05 2.78069e-05 9.87877e-05 0.000616599 0.00154264 0.00235275 0.00317858 0.00471472 0.00542585 0.0057735 0.00784532 0.00693439 0.00659406 0.00608872 0.00682594 0.0106065 0.0184648 0.0144685 0.0210037 0.843014 0.0222603 0.00850095 0.0036458 
1.41743e-11 6.18916e-11 2.43532e-09 2.4873e-08 1.78304e-08 7.64625e-08 1.21922e-06 8.86218e-06 0.000102966 0.000429634 0.0014379 0.0036485 0.00519002 0.00622611 0.00749305 0.0091133 0.843058 0.0515719 0.0138549 0.00646995 0.00616272 0.00703895 0.0157847 0.0139503 0.00845702 
0 0 0 0 0 0 0 0 0 0 0 0 0 0 0 0 0 0 0 0 0 0 0 0 1 
2.28192e-11 9.07875e-10 5.91216e-07 6.36243e-07 6.74783e-06 0.000100823 0.000334303 0.000821307 0.00175728 0.00250249 0.00340134 0.0034476 0.00381859 0.00344031 0.00403236 0.00441461 0.0051279 0.00685585 0.0102222 0.00932207 0.0112023 0.024964 0.877828 0.0179072 0.00849115 
5.526e-09 2.47525e-06 3.2577e-06 5.70398e-06 4.69001e-05 0.000295007 0.00112518 0.00312046 0.00792833 0.0124524 0.016364 0.0161485 0.017459 0.0171313 0.0227809 0.725759 0.0261741 0.0305629 0.0127856 0.0128139 0.0124411 0.0136796 0.0156396 0.0199089 0.0153721 
0 0 0 0 0 0 0 0 0 0 0 0 0 0 0 2.71466e-13 3.04916e-11 1.12363e-10 1.33481e-10 2.01078e-10 3.50954e-10 1.63916e-05 8.5487e-05 0.000525963 0.999372 
3.56252e-09 2.30139e-06 2.19128e-06 4.35293e-06 8.97175e-06 0.000154617 0.000552319 0.00263241 0.00850405 0.0123476 0.0172837 0.775574 0.0244458 0.0150444 0.0145735 0.0148961 0.0164957 0.0127719 0.0117783 0.0121998 0.0119511 0.0107087 0.0102251 0.0146412 0.013202 
1.51328e-11 8.77264e-11 3.22338e-08 2.39627e-07 6.04842e-07 4.73038e-05 0.000178114 0.000331226 0.0010986 0.0017433 0.00292234 0.00283387 0.00317804 0.00279928 0.00293637 0.00373831 0.00448204 0.00569649 0.00852281 0.00796437 0.0098199 0.885411 0.0397449 0.0114876 0.00506287 
1.52525e-10 2.60767e-10 1.08327e-07 5.34719e-07 1.05834e-05 0.000160501 0.000535538 0.00066959 0.00125262 0.00197844 0.00304911 0.00306575 0.00344154 0.00291174 0.00297756 0.00364149 0.00447631 0.00594734 0.00814847 0.0085087 0.88873 0.0281999 0.0213355 0.00704826 0.00391081 
1.50383e-09 2.43814e-06 3.23856e-06 2.23073e-05 0.000166806 0.00040482 0.00102275 0.00202478 0.00268628 0.00350158 0.00443387 0.00448523 0.00610003 0.00469005 0.00518637 0.00533242 0.00573843 0.00787409 0.0160104 0.0114588 0.0126345 0.846838 0.0366281 0.0169208 0.00583425 
1.69734e-11 6.50177e-10 1.49545e-08 9.32868e-08 1.81338e-06 1.71353e-05 6.27812e-05 0.000154623 0.000321709 0.000345302 0.000398856 0.000667876 0.000813914 0.000906078 0.000919995 0.000912366 0.00123944 0.00189934 0.00307892 0.00287016 0.00305882 0.00568709 0.957543 0.0127484 0.00635227 
1.9789e-11 7.44424e-10 5.25488e-07 5.41159e-07 2.99921e-06 7.75696e-05 0.000268113 0.000539153 0.00144529 0.00218066 0.00319179 0.00312068 0.003491 0.00311816 0.00355138 0.00418427 0.00484628 0.00661825 0.0110276 0.0131103 0.0171073 0.0304523 0.859818 0.0196329 0.0122153 
9.17602e-06 0.00013345 0.00154606 0.00449154 0.00549164 0.00839991 0.0114015 0.0102487 0.0114016 0.0099041 0.013158 0.0120211 0.0121264 0.0130512 0.0367201 0.0126023 0.0178168 0.0200542 0.0293726 0.0196196 0.0208642 0.0187733 0.0181661 0.683892 0.00873484 
7.74566e-11 8.32481e-09 2.18156e-06 3.56561e-06 9.17408e-05 0.000481756 0.000808726 0.001127 0.00200814 0.00277177 0.00385686 0.00382726 0.00429268 0.00387259 0.00447798 0.00479451 0.00558092 0.00712675 0.0125084 0.0120466 0.0173525 0.840397 0.0445324 0.0192421 0.00879697 
4.95111e-08 2.50271e-06 4.2406e-06 1.11537e-05 5.46777e-05 0.000357197 0.000992527 0.00185975 0.0026515 0.00397939 0.004591 0.00464691 0.00597586 0.00628659 0.00631074 0.00585228 0.00651755 0.0112189 0.0208188 0.842714 0.0146157 0.025443 0.0208674 0.00749607 0.00673163 
0 0 0 0 0 0 0 0 0 0 0 0 0 1.39708e-14 4.36659e-11 1.37751e-09 4.89407e-09 1.01337e-05 1.92758e-06 0.000189686 0.000539653 0.00080474 0.00131409 0.00148057 0.995659 
1.2438e-09 1.96594e-06 2.48266e-06 5.72159e-06 5.55423e-05 0.000253641 0.000811298 0.00187185 0.00248425 0.00333425 0.00421531 0.00422067 0.00561965 0.00459209 0.00519057 0.00532792 0.00583239 0.00877462 0.0178724 0.794805 0.0463736 0.0329914 0.0366833 0.0118965 0.00678406 
0 0 0 0 0 0 0 0 0 0 0 0 0 0 0 0 0 0 0 0 0 0 0 0 1 
7.93794e-14 5.06331e-13 1.38853e-11 9.43031e-12 1.68866e-11 3.2806e-11 3.56294e-09 8.69393e-09 7.56765e-09 5.3589e-08 3.33267e-08 1.26159e-07 2.19476e-06 1.67848e-05 3.12103e-05 5.89275e-05 9.55278e-05 0.000261998 0.000294207 0.00127056 0.945165 0.0219609 0.0214466 0.00604257 0.00335334 
1.40151e-10 1.31423e-09 2.09667e-08 2.35914e-07 1.07403e-07 2.8229e-06 1.11456e-05 0.000103933 0.000475672 0.00253808 0.00469512 0.00753038 0.00864359 0.00961556 0.1148 0.118583 0.0240606 0.619924 0.0175854 0.0145766 0.00691325 0.00856957 0.0162195 0.0143696 0.0107818 
2.35075e-07 1.1048e-06 7.58809e-06 1.71793e-05 4.84935e-05 0.000156855 0.000377331 0.000659727 0.00154145 0.00332774 0.00569814 0.00719762 0.00878464 0.0187942 0.811571 0.0133598 0.0149766 0.0189988 0.00900187 0.00793866 0.00762298 0.0352956 0.0108977 0.012807 0.0109182 
1.22818e-09 2.07673e-06 2.48917e-06 3.23276e-06 3.4888e-05 0.000157747 0.000656593 0.00142367 0.0021949 0.00306877 0.0040357 0.00419232 0.00529031 0.00436998 0.00501003 0.00519308 0.00561529 0.00777296 0.0161278 0.0113399 0.0124819 0.856645 0.0381429 0.0112083 0.0050303 
1.11457e-09 1.87717e-06 2.02447e-06 2.52575e-06 1.56432e-05 0.000118978 0.000474863 0.00106545 0.00175569 0.002477 0.00321221 0.00319726 0.00385789 0.00333842 0.00384101 0.00434118 0.00610363 0.264861 0.630435 0.0200835 0.0094436 0.0119889 0.0147552 0.00821068 0.00641602 
4.08667e-08 2.82186e-06 8.19754e-06 1.38569e-05 6.42404e-05 0.000357452 0.000899687 0.0017943 0.00261789 0.0038433 0.00443922 0.00456253 0.00579104 0.004899 0.00532397 0.00565497 0.00750853 0.0179473 0.857068 0.0173388 0.012347 0.014723 0.0160001 0.0095364 0.00725788 
1.51169e-09 2.54877e-06 2.90745e-06 4.81777e-06 4.21913e-05 0.000243956 0.000946155 0.00159437 0.002321 0.00326259 0.00429033 0.00422007 0.00485839 0.00431429 0.00497662 0.00502502 0.00576144 0.00758387 0.0124825 0.011656 0.854474 0.0386065 0.0220214 0.00795599 0.00335256 
0 0 0 0 0 0 0 0 0 0 0 0 0 2.52951e-15 7.9169e-12 5.34016e-10 1.54836e-09 6.47582e-09 7.54002e-09 1.41162e-08 1.38562e-07 2.0983e-05 0.000149629 0.995833 0.00399636 
8.45597e-12 3.47722e-11 6.16903e-08 5.77775e-08 1.63636e-08 4.78527e-08 3.34679e-06 4.63229e-05 0.000264537 0.000923736 0.00106827 0.00132675 0.00169201 0.00283303 0.00289128 0.00473478 0.0112528 0.894307 0.0285533 0.00564335 0.00450541 0.00634595 0.013748 0.0120622 0.00779759 
5.94116e-11 3.45482e-10 8.69447e-08 7.99368e-07 1.25175e-06 0.000122038 0.000393402 0.000854799 0.00353804 0.00694195 0.011115 0.0123445 0.0131874 0.0124497 0.0131875 0.0174444 0.789278 0.0369622 0.0105678 0.0108689 0.009666 0.0110549 0.015116 0.0137725 0.0111325 
2.3288e-11 3.27098e-10 4.59168e-08 1.93207e-07 4.76706e-06 4.75616e-05 0.000223932 0.000370374 0.000576819 0.00111232 0.00144447 0.00202575 0.00331513 0.00409393 0.00591039 0.00749782 0.0105137 0.0102248 0.00688925 0.00677623 0.00677917 0.0110053 0.0110638 0.902687 0.00743741 
1.03223e-11 6.24944e-10 8.4956e-09 1.79557e-07 1.66302e-07 7.41096e-06 1.05742e-05 5.73549e-05 0.000379202 0.0011433 0.00156085 0.0023003 0.00259875 0.00232179 0.00245098 0.00270782 0.00386635 0.0047864 0.00685327 0.0073777 0.0102538 0.0238188 0.899479 0.0180057 0.0100204 
5.90064e-09 2.6982e-06 8.7183e-06 2.33488e-05 0.000412153 0.00153279 0.00254429 0.00299019 0.00357929 0.0039975 0.0056236 0.00536007 0.00593724 0.00496401 0.00566028 0.00582972 0.00633229 0.0108807 0.016428 0.850677 0.0123517 0.0183223 0.0218859 0.00769695 0.00695911 
1.30618e-09 2.15309e-06 2.29335e-06 3.63088e-06 2.59689e-05 0.00015215 0.000686793 0.00167986 0.00507589 0.00968959 0.0133719 0.0138302 0.015398 0.0148016 0.0154144 0.0171796 0.0350391 0.70605 0.0380073 0.0264739 0.0131372 0.0151256 0.0246193 0.0193316 0.0149027 
3.25634e-11 1.28812e-10 1.90731e-08 1.98666e-07 3.6051e-07 2.68199e-05 0.00010844 0.000152614 0.000744185 0.00256246 0.00521123 0.00772709 0.00888071 0.00939727 0.0103601 0.0135559 0.821833 0.0450432 0.0113423 0.00832894 0.00767973 0.00963468 0.0151763 0.0125973 0.00963698 
5.23663e-11 3.03057e-10 1.05073e-07 9.51648e-07 5.10832e-06 5.2511e-05 0.000311808 0.00171859 0.00435533 0.00737127 0.00823533 0.0108196 0.012263 0.0160473 0.806235 0.0148095 0.014697 0.020388 0.00958381 0.00982859 0.0103318 0.0105966 0.0131011 0.0156123 0.013635 
9.09664e-10 2.63433e-07 1.4892e-06 2.80511e-06 5.79047e-05 0.000287649 0.00130375 0.00390482 0.00786516 0.0127154 0.0167509 0.0163881 0.0187283 0.0173469 0.0206496 0.721549 0.0263917 0.0303576 0.0157835 0.0141726 0.013269 0.0131802 0.015298 0.0191072 0.0148884 
2.20222e-08 1.01609e-07 7.14686e-07 1.51465e-06 4.35937e-06 1.42677e-05 3.24463e-05 4.07535e-05 5.46207e-05 0.000218573 0.00018149 0.00040577 0.000603124 0.0015668 0.00156692 0.00311677 0.0166057 0.470505 0.457874 0.00425942 0.00295976 0.00661236 0.0142757 0.0113744 0.00772556 
3.6162e-09 2.7523e-06 1.85907e-05 4.35147e-05 0.000158229 0.000680812 0.00169792 0.00253956 0.00332592 0.00486344 0.00560863 0.00607514 0.00806289 0.0072045 0.00679853 0.00643939 0.00741372 0.0167775 0.816751 0.0339837 0.0143485 0.0189455 0.020797 0.00989251 0.00757096 
4.97434e-15 9.766e-12 1.12596e-11 8.88425e-11 6.9058e-11 1.40599e-10 2.51222e-09 1.63142e-06 1.25733e-08 3.63144e-08 1.01215e-07 3.66916e-06 8.33756e-06 4.15589e-07 1.21976e-06 1.8588e-05 1.74768e-05 4.23486e-05 5.60749e-05 3.871e-05 5.60744e-05 0.000204076 0.000650892 0.99195 0.0069502 
4.71002e-07 7.57325e-06 6.47755e-05 0.000430837 0.000704035 0.000881862 0.00133331 0.00184556 0.00562945 0.00916094 0.0128662 0.013479 0.0147157 0.0146161 0.0252346 0.735242 0.0286849 0.0301873 0.0172231 0.0150111 0.0134081 0.0128214 0.01563 0.0174079 0.0134143 
1.05515e-09 5.35694e-08 2.27884e-07 6.90161e-07 1.79718e-06 3.46053e-05 0.000143825 0.000343414 0.00149319 0.00373437 0.00676431 0.0087924 0.0100067 0.010464 0.0110708 0.0123145 0.0290082 0.756449 0.0365307 0.0268715 0.0121257 0.0147033 0.0248803 0.0195448 0.0147215 
2.58101e-07 2.87036e-06 1.45581e-05 0.000115557 0.000262985 0.000524265 0.00099745 0.00132101 0.00222871 0.00290176 0.00453536 0.00390622 0.00446317 0.0104499 0.0108273 0.00470915 0.00818153 0.00828793 0.0140926 0.0166351 0.0136632 0.0422954 0.82824 0.016652 0.00469148 
3.86112e-09 2.28641e-06 2.57375e-06 2.53039e-05 9.11602e-05 0.000181686 0.000522481 0.00115945 0.00208032 0.00290555 0.003819 0.00377958 0.00428261 0.00376063 0.00452092 0.00467119 0.0054816 0.0074179 0.0109916 0.0117411 0.872343 0.0264994 0.0216904 0.00769743 0.00433314 
1.51122e-09 2.57452e-06 2.50896e-06 3.13902e-06 1.23802e-05 0.000126555 0.000519078 0.00117207 0.00198425 0.00280401 0.00368771 0.00372336 0.00434134 0.00391781 0.00468761 0.004868 0.00556474 0.00769841 0.0137246 0.0123552 0.862646 0.0307856 0.0233842 0.00775887 0.00422993 
1.39521e-11 8.03274e-11 2.92929e-08 2.29416e-07 4.96195e-07 4.68311e-05 0.00017102 0.000258625 0.000896415 0.00150281 0.00261393 0.00267574 0.00307808 0.00266503 0.00271103 0.00338137 0.00418088 0.00535771 0.00785584 0.00753371 0.00946049 0.889212 0.0381808 0.0132797 0.00493711 
5.36749e-22 9.11507e-07 9.72478e-16 3.81678e-15 1.38218e-12 1.17885e-05 6.76412e-11 1.77295e-10 2.53863e-05 3.60164e-10 7.00818e-07 2.73997e-05 5.33349e-09 5.04755e-05 1.45182e-06 2.31124e-05 3.38467e-06 3.13231e-05 2.84755e-05 0.00010712 0.000196187 0.000319653 0.000389905 0.00117992 0.997603 
5.80194e-12 1.584e-10 4.67986e-08 1.45827e-08 2.15741e-08 1.17375e-07 8.24857e-07 5.77958e-06 7.00879e-05 0.000279861 0.000617643 0.00103271 0.00160502 0.00220519 0.00260918 0.00405629 0.0116322 0.898821 0.0274252 0.00610769 0.0053428 0.00653328 0.0133619 0.0114627 0.00683021 
2.4016e-11 3.43581e-08 4.1452e-08 1.08639e-07 4.21381e-06 2.08715e-05 8.11047e-05 7.09543e-05 0.000206504 0.000389885 0.000871171 0.0006396 0.00106349 0.00103618 0.000953118 0.00134708 0.0018166 0.00293888 0.00554689 0.00473677 0.00462018 0.00645373 0.00445534 0.952681 0.0100663 
3.19666e-12 1.683e-11 5.79436e-09 5.55122e-08 1.34523e-07 7.54443e-06 3.53281e-05 8.65785e-05 0.00022475 0.000291562 0.000430239 0.000493774 0.000756104 0.000822016 0.000811809 0.00095407 0.00125821 0.00213031 0.0035254 0.00342708 0.00359004 0.285972 0.00781531 0.681054 0.00631329 
1.55857e-07 1.45694e-06 2.16663e-05 0.000120087 0.000419323 0.00114867 0.00165444 0.00352646 0.00802498 0.0102304 0.0125194 0.0188647 0.766004 0.0204358 0.0170937 0.0111555 0.0153002 0.0115904 0.0120964 0.0112296 0.0105159 0.0198078 0.010911 0.0177758 0.0195523 
9.37431e-11 1.71613e-09 2.55519e-08 2.74624e-07 5.44235e-07 2.51114e-06 3.04508e-06 1.31467e-05 0.000120716 0.000791112 0.00206584 0.00509316 0.00618147 0.00717742 0.00831512 0.0123475 0.863552 0.0349799 0.00612918 0.00593049 0.00550301 0.00602036 0.0129442 0.0122892 0.0105398 
3.33906e-09 5.21663e-06 5.46151e-06 1.02384e-05 0.000144235 0.000574203 0.00232885 0.00450202 0.0101024 0.014397 0.0169614 0.0175563 0.0205991 0.0192204 0.0215027 0.0273209 0.0335921 0.0398314 0.0251177 0.0237171 0.0237293 0.0253408 0.0397131 0.0292845 0.604443 
1.03914e-11 8.71263e-11 8.24037e-09 1.79239e-07 1.72932e-07 6.53513e-06 1.2015e-05 7.46632e-05 0.000479659 0.00124256 0.00170947 0.00240598 0.00272521 0.00240213 0.00234974 0.00281282 0.00388705 0.00533084 0.00801702 0.0115417 0.887438 0.0270669 0.0277569 0.00814599 0.00459444 
1.28277e-09 2.09084e-06 2.11272e-06 3.94045e-06 1.0864e-05 0.000149133 0.000579137 0.00227273 0.00724298 0.0116419 0.0143184 0.0152484 0.0165087 0.0177335 0.752753 0.0223704 0.0206287 0.0258344 0.0123751 0.0117163 0.0122943 0.0125292 0.0153682 0.0156179 0.0127984 
5.92543e-17 4.26806e-14 4.1448e-13 3.80744e-11 4.41579e-11 4.19372e-11 3.54255e-10 1.23717e-09 2.10752e-09 6.07038e-09 2.36744e-08 8.46534e-09 1.27691e-06 4.60475e-08 8.74639e-08 1.641e-07 3.64681e-07 2.39769e-06 3.6985e-06 1.60197e-05 1.52074e-05 0.000533776 0.00129927 0.987563 0.0105647 
1.2868e-11 6.71292e-11 2.42476e-08 2.06687e-07 3.63201e-07 4.03046e-05 0.000130886 0.000174815 0.000749242 0.00139889 0.00244257 0.00262327 0.00298716 0.00263468 0.00263528 0.00325297 0.00405626 0.00527468 0.00779256 0.00756515 0.0106275 0.896825 0.0343643 0.00986787 0.0045563 
9.59156e-10 6.6805e-09 2.5697e-08 1.19909e-07 1.4365e-07 3.55152e-07 2.63172e-05 8.46996e-05 0.000271588 0.00118277 0.00288218 0.0058137 0.00724722 0.00827903 0.0128884 0.839088 0.0218129 0.0288647 0.0060511 0.00675891 0.00555632 0.00685963 0.0115389 0.0191051 0.0156877 
6.12422e-08 3.30319e-07 2.4525e-06 1.06535e-05 2.28487e-05 6.36373e-05 0.000122624 0.000322785 0.00117764 0.00361609 0.00625116 0.00893366 0.0102881 0.0145268 0.805784 0.0262571 0.020701 0.0242611 0.008253 0.00911459 0.00722304 0.0150585 0.0118203 0.0153473 0.0108413 
0 0 0 0 0 0 0 0 0 0 0 0 0 0 0 1.43711e-21 2.46053e-18 1.30311e-13 3.58035e-12 4.40032e-05 0.000225153 0.000309368 0.000370549 0.000371587 0.998679 
0.000141692 0.0010935 0.00550492 0.01425 0.0159283 0.0171226 0.0188376 0.0211113 0.020108 0.0208188 0.0208538 0.0184279 0.0179884 0.0231008 0.016475 0.0137974 0.0141762 0.0261576 0.0250615 0.0233806 0.0204487 0.0216418 0.598646 0.0157147 0.00921292 
2.26513e-16 2.99205e-14 1.63499e-13 4.57046e-13 9.83315e-13 2.03342e-12 9.76956e-11 1.79047e-10 1.67868e-11 2.7958e-09 5.03607e-10 1.07804e-09 1.42676e-08 2.83208e-08 6.07072e-08 1.12149e-07 2.66555e-07 6.8919e-07 4.68771e-07 7.67378e-07 2.06672e-06 0.000602376 0.00136387 0.986437 0.011592 
5.13092e-16 6.40214e-14 4.61306e-13 1.02439e-12 2.18502e-12 4.55857e-12 3.77064e-10 4.20908e-10 6.06834e-11 7.15012e-09 1.26087e-09 3.95934e-09 3.72507e-08 1.0105e-06 1.53238e-07 2.86639e-07 1.59613e-06 1.7685e-06 2.34416e-06 2.15656e-06 6.18937e-05 0.00165772 0.00505273 0.987726 0.00549272 
2.77658e-09 2.55964e-06 2.29563e-05 7.25927e-05 3.55303e-05 0.000169888 0.000573375 0.00233613 0.00760713 0.0120417 0.0147213 0.0156032 0.0167111 0.0164568 0.0204902 0.730695 0.0287249 0.031383 0.0128139 0.0127616 0.0124155 0.0127935 0.0161443 0.0199487 0.0154755 
2.62568e-11 6.11374e-09 5.44617e-07 7.9636e-07 3.18698e-05 0.000163293 0.000346252 0.000392864 0.00061547 0.000756513 0.00133416 0.00104573 0.00152372 0.00136841 0.00170923 0.00200226 0.00216716 0.00362938 0.00788049 0.00565956 0.00558634 0.00978039 0.0127099 0.938882 0.00241366 
6.69215e-09 2.72274e-06 1.19732e-05 0.000227058 0.000899547 0.00234817 0.00260108 0.00373323 0.00463839 0.00592403 0.0065511 0.00635374 0.00702155 0.00624239 0.00649226 0.00639797 0.00828547 0.0193257 0.83685 0.0155284 0.0124697 0.0144885 0.0158535 0.0102103 0.00754305 
1.05073e-17 8.74398e-15 4.84344e-14 1.00508e-13 2.52326e-13 5.68505e-13 6.64646e-13 5.73803e-11 1.20544e-12 8.2886e-10 1.76746e-12 7.6381e-11 3.92016e-09 8.03911e-09 1.54351e-08 2.47246e-08 4.95353e-08 1.42901e-07 9.20568e-08 1.5712e-07 4.55697e-07 9.03519e-05 0.000364233 0.992925 0.00661953 
3.61443e-11 4.39589e-10 1.1586e-07 1.21932e-06 5.43801e-07 9.04751e-09 6.50166e-06 3.48272e-05 6.61435e-05 0.000125385 0.00019475 0.000313326 0.000455861 0.000545714 0.000571638 0.00073602 0.0006713 0.0012246 0.00038019 0.000450096 0.000453269 0.0006848 0.00148711 0.00301551 0.988581 
2.15845e-06 1.75557e-05 0.000204579 0.000479642 0.000690839 0.00106109 0.00232518 0.00490828 0.00975056 0.0131382 0.0147932 0.0145672 0.016586 0.017164 0.383617 0.380769 0.0178781 0.0236849 0.0140939 0.0117494 0.0121692 0.012668 0.0151171 0.0180346 0.0145304 
