11986
1.67575e-11 8.4165e-10 3.23709e-09 1.61198e-08 2.64717e-07 5.10986e-07 1.27147e-06 1.9375e-06 1.67376e-06 2.58098e-06 3.88265e-06 5.81072e-06 1.36259e-05 1.5208e-05 1.981e-05 2.43206e-05 3.466e-05 2.62734e-05 3.23583e-05 1.56139e-05 1.88671e-05 1.79622e-05 2.00084e-05 3.04547e-05 0.999713 
8.23933e-10 9.15641e-09 1.20034e-06 1.09436e-06 1.42144e-05 6.02937e-05 0.000273335 0.000884061 0.00196102 0.00287572 0.00396915 0.00433713 0.00459697 0.00404394 0.00473615 0.00509356 0.00585904 0.00964063 0.0144293 0.811167 0.038751 0.0392114 0.0329902 0.00877999 0.00632355 
2.39467e-09 9.61298e-07 1.46673e-06 4.46115e-06 4.46327e-05 4.70459e-05 0.000157873 0.000453464 0.000686253 0.00122698 0.00199691 0.00175515 0.00292755 0.0020685 0.00238483 0.00248066 0.00288743 0.00472394 0.0125996 0.00816801 0.00927029 0.0112672 0.0116683 0.919187 0.00399143 
0 0 0 0 0 0 0 0 0 0 0 0 0 0 0 0 0 0 0 0 3.25215e-14 1.06135e-11 2.62178e-05 0.000209281 0.999765 
4.34838e-07 1.15288e-05 5.62273e-05 0.000218954 0.000489908 0.00110515 0.00211854 0.003491 0.00445179 0.00590225 0.00761369 0.00829856 0.010528 0.00865337 0.0110384 0.00821075 0.00852392 0.0136192 0.0246501 0.0248861 0.748921 0.0560272 0.0342913 0.0116719 0.00522046 
4.97268e-09 6.57587e-07 1.79104e-06 4.03983e-06 9.31629e-06 9.79837e-05 0.000482564 0.00241087 0.00813079 0.0142621 0.0165195 0.0180678 0.0181179 0.0183203 0.0204039 0.0231076 0.664651 0.0776156 0.0240258 0.0142827 0.0137801 0.0145314 0.0211369 0.0176339 0.0124054 
9.11732e-09 2.07544e-06 2.86722e-06 5.99876e-06 8.18933e-06 9.88092e-05 0.000520402 0.00316642 0.0104698 0.0146963 0.0176354 0.66863 0.0569699 0.0274582 0.0217893 0.0189212 0.0184145 0.0155213 0.0144929 0.0125257 0.0137516 0.0142736 0.0148781 0.0276817 0.0280863 
1.373e-14 1.50883e-13 3.75103e-13 5.78813e-13 1.02803e-12 1.96141e-12 6.2801e-11 7.74575e-11 7.53423e-12 5.39258e-08 5.22087e-10 2.25503e-09 1.97277e-08 4.09575e-08 1.11231e-07 1.33027e-07 5.62389e-07 2.00203e-05 1.47876e-05 2.5462e-05 6.87992e-05 0.000457004 0.0015795 0.989615 0.00821815 
0.000452792 0.00176402 0.00325157 0.00360822 0.00368523 0.00623296 0.00814156 0.0113778 0.012486 0.0126905 0.0145047 0.0130906 0.0162611 0.0115487 0.013324 0.0109349 0.0107003 0.0137238 0.0237952 0.0202927 0.706823 0.0345383 0.02847 0.0104402 0.00786163 
1.81107e-11 1.99025e-10 4.94785e-10 7.63308e-10 1.35597e-09 2.58565e-09 2.94356e-09 3.71742e-09 5.12717e-09 1.44183e-06 1.5894e-08 1.51767e-08 5.02603e-08 1.51518e-07 3.82568e-05 9.04205e-05 0.000147878 0.000287237 0.00012617 0.000135794 0.000205676 0.000379813 0.000573185 0.000582375 0.997432 
8.16855e-15 8.97666e-14 2.23166e-13 3.44411e-13 6.11615e-13 1.16716e-12 5.57325e-11 3.19649e-11 2.3732e-12 1.16154e-09 2.05852e-11 4.72594e-10 7.10351e-09 1.65122e-08 4.06179e-08 6.65457e-08 1.52627e-07 3.87517e-07 4.23177e-07 3.75607e-07 1.89315e-06 0.000212519 0.000871398 0.991178 0.00773446 
1.34841e-06 6.12e-06 3.23612e-05 0.000179928 0.000231388 0.0004074 0.00118838 0.0039259 0.0113718 0.0155957 0.0173075 0.020193 0.0205477 0.636854 0.0692952 0.025044 0.0200545 0.0290473 0.0186934 0.0155982 0.0174132 0.019739 0.019763 0.0218186 0.0156911 
1.53444e-08 4.56788e-06 6.58576e-06 1.77241e-05 0.000125702 0.000440859 0.0010112 0.00213907 0.00326189 0.00438829 0.00584259 0.00618307 0.00788375 0.00595761 0.00620462 0.0065364 0.0073711 0.0154462 0.79241 0.0451561 0.0191754 0.0259873 0.0276402 0.00904569 0.00776413 
5.25231e-10 2.14067e-09 6.89031e-08 3.19313e-07 6.35033e-06 1.34259e-05 4.5388e-05 0.000221913 0.000845265 0.00166457 0.00280825 0.003417 0.00364922 0.00304986 0.00347154 0.00391851 0.00482669 0.00600414 0.00885748 0.00919756 0.0144928 0.0322305 0.86641 0.0210006 0.0138683 
9.71786e-11 1.29984e-10 2.89746e-08 3.27064e-09 3.09876e-08 7.47711e-08 3.10531e-07 2.7037e-06 5.66679e-06 7.92384e-05 0.000219503 0.000832815 0.00116446 0.00151808 0.00185286 0.00217958 0.00271454 0.0109017 0.878805 0.0251301 0.0119942 0.0206576 0.0269416 0.00839683 0.00660276 
1.31381e-08 4.3558e-06 6.68968e-06 1.31933e-05 9.97534e-05 0.000306873 0.000871099 0.00200203 0.00308603 0.0041908 0.00570208 0.00593472 0.0076356 0.00569256 0.00633981 0.00644214 0.006894 0.0094579 0.0211003 0.0186521 0.810556 0.0381557 0.0317049 0.00919398 0.00595719 
1.06177e-14 1.12936e-13 3.73237e-13 4.71841e-13 1.08952e-12 1.93182e-12 8.06045e-11 4.64278e-11 1.5348e-11 1.60079e-09 6.85724e-10 1.05604e-09 1.13117e-08 2.20876e-08 6.21204e-08 9.26317e-08 2.58541e-07 1.03728e-06 9.24615e-07 4.55712e-06 3.14288e-05 0.00049147 0.00204817 0.00552103 0.991901 
4.66691e-05 0.000874514 0.00786282 0.0500997 0.109022 0.059065 0.0445772 0.0527324 0.0785621 0.0522533 0.0513254 0.0719265 0.0468323 0.0404425 0.0354113 0.0617952 0.0286145 0.0295108 0.0379985 0.0293333 0.0298536 0.0264363 0.0230246 0.018633 0.0137665 
1.02251e-08 1.11007e-06 5.30641e-06 5.92885e-05 0.000198876 0.000426839 0.000555137 0.000809434 0.00088177 0.00192889 0.00214097 0.00344388 0.00385133 0.00332954 0.00350434 0.00367297 0.00413447 0.00614148 0.0098954 0.190517 0.01832 0.702648 0.0298449 0.0101825 0.00350622 
1.25677e-05 9.4707e-05 0.0012961 0.00335365 0.00627205 0.00797117 0.0105313 0.0110285 0.012219 0.0160319 0.0191783 0.0181754 0.0185382 0.0159948 0.0162544 0.0161515 0.0137509 0.0272562 0.044548 0.62007 0.0359591 0.0322601 0.0306715 0.01304 0.00934099 
1.80027e-09 5.72824e-09 1.88981e-07 2.36278e-06 1.34378e-05 3.31628e-05 0.000172635 0.0010226 0.00213786 0.00441162 0.00861896 0.0110335 0.0121717 0.0125486 0.0140401 0.0199647 0.781281 0.0461935 0.0121012 0.0103434 0.00923734 0.0109278 0.01708 0.0143556 0.0123085 
2.38375e-08 6.73757e-06 1.14393e-05 2.33656e-05 0.000150098 0.000410155 0.00153059 0.00577279 0.0142927 0.0180099 0.0200403 0.0225686 0.0252637 0.0263956 0.664649 0.0251124 0.0214317 0.0272931 0.0236029 0.0166133 0.0180945 0.0178317 0.0182072 0.0189584 0.0137297 
7.24276e-05 0.00356896 0.00501232 0.00495241 0.00381255 0.00495569 0.00686833 0.00855412 0.00884357 0.0098682 0.00995719 0.00996332 0.0118957 0.00860643 0.0083229 0.00863826 0.00933401 0.0208389 0.0403346 0.74275 0.0165094 0.0189654 0.0180181 0.0114263 0.00793128 
1.69452e-07 2.15297e-06 1.33315e-05 0.000112911 0.000184516 0.000151702 0.000108664 0.000223269 0.000602744 0.000952553 0.00137481 0.00258564 0.00291528 0.00262199 0.0081656 0.00377757 0.00404394 0.00648359 0.00760412 0.0107575 0.871725 0.0323543 0.0302528 0.00764172 0.00534445 
8.17558e-09 1.00091e-07 3.73317e-07 1.19292e-06 8.7104e-06 9.29391e-06 4.8463e-05 0.00027892 0.00141039 0.00412211 0.00745558 0.0108781 0.0117253 0.0123512 0.0136917 0.016362 0.756224 0.0656541 0.0221187 0.0106147 0.0087949 0.0112508 0.0191228 0.0159736 0.0119031 
0 0 0 0 0 0 0 0 0 0 0 0 0 1.22461e-13 1.30581e-10 2.32912e-09 6.81564e-09 3.78959e-06 7.79172e-07 3.20026e-05 0.000168519 0.000250212 0.000423885 0.00129381 0.997827 
2.02313e-08 6.02069e-06 1.42125e-05 3.09227e-05 0.000173306 0.000709474 0.00158868 0.00274777 0.00377497 0.00518758 0.00676752 0.0072315 0.00947563 0.00695622 0.00721025 0.00707566 0.00750787 0.0117665 0.0219192 0.0185181 0.793619 0.041607 0.0304802 0.0100257 0.00560665 
1.65994e-08 4.74815e-06 5.20199e-06 8.97449e-06 1.16919e-05 0.000129918 0.000720527 0.003431 0.010282 0.0156094 0.0195752 0.0203227 0.023521 0.711578 0.0264369 0.0201074 0.0191043 0.0190171 0.0162906 0.0136731 0.0143899 0.0161298 0.0158964 0.0188725 0.0148816 
2.78749e-05 0.00145526 0.00232803 0.00438616 0.00429453 0.00595004 0.00702049 0.00857422 0.0083704 0.0100018 0.0108355 0.00981701 0.0131409 0.00950356 0.0095436 0.00959457 0.0172294 0.71603 0.0510374 0.0199827 0.0169538 0.0186865 0.0213211 0.0147762 0.00913877 
1.1408e-08 3.7361e-06 5.28697e-06 6.89294e-06 7.86781e-05 0.000130822 0.000645385 0.00172372 0.00264555 0.00368093 0.0047875 0.005194 0.00716579 0.00506918 0.00575233 0.00619946 0.00671724 0.0132244 0.0251477 0.828426 0.0173832 0.0238436 0.0267456 0.00827146 0.00715106 
7.14555e-08 1.04389e-05 3.06867e-05 5.36816e-05 0.000428521 0.0028359 0.00874852 0.017864 0.0233414 0.0337463 0.576563 0.0476847 0.0337218 0.0279132 0.0261278 0.025476 0.0237022 0.0193691 0.0245282 0.0201469 0.0202273 0.0170063 0.016874 0.0197249 0.0138749 
4.02564e-06 1.03222e-05 2.9176e-06 4.89455e-06 2.39675e-07 1.97143e-06 3.62791e-06 1.81937e-06 1.02557e-06 2.39412e-06 1.15452e-06 4.84255e-06 8.33863e-06 1.49548e-06 5.84792e-06 4.7106e-06 6.31204e-06 2.29274e-05 5.9099e-06 4.71385e-06 5.48797e-06 0.000370579 0.0013718 0.989996 0.0081567 
0.0216822 0.0393385 0.0525503 0.033706 0.0266623 0.034697 0.0487905 0.042528 0.0365254 0.0377907 0.0331696 0.0344831 0.0422549 0.0293328 0.0356575 0.0243014 0.175267 0.0675661 0.0404612 0.0315482 0.0368371 0.0233538 0.0235892 0.0163988 0.0115085 
9.62767e-12 4.13379e-11 2.58434e-10 2.04161e-10 8.86049e-10 1.81405e-09 7.84008e-08 1.36561e-06 2.29792e-07 4.33889e-06 1.28124e-05 2.76844e-05 0.000283334 0.000528346 0.000833259 0.00106823 0.0010221 0.00154147 0.00267782 0.00681462 0.914817 0.0295191 0.0286521 0.00748302 0.0047133 
3.97442e-10 3.316e-10 1.14215e-08 1.46003e-08 2.2606e-08 5.83656e-08 2.77458e-06 2.97777e-05 0.000186692 0.000774195 0.00148625 0.0027256 0.00300323 0.00354817 0.00338265 0.00368588 0.00365449 0.00397564 0.00524149 0.00573175 0.0128934 0.0332366 0.885517 0.0209642 0.00996038 
6.87962e-09 2.79769e-08 3.55427e-07 1.45212e-06 7.24315e-06 2.94784e-05 0.000209954 0.00106056 0.0048391 0.0102737 0.0145623 0.0157582 0.0163015 0.0166825 0.0209775 0.730112 0.0310291 0.03689 0.0130639 0.011712 0.01104 0.0131606 0.0152806 0.0206772 0.0163303 
2.73898e-05 0.000660304 0.00540359 0.0181398 0.0320324 0.0578931 0.0492087 0.0598172 0.0680834 0.0821552 0.0564786 0.0623729 0.0634604 0.0509867 0.0394541 0.0345104 0.0337666 0.0412327 0.0567029 0.0375703 0.0381476 0.0496607 0.0269005 0.0207449 0.0145895 
0 0 0 0 0 0 0 0 0 0 0 0 0 0 4.27275e-24 2.87119e-13 3.81559e-11 1.56538e-10 1.86843e-10 7.45757e-05 0.000234745 0.000371106 0.000558554 0.000846156 0.997915 
7.06999e-06 4.73347e-07 1.44092e-09 1.91566e-08 1.36323e-06 8.90074e-07 1.56784e-07 4.31396e-07 1.48265e-08 3.71717e-07 1.58535e-06 1.63366e-07 5.41204e-07 1.6231e-06 8.27495e-07 3.30305e-06 1.15213e-06 4.73441e-06 1.29423e-06 1.42924e-06 2.82247e-06 8.58604e-06 2.01908e-05 8.11285e-06 0.999933 
2.27356e-08 6.13719e-06 1.32861e-05 3.1323e-05 0.000170966 0.000736294 0.00166277 0.00287113 0.00385383 0.00524917 0.00686475 0.00737164 0.00961683 0.007216 0.00723323 0.00712899 0.00756072 0.0118671 0.0222814 0.0189942 0.795112 0.0375357 0.0308265 0.00966078 0.0061355 
1.15455e-09 1.098e-09 7.85638e-08 2.11408e-07 1.42172e-07 4.17674e-07 1.69183e-05 0.000129094 0.000725666 0.00239954 0.00428259 0.00791053 0.00904715 0.010572 0.0123332 0.0138549 0.750237 0.0777479 0.0311399 0.0106365 0.00792883 0.0107878 0.0214409 0.0173345 0.0114748 
4.74038e-06 0.000120665 0.00155525 0.00536995 0.0103087 0.0167696 0.0212887 0.0307866 0.0352809 0.0391162 0.0417079 0.0418419 0.0414997 0.0377107 0.0435915 0.044806 0.0400875 0.0551346 0.056423 0.043356 0.0404571 0.0328192 0.0382277 0.259967 0.0217689 
2.65897e-15 2.92203e-14 7.26431e-14 1.12067e-13 1.9908e-13 3.79619e-13 4.33059e-13 1.17055e-11 7.61725e-13 1.76954e-10 1.3561e-12 4.80868e-11 2.54846e-09 5.26937e-09 1.08874e-08 1.66248e-08 3.47107e-08 8.40496e-08 5.86375e-08 8.67323e-08 3.84777e-07 8.26876e-05 0.000248968 0.00153535 0.998132 
2.69731e-10 2.68918e-10 1.35511e-08 1.3393e-07 4.98907e-08 2.6287e-07 4.71164e-06 2.76116e-05 0.000212935 0.00067464 0.00103968 0.00221841 0.00237993 0.00231396 0.00258588 0.00299554 0.00384002 0.00523637 0.00725357 0.00755158 0.0075614 0.0104531 0.92297 0.0174176 0.00326265 
1.75718e-14 1.56396e-13 6.89772e-13 3.05661e-12 1.74533e-11 1.95107e-11 1.69969e-10 2.44901e-10 3.98583e-10 2.76275e-09 4.22095e-09 2.54807e-09 2.03429e-07 2.9648e-08 7.38127e-08 2.27476e-07 4.39191e-07 2.83579e-06 4.47123e-06 8.67499e-06 2.92988e-05 0.000559097 0.00167144 0.987961 0.00976269 
3.09072e-14 3.39648e-13 8.44386e-13 1.303e-12 2.31413e-12 4.41515e-12 1.51841e-10 1.28373e-10 8.94779e-12 4.36265e-09 6.17649e-11 1.36704e-09 2.85349e-08 6.39806e-08 1.48784e-07 2.36691e-07 5.18461e-07 1.33319e-06 1.24054e-06 1.32e-06 8.24848e-06 0.000698401 0.00265553 0.9883 0.00833262 
1.15586e-06 2.7714e-05 2.95764e-05 5.82996e-05 0.00033721 0.00142442 0.00445237 0.0118123 0.0199202 0.0236977 0.0251717 0.0278649 0.0356502 0.604605 0.0316527 0.0253336 0.0227007 0.0230883 0.0278706 0.0204963 0.0206375 0.0194201 0.0193448 0.0200553 0.0143476 
1.22689e-08 4.14668e-06 5.08643e-06 6.4836e-06 6.05995e-05 0.000111612 0.000539779 0.00147667 0.00240553 0.00342526 0.00433907 0.00478138 0.00619975 0.00452074 0.00522805 0.00580011 0.00675021 0.672276 0.0287442 0.0467586 0.0507522 0.057805 0.0673972 0.0194216 0.0111906 
2.02841e-09 8.20351e-09 6.85644e-08 2.76085e-07 1.7861e-07 5.73692e-07 1.59702e-05 0.000133287 0.000774141 0.00277891 0.00504836 0.00900236 0.0100143 0.0111627 0.01331 0.77123 0.0582424 0.0416513 0.010946 0.00900742 0.00765872 0.00924246 0.0146141 0.013707 0.0114594 
1.38064e-05 0.000119625 0.0021251 0.00485662 0.00885256 0.0110202 0.0141524 0.0161997 0.0173196 0.0223539 0.0255558 0.0246571 0.0223805 0.0197068 0.0199883 0.0191595 0.016229 0.02853 0.0474109 0.0394205 0.537667 0.0426478 0.0351978 0.0153098 0.00912536 
4.57786e-08 1.03893e-05 1.65876e-05 3.40812e-05 0.000213571 0.000790019 0.00262539 0.00679314 0.0126404 0.0219402 0.368179 0.0222782 0.0213008 0.0163308 0.0165737 0.0164471 0.0149745 0.013956 0.0217677 0.0168013 0.355228 0.0268342 0.021721 0.0129524 0.00959229 
1.52207e-08 5.17521e-06 7.69284e-06 1.66062e-05 0.000103432 0.000344446 0.0010139 0.00233908 0.00325031 0.00467684 0.006172 0.00638306 0.00817337 0.00623568 0.00646149 0.00662335 0.00702691 0.00967043 0.0204122 0.0147666 0.0226409 0.830478 0.0290195 0.00990359 0.00427516 
1.0679e-08 2.62181e-06 3.84686e-06 7.51068e-06 8.00814e-05 0.000141509 0.00068627 0.00307093 0.0086828 0.0143461 0.01869 0.0191078 0.0215284 0.0255494 0.69665 0.0230261 0.0198601 0.0277741 0.0206245 0.0146205 0.0152381 0.0151445 0.0182256 0.0218523 0.0150865 
3.36536e-11 1.19722e-10 5.25638e-08 3.46883e-09 4.76709e-08 1.27414e-07 6.91276e-07 1.2547e-06 6.90999e-07 7.14658e-05 9.87388e-05 0.00011861 0.000560304 0.000977285 0.00174879 0.00287847 0.0106559 0.879827 0.0419848 0.00954952 0.00418756 0.00717053 0.0183984 0.0136685 0.00810092 
1.83118e-05 0.000464706 0.00377931 0.0114656 0.0193795 0.0259529 0.029834 0.0363241 0.0388058 0.0431726 0.0463249 0.0445733 0.0454414 0.0380638 0.0353708 0.0375484 0.0365898 0.0459836 0.053087 0.0388221 0.038645 0.0320233 0.0325194 0.25083 0.0149799 
2.69539e-07 2.094e-06 7.84363e-07 2.14606e-05 3.02585e-05 0.000212649 0.000406443 0.000407511 0.000466524 0.000413714 0.000345548 0.000855946 0.00126019 0.00168335 0.00205952 0.00243678 0.00216095 0.00231195 0.00322208 0.00306169 0.00706168 0.901623 0.0467023 0.0178877 0.00536524 
1.3949e-05 0.000199487 0.00242209 0.00674502 0.0138234 0.0210548 0.0292634 0.0409951 0.372634 0.0461908 0.0440899 0.0407523 0.0398435 0.0353215 0.0327892 0.0304327 0.0273734 0.0310428 0.0427423 0.0334492 0.0318179 0.0268423 0.021662 0.0170617 0.0114376 
8.11286e-10 9.43589e-09 1.30239e-06 1.17751e-06 1.41068e-05 5.63362e-05 0.000257612 0.000767612 0.00178947 0.00274609 0.0038719 0.00436607 0.00454682 0.00408796 0.00475643 0.00510618 0.00581998 0.00737563 0.0114425 0.0108209 0.0146023 0.844688 0.0463657 0.0202099 0.006306 
2.97785e-08 2.89069e-06 5.42333e-06 1.20676e-05 8.41147e-05 0.000168795 0.000848098 0.00345727 0.0102804 0.0148805 0.0168535 0.0195872 0.0211442 0.0200768 0.0251405 0.668489 0.0345699 0.0397963 0.0216164 0.016304 0.0155012 0.0160284 0.0180843 0.020974 0.0160943 
1.60461e-07 1.0013e-05 3.66155e-05 8.36708e-05 0.000362471 0.00101236 0.00227491 0.00360073 0.00433101 0.00592092 0.00760443 0.00812553 0.0103396 0.00809264 0.0112776 0.00854813 0.0128491 0.717799 0.0565109 0.0321918 0.0194109 0.0335517 0.0309143 0.0152687 0.009883 
4.81609e-09 2.08874e-08 8.01747e-08 1.24693e-07 1.81587e-07 4.39512e-07 3.07833e-05 0.000149232 0.000645197 0.00281804 0.00550906 0.00907414 0.0101393 0.0116674 0.0153654 0.784255 0.0415859 0.0386261 0.0101085 0.00842001 0.00733334 0.00865044 0.0131913 0.0178504 0.0145793 
0.00019955 8.9781e-05 6.12305e-05 0.000117716 4.62122e-05 5.24926e-05 9.98417e-05 0.000112917 0.000220859 0.000230338 0.000222171 0.00032994 0.000372793 0.000358294 0.000453149 0.000390546 0.000388052 0.000650621 0.000302893 0.000296055 0.000458202 0.000746701 0.000900719 0.989698 0.00320066 
2.56706e-09 4.8394e-09 3.76833e-07 2.31204e-06 3.37782e-05 0.000211154 0.000747863 0.00140767 0.00199393 0.00267838 0.00446338 0.00450827 0.00468582 0.0042311 0.0042997 0.00476305 0.00539781 0.00672216 0.00957177 0.0101667 0.0165848 0.84084 0.0473979 0.0213968 0.00789511 
1.47918e-10 2.55591e-10 4.8479e-08 8.62881e-09 4.87835e-08 1.09026e-07 1.94661e-06 1.25162e-05 0.000109953 0.000362138 0.000710498 0.00105879 0.001207 0.00155939 0.00260011 0.00636849 0.806276 0.07734 0.0369996 0.00614015 0.00353921 0.0062386 0.0208574 0.0172056 0.0114123 
5.4682e-09 2.37403e-08 1.26402e-07 2.73543e-07 3.41982e-07 3.58985e-06 4.01913e-05 0.000339124 0.00130335 0.00379559 0.0064465 0.00989109 0.011364 0.0129135 0.0189578 0.768816 0.0331746 0.0411212 0.0109291 0.0095028 0.00796483 0.00951935 0.0164947 0.0220664 0.0153556 
5.27042e-08 7.74725e-07 2.1869e-06 4.61054e-06 1.99352e-05 5.48891e-05 0.000157096 0.000463219 0.00129502 0.00221184 0.00369077 0.00400038 0.00413884 0.00347024 0.00444498 0.00452719 0.00532751 0.00656341 0.0102377 0.0104518 0.013784 0.0320895 0.870935 0.0169933 0.00513622 
2.60485e-08 8.15833e-06 1.29996e-05 2.23476e-05 0.000182565 0.000620397 0.00222107 0.00554608 0.0116226 0.0167447 0.0204769 0.022125 0.0305018 0.669377 0.0285784 0.0204731 0.0191163 0.0203746 0.0227716 0.0159776 0.0171086 0.0168323 0.0190624 0.0227245 0.0175186 
2.87858e-07 3.67423e-06 2.26798e-05 0.000192032 0.000314586 0.000260636 0.000182233 0.0002839 0.000397253 0.000423584 0.000463534 0.000486179 0.00101873 0.000647674 0.0107379 0.00209336 0.00160103 0.00382603 0.00235179 0.00288604 0.00260579 0.00774697 0.0105459 0.948438 0.00246967 
4.79659e-07 5.71134e-06 3.63869e-05 0.000298001 0.000495988 0.000506522 0.000438658 0.00051775 0.000704762 0.000696877 0.000825767 0.000781192 0.00121377 0.0014002 0.00721243 0.00168739 0.00125261 0.0026711 0.00240265 0.0011531 0.00163501 0.00324279 0.00121943 0.000878503 0.968723 
1.43244e-08 2.5389e-07 2.1974e-06 7.36953e-06 2.38067e-05 4.05028e-05 0.000280812 0.00121702 0.00461105 0.00926 0.012604 0.0137758 0.0148906 0.017785 0.401831 0.0209567 0.0195556 0.0238191 0.0128953 0.0101491 0.0111499 0.0149155 0.377859 0.0213068 0.0110634 
4.07338e-05 0.000751177 0.00573197 0.0170383 0.0323813 0.0348636 0.0373341 0.0544183 0.200051 0.0566533 0.0481019 0.0843596 0.0438278 0.0422692 0.0369305 0.0300137 0.0320947 0.033761 0.0408987 0.0335252 0.030414 0.0339944 0.0393976 0.0182117 0.0129362 
1.3319e-05 0.000202062 0.00244486 0.00812707 0.0171424 0.0267592 0.032621 0.0411771 0.0424297 0.0480374 0.0515156 0.0507383 0.0468729 0.0429482 0.255403 0.0334053 0.0289029 0.0392453 0.0502296 0.0422646 0.0405208 0.0317196 0.0271864 0.0236418 0.0164518 
2.44043e-08 7.83465e-06 1.41858e-05 2.96626e-05 0.000203575 0.000680199 0.00251952 0.00873891 0.0166877 0.0203481 0.0218169 0.0271742 0.0362487 0.634851 0.0279871 0.0225626 0.0213319 0.0226152 0.0248499 0.0177856 0.019602 0.018285 0.0172904 0.0218783 0.0164918 
5.61879e-09 1.16272e-06 1.16204e-05 1.13452e-05 0.000131305 0.000356276 0.00111549 0.00279694 0.00502179 0.00915803 0.0129798 0.0152984 0.0186476 0.016945 0.0181676 0.0186134 0.653416 0.0780285 0.0413286 0.01781 0.016141 0.0176685 0.0244174 0.019991 0.0119434 
5.9865e-15 6.57729e-14 1.63849e-13 2.54879e-13 4.64718e-13 8.73039e-13 5.18727e-11 2.31422e-11 2.34844e-12 9.37722e-10 1.2275e-10 4.48488e-10 5.1503e-09 1.22723e-08 3.13077e-08 5.25369e-08 1.34382e-07 3.58497e-07 4.01667e-07 3.95537e-07 2.25624e-06 0.000251181 0.000869789 0.991731 0.0071445 
8.66756e-14 7.12369e-13 6.99027e-12 3.40816e-12 1.27133e-11 2.52004e-11 9.80014e-10 8.50312e-10 1.60734e-09 1.80707e-08 1.22791e-08 2.00345e-08 1.04607e-07 1.79302e-06 5.14902e-06 1.26412e-05 3.52341e-05 3.23752e-05 0.000145412 0.000167223 0.00048781 0.00441912 0.975234 0.0166487 0.00281055 
8.53986e-10 9.76594e-09 1.34298e-06 1.24294e-06 1.82378e-05 9.87995e-05 0.000386795 0.000947075 0.00196552 0.00279728 0.00383898 0.00426202 0.00448085 0.00397596 0.00461742 0.00548756 0.00739004 0.0139096 0.0253569 0.029064 0.0276292 0.0373187 0.782017 0.0276604 0.0167748 
1.07381e-08 3.57893e-06 4.72325e-06 5.89934e-06 5.96294e-05 0.00010135 0.000529953 0.00141826 0.00241901 0.00350128 0.00451809 0.00493915 0.0063063 0.00473603 0.00547314 0.00583943 0.00630724 0.0084417 0.0179638 0.0159647 0.82167 0.0442143 0.0310226 0.00973116 0.00482897 
4.03432e-14 1.15236e-11 1.49768e-11 2.11499e-11 2.09202e-10 4.92632e-10 2.25352e-09 6.96454e-09 1.71051e-08 3.05913e-08 4.51951e-08 5.14134e-08 5.7248e-08 5.09791e-08 5.71771e-08 6.73948e-08 1.80379e-06 2.8147e-07 2.96381e-06 2.81273e-07 1.12553e-06 3.05169e-05 0.000169129 0.000319841 0.999474 
6.14972e-23 6.7584e-22 1.68035e-21 2.59545e-21 7.92866e-21 3.9023e-20 4.02571e-18 2.93386e-12 4.40782e-15 6.11467e-12 1.04863e-14 9.13935e-12 8.29249e-10 1.95053e-09 2.9937e-09 7.69938e-09 2.93974e-08 8.62197e-08 7.22645e-08 1.81945e-07 3.36397e-07 0.000138021 0.000257943 0.99326 0.00634346 
2.76451e-09 1.10369e-08 1.2502e-06 2.24151e-06 1.6194e-05 7.76193e-05 0.000339441 0.00119593 0.00479596 0.00997478 0.0137258 0.0150029 0.0155487 0.0154459 0.0169562 0.0210184 0.04989 0.657148 0.0425322 0.0317904 0.0165757 0.0184795 0.0285592 0.0228533 0.0180705 
3.24977e-07 4.19988e-06 2.57677e-05 0.000217354 0.000358603 0.000307836 0.000239011 0.000400982 0.000615326 0.000670514 0.000718193 0.00108366 0.00158584 0.00141088 0.0179399 0.0108914 0.849205 0.048963 0.0100485 0.00479028 0.0039056 0.0067167 0.0154344 0.0134436 0.0110228 
2.36326e-10 3.89907e-10 1.58154e-08 9.16185e-08 6.22622e-07 3.81537e-07 6.24887e-06 4.9906e-05 0.000265295 0.000450719 0.000892494 0.00166844 0.00205735 0.0022452 0.00247598 0.00283117 0.00359123 0.00669375 0.0125518 0.0199649 0.0160396 0.0256072 0.875699 0.0213599 0.00554876 
0 0 0 0 0 0 0 0 0 0 0 0 0 0 6.38779e-24 3.23011e-13 3.23443e-10 2.34407e-06 3.35446e-07 1.80429e-05 0.000192601 0.000312134 0.000527427 0.996704 0.00224314 
5.94078e-11 7.52214e-11 6.70664e-10 1.70329e-09 1.57545e-09 2.56885e-09 1.2802e-07 2.04804e-06 5.34616e-06 9.28564e-05 0.000292913 0.000369785 0.00065771 0.000930035 0.00110769 0.0014545 0.00136566 0.00231915 0.00442857 0.0116186 0.882798 0.0396644 0.038581 0.00913296 0.00517882 
3.39589e-10 6.03302e-10 3.6992e-08 2.25711e-07 4.35573e-07 1.43184e-05 1.73496e-05 8.87229e-05 0.000440472 0.00104864 0.00130006 0.00262228 0.00286835 0.00261588 0.00291613 0.00320645 0.00394787 0.00793821 0.0101461 0.838212 0.0349731 0.037069 0.035094 0.00913292 0.00634713 
2.23325e-08 6.11427e-06 1.33205e-05 2.77962e-05 0.000154241 0.000654661 0.00154981 0.00280927 0.00374299 0.00521897 0.00694419 0.00733105 0.00958776 0.00729025 0.0073034 0.0071341 0.00757671 0.0116448 0.0214489 0.015406 0.0194007 0.802129 0.0430239 0.0137023 0.00590018 
4.23682e-08 1.19071e-05 1.88711e-05 4.6364e-05 0.000219217 0.00119298 0.00403703 0.00959761 0.0152393 0.0207948 0.0255448 0.0250744 0.0284782 0.0291512 0.629485 0.0261032 0.0218523 0.0290966 0.0249543 0.0187713 0.019365 0.0183575 0.0186824 0.0196468 0.0142786 
2.09439e-05 0.000426193 0.00469189 0.0139049 0.0256786 0.0432697 0.0410156 0.0471817 0.0473844 0.125272 0.0659855 0.0691156 0.0640343 0.0453766 0.0344492 0.0300827 0.0278836 0.0311514 0.0422621 0.0406486 0.0325249 0.027805 0.0279292 0.0982446 0.0136607 
3.35727e-09 1.0134e-08 1.3705e-06 3.18005e-06 8.72068e-06 0.00010711 0.000522783 0.00268625 0.00790814 0.0133135 0.0177705 0.0180824 0.0201811 0.0260604 0.0293944 0.0223866 0.0233635 0.0229583 0.0156013 0.0130405 0.0132512 0.0149508 0.022946 0.700302 0.0151597 
1.57544e-05 0.000145119 0.00182922 0.00559213 0.0116978 0.0148061 0.0183911 0.0223741 0.0221699 0.0253386 0.0287767 0.027508 0.0266494 0.0225871 0.0213177 0.0194326 0.0225707 0.485291 0.0651581 0.039631 0.0342683 0.028462 0.0267996 0.0177336 0.0114546 
4.86025e-10 1.1908e-09 5.79317e-08 3.04559e-07 4.77154e-06 9.9208e-06 3.66869e-05 0.000191562 0.000745751 0.00154592 0.00257159 0.00323721 0.00343509 0.0029277 0.00318029 0.003665 0.00452931 0.00653365 0.00969637 0.767117 0.0644374 0.0546901 0.0494245 0.0142327 0.00778684 
1.59668e-07 2.04659e-06 1.26077e-05 0.000106593 0.000175069 0.000146814 0.000108388 0.000175971 0.000256794 0.000299347 0.000410691 0.000627647 0.00121112 0.00106866 0.00784481 0.00204306 0.00200632 0.00433101 0.00513838 0.0046935 0.00580458 0.0103712 0.931614 0.0165401 0.00501104 
1.57108e-09 1.6095e-09 9.65331e-08 5.1196e-07 5.15633e-07 1.48331e-05 1.88674e-05 0.000269148 0.0013125 0.00418618 0.00670365 0.0108183 0.0114267 0.0119979 0.0138556 0.0191572 0.790392 0.0454921 0.0117663 0.0104372 0.00868628 0.0105922 0.016227 0.0146248 0.0120197 
6.26796e-13 3.76799e-12 2.38082e-11 2.48797e-11 1.21189e-10 1.6056e-10 5.25712e-09 8.49513e-09 1.3477e-08 4.07793e-08 4.00031e-08 4.27009e-07 3.72406e-06 1.7022e-05 3.64127e-05 0.000122939 0.00015689 0.000110354 0.000229821 0.000370464 0.000727706 0.0063604 0.968219 0.0172454 0.00639913 
0.0066901 0.0366753 0.063172 0.0467294 0.0356635 0.0423451 0.0549919 0.0476045 0.0448824 0.0463999 0.0404698 0.0453119 0.0539809 0.0327812 0.0319225 0.026648 0.0238052 0.021909 0.035756 0.0331067 0.14288 0.028736 0.0301132 0.016077 0.0113482 
1.38553e-08 2.09542e-06 5.97859e-06 8.33588e-06 0.000136557 0.000311012 0.00134211 0.0044199 0.00891571 0.0138447 0.0180171 0.0190527 0.0225288 0.0200802 0.0245998 0.676205 0.031714 0.0368379 0.0223543 0.0162488 0.0157288 0.0151041 0.0164917 0.0203287 0.0157217 
2.19752e-08 5.72883e-06 1.74263e-05 3.40683e-05 0.000183657 0.000742927 0.00174534 0.00300507 0.00396388 0.00553786 0.00710945 0.00764268 0.0100964 0.00788081 0.00751801 0.00728705 0.00772213 0.0118841 0.0222347 0.0182948 0.0309755 0.801623 0.0294327 0.0106765 0.00438584 
6.19095e-10 6.6691e-10 1.31626e-08 1.51332e-08 3.37866e-08 1.30253e-07 4.84453e-06 2.28245e-05 0.000192905 0.00059537 0.00163226 0.00434502 0.00601402 0.00763348 0.0101957 0.0125191 0.795619 0.0715153 0.0201969 0.00795041 0.00737591 0.00892502 0.0197492 0.0153829 0.0101296 
0 0 0 0 0 0 0 0 0 0 0 0 0 0 0 0 0 0 0 0 0 0 0 0 1 
8.57838e-10 1.13965e-08 1.61708e-06 1.32262e-06 1.42995e-05 6.44053e-05 0.000272221 0.000941011 0.00203811 0.00297426 0.00404769 0.00448513 0.00468308 0.00415897 0.00483993 0.00518302 0.00592366 0.00763758 0.0118239 0.0115081 0.0162396 0.035714 0.84706 0.02119 0.00919849 
2.7317e-08 4.08508e-06 6.84386e-06 1.06111e-05 6.59113e-05 0.000220581 0.000954591 0.00337146 0.00896713 0.0143533 0.0184803 0.0188406 0.0195222 0.0203983 0.0293374 0.675525 0.0324538 0.0396422 0.0164427 0.0137739 0.0140978 0.0152937 0.0178382 0.0231626 0.0172369 
0 0 0 0 0 0 0 0 0 0 0 0 0 0 2.42356e-24 2.71679e-13 3.36897e-11 1.27889e-10 1.53549e-10 2.29232e-10 1.33706e-07 1.77291e-05 8.88494e-05 0.000526508 0.999367 
1.29449e-05 0.000260416 0.0028224 0.011493 0.0882094 0.0914872 0.0474021 0.0873016 0.0795207 0.0497121 0.0495649 0.0490882 0.073149 0.0417986 0.0373521 0.0330538 0.0376315 0.0309596 0.0411594 0.0340978 0.0315766 0.0278255 0.0228668 0.0185825 0.0130719 
1.85495e-07 3.87194e-06 4.64339e-06 8.07833e-06 1.04937e-05 0.000108591 0.0005138 0.00299632 0.0101547 0.0144377 0.0215172 0.734519 0.0319189 0.0194212 0.0173601 0.0179883 0.0183225 0.0144773 0.0131533 0.0129607 0.0139326 0.0120374 0.0117686 0.0178406 0.0145443 
6.30457e-10 1.74601e-09 1.01182e-07 4.18664e-07 9.34393e-06 1.97818e-05 8.33752e-05 0.000368608 0.00119793 0.00206776 0.00349103 0.00381556 0.00397804 0.00333577 0.0037323 0.00441847 0.00515947 0.00641922 0.00985328 0.00977508 0.0137618 0.860009 0.0483377 0.0143839 0.00578161 
3.0501e-09 3.61149e-09 2.51516e-07 1.28589e-06 2.75334e-05 0.00015433 0.000482358 0.00076385 0.00146318 0.00239359 0.00376265 0.00403447 0.00420028 0.00354561 0.00378797 0.00435557 0.00519565 0.00665813 0.00939974 0.0106075 0.858576 0.0380709 0.0291693 0.00850593 0.00484382 
1.29737e-08 4.14907e-06 6.56015e-06 2.6268e-05 0.000272475 0.000508556 0.0011133 0.00243493 0.00320089 0.00425442 0.00527043 0.00582818 0.00839804 0.00559295 0.00613822 0.00643038 0.006597 0.00894264 0.0201514 0.0138933 0.0176043 0.811813 0.045287 0.0196556 0.00657558 
2.14066e-05 0.000380687 0.00491058 0.0169648 0.0537432 0.0393915 0.0432354 0.050337 0.0482941 0.0491805 0.0527583 0.058098 0.0695008 0.0389951 0.0343566 0.0508206 0.0272403 0.0871592 0.0557515 0.0370747 0.0913398 0.030311 0.0264991 0.019651 0.0139848 
0.00975178 0.0519643 0.0584534 0.0466319 0.0327104 0.029815 0.0357983 0.040567 0.0405629 0.0388364 0.038579 0.0385876 0.0416432 0.0324458 0.0308146 0.0270562 0.0238507 0.0227608 0.0340146 0.0423133 0.0419669 0.184277 0.0291072 0.0165512 0.0109401 
1.34039e-10 1.59233e-10 3.22438e-08 2.07029e-07 1.63605e-06 1.90922e-05 8.84909e-05 0.000184284 0.000384069 0.000417815 0.000478128 0.00094605 0.00103056 0.00107619 0.00125166 0.00123696 0.001498 0.0023797 0.0035205 0.00341686 0.00420763 0.00748013 0.948546 0.0148523 0.00698356 
7.26954e-10 8.23902e-09 1.31393e-06 1.11178e-06 1.11469e-05 4.34811e-05 0.00018318 0.000589279 0.00161736 0.0025555 0.00372514 0.00408972 0.00425536 0.0037076 0.00430011 0.00478703 0.00564179 0.00774804 0.0132622 0.0194086 0.0272103 0.0433618 0.817713 0.0229738 0.0128127 
2.15429e-06 1.83001e-05 0.000197296 0.000843739 0.00142683 0.0014885 0.00159937 0.00189284 0.00229131 0.00266637 0.00300248 0.00272178 0.00420455 0.00389271 0.0259954 0.00670901 0.00457007 0.00962452 0.00942155 0.00640266 0.00753145 0.0152218 0.0121427 0.868466 0.00766647 
1.58906e-09 3.45254e-08 3.54084e-06 7.84873e-06 0.000115769 0.000487002 0.000833301 0.00135047 0.00227142 0.00320659 0.00439288 0.00484867 0.0051128 0.00460594 0.00526125 0.00551295 0.00628011 0.00791201 0.0144475 0.016057 0.0280711 0.800865 0.0566085 0.0222966 0.00945129 
6.6916e-08 5.55703e-06 9.23087e-06 1.98402e-05 0.000112571 0.000380351 0.00105965 0.00235695 0.00324027 0.00466031 0.00612297 0.00619517 0.00804765 0.00609735 0.00713959 0.00687943 0.00735851 0.0138274 0.0264034 0.807735 0.0201358 0.0297542 0.0264076 0.0086881 0.00736337 
0 0 0 0 0 0 0 0 0 0 0 0 0 5.09621e-14 4.43404e-11 1.40268e-09 5.45878e-09 1.10475e-05 1.95846e-06 0.000191891 0.000572471 0.000825303 0.00136037 0.0014824 0.995555 
1.21819e-08 3.2523e-06 4.9769e-06 8.81066e-06 0.00010356 0.000262001 0.000832131 0.00219162 0.002846 0.00390913 0.00499057 0.00528729 0.00731763 0.00526923 0.00581698 0.0061731 0.00664134 0.0100656 0.0217321 0.738612 0.0626074 0.0461084 0.0471279 0.0140963 0.00799222 
0 0 0 0 0 0 0 0 0 0 0 0 0 0 0 0 0 0 0 0 0 0 0 0 1 
1.97411e-05 0.000426497 0.00630029 0.0233083 0.0280192 0.0803763 0.046991 0.0492645 0.045248 0.0779231 0.0475581 0.0461713 0.0847015 0.0374369 0.0338452 0.0291238 0.112172 0.0345606 0.0423547 0.0377924 0.0482675 0.0280182 0.0274528 0.0185199 0.0141485 
0.00914379 0.0507192 0.0642763 0.0513141 0.037373 0.0326653 0.0375164 0.0408142 0.0393632 0.0377959 0.0384751 0.0420179 0.0442589 0.0319189 0.0300613 0.0256888 0.0258527 0.0226462 0.0325072 0.170824 0.0423592 0.0317442 0.0330685 0.0163839 0.0112114 
5.73962e-13 3.29331e-12 2.25102e-11 1.40786e-11 5.68025e-11 9.42586e-11 6.32254e-09 1.23026e-08 1.73493e-08 6.64112e-08 6.879e-08 1.62832e-07 2.33121e-06 1.77245e-05 3.59993e-05 7.91969e-05 0.000138097 0.000288576 0.000560719 0.00254309 0.917181 0.0355963 0.0313099 0.0082281 0.00401874 
2.24523e-09 6.39334e-09 7.59492e-08 2.49058e-07 2.29909e-07 2.88472e-06 1.99874e-05 0.000145778 0.00083381 0.00357922 0.00644327 0.0104039 0.011688 0.0137638 0.109928 0.128573 0.0361514 0.562957 0.0247626 0.0173876 0.00904142 0.0121163 0.0207202 0.0181603 0.0133214 
0.00019214 0.00396709 0.0177486 0.0408696 0.0431579 0.0471013 0.0527848 0.0587608 0.132127 0.0627716 0.0595805 0.0563083 0.0519985 0.0439398 0.0407697 0.0347226 0.0320139 0.0297967 0.0365917 0.0342085 0.0319709 0.030583 0.0240165 0.0199034 0.0141153 
2.57893e-07 3.81942e-06 1.03767e-05 2.08475e-05 5.33935e-05 0.000174268 0.000394956 0.000718189 0.00178024 0.0037245 0.00591022 0.00820414 0.0100518 0.0149462 0.78495 0.0203694 0.0171924 0.0271398 0.0112208 0.0085431 0.00857526 0.0326646 0.0134687 0.0170079 0.0128751 
1.09455e-08 3.54399e-06 5.17296e-06 6.54605e-06 7.93674e-05 0.000137321 0.000669932 0.00177912 0.00268013 0.00375564 0.0049211 0.00548147 0.00724499 0.00527106 0.00588488 0.00622336 0.00647315 0.00878341 0.0195573 0.0136502 0.0176182 0.824002 0.046112 0.0138063 0.00585339 
9.64379e-09 3.20275e-06 4.10453e-06 5.35817e-06 3.50072e-05 0.000100748 0.000474835 0.00128873 0.00214422 0.00303499 0.0039268 0.00422365 0.00499014 0.00402772 0.00460277 0.00530477 0.00717974 0.257501 0.611069 0.0260935 0.0122877 0.0159302 0.0187471 0.00984693 0.00717751 
5.49561e-08 5.87249e-06 1.91971e-05 3.26097e-05 0.00013874 0.000378153 0.000988163 0.00228271 0.00319519 0.00450756 0.00590176 0.00611316 0.007875 0.00587053 0.00623846 0.00680717 0.00866228 0.0226601 0.818183 0.0237577 0.0164576 0.019289 0.0205637 0.0118403 0.00823203 
1.29786e-08 4.30175e-06 5.73247e-06 8.89668e-06 5.76676e-05 0.000227765 0.000924818 0.00186071 0.00280181 0.00394884 0.00501497 0.00533967 0.00592815 0.00516137 0.00581765 0.00595222 0.00653425 0.00842743 0.0142189 0.0145902 0.816467 0.0519569 0.0302665 0.010345 0.00413874 
0 0 0 0 0 0 0 0 0 0 0 0 0 9.22809e-15 8.07923e-12 5.43311e-10 1.72278e-09 7.03751e-09 8.19798e-09 1.43307e-08 1.86664e-07 2.62793e-05 0.000160863 0.995816 0.00399642 
2.62842e-10 3.52709e-10 7.39266e-08 2.34728e-08 8.13509e-08 1.55346e-07 4.74789e-06 5.3663e-05 0.000365203 0.00105088 0.00126479 0.00152776 0.00190289 0.00307787 0.00386455 0.00738801 0.0178115 0.854636 0.04195 0.00896788 0.00537215 0.00873015 0.0183515 0.0146151 0.00906503 
5.59365e-06 0.000102558 0.00189186 0.00477705 0.00769583 0.0119964 0.0153528 0.0182578 0.0192942 0.0224531 0.0270347 0.0257388 0.0234988 0.0207349 0.0201485 0.0202178 0.0185636 0.0373321 0.535414 0.04265 0.0397546 0.03082 0.0280455 0.0172019 0.0110175 
2.39002e-09 3.20847e-09 2.75817e-07 9.29244e-07 7.65239e-06 5.21098e-05 0.000179277 0.000986756 0.00399204 0.00812878 0.0127995 0.0148637 0.0152121 0.0146731 0.0163978 0.0218446 0.745441 0.0481634 0.0148907 0.0122435 0.0111914 0.0126971 0.0178048 0.0153227 0.0131069 
5.42323e-10 1.4856e-09 9.35942e-08 2.48027e-07 5.68015e-06 5.64506e-05 0.000247405 0.000486423 0.000725812 0.00136285 0.00182488 0.00277949 0.00406584 0.00498991 0.00860911 0.0138004 0.0159235 0.0170774 0.00994739 0.00843487 0.00867781 0.0140966 0.0158982 0.862673 0.00831714 
4.16024e-10 1.42307e-09 3.72478e-08 2.19702e-07 2.68067e-07 6.47271e-06 1.14515e-05 9.54417e-05 0.000480287 0.00130618 0.00176459 0.00303226 0.00307375 0.00275606 0.00317015 0.00347055 0.00444416 0.00548894 0.00791041 0.00919999 0.015642 0.0360214 0.870059 0.0213879 0.0106783 
2.01325e-08 4.59815e-06 1.27488e-05 4.53628e-05 0.000522583 0.00178427 0.00312135 0.00380476 0.00411245 0.00482409 0.00640086 0.00667858 0.00739813 0.00626165 0.00671109 0.00686412 0.00732666 0.0136982 0.020421 0.813659 0.0174249 0.0239692 0.028409 0.00892545 0.0076202 
1.22354e-08 3.44937e-06 4.50785e-06 6.75988e-06 5.54934e-05 8.7963e-05 0.00052192 0.00184814 0.00572229 0.0112433 0.0148817 0.0160961 0.0176092 0.0167874 0.0183556 0.0215277 0.0463563 0.654437 0.0480371 0.0282041 0.0146081 0.0179467 0.0274987 0.0215538 0.0166064 
1.38815e-09 2.70859e-09 8.05365e-08 3.08718e-07 9.38882e-06 8.63653e-06 4.59218e-05 0.000155774 0.000889098 0.00317357 0.00612431 0.00908694 0.0103352 0.011285 0.0131967 0.0184182 0.780117 0.0586391 0.0149507 0.0100589 0.00903912 0.0117571 0.0176842 0.0139244 0.0111005 
2.10394e-09 2.62577e-09 3.55123e-07 1.54442e-06 3.7454e-06 5.03687e-05 0.00035221 0.00190128 0.00507885 0.00858394 0.00954826 0.012291 0.0138022 0.0198668 0.760006 0.0211446 0.0173752 0.0286407 0.0125773 0.0112541 0.011534 0.0129655 0.016788 0.0212685 0.0149657 
0.000101518 0.00120413 0.00838744 0.0714919 0.118463 0.0900974 0.0453708 0.0543536 0.0459123 0.0446233 0.048824 0.045143 0.0456352 0.0356049 0.0317945 0.0291047 0.0282958 0.0284329 0.0390688 0.0437714 0.047874 0.0329305 0.0340834 0.0161102 0.0133219 
8.95673e-09 4.79022e-07 3.89772e-06 6.64304e-06 0.000116289 0.000200211 0.0010882 0.00465021 0.00925703 0.0148933 0.0193038 0.0191968 0.0223398 0.0204087 0.0250363 0.668997 0.0329154 0.0386699 0.0219494 0.0155475 0.0150904 0.0146859 0.0174843 0.0216303 0.016528 
2.96673e-08 4.39793e-07 1.21681e-06 2.39148e-06 6.12562e-06 1.99955e-05 4.30637e-05 5.72881e-05 7.89713e-05 0.00023721 0.000252266 0.000588417 0.000852177 0.00139806 0.00246255 0.00528878 0.0249705 0.458662 0.440585 0.0081068 0.00466264 0.00942965 0.0192464 0.0139719 0.00907591 
3.5907e-08 7.11241e-06 2.83789e-05 5.06236e-05 0.000265404 0.000902033 0.00195766 0.00330628 0.00417633 0.00573333 0.00741573 0.00801105 0.0103068 0.00815008 0.0077043 0.00768384 0.00845722 0.0208815 0.773376 0.0429327 0.0188294 0.0233517 0.0265059 0.0114989 0.0084673 
1.18383e-11 3.34782e-11 5.40262e-11 1.17101e-10 1.13416e-10 1.74712e-10 3.13726e-08 2.31189e-06 6.0148e-08 2.96936e-08 1.43371e-07 4.20311e-06 9.61452e-06 4.33355e-07 1.2764e-06 2.61039e-05 1.92653e-05 5.71694e-05 7.41393e-05 5.83071e-05 9.00142e-05 0.000290849 0.000910858 0.991362 0.00709299 
3.06659e-07 4.27207e-06 2.42041e-05 0.000201027 0.000329196 0.000294328 0.000326804 0.00130375 0.00502548 0.010493 0.0142389 0.0156862 0.0163909 0.0167519 0.0283641 0.716739 0.0313011 0.0379008 0.0154181 0.0124313 0.0124246 0.0138937 0.0158836 0.0192932 0.0152801 
0.000124238 0.00156311 0.0149658 0.169693 0.0430457 0.0441685 0.046617 0.054808 0.055 0.0543676 0.0542234 0.0523677 0.0466332 0.0415969 0.0382027 0.032534 0.0287516 0.0292767 0.0410689 0.0340009 0.0312996 0.0282046 0.0239932 0.0180189 0.0154746 
1.77742e-09 7.16875e-08 2.72645e-07 5.46931e-07 1.58636e-05 1.29544e-05 7.34676e-05 0.000376562 0.00177762 0.00453928 0.00769834 0.0103855 0.0116933 0.0121857 0.0138348 0.015718 0.038378 0.706914 0.0474475 0.0300812 0.0141727 0.0185392 0.0285989 0.0216678 0.0158879 
3.17778e-07 6.25563e-06 1.92659e-05 9.40377e-05 0.000208608 0.000498096 0.000972712 0.00144629 0.00212563 0.00283558 0.00410664 0.00471879 0.00507086 0.0044483 0.0101274 0.00532176 0.00662957 0.0094933 0.015623 0.0227333 0.02111 0.0480053 0.809912 0.0190432 0.00544943 
9.75246e-08 4.11044e-06 5.82738e-06 3.16954e-05 0.000139953 0.000223305 0.000564611 0.00135418 0.00244968 0.00349373 0.00455396 0.00490128 0.00536262 0.00454925 0.00540931 0.0055584 0.00629708 0.00822802 0.0128045 0.0147845 0.839003 0.0367257 0.0292623 0.0091124 0.00518015 
1.27569e-08 4.32818e-06 4.93159e-06 6.07497e-06 2.79307e-05 9.75896e-05 0.000490359 0.00139766 0.00237199 0.00339944 0.00441267 0.00486849 0.00542207 0.0046979 0.00548043 0.0057122 0.00633505 0.00857153 0.0156289 0.0159688 0.82661 0.0429663 0.031094 0.00942644 0.00500459 
5.63773e-10 1.48753e-09 8.13044e-08 3.86547e-07 7.73136e-06 1.87718e-05 7.30357e-05 0.000276406 0.00102163 0.00176601 0.00317627 0.0035349 0.00379016 0.00315164 0.0034745 0.0040235 0.00485185 0.00606076 0.00901979 0.00919322 0.0139945 0.863267 0.0472364 0.0163509 0.00571036 
7.92313e-08 8.06019e-06 4.96883e-08 3.76761e-13 1.26148e-07 1.43131e-05 2.05305e-08 3.22312e-07 2.73468e-05 4.04939e-08 7.06118e-07 2.83315e-05 7.35243e-08 5.38324e-05 1.45397e-06 2.36743e-05 5.80401e-06 4.17787e-05 3.34107e-05 0.000114975 0.000228009 0.000350449 0.000457585 0.00120563 0.997404 
1.89069e-10 4.99426e-10 4.90441e-08 1.43308e-08 6.33717e-08 2.3473e-07 3.77859e-06 1.49007e-05 8.44416e-05 0.000326056 0.000695409 0.00132864 0.00191545 0.00240563 0.00354511 0.00640964 0.0173064 0.861135 0.0392922 0.00993385 0.00678919 0.00917358 0.0178428 0.013665 0.00813292 
