36131
3.72833e-24 9.36421e-21 2.04684e-17 4.01682e-14 9.86389e-12 2.6165e-08 3.5982e-05 0.00403331 0.993587 0.00234334 
1.94432e-10 1.25412e-07 7.36822e-05 0.0116076 0.971772 0.0160719 0.000474801 3.63642e-07 3.05919e-10 1.03562e-13 
4.05422e-05 0.00877543 0.0668541 0.916998 0.00728567 4.64061e-05 1.17883e-07 3.48188e-10 4.171e-13 1.28988e-16 
7.16979e-29 1.83592e-25 4.00653e-22 7.46016e-19 1.21537e-16 5.30716e-13 1.23559e-09 6.18463e-07 0.00141282 0.998587 
6.31353e-24 1.58039e-20 3.45544e-17 6.84329e-14 1.77898e-11 4.39586e-08 5.48033e-05 0.0055562 0.991083 0.00330616 
0.00895125 0.935306 0.0510435 0.0046912 7.9244e-06 9.08576e-09 7.15231e-12 5.13408e-15 3.25555e-18 9.67139e-22 
4.40651e-14 3.66126e-11 3.87725e-08 6.00778e-05 0.0101364 0.978959 0.0106231 0.000220937 1.83951e-07 1.02145e-10 
1.1884e-20 2.78476e-17 6.12394e-14 1.43151e-10 7.42843e-08 0.0001215 0.00264263 0.0126829 0.983765 0.000788389 
1.05741e-15 1.24009e-12 1.93019e-09 3.55926e-06 0.00239408 0.961241 0.0317315 0.00449728 0.000132867 1.88649e-07 
5.14928e-05 0.00763906 0.977378 0.0141615 0.00076668 2.80342e-06 5.61966e-09 1.30023e-11 1.88334e-14 5.74239e-18 
7.71174e-19 2.01615e-15 4.39212e-12 7.70045e-09 2.23181e-07 0.00078501 0.972096 0.0212687 0.00528208 0.00056819 
1.9387e-17 4.50897e-14 9.55379e-11 1.72395e-07 3.99142e-05 0.00392994 0.977603 0.0182294 0.000197389 1.44876e-07 
2.182e-20 5.16583e-17 1.13457e-13 2.58267e-10 1.25637e-07 0.000190182 0.00525898 0.991911 0.00256398 7.52995e-05 
1.35787e-07 5.37388e-05 0.0185982 0.965411 0.0156989 0.000238055 4.95693e-07 6.25668e-10 5.34815e-13 1.64223e-16 
6.51876e-21 1.64262e-17 3.58139e-14 6.83507e-11 1.68125e-08 3.78175e-05 0.003185 0.984477 0.0108202 0.00148015 
8.12644e-08 3.10314e-05 0.00942664 0.940781 0.0449784 0.00476485 1.78117e-05 6.89432e-08 1.41687e-10 5.17102e-14 
1.30755e-07 5.09627e-05 0.0171312 0.967337 0.0153601 0.000120519 2.36635e-07 4.28744e-10 4.68715e-13 1.44922e-16 
9.3757e-08 2.88277e-05 0.00634788 0.0351089 0.948091 0.0103974 2.6066e-05 7.93702e-08 6.78804e-11 2.0193e-14 
3.76097e-29 9.72187e-26 2.12001e-22 3.84507e-19 4.53331e-17 2.64219e-13 7.11222e-10 5.37197e-07 0.00131639 0.998683 
0.00198473 0.03321 0.947769 0.0169534 8.25103e-05 3.78531e-07 1.07051e-09 4.36121e-12 3.47825e-15 1.09172e-18 
7.02237e-26 1.83556e-22 3.99856e-19 7.02619e-16 8.03207e-14 1.0313e-09 4.20716e-06 0.000670376 0.988825 0.0105002 
3.74561e-24 9.40103e-21 2.05499e-17 4.04011e-14 1.00187e-11 2.57215e-08 3.35079e-05 0.00368571 0.994089 0.00219151 
1.41412e-17 3.56688e-14 1.0757e-10 5.46665e-07 0.00085602 0.964745 0.0306304 0.00370379 6.36753e-05 1.07143e-07 
1.2239e-17 2.79299e-14 5.89061e-11 1.06968e-07 2.75901e-05 0.00389069 0.992281 0.0037462 5.47853e-05 8.33371e-08 
2.45442e-17 5.62568e-14 1.51661e-10 8.77826e-07 0.00107482 0.957756 0.0356672 0.00536629 0.000134525 2.06732e-07 
1.54379e-17 3.96732e-14 8.61503e-11 1.53135e-07 1.91711e-05 0.00386889 0.985847 0.00933769 0.000862905 6.42389e-05 
1.90949e-10 1.22271e-07 7.28762e-05 0.0110768 0.974354 0.013815 0.000667527 1.3302e-05 1.13793e-08 3.42288e-12 
5.24235e-29 1.33916e-25 2.92303e-22 5.47907e-19 9.5608e-17 3.93227e-13 8.92508e-10 4.29484e-07 0.00113949 0.99886 
4.54662e-14 3.77529e-11 3.98012e-08 6.03828e-05 0.0107919 0.983098 0.00601591 3.39998e-05 1.40299e-07 9.93238e-11 
3.23012e-14 2.75984e-11 3.03193e-08 4.65339e-05 0.0109822 0.982746 0.00619035 3.48703e-05 9.97125e-08 6.71825e-11 
1.60791e-25 4.01196e-22 8.77355e-19 1.75104e-15 4.69588e-13 1.03056e-09 5.49378e-07 0.000454519 0.987946 0.0115988 
1.92031e-14 1.43321e-11 1.1998e-08 2.46567e-05 0.00208793 0.951884 0.040247 0.00563346 0.000123112 1.48525e-07 
4.39496e-14 3.33872e-11 3.06866e-08 5.73185e-05 0.00447128 0.0242708 0.966472 0.00459855 0.000130018 4.38334e-08 
1.35478e-07 5.00995e-05 0.0164191 0.969158 0.0142398 0.000132537 6.13993e-07 2.40695e-09 4.51137e-12 1.28284e-15 
5.53854e-14 4.59186e-11 4.82068e-08 7.28657e-05 0.0110294 0.982881 0.00597612 4.06162e-05 1.8142e-07 1.17763e-10 
3.72697e-24 9.32583e-21 2.03978e-17 4.05707e-14 1.14171e-11 3.53542e-08 5.19554e-05 0.00368473 0.994186 0.00207701 
9.96409e-22 2.57884e-18 5.62622e-15 1.02065e-11 9.83024e-10 4.10218e-06 0.00212807 0.983473 0.0126237 0.00177118 
5.48654e-14 4.55526e-11 4.75117e-08 7.19493e-05 0.0130843 0.979611 0.00718985 4.25954e-05 1.79617e-07 1.09911e-10 
1.27702e-07 4.2101e-05 0.0102259 0.890128 0.0923965 0.00719538 1.21902e-05 6.33536e-09 2.51932e-12 6.13507e-16 
1.99641e-20 4.64378e-17 1.02174e-13 2.42973e-10 1.33478e-07 0.000180404 0.00493798 0.992437 0.00236585 7.84773e-05 
8.21343e-18 1.85384e-14 3.90912e-11 7.45563e-08 4.70343e-05 0.00272213 0.979162 0.016654 0.00136814 4.64118e-05 
9.33066e-21 2.37884e-17 5.185e-14 9.64268e-11 1.73826e-08 4.25055e-05 0.00343051 0.991158 0.00489896 0.000470428 
1.46497e-05 0.00525059 0.911497 0.0705913 0.0125724 7.38033e-05 1.75561e-07 4.53897e-10 5.65108e-13 1.75988e-16 
7.80612e-29 1.99779e-25 4.35998e-22 8.13041e-19 1.34871e-16 5.81688e-13 1.36022e-09 5.76514e-07 0.00124037 0.998759 
2.7198e-20 6.45885e-17 1.41788e-13 3.19931e-10 1.52857e-07 0.000224988 0.00620333 0.990493 0.0029743 0.00010436 
1.39103e-08 5.2013e-06 0.00267357 0.0268687 0.961625 0.0087985 2.93845e-05 1.0379e-07 1.78424e-10 5.92404e-14 
7.73979e-08 2.61369e-05 0.00636601 0.917028 0.0677936 0.00876067 2.52778e-05 7.15314e-08 1.59793e-10 5.02988e-14 
1.06084e-28 2.71388e-25 5.92297e-22 1.10575e-18 1.85617e-16 7.94963e-13 1.85336e-09 9.11092e-07 0.00201376 0.997985 
2.13347e-11 1.02471e-08 4.72868e-06 0.00229478 0.95273 0.0396606 0.0052778 3.19907e-05 1.12226e-07 4.12959e-11 
0.000141276 0.0160447 0.95908 0.02409 0.000642332 1.47413e-06 1.93441e-09 4.0154e-12 3.09975e-15 9.61176e-19 
1.8614e-14 1.51034e-11 1.52147e-08 2.0659e-05 0.00265695 0.971946 0.0230592 0.00231449 3.11172e-06 4.95033e-08 
1.66433e-10 1.09834e-07 7.38052e-05 0.0122839 0.976122 0.0114822 3.78015e-05 1.40292e-07 2.49474e-10 1.02497e-13 
3.61667e-24 9.07586e-21 1.98397e-17 3.90303e-14 9.76968e-12 2.55853e-08 3.66487e-05 0.00390843 0.993632 0.00242247 
1.12343e-20 2.68983e-17 5.89901e-14 1.30161e-10 5.7842e-08 8.84755e-05 0.00389676 0.994096 0.00187992 3.90121e-05 
0.000107761 0.00950752 0.910887 0.0707731 0.00868821 3.63095e-05 5.12635e-08 2.86936e-11 1.2719e-14 3.28583e-18 
4.97935e-14 4.1872e-11 4.46061e-08 6.37495e-05 0.011308 0.982442 0.0061464 3.99828e-05 1.65717e-07 1.00751e-10 
3.26097e-14 2.70541e-11 2.78063e-08 4.94643e-05 0.0083965 0.982552 0.00843971 0.000559853 2.1781e-06 7.07336e-08 
1.1888e-28 3.04164e-25 6.63819e-22 1.23875e-18 2.07006e-16 8.92443e-13 2.07747e-09 9.03289e-07 0.00190664 0.998092 
0.00332285 0.041271 0.936934 0.0176373 0.000827481 7.4767e-06 2.27519e-08 7.7521e-11 1.27712e-13 4.20911e-17 
3.34849e-14 2.82728e-11 3.08448e-08 4.05385e-05 0.00713866 0.981632 0.0103808 0.000807127 8.36236e-07 4.17395e-10 
5.18945e-24 1.30067e-20 2.84353e-17 5.61211e-14 1.43065e-11 3.65009e-08 4.86681e-05 0.00458325 0.992646 0.00272184 
2.21808e-17 4.89308e-14 1.02271e-10 1.87727e-07 6.37546e-05 0.00649296 0.986914 0.00641667 0.000112663 1.86049e-07 
4.86288e-09 3.82779e-06 0.0035606 0.0378707 0.947005 0.0115126 4.69366e-05 1.9486e-07 3.91939e-10 1.59798e-13 
1.89189e-17 4.03288e-14 8.33904e-11 1.51893e-07 4.41442e-05 0.00534285 0.98948 0.0050706 6.17039e-05 1.91352e-07 
1.48709e-28 3.8049e-25 8.304e-22 1.54964e-18 2.59024e-16 1.11153e-12 2.59301e-09 1.24711e-06 0.00269207 0.997307 
2.297e-10 1.42499e-07 7.17365e-05 0.00769734 0.0451592 0.943838 0.00323223 1.76326e-06 8.15139e-10 2.20747e-13 
2.25984e-09 8.56672e-07 0.000229518 0.0139151 0.97364 0.0121696 4.50896e-05 1.93983e-07 3.694e-10 1.41513e-13 
1.6474e-17 3.70078e-14 7.77096e-11 1.41545e-07 4.14444e-05 0.00492943 0.990513 0.00442872 8.70973e-05 1.26563e-07 
2.4228e-10 1.56318e-07 8.92691e-05 0.0155642 0.970587 0.013714 4.49101e-05 1.74999e-07 3.02387e-10 1.15944e-13 
3.50911e-18 3.90774e-15 5.94461e-12 1.40184e-08 2.46703e-05 0.00181682 0.0128994 0.984066 0.00119157 1.09011e-06 
1.26792e-17 3.30441e-14 7.19087e-11 1.25725e-07 2.94984e-06 0.00264804 0.977757 0.0177926 0.00173477 6.41668e-05 
1.26929e-28 3.24441e-25 7.08133e-22 1.32507e-18 2.27689e-16 9.54915e-13 2.20109e-09 1.00066e-06 0.00216534 0.997834 
4.67252e-24 1.16909e-20 2.55624e-17 5.06846e-14 1.32955e-11 3.23134e-08 4.04669e-05 0.00387972 0.020221 0.975859 
2.24628e-17 4.82541e-14 1.00173e-10 1.867e-07 8.26276e-05 0.0069911 0.985584 0.00718271 0.000159284 2.21242e-07 
1.37075e-18 1.7234e-15 2.96023e-12 9.32719e-09 2.81329e-05 0.00243359 0.0244553 0.971409 0.00162167 5.20572e-05 
0.00878366 0.973734 0.0169264 0.000554301 1.283e-06 2.75138e-09 3.88935e-12 6.9936e-15 5.16492e-18 1.59286e-21 
2.71377e-24 6.80263e-21 1.48719e-17 2.93436e-14 7.49291e-12 1.89498e-08 2.63298e-05 0.00295258 0.995249 0.00177187 
1.53058e-07 5.28841e-05 0.0134163 0.0600333 0.923428 0.00306498 4.34604e-06 1.91886e-09 9.25291e-13 2.24954e-16 
1.90314e-17 4.18828e-14 8.7501e-11 1.61287e-07 5.94661e-05 0.00632214 0.987573 0.0059463 9.84045e-05 1.64131e-07 
1.80994e-10 1.14945e-07 6.54453e-05 0.0114831 0.977869 0.0105464 3.56367e-05 1.39902e-07 2.63142e-10 1.08788e-13 
4.47356e-24 1.11922e-20 2.44724e-17 4.85338e-14 1.27417e-11 3.14404e-08 3.93201e-05 0.00369653 0.994009 0.00225486 
1.0916e-17 2.3199e-14 4.80343e-11 9.08362e-08 5.11148e-05 0.00380327 0.979989 0.0149785 0.00117642 1.4271e-06 
1.39117e-20 3.30546e-17 7.26067e-14 1.64279e-10 7.81643e-08 0.000120985 0.00419945 0.993585 0.00204902 4.5746e-05 
6.04234e-14 4.91674e-11 5.02928e-08 7.68162e-05 0.00979607 0.978932 0.0104654 0.000727952 1.56398e-06 3.91889e-08 
1.93176e-20 4.54249e-17 9.98138e-14 2.3079e-10 1.18142e-07 0.00015079 0.00510554 0.992252 0.0024206 7.04735e-05 
3.04174e-29 7.85441e-26 1.71287e-22 3.11493e-19 3.83807e-17 2.27321e-13 5.98621e-10 3.79536e-07 0.000942654 0.999057 
1.21299e-24 3.07533e-21 6.71615e-18 1.28393e-14 2.59528e-12 8.71131e-09 1.37499e-05 0.000698291 0.00444733 0.994841 
6.45205e-10 6.78304e-07 0.000287934 0.0113267 0.970429 0.0166643 0.00128048 1.10444e-05 9.66901e-08 7.27494e-11 
1.05746e-28 2.70706e-25 5.90778e-22 1.10091e-18 1.81358e-16 7.86412e-13 1.85141e-09 9.94545e-07 0.00222301 0.997776 
2.55408e-25 6.61365e-22 1.44207e-18 2.60243e-15 2.43918e-13 1.12767e-09 2.03155e-06 0.00269413 0.991987 0.00531724 
6.84978e-14 5.60961e-11 5.85078e-08 8.48926e-05 0.0115822 0.98202 0.00626569 4.66806e-05 2.18872e-07 1.5896e-10 
1.33363e-22 3.48502e-19 7.59392e-16 1.33644e-12 6.32684e-11 3.99079e-07 0.000820881 0.9662 0.0300364 0.00294241 
1.80215e-24 4.52167e-21 9.88449e-18 1.94545e-14 4.88702e-12 1.21156e-08 1.72938e-05 0.00269606 0.990623 0.00666375 
3.49434e-24 8.73459e-21 1.91004e-17 3.79728e-14 1.00435e-11 2.30946e-08 2.45539e-05 0.00423284 0.993123 0.00261936 
3.94912e-18 6.84341e-15 1.3286e-11 2.74673e-08 2.77064e-05 0.00229336 0.969137 0.027446 0.00109529 5.92805e-07 
2.02362e-17 4.55162e-14 9.56931e-11 1.7632e-07 6.52304e-05 0.0066118 0.987036 0.00617558 0.000110783 1.515e-07 
1.24655e-07 4.95612e-05 0.0168114 0.969319 0.0137448 7.5092e-05 1.57168e-07 3.4804e-10 3.77013e-13 1.16477e-16 
7.58198e-21 1.76956e-17 3.9004e-14 9.30466e-11 5.19943e-08 5.44985e-05 0.00175289 0.00913861 0.98809 0.000963839 
2.23219e-17 4.99191e-14 1.04765e-10 1.92601e-07 6.82513e-05 0.00755488 0.985332 0.00691351 0.000130894 1.66873e-07 
2.05693e-20 4.90266e-17 1.07621e-13 2.41266e-10 1.19079e-07 0.000235912 0.963011 0.0342719 0.00241243 6.87686e-05 
4.64508e-14 3.7095e-11 3.68941e-08 5.84979e-05 0.00511971 0.0215505 0.968571 0.00464881 5.15342e-05 9.46457e-08 
5.01477e-29 1.28143e-25 2.79697e-22 5.23856e-19 9.11891e-17 3.80098e-13 8.88738e-10 4.23693e-07 0.000958456 0.999041 
1.07205e-17 2.28226e-14 4.72059e-11 8.68113e-08 3.03046e-05 0.00310863 0.993761 0.00306121 3.86425e-05 1.02402e-07 
1.48121e-20 3.61603e-17 7.91434e-14 1.65868e-10 6.15985e-08 0.00010005 0.00427027 0.991815 0.00350455 0.000310319 
1.58118e-20 3.8011e-17 8.33798e-14 1.82877e-10 7.94033e-08 0.000113789 0.00519324 0.992111 0.00251773 6.42488e-05 
1.48416e-28 3.79662e-25 8.28607e-22 1.54717e-18 2.60207e-16 1.11475e-12 3.31928e-09 5.47673e-05 0.974232 0.0257135 
1.00283e-07 5.0183e-05 0.015554 0.962533 0.0201094 0.00174316 1.00805e-05 4.88222e-08 1.26181e-10 4.01439e-14 
1.36671e-28 3.49527e-25 7.62896e-22 1.42663e-18 2.5733e-16 1.31662e-12 1.02203e-08 0.000192297 0.982345 0.0174622 
1.81607e-17 3.43213e-14 6.8465e-11 1.32137e-07 8.81363e-05 0.00726444 0.985601 0.0068801 0.000165997 3.08614e-07 
1.15971e-17 2.82286e-14 6.04321e-11 1.064e-07 5.55272e-06 0.00330357 0.985995 0.00980833 0.000853875 3.38513e-05 
0.000582774 0.0186632 0.962468 0.0181998 8.61309e-05 3.69607e-07 9.38526e-10 3.44312e-12 2.74738e-15 8.60359e-19 
4.55216e-24 1.13735e-20 2.48718e-17 4.95021e-14 1.31643e-11 3.08754e-08 3.11035e-05 0.00413099 0.993481 0.0023567 
6.18402e-12 3.00758e-09 1.33481e-06 0.000296362 0.0129141 0.980359 0.00638844 4.08407e-05 2.13736e-07 1.34002e-10 
2.773e-08 1.65294e-05 0.00738905 0.0436784 0.94201 0.00687675 2.86863e-05 1.44566e-07 2.86459e-10 1.12341e-13 
1.4878e-20 3.5052e-17 7.70255e-14 1.77514e-10 8.90132e-08 0.000151674 0.00355145 0.991327 0.00457233 0.000397715 
4.7816e-24 1.19742e-20 2.61801e-17 5.17909e-14 1.33661e-11 3.30409e-08 4.10871e-05 0.00492857 0.992221 0.00280911 
8.19e-29 2.09486e-25 4.57208e-22 8.53989e-19 1.43526e-16 6.01695e-13 1.38193e-09 8.22892e-07 0.00190949 0.99809 
3.03529e-25 7.45873e-22 1.63347e-18 3.39707e-15 1.13885e-12 2.0251e-09 8.75027e-07 0.000318746 0.985345 0.0143354 
1.67917e-20 4.01931e-17 8.81626e-14 1.94924e-10 8.73715e-08 0.000122435 0.00456024 0.993105 0.00215191 6.03319e-05 
3.68463e-28 9.55735e-25 2.08267e-21 3.72447e-18 2.81349e-16 3.05395e-12 1.88893e-09 1.8087e-05 0.987192 0.0127895 
1.24099e-10 6.93492e-08 7.34631e-06 0.00355817 0.958807 0.0333354 0.00425415 3.77555e-05 1.31023e-07 1.04803e-10 
0.00011828 0.015535 0.967909 0.0163636 7.38928e-05 3.16808e-07 8.08992e-10 2.96969e-12 2.38514e-15 7.46258e-19 
1.07194e-07 4.21814e-05 0.0152311 0.972034 0.0126266 6.61336e-05 1.42643e-07 3.46769e-10 4.17296e-13 1.30418e-16 
0.00857902 0.915145 0.0687992 0.0074546 2.18834e-05 3.81049e-08 4.28779e-11 1.86132e-14 7.55865e-18 1.8493e-21 
3.90179e-24 9.78911e-21 2.13994e-17 4.21244e-14 1.05487e-11 2.77976e-08 3.7467e-05 0.00407464 0.993447 0.00244117 
4.52165e-24 1.13069e-20 2.47242e-17 4.91006e-14 1.3034e-11 3.32011e-08 0.000116296 0.00607856 0.991552 0.00225271 
1.19632e-17 2.44401e-14 5.00009e-11 9.45852e-08 5.3624e-05 0.00464923 0.991016 0.00418953 9.14673e-05 1.56129e-07 
0.000132129 0.0159273 0.942919 0.0371801 0.00381746 2.36652e-05 3.76281e-08 3.45225e-11 1.55236e-14 4.3696e-18 
6.38658e-08 1.71949e-05 0.00336511 0.023974 0.963192 0.00942368 2.82867e-05 9.82334e-08 1.20494e-10 3.68606e-14 
1.22629e-07 4.44575e-05 0.0142639 0.962651 0.0212086 0.00182753 4.45768e-06 3.22276e-09 1.59288e-12 4.46191e-16 
8.47306e-08 3.2192e-05 0.0118143 0.955098 0.0282926 0.0047443 1.82672e-05 7.70029e-08 1.98819e-10 1.07157e-13 
6.84492e-43 1.15341e-38 8.43778e-34 1.0285e-28 4.78927e-24 1.65614e-19 1.99191e-14 1.74683e-09 0.000168993 0.999831 
3.6542e-12 1.88886e-09 6.48375e-07 0.000564055 0.941474 0.0513682 0.0065504 4.27718e-05 2.11468e-07 1.50787e-10 
8.29064e-05 0.0101945 0.0589896 0.92666 0.00406389 9.20728e-06 1.46516e-08 9.62432e-12 9.09496e-15 2.9982e-18 
6.30282e-14 5.19234e-11 5.3966e-08 8.0231e-05 0.0125997 0.980367 0.00690675 4.59221e-05 2.02068e-07 1.33991e-10 
1.09309e-10 6.6304e-08 3.22091e-05 0.00258907 0.0192779 0.974625 0.00346173 1.41424e-05 7.56258e-09 2.37307e-12 
3.02911e-14 2.57842e-11 2.72222e-08 4.42504e-05 0.00672773 0.955886 0.0346165 0.00272065 4.79857e-06 1.04292e-07 
1.14173e-20 2.77816e-17 6.09015e-14 1.29818e-10 5.18177e-08 7.84741e-05 0.0040847 0.993861 0.00193567 4.00222e-05 
6.64083e-14 5.49339e-11 5.73855e-08 8.58707e-05 0.0126424 0.980482 0.00674066 4.90422e-05 2.16628e-07 1.40059e-10 
1.06897e-07 4.5857e-05 0.0172687 0.969047 0.0135729 6.54597e-05 1.36169e-07 2.95374e-10 3.32325e-13 1.03253e-16 
2.40503e-29 6.19334e-26 1.35093e-22 2.47573e-19 3.3447e-17 1.74886e-13 4.31628e-10 2.37223e-07 0.000491807 0.999508 
0.0377261 0.945762 0.0163389 0.000172355 3.04794e-07 6.43395e-10 1.25358e-12 3.89638e-15 3.05988e-18 9.56704e-22 
4.89003e-21 1.22809e-17 2.68137e-14 5.21655e-11 1.24405e-08 1.58054e-05 0.00198158 0.0142389 0.982504 0.00126006 
8.59434e-19 9.33523e-16 1.37652e-12 2.71212e-09 2.34016e-06 0.00040185 0.00579625 0.991425 0.00231446 5.9683e-05 
0.000108148 0.0154839 0.968051 0.0162798 7.71455e-05 3.38361e-07 9.17866e-10 3.6256e-12 2.91938e-15 9.15631e-19 
1.96061e-20 4.63081e-17 1.01748e-13 2.33192e-10 1.15339e-07 0.00017923 0.00551447 0.99151 0.00272529 7.10544e-05 
1.4558e-10 1.0038e-07 7.83848e-05 0.0125728 0.975949 0.0113646 3.4637e-05 1.30236e-07 2.07472e-10 8.20389e-14 
4.19448e-24 1.05189e-20 2.29954e-17 4.53157e-14 1.14413e-11 2.91567e-08 3.97046e-05 0.00467937 0.990175 0.00510628 
6.85853e-14 5.59559e-11 5.76688e-08 0.000111464 0.929182 0.0637662 0.00689398 4.62374e-05 2.16755e-07 1.51776e-10 
1.60917e-17 4.15662e-14 9.03211e-11 1.59202e-07 1.07904e-05 0.00367039 0.978552 0.0162022 0.00147957 8.44888e-05 
1.81354e-17 4.39458e-14 1.16951e-10 7.05026e-07 0.0010338 0.965874 0.0288566 0.00414364 9.10628e-05 9.74307e-08 
1.54917e-10 2.16834e-07 0.000427517 0.343823 0.646129 0.00957446 4.60061e-05 3.18264e-07 2.29562e-09 4.06724e-12 
4.59618e-32 1.19508e-28 2.60648e-25 4.68522e-22 6.91466e-20 6.96204e-16 5.82671e-12 9.07087e-08 0.000651688 0.999348 
1.31269e-07 4.25875e-05 0.00988647 0.914967 0.0693882 0.00570594 9.81514e-06 5.04412e-09 2.05529e-12 5.02219e-16 
0.000769675 0.0202862 0.961351 0.0175047 8.80468e-05 3.09941e-07 7.16763e-10 2.30002e-12 1.81539e-15 5.66606e-19 
2.98765e-24 7.50665e-21 1.64077e-17 3.21689e-14 7.84538e-12 2.06489e-08 2.84346e-05 0.00356724 0.994264 0.00214034 
2.56756e-20 6.09753e-17 1.33879e-13 3.0236e-10 1.44469e-07 0.000214058 0.00667442 0.989821 0.00319701 9.32161e-05 
1.08971e-28 2.79153e-25 6.0918e-22 1.13304e-18 1.82917e-16 8.06456e-13 1.91401e-09 1.03874e-06 0.00222418 0.997775 
9.12084e-29 2.33325e-25 5.09227e-22 9.50758e-19 1.59646e-16 6.81613e-13 1.58077e-09 7.34545e-07 0.00156 0.998439 
1.35474e-07 5.04628e-05 0.0167259 0.0765681 0.905729 0.000925765 4.54671e-07 4.61005e-10 4.65849e-13 1.42996e-16 
1.07816e-28 2.75829e-25 6.01987e-22 1.1237e-18 1.88351e-16 8.07129e-13 1.88041e-09 9.27193e-07 0.00211403 0.997885 
1.40945e-24 3.62258e-21 7.90266e-18 1.45521e-14 2.0661e-12 1.04451e-08 2.52888e-05 0.00304839 0.992706 0.00422052 
2.30585e-24 5.75123e-21 1.25787e-17 2.51493e-14 6.86391e-12 1.59493e-08 1.50376e-05 0.00110656 0.495345 0.503533 
3.6151e-24 9.09467e-21 1.98763e-17 3.8834e-14 9.27473e-12 2.5744e-08 3.76744e-05 0.00387538 0.99374 0.0023465 
2.89195e-23 7.24509e-20 1.56999e-16 2.88655e-13 5.49743e-11 9.66083e-08 3.63614e-05 0.00367598 0.994221 0.0020664 
3.57691e-24 8.95967e-21 1.95886e-17 3.87232e-14 1.00031e-11 2.55447e-08 3.4868e-05 0.00318172 0.99488 0.0019032 
2.22588e-20 5.29509e-17 1.16243e-13 2.6141e-10 1.2291e-07 0.000188423 0.00567093 0.989874 0.00418636 8.05242e-05 
2.70389e-10 1.73329e-07 0.000102435 0.0160638 0.969443 0.0143403 5.04814e-05 2.08817e-07 3.89928e-10 1.61432e-13 
0.000123668 0.0159529 0.967022 0.0168239 7.74689e-05 3.35178e-07 8.59732e-10 3.18143e-12 2.54896e-15 7.97943e-19 
6.31923e-14 5.15652e-11 5.31624e-08 7.72077e-05 0.0096895 0.0395491 0.949255 0.0014284 8.11779e-07 2.98046e-10 
7.53565e-18 1.96806e-14 4.28696e-11 7.51834e-08 1.99145e-06 0.00243173 0.978697 0.0170346 0.00175499 7.94192e-05 
9.37638e-16 8.87565e-13 1.09631e-09 8.43514e-07 0.000258124 0.00773261 0.984909 0.00695894 0.000139955 2.21499e-07 
2.85591e-30 7.31089e-27 1.59545e-23 2.97231e-20 4.85856e-18 2.17222e-14 4.92632e-11 2.49559e-08 0.000173099 0.999827 
8.47217e-08 3.10643e-05 0.0079508 0.0350197 0.951918 0.0050674 1.32434e-05 3.73625e-08 1.11844e-10 5.88396e-14 
3.06005e-24 7.72153e-21 1.68709e-17 3.26926e-14 7.37162e-12 2.16908e-08 3.47675e-05 0.00367312 0.994162 0.00213012 
1.65151e-30 4.22497e-27 9.22236e-24 1.72445e-20 2.98994e-18 1.27105e-14 6.03397e-11 1.3855e-05 0.990743 0.00924342 
1.07868e-07 4.31907e-05 0.0159123 0.956411 0.0251888 0.00243073 1.35198e-05 7.55637e-08 1.46558e-10 5.8027e-14 
4.8213e-24 1.20672e-20 2.63846e-17 5.22672e-14 1.35859e-11 3.32351e-08 4.00375e-05 0.00347385 0.981922 0.0145642 
9.55737e-18 2.49694e-14 5.43812e-11 9.51818e-08 2.09815e-06 0.00216874 0.975921 0.0208029 0.00105911 4.60348e-05 
8.85541e-29 2.26689e-25 4.94717e-22 9.21947e-19 1.51998e-16 6.59654e-13 1.5516e-09 7.50106e-07 0.00155098 0.998448 
5.21504e-29 1.3373e-25 2.91798e-22 5.41039e-19 8.41335e-17 3.95572e-13 9.23281e-10 4.80306e-07 0.00114669 0.998853 
1.15713e-28 2.9665e-25 6.47316e-22 1.20132e-18 1.88861e-16 8.5386e-13 2.01534e-09 1.05936e-06 0.00211405 0.997885 
3.37106e-14 2.76767e-11 2.83829e-08 4.57616e-05 0.00801446 0.987424 0.00448939 2.58814e-05 1.02339e-07 7.11921e-11 
0.00466241 0.895437 0.0841165 0.0156526 0.000131026 5.75523e-07 1.41247e-09 4.90086e-12 4.2777e-15 1.33144e-18 
4.33179e-14 3.56895e-11 3.71512e-08 5.7441e-05 0.00958043 0.985045 0.00528426 3.2545e-05 1.35024e-07 9.3998e-11 
5.21288e-14 4.31154e-11 4.48999e-08 6.55874e-05 0.0104572 0.973486 0.0156025 0.000388081 3.5383e-07 2.11619e-10 
3.23591e-27 8.46397e-24 1.84422e-20 3.23718e-17 1.45425e-15 1.07603e-11 4.25982e-08 0.000354258 0.00511392 0.994532 
1.76617e-10 1.08338e-07 4.85461e-05 0.00412331 0.0254172 0.966389 0.00399201 2.99632e-05 6.1784e-08 6.7688e-11 
4.28159e-24 1.07266e-20 2.34513e-17 4.6336e-14 1.18172e-11 2.89999e-08 3.38962e-05 0.00392815 0.993744 0.00229436 
3.13968e-24 7.84963e-21 1.71645e-17 3.40984e-14 8.92479e-12 2.05351e-08 1.85411e-05 0.00279712 0.995573 0.00161098 
2.15544e-10 1.33878e-07 6.66806e-05 0.00866436 0.0521151 0.93683 0.00232255 1.10988e-06 5.27051e-10 1.38719e-13 
7.19844e-25 1.75715e-21 3.85057e-18 8.14932e-15 2.9654e-12 4.73876e-09 1.9465e-06 0.000203813 0.00223003 0.997564 
1.27625e-18 3.07025e-15 6.60387e-12 1.26683e-08 6.15816e-06 0.000791495 0.0105373 0.986934 0.00169311 3.83114e-05 
1.28108e-12 1.4329e-09 2.47482e-06 0.00209985 0.955328 0.0374559 0.00507103 4.28579e-05 2.14622e-07 1.50516e-10 
0.0159122 0.961926 0.0218095 0.000351581 6.25099e-07 1.15874e-09 1.88508e-12 4.95568e-15 3.85228e-18 1.20085e-21 
2.90293e-26 7.27692e-23 1.59137e-19 3.14902e-16 8.21074e-14 1.76431e-10 1.98436e-07 0.000869864 0.0117742 0.987356 
5.18078e-14 4.13724e-11 4.08753e-08 6.46119e-05 0.00808257 0.987086 0.00472463 4.2066e-05 1.65144e-07 1.13047e-10 
2.8162e-21 7.05982e-18 1.53797e-14 2.94574e-11 7.18394e-09 1.03661e-05 0.00206314 0.984856 0.0114467 0.0016236 
5.20992e-14 4.24878e-11 4.33511e-08 6.44736e-05 0.00882104 0.9864 0.00468106 3.33034e-05 1.65367e-07 1.08339e-10 
4.02126e-20 7.91097e-17 1.72339e-13 6.06008e-10 1.84742e-06 0.00253176 0.965035 0.0293683 0.00297383 8.97059e-05 
4.99592e-19 5.80973e-16 9.06354e-13 1.9061e-09 1.49543e-06 0.000479577 0.00667524 0.990572 0.00221095 6.11003e-05 
1.70222e-18 4.44708e-15 9.69567e-12 1.7108e-08 6.56456e-07 0.000770078 0.00841275 0.989168 0.00161464 3.38888e-05 
8.13075e-29 2.08115e-25 4.54191e-22 8.46776e-19 1.39872e-16 5.95706e-13 1.39647e-09 9.09508e-07 0.00227008 0.997729 
2.18662e-20 5.12903e-17 1.1276e-13 2.62757e-10 1.37107e-07 0.000186402 0.00618562 0.989194 0.00419853 0.000235535 
2.29771e-10 1.44223e-07 7.89288e-05 0.00971477 0.970545 0.0180044 0.00163568 2.11172e-05 2.61027e-08 2.79978e-11 
7.93218e-08 3.37606e-05 0.0135849 0.967143 0.0177201 0.00150822 1.01972e-05 5.48567e-08 1.72386e-10 7.84625e-14 
1.5419e-20 3.70888e-17 8.13077e-14 1.77433e-10 7.56671e-08 0.000124882 0.0043521 0.991205 0.00411967 0.000198718 
4.71551e-24 1.18042e-20 2.58093e-17 5.11092e-14 1.32884e-11 3.27249e-08 4.11624e-05 0.0046516 0.992686 0.00262136 
4.35956e-24 1.09432e-20 2.3921e-17 4.70196e-14 1.16825e-11 3.05593e-08 4.85939e-05 0.00538025 0.991748 0.00282355 
1.82341e-17 4.10544e-14 8.63636e-11 1.59682e-07 6.62943e-05 0.00663255 0.985776 0.00723059 0.000253091 4.09199e-05 
8.88253e-23 2.31841e-19 5.05262e-16 8.92822e-13 5.29622e-11 3.45155e-07 0.00109914 0.971718 0.0240643 0.00311789 
1.05864e-28 2.70789e-25 5.90998e-22 1.10374e-18 1.85961e-16 7.92655e-13 1.84305e-09 9.17965e-07 0.00216125 0.997838 
3.39259e-24 8.4891e-21 1.85617e-17 3.67992e-14 9.63746e-12 2.43022e-08 3.10588e-05 0.00300705 0.995178 0.00178345 
1.35672e-17 3.05702e-14 6.43272e-11 1.19355e-07 5.10298e-05 0.00302511 0.0243677 0.971646 0.000892834 1.7114e-05 
2.9525e-24 7.37388e-21 1.61259e-17 3.21331e-14 8.68901e-12 2.06141e-08 2.50519e-05 0.00342241 0.994691 0.00186179 
5.18745e-19 1.24074e-15 2.6466e-12 4.71433e-09 3.67182e-07 0.000299962 0.272231 0.725535 0.00188212 5.10983e-05 
3.16884e-24 7.96552e-21 1.74098e-17 3.40895e-14 8.24059e-12 2.22625e-08 3.08743e-05 0.00346317 0.994537 0.00196864 
9.78718e-08 3.7511e-05 0.0125613 0.966158 0.0195615 0.00167243 8.87187e-06 5.20106e-08 8.14622e-11 3.35091e-14 
4.63534e-14 3.74753e-11 3.75185e-08 6.13925e-05 0.0101911 0.984083 0.00563723 2.73708e-05 1.42477e-07 9.27003e-11 
0.00533619 0.0434402 0.941483 0.00969381 4.67658e-05 2.4199e-07 7.61614e-10 3.41262e-12 2.7428e-15 8.63929e-19 
1.66678e-13 1.1766e-10 9.09765e-08 8.76185e-05 0.0111576 0.982184 0.00652575 4.44311e-05 1.94481e-07 1.41147e-10 
2.89419e-29 7.48073e-26 1.6313e-22 2.95935e-19 3.49175e-17 2.02762e-13 5.38855e-10 3.99396e-07 0.000778231 0.999221 
4.38321e-24 1.0964e-20 2.39738e-17 4.75715e-14 1.25247e-11 3.06058e-08 3.78642e-05 0.0035644 0.994274 0.0021238 
1.70995e-24 4.31409e-21 9.42586e-18 1.82703e-14 4.12444e-12 1.19502e-08 1.79559e-05 0.0026199 0.995939 0.00142337 
1.75178e-17 3.70631e-14 7.65964e-11 1.43175e-07 6.72559e-05 0.00597785 0.986309 0.00740868 0.000236496 3.04546e-07 
5.41149e-06 0.00113496 0.0200446 0.966456 0.0122956 6.33042e-05 1.43894e-07 3.70838e-10 3.91607e-13 1.20234e-16 
2.0892e-17 4.30951e-14 8.84049e-11 1.66601e-07 8.71514e-05 0.00737437 0.985388 0.00697708 0.000172753 2.44037e-07 
3.58673e-24 9.02106e-21 1.9716e-17 3.85511e-14 9.30142e-12 2.61036e-08 4.09826e-05 0.00393452 0.993352 0.00267288 
0.00397869 0.47675 0.506203 0.0130032 6.39404e-05 2.77701e-07 7.52128e-10 2.98881e-12 2.37074e-15 7.4432e-19 
2.14355e-29 5.48916e-26 1.1979e-22 2.23023e-19 3.62805e-17 1.59442e-13 3.72771e-10 2.96955e-07 0.00101651 0.998983 
1.54369e-17 3.19884e-14 6.57285e-11 1.23735e-07 6.09419e-05 0.0059808 0.987949 0.00589485 0.000114335 1.75008e-07 
1.41169e-17 2.88663e-14 5.91e-11 1.1243e-07 6.40245e-05 0.00512971 0.989404 0.00527899 0.000123476 1.71958e-07 
3.68396e-14 2.9943e-11 3.25951e-08 0.000103255 0.00915727 0.985904 0.00480523 2.98967e-05 1.10288e-07 7.58576e-11 
2.06602e-20 4.90694e-17 1.0775e-13 2.4355e-10 1.15976e-07 0.000167542 0.00554707 0.989373 0.00455999 0.00035227 
1.24524e-28 3.18063e-25 6.94247e-22 1.30162e-18 2.28144e-16 9.48897e-13 2.16771e-09 8.79662e-07 0.00198796 0.998011 
5.85998e-29 1.50058e-25 3.27471e-22 6.09708e-19 9.94744e-17 4.36806e-13 1.02755e-09 5.64271e-07 0.00139247 0.998607 
0.966802 0.0325172 0.000678312 2.7252e-06 8.35594e-09 8.74207e-12 8.53004e-15 3.76979e-18 1.71834e-21 4.47349e-25 
7.9963e-26 1.98955e-22 4.35244e-19 8.76044e-16 2.49502e-13 4.35317e-10 3.46757e-07 2.11466e-05 0.00198073 0.997998 
2.73576e-29 6.9323e-26 1.51414e-22 2.90161e-19 6.12235e-17 2.08674e-13 4.18109e-10 1.17796e-07 0.000380113 0.99962 
1.95263e-14 1.59096e-11 1.58168e-08 2.7725e-05 0.00369662 0.650429 0.34316 0.00263626 4.9845e-05 7.88685e-08 
2.14559e-20 5.056e-17 1.11129e-13 2.56351e-10 1.29796e-07 0.000199604 0.0055405 0.990445 0.00365742 0.000157045 
0.00530511 0.0424687 0.94375 0.00845065 2.54603e-05 8.14843e-08 1.51364e-10 3.13437e-13 2.8338e-16 8.57827e-20 
9.18046e-29 2.35299e-25 5.13459e-22 9.53635e-19 1.51631e-16 6.80029e-13 1.6232e-09 9.20042e-07 0.00202514 0.997974 
6.50377e-29 1.66678e-25 3.63716e-22 6.75643e-19 1.0774e-16 4.86621e-13 1.16136e-09 5.6966e-07 0.00134619 0.998653 
0.0036022 0.892261 0.0898346 0.0142452 5.65735e-05 2.7723e-07 7.55246e-10 2.91538e-12 2.33554e-15 7.31714e-19 
1.31673e-07 5.22093e-05 0.0181077 0.966431 0.0151403 0.000267145 1.48266e-06 1.1803e-08 3.65696e-11 2.26641e-14 
1.68872e-07 6.47965e-05 0.0215388 0.960457 0.0178438 9.57133e-05 2.15572e-07 5.30839e-10 5.56775e-13 1.71914e-16 
3.85151e-24 9.70591e-21 2.12147e-17 4.13742e-14 1.03416e-11 4.2857e-08 0.000143108 0.491366 0.506727 0.0017641 
6.11642e-22 1.56218e-18 3.4011e-15 6.25053e-12 1.21851e-09 1.97523e-06 0.00105943 0.982599 0.0142938 0.00204532 
7.80144e-29 1.99344e-25 4.35106e-22 8.14959e-19 1.41438e-16 5.87163e-13 1.35122e-09 6.01211e-07 0.00133178 0.998668 
1.96629e-11 1.01818e-08 6.43944e-06 0.00490339 0.948482 0.0410806 0.00548929 3.84999e-05 1.1915e-07 5.01802e-11 
5.1275e-14 4.22612e-11 4.36552e-08 6.63664e-05 0.0103285 0.982664 0.00669313 0.000227261 2.02676e-05 1.15995e-08 
1.41548e-20 3.30272e-17 7.25438e-14 1.70143e-10 9.20447e-08 0.000205681 0.00555932 0.988042 0.00550211 0.000690748 
0.0146337 0.962973 0.0220221 0.000370633 6.94236e-07 1.29962e-09 2.13232e-12 5.66046e-15 4.39491e-18 1.37091e-21 
1.55071e-17 2.82111e-14 5.5634e-11 1.1052e-07 9.33288e-05 0.00644974 0.98257 0.0106333 0.000253671 2.57796e-07 
8.71676e-29 2.23315e-25 4.87323e-22 9.06194e-19 1.45893e-16 6.45704e-13 1.53027e-09 8.49193e-07 0.00194598 0.998053 
3.51895e-24 8.78939e-21 1.92225e-17 3.83222e-14 1.0658e-11 2.97366e-08 5.25899e-05 0.96294 0.0350984 0.0019093 
2.48064e-29 6.41372e-26 1.39855e-22 2.53436e-19 2.97448e-17 1.82944e-13 4.93962e-10 2.58634e-07 0.000595691 0.999404 
1.23716e-05 0.000369317 0.0202333 0.964274 0.0150291 8.1334e-05 1.92267e-07 5.25988e-10 6.38796e-13 1.99517e-16 
2.66522e-10 1.68829e-07 9.49089e-05 0.0130073 0.975264 0.0115891 4.40766e-05 2.05629e-07 3.65105e-10 1.43728e-13 
2.82602e-24 7.11086e-21 1.55405e-17 3.03479e-14 7.26055e-12 2.06836e-08 3.27752e-05 0.00226222 0.0106674 0.987038 
3.89884e-24 9.70967e-21 2.12397e-17 4.26496e-14 1.19976e-11 2.66033e-08 2.75829e-05 0.0027234 0.99381 0.00343943 
9.98974e-05 0.012405 0.974202 0.0132285 6.42509e-05 2.92898e-07 7.98012e-10 3.12797e-12 2.5248e-15 7.91406e-19 
1.79808e-20 4.26074e-17 9.36333e-14 2.13598e-10 1.02716e-07 0.000144725 0.00564715 0.988807 0.00511415 0.000287359 
1.44177e-17 3.76077e-14 8.1886e-11 1.4352e-07 3.67718e-06 0.00376629 0.981179 0.0136392 0.00134691 6.46685e-05 
3.0357e-14 2.54627e-11 2.70879e-08 4.07862e-05 0.00805112 0.987488 0.00439277 2.73158e-05 9.79113e-08 6.31242e-11 
1.85482e-17 4.1854e-14 8.85926e-11 1.65614e-07 4.2767e-05 0.00538435 0.989839 0.00468409 4.9176e-05 1.37553e-07 
7.39857e-29 1.89134e-25 4.12803e-22 7.72204e-19 1.32341e-16 5.58548e-13 1.29123e-09 5.94292e-07 0.00139188 0.998608 
6.92534e-12 6.86976e-09 8.16684e-06 0.00763876 0.961128 0.027944 0.0032429 3.76607e-05 1.97794e-07 1.33567e-10 
4.28257e-08 3.86797e-05 0.00579545 0.928254 0.0645952 0.00131268 4.32573e-06 1.76059e-08 3.02122e-11 1.43092e-14 
0.00850617 0.926975 0.0582281 0.0062758 1.45575e-05 5.65905e-08 1.9534e-10 1.01627e-12 8.29992e-16 2.62089e-19 
1.88064e-17 4.18326e-14 8.76796e-11 1.61704e-07 5.96179e-05 0.00626529 0.987354 0.00618712 0.000133352 1.88773e-07 
1.80234e-20 4.33983e-17 9.59885e-14 2.2058e-10 1.23799e-07 0.000253978 0.972922 0.0249739 0.00180067 4.9226e-05 
1.50011e-17 3.72841e-14 8.03843e-11 1.45394e-07 3.81105e-05 0.00403382 0.986597 0.00867297 0.000615975 4.20128e-05 
0.0169461 0.95758 0.0250421 0.000430829 8.66309e-07 1.60617e-09 2.53708e-12 6.41176e-15 4.9555e-18 1.54413e-21 
8.69595e-22 2.13855e-18 4.68258e-15 9.70702e-12 3.25211e-09 1.07908e-05 0.00133158 0.981185 0.0154052 0.00206785 
2.11353e-17 4.48485e-14 9.2692e-11 1.71728e-07 6.99532e-05 0.00644916 0.986998 0.00635652 0.000126356 2.02312e-07 
2.19543e-32 5.74904e-29 1.25339e-25 2.21075e-22 2.06875e-20 2.26248e-16 1.73984e-12 3.15936e-08 0.000376225 0.999624 
1.33007e-25 3.25656e-22 7.13618e-19 1.50164e-15 5.38911e-13 9.33148e-10 5.56819e-07 0.0019594 0.994218 0.00382157 
6.70835e-14 5.46535e-11 5.61244e-08 8.57959e-05 0.0112384 0.982499 0.00613406 4.2305e-05 2.11708e-07 1.47758e-10 
8.33059e-24 2.11107e-20 4.60156e-17 8.66722e-14 1.52613e-11 3.44539e-08 4.27103e-05 0.00430466 0.993144 0.00250852 
8.63075e-29 2.20849e-25 4.81988e-22 8.99203e-19 1.49881e-16 6.45921e-13 1.50863e-09 7.37353e-07 0.00160282 0.998396 
1.26183e-17 3.2466e-14 7.04757e-11 1.2392e-07 4.86203e-06 0.00313196 0.984072 0.0115281 0.00118645 7.68477e-05 
2.01154e-10 1.2564e-07 6.80052e-05 0.0116726 0.965361 0.0210785 0.00181215 7.44609e-06 3.79023e-09 1.22786e-12 
1.90923e-20 4.53013e-17 9.94571e-14 2.24824e-10 1.08859e-07 0.000154239 0.00470974 0.98945 0.00554158 0.000143845 
2.86582e-14 2.35682e-11 2.46041e-08 3.66937e-05 0.00517021 0.978703 0.0150682 0.00102084 9.91234e-07 5.36815e-10 
6.88733e-15 5.17984e-12 4.45724e-09 9.85095e-06 0.000460109 0.00774835 0.985603 0.00604412 0.000134372 1.76907e-07 
5.86646e-14 4.79177e-11 4.90917e-08 7.54821e-05 0.0119375 0.981298 0.00664803 4.07525e-05 1.89869e-07 1.26993e-10 
6.12462e-29 1.56389e-25 3.41364e-22 6.40558e-19 1.13128e-16 4.66421e-13 1.05864e-09 4.38121e-07 0.0012172 0.998782 
1.67261e-17 3.5482e-14 7.33335e-11 1.35401e-07 5.10575e-05 0.00511006 0.989819 0.00493295 8.63559e-05 1.74452e-07 
1.33468e-07 4.80295e-05 0.0140628 0.95494 0.0295732 0.00137405 1.87471e-06 9.84763e-10 7.04625e-13 1.95923e-16 
3.0573e-10 1.92729e-07 0.000105641 0.0144489 0.972253 0.0131421 5.04489e-05 2.21705e-07 4.09806e-10 1.57466e-13 
1.33806e-12 1.34259e-09 2.2003e-06 0.00151124 0.959785 0.0341064 0.00456514 2.97846e-05 1.14899e-07 6.97528e-11 
4.02128e-16 3.5001e-13 4.75835e-10 4.63734e-07 7.31308e-05 0.00555172 0.989144 0.00516961 6.08803e-05 1.14694e-07 
2.51698e-09 1.87878e-06 0.000904356 0.0158965 0.972284 0.0108781 3.45107e-05 1.30169e-07 2.39125e-10 1.02711e-13 
2.75689e-26 6.78573e-23 1.48591e-19 3.07769e-16 1.02823e-13 1.88235e-10 1.6848e-07 9.95765e-06 0.00210137 0.997889 
3.56534e-26 9.32572e-23 2.03131e-19 3.55171e-16 8.35411e-15 3.12854e-11 4.65988e-08 6.90093e-05 0.00210216 0.997829 
1.07542e-24 2.67369e-21 5.84921e-18 1.17935e-14 3.40859e-12 6.88347e-09 6.28439e-06 0.000471113 0.00421937 0.995303 
4.60138e-24 1.14587e-20 2.50656e-17 5.03326e-14 1.4096e-11 3.00307e-08 2.62477e-05 0.00453805 0.992932 0.00250363 
2.58259e-11 2.13621e-08 2.31749e-05 0.00541557 0.0370161 0.954073 0.00345712 1.5362e-05 1.49242e-07 1.1128e-10 
5.24809e-14 4.31848e-11 4.46489e-08 6.86113e-05 0.0100675 0.984342 0.00548472 3.71055e-05 1.68898e-07 1.10351e-10 
7.67982e-21 1.90304e-17 4.16354e-14 8.45192e-11 2.46175e-08 7.27964e-05 0.00304971 0.989407 0.00657428 0.000895914 
1.36471e-07 5.28488e-05 0.0177458 0.967101 0.0149341 0.000165323 6.8041e-07 2.0002e-09 6.4459e-12 2.58435e-15 
4.08747e-26 1.05083e-22 2.29235e-19 4.21605e-16 5.12309e-14 1.70105e-10 1.96806e-07 0.000128567 0.00216691 0.997704 
1.93817e-20 4.62441e-17 1.01512e-13 2.26969e-10 1.04591e-07 0.000165758 0.00504634 0.980291 0.0143107 0.000186385 
3.40117e-24 8.52496e-21 1.86372e-17 3.67766e-14 9.33034e-12 2.37574e-08 2.98342e-05 0.0030442 0.994423 0.0025029 
2.83836e-24 7.08106e-21 1.54872e-17 3.09515e-14 8.45718e-12 1.89327e-08 1.92277e-05 0.00328261 0.994882 0.00181655 
8.16114e-12 4.2931e-09 1.2583e-06 0.00028999 0.0132204 0.979594 0.00685806 3.57292e-05 1.79662e-07 1.28574e-10 
2.09734e-20 4.92159e-17 1.08211e-13 2.52042e-10 1.32649e-07 0.000190197 0.00498033 0.988119 0.00620049 0.000509621 
4.62131e-14 3.7217e-11 3.74488e-08 5.77657e-05 0.00856528 0.986611 0.00472847 3.70339e-05 1.38461e-07 1.06087e-10 
8.78202e-29 2.24566e-25 4.90129e-22 9.16139e-19 1.55493e-16 6.55441e-13 1.51097e-09 7.86645e-07 0.00191206 0.998087 
2.00232e-10 1.18729e-07 4.64894e-05 0.00835199 0.0546128 0.934036 0.00294756 5.0843e-06 2.0183e-08 8.48273e-12 
0.0150288 0.9455 0.0356572 0.00379244 2.16156e-05 9.1948e-08 1.82977e-10 4.28671e-13 3.12414e-16 9.62406e-20 
7.2483e-08 2.18541e-05 0.00496076 0.0257537 0.961384 0.00786111 1.88636e-05 4.42023e-08 2.47054e-11 9.43193e-15 
2.00553e-08 9.41843e-06 0.0025203 0.0209081 0.967922 0.0086084 3.11917e-05 1.30623e-07 2.88968e-10 1.17473e-13 
1.47432e-20 3.43487e-17 7.56104e-14 1.79847e-10 9.66991e-08 0.000136728 0.00274603 0.981533 0.0142119 0.00137238 
0.000135369 0.0170434 0.964674 0.0180553 9.11563e-05 4.42453e-07 1.29813e-09 5.48436e-12 4.44494e-15 1.39587e-18 
9.26607e-25 2.38448e-21 5.20135e-18 9.55127e-15 1.43602e-12 8.51221e-09 2.58947e-05 0.00201401 0.993606 0.00435411 
5.9511e-14 4.78835e-11 4.85951e-08 7.01617e-05 0.00946325 0.985378 0.00502925 5.91327e-05 2.14339e-07 1.7426e-10 
0.00926197 0.921067 0.0627273 0.00691019 3.36558e-05 7.44772e-08 1.02567e-10 6.77411e-14 3.03722e-17 8.1882e-21 
1.14216e-07 4.07726e-05 0.0109283 0.0544835 0.930997 0.00354603 4.58153e-06 1.72403e-09 7.23429e-13 1.6703e-16 
1.04462e-07 3.65952e-05 0.0121575 0.960213 0.024982 0.00259941 1.13658e-05 6.72995e-08 5.00421e-11 1.55489e-14 
1.70587e-06 0.0023361 0.906013 0.0768482 0.0147139 8.64958e-05 2.03418e-07 5.34175e-10 6.10998e-13 1.8961e-16 
2.07495e-20 4.90982e-17 1.07866e-13 2.46259e-10 1.21172e-07 0.000178339 0.004945 0.992427 0.00237646 7.31309e-05 
3.6285e-14 3.09322e-11 3.36061e-08 5.02822e-05 0.00960878 0.977063 0.0128455 0.000431759 2.06541e-07 7.77422e-11 
0.000114731 0.0158606 0.967143 0.0168067 7.42158e-05 3.04462e-07 7.5412e-10 2.67146e-12 2.13808e-15 6.6867e-19 
2.88474e-21 7.35436e-18 1.60135e-14 2.95406e-11 3.99215e-09 8.61987e-06 0.00119164 0.970809 0.0257676 0.0022233 
9.17117e-08 3.4728e-05 0.0131686 0.96039 0.0238188 0.00257928 8.50324e-06 3.87804e-08 2.05444e-11 6.56616e-15 
3.5815e-24 8.92943e-21 1.95306e-17 3.90949e-14 1.08047e-11 2.42485e-08 2.49222e-05 0.00351784 0.994417 0.00204043 
2.34832e-25 6.00193e-22 1.3099e-18 2.44867e-15 3.75535e-13 1.26393e-09 1.56091e-06 0.00100305 0.989938 0.00905727 
1.76118e-10 9.66012e-08 1.52748e-05 0.00339252 0.299321 0.693064 0.00418376 2.34047e-05 9.03365e-08 3.95813e-11 
1.4478e-12 8.18629e-10 1.83666e-07 0.000289653 0.936283 0.0584018 0.00500125 2.43198e-05 1.07323e-07 8.43521e-11 
1.25262e-23 3.24326e-20 7.07083e-17 1.27379e-13 1.0412e-11 2.60868e-08 3.96243e-05 0.00329006 0.994904 0.00176659 
3.63352e-23 9.31386e-20 2.02801e-16 3.7111e-13 6.80707e-11 1.07478e-07 7.75249e-05 0.0100821 0.98757 0.00226998 
5.84708e-21 1.42699e-17 3.12659e-14 6.61019e-11 2.31982e-08 7.55364e-05 0.00236313 0.990129 0.00643041 0.00100186 
6.33575e-22 1.52747e-18 3.35078e-15 7.30305e-12 3.40287e-09 3.38271e-06 0.000257195 0.00404525 0.993656 0.0020379 
3.24484e-24 8.12264e-21 1.77597e-17 3.5169e-14 9.15527e-12 2.30366e-08 2.96072e-05 0.00294269 0.995335 0.00169223 
3.29593e-24 8.26087e-21 1.80602e-17 3.56483e-14 9.11641e-12 2.3395e-08 3.24874e-05 0.00350952 0.994045 0.00241313 
3.29867e-17 5.38869e-14 9.92972e-11 1.74904e-07 8.87724e-05 0.00706201 0.986208 0.00649178 0.000148623 2.04673e-07 
5.12912e-29 1.3163e-25 2.87207e-22 5.31523e-19 8.12108e-17 3.77402e-13 9.1508e-10 6.05147e-07 0.00170206 0.998297 
3.84083e-05 0.00875403 0.67089 0.316976 0.00332077 2.12894e-05 5.01043e-08 1.31577e-10 1.32856e-13 4.06683e-17 
1.98628e-26 4.95173e-23 1.08297e-19 2.16649e-16 5.90709e-14 1.18958e-10 3.93315e-08 6.10358e-06 0.0022505 0.997743 
8.12759e-29 2.07693e-25 4.5332e-22 8.48822e-19 1.46932e-16 6.18831e-13 1.41815e-09 4.744e-07 0.00085179 0.999148 
4.30478e-14 3.48069e-11 3.5211e-08 5.08453e-05 0.00433762 0.0409141 0.953816 0.000879991 1.01367e-06 6.76136e-10 
1.68849e-20 4.00513e-17 8.79625e-14 1.9947e-10 9.64561e-08 0.000144778 0.00446295 0.992886 0.00241097 9.47196e-05 
1.86471e-17 3.85896e-14 7.92233e-11 1.4864e-07 7.29407e-05 0.00622219 0.987565 0.00601167 0.000128332 2.1419e-07 
1.25865e-07 4.76134e-05 0.0159544 0.96926 0.0145812 0.00015627 6.49871e-07 4.11133e-09 1.30038e-11 8.33423e-15 
0.130868 0.852527 0.0163548 0.000249606 4.87689e-07 8.71079e-10 1.32468e-12 3.17131e-15 2.44018e-18 7.59565e-22 
9.54046e-29 2.44128e-25 5.32789e-22 9.93923e-19 1.65426e-16 7.15356e-13 1.66005e-09 7.3402e-07 0.00161468 0.998385 
6.60583e-14 5.26786e-11 5.2895e-08 7.3875e-05 0.00931488 0.985443 0.00509158 7.60657e-05 3.38942e-07 9.7036e-10 
