7239
3.32906e-07 4.6175e-06 1.69476e-05 0.000154902 0.00129513 0.0175147 0.0639985 0.801577 0.0850234 0.0304149 
9.82496e-07 7.21556e-06 0.000102215 0.000830269 0.00645185 0.0248777 0.809811 0.0974852 0.0475299 0.0129039 
6.63644e-07 5.20996e-06 3.56912e-05 0.000658123 0.00309392 0.0118232 0.0460193 0.876672 0.046022 0.0156696 
2.96365e-10 3.42649e-09 2.90149e-08 7.32582e-07 0.000296606 0.00020404 0.000516331 0.00236231 0.00763351 0.988986 
4.09993e-10 5.03096e-09 4.89215e-08 1.13158e-06 0.000445842 0.000431924 0.00240878 0.0110616 0.936557 0.0490939 
3.06428e-09 4.92483e-08 4.53861e-07 4.75849e-05 0.00039263 0.00041969 0.00256752 0.00847196 0.0234535 0.964647 
5.80445e-08 6.36509e-07 5.49781e-06 9.25575e-05 0.000432949 0.00217737 0.0100765 0.341405 0.554989 0.0908208 
1.95189e-10 2.37637e-09 2.06972e-08 5.72941e-07 0.000237022 0.000176739 0.000628211 0.00292766 0.0105128 0.985517 
1.21771e-05 0.000449953 0.000865386 0.00348729 0.0154248 0.0358578 0.0640892 0.840399 0.0313465 0.00806833 
7.51292e-11 9.58626e-10 1.04282e-08 2.47849e-07 0.000121111 0.000109835 0.00139247 0.00533018 0.0169453 0.976101 
5.37292e-08 6.30643e-07 4.91133e-06 0.000100208 0.000492798 0.00273042 0.0120404 0.0415707 0.0583974 0.884662 
9.21294e-14 2.58991e-12 1.41767e-10 9.50905e-10 3.29767e-08 1.87759e-06 0.000161474 0.000630747 0.00310891 0.996097 
1.93664e-19 3.16466e-17 1.17773e-14 3.23691e-13 3.41183e-10 4.85492e-08 6.72138e-05 0.000163608 0.00160764 0.998161 
1.31638e-06 1.338e-05 7.1545e-05 0.000770859 0.00500696 0.0195171 0.838136 0.0834887 0.0420179 0.0109757 
5.29693e-08 5.40253e-07 5.02016e-06 9.45074e-05 0.000360754 0.00172589 0.00916265 0.0348233 0.922957 0.0308703 
4.09074e-09 6.04312e-08 2.48876e-07 2.15989e-06 0.000318334 0.000808102 0.00318399 0.0145892 0.0380954 0.943003 
3.52141e-10 4.22048e-09 5.51987e-08 1.01474e-06 0.000268062 0.000339404 0.0029845 0.014708 0.90549 0.0762086 
6.44734e-07 4.77468e-06 3.37193e-05 0.000819706 0.00387628 0.0143463 0.787646 0.103586 0.0658073 0.0238793 
6.85062e-08 7.34179e-07 6.33281e-06 0.000106395 0.000469853 0.00254135 0.0114009 0.0398435 0.913738 0.0318926 
9.36439e-08 9.62611e-07 8.85259e-06 0.0001993 0.000955995 0.00506888 0.01766 0.047064 0.888907 0.040135 
0.000340399 0.00239891 0.0166952 0.597537 0.10261 0.103786 0.0941357 0.0602896 0.0183257 0.00388173 
7.48144e-15 1.554e-13 6.18397e-12 5.40782e-11 2.3823e-09 4.32831e-08 4.63522e-07 2.62465e-05 8.17775e-05 0.999891 
8.9257e-34 3.09083e-30 1.85901e-26 1.39547e-22 7.72972e-19 6.67468e-15 5.39953e-12 1.48912e-08 0.000131339 0.999869 
2.24772e-05 0.000306653 0.00105757 0.00208289 0.00996888 0.0304323 0.473343 0.470584 0.010632 0.00156976 
1.4239e-10 1.57999e-09 1.72827e-08 3.33587e-07 2.71318e-06 8.6608e-05 0.00154488 0.00673724 0.0224185 0.96921 
3.94112e-08 5.67082e-07 4.96295e-06 0.000138998 0.00129746 0.00527841 0.0224864 0.0491774 0.897234 0.0243818 
3.2578e-10 3.95332e-09 3.70915e-08 8.91805e-07 0.000325415 0.000292785 0.00192189 0.00945048 0.0281765 0.959832 
1.19924e-06 1.30465e-05 6.55027e-05 0.000407184 0.00451292 0.563574 0.225621 0.0583258 0.127453 0.0200264 
1.0952e-05 0.000146207 0.000485328 0.00179574 0.00875029 0.0246546 0.749706 0.114556 0.073668 0.0262275 
9.66434e-23 2.10209e-19 9.55828e-16 2.32379e-13 3.15703e-10 4.13465e-08 6.31866e-05 0.000214528 0.00217947 0.997543 
0.000168088 0.00162102 0.0241248 0.348271 0.520844 0.0867796 0.0167551 0.00129689 9.61536e-05 4.31958e-05 
2.73425e-06 2.16248e-05 0.00031658 0.00105112 0.00573894 0.0162612 0.0477817 0.0800886 0.827387 0.0213502 
5.1402e-07 3.58974e-06 2.24419e-05 0.000318613 0.0014006 0.00537198 0.0201729 0.0479146 0.891973 0.0328218 
4.65285e-07 3.03016e-06 2.67933e-05 0.000337834 0.00284365 0.0145807 0.423802 0.528101 0.0223085 0.00799579 
5.62544e-08 6.14646e-07 4.96366e-06 8.81453e-05 0.000463811 0.00203229 0.00886642 0.0304302 0.912496 0.0456172 
2.24351e-10 2.63761e-09 3.49173e-08 5.72078e-07 0.000112088 0.000229099 0.00213573 0.0100015 0.0282794 0.959242 
1.72393e-06 1.77002e-05 7.96444e-05 0.000734237 0.00541353 0.0237428 0.798158 0.0885106 0.0585534 0.0247885 
1.55094e-09 2.23394e-08 1.94287e-07 1.19722e-05 0.000228046 0.000538553 0.00456722 0.0216731 0.0552148 0.917766 
2.62868e-11 3.04955e-10 8.12728e-09 1.0047e-07 9.16352e-07 6.35487e-05 0.000878636 0.00471003 0.464901 0.529446 
8.60189e-07 9.54588e-06 4.26043e-05 0.000292519 0.00214844 0.00983596 0.0264807 0.475207 0.471403 0.0145794 
7.58829e-08 7.8503e-07 7.1803e-06 0.000161065 0.000493819 0.00323449 0.0146247 0.0444869 0.0707176 0.866273 
1.76262e-13 1.30253e-11 1.33916e-09 8.74985e-09 1.70192e-07 2.38132e-05 0.000386952 0.00310521 0.00971485 0.986769 
1.071e-05 0.000154035 0.000458026 0.000861891 0.0067287 0.0208416 0.809283 0.0976747 0.0508902 0.0130969 
1.94027e-10 2.26048e-09 2.03421e-08 4.9002e-07 0.000113505 0.000192637 0.00227752 0.0112875 0.942092 0.0440368 
3.13623e-12 6.1729e-11 2.04807e-09 2.81403e-08 3.03377e-07 1.09478e-05 0.000204622 0.00108724 0.0042948 0.994402 
2.71318e-07 2.50615e-06 1.88027e-05 0.000225113 0.00128596 0.0046862 0.0217885 0.679764 0.262988 0.0292411 
4.31667e-11 4.38715e-10 5.25995e-09 1.29866e-07 1.00344e-06 2.64991e-05 0.000378174 0.00208765 0.00650327 0.991003 
1.47705e-05 0.00021822 0.00062179 0.00124829 0.00881937 0.0259395 0.0587618 0.81777 0.0609583 0.025648 
2.10065e-08 1.84273e-07 2.06776e-06 3.34134e-05 0.000441478 0.00105104 0.00698581 0.847153 0.0739409 0.0703925 
1.47458e-11 2.65731e-10 1.24285e-08 2.18041e-07 1.74235e-05 0.000255382 0.00269424 0.0627851 0.721348 0.2129 
8.81121e-08 1.15352e-06 8.18366e-06 0.00017458 0.000591953 0.00364073 0.0160892 0.0464467 0.904043 0.0290044 
8.80471e-18 1.39854e-15 3.80549e-13 4.55224e-12 1.03242e-09 1.80389e-06 0.000119607 0.00161614 0.00558584 0.992677 
4.72632e-05 0.000681735 0.00242091 0.00572336 0.0272617 0.0796376 0.758689 0.0968397 0.0247342 0.00396498 
8.1848e-10 1.1637e-08 1.40834e-07 1.23213e-06 7.31207e-05 0.000693944 0.00486894 0.0257826 0.929808 0.038772 
2.69187e-32 8.16586e-29 4.47502e-25 2.64471e-21 8.80004e-18 2.76338e-13 3.64507e-09 1.76281e-05 0.000430795 0.999552 
0.000227311 0.000972244 0.0140733 0.282526 0.457631 0.169032 0.0457327 0.0226384 0.0063529 0.000814271 
1.72178e-08 1.50696e-07 1.64371e-06 3.10601e-05 6.38401e-05 0.000308699 0.00125343 0.00489652 0.0644353 0.929009 
1.1238e-06 8.30507e-06 5.26396e-05 0.000500087 0.00371365 0.0104311 0.0344589 0.064021 0.866773 0.0200404 
2.0578e-10 2.49144e-09 2.82414e-08 5.41901e-07 0.00019095 0.000248011 0.0015963 0.00839132 0.337008 0.652565 
4.16298e-08 4.8622e-07 3.84485e-06 6.78765e-05 0.000601421 0.00226697 0.0107625 0.0417404 0.912668 0.0318882 
8.0475e-08 8.96846e-07 8.43881e-06 0.00016734 0.000827506 0.00487417 0.0270034 0.86903 0.0601708 0.0379176 
9.12337e-15 1.22592e-12 7.71766e-11 4.92416e-10 2.16605e-08 1.68001e-06 6.63606e-05 0.000344533 0.00173674 0.997851 
1.70511e-11 2.00358e-10 7.67511e-09 7.22654e-08 8.37058e-07 7.97245e-05 0.00129603 0.00678764 0.492656 0.49918 
4.50931e-11 5.74451e-10 9.84105e-09 1.85632e-07 1.36569e-05 6.88201e-05 0.000990079 0.00565075 0.964644 0.028632 
0.00104549 0.379525 0.0492227 0.138921 0.23444 0.0719553 0.109801 0.0144062 0.000416974 0.00026626 
1.73965e-07 1.75797e-06 1.31784e-05 0.000220019 0.00166986 0.156528 0.203215 0.0412244 0.329913 0.267214 
1.10829e-09 1.57408e-08 9.67319e-08 1.02134e-06 0.00017945 0.00049304 0.0031146 0.472759 0.492527 0.0309265 
7.28794e-11 7.63037e-10 8.10802e-09 1.85646e-07 5.77613e-05 6.04374e-05 0.000792242 0.00541599 0.961208 0.0324649 
3.8213e-07 2.61916e-06 1.94325e-05 0.000591747 0.00268961 0.00977961 0.0431557 0.0806573 0.834168 0.0289357 
2.4703e-05 0.000354111 0.00141036 0.00441001 0.0253586 0.427316 0.445473 0.0648792 0.0250366 0.00573793 
1.86331e-06 1.79875e-05 0.000101966 0.00103867 0.00556464 0.0259896 0.0807141 0.816374 0.0531972 0.0169998 
7.62034e-35 2.78517e-31 1.73603e-27 1.3746e-23 8.30065e-20 4.45978e-16 1.34974e-12 9.63747e-09 0.000129655 0.99987 
2.5711e-10 3.09032e-09 3.20891e-08 7.17483e-07 0.000204545 0.000247598 0.00254749 0.0112937 0.0345084 0.951198 
5.11274e-05 0.0013254 0.00471937 0.0158125 0.44647 0.360026 0.10716 0.050324 0.0118698 0.00224206 
8.5791e-06 0.000116231 0.000498263 0.00146599 0.00768268 0.0255872 0.874638 0.0586877 0.025308 0.00600706 
3.9184e-10 4.57497e-09 4.03994e-08 8.36493e-07 0.000226952 0.000409435 0.00305423 0.0157663 0.0429187 0.937623 
3.20765e-10 3.90979e-09 3.42253e-08 7.28955e-07 0.000179455 0.000223287 0.00216562 0.0106379 0.0320493 0.954744 
4.63254e-08 6.01264e-07 4.01374e-06 4.94187e-05 0.000906511 0.0023274 0.00960432 0.0287427 0.0506225 0.907742 
1.1128e-13 1.52902e-11 1.99592e-09 1.18485e-08 1.83035e-07 3.06218e-05 0.000342727 0.00395001 0.0100485 0.985628 
0.0081649 0.0595081 0.142098 0.639086 0.111535 0.032725 0.00621737 0.000630865 2.80307e-05 7.29454e-06 
1.27291e-08 2.18233e-07 1.10695e-06 1.34842e-05 0.000506668 0.00159036 0.00773681 0.474493 0.490126 0.0255317 
5.95227e-05 0.000917046 0.0031491 0.00944301 0.648124 0.115751 0.125387 0.0749779 0.0190838 0.00310717 
6.16847e-11 7.13336e-10 5.66302e-09 1.67695e-07 7.79484e-05 5.23198e-05 7.00273e-05 0.000430468 0.00180877 0.99756 
2.48585e-05 0.000341048 0.0013433 0.00341581 0.0165466 0.133 0.110192 0.715436 0.0166424 0.00305826 
5.80928e-08 6.31177e-07 5.47826e-06 0.000113826 0.00164674 0.4291 0.0253761 0.469726 0.0467666 0.0272645 
2.81421e-05 0.000398027 0.00154914 0.00389379 0.0213821 0.0686798 0.816993 0.0687157 0.0157331 0.00262722 
3.6781e-11 5.91326e-10 1.39162e-08 1.61123e-07 7.36864e-06 0.000120641 0.00110022 0.00672047 0.511146 0.480905 
4.37971e-08 3.75846e-07 4.12688e-06 5.12192e-05 0.000154241 0.000790498 0.00524505 0.0228419 0.909759 0.061154 
4.83643e-06 6.26734e-05 0.000150683 0.000534332 0.00252486 0.00660006 0.0178844 0.122506 0.730749 0.118983 
1.08578e-06 8.42429e-06 6.96581e-05 0.00066733 0.00493768 0.0192422 0.82275 0.0916136 0.0477398 0.0129706 
2.62359e-10 3.22689e-09 3.0173e-08 7.68215e-07 0.000298884 0.000246316 0.00134544 0.00702921 0.0230361 0.968043 
1.06223e-06 7.31167e-06 5.10988e-05 0.000778265 0.00455962 0.0131962 0.0539875 0.854236 0.055099 0.0180843 
4.64877e-08 5.26352e-07 4.30501e-06 7.95113e-05 0.000348819 0.00156978 0.00853004 0.0269218 0.910941 0.051604 
8.97273e-08 8.84741e-07 8.19655e-06 0.000143332 0.000613125 0.00203998 0.00920576 0.0294093 0.898391 0.0601883 
2.63086e-05 0.000365906 0.00106596 0.00225506 0.0124745 0.0423049 0.0790062 0.830785 0.0258391 0.00587734 
0.00230234 0.0291154 0.0953476 0.655593 0.141291 0.0602946 0.0142588 0.00158475 0.000134355 7.85274e-05 
2.03172e-06 1.56712e-05 0.000113383 0.000585202 0.00353377 0.00900266 0.0269215 0.0416485 0.0437788 0.874398 
6.52391e-08 6.03634e-07 6.47543e-06 0.000107685 0.000582127 0.00180392 0.00899754 0.0340801 0.90039 0.0540315 
1.8901e-10 2.28484e-09 1.98362e-08 4.16917e-07 9.83142e-05 0.000142714 0.00164155 0.00770509 0.0260779 0.964334 
3.65831e-05 0.000335299 0.00265561 0.00832066 0.194906 0.489549 0.0778882 0.20916 0.0149892 0.00215968 
6.92448e-11 9.38577e-10 1.90068e-08 2.99912e-07 9.5287e-05 0.000236758 0.00259283 0.478602 0.495626 0.0228473 
2.31158e-07 2.00335e-06 1.55667e-05 0.000104572 0.00102335 0.00400836 0.0152374 0.0373067 0.90456 0.0377417 
2.74799e-08 2.47362e-07 2.65034e-06 5.02346e-05 0.000544792 0.00102483 0.0039674 0.0981343 0.236453 0.659822 
5.27749e-11 6.80251e-10 7.12077e-09 2.24984e-07 0.000106924 7.10963e-05 0.000178708 0.000786239 0.00281949 0.996037 
0 0 0 0 0 0 0 0 0 1 
3.85963e-10 4.73061e-09 7.35437e-08 1.16028e-06 0.000425912 0.000504829 0.00306428 0.401461 0.547267 0.0472757 
8.7351e-05 0.00133557 0.00473752 0.0143511 0.0412806 0.08283 0.776053 0.0647815 0.013131 0.00141239 
2.06725e-11 2.4441e-10 1.55157e-09 1.61798e-08 1.86593e-07 1.02628e-05 0.000273118 0.00115391 0.00417213 0.99439 
3.4209e-07 3.23327e-06 2.21758e-05 0.00032242 0.00173937 0.00705804 0.031285 0.888914 0.0485542 0.0221008 
7.65198e-06 0.000111692 0.000318586 0.000880642 0.0410192 0.161798 0.105764 0.278184 0.403561 0.00835571 
8.40641e-11 8.97442e-10 1.3919e-08 2.67605e-07 2.31003e-06 8.549e-05 0.00178836 0.00863313 0.0261329 0.963358 
1.28497e-05 0.000180924 0.000730149 0.00203322 0.0123701 0.165499 0.736841 0.0569237 0.0198905 0.00551859 
2.14716e-12 4.9314e-11 1.73613e-09 2.08272e-08 3.19939e-07 1.94726e-05 0.000282536 0.00148035 0.00359265 0.994625 
1.14479e-08 1.55186e-07 9.88589e-07 1.76811e-05 0.000673009 0.00125025 0.0053924 0.0231688 0.921628 0.0478691 
6.02596e-07 4.60366e-06 3.14944e-05 0.000413148 0.00333001 0.0107526 0.0408595 0.0796263 0.836754 0.0282275 
1.45394e-06 1.09635e-05 7.73357e-05 0.00112294 0.00571388 0.0192498 0.769938 0.112209 0.0691586 0.0225176 
6.26063e-35 2.13971e-31 1.27807e-27 9.33434e-24 4.84621e-20 6.12182e-16 3.64969e-13 1.00766e-09 3.35799e-06 0.999997 
3.62651e-10 8.96237e-09 2.18715e-07 2.33111e-06 0.000371526 0.00161454 0.0136528 0.882971 0.0515593 0.0498286 
2.5186e-10 3.52869e-09 3.08295e-08 7.43691e-07 0.000244921 0.000185745 0.000726669 0.00348403 0.0117591 0.983599 
1.96276e-06 1.95305e-05 0.00016501 0.000963242 0.00750962 0.0270242 0.0634998 0.855729 0.0359535 0.0091341 
1.06719e-05 0.000145403 0.000519009 0.00130444 0.0102977 0.0401578 0.0829929 0.809829 0.044615 0.0101281 
3.3895e-10 4.26102e-09 3.87437e-08 9.55582e-07 0.000357763 0.000351025 0.00240174 0.0125099 0.0364951 0.947883 
1.79841e-10 2.19404e-09 2.49243e-08 5.49711e-07 0.000165259 0.000180576 0.00215606 0.007918 0.0250528 0.964527 
2.20829e-08 2.86686e-07 2.83942e-06 4.43889e-05 0.00126648 0.00590099 0.796186 0.0680269 0.0747108 0.0538614 
1.60423e-34 5.27976e-31 3.12008e-27 2.5459e-23 1.4715e-19 4.18245e-15 5.28913e-11 2.55837e-07 2.88422e-05 0.999971 
2.34197e-11 3.49548e-10 7.91381e-09 1.15563e-07 3.99093e-06 0.000122588 0.00212587 0.0113361 0.947951 0.0384601 
5.38848e-10 7.26865e-09 4.91828e-08 8.73488e-07 0.000258124 0.000299676 0.00234614 0.0119117 0.935442 0.0497416 
3.86261e-10 4.87108e-09 1.05585e-07 1.30613e-06 0.000380741 0.000591591 0.00397158 0.0229553 0.921586 0.0505132 
1.05534e-05 0.00014708 0.000456471 0.00174741 0.0157862 0.717724 0.0827697 0.103594 0.0594095 0.0183556 
1.25628e-10 1.17804e-09 1.37754e-08 2.58456e-07 5.49396e-06 7.40472e-05 0.00178219 0.00681035 0.022203 0.969125 
0.00287635 0.0350705 0.496821 0.295927 0.109149 0.0476985 0.011279 0.00105054 7.45692e-05 5.36866e-05 
1.42643e-09 1.93507e-08 1.96807e-07 2.72441e-06 0.000599834 0.00125186 0.00843932 0.0358658 0.887925 0.0659155 
3.83636e-07 2.32986e-06 1.5298e-05 0.000253684 0.000953225 0.0052794 0.84698 0.0600317 0.0571738 0.0293098 
4.50967e-07 3.9981e-06 2.6025e-05 0.000231194 0.00196168 0.00674641 0.0247534 0.336476 0.611567 0.0182337 
1.78916e-08 2.86661e-07 3.84413e-06 0.000140828 0.00201859 0.00473094 0.0201843 0.0440521 0.889829 0.0390401 
3.46727e-10 4.1349e-09 3.64474e-08 8.93427e-07 0.000299686 0.000277768 0.00210918 0.901835 0.0446895 0.0507883 
0.000552674 0.0046755 0.0262599 0.661727 0.158338 0.106657 0.0328539 0.00580347 0.0012669 0.00186461 
7.907e-12 7.6173e-11 1.64887e-09 2.72196e-08 2.96045e-07 9.20812e-06 0.00017591 0.0016995 0.0059135 0.992202 
1.17964e-12 6.17068e-12 6.45975e-11 1.7589e-09 1.34894e-08 9.40765e-08 2.26844e-05 7.86323e-05 0.00105879 0.99884 
2.8724e-07 2.32676e-06 1.64878e-05 0.000294167 0.00167756 0.00516029 0.0212976 0.69331 0.256132 0.022109 
3.17759e-10 3.75484e-09 3.00149e-08 8.27426e-07 0.000379455 0.000248141 0.000442936 0.002265 0.00850577 0.988158 
1.14936e-10 1.33243e-09 1.20817e-08 2.69458e-07 5.85124e-05 6.30207e-05 0.000657226 0.00247869 0.00828642 0.988456 
1.02279e-09 1.69395e-08 1.27714e-07 9.25349e-07 1.7552e-05 0.000546298 0.300476 0.199033 0.408068 0.0918581 
3.34966e-06 4.12529e-05 0.000156947 0.0010345 0.0063877 0.01968 0.0621354 0.0905114 0.0572088 0.762841 
3.23728e-10 3.74715e-09 8.32462e-08 1.00564e-06 0.000243553 0.000589803 0.00522823 0.026155 0.402648 0.565134 
8.38527e-07 6.03048e-06 3.5683e-05 0.000366536 0.00190168 0.00619688 0.0218608 0.0472846 0.0537393 0.868608 
4.55537e-12 6.76703e-11 1.12167e-09 4.38582e-08 1.06156e-05 1.43743e-05 7.695e-05 0.000342258 0.0019789 0.997577 
3.93267e-08 5.3252e-07 3.94671e-06 9.92545e-05 0.00130617 0.00426464 0.0152371 0.043515 0.0552903 0.880283 
5.66673e-08 6.56417e-07 5.12998e-06 0.000101018 0.000461238 0.00248271 0.0111611 0.0379274 0.920425 0.0274354 
1.86321e-10 2.31428e-09 1.9663e-08 5.72972e-07 0.000282806 0.000177096 0.000320236 0.00155475 0.00717864 0.990486 
2.16798e-06 2.36243e-05 0.000117251 0.000848912 0.00494348 0.0144643 0.0520323 0.080274 0.835551 0.0117427 
9.6953e-09 1.41582e-07 3.04791e-06 5.78642e-05 0.000603792 0.00299254 0.0940262 0.0166068 0.0230041 0.862706 
4.24515e-09 8.16992e-08 7.7085e-07 6.05268e-06 0.000391338 0.00258813 0.0187179 0.0576176 0.840402 0.0802761 
1.26135e-10 1.57576e-09 2.98061e-08 5.47237e-07 4.87483e-05 0.00042752 0.00352454 0.0168278 0.952193 0.0269777 
7.10723e-07 5.90215e-06 4.05399e-05 0.000613812 0.00391258 0.0164744 0.0658005 0.828531 0.0634485 0.0211719 
3.23495e-06 4.3591e-05 0.000162199 0.0006223 0.00393056 0.0159813 0.192173 0.724496 0.0470115 0.0155765 
0.00046514 0.00389607 0.0170972 0.60778 0.266314 0.075017 0.0238353 0.00445664 0.000999123 0.000139045 
1.33504e-10 1.72993e-09 1.20014e-08 2.3904e-07 6.41361e-05 7.05142e-05 0.000527893 0.00408425 0.0127711 0.982482 
8.85676e-09 1.47068e-07 2.1876e-06 4.24296e-05 0.00203166 0.00632457 0.0349288 0.854128 0.0628082 0.0397341 
0.000226533 0.00249717 0.0131217 0.0461065 0.0999955 0.791188 0.0365502 0.00753283 0.00153361 0.00124754 
3.49894e-10 4.2931e-09 5.90526e-08 7.89283e-07 0.000142397 0.00040156 0.00391469 0.0179449 0.921046 0.0565493 
3.1735e-07 2.49137e-06 1.96055e-05 0.00030829 0.00216686 0.0521526 0.0265282 0.613552 0.260703 0.0445661 
7.53779e-07 5.79145e-06 3.95401e-05 0.000765504 0.00415809 0.0160717 0.0622811 0.836533 0.0594406 0.0207039 
3.71355e-10 4.2139e-09 4.40731e-08 1.21476e-06 0.000471883 0.000383736 0.00222121 0.00884303 0.028821 0.959258 
7.84769e-11 1.00041e-09 1.07602e-08 2.80188e-07 0.000132237 0.000109197 0.000765643 0.00438799 0.0142289 0.980376 
3.55862e-06 2.92352e-05 0.00025081 0.00113071 0.00592097 0.0172231 0.0574137 0.856004 0.0490848 0.0129387 
1.43102e-23 5.42932e-20 2.67985e-16 1.4693e-13 2.0677e-10 2.54537e-08 4.06362e-05 9.14558e-05 0.00112938 0.998739 
1.51023e-09 2.53173e-08 1.52417e-07 1.45113e-06 9.70447e-05 0.000676519 0.00456148 0.0211241 0.931859 0.0416805 
9.81011e-06 0.000136183 0.000557891 0.00168111 0.164425 0.112306 0.412984 0.295961 0.0101442 0.00179492 
4.94283e-05 0.000926155 0.00442262 0.0146372 0.0526272 0.808568 0.0770454 0.033366 0.0073282 0.00102947 
5.1585e-08 6.44918e-07 5.08031e-06 0.000108343 0.000638336 0.00388111 0.0135221 0.0423329 0.909072 0.0304391 
1.2452e-08 1.12295e-07 1.20023e-06 2.50754e-05 0.000457085 0.000936421 0.00744465 0.869884 0.0533561 0.0678953 
1.54694e-05 0.000178395 0.000702458 0.00236586 0.0117516 0.0312837 0.0941915 0.781394 0.0625149 0.0156018 
3.67518e-05 0.000550228 0.00353859 0.0113073 0.0516921 0.735201 0.110062 0.0665672 0.0177673 0.00327757 
4.54658e-06 6.21248e-05 0.000188901 0.000759668 0.00475653 0.0191919 0.842829 0.0749864 0.0433369 0.0138836 
5.46437e-09 1.21443e-07 6.97761e-07 7.85358e-06 0.000573335 0.000701863 0.00300919 0.0138107 0.0337877 0.948108 
2.1176e-09 3.05596e-08 1.49203e-07 1.50362e-06 0.000281697 0.000536712 0.00269469 0.0122518 0.0351801 0.949053 
5.93261e-11 7.46508e-10 1.01051e-08 2.03987e-07 4.4069e-05 7.36413e-05 0.000938016 0.00545411 0.0146429 0.978847 
9.34327e-07 7.11838e-06 5.03306e-05 0.00083347 0.00395301 0.01343 0.0437159 0.0820338 0.0737576 0.782218 
1.00678e-06 7.63617e-06 5.02069e-05 0.00050734 0.00445145 0.0127604 0.0430103 0.0787745 0.831754 0.0286828 
1.22975e-12 1.62839e-11 8.02925e-10 9.22055e-09 1.4598e-07 1.44424e-05 0.000411608 0.00216118 0.00716389 0.990249 
1.34819e-06 1.17411e-05 0.000231575 0.00192746 0.0123333 0.711985 0.102162 0.0908645 0.0570117 0.0234712 
1.07366e-06 7.86087e-06 4.98963e-05 0.000614431 0.00295654 0.00979705 0.0412812 0.857994 0.059886 0.0274121 
1.1134e-08 1.15923e-07 1.0657e-06 1.3588e-05 0.00023852 0.000760205 0.173127 0.578221 0.231646 0.0159933 
9.11069e-05 0.00210251 0.00847813 0.0314324 0.778087 0.104603 0.058073 0.0144006 0.00246207 0.000269713 
4.92452e-10 6.55907e-09 1.62884e-07 3.8369e-06 0.000960545 0.00619082 0.879313 0.0372004 0.0419509 0.0343799 
1.23608e-08 1.67628e-07 1.24325e-06 4.08624e-05 0.000146373 0.000899571 0.00461688 0.02053 0.934216 0.039549 
2.76825e-10 3.5426e-09 3.07317e-08 7.13464e-07 0.000289554 0.00023849 0.00179844 0.0062069 0.0178611 0.973605 
7.73175e-05 0.00215139 0.00673193 0.026442 0.0664336 0.783881 0.077807 0.0311822 0.00383622 0.00145711 
6.9153e-08 7.27936e-07 7.03152e-06 0.000151738 0.00114269 0.00507347 0.133247 0.810885 0.0337727 0.0157189 
2.72902e-05 0.000390241 0.00271073 0.132988 0.385258 0.300058 0.117732 0.0542443 0.00584167 0.000749877 
1.65417e-06 1.97572e-05 0.000235585 0.00137822 0.0714439 0.210077 0.640324 0.0594561 0.013416 0.00364836 
6.87986e-06 9.75256e-05 0.000291849 0.00136811 0.00667819 0.0204444 0.790033 0.0994525 0.0596582 0.0219689 
0.000802689 0.00403123 0.0205293 0.0793947 0.689097 0.136343 0.0554199 0.0118474 0.00235395 0.000181621 
1.78021e-06 1.68989e-05 9.66696e-05 0.000872799 0.00540574 0.0168772 0.0643923 0.103178 0.795887 0.0132714 
4.00711e-10 4.82134e-09 4.68204e-08 1.23011e-06 0.00050963 0.000394127 0.00225013 0.0103613 0.0326633 0.95382 
0.00126162 0.00893275 0.0354228 0.21805 0.551618 0.110466 0.0562619 0.0143475 0.00329147 0.000348242 
6.91732e-07 4.95615e-06 3.02115e-05 0.00029009 0.00183557 0.00599637 0.0228628 0.470453 0.469736 0.0287897 
0.000189957 0.00370928 0.017878 0.0564715 0.122951 0.674362 0.0906729 0.0262069 0.00524689 0.00231178 
8.87503e-05 0.00141174 0.00874689 0.0382624 0.681671 0.143903 0.0949582 0.0256065 0.00500766 0.000344526 
1.7478e-08 2.00235e-07 1.66811e-06 4.49946e-05 0.000129142 0.00217675 0.272382 0.66113 0.0387047 0.0254301 
0.00010244 0.000960343 0.00528924 0.0220164 0.822562 0.104156 0.0277522 0.0127772 0.0038697 0.000515199 
1.55793e-05 0.000191288 0.000980074 0.00326693 0.0164656 0.0575683 0.103743 0.784129 0.0273391 0.00630084 
1.21134e-13 1.64625e-11 2.16871e-09 1.30103e-08 1.95139e-07 3.45114e-05 0.000379183 0.00422454 0.0121863 0.983175 
7.04222e-08 7.51298e-07 6.31728e-06 0.000106713 0.000496025 0.00249118 0.0113397 0.88514 0.0619207 0.0384982 
1.71549e-05 0.000244536 0.000996313 0.00205569 0.0156667 0.790977 0.0840188 0.0709361 0.0273646 0.00772313 
1.24902e-11 1.75861e-10 3.02808e-09 5.38166e-08 2.06442e-05 0.000151441 0.00173972 0.477493 0.290021 0.230574 
9.80841e-09 1.57857e-07 9.71703e-07 1.84381e-05 0.000464173 0.00245885 0.0149257 0.878157 0.0616014 0.0423729 
3.86113e-05 0.00065119 0.00158684 0.00343259 0.0193152 0.0612826 0.101392 0.794861 0.0150026 0.00243702 
1.40024e-05 0.000175678 0.00091038 0.00309707 0.0122392 0.0474542 0.817607 0.0777707 0.0334811 0.00725109 
9.15549e-07 5.85451e-06 3.7142e-05 0.00045706 0.00206446 0.00660066 0.0256276 0.055021 0.881326 0.0288596 
1.30147e-05 0.000158151 0.000706362 0.00213618 0.0117011 0.82482 0.0862819 0.05335 0.017678 0.0031554 
2.49407e-06 3.35463e-05 0.000156258 0.000660124 0.00485119 0.0676904 0.463186 0.417986 0.0328068 0.0126265 
1.00034e-07 1.43243e-06 1.29836e-05 0.000278836 0.0020102 0.00919966 0.857311 0.0687902 0.0437219 0.0186738 
1.22854e-07 9.97133e-07 7.35913e-06 0.000104813 0.000552164 0.00257407 0.0108538 0.471381 0.48693 0.0275959 
3.67341e-09 6.18092e-08 3.6679e-07 2.89343e-06 0.000225965 0.00119627 0.0103632 0.841417 0.0749264 0.0718679 
4.63711e-05 0.000644379 0.00258716 0.00619308 0.0277992 0.0841067 0.127439 0.726756 0.0207092 0.00371944 
2.50834e-07 2.67405e-06 1.94402e-05 0.000400812 0.00390683 0.248791 0.397653 0.0540419 0.0437099 0.251475 
0.00203303 0.0247209 0.0741936 0.659398 0.12108 0.0695764 0.0370745 0.00812811 0.00154561 0.00225008 
5.61493e-05 0.00108441 0.00486869 0.0191206 0.0716908 0.115408 0.748034 0.0304427 0.00807334 0.00122166 
6.49647e-14 5.97348e-12 5.87316e-10 3.59989e-09 9.61874e-08 6.87841e-06 0.000201133 0.00121044 0.00373559 0.994846 
6.33117e-17 1.04933e-14 1.81032e-12 7.44913e-12 9.60126e-11 1.56274e-08 7.4466e-07 1.03103e-05 4.73556e-05 0.999942 
7.10393e-06 8.80325e-05 0.000402265 0.0021225 0.0140618 0.043533 0.81362 0.0742674 0.0396912 0.0122065 
5.02577e-14 6.86791e-12 8.88078e-10 5.09062e-09 8.40524e-08 1.14745e-05 0.000139703 0.00126765 0.978205 0.0203765 
7.25001e-18 1.04281e-16 7.471e-16 6.24021e-15 1.32671e-13 3.42117e-12 1.31173e-10 7.58523e-10 1.21741e-08 1 
1.05517e-10 1.11766e-09 1.35481e-08 2.80703e-07 2.25064e-06 6.23457e-05 0.000899446 0.00577371 0.0147917 0.97847 
2.75997e-08 5.03841e-07 3.76619e-06 9.36388e-05 0.00139705 0.00501038 0.0855896 0.569727 0.31206 0.0261181 
1.64905e-08 1.64843e-07 1.57561e-06 3.08338e-05 0.000503262 0.00141101 0.00550413 0.0253406 0.0425244 0.924684 
4.87079e-13 6.40869e-12 7.24077e-11 2.51895e-09 1.55102e-06 8.85698e-07 3.84845e-07 1.92924e-06 1.23053e-05 0.999983 
1.20152e-06 9.00291e-06 7.98308e-05 0.000882752 0.0104689 0.787491 0.0682271 0.0793472 0.0415501 0.011943 
8.1027e-13 3.24362e-11 2.05649e-09 1.5553e-08 3.56918e-07 2.82808e-05 0.00107522 0.00645554 0.954269 0.0381715 
9.24567e-07 6.74584e-06 4.6285e-05 0.00065922 0.00363991 0.0121779 0.0457369 0.843317 0.0677174 0.0266977 
1.78343e-08 2.36927e-07 2.20525e-06 8.85135e-05 0.000224042 0.00143592 0.00628206 0.0203682 0.242167 0.729432 
0.000160068 0.00296978 0.0343422 0.0403527 0.242137 0.527623 0.121477 0.0250122 0.00521613 0.000709803 
1.47503e-05 0.000177942 0.000897102 0.00297707 0.0116368 0.033219 0.0866634 0.780821 0.0643783 0.0192144 
2.84994e-10 3.55045e-09 8.25001e-08 9.95268e-07 0.000115462 0.000903411 0.00712958 0.028709 0.926865 0.0362767 
1.17827e-08 1.03707e-07 1.09688e-06 1.42934e-05 0.000406039 0.000441315 0.00159178 0.00634145 0.0179499 0.973254 
2.43763e-05 0.000324574 0.00123032 0.00271039 0.0121987 0.0382965 0.0929237 0.780885 0.0576555 0.0137505 
2.76097e-05 0.000647845 0.00289561 0.010793 0.0478765 0.819824 0.0716244 0.0347962 0.00988201 0.00163286 
0.00353702 0.0177753 0.0566997 0.232703 0.6607 0.0246272 0.00368059 0.000245134 1.73023e-05 1.43325e-05 
9.42524e-07 7.34962e-06 4.47286e-05 0.000406511 0.00256861 0.00914487 0.0365612 0.832306 0.082372 0.0365877 
6.35003e-08 7.62867e-07 7.01508e-06 0.000135239 0.00154477 0.00562272 0.0243414 0.871055 0.0652778 0.032015 
4.03316e-10 4.70409e-09 4.88877e-08 1.14219e-06 0.000448556 0.000357661 0.0017075 0.00899914 0.0290244 0.959462 
2.1809e-10 2.63212e-09 2.22872e-08 5.32478e-07 0.000176983 0.000156003 0.000976625 0.00619536 0.965221 0.0272738 
2.76718e-07 1.92285e-06 1.44803e-05 0.00037016 0.00207238 0.00895761 0.863058 0.0664365 0.0423991 0.0166898 
2.68339e-44 2.49658e-40 4.24901e-36 6.40577e-29 1.02581e-24 9.90783e-20 1.96605e-15 1.31798e-10 5.79639e-06 0.999994 
4.7286e-10 5.71446e-09 5.55958e-08 1.32386e-06 0.000439901 0.000398425 0.00281562 0.0126027 0.0384528 0.945289 
1.3904e-05 0.000174243 0.000778005 0.00198272 0.0117301 0.0335414 0.0796221 0.812862 0.0479607 0.0113347 
2.46447e-14 3.51824e-12 4.71739e-10 3.17225e-09 4.21079e-08 1.07486e-05 6.94905e-05 0.000942678 0.00184093 0.997136 
3.27463e-08 3.9909e-07 2.8495e-06 4.59106e-05 0.000295016 0.00109156 0.0057935 0.0229362 0.912547 0.0572875 
7.94447e-08 7.39846e-07 4.97811e-06 5.25304e-05 0.000419735 0.00357935 0.0220803 0.902959 0.0493173 0.0215864 
5.1166e-10 6.70231e-09 4.42863e-08 9.77108e-07 0.00038127 0.00034198 0.00191654 0.00881208 0.0268891 0.961658 
2.15515e-09 3.23391e-08 1.96647e-07 1.43034e-06 0.000188051 0.000845385 0.00527002 0.467477 0.0363329 0.489885 
0.00136826 0.012855 0.0363465 0.12806 0.667826 0.115552 0.0305322 0.00443342 0.000984714 0.00204232 
3.2478e-05 0.000818276 0.00608495 0.632607 0.192594 0.139789 0.0221966 0.00447203 0.00110485 0.000300196 
7.37845e-13 1.24685e-11 1.07262e-10 1.46837e-09 4.2335e-08 5.81569e-07 3.60674e-05 0.000121408 0.000257331 0.999585 
1.37593e-13 2.45538e-11 2.54164e-08 9.28544e-08 1.0452e-06 9.60728e-05 0.000659388 0.00503241 0.19028 0.803931 
4.29204e-09 6.37802e-08 3.44335e-07 3.07696e-06 0.000166995 0.00140699 0.00764736 0.0335576 0.910123 0.0470949 
4.88803e-10 5.94522e-09 5.20629e-08 1.22813e-06 0.000453548 0.000410989 0.00274855 0.0123427 0.921035 0.0630083 
9.263e-05 0.00149952 0.00667614 0.0177662 0.0635058 0.136772 0.170961 0.575827 0.0232623 0.0036376 
9.31488e-05 0.00128259 0.00712176 0.0229821 0.399376 0.437387 0.0838396 0.0360546 0.010781 0.0010824 
2.68373e-05 0.000363017 0.00131757 0.00277199 0.0135463 0.0443659 0.0754983 0.846464 0.013624 0.00202225 
6.32982e-08 9.40549e-07 8.41297e-06 5.34997e-05 0.00173051 0.194978 0.570364 0.172392 0.0386988 0.0217736 
3.17129e-07 2.65066e-06 1.72566e-05 0.000304039 0.00121459 0.00450974 0.0198042 0.0462266 0.899735 0.0281859 
8.27372e-10 1.27226e-08 1.58289e-07 9.5401e-07 6.16282e-05 0.000694296 0.00403778 0.0179992 0.942187 0.0350192 
3.573e-10 4.14079e-09 3.23884e-08 7.85013e-07 0.000232125 0.000204758 0.000801057 0.00487493 0.0174892 0.976397 
4.07454e-17 6.40805e-15 3.57525e-12 1.42483e-11 1.99548e-10 3.90733e-08 3.03451e-06 4.4026e-05 7.82292e-05 0.999875 
3.29632e-05 0.000449876 0.00157451 0.0028461 0.013592 0.0375453 0.812768 0.0914009 0.0328834 0.00690681 
3.67783e-10 4.36293e-09 4.06497e-08 9.4528e-07 0.000311954 0.000308851 0.00226749 0.0103393 0.03198 0.954791 
3.06207e-10 3.8463e-09 3.77166e-08 1.01226e-06 0.000450399 0.000354504 0.00232024 0.00914419 0.0268462 0.960883 
1.65127e-05 0.000219019 0.000817253 0.00190557 0.0109297 0.0348863 0.831481 0.075808 0.0346942 0.00924269 
3.69e-08 4.11002e-07 3.41482e-06 5.83379e-05 0.000268843 0.00131115 0.00709881 0.897782 0.0449444 0.048533 
4.79362e-08 7.23271e-07 4.79703e-06 8.11999e-05 0.000675108 0.00203046 0.00975177 0.872933 0.0900565 0.0244665 
1.98224e-09 1.83276e-08 2.27529e-07 3.17728e-06 0.000463666 0.000668252 0.00397714 0.0189557 0.0474664 0.928465 
5.04933e-08 5.52971e-07 4.80007e-06 9.56477e-05 0.000374333 0.00252688 0.0142718 0.900015 0.0547632 0.0279476 
1.44451e-06 1.10735e-05 7.10956e-05 0.000984484 0.0053085 0.0174105 0.0590736 0.106449 0.778871 0.0318189 
2.05739e-13 6.81686e-12 4.81251e-10 3.64115e-09 8.09283e-08 8.20445e-06 0.000304751 0.00180205 0.00583334 0.992052 
2.28596e-06 1.62393e-05 0.000198386 0.000687674 0.00395573 0.0110765 0.0419639 0.888013 0.0398005 0.0142857 
6.52386e-22 1.69812e-18 7.98532e-15 1.43837e-13 7.36636e-11 2.99952e-08 3.09501e-05 0.000200718 0.00170257 0.998066 
1.76625e-06 2.17587e-05 7.68843e-05 0.000387895 0.00239361 0.00842594 0.180062 0.776727 0.0252259 0.00667743 
3.31273e-05 0.000471758 0.0017842 0.00408608 0.0245448 0.801756 0.0908157 0.0593099 0.0147127 0.00248563 
2.83193e-05 0.000383026 0.00242923 0.00798969 0.0399605 0.788501 0.091069 0.0548127 0.0130548 0.00177162 
2.516e-07 2.5751e-06 1.9262e-05 0.000453768 0.00153295 0.00608974 0.025504 0.0523113 0.889566 0.0245205 
2.81244e-05 0.000390563 0.00122967 0.0022441 0.0139422 0.0530753 0.0953665 0.803035 0.0250571 0.00563166 
2.15162e-10 2.84295e-09 5.67657e-08 6.78941e-07 0.000152035 0.000480418 0.005575 0.905696 0.0425328 0.045563 
8.81956e-07 6.38319e-06 6.35268e-05 0.000270317 0.00294928 0.0103812 0.0408642 0.0776103 0.851067 0.0167874 
2.53914e-08 2.53548e-07 3.05393e-06 7.89434e-05 0.000736873 0.00212723 0.00931815 0.798537 0.155616 0.0335822 
2.09955e-05 0.000285801 0.00103575 0.00224042 0.0128635 0.0392201 0.805568 0.0882465 0.0400371 0.0104818 
3.40885e-08 3.58016e-07 3.07159e-06 6.11331e-05 0.000311132 0.00145259 0.00652893 0.691778 0.277346 0.022518 
3.33601e-16 5.58381e-14 1.21882e-11 2.56473e-10 2.12444e-08 1.93636e-06 2.21142e-05 0.000296076 0.0016519 0.998028 
8.72596e-16 1.46172e-13 1.21184e-11 8.58346e-11 5.54955e-09 2.20141e-06 0.000150789 0.00185392 0.00627101 0.991722 
5.97787e-08 7.72298e-07 8.42929e-06 0.000250818 0.00207184 0.00791998 0.0299588 0.873112 0.0606332 0.0260445 
0.000113187 0.00225681 0.00468376 0.0619766 0.707413 0.170898 0.0400168 0.010788 0.00165737 0.000196764 
2.47207e-05 0.000336579 0.00263428 0.00820947 0.0406137 0.794038 0.0877969 0.0520291 0.0125481 0.00176917 
6.81313e-05 0.000995721 0.00719394 0.0351272 0.722574 0.125135 0.0819727 0.0220708 0.0045874 0.000275209 
1.11645e-07 1.06051e-06 7.99986e-06 0.000161173 0.000735663 0.00371201 0.0173601 0.053083 0.878436 0.0465027 
4.87584e-05 0.000419962 0.00239711 0.00950083 0.0357741 0.0756477 0.781959 0.0692889 0.0199915 0.00497211 
1.98895e-08 2.80059e-07 1.83618e-06 2.78579e-05 0.000469867 0.0016089 0.00796019 0.912782 0.0489291 0.0282199 
8.0572e-06 0.000113022 0.000347699 0.000723641 0.00479369 0.0129302 0.0413804 0.867324 0.0543941 0.0179851 
1.51573e-07 1.45123e-06 1.28913e-05 0.000279691 0.00224266 0.0101903 0.044915 0.0915535 0.815226 0.0355787 
6.00494e-10 6.73785e-09 9.09285e-08 1.25916e-06 0.000276171 0.000357904 0.00322981 0.0149577 0.0433511 0.937826 
2.58147e-09 6.71841e-08 1.62436e-06 6.06373e-05 0.00145248 0.00748542 0.455289 0.0452062 0.461084 0.0294203 
2.00669e-19 3.31475e-17 6.67107e-15 1.20114e-13 4.15688e-11 8.0103e-09 6.60614e-06 6.9988e-06 7.6576e-05 0.99991 
1.55124e-10 1.75823e-09 1.64756e-08 2.95674e-07 7.8843e-06 7.64375e-05 0.00101863 0.00494935 0.199254 0.794693 
3.50487e-10 4.23055e-09 3.83565e-08 8.79372e-07 0.000250249 0.000263385 0.00150348 0.00727184 0.0225863 0.968124 
3.06359e-09 2.70013e-08 3.55216e-07 1.6384e-05 0.000317479 0.000273095 0.00152361 0.00742314 0.64502 0.345426 
3.3764e-08 3.67454e-07 3.08129e-06 5.6206e-05 0.000205181 0.00107026 0.00484405 0.0150678 0.715449 0.263304 
4.27825e-07 4.50499e-06 1.80618e-05 0.000230192 0.00131421 0.00570555 0.17787 0.51445 0.0380581 0.262349 
8.78944e-08 1.00991e-06 9.54577e-06 0.000293057 0.00150049 0.00549394 0.0225064 0.0602127 0.873016 0.0369668 
2.58074e-11 3.36418e-10 1.08835e-08 1.22107e-07 3.53957e-05 0.000106818 0.00111294 0.463336 0.365529 0.16988 
6.58189e-13 7.23457e-11 2.32595e-08 1.68593e-07 2.76102e-06 0.000256159 0.00272563 0.0140718 0.950616 0.032327 
7.84838e-07 5.36385e-06 3.24931e-05 0.000424886 0.00184744 0.0069512 0.0282218 0.882567 0.0557157 0.0242338 
3.32365e-11 4.87035e-10 6.59993e-09 1.05551e-07 9.80983e-07 4.81496e-05 0.000967613 0.00504035 0.964148 0.0297944 
1.60457e-08 1.96906e-07 1.47146e-06 2.45919e-05 0.000470167 0.00123844 0.00549139 0.0208709 0.87835 0.0935532 
1.73462e-10 1.91656e-09 1.94037e-08 5.21664e-07 0.000156869 0.000148174 0.0011154 0.0070888 0.955705 0.0357848 
5.91913e-05 0.00069604 0.0045244 0.014551 0.0471269 0.0938383 0.791789 0.0368538 0.00944384 0.00111782 
1.91648e-10 2.23478e-09 1.92074e-08 4.03286e-07 0.000110227 0.00013701 0.00122149 0.00703337 0.0217982 0.969699 
2.75677e-08 2.77878e-07 2.72794e-06 4.86859e-05 0.000560224 0.00268576 0.749805 0.170755 0.045566 0.0305767 
5.90323e-12 5.2064e-11 2.03864e-09 2.79497e-08 2.74946e-07 3.59978e-05 0.000325044 0.00367251 0.973581 0.0223848 
2.92527e-08 3.14981e-07 2.686e-06 5.06042e-05 0.000536993 0.00113137 0.00517382 0.0214889 0.0458292 0.925786 
7.48664e-08 8.31492e-07 6.90115e-06 0.00014991 0.000614873 0.00320834 0.0137733 0.0456376 0.890792 0.0458166 
1.02084e-13 7.28624e-12 3.32915e-10 2.74628e-09 1.18995e-07 2.30198e-06 0.000555192 0.00148664 0.00720958 0.990746 
2.87326e-10 3.61578e-09 3.09283e-08 6.96286e-07 0.000248475 0.000224466 0.00171671 0.00879659 0.0276288 0.961384 
1.6796e-08 2.61727e-07 2.47292e-06 7.70313e-05 0.00145313 0.0044906 0.0268033 0.890951 0.0470348 0.029187 
3.06381e-05 0.000422995 0.00141497 0.00370366 0.0210271 0.0704441 0.752674 0.0992943 0.0405463 0.0104418 
4.69639e-12 8.40417e-11 2.11629e-09 3.29007e-08 1.79645e-06 0.000197371 0.00165705 0.00889571 0.960196 0.0290524 
4.07462e-07 3.3719e-06 2.51884e-05 0.000509765 0.00310559 0.0102963 0.0428471 0.0832836 0.822075 0.037854 
6.90061e-06 9.43169e-05 0.000292232 0.00144878 0.00866153 0.0391085 0.789034 0.0885713 0.05217 0.0206123 
4.52836e-08 5.66369e-07 5.29521e-06 0.000124873 0.00145383 0.00527258 0.0203289 0.0493932 0.893877 0.0295441 
0 0 0 0 0 0 0 0 0 1 
3.38056e-09 7.45102e-08 5.10195e-07 6.42111e-06 0.000672749 0.000846399 0.00374878 0.0125093 0.0351321 0.947084 
1.07809e-07 1.12102e-06 9.63037e-06 0.000190586 0.000872723 0.00349574 0.014996 0.0429424 0.89608 0.0414113 
7.74035e-07 5.79084e-06 3.58014e-05 0.000325115 0.00227877 0.0074774 0.0338362 0.0737997 0.85529 0.0269503 
1.92528e-06 1.74553e-05 0.000215723 0.00184878 0.0107352 0.0391082 0.781242 0.103541 0.0484789 0.0148112 
0.000108566 0.00318814 0.0142566 0.0472271 0.0969406 0.739396 0.0758525 0.018643 0.00302569 0.00136203 
4.16687e-08 5.15477e-07 3.93698e-06 9.59058e-05 0.000768757 0.00188727 0.00847626 0.0329034 0.925232 0.0306323 
1.9841e-05 0.000277962 0.00106388 0.00386624 0.0205804 0.056306 0.797814 0.0742527 0.0342574 0.0115618 
1.28848e-11 1.3202e-10 1.5762e-09 3.0886e-08 2.30454e-07 1.22469e-05 0.000135206 0.00106243 0.00403201 0.994758 
4.41377e-05 0.000700142 0.00281181 0.0161785 0.536349 0.329014 0.0735 0.0334081 0.00678656 0.00120815 
1.14764e-10 1.40527e-09 1.79609e-08 4.79016e-07 0.00022467 0.000185131 0.0016924 0.00814621 0.0244353 0.965316 
6.9822e-08 7.71174e-07 6.54379e-06 0.000123371 0.000559986 0.00236942 0.0108226 0.03441 0.905656 0.0460514 
4.14257e-05 0.000572089 0.00226576 0.00589237 0.0310959 0.0857094 0.788735 0.0666285 0.0162909 0.00276901 
1.79854e-07 1.60457e-06 1.25686e-05 0.000218006 0.00121469 0.00391316 0.0166378 0.850689 0.0712091 0.0561037 
9.62139e-12 8.81503e-11 2.21331e-09 3.7232e-08 3.87222e-07 2.11e-05 0.000661142 0.0023087 0.00869671 0.988312 
9.87717e-08 1.14231e-06 9.9851e-06 0.000222173 0.00194483 0.00737422 0.591359 0.343381 0.0383952 0.0173123 
2.46379e-11 3.13845e-10 3.59884e-09 1.25635e-07 7.62786e-05 4.39214e-05 2.28495e-05 0.00210577 0.994435 0.00331643 
4.40889e-05 0.00101551 0.00445137 0.018649 0.0715888 0.780466 0.082191 0.0331075 0.00709645 0.00139006 
7.27178e-08 8.18624e-07 6.82913e-06 0.00012792 0.000594604 0.00333763 0.0159049 0.857388 0.0769986 0.0456411 
2.66936e-09 3.95726e-08 1.92723e-07 1.5905e-06 0.000137695 0.0011949 0.0122567 0.871727 0.0552291 0.0594529 
8.67451e-06 0.000107829 0.000525531 0.00211358 0.00868632 0.0262402 0.0710232 0.839776 0.0414372 0.0100814 
4.23164e-08 5.19157e-07 4.00955e-06 7.11168e-05 0.000733966 0.00216252 0.00932771 0.0326908 0.904474 0.0505351 
3.58534e-11 3.52802e-10 7.97223e-09 1.70783e-07 1.37705e-06 4.70502e-05 0.000598836 0.00314596 0.983873 0.0123337 
2.6217e-08 3.00471e-07 2.38582e-06 4.18108e-05 0.000690205 0.00312239 0.0179104 0.80894 0.0743435 0.0949487 
3.32504e-08 4.0947e-07 3.084e-06 7.52438e-05 0.000334197 0.00205593 0.0093639 0.0317405 0.0491649 0.907262 
2.06831e-09 3.06564e-08 1.97781e-07 1.95419e-06 0.000153647 0.000903655 0.00466602 0.019903 0.036477 0.937894 
1.08632e-08 1.2612e-07 1.02158e-06 1.83091e-05 0.000553214 0.00134865 0.0069805 0.315864 0.337212 0.338022 
2.87995e-10 3.52219e-09 7.21451e-08 9.32228e-07 0.000261698 0.000474864 0.00401285 0.468233 0.489998 0.0370188 
3.21745e-05 0.00843384 0.0807204 0.00789542 0.0308012 0.20307 0.620505 0.0433052 0.00455117 0.000686224 
2.75903e-06 3.19471e-05 0.000183685 0.00123312 0.0115897 0.720213 0.0910206 0.0991487 0.0556132 0.0209634 
1.57892e-11 2.056e-10 4.30473e-09 5.7223e-08 5.64647e-06 4.13613e-05 0.00113632 0.00477476 0.0138193 0.980223 
1.90392e-10 2.33329e-09 7.09774e-08 6.90961e-07 0.00015792 0.000536578 0.00489787 0.909514 0.0539769 0.0309164 
3.75686e-09 3.37198e-08 3.62547e-07 4.93705e-06 0.000394502 0.000379094 0.00267112 0.0125244 0.038114 0.945911 
2.91829e-05 0.000375019 0.00289482 0.0110666 0.0470875 0.729013 0.111629 0.0709606 0.0212752 0.00566819 
4.43185e-07 3.71052e-06 2.63298e-05 0.000230848 0.0022554 0.00753774 0.0250268 0.05955 0.873406 0.0319626 
0.000185175 0.00335153 0.0156969 0.050575 0.100017 0.76085 0.0542227 0.0106984 0.00206327 0.0023404 
0.000790448 0.00911735 0.0401365 0.778872 0.100706 0.0533303 0.0134519 0.00228438 0.000458007 0.00085283 
