17855
2.29658e-11 1.17346e-08 2.25401e-07 2.88743e-06 0.000134282 0.00189509 0.00947154 0.0215036 0.966089 0.000903185 
1.96784e-06 0.000177997 0.0047381 0.0264938 0.0524069 0.907522 0.00822124 0.000436146 1.5824e-06 2.38231e-08 
6.05438e-11 3.61242e-08 7.68034e-07 7.39767e-05 0.00105444 0.0107717 0.963915 0.0237605 0.000418783 5.11996e-06 
6.86765e-13 9.92013e-11 1.4048e-08 1.43937e-07 2.88031e-06 0.00136987 0.0125596 0.978847 0.00667305 0.000547172 
4.00437e-28 1.38103e-24 6.87796e-21 1.60873e-17 5.83987e-14 3.44911e-10 5.88773e-09 2.99482e-06 0.000181999 0.999815 
7.58291e-19 5.33072e-16 1.06669e-12 4.3076e-11 1.9862e-08 1.11164e-05 0.000264902 0.00147708 0.990977 0.00727023 
3.34323e-14 5.2605e-12 5.85873e-10 8.03171e-09 4.05131e-07 0.000259388 0.00212869 0.00868223 0.982799 0.00612981 
1.23757e-09 1.67207e-07 1.75352e-05 0.000238925 0.00236165 0.362947 0.625497 0.00863632 0.000299413 1.85878e-06 
1.38752e-11 7.68655e-09 2.46564e-07 3.14808e-05 0.000509841 0.00590839 0.962935 0.0263236 0.00392142 0.000369625 
6.68368e-06 0.000531301 0.00701347 0.0377185 0.930254 0.0220478 0.00216308 0.000264502 5.30969e-07 1.08291e-08 
5.21499e-22 4.27052e-19 1.26395e-15 3.71687e-14 6.67339e-12 1.68813e-08 3.30522e-06 0.000146941 0.00139928 0.99845 
3.84421e-17 1.06893e-14 9.05899e-12 7.15658e-10 1.96184e-07 0.000148098 0.00142433 0.00633577 0.221099 0.770993 
1.91914e-08 2.29001e-06 0.000252321 0.00270982 0.0165646 0.0416932 0.935319 0.00329615 0.00016203 6.11853e-07 
3.69093e-17 1.03979e-14 8.36004e-12 7.54666e-10 1.56674e-07 0.00012961 0.00143483 0.00597846 0.988396 0.00406123 
3.18691e-05 0.00340763 0.864015 0.0788679 0.0404583 0.0121045 0.00109235 2.17556e-05 3.95689e-07 3.30264e-09 
1.50139e-23 5.69634e-20 2.81164e-16 1.54046e-13 2.16533e-10 2.45258e-08 4.26299e-05 0.000193272 0.0015019 0.998262 
3.41989e-21 1.76919e-18 5.34049e-15 3.06683e-13 3.19283e-10 2.10323e-07 5.90432e-05 0.000287857 0.00160968 0.998043 
2.2105e-18 4.49746e-16 3.55797e-13 1.52853e-11 1.62197e-08 1.36015e-05 0.000149707 0.0030319 0.98884 0.0079643 
9.19405e-12 5.53851e-09 9.88444e-08 9.06436e-06 4.28543e-05 0.00147206 0.0114521 0.981791 0.00479222 0.000440957 
4.78533e-09 6.49385e-07 7.13467e-05 0.000877087 0.00961531 0.937037 0.0364912 0.0154819 0.000420654 4.77192e-06 
1.64829e-23 6.25284e-20 3.08628e-16 1.69049e-13 2.37717e-10 2.78664e-08 4.68198e-05 0.000189909 0.00177626 0.997987 
5.63507e-11 3.30384e-08 7.49324e-07 7.76913e-05 0.00109125 0.0126084 0.969065 0.0163879 0.000723822 4.48417e-05 
1.69588e-20 1.07746e-17 3.51854e-14 1.03247e-12 6.47176e-10 8.91569e-07 0.000138329 0.00124611 0.00456778 0.994047 
2.36141e-06 0.000161052 0.00519909 0.0324219 0.071635 0.886555 0.00376782 0.000256446 1.0712e-06 1.41899e-08 
9.96941e-18 3.06722e-15 3.11377e-12 2.09302e-10 7.6158e-08 6.97277e-05 0.000722363 0.00504908 0.0133583 0.9808 
4.40529e-20 2.70366e-17 8.03435e-14 2.657e-12 1.40152e-09 2.39434e-06 0.00033958 0.00386907 0.987487 0.0083021 
5.74638e-11 3.43332e-08 7.76147e-07 8.05878e-05 0.00117237 0.0126861 0.971047 0.0145648 0.000445073 3.50797e-06 
7.25282e-16 1.50505e-13 2.80454e-10 3.77906e-09 2.93906e-07 0.000154948 0.00375792 0.987007 0.00715596 0.00192353 
2.80726e-36 9.56511e-33 5.70813e-29 4.21797e-25 2.2277e-21 4.49329e-17 3.10361e-13 3.5782e-09 6.12054e-05 0.999939 
2.78048e-20 1.47113e-17 4.44053e-14 1.26096e-12 7.71445e-10 1.48186e-06 0.000131538 0.00180678 0.00489064 0.99317 
2.37648e-08 3.67183e-06 0.000432971 0.00770813 0.943344 0.0365092 0.0108678 0.00112646 7.14672e-06 2.96633e-07 
1.02704e-22 2.1394e-19 9.65152e-16 2.47342e-13 3.36823e-10 4.51591e-08 6.7197e-05 0.000162503 0.00159525 0.998175 
2.14584e-08 2.51637e-06 0.000271352 0.00288389 0.019686 0.960187 0.0154477 0.00151298 8.43311e-06 3.04934e-07 
1.4656e-16 2.04516e-13 8.74652e-10 1.10091e-08 6.51123e-07 0.00040718 0.00379338 0.969591 0.0222978 0.00390957 
2.90669e-17 7.70555e-15 6.28623e-12 5.13243e-10 1.55848e-07 0.000127328 0.00111792 0.00541166 0.988854 0.0044893 
5.06314e-11 3.13809e-08 6.36157e-07 6.39367e-05 0.000803764 0.00766621 0.965778 0.0241525 0.00149088 4.42424e-05 
5.24925e-17 1.26229e-14 1.01978e-11 6.67826e-10 2.67496e-07 0.000199545 0.00235126 0.00813065 0.98457 0.00474833 
4.65858e-17 1.28624e-14 1.07226e-11 9.66978e-10 2.76489e-07 0.000402924 0.955294 0.0252177 0.014831 0.00425417 
2.22493e-20 1.25674e-17 3.93529e-14 1.08435e-12 6.43736e-10 1.1938e-06 0.000120556 0.00150156 0.00449045 0.993886 
6.05109e-17 2.85809e-14 8.08217e-11 1.60418e-09 2.52298e-07 0.000240812 0.00406728 0.975284 0.015684 0.00472353 
7.8884e-19 1.69479e-16 1.18862e-13 1.02666e-11 4.00143e-09 4.11888e-06 0.000137293 0.00165065 0.981552 0.0166556 
5.30936e-06 0.00104348 0.0142463 0.891082 0.0640601 0.026211 0.00310836 0.000242725 1.02634e-06 1.34221e-08 
2.51334e-20 1.38785e-17 4.30893e-14 1.15036e-12 6.59341e-10 1.34402e-06 0.00011868 0.00155988 0.986677 0.0116431 
1.07247e-12 1.55999e-10 2.07043e-08 2.20179e-07 4.33175e-06 0.00199964 0.958844 0.0322281 0.0064072 0.00051659 
0.00351504 0.0378509 0.94114 0.0172379 0.000253205 3.35217e-06 5.38482e-08 1.12676e-09 3.60355e-12 9.98032e-14 
1.56506e-15 6.62201e-13 3.39327e-11 2.29266e-09 2.97866e-07 0.000223624 0.00177196 0.00731887 0.985269 0.0054165 
3.22902e-17 8.34097e-15 7.01345e-12 4.91601e-10 1.71853e-07 0.000139925 0.00120533 0.00650918 0.988058 0.00408748 
3.26382e-17 9.0585e-15 7.28772e-12 6.40715e-10 1.697e-07 0.000130012 0.000944658 0.0045841 0.986609 0.00773252 
1.17011e-05 0.0022158 0.0232279 0.892835 0.0558642 0.0226123 0.00294074 0.000291822 1.07556e-06 1.56632e-08 
2.55004e-17 7.03487e-15 5.82568e-12 4.79546e-10 1.33285e-07 0.000100787 0.000947242 0.00512209 0.99056 0.00327002 
5.81839e-09 6.67502e-07 5.2658e-05 0.0012415 0.00630427 0.581192 0.402933 0.00796884 0.000305007 1.61273e-06 
6.79825e-06 0.00128895 0.0189092 0.90155 0.0544282 0.0206942 0.00270018 0.000420937 1.06835e-06 1.9573e-08 
0 0 0 0 0 0 0 0 0 1 
6.37621e-07 2.27664e-05 0.00119359 0.00452371 0.937009 0.0431717 0.0131209 0.000951618 5.65324e-06 2.15393e-07 
8.63633e-08 1.95697e-05 0.0008325 0.012715 0.0420291 0.931713 0.0113668 0.00131655 7.3247e-06 3.00991e-07 
7.88885e-10 1.46616e-07 1.05516e-05 0.000167212 0.00416996 0.937488 0.0430904 0.0146912 0.00037866 4.00347e-06 
4.18644e-13 6.194e-11 9.07232e-09 9.36486e-08 2.14377e-06 0.00111929 0.00960436 0.976906 0.00993201 0.00243583 
0.00163207 0.0197245 0.0455309 0.919865 0.012773 0.000461465 1.27632e-05 8.25155e-09 5.7215e-11 1.25454e-12 
8.9257e-34 3.09083e-30 1.85901e-26 1.39547e-22 7.72972e-19 6.67468e-15 5.39953e-12 1.48912e-08 0.000131339 0.999869 
1.28421e-12 1.87124e-10 2.52749e-08 2.57983e-07 4.88121e-06 0.0019044 0.0154661 0.0348255 0.94611 0.00168866 
2.22299e-06 0.000131995 0.00503186 0.0297081 0.925594 0.0344508 0.0046896 0.000390129 1.59352e-06 2.1308e-08 
7.98289e-07 7.926e-05 0.00199907 0.375312 0.598818 0.0200486 0.0034731 0.000267943 1.17573e-06 2.53676e-08 
9.65335e-22 9.83981e-19 3.38144e-15 8.31483e-14 2.20668e-11 2.17787e-08 1.0427e-05 0.000161624 0.000606073 0.999222 
3.41261e-18 5.86629e-16 4.16745e-13 2.17802e-11 3.57703e-08 2.71252e-05 0.000107851 0.00184707 0.990953 0.00706461 
3.19844e-13 4.68851e-11 6.13232e-09 9.2004e-08 2.26616e-06 0.000645343 0.491262 0.504681 0.00317021 0.000239053 
1.1613e-20 6.05414e-18 1.82646e-14 6.88138e-13 5.12402e-10 8.23659e-07 0.000133255 0.00161017 0.00430484 0.993951 
2.39426e-20 1.19545e-17 3.55424e-14 9.39504e-13 5.49509e-10 1.31539e-06 8.06174e-05 0.00127483 0.00390744 0.994736 
9.0756e-21 6.15891e-18 2.13718e-14 4.11553e-13 1.30115e-10 4.83177e-07 3.64247e-05 0.000618719 0.00247651 0.996868 
1.55139e-20 6.95156e-18 1.86534e-14 4.40879e-13 1.758e-10 7.95686e-07 7.92496e-06 0.00109842 0.994621 0.00427148 
1.23242e-17 2.3392e-15 1.63732e-12 7.14895e-11 5.81925e-08 6.72465e-05 0.000624557 0.00482574 0.987948 0.00653449 
8.87946e-13 1.3005e-10 1.5957e-08 1.66532e-07 2.84889e-06 0.00106175 0.00762903 0.018705 0.969943 0.00265799 
3.23785e-06 0.000481905 0.00458739 0.0339055 0.926562 0.0311829 0.00293088 0.000345277 1.15091e-06 1.74666e-08 
5.50233e-13 8.03244e-11 9.02943e-09 9.30757e-08 1.39262e-06 0.000384409 0.00374428 0.00938546 0.98387 0.00261477 
1.94245e-17 6.64575e-15 6.45068e-12 5.16865e-10 1.10508e-07 9.40015e-05 0.00109181 0.00615495 0.980742 0.0119167 
9.81108e-13 1.70283e-10 6.48212e-08 1.91161e-06 0.000124178 0.00364113 0.955097 0.0364789 0.00420322 0.000453298 
9.12669e-18 2.84687e-15 2.21879e-12 2.33827e-10 2.67889e-08 2.5879e-05 0.000323815 0.0024418 0.00679399 0.990414 
2.2079e-20 1.09905e-17 3.18415e-14 8.61048e-13 4.76906e-10 1.1681e-06 6.90104e-05 0.00116751 0.00294146 0.995821 
0.00294314 0.847851 0.0638952 0.0579669 0.0227398 0.00440551 0.000194322 3.7808e-06 1.23931e-08 4.2067e-10 
4.7402e-13 6.97234e-11 8.57051e-09 8.5252e-08 1.44098e-06 0.000478251 0.00389065 0.0114185 0.981817 0.00239387 
1.47825e-20 7.88572e-18 2.30864e-14 1.12563e-12 8.23164e-10 1.39398e-06 0.000397845 0.00359874 0.991568 0.0044336 
4.23095e-11 2.36037e-08 5.95506e-07 7.22193e-05 0.00092834 0.00938143 0.0300064 0.957532 0.00194759 0.000131794 
1.66877e-08 1.96013e-06 0.000219056 0.00305319 0.935498 0.0455594 0.0142458 0.00141358 8.32761e-06 3.32791e-07 
1.5955e-22 2.77728e-19 1.19284e-15 3.96675e-13 5.44806e-10 6.93703e-08 0.000108284 0.000641091 0.00747401 0.991777 
4.19009e-13 6.16346e-11 9.69327e-09 1.06212e-07 2.54673e-06 0.00156516 0.946228 0.0363072 0.0128156 0.00308148 
7.98448e-13 1.1769e-10 1.66099e-08 1.83654e-07 3.67758e-06 0.00168409 0.015584 0.975008 0.00712812 0.000592074 
9.66434e-23 2.10209e-19 9.55828e-16 2.32379e-13 3.15703e-10 4.13465e-08 6.31866e-05 0.000214528 0.00217947 0.997543 
4.45613e-06 0.000571103 0.00781349 0.0412218 0.895079 0.0475104 0.00722288 0.000574732 1.89642e-06 2.68878e-08 
1.39811e-06 0.00013278 0.0076609 0.90035 0.0611959 0.0268278 0.00347345 0.000356268 1.55445e-06 1.74004e-08 
6.16016e-17 1.67669e-14 1.36958e-11 1.11652e-09 2.87081e-07 0.000227101 0.0020507 0.00868231 0.982875 0.00616446 
3.92131e-13 5.56376e-11 8.0491e-09 7.80561e-08 1.72168e-06 0.000729555 0.00633682 0.0161345 0.973025 0.0037722 
2.32309e-12 7.4121e-10 7.3259e-08 1.04276e-05 0.000223798 0.00415155 0.967712 0.0234558 0.00401845 0.000428002 
4.24785e-17 1.10521e-14 8.35966e-12 7.24975e-10 1.59201e-07 0.000122103 0.0011095 0.0031172 0.988397 0.00725359 
3.6481e-11 1.91266e-08 3.52053e-07 1.3752e-05 0.000259596 0.00391546 0.0226283 0.966488 0.00624999 0.000444308 
2.49068e-11 1.47303e-08 3.46252e-07 3.97979e-05 0.000538555 0.00652784 0.443071 0.549336 0.000464623 2.10189e-05 
3.00337e-20 1.66779e-17 5.17768e-14 1.61317e-12 1.04722e-09 1.96438e-06 0.000393383 0.00452823 0.986397 0.00867927 
2.67774e-07 1.66546e-05 0.000932146 0.00639214 0.0189067 0.959567 0.0128726 0.00130439 7.51011e-06 2.79658e-07 
5.01032e-17 1.38309e-14 1.14799e-11 9.35035e-10 2.42608e-07 0.000192138 0.00188119 0.00740766 0.985398 0.005121 
1.00828e-12 1.65029e-10 5.36715e-08 1.4976e-06 0.000107121 0.00607506 0.96054 0.0278996 0.0049495 0.000427649 
2.05069e-20 1.15489e-17 3.75271e-14 1.09298e-12 8.10952e-10 2.79539e-06 0.000213829 0.00366274 0.990377 0.00574393 
3.91089e-18 1.05584e-15 1.24169e-12 5.69595e-11 3.78255e-08 2.69233e-05 0.000241722 0.000928008 0.00340674 0.995397 
4.16317e-12 2.07076e-09 1.35479e-07 1.72571e-05 0.000315817 0.00804197 0.968117 0.0201506 0.00295873 0.000398711 
1.31498e-07 7.834e-05 0.00125992 0.0138145 0.038607 0.937011 0.00816484 0.00105689 7.17263e-06 3.05238e-07 
1.49579e-17 5.13891e-15 5.00535e-12 4.13e-10 9.37819e-08 5.85187e-05 0.000589356 0.00228876 0.00782679 0.989236 
2.00993e-20 1.11079e-17 3.46018e-14 8.52796e-13 4.34355e-10 1.06903e-06 7.69897e-05 0.00122575 0.00395901 0.994737 
1.8058e-20 1.02569e-17 3.1711e-14 8.60877e-13 4.70292e-10 9.35452e-07 8.92475e-05 0.00117696 0.00356023 0.995173 
1.66592e-10 4.69974e-08 2.42684e-06 0.000104963 0.00342256 0.644641 0.341593 0.00995082 0.000281999 2.89268e-06 
1.49705e-13 2.40897e-11 4.99516e-09 7.24279e-08 1.93427e-06 0.00115759 0.0114452 0.976188 0.00907424 0.00213289 
1.11731e-20 5.12387e-18 1.40601e-14 3.44299e-13 1.55368e-10 5.93052e-07 1.22944e-05 0.000503269 0.00183515 0.997649 
1.76311e-20 9.80465e-18 3.03192e-14 9.24872e-13 5.92874e-10 1.00754e-06 0.000116161 0.00127612 0.0048487 0.993758 
2.6923e-17 7.34474e-15 6.12478e-12 4.80686e-10 1.26891e-07 0.000100669 0.00107817 0.328973 0.666509 0.00333891 
1.66251e-20 9.09025e-18 2.80451e-14 7.69629e-13 4.58614e-10 8.88138e-07 8.17524e-05 0.000972114 0.00318037 0.995765 
4.30462e-17 9.24186e-15 6.48103e-12 3.98959e-10 1.83474e-07 0.000144508 0.0012777 0.00473021 0.0122723 0.981575 
4.59513e-17 1.14339e-14 8.68339e-12 6.9523e-10 2.16236e-07 0.000172304 0.00126703 0.00504065 0.0129926 0.980527 
6.06952e-15 1.77869e-12 9.74674e-11 3.46916e-09 1.7601e-07 0.000109132 0.00172349 0.984429 0.0109853 0.0027531 
2.07512e-11 1.14989e-08 2.46218e-07 1.05727e-05 0.00023467 0.003519 0.960981 0.0295739 0.00517331 0.000507187 
3.8437e-09 5.08723e-07 5.08699e-05 0.000223386 0.00435538 0.725107 0.256479 0.0130504 0.000729604 3.93679e-06 
7.02563e-21 4.3448e-18 1.43399e-14 4.25025e-13 2.88953e-10 3.87343e-07 5.94461e-05 0.000549947 0.00192314 0.997467 
8.37472e-13 1.23101e-10 1.67124e-08 1.86254e-07 3.5363e-06 0.00140319 0.96195 0.0309234 0.00527869 0.000441296 
4.8942e-13 7.22907e-11 1.33996e-08 2.1557e-07 1.40064e-05 0.00289257 0.947765 0.0285233 0.016027 0.00477745 
1.16912e-13 1.56526e-11 1.92322e-09 1.4309e-08 3.76582e-07 0.000344886 0.00338247 0.977319 0.0150799 0.00387344 
3.02248e-45 5.16066e-41 2.61512e-36 6.96615e-29 1.11578e-24 1.07778e-19 2.13791e-15 2.25747e-11 1.13055e-07 1 
3.10763e-20 1.56859e-17 4.61519e-14 1.26156e-12 7.29752e-10 1.65601e-06 0.000111428 0.00218042 0.988939 0.00876716 
1.07345e-17 1.67717e-15 6.17842e-13 2.85286e-11 3.8807e-08 3.30055e-05 0.000274094 0.00340208 0.991441 0.00485016 
8.22534e-22 4.11587e-19 1.2249e-15 2.61259e-14 9.97056e-12 4.36058e-08 1.07476e-06 6.63313e-05 0.00096457 0.998968 
1.1093e-12 1.62662e-10 2.2181e-08 2.8111e-07 3.14743e-05 0.00225345 0.961196 0.030175 0.00580258 0.000540934 
3.48908e-14 5.78647e-12 3.15995e-09 4.59328e-08 1.52523e-06 0.00102327 0.0092924 0.977064 0.0103923 0.00222681 
1.34341e-10 4.28891e-08 2.44998e-05 0.000729309 0.00824938 0.951591 0.0193041 0.0159974 0.00356559 0.000538286 
1.78741e-06 0.000108106 0.00403745 0.024331 0.0517611 0.914414 0.00501984 0.000325501 1.16332e-06 1.58716e-08 
3.63112e-21 1.57088e-18 4.36402e-15 1.23117e-13 8.44407e-11 2.09099e-07 9.073e-06 0.000164103 0.000296051 0.999531 
1.57102e-05 0.00257835 0.0247001 0.925585 0.0415769 0.0052865 0.000254029 3.05163e-06 9.98901e-09 3.04372e-10 
1.39099e-08 1.69512e-06 0.000178619 0.00111022 0.00523599 0.0195586 0.962682 0.0109693 0.000260059 2.94947e-06 
1.00414e-06 0.000106961 0.00339248 0.0263621 0.939552 0.0270147 0.00327686 0.000292051 1.97692e-06 1.03697e-07 
1.51356e-20 6.57431e-18 1.85202e-14 6.11726e-13 5.02304e-10 8.86122e-07 6.71217e-05 0.000773953 0.0026066 0.996551 
4.22023e-18 6.84682e-16 2.665e-13 1.09572e-11 4.00677e-09 6.94737e-06 0.000375852 0.00220637 0.00669171 0.990719 
6.95449e-07 2.49352e-05 0.00149809 0.00766698 0.0246289 0.952372 0.012689 0.00111261 6.1665e-06 2.64132e-07 
8.89222e-06 0.00145017 0.0187948 0.920334 0.0423808 0.01539 0.00161402 2.66643e-05 4.85519e-07 4.35502e-09 
1.13272e-12 1.64534e-10 2.2291e-08 2.28821e-07 4.06473e-06 0.001457 0.011615 0.962815 0.0217297 0.00237873 
1.52018e-06 0.000146167 0.00398019 0.0218228 0.0478095 0.918006 0.00769292 0.000538177 2.13004e-06 6.49338e-08 
7.58256e-11 4.55448e-08 8.90601e-07 7.54304e-05 0.00101215 0.0072908 0.0236563 0.962166 0.00559771 0.000200949 
8.47791e-05 0.0035588 0.0285665 0.881424 0.0654998 0.0188706 0.00173303 0.000261539 6.47916e-07 1.27547e-08 
1.79075e-05 0.00297666 0.846453 0.0908909 0.048445 0.0102278 0.000970687 1.73964e-05 2.31317e-07 2.8522e-09 
6.87933e-17 1.76381e-14 1.4153e-11 1.07651e-09 3.28711e-07 0.000257122 0.00268644 0.964065 0.0265444 0.0064466 
2.38172e-17 4.74472e-15 2.78524e-12 1.99421e-10 8.33026e-08 6.36663e-05 0.000614044 0.00504034 0.987009 0.0072724 
6.29965e-18 2.62839e-15 2.19125e-12 2.89809e-10 1.28177e-08 1.13607e-05 0.000324146 0.00138211 0.991129 0.00715313 
1.21762e-06 5.9939e-05 0.00244905 0.0102418 0.0978785 0.159044 0.727987 0.00228981 4.8935e-05 3.45149e-07 
4.28819e-08 8.8621e-06 0.00056549 0.0100299 0.920613 0.0565466 0.0109771 0.00124963 8.57898e-06 3.67748e-07 
2.27716e-17 6.14951e-15 5.24003e-12 3.92272e-10 1.27022e-07 0.000105441 0.00081589 0.00446755 0.991694 0.00291653 
1.95095e-16 1.01712e-13 1.25656e-11 1.09158e-09 2.19975e-07 0.000291571 0.0026484 0.00924531 0.983619 0.00419569 
3.9745e-17 9.85339e-15 7.90336e-12 5.58994e-10 1.94641e-07 0.000160908 0.00127891 0.00592657 0.988301 0.0043323 
2.26515e-18 8.2815e-16 8.05418e-13 6.68386e-11 4.81921e-09 9.93979e-06 0.000386489 0.00319041 0.984444 0.011969 
0.00164379 0.793701 0.128767 0.0480324 0.0208351 0.00636226 0.000647432 1.06998e-05 1.74814e-07 1.38969e-09 
2.18663e-10 6.88747e-08 1.91813e-05 0.000331933 0.00549977 0.0474286 0.931448 0.0148268 0.000441534 4.26808e-06 
1.83331e-20 1.05579e-17 3.35564e-14 9.55714e-13 6.07461e-10 9.928e-07 0.000116764 0.00127088 0.0042724 0.994339 
2.06441e-20 1.12237e-17 3.45458e-14 8.77828e-13 4.61564e-10 1.10377e-06 7.96433e-05 0.00119092 0.00376313 0.994965 
1.26174e-20 6.02724e-18 1.68388e-14 3.97669e-13 1.59962e-10 6.4348e-07 1.45536e-05 0.000619392 0.00211838 0.997247 
6.64271e-11 4.30633e-08 8.34404e-07 3.89209e-05 0.000913162 0.0118339 0.960456 0.0240161 0.00249278 0.000248376 
2.87387e-17 6.47591e-15 5.1631e-12 2.99871e-10 1.56703e-07 0.000126562 0.000825823 0.00425166 0.990004 0.00479173 
3.95575e-17 1.86658e-14 4.97605e-11 1.22091e-09 2.72238e-07 0.000400133 0.00522981 0.978291 0.0125735 0.003505 
5.68265e-09 8.20011e-07 0.000102302 0.00269877 0.020593 0.946527 0.0209986 0.00882488 0.000250133 4.09786e-06 
1.63802e-20 9.27455e-18 2.90943e-14 8.46833e-13 5.45242e-10 8.81479e-07 0.000103762 0.00231725 0.0061298 0.991448 
5.45205e-13 8.08682e-11 9.94637e-09 1.05189e-07 2.01799e-06 0.000755738 0.00703184 0.0166657 0.973362 0.00218298 
4.89222e-17 1.33832e-14 1.10822e-11 9.0871e-10 2.65637e-07 0.000253894 0.00184113 0.00936863 0.982714 0.0058218 
2.69187e-32 8.16586e-29 4.47502e-25 2.64471e-21 8.80004e-18 2.76338e-13 3.64507e-09 1.76281e-05 0.000430795 0.999552 
1.9618e-08 4.95435e-06 0.00309597 0.0182406 0.924865 0.032531 0.0146161 0.00645944 0.000183683 3.19204e-06 
2.58135e-17 7.11298e-15 5.61736e-12 4.88228e-10 9.69527e-08 8.2683e-05 0.000951841 0.00444297 0.499135 0.495387 
9.68681e-08 2.16476e-05 0.0011895 0.0175285 0.0531231 0.918536 0.00869293 0.000903196 4.41337e-06 1.65856e-07 
4.90528e-17 2.74735e-14 8.06659e-11 1.79904e-09 2.49035e-07 0.000232337 0.00330648 0.00983701 0.983931 0.00269282 
1.15212e-12 1.69773e-10 2.47573e-08 9.54103e-07 2.31592e-05 0.00185553 0.0162014 0.973235 0.00801416 0.000670029 
6.34463e-17 1.61033e-14 1.25832e-11 9.91238e-10 2.93681e-07 0.000322949 0.004481 0.014566 0.975263 0.00536717 
7.91608e-21 3.85867e-18 1.07645e-14 3.66287e-13 2.53357e-10 4.0637e-07 4.02731e-05 0.000470537 0.00210929 0.997379 
3.50075e-17 9.79981e-15 1.27027e-11 5.83638e-10 1.7127e-07 0.000139617 0.00107269 0.00587011 0.989164 0.00375317 
4.4105e-17 1.23591e-14 1.02174e-11 8.62301e-10 2.07771e-07 0.000167074 0.00167128 0.00757171 0.985696 0.00489343 
5.07421e-13 7.64918e-11 9.74413e-09 1.06212e-07 1.91153e-06 0.000682108 0.00448069 0.0123618 0.979024 0.0034494 
1.45229e-20 7.66919e-18 2.32536e-14 6.54647e-13 4.07553e-10 7.68629e-07 6.93253e-05 0.000874749 0.00183285 0.997222 
1.06993e-12 1.55599e-10 1.97405e-08 1.98121e-07 3.55747e-06 0.00125448 0.0107972 0.974884 0.0112594 0.00180073 
1.97994e-08 2.50959e-06 0.000256516 0.00291955 0.0171649 0.959309 0.0176544 0.002636 5.65974e-05 6.37607e-07 
2.69272e-17 7.41473e-15 6.868e-12 4.86236e-10 2.19414e-07 0.000181006 0.00112129 0.00688894 0.986785 0.00502376 
7.05376e-09 7.59649e-07 7.50885e-05 0.00187428 0.0135605 0.962297 0.0175289 0.00456111 0.000100611 1.56106e-06 
8.84222e-13 1.29474e-10 2.05227e-08 3.0123e-07 2.03464e-05 0.00168613 0.0132773 0.979605 0.00499451 0.000416159 
8.22324e-13 1.19406e-10 1.53019e-08 1.55095e-07 2.79212e-06 0.00110496 0.0110745 0.982274 0.00504648 0.000497008 
2.8829e-17 7.47745e-15 6.30353e-12 4.44663e-10 1.54081e-07 0.00013741 0.00114097 0.981309 0.0137783 0.00363379 
1.27655e-32 3.90955e-29 2.13981e-25 1.1474e-21 3.09229e-18 7.43401e-14 8.68918e-10 4.19042e-06 3.43892e-05 0.999961 
1.63376e-08 1.91331e-06 0.000211471 0.00268373 0.0186748 0.95897 0.017508 0.00193759 1.20106e-05 3.34832e-07 
1.47692e-06 0.000174223 0.00416303 0.0226025 0.0449946 0.919867 0.00773867 0.000454869 3.22164e-06 1.5263e-07 
2.45644e-10 1.02471e-07 3.21706e-05 0.00117149 0.922803 0.0395185 0.0249086 0.0112262 0.000335558 4.48616e-06 
6.47196e-23 4.22386e-20 9.29254e-17 3.63171e-14 4.73664e-11 7.24048e-09 9.31387e-06 8.20229e-05 0.000770638 0.999138 
1.87191e-17 5.82406e-15 4.32481e-12 5.2146e-10 6.76558e-08 5.69848e-05 0.00082575 0.00558684 0.988104 0.00542627 
8.4706e-21 3.61452e-18 1.01718e-14 3.54847e-13 3.09101e-10 5.01496e-07 4.20694e-05 0.000402754 0.995802 0.00375233 
3.6903e-21 2.14997e-18 6.51651e-15 4.53338e-13 4.79701e-10 2.26831e-07 9.36174e-05 0.00102475 0.993718 0.00516371 
1.32865e-29 4.34611e-26 2.40059e-22 1.02915e-18 2.22295e-15 6.04102e-12 9.58083e-09 1.55334e-05 0.000944756 0.99904 
2.39993e-07 2.9398e-05 0.00142354 0.020558 0.937861 0.0321934 0.00680533 0.00112172 7.5073e-06 3.45698e-07 
2.25784e-07 3.13056e-05 0.000941241 0.100079 0.776529 0.118126 0.00378063 0.00050866 3.37974e-06 1.57906e-07 
0.00219481 0.0285927 0.936758 0.0294267 0.00286485 0.000162643 4.02138e-07 4.91731e-09 2.67189e-11 7.32671e-13 
5.43843e-12 2.33902e-09 8.87365e-08 7.58567e-06 0.00011798 0.00253344 0.0155445 0.975693 0.00567566 0.000428072 
7.55836e-13 1.13342e-10 1.89682e-08 4.35988e-07 3.73541e-05 0.00260065 0.0163659 0.974446 0.00605338 0.000496659 
4.40343e-17 1.10014e-14 8.56631e-12 6.5387e-10 2.06176e-07 0.00015922 0.00128159 0.00611843 0.987943 0.00449724 
5.13309e-11 3.09814e-08 6.93533e-07 7.25235e-05 0.00108222 0.442161 0.542528 0.0136215 0.000530988 3.58239e-06 
3.35737e-17 8.8932e-15 7.0491e-12 5.87812e-10 1.58106e-07 0.000126779 0.00129692 0.493162 0.501736 0.00367804 
2.116e-17 5.42526e-15 3.97366e-12 3.61249e-10 8.4003e-08 5.69848e-05 0.00047613 0.00187655 0.98794 0.00964989 
0.00154175 0.0266874 0.911352 0.0501927 0.0094368 0.000788048 1.79873e-06 1.32935e-08 1.35863e-10 1.43102e-12 
1.34949e-20 8.10632e-18 2.59239e-14 7.56192e-13 4.73749e-10 7.14899e-07 9.59519e-05 0.00101726 0.991559 0.00732729 
1.04145e-08 1.1433e-06 0.000121372 0.0021057 0.0116054 0.939087 0.0342177 0.0122589 0.0005217 8.09684e-05 
1.24306e-17 4.25501e-15 3.26433e-12 3.98587e-10 4.84621e-08 3.41476e-05 0.000337715 0.00179513 0.989864 0.00796893 
6.1764e-13 8.83584e-11 1.04933e-08 1.05983e-07 1.74291e-06 0.000555808 0.00669225 0.0153437 0.974579 0.00282775 
6.92057e-09 8.98847e-07 0.000120877 0.001438 0.0142607 0.495463 0.482301 0.00622775 0.000185513 2.59638e-06 
7.70407e-09 8.05637e-07 8.23205e-05 0.0015349 0.00432472 0.0183586 0.965001 0.0103693 0.00032703 1.56888e-06 
3.43732e-06 0.000291466 0.00631397 0.0362521 0.924302 0.0292323 0.00323446 0.00036908 9.95643e-07 1.69817e-08 
4.94329e-09 5.011e-07 3.44625e-05 0.000986161 0.00317615 0.0165558 0.966012 0.0128206 0.000411659 2.41307e-06 
3.68839e-13 5.01667e-11 8.49697e-09 7.58752e-08 1.84501e-06 0.0010393 0.00924746 0.979167 0.00845011 0.00209393 
1.64193e-06 5.83541e-05 0.00348416 0.0197421 0.0493056 0.917033 0.00979427 0.000578642 2.5578e-06 5.90008e-08 
1.7283e-12 3.4793e-10 1.19347e-07 1.27518e-05 0.000320061 0.00920317 0.0327467 0.95324 0.00401515 0.000462323 
3.13348e-11 1.82739e-08 3.69475e-07 4.55293e-05 0.000443728 0.00589648 0.0216064 0.968944 0.0029355 0.000127913 
1.71218e-17 5.72163e-15 5.81078e-12 3.77429e-10 7.4382e-08 6.12293e-05 0.00125002 0.00717829 0.987235 0.00427549 
1.77819e-17 2.86451e-15 9.62077e-13 6.9061e-11 4.87202e-08 4.23164e-05 0.000290833 0.000818183 0.00380058 0.995048 
7.62034e-35 2.78517e-31 1.73603e-27 1.3746e-23 8.30065e-20 4.45978e-16 1.34974e-12 9.63747e-09 0.000129655 0.99987 
2.61551e-20 1.38752e-17 4.17921e-14 1.11105e-12 6.06594e-10 1.37773e-06 0.0001013 0.0015432 0.00475049 0.993604 
1.36444e-08 1.6048e-06 0.000184034 0.00321237 0.590636 0.394179 0.0105669 0.00121231 6.84444e-06 2.96665e-07 
1.92983e-20 1.07678e-17 3.41501e-14 9.76974e-13 6.48229e-10 1.07942e-06 0.00011947 0.0012991 0.00495677 0.993624 
2.67002e-17 7.70359e-15 6.61443e-12 5.34759e-10 1.24534e-07 0.000102374 0.00120576 0.0051721 0.662774 0.330746 
4.01904e-17 1.07879e-14 8.57652e-12 7.14694e-10 1.67473e-07 0.000138721 0.00143767 0.00693788 0.986393 0.00509245 
1.30521e-11 9.29218e-09 2.27296e-07 3.69925e-05 0.000683095 0.0075778 0.97921 0.0110236 0.0013741 9.4572e-05 
2.0127e-20 1.10137e-17 3.4095e-14 8.43005e-13 4.29254e-10 1.0731e-06 7.44288e-05 0.00127842 0.00372919 0.994917 
5.54088e-17 1.449e-14 1.16897e-11 9.14723e-10 2.67842e-07 0.000218822 0.00352953 0.971429 0.0193053 0.00551669 
1.98314e-20 1.38741e-17 4.9192e-14 1.10323e-12 5.06103e-10 1.0142e-06 7.3476e-05 0.00104568 0.00289922 0.995981 
6.65472e-06 0.000875177 0.00557348 0.0259899 0.0448147 0.917336 0.00509346 0.000309362 1.12681e-06 1.35356e-08 
2.82389e-17 7.83523e-15 6.76909e-12 5.15233e-10 1.54039e-07 0.000113798 0.00100083 0.00408185 0.98975 0.00505315 
6.49105e-17 1.87151e-14 1.96811e-11 1.27476e-09 3.62273e-07 0.000382265 0.00444133 0.0143217 0.974506 0.00634869 
3.81756e-17 1.11273e-14 9.24511e-12 8.12424e-10 1.74326e-07 0.000138448 0.00137302 0.00472342 0.0128344 0.980931 
1.06177e-13 1.49993e-11 1.73622e-09 1.4577e-08 3.10975e-07 0.00014652 0.00127048 0.00534584 0.984131 0.00910583 
3.13501e-34 8.00674e-31 4.11327e-27 3.5604e-23 1.22232e-19 3.76556e-15 2.47132e-11 1.20447e-07 5.19591e-05 0.999948 
1.71779e-20 9.96812e-18 3.17966e-14 9.12153e-13 5.83972e-10 9.35067e-07 0.000113284 0.00126924 0.00461669 0.994 
8.29595e-11 5.056e-08 1.0241e-06 9.72872e-05 0.00126417 0.0112348 0.0342322 0.950771 0.00230452 9.45473e-05 
2.66143e-20 1.41305e-17 4.31264e-14 1.13807e-12 6.48039e-10 1.43077e-06 0.000108425 0.00152829 0.00436394 0.993998 
8.51006e-23 9.73551e-20 3.6055e-16 2.2455e-14 2.27418e-11 4.59192e-09 5.11667e-06 4.01767e-05 0.00063109 0.999324 
0.0859814 0.556351 0.22868 0.122538 0.00527166 0.00110251 7.35308e-05 1.16593e-06 3.19586e-09 7.47994e-11 
2.45836e-20 1.7089e-17 6.06978e-14 1.4966e-12 1.09616e-09 8.27411e-06 9.75942e-05 0.00148406 0.00441189 0.993998 
2.88583e-20 1.5758e-17 4.89376e-14 1.22305e-12 6.49666e-10 1.53667e-06 0.000112929 0.00166592 0.00422677 0.993993 
2.02316e-20 1.16824e-17 3.72264e-14 1.01613e-12 6.13826e-10 1.09135e-06 0.000118203 0.00133194 0.00451509 0.994034 
9.95678e-13 1.45747e-10 2.10003e-08 2.43278e-07 5.03522e-05 0.00620316 0.963595 0.0245751 0.00518838 0.000387417 
0.00178183 0.01434 0.0374058 0.927494 0.0182563 0.000620423 0.000100594 8.2111e-07 2.31762e-09 4.01882e-11 
4.02148e-13 6.09697e-11 6.55873e-09 6.77709e-08 1.09608e-06 0.000345507 0.0031133 0.00827184 0.984421 0.00384675 
1.12663e-12 1.66453e-10 3.40666e-08 1.44768e-05 0.00329747 0.939804 0.0257225 0.0255918 0.0050996 0.000469874 
2.67939e-17 6.84487e-15 4.96816e-12 4.41749e-10 8.82933e-08 7.27788e-05 0.000914333 0.495477 0.500305 0.00323017 
2.21254e-08 2.63644e-06 0.000291814 0.00413157 0.0249211 0.955272 0.013956 0.00141562 8.93631e-06 3.77014e-07 
1.57589e-08 2.04314e-06 0.000253295 0.00239781 0.914313 0.0549833 0.0216643 0.00621355 0.000170365 2.73134e-06 
3.08087e-17 8.99927e-15 8.83652e-12 5.80925e-10 2.28682e-07 0.000269546 0.966999 0.0131706 0.0141075 0.005453 
5.34512e-44 9.1264e-40 4.62472e-35 1.23193e-27 1.97321e-23 1.90601e-18 3.78081e-14 5.48498e-10 9.64548e-06 0.99999 
2.75055e-17 7.232e-15 5.9029e-12 4.51544e-10 1.29495e-07 9.87797e-05 0.00105746 0.00581417 0.0135914 0.979438 
1.01225e-21 1.06588e-18 3.83494e-15 9.43138e-14 3.29843e-11 3.47439e-08 1.30462e-05 0.000152295 0.00059543 0.999239 
1.85544e-08 2.17862e-06 0.000251861 0.00260338 0.0175675 0.963519 0.0141689 0.00186365 2.32933e-05 6.01498e-07 
5.62901e-11 3.56174e-08 7.94212e-07 0.000108795 0.00455352 0.674707 0.305982 0.0141951 0.000449491 3.55901e-06 
2.65884e-13 5.31057e-11 2.91565e-08 5.30265e-06 0.00138161 0.481205 0.0173778 0.493393 0.00535654 0.00128085 
3.64634e-17 9.78968e-15 8.27917e-12 6.14817e-10 1.92812e-07 0.000146219 0.000968858 0.00280859 0.00997577 0.9861 
1.93013e-09 2.79481e-07 2.76298e-05 0.000440883 0.00368867 0.0178528 0.964737 0.0128415 0.000407792 3.15505e-06 
3.00323e-17 8.7502e-15 7.44446e-12 6.31995e-10 1.4591e-07 0.000114538 0.00111464 0.00470448 0.988847 0.00521874 
4.91357e-17 1.21299e-14 9.90986e-12 6.78821e-10 2.64767e-07 0.000191875 0.0012886 0.00468369 0.986244 0.00759162 
2.3345e-20 1.20033e-17 3.53993e-14 1.04109e-12 6.38907e-10 1.26819e-06 0.000104321 0.00143853 0.00473772 0.993718 
6.18775e-10 9.04361e-08 1.08026e-05 0.00011953 0.199224 0.716301 0.0788134 0.00536283 0.000166647 1.5141e-06 
9.58355e-07 5.04541e-05 0.00267321 0.023406 0.923649 0.0394772 0.00962587 0.0011119 5.18523e-06 1.2152e-07 
4.78254e-17 1.26656e-14 9.96542e-12 8.63258e-10 2.33806e-07 0.00018649 0.00178104 0.00870661 0.983428 0.00589719 
2.30313e-21 9.72606e-19 2.71246e-15 5.6879e-14 2.82064e-11 1.31662e-07 4.25251e-07 0.00011685 3.99216e-05 0.999843 
3.75009e-18 1.35504e-15 1.28074e-12 1.39764e-10 3.83305e-08 4.8375e-05 0.000421969 0.00375023 0.987412 0.00836785 
3.60041e-17 9.96444e-15 8.17043e-12 6.72152e-10 1.5983e-07 0.000131253 0.00131288 0.00596584 0.979699 0.0128914 
1.03214e-05 0.00159071 0.0233202 0.915623 0.0432568 0.0142806 0.00181116 0.000107005 5.91468e-07 6.64328e-09 
8.16733e-14 1.27604e-11 2.83137e-09 4.3413e-08 1.11066e-06 0.000609472 0.00613956 0.501414 0.489738 0.00209793 
2.62817e-20 1.46883e-17 4.59529e-14 1.17889e-12 6.38738e-10 1.39922e-06 0.000116661 0.00166921 0.00413499 0.994078 
1.15778e-18 5.02113e-16 4.63766e-13 5.57689e-11 2.49808e-09 2.41729e-06 0.000182942 0.00217049 0.98772 0.0099245 
9.00145e-07 0.000212413 0.30485 0.331242 0.331578 0.0165578 0.00935249 0.0060303 0.000172944 3.07752e-06 
7.21844e-11 4.48463e-08 9.10606e-07 9.83463e-05 0.00122024 0.0114044 0.0303755 0.955624 0.00121955 5.65504e-05 
4.644e-17 6.35794e-14 2.65406e-10 3.75865e-09 1.60084e-07 9.48236e-05 0.000840024 0.0557521 0.814521 0.128792 
0.148381 0.373944 0.470408 0.00715633 0.000110284 4.61316e-07 7.10744e-09 2.99929e-10 8.67158e-13 2.0738e-14 
1.23104e-30 4.6418e-27 2.29165e-23 1.13747e-20 1.46776e-17 8.65255e-15 7.58989e-12 1.70991e-08 8.69024e-09 1 
8.41725e-13 1.23043e-10 1.67328e-08 1.7566e-07 3.39936e-06 0.00146937 0.0144991 0.975825 0.00750168 0.000701278 
1.36056e-12 2.23998e-10 5.47787e-08 2.72948e-06 7.08422e-05 0.00611507 0.961417 0.0271135 0.00471711 0.000563566 
1.83134e-20 1.09933e-17 3.58285e-14 8.83436e-13 4.62893e-10 9.92649e-07 9.41495e-05 0.00129398 0.00443012 0.994181 
8.05578e-13 1.16889e-10 1.52441e-08 1.556e-07 2.93564e-06 0.00124661 0.012522 0.980231 0.00556324 0.000434343 
9.79261e-09 1.16937e-06 0.000108037 0.00151049 0.00626402 0.934116 0.0431072 0.0143447 0.000545089 3.38885e-06 
3.20487e-17 7.97308e-15 5.78905e-12 4.67717e-10 1.08398e-07 9.33374e-05 0.000909466 0.00404834 0.990999 0.00395009 
1.00877e-17 2.21353e-15 1.51901e-12 1.03449e-10 4.09235e-08 4.92764e-05 0.000403091 0.00289463 0.989036 0.00761668 
1.80942e-11 1.07921e-08 2.27834e-07 2.38761e-05 0.000263435 0.00302296 0.0159592 0.973596 0.0066305 0.000504077 
1.72124e-05 0.00178816 0.0218433 0.903568 0.0591584 0.0128309 0.000786216 7.85208e-06 5.17711e-08 7.43646e-10 
1.02584e-12 1.46278e-10 1.8923e-08 1.84368e-07 3.38211e-06 0.00138835 0.0133873 0.977744 0.0066977 0.000779503 
2.13507e-20 1.2094e-17 3.79209e-14 1.06739e-12 6.5325e-10 1.14794e-06 0.000123044 0.00141464 0.00430471 0.994156 
1.89398e-19 1.16072e-16 2.09708e-13 6.51333e-12 3.27715e-09 6.13993e-06 0.000204215 0.00380112 0.986809 0.00917914 
3.52135e-17 7.49492e-15 5.73218e-12 2.79731e-10 1.85655e-07 0.000157293 0.00111363 0.00478529 0.987699 0.00624433 
5.54089e-11 3.4253e-08 7.66483e-07 0.000104469 0.00585984 0.955172 0.0272397 0.0112493 0.000370161 3.27489e-06 
2.47404e-20 1.39389e-17 4.35714e-14 1.17071e-12 6.69388e-10 1.32023e-06 0.000124833 0.00193151 0.98762 0.0103219 
1.67429e-08 2.59113e-06 0.000360108 0.00633809 0.0263036 0.956384 0.00967879 0.000926325 6.00066e-06 2.34315e-07 
3.67792e-13 4.93476e-11 6.01536e-09 4.265e-08 6.37688e-07 0.00016896 0.00126378 0.00418908 0.00864723 0.98573 
2.40516e-06 0.000282864 0.00416074 0.0235362 0.53102 0.43407 0.00638637 0.000539215 1.72736e-06 4.85277e-08 
1.59451e-20 8.76982e-18 2.77403e-14 7.70606e-13 4.99435e-10 8.93514e-07 8.99978e-05 0.00117286 0.00377157 0.994965 
7.76955e-11 4.74096e-08 9.97091e-07 9.94351e-05 0.00129956 0.0116192 0.031419 0.954667 0.000872361 2.22729e-05 
3.04752e-17 8.27381e-15 7.04235e-12 5.45722e-10 1.70039e-07 0.000144037 0.00217217 0.974024 0.0164565 0.00720278 
1.36855e-20 8.89854e-18 2.98507e-14 1.12717e-12 7.11189e-10 1.52169e-06 0.00039463 0.00289593 0.989337 0.0073711 
5.16276e-18 8.60915e-16 3.79079e-13 1.94533e-11 1.61914e-08 1.42358e-05 0.000160211 0.00161938 0.989124 0.00908183 
4.88184e-17 1.14154e-14 7.94834e-12 6.53005e-10 1.83804e-07 0.000140777 0.00141148 0.00599511 0.988405 0.00404714 
4.09448e-23 3.09473e-20 9.64933e-17 2.19291e-15 3.12598e-13 1.12537e-09 1.83043e-07 1.63738e-05 0.000791571 0.999192 
3.15665e-17 8.78368e-15 6.67831e-12 6.45991e-10 1.20276e-07 0.000113362 0.00164206 0.97869 0.0154434 0.00411144 
2.70704e-26 9.1846e-23 4.47884e-19 4.96468e-17 6.15497e-14 1.15435e-10 3.48764e-08 1.30604e-05 9.30294e-05 0.999894 
2.06237e-20 1.11869e-17 3.44311e-14 9.03513e-13 5.04253e-10 1.10086e-06 8.76497e-05 0.00118092 0.00278288 0.995947 
1.02103e-13 1.82451e-11 2.56633e-09 4.85767e-08 3.54958e-05 0.946752 0.0156637 0.0181147 0.015098 0.00433597 
0 0 0 0 0 0 0 0 0 1 
2.4158e-20 1.32341e-17 4.0735e-14 1.1105e-12 6.4471e-10 1.28673e-06 0.000115105 0.00149588 0.00505905 0.993329 
1.78482e-20 1.03435e-17 3.30326e-14 9.08258e-13 5.5338e-10 9.69525e-07 0.00010704 0.00122313 0.989143 0.00952575 
1.32234e-08 1.72935e-06 0.000188438 0.00124066 0.0134673 0.949572 0.0281701 0.00719756 0.000160655 2.07475e-06 
2.25076e-08 2.60799e-06 0.000282325 0.00284052 0.0144737 0.0369369 0.942645 0.00273449 8.36895e-05 6.46642e-07 
2.37977e-15 3.91307e-13 4.44718e-11 8.38931e-10 2.09975e-07 0.000159757 0.00109307 0.00524035 0.98988 0.00362631 
9.96811e-09 1.18467e-06 0.000121285 0.00102164 0.00486686 0.0177652 0.968667 0.00727998 0.000275323 1.47686e-06 
1.54314e-20 8.63255e-18 2.69038e-14 7.19332e-13 4.08632e-10 8.28093e-07 7.50535e-05 0.00106396 0.990216 0.00864381 
5.09677e-11 3.22831e-08 7.68563e-07 9.55736e-05 0.00123855 0.0136772 0.965283 0.0185784 0.00105131 7.50824e-05 
1.24529e-05 0.00131368 0.00966042 0.0472976 0.922846 0.0184445 0.000420265 5.30989e-06 3.5733e-08 4.91362e-10 
2.64112e-17 6.54331e-15 5.26556e-12 3.68321e-10 1.32825e-07 9.40412e-05 0.000719722 0.428268 0.5674 0.00351834 
1.89697e-20 7.98598e-18 2.18232e-14 4.73601e-13 2.27717e-10 1.05245e-06 3.41544e-06 0.000671572 0.000995501 0.998328 
3.28523e-17 4.75594e-15 8.88944e-13 3.27808e-11 4.14971e-08 4.28262e-05 0.000349788 0.000455146 0.026215 0.972937 
3.07696e-06 0.000656398 0.00432528 0.025569 0.946296 0.0210875 0.00182501 0.000237384 6.98371e-07 1.14578e-08 
0.0111418 0.946751 0.0363276 0.0057055 7.32059e-05 1.3033e-06 3.66313e-08 2.79056e-11 2.70497e-13 4.58345e-15 
1.726e-27 4.66953e-24 2.39358e-20 1.98999e-16 7.86819e-13 4.83194e-09 8.78493e-08 5.24319e-05 0.00188354 0.998064 
2.56716e-18 1.27879e-15 1.42088e-12 1.19991e-10 1.78226e-08 2.22605e-05 0.000421004 0.0033458 0.00735345 0.988857 
1.37083e-12 2.24411e-10 5.62175e-08 3.60046e-06 0.000143148 0.00319302 0.9485 0.0387209 0.00818675 0.00125208 
2.68516e-07 4.07428e-05 0.00142573 0.0189119 0.936633 0.0336876 0.0078451 0.00144758 7.95321e-06 3.68453e-07 
7.52137e-11 4.21121e-08 8.30748e-07 6.10731e-05 0.000792829 0.0101708 0.958403 0.0265774 0.00379547 0.000198774 
9.7716e-09 1.18706e-06 0.000143778 0.000834043 0.0117456 0.960773 0.0197003 0.00662262 0.000177904 1.36772e-06 
4.17383e-28 1.12683e-24 5.76964e-21 4.8264e-17 1.91486e-13 1.17876e-09 1.94695e-08 1.41005e-05 0.00052042 0.999465 
6.85687e-13 9.99622e-11 1.28651e-08 1.33535e-07 2.465e-06 0.00102933 0.00941722 0.982925 0.00595652 0.000669565 
8.58514e-17 1.57218e-13 6.99106e-10 1.04365e-08 6.0121e-07 0.000505675 0.00619769 0.977509 0.0122927 0.00349445 
3.80786e-17 9.96523e-15 8.09159e-12 6.18538e-10 1.77874e-07 0.000130997 0.00117335 0.00460198 0.989029 0.00506477 
2.37233e-20 1.33346e-17 4.18808e-14 1.17569e-12 7.30754e-10 1.28538e-06 0.000136071 0.00156369 0.0052067 0.993092 
6.98134e-09 8.65147e-07 8.91806e-05 0.000466105 0.00199959 0.159194 0.828032 0.00985497 0.000360551 2.76342e-06 
2.49162e-08 4.41559e-06 0.000340601 0.00583821 0.946901 0.0361644 0.00975565 0.000989721 5.99168e-06 2.35089e-07 
1.02138e-28 2.76734e-25 1.41927e-21 1.17462e-17 4.63489e-14 2.84333e-10 6.01635e-09 5.84399e-06 0.000207478 0.999787 
1.57975e-20 1.25759e-17 4.47496e-14 1.89072e-12 1.39701e-09 3.98193e-06 0.000538966 0.00555825 0.986148 0.00775088 
5.60543e-13 8.21951e-11 9.35955e-09 9.92593e-08 1.63156e-06 0.00078551 0.00757864 0.0187113 0.971 0.00192238 
4.995e-13 7.39528e-11 1.17798e-08 2.11154e-07 3.2432e-05 0.00179382 0.967682 0.0251914 0.00491034 0.000390109 
2.32855e-20 1.32516e-17 4.16143e-14 1.14349e-12 6.75736e-10 1.24353e-06 0.000127959 0.00154329 0.00463365 0.993694 
6.26063e-35 2.13971e-31 1.27807e-27 9.33434e-24 4.84621e-20 6.12182e-16 3.64969e-13 1.00766e-09 3.35799e-06 0.999997 
2.086e-20 1.16686e-17 3.64546e-14 1.01001e-12 6.10247e-10 1.12392e-06 0.000112793 0.00143059 0.00480329 0.993652 
1.79029e-14 3.36952e-12 2.97674e-09 4.95817e-08 1.48093e-06 0.000779556 0.00560981 0.973761 0.0162593 0.00358858 
1.23088e-20 7.00612e-18 2.19465e-14 5.33063e-13 2.53693e-10 6.4335e-07 4.76557e-05 0.000924724 0.00498037 0.994047 
2.04588e-13 3.08351e-11 6.91397e-09 8.8758e-08 2.81058e-06 0.00144897 0.94963 0.0336007 0.0122226 0.00309502 
1.67883e-13 2.48917e-11 4.90598e-09 6.21886e-08 1.75678e-06 0.00111315 0.0103234 0.976827 0.00917577 0.00255892 
1.86745e-20 1.00046e-17 3.07116e-14 8.21344e-13 4.77937e-10 1.00993e-06 8.16986e-05 0.00111178 0.00369885 0.995107 
6.26187e-11 3.73689e-08 6.9844e-07 5.69041e-05 0.00066072 0.0055102 0.0194824 0.970465 0.00364265 0.000181359 
9.763e-13 1.61465e-10 4.98172e-08 2.73617e-06 6.59997e-05 0.00381778 0.0222479 0.969367 0.00407704 0.000421583 
5.21409e-17 1.3597e-14 1.10886e-11 8.60801e-10 2.88505e-07 0.000270211 0.00396129 0.972802 0.0179014 0.00506474 
2.67908e-11 1.48284e-08 3.27641e-07 2.26362e-05 0.000349095 0.00810971 0.958862 0.0271291 0.00516762 0.00035974 
8.59044e-11 5.10117e-08 1.08668e-06 0.000103007 0.0014468 0.0101646 0.0286795 0.945894 0.0135259 0.00018542 
1.51077e-20 9.3907e-18 3.01273e-14 8.93572e-13 5.65767e-10 7.90094e-07 0.000118145 0.00118517 0.0045612 0.994135 
7.13261e-30 2.30679e-26 1.28331e-22 5.86263e-19 1.33528e-15 3.97154e-12 7.60182e-09 1.9052e-05 0.000556502 0.999424 
1.42469e-13 2.05543e-11 5.78778e-09 8.03392e-08 1.66362e-05 0.00291346 0.95199 0.0304587 0.011384 0.0032367 
1.60423e-34 5.27976e-31 3.12008e-27 2.5459e-23 1.4715e-19 4.18245e-15 5.28913e-11 2.55837e-07 2.88422e-05 0.999971 
2.50835e-17 6.40372e-15 3.92903e-12 4.81036e-10 4.71743e-08 4.37909e-05 0.000851796 0.00530303 0.988407 0.00539392 
2.66522e-17 5.91275e-15 3.99659e-12 3.30724e-10 1.25449e-07 9.46533e-05 0.000525321 0.00163235 0.0070178 0.99073 
2.27151e-20 1.2608e-17 3.92617e-14 1.01149e-12 5.49253e-10 1.21653e-06 9.96314e-05 0.00253459 0.99044 0.00692421 
3.75825e-09 4.91131e-07 6.34751e-05 0.000362998 0.00526808 0.446894 0.53936 0.00780126 0.000247985 2.13631e-06 
3.96152e-17 8.87136e-15 5.97164e-12 4.65933e-10 1.54037e-07 0.000118186 0.00119642 0.00645663 0.988129 0.0041001 
