2402
3.40489e-07 9.23832e-06 3.30764e-05 0.000158368 0.000432604 0.00146799 0.00471577 0.0162099 0.0336709 0.943302 
2.75286e-05 0.00131995 0.00180069 0.00779256 0.0190354 0.0467142 0.0834835 0.128163 0.152762 0.558902 
6.38659e-06 0.000336284 0.000418976 0.00222165 0.00758014 0.02657 0.586064 0.138333 0.137008 0.101462 
1.95253e-05 0.000875167 0.00196546 0.00729571 0.00980562 0.0342354 0.0601172 0.105458 0.667234 0.112994 
7.58916e-06 0.000404239 0.00064803 0.00239014 0.00580077 0.0173345 0.0414726 0.0884514 0.715481 0.12801 
9.82747e-08 1.7572e-06 4.5774e-05 6.69952e-05 0.00033932 0.00129394 0.00718188 0.0280854 0.0707808 0.892204 
2.19919e-06 6.14221e-05 0.000227802 0.00197104 0.00972348 0.053487 0.50813 0.258654 0.112384 0.0553588 
1.36344e-07 4.34806e-06 1.20133e-05 0.000188878 0.000181497 0.00121324 0.00256364 0.00656188 0.0145506 0.974724 
3.79433e-07 5.6251e-06 9.25569e-05 0.000263285 0.000352915 0.00107344 0.00470972 0.0180628 0.909807 0.0656322 
1.26234e-07 1.92e-06 2.74843e-05 9.0932e-05 5.12609e-05 0.000186633 0.00056124 0.0015729 0.00531441 0.992193 
3.8738e-07 1.13995e-05 4.60348e-05 0.000410406 0.0013956 0.00728599 0.0240433 0.0654122 0.828921 0.0724735 
9.88435e-08 3.60567e-06 1.89684e-05 5.3618e-05 0.000313063 0.00160647 0.00732423 0.0323261 0.904717 0.0536364 
2.69187e-32 8.16586e-29 4.47502e-25 2.64471e-21 8.80004e-18 2.76338e-13 3.64507e-09 1.76281e-05 0.000430795 0.999552 
8.01199e-07 1.34037e-05 0.000164815 0.000532494 0.000531889 0.0018125 0.0034301 0.00630331 0.0113178 0.975893 
2.10886e-07 5.27121e-06 2.917e-05 6.91288e-05 0.000329461 0.000846763 0.00359796 0.0144956 0.932038 0.0485886 
7.19811e-08 8.95259e-07 3.65979e-05 4.72941e-05 0.000298471 0.000833489 0.00427904 0.464101 0.487736 0.0426672 
1.49228e-07 4.69624e-06 1.00092e-05 3.50278e-05 0.000264292 0.000678424 0.00298809 0.0118273 0.941981 0.0422113 
1.21395e-05 0.000232556 0.0024866 0.00801701 0.00601618 0.0172524 0.0258159 0.044983 0.078644 0.81654 
1.00304e-07 1.12133e-06 5.83482e-05 6.71158e-05 0.000337762 0.000676509 0.00443156 0.0204865 0.0538949 0.920046 
2.24965e-05 0.000409867 0.00310669 0.0101106 0.0158958 0.0411155 0.066644 0.0837682 0.105772 0.673155 
4.50601e-06 0.00014784 0.000661282 0.00260523 0.00399304 0.0115473 0.0241488 0.0519862 0.0820907 0.822815 
5.61354e-06 0.000115396 0.00113199 0.00394285 0.0039628 0.00924745 0.0106649 0.0193166 0.387324 0.564289 
2.66132e-05 0.000672936 0.00234784 0.00791152 0.0169247 0.09242 0.100749 0.139177 0.525957 0.113813 
3.65209e-05 0.00134479 0.00345821 0.011875 0.0215952 0.0595698 0.552521 0.147447 0.123541 0.0786108 
1.08053e-06 1.60616e-05 0.000204827 0.000706729 0.00214273 0.00886292 0.0253048 0.0586079 0.818505 0.0856478 
1.43478e-08 1.71712e-07 7.38674e-06 9.45414e-06 0.000121807 0.00022214 0.00239092 0.0105401 0.0318495 0.954858 
3.22078e-05 0.00143856 0.00268997 0.0112336 0.0227446 0.0539821 0.0908678 0.127223 0.580156 0.109632 
2.50637e-07 9.51511e-06 2.70043e-05 0.000126965 0.00107896 0.00178596 0.00774736 0.0144593 0.0279622 0.946802 
1.41361e-09 2.49702e-08 2.86497e-07 1.07675e-06 6.67493e-05 6.29246e-05 0.00057823 0.0034411 0.00874082 0.987109 
8.40641e-11 8.97442e-10 1.3919e-08 2.67605e-07 2.31003e-06 8.549e-05 0.00178836 0.00863313 0.0261329 0.963358 
5.45736e-05 0.00140136 0.00481841 0.0205361 0.201769 0.408394 0.211006 0.0917287 0.0371435 0.0231477 
6.26063e-35 2.13971e-31 1.27807e-27 9.33434e-24 4.84621e-20 6.12182e-16 3.64969e-13 1.00766e-09 3.35799e-06 0.999997 
1.34994e-06 3.14754e-05 0.000193977 0.000982145 0.00121041 0.005124 0.0116305 0.0223946 0.0317821 0.926649 
7.907e-12 7.6173e-11 1.64887e-09 2.72196e-08 2.96045e-07 9.20812e-06 0.00017591 0.0016995 0.0059135 0.992202 
5.86996e-09 1.10911e-07 1.63595e-06 3.36521e-06 5.06077e-05 0.000113781 0.000592502 0.000620417 0.00222552 0.996392 
2.30614e-06 0.000107122 0.000222629 0.000921772 0.00198939 0.00681395 0.0161322 0.037375 0.420867 0.515568 
1.92959e-08 2.84995e-07 9.34625e-06 1.35712e-05 0.000408038 0.000713191 0.00576113 0.0281464 0.402762 0.562186 
4.051e-08 7.21986e-07 1.6358e-05 2.316e-05 0.000144063 0.000187031 0.00102503 0.00310899 0.00797409 0.987521 
2.4044e-05 0.00113231 0.00204278 0.00728472 0.0158087 0.0401534 0.0861746 0.132046 0.623168 0.0921649 
1.46574e-05 0.000519557 0.00182447 0.00724538 0.0109773 0.0267668 0.144149 0.172849 0.0718909 0.563763 
3.12441e-07 7.10096e-06 6.69251e-05 0.0001877 0.000695614 0.00366497 0.0209407 0.0641402 0.816061 0.0942355 
1.95534e-07 7.37359e-06 4.54925e-05 0.000111695 0.000628649 0.00192302 0.00632679 0.0214978 0.0523024 0.917157 
7.85634e-07 4.9534e-05 6.24869e-05 0.000226772 0.00142907 0.00348466 0.00820712 0.0245758 0.0515213 0.910443 
2.29252e-05 0.00104892 0.000920241 0.00390252 0.0144604 0.0451183 0.601675 0.132257 0.116235 0.0843598 
2.37979e-05 0.00117084 0.00172165 0.00663894 0.0147017 0.0409735 0.0857902 0.146552 0.579744 0.122683 
1.22975e-12 1.62839e-11 8.02925e-10 9.22055e-09 1.4598e-07 1.44424e-05 0.000411608 0.00216118 0.00716389 0.990249 
7.01312e-06 0.000429125 0.000407814 0.00151186 0.00411157 0.0119047 0.16749 0.518114 0.240837 0.0551875 
0.000177464 0.00373522 0.0136477 0.0449592 0.402497 0.235465 0.121561 0.0955069 0.0500296 0.0324204 
7.81874e-06 0.000363785 0.000369472 0.00118915 0.00379968 0.0110552 0.144788 0.0918057 0.671961 0.0746594 
4.57855e-06 0.000136994 0.000767496 0.00255257 0.00463498 0.00933853 0.0177722 0.031195 0.180625 0.752973 
3.66438e-05 0.00364182 0.0328049 0.0371048 0.120897 0.178978 0.327787 0.1832 0.0810742 0.0344751 
7.07919e-07 2.21813e-05 0.000118679 0.000785563 0.0018493 0.00525128 0.0163207 0.0396995 0.085913 0.850039 
1.79146e-05 0.000792571 0.00214701 0.00736323 0.00948084 0.025724 0.0477225 0.686352 0.119256 0.101144 
4.44898e-05 0.00112958 0.00469966 0.0157568 0.0334244 0.451911 0.140137 0.150144 0.119556 0.0831972 
3.16769e-08 5.46976e-07 1.45549e-05 1.82751e-05 6.4328e-05 0.000259968 0.00234054 0.472864 0.290378 0.23406 
0.000117031 0.00243267 0.00588794 0.0181614 0.0534499 0.111459 0.16073 0.493999 0.0916496 0.0621134 
0.000160854 0.00363961 0.0094741 0.0302074 0.0781581 0.147118 0.180337 0.416576 0.0797479 0.0545802 
1.28379e-08 8.25181e-07 5.54446e-07 1.89893e-06 2.57204e-05 0.000127604 0.00119562 0.00659396 0.0161029 0.975951 
4.17045e-05 0.00160487 0.0027976 0.0143447 0.0388292 0.0629334 0.0966777 0.120577 0.106008 0.556186 
8.1027e-13 3.24362e-11 2.05649e-09 1.5553e-08 3.56918e-07 2.82808e-05 0.00107522 0.00645554 0.954269 0.0381715 
8.6225e-06 0.00041878 0.000785557 0.00302581 0.00666102 0.0259356 0.0650057 0.592819 0.167658 0.137682 
1.65675e-07 1.03055e-05 1.61836e-05 2.41676e-05 0.000157284 0.000954968 0.263871 0.177441 0.364664 0.192862 
4.64228e-06 0.000198025 0.000292669 0.00211126 0.00695374 0.0135427 0.027042 0.0480385 0.816391 0.0854251 
2.29422e-06 4.70909e-05 0.000407433 0.00153886 0.00213492 0.00803911 0.0152162 0.0303163 0.0443236 0.897974 
4.35732e-05 0.00135951 0.00403831 0.0169662 0.045111 0.0708479 0.0851414 0.103871 0.0840372 0.588584 
1.41407e-05 0.00071786 0.00114375 0.00419498 0.00792029 0.0249258 0.0498562 0.0915812 0.689315 0.13033 
1.8896e-05 0.00088755 0.00179 0.00751464 0.013092 0.0295005 0.0605274 0.673872 0.110477 0.10232 
7.37845e-13 1.24685e-11 1.07262e-10 1.46837e-09 4.2335e-08 5.81569e-07 3.60674e-05 0.000121408 0.000257331 0.999585 
7.01371e-06 0.000341191 0.000542632 0.00240407 0.00534776 0.145211 0.409941 0.163482 0.0935459 0.179177 
1.58812e-09 4.58354e-08 1.58291e-07 1.13562e-06 9.96566e-07 3.62715e-06 1.26317e-05 0.000127196 0.00025034 0.999604 
4.92975e-08 5.3443e-07 2.87032e-05 3.39685e-05 0.000379883 0.000485544 0.00297823 0.0126632 0.0389958 0.944434 
8.35571e-05 0.00078815 0.00359632 0.0697376 0.0275949 0.0708785 0.630795 0.080214 0.0839968 0.032315 
1.40733e-05 0.000591144 0.00158875 0.00580843 0.00906362 0.0252646 0.0561371 0.273499 0.302003 0.32603 
1.11566e-08 4.20073e-07 1.26412e-06 5.00245e-06 6.43717e-05 0.000173797 0.000953771 0.00370559 0.00947044 0.985625 
3.19603e-08 1.38994e-06 3.08833e-06 9.44297e-06 3.49346e-05 0.000171924 0.000499469 0.00205024 0.00510178 0.992128 
1.44126e-06 3.02318e-05 8.47655e-05 0.000422076 0.00251512 0.00942465 0.114002 0.590345 0.250468 0.0327072 
4.21113e-06 0.000289061 0.000176198 0.000690555 0.00223157 0.00763503 0.0224082 0.619686 0.279152 0.067727 
8.72596e-16 1.46172e-13 1.21184e-11 8.58346e-11 5.54955e-09 2.20141e-06 0.000150789 0.00185392 0.00627101 0.991722 
1.74626e-05 0.000331552 0.00321407 0.0113156 0.0132695 0.037374 0.0634226 0.619303 0.135513 0.116239 
1.52723e-05 0.000723046 0.000644023 0.00230588 0.00806929 0.02489 0.0643391 0.676257 0.127722 0.0950343 
1.04229e-05 0.000519881 0.000702198 0.00354603 0.0106881 0.0248202 0.38233 0.0826573 0.411238 0.0834882 
1.17585e-05 0.000393291 0.00142184 0.00522483 0.00765048 0.0223593 0.0410268 0.0679592 0.596998 0.256955 
1.71609e-07 1.18242e-05 8.0577e-06 2.06344e-05 0.000114056 0.000382089 0.00164205 0.00522645 0.127424 0.86517 
4.11654e-06 0.000121929 0.000325953 0.00176094 0.00436603 0.00951019 0.0184888 0.460356 0.292801 0.212265 
3.97559e-06 9.36743e-05 0.000465107 0.00237792 0.00621247 0.0216492 0.0554497 0.716259 0.116364 0.0811249 
1.11745e-10 1.48095e-09 2.15401e-08 1.41295e-07 1.17966e-06 5.03374e-05 0.000977796 0.00508517 0.963574 0.0303111 
4.15528e-09 1.26125e-07 1.14743e-06 2.08226e-06 0.00011908 0.000168905 0.00130744 0.00737634 0.0225332 0.968492 
1.02084e-13 7.28624e-12 3.32915e-10 2.74628e-09 1.18995e-07 2.30198e-06 0.000555192 0.00148664 0.00720958 0.990746 
4.61934e-05 0.000859634 0.00460837 0.0152324 0.0343427 0.0944141 0.539818 0.148816 0.102694 0.0591693 
4.4673e-06 9.07998e-05 0.000703948 0.00279761 0.00417083 0.0148463 0.0276502 0.0577158 0.790326 0.101694 
9.01389e-06 0.000183619 0.00156471 0.00601635 0.00796771 0.0222726 0.0430518 0.0880813 0.730949 0.0999035 
2.13063e-05 0.000927451 0.00248793 0.00884155 0.013478 0.0332641 0.451569 0.102553 0.2787 0.108157 
3.54767e-07 6.04238e-06 7.28343e-05 0.000239841 0.00017728 0.000952858 0.0016341 0.0033977 0.00774386 0.985775 
9.69198e-06 0.000378886 0.000968366 0.00424011 0.00631868 0.0436054 0.0506458 0.196701 0.233007 0.464125 
5.69059e-09 1.21774e-07 2.04621e-06 2.97826e-06 1.06272e-05 5.10265e-05 0.000955836 0.00349398 0.0120409 0.983443 
1.25603e-07 1.78152e-06 2.84711e-05 9.5612e-05 0.00013513 0.000326472 0.000267599 0.00294111 0.992097 0.0041063 
6.06922e-07 8.24835e-06 0.000129492 0.000428217 0.00132123 0.00520268 0.0161078 0.0442015 0.858409 0.0741911 
2.98893e-08 1.52632e-06 1.52486e-06 4.889e-06 2.97665e-05 0.00065131 0.00152845 0.00521427 0.976275 0.0162932 
1.86786e-06 8.78629e-05 0.000194088 0.000866691 0.00190947 0.0069302 0.0180768 0.185732 0.215812 0.570388 
2.0009e-05 0.000517332 0.00358783 0.0123139 0.0144992 0.0328182 0.0448263 0.0707821 0.106002 0.714633 
6.6404e-05 0.00283304 0.00457068 0.0221192 0.0540451 0.08925 0.128776 0.16265 0.452504 0.0831865 
4.38426e-07 8.09721e-06 8.11979e-05 0.000274328 0.000474547 0.00139345 0.00284119 0.00675436 0.0139121 0.97426 
6.21122e-08 6.74375e-07 3.62917e-05 4.2041e-05 0.000421139 0.000440236 0.00196284 0.00759486 0.0235458 0.965956 
3.77613e-06 6.52889e-05 0.000414484 0.00224469 0.00424804 0.017261 0.029242 0.070723 0.106099 0.769699 
2.04905e-06 8.21909e-05 0.000202335 0.00309592 0.00182685 0.00580613 0.0328983 0.195764 0.663183 0.0971387 
2.25596e-07 7.07407e-06 2.78247e-05 0.000267242 0.000484426 0.00194215 0.00488158 0.0137756 0.400774 0.57784 
2.30504e-05 0.000755251 0.00180673 0.00575591 0.0126615 0.0356612 0.0615677 0.087262 0.116061 0.678446 
4.6102e-05 0.000916254 0.00628211 0.018891 0.0501291 0.103578 0.138105 0.511181 0.102332 0.0685401 
1.92215e-05 0.00109299 0.000890921 0.00453677 0.013105 0.0320992 0.0673674 0.110355 0.135843 0.634691 
3.63114e-06 9.86308e-05 0.000413371 0.00132207 0.00225512 0.0495674 0.0805766 0.566016 0.217225 0.0825223 
1.03037e-05 0.000737195 0.000372733 0.000828171 0.0035039 0.00999594 0.0285523 0.0638303 0.823698 0.0684707 
1.2267e-07 1.84228e-06 2.64725e-05 8.96738e-05 0.000136723 0.000235303 0.000464813 0.00240123 0.00633684 0.990307 
4.40299e-09 6.89237e-08 9.61659e-07 3.30973e-06 0.000143469 0.000140864 0.00117092 0.00452892 0.0121583 0.981853 
3.01217e-08 4.1871e-07 1.37201e-05 1.89603e-05 0.000225578 0.00160717 0.00902344 0.901499 0.0520058 0.0356056 
5.97269e-09 1.59903e-07 8.73161e-07 2.24599e-06 7.40457e-06 8.88309e-05 0.000680926 0.00273916 0.00837293 0.988107 
8.25601e-08 3.17427e-06 7.18925e-06 2.29729e-05 0.000251041 0.000552267 0.00241999 0.00849224 0.965864 0.0223866 
5.98729e-08 6.80578e-07 3.48717e-05 6.82613e-05 0.000669524 0.00423543 0.287013 0.314857 0.027533 0.365588 
6.00707e-05 0.00114446 0.00887146 0.0271001 0.0593914 0.0970844 0.0945735 0.588404 0.0780307 0.0453398 
3.33349e-05 0.000978491 0.00320069 0.0245383 0.237752 0.0961784 0.35871 0.106259 0.0991634 0.0731872 
1.25893e-05 0.000385491 0.000834852 0.00335193 0.0176771 0.0587365 0.604004 0.121727 0.108205 0.0850654 
2.89765e-07 1.05299e-05 2.20836e-05 0.000183722 0.000537287 0.00199463 0.00558789 0.0132879 0.0223991 0.955977 
4.20927e-17 6.97133e-15 1.51e-12 1.47128e-11 1.42638e-09 1.55962e-06 7.38562e-05 0.00133619 0.00487554 0.993713 
1.07215e-09 1.20455e-08 5.80613e-07 8.24019e-07 5.00283e-05 4.15298e-05 0.000475784 0.00210131 0.00653058 0.990799 
1.59805e-05 0.000820806 0.00139162 0.00507948 0.0093039 0.0293637 0.607223 0.119913 0.12896 0.0979273 
6.76683e-06 0.000354041 0.000503236 0.00193265 0.00382101 0.0117623 0.0244094 0.273699 0.631403 0.0521093 
1.6497e-06 3.49605e-05 0.00027931 0.00107342 0.00175081 0.00581562 0.014861 0.0319604 0.0554622 0.888761 
5.81477e-06 0.000296432 0.000473517 0.00221353 0.00485656 0.0185238 0.0450283 0.0943814 0.706592 0.127629 
7.20284e-05 0.0017535 0.00660019 0.0243617 0.0565389 0.120039 0.158172 0.484545 0.0861856 0.0617322 
2.36948e-06 4.37763e-05 0.000184791 0.00115687 0.00334406 0.0111001 0.0214003 0.0486293 0.0903406 0.823798 
8.32989e-06 0.000129665 0.00145643 0.00555019 0.00740641 0.0268291 0.0538826 0.680478 0.122892 0.101368 
1.2738e-14 9.12437e-13 3.44669e-11 2.90372e-10 1.21864e-08 2.71167e-07 1.4282e-05 0.000178761 0.00142795 0.998379 
3.35465e-07 9.81769e-06 3.75931e-05 0.000286076 0.000493074 0.00196774 0.0058076 0.0117535 0.0230999 0.956544 
2.6408e-05 0.000956614 0.00368832 0.012066 0.0155075 0.0434024 0.0875629 0.57211 0.155781 0.108899 
5.64569e-08 7.98434e-07 2.79886e-05 3.52258e-05 0.00027918 0.000514546 0.00236611 0.0120078 0.0310099 0.953758 
1.95699e-05 0.00077551 0.00193173 0.00696792 0.0125802 0.0418481 0.309769 0.215139 0.344982 0.0659874 
3.21523e-06 5.36708e-05 0.000641658 0.00220883 0.00214356 0.00692919 0.0126813 0.0210341 0.034691 0.919613 
1.24864e-12 2.54152e-11 4.96428e-10 5.67413e-09 1.9063e-07 1.61516e-05 0.000436587 0.00180665 0.0069698 0.990771 
1.68134e-08 2.18487e-07 6.6087e-06 1.14223e-05 0.000155768 0.00226488 0.0115463 0.0366853 0.926272 0.0230573 
1.65893e-05 0.000733719 0.00163254 0.00611156 0.00913343 0.0341942 0.0568749 0.604807 0.155196 0.1313 
0.00659915 0.106831 0.220995 0.0932971 0.156691 0.124032 0.252612 0.0255093 0.00921536 0.00421826 
5.44493e-05 0.00119845 0.00564698 0.0213944 0.0394336 0.0895523 0.125191 0.383695 0.258743 0.0750901 
2.15693e-06 0.000124385 0.000190683 0.000794823 0.00290106 0.00881808 0.0229528 0.064684 0.76206 0.137472 
2.87377e-06 4.63438e-05 0.000627137 0.00199828 0.0017492 0.0062062 0.00848686 0.0240884 0.898561 0.058234 
2.34476e-05 0.000850791 0.00189982 0.0103458 0.476445 0.0732186 0.0973203 0.110942 0.126499 0.102455 
0.000150254 0.00191966 0.0174116 0.342054 0.17616 0.110521 0.159739 0.119854 0.0410824 0.0311078 
4.56856e-05 0.00156422 0.0032784 0.0165478 0.0456484 0.0909685 0.143243 0.532035 0.100976 0.0656927 
2.63389e-05 0.000905034 0.00148929 0.00625933 0.0198274 0.0611633 0.115512 0.569401 0.129102 0.096314 
3.65344e-05 0.000926567 0.00353198 0.0119368 0.0256272 0.0668058 0.122412 0.517032 0.145637 0.106054 
1.41396e-07 3.72109e-06 1.9731e-05 5.02921e-05 0.000308519 0.0014127 0.00459914 0.0177915 0.0335201 0.942294 
1.06407e-07 1.18831e-06 5.93289e-05 7.40001e-05 0.000760147 0.0012467 0.00657077 0.0260775 0.871655 0.0935551 
7.89232e-08 9.28317e-07 4.38677e-05 5.34164e-05 0.000326005 0.000520412 0.00438525 0.0171846 0.0453275 0.932158 
1.33017e-05 0.000303255 0.00205131 0.00810707 0.0114347 0.03699 0.0792655 0.597991 0.142689 0.121155 
6.98436e-10 1.48243e-08 5.0801e-08 2.67089e-07 1.44416e-06 3.50477e-06 8.82844e-06 3.42693e-05 0.000326475 0.999625 
7.47917e-06 0.00052223 0.000335014 0.000807906 0.00334923 0.00893416 0.0221435 0.0524379 0.0921487 0.819314 
9.35775e-09 1.04628e-07 5.34839e-06 6.47025e-06 4.97736e-05 0.000155285 0.00206182 0.01009 0.727154 0.260477 
1.88472e-15 2.92334e-13 2.98899e-11 3.41642e-10 1.7357e-08 3.70943e-06 0.000122806 0.00170994 0.00545631 0.992707 
0.00245819 0.0155038 0.0627672 0.150127 0.40795 0.166871 0.0923214 0.0548931 0.0277503 0.019358 
1.5128e-18 2.7521e-17 1.14662e-15 1.01807e-14 4.47479e-13 8.63316e-12 8.92264e-11 1.06124e-08 5.29938e-05 0.999947 
1.72204e-06 3.78344e-05 0.000334174 0.00138885 0.00940586 0.610308 0.0593454 0.102687 0.112909 0.103582 
1.74481e-06 3.29997e-05 0.000323136 0.00108237 0.00114623 0.00457853 0.0130361 0.029393 0.873576 0.0768295 
5.85706e-05 0.00150297 0.0055099 0.0234135 0.0573628 0.114015 0.122091 0.117854 0.082384 0.475808 
8.17901e-06 0.000583762 0.000315874 0.000730271 0.00224886 0.00506557 0.0148024 0.028688 0.0499282 0.897629 
4.05431e-05 0.00159692 0.00222254 0.0107238 0.0330832 0.0619939 0.373105 0.201404 0.266218 0.0496121 
1.99372e-06 9.64391e-05 0.000210812 0.000850849 0.0011737 0.00341077 0.00659308 0.0158515 0.149166 0.822645 
2.40807e-07 3.52572e-06 5.38008e-05 0.000172695 9.73748e-05 0.000404422 0.000487377 0.000945915 0.00162604 0.996209 
4.24102e-09 2.54002e-07 2.10041e-07 8.50012e-07 3.59864e-06 0.000111265 0.0014963 0.00606843 0.213208 0.779111 
1.72393e-05 0.000476713 0.00283564 0.00983455 0.0104214 0.0290593 0.0385488 0.0716871 0.120657 0.716463 
0.000179995 0.00352919 0.016277 0.0441318 0.115156 0.4524 0.155427 0.129574 0.055266 0.0280591 
8.03792e-12 1.56476e-10 5.48537e-09 6.30097e-08 7.01574e-07 3.01987e-05 0.000473647 0.00297899 0.00902737 0.987489 
5.81834e-08 6.37864e-07 3.31084e-05 3.89068e-05 0.000504563 0.000513423 0.00323047 0.0139336 0.0400306 0.941715 
7.64593e-08 8.32775e-07 4.47015e-05 5.27565e-05 0.000494544 0.000501783 0.00225916 0.00786147 0.025005 0.96378 
2.94357e-05 0.00096186 0.00271958 0.0131942 0.0307002 0.0583588 0.561696 0.138233 0.113086 0.0810214 
2.26334e-05 0.000653388 0.00205807 0.00737379 0.0151247 0.0734294 0.403062 0.27753 0.119286 0.101459 
0.000276068 0.00342322 0.0145053 0.0432707 0.185324 0.362456 0.217992 0.0987273 0.0438331 0.0301923 
2.46144e-05 0.000600338 0.00252348 0.0109065 0.0268621 0.325665 0.18287 0.101083 0.0828818 0.266584 
4.89697e-05 0.00142923 0.0034354 0.0165608 0.0528337 0.107901 0.531945 0.149542 0.0854981 0.0508059 
3.22099e-05 0.0013084 0.00248806 0.00929017 0.0162401 0.0458194 0.0746372 0.143513 0.439386 0.267285 
0.000367575 0.00323248 0.0121523 0.0482437 0.502967 0.116643 0.122317 0.1086 0.0522913 0.0331858 
0.000512806 0.00247349 0.0114455 0.0376814 0.0819095 0.124777 0.357286 0.283669 0.0669268 0.0333177 
1.53927e-05 0.000517592 0.00079922 0.00352194 0.00991388 0.0378935 0.077892 0.125392 0.153507 0.590547 
6.774e-08 7.42763e-07 3.82803e-05 5.11284e-05 0.000349303 0.000515523 0.00311718 0.0122891 0.0371029 0.946536 
0.000222712 0.00241609 0.014847 0.0441669 0.0974986 0.452277 0.277016 0.0631048 0.0299967 0.0184541 
5.19967e-11 6.99374e-10 1.02289e-08 1.67185e-07 2.8897e-06 9.41833e-05 0.000923207 0.00642501 0.766884 0.22567 
2.44918e-06 6.32824e-05 0.00035436 0.00162967 0.00282928 0.0101868 0.0216239 0.0525383 0.0864335 0.824338 
6.05146e-06 0.000421561 0.000265703 0.000721232 0.0019904 0.00502525 0.0105334 0.0309183 0.873345 0.0767735 
2.84416e-09 1.40552e-07 1.52392e-07 6.0017e-07 2.36927e-06 1.7565e-05 0.00014557 0.000310041 0.00181414 0.997709 
4.51685e-06 0.000229644 0.000373163 0.00141419 0.00259433 0.0107084 0.0306006 0.724727 0.116637 0.112711 
3.77961e-05 0.00137834 0.00402334 0.0126874 0.0229426 0.454267 0.121967 0.146199 0.137793 0.0987042 
1.36444e-07 1.54075e-06 7.14055e-05 9.68688e-05 0.00100296 0.00110393 0.00585261 0.0211699 0.0555937 0.915107 
7.66745e-08 8.47765e-07 4.47124e-05 5.21634e-05 0.00019257 0.000685076 0.00528651 0.0241017 0.912334 0.0573025 
4.00575e-06 0.000111737 0.000667001 0.0022641 0.00380651 0.0129528 0.653097 0.0805289 0.13298 0.113588 
0.000249752 0.00472945 0.0190655 0.0431521 0.0890605 0.130808 0.483256 0.127493 0.0634079 0.0387774 
3.16151e-09 5.15642e-08 3.05801e-07 1.21225e-06 5.11618e-06 1.47815e-05 0.000103005 0.00105605 0.00361024 0.995209 
6.86363e-14 9.85553e-12 1.20233e-09 8.09825e-09 1.30067e-07 2.77758e-05 0.000280169 0.00196839 0.0072458 0.990478 
1.34001e-16 2.22754e-14 4.19405e-12 4.38389e-11 3.31944e-09 1.78975e-06 6.53839e-05 0.00124911 0.00381585 0.994868 
4.77414e-07 1.53396e-05 5.73671e-05 0.000435581 0.000877316 0.00368366 0.00839534 0.0236187 0.913032 0.0498839 
1.05749e-05 0.000644457 0.000471328 0.00185484 0.00450399 0.0118313 0.0249431 0.0423655 0.0531295 0.860245 
1.5757e-05 0.000413122 0.00278141 0.0101907 0.0249048 0.322211 0.0823322 0.0977777 0.105738 0.353636 
1.27036e-07 2.11438e-06 4.22408e-05 9.80766e-05 0.00101568 0.0038986 0.0134278 0.893781 0.0510575 0.0366768 
0.000278564 0.00392899 0.01659 0.0586044 0.371302 0.158888 0.145707 0.11608 0.0703078 0.0583139 
1.7368e-12 4.73914e-11 1.84906e-09 1.81455e-08 4.31577e-07 3.40857e-05 0.00104785 0.00586863 0.0190363 0.974013 
4.87319e-06 9.20986e-05 0.000984287 0.00320606 0.00367961 0.00955865 0.0173678 0.0343868 0.847115 0.0836049 
4.38779e-06 0.000123189 0.000501731 0.00185162 0.00767816 0.0815125 0.051882 0.181102 0.464897 0.210447 
3.00312e-06 0.000138078 0.000343735 0.0013001 0.00242941 0.00791228 0.0162424 0.0404947 0.0712511 0.859885 
4.75651e-16 7.96309e-14 1.33492e-11 7.01369e-11 3.4517e-09 2.29223e-06 0.000109573 0.00249874 0.0072048 0.990185 
3.67738e-07 5.62183e-06 0.000105373 0.000257462 0.000656239 0.00140657 0.00524757 0.017132 0.0450986 0.93009 
7.55661e-06 0.000121923 0.000842107 0.00399358 0.0113472 0.040716 0.579579 0.135619 0.130121 0.0976525 
1.89645e-05 0.000570513 0.00105382 0.00290602 0.00920742 0.0219871 0.224386 0.329112 0.069473 0.341285 
0.00013385 0.00248493 0.00860994 0.197339 0.221517 0.131635 0.142239 0.0992076 0.150125 0.0467092 
1.01558e-06 2.65182e-05 0.000108614 0.000444882 0.00155918 0.00466379 0.0149755 0.0416638 0.836781 0.0997762 
1.3995e-05 0.000565594 0.000973585 0.00522536 0.0121153 0.0213511 0.0383885 0.0556573 0.0613581 0.804351 
3.80151e-07 1.16298e-05 5.64288e-05 0.000417335 0.000988088 0.00347832 0.00817907 0.022096 0.0475298 0.917243 
0 0 0 0 0 0 0 0 0 1 
2.12041e-05 0.000867674 0.00242669 0.0088678 0.0140824 0.037651 0.0837346 0.130486 0.629792 0.0920716 
1.81695e-05 0.000837246 0.00119934 0.0045208 0.0108605 0.0311659 0.0647834 0.445836 0.373458 0.0673201 
0.000165913 0.0325849 0.0109204 0.0225847 0.0475988 0.160054 0.096636 0.219811 0.186835 0.222809 
1.88258e-06 6.85156e-05 0.000232755 0.00115423 0.00236584 0.00715426 0.0159765 0.0336646 0.0505805 0.888801 
1.16104e-07 1.74811e-06 2.51616e-05 8.24925e-05 5.09212e-05 0.00021121 0.000365859 0.000895862 0.00335313 0.995014 
5.22179e-06 0.000183123 0.000604532 0.0023602 0.00381216 0.0147384 0.096947 0.176821 0.644934 0.0595948 
1.28432e-13 1.77041e-11 2.23998e-09 1.37185e-08 2.08698e-07 3.68731e-05 0.000264087 0.00188935 0.00592119 0.991888 
5.39859e-05 0.00104091 0.00484679 0.0179547 0.0516657 0.107614 0.530955 0.135641 0.0876456 0.0625824 
4.65921e-05 0.000753294 0.00425243 0.0158131 0.0433181 0.4544 0.133859 0.134847 0.118717 0.0939939 
1.74675e-06 3.56037e-05 0.00031388 0.00116263 0.00226703 0.0074469 0.0202281 0.782447 0.102487 0.0836099 
5.28123e-07 1.16672e-05 7.84269e-05 0.000280395 0.00050567 0.00172131 0.00656334 0.0217132 0.92371 0.0454156 
2.30432e-06 4.07248e-05 0.000475589 0.00152418 0.00136068 0.00646047 0.0185183 0.829537 0.0707213 0.0713589 
1.9463e-05 0.000427037 0.00172918 0.00828461 0.0777596 0.270498 0.0869171 0.365306 0.133168 0.0558909 
4.50759e-05 0.00107138 0.0045148 0.0170861 0.0476961 0.0969578 0.131709 0.528444 0.105128 0.0673471 
4.75727e-06 9.37346e-05 0.000975604 0.00305001 0.00303966 0.0100004 0.0224054 0.774783 0.0994472 0.0862 
2.90616e-06 0.000140101 0.000308603 0.00116152 0.00273529 0.0102164 0.633592 0.07937 0.130126 0.142347 
4.61799e-05 0.00133162 0.00496563 0.0218253 0.049426 0.0981967 0.479369 0.155091 0.112227 0.0775216 
2.39054e-05 0.000842574 0.00284167 0.0103551 0.0190351 0.0416883 0.0773486 0.128725 0.595154 0.123985 
3.04059e-05 0.00132605 0.00345864 0.0113944 0.0160744 0.0430111 0.0757339 0.117032 0.641004 0.090935 
5.65296e-06 0.000152667 0.000927321 0.00325022 0.00458855 0.0136641 0.025398 0.0508624 0.567943 0.333208 
8.39341e-07 1.99434e-05 0.000124066 0.000737057 0.00157412 0.00533703 0.0120634 0.0316248 0.0601943 0.888325 
3.23968e-06 0.000226997 0.000128932 0.000192043 0.00129308 0.00265207 0.0130834 0.84044 0.0689163 0.0730638 
6.39145e-05 0.00248809 0.00453624 0.0208884 0.0518215 0.0898114 0.130887 0.141569 0.487966 0.0699684 
1.27077e-06 2.49801e-05 0.000231668 0.000940492 0.000911834 0.00382389 0.00815527 0.0151469 0.0237602 0.947004 
7.08816e-06 0.000117526 0.000473726 0.00213767 0.0100187 0.052123 0.103093 0.275938 0.448597 0.107495 
2.37669e-05 0.0007343 0.00194344 0.00769855 0.0176655 0.0545271 0.100101 0.584914 0.136242 0.0961506 
0.000126776 0.00235421 0.00925076 0.125621 0.408081 0.127594 0.132923 0.105474 0.0512832 0.0372925 
4.84007e-05 0.00160966 0.00393105 0.0133288 0.0336448 0.0857861 0.154406 0.49361 0.123558 0.0900774 
6.29111e-11 7.05445e-10 8.81619e-09 1.72232e-07 3.23441e-05 8.11758e-05 0.00157019 0.00807921 0.951251 0.0389859 
4.24161e-05 0.00108933 0.00506264 0.0194356 0.0375702 0.0877406 0.128869 0.149176 0.489565 0.0814491 
1.43713e-06 2.31959e-05 0.000303417 0.0010151 0.000751652 0.00320907 0.00492152 0.00918824 0.0158234 0.964763 
6.7719e-06 0.000365189 0.000294634 0.00177726 0.00942533 0.338096 0.247653 0.224763 0.104616 0.0730024 
4.35944e-07 1.37547e-05 3.93969e-05 0.000401048 0.000797494 0.0039551 0.0134901 0.0352181 0.0662486 0.879836 
5.07499e-07 1.05567e-05 7.94824e-05 0.00027921 0.000429149 0.00205514 0.00520834 0.00708101 0.0127385 0.972118 
1.581e-13 5.26005e-12 1.98377e-10 1.61018e-09 6.88437e-08 3.02745e-06 0.000361878 0.00188459 0.495909 0.501842 
5.94633e-07 2.07834e-05 8.00328e-05 0.000343874 0.00102077 0.00282484 0.00809164 0.0540487 0.574184 0.359384 
2.00107e-06 4.48685e-05 0.000287865 0.00155811 0.00249936 0.00937107 0.0223436 0.0655722 0.797105 0.101216 
6.03084e-07 1.41152e-05 0.000101986 0.000359989 0.000726492 0.00259423 0.0110374 0.204812 0.692569 0.0877841 
2.10768e-05 0.00109003 0.00198531 0.00679344 0.0128607 0.0302261 0.0634881 0.117606 0.649081 0.116849 
1.54118e-15 3.45923e-14 1.75512e-12 1.36808e-11 1.03732e-09 9.28899e-07 6.69858e-05 0.000383879 0.994686 0.00486222 
4.55448e-06 0.000288092 0.00025188 0.000920785 0.00241728 0.00784329 0.0189867 0.0416598 0.0661213 0.861506 
1.69332e-05 0.000485425 0.00133226 0.0058448 0.016096 0.0373409 0.0737604 0.198094 0.604215 0.062814 
1.71929e-05 0.000675948 0.00209402 0.00739808 0.0115707 0.0302058 0.0503439 0.092628 0.704882 0.100185 
5.12159e-05 0.000598338 0.0143552 0.0118938 0.0182497 0.0961484 0.20378 0.393337 0.172184 0.0894028 
0.000108703 0.00271354 0.00799448 0.0276659 0.0668242 0.113576 0.154296 0.464234 0.0976261 0.0649604 
1.34019e-07 4.31679e-06 2.14354e-05 0.000109185 0.000474252 0.00107734 0.00297947 0.00827131 0.0168028 0.97026 
2.89029e-12 5.82196e-11 1.54784e-09 2.14112e-08 3.09729e-07 8.7709e-06 0.000228277 0.00111361 0.00460367 0.994045 
6.44905e-06 0.000106642 0.00132529 0.00467394 0.00544993 0.0247441 0.0647321 0.656409 0.131473 0.11108 
1.72667e-05 0.000536293 0.00256201 0.00860885 0.0120134 0.0329916 0.0576368 0.677424 0.118177 0.0900327 
1.11964e-05 0.000662376 0.000561645 0.00180187 0.00809853 0.0283607 0.0756581 0.707517 0.109382 0.0679461 
2.26579e-06 5.58419e-05 0.000363341 0.00161634 0.00305298 0.0105356 0.0246813 0.0622184 0.785235 0.112239 
0.000193103 0.00421634 0.0120487 0.0409318 0.378951 0.154166 0.153941 0.119397 0.0764825 0.0596726 
2.97097e-05 0.000953699 0.0022043 0.00908664 0.0213239 0.0580308 0.105083 0.150247 0.544523 0.108517 
0.0024701 0.191313 0.251166 0.104134 0.158261 0.141612 0.0914916 0.044685 0.0106567 0.00420919 
1.45459e-05 0.000891409 0.000851101 0.00335722 0.00643876 0.019742 0.0428551 0.0892974 0.139127 0.697425 
0.0001027 0.00163481 0.00748484 0.0216996 0.050999 0.464249 0.146796 0.134382 0.0992871 0.0733648 
2.84977e-08 3.05915e-07 2.62789e-06 3.37199e-05 0.000142977 0.00109016 0.00602659 0.0199151 0.547918 0.42487 
7.49518e-08 1.12374e-06 2.83769e-05 6.00343e-05 0.000614296 0.00204555 0.567684 0.173659 0.229846 0.0260622 
9.76197e-05 0.00170748 0.0099835 0.0271475 0.378357 0.15112 0.128352 0.175817 0.0741512 0.0532665 
0.0113744 0.0161081 0.342255 0.144264 0.171242 0.276816 0.0275594 0.0061793 0.00245805 0.00174308 
7.09748e-06 0.000249459 0.000613366 0.00240156 0.00630325 0.210244 0.230594 0.28659 0.200593 0.0624045 
3.93476e-05 0.00113492 0.0033282 0.0133021 0.148836 0.310065 0.223535 0.150247 0.110626 0.038887 
7.62416e-07 4.21677e-05 5.48883e-05 0.000144872 0.000880109 0.00304652 0.391358 0.0900339 0.484294 0.0301454 
2.15878e-06 5.98461e-05 0.000226395 0.00197623 0.00971281 0.0535255 0.510875 0.258315 0.111204 0.0541028 
1.28449e-13 1.66198e-11 1.83609e-09 1.11243e-08 2.17319e-07 2.81406e-05 0.000969094 0.00522928 0.0145731 0.9792 
8.84953e-06 0.000547703 0.00046188 0.0019517 0.00639085 0.021432 0.0517692 0.637884 0.138014 0.14154 
5.30369e-05 0.000714203 0.00578245 0.0245257 0.295229 0.202013 0.255695 0.0949921 0.0694269 0.0515696 
7.84331e-06 0.000229469 0.00116532 0.00413456 0.00458122 0.0164324 0.649944 0.0913317 0.123277 0.108896 
1.38543e-06 5.11489e-05 0.000135767 0.00130066 0.0251443 0.0784756 0.0269699 0.202323 0.518054 0.147544 
9.52966e-06 0.000341992 0.000491148 0.00254167 0.00952672 0.0285597 0.073527 0.621629 0.146211 0.117162 
3.61556e-06 7.15632e-05 0.000409467 0.0314753 0.0155659 0.113958 0.0811439 0.542387 0.183194 0.0317903 
7.05867e-07 1.52365e-05 0.000126257 0.000448465 0.00159525 0.00456854 0.0154622 0.0354083 0.0652649 0.87711 
5.42715e-06 0.000269883 0.000467078 0.00180802 0.00466628 0.0177902 0.0511269 0.707154 0.12216 0.0945522 
4.0312e-06 7.58638e-05 0.000573428 0.00256817 0.00419663 0.0145581 0.0327218 0.758785 0.09592 0.090597 
1.4621e-05 0.000922198 0.000748035 0.00269424 0.00810499 0.0240272 0.0680584 0.67541 0.130919 0.0891019 
5.21569e-07 1.10962e-05 9.03279e-05 0.000304091 0.00038946 0.00178256 0.00510982 0.0130323 0.958136 0.0211436 
6.50711e-05 0.00153819 0.00598702 0.0247952 0.0609704 0.125729 0.162355 0.455459 0.0962196 0.0668809 
1.23483e-05 0.000236029 0.00260476 0.00844331 0.00747173 0.017875 0.0237147 0.0417357 0.816169 0.0817373 
3.28399e-14 4.60559e-12 5.50729e-10 3.36603e-09 7.05187e-08 1.14542e-05 0.000174975 0.00223021 0.978277 0.0193067 
1.46759e-06 2.59931e-05 0.00030001 0.00093678 0.00110089 0.00351835 0.00974207 0.0206583 0.0428045 0.920912 
1.02856e-09 1.14158e-08 5.16126e-07 1.04499e-06 0.000124046 0.000124386 0.000574645 0.00296059 0.00955815 0.986657 
2.80083e-05 0.000719601 0.00334215 0.0120059 0.0211561 0.0562424 0.400703 0.12167 0.108314 0.275818 
1.07485e-05 0.000683604 0.000416964 0.00136726 0.00821482 0.0262317 0.0773216 0.703774 0.116268 0.0657112 
3.37151e-10 4.02118e-09 4.89389e-08 4.63837e-07 0.000163679 0.000103072 0.000271942 0.00173559 0.00591856 0.991807 
1.08099e-05 0.000413055 0.00105751 0.00449041 0.00922439 0.0287262 0.451453 0.253599 0.136321 0.114704 
1.08245e-05 0.000385306 0.00111136 0.0041662 0.00745691 0.040204 0.043976 0.201167 0.360761 0.340761 
2.4434e-05 0.000658511 0.00184682 0.00788237 0.0771317 0.073718 0.212971 0.241685 0.204145 0.179937 
6.00461e-15 9.95149e-13 7.11584e-11 4.35093e-10 1.97342e-08 1.78145e-06 6.1795e-05 0.000330346 0.00214937 0.997457 
2.43593e-05 0.0010822 0.00180538 0.00850277 0.0211089 0.0379059 0.0704445 0.667743 0.104203 0.0871807 
3.04272e-06 0.000144597 0.00025282 0.00137386 0.0029368 0.0108057 0.0356511 0.71466 0.124728 0.109444 
2.24457e-06 0.000149509 0.000116388 0.000665282 0.00244575 0.00539908 0.0154767 0.0405166 0.461571 0.473657 
3.42071e-05 0.000865166 0.00309623 0.0134712 0.0399154 0.179539 0.131416 0.359025 0.180005 0.092634 
1.23557e-07 1.37345e-06 7.14383e-05 8.32114e-05 0.000430266 0.00068133 0.00451286 0.016803 0.0457003 0.931716 
9.61776e-08 1.08482e-06 5.46457e-05 6.53335e-05 0.000390844 0.00167684 0.00915063 0.869759 0.0678347 0.0510664 
2.49906e-13 1.60753e-11 1.6122e-09 9.74757e-09 1.96961e-07 2.69858e-05 0.000615878 0.00488452 0.141373 0.853099 
6.39669e-10 1.06249e-08 1.17425e-07 2.71656e-07 1.01898e-05 1.33649e-05 9.81382e-05 0.000324862 0.00126984 0.998283 
3.3831e-06 6.42597e-05 0.000552827 0.00172398 0.00385223 0.18451 0.016389 0.0556929 0.155705 0.581506 
1.69398e-06 3.58137e-05 0.000202758 0.00117746 0.0027836 0.01171 0.0349949 0.0778664 0.449032 0.422195 
1.90976e-06 3.74404e-05 0.000362011 0.00122223 0.0017941 0.00523042 0.0120345 0.0279825 0.522365 0.42897 
2.95814e-05 0.0010092 0.00193053 0.00959277 0.0304211 0.0715523 0.125758 0.545798 0.12467 0.0892389 
1.29818e-05 0.000219733 0.00185897 0.00663136 0.0115977 0.0292034 0.0690962 0.102371 0.704129 0.07488 
8.70337e-06 0.000568237 0.000463016 0.00158081 0.00403368 0.0129052 0.0323677 0.0693154 0.120229 0.758528 
1.45163e-30 4.79294e-27 2.62625e-23 1.06382e-19 2.23023e-16 9.18488e-13 5.26361e-09 2.24057e-05 0.000710738 0.999267 
1.97725e-05 0.00101007 0.00152226 0.00559681 0.0096817 0.0332706 0.0685443 0.122988 0.656383 0.100983 
2.15429e-05 0.000522799 0.00179562 0.0328249 0.122605 0.3055 0.341381 0.155429 0.0264603 0.0134599 
0.000297132 0.00395861 0.0151598 0.0424132 0.114045 0.185676 0.400909 0.143122 0.0528663 0.0415517 
3.53199e-06 6.8152e-05 0.000663337 0.00222727 0.00417811 0.0129589 0.633368 0.103522 0.124512 0.118499 
3.06698e-09 4.26747e-08 1.24056e-06 2.4993e-06 2.98273e-05 0.00017946 0.0023325 0.00978993 0.55171 0.435954 
2.63774e-08 2.83995e-07 1.5824e-05 1.82023e-05 0.000128964 0.000238704 0.00191422 0.00795444 0.490945 0.498784 
1.11297e-05 0.000629329 0.000486437 0.00258139 0.0084251 0.0682475 0.54524 0.227835 0.0831616 0.063382 
0.00753827 0.0418238 0.176317 0.332575 0.324254 0.0999049 0.0121152 0.00445812 0.000772743 0.000240396 
0.000221425 0.0031441 0.00642403 0.024834 0.0562125 0.238057 0.126408 0.142031 0.301485 0.101184 
8.18098e-06 0.000414138 0.000674342 0.00252196 0.00393095 0.0128972 0.0314174 0.0752705 0.112739 0.760126 
3.52477e-06 7.90056e-05 0.000517054 0.00220881 0.00440726 0.0175822 0.0458288 0.169952 0.640723 0.118698 
4.93286e-06 9.26514e-05 0.000958298 0.00335573 0.00531487 0.0145858 0.0251439 0.0510563 0.0799062 0.819581 
9.94124e-09 4.19713e-07 5.11772e-07 1.82263e-06 1.37863e-05 4.03497e-05 0.000358586 0.000254562 0.000754432 0.998576 
0.000393084 0.00492176 0.322438 0.0719042 0.119098 0.143261 0.129938 0.100442 0.063447 0.0441578 
0.000206509 0.00159323 0.00988082 0.0319166 0.0887251 0.545117 0.153728 0.110534 0.0427957 0.0155033 
3.71175e-05 0.000963532 0.00212529 0.0244134 0.0638089 0.18158 0.223316 0.403108 0.0640929 0.0365549 
4.4526e-14 1.06172e-12 2.99045e-11 2.01279e-10 8.63958e-09 3.50797e-06 4.19626e-05 0.000157528 0.00145397 0.998343 
4.98331e-06 0.000137281 0.000781336 0.00292909 0.00473439 0.0134683 0.0328587 0.0981179 0.225294 0.621674 
8.98034e-08 1.52417e-06 3.16861e-05 5.07556e-05 0.000521201 0.00114211 0.00288553 0.00850418 0.0220669 0.964796 
1.11734e-07 2.02582e-06 2.26042e-05 7.29183e-05 8.6011e-05 0.000316068 0.000585757 0.00187731 0.00432041 0.992717 
1.42703e-05 0.000293762 0.00233244 0.00861041 0.0123076 0.0282068 0.0378042 0.0528111 0.0661491 0.79147 
3.06047e-19 5.54444e-17 3.32436e-14 7.36169e-13 3.70259e-10 5.14807e-07 6.45595e-05 0.00143658 0.992387 0.00611164 
1.77986e-05 0.000936478 0.0011689 0.00552889 0.013929 0.0346983 0.0796133 0.650712 0.126485 0.0869105 
2.0129e-08 6.02256e-07 7.80211e-06 1.00212e-05 9.12594e-05 0.000214724 0.00237499 0.0105012 0.0281733 0.958626 
2.07272e-06 3.90125e-05 0.000162061 0.000905577 0.00487978 0.0212533 0.646358 0.0568431 0.101681 0.167876 
1.02874e-07 2.5505e-06 2.82672e-05 4.9647e-05 0.000478766 0.00127651 0.0031344 0.0112978 0.0261475 0.957584 
2.0348e-08 2.868e-07 4.55289e-06 1.55826e-05 4.59474e-05 0.000559242 0.00454131 0.0222638 0.923506 0.0490633 
1.54773e-05 0.000551785 0.00183636 0.00745427 0.0127201 0.0401835 0.0837725 0.612196 0.139984 0.101286 
0.00043473 0.00314427 0.0169044 0.0625693 0.113931 0.158193 0.396416 0.130006 0.0695862 0.0488153 
5.27376e-07 8.5291e-06 0.000107466 0.000355731 0.000347441 0.00110678 0.00364734 0.00880176 0.0165631 0.969061 
2.05424e-07 6.71446e-06 6.14445e-05 0.000150065 0.000411929 0.00255112 0.0128963 0.832753 0.0826532 0.0685161 
5.84542e-08 1.44386e-06 1.84863e-05 2.97057e-05 0.000452587 0.000821811 0.00294737 0.0111643 0.336038 0.648526 
0.000119893 0.00218596 0.0108758 0.0622548 0.358327 0.268518 0.126254 0.0912204 0.0472073 0.0330373 
6.01219e-07 8.65814e-06 0.000137473 0.000423251 0.000216277 0.000928592 0.00167363 0.00423121 0.0113045 0.981076 
1.57262e-06 3.40998e-05 0.000261822 0.00117089 0.00161253 0.00661558 0.0142468 0.0378451 0.861783 0.0764286 
9.39855e-08 2.38169e-06 2.03002e-05 7.58688e-05 0.000728156 0.00124544 0.00161736 0.00733773 0.0169702 0.972002 
2.48163e-05 0.000956052 0.00275032 0.00996119 0.0145453 0.0471268 0.0801837 0.127064 0.582262 0.135126 
1.25704e-05 0.000284961 0.00121578 0.0044116 0.0103562 0.0270002 0.167187 0.657554 0.0499746 0.0820024 
2.32456e-06 5.31597e-05 0.000385254 0.00148607 0.00396775 0.0148537 0.234711 0.0910323 0.564277 0.0892314 
3.22309e-05 0.00112842 0.00275468 0.0127089 0.0352846 0.0768995 0.136586 0.536787 0.117062 0.0807576 
2.83961e-05 0.000871739 0.00277418 0.0106428 0.0194778 0.0521099 0.226599 0.298346 0.102134 0.287017 
3.06356e-06 0.000107455 0.000401083 0.00165815 0.00303407 0.00828111 0.0194402 0.0394506 0.0680957 0.859529 
0.000503468 0.00464427 0.0192731 0.0679014 0.367872 0.164351 0.149156 0.113864 0.0666742 0.0457616 
4.80593e-06 0.000262011 0.000221026 0.00116334 0.00394719 0.02297 0.0998765 0.116792 0.146821 0.607942 
1.3165e-05 0.000628518 0.00071237 0.00246797 0.00670021 0.0201284 0.0415363 0.665346 0.157372 0.105095 
5.94482e-07 1.23713e-05 0.00012569 0.000423203 0.00123274 0.00366497 0.0107498 0.0379169 0.081413 0.864461 
6.61148e-05 0.00132995 0.00529851 0.0197419 0.0530464 0.261901 0.124653 0.28501 0.224537 0.0244153 
1.61762e-17 2.65036e-15 2.0229e-13 1.11686e-12 2.0267e-10 6.1034e-08 4.37461e-05 0.000223874 0.00189633 0.997836 
4.40273e-07 1.8395e-05 5.29423e-05 0.000214506 0.00115727 0.00275775 0.00673511 0.0245782 0.905001 0.0594841 
1.45191e-25 1.22807e-22 3.82861e-19 1.7069e-17 1.00705e-14 3.72045e-11 6.68731e-09 2.35237e-07 0.000215182 0.999785 
6.74525e-05 0.00182836 0.00675246 0.0243299 0.0658893 0.449914 0.165724 0.154653 0.0840488 0.0467925 
5.36342e-05 0.0014104 0.00557269 0.0202597 0.0446481 0.0996334 0.478027 0.159747 0.112348 0.0782997 
2.82528e-08 3.78135e-07 1.53268e-05 1.85707e-05 0.000104251 0.000293108 0.00267208 0.0112629 0.0326511 0.952982 
1.03763e-08 2.71658e-07 7.35681e-07 3.01334e-06 1.80874e-05 0.000639324 0.65598 0.111018 0.0832767 0.149063 
3.17807e-07 3.26262e-06 4.25824e-05 0.000180273 0.00157938 0.00609101 0.0221211 0.810897 0.0913623 0.0677231 
8.79205e-08 1.24367e-06 3.16666e-05 7.62552e-05 0.000232611 0.001679 0.00760101 0.0257169 0.912995 0.0516659 
0.000207531 0.00318558 0.0163461 0.0364087 0.0744917 0.125243 0.420624 0.136838 0.103625 0.0830286 
7.00193e-07 1.51522e-05 0.000123286 0.00054741 0.000640301 0.00266792 0.00597782 0.0117854 0.019359 0.958883 
