2977
8.78978e-07 1.52105e-05 0.000133914 0.000478861 0.00204698 0.0048066 0.014355 0.0448792 0.776027 0.157257 
6.80614e-07 1.30525e-05 0.000121086 0.000453804 0.000546591 0.00166044 0.0065882 0.0230517 0.0636534 0.903911 
2.22665e-05 0.00063652 0.0014391 0.00498188 0.0132435 0.0433832 0.0829771 0.159325 0.204794 0.489197 
5.68329e-06 0.000167685 0.00038183 0.0018086 0.00814679 0.0313863 0.475501 0.191641 0.16433 0.126632 
9.46329e-06 0.000295758 0.00055064 0.0022941 0.00727891 0.0293153 0.0660979 0.138214 0.604852 0.151092 
1.15479e-10 1.88798e-09 3.5157e-08 1.26213e-07 6.12419e-08 3.29791e-06 7.05031e-06 6.88929e-05 0.000376329 0.999544 
6.83788e-05 0.00182864 0.00342228 0.0101146 0.0355011 0.0940972 0.321594 0.348776 0.114364 0.0702328 
9.67617e-06 0.000299929 0.000608687 0.0024076 0.0117737 0.363296 0.208043 0.140009 0.185569 0.0879828 
1.78203e-08 4.28726e-07 1.36083e-06 5.67534e-06 3.51664e-05 5.39842e-05 0.000421698 0.00085655 0.00899882 0.989626 
4.4509e-06 0.000138598 0.000313738 0.00142047 0.00410892 0.0155405 0.0452878 0.111409 0.635528 0.186249 
3.29368e-07 5.47113e-06 8.85099e-05 0.000323553 0.000420784 0.00177072 0.0122083 0.0484813 0.124712 0.811989 
3.37998e-06 6.78495e-05 0.000360958 0.00182009 0.00981552 0.0539596 0.501853 0.261025 0.113251 0.0578442 
5.81552e-07 1.32233e-05 7.49252e-05 0.00035726 0.000576403 0.00174554 0.00775901 0.0173283 0.040287 0.931858 
4.15057e-05 0.00117017 0.00236812 0.00691869 0.0256465 0.068306 0.449815 0.207428 0.152278 0.0860272 
3.42004e-07 5.59073e-06 9.74945e-05 0.000350309 0.000244159 0.00068226 0.00636823 0.0348363 0.836234 0.121182 
6.23077e-09 1.02333e-07 1.85374e-06 6.67985e-06 3.15249e-06 3.23768e-05 0.000479659 0.0020162 0.0110906 0.986369 
5.53147e-07 1.11586e-05 6.03958e-05 0.000345874 0.00167766 0.00813765 0.033937 0.105616 0.735783 0.114431 
1.95671e-07 4.18091e-06 3.35606e-05 0.000127474 0.000481546 0.00238006 0.0135842 0.0607118 0.817626 0.105051 
1.07896e-25 2.75224e-22 5.97137e-19 1.06191e-15 7.251e-14 1.07794e-09 6.35524e-08 3.96419e-05 0.00242432 0.997536 
1.41902e-07 3.38476e-06 1.096e-05 4.64565e-05 0.000317549 0.00046058 0.00191568 0.00390814 0.00902138 0.984316 
3.93316e-07 7.53345e-06 4.82377e-05 0.000185683 0.000448198 0.00141014 0.00631959 0.0253909 0.862611 0.103579 
1.93289e-07 3.142e-06 5.42218e-05 0.000194176 0.00025688 0.00116233 0.00835727 0.41828 0.476797 0.0948955 
5.46897e-07 1.03682e-05 0.000113488 0.000414649 0.000412845 0.00105302 0.00462479 0.0181698 0.872736 0.102465 
1.35085e-06 2.6334e-05 0.000179797 0.000724773 0.00147744 0.00473423 0.0159302 0.044525 0.105878 0.826523 
3.51798e-07 5.73526e-06 0.000103069 0.000367934 0.000283256 0.000858837 0.00750187 0.03974 0.109848 0.841291 
2.59851e-05 0.000692939 0.00173063 0.00486713 0.0144178 0.0381304 0.0668046 0.10031 0.139737 0.633283 
3.72566e-06 0.000112777 0.00028982 0.00138599 0.00419929 0.0147524 0.0452877 0.348833 0.416943 0.168192 
2.23261e-06 5.68359e-05 0.000172 0.000832338 0.00255296 0.00668076 0.0219026 0.0536417 0.101603 0.812555 
5.2237e-05 0.00171842 0.00272839 0.00778109 0.0213606 0.0474042 0.0851346 0.132122 0.199875 0.501824 
4.18715e-07 8.73472e-06 4.05241e-05 0.000185566 0.000643403 0.00177688 0.00474124 0.0166079 0.396962 0.579034 
4.71626e-05 0.00109981 0.00230657 0.00665163 0.0227845 0.106504 0.12139 0.169782 0.454957 0.114478 
4.87894e-05 0.00171643 0.00263493 0.00820041 0.0219714 0.06762 0.469835 0.196259 0.147374 0.0843403 
1.26862e-06 1.86799e-05 0.000128731 0.000525088 0.00263821 0.01112 0.0313543 0.086529 0.71566 0.152025 
3.63913e-07 5.93427e-06 0.00010824 0.000388104 0.000199854 0.000455127 0.00470438 0.0200553 0.0662852 0.907797 
2.69857e-05 0.000936969 0.00160351 0.00582826 0.0153314 0.0452834 0.0892375 0.154696 0.541711 0.145345 
4.8247e-07 1.20051e-05 3.78667e-05 0.000171431 0.00146284 0.00254939 0.0109646 0.0241132 0.0438778 0.91681 
1.63737e-46 1.02591e-41 1.51193e-36 3.21743e-31 3.74429e-26 5.81393e-21 2.14064e-15 4.80346e-10 4.89195e-05 0.999951 
8.28672e-08 1.38715e-06 2.25215e-05 8.26517e-05 0.000191159 0.000222965 0.00142389 0.00622657 0.0187339 0.973095 
2.96462e-07 4.84677e-06 9.03312e-05 0.00032359 9.72074e-05 0.000209814 0.00305578 0.0145427 0.0561262 0.925549 
9.32253e-05 0.00236799 0.00568727 0.0211401 0.0622824 0.246886 0.37578 0.156766 0.0832592 0.0457377 
6.33362e-08 1.04202e-06 1.8921e-05 6.77802e-05 2.16995e-05 7.72942e-05 0.000521246 0.00321403 0.0109033 0.985175 
8.19022e-06 0.000252905 0.000491988 0.00219275 0.00767848 0.0295709 0.306902 0.157205 0.15419 0.341509 
5.09686e-27 1.32855e-23 2.8923e-20 5.07097e-17 1.82985e-15 6.25105e-11 2.72339e-09 1.40523e-06 0.000595688 0.999403 
4.13628e-07 6.90809e-06 0.000114888 0.000415806 0.00065261 0.00355477 0.0306894 0.745204 0.109395 0.109966 
9.2211e-07 2.07144e-05 6.30734e-05 0.000325134 0.00105925 0.00337962 0.0113876 0.0234454 0.032474 0.927844 
8.43605e-10 1.38534e-08 2.45564e-07 9.38582e-07 1.45504e-06 2.17752e-05 0.000399069 0.00275999 0.0167571 0.980059 
5.73064e-09 1.06805e-07 8.18098e-07 3.43793e-06 5.11252e-05 0.000139263 0.000537682 0.00111648 0.00638027 0.991771 
1.75092e-06 5.16666e-05 0.000116215 0.000523141 0.00222208 0.00728138 0.0225694 0.0596839 0.428691 0.47886 
5.54221e-07 9.07125e-06 0.000164736 0.000594605 0.000595283 0.00131856 0.0105677 0.0549167 0.404081 0.527752 
2.39391e-08 4.85409e-07 3.1585e-06 1.27339e-05 0.000143262 0.000222069 0.00146566 0.00597529 0.0180611 0.974116 
1.12812e-05 0.000290415 0.000732982 0.00282085 0.00882669 0.0321667 0.0688082 0.141855 0.185379 0.55911 
1.6369e-05 0.000578483 0.000803494 0.00299857 0.0119808 0.0382176 0.104122 0.177808 0.561907 0.101567 
1.90779e-05 0.000639978 0.00117585 0.00415266 0.00967852 0.0300649 0.156637 0.187081 0.113292 0.497259 
6.89844e-07 1.20077e-05 0.000168956 0.000620234 0.000829444 0.0048645 0.0345915 0.109982 0.696999 0.151931 
0.00196249 0.0123488 0.0682698 0.410156 0.273952 0.143405 0.0605498 0.0196668 0.00774882 0.00194044 
4.50335e-07 1.00436e-05 6.73208e-05 0.000274475 0.000519076 0.0030522 0.0649842 0.134107 0.599083 0.197902 
8.67801e-06 0.000298171 0.000472391 0.00212255 0.00743318 0.0316824 0.105303 0.587452 0.15725 0.107978 
5.49493e-07 1.09444e-05 0.000124084 0.000450803 0.000564427 0.0019227 0.00872693 0.0321573 0.0853465 0.870696 
7.92406e-07 2.11768e-05 7.69085e-05 0.000284492 0.00145875 0.0033532 0.0106937 0.0358066 0.0826187 0.865686 
2.16758e-19 3.37727e-17 8.84061e-15 6.12851e-12 1.92655e-09 3.09028e-07 0.000101046 0.000290218 0.00645388 0.993155 
2.57904e-05 0.000978997 0.0012206 0.00431438 0.017527 0.0568416 0.501131 0.175166 0.141476 0.101319 
1.8006e-05 0.000578267 0.00101158 0.00391306 0.0133816 0.0414028 0.101516 0.183527 0.512615 0.142037 
8.25889e-08 1.3505e-06 2.51913e-05 9.0159e-05 2.59344e-05 4.63774e-05 0.000755376 0.00427697 0.0180944 0.976684 
2.31947e-05 0.000709791 0.00149761 0.0059929 0.0230396 0.296635 0.152956 0.192093 0.186673 0.14038 
3.26024e-06 6.0187e-05 0.000229955 0.00121706 0.00598837 0.0216149 0.0794159 0.626531 0.15435 0.11059 
6.27348e-06 0.000217132 0.000345043 0.00142849 0.00432061 0.0173958 0.164994 0.433866 0.270009 0.107418 
0.000285845 0.00561464 0.017567 0.0512657 0.280933 0.222153 0.164356 0.138544 0.076413 0.0428687 
9.20304e-06 0.000233984 0.000468028 0.0015267 0.00559931 0.0177013 0.144172 0.101658 0.630475 0.0981559 
7.94258e-07 1.75924e-05 8.35657e-05 0.00036808 0.00159905 0.00365194 0.0130421 0.0368638 0.189976 0.754397 
8.07621e-05 0.00500262 0.0391914 0.028855 0.107888 0.198293 0.363151 0.14501 0.0735596 0.0389695 
1.22862e-06 2.64408e-05 0.000155783 0.00088909 0.00200536 0.00530046 0.0204845 0.0556148 0.126507 0.789015 
0.000664185 0.00782159 0.0296611 0.125786 0.254869 0.160788 0.154936 0.131983 0.0812685 0.052223 
6.17079e-05 0.00234436 0.00328542 0.01126 0.0275904 0.0677418 0.128068 0.330104 0.313616 0.115929 
0.00144525 0.00890871 0.0352746 0.0744295 0.163185 0.375295 0.175653 0.107305 0.0438502 0.0146529 
3.54778e-07 5.96259e-06 0.000104581 0.000374046 0.000248802 0.000292148 0.00101611 0.00779185 0.0322163 0.95795 
7.4023e-06 0.000248674 0.00043754 0.00176207 0.00498976 0.0192714 0.0544206 0.583832 0.188221 0.14681 
5.30235e-05 0.00147421 0.00298888 0.0091073 0.037231 0.388987 0.163572 0.180295 0.132596 0.0836955 
2.18937e-07 3.68735e-06 6.21332e-05 0.000222274 0.00012122 0.000488211 0.00493504 0.419001 0.304275 0.270891 
0.000164653 0.00311089 0.00824936 0.0226824 0.0654478 0.133102 0.193071 0.410347 0.103106 0.0607193 
9.67332e-05 0.00258343 0.00541437 0.0206572 0.0566875 0.370754 0.195759 0.173848 0.107786 0.0664136 
0.000256807 0.00487237 0.0129673 0.0319347 0.0853036 0.162177 0.213003 0.362054 0.0849434 0.0424884 
3.55762e-08 7.87464e-07 3.12723e-06 1.18889e-05 0.000110551 0.000202395 0.00153329 0.00298009 0.0117437 0.983414 
3.86417e-07 6.63418e-06 0.00011302 0.000404925 0.00014634 0.000275234 0.00222177 0.0110178 0.0376843 0.94813 
5.65741e-05 0.00166898 0.00311398 0.0108623 0.0333845 0.061301 0.0932366 0.136235 0.131608 0.528533 
2.7312e-07 4.46612e-06 8.33101e-05 0.000298107 8.43502e-05 9.20699e-05 0.00178164 0.0117515 0.886193 0.0997113 
4.4921e-08 7.27923e-07 1.29504e-05 4.89145e-05 0.000187863 0.001793 0.0145477 0.0618879 0.840206 0.0813151 
6.21556e-06 0.00018459 0.000438232 0.0018431 0.00645233 0.0253661 0.0744002 0.514432 0.209194 0.167683 
3.62602e-07 8.54465e-06 7.83746e-05 0.000278038 0.000347171 0.00201216 0.2139 0.170683 0.379101 0.233592 
2.76774e-06 6.8259e-05 0.000209075 0.00108909 0.00326373 0.0093407 0.0258164 0.0612166 0.74921 0.149784 
1.23513e-06 3.10582e-05 0.000107563 0.000427596 0.00147894 0.00452261 0.0123037 0.0267153 0.0409743 0.913438 
5.49471e-05 0.00127328 0.00357217 0.0126956 0.0376186 0.0641429 0.0902986 0.118931 0.120721 0.550692 
1.06643e-05 0.000374957 0.000626742 0.00235384 0.00720319 0.0233068 0.0519684 0.111526 0.627232 0.175398 
1.1918e-05 0.000341052 0.000862048 0.00384243 0.00755055 0.024249 0.0677226 0.61121 0.155176 0.129035 
0.000591527 0.00613412 0.027738 0.25563 0.224558 0.197643 0.130905 0.10216 0.0383262 0.0163149 
3.57443e-10 5.83649e-09 1.0677e-07 3.9289e-07 3.92462e-07 5.30586e-06 0.000235936 0.000169731 0.00078483 0.998803 
0.000309672 0.00469648 0.0224061 0.163112 0.364086 0.215277 0.106913 0.0596017 0.0364291 0.0271686 
5.13122e-06 0.000141986 0.000342391 0.00167019 0.00585683 0.122316 0.353629 0.187027 0.138417 0.190594 
3.03141e-05 0.000958062 0.00182374 0.00632195 0.0178131 0.0517461 0.0982838 0.172523 0.515275 0.135225 
1.97994e-08 3.08841e-07 4.6573e-06 1.71143e-05 0.000168667 0.000409097 0.00282038 0.0133066 0.0446262 0.938647 
3.96229e-10 6.05761e-09 4.80004e-08 1.78399e-07 1.60115e-07 6.13448e-07 4.80451e-06 7.30049e-05 0.000409438 0.999512 
3.71438e-07 6.06061e-06 0.00011083 0.000397363 0.000339156 0.000614604 0.00522508 0.0222012 0.0754132 0.895692 
0.000125289 0.00289199 0.00903424 0.081058 0.0584284 0.10193 0.411308 0.150088 0.116167 0.0689699 
1.47715e-05 0.000467308 0.000927364 0.00361547 0.0100763 0.0337108 0.0870351 0.344959 0.373276 0.145918 
5.69189e-08 1.04808e-06 1.23876e-05 4.57311e-05 0.000102688 0.000256866 0.00144 0.00580772 0.0218991 0.970434 
3.17119e-08 8.94571e-07 2.03492e-06 7.47617e-06 3.43489e-05 0.000181218 0.000549417 0.00258718 0.0113485 0.985289 
3.28206e-06 5.32051e-05 0.000239481 0.000999802 0.00561071 0.02193 0.131255 0.548991 0.199534 0.0913831 
3.05032e-06 0.000108369 0.00019235 0.000733859 0.00253272 0.00914617 0.0317151 0.538961 0.303865 0.112743 
3.63846e-13 7.18111e-12 1.46472e-10 3.90985e-09 9.67439e-08 5.23311e-06 0.00033231 0.00256966 0.0182832 0.97881 
3.40088e-06 6.57557e-05 0.000247765 0.00152595 0.00567217 0.0222162 0.0600445 0.581493 0.179609 0.149122 
1.20695e-05 0.000292434 0.000640822 0.00228939 0.00908276 0.0311554 0.0895572 0.546727 0.182782 0.137461 
5.25306e-06 0.000168558 0.000302026 0.00148915 0.00480387 0.0235516 0.329994 0.116881 0.393758 0.129047 
1.09614e-05 0.00040896 0.000592208 0.00232594 0.00708766 0.0223191 0.0472015 0.0884449 0.56555 0.266059 
2.12815e-07 6.5199e-06 2.43774e-05 8.73573e-05 0.000194414 0.000714503 0.00314559 0.0103888 0.136606 0.848832 
9.24433e-07 2.12808e-05 9.07953e-05 0.000392571 0.0010745 0.00377961 0.0117374 0.469131 0.318874 0.194898 
3.51932e-06 6.08681e-05 0.000237626 0.00134466 0.00656013 0.0224029 0.0740703 0.626894 0.155896 0.11253 
2.69156e-07 4.4001e-06 8.19488e-05 0.000293459 8.69972e-05 0.000156089 0.00196188 0.011959 0.905209 0.0802471 
2.99395e-07 4.92992e-06 9.02696e-05 0.000323755 0.000175885 0.000342224 0.00257856 0.0134081 0.0479122 0.935164 
1.73324e-05 0.000584654 0.00107902 0.0036627 0.00882866 0.0305026 0.411706 0.202712 0.190534 0.150373 
7.71781e-06 0.000252919 0.000457551 0.00185047 0.00521952 0.0205318 0.057488 0.135509 0.624146 0.154536 
4.29632e-08 7.02535e-07 1.31034e-05 4.69026e-05 1.40448e-05 2.55368e-05 0.000964175 0.00332392 0.0160047 0.979607 
6.11409e-05 0.00131507 0.00339759 0.0105872 0.0404052 0.113189 0.460588 0.190164 0.118494 0.0618003 
2.02888e-06 4.35466e-05 0.000154208 0.000818708 0.00302984 0.00907787 0.0252565 0.0684398 0.744337 0.148841 
6.89451e-06 0.000202901 0.000372467 0.00173924 0.00605554 0.0231168 0.125629 0.0885417 0.653674 0.100661 
1.62898e-06 3.58599e-05 0.000142918 0.00081369 0.00329202 0.0120348 0.0401661 0.111906 0.704134 0.127473 
7.22213e-37 1.92072e-33 4.9119e-30 2.63046e-26 1.92385e-22 3.04426e-18 4.46672e-14 1.16761e-09 0.000110954 0.999889 
8.55145e-06 0.000274952 0.000474425 0.00205283 0.00647814 0.0267029 0.386457 0.133571 0.293251 0.150729 
8.12869e-06 0.00024417 0.0004932 0.00201131 0.00706937 0.0268056 0.0829177 0.174018 0.556135 0.150298 
1.97054e-06 3.60947e-05 0.000161779 0.000971914 0.00328521 0.0112099 0.0327477 0.101561 0.699345 0.150679 
6.22493e-10 1.00976e-08 1.78791e-07 6.99155e-07 1.22958e-06 3.15405e-05 0.000296305 0.00197755 0.0127856 0.984907 
7.28432e-06 0.000183032 0.000477529 0.00202871 0.00601052 0.031239 0.0590774 0.199744 0.237035 0.464198 
1.61133e-07 2.68457e-06 4.70197e-05 0.000168643 6.45708e-05 0.000138171 0.00178382 0.0064963 0.0273552 0.963943 
6.56271e-09 1.06277e-07 1.91517e-06 7.04163e-06 5.22831e-05 3.58457e-05 0.000184672 0.00919009 0.974019 0.0165095 
5.0503e-06 0.00012588 0.000362245 0.00168759 0.00543623 0.0232392 0.0562885 0.550663 0.207808 0.154384 
8.23392e-07 1.24057e-05 0.000149753 0.00056927 0.00144889 0.00605201 0.0213623 0.0718916 0.768118 0.130395 
8.53414e-08 1.85055e-06 1.31655e-05 4.65805e-05 6.67858e-05 0.000757596 0.00216279 0.0113978 0.94179 0.0437635 
1.59089e-06 4.47392e-05 0.000176539 0.000706435 0.0020336 0.0061124 0.0237653 0.184335 0.225432 0.557392 
3.68006e-06 0.000128865 0.000201882 0.000823359 0.003019 0.00863913 0.029821 0.0824692 0.143303 0.731591 
5.42845e-06 0.000126807 0.000471636 0.00205094 0.00516688 0.0124244 0.0289181 0.0726187 0.141864 0.736353 
2.40122e-05 0.000579689 0.00152155 0.00598893 0.0215064 0.124383 0.120104 0.338081 0.289775 0.0980353 
9.72424e-05 0.0030528 0.00528644 0.0159664 0.0448459 0.0808439 0.128318 0.183104 0.439138 0.0993472 
9.38562e-08 2.20534e-06 7.10548e-06 3.08432e-05 0.000226448 0.000548349 0.0019659 0.00631349 0.018649 0.972257 
3.88564e-08 6.09584e-07 9.03148e-06 3.24631e-05 0.000264442 0.000509386 0.0038561 0.0160571 0.04963 0.929641 
5.11815e-05 0.00137645 0.00327037 0.0133087 0.0371243 0.0817081 0.127251 0.408844 0.241646 0.085421 
3.09113e-06 5.47829e-05 0.000240068 0.0014164 0.00411868 0.0169097 0.0361903 0.0990038 0.15188 0.690183 
8.91042e-07 2.20095e-05 7.90986e-05 0.000427662 0.00139366 0.00484191 0.0179279 0.170801 0.730837 0.0736688 
5.13276e-07 1.15196e-05 6.68781e-05 0.000298623 0.00082236 0.00202214 0.00929416 0.0271632 0.372307 0.588013 
2.73874e-05 0.000664436 0.00184807 0.00566575 0.0153872 0.0412093 0.0722678 0.112897 0.148682 0.601352 
7.14515e-05 0.00151938 0.00568926 0.0209209 0.058337 0.114927 0.16269 0.457575 0.116167 0.0621032 
1.24117e-05 0.000380039 0.000770511 0.00276346 0.00832769 0.0269695 0.0653454 0.127847 0.184867 0.582717 
2.05805e-06 4.76653e-05 0.000139667 0.000464004 0.00165474 0.0198421 0.083999 0.57145 0.22818 0.0942203 
6.00797e-06 0.000234396 0.000298392 0.00084809 0.00313583 0.0120469 0.0371713 0.101507 0.733747 0.111005 
2.62583e-06 7.83611e-05 0.000224153 0.000920279 0.00299592 0.0110304 0.0327847 0.0921129 0.68072 0.179131 
1.6823e-08 2.82451e-07 3.94524e-06 1.56709e-05 0.000103917 8.08979e-05 0.000338591 0.00262927 0.0160451 0.980782 
2.79592e-08 4.65277e-07 3.05627e-06 1.45285e-05 0.000244697 0.000370193 0.00183796 0.00774244 0.0268134 0.962973 
2.28371e-07 3.73406e-06 6.96282e-05 0.000249218 7.17603e-05 0.00011246 0.00154003 0.00609736 0.0228912 0.968964 
8.84953e-08 1.39255e-06 1.91605e-05 7.38501e-05 0.000336513 0.00265373 0.0173192 0.796862 0.112895 0.0698385 
1.46416e-07 2.39386e-06 4.46273e-05 0.000159709 4.52956e-05 3.68046e-05 0.00112703 0.00437043 0.0195177 0.974696 
1.19725e-05 0.000358542 0.000756438 0.0029608 0.00843474 0.0653546 0.0688172 0.378094 0.370611 0.104601 
2.12268e-07 5.24534e-06 2.15712e-05 8.5796e-05 0.000399527 0.0009621 0.00373179 0.013788 0.920517 0.0604883 
1.14873e-07 1.84794e-06 2.67519e-05 0.000135571 0.000796043 0.00750186 0.236252 0.246581 0.0667919 0.441913 
0.000111605 0.00215683 0.0104847 0.0265407 0.0661499 0.0917909 0.110671 0.509126 0.123041 0.0599269 
4.40022e-05 0.00104204 0.0027686 0.0188486 0.160351 0.100108 0.275644 0.15995 0.159703 0.12154 
1.31996e-05 0.000243474 0.000877604 0.00440741 0.0241227 0.0810202 0.484217 0.159257 0.135151 0.11069 
4.49903e-07 1.13558e-05 3.18683e-05 0.000150827 0.00081606 0.00213595 0.00755191 0.018737 0.0339259 0.936639 
1.45035e-13 5.02605e-12 1.61826e-10 7.66221e-09 1.62077e-07 6.92432e-06 0.00020524 0.00222299 0.0162899 0.981275 
1.50758e-07 2.46402e-06 4.57105e-05 0.000163787 8.45446e-05 7.23292e-05 0.000988413 0.00408285 0.0148363 0.979723 
9.64836e-06 0.0003234 0.000563439 0.0023038 0.00691613 0.0262836 0.511123 0.169762 0.166804 0.11591 
4.9493e-06 0.000157016 0.000302011 0.00132436 0.00370405 0.0151593 0.0382451 0.260444 0.585317 0.0953421 
7.1245e-07 1.65896e-05 5.45149e-05 0.000251077 0.00129528 0.00329045 0.0120144 0.0328152 0.0702506 0.880011 
4.23646e-06 0.000121294 0.000273927 0.00128684 0.00481564 0.0170208 0.0521357 0.123481 0.632583 0.168278 
0.000103874 0.00263235 0.00619789 0.0214309 0.0619962 0.134527 0.186398 0.443929 0.0930867 0.049697 
2.14698e-06 4.04395e-05 0.00020824 0.000924422 0.0032637 0.0100078 0.024934 0.0652839 0.130981 0.764354 
3.28341e-06 6.16853e-05 0.000247722 0.00126731 0.00546387 0.0204848 0.0649456 0.626049 0.154909 0.126568 
4.47706e-06 8.92182e-05 0.000363009 0.00181243 0.00630695 0.0218757 0.056801 0.542404 0.192285 0.178058 
2.98174e-09 4.87594e-08 9.09249e-07 3.25505e-06 9.95464e-07 1.19068e-06 4.39795e-05 0.000318632 0.00419949 0.995431 
5.56559e-07 1.20273e-05 8.99297e-05 0.000363475 0.00059915 0.00148734 0.0068617 0.0166246 0.0417669 0.932194 
1.16722e-05 0.000340348 0.000682431 0.00271819 0.00942353 0.0364555 0.108124 0.52752 0.183026 0.131698 
5.17933e-07 8.50526e-06 0.00015362 0.000549476 0.000322288 0.000606295 0.0039796 0.0200829 0.0648155 0.909481 
1.38278e-05 0.000370632 0.000776541 0.00324046 0.0131169 0.0546902 0.307087 0.230404 0.273078 0.117223 
0.000318116 0.00503705 0.0175725 0.0415059 0.179351 0.380487 0.16752 0.125389 0.059552 0.0232668 
4.23376e-07 7.97448e-06 2.65547e-05 0.000125972 0.000504125 0.00142522 0.00331382 0.006199 0.013385 0.975012 
7.76436e-09 1.2694e-07 2.36077e-06 8.48823e-06 4.14622e-06 8.7221e-05 0.00126538 0.00414371 0.015399 0.97909 
9.91409e-08 1.55021e-06 2.32243e-05 9.03807e-05 0.000343 0.00404976 0.0251012 0.076438 0.847685 0.0462683 
9.19915e-06 0.000296885 0.000582759 0.002354 0.00664953 0.0269817 0.0606815 0.526904 0.200829 0.174712 
0.00476332 0.0571382 0.151883 0.132094 0.193054 0.160395 0.193419 0.0671519 0.0288353 0.0112657 
6.69737e-05 0.001632 0.00400224 0.0152873 0.0408025 0.0965691 0.145998 0.372438 0.246014 0.0771904 
4.59485e-07 7.53989e-06 0.000130057 0.000469754 0.000431175 0.000791241 0.00655006 0.0269404 0.0834554 0.881224 
1.84896e-06 5.31384e-05 0.000217377 0.000833211 0.00256944 0.00709975 0.0286154 0.0943261 0.656641 0.209643 
1.77759e-07 2.96314e-06 4.89186e-05 0.000176625 0.000282715 0.000517297 0.00404512 0.0234553 0.867082 0.104389 
2.44774e-05 0.000485438 0.00187021 0.0149123 0.389008 0.104345 0.123371 0.131245 0.128742 0.105996 
5.42098e-07 1.07627e-05 8.99395e-05 0.000348522 0.00113937 0.00230856 0.0107344 0.0361641 0.0901889 0.859015 
0.000233049 0.00328459 0.02536 0.309085 0.175517 0.116602 0.160555 0.12618 0.0510835 0.0321011 
7.65215e-05 0.00222691 0.00441391 0.0170903 0.0463319 0.0936976 0.161302 0.50127 0.117077 0.0565129 
3.29502e-05 0.00103853 0.00215846 0.00757376 0.0260192 0.0758682 0.145559 0.476087 0.154852 0.110811 
3.58101e-05 0.000954713 0.0022657 0.00745613 0.0273935 0.0747579 0.15082 0.478478 0.154187 0.103653 
4.45598e-07 7.75559e-06 0.000108537 0.00039325 0.000410798 0.00182456 0.00711193 0.0280944 0.0659556 0.896093 
4.16022e-07 6.75153e-06 0.000118254 0.000427772 0.00065555 0.00150035 0.0103711 0.0437384 0.764882 0.178299 
5.3669e-07 8.77248e-06 0.000157602 0.000566041 0.000449438 0.000812419 0.00676103 0.0283549 0.0848275 0.878062 
4.17934e-06 8.24676e-05 0.000303759 0.00180589 0.00703975 0.0285385 0.0902471 0.558512 0.173308 0.140159 
1.67969e-09 3.14015e-08 1.20583e-07 4.77234e-07 1.79339e-06 5.58702e-06 2.12789e-05 6.23423e-05 0.00126824 0.99864 
4.88716e-06 0.000172609 0.000331028 0.00103207 0.0027784 0.0100222 0.0271505 0.0725296 0.13404 0.751938 
3.02765e-07 4.94628e-06 9.1822e-05 0.000328821 0.000130903 0.000324973 0.003953 0.0215192 0.638086 0.33556 
8.91822e-13 1.63932e-11 2.84982e-10 7.19896e-09 1.82865e-07 9.48397e-06 0.000242376 0.00259678 0.0170623 0.980089 
0.00361575 0.025034 0.15915 0.238593 0.32498 0.146997 0.0632099 0.0250696 0.0101249 0.00322564 
2.49302e-14 4.07626e-13 7.5915e-12 2.7259e-11 1.30358e-11 1.05052e-09 1.01806e-09 3.55583e-07 0.00112063 0.998879 
1.83212e-07 4.43446e-06 1.19126e-05 5.25949e-05 0.000342921 0.000893842 0.00282074 0.0082159 0.0173986 0.970259 
0.000249163 0.00308002 0.0506327 0.0566549 0.142315 0.18121 0.212814 0.169973 0.123006 0.0600645 
9.20502e-07 1.88528e-05 0.000108154 0.000877244 0.0148871 0.487471 0.0830656 0.13908 0.145167 0.129324 
5.92484e-07 1.16198e-05 9.42272e-05 0.000353303 0.0005345 0.00175362 0.00780841 0.0310966 0.818479 0.139868 
4.47936e-05 0.000859505 0.00199922 0.00484452 0.0170906 0.0317213 0.102967 0.3393 0.26927 0.231903 
1.34209e-06 2.87996e-05 0.000145954 0.000628425 0.00200153 0.00739154 0.026516 0.0807108 0.154193 0.728383 
8.92942e-05 0.00243888 0.00633704 0.0228844 0.057621 0.102383 0.135412 0.153387 0.128441 0.391007 
5.28479e-06 0.000217399 0.00027194 0.000786271 0.00209966 0.0061659 0.0202527 0.0425883 0.0782054 0.849407 
7.04204e-05 0.00208332 0.0033665 0.0109277 0.0363526 0.081186 0.341544 0.236246 0.223222 0.0650009 
1.27537e-06 4.01867e-05 8.93076e-05 0.000411542 0.00102218 0.00261344 0.008022 0.0222952 0.153548 0.811957 
3.47755e-10 9.62499e-09 2.32934e-08 9.76142e-08 6.08072e-07 1.93342e-06 7.09565e-06 2.39203e-05 0.000567065 0.999399 
1.29964e-07 2.33094e-06 3.64546e-05 0.000130549 4.92782e-05 0.000284912 0.00353258 0.015953 0.216804 0.763207 
4.52556e-06 0.000116275 0.000355514 0.00163495 0.00435485 0.0143451 0.0304619 0.086593 0.169769 0.692365 
0.000285823 0.00519842 0.0197809 0.0522476 0.138071 0.373564 0.184147 0.138673 0.0620541 0.0259785 
3.82947e-05 0.00115733 0.00241566 0.00822746 0.0215093 0.0554039 0.0985623 0.152582 0.160132 0.499972 
3.13055e-08 5.11584e-07 9.51392e-06 3.41161e-05 1.15293e-05 6.3646e-05 0.000740885 0.00455023 0.0239227 0.970667 
3.23885e-07 5.25934e-06 9.4918e-05 0.000340449 0.000392474 0.000650197 0.0059924 0.0254897 0.0790778 0.887956 
3.01979e-07 4.92405e-06 9.07321e-05 0.000324379 0.000371843 0.000525045 0.00432589 0.016433 0.0503523 0.927572 
4.38885e-05 0.00133942 0.00277938 0.0106794 0.0267514 0.0603914 0.502269 0.179197 0.134109 0.0824403 
1.86353e-05 0.000419059 0.00118568 0.00389916 0.0121358 0.0361426 0.394619 0.278328 0.148521 0.124732 
0.000601912 0.00616403 0.0236519 0.0630699 0.184057 0.314591 0.212666 0.110017 0.0569849 0.0281952 
0.0100287 0.0467441 0.183142 0.430624 0.174219 0.0997375 0.0392452 0.0102217 0.00452431 0.00151347 
4.06941e-05 0.00101085 0.00266026 0.0100511 0.0352604 0.235368 0.190248 0.154364 0.122359 0.248638 
7.81398e-05 0.00196659 0.00458125 0.0176558 0.058109 0.125927 0.462373 0.181653 0.0981624 0.0494947 
3.76085e-05 0.00118183 0.00226358 0.00702957 0.0191687 0.0508413 0.0885311 0.169885 0.396473 0.264589 
0.000383387 0.00524715 0.017133 0.0607695 0.320942 0.157552 0.175689 0.148748 0.0756047 0.0379304 
0.00015016 0.00300514 0.0153406 0.0405493 0.0975239 0.133582 0.317155 0.262776 0.0923534 0.0375635 
2.05281e-05 0.000564743 0.00128332 0.00399411 0.0135339 0.0435692 0.0918377 0.164427 0.193474 0.487295 
2.88852e-08 4.72332e-07 8.81134e-06 3.15262e-05 8.80941e-06 3.75015e-06 0.000125355 0.000539085 0.00291136 0.996371 
3.19946e-07 5.18634e-06 9.29428e-05 0.000335926 0.000298619 0.000637655 0.00550867 0.023484 0.07442 0.895217 
0.000577199 0.00564586 0.0262925 0.0729023 0.141608 0.40626 0.251911 0.0675994 0.020808 0.0063955 
1.89644e-07 3.10063e-06 5.77843e-05 0.000207344 8.59626e-05 0.000312718 0.00185074 0.0136639 0.731516 0.252302 
1.21518e-06 2.74084e-05 9.10174e-05 0.000476295 0.0021862 0.00613912 0.0181801 0.0521681 0.0973501 0.82338 
3.19688e-06 0.000135303 0.000195109 0.000625949 0.00158258 0.00400875 0.0140598 0.0476204 0.785236 0.146533 
6.75663e-09 1.84919e-07 5.18239e-07 2.45902e-06 7.34807e-06 2.80711e-05 0.000215492 0.000540343 0.00722956 0.991976 
2.00924e-05 0.000703285 0.00104749 0.00356372 0.012115 0.0380841 0.0762021 0.143388 0.175259 0.549617 
2.61537e-06 8.72535e-05 0.000205552 0.000776009 0.00241528 0.00979754 0.0413769 0.613943 0.169735 0.161661 
1.27237e-05 0.000273267 0.000879391 0.00318262 0.00929664 0.0266466 0.0564339 0.122627 0.598948 0.1817 
3.52725e-05 0.000811552 0.00208686 0.00660587 0.0246618 0.353991 0.162249 0.185645 0.154137 0.109777 
4.66669e-09 1.46629e-07 2.95686e-07 1.06313e-06 3.44053e-06 1.46612e-05 4.32767e-05 0.000304294 0.00364096 0.995992 
3.44468e-07 5.61744e-06 9.06398e-05 0.000335601 0.00100375 0.00167499 0.00943168 0.0374574 0.0998988 0.850101 
3.78621e-07 6.1682e-06 0.00011132 0.000398538 0.000273229 0.00101453 0.00950262 0.0496361 0.826745 0.112313 
1.21757e-06 3.22592e-05 8.69674e-05 0.000374679 0.00214631 0.0111597 0.541333 0.112716 0.176594 0.155556 
0.000474314 0.00672593 0.0192281 0.0459827 0.100816 0.142112 0.427985 0.146345 0.0768019 0.0335292 
1.56641e-12 3.98255e-11 1.0092e-09 1.27592e-08 2.32705e-07 9.90721e-06 0.00017385 0.00154802 0.0106959 0.987572 
9.72177e-12 1.9909e-10 3.95385e-09 3.93507e-08 8.80885e-07 5.26367e-05 0.000389644 0.00337745 0.0201967 0.975983 
3.13442e-13 7.08428e-12 1.63522e-10 6.66361e-09 1.48196e-07 6.44169e-06 0.000198334 0.00207339 0.0116954 0.986026 
6.48111e-07 1.56186e-05 5.00042e-05 0.000250982 0.00096541 0.00296145 0.0113735 0.0363019 0.848067 0.100014 
8.08634e-06 0.00025524 0.00041128 0.00152057 0.00478301 0.012841 0.033393 0.0596815 0.0820262 0.80508 
1.86021e-05 0.000342953 0.00149692 0.00671321 0.030613 0.253404 0.108415 0.136461 0.145182 0.317353 
5.67398e-42 3.91741e-38 8.64131e-34 2.91865e-29 6.13023e-25 1.44302e-20 8.73721e-16 6.07856e-11 7.39185e-06 0.999993 
2.02634e-05 0.000584807 0.00125852 0.0103681 0.0399309 0.321898 0.119062 0.184808 0.186782 0.135287 
3.16699e-07 5.46633e-06 4.35031e-05 0.000219525 0.00160317 0.00696949 0.0287505 0.742482 0.125722 0.0942041 
0.000725127 0.00636597 0.0274782 0.0899792 0.341614 0.195981 0.144821 0.101321 0.0550524 0.0366617 
1.66197e-07 2.71767e-06 5.069e-05 0.000181418 5.27434e-05 0.000121546 0.00186176 0.0101383 0.0420576 0.945533 
7.2289e-07 1.43425e-05 0.000114911 0.000437961 0.00073732 0.00200595 0.0090176 0.0302153 0.813383 0.144073 
5.91954e-06 0.00012361 0.000361263 0.00139014 0.00885137 0.0656273 0.0491142 0.180547 0.479874 0.214106 
1.53404e-06 5.30431e-05 9.64862e-05 0.000419837 0.00204192 0.00497753 0.0184922 0.0510255 0.0995107 0.823381 
0.000575745 0.00909431 0.15999 0.104034 0.187214 0.186183 0.157197 0.116065 0.0568498 0.0227975 
8.80701e-13 1.59501e-11 2.63165e-10 8.19638e-09 2.07346e-07 1.2958e-05 0.000332604 0.00575986 0.023941 0.969953 
3.40911e-07 5.73974e-06 9.17007e-05 0.000331232 0.000486248 0.000955457 0.00677233 0.0275133 0.0807599 0.883084 
1.04642e-05 0.000182116 0.000607456 0.00289275 0.0138978 0.0470483 0.501234 0.190578 0.141068 0.102481 
3.27621e-06 7.92904e-05 0.000251437 0.0015853 0.00533811 0.0220268 0.0689961 0.525009 0.164287 0.212423 
4.90615e-07 8.99245e-06 0.000115662 0.000428525 0.00111295 0.00214802 0.0105169 0.0420771 0.108291 0.835301 
0.000165911 0.00358622 0.0130347 0.220458 0.156421 0.172785 0.193608 0.122722 0.0746167 0.0426035 
1.11252e-06 2.3191e-05 0.000118122 0.000479542 0.00139598 0.00426493 0.0173512 0.0599415 0.749309 0.167115 
2.63636e-07 4.91793e-06 5.72635e-05 0.000206669 0.000571532 0.00181163 0.00879142 0.0316583 0.0852082 0.87169 
1.47205e-05 0.000369479 0.000987839 0.00373441 0.00867442 0.020884 0.0390411 0.0705674 0.0915486 0.764178 
7.19381e-07 1.53579e-05 0.00012331 0.000511114 0.00115216 0.00250533 0.0111214 0.0341395 0.0801054 0.870326 
7.97664e-46 1.31601e-41 9.38522e-37 1.11763e-31 5.05495e-27 1.50556e-22 1.23035e-17 1.84282e-12 1.15462e-05 0.999988 
9.48916e-06 0.000270785 0.000563708 0.00274204 0.0109711 0.0362199 0.100426 0.177563 0.563031 0.108203 
1.6007e-05 0.000442093 0.00089603 0.00331079 0.011234 0.036516 0.083659 0.415292 0.356968 0.0916664 
0.000368627 0.0398896 0.0136664 0.0239314 0.0451756 0.06196 0.0966713 0.227512 0.237078 0.253747 
1.72955e-06 4.36326e-05 0.000121466 0.00065723 0.00253885 0.00786367 0.0241764 0.0508764 0.0777784 0.835942 
7.15766e-11 1.21323e-09 1.20139e-08 4.75841e-08 3.21709e-07 3.48118e-06 0.000128631 0.000612446 0.00962434 0.989631 
2.91209e-06 9.00139e-05 0.000178847 0.000854627 0.00359099 0.016573 0.104004 0.190594 0.605053 0.0790597 
1.19793e-11 2.86179e-10 6.88714e-09 7.13129e-08 1.29931e-06 4.87358e-05 0.000354294 0.00342095 0.0148358 0.981339 
8.93486e-05 0.00187644 0.00561765 0.0194259 0.0570567 0.129778 0.475434 0.160847 0.0922708 0.0576041 
7.07322e-05 0.0011231 0.00386234 0.0141957 0.0593966 0.395037 0.16266 0.156429 0.120053 0.0871732 
5.46729e-05 0.00184979 0.00298022 0.00886577 0.0256976 0.22701 0.273758 0.190126 0.161641 0.108017 
8.39703e-07 1.74882e-05 8.31576e-05 0.000379029 0.00159797 0.00537648 0.023699 0.669519 0.170312 0.129014 
6.74474e-07 1.36049e-05 0.000111507 0.000415359 0.000651894 0.00202691 0.0105167 0.0469691 0.819524 0.119771 
4.36277e-07 7.47474e-06 0.000125755 0.000453541 0.000314222 0.0019809 0.021651 0.782599 0.0968258 0.0960414 
0.000355186 0.00506708 0.0214601 0.049227 0.118324 0.156453 0.176792 0.373075 0.0725717 0.0266757 
3.356e-07 6.15333e-06 6.85644e-05 0.000257539 0.00104651 0.00199086 0.00847782 0.0323988 0.083311 0.872442 
2.5078e-05 0.000535059 0.00169182 0.00807163 0.110662 0.325478 0.130743 0.168845 0.187247 0.0667013 
7.61444e-05 0.00199329 0.0053308 0.0207204 0.0544482 0.106671 0.152133 0.442139 0.138202 0.0782849 
7.90359e-07 1.4786e-05 0.000127663 0.000485281 0.00111039 0.00439396 0.0211744 0.714715 0.142902 0.115076 
1.76898e-06 5.15736e-05 0.000207881 0.000822325 0.00236066 0.0115896 0.500121 0.110392 0.174534 0.199919 
6.71624e-05 0.00178913 0.00436295 0.0174526 0.0469519 0.0986869 0.444318 0.191313 0.127307 0.0677524 
2.40906e-05 0.00071976 0.0014987 0.00503632 0.0129081 0.035014 0.0799223 0.16452 0.543578 0.156779 
1.47364e-05 0.000527124 0.000820339 0.00301313 0.010398 0.0335057 0.0838209 0.15437 0.596156 0.117374 
2.13844e-06 5.37501e-05 0.00017908 0.000798624 0.00314597 0.0101031 0.0256241 0.0705821 0.503216 0.386295 
8.66251e-07 1.76405e-05 0.000124954 0.000537275 0.0017043 0.00382171 0.0137467 0.0426759 0.0931171 0.844254 
1.79868e-06 7.83344e-05 0.000154684 0.00049228 0.00122053 0.00360949 0.0239755 0.720191 0.122163 0.128113 
9.55629e-05 0.00293876 0.00507834 0.0188785 0.0509657 0.0975494 0.147696 0.17168 0.427401 0.0777162 
4.51684e-07 1.09174e-05 3.21187e-05 0.000165187 0.000585921 0.00177047 0.00616447 0.0136424 0.0206096 0.957019 
1.09841e-05 0.000217802 0.000675386 0.00287508 0.0139895 0.04968 0.0908336 0.247725 0.47751 0.116483 
2.9004e-05 0.000823746 0.00180307 0.00617033 0.0211696 0.0611104 0.12886 0.502953 0.167619 0.109461 
0.000209938 0.00384651 0.0135791 0.110194 0.349512 0.162213 0.156523 0.118807 0.0566698 0.0284464 
7.6412e-05 0.00217685 0.00431176 0.0127023 0.0395969 0.104931 0.183233 0.440542 0.131417 0.0810123 
3.97074e-07 6.49239e-06 0.000121061 0.000433487 0.000149982 0.000250126 0.00269796 0.0172935 0.879674 0.0993727 
5.27527e-05 0.00128754 0.00352485 0.0143943 0.0411169 0.0941008 0.147961 0.186612 0.426895 0.0840552 
7.48188e-29 1.91367e-25 4.17664e-22 7.80211e-19 1.31314e-16 5.47469e-13 1.25552e-09 7.16287e-07 0.00177095 0.998228 
1.11853e-05 0.000287024 0.000781486 0.00340947 0.00990485 0.033523 0.0910643 0.603129 0.152329 0.10556 
6.1572e-06 0.000173695 0.000401534 0.00230449 0.0137454 0.220806 0.230764 0.251767 0.157212 0.12282 
7.3921e-07 1.53037e-05 9.62513e-05 0.000441708 0.00101498 0.00409838 0.0160425 0.0481977 0.106729 0.823364 
3.88151e-05 0.000590281 0.00355991 0.0425647 0.016873 0.058253 0.0955506 0.210249 0.383317 0.189003 
0.000103023 0.00205575 0.00597237 0.0196374 0.0550313 0.11344 0.155838 0.46581 0.122925 0.0591865 
8.23488e-08 1.62866e-06 4.85937e-06 2.07518e-05 9.33833e-05 0.000256431 0.000622971 0.00154204 0.00305593 0.994402 
0.0317158 0.506359 0.248991 0.191824 0.018655 0.00217727 0.00024099 3.22781e-05 3.88321e-06 5.29093e-07 
2.09119e-07 3.41952e-06 6.37885e-05 0.000228224 6.3478e-05 3.31641e-05 0.000792814 0.00412832 0.481915 0.512771 
1.35657e-06 3.24845e-05 0.000109112 0.00058157 0.00225266 0.00620455 0.0223701 0.0840976 0.510029 0.374321 
1.3753e-06 2.87935e-05 0.000145896 0.00085518 0.00216907 0.00639798 0.0240665 0.0896396 0.73131 0.145385 
5.45376e-07 1.28893e-05 5.86507e-05 0.000236974 0.000956875 0.00282077 0.0142167 0.201098 0.668604 0.111995 
1.00122e-05 0.000323552 0.000586195 0.0022999 0.00729991 0.0253008 0.0668948 0.151527 0.589414 0.156343 
5.06722e-11 8.28576e-10 1.5433e-08 5.57577e-08 3.73759e-08 3.2792e-06 0.000144503 0.00112411 0.97017 0.0285578 
2.16128e-05 0.000663391 0.00110398 0.00403737 0.0142891 0.0483686 0.474445 0.198086 0.156816 0.102169 
3.02457e-06 0.00010997 0.000169103 0.000693551 0.00266005 0.0084101 0.0258279 0.0587236 0.0975386 0.805864 
2.93545e-05 0.000713156 0.00205518 0.00674439 0.0209508 0.0516365 0.100736 0.250912 0.472867 0.0933551 
6.96974e-06 0.000214847 0.000425891 0.00191663 0.00569575 0.0211342 0.0524408 0.123099 0.657661 0.137405 
6.26066e-07 1.10351e-05 0.000134944 0.000516759 0.000781903 0.00252874 0.0142431 0.0613864 0.761618 0.158779 
1.86938e-05 0.000567045 0.00113127 0.00448339 0.0150205 0.0485694 0.474721 0.184415 0.162382 0.108692 
5.12808e-05 0.000794366 0.0132088 0.0126309 0.0243553 0.100618 0.201046 0.396133 0.174258 0.0769044 
0.00024158 0.00484238 0.0133915 0.0387835 0.109172 0.364061 0.183729 0.14654 0.0849796 0.0542598 
0.000180303 0.00393241 0.00972827 0.0286647 0.0725061 0.128169 0.177111 0.417694 0.10797 0.0540448 
2.57558e-07 6.13889e-06 2.10524e-05 0.000112744 0.000649094 0.0017768 0.00569764 0.0151805 0.032493 0.944063 
1.16935e-05 0.000328594 0.000963442 0.0171793 0.0106601 0.0314224 0.164662 0.489337 0.222833 0.0626023 
2.13713e-09 3.48575e-08 6.39876e-07 2.32183e-06 1.58891e-06 2.31376e-05 0.000439064 0.00177455 0.0131054 0.984653 
8.37417e-07 1.70326e-05 9.10714e-05 0.000389978 0.00190385 0.00713338 0.0327245 0.105433 0.709029 0.143278 
2.21997e-06 4.3219e-05 0.000178827 0.000876848 0.00485639 0.0248704 0.0914628 0.572482 0.16366 0.141567 
5.42536e-06 0.000146833 0.000322202 0.00133936 0.00650059 0.0225083 0.064303 0.619966 0.164483 0.120425 
7.82094e-06 0.000246854 0.000501423 0.00189549 0.00848997 0.032609 0.100657 0.609308 0.153425 0.0928585 
1.24824e-06 2.88807e-05 0.000104698 0.000516802 0.00241023 0.00715465 0.0258356 0.0825857 0.714224 0.167138 
3.33413e-06 5.35443e-05 0.000322063 0.00155852 0.00313889 0.00937399 0.016441 0.0418052 0.0867042 0.840599 
0.000296884 0.00579049 0.0161185 0.052331 0.344248 0.181247 0.165488 0.122394 0.0698156 0.0422699 
3.88644e-05 0.00112168 0.0024462 0.0093534 0.0265022 0.0681354 0.129933 0.192383 0.447197 0.122889 
1.46642e-07 3.32516e-06 2.13495e-05 8.11988e-05 0.000154901 0.000642065 0.00349846 0.0110134 0.0341365 0.950449 
0.00363003 0.112504 0.184141 0.151189 0.194649 0.178525 0.104655 0.0506495 0.0149919 0.00506504 
3.13664e-05 0.00056917 0.00163671 0.00444581 0.0187066 0.0634475 0.465889 0.198544 0.0893831 0.157347 
8.46869e-06 0.000290859 0.000441602 0.00180609 0.00578714 0.0204875 0.0502596 0.111814 0.17173 0.637375 
0.000162169 0.00258799 0.00842175 0.023781 0.069908 0.415338 0.189413 0.157016 0.0868038 0.0465676 
1.23939e-07 1.87885e-06 2.13448e-05 0.000102834 0.000373687 0.00222387 0.0117696 0.0467105 0.519572 0.419224 
1.59018e-07 2.64633e-06 3.11488e-05 0.000133554 0.000780453 0.00484395 0.477747 0.196727 0.262356 0.057378 
0.000117742 0.00220312 0.00755191 0.0273901 0.334399 0.182778 0.165888 0.142129 0.0840045 0.0535383 
6.55232e-07 1.20721e-05 7.39061e-05 0.000338649 0.00217018 0.00745903 0.0316306 0.619144 0.180461 0.15871 
0.00972115 0.0193524 0.290787 0.173293 0.181667 0.276689 0.036271 0.00854385 0.00292566 0.000749021 
9.06414e-06 0.000212097 0.000576392 0.00255357 0.010246 0.117941 0.294866 0.317085 0.169032 0.0874787 
7.28107e-05 0.00216712 0.00401256 0.0147014 0.192382 0.215149 0.162758 0.19469 0.150156 0.0639127 
6.07549e-07 2.07913e-05 6.7143e-05 0.00023263 0.000671771 0.00400331 0.34975 0.112869 0.473804 0.0585812 
3.34541e-06 6.72004e-05 0.000359644 0.00181799 0.0098148 0.0539785 0.502671 0.261197 0.113052 0.0570383 
3.73611e-07 6.10935e-06 0.000113967 0.000407763 0.000113773 9.45404e-05 0.00145751 0.00846881 0.0355167 0.95382 
1.33542e-06 2.57098e-05 0.000103039 0.000581584 0.00294891 0.0113297 0.192737 0.223367 0.447792 0.121113 
0.00103473 0.0123685 0.0558766 0.205246 0.208686 0.226639 0.14111 0.0946147 0.0394384 0.0149859 
6.48381e-06 0.000186342 0.000415021 0.00155923 0.00569625 0.0211989 0.0597081 0.524101 0.188495 0.198634 
9.91179e-05 0.00197576 0.0066093 0.0299953 0.217944 0.214371 0.245162 0.143384 0.0852516 0.0552068 
2.38444e-06 7.32102e-05 0.000173611 0.000699324 0.00288438 0.010361 0.568958 0.123532 0.154241 0.139075 
1.23475e-06 2.61549e-05 9.11671e-05 0.000628601 0.0111374 0.0363372 0.0284482 0.210164 0.503694 0.209472 
1.05415e-05 0.000217857 0.000585416 0.00244398 0.0111193 0.0335889 0.0897784 0.526914 0.190606 0.144735 
7.94329e-06 0.00016933 0.000969176 0.0324245 0.0224123 0.101549 0.103109 0.476128 0.198704 0.0645266 
1.06853e-06 1.8799e-05 0.000156081 0.0006066 0.00209856 0.0058775 0.0228515 0.0618691 0.121729 0.784792 
5.95552e-05 0.00196419 0.0028712 0.00847631 0.0266587 0.0714947 0.52903 0.170759 0.118531 0.0701552 
3.53584e-06 0.000109338 0.00025984 0.00103759 0.00472864 0.0179995 0.0662081 0.615874 0.164975 0.128804 
2.81697e-06 5.31971e-05 0.000217259 0.00117955 0.00390279 0.0138943 0.0448533 0.631416 0.161221 0.143259 
8.54362e-06 0.000292125 0.000442943 0.00190721 0.00745913 0.0283198 0.0848522 0.5815 0.177374 0.117844 
1.75119e-07 4.17412e-06 1.13664e-05 4.81089e-05 0.000189278 0.000782158 0.0037821 0.024344 0.935233 0.0356053 
9.17317e-05 0.00237511 0.00575425 0.0226667 0.0632335 0.131738 0.18543 0.423478 0.106362 0.0588705 
8.84015e-07 1.92548e-05 0.000123929 0.00052118 0.000971585 0.0029318 0.0138221 0.0412967 0.782508 0.157804 
4.0837e-12 8.93446e-11 1.99551e-09 2.61843e-08 5.59223e-07 2.14718e-05 0.000314044 0.00340008 0.924319 0.0719449 
1.98957e-07 4.36834e-06 1.75457e-05 6.70151e-05 0.000338567 0.00109385 0.00531585 0.0210274 0.0536102 0.918525 
