4673
5.10398e-07 6.48694e-06 8.40804e-05 0.000256711 0.00233428 0.0196827 0.0693896 0.729565 0.114269 0.0644118 
6.09215e-08 6.54683e-07 3.65966e-05 4.17803e-05 0.000359508 0.00034446 0.000887987 0.00342618 0.0101427 0.98476 
3.22665e-07 9.4812e-06 7.90325e-05 0.000119166 0.00149404 0.00275313 0.00932504 0.0250974 0.887026 0.0740959 
6.50023e-08 7.24267e-07 3.64718e-05 8.75431e-05 0.000453349 0.000575195 0.00346749 0.0112787 0.0307922 0.953308 
7.1256e-07 4.81486e-05 4.70625e-05 6.17531e-05 0.000681974 0.00077323 0.00319051 0.0106416 0.0257374 0.958818 
1.35787e-05 0.000523994 0.000925032 0.00394288 0.0179296 0.0428686 0.0835158 0.743562 0.068989 0.0377292 
8.63627e-09 1.03323e-07 3.8022e-06 5.08629e-06 0.000134537 0.000158802 0.00206576 0.00755068 0.0217522 0.968329 
1.32103e-05 0.000889671 0.000509684 0.00101773 0.00458358 0.0164502 0.0438243 0.0798335 0.100602 0.752276 
9.21294e-14 2.58991e-12 1.41767e-10 9.50905e-10 3.29767e-08 1.87759e-06 0.000161474 0.000630747 0.00310891 0.996097 
1.93664e-19 3.16466e-17 1.17773e-14 3.23691e-13 3.41183e-10 4.85492e-08 6.72138e-05 0.000163608 0.00160764 0.998161 
1.15003e-07 1.2803e-06 6.44692e-05 7.69386e-05 0.000543683 0.00118556 0.0058018 0.0220049 0.0536065 0.916715 
3.82426e-06 0.000195801 0.000203414 0.00110861 0.00649277 0.0218076 0.698848 0.124715 0.0971163 0.0495085 
7.72067e-06 0.000504064 0.000307659 0.000699816 0.00298847 0.0144467 0.0413281 0.072285 0.808851 0.0585818 
6.6897e-06 0.000452764 0.000261615 0.000605749 0.00284081 0.0136658 0.0400793 0.071674 0.809411 0.0610024 
7.48144e-15 1.554e-13 6.18397e-12 5.40782e-11 2.3823e-09 4.32831e-08 4.63522e-07 2.62465e-05 8.17775e-05 0.999891 
3.26461e-05 0.0009378 0.00157946 0.00376246 0.0164517 0.0460643 0.438793 0.440771 0.0375242 0.0140835 
4.64978e-08 5.20795e-07 2.58879e-05 3.33862e-05 0.000654189 0.000539835 0.00328992 0.0152619 0.0398371 0.940357 
7.28507e-06 0.000390666 0.000340652 0.0011748 0.00798499 0.513837 0.226433 0.0793779 0.139191 0.0312629 
9.66434e-23 2.10209e-19 9.55828e-16 2.32379e-13 3.15703e-10 4.13465e-08 6.31866e-05 0.000214528 0.00217947 0.997543 
0.000498714 0.00323745 0.030441 0.333264 0.459162 0.1271 0.0404606 0.00508251 0.000607459 0.000146661 
2.21535e-05 0.000277925 0.00181243 0.00826175 0.0271857 0.0576122 0.0865964 0.0975175 0.695888 0.024826 
2.70125e-06 0.000176069 0.000145232 0.000323937 0.00162967 0.00666543 0.0237125 0.0520383 0.833188 0.0821184 
7.85114e-08 8.67054e-07 4.4674e-05 6.29212e-05 0.000323577 0.000793333 0.00667542 0.0271173 0.0672491 0.897733 
1.15083e-09 1.32325e-08 6.04416e-07 9.36172e-07 2.51107e-05 8.98985e-05 0.000991507 0.00515532 0.472214 0.521522 
5.60285e-06 0.000367312 0.000212086 0.00048487 0.00198768 0.00854723 0.339264 0.493913 0.136026 0.0191928 
1.76262e-13 1.30253e-11 1.33916e-09 8.74985e-09 1.70192e-07 2.38132e-05 0.000386952 0.00310521 0.00971485 0.986769 
2.33302e-05 0.0010822 0.00090022 0.00196074 0.0109296 0.0354543 0.696939 0.130194 0.0869498 0.0355665 
3.53728e-08 4.03539e-07 1.96393e-05 2.37861e-05 0.000174079 0.000374173 0.00369651 0.016203 0.916061 0.0634476 
6.77679e-12 1.15085e-10 2.27826e-09 2.88325e-08 3.07815e-07 1.09652e-05 0.000205883 0.00108867 0.00429605 0.994398 
4.52745e-11 4.62033e-10 6.116e-09 1.31253e-07 1.01338e-06 2.6529e-05 0.000378461 0.00209055 0.00651609 0.990987 
5.77036e-06 0.00039107 0.000259522 0.000435453 0.00229655 0.00814738 0.0256273 0.757906 0.110822 0.0941094 
1.26466e-07 1.56724e-06 1.11804e-05 0.000188722 0.000992661 0.0047205 0.0210468 0.0557908 0.865607 0.0516407 
8.80471e-18 1.39854e-15 3.80549e-13 4.55224e-12 1.03242e-09 1.80389e-06 0.000119607 0.00161614 0.00558584 0.992677 
1.93271e-08 2.24863e-07 1.01316e-05 1.38178e-05 0.000182317 0.000798318 0.00553467 0.0280753 0.920254 0.0451311 
2.69187e-32 8.16586e-29 4.47502e-25 2.64471e-21 8.80004e-18 2.76338e-13 3.64507e-09 1.76281e-05 0.000430795 0.999552 
4.7553e-08 5.21562e-07 2.73125e-05 3.18805e-05 0.000263901 0.000386382 0.00242554 0.011104 0.337685 0.648076 
1.12116e-10 1.36893e-09 2.73544e-08 7.66235e-08 1.08611e-06 6.30033e-06 0.00013678 0.000579261 0.00225076 0.997026 
1.70511e-11 2.00358e-10 7.67511e-09 7.22654e-08 8.37058e-07 7.97245e-05 0.00129603 0.00678764 0.492656 0.49918 
3.14702e-08 3.58718e-07 1.76069e-05 2.11177e-05 6.30115e-05 0.000215563 0.00197617 0.0100097 0.944231 0.0434654 
5.62419e-08 6.22275e-07 3.23886e-05 3.82227e-05 0.000252106 0.000707918 0.00420475 0.464433 0.487964 0.0423664 
4.0449e-09 4.68912e-08 2.20592e-06 2.83961e-06 6.70907e-05 9.0019e-05 0.000910186 0.00603568 0.957609 0.0352825 
9.83014e-05 0.00178203 0.00484707 0.0113769 0.0405194 0.293838 0.31602 0.291832 0.0302731 0.00941332 
1.90567e-06 0.000136653 6.67567e-05 8.79019e-05 0.000694911 0.000554792 0.00237957 0.00944541 0.0267699 0.959862 
2.62372e-08 2.92691e-07 1.47065e-05 1.81074e-05 0.000275189 0.000356421 0.00336844 0.0137422 0.0395842 0.94264 
9.95182e-08 1.07926e-06 5.83255e-05 6.69551e-05 0.00033458 0.00066895 0.00440216 0.0204148 0.0538042 0.920249 
7.3034e-07 1.73143e-05 0.000115031 0.000243593 0.00171103 0.00730763 0.0191529 0.0335268 0.0579777 0.879947 
1.51401e-06 0.000101088 9.70808e-05 0.000157812 0.00128599 0.00435972 0.0155096 0.450902 0.474453 0.053132 
2.45225e-08 2.94604e-07 1.19046e-05 1.77842e-05 0.000434998 0.000373741 0.00282805 0.00972271 0.0256324 0.960978 
1.38407e-05 0.000966288 0.000452347 0.000857367 0.00248376 0.00764741 0.0264625 0.0553533 0.157254 0.748509 
6.46189e-05 0.00104218 0.00979268 0.0123535 0.0234982 0.0536994 0.0839445 0.0945785 0.671022 0.0500041 
1.2499e-09 2.05091e-08 3.26167e-07 1.89206e-06 0.000178097 8.04821e-05 0.000416882 0.00269871 0.437336 0.559288 
8.66416e-06 0.000252221 0.000399568 0.00130292 0.00552859 0.0164312 0.0801924 0.12959 0.654331 0.111964 
1.19341e-05 0.000685781 0.000500104 0.00203684 0.00993463 0.0350079 0.711712 0.12527 0.0830189 0.031822 
2.06452e-08 2.53988e-07 1.03123e-05 1.60282e-05 0.000575569 0.000489081 0.00312091 0.0126394 0.0341427 0.949006 
1.04219e-05 0.000713344 0.000394371 0.00077612 0.00297094 0.0133951 0.0407545 0.0675573 0.782216 0.0912117 
1.3921e-05 0.000724121 0.000653587 0.00237425 0.0108023 0.031775 0.0721148 0.0904141 0.0807851 0.710343 
3.90713e-07 3.70573e-06 6.78134e-05 0.000240077 0.00168089 0.00715351 0.0228129 0.0533636 0.837289 0.0773885 
1.43478e-08 1.71712e-07 7.38674e-06 9.45414e-06 0.000121807 0.00022214 0.00239092 0.0105401 0.0318495 0.954858 
8.79374e-05 0.00111345 0.0050618 0.0150404 0.185639 0.451895 0.107256 0.203864 0.0231971 0.00684561 
1.55114e-05 0.000994409 0.000635159 0.00165326 0.00624197 0.0190888 0.0483078 0.0705427 0.801167 0.0513535 
1.83649e-08 2.2392e-07 8.53967e-06 1.47815e-05 0.00056457 0.000333166 0.00199279 0.00631937 0.0138261 0.97694 
0 0 0 0 0 0 0 0 0 1 
1.41361e-09 2.49702e-08 2.86497e-07 1.07675e-06 6.67493e-05 6.29246e-05 0.00057823 0.0034411 0.00874082 0.987109 
9.57246e-06 0.00057757 0.000389005 0.00137115 0.00591232 0.0197712 0.0573748 0.816839 0.0666581 0.0310973 
8.40641e-11 8.97442e-10 1.3919e-08 2.67605e-07 2.31003e-06 8.549e-05 0.00178836 0.00863313 0.0261329 0.963358 
2.59382e-05 0.000381939 0.00180556 0.00858137 0.0313606 0.306015 0.543151 0.0718908 0.0273636 0.00942392 
2.14716e-12 4.9314e-11 1.73613e-09 2.08272e-08 3.19939e-07 1.94726e-05 0.000282536 0.00148035 0.00359265 0.994625 
7.27915e-06 0.000512092 0.000288506 0.000396155 0.00194946 0.00406797 0.014349 0.0412471 0.863568 0.0736144 
1.06466e-05 0.000664359 0.000411231 0.00147987 0.00697016 0.0262397 0.674231 0.131797 0.107168 0.0510276 
6.26063e-35 2.13971e-31 1.27807e-27 9.33434e-24 4.84621e-20 6.12182e-16 3.64969e-13 1.00766e-09 3.35799e-06 0.999997 
5.02452e-08 5.59031e-07 2.88687e-05 3.55207e-05 0.00048185 0.00175289 0.014313 0.864817 0.0584649 0.060105 
2.65608e-13 2.62363e-12 2.84885e-11 2.12809e-10 1.01829e-09 5.90304e-09 3.60493e-08 3.32561e-07 2.94419e-05 0.99997 
5.34771e-08 5.99288e-07 3.03695e-05 3.65247e-05 0.00033424 0.000529287 0.0043382 0.0174317 0.907729 0.0695705 
2.16083e-05 0.000982472 0.000893577 0.00247713 0.0177652 0.585898 0.103377 0.131421 0.105859 0.0513061 
5.63634e-08 6.37806e-07 3.1406e-05 4.12666e-05 0.000663078 0.000445996 0.00367603 0.0140725 0.0360464 0.945023 
2.58401e-07 2.56124e-06 8.86693e-05 0.000146192 0.00116686 0.00360813 0.0152772 0.0462401 0.858163 0.0753072 
3.06477e-06 0.000179629 0.000129379 0.000454324 0.00247681 0.0109043 0.756724 0.0814145 0.0907309 0.0569831 
7.907e-12 7.6173e-11 1.64887e-09 2.72196e-08 2.96045e-07 9.20812e-06 0.00017591 0.0016995 0.0059135 0.992202 
3.7252e-10 4.99542e-09 7.55635e-08 4.53658e-07 2.79174e-05 2.64093e-05 0.000550683 0.000534384 0.0021376 0.996722 
8.87317e-07 5.77193e-05 5.84448e-05 0.000117756 0.000814057 0.00242217 0.00956703 0.0251434 0.22329 0.738528 
1.02279e-09 1.69395e-08 1.27714e-07 9.25349e-07 1.7552e-05 0.000546298 0.300476 0.199033 0.408068 0.0918581 
1.59233e-08 1.76887e-07 8.8169e-06 1.24762e-05 0.000400606 0.000678481 0.00566979 0.0279253 0.402794 0.562511 
2.58367e-08 2.84945e-07 1.47388e-05 1.77519e-05 0.0001224 0.000123286 0.00073045 0.00262563 0.00730601 0.989059 
5.49347e-06 0.000370597 0.000244869 0.00046653 0.00288633 0.0112321 0.0337665 0.0666488 0.088697 0.795682 
7.00118e-06 0.000498535 0.000236228 0.000309175 0.0007976 0.00182421 0.0062059 0.0127261 0.027392 0.950003 
1.36145e-05 0.000796321 0.000506582 0.00170272 0.00822408 0.0229641 0.0692461 0.0992467 0.777873 0.0194263 
6.01555e-07 3.44546e-05 5.35143e-05 0.000150229 0.00103112 0.00469865 0.0962595 0.0246305 0.0340777 0.839064 
4.68527e-08 5.47465e-07 2.56919e-05 3.45174e-05 0.000437951 0.00267375 0.0192543 0.0594028 0.830414 0.0877561 
7.61499e-07 5.14844e-05 3.67259e-05 6.14932e-05 0.00071168 0.00160411 0.00725425 0.0262896 0.912993 0.0509966 
0.00117054 0.00551223 0.0310874 0.565233 0.275356 0.0832621 0.0295275 0.00649206 0.00196842 0.000391232 
7.79892e-08 8.91774e-07 4.21391e-05 5.29573e-05 0.000479082 0.000836094 0.00713009 0.0282092 0.875322 0.0879277 
8.60608e-06 0.000559132 0.000327931 0.00110831 0.00520791 0.0213023 0.0756418 0.759591 0.0902373 0.046016 
6.69481e-08 7.25271e-07 3.94037e-05 4.55847e-05 0.000538828 0.000547547 0.00299273 0.0110195 0.0336685 0.951147 
2.86149e-08 3.74853e-07 1.23742e-05 2.14848e-05 0.00073619 0.000556148 0.00388231 0.0137534 0.0321096 0.948928 
1.43102e-23 5.42932e-20 2.67985e-16 1.4693e-13 2.0677e-10 2.54537e-08 4.06362e-05 9.14558e-05 0.00112938 0.998739 
1.61765e-05 0.000202124 0.000993467 0.00447329 0.162043 0.121744 0.40295 0.288022 0.0151436 0.00441335 
2.96131e-06 0.000183472 0.000141743 0.000380894 0.00318752 0.0135 0.0386842 0.0750778 0.804482 0.0643591 
5.69283e-05 0.00148608 0.00422793 0.0129961 0.0561919 0.652205 0.1313 0.0937256 0.0350863 0.0127249 
2.31644e-05 0.00102501 0.000820482 0.00283169 0.0135652 0.0406133 0.726585 0.114735 0.0713377 0.0284634 
3.04924e-08 3.61705e-07 1.51604e-05 2.14062e-05 0.000489486 0.000536088 0.00314973 0.0134839 0.481055 0.501249 
1.33241e-05 0.000817081 0.000510095 0.00164561 0.00824919 0.023334 0.067783 0.106262 0.745235 0.0461512 
1.22975e-12 1.62839e-11 8.02925e-10 9.22055e-09 1.4598e-07 1.44424e-05 0.000411608 0.00216118 0.00716389 0.990249 
1.94188e-05 0.00114462 0.000877021 0.00332874 0.0175025 0.550813 0.128124 0.130141 0.109207 0.0588426 
2.01471e-06 5.23143e-05 0.000121714 0.000825094 0.00427261 0.0144782 0.0551584 0.778956 0.0911388 0.0549945 
3.12005e-06 0.000214181 0.000125138 0.000214512 0.00107492 0.00519515 0.172524 0.554479 0.237384 0.028786 
0.000200557 0.00383468 0.0150353 0.0451824 0.521759 0.252641 0.0886995 0.0469581 0.0178513 0.00783825 
5.16042e-06 0.00018016 0.000218591 0.000452741 0.00209584 0.00655143 0.119495 0.0656445 0.767469 0.0378872 
7.44141e-08 1.54607e-06 3.26464e-05 4.31721e-05 0.000580548 0.000821259 0.00488827 0.0141073 0.0339208 0.945604 
0.00026791 0.00577675 0.0136154 0.0322719 0.0780299 0.567099 0.126871 0.0927173 0.0529731 0.0303785 
4.8417e-05 0.000741238 0.00462382 0.128368 0.369896 0.29624 0.126425 0.0613405 0.00890036 0.00341623 
2.62363e-05 0.000369603 0.00109481 0.004949 0.0387456 0.456498 0.294158 0.126689 0.0637867 0.0136837 
2.90228e-05 0.00108332 0.00181616 0.00906409 0.0260891 0.0599069 0.108027 0.12825 0.645023 0.0207107 
1.40691e-07 1.5257e-06 7.37983e-05 9.08472e-05 0.000931494 0.00111226 0.00610915 0.0214488 0.056374 0.913858 
0.00101316 0.00778844 0.0297793 0.17651 0.448674 0.139618 0.104419 0.0593238 0.0227755 0.0100982 
1.49301e-05 0.000827457 0.000617289 0.00270576 0.00899794 0.0229948 0.0532137 0.443656 0.430413 0.0365595 
0.000366485 0.00653873 0.0307394 0.0630945 0.135551 0.553787 0.121391 0.0602649 0.0175775 0.0106899 
0.000100305 0.00207826 0.0087674 0.0389346 0.564574 0.163148 0.129722 0.0617958 0.021572 0.00930691 
6.98615e-08 7.55225e-07 3.08964e-05 7.95619e-05 0.000189582 0.00231371 0.266847 0.648692 0.046192 0.0356545 
0.000143759 0.00170389 0.00873222 0.0256481 0.740141 0.116193 0.0685333 0.0266783 0.00873033 0.00349571 
8.37296e-10 1.8788e-08 6.21983e-08 3.24011e-07 3.02196e-05 6.44299e-05 0.000456791 0.00435877 0.012392 0.982697 
4.33691e-06 0.000298431 0.000149701 0.000333936 0.00146226 0.00791468 0.0285102 0.803592 0.0900986 0.0676357 
2.62692e-05 0.000941446 0.00130876 0.00336651 0.0200746 0.656537 0.11337 0.113537 0.0648038 0.0260339 
2.42008e-08 2.67749e-07 1.39951e-05 1.61374e-05 5.1557e-05 0.00023008 0.00217336 0.473261 0.290387 0.233866 
0.000148847 0.00309056 0.00634692 0.0159663 0.0486803 0.10032 0.133125 0.648392 0.0323168 0.0116129 
3.43056e-05 0.000779806 0.00266706 0.0124986 0.0364507 0.0918142 0.695447 0.101658 0.0436251 0.0150247 
3.44092e-05 0.000855924 0.00212029 0.0109389 0.0335557 0.68542 0.12794 0.0882584 0.0369019 0.0139742 
1.06398e-05 0.000726675 0.000402692 0.000910482 0.00491928 0.0158626 0.772816 0.090742 0.0722397 0.0413699 
5.08387e-06 0.000333806 0.000210776 0.000483102 0.00230893 0.0111396 0.0320166 0.442211 0.462859 0.0484318 
0.000206329 0.0034015 0.00945207 0.0202499 0.0555614 0.125953 0.163468 0.575824 0.0311064 0.0147773 
4.78906e-06 0.00031511 0.000190418 0.000644516 0.00490964 0.223504 0.366206 0.0746271 0.0769194 0.252678 
7.74382e-05 0.00194918 0.00572642 0.023773 0.0805725 0.138031 0.641868 0.0700243 0.026798 0.01118 
4.51693e-10 1.05702e-08 2.96392e-08 1.42156e-07 1.51874e-05 2.33832e-05 0.000241828 0.00124877 0.00382004 0.994651 
6.33117e-17 1.04933e-14 1.81032e-12 7.44913e-12 9.60126e-11 1.56274e-08 7.4466e-07 1.03103e-05 4.73556e-05 0.999942 
5.02577e-14 6.86791e-12 8.88078e-10 5.09062e-09 8.40524e-08 1.14745e-05 0.000139703 0.00126765 0.978205 0.0203765 
1.0552e-10 1.11769e-09 1.35493e-08 2.80706e-07 2.25066e-06 6.23458e-05 0.000899448 0.00577372 0.0147917 0.97847 
1.27703e-05 0.000862177 0.000450767 0.00103396 0.00370804 0.0121493 0.0280522 0.0563789 0.069056 0.828296 
2.84276e-07 2.00997e-05 9.46622e-06 1.70945e-05 0.00050293 0.000314101 0.00173468 0.00577961 0.0108842 0.980738 
1.65093e-05 0.000787652 0.000910646 0.00484665 0.0197089 0.667851 0.103481 0.113595 0.0646796 0.0241227 
8.1027e-13 3.24362e-11 2.05649e-09 1.5553e-08 3.56918e-07 2.82808e-05 0.00107522 0.00645554 0.954269 0.0381715 
7.11408e-09 7.70481e-08 4.17502e-06 5.62181e-06 0.000122838 0.000919293 0.00719066 0.0289152 0.926157 0.0366856 
4.20425e-05 0.00051056 0.00260188 0.0121671 0.0367275 0.0822793 0.131519 0.651296 0.0628826 0.0199736 
3.85792e-05 0.00125403 0.0037085 0.0131057 0.0523056 0.71004 0.100777 0.0716707 0.0345515 0.0125488 
0.00277501 0.0139715 0.0516141 0.176458 0.460982 0.251918 0.030471 0.00868416 0.00260483 0.00052102 
6.81837e-06 0.000399961 0.000285739 0.000856911 0.00520927 0.0203095 0.0607823 0.722824 0.11885 0.0704751 
4.18491e-06 0.00026288 0.00021533 0.000553916 0.00376563 0.0162587 0.0517925 0.747559 0.112165 0.067423 
8.45824e-07 5.1086e-05 0.000100567 0.000126164 0.00078035 0.0020683 0.00784052 0.0204086 0.0516351 0.916988 
4.66038e-07 3.14779e-05 3.03731e-05 4.17981e-05 0.000411919 0.000546122 0.00350754 0.0126161 0.935468 0.0473463 
4.86809e-06 0.000297205 0.000191446 0.000886939 0.00408027 0.0165293 0.787814 0.0866465 0.0695975 0.0339522 
9.0569e-08 5.38448e-06 1.26633e-05 2.38573e-05 0.000118501 0.000863442 0.00277858 0.00479963 0.00821585 0.983182 
1.30693e-06 1.96217e-05 0.000131831 0.000938312 0.00409622 0.00964608 0.0202021 0.036251 0.0596782 0.869035 
1.3304e-10 3.08641e-09 8.91472e-09 4.64504e-08 4.46549e-06 1.55959e-05 7.93042e-05 0.000962661 0.00185319 0.997085 
7.0686e-06 0.000473452 0.000279034 0.000632657 0.00291072 0.00856882 0.0240493 0.0469668 0.849141 0.0669707 
6.19358e-06 0.00043438 0.000224505 0.000367123 0.00108964 0.00577504 0.0286029 0.838309 0.0719186 0.0532728 
0.00118725 0.0121806 0.0364095 0.114054 0.545769 0.148348 0.0789252 0.0404438 0.0135372 0.00914549 
0.000320618 0.00329604 0.0175906 0.388877 0.283633 0.145871 0.0758155 0.0711976 0.00916356 0.00423461 
7.37845e-13 1.24685e-11 1.07262e-10 1.46837e-09 4.2335e-08 5.81569e-07 3.60674e-05 0.000121408 0.000257331 0.999585 
1.37593e-13 2.45538e-11 2.54164e-08 9.28544e-08 1.0452e-06 9.60728e-05 0.000659388 0.00503241 0.19028 0.803931 
3.73883e-08 4.06814e-07 2.19388e-05 2.60473e-05 0.000492487 0.000512096 0.00322025 0.0138609 0.914513 0.0673525 
0.000374047 0.00514484 0.0205585 0.0380729 0.100887 0.174624 0.181334 0.439416 0.0282411 0.0113477 
0.000295454 0.00444048 0.0177644 0.0411305 0.31256 0.368978 0.137527 0.0781831 0.0248055 0.0143159 
2.59012e-06 0.000173366 0.00013694 0.00023225 0.00223944 0.18487 0.54025 0.174119 0.0575912 0.0403849 
1.56553e-05 0.00103927 0.000564421 0.00163587 0.00582106 0.0195079 0.0555313 0.0867492 0.779907 0.0492281 
3.5086e-08 3.79658e-07 2.06173e-05 2.40724e-05 0.000268581 0.000290909 0.00119478 0.00610838 0.0207756 0.971317 
4.07454e-17 6.40805e-15 3.57525e-12 1.42483e-11 1.99548e-10 3.90733e-08 3.03451e-06 4.4026e-05 7.82292e-05 0.999875 
4.92973e-08 5.34427e-07 2.87032e-05 3.39683e-05 0.000379883 0.000485543 0.00297823 0.0126632 0.0389958 0.944434 
8.44688e-05 0.00062909 0.00307496 0.0736415 0.0232764 0.0654803 0.675899 0.0651962 0.0723612 0.0203571 
1.12936e-05 0.000697953 0.000473356 0.0014905 0.00716584 0.026607 0.0815963 0.131222 0.686977 0.0637582 
1.37786e-09 1.94949e-08 2.95368e-07 1.09138e-06 4.98521e-05 4.84244e-05 0.000709863 0.00286117 0.00786748 0.988462 
1.33618e-05 0.000726532 0.000844514 0.00184499 0.00844976 0.0249405 0.0658316 0.779767 0.0763553 0.0412266 
3.25756e-11 5.08053e-10 1.38574e-08 5.111e-08 3.65128e-06 1.23702e-06 4.0163e-05 0.000314644 0.00180859 0.997832 
1.79422e-06 2.31516e-05 9.98678e-05 0.000484808 0.00336459 0.0124029 0.165246 0.751252 0.0449005 0.0222241 
4.55267e-05 0.000598777 0.00410478 0.0169859 0.0579794 0.677478 0.127951 0.08111 0.0242366 0.00951064 
3.04806e-05 0.000560246 0.00146071 0.00433766 0.0198423 0.0667933 0.121059 0.721419 0.0478271 0.0166703 
2.83958e-07 1.68057e-05 3.46709e-05 5.35867e-05 0.000993003 0.00140843 0.00895621 0.852824 0.0638944 0.0718191 
1.71979e-05 0.000154867 0.000972462 0.00613287 0.0204028 0.0427863 0.072421 0.0931105 0.743752 0.0202496 
1.60542e-07 1.68195e-06 4.31859e-05 0.000155899 0.00128894 0.00448202 0.0179459 0.739796 0.173746 0.0625411 
2.17418e-06 0.000148768 8.66043e-05 0.000187553 0.00103654 0.00433208 0.0159983 0.651319 0.27899 0.0478991 
3.33601e-16 5.58381e-14 1.21882e-11 2.56473e-10 2.12444e-08 1.93636e-06 2.21142e-05 0.000296076 0.0016519 0.998028 
8.72596e-16 1.46172e-13 1.21184e-11 8.58346e-11 5.54955e-09 2.20141e-06 0.000150789 0.00185392 0.00627101 0.991722 
2.84109e-07 1.55215e-05 1.77691e-05 0.000249806 0.00247846 0.00822311 0.0342931 0.801187 0.0859315 0.067603 
3.37289e-05 0.00114999 0.00294581 0.00805234 0.0383119 0.645922 0.107184 0.0910062 0.0692356 0.0361586 
8.56687e-05 0.00136194 0.00726719 0.0350324 0.605008 0.145196 0.118132 0.0588681 0.0211574 0.00789128 
1.1876e-05 0.000792842 0.000460785 0.000987046 0.00396191 0.0159211 0.0423829 0.782855 0.0957214 0.0569053 
1.26114e-05 0.000481118 0.000537336 0.00109136 0.00640546 0.0198449 0.0584829 0.763998 0.0938057 0.0553406 
6.59772e-08 7.20195e-07 3.85389e-05 4.54037e-05 0.00033818 0.000415078 0.00274897 0.0126832 0.477867 0.505863 
3.2691e-06 0.000227655 0.000155554 0.000255572 0.0019177 0.00851244 0.429977 0.0539162 0.45288 0.052154 
1.86526e-08 2.11364e-07 9.90995e-06 1.40901e-05 0.000232982 0.000237714 0.00214349 0.00919292 0.203198 0.784971 
4.78879e-06 0.000309897 0.000177818 0.00056977 0.00214947 0.00694065 0.016964 0.0278559 0.690103 0.254924 
1.61631e-06 8.73161e-05 6.16032e-05 0.000301448 0.00172113 0.00728426 0.17684 0.504116 0.0471313 0.262456 
4.19706e-06 0.000278432 0.000176801 0.00054959 0.0030707 0.0107326 0.03883 0.0816119 0.796816 0.0679296 
1.44635e-09 1.75582e-08 7.53796e-07 1.1632e-06 5.17183e-05 0.000119007 0.00118691 0.445985 0.352644 0.200011 
6.58189e-13 7.23457e-11 2.32595e-08 1.68593e-07 2.76102e-06 0.000256159 0.00272563 0.0140718 0.950616 0.032327 
2.01289e-06 3.38154e-05 0.000129478 0.000939564 0.00521302 0.0160562 0.0501649 0.792661 0.0874172 0.0473829 
1.11745e-10 1.48095e-09 2.15401e-08 1.41295e-07 1.17966e-06 5.03374e-05 0.000977796 0.00508517 0.963574 0.0303111 
0.000214774 0.00423198 0.0104755 0.0247433 0.0686602 0.128119 0.644456 0.0748362 0.0305331 0.0137304 
1.58822e-09 1.78074e-08 8.36853e-07 1.34885e-06 0.000114402 0.000142255 0.00123763 0.007098 0.0219499 0.969456 
6.80106e-06 0.000471694 0.000257457 0.000464658 0.00194015 0.00851719 0.6935 0.178175 0.0707004 0.0459665 
5.56534e-06 0.000378151 0.000212256 0.000496307 0.00229166 0.0106104 0.0353656 0.0669068 0.81567 0.0680635 
1.02084e-13 7.28624e-12 3.32915e-10 2.74628e-09 1.18995e-07 2.30198e-06 0.000555192 0.00148664 0.00720958 0.990746 
3.35354e-05 0.000625119 0.00175261 0.00548584 0.0280079 0.0836878 0.654772 0.131685 0.0688355 0.025114 
3.1938e-08 1.48114e-06 6.75258e-06 1.15299e-05 0.000333136 0.000423333 0.00252992 0.0125064 0.947614 0.0365731 
1.41427e-05 0.000588642 0.000584193 0.00231253 0.0111503 0.0472168 0.694107 0.11334 0.0861605 0.0445258 
3.38567e-07 1.90372e-05 3.23743e-05 0.000155658 0.00177393 0.00572337 0.0234601 0.0557593 0.861845 0.0512311 
0 0 0 0 0 0 0 0 0 1 
4.86814e-06 0.000341278 0.000170862 0.000310445 0.0018659 0.0087972 0.587653 0.0564211 0.29437 0.0500655 
5.31545e-06 0.000313356 0.000243692 0.000682225 0.00389341 0.0167169 0.0580051 0.101609 0.753578 0.0649527 
1.66831e-07 1.91676e-06 5.91444e-05 0.000167409 0.00135356 0.00314849 0.0153521 0.0467515 0.866438 0.066728 
1.28848e-11 1.3202e-10 1.5762e-09 3.0886e-08 2.30454e-07 1.22469e-05 0.000135206 0.00106243 0.00403201 0.994758 
1.02445e-07 1.05751e-06 4.91546e-05 6.0303e-05 0.0003999 0.000594696 0.00410911 0.0147261 0.0402693 0.93979 
6.85862e-06 0.000474952 0.00024128 0.000497095 0.00235731 0.00864739 0.0293361 0.0590475 0.834601 0.0647908 
3.82268e-09 4.36581e-08 1.9284e-06 2.50876e-06 6.7059e-06 4.04369e-05 0.000914239 0.00341107 0.0118341 0.983789 
2.42657e-09 2.62799e-08 1.4269e-06 1.74306e-06 7.89109e-05 5.01632e-05 5.83896e-05 0.00222364 0.993994 0.00359137 
2.33535e-06 0.000148614 0.000120651 0.00032316 0.00159385 0.0087775 0.0321305 0.788766 0.101472 0.0666651 
3.13304e-06 0.000223553 0.000113039 0.000151939 0.000934644 0.00224826 0.0156751 0.827932 0.073006 0.0797128 
2.34658e-05 0.000865783 0.00109011 0.00434504 0.0173983 0.0475582 0.102913 0.7404 0.064287 0.0211192 
1.84585e-07 1.99912e-06 4.07156e-05 0.00012882 0.00110617 0.00444861 0.015174 0.0422834 0.865352 0.0714646 
3.58534e-11 3.52802e-10 7.97223e-09 1.70783e-07 1.37705e-06 4.70502e-05 0.000598836 0.00314596 0.983873 0.0123337 
7.10538e-07 3.98889e-05 8.77818e-05 0.000157466 0.00170391 0.00470925 0.0242473 0.725667 0.108203 0.135183 
1.74204e-06 0.000122559 7.73758e-05 9.83574e-05 0.000648959 0.00126722 0.00602266 0.0240553 0.0448236 0.922882 
3.71193e-05 0.00743867 0.0706665 0.0102832 0.0818707 0.200907 0.559862 0.053506 0.0115795 0.00384889 
4.09103e-09 4.41392e-08 2.41409e-06 2.79008e-06 1.01889e-05 5.17758e-05 0.00118817 0.00490734 0.0140522 0.979785 
3.97646e-08 4.47064e-07 2.19496e-05 2.76917e-05 0.000335311 0.000743304 0.00652382 0.884698 0.0635033 0.0441457 
9.84167e-07 6.00561e-05 9.27615e-05 0.000141566 0.00137414 0.00254463 0.00968936 0.0284115 0.0670627 0.890622 
4.69082e-05 0.000970574 0.0033686 0.0152123 0.0582768 0.586082 0.150527 0.113939 0.0502871 0.02129 
1.02429e-05 0.000650114 0.000419994 0.00116774 0.00555176 0.0183031 0.0530245 0.0865664 0.783004 0.0513017 
0.000166703 0.00285806 0.0138681 0.0519662 0.116142 0.593934 0.116642 0.0616756 0.0266461 0.0161019 
2.74397e-10 3.68391e-09 2.58261e-08 3.60533e-07 0.00012786 9.28264e-05 0.000227803 0.00182513 0.00625932 0.991467 
9.37842e-08 1.10812e-06 4.23062e-05 6.29738e-05 0.000796255 0.00186741 0.0093897 0.0364429 0.888442 0.0629555 
2.83436e-05 0.00149726 0.00108402 0.00376572 0.0170594 0.0625382 0.655857 0.129578 0.0874326 0.0411589 
1.55852e-11 2.01087e-10 4.96649e-09 2.91302e-08 3.64726e-07 1.28364e-05 0.000548896 0.00309947 0.00759944 0.988739 
6.21122e-08 6.74375e-07 3.62917e-05 4.2041e-05 0.000421139 0.000440236 0.00196284 0.00759486 0.0235458 0.965956 
2.09551e-05 0.000860753 0.00106226 0.00630407 0.0197277 0.0412529 0.0681336 0.569449 0.263864 0.0293239 
1.67284e-08 2.49299e-07 1.10755e-06 7.42299e-06 0.000653163 0.00218881 0.0105042 0.0411703 0.0657031 0.879772 
2.19134e-16 3.046e-14 3.99599e-12 2.78515e-11 8.66512e-10 1.50298e-06 6.67926e-05 0.00133728 0.00373288 0.994862 
9.33731e-08 3.88676e-06 2.05082e-05 3.21892e-05 0.000390559 0.00110962 0.00516449 0.161237 0.804795 0.0272474 
5.06704e-06 0.000280714 0.000215108 0.00100664 0.00663932 0.0308722 0.0809275 0.762407 0.0743445 0.0433016 
1.45603e-08 1.71969e-07 7.1718e-06 9.92652e-06 0.000150359 0.000187162 0.00172916 0.00693472 0.40505 0.585931 
0.00015814 0.00184776 0.00940171 0.302999 0.161283 0.132654 0.0737626 0.283451 0.0229171 0.0115247 
8.22523e-06 0.000563797 0.000351344 0.000543785 0.00219619 0.00815276 0.0187395 0.0367453 0.0646541 0.868045 
1.52906e-05 0.00072274 0.000609562 0.00147324 0.00848363 0.0310298 0.0834461 0.670238 0.118116 0.0858652 
1.11344e-07 1.25102e-06 6.3304e-05 7.82197e-05 0.000990468 0.00240734 0.0184213 0.0547212 0.849301 0.0740153 
6.42886e-05 0.00128493 0.00404471 0.0177608 0.0613231 0.132524 0.624327 0.103604 0.0401778 0.0148891 
2.52722e-07 7.8044e-06 8.03885e-05 0.000137401 0.00163831 0.00324084 0.0141212 0.0442803 0.853762 0.0827319 
3.19848e-05 0.000513944 0.00464141 0.0108093 0.0286499 0.0678988 0.103811 0.711015 0.0548883 0.0177403 
8.37102e-06 0.000565115 0.000330715 0.000654124 0.00356595 0.0128794 0.0381713 0.062126 0.0892358 0.792463 
2.24032e-23 8.50116e-20 4.19614e-16 2.30287e-13 3.23965e-10 3.86366e-08 6.36784e-05 0.000155777 0.00202599 0.997755 
2.42844e-08 2.55484e-07 1.18294e-05 1.93539e-05 0.000163582 0.000570892 0.083744 0.649569 0.206111 0.0598097 
5.86047e-06 0.000405615 0.000217482 0.000392293 0.00182359 0.0070671 0.0251176 0.0554828 0.851672 0.0578152 
4.29218e-10 9.07841e-09 1.06501e-07 2.41445e-06 8.35512e-05 0.000456538 0.0313842 0.308878 0.586787 0.0724089 
1.53014e-06 0.000104157 8.21009e-05 0.000120731 0.000919477 0.00348571 0.0134873 0.0356041 0.866613 0.0795823 
3.50324e-10 5.79433e-09 1.11562e-07 8.35223e-07 7.83485e-05 2.61369e-05 0.000185873 0.0016931 0.00523102 0.992785 
8.56456e-07 5.08444e-05 4.35342e-05 0.000189823 0.00152294 0.00609728 0.0248042 0.0655133 0.827966 0.0738114 
9.58647e-09 1.04302e-07 5.71545e-06 6.80019e-06 0.000110923 0.000254656 0.00217944 0.00993867 0.95063 0.0368738 
9.87424e-06 0.000527796 0.000426228 0.00185775 0.00777717 0.0249689 0.0985952 0.0731611 0.766733 0.0259429 
2.44373e-05 0.000719746 0.00133636 0.00526261 0.0206694 0.048344 0.0817596 0.0963276 0.715544 0.0300126 
2.84053e-09 4.15668e-08 4.88235e-07 2.45539e-06 0.000136831 0.000123442 0.00116491 0.00450649 0.012077 0.981988 
6.64861e-12 1.33925e-10 4.67274e-09 5.9727e-08 6.8864e-07 3.02612e-05 0.00077197 0.00246118 0.00785416 0.988882 
4.1846e-08 4.53317e-07 2.4739e-05 2.91329e-05 0.000370161 0.000527432 0.00384092 0.0173396 0.924684 0.0531836 
2.75392e-08 3.22999e-07 1.33246e-05 1.80668e-05 0.00021974 0.00158529 0.00896253 0.902376 0.0516661 0.0351584 
9.59506e-14 9.9042e-12 1.04798e-09 6.25539e-09 1.29729e-07 1.15184e-05 0.000626835 0.00248875 0.00807968 0.988793 
1.50442e-05 0.00101403 0.000572932 0.0011732 0.00467049 0.0187816 0.0469643 0.081584 0.783347 0.061877 
3.33387e-09 4.00223e-08 1.64501e-06 2.70026e-06 8.17706e-05 7.2528e-05 0.000647062 0.00286 0.982603 0.0137312 
6.24064e-12 1.4913e-10 4.74516e-08 1.97041e-07 2.23743e-06 0.000139189 0.00175316 0.0109082 0.942817 0.0443801 
5.98729e-08 6.80578e-07 3.48717e-05 6.82613e-05 0.000669524 0.00423543 0.287013 0.314857 0.027533 0.365588 
6.45013e-05 0.00124456 0.00486054 0.0197727 0.417224 0.391841 0.0881336 0.0489432 0.0202532 0.00766316 
1.40868e-05 0.000365976 0.00315054 0.00475943 0.0126912 0.03419 0.0487122 0.783459 0.0724309 0.0402263 
1.83916e-23 6.97601e-20 3.44318e-16 1.88335e-13 2.64905e-10 3.17251e-08 5.21057e-05 0.000175243 0.0021116 0.997661 
2.22466e-05 0.000624332 0.00154647 0.0217024 0.281847 0.0917884 0.405904 0.0812352 0.0692746 0.0460553 
1.04263e-05 0.000204185 0.000810724 0.00262326 0.0173583 0.0565667 0.731068 0.0982155 0.0628113 0.0303316 
2.16428e-09 3.79075e-08 2.26423e-07 1.24377e-06 7.85269e-05 8.86206e-05 0.000466595 0.00185635 0.00488429 0.992624 
4.20927e-17 6.97133e-15 1.51e-12 1.47128e-11 1.42638e-09 1.55962e-06 7.38562e-05 0.00133619 0.00487554 0.993713 
1.39685e-14 1.62204e-12 1.48563e-10 9.06258e-10 2.1342e-08 2.03296e-06 7.6729e-05 0.000436327 0.00138184 0.998103 
1.07215e-09 1.20455e-08 5.80613e-07 8.24019e-07 5.00283e-05 4.15298e-05 0.000475784 0.00210131 0.00653058 0.990799 
1.40987e-05 0.000656486 0.000592183 0.00277723 0.0135123 0.0305884 0.0721878 0.793898 0.0617131 0.0240601 
0.000109525 0.00141082 0.00671406 0.0411952 0.171646 0.360618 0.30514 0.0820102 0.0214203 0.00973509 
7.21378e-10 1.101e-08 1.35573e-07 5.84519e-07 2.3752e-05 3.5311e-05 0.000615699 0.00187545 0.00505763 0.992391 
0.00677156 0.0245878 0.304831 0.566079 0.0631746 0.024201 0.00711192 0.0026739 0.00043499 0.000134856 
6.29011e-06 0.000408639 0.000241495 0.000697698 0.00313924 0.0124573 0.759273 0.0904239 0.0830279 0.0503246 
2.16184e-05 0.000226286 0.00161992 0.00866667 0.0265163 0.0568704 0.0865897 0.0905244 0.709625 0.0193396 
9.58927e-09 1.50594e-07 3.23764e-06 8.01752e-06 0.000354548 0.000301643 0.00182295 0.0100822 0.0246014 0.962826 
2.50812e-06 0.000169094 9.79386e-05 0.000220784 0.000975098 0.00436333 0.0153652 0.27923 0.666199 0.0333778 
4.31628e-06 0.00023012 0.000187476 0.000896381 0.00508265 0.0176167 0.753278 0.0996094 0.0822421 0.0408531 
1.49646e-08 1.76746e-07 7.84437e-06 1.18766e-05 0.000435523 0.0003482 0.0019524 0.00827688 0.0222786 0.966688 
2.84603e-06 0.000158356 0.000180804 0.000580807 0.00270142 0.0101211 0.0295512 0.0619332 0.827299 0.0674708 
8.20018e-09 1.32663e-07 1.42099e-06 6.49921e-06 0.000327014 0.00029749 0.00204557 0.00725988 0.0164753 0.973587 
1.17467e-05 0.000803526 0.000446377 0.000868083 0.00463657 0.0173817 0.0625775 0.737882 0.109134 0.0662578 
1.41605e-09 2.70881e-08 2.72077e-07 2.23462e-06 0.000224353 7.71508e-05 0.000170626 0.00137253 0.00217465 0.995978 
2.03526e-06 0.000143419 8.77736e-05 0.000121712 0.000824348 0.00147635 0.00605583 0.0167907 0.0361188 0.938379 
5.19992e-05 0.000931895 0.00323909 0.0121124 0.0404357 0.0934587 0.128761 0.673838 0.0354135 0.0117579 
1.0203e-07 2.65115e-06 3.96278e-05 5.68189e-05 0.00124667 0.0011766 0.00677473 0.023057 0.0551853 0.912461 
1.53578e-07 1.77731e-06 2.48636e-05 0.000197143 0.00204142 0.00713702 0.035225 0.823083 0.0755895 0.0567004 
8.57681e-07 1.44932e-05 0.000100831 0.000319322 0.00302665 0.00971605 0.0290046 0.783517 0.093698 0.0806025 
8.41771e-08 9.36218e-07 4.70243e-05 5.93304e-05 0.000875328 0.000962916 0.00675495 0.0305473 0.862469 0.0982834 
1.2738e-14 9.12437e-13 3.44669e-11 2.90372e-10 1.21864e-08 2.71167e-07 1.4282e-05 0.000178761 0.00142795 0.998379 
6.86992e-12 1.37064e-10 4.6866e-09 6.63935e-08 7.80084e-07 5.17837e-05 0.000854785 0.0042935 0.0122599 0.982539 
1.07028e-06 1.49392e-05 0.000166092 0.000901262 0.0220601 0.175312 0.117674 0.624022 0.0479106 0.0119386 
6.35256e-06 0.000410536 0.000272512 0.000818211 0.0040648 0.0184746 0.0681144 0.765563 0.0953175 0.046958 
4.21827e-08 4.60472e-07 2.44269e-05 2.85207e-05 0.00022791 0.000331 0.00220482 0.0116637 0.0302274 0.955292 
8.50193e-06 0.000400142 0.000339945 0.000899118 0.00509363 0.0247517 0.352183 0.217135 0.370495 0.0286945 
0.000239773 0.00309204 0.015025 0.0236688 0.20708 0.562345 0.0987252 0.0628119 0.0190637 0.00794877 
1.48036e-21 5.68008e-19 1.17565e-15 8.2609e-14 8.97353e-11 2.14085e-08 1.83081e-05 0.000106001 0.00146312 0.998413 
6.92418e-06 0.00048105 0.000250223 0.000455046 0.00167849 0.00778931 0.0274015 0.0543867 0.0831085 0.824442 
3.74597e-09 7.65462e-08 5.98994e-07 4.35407e-06 0.000413456 0.000191992 0.000661891 0.00298892 0.00636558 0.989373 
1.15586e-05 0.000794318 0.000412531 0.000847769 0.00519697 0.0241333 0.739708 0.101012 0.08225 0.0456337 
0.000152993 0.00141686 0.0127344 0.154234 0.372378 0.164852 0.16002 0.0701421 0.0578404 0.00622875 
4.46149e-08 4.80544e-07 2.66516e-05 3.05472e-05 0.000212008 0.00026671 0.00138462 0.00667688 0.0198088 0.971593 
1.24864e-12 2.54152e-11 4.96428e-10 5.67413e-09 1.9063e-07 1.61516e-05 0.000436587 0.00180665 0.0069698 0.990771 
1.68134e-08 2.18487e-07 6.6087e-06 1.14223e-05 0.000155768 0.00226488 0.0115463 0.0366853 0.926272 0.0230573 
5.50915e-07 3.55818e-05 3.64071e-05 5.72685e-05 0.000553933 0.00135004 0.00497134 0.0136924 0.0300219 0.949281 
5.91363e-08 6.7864e-07 3.24945e-05 4.02519e-05 0.000483863 0.000531146 0.00305675 0.0134374 0.482171 0.500246 
9.99875e-07 1.22486e-05 8.50249e-05 0.000640471 0.00320901 0.0114045 0.0402678 0.0786754 0.815264 0.0504409 
1.46411e-05 0.000957337 0.000644929 0.00139176 0.00533928 0.018838 0.0524089 0.749911 0.10262 0.067874 
5.43519e-05 0.000617302 0.00274206 0.0116765 0.135601 0.138899 0.0921699 0.583948 0.0250922 0.00919959 
6.99154e-06 0.000472706 0.000287662 0.000598508 0.00258831 0.0115099 0.0356216 0.772968 0.0999586 0.0759876 
0.00693053 0.113169 0.232589 0.0904564 0.149931 0.117185 0.258638 0.0198798 0.00747266 0.0037493 
4.1624e-05 0.00106298 0.00229406 0.00957777 0.030935 0.0674358 0.104995 0.479128 0.285196 0.0193338 
6.78032e-08 7.7191e-07 3.26304e-05 5.14059e-05 0.000506865 0.0013284 0.00970198 0.03614 0.88412 0.0681183 
2.80161e-08 3.16464e-07 1.48341e-05 1.99165e-05 0.000302326 0.000365639 0.00398887 0.0156252 0.0432141 0.936469 
9.95235e-07 6.03715e-05 0.000112713 0.00017949 0.00183584 0.00336995 0.015295 0.050567 0.81465 0.113928 
0.000138895 0.00249992 0.113581 0.11122 0.314916 0.359055 0.0570292 0.0284006 0.00948723 0.00367323 
6.66912e-06 0.00043941 0.000256597 0.000836208 0.00353033 0.0130582 0.0425352 0.0784807 0.809228 0.0516285 
1.97238e-08 2.18701e-07 1.13945e-05 1.38267e-05 0.00023063 0.000241412 0.00200584 0.0106402 0.945032 0.0418244 
1.14896e-05 0.000586287 0.000541261 0.00213248 0.0125993 0.0415672 0.716846 0.116218 0.0760588 0.0334394 
2.42886e-05 0.000826562 0.0018231 0.0107634 0.618471 0.0809173 0.0976011 0.083544 0.0695108 0.0365186 
0.00015294 0.00272023 0.00663045 0.0188251 0.569364 0.245259 0.101188 0.0373491 0.0113916 0.00711939 
5.08984e-08 5.96593e-07 2.5854e-05 3.74411e-05 0.000548177 0.000632321 0.00475332 0.0173689 0.0434231 0.93321 
0.000761321 0.00800592 0.0308613 0.0768793 0.141865 0.514412 0.116014 0.0652498 0.0302799 0.0156716 
1.28464e-05 0.000174377 0.000956869 0.0064331 0.0184372 0.0498421 0.100371 0.735287 0.0646002 0.0238861 
2.56504e-05 0.00103035 0.00133358 0.00475023 0.0193369 0.0552256 0.108332 0.711923 0.072156 0.0258866 
2.36042e-05 0.000818542 0.000885776 0.00383651 0.0187114 0.0501817 0.110214 0.721785 0.0699485 0.0235942 
2.9094e-09 4.28941e-08 4.91347e-07 2.58036e-06 0.000160827 0.000118241 0.00107832 0.00492222 0.012724 0.980993 
1.12282e-08 1.43164e-07 4.28474e-06 6.98051e-06 0.00017263 0.000759262 0.00353234 0.0140075 0.0275651 0.953952 
4.88993e-08 1.90861e-06 9.19619e-06 2.66782e-05 0.0005367 0.00100978 0.00677608 0.019666 0.0489841 0.922989 
1.06407e-07 1.18831e-06 5.93289e-05 7.40001e-05 0.000760147 0.0012467 0.00657077 0.0260775 0.871655 0.0935551 
2.60529e-05 0.000438019 0.00156572 0.00459309 0.0216247 0.0634695 0.680193 0.111448 0.0749115 0.04173 
5.8629e-08 6.30748e-07 3.50276e-05 4.02545e-05 0.000279292 0.000343676 0.00273318 0.00935451 0.0259445 0.961269 
2.91242e-08 3.45635e-07 1.34431e-05 2.17955e-05 0.000213143 0.000434617 0.00373392 0.0127204 0.0330967 0.949766 
5.15307e-05 0.000576592 0.00231461 0.0321883 0.163451 0.372403 0.314331 0.0767187 0.0301448 0.00782086 
7.28583e-08 8.02499e-07 4.21851e-05 5.02791e-05 0.000301735 0.000443404 0.00434884 0.0170462 0.0451358 0.932631 
9.16143e-07 3.60099e-05 6.53796e-05 0.000705813 0.00355231 0.0132218 0.0583794 0.770341 0.0903431 0.0633539 
9.80459e-06 0.000656087 0.000377486 0.00109453 0.00520989 0.0197062 0.0621849 0.756047 0.0950635 0.0596507 
7.47154e-06 0.000515889 0.000300471 0.000492049 0.00190014 0.00886564 0.0272946 0.0563473 0.0810577 0.823219 
6.46748e-16 1.50186e-14 2.21179e-12 1.34255e-11 2.82153e-10 2.12117e-08 5.24973e-06 2.52017e-05 0.000320429 0.999649 
3.33586e-06 0.000228482 0.000165064 0.000235578 0.00139468 0.00450078 0.0149222 0.0344999 0.0656955 0.878355 
3.59868e-05 0.000890269 0.00183115 0.0052445 0.0257532 0.0719329 0.700233 0.113202 0.058063 0.0228139 
1.6904e-07 1.81277e-06 1.96192e-05 0.000136923 0.0010107 0.00610151 0.0228981 0.874602 0.0600668 0.0351628 
8.75321e-08 1.01759e-06 4.07322e-05 5.80981e-05 0.000680672 0.00110926 0.00497137 0.0164493 0.0374474 0.939242 
8.79672e-09 9.52697e-08 5.17651e-06 6.15933e-06 4.73473e-05 0.000148951 0.00205983 0.0100861 0.72717 0.260476 
1.88472e-15 2.92334e-13 2.98899e-11 3.41642e-10 1.7357e-08 3.70943e-06 0.000122806 0.00170994 0.00545631 0.992707 
0.00342446 0.0227291 0.0847386 0.179202 0.561664 0.105874 0.0344611 0.00532741 0.0020453 0.000533374 
1.5128e-18 2.7521e-17 1.14662e-15 1.01807e-14 4.47479e-13 8.63316e-12 8.92264e-11 1.06124e-08 5.29938e-05 0.999947 
1.20209e-29 3.87953e-26 2.1607e-22 9.97607e-19 2.28936e-15 6.79681e-12 1.17664e-08 2.67518e-05 0.00118726 0.998786 
2.44161e-05 0.000947564 0.00125546 0.00452896 0.021197 0.478316 0.321929 0.081388 0.070136 0.0202777 
2.1795e-07 2.65747e-06 0.000109982 0.000479162 0.00911726 0.698762 0.0542071 0.0865915 0.0824171 0.068313 
1.98916e-07 2.215e-06 6.61419e-05 0.000137759 0.00123967 0.00414963 0.0203192 0.0586058 0.822732 0.0927473 
6.17137e-09 6.6943e-08 3.57674e-06 4.43813e-06 5.79816e-05 0.00024385 0.00228712 0.0102553 0.935545 0.0516028 
0.000129261 0.00142567 0.00671221 0.0197431 0.302587 0.321777 0.218614 0.0876762 0.0348259 0.00651004 
9.20539e-08 9.25974e-07 2.6089e-05 8.40104e-05 0.000431047 0.00198247 0.0110689 0.0320638 0.0669493 0.887393 
7.8516e-06 0.000487614 0.00030742 0.000934838 0.00563749 0.332534 0.234264 0.294775 0.0879759 0.0430757 
1.92876e-05 0.000212551 0.00118674 0.00866406 0.022341 0.0486989 0.0641286 0.0697059 0.0678752 0.717168 
4.85969e-06 0.000345775 0.000190987 0.000242194 0.000572514 0.00113679 0.00488223 0.0117035 0.02434 0.956581 
3.76805e-07 4.08269e-06 3.18367e-05 0.000210599 0.00240924 0.0101483 0.189142 0.524865 0.239589 0.0335998 
2.63803e-06 0.00017199 0.000102962 0.000236165 0.00112211 0.00463671 0.0134598 0.0277209 0.641503 0.311044 
1.57839e-05 0.000538061 0.000696212 0.00211573 0.0103969 0.029871 0.43911 0.192055 0.306181 0.0190201 
2.50702e-07 1.7766e-05 9.4921e-06 1.37225e-05 0.000184917 0.000234382 0.00126 0.00471064 0.138651 0.854918 
0.000410471 0.00562063 0.0237727 0.0847721 0.489688 0.225251 0.095219 0.0472772 0.0154053 0.0125833 
7.23575e-41 6.0911e-37 5.62689e-33 2.31551e-27 3.64524e-23 3.49194e-18 7.14088e-14 8.61947e-10 1.5305e-05 0.999985 
3.30633e-14 4.36467e-12 4.79117e-10 3.17451e-09 1.21523e-07 9.71389e-05 0.0013948 0.00551423 0.212905 0.780088 
