13997
3.84804e-10 6.587e-08 1.94275e-06 1.8145e-05 0.00140751 0.00542153 0.0219662 0.0417864 0.926359 0.00303955 
4.67327e-10 9.39452e-08 2.9438e-06 8.91249e-05 0.00261064 0.0140713 0.922399 0.0466854 0.0115831 0.00255887 
1.52585e-10 2.39719e-08 6.47793e-07 5.90965e-06 0.000439387 0.00248779 0.0174028 0.967565 0.0107573 0.00134163 
4.00437e-28 1.38103e-24 6.87796e-21 1.60873e-17 5.83987e-14 3.44911e-10 5.88773e-09 2.99482e-06 0.000181999 0.999815 
1.43167e-13 2.35288e-11 5.11432e-09 2.17367e-08 6.39086e-07 7.96207e-05 0.000499701 0.00368336 0.978546 0.0171908 
1.29005e-07 3.42357e-06 0.0005297 0.00180644 0.00828922 0.36293 0.615131 0.0107456 0.000559411 5.15917e-06 
3.2286e-10 5.56818e-08 4.3083e-06 4.64446e-05 0.00166896 0.00859381 0.931049 0.0439507 0.0124723 0.00221397 
1.95057e-15 3.2624e-13 2.93663e-11 3.20741e-10 2.29935e-08 2.37105e-06 3.44925e-05 0.000513899 0.00275059 0.996699 
1.0725e-12 1.51691e-10 6.7285e-08 3.21752e-07 1.92964e-05 0.000297687 0.00173963 0.346662 0.573516 0.0777645 
1.96482e-08 2.30798e-06 0.000280965 0.0027266 0.0183421 0.058202 0.899648 0.018815 0.00153226 0.000450997 
3.004e-13 5.74751e-11 5.77507e-08 2.0971e-07 2.79178e-06 0.000348241 0.0024475 0.0144608 0.972972 0.00976825 
9.99539e-17 1.64167e-14 2.37185e-12 1.17729e-11 4.77257e-10 1.03688e-07 4.43362e-05 0.000265412 0.00224343 0.997447 
2.65344e-15 4.40356e-13 3.09997e-11 1.91554e-10 9.3866e-09 1.3171e-06 8.35315e-05 0.000509167 0.00273513 0.996671 
2.34899e-10 3.82983e-08 1.32472e-06 1.75685e-05 0.000418489 0.00368679 0.0182558 0.966726 0.00933789 0.00155564 
6.39153e-05 0.000119984 0.0011083 0.00758028 0.0286538 0.443911 0.508887 0.00897455 0.000695229 5.58433e-06 
1.29528e-15 2.16081e-13 1.70708e-11 7.09607e-11 2.09857e-09 1.9288e-07 5.4936e-05 0.0002253 0.00195865 0.997761 
8.3139e-10 8.50971e-08 1.85193e-05 0.000124418 0.00240014 0.0227191 0.945 0.0264496 0.00256913 0.000719219 
1.24344e-14 2.06417e-12 1.51557e-10 9.1326e-10 4.24737e-08 5.67428e-06 0.000250839 0.00209536 0.00796437 0.989684 
0.000114787 0.000409109 0.0149933 0.360472 0.563062 0.0569479 0.00366678 0.000313275 1.99545e-05 5.54204e-07 
1.62982e-13 2.68676e-11 1.42937e-09 1.2579e-08 7.36254e-07 0.000188966 0.00121976 0.00906006 0.021188 0.968342 
1.05074e-09 1.10627e-07 1.64487e-05 0.000161036 0.00298095 0.0247762 0.946217 0.0241496 0.00140202 0.000296555 
7.20886e-15 1.19574e-12 8.64708e-11 4.40059e-10 1.55092e-08 1.47013e-06 5.72893e-05 0.000312275 0.00202381 0.997605 
1.49145e-14 2.47405e-12 1.80876e-10 9.65836e-10 3.78076e-08 6.22444e-06 0.000257008 0.0029989 0.0101198 0.986618 
4.69253e-08 6.22546e-06 0.000739034 0.0102007 0.882706 0.0614759 0.0319493 0.0106145 0.00211001 0.0001979 
1.93664e-19 3.16466e-17 1.17773e-14 3.23691e-13 3.41183e-10 4.85492e-08 6.72138e-05 0.000163608 0.00160764 0.998161 
4.36378e-07 1.43908e-05 0.00207673 0.00924768 0.0421833 0.900184 0.039111 0.0059472 0.0011904 4.49936e-05 
3.50951e-13 6.97273e-11 8.08278e-08 2.98094e-07 4.08563e-06 0.000667162 0.00490468 0.944483 0.039179 0.0107619 
1.07048e-13 2.69945e-11 5.42934e-08 1.90706e-07 2.07247e-06 0.000237385 0.00178405 0.0117819 0.97447 0.0117246 
3.59139e-10 8.10969e-08 1.13877e-05 8.51834e-05 0.00168033 0.0104376 0.938993 0.0389345 0.00813076 0.00172693 
2.21003e-13 4.55928e-11 5.8857e-08 2.12158e-07 2.71611e-06 0.000387621 0.0033301 0.0169851 0.969419 0.00987545 
3.2143e-13 5.19571e-11 3.50179e-09 2.91296e-08 1.57046e-06 0.000604217 0.926841 0.0326511 0.0297568 0.0101456 
1.14833e-14 1.90624e-12 1.42905e-10 8.72892e-10 4.11122e-08 5.99887e-06 0.0002277 0.00254595 0.0089005 0.98832 
2.1781e-13 4.34926e-11 4.84098e-08 1.77525e-07 2.39043e-06 0.000400559 0.00482711 0.951687 0.0294976 0.0135848 
5.72776e-14 1.17284e-11 1.43594e-08 5.08852e-08 5.91192e-07 4.20418e-05 0.000457207 0.00441279 0.968028 0.0270593 
1.27214e-14 2.11167e-12 1.58152e-10 9.44325e-10 4.32715e-08 6.46544e-06 0.000235585 0.00268178 0.974751 0.0223254 
3.44222e-10 5.31151e-08 1.55344e-06 1.47075e-05 0.00123561 0.00483 0.922435 0.0522677 0.0163716 0.00284423 
4.44439e-11 7.10366e-09 1.94029e-07 1.22654e-06 2.42368e-05 0.00063332 0.00370953 0.0163349 0.970441 0.00885519 
1.95471e-13 3.49027e-11 2.31204e-08 8.91186e-08 1.49904e-06 0.000275506 0.00198655 0.0126614 0.976792 0.00828293 
2.68594e-13 4.57326e-11 1.80992e-08 7.30833e-08 1.61045e-06 0.000303916 0.00167217 0.0106989 0.971114 0.0162098 
2.4078e-11 3.50155e-09 2.22126e-07 2.43985e-06 0.000320776 0.000860218 0.00388805 0.0132438 0.975822 0.00586235 
0.000416917 0.00254906 0.0199274 0.808004 0.0967926 0.0543404 0.015953 0.00191174 0.000101329 3.60737e-06 
0 0 0 0 0 0 0 0 0 1 
5.7067e-05 0.000195739 0.00295688 0.0117996 0.89309 0.0638698 0.024858 0.00301642 0.000153071 3.70396e-06 
4.86149e-07 2.97895e-05 0.00276517 0.0181749 0.063026 0.872307 0.036363 0.00575061 0.00157357 9.85404e-06 
0.00358293 0.0311362 0.0939518 0.844899 0.0246723 0.0017046 5.01256e-05 3.28612e-06 6.46498e-08 8.35732e-10 
8.9257e-34 3.09083e-30 1.85901e-26 1.39547e-22 7.72972e-19 6.67468e-15 5.39953e-12 1.48912e-08 0.000131339 0.999869 
8.42119e-07 7.86879e-05 0.0023196 0.357498 0.576598 0.0376865 0.018182 0.00658081 0.000950902 0.000104799 
5.51737e-15 9.17816e-13 7.54799e-11 5.19993e-10 2.75003e-08 2.44656e-06 6.72921e-05 0.000491551 0.00175533 0.997683 
1.01691e-14 1.68671e-12 1.27587e-10 8.15152e-10 7.2489e-08 3.09961e-05 0.000210389 0.00275445 0.981713 0.0152915 
6.31963e-09 1.09126e-07 5.25406e-06 0.000130538 0.000992547 0.00655742 0.489123 0.499047 0.0037399 0.00040422 
4.21347e-15 7.01218e-13 5.30272e-11 3.47368e-10 1.84691e-08 3.03128e-06 0.000173454 0.00210212 0.0062169 0.991504 
1.31326e-14 2.17885e-12 1.55371e-10 9.37464e-10 4.28653e-08 4.76947e-06 0.000153655 0.00137603 0.00577761 0.992688 
8.84713e-15 1.46681e-12 1.07448e-10 6.25652e-10 2.70425e-08 4.00075e-06 8.93213e-05 0.00175565 0.98822 0.00993135 
4.7775e-11 5.83345e-09 5.00973e-07 5.62863e-06 0.000709549 0.00236677 0.0136747 0.0331782 0.94281 0.00725449 
1.67444e-10 2.6209e-08 7.05736e-07 6.44681e-06 0.000494213 0.00142879 0.00844426 0.0177777 0.968244 0.00360375 
2.52328e-10 3.89105e-08 1.1564e-06 1.20466e-05 0.000955657 0.00557716 0.929951 0.0500526 0.0112313 0.00221866 
7.86805e-15 1.30117e-12 9.86198e-11 5.98483e-10 2.62222e-08 4.68679e-06 0.000149452 0.00206074 0.00650122 0.991284 
0.00318674 0.740405 0.0802429 0.104588 0.0560942 0.0147314 0.000678781 7.0481e-05 2.45243e-06 2.62312e-08 
1.19325e-10 1.78806e-08 6.48055e-07 6.68815e-06 0.000684107 0.00180167 0.00990384 0.0212627 0.962927 0.00341361 
9.98178e-15 1.65602e-12 1.21812e-10 7.27806e-10 3.33231e-08 4.83102e-06 0.000485116 0.00427167 0.983698 0.0115405 
6.98437e-08 3.47144e-06 0.000387414 0.00431839 0.902711 0.058184 0.0261714 0.00704377 0.00111347 6.68096e-05 
9.60625e-16 1.59064e-13 1.22891e-11 6.58499e-11 2.90037e-09 2.92545e-07 0.000116738 0.00067958 0.00768942 0.991514 
1.57974e-10 2.36691e-08 9.46784e-07 9.54162e-06 0.000997562 0.00335871 0.914351 0.0508855 0.0241397 0.00625729 
9.66434e-23 2.10209e-19 9.55828e-16 2.32379e-13 3.15703e-10 4.13465e-08 6.31866e-05 0.000214528 0.00217947 0.997543 
0.000206349 0.00421048 0.0268049 0.793208 0.112737 0.0532022 0.00907343 0.000520266 3.66524e-05 9.69407e-07 
4.24239e-11 5.78543e-09 3.42424e-07 3.42109e-06 0.00038805 0.00159841 0.0102495 0.0289041 0.949563 0.00929292 
3.65801e-10 4.24509e-08 2.5356e-06 5.51996e-05 0.00171757 0.0108669 0.943755 0.0346739 0.00783835 0.00109093 
3.08168e-13 6.04738e-11 6.58959e-08 2.38574e-07 3.11081e-06 0.000344476 0.00218413 0.0125775 0.972781 0.0121094 
8.06579e-08 9.38853e-07 3.10864e-05 0.000526876 0.00285399 0.0116956 0.0339463 0.942203 0.00814826 0.000593551 
4.00703e-10 3.49977e-08 6.81327e-06 5.62564e-05 0.00134018 0.0106443 0.440647 0.543815 0.00289624 0.000594206 
1.34177e-14 2.23032e-12 1.6694e-10 9.33574e-10 4.08457e-08 7.00563e-06 0.000502615 0.0056893 0.97328 0.0205206 
7.00111e-06 4.20808e-05 0.00293867 0.0138718 0.0439792 0.895022 0.0373008 0.00553793 0.00129287 7.70817e-06 
3.40073e-11 4.49389e-09 4.35916e-07 5.03652e-06 0.000676541 0.00114656 0.00620646 0.0195039 0.963012 0.00944868 
4.27413e-10 4.09075e-08 1.6094e-06 1.58098e-05 0.00130536 0.00907992 0.930803 0.0435545 0.0128072 0.00243232 
3.596e-14 7.80066e-12 1.10563e-08 3.95938e-08 5.08461e-07 7.98686e-05 0.000484645 0.0031299 0.00817168 0.988133 
6.71714e-10 7.67347e-08 7.28343e-06 8.18352e-05 0.00174178 0.0132348 0.939435 0.0350006 0.00861833 0.00188061 
0.000177586 0.00101036 0.00421826 0.0261311 0.072916 0.866265 0.0250442 0.003007 0.00122628 4.56886e-06 
2.37724e-13 4.10281e-11 2.23745e-08 8.52918e-08 1.49076e-06 0.000194949 0.00118431 0.00698963 0.0171624 0.974467 
5.69081e-15 9.42677e-13 6.54728e-11 3.88335e-10 1.74095e-08 3.3404e-06 0.000142736 0.00175755 0.00605781 0.992039 
2.94961e-15 4.91775e-13 3.66361e-11 2.43893e-10 1.34681e-08 2.36555e-06 7.24601e-05 0.00133167 0.38465 0.613943 
7.49954e-11 1.16639e-08 3.58917e-07 3.25425e-06 0.000271152 0.000787779 0.00425827 0.329191 0.65855 0.00693815 
6.16628e-15 1.02221e-12 7.9036e-11 4.49636e-10 1.89139e-08 3.36411e-06 0.000139576 0.00160922 0.00544314 0.992805 
1.11297e-13 1.82006e-11 5.01927e-09 2.43391e-08 7.59468e-07 0.000257287 0.00180449 0.00863658 0.0207546 0.968546 
8.7017e-10 7.3458e-08 2.31898e-05 7.19637e-05 0.00180037 0.0156146 0.932155 0.0420227 0.00680627 0.00150536 
2.27042e-15 3.77495e-13 3.34557e-11 2.11945e-10 1.04489e-08 1.66089e-06 8.37706e-05 0.000884288 0.00349631 0.995534 
3.84098e-10 5.90911e-08 2.31702e-06 1.70431e-05 0.00141385 0.00465074 0.922128 0.052089 0.0168043 0.00289492 
2.4189e-12 3.64715e-10 6.9573e-08 4.02185e-07 2.64001e-05 0.000559583 0.00444939 0.960076 0.026915 0.00797349 
3.02248e-45 5.16066e-41 2.61512e-36 6.96615e-29 1.11578e-24 1.07778e-19 2.13791e-15 2.25747e-11 1.13055e-07 1 
7.57694e-14 1.38899e-11 1.04374e-08 3.82025e-08 5.27883e-07 4.39242e-05 0.000428278 0.00482784 0.971206 0.0234936 
7.07509e-15 1.21602e-12 2.0528e-10 2.27112e-09 8.79152e-08 3.87987e-05 0.000413659 0.00463859 0.984914 0.00999511 
1.40501e-15 2.33005e-13 1.85481e-11 1.02358e-10 4.02938e-09 4.33529e-07 1.38753e-05 0.000141468 0.00134653 0.998498 
8.20778e-13 9.85846e-11 6.25418e-08 2.78507e-07 6.47661e-06 0.00123533 0.0101746 0.956532 0.0248187 0.00723225 
3.58427e-10 7.54762e-08 2.47009e-05 0.000697999 0.00871462 0.898046 0.0291797 0.0383606 0.0194469 0.00552983 
0.00100778 0.0022027 0.009049 0.0500866 0.113434 0.81101 0.0122465 0.000915312 4.70481e-05 1.18429e-06 
2.16363e-15 3.59003e-13 2.51711e-11 1.83413e-10 1.021e-08 1.35459e-06 3.21637e-05 0.000357351 0.00140925 0.9982 
1.82035e-14 3.07819e-12 3.30508e-10 2.98525e-09 8.79042e-08 1.48874e-05 0.000581581 0.00389693 0.0127595 0.982747 
3.19009e-05 0.00035436 0.00345228 0.0175155 0.0482295 0.897332 0.0289613 0.00346801 0.000649644 5.38475e-06 
4.9955e-10 6.77339e-08 2.92379e-06 5.10981e-05 0.000840139 0.00572166 0.0225777 0.940923 0.0262457 0.00363724 
0.000155794 0.000755158 0.0063432 0.0369474 0.081753 0.855088 0.0168968 0.00180996 0.000247759 2.56798e-06 
0.00140662 0.0136952 0.0565997 0.765451 0.116816 0.0418194 0.00381142 0.000385623 1.49749e-05 7.09479e-08 
0.00102359 0.0104709 0.693243 0.145012 0.105365 0.0399975 0.0045197 0.000347052 2.11814e-05 2.03973e-07 
2.00909e-13 4.33218e-11 6.32228e-08 2.2703e-07 2.84437e-06 0.000464739 0.00366819 0.941199 0.041085 0.0135802 
2.75199e-13 5.08218e-11 4.19096e-08 1.53902e-07 2.16659e-06 0.00022739 0.00140773 0.0109798 0.975313 0.0120693 
1.29017e-14 2.14281e-12 1.64875e-10 1.31587e-09 5.74958e-08 1.88417e-05 0.000444352 0.00242274 0.981223 0.0158907 
1.27387e-06 6.47275e-05 0.00291362 0.0132784 0.104389 0.175841 0.687609 0.0137681 0.00186989 0.000265208 
4.58085e-08 9.43095e-06 0.000736323 0.010904 0.872252 0.07118 0.0306229 0.0118828 0.00208329 0.000328972 
1.37858e-13 2.2044e-11 1.52852e-09 1.15499e-08 6.47782e-07 0.000188684 0.00142539 0.0599054 0.73591 0.20257 
8.30047e-11 1.33707e-08 2.72149e-07 1.91886e-06 3.38686e-05 0.000696746 0.00454032 0.0179864 0.967922 0.00881814 
2.39898e-13 4.53893e-11 4.19018e-08 1.54067e-07 2.23323e-06 0.00035099 0.00210877 0.0129969 0.976062 0.00847886 
0.00213676 0.714498 0.130711 0.0811324 0.0511661 0.0182189 0.00204852 8.09422e-05 6.71709e-06 3.83287e-08 
8.80471e-18 1.39854e-15 3.80549e-13 4.55224e-12 1.03242e-09 1.80389e-06 0.000119607 0.00161614 0.00558584 0.992677 
1.02874e-14 1.70751e-12 1.24844e-10 7.56406e-10 3.5301e-08 5.28981e-06 0.000174567 0.00206038 0.00707831 0.990681 
7.58799e-15 1.25935e-12 9.04822e-11 5.56999e-10 2.63019e-08 3.6213e-06 8.54519e-05 0.00127313 0.00490933 0.993728 
1.16162e-09 1.47834e-07 2.04248e-05 0.000149416 0.00375605 0.0251969 0.918936 0.0429767 0.00764941 0.0013148 
4.03187e-13 7.44414e-11 6.17852e-08 2.26062e-07 3.24409e-06 0.000390607 0.00198315 0.0135415 0.974031 0.0100502 
1.14733e-11 1.49519e-09 1.70618e-07 1.77898e-06 0.000209746 0.00117995 0.00953791 0.0245751 0.959429 0.00506582 
2.69187e-32 8.16586e-29 4.47502e-25 2.64471e-21 8.80004e-18 2.76338e-13 3.64507e-09 1.76281e-05 0.000430795 0.999552 
2.11448e-08 5.11667e-06 0.00298284 0.0169659 0.850687 0.0494622 0.0414472 0.0295436 0.00740659 0.00149972 
1.88109e-13 3.39279e-11 2.291e-08 8.72867e-08 1.40562e-06 0.000215097 0.00161031 0.0098702 0.499057 0.489246 
0.000229599 0.000469031 0.0139215 0.320271 0.504181 0.152347 0.00748563 0.000918967 0.000175763 1.45918e-06 
1.90622e-13 3.46454e-11 2.61219e-08 1.00173e-07 1.6656e-06 0.000380027 0.00402102 0.0159821 0.973182 0.00643263 
2.31676e-13 4.62845e-11 5.00575e-08 1.83254e-07 2.61315e-06 0.000513625 0.00531465 0.0234601 0.956725 0.0139841 
1.10873e-15 1.84846e-13 1.52552e-11 1.00853e-10 5.52575e-09 1.06002e-06 5.15002e-05 0.000633144 0.00264641 0.996668 
3.84816e-12 5.14292e-10 9.32077e-08 6.91804e-07 7.29443e-05 0.000441944 0.0024169 0.0145044 0.974326 0.00823698 
8.99656e-11 1.42485e-08 3.73424e-07 3.26847e-06 0.000231972 0.000989345 0.00490416 0.0190097 0.96517 0.00969147 
6.23356e-12 1.01388e-09 9.42781e-08 4.78024e-07 6.95112e-06 0.000956166 0.00603175 0.0236417 0.959692 0.0096713 
1.01457e-14 1.68216e-12 1.206e-10 6.63033e-10 2.68004e-08 3.92166e-06 0.000157074 0.00161418 0.00518363 0.993041 
2.81397e-10 4.40927e-08 1.21636e-06 1.11357e-05 0.000853586 0.00327436 0.019433 0.95376 0.0193641 0.00330258 
2.93418e-05 4.01634e-05 0.00137791 0.00639075 0.0297699 0.92451 0.0310558 0.0059229 0.000898514 4.78559e-06 
3.78079e-13 7.23708e-11 7.67969e-08 2.75363e-07 3.62563e-06 0.000458039 0.00225743 0.0166623 0.968833 0.0117855 
2.00571e-07 8.33599e-06 0.00145677 0.00551313 0.0243791 0.925066 0.0337435 0.0088778 0.000807917 0.000147146 
2.40963e-10 3.86e-08 8.10788e-07 6.18833e-06 0.000180866 0.00241403 0.0162251 0.961873 0.0167702 0.00253016 
1.27655e-32 3.90955e-29 2.13981e-25 1.1474e-21 3.09229e-18 7.43401e-14 8.68918e-10 4.19042e-06 3.43892e-05 0.999961 
5.6874e-15 9.4282e-13 6.02741e-11 3.76118e-10 1.79229e-08 1.55577e-06 5.85027e-05 0.000243632 0.00140068 0.998296 
7.0722e-14 1.27522e-11 8.58754e-09 3.24511e-08 5.40976e-07 0.000103776 0.00112836 0.0079677 0.973518 0.0172819 
1.00887e-14 1.6685e-12 1.12946e-10 5.06436e-10 1.24702e-08 1.94166e-06 0.000120057 0.000784186 0.99041 0.00868426 
3.13083e-15 5.1939e-13 3.75547e-11 2.34304e-10 1.14838e-08 1.30635e-06 0.000122454 0.00119657 0.992094 0.00658607 
1.32865e-29 4.34611e-26 2.40059e-22 1.02915e-18 2.22295e-15 6.04102e-12 9.58083e-09 1.55334e-05 0.000944756 0.99904 
5.28766e-07 6.06945e-05 0.00169758 0.0980353 0.74357 0.132768 0.0184522 0.00447116 0.000894242 4.99579e-05 
0.0038241 0.0380072 0.88786 0.0552494 0.0139387 0.00108714 3.06596e-05 2.43713e-06 5.23336e-08 6.89014e-10 
2.90423e-10 4.48626e-08 1.28436e-06 1.22469e-05 0.00100971 0.00493669 0.0259217 0.95189 0.0139377 0.00229099 
7.07175e-14 1.76932e-11 3.6841e-08 1.30056e-07 1.4857e-06 0.000210588 0.00161015 0.00926069 0.978261 0.0106561 
5.79342e-10 6.97221e-08 1.32308e-05 0.000104524 0.00229876 0.433388 0.535281 0.0239397 0.0040812 0.000894186 
6.16147e-14 1.41139e-11 2.17867e-08 7.93568e-08 1.04336e-06 0.000200458 0.00179764 0.487747 0.500284 0.00996953 
2.44672e-13 4.0637e-11 1.52952e-08 6.18914e-08 1.29492e-06 0.000187779 0.00103347 0.00607888 0.975858 0.0168401 
0.00373349 0.0400584 0.828817 0.0927769 0.0314498 0.00302238 0.0001319 9.76723e-06 8.8593e-07 7.43533e-09 
5.81469e-15 9.70706e-13 7.40103e-11 4.88443e-10 2.49143e-08 3.84358e-06 0.000152694 0.0016285 0.984404 0.0138112 
8.0471e-15 1.34501e-12 1.25651e-10 1.41149e-09 8.34496e-08 3.78075e-05 0.000422878 0.00275969 0.979228 0.0175514 
2.50618e-10 3.86004e-08 1.17046e-06 1.12909e-05 0.0010036 0.00277018 0.0159709 0.0310402 0.943793 0.00540943 
7.36998e-09 9.26429e-07 0.000136008 0.00141046 0.0150609 0.478071 0.472935 0.0232303 0.00718673 0.00196915 
0.000563694 0.00532212 0.0274563 0.086526 0.820033 0.0524615 0.00702824 0.000585435 2.34745e-05 4.42627e-07 
8.8692e-09 1.35291e-06 0.000136534 0.00199056 0.00882219 0.0330682 0.928481 0.0239464 0.00266974 0.00088394 
4.67111e-13 7.14218e-11 3.77009e-08 1.81816e-07 2.98546e-06 0.00109823 0.00982271 0.959867 0.02012 0.00908852 
4.74402e-10 5.88496e-08 1.33284e-05 5.16433e-05 0.00102878 0.0131966 0.0419968 0.932732 0.00906983 0.00191078 
7.16259e-14 1.66601e-11 3.11148e-08 1.0835e-07 1.16153e-06 0.000122515 0.00159667 0.00977333 0.97569 0.0128158 
7.62034e-35 2.78517e-31 1.73603e-27 1.3746e-23 8.30065e-20 4.45978e-16 1.34974e-12 9.63747e-09 0.000129655 0.99987 
1.6379e-14 2.71712e-12 1.99229e-10 1.18718e-09 5.36215e-08 7.49761e-06 0.00025099 0.00282024 0.0100396 0.986882 
2.39591e-07 1.07701e-05 0.00187029 0.00811394 0.555596 0.392469 0.0337425 0.0065044 0.00146559 0.000226725 
2.22697e-16 3.65407e-14 2.28595e-12 1.33835e-11 1.16969e-09 2.03814e-06 0.000124406 0.00168733 0.00597318 0.992213 
1.1235e-13 2.04084e-11 1.38707e-08 5.32106e-08 9.38124e-07 0.00019085 0.00161333 0.00871291 0.660671 0.328811 
1.34092e-13 2.47394e-11 1.72546e-08 6.66525e-08 1.14672e-06 0.00022814 0.00193903 0.0111396 0.978116 0.00857648 
2.4124e-10 3.91224e-08 2.05788e-06 4.60539e-05 0.00142042 0.00950008 0.957146 0.0234054 0.00707196 0.00140785 
3.89245e-13 6.29944e-11 3.29975e-08 1.68229e-06 0.000160548 0.0130449 0.148632 0.569783 0.133073 0.135304 
1.40127e-14 2.32536e-12 1.71978e-10 1.02768e-09 4.66652e-08 5.77357e-06 0.000200493 0.0020413 0.00768363 0.990069 
3.32075e-13 6.3947e-11 6.40162e-08 2.33951e-07 3.31519e-06 0.000619905 0.00550989 0.024086 0.957921 0.0118593 
1.61585e-14 2.7583e-12 4.36987e-10 5.54059e-09 2.80796e-07 0.000147169 0.00162827 0.00720575 0.0199137 0.971105 
1.60808e-10 2.53682e-08 6.5918e-07 5.89983e-06 0.000434908 0.00135464 0.00634864 0.0153896 0.966236 0.0102291 
3.13501e-34 8.00674e-31 4.11327e-27 3.5604e-23 1.22232e-19 3.76556e-15 2.47132e-11 1.20447e-07 5.19591e-05 0.999948 
1.40393e-14 2.33012e-12 1.73704e-10 1.04537e-09 4.80532e-08 6.10058e-06 0.000241552 0.00229388 0.00924297 0.988215 
1.42974e-14 2.37219e-12 1.75834e-10 1.06012e-09 4.8727e-08 7.08924e-06 0.000240871 0.00275153 0.00943609 0.987564 
4.23558e-15 7.03048e-13 4.7418e-11 2.05625e-10 5.35302e-09 4.82168e-07 3.40027e-05 0.000108093 0.00118849 0.998669 
0.0817622 0.528394 0.234215 0.135947 0.0158019 0.0036673 0.000203522 7.55543e-06 6.13507e-07 4.61948e-09 
1.95022e-14 3.19393e-12 2.11053e-10 1.3566e-09 6.77621e-08 1.56493e-05 0.000238383 0.00270782 0.00949097 0.987547 
3.1739e-14 6.20859e-12 5.64556e-09 2.16564e-08 2.77829e-07 2.49052e-05 0.000412223 0.00440073 0.0117231 0.983439 
1.25674e-14 2.08539e-12 1.53111e-10 9.17832e-10 4.20371e-08 5.60255e-06 0.000231939 0.00220511 0.0079455 0.989612 
4.80387e-10 6.33958e-08 2.61489e-06 6.22916e-05 0.0015068 0.00923508 0.936515 0.0386592 0.0121654 0.00185324 
0.00380458 0.0260166 0.0911905 0.817867 0.0517736 0.00886875 0.000454445 2.25002e-05 1.93e-06 1.61868e-08 
1.47435e-10 2.25838e-08 6.07893e-07 5.40684e-06 0.000385629 0.00176003 0.00955666 0.0209933 0.961442 0.00585676 
3.43875e-10 5.28943e-08 1.58021e-06 2.84746e-05 0.00440308 0.895077 0.0371369 0.0456999 0.0148894 0.0027635 
2.20982e-13 4.25632e-11 4.53125e-08 1.63305e-07 2.10675e-06 0.000238846 0.00163879 0.491121 0.499905 0.00709395 
8.22456e-08 3.32829e-06 0.000447975 0.00307526 0.861479 0.0712821 0.0434406 0.0184721 0.00140851 0.00039057 
2.69608e-13 4.84063e-11 3.46682e-08 1.29227e-07 2.12515e-06 0.00045872 0.940293 0.0199705 0.0262701 0.0130049 
1.17297e-21 1.14369e-18 3.9985e-15 9.80492e-14 3.3696e-11 3.72282e-08 1.30576e-05 0.000154544 0.000599014 0.999233 
2.62357e-07 9.8491e-06 0.00146142 0.00684114 0.0317723 0.924868 0.0291412 0.00502735 0.000872761 6.15716e-06 
9.56742e-10 1.05943e-07 2.06583e-05 0.000187676 0.00610241 0.658611 0.30928 0.0241493 0.00136257 0.000286907 
6.16418e-13 1.05564e-10 6.66771e-08 5.3519e-06 0.00135694 0.471789 0.0180274 0.489797 0.0146975 0.00432708 
3.33875e-09 3.94283e-07 5.11431e-05 0.000525796 0.00626308 0.0333016 0.92992 0.0264515 0.00277882 0.00070751 
5.74963e-15 9.79809e-13 1.1166e-10 1.12911e-09 6.54215e-08 3.46325e-05 0.000360859 0.00249585 0.51726 0.479849 
4.9204e-14 1.36862e-11 2.54717e-08 9.39147e-08 1.25492e-06 0.000269914 0.00195769 0.0109835 0.969567 0.0172206 
6.34711e-15 1.05716e-12 8.36376e-11 5.78506e-10 3.20246e-08 4.7199e-06 0.000168205 0.00212457 0.0069505 0.990752 
6.08626e-09 4.3155e-07 3.164e-05 0.000384124 0.0877904 0.369987 0.483903 0.0555301 0.00196424 0.000409236 
0.00100084 0.00183581 0.00703123 0.0448312 0.854942 0.0690259 0.0180518 0.00208217 0.00119801 1.2777e-06 
3.53081e-15 5.8448e-13 5.46088e-11 3.18954e-10 1.28886e-08 1.49544e-06 3.87463e-05 0.000471497 0.00175152 0.997737 
3.14728e-13 5.92651e-11 5.62677e-08 2.0402e-07 2.7725e-06 0.000335155 0.0022158 0.0132284 0.967627 0.0165902 
0.00066207 0.00264653 0.0244194 0.845785 0.0805526 0.0374565 0.00780192 0.000643082 3.22094e-05 1.0563e-06 
3.12249e-14 4.9911e-12 2.42959e-10 1.81123e-09 1.25701e-07 2.32431e-05 0.000272777 0.00296982 0.00909516 0.987639 
1.1033e-09 1.27014e-07 2.38813e-05 0.000184952 0.00309788 0.0244418 0.0469177 0.922815 0.00214132 0.000376909 
1.20274e-13 2.06801e-11 1.73561e-08 6.66785e-08 1.01356e-06 0.000164788 0.00115879 0.0578315 0.811778 0.129066 
1.06793e-21 2.39951e-19 4.48762e-17 6.32161e-16 4.28287e-14 2.16492e-11 2.6717e-10 2.17053e-08 2.22266e-07 1 
2.26374e-13 3.78551e-11 2.09584e-08 1.04648e-07 1.51506e-06 0.000440084 0.00432401 0.2322 0.75233 0.0107046 
3.06146e-10 4.75172e-08 1.34585e-06 1.44912e-05 0.000996824 0.00830981 0.930774 0.0445698 0.0129429 0.00239122 
4.707e-15 7.81968e-13 5.84978e-11 3.72587e-10 1.88058e-08 3.50236e-06 0.000140157 0.00190273 0.00676284 0.991191 
1.06709e-10 1.53293e-08 7.32124e-07 7.7868e-06 0.000877336 0.00287505 0.0194792 0.957723 0.0154929 0.0035444 
1.22482e-14 2.12641e-12 3.69265e-10 4.51487e-09 2.21812e-07 0.000126343 0.00120552 0.0069317 0.980755 0.0109812 
1.39156e-13 2.52286e-11 1.85113e-08 6.79604e-08 1.01324e-06 0.000135194 0.000853938 0.00626842 0.977811 0.01493 
9.52904e-10 7.40753e-08 1.18805e-05 8.18569e-05 0.00171544 0.0136307 0.0306931 0.945245 0.00780683 0.000815282 
0.00146057 0.0124282 0.0576489 0.800891 0.0993902 0.0266644 0.00139433 0.000118993 3.824e-06 3.61688e-08 
2.62129e-10 4.00267e-08 1.26022e-06 1.20538e-05 0.00106642 0.0038145 0.0235533 0.95311 0.0156453 0.00279692 
9.97524e-14 1.56689e-11 7.37423e-10 6.39716e-09 3.25841e-07 4.30881e-05 0.000366316 0.00328591 0.00996886 0.986335 
1.37968e-09 1.27872e-07 2.49113e-05 0.000197741 0.00774197 0.920325 0.0467812 0.0230953 0.00144392 0.000390125 
2.22315e-13 4.19139e-11 4.18117e-08 1.51322e-07 1.89595e-06 0.000148753 0.00091155 0.00857795 0.975032 0.0153277 
7.00043e-15 1.15161e-12 7.57207e-11 4.58852e-10 1.82507e-08 2.87974e-06 0.000159678 0.00168602 0.00626609 0.991885 
1.0251e-09 1.19686e-07 1.71412e-05 0.000175981 0.00301408 0.023203 0.0459746 0.925556 0.00172148 0.000337825 
1.29823e-13 2.17934e-11 7.67567e-09 3.21934e-08 7.57756e-07 0.000161349 0.00153837 0.488957 0.5002 0.00914208 
5.20043e-15 8.62997e-13 6.62736e-11 3.96742e-10 1.84417e-08 3.66762e-06 0.000441511 0.00335803 0.984077 0.0121195 
1.58504e-13 2.6559e-11 9.70914e-09 3.91097e-08 8.22912e-07 0.000110099 0.000535052 0.00475329 0.978722 0.0158784 
3.32603e-18 5.72495e-16 9.10391e-14 7.0762e-13 4.82536e-11 2.62744e-08 3.00399e-07 2.3956e-05 0.000813376 0.999162 
3.61238e-14 6.08788e-12 4.18568e-10 4.90323e-09 3.13924e-07 0.000161051 0.00190911 0.964793 0.0212827 0.0118537 
7.32203e-16 1.21573e-13 8.92724e-12 5.48845e-11 2.57251e-09 2.3065e-07 6.60109e-06 5.0373e-05 0.000256538 0.999686 
6.30822e-15 1.04706e-12 7.63921e-11 4.56783e-10 2.12907e-08 4.02792e-06 0.000146627 0.00194269 0.00577204 0.992135 
0 0 0 0 0 0 0 0 0 1 
8.83751e-18 1.5729e-15 1.06828e-12 6.74448e-12 8.79435e-10 1.65024e-06 0.000109566 0.00160272 0.985096 0.0131903 
1.99032e-07 4.3767e-06 0.000352373 0.00313465 0.019376 0.923957 0.0401987 0.0119226 0.000894861 0.000159455 
1.58107e-08 1.86997e-06 0.000244855 0.00174797 0.00889202 0.0282798 0.946216 0.0133248 0.00115901 0.000133665 
6.87806e-15 1.14144e-12 8.46079e-11 4.95109e-10 2.21931e-08 3.75395e-06 0.000138588 0.0017688 0.982199 0.0158896 
0.00135611 0.0115818 0.0455959 0.107634 0.802484 0.0302093 0.00104628 8.84123e-05 3.44711e-06 2.86966e-08 
5.66078e-14 1.54863e-11 3.31788e-08 1.16831e-07 1.31204e-06 0.000173578 0.0012449 0.423501 0.564115 0.0109643 
1.99089e-13 3.52953e-11 2.00973e-08 7.87344e-08 1.35742e-06 0.000197047 0.00120397 0.00738765 0.0370565 0.954153 
3.77459e-06 0.000666011 0.00589409 0.0337367 0.887882 0.0467176 0.0180363 0.00644025 0.00054921 7.45312e-05 
0.0119607 0.894265 0.0801545 0.012899 0.000616197 9.949e-05 4.52326e-06 5.46485e-07 2.09132e-08 8.79995e-11 
6.28283e-19 9.80581e-17 1.61319e-14 2.23002e-13 2.3655e-11 1.61797e-08 2.30079e-07 6.22636e-05 0.00199136 0.997946 
9.66576e-15 1.60391e-12 1.19865e-10 7.98457e-10 4.64783e-08 2.55215e-05 0.000504766 0.00411841 0.0103556 0.984996 
2.65082e-05 0.000138313 0.00402465 0.0277863 0.853186 0.0747008 0.0330026 0.00568836 0.00143814 8.10015e-06 
8.11661e-08 1.0968e-06 6.41827e-05 0.000707752 0.0038916 0.0244756 0.929113 0.0365275 0.00476723 0.000451543 
2.3354e-07 6.12075e-06 0.000789534 0.00322415 0.0206187 0.932741 0.032081 0.0100167 0.00042567 9.69165e-05 
1.58292e-15 2.63079e-13 2.02849e-11 1.23744e-10 5.80021e-09 5.124e-07 1.43507e-05 7.18767e-05 0.000771409 0.999142 
1.63141e-11 2.40837e-09 1.20601e-07 8.23514e-07 3.24872e-05 0.00128918 0.0111141 0.970045 0.0137883 0.00373041 
2.57236e-13 4.89718e-11 4.7007e-08 1.77787e-07 2.75033e-06 0.000666363 0.00684713 0.962761 0.0228207 0.00690141 
6.25761e-11 9.14457e-09 3.73576e-07 3.91846e-06 0.000432292 0.000987352 0.00483813 0.0127351 0.973347 0.00765608 
1.23652e-14 2.05213e-12 1.52441e-10 9.113e-10 4.18619e-08 6.1904e-06 0.000249009 0.00261376 0.00968645 0.987445 
1.14482e-08 1.22265e-06 0.000167097 0.000777088 0.00471454 0.165827 0.805702 0.02061 0.00183882 0.000361782 
1.67061e-15 2.78437e-13 2.75836e-11 1.14288e-10 2.48202e-09 2.59067e-07 1.23976e-05 9.01525e-05 0.000710664 0.999187 
1.02831e-14 1.70492e-12 1.27021e-10 7.4632e-10 3.35175e-08 7.3988e-06 0.000627893 0.00622995 0.978725 0.0144096 
2.05613e-10 3.1214e-08 1.04099e-06 1.04618e-05 0.00101735 0.00281894 0.0162026 0.0325093 0.944023 0.00341684 
2.44673e-10 3.78632e-08 1.00335e-06 8.84841e-06 0.000615253 0.00356166 0.938243 0.0401874 0.0146016 0.0027812 
1.29383e-14 2.14831e-12 1.60524e-10 9.69844e-10 4.53475e-08 6.87637e-06 0.000286802 0.00264594 0.00915439 0.987906 
6.26063e-35 2.13971e-31 1.27807e-27 9.33434e-24 4.84621e-20 6.12182e-16 3.64969e-13 1.00766e-09 3.35799e-06 0.999997 
1.40163e-14 2.32531e-12 1.72279e-10 1.01457e-09 4.48302e-08 5.29669e-06 0.000174566 0.00182493 0.00927616 0.988719 
3.41433e-11 5.41344e-09 1.92934e-07 1.47507e-06 9.05055e-05 0.00143546 0.0117746 0.956592 0.0227763 0.00732938 
1.27429e-15 2.09001e-13 1.07079e-11 6.7687e-11 3.17709e-09 2.20701e-06 9.7026e-05 0.00155592 0.00550369 0.992841 
6.57711e-10 9.90367e-08 1.66531e-05 0.000108289 0.00168323 0.0130547 0.0308576 0.9485 0.00528649 0.000492831 
2.3062e-10 3.59203e-08 1.03816e-06 1.18522e-05 0.000814035 0.00534487 0.0284224 0.954285 0.00935487 0.00176621 
6.6248e-14 2.09464e-11 5.86086e-08 2.03603e-07 2.21728e-06 0.000377557 0.00450239 0.956492 0.0274214 0.011204 
9.2265e-10 1.09227e-07 2.58654e-05 0.000158561 0.00278477 0.0210011 0.0435498 0.915636 0.0158546 0.000988767 
1.7917e-14 3.99998e-12 4.05557e-10 3.75957e-09 1.37367e-07 4.2196e-05 0.000478277 0.00455226 0.0119707 0.982956 
6.09402e-15 1.0102e-12 7.1545e-11 4.26406e-10 1.88366e-08 1.67925e-06 5.39726e-05 0.000229159 0.00151264 0.998203 
2.59237e-10 4.08653e-08 1.01362e-06 8.86774e-06 0.000601815 0.00445282 0.909829 0.0460872 0.0295876 0.0094317 
1.60423e-34 5.27976e-31 3.12008e-27 2.5459e-23 1.4715e-19 4.18245e-15 5.28913e-11 2.55837e-07 2.88422e-05 0.999971 
1.38059e-14 2.3342e-12 2.9989e-10 3.45312e-09 1.20504e-07 4.94838e-05 0.000998068 0.00656309 0.975601 0.0167881 
3.40299e-13 6.25796e-11 4.95869e-08 1.84244e-07 2.66674e-06 0.000322866 0.00154997 0.00994374 0.0212801 0.9669 
3.34333e-14 5.38707e-12 2.79451e-10 2.11529e-09 8.83876e-08 1.00157e-05 0.000261504 0.00370358 0.983446 0.0125793 
4.20427e-09 5.17091e-07 7.26464e-05 0.000391738 0.00598342 0.443859 0.536289 0.0126098 0.000646077 0.000147228 
1.56506e-13 3.66839e-11 6.42538e-08 2.26772e-07 2.53026e-06 0.000267917 0.00199074 0.0141955 0.970312 0.0132315 
1.2097e-09 2.86099e-07 1.97253e-05 0.000801339 0.0115409 0.902161 0.0364056 0.0348104 0.011711 0.00254933 
2.50163e-13 4.93888e-11 5.16462e-08 2.03292e-07 3.14817e-06 0.000786934 0.00855976 0.950839 0.0256194 0.0141913 
2.17611e-08 3.1167e-06 0.000687945 0.860125 0.050036 0.0504962 0.0277715 0.00914077 0.00156108 0.000178114 
7.57936e-15 1.25686e-12 8.81416e-11 5.4676e-10 2.56593e-08 2.32229e-06 9.90635e-05 0.00044764 0.00364165 0.995809 
1.59783e-14 2.65073e-12 1.96422e-10 1.16694e-09 5.19946e-08 5.98456e-06 0.000168743 0.00154359 0.00633663 0.991945 
0.00143025 0.0157919 0.639993 0.274403 0.0527577 0.0145556 0.000903551 0.000161075 3.5535e-06 5.35523e-08 
2.2217e-13 3.89078e-11 2.16979e-08 8.31266e-08 1.58553e-06 0.000302495 0.00293673 0.0161322 0.961129 0.0194982 
1.63428e-12 2.38603e-10 6.1743e-08 2.81017e-07 1.19481e-05 0.00043047 0.00272829 0.014603 0.973365 0.00886085 
6.19781e-10 1.08423e-07 4.58391e-05 0.00221699 0.909398 0.038058 0.0338843 0.0153947 0.000803582 0.000198911 
1.15541e-14 1.91739e-12 1.51008e-10 1.33689e-09 2.44519e-07 0.000371831 0.00581426 0.969037 0.0126979 0.012079 
7.04841e-11 1.1157e-08 3.15723e-07 2.28265e-06 9.43207e-05 0.00204097 0.939308 0.0304143 0.0218581 0.00628222 
5.61119e-14 1.41946e-11 2.69391e-08 9.44385e-08 9.40674e-07 4.27134e-05 0.000457865 0.0043505 0.979975 0.0151731 
1.04281e-10 1.55433e-08 6.05795e-07 5.79634e-06 0.000585839 0.00179633 0.00769078 0.683771 0.298984 0.00716571 
7.57541e-11 1.16555e-08 3.88681e-07 3.52912e-06 0.00030651 0.00136616 0.00763733 0.336512 0.64772 0.00645336 
1.71639e-13 2.67926e-11 1.19708e-09 1.11287e-08 6.48339e-07 8.9376e-05 0.000373547 0.00332382 0.00989109 0.986322 
2.70182e-10 4.14989e-08 1.24882e-06 1.20134e-05 0.00107236 0.0024725 0.0110339 0.0220768 0.955882 0.00744877 
6.0172e-15 1.02433e-12 1.59441e-10 1.7788e-09 5.84593e-08 1.66399e-05 0.000338607 0.960173 0.0231663 0.0163056 
0.000522287 0.00142931 0.0111994 0.828928 0.100157 0.0480915 0.00844479 0.00105432 0.000173393 7.06538e-07 
1.18528e-09 1.40567e-07 2.99137e-05 0.000190387 0.00313672 0.026511 0.93945 0.0288863 0.0014767 0.00031831 
1.20134e-15 1.99342e-13 1.56726e-11 9.61634e-11 4.90769e-09 1.89e-06 9.40558e-05 0.00134879 0.00502216 0.993533 
1.48261e-10 2.27614e-08 2.50485e-06 1.00988e-05 0.000827588 0.00307343 0.0208758 0.959896 0.012989 0.00232607 
0.00115865 0.00196993 0.007128 0.0441954 0.855607 0.0692718 0.0185227 0.00209276 5.23006e-05 1.90316e-06 
2.53269e-09 2.97689e-07 6.79895e-05 0.00094938 0.0174925 0.890793 0.0577306 0.0304766 0.00195305 0.000536455 
4.03947e-17 6.74765e-15 4.89346e-13 1.93028e-12 1.42115e-10 2.20825e-08 2.11515e-05 6.64069e-05 0.00102943 0.998883 
1.51872e-15 2.52422e-13 1.93146e-11 2.17948e-10 3.67629e-08 3.09843e-05 0.000243546 0.00187374 0.00551404 0.992338 
1.39559e-14 2.35429e-12 2.99144e-10 3.04797e-09 1.31941e-07 5.69173e-05 0.000420354 0.00310431 0.0108691 0.985549 
1.99644e-24 5.57743e-21 2.64878e-17 1.38014e-14 1.93832e-11 2.76978e-09 3.80896e-06 1.9024e-05 0.000286881 0.99969 
3.10436e-13 6.2478e-11 7.60845e-08 2.87793e-07 1.51176e-05 0.00144642 0.925669 0.0319533 0.0294674 0.0114485 
1.76022e-13 3.41601e-11 3.43144e-08 1.25554e-07 1.77108e-06 0.000269464 0.00180993 0.0104517 0.980547 0.00691948 
3.4206e-11 4.63144e-09 4.73575e-07 5.31745e-06 0.000696062 0.00206915 0.0158792 0.0362954 0.940088 0.00496629 
2.05644e-11 2.62339e-09 2.58276e-07 2.97746e-06 0.000404778 0.000898266 0.005526 0.69116 0.2975 0.00450759 
2.73244e-17 4.477e-15 6.40918e-13 2.87089e-12 3.83791e-11 8.36685e-09 9.14885e-08 7.05939e-06 7.73252e-07 0.999992 
6.16134e-22 9.38456e-19 3.88803e-15 2.53528e-13 2.77555e-10 5.98319e-08 6.13536e-05 0.000218186 0.00179373 0.997927 
1.65585e-13 3.1699e-11 3.16284e-08 1.21464e-07 1.7952e-06 0.000362737 0.432668 0.275962 0.184374 0.106632 
0.00135231 0.00411286 0.48069 0.243542 0.223844 0.0393152 0.00642566 0.000687774 2.89383e-05 6.6551e-07 
2.58629e-10 3.7815e-08 1.2957e-06 1.816e-05 0.000970529 0.0030547 0.0138487 0.0251583 0.0138679 0.94308 
1.97669e-13 4.04208e-11 4.91849e-08 1.77864e-07 2.33337e-06 0.000348499 0.00249668 0.0156188 0.412489 0.569045 
2.57518e-13 4.89627e-11 4.60786e-08 1.67453e-07 2.2418e-06 0.000234432 0.00113299 0.00830703 0.017188 0.973135 
2.43995e-10 8.29939e-08 2.44555e-05 0.000138816 0.00183307 0.0185461 0.900058 0.042746 0.0273658 0.00928777 
3.30481e-20 1.17513e-17 2.75878e-14 1.65557e-13 2.73314e-11 5.05394e-08 2.77059e-06 2.87865e-05 0.000654122 0.999314 
1.46821e-09 1.90379e-07 3.50587e-05 0.00073478 0.00697639 0.0311865 0.935126 0.024079 0.00152077 0.000341542 
1.80968e-13 3.50754e-11 3.48992e-08 1.29128e-07 1.82746e-06 0.000295134 0.00198913 0.0101838 0.975222 0.0123083 
6.98335e-08 1.11521e-06 0.000134094 0.000639703 0.00461609 0.0210834 0.0403233 0.923337 0.0087892 0.0010756 
1.99833e-13 3.44698e-11 1.77238e-08 7.03287e-08 1.32131e-06 0.000236066 0.00137688 0.0082906 0.0172975 0.972798 
2.0839e-13 3.74667e-11 2.33431e-08 9.0531e-08 1.51571e-06 0.000241903 0.00164863 0.0112837 0.980238 0.00658664 
3.28638e-15 5.44807e-13 3.8899e-11 2.42671e-10 1.13925e-08 1.50276e-06 3.18586e-05 0.000269567 0.00207167 0.997625 
1.68006e-13 4.08059e-11 7.70822e-08 2.72397e-07 2.77733e-06 0.000169957 0.00160062 0.336801 0.511734 0.149692 
7.15815e-10 6.59673e-08 8.12807e-06 5.88278e-05 0.00182322 0.0138207 0.488786 0.487687 0.00640277 0.0014137 
1.12368e-14 2.4792e-12 7.58502e-10 6.94887e-09 3.3387e-07 0.000194212 0.00199402 0.010941 0.974601 0.0122689 
1.12262e-09 1.32752e-07 2.93904e-05 0.000184641 0.00392539 0.025467 0.921258 0.0382527 0.00854204 0.00234105 
1.86817e-10 2.85746e-08 8.78142e-07 8.48088e-06 0.000744767 0.00295114 0.0170568 0.0335135 0.943574 0.00215084 
5.01749e-14 7.91455e-12 2.60961e-10 2.32249e-09 1.86454e-07 3.35017e-05 0.000188681 0.0016469 0.0054388 0.992692 
1.58852e-10 2.54933e-08 6.19338e-07 4.47057e-06 0.000145037 0.00235402 0.0159564 0.0446181 0.924577 0.0123443 
1.44824e-13 2.36574e-11 6.24091e-09 3.00669e-08 8.79374e-07 0.000225649 0.00172099 0.00919649 0.978163 0.0106931 
3.35537e-10 5.15836e-08 1.54686e-06 1.48265e-05 0.00129659 0.00664529 0.0336065 0.9397 0.015853 0.00288255 
2.29496e-13 4.09802e-11 3.0293e-08 1.10028e-07 1.68715e-06 0.000208756 0.00105793 0.00606678 0.0172623 0.975402 
2.58579e-09 3.27116e-07 4.80266e-05 0.000157316 0.0025634 0.0205128 0.950351 0.0236663 0.00228999 0.000410954 
2.18958e-10 3.38671e-08 9.68194e-07 9.06163e-06 0.000733062 0.00303976 0.0198779 0.962684 0.0117854 0.00186999 
0.000452555 0.000802997 0.00593194 0.692885 0.255528 0.0343995 0.0085356 0.000835475 0.000627754 5.25856e-07 
3.34778e-15 5.55953e-13 3.87542e-11 2.21514e-10 1.0345e-08 2.77907e-06 0.000117037 0.00164153 0.00591732 0.992321 
1.06123e-14 1.75992e-12 1.29068e-10 7.45239e-10 3.23102e-08 4.10336e-06 0.000238884 0.00207057 0.00845669 0.98923 
4.13558e-33 1.08851e-29 5.71361e-26 4.75554e-22 1.60034e-18 3.19868e-14 1.04293e-11 3.49186e-08 0.000157157 0.999843 
3.03921e-10 4.63295e-08 1.49543e-06 1.4817e-05 0.00138163 0.00474951 0.0293014 0.934945 0.0240987 0.00550704 
0.000191293 0.000543216 0.00410999 0.0206538 0.0545647 0.901886 0.0150825 0.00249904 0.000466825 2.92573e-06 
5.48219e-14 1.28282e-11 2.30024e-08 8.26348e-08 1.0615e-06 0.000211866 0.00161754 0.00886203 0.976861 0.0124459 
6.84206e-11 1.10317e-08 2.36576e-07 1.59342e-06 2.2493e-05 0.000732689 0.00366147 0.0183276 0.969609 0.00764473 
2.83488e-10 4.36127e-08 1.31452e-06 1.38985e-05 0.00107051 0.00519818 0.0289464 0.948161 0.014172 0.00243688 
1.00748e-11 1.56135e-09 1.32869e-07 9.11729e-07 6.51359e-05 0.00134725 0.0120385 0.942473 0.0333103 0.010765 
9.77115e-15 1.62046e-12 1.22192e-10 6.95688e-10 2.89806e-08 3.0145e-06 8.81262e-05 0.000585604 0.00382193 0.995501 
1.29077e-09 9.17053e-08 1.99713e-05 0.000105941 0.00223245 0.0166521 0.0345718 0.938641 0.00681263 0.000964202 
1.39508e-14 2.31455e-12 1.72365e-10 1.01779e-09 4.54202e-08 5.79247e-06 0.000215315 0.00194851 0.00719195 0.990638 
1.26313e-10 1.86841e-08 7.05228e-07 7.35486e-06 0.000768972 0.00250129 0.0159123 0.96741 0.0112433 0.00215611 
3.74723e-13 6.94395e-11 5.85649e-08 2.16896e-07 3.16412e-06 0.000437529 0.00297059 0.0178799 0.967989 0.0107198 
0.000579481 0.000827699 0.00318087 0.0188399 0.648493 0.318301 0.00877451 0.000982748 2.03195e-05 3.08167e-07 
1.43102e-23 5.42932e-20 2.67985e-16 1.4693e-13 2.0677e-10 2.54537e-08 4.06362e-05 9.14558e-05 0.00112938 0.998739 
6.11396e-45 1.04391e-40 5.28993e-36 1.40913e-28 2.25703e-24 2.18017e-19 4.32464e-15 4.19446e-11 3.81615e-08 1 
1.37947e-13 2.4965e-11 1.62801e-08 6.14505e-08 1.14801e-06 0.000245272 0.00158542 0.00937349 0.977665 0.0111296 
1.3999e-08 1.81945e-06 0.000315991 0.00220375 0.460183 0.268577 0.255519 0.0118915 0.00112453 0.000183054 
2.31585e-07 7.74952e-06 0.00120694 0.00513054 0.0245319 0.936579 0.0260516 0.00564472 0.000835553 1.1982e-05 
0.00156815 0.00535432 0.0183014 0.0642585 0.102207 0.799735 0.0079834 0.000564105 2.75304e-05 2.78932e-07 
8.53093e-11 1.36971e-08 2.8846e-07 1.97692e-06 3.10878e-05 0.000689177 0.00283151 0.0131489 0.973572 0.00972512 
0.00064694 0.00100591 0.00385792 0.0206933 0.872279 0.0732533 0.0243263 0.0028161 0.00111956 1.42663e-06 
1.05447e-09 1.1988e-07 1.96664e-05 0.000194217 0.00322674 0.0239739 0.93227 0.0370836 0.00280874 0.000422563 
9.26117e-21 7.02335e-18 2.46225e-14 7.10979e-13 4.61471e-10 4.76329e-07 0.000112296 0.00116251 0.977856 0.0208691 
1.51244e-14 2.51497e-12 1.97908e-10 1.87234e-09 2.33183e-07 0.000327305 0.00444357 0.966807 0.0162426 0.0121794 
6.64991e-13 1.03846e-10 3.92599e-08 1.95941e-07 3.36197e-06 0.000888808 0.00841801 0.954642 0.029664 0.00638384 
3.32254e-10 5.09901e-08 1.54056e-06 1.49981e-05 0.00129452 0.00518588 0.0317455 0.941154 0.0176874 0.00291622 
1.73088e-07 9.94932e-06 0.00183931 0.0066337 0.0320254 0.914004 0.0350925 0.00867657 0.00153337 0.000184813 
1.95907e-10 3.01763e-08 8.49578e-07 7.86883e-06 0.000649587 0.00683591 0.950005 0.0296642 0.0106132 0.00222371 
7.70232e-08 4.95229e-06 0.000862078 0.00434912 0.576969 0.288927 0.120059 0.00758255 0.0010463 0.000199521 
5.61694e-15 9.30473e-13 6.97811e-11 4.22511e-10 1.92421e-08 3.58953e-06 0.000160295 0.00193109 0.0067657 0.991139 
0.0113662 0.842034 0.108505 0.0307377 0.00660478 0.000728269 2.12133e-05 2.01713e-06 3.93109e-08 2.30547e-10 
8.5679e-15 1.4209e-12 1.04004e-10 6.02914e-10 2.65534e-08 4.43038e-06 0.00021 0.00224479 0.00885635 0.988684 
5.97373e-14 1.26397e-11 1.63918e-08 5.80012e-08 6.75478e-07 6.30661e-05 0.000530776 0.0046563 0.0133718 0.981377 
8.59079e-15 1.42643e-12 1.16106e-10 6.43335e-10 2.66333e-08 3.71377e-06 0.000188366 0.00166554 0.00644109 0.991701 
4.08318e-16 6.93996e-14 1.14984e-11 4.80589e-11 1.69397e-09 1.59034e-06 6.82517e-05 0.00137764 0.00477121 0.993781 
