17855
9.59346e-10 5.68603e-08 7.23407e-07 8.02449e-06 0.000160161 0.00314997 0.0212956 0.0536576 0.917435 0.00429303 
1.76095e-05 0.000640858 0.0099627 0.0445542 0.105918 0.816717 0.0211997 0.000937935 5.14684e-05 1.58533e-07 
6.20579e-09 2.10943e-07 2.39451e-06 0.00012782 0.00203049 0.0241347 0.930049 0.0417449 0.00188622 2.44223e-05 
5.42843e-12 4.4583e-10 1.81832e-08 4.8558e-07 1.93341e-05 0.00271943 0.0291448 0.942461 0.0234321 0.00222266 
2.28515e-23 7.61022e-21 6.87884e-18 1.15905e-14 3.93253e-12 2.93392e-09 7.81031e-08 1.44537e-05 0.00169591 0.99829 
5.1497e-16 5.58084e-14 2.64476e-12 2.27431e-10 4.98278e-08 1.26841e-05 0.000446679 0.00287661 0.959058 0.0376059 
3.24607e-13 2.36819e-11 7.24353e-10 2.26081e-08 1.59113e-06 0.000454362 0.00386248 0.0286212 0.945797 0.0212634 
4.71129e-06 6.23506e-05 0.000151611 0.00058897 0.00667702 0.331209 0.631886 0.0275818 0.00182025 1.77521e-05 
9.69766e-10 4.90412e-08 7.1296e-07 5.09735e-05 0.00118933 0.0155025 0.907968 0.0642927 0.0102243 0.00077124 
4.98824e-05 0.0021878 0.0133304 0.0727985 0.857369 0.0504009 0.00353155 0.000328438 3.55154e-06 4.90215e-08 
3.99164e-19 4.64838e-17 4.16577e-15 6.09801e-13 1.03784e-10 5.6164e-08 4.94977e-06 0.000312605 0.00608579 0.993597 
7.80848e-15 8.08658e-13 3.10146e-11 3.10773e-09 6.88339e-07 0.000287676 0.00283649 0.0212599 0.243581 0.732034 
2.60945e-05 0.000347727 0.00106089 0.00440967 0.0409867 0.109497 0.834775 0.00826832 0.000624735 3.52607e-06 
7.17827e-15 7.40939e-13 2.79149e-11 2.74335e-09 5.68341e-07 0.000243371 0.00280087 0.022237 0.959109 0.0156096 
9.12546e-05 0.00929205 0.735587 0.161115 0.0728129 0.0197079 0.00133494 5.44472e-05 3.55047e-06 2.42178e-08 
2.28701e-19 3.55977e-17 9.28983e-15 6.41005e-12 2.01186e-09 3.06865e-07 0.00010681 0.000410526 0.00576959 0.993713 
2.00407e-18 2.49817e-16 3.26815e-14 1.23033e-11 3.67902e-09 7.4199e-07 0.0001856 0.000609593 0.00891074 0.990293 
2.67735e-16 2.80723e-14 1.38521e-12 2.175e-10 6.72453e-08 2.53752e-05 0.000350975 0.0081537 0.955242 0.0362284 
1.47019e-10 1.6929e-08 2.65662e-07 1.48038e-05 7.32005e-05 0.00292864 0.0274858 0.954759 0.0137713 0.000967306 
4.15276e-06 5.64497e-05 0.00022082 0.00183516 0.0252882 0.861957 0.0791835 0.0293981 0.00203145 2.50049e-05 
2.51136e-19 3.90867e-17 1.02058e-14 7.05597e-12 2.21622e-09 3.4751e-07 0.000116845 0.000457194 0.00722494 0.992201 
6.60194e-09 2.07796e-07 2.31126e-06 0.000129148 0.00210159 0.0291678 0.929177 0.036711 0.00263921 7.14109e-05 
8.61372e-18 1.04917e-15 1.16391e-13 2.18046e-11 5.33663e-09 1.55536e-06 0.000264025 0.00156666 0.0155292 0.982639 
1.2812e-05 0.000640689 0.0103347 0.0577592 0.150485 0.773523 0.00686689 0.000368341 8.9925e-06 8.09114e-08 
2.38684e-15 2.49696e-13 1.03205e-11 9.82141e-10 2.32983e-07 0.00012177 0.00153208 0.0180777 0.0537515 0.926517 
2.00955e-17 2.38479e-15 2.53439e-13 8.68968e-11 2.30856e-08 5.78957e-06 0.000828529 0.0104534 0.955607 0.0331049 
5.58662e-09 1.95957e-07 2.32964e-06 0.000130977 0.00226014 0.0295501 0.932135 0.0337272 0.00217243 2.15831e-05 
3.77923e-14 4.66106e-12 5.36533e-10 2.14896e-08 2.99339e-06 0.000648899 0.0116721 0.955175 0.0255648 0.00693661 
3.79381e-28 9.87374e-25 2.14973e-21 3.78483e-18 1.72507e-16 4.40521e-12 8.02747e-10 4.73219e-07 0.000947534 0.999052 
1.10433e-17 1.32071e-15 1.3503e-13 2.45864e-11 5.9769e-09 2.06746e-06 0.000291447 0.00279916 0.0167309 0.980176 
2.6324e-05 0.00041662 0.00148241 0.0184873 0.862197 0.0876607 0.0268584 0.00255561 0.000313814 1.62974e-06 
4.33373e-19 6.52558e-17 1.56536e-14 9.95025e-12 3.09155e-09 4.91571e-07 0.000164038 0.000324204 0.00771813 0.991793 
2.64094e-05 0.00035207 0.00100954 0.00457503 0.0489261 0.902132 0.039439 0.00322626 0.000311773 1.61594e-06 
1.11234e-13 1.43517e-11 1.82199e-09 6.35694e-08 4.72373e-06 0.000982708 0.00957739 0.907525 0.0671798 0.0147302 
5.18817e-15 5.3572e-13 2.12617e-11 2.20175e-09 5.10549e-07 0.000224291 0.00221171 0.0185636 0.958859 0.0201404 
4.05763e-09 1.58213e-07 1.90329e-06 0.000109447 0.00154749 0.0173079 0.918112 0.0575812 0.00520671 0.00013327 
8.03948e-15 8.29983e-13 3.3948e-11 3.63562e-09 9.22337e-07 0.000404833 0.00496761 0.0284307 0.950216 0.0159803 
8.7636e-15 9.09148e-13 3.71551e-11 6.53787e-09 1.70944e-06 0.000948767 0.875206 0.068261 0.0427599 0.012823 
9.40164e-18 1.13381e-15 1.19903e-13 2.07122e-11 5.09605e-09 1.71789e-06 0.000233233 0.00191137 0.0131749 0.984679 
1.46063e-14 1.72328e-12 1.66157e-10 7.26927e-09 1.018e-06 0.00048223 0.00999991 0.924014 0.0492219 0.0162809 
1.00346e-16 1.03792e-14 5.2681e-13 8.1104e-11 2.19825e-08 8.09447e-06 0.000271341 0.00208247 0.935294 0.0623441 
3.28087e-05 0.00255313 0.0338221 0.785361 0.129072 0.0449181 0.0039056 0.000327188 7.81614e-06 7.11819e-08 
1.00778e-17 1.21194e-15 1.26064e-13 2.05247e-11 4.98822e-09 1.78297e-06 0.000222131 0.00203167 0.942887 0.0548574 
3.31423e-11 1.02444e-09 2.7571e-08 8.21561e-07 3.17283e-05 0.00620129 0.898608 0.0778444 0.0161909 0.0011223 
0.0133758 0.109263 0.841494 0.03509 0.000758176 1.85502e-05 3.79289e-07 7.68359e-09 1.64758e-10 6.33874e-12 
1.22495e-13 5.21121e-12 9.69267e-11 6.87997e-09 9.9973e-07 0.000403143 0.00327509 0.0256171 0.951472 0.0192313 
5.607e-15 5.79899e-13 2.29844e-11 2.42158e-09 5.81375e-07 0.000241142 0.00225473 0.0223733 0.959354 0.0157767 
6.29339e-15 6.48901e-13 2.41864e-11 2.46242e-09 5.36899e-07 0.000224206 0.00188014 0.0129461 0.951579 0.0333696 
6.19833e-05 0.00513202 0.0509455 0.802784 0.102003 0.035141 0.00357157 0.000351577 8.85848e-06 8.25134e-08 
4.8942e-15 5.06298e-13 1.9399e-11 1.99937e-09 4.49418e-07 0.000186823 0.00191721 0.0180818 0.967013 0.0128009 
2.83517e-05 0.000371609 0.000814627 0.00157476 0.0145469 0.537184 0.424678 0.0193576 0.00143151 1.20134e-05 
3.96533e-05 0.00330681 0.0429544 0.810519 0.103698 0.0353034 0.0036893 0.000480221 9.03924e-06 9.64494e-08 
6.84492e-43 1.15341e-38 8.43778e-34 1.0285e-28 4.78927e-24 1.65614e-19 1.99191e-14 1.74683e-09 0.000168993 0.999831 
2.75294e-06 0.000104408 0.00203829 0.00721965 0.832172 0.122468 0.0336152 0.00223581 0.00014267 1.1137e-06 
2.67315e-05 0.000451764 0.00244329 0.0270036 0.0998951 0.841641 0.0256425 0.00253871 0.000354982 1.80264e-06 
1.07185e-08 6.66655e-07 3.5425e-05 0.000394872 0.0095791 0.846816 0.108196 0.0328159 0.00213874 2.31648e-05 
3.68344e-12 2.82538e-10 1.1802e-08 3.10465e-07 1.26131e-05 0.002222 0.0235778 0.942851 0.0254541 0.00588254 
0.00322315 0.0317332 0.092848 0.840801 0.0300863 0.00126573 4.23214e-05 1.03277e-07 1.97119e-09 7.10898e-10 
2.63165e-26 6.82922e-23 1.48615e-19 2.62165e-16 1.26958e-14 2.93446e-10 1.65266e-08 7.10368e-06 0.00103644 0.998956 
1.02297e-11 8.16926e-10 3.18813e-08 8.28737e-07 2.96685e-05 0.00367617 0.0322992 0.0820869 0.876334 0.00557365 
1.20608e-05 0.000558895 0.00993945 0.0506723 0.856207 0.0726595 0.00930241 0.000636088 1.23691e-05 1.20877e-07 
5.57201e-06 0.000332324 0.0050773 0.317516 0.615558 0.0521001 0.00879777 0.000603794 9.12286e-06 1.54971e-07 
9.78126e-19 1.16645e-16 1.16146e-14 1.59105e-12 2.68754e-10 9.36897e-08 1.62996e-05 0.00027182 0.00225269 0.997459 
2.91519e-16 3.00059e-14 2.06644e-12 3.32517e-10 1.11681e-07 5.63335e-05 0.000262005 0.00574611 0.961475 0.0324602 
6.78003e-12 3.72501e-10 1.29365e-08 4.08747e-07 1.54274e-05 0.00224926 0.464624 0.51884 0.01348 0.000791091 
4.63319e-18 5.66603e-16 7.1001e-14 2.97629e-11 8.04901e-09 2.09799e-06 0.00030828 0.00378501 0.0159417 0.979963 
8.67748e-18 1.03232e-15 1.01777e-13 1.56897e-11 3.96672e-09 1.56229e-06 0.000158294 0.00146027 0.0121798 0.9862 
4.42465e-18 5.41063e-16 5.91462e-14 6.14155e-12 9.60068e-10 6.03662e-07 4.27166e-05 0.000786139 0.00897881 0.990192 
5.25305e-18 6.04246e-16 4.86188e-14 4.0409e-12 9.02689e-10 7.03556e-07 3.45158e-05 0.00357096 0.973134 0.0232602 
1.17754e-15 1.19679e-13 5.97495e-12 6.52357e-10 1.92e-07 9.456e-05 0.00118739 0.0151809 0.958716 0.0248214 
7.33286e-12 5.738e-10 2.07092e-08 5.51779e-07 1.78044e-05 0.0018487 0.0146145 0.0460673 0.926197 0.0112539 
1.43869e-05 0.000991286 0.00920454 0.063542 0.859749 0.0610728 0.00494735 0.000467068 1.10643e-05 1.03075e-07 
4.38605e-12 3.38895e-10 1.08083e-08 2.61485e-07 7.76806e-06 0.000652289 0.00627034 0.0271199 0.953748 0.0122017 
5.26549e-15 5.48995e-13 2.03289e-11 1.90642e-09 3.85674e-07 0.000174664 0.00217024 0.0196998 0.944193 0.0337616 
5.0416e-11 5.10645e-09 1.34275e-07 6.67569e-06 0.000315361 0.0101329 0.902325 0.0746989 0.0115739 0.000946631 
2.09438e-15 2.1647e-13 7.51748e-12 6.80402e-10 1.1496e-07 5.41032e-05 0.000607178 0.00486919 0.0206701 0.973799 
8.54075e-18 1.00717e-15 9.49024e-14 1.3982e-11 3.48615e-09 1.40201e-06 0.000136302 0.00132175 0.00911049 0.98943 
0.00541884 0.69506 0.152933 0.100166 0.0343454 0.0115897 0.000478284 8.53192e-06 1.2715e-07 2.37591e-09 
3.98872e-12 2.97551e-10 1.05713e-08 2.40714e-07 7.2971e-06 0.000816762 0.00686281 0.0309057 0.948968 0.0124387 
6.65386e-18 8.18733e-16 1.32273e-13 1.03919e-10 2.80298e-08 6.25172e-06 0.00106112 0.0118381 0.967445 0.01965 
3.46724e-09 1.41359e-07 1.77115e-06 0.000116897 0.00190545 0.019439 0.0687478 0.902432 0.00693448 0.000422557 
2.28956e-05 0.000304831 0.000915296 0.00560885 0.833944 0.119546 0.0362103 0.00312197 0.000324126 1.73969e-06 
6.72189e-19 1.00845e-16 2.42812e-14 1.59763e-11 4.98812e-09 8.07751e-07 0.000262952 0.00211469 0.0231482 0.974473 
3.48695e-12 2.90103e-10 1.32954e-08 3.85601e-07 1.92438e-05 0.00496063 0.860551 0.0950289 0.0319698 0.00747022 
6.82574e-12 5.45596e-10 2.20819e-08 6.42971e-07 2.65645e-05 0.00400822 0.0386676 0.936252 0.0196004 0.00144473 
4.13818e-19 6.22496e-17 1.48582e-14 9.34206e-12 2.89836e-09 4.5662e-07 0.000153947 0.000452388 0.00861008 0.990783 
2.38603e-05 0.00119424 0.0145804 0.0660927 0.805468 0.0959628 0.0156746 0.000989368 1.40727e-05 1.36463e-07 
8.09525e-06 0.000496397 0.0179243 0.795548 0.127433 0.0521889 0.00588309 0.000508735 9.26645e-06 9.5197e-08 
1.12055e-14 1.15734e-12 4.39563e-11 4.34521e-09 9.44636e-07 0.000398576 0.00369917 0.029332 0.944863 0.0217062 
2.87032e-12 2.43468e-10 1.04029e-08 2.60781e-07 1.11765e-05 0.00151155 0.0136818 0.0426499 0.928312 0.0138332 
1.27123e-10 9.37149e-09 1.85495e-07 1.6622e-05 0.000595013 0.0131543 0.918854 0.0566039 0.00996933 0.00080624 
7.2853e-15 7.49608e-13 2.84592e-11 2.68943e-09 5.57199e-07 0.0002416 0.00183018 0.0122666 0.952171 0.03349 
9.29284e-10 8.16351e-08 1.09004e-06 2.54202e-05 0.000439139 0.00878503 0.0589668 0.915074 0.0158396 0.000868598 
3.05955e-09 1.10829e-07 1.33462e-06 8.36851e-05 0.00130102 0.0171045 0.448326 0.529917 0.00320807 5.78032e-05 
1.32625e-17 1.61937e-15 2.06197e-13 9.49729e-11 2.76867e-08 5.69014e-06 0.000999609 0.0128823 0.952609 0.0335033 
3.166e-06 9.60724e-05 0.00203845 0.00852695 0.0445428 0.91017 0.031377 0.00288351 0.000360368 1.72715e-06 
9.53834e-15 9.86369e-13 3.78301e-11 3.81585e-09 8.42498e-07 0.000357156 0.00360284 0.0253423 0.952286 0.018411 
3.31038e-11 3.31216e-09 9.77719e-08 4.92801e-06 0.000327085 0.0178657 0.906732 0.0629919 0.0112416 0.000836794 
9.39129e-18 1.17326e-15 1.54741e-13 5.50625e-11 1.68115e-08 5.20997e-06 0.000543222 0.0111499 0.962811 0.0254908 
8.8937e-16 9.41377e-14 4.62143e-12 5.66762e-10 1.58527e-07 5.62957e-05 0.000446769 0.00198446 0.0113886 0.986124 
3.91207e-10 1.97204e-08 3.46762e-07 2.60353e-05 0.000915396 0.0209374 0.925561 0.0452705 0.00651641 0.000772873 
3.20635e-05 0.000623483 0.00375268 0.0287984 0.0907295 0.85395 0.0196185 0.00214108 0.000352742 1.63678e-06 
4.06818e-15 4.23171e-13 1.54059e-11 1.39971e-09 2.64687e-07 0.000101103 0.000953504 0.00470114 0.0229237 0.97132 
8.14237e-18 9.7672e-16 9.96087e-14 1.40407e-11 3.21189e-09 1.32823e-06 0.000135902 0.00148189 0.01272 0.985661 
8.04883e-18 9.63767e-16 9.83151e-14 1.57638e-11 3.75199e-09 1.33812e-06 0.000169304 0.00149466 0.010099 0.988236 
7.1261e-09 3.38889e-07 7.54314e-06 0.00041361 0.00841322 0.606414 0.359773 0.0235342 0.00142679 1.71152e-05 
1.85315e-12 1.56966e-10 8.16538e-09 2.99101e-07 1.59195e-05 0.00257681 0.0283992 0.939802 0.0243155 0.00489034 
3.66548e-18 4.26305e-16 3.67131e-14 3.77608e-12 8.9956e-10 5.53615e-07 2.0504e-05 0.000517634 0.00753847 0.991923 
7.60741e-18 9.18245e-16 9.95789e-14 2.2072e-11 5.76189e-09 1.7238e-06 0.000238279 0.00190711 0.0148493 0.983004 
6.57627e-15 6.80289e-13 2.60784e-11 2.54369e-09 5.53505e-07 0.000235361 0.00258721 0.309933 0.671988 0.0152557 
6.84988e-18 8.23503e-16 8.56825e-14 1.44849e-11 3.5943e-09 1.24263e-06 0.000160333 0.00124303 0.0106379 0.987957 
5.37013e-15 5.49986e-13 2.29699e-11 2.44431e-09 6.25143e-07 0.000256976 0.00245866 0.0144079 0.0378779 0.944998 
7.38577e-15 7.60016e-13 2.96321e-11 3.03318e-09 7.01825e-07 0.000302404 0.00236012 0.0172062 0.0467142 0.933416 
3.13682e-13 1.35359e-11 2.40031e-10 1.07476e-08 7.23694e-07 0.000287464 0.0058804 0.933713 0.047816 0.0123024 
2.73883e-09 7.44877e-08 7.70206e-07 2.1452e-05 0.000411704 0.0090532 0.907816 0.0690705 0.0126377 0.000988888 
4.04874e-06 5.45561e-05 0.000222198 0.000574326 0.0116702 0.667275 0.286607 0.0307 0.00286618 2.72233e-05 
3.28844e-18 4.0466e-16 4.70928e-14 9.63396e-12 2.44406e-09 6.85307e-07 0.00012093 0.000749603 0.00670601 0.992423 
3.49378e-11 9.43574e-10 2.33433e-08 6.27856e-07 2.36557e-05 0.00300137 0.902543 0.0790554 0.0144249 0.000951452 
5.64246e-12 5.13269e-10 2.06956e-08 1.14613e-06 0.00015072 0.00886455 0.866854 0.0717836 0.0400194 0.0123267 
6.4445e-13 6.08301e-11 2.20417e-09 4.36419e-08 1.95538e-06 0.000672846 0.00853557 0.92078 0.0555332 0.0144762 
2.19543e-32 5.74904e-29 1.25339e-25 2.21075e-22 2.06875e-20 2.26248e-16 1.73984e-12 3.15936e-08 0.000376225 0.999624 
1.16655e-17 1.38325e-15 1.3446e-13 2.11101e-11 5.32768e-09 2.04207e-06 0.000219957 0.00453071 0.956543 0.0387041 
6.30122e-16 6.19634e-14 3.51684e-12 5.87057e-10 1.90857e-07 6.89147e-05 0.000615005 0.012462 0.965981 0.0208727 
3.40224e-19 4.01454e-17 3.70085e-15 3.1484e-13 5.91416e-11 4.47755e-08 1.40188e-06 0.000113953 0.00461594 0.995269 
1.09337e-11 9.12062e-10 3.10008e-08 1.1849e-06 9.54615e-05 0.00700244 0.905393 0.0718811 0.0145161 0.00111094 
7.86746e-13 8.56534e-11 6.6165e-09 2.58682e-07 1.50133e-05 0.00257265 0.0266909 0.938493 0.0265211 0.00570731 
7.37223e-09 7.29344e-07 3.21822e-05 0.00159459 0.0245307 0.879264 0.0504778 0.0354717 0.00758755 0.00104029 
1.01028e-05 0.000475746 0.00845468 0.0432486 0.107789 0.826684 0.0127208 0.000608554 8.86085e-06 8.51366e-08 
1.00708e-18 1.18689e-16 1.12949e-14 2.05065e-12 5.96787e-10 2.34107e-07 2.14872e-05 0.0002226 0.00228412 0.997472 
8.40195e-05 0.00552611 0.0512826 0.846585 0.082896 0.013113 0.00050544 7.42003e-06 1.14663e-07 1.79482e-09 
7.39911e-06 0.000101827 0.000405561 0.00188653 0.01146 0.0434669 0.915876 0.0254497 0.00132979 1.60116e-05 
7.15724e-06 0.000446741 0.00694984 0.0549032 0.875209 0.0555368 0.00635627 0.000555686 3.51955e-05 5.54839e-07 
4.11064e-18 4.91898e-16 5.1487e-14 1.25442e-11 3.75809e-09 1.14289e-06 0.000159992 0.000998194 0.0103183 0.988522 
2.4801e-16 2.41378e-14 1.24231e-12 1.30221e-10 3.24362e-08 1.55333e-05 0.000738879 0.00380969 0.0206124 0.974823 
4.21106e-06 0.000148905 0.00283286 0.0127696 0.0570421 0.893431 0.031226 0.00234979 0.000194707 1.33575e-06 
4.4872e-05 0.00365605 0.0426562 0.841201 0.0839429 0.0264012 0.00202291 7.00208e-05 4.90737e-06 3.26853e-08 
8.90011e-12 7.17651e-10 2.79263e-08 7.2632e-07 2.37566e-05 0.00265185 0.0234232 0.908992 0.0554099 0.00949871 
8.96819e-06 0.000495803 0.0082071 0.0382281 0.0982987 0.833931 0.0197342 0.00108094 1.50243e-05 1.92829e-07 
6.17191e-09 2.34091e-07 2.69502e-06 0.000129179 0.00163015 0.0128842 0.0513485 0.91491 0.0182046 0.000890522 
0.000198439 0.00748216 0.0572309 0.789475 0.109115 0.0336646 0.00252223 0.000305484 6.11015e-06 6.29643e-08 
9.9613e-05 0.0079807 0.704477 0.179381 0.085562 0.0210935 0.00135855 4.49501e-05 3.10237e-06 2.14689e-08 
1.13466e-14 1.17117e-12 4.60284e-11 4.67304e-09 1.07401e-06 0.000458002 0.00515111 0.890067 0.0825527 0.0217699 
2.3931e-15 2.43591e-13 1.0539e-11 1.26431e-09 3.33783e-07 0.000138723 0.00115515 0.015757 0.951658 0.0312907 
2.13635e-15 2.21177e-13 7.67339e-12 6.47438e-10 7.98636e-08 4.06351e-05 0.000596082 0.00404172 0.957364 0.0379578 
7.07373e-06 0.000296151 0.00568112 0.0185069 0.111734 0.184135 0.67319 0.00605398 0.000393683 2.46877e-06 
3.07137e-05 0.000484885 0.00208347 0.0226369 0.826187 0.119873 0.0256751 0.00259964 0.000426884 2.07982e-06 
4.6159e-15 4.78317e-13 1.87803e-11 1.94354e-09 4.57855e-07 0.000199087 0.00172921 0.0167686 0.969305 0.0119972 
3.77112e-14 1.76832e-12 4.47372e-11 4.8323e-09 1.03129e-06 0.000514232 0.00610862 0.0310957 0.946713 0.0155674 
6.45722e-15 6.66708e-13 2.68005e-11 2.71633e-09 6.47857e-07 0.000284289 0.00234747 0.0205393 0.96147 0.0153584 
7.80597e-16 8.19473e-14 3.2996e-12 3.17142e-10 6.50894e-08 3.66863e-05 0.000907081 0.00967567 0.950029 0.039351 
0.0055179 0.692884 0.156844 0.0870572 0.041767 0.0149935 0.000906996 2.83626e-05 1.52859e-06 1.11715e-08 
7.39551e-08 1.27774e-06 2.03348e-05 0.000536695 0.0128273 0.0770243 0.876132 0.0309991 0.00243258 2.616e-05 
7.91137e-18 9.60241e-16 1.04864e-13 1.94785e-11 4.89128e-09 1.52536e-06 0.000230353 0.00163208 0.0133344 0.984802 
8.31578e-18 9.94984e-16 1.00516e-13 1.46669e-11 3.44238e-09 1.39181e-06 0.000144231 0.00143063 0.0121432 0.986281 
4.81728e-18 5.60112e-16 4.80637e-14 4.64411e-12 1.01152e-09 6.49968e-07 2.25256e-05 0.000857868 0.00841375 0.990705 
6.11113e-09 2.12169e-07 2.45131e-06 7.62841e-05 0.00170774 0.0268051 0.915425 0.0491693 0.00633134 0.000482791 
3.96593e-15 4.09794e-13 1.78396e-11 1.86797e-09 4.92911e-07 0.000220553 0.00154681 0.015659 0.96144 0.0211332 
1.04664e-14 1.22068e-12 1.11655e-10 7.96377e-09 1.71295e-06 0.000853442 0.013679 0.938382 0.0362719 0.0108119 
9.64383e-07 1.60629e-05 0.000313366 0.00561862 0.0520678 0.877779 0.04862 0.0142002 0.00136652 1.77604e-05 
7.18303e-18 8.68381e-16 9.40139e-14 1.91792e-11 4.54274e-09 1.51282e-06 0.00023207 0.00579127 0.0248358 0.969139 
4.66326e-12 3.62727e-10 1.3115e-08 3.43184e-07 1.31197e-05 0.00156109 0.0153361 0.04148 0.932741 0.00886873 
8.94064e-15 9.24972e-13 3.59288e-11 3.7557e-09 8.93602e-07 0.000414126 0.0039256 0.033895 0.940683 0.0210818 
1.07896e-25 2.75224e-22 5.97137e-19 1.06191e-15 7.251e-14 1.07794e-09 6.35524e-08 3.96419e-05 0.00242432 0.997536 
4.56837e-06 0.000180807 0.00616672 0.0452397 0.832746 0.0737441 0.0312873 0.00962378 0.000993616 1.32052e-05 
5.27628e-15 5.44807e-13 2.05355e-11 2.02277e-09 4.24488e-07 0.000186244 0.00195091 0.016477 0.501721 0.479665 
2.69302e-05 0.000474447 0.00345216 0.0364286 0.124812 0.814386 0.0184328 0.0017034 0.000283151 1.02391e-06 
1.83902e-14 2.17421e-12 2.08318e-10 1.20431e-08 1.8974e-06 0.000646137 0.00844843 0.0298001 0.951551 0.00955279 
1.15626e-11 9.93668e-10 3.68925e-08 1.57897e-06 5.10056e-05 0.00379385 0.0358075 0.938063 0.0208239 0.00145887 
1.03122e-14 1.06354e-12 4.20821e-11 4.80183e-09 1.16017e-06 0.000667603 0.0105708 0.0496667 0.922494 0.0165999 
3.75076e-18 4.42012e-16 4.23293e-14 8.42219e-12 2.30136e-09 6.89714e-07 0.000101723 0.000723462 0.00872549 0.990449 
1.04918e-14 1.10907e-12 5.32965e-11 4.50889e-09 8.68651e-07 0.00034669 0.00285608 0.0244914 0.95438 0.0179255 
8.48417e-15 8.77165e-13 3.32638e-11 3.3273e-09 7.16471e-07 0.000301088 0.00320004 0.0257931 0.952274 0.0184308 
4.63258e-12 3.46347e-10 1.27828e-08 3.37753e-07 1.03698e-05 0.00118306 0.00842956 0.0327036 0.944768 0.0129049 
6.15226e-18 7.36505e-16 7.53651e-14 1.32499e-11 3.38562e-09 1.13471e-06 0.000149912 0.00114001 0.00542675 0.993282 
8.59458e-12 6.76611e-10 2.51915e-08 6.42252e-07 2.19772e-05 0.00242538 0.0227003 0.929835 0.0375625 0.0074536 
3.66904e-05 0.000487552 0.0014026 0.00560251 0.0460971 0.890789 0.0475102 0.00733918 0.000729788 5.00636e-06 
5.23965e-15 5.45795e-13 2.28629e-11 2.68365e-09 7.08064e-07 0.000306913 0.00229416 0.0227342 0.957107 0.0175568 
1.65779e-05 0.000218687 0.000526725 0.00264261 0.0336136 0.911195 0.0412275 0.00986247 0.000688212 8.70372e-06 
9.48364e-12 8.32022e-10 3.20137e-08 1.14433e-06 5.45773e-05 0.00363941 0.0297958 0.951798 0.0137685 0.000942625 
6.63124e-12 5.27801e-10 1.94937e-08 4.95654e-07 1.7594e-05 0.00224257 0.024909 0.957151 0.0142916 0.00138772 
5.05537e-15 5.24136e-13 2.11452e-11 2.13851e-09 5.21705e-07 0.000241499 0.00217878 0.927968 0.0556097 0.0140012 
4.85912e-27 1.03681e-23 2.15836e-20 3.92798e-17 8.17714e-15 6.66756e-12 3.60956e-09 4.35214e-06 0.000450764 0.999545 
2.35467e-05 0.000312994 0.000906237 0.00403351 0.0465034 0.898338 0.0451384 0.00439911 0.000343058 1.79839e-06 
8.68727e-06 0.000480871 0.00857054 0.0385011 0.092281 0.839186 0.0198361 0.00110486 2.98563e-05 6.53082e-07 
1.75486e-08 1.12943e-06 4.50254e-05 0.00250761 0.810176 0.109896 0.0563418 0.0195066 0.00150563 2.08447e-05 
9.80418e-20 1.29929e-17 2.35792e-15 1.56317e-12 4.90468e-10 9.04767e-08 2.44694e-05 0.000282836 0.00337835 0.996314 
4.02247e-15 4.12795e-13 1.42506e-11 1.35635e-09 2.22838e-07 9.89649e-05 0.00181634 0.0188058 0.958782 0.0204972 
2.25125e-18 2.71075e-16 2.93622e-14 7.66671e-12 2.32663e-09 6.50873e-07 0.000102291 0.000875502 0.9774 0.021622 
2.10944e-18 2.63674e-16 3.52932e-14 1.42414e-11 4.23951e-09 8.25661e-07 0.000244243 0.00437332 0.967479 0.027903 
1.3117e-24 2.03197e-21 4.05466e-18 7.31545e-15 1.7442e-12 2.4645e-09 1.89543e-07 7.0281e-05 0.00556211 0.994367 
2.77299e-05 0.000532773 0.00379817 0.0450497 0.868036 0.0667722 0.0132925 0.00210321 0.000386076 1.84067e-06 
1.95868e-05 0.000374716 0.0030313 0.108786 0.73596 0.140222 0.010156 0.00121416 0.000234298 1.04271e-06 
0.00429278 0.063045 0.862856 0.0630588 0.00627818 0.000464819 4.84059e-06 5.56224e-08 1.01872e-09 3.07038e-10 
6.91839e-10 2.28669e-08 2.65299e-07 1.02026e-05 0.000282813 0.00486301 0.0340135 0.945025 0.014833 0.000972463 
1.10202e-11 1.00207e-09 3.1226e-08 1.37441e-06 0.000114185 0.00578464 0.0382364 0.933245 0.0211685 0.0014496 
7.1684e-15 7.38683e-13 2.9123e-11 2.96168e-09 6.89305e-07 0.000292698 0.00236756 0.0215192 0.959633 0.0161864 
5.27926e-09 2.09725e-07 2.92747e-06 0.000170756 0.0026063 0.421305 0.534282 0.0386717 0.00293218 2.87671e-05 
6.74541e-15 6.96083e-13 2.69071e-11 2.74187e-09 6.14372e-07 0.000265917 0.00309569 0.475939 0.50616 0.0145395 
3.53851e-15 3.62488e-13 1.33462e-11 1.28749e-09 2.61316e-07 9.42363e-05 0.000858949 0.0044203 0.946657 0.0479691 
0.00214968 0.0458892 0.805699 0.121786 0.0228823 0.00157147 2.24109e-05 2.52353e-07 3.07152e-09 6.64879e-10 
6.15897e-18 7.47354e-16 8.17881e-14 1.56233e-11 3.88824e-09 1.16691e-06 0.000188589 0.00155463 0.959639 0.0386166 
2.16285e-05 0.000285379 0.000732762 0.00260302 0.0284972 0.863525 0.0754052 0.0264237 0.00241757 8.83881e-05 
3.26886e-15 3.36111e-13 1.10579e-11 1.06201e-09 1.71359e-07 7.04683e-05 0.000602331 0.00461765 0.958789 0.0359201 
4.53559e-12 3.75194e-10 1.28924e-08 3.34886e-07 1.14494e-05 0.00114943 0.0132886 0.0473955 0.925815 0.0123398 
2.0433e-06 2.99423e-05 0.000245787 0.0039158 0.044094 0.491718 0.447012 0.0120477 0.000921928 1.32653e-05 
2.09913e-05 0.000275935 0.000614609 0.00147254 0.00845944 0.0420722 0.919207 0.0263638 0.00150118 1.17681e-05 
2.71792e-05 0.00119601 0.0133814 0.0713634 0.846694 0.0614387 0.00536437 0.000526231 8.69119e-06 9.43033e-08 
2.66947e-05 0.000349218 0.000703801 0.00107701 0.00659365 0.0392255 0.916691 0.0331311 0.00218349 1.85678e-05 
2.29816e-12 2.25726e-10 1.08548e-08 2.71743e-07 1.18499e-05 0.00221332 0.0226771 0.945876 0.0237093 0.00551217 
9.38974e-06 0.000372885 0.00662526 0.0335374 0.107547 0.826075 0.0244432 0.00136874 2.08533e-05 2.58777e-07 
4.42643e-10 1.65359e-08 3.01359e-07 2.03392e-05 0.000914447 0.0191158 0.0761502 0.891563 0.0113392 0.000896436 
3.82158e-09 1.12659e-07 1.17885e-06 7.58586e-05 0.000731505 0.0126672 0.0555016 0.920567 0.0101544 0.000300835 
4.65811e-15 4.86863e-13 1.80634e-11 1.64342e-09 3.32706e-07 0.000142452 0.0025006 0.0244107 0.956392 0.0165534 
1.19758e-15 1.17906e-13 6.17262e-12 8.89961e-10 2.69293e-07 0.000111729 0.000522489 0.00218803 0.0133077 0.98387 
2.97375e-28 7.39682e-25 1.61316e-21 3.17237e-18 8.1742e-16 2.03055e-12 2.91087e-09 1.0319e-06 0.00200141 0.997998 
1.03797e-17 1.23602e-15 1.2243e-13 1.86435e-11 4.51143e-09 1.73414e-06 0.000190107 0.00184945 0.0148149 0.983144 
1.89599e-05 0.000253144 0.00084838 0.00658234 0.546331 0.414907 0.0280806 0.00264485 0.000332162 1.71384e-06 
7.60303e-18 9.26557e-16 1.03197e-13 1.99244e-11 5.11153e-09 1.60217e-06 0.000237625 0.00171122 0.0155078 0.982542 
5.77721e-15 5.96952e-13 2.28258e-11 2.25153e-09 4.87299e-07 0.00021425 0.00243707 0.017989 0.648951 0.330408 
7.25686e-15 7.49264e-13 2.86928e-11 2.84301e-09 6.16553e-07 0.000266153 0.00275772 0.023658 0.946828 0.0264896 
1.26481e-09 5.10385e-08 6.85497e-07 7.89247e-05 0.00169492 0.0207657 0.946192 0.0278197 0.00315269 0.000295525 
8.07008e-18 9.67369e-16 9.82992e-14 1.38868e-11 3.26283e-09 1.39423e-06 0.00013231 0.00158872 0.0120343 0.986243 
9.45064e-15 9.75824e-13 3.80786e-11 4.09119e-09 9.82119e-07 0.000509532 0.00882427 0.91286 0.059679 0.0181263 
9.60567e-18 1.1725e-15 1.27554e-13 1.61216e-11 3.7025e-09 1.29217e-06 0.000122766 0.00113342 0.00940683 0.989336 
2.40001e-05 0.0017198 0.0107139 0.0438283 0.0913057 0.837712 0.014034 0.000653592 8.32396e-06 7.67357e-08 
5.60872e-15 5.82441e-13 2.29469e-11 2.35714e-09 5.4611e-07 0.000233741 0.00205003 0.015675 0.959313 0.0227278 
1.25961e-14 1.34409e-12 7.25345e-11 6.87153e-09 1.60795e-06 0.000719205 0.00999532 0.0486537 0.919685 0.0209448 
7.95226e-15 8.23118e-13 3.07243e-11 3.01624e-09 6.29209e-07 0.000270321 0.0025864 0.0158988 0.0428447 0.938399 
9.20366e-13 6.88615e-11 2.23438e-09 4.23768e-08 1.16595e-06 0.000267823 0.00270166 0.0195513 0.953363 0.0241147 
2.06845e-27 5.09286e-24 1.10264e-20 2.0812e-17 3.67724e-15 9.80733e-12 1.89134e-09 9.03009e-07 0.00131052 0.998689 
7.36974e-18 8.95519e-16 9.8423e-14 1.86046e-11 4.68238e-09 1.44728e-06 0.000222331 0.00187804 0.0154907 0.982407 
4.89917e-09 2.33769e-07 2.99812e-06 0.000159091 0.00230208 0.0212959 0.0731557 0.894266 0.00854113 0.000276572 
1.03208e-17 1.23574e-15 1.25679e-13 1.96886e-11 4.82189e-09 1.80873e-06 0.000205425 0.00179658 0.0141669 0.983829 
1.01936e-19 1.32176e-17 2.00429e-15 7.87147e-13 2.24818e-10 4.18835e-08 1.20933e-05 9.01897e-05 0.00330834 0.996589 
0.0933844 0.561728 0.221154 0.0974836 0.0210246 0.00493254 0.000284691 7.51588e-06 1.74035e-07 1.98584e-09 
1.32606e-17 1.68513e-15 2.15443e-13 3.11116e-11 1.02932e-08 8.91516e-06 0.00017035 0.00212379 0.0132375 0.984459 
1.14043e-17 1.36896e-15 1.40253e-13 2.04294e-11 4.78037e-09 1.9052e-06 0.000203572 0.00188968 0.0133995 0.984505 
8.5136e-18 1.03312e-15 1.1228e-13 1.97109e-11 4.84025e-09 1.59608e-06 0.000225488 0.00167849 0.0144149 0.98368 
7.98624e-12 6.44143e-10 2.8107e-08 1.40596e-06 0.000597019 0.0221218 0.908427 0.0559883 0.0119894 0.000875253 
0.00175623 0.0179968 0.0771689 0.862387 0.0387212 0.00183526 0.000133456 1.32052e-06 2.08099e-08 7.55259e-10 
3.59236e-12 2.51453e-10 7.64846e-09 1.72226e-07 4.13887e-06 0.000538369 0.00478603 0.0256302 0.954157 0.0148837 
1.08393e-11 9.81381e-10 8.57851e-08 7.54802e-05 0.00830632 0.865337 0.0603314 0.0536844 0.0113054 0.000959991 
6.70434e-15 6.89308e-13 2.62536e-11 2.55916e-09 5.39154e-07 0.000240684 0.00290028 0.475552 0.500506 0.0208002 
2.75341e-05 0.000367258 0.00116157 0.00805779 0.0647673 0.886483 0.035591 0.00313128 0.000411556 2.07814e-06 
1.00109e-05 0.000137531 0.000664907 0.00516945 0.787752 0.143929 0.0516856 0.00971859 0.000922214 1.12e-05 
6.51528e-15 6.80999e-13 2.77619e-11 4.00133e-09 1.12274e-06 0.00125501 0.896385 0.0454351 0.0406577 0.0162661 
1.67323e-30 4.38134e-27 9.54827e-24 1.676e-20 9.3997e-19 8.59507e-15 3.39232e-11 2.93213e-07 0.00112305 0.998877 
4.89763e-15 5.06003e-13 1.9585e-11 2.01618e-09 4.5715e-07 0.000182061 0.00211176 0.0193771 0.0492937 0.929035 
9.74783e-19 1.19264e-16 1.32984e-14 1.93452e-12 3.53223e-10 1.14012e-07 2.08782e-05 0.00024616 0.00263205 0.997101 
3.20323e-05 0.000424335 0.00119387 0.00387287 0.0424464 0.910507 0.0371613 0.00400197 0.000356945 3.04115e-06 
5.06272e-09 1.94643e-07 2.55368e-06 0.000253348 0.0116131 0.629923 0.323937 0.0319399 0.00230815 2.31379e-05 
2.34239e-11 2.44656e-09 9.94575e-08 3.76157e-05 0.00393164 0.450343 0.0465768 0.482877 0.0135437 0.00269087 
6.92068e-15 7.16553e-13 2.78967e-11 2.7932e-09 6.44619e-07 0.000276409 0.0016455 0.00889577 0.0294044 0.959777 
7.23244e-07 1.05587e-05 5.70299e-05 0.000845812 0.00862801 0.042454 0.916181 0.0300729 0.00173188 1.8226e-05 
6.2106e-15 6.42986e-13 2.40798e-11 2.36414e-09 4.94598e-07 0.000206079 0.00216486 0.0180076 0.957477 0.0221438 
7.77443e-15 8.01596e-13 3.1928e-11 3.2796e-09 7.89117e-07 0.000316306 0.00208126 0.0161782 0.947904 0.0335191 
8.98854e-18 1.06939e-15 1.06508e-13 1.87439e-11 4.84023e-09 1.67408e-06 0.000208434 0.00178784 0.0148984 0.983104 
6.40411e-09 4.13346e-07 1.43866e-05 0.000449064 0.187931 0.696005 0.10146 0.0132292 0.000901017 9.89838e-06 
2.21774e-05 0.000524685 0.00569743 0.0450791 0.846832 0.08062 0.0190217 0.00205809 0.00014441 7.16943e-07 
8.25285e-15 8.52107e-13 3.3505e-11 3.53404e-09 8.05522e-07 0.000349525 0.00355142 0.0291727 0.945328 0.0215976 
5.43089e-19 6.3315e-17 5.48037e-15 4.62827e-13 1.2662e-10 1.06676e-07 4.64482e-07 7.35109e-05 7.52127e-05 0.999851 
1.07529e-15 1.13769e-13 5.3845e-12 6.05074e-10 1.58314e-07 0.000101654 0.00107412 0.0117128 0.954004 0.0331074 
6.95266e-15 7.18601e-13 2.71081e-11 2.65345e-09 5.67611e-07 0.000245458 0.0025259 0.0204953 0.947585 0.0291478 
4.97229e-05 0.0040411 0.0505016 0.838156 0.0819053 0.0230964 0.00207277 0.000172337 4.29855e-06 3.66402e-08 
9.8556e-13 9.4889e-11 5.1737e-09 2.03343e-07 1.09594e-05 0.00151877 0.0153454 0.497399 0.478385 0.00734096 
1.0786e-17 1.29779e-15 1.34793e-13 2.05714e-11 4.84013e-09 1.81676e-06 0.000213774 0.0020118 0.0119055 0.985867 
3.95768e-16 4.10795e-14 1.45135e-12 1.34271e-10 1.69298e-08 5.24154e-06 0.000362944 0.00556407 0.94627 0.047798 
2.40912e-05 0.00101226 0.299531 0.310782 0.294938 0.0492311 0.0282468 0.0148416 0.00137113 2.10442e-05 
5.03206e-09 2.21726e-07 2.75115e-06 0.000162008 0.00224737 0.0221331 0.0683008 0.901249 0.00576531 0.000139651 
4.39914e-14 5.32006e-12 5.29598e-10 1.96147e-08 1.19185e-06 0.00022535 0.00202632 0.0650803 0.806276 0.126391 
0.106303 0.269847 0.59745 0.0256077 0.000779978 1.15222e-05 2.16535e-07 6.05751e-09 1.34894e-10 2.62517e-12 
7.10686e-26 1.16016e-23 4.63712e-21 5.52812e-18 1.70829e-15 2.73957e-13 6.78589e-11 4.8232e-08 0.000250084 0.99975 
6.89547e-12 5.52106e-10 2.16588e-08 5.8321e-07 2.26584e-05 0.00309667 0.0326238 0.939675 0.0227872 0.00179444 
3.4652e-11 3.36415e-09 1.00136e-07 5.80443e-06 0.00029755 0.0175865 0.913102 0.0571227 0.0108287 0.00105625 
7.94453e-18 9.66381e-16 1.05213e-13 1.60498e-11 3.63839e-09 1.38349e-06 0.000165611 0.00167969 0.0135122 0.984641 
6.44255e-12 5.13869e-10 1.93721e-08 5.07582e-07 1.93153e-05 0.002586 0.0291353 0.949849 0.0172348 0.00117463 
1.22901e-05 0.000164043 0.000473276 0.00215786 0.0156057 0.84539 0.101006 0.0330211 0.00215086 1.86092e-05 
5.23993e-15 5.38847e-13 2.00606e-11 2.07064e-09 4.5445e-07 0.000183523 0.00188276 0.0138633 0.966338 0.0177319 
1.36297e-15 1.40158e-13 5.98036e-12 6.94671e-10 1.87528e-07 9.28112e-05 0.000766136 0.00792537 0.95821 0.0330059 
3.16436e-09 7.52327e-08 7.23252e-07 3.98406e-05 0.000395236 0.00525221 0.0363151 0.929568 0.0264973 0.00193122 
9.22582e-05 0.00432881 0.0418597 0.811697 0.109074 0.03149 0.00143396 2.40001e-05 3.89836e-07 4.43904e-09 
7.70477e-12 6.28583e-10 2.33244e-08 5.78452e-07 2.13467e-05 0.00279147 0.029425 0.945714 0.019892 0.00215515 
9.06907e-18 1.09509e-15 1.16692e-13 2.08417e-11 5.18812e-09 1.69107e-06 0.000239784 0.00177332 0.0134495 0.984536 
1.26544e-16 1.37519e-14 6.54721e-13 7.59674e-11 1.9452e-08 1.06598e-05 0.000429947 0.00980008 0.952387 0.0373721 
4.46476e-15 4.59361e-13 1.98041e-11 2.17921e-09 6.0268e-07 0.000261219 0.00210557 0.0154848 0.958358 0.0237899 
5.51681e-09 1.93525e-07 2.46977e-06 0.00026599 0.0145089 0.890314 0.0694913 0.0235914 0.00180657 1.92069e-05 
1.02895e-17 1.23847e-15 1.2946e-13 2.13793e-11 5.16068e-09 1.83879e-06 0.000248552 0.00439502 0.947418 0.0479361 
2.06603e-05 0.000367331 0.00133578 0.014248 0.0646239 0.893661 0.0234873 0.00202237 0.000232701 1.26817e-06 
2.47188e-12 2.17487e-10 7.61209e-09 1.21254e-07 1.9778e-06 0.000231133 0.00249766 0.0154887 0.0361275 0.945653 
1.15082e-05 0.000670043 0.00859725 0.0402449 0.490606 0.443192 0.0156985 0.000966351 1.356e-05 1.63651e-07 
6.35175e-18 7.71531e-16 8.43824e-14 1.53787e-11 3.91186e-09 1.28376e-06 0.000185077 0.00193162 0.0133411 0.984541 
6.32739e-09 2.48397e-07 3.06577e-06 0.00016652 0.00247231 0.0236154 0.0725118 0.896342 0.00479527 9.38008e-05 
5.58394e-15 5.77718e-13 2.27562e-11 2.38327e-09 5.53743e-07 0.0002417 0.00499753 0.910878 0.0564377 0.0274445 
9.61671e-18 1.22393e-15 1.92831e-13 1.12011e-10 3.349e-08 7.6668e-06 0.00102633 0.00835594 0.958575 0.0320346 
3.76016e-16 3.72827e-14 1.87714e-12 2.5959e-10 7.79841e-08 3.03079e-05 0.000272672 0.00376114 0.954174 0.0417617 
6.91743e-15 7.07547e-13 2.78554e-11 2.8966e-09 6.62783e-07 0.000267958 0.00271723 0.0209819 0.960967 0.015065 
3.12603e-20 3.61381e-18 3.06027e-16 3.96411e-14 6.49203e-12 4.04312e-09 3.65319e-07 4.80187e-05 0.00398926 0.995962 
5.99858e-15 6.19418e-13 2.34613e-11 2.54333e-09 5.94738e-07 0.000341607 0.00452917 0.920824 0.058579 0.0157255 
1.15016e-21 1.57197e-19 3.05786e-17 1.86518e-14 5.95019e-12 2.58977e-09 1.92724e-07 3.06881e-05 0.000957802 0.999011 
8.40608e-18 1.00761e-15 1.02985e-13 1.60017e-11 3.85693e-09 1.43791e-06 0.000167173 0.00137626 0.00820456 0.990251 
1.73829e-12 9.96985e-11 3.9806e-09 3.77061e-07 0.000328655 0.852163 0.049163 0.0477535 0.0383455 0.0122461 
1.63737e-46 1.02591e-41 1.51193e-36 3.21743e-31 3.74429e-26 5.81393e-21 2.14064e-15 4.80346e-10 4.89195e-05 0.999951 
9.87514e-18 1.18459e-15 1.21962e-13 2.01766e-11 4.95584e-09 1.74911e-06 0.000220023 0.00183245 0.0152995 0.982646 
7.66035e-18 9.29566e-16 1.01081e-13 1.78501e-11 4.39212e-09 1.43669e-06 0.000204809 0.00160859 0.946251 0.0519342 
4.11109e-06 5.94288e-05 0.000443798 0.00274232 0.0336218 0.879354 0.0676079 0.0152011 0.000955664 9.91402e-06 
3.50439e-05 0.00046475 0.00132171 0.00419978 0.0366219 0.0934022 0.856216 0.00712993 0.000605415 3.32072e-06 
4.03865e-14 2.34144e-12 6.97869e-11 3.48946e-09 6.52314e-07 0.000272026 0.00210319 0.0178317 0.966431 0.0133611 
1.22636e-05 0.000164037 0.000510689 0.0018377 0.0128061 0.0462742 0.916219 0.0210167 0.00114951 9.46757e-06 
6.32715e-18 7.6124e-16 7.93629e-14 1.29703e-11 3.13819e-09 1.13218e-06 0.00014288 0.00219122 0.951534 0.0461307 
6.22259e-09 1.94376e-07 2.24186e-06 0.000151261 0.00250193 0.031637 0.921139 0.0410046 0.00331622 0.000247274 
6.47686e-05 0.00362233 0.0190854 0.086932 0.845302 0.0437406 0.00123201 2.01079e-05 2.82823e-07 3.11955e-09 
4.68156e-15 4.83007e-13 1.91038e-11 1.90655e-09 4.50845e-07 0.000191738 0.00150575 0.419647 0.562763 0.0158923 
5.22831e-18 6.06931e-16 5.12253e-14 4.10341e-12 1.06303e-09 8.61832e-07 4.61156e-06 0.000539277 0.00429841 0.995157 
1.62695e-15 1.53397e-13 8.21868e-12 1.10389e-09 3.43272e-07 0.000133066 0.000639601 0.00181118 0.0308732 0.966543 
2.28526e-05 0.0019011 0.0119532 0.0590194 0.879099 0.0447408 0.00294522 0.000312103 6.32443e-06 6.45612e-08 
0.0543121 0.864302 0.0739287 0.00723567 0.000214146 7.14633e-06 1.61246e-07 5.8135e-10 7.00928e-12 2.29724e-12 
1.45249e-22 8.25605e-20 9.34313e-17 1.63143e-13 5.52939e-11 3.92033e-08 1.08901e-06 0.000175477 0.00883303 0.99099 
1.17658e-15 1.23515e-13 4.38395e-12 4.04613e-10 7.52779e-08 3.75719e-05 0.000880161 0.00936243 0.0297053 0.960014 
8.09834e-11 8.07403e-09 1.28823e-07 7.66032e-06 0.000497136 0.0066044 0.868342 0.101218 0.0205438 0.00278739 
3.03508e-05 0.000537572 0.00383468 0.0414976 0.862426 0.0727308 0.0160162 0.00250991 0.000414772 1.9817e-06 
4.22568e-09 1.91099e-07 2.36986e-06 0.000102005 0.00142751 0.0234164 0.904254 0.059828 0.0104257 0.000544175 
1.07618e-05 0.000143982 0.000480507 0.00200509 0.0321418 0.902003 0.048807 0.0131213 0.00127658 9.49614e-06 
3.15631e-23 1.93462e-20 2.19949e-17 3.84966e-14 1.31166e-11 9.69141e-09 2.56726e-07 4.65645e-05 0.0041291 0.995824 
5.87958e-12 4.61416e-10 1.70591e-08 4.49944e-07 1.66434e-05 0.00215731 0.0226829 0.952844 0.0196194 0.00267909 
7.3331e-14 8.90582e-12 8.98484e-10 3.9418e-08 4.25035e-06 0.00116185 0.0158925 0.937137 0.0354127 0.0103918 
7.24224e-15 7.47613e-13 2.8731e-11 2.86335e-09 6.38978e-07 0.000256902 0.00237163 0.0172509 0.956287 0.0238331 
9.78767e-18 1.18331e-15 1.26773e-13 2.27549e-11 5.6961e-09 1.85129e-06 0.000262764 0.00197219 0.0166154 0.981148 
7.60021e-06 0.000102372 0.000374101 0.000898224 0.00565488 0.146408 0.8173 0.0272395 0.00199436 2.07234e-05 
2.61473e-05 0.000353754 0.00130067 0.0132584 0.862454 0.0940826 0.0260405 0.00217675 0.000306096 1.31071e-06 
1.20577e-23 6.04083e-21 6.69453e-18 1.16269e-14 3.92669e-12 2.57364e-09 8.14656e-08 1.42016e-05 0.00191224 0.998073 
1.22249e-17 1.56843e-15 2.5146e-13 1.41203e-10 4.10801e-08 1.06135e-05 0.0013111 0.0173141 0.950538 0.0308256 
4.5337e-12 3.47961e-10 1.14275e-08 2.91965e-07 1.04652e-05 0.00138723 0.0166184 0.0566223 0.916693 0.00866777 
5.33314e-12 4.62615e-10 1.78767e-08 7.66564e-07 6.00502e-05 0.00591845 0.916404 0.0639555 0.0128428 0.000818481 
9.96484e-18 1.20202e-15 1.27144e-13 2.17646e-11 5.32609e-09 1.79229e-06 0.000244443 0.00195603 0.0143331 0.983465 
5.09686e-27 1.32855e-23 2.8923e-20 5.07097e-17 1.82985e-15 6.25105e-11 2.72339e-09 1.40523e-06 0.000595688 0.999403 
8.69197e-18 1.04833e-15 1.10989e-13 1.94525e-11 4.77693e-09 1.60788e-06 0.000217567 0.00189646 0.0153586 0.982526 
6.37383e-13 7.27927e-11 5.87334e-09 2.43269e-07 1.42352e-05 0.00174582 0.013731 0.915586 0.0567471 0.0121752 
5.15045e-18 6.17857e-16 6.2962e-14 8.64734e-12 1.91384e-09 8.25419e-07 8.12796e-05 0.00225675 0.0210085 0.976653 
2.1016e-12 1.90144e-10 1.07076e-08 3.77002e-07 2.27531e-05 0.00318696 0.867516 0.0919796 0.030263 0.00703098 
1.71216e-12 1.51483e-10 7.88528e-09 2.72105e-07 1.46135e-05 0.00249252 0.0266763 0.942563 0.0229237 0.00532978 
7.29209e-18 8.75137e-16 9.01795e-14 1.46521e-11 3.61407e-09 1.31405e-06 0.000157133 0.00134648 0.0119246 0.986571 
6.0789e-09 2.00358e-07 2.19711e-06 9.80362e-05 0.000961788 0.0113903 0.054869 0.920866 0.0113536 0.000458549 
3.44822e-11 3.44701e-09 9.64148e-08 5.6176e-06 0.000269038 0.0109444 0.0587219 0.91885 0.0103523 0.000857086 
8.85383e-15 9.15056e-13 3.62713e-11 4.33335e-09 1.11389e-06 0.000629925 0.0098851 0.916277 0.0562671 0.0169396 
2.98373e-09 8.72019e-08 9.70321e-07 3.91296e-05 0.000679878 0.0194067 0.90658 0.0600211 0.0125583 0.000714202 
9.144e-09 2.97989e-07 3.29677e-06 0.000172402 0.00250621 0.0176733 0.0633447 0.891854 0.023532 0.000914054 
7.54144e-18 9.14585e-16 9.96135e-14 1.90849e-11 4.7398e-09 1.38867e-06 0.000231588 0.00164688 0.0142526 0.983868 
5.40296e-25 1.10322e-21 2.30744e-18 4.14106e-15 7.11798e-13 2.51014e-09 1.48915e-07 7.26851e-05 0.00233644 0.997591 
1.35106e-12 1.36566e-10 9.11399e-09 5.49433e-07 9.11016e-05 0.0105666 0.887311 0.0691343 0.0261822 0.006714 
7.67021e-27 1.98558e-23 4.31799e-20 7.60658e-17 3.50011e-15 8.15977e-11 4.33165e-09 2.16898e-06 0.000558357 0.999439 
3.96847e-15 4.03296e-13 1.44245e-11 1.4721e-09 2.63819e-07 9.77387e-05 0.00180276 0.0176558 0.954496 0.0259473 
3.43986e-15 3.51315e-13 1.48455e-11 1.62904e-09 4.11305e-07 0.000169316 0.000933336 0.00535517 0.0212336 0.972308 
1.01864e-17 1.22387e-15 1.26569e-13 1.99486e-11 4.66392e-09 1.88071e-06 0.000237619 0.00754159 0.96007 0.0321484 
2.53497e-07 5.03649e-06 8.97843e-05 0.000891391 0.0139501 0.444759 0.520933 0.0182498 0.0011093 1.2221e-05 
5.14361e-15 5.2498e-13 2.09134e-11 2.17428e-09 5.13677e-07 0.000210656 0.00242739 0.0227997 0.958623 0.0159384 
1.90459e-08 1.4724e-06 4.64392e-05 0.00181546 0.0292509 0.887126 0.0498159 0.0263894 0.00479733 0.000757561 
1.52885e-13 1.95799e-11 2.42202e-09 8.22537e-08 6.50293e-06 0.00153154 0.0198138 0.945602 0.0255171 0.00752939 
