36131
2.40885e-31 1.5224e-27 1.27104e-23 1.3808e-19 8.59382e-16 6.92092e-12 1.17341e-07 0.000636824 0.999134 0.000229291 
7.74614e-13 1.42239e-09 3.9431e-06 0.0042551 0.991019 0.0046515 7.07078e-05 9.40586e-10 9.36089e-12 2.40949e-16 
4.2461e-06 0.00336767 0.0187499 0.975508 0.00236276 6.96654e-06 4.41239e-09 9.56433e-13 8.6846e-15 4.42491e-20 
4.75867e-40 4.00533e-36 3.69562e-32 1.37763e-26 2.16477e-22 2.07187e-17 4.25069e-13 5.05775e-09 8.5608e-05 0.999914 
4.06323e-31 2.52901e-27 2.09894e-23 2.27622e-19 1.42592e-15 1.09084e-11 1.79742e-07 0.00090781 0.998712 0.000380413 
0.00234622 0.982285 0.0138288 0.00154011 2.90683e-07 1.25659e-10 3.03302e-14 2.26308e-18 6.61307e-21 4.08327e-27 
7.29213e-17 2.25889e-13 1.48049e-09 1.47343e-05 0.00375147 0.993358 0.00286682 8.76562e-06 2.97228e-08 2.50814e-12 
7.16667e-26 2.66231e-22 1.65098e-18 1.5874e-14 1.3485e-10 6.98599e-07 0.000835881 0.00288347 0.996248 3.20407e-05 
8.06567e-19 5.42117e-15 5.97604e-11 8.01751e-07 0.00063801 0.990917 0.00715993 0.00115472 0.000129779 2.46541e-08 
3.35207e-06 0.00267285 0.993086 0.00403199 0.000205542 3.96185e-07 1.3698e-10 2.63003e-14 3.09812e-16 1.51757e-21 
1.10347e-25 4.17464e-22 2.62004e-18 5.6863e-14 7.07685e-10 4.46052e-05 0.995068 0.00403109 0.000819676 3.65147e-05 
2.92607e-21 9.59555e-18 5.336e-14 2.25083e-10 4.92252e-07 0.000597729 0.986759 0.0125568 8.62242e-05 1.53571e-08 
1.45768e-25 5.4186e-22 3.35685e-18 3.62676e-14 3.38537e-10 1.79493e-06 0.00129064 0.998327 0.000345775 3.44853e-05 
7.48556e-09 5.48824e-06 0.00714241 0.987914 0.00490657 3.11457e-05 1.19738e-08 1.60883e-12 8.50368e-15 4.82344e-20 
1.15829e-25 4.11443e-22 2.45859e-18 2.75698e-14 2.74045e-10 1.49542e-06 0.00080114 0.997723 0.00134915 0.000124808 
4.1661e-09 3.40319e-06 0.0036738 0.980225 0.0147246 0.00137208 1.2915e-06 3.75109e-10 5.15782e-12 6.42489e-17 
7.42429e-09 5.30426e-06 0.00662967 0.988333 0.00501713 1.47919e-05 1.23435e-08 1.0789e-12 9.08862e-15 4.94756e-20 
5.867e-09 3.27412e-06 0.00264439 0.0140524 0.979897 0.00340128 2.07086e-06 3.55968e-10 1.89178e-12 5.43072e-19 
5.65974e-40 4.76375e-36 4.39531e-32 1.63596e-26 2.57062e-22 2.46027e-17 5.0478e-13 5.96943e-09 0.000100058 0.9999 
0.000334556 0.0135302 0.980234 0.00589473 6.75104e-06 2.98559e-08 2.81204e-11 9.64763e-15 2.94818e-17 1.60167e-23 
5.32728e-33 4.47798e-29 4.08502e-25 4.3859e-21 2.32542e-17 1.78419e-13 3.89151e-09 3.11616e-05 0.998847 0.00112207 
2.18843e-31 1.41056e-27 1.18633e-23 1.28604e-19 7.88697e-16 6.02243e-12 1.02385e-07 0.000566869 0.999202 0.000231319 
2.96778e-21 1.85038e-17 1.98349e-13 3.1237e-08 0.000189217 0.991396 0.00749272 0.000864543 5.72489e-05 1.43226e-08 
2.16248e-21 7.13864e-18 3.99602e-14 1.7197e-10 3.91731e-07 0.000522109 0.99855 0.000876814 5.11645e-05 1.07088e-08 
5.19219e-21 1.77687e-17 1.07937e-13 2.26988e-08 0.000267125 0.989293 0.00891562 0.00139406 0.000130239 2.67699e-08 
1.75429e-22 7.53022e-19 5.17875e-15 3.57056e-11 1.38525e-07 0.000307415 0.997338 0.00213626 0.000188042 3.03977e-05 
7.44817e-13 1.31228e-09 3.46252e-06 0.00400612 0.991229 0.00454977 0.000211806 1.38009e-07 7.95532e-10 5.27468e-16 
3.01585e-40 2.53843e-36 2.34219e-32 8.74719e-27 1.37456e-22 1.31559e-17 2.69892e-13 3.21337e-09 5.41092e-05 0.999946 
7.57895e-17 2.36238e-13 1.55201e-09 1.53841e-05 0.00396692 0.99465 0.00136667 6.24812e-07 3.14985e-08 2.67392e-12 
5.50737e-17 1.74008e-13 1.11005e-09 9.85456e-06 0.00403164 0.994627 0.00133058 5.11225e-07 2.10875e-08 1.65529e-12 
8.71242e-33 4.33927e-29 3.25273e-25 3.53059e-21 2.58082e-17 1.83619e-13 2.21264e-09 2.12311e-05 0.998563 0.00141598 
2.92338e-17 7.8182e-14 4.08958e-10 2.86481e-06 0.000722199 0.989592 0.00810884 0.00145359 0.000120241 2.10376e-08 
5.71906e-17 1.74253e-13 1.25643e-09 1.5946e-05 0.00154743 0.00490231 0.992105 0.00129892 0.000130639 1.64838e-09 
7.65174e-09 5.12535e-06 0.00633582 0.989033 0.00460515 2.0489e-05 2.4249e-08 8.44017e-12 1.84309e-13 8.28904e-20 
9.49902e-17 2.8784e-13 1.80005e-09 1.63549e-05 0.00412459 0.994461 0.00139686 7.24753e-07 3.8339e-08 2.91078e-12 
2.42807e-31 1.50512e-27 1.24733e-23 1.98688e-19 1.86463e-15 1.04809e-10 1.90613e-06 0.000522016 0.999245 0.000231131 
4.42727e-28 1.63092e-24 1.00884e-20 8.31467e-17 6.04262e-13 2.12414e-08 0.000474926 0.997723 0.00156593 0.000235656 
9.75908e-17 2.89384e-13 1.71229e-09 1.3717e-05 0.00484979 0.993513 0.00162267 7.45719e-07 3.92402e-08 2.44306e-12 
8.31339e-09 4.92694e-06 0.00431788 0.954798 0.0389374 0.00194086 7.04012e-07 2.9068e-11 1.12391e-14 7.22212e-20 
1.42082e-25 5.28105e-22 3.26918e-18 3.49646e-14 3.24804e-10 1.72463e-06 0.00118956 0.99848 0.000292824 3.61072e-05 
9.58171e-22 3.23856e-18 1.83322e-14 7.83336e-11 1.69509e-07 0.000270142 0.995527 0.0038272 0.000354213 2.1653e-05 
8.72683e-26 3.22303e-22 1.98643e-18 2.25835e-14 2.19236e-10 1.17447e-06 0.000652179 0.998604 0.000596622 0.000145686 
1.79208e-06 0.00135662 0.968963 0.0250107 0.00465507 1.23215e-05 6.67648e-09 1.32682e-12 1.22759e-14 7.19813e-20 
5.63243e-40 4.74055e-36 4.37223e-32 1.57337e-26 2.47061e-22 2.36377e-17 4.85558e-13 5.723e-09 9.66075e-05 0.999903 
2.00428e-25 7.47255e-22 4.63877e-18 4.95421e-14 4.57825e-10 2.41151e-06 0.00153654 0.997978 0.000434696 4.8318e-05 
2.28669e-10 3.30397e-07 0.00080138 0.00829455 0.987822 0.00307935 2.24464e-06 5.32378e-10 5.822e-12 5.9545e-17 
4.33976e-09 2.9156e-06 0.00258637 0.974631 0.0199532 0.00282485 1.76643e-06 4.21492e-10 6.59631e-12 4.78008e-17 
4.83921e-40 4.0732e-36 3.75888e-32 1.42192e-26 2.235e-22 2.13939e-17 4.38699e-13 5.24596e-09 8.93687e-05 0.999911 
5.58462e-14 5.24966e-11 1.47897e-07 0.000485025 0.988993 0.00917105 0.00135052 4.84115e-07 1.44181e-08 3.85193e-13 
8.4117e-06 0.00621802 0.986124 0.00757228 7.73301e-05 6.53427e-08 3.14477e-11 8.02122e-15 2.53362e-17 2.02982e-23 
3.15488e-17 9.33411e-14 5.85031e-10 5.59699e-06 0.000929997 0.993822 0.00477157 0.000470492 1.24014e-07 7.28897e-09 
7.0459e-13 1.27474e-09 3.56192e-06 0.00419464 0.992031 0.00376779 2.84112e-06 6.99665e-10 9.45027e-12 2.77616e-16 
2.29276e-31 1.43774e-27 1.19661e-23 1.2997e-19 8.1273e-16 6.58561e-12 1.11157e-07 0.000623439 0.999164 0.000212407 
9.49448e-26 3.4589e-22 2.11102e-18 2.23698e-14 2.09276e-10 1.12129e-06 0.000959614 0.998784 0.000237693 1.76073e-05 
5.44259e-06 0.00351284 0.972668 0.0212644 0.00254377 5.49907e-06 9.10729e-10 3.426e-14 3.39857e-17 3.57668e-23 
9.14876e-17 2.74519e-13 1.66606e-09 1.40321e-05 0.00416968 0.994402 0.00141376 6.83367e-07 3.4074e-08 2.39221e-12 
5.44285e-17 1.58235e-13 8.95332e-10 6.34386e-06 0.00299589 0.994224 0.00261172 0.000161879 1.99564e-07 1.44037e-08 
7.46385e-40 6.28222e-36 5.79612e-32 2.15016e-26 3.37838e-22 3.23324e-17 6.6345e-13 7.90358e-09 0.000134757 0.999865 
0.00104915 0.0130325 0.9785 0.00699228 0.000424191 1.76767e-06 1.23258e-09 2.84754e-13 2.99161e-15 2.71487e-20 
5.95247e-17 1.81683e-13 1.12295e-09 9.67228e-06 0.00259931 0.995144 0.00207216 0.000175003 3.06766e-08 1.87819e-12 
3.33872e-31 2.09991e-27 1.74982e-23 1.89742e-19 1.18113e-15 9.07156e-12 1.51291e-07 0.000752588 0.998943 0.000304684 
4.71932e-21 1.5534e-17 8.66009e-14 3.65896e-10 7.9743e-07 0.00095534 0.997326 0.00161049 0.000107381 2.46364e-08 
3.27385e-11 1.47445e-07 0.000898572 0.00893952 0.985861 0.00429653 3.77669e-06 1.00961e-09 1.62503e-11 4.48346e-16 
5.1176e-21 1.66584e-17 9.19632e-14 3.79161e-10 7.92755e-07 0.000878896 0.997915 0.00114962 5.5215e-05 2.82165e-08 
9.34297e-40 7.86384e-36 7.25528e-32 2.68884e-26 4.22468e-22 4.04315e-17 8.29669e-13 9.91556e-09 0.000170112 0.99983 
8.35042e-13 1.43586e-09 3.60574e-06 0.00304195 0.0159081 0.980469 0.000577423 2.39165e-08 1.27943e-11 3.22864e-16 
4.37966e-11 4.9657e-08 5.07962e-05 0.00494891 0.99073 0.00426676 3.55484e-06 9.97991e-10 1.47064e-11 3.27671e-16 
3.10955e-21 1.01848e-17 5.65421e-14 2.37452e-10 5.15908e-07 0.000685027 0.998217 0.00101399 8.31864e-05 1.60389e-08 
9.14514e-13 1.67296e-09 4.64778e-06 0.00558033 0.989729 0.00468217 3.55828e-06 9.00595e-10 1.2259e-11 2.86351e-16 
2.36279e-21 7.7008e-18 4.25072e-14 1.7375e-10 3.51046e-07 0.00034303 0.00334575 0.996172 0.000138499 1.86838e-08 
2.28767e-23 1.72815e-19 1.55286e-15 1.54411e-11 7.46374e-08 0.000209805 0.995545 0.00390875 0.000306528 2.97596e-05 
7.17456e-40 6.03879e-36 5.57201e-32 2.08261e-26 3.27273e-22 3.13236e-17 6.42582e-13 7.67398e-09 0.000131014 0.999869 
2.94406e-31 1.7622e-27 1.4396e-23 1.56147e-19 1.00289e-15 7.80762e-12 1.2412e-07 0.000631933 0.00337558 0.995992 
5.37691e-21 1.77493e-17 9.91821e-14 4.21495e-10 9.26721e-07 0.0010895 0.996972 0.00178271 0.000155317 2.81359e-08 
8.13791e-22 2.83489e-18 1.65874e-14 7.74597e-11 1.84937e-07 0.000368219 0.00931521 0.990152 0.000140015 2.42814e-05 
0.00236123 0.992199 0.00511746 0.000322529 9.04297e-08 7.75651e-11 2.37479e-14 4.13068e-18 1.21511e-20 7.46365e-27 
1.70271e-31 1.03713e-27 8.5337e-24 9.27366e-20 5.90724e-16 4.8353e-12 7.98128e-08 0.000459714 0.999377 0.00016336 
9.40906e-09 5.9998e-06 0.00582159 0.0229456 0.97052 0.00070693 2.32793e-07 3.68774e-12 1.12814e-14 6.07973e-20 
3.99281e-21 1.31828e-17 7.36814e-14 3.13359e-10 6.89909e-07 0.000886924 0.997598 0.00142067 9.33744e-05 2.14245e-08 
7.06669e-13 1.26222e-09 3.45524e-06 0.00399135 0.992482 0.00352017 2.70835e-06 6.80998e-10 9.84227e-12 2.89117e-16 
2.87171e-31 1.76422e-27 1.45669e-23 1.57912e-19 9.9662e-16 7.54656e-12 1.22386e-07 0.000582545 0.999157 0.000260495 
2.51617e-21 8.40339e-18 4.7361e-14 2.0428e-10 4.50575e-07 0.000637871 0.995638 0.00351994 0.00020347 3.06033e-08 
7.77201e-26 2.91076e-22 1.81371e-18 1.9708e-14 1.83467e-10 9.76719e-07 0.000861092 0.998935 0.00018425 1.82526e-05 
9.44722e-17 2.93425e-13 1.99968e-09 2.15637e-05 0.00339698 0.993853 0.00254307 0.000184855 1.25798e-07 5.63454e-09 
1.45499e-25 5.39491e-22 3.33413e-18 3.55984e-14 3.30776e-10 1.75878e-06 0.0013104 0.998326 0.000330065 3.22653e-05 
3.13367e-40 2.63775e-36 2.43512e-32 9.50553e-27 1.49499e-22 1.43145e-17 2.93222e-13 3.52609e-09 6.10882e-05 0.999939 
7.07068e-32 4.47822e-28 3.7401e-24 4.03262e-20 2.48068e-16 1.68481e-12 2.77994e-08 0.000113147 0.000424934 0.999462 
1.42905e-11 6.46559e-08 0.000168996 0.0037582 0.990389 0.00538968 0.000293598 3.08885e-07 2.00846e-08 1.89778e-12 
7.58281e-40 6.38252e-36 5.89003e-32 2.22922e-26 3.50397e-22 3.35408e-17 6.87772e-13 8.21748e-09 0.000139764 0.99986 
3.9626e-33 3.33959e-29 3.05262e-25 4.26049e-21 3.30214e-17 1.6247e-12 3.36061e-08 0.000389557 0.998846 0.000764509 
1.10785e-16 3.46103e-13 2.36088e-09 2.54617e-05 0.00418765 0.994368 0.00141829 8.45983e-07 4.98258e-08 4.35871e-12 
4.03011e-31 2.54876e-27 2.13964e-23 3.22431e-18 4.93842e-14 4.60612e-09 0.000130729 0.990384 0.00913162 0.00035335 
1.01535e-31 5.84987e-28 4.70328e-24 5.14206e-20 3.4221e-16 3.18322e-12 5.22238e-08 0.000385317 0.998684 0.000930815 
2.22479e-31 1.35783e-27 1.11833e-23 1.21684e-19 7.75202e-16 6.4209e-12 1.05885e-07 0.000647304 0.999124 0.000228267 
1.65537e-21 5.55454e-18 3.14432e-14 1.37487e-10 3.11639e-07 0.000348518 0.988773 0.0107713 0.000106832 1.01778e-08 
3.69024e-21 1.22518e-17 6.88067e-14 2.97161e-10 6.75301e-07 0.00090045 0.997533 0.00145903 0.000106946 1.85996e-08 
7.15642e-09 5.24887e-06 0.00644852 0.989339 0.00419488 1.18505e-05 5.11222e-09 8.9048e-13 7.3538e-15 3.9519e-20 
6.82076e-26 2.51759e-22 1.54996e-18 1.65051e-14 1.53861e-10 8.1763e-07 0.00051315 0.0016883 0.997776 2.22168e-05 
4.42515e-21 1.46169e-17 8.17133e-14 3.46865e-10 7.62229e-07 0.00100371 0.997263 0.00160408 0.000127995 2.0097e-08 
1.47816e-25 5.55564e-22 3.46977e-18 3.63743e-14 3.29304e-10 1.73259e-06 0.987162 0.0124443 0.000360941 3.1391e-05 
7.32015e-17 2.20858e-13 1.42493e-09 1.43599e-05 0.00207923 0.00519597 0.991562 0.00110096 4.7801e-05 1.30211e-08 
2.83221e-40 2.384e-36 2.20093e-32 8.61122e-27 1.35439e-22 1.29686e-17 2.65631e-13 3.16618e-09 5.32872e-05 0.999947 
2.67596e-21 8.74805e-18 4.84784e-14 2.01635e-10 4.28887e-07 0.000485228 0.998814 0.000666069 3.37914e-05 1.36908e-08 
1.46344e-25 5.31402e-22 3.23534e-18 3.53139e-14 3.37774e-10 1.80707e-06 0.00114734 0.998293 0.000470602 8.75244e-05 
1.02935e-25 3.86371e-22 2.41096e-18 2.5883e-14 2.38605e-10 1.27086e-06 0.00127969 0.998387 0.000306339 2.57741e-05 
8.90003e-40 7.49117e-36 6.91269e-32 2.60176e-26 4.08909e-22 3.91397e-17 8.02731e-13 2.27806e-08 0.99226 0.00774035 
4.43333e-09 3.98151e-06 0.00545343 0.986697 0.00713346 0.0007112 7.24863e-07 2.88441e-10 4.84442e-12 3.82817e-17 
8.93059e-40 7.5167e-36 6.93463e-32 2.55828e-26 4.01919e-22 3.84632e-17 7.89404e-13 1.85196e-06 0.997271 0.00272674 
6.75299e-21 2.21836e-17 1.23396e-13 5.18009e-10 1.10653e-06 0.0013317 0.996813 0.00169356 0.000160502 4.48265e-08 
1.11005e-21 3.55687e-18 1.94566e-14 8.0104e-11 1.73655e-07 0.000289841 0.997673 0.00190279 0.000118745 1.5589e-05 
0.000271903 0.00692068 0.986761 0.00603945 6.55755e-06 2.55634e-08 2.20258e-11 7.39164e-15 2.29315e-17 1.50651e-23 
2.91037e-31 1.81087e-27 1.50289e-23 1.63046e-19 1.02182e-15 7.7852e-12 1.27562e-07 0.000616434 0.999095 0.000288278 
2.051e-14 2.33617e-11 5.02501e-08 6.64549e-05 0.00466599 0.993777 0.00148968 8.21633e-07 4.60833e-08 3.31172e-12 
7.61176e-10 1.31105e-06 0.00253535 0.0126757 0.982403 0.00238212 2.31244e-06 7.70767e-10 1.18679e-11 2.91111e-16 
8.70768e-26 3.27962e-22 2.05348e-18 2.11295e-14 1.87632e-10 9.76363e-07 0.000873502 0.998516 0.00058932 2.00344e-05 
3.03844e-31 1.88124e-27 1.55813e-23 1.69478e-19 1.06998e-15 8.89483e-12 1.48885e-07 0.000841859 0.998861 0.000297113 
5.30752e-40 4.46749e-36 4.12361e-32 1.58758e-26 2.49622e-22 2.38982e-17 4.89762e-13 5.87315e-09 9.94156e-05 0.999901 
1.72593e-32 8.6739e-29 6.5324e-25 7.08591e-21 5.14096e-17 3.64281e-13 4.41822e-09 1.22134e-05 0.998688 0.00129962 
1.22384e-25 4.57266e-22 2.8441e-18 3.01932e-14 2.7701e-10 1.46202e-06 0.00118255 0.998475 0.000313049 2.75025e-05 
1.07388e-37 9.02628e-34 8.2345e-30 1.07353e-25 7.72492e-22 3.28052e-17 7.06756e-13 1.01455e-08 0.998329 0.00167096 
1.79966e-13 3.03345e-10 6.86605e-07 0.000922521 0.989453 0.00848684 0.00113642 5.70474e-07 3.23118e-08 2.92575e-12 
6.87012e-06 0.00575269 0.988765 0.00546944 5.73223e-06 2.15454e-08 1.84844e-11 6.15655e-15 1.9442e-17 1.50262e-23 
5.29524e-09 4.12827e-06 0.00559254 0.990452 0.0039401 1.08927e-05 4.99526e-09 9.42964e-13 8.64323e-15 5.31014e-20 
0.00218976 0.976389 0.0188442 0.00257578 1.12699e-06 1.39543e-09 2.29785e-13 6.67577e-18 8.42024e-21 7.45591e-27 
2.79165e-31 1.76009e-27 1.468e-23 1.59297e-19 9.91315e-16 7.78531e-12 1.30748e-07 0.000685565 0.999091 0.000223078 
2.91264e-31 1.79635e-27 1.48559e-23 1.61195e-19 1.01617e-15 7.84732e-12 1.28082e-07 0.00134441 0.998377 0.00027819 
3.63378e-21 1.19659e-17 6.66672e-14 2.78817e-10 5.88038e-07 0.000739699 0.998176 0.000996525 8.69218e-05 2.19941e-08 
8.57167e-06 0.00607061 0.979826 0.0129589 0.00113212 3.92681e-06 8.89984e-10 5.71122e-14 3.34743e-17 5.84775e-23 
3.71218e-09 1.82866e-06 0.00141919 0.00981774 0.985429 0.00332956 2.37126e-06 5.47467e-10 4.50689e-12 1.36216e-17 
6.7288e-09 4.59155e-06 0.00546158 0.986755 0.0070514 0.000727415 3.11269e-07 2.14053e-11 1.02566e-14 7.19943e-20 
5.94335e-09 3.32297e-06 0.00428697 0.985124 0.00898046 0.00160364 1.41866e-06 3.69228e-10 8.85395e-12 4.85793e-16 
0 0 0 0 0 0 0 0 0 1 
1.5559e-14 2.0809e-11 4.86989e-08 0.000110393 0.987208 0.0111136 0.00156732 8.29673e-07 4.75287e-08 4.01187e-12 
5.80725e-06 0.00418625 0.0180139 0.977008 0.000785295 6.95214e-07 1.42933e-10 8.25477e-15 3.1202e-17 1.13404e-22 
1.07497e-16 3.24086e-13 2.01792e-09 1.82988e-05 0.00464896 0.993727 0.00160486 8.22514e-07 4.45616e-08 3.31313e-12 
4.05677e-13 6.62218e-10 1.52328e-06 0.00100654 0.00693182 0.991453 0.000607347 7.22827e-08 2.39114e-11 2.73573e-16 
6.39752e-17 1.74373e-13 8.19985e-10 2.32405e-06 0.00249981 0.986924 0.00993624 0.000636903 3.61982e-07 2.12689e-08 
9.60457e-26 3.52956e-22 2.16804e-18 2.282e-14 2.11095e-10 1.1286e-06 0.00103085 0.998697 0.00025245 1.80839e-05 
1.15472e-16 3.4858e-13 2.16559e-09 1.95025e-05 0.00474353 0.993623 0.00161298 8.83448e-07 4.61995e-08 3.47589e-12 
5.10009e-09 4.37384e-06 0.00637851 0.989484 0.00412278 9.85944e-06 4.35502e-09 7.64194e-13 6.55616e-15 3.7547e-20 
1.91191e-40 1.60919e-36 1.48438e-32 5.41313e-27 8.50234e-23 8.13573e-18 1.67042e-13 2.04706e-09 3.95936e-05 0.99996 
0.0131242 0.981618 0.00521189 4.57383e-05 9.76147e-09 1.13982e-11 7.26945e-15 2.18337e-18 6.67678e-21 4.48107e-27 
2.50435e-26 9.64048e-23 6.14565e-19 7.63946e-15 7.53689e-11 4.02918e-07 0.000358862 0.00214895 0.997288 0.000203818 
9.19956e-22 2.87242e-18 1.52517e-14 5.60668e-11 9.28546e-08 4.35137e-05 0.00137798 0.998288 0.000263172 2.74768e-05 
7.68396e-06 0.00580453 0.988989 0.00519339 5.6273e-06 2.47592e-08 2.27866e-11 7.76585e-15 2.41997e-17 1.71853e-23 
1.3157e-25 4.88202e-22 3.02124e-18 3.11124e-14 2.80775e-10 1.48332e-06 0.0013908 0.998236 0.000339 3.26099e-05 
7.08603e-13 1.29131e-09 3.55385e-06 0.00430509 0.991849 0.00383934 2.70436e-06 6.19848e-10 7.2963e-12 1.91691e-16 
2.95643e-31 1.89588e-27 1.59151e-23 1.72525e-19 1.06108e-15 8.0584e-12 1.36251e-07 0.000706059 0.998209 0.00108485 
1.12565e-16 3.42453e-13 2.20114e-09 2.14715e-05 0.979777 0.0186115 0.00158914 8.65205e-07 4.91109e-08 3.957e-12 
1.24636e-22 5.81806e-19 4.16765e-15 2.95976e-11 1.16113e-07 0.000254645 0.996374 0.0030431 0.000288415 3.98699e-05 
2.32097e-21 8.55451e-18 5.9929e-14 1.20527e-08 0.000220745 0.992505 0.00611981 0.00106673 8.79786e-05 1.15541e-08 
6.75723e-13 3.95849e-09 5.35996e-05 0.387323 0.609876 0.00274192 5.02626e-06 5.53346e-09 4.14105e-10 6.03331e-14 
1.50269e-42 1.26489e-38 1.16786e-34 4.60346e-29 7.24144e-25 6.93427e-20 1.41998e-15 2.12469e-11 5.15371e-07 0.999999 
8.6368e-09 4.99284e-06 0.00417172 0.967761 0.0265662 0.00149519 5.396e-07 2.08186e-11 1.09099e-14 6.68932e-20 
0.000271729 0.00797271 0.985879 0.00587043 5.94474e-06 1.92948e-08 1.48143e-11 4.75285e-15 1.48586e-17 1.14816e-23 
1.81595e-31 1.16971e-27 9.83525e-24 1.06966e-19 6.59691e-16 5.5368e-12 9.61574e-08 0.000574549 0.99924 0.000185321 
1.87652e-25 6.97313e-22 4.31821e-18 4.63814e-14 4.31459e-10 2.28968e-06 0.00170957 0.997798 0.000447198 4.30399e-05 
8.33665e-40 7.01698e-36 6.47512e-32 2.43708e-26 3.83027e-22 3.66624e-17 7.51923e-13 8.96003e-09 0.000151842 0.999848 
5.74191e-40 4.83303e-36 4.46025e-32 1.69261e-26 2.66064e-22 2.54689e-17 5.22206e-13 6.16328e-09 0.000101703 0.999898 
8.88031e-09 5.43851e-06 0.00656617 0.0241876 0.969139 0.000101753 1.31399e-08 1.09178e-12 8.51713e-15 4.05683e-20 
6.66186e-40 5.60728e-36 5.17408e-32 1.94107e-26 3.05051e-22 2.91978e-17 5.98896e-13 7.1639e-09 0.000122349 0.999878 
8.84378e-32 7.46006e-28 6.82246e-24 7.40975e-20 3.98901e-16 3.46583e-12 7.27166e-08 0.00047386 0.999351 0.000174874 
1.40563e-31 8.98086e-28 7.52933e-24 8.13061e-20 4.97861e-16 3.27438e-12 5.29113e-08 0.00018411 0.498769 0.501046 
2.34129e-31 1.51068e-27 1.27091e-23 1.37882e-19 8.4642e-16 6.70304e-12 1.15436e-07 0.000653433 0.999144 0.000202512 
3.96644e-28 1.38191e-24 8.16464e-21 4.74753e-17 2.15004e-13 8.3485e-10 4.88083e-06 0.000553145 0.999277 0.000165059 
2.18034e-31 1.33761e-27 1.10374e-23 1.19669e-19 7.5632e-16 5.82569e-12 9.49714e-08 0.00048724 0.999316 0.000196413 
1.69092e-25 6.2282e-22 3.83253e-18 4.10608e-14 3.83728e-10 2.0371e-06 0.00143059 0.99699 0.00154438 3.34034e-05 
1.15477e-12 2.23557e-09 6.24621e-06 0.00571222 0.989386 0.00489179 4.04084e-06 1.07904e-09 1.61032e-11 4.69912e-16 
7.13556e-06 0.00575917 0.988604 0.00562325 5.97596e-06 2.31462e-08 2.00305e-11 6.69746e-15 2.09939e-17 1.52523e-23 
1.02818e-16 3.1779e-13 2.0997e-09 2.13896e-05 0.00377423 0.00875058 0.987316 0.000137669 4.7081e-08 3.91035e-12 
1.67404e-23 1.42272e-19 1.31957e-15 1.3275e-11 6.63324e-08 0.000190815 0.995126 0.00427552 0.000371072 3.68524e-05 
2.36409e-18 6.54301e-15 3.11543e-11 7.85729e-08 5.64016e-05 0.00128616 0.996832 0.00169032 0.000135423 2.92459e-08 
7.7424e-42 6.51647e-38 6.01056e-34 2.17565e-28 3.41675e-24 3.26919e-19 6.71406e-15 8.82834e-11 1.81852e-06 0.999998 
5.83539e-09 3.47281e-06 0.00328299 0.0126685 0.982589 0.00145551 9.18109e-07 1.80871e-10 4.80211e-12 2.51938e-16 
1.91317e-31 1.28192e-27 1.09326e-23 1.18736e-19 7.14774e-16 5.88961e-12 1.05453e-07 0.000606319 0.999223 0.000170894 
2.1006e-44 3.58551e-40 1.81647e-35 4.83845e-28 7.74982e-24 7.48593e-19 1.48492e-14 2.29026e-10 0.999051 0.000948835 
6.41255e-09 4.69222e-06 0.00614133 0.983468 0.00934775 0.00103731 1.2289e-06 4.7535e-10 6.38388e-12 1.53044e-16 
3.08308e-31 1.91612e-27 1.58942e-23 1.72392e-19 1.08102e-15 8.26694e-12 1.35974e-07 0.000602541 0.992253 0.00714456 
1.65702e-23 1.39027e-19 1.28091e-15 1.22734e-11 5.86541e-08 0.000168339 0.987652 0.0119631 0.000195665 2.11468e-05 
6.69341e-40 5.63381e-36 5.19837e-32 1.94402e-26 3.05497e-22 2.92396e-17 5.99818e-13 7.13401e-09 0.000120329 0.99988 
7.58757e-41 6.38962e-37 5.92194e-33 3.05533e-27 4.82715e-23 4.6322e-18 9.41304e-14 1.19376e-09 2.13146e-05 0.999979 
8.26045e-40 6.95284e-36 6.4159e-32 2.41375e-26 3.79358e-22 3.63109e-17 7.44726e-13 8.91311e-09 0.00015263 0.999847 
5.39304e-17 1.63656e-13 1.0205e-09 9.18502e-06 0.00286122 0.996132 0.000997513 4.50919e-07 2.27368e-08 1.79474e-12 
0.00134007 0.967027 0.0257782 0.00584069 1.43598e-05 5.41484e-08 2.95302e-11 8.71763e-15 3.06872e-17 3.5149e-23 
6.80976e-17 2.08632e-13 1.33493e-09 1.27238e-05 0.00344189 0.995405 0.00114007 5.53258e-07 2.82168e-08 2.25812e-12 
9.0621e-17 2.70057e-13 1.61901e-09 1.34259e-05 0.00398225 0.990409 0.00550814 8.6773e-05 4.21588e-08 2.72745e-12 
1.87812e-39 2.6206e-35 1.08061e-30 2.72685e-23 4.36786e-19 4.21886e-14 8.39038e-10 2.10016e-05 0.000192893 0.999786 
6.33867e-13 1.07494e-09 2.43897e-06 0.00170653 0.00957197 0.987855 0.000863989 3.08648e-07 1.45782e-08 2.33307e-12 
2.69207e-31 1.67803e-27 1.39349e-23 1.51319e-19 9.48989e-16 7.52619e-12 1.25194e-07 0.000664781 0.999075 0.000260108 
2.09496e-31 1.28202e-27 1.05704e-23 1.14701e-19 7.26378e-16 5.53951e-12 8.93931e-08 0.000418946 0.99939 0.000190475 
7.66495e-13 1.34758e-09 3.51531e-06 0.00321851 0.0171416 0.979274 0.000362169 1.06256e-08 1.00918e-11 2.38907e-16 
4.51611e-32 1.93084e-28 1.3186e-24 1.43589e-20 1.20406e-16 8.999e-13 8.70727e-09 2.34839e-05 0.000203653 0.999773 
2.41095e-23 1.8027e-19 1.5033e-15 1.35809e-11 6.24566e-08 6.66118e-05 0.00213837 0.997512 0.000265153 1.73806e-05 
1.15619e-14 2.89783e-11 1.12373e-07 0.000573962 0.988225 0.00986304 0.00133709 7.57357e-07 4.82444e-08 3.94631e-12 
0.00463761 0.988147 0.00703218 0.000182717 4.93194e-08 3.2713e-11 1.35781e-14 2.88409e-18 8.80409e-21 6.00954e-27 
2.18989e-36 1.83769e-32 1.75239e-28 2.50589e-22 3.99476e-18 3.84934e-13 7.79194e-09 0.000112062 0.00366596 0.996222 
8.13844e-17 2.3819e-13 1.47837e-09 1.4144e-05 0.0028549 0.996087 0.00104326 5.60425e-07 3.66881e-08 2.80426e-12 
4.55567e-26 1.58878e-22 9.35458e-19 1.074e-14 1.09629e-10 6.11039e-07 0.000526291 0.997894 0.00136041 0.000219142 
8.91457e-17 2.63735e-13 1.60036e-09 1.40015e-05 0.00327787 0.995642 0.00106503 6.41343e-07 3.52904e-08 2.59446e-12 
2.6241e-24 1.84671e-20 1.43725e-16 1.05557e-12 4.7855e-09 0.000173276 0.993238 0.00608513 0.000461177 4.19248e-05 
4.32098e-22 1.46572e-18 8.415e-15 3.81687e-11 8.78188e-08 0.00016041 0.00170841 0.997923 0.000180045 2.8081e-05 
7.88824e-25 7.05872e-21 6.81344e-17 8.77818e-13 6.83678e-09 1.17503e-05 0.00147842 0.998319 0.000175966 1.527e-05 
6.79867e-40 5.72253e-36 5.28122e-32 2.00671e-26 3.15445e-22 3.01962e-17 6.19106e-13 7.41375e-09 0.000124512 0.999875 
1.58558e-25 5.87005e-22 3.62301e-18 3.87016e-14 3.60478e-10 1.92428e-06 0.0015503 0.997919 0.00048972 3.86948e-05 
8.93957e-13 1.49135e-09 3.53678e-06 0.00330721 0.99125 0.00498575 0.000452939 1.51979e-07 4.39042e-09 7.01469e-13 
3.46442e-09 2.95878e-06 0.00455863 0.989696 0.00532936 0.000412321 7.4853e-07 2.99869e-10 8.82781e-12 2.97223e-16 
1.09793e-25 4.07288e-22 2.52019e-18 2.70107e-14 2.50856e-10 1.33258e-06 0.00109866 0.998552 0.000326643 2.09574e-05 
2.97851e-31 1.82832e-27 1.50916e-23 1.63941e-19 1.03842e-15 8.32441e-12 1.37114e-07 0.000736404 0.998977 0.00028626 
2.75513e-31 1.75684e-27 1.47159e-23 1.59797e-19 9.88939e-16 7.95681e-12 1.35841e-07 0.00107298 0.998661 0.000266233 
3.59987e-21 1.1989e-17 6.752e-14 2.93157e-10 6.72606e-07 0.000874599 0.997256 0.00171618 0.000132542 2.00237e-05 
4.39056e-31 2.72315e-27 2.26491e-23 2.30051e-18 3.44681e-14 3.16192e-09 8.82507e-05 0.996981 0.002557 0.00037401 
5.38854e-40 4.53564e-36 4.18612e-32 1.59917e-26 2.51408e-22 2.40675e-17 4.9336e-13 5.90605e-09 0.000100657 0.999899 
2.25432e-31 1.43822e-27 1.20499e-23 1.30556e-19 8.04717e-16 6.01149e-12 1.00704e-07 0.000478367 0.999323 0.000198034 
2.31953e-21 7.75292e-18 4.37709e-14 1.91712e-10 4.44499e-07 0.000496716 0.00583629 0.993415 0.000243369 7.71384e-06 
1.86498e-31 1.12793e-27 9.25506e-24 1.00586e-19 6.43439e-16 5.20598e-12 8.48265e-08 0.000456044 0.999348 0.000196017 
4.62807e-23 1.63955e-19 9.87822e-16 5.29143e-12 1.59458e-08 2.89824e-05 0.282414 0.717327 0.000208014 2.17833e-05 
1.96341e-31 1.26544e-27 1.06419e-23 1.15583e-19 7.11165e-16 5.7836e-12 9.98912e-08 0.000558881 0.999258 0.000182889 
6.31031e-09 3.77362e-06 0.0044927 0.988143 0.00676616 0.00059363 7.14515e-07 2.76323e-10 3.24817e-12 1.11475e-16 
7.30881e-17 2.17179e-13 1.33633e-09 1.20945e-05 0.00363986 0.995075 0.0012725 5.23233e-07 3.13366e-08 2.2814e-12 
0.00156339 0.016449 0.97886 0.00312421 3.20293e-06 2.12342e-08 2.19934e-11 7.82515e-15 2.35822e-17 1.1699e-23 
1.87343e-15 3.52351e-12 9.90187e-09 2.76512e-05 0.00411092 0.994411 0.00144951 7.76219e-07 4.59442e-08 3.7993e-12 
4.4583e-40 3.75252e-36 3.46238e-32 1.29141e-26 2.0293e-22 1.94222e-17 3.98462e-13 4.75611e-09 8.19458e-05 0.999918 
2.86902e-31 1.7676e-27 1.46117e-23 1.58322e-19 9.966e-16 7.40605e-12 1.19949e-07 0.00054008 0.999197 0.000262758 
8.78635e-32 6.10561e-28 5.2721e-24 5.74345e-20 3.40872e-16 3.10464e-12 5.78194e-08 0.00037833 0.999523 9.9043e-05 
4.5345e-21 1.48671e-17 8.24966e-14 3.42669e-10 7.20318e-07 0.000862598 0.997065 0.00193509 0.000137 2.45722e-08 
5.3613e-07 0.000413128 0.00716844 0.98853 0.00387863 9.54069e-06 4.7195e-09 8.8828e-13 7.01909e-15 3.18722e-20 
6.04467e-21 1.98132e-17 1.09977e-13 4.57929e-10 9.66322e-07 0.00117083 0.996954 0.00170496 0.00016944 3.17094e-08 
2.42854e-31 1.54929e-27 1.29787e-23 1.40835e-19 8.70617e-16 6.93618e-12 1.18527e-07 0.000644973 0.999158 0.00019667 
0.00094431 0.494494 0.501187 0.00337077 3.54127e-06 1.60397e-08 1.48053e-11 5.08562e-15 1.53998e-17 7.5007e-24 
1.0058e-40 8.46682e-37 7.82123e-33 3.20802e-27 5.04999e-23 4.83748e-18 9.89345e-14 1.2435e-09 2.33285e-05 0.999977 
4.34413e-21 1.43215e-17 7.99704e-14 3.402e-10 7.52844e-07 0.000906142 0.997565 0.00141843 0.000109623 2.29532e-08 
4.0617e-21 1.3408e-17 7.49275e-14 3.18007e-10 6.96264e-07 0.000838342 0.997735 0.00130746 0.000118789 2.1696e-08 
5.57289e-17 1.68322e-13 1.08838e-09 1.9213e-05 0.00296322 0.995986 0.00103124 4.07977e-07 2.07579e-08 1.89719e-12 
1.13332e-25 4.33415e-22 2.74109e-18 3.00948e-14 2.77891e-10 1.46809e-06 0.00129147 0.998051 0.000608464 4.7787e-05 
5.19593e-40 4.37343e-36 4.03573e-32 1.51962e-26 2.38835e-22 2.28607e-17 4.68852e-13 5.61954e-09 9.63779e-05 0.999904 
3.82576e-40 3.2202e-36 2.97194e-32 1.13187e-26 1.77932e-22 1.70331e-17 3.49198e-13 4.18689e-09 7.11003e-05 0.999929 
0.991809 0.00800177 0.000189139 1.66078e-07 5.26129e-11 4.29033e-14 7.18973e-18 7.17516e-23 7.0827e-28 1.44132e-32 
3.02185e-33 1.26278e-29 8.48823e-26 9.29915e-22 8.01457e-18 6.71083e-14 7.06355e-10 2.2374e-06 0.000120529 0.999877 
6.51456e-47 5.48311e-43 5.058e-39 1.84925e-33 2.90474e-29 2.77957e-24 5.70647e-20 6.81224e-16 2.02876e-11 1 
3.32497e-17 9.75499e-14 5.91216e-10 5.2435e-06 0.00129541 0.663061 0.334987 0.000605305 4.63422e-05 9.97843e-09 
1.50079e-25 5.59469e-22 3.47355e-18 3.71561e-14 3.43536e-10 1.81969e-06 0.00141951 0.998071 0.000471346 3.673e-05 
0.00152852 0.0167986 0.978945 0.00272636 2.02131e-06 3.54244e-09 1.5129e-12 2.56626e-16 1.82501e-18 7.70092e-24 
6.10207e-40 5.13627e-36 4.74084e-32 1.82267e-26 2.8658e-22 2.74361e-17 5.62294e-13 6.71732e-09 0.000114352 0.999886 
4.03846e-40 3.39917e-36 3.13664e-32 1.17897e-26 1.8529e-22 1.77353e-17 3.63756e-13 4.34935e-09 7.49502e-05 0.999925 
0.00091987 0.96863 0.0256826 0.00476269 4.98168e-06 2.00464e-08 1.84059e-11 6.21639e-15 1.93682e-17 1.3395e-23 
7.56739e-09 5.14384e-06 0.00683001 0.988344 0.00480511 1.52456e-05 8.9615e-08 4.21341e-11 1.57836e-12 1.11066e-16 
1.02252e-08 6.92615e-06 0.00839168 0.985906 0.00568098 1.44862e-05 7.211e-09 1.32513e-12 1.05335e-14 5.40235e-20 
3.48359e-31 2.68788e-27 2.45882e-23 4.27306e-19 4.00029e-15 2.44151e-10 5.17349e-06 0.497252 0.502561 0.000181676 
7.69951e-27 2.93305e-23 1.84519e-19 1.75538e-15 1.46439e-11 8.04661e-08 0.000156231 0.997736 0.00180198 0.000306088 
3.83286e-40 3.22613e-36 2.97699e-32 1.12031e-26 1.76075e-22 1.68534e-17 3.45654e-13 4.17905e-09 7.31364e-05 0.999927 
8.3971e-14 8.51063e-11 2.33958e-07 0.00122339 0.987397 0.00996554 0.0014128 5.89547e-07 2.1363e-08 6.02792e-13 
8.56151e-17 2.63531e-13 1.68414e-09 1.57671e-05 0.00375779 0.994628 0.00154531 3.30001e-05 2.06235e-05 9.82317e-10 
5.48063e-26 2.06762e-22 1.298e-18 1.5927e-14 1.58387e-10 9.04866e-07 0.00112647 0.998033 0.000608113 0.000231612 
0.00407854 0.988373 0.0073575 0.000190725 5.22203e-08 3.66809e-11 1.60159e-14 3.60726e-18 1.09122e-20 6.78471e-27 
6.46269e-21 2.12188e-17 1.17942e-13 4.91756e-10 1.03624e-06 0.0011588 0.994639 0.00404036 0.00016107 3.31049e-08 
6.76556e-40 5.6946e-36 5.25497e-32 1.98142e-26 3.11424e-22 2.98092e-17 6.11331e-13 7.31203e-09 0.000124848 0.999875 
2.30259e-31 1.38424e-27 1.13312e-23 1.23058e-19 7.89075e-16 6.18749e-12 9.92821e-08 0.981625 0.0181507 0.000224072 
3.7983e-40 3.19696e-36 2.94946e-32 1.09012e-26 1.71269e-22 1.63906e-17 3.36372e-13 3.94061e-09 6.33926e-05 0.999937 
1.86954e-07 0.000152775 0.00736281 0.987498 0.00497287 1.31956e-05 7.15928e-09 1.45821e-12 1.33573e-14 7.69433e-20 
1.05554e-12 1.82256e-09 4.58619e-06 0.00471274 0.991167 0.00411164 3.59143e-06 1.0388e-09 1.42449e-11 3.43114e-16 
1.58193e-31 1.05965e-27 9.03507e-24 9.77219e-20 5.84522e-16 4.30525e-12 7.55832e-08 0.000362163 0.00103774 0.9986 
2.64795e-31 1.61696e-27 1.33212e-23 1.44392e-19 9.14011e-16 6.72768e-12 1.07185e-07 0.00047584 0.999163 0.000361124 
7.57214e-06 0.00452678 0.9912 0.00426075 4.78758e-06 2.08508e-08 1.91349e-11 6.50395e-15 2.0455e-17 1.55213e-23 
7.32009e-26 2.84794e-22 1.82559e-18 1.89304e-14 1.64359e-10 8.56174e-07 0.00122386 0.998293 0.00040078 8.1144e-05 
3.04692e-23 2.4703e-19 2.23421e-15 2.16944e-11 1.049e-07 0.0002866 0.996223 0.00320787 0.000252433 3.03882e-05 
5.2391e-17 1.57196e-13 9.3217e-10 7.27986e-06 0.00296038 0.996094 0.00093797 4.33359e-07 1.96364e-08 1.38543e-12 
3.89475e-21 1.44454e-17 1.03408e-13 1.11144e-09 3.30985e-06 0.000782087 0.998115 0.00105612 4.36652e-05 2.04339e-08 
4.3402e-40 3.6531e-36 3.37051e-32 1.25288e-26 1.96863e-22 1.8841e-17 3.86583e-13 4.5947e-09 7.75781e-05 0.999922 
2.78773e-14 1.19915e-10 7.32386e-07 0.00229407 0.988786 0.0080412 0.000876962 7.35588e-07 4.53988e-08 3.4341e-12 
2.11845e-09 1.91983e-06 0.00190391 0.941211 0.0564731 0.000409754 3.39035e-07 8.85972e-11 1.50973e-12 6.10382e-17 
0.00215229 0.978778 0.0170235 0.00204493 9.00144e-07 5.74698e-09 6.66292e-12 2.43585e-15 7.38461e-18 3.61436e-24 
3.71424e-21 1.23171e-17 6.91081e-14 2.96965e-10 6.67068e-07 0.000840506 0.997611 0.0014421 0.000105545 1.86945e-08 
2.11755e-25 1.16643e-21 7.94666e-18 1.2595e-13 1.06464e-09 1.4435e-05 0.99311 0.00663676 0.000216701 2.25195e-05 
7.28941e-22 2.70185e-18 1.65512e-14 8.66395e-11 2.4783e-07 0.000498252 0.997299 0.00198348 0.000199383 1.98328e-05 
0.00479851 0.986731 0.00821895 0.000251575 7.29081e-08 4.83072e-11 1.82436e-14 3.54379e-18 1.07093e-20 6.83524e-27 
5.95993e-28 3.08727e-24 2.33548e-20 2.45889e-16 1.75706e-12 1.45042e-08 0.000163099 0.997612 0.0019827 0.000241782 
6.75684e-21 2.08302e-17 1.10336e-13 4.30211e-10 8.64489e-07 0.00101679 0.997333 0.00152765 0.000121559 2.67518e-08 
3.02248e-45 5.16066e-41 2.61512e-36 6.96615e-29 1.11578e-24 1.07778e-19 2.13791e-15 2.25747e-11 1.13055e-07 1 
1.14809e-32 4.78533e-29 3.21008e-25 3.90056e-21 3.65433e-17 8.49494e-13 1.4877e-08 0.00018392 0.999394 0.000421619 
1.09809e-16 3.34433e-13 2.17253e-09 2.16969e-05 0.00415463 0.994382 0.00144097 8.1828e-07 4.77561e-08 3.89223e-12 
4.32044e-30 3.06495e-26 2.60551e-22 2.53499e-18 1.33857e-14 7.87507e-11 1.57297e-06 0.000668522 0.999054 0.000275685 
5.49014e-40 4.62108e-36 4.26435e-32 1.60878e-26 2.52859e-22 2.42035e-17 4.96359e-13 5.92587e-09 0.000101064 0.999899 
1.9996e-22 7.94263e-19 5.17407e-15 3.19524e-11 1.15077e-07 0.000259104 0.996808 0.00269049 0.000206423 3.6038e-05 
8.29903e-13 1.44668e-09 3.793e-06 0.00431728 0.98919 0.00595712 0.000531914 9.91931e-08 1.58759e-11 4.36697e-16 
1.54969e-25 5.65619e-22 3.45405e-18 3.73662e-14 3.54889e-10 1.89636e-06 0.00110444 0.996157 0.00270922 2.78074e-05 
4.36517e-17 1.37041e-13 9.46535e-10 1.0412e-05 0.00170337 0.995433 0.00264177 0.000210937 3.30993e-08 1.9007e-12 
1.0895e-17 2.64511e-14 1.18787e-10 5.72103e-07 0.000115376 0.00130489 0.996999 0.0014494 0.000130998 2.28379e-08 
9.79561e-17 2.95761e-13 1.87906e-09 1.80951e-05 0.00436179 0.994132 0.00148774 7.35946e-07 4.27705e-08 3.25936e-12 
1.95354e-40 1.6443e-36 1.5173e-32 5.70449e-27 8.96536e-23 8.58131e-18 1.76004e-13 2.1096e-09 3.68252e-05 0.999963 
4.40381e-21 1.43629e-17 7.94602e-14 3.29672e-10 6.99482e-07 0.000814937 0.997919 0.00118431 8.09179e-05 2.36144e-08 
6.67427e-09 4.89516e-06 0.0053843 0.985414 0.00894805 0.000248324 6.14627e-08 1.42762e-12 1.22654e-14 7.32743e-20 
1.2101e-12 2.11282e-09 5.43677e-06 0.00542376 0.989867 0.0046998 4.04878e-06 1.12683e-09 1.59001e-11 3.50668e-16 
1.89922e-14 3.54707e-11 8.66575e-08 0.000398244 0.990718 0.00773201 0.0011511 4.68163e-07 2.30864e-08 1.74763e-12 
1.93112e-19 7.83243e-16 8.19068e-12 1.32898e-07 1.00238e-05 0.000801045 0.997968 0.00116446 5.61186e-05 1.67245e-08 
3.98183e-11 9.37502e-08 0.000323696 0.0051568 0.991017 0.00349963 2.68354e-06 6.56211e-10 9.72738e-12 3.26675e-16 
1.46508e-33 6.12512e-30 4.11878e-26 4.52012e-22 3.89955e-18 3.37209e-14 3.66365e-10 1.20496e-06 0.000125106 0.999874 
3.98901e-40 3.51175e-36 3.72278e-32 1.19199e-25 1.94389e-21 1.85575e-16 3.82615e-12 1.01524e-05 0.000112125 0.999878 
4.22774e-32 2.27452e-28 1.7724e-24 1.92151e-20 1.32491e-16 9.80665e-13 1.35524e-08 3.98716e-05 0.000333609 0.999627 
3.26722e-31 1.96216e-27 1.60562e-23 1.7439e-19 1.11885e-15 8.70373e-12 1.38254e-07 0.000698752 0.998979 0.000321702 
2.40119e-13 4.99809e-10 1.62568e-06 0.0021123 0.0129009 0.984208 0.000776473 4.82709e-07 4.00807e-08 3.22749e-12 
8.971e-17 2.69415e-13 1.67261e-09 1.51772e-05 0.00373353 0.994978 0.00127218 6.7353e-07 3.64522e-08 2.73784e-12 
6.23597e-27 3.24282e-23 2.48615e-19 2.58484e-15 1.72622e-11 8.04856e-08 0.000626314 0.998495 0.00067248 0.000205762 
8.3077e-09 5.50415e-06 0.00681068 0.988343 0.00481779 2.32684e-05 2.80266e-08 9.33814e-12 2.02093e-13 6.74443e-18 
3.01914e-34 2.54825e-30 2.33115e-26 2.63471e-22 1.52738e-18 2.77831e-14 5.66817e-10 1.85332e-05 0.00014383 0.999838 
1.28625e-25 4.82433e-22 3.00941e-18 3.28314e-14 3.0615e-10 1.62277e-06 0.00126687 0.989475 0.00918013 7.60198e-05 
2.0992e-31 1.36554e-27 1.15238e-23 1.24841e-19 7.60677e-16 5.67754e-12 9.69592e-08 0.000481714 0.999308 0.000209725 
1.63231e-31 9.75668e-28 7.9678e-24 8.69362e-20 5.63359e-16 4.98558e-12 8.22196e-08 0.000504587 0.99932 0.000175554 
2.58105e-14 3.74965e-11 8.54463e-08 7.49715e-05 0.0047018 0.993676 0.00154673 6.92356e-07 4.252e-08 3.37403e-12 
1.84684e-25 6.81489e-22 4.19604e-18 4.5156e-14 4.23653e-10 2.25117e-06 0.00132755 0.997845 0.000781886 4.37375e-05 
7.04156e-17 2.18256e-13 1.47252e-09 1.5858e-05 0.00309909 0.99592 0.00096444 5.65373e-07 3.08652e-08 2.88742e-12 
4.0772e-40 3.43198e-36 3.16849e-32 1.24187e-26 1.95331e-22 1.87036e-17 3.83078e-13 4.5882e-09 7.75913e-05 0.999922 
6.85965e-13 1.16748e-09 2.9989e-06 0.00296333 0.0170411 0.979266 0.000726803 2.18639e-07 2.19126e-09 4.59379e-14 
0.00479815 0.98257 0.0112956 0.00133355 2.21487e-06 5.34109e-09 2.81391e-12 7.28595e-16 2.19756e-18 1.04473e-24 
4.91741e-09 2.58716e-06 0.0022336 0.0102373 0.984922 0.0026031 1.4913e-06 1.66431e-10 3.66363e-13 2.78059e-17 
8.29185e-10 1.09396e-06 0.000891437 0.0072091 0.989138 0.00275809 2.32851e-06 6.92102e-10 1.21968e-11 3.29182e-16 
3.52728e-26 1.51178e-22 1.03149e-18 1.07349e-14 8.6778e-11 4.23873e-07 0.000574696 0.998229 0.0010359 0.000159702 
8.62939e-06 0.00662725 0.987311 0.00604591 6.82553e-06 3.53115e-08 3.48186e-11 1.20849e-14 3.7746e-17 2.67376e-23 
4.27683e-32 3.60313e-28 3.29203e-24 3.57859e-20 1.93591e-16 1.89398e-12 4.02911e-08 0.000276519 0.999506 0.00021781 
8.89521e-17 2.823e-13 1.97642e-09 2.22662e-05 0.0035664 0.995268 0.00114079 2.22302e-06 5.00068e-08 4.03365e-12 
0.00292698 0.979077 0.0158179 0.00217634 1.58278e-06 2.92321e-09 5.82916e-13 2.98344e-17 1.00961e-20 3.15996e-26 
7.10169e-09 4.50343e-06 0.00456553 0.0182948 0.976286 0.000848693 2.06201e-07 2.36306e-12 7.86119e-15 4.03352e-20 
6.30758e-09 4.02997e-06 0.00470018 0.984747 0.00937502 0.00117271 1.16764e-06 3.38697e-10 1.06905e-12 5.17193e-19 
2.29695e-08 0.000199677 0.967559 0.0269653 0.00526207 1.39926e-05 7.28106e-09 1.4236e-12 1.23918e-14 6.81496e-20 
1.29607e-25 4.92016e-22 3.09575e-18 3.28143e-14 2.96985e-10 1.55441e-06 0.00122122 0.998464 0.000279778 3.35353e-05 
6.29595e-17 1.9664e-13 1.23381e-09 1.0656e-05 0.00366455 0.994787 0.0015315 6.75622e-06 2.52198e-08 1.7848e-12 
7.10323e-06 0.00584989 0.988489 0.00564892 5.4392e-06 1.9933e-08 1.67067e-11 5.53559e-15 1.74636e-17 1.38576e-23 
7.90072e-27 3.05485e-23 1.9672e-19 1.71666e-15 1.2198e-11 5.98518e-08 0.000354199 0.992768 0.00665458 0.000222834 
5.22726e-09 3.32394e-06 0.00483566 0.98633 0.00786631 0.000963672 7.62094e-07 1.53261e-10 9.66135e-14 2.19669e-19 
2.19303e-31 1.25371e-27 1.0046e-23 1.09292e-19 7.2582e-16 5.91284e-12 9.13224e-08 0.000514968 0.999271 0.000214199 
1.44968e-32 1.22297e-28 1.11857e-24 1.20417e-20 6.3647e-17 3.87653e-13 8.17938e-09 6.22406e-05 0.998811 0.00112676 
4.01146e-13 6.3103e-10 1.43396e-06 0.00114919 0.296859 0.700968 0.00102184 3.63917e-07 1.82399e-08 5.09029e-13 
5.12966e-16 6.84532e-13 2.05124e-09 5.89102e-05 0.974797 0.0240739 0.00106997 4.56329e-07 2.61578e-08 2.50701e-12 
4.4218e-30 3.93821e-26 3.74013e-22 4.1308e-18 2.16472e-14 6.11874e-11 2.00594e-06 0.000495356 0.999338 0.000164694 
6.25265e-29 4.57281e-25 3.84051e-21 3.18266e-17 1.31602e-13 5.9539e-10 5.65208e-06 0.00644126 0.993323 0.000230035 
1.08414e-27 9.14149e-24 8.36517e-20 8.99759e-16 4.73719e-12 2.49672e-08 0.000468867 0.998614 0.000633496 0.000283367 
1.24037e-26 4.40939e-23 2.63271e-19 3.10736e-15 3.18973e-11 1.76649e-07 8.43538e-05 0.000567871 0.999148 0.00019977 
2.20514e-31 1.34375e-27 1.10594e-23 1.19723e-19 7.57769e-16 5.48582e-12 8.70067e-08 0.000397705 0.999406 0.000196162 
2.22098e-31 1.35047e-27 1.11049e-23 1.20802e-19 7.71335e-16 6.43e-12 1.06346e-07 0.000607151 0.999199 0.000194015 
4.73274e-20 2.46458e-16 1.55812e-12 6.13642e-09 7.99607e-06 0.00105097 0.997266 0.00152991 0.000145087 2.57296e-08 
3.54171e-40 2.98123e-36 2.75236e-32 1.07891e-26 1.697e-22 1.62494e-17 3.3281e-13 4.02148e-09 7.01343e-05 0.99993 
2.33956e-06 0.00251884 0.664449 0.332019 0.0010079 3.0755e-06 1.52126e-09 2.85085e-13 2.10847e-15 9.86174e-21 
3.00262e-34 1.26734e-30 8.579e-27 9.39233e-23 8.01217e-19 6.66486e-15 7.09571e-11 2.25088e-07 0.000102668 0.999897 
3.96447e-40 3.33682e-36 3.07847e-32 1.13683e-26 1.78605e-22 1.70925e-17 3.50788e-13 4.10746e-09 6.61138e-05 0.999934 
7.31614e-17 2.15296e-13 1.31058e-09 1.17174e-05 0.00165647 0.0309049 0.967235 0.000192011 5.0397e-08 2.88867e-12 
1.24952e-25 4.62165e-22 2.85092e-18 3.11651e-14 2.94904e-10 1.57338e-06 0.00100888 0.998686 0.000269884 3.41231e-05 
5.3347e-21 1.74796e-17 9.70024e-14 4.03471e-10 8.50087e-07 0.000972556 0.997464 0.00143925 0.000123417 2.86413e-08 
7.50906e-09 4.90242e-06 0.00607339 0.989366 0.00454458 1.1236e-05 5.29913e-08 2.34679e-11 8.30769e-13 5.73604e-17 
