11453
7.07969e-08 1.03253e-06 5.67473e-06 0.000127125 0.00234569 0.0106051 0.0373598 0.0661513 0.875847 0.00755705 
1.42485e-08 3.12382e-07 6.17746e-06 0.000200517 0.00355313 0.0190525 0.870608 0.0715817 0.0280587 0.00693938 
3.40242e-09 8.49853e-08 2.01563e-06 7.44931e-05 0.00108121 0.00589035 0.0264587 0.943095 0.0195885 0.00380929 
4.00437e-28 1.38103e-24 6.87796e-21 1.60873e-17 5.83987e-14 3.44911e-10 5.88773e-09 2.99482e-06 0.000181999 0.999815 
2.01766e-11 3.16158e-10 8.12332e-09 4.68979e-08 1.1158e-06 0.000104134 0.00145312 0.00662085 0.962438 0.029383 
2.22516e-06 2.16686e-05 0.000719472 0.00447681 0.016016 0.361773 0.603289 0.0128426 0.000845028 1.40741e-05 
7.0484e-14 6.31348e-12 2.8627e-10 2.263e-09 1.18914e-07 3.88529e-06 0.00049258 0.0013482 0.00621192 0.991943 
2.73561e-11 5.97654e-10 7.90134e-08 5.46668e-07 2.40713e-05 0.000383945 0.00302613 0.345575 0.569835 0.0811551 
1.91242e-06 2.73198e-05 0.000353905 0.00295736 0.0204188 0.065651 0.878726 0.0272424 0.00407595 0.00054515 
5.2712e-11 9.16751e-10 7.71001e-08 5.9442e-07 1.17632e-05 0.000508484 0.0043488 0.0225367 0.956028 0.0165656 
2.46384e-14 2.25419e-12 1.24825e-10 9.82216e-10 2.85268e-08 1.91721e-06 7.3132e-05 0.000509168 0.00304441 0.996371 
4.44553e-15 6.75701e-13 6.33317e-11 3.75816e-10 1.17753e-08 1.65987e-06 8.46978e-05 0.000513471 0.00274461 0.996656 
5.78478e-09 1.58873e-07 1.11223e-05 0.000201975 0.00114426 0.00830374 0.0297091 0.934896 0.0210409 0.00469311 
1.18196e-07 1.62722e-06 2.76222e-05 0.000255005 0.00366653 0.0276477 0.898879 0.0486206 0.016525 0.00437721 
1.79e-13 2.21141e-11 2.21812e-09 1.35779e-08 3.0093e-07 3.1443e-05 0.00127254 0.00462602 0.0143863 0.979683 
0.000110066 0.000422127 0.0143446 0.342105 0.536977 0.0612 0.0417029 0.00289092 0.000234569 1.31456e-05 
5.6214e-11 9.11915e-10 1.93396e-08 3.34914e-07 9.29029e-06 0.000370624 0.00281612 0.0161752 0.0298777 0.950751 
1.71195e-14 2.11018e-12 1.2604e-10 7.30143e-10 2.95675e-08 1.74998e-06 0.000155213 0.000501489 0.0025977 0.996744 
2.72745e-13 3.14894e-11 3.01576e-09 1.87779e-08 4.19838e-07 4.30168e-05 0.00157717 0.00676222 0.0196045 0.972013 
2.21666e-06 3.40546e-05 0.000812579 0.0102013 0.831945 0.0735622 0.0525728 0.0248889 0.00564405 0.000337292 
1.93664e-19 3.16466e-17 1.17773e-14 3.23691e-13 3.41183e-10 4.85492e-08 6.72138e-05 0.000163608 0.00160764 0.998161 
8.06286e-12 2.83607e-10 9.23566e-08 5.61112e-07 8.74264e-06 0.00070669 0.00631298 0.918011 0.0504662 0.0244941 
1.99252e-08 2.31402e-07 1.36416e-05 0.000169977 0.00239553 0.013773 0.900012 0.057659 0.0210841 0.00489262 
2.61879e-11 4.91108e-10 7.15663e-08 4.69869e-07 8.31408e-06 0.000484399 0.00446947 0.0218034 0.959314 0.0139202 
6.82273e-12 2.21189e-10 1.33179e-08 1.75064e-07 4.42008e-06 0.000624718 0.885148 0.0389792 0.0441318 0.0311112 
1.64713e-11 2.5978e-10 5.04293e-09 6.75092e-08 1.07153e-06 3.83587e-05 0.00129446 0.00589408 0.0154912 0.977281 
1.84608e-11 4.01901e-10 6.30237e-08 4.59744e-07 8.1525e-06 0.000493835 0.00639917 0.929764 0.0392895 0.0240451 
3.8867e-13 4.0586e-11 1.6546e-08 6.82674e-08 1.13613e-06 7.96329e-05 0.00169854 0.00811812 0.942264 0.0478388 
4.67383e-09 1.34779e-07 3.28539e-06 0.000100041 0.00196293 0.0086277 0.88308 0.0710178 0.0291229 0.00608492 
1.03624e-10 8.54244e-09 2.306e-07 2.68774e-06 3.89783e-05 0.000772499 0.00500982 0.021838 0.959011 0.0133266 
3.21816e-11 5.78472e-10 3.90691e-08 3.84984e-07 7.97494e-06 0.000399169 0.00329547 0.0186972 0.962064 0.015536 
2.19326e-09 3.8182e-08 8.3814e-07 4.18468e-05 0.000427113 0.00270655 0.00822633 0.0219876 0.946904 0.0197055 
4.35343e-10 2.0271e-08 6.73758e-07 2.17598e-05 0.000451259 0.0013806 0.00761341 0.0200399 0.950801 0.0196913 
0.000375306 0.00237001 0.0183815 0.723956 0.104844 0.0819249 0.0455099 0.0195534 0.00295783 0.000127536 
0 0 0 0 0 0 0 0 0 1 
8.30435e-06 0.000120172 0.0032528 0.0253307 0.0846718 0.811198 0.0578961 0.0147555 0.00272197 4.45557e-05 
8.9257e-34 3.09083e-30 1.85901e-26 1.39547e-22 7.72972e-19 6.67468e-15 5.39953e-12 1.48912e-08 0.000131339 0.999869 
2.41707e-06 9.67496e-05 0.0023233 0.34703 0.561339 0.0442283 0.0286474 0.0133643 0.00278174 0.000186759 
1.0171e-13 1.12142e-11 1.17168e-09 7.28108e-09 1.6967e-07 1.58575e-05 0.000495481 0.00164547 0.00496221 0.992881 
1.32173e-06 1.70988e-05 8.18735e-05 0.00058813 0.00318786 0.0148127 0.485213 0.490319 0.00530073 0.000477681 
1.1656e-13 1.25308e-11 1.18728e-09 7.61997e-09 1.77712e-07 1.82626e-05 0.000614217 0.00364612 0.010162 0.985559 
9.62334e-14 1.12364e-11 9.95729e-10 6.39083e-09 1.75326e-07 1.67405e-05 0.000717571 0.00258467 0.00933609 0.987345 
2.05314e-13 2.2757e-11 2.17159e-09 1.37904e-08 3.09845e-07 3.16485e-05 0.000937319 0.00448038 0.968809 0.0257413 
1.98319e-09 5.20857e-08 1.14736e-06 3.50592e-05 0.00043973 0.00259144 0.010071 0.585849 0.393633 0.00737936 
1.83655e-09 6.29538e-08 1.67994e-06 6.18295e-05 0.000969785 0.00348669 0.0153263 0.0287656 0.945693 0.00569495 
3.95012e-09 1.04529e-07 2.48872e-06 7.70773e-05 0.0014736 0.00879451 0.898089 0.0656462 0.0212344 0.00468282 
1.72272e-13 1.96935e-11 1.96921e-09 1.27157e-08 2.71471e-07 3.32675e-05 0.000896148 0.00462649 0.0124632 0.981981 
0.0033097 0.671731 0.0932393 0.128114 0.0761081 0.0235352 0.00352598 0.000427021 9.40937e-06 1.46088e-07 
6.59321e-07 8.89512e-06 3.76515e-05 0.000223482 0.0029914 0.623177 0.232619 0.0280436 0.108537 0.00436005 
1.51676e-13 1.91477e-11 2.06106e-09 1.28428e-08 2.48926e-07 3.29396e-05 0.0011223 0.00650376 0.969272 0.0230689 
1.00055e-13 9.67609e-12 6.77137e-10 4.53258e-09 1.39901e-07 7.6531e-06 0.000621993 0.00237168 0.0121432 0.984855 
4.16847e-08 2.83347e-07 3.84152e-06 9.17686e-05 0.00203906 0.00762934 0.881878 0.066507 0.0332477 0.00860348 
9.66434e-23 2.10209e-19 9.55828e-16 2.32379e-13 3.15703e-10 4.13465e-08 6.31866e-05 0.000214528 0.00217947 0.997543 
0.000524971 0.0023565 0.0903137 0.412126 0.368616 0.109661 0.0135512 0.00234561 0.000499047 5.57506e-06 
4.20864e-09 8.98551e-08 2.30215e-06 0.000101133 0.00127232 0.00629222 0.0234765 0.0488287 0.907444 0.0125823 
3.27412e-11 6.2498e-10 8.20771e-08 5.54532e-07 9.6618e-06 0.00044847 0.00384187 0.0195444 0.958017 0.0181384 
2.18502e-06 2.45631e-05 0.000153227 0.00133134 0.00714073 0.0233629 0.0477475 0.909448 0.010128 0.00066176 
1.7471e-09 6.10861e-08 7.24084e-06 7.53697e-05 0.00159955 0.0119152 0.434215 0.538835 0.00990937 0.00344336 
2.47326e-11 3.67408e-10 4.38808e-09 6.40121e-08 2.97908e-06 0.000101633 0.00157342 0.00924222 0.958994 0.0300861 
3.97052e-08 2.28229e-07 2.74273e-06 7.55492e-05 0.00157353 0.0050151 0.0164452 0.0359445 0.928649 0.0122937 
4.95305e-08 3.19938e-07 4.59991e-06 0.000126309 0.0024203 0.0141776 0.884253 0.0656419 0.027099 0.00627655 
7.77251e-13 3.20605e-11 1.2286e-08 5.2462e-08 8.82149e-07 9.577e-05 0.00125923 0.00548068 0.0137023 0.979461 
9.74407e-07 1.32703e-05 4.55088e-05 0.000228159 0.00331204 0.0185974 0.900581 0.0531087 0.0192086 0.00490473 
7.57456e-12 2.36854e-10 3.5003e-08 3.21588e-07 5.43519e-06 0.000243796 0.00271007 0.0134452 0.0297453 0.95385 
5.06148e-14 6.4804e-12 5.3397e-10 3.38792e-09 9.55723e-08 9.88198e-06 0.000596933 0.00291185 0.00871617 0.987765 
8.86746e-14 1.1032e-11 4.75425e-09 1.94124e-08 3.07204e-07 4.42168e-05 0.00072902 0.00368778 0.506182 0.489357 
1.02857e-10 1.19568e-08 3.64678e-07 3.4099e-06 0.000272143 0.000878712 0.00526276 0.328794 0.654255 0.010533 
1.02337e-13 1.45061e-11 1.6451e-09 1.00114e-08 1.8595e-07 2.60994e-05 0.000883522 0.00366752 0.00923421 0.986188 
2.54163e-11 4.93932e-10 2.44296e-08 3.87496e-07 8.978e-06 0.000429655 0.00347367 0.0155392 0.0310921 0.949456 
1.03881e-13 1.13782e-11 1.14217e-09 7.26708e-09 1.50474e-07 1.66519e-05 0.000393912 0.00208069 0.00646031 0.991048 
2.35695e-08 3.36588e-07 1.575e-05 0.000221885 0.00273004 0.010928 0.878897 0.0712037 0.0297871 0.00621635 
3.02248e-45 5.16066e-41 2.61512e-36 6.96615e-29 1.11578e-24 1.07778e-19 2.13791e-15 2.25747e-11 1.13055e-07 1 
4.27535e-11 6.65708e-10 2.11735e-08 2.07573e-07 5.99285e-06 0.000206476 0.00188555 0.0104978 0.949272 0.0381316 
8.51335e-13 3.75383e-11 3.03712e-09 2.9524e-08 1.06673e-06 8.46918e-05 0.00161622 0.0074542 0.963176 0.0276677 
3.15488e-14 3.25575e-12 2.93313e-10 1.86012e-09 4.2449e-08 3.59182e-06 8.79497e-05 0.000366849 0.00223589 0.997306 
1.35413e-09 2.17725e-08 3.85498e-07 8.47995e-06 0.000111328 0.00216606 0.0133534 0.936165 0.0351755 0.0130196 
4.34209e-15 7.02144e-13 5.78257e-11 3.94305e-10 1.59557e-08 1.99351e-06 7.79212e-05 0.000530505 0.00174818 0.997641 
1.9909e-13 2.558e-11 3.16902e-09 2.04241e-08 3.44795e-07 5.62682e-05 0.000917464 0.00635218 0.0172292 0.975445 
3.5716e-05 0.000399329 0.00387507 0.0242219 0.0717803 0.837341 0.0491997 0.0116104 0.0015001 3.61489e-05 
8.27481e-07 1.09366e-05 6.00609e-05 0.000399624 0.00321497 0.0146875 0.0357835 0.912542 0.0290287 0.00427196 
0.00149743 0.0169729 0.649589 0.161498 0.118949 0.0446394 0.00623361 0.000596677 2.41263e-05 2.65494e-07 
4.60511e-13 7.16874e-11 6.36393e-08 2.36491e-07 3.12656e-06 0.00048528 0.00485967 0.908248 0.0498587 0.0365454 
3.18556e-06 8.45939e-05 0.0027117 0.0124547 0.0982428 0.173864 0.647177 0.0442849 0.0171962 0.00398111 
9.18914e-13 9.44214e-11 1.05173e-08 1.69859e-07 3.11543e-06 0.000228543 0.00257719 0.0623639 0.72666 0.208167 
8.68432e-10 2.70194e-08 5.49086e-07 1.79938e-05 0.000118888 0.00135497 0.00726634 0.0250899 0.953688 0.0124633 
1.56424e-09 2.43715e-08 5.16813e-07 7.85987e-06 0.000298883 0.00219242 0.00736942 0.023769 0.954141 0.0122213 
8.80471e-18 1.39854e-15 3.80549e-13 4.55224e-12 1.03242e-09 1.80389e-06 0.000119607 0.00161614 0.00558584 0.992677 
3.29743e-14 4.65504e-12 5.68202e-10 3.37406e-09 6.26679e-08 1.00249e-05 0.000110875 0.00194516 0.00550569 0.992428 
2.66243e-06 3.30863e-05 0.000169512 0.00127469 0.00910064 0.0421969 0.877853 0.0567041 0.0112751 0.0013907 
3.2501e-11 6.15228e-10 7.52172e-08 4.7314e-07 8.10397e-06 0.00046643 0.00354167 0.0202394 0.958873 0.0168707 
2.67878e-09 5.19828e-08 1.22217e-06 4.34189e-05 0.000709507 0.00361176 0.0165449 0.0367141 0.93515 0.00722508 
2.69187e-32 8.16586e-29 4.47502e-25 2.64471e-21 8.80004e-18 2.76338e-13 3.64507e-09 1.76281e-05 0.000430795 0.999552 
2.75018e-12 1.38338e-10 3.21605e-08 2.67127e-07 4.57705e-06 0.000250393 0.00326029 0.0142115 0.493857 0.488416 
0.000225948 0.000741905 0.014022 0.310381 0.494366 0.160443 0.0155674 0.00374662 0.000495176 1.18685e-05 
2.1963e-10 3.72161e-09 1.33455e-07 3.01898e-06 4.08462e-05 0.000831948 0.00802712 0.0339839 0.934812 0.022301 
8.12341e-15 8.74779e-13 7.65512e-11 5.64695e-10 1.56573e-08 2.51005e-06 7.83967e-05 0.000750744 0.0029675 0.996201 
2.29444e-09 8.54599e-08 7.26109e-06 0.000189086 0.00292902 0.117064 0.428295 0.239815 0.206838 0.00486236 
3.19682e-10 1.79509e-08 4.36132e-07 4.46383e-06 0.000243161 0.00123747 0.00789342 0.0295815 0.935654 0.0253851 
1.60193e-09 2.63632e-08 5.97536e-07 1.24579e-05 0.000343391 0.00274476 0.0107305 0.0339674 0.938398 0.0138026 
8.94379e-14 1.20993e-11 1.47512e-09 9.09292e-09 1.42746e-07 2.5259e-05 0.00028647 0.00240954 0.00672155 0.990557 
3.07358e-05 7.08528e-05 0.00164376 0.00948823 0.0411193 0.893321 0.0418055 0.0109839 0.00150484 3.18759e-05 
1.01122e-10 3.83944e-09 1.78116e-07 2.58276e-06 3.65468e-05 0.000671324 0.0041886 0.0237479 0.953481 0.0178722 
7.76061e-10 4.74482e-08 1.02521e-06 1.11936e-05 0.000303157 0.0030968 0.0198852 0.936158 0.0297529 0.0107913 
1.27655e-32 3.90955e-29 2.13981e-25 1.1474e-21 3.09229e-18 7.43401e-14 8.68918e-10 4.19042e-06 3.43892e-05 0.999961 
8.54763e-15 1.20983e-12 7.52048e-11 4.77497e-10 2.1302e-08 1.65981e-06 6.50923e-05 0.00032384 0.00164972 0.99796 
2.94547e-13 3.86544e-11 1.08734e-08 4.77394e-08 8.96541e-07 0.000132089 0.00220798 0.0113487 0.951285 0.035025 
1.49177e-13 1.74677e-11 1.75757e-09 1.07442e-08 2.16863e-07 2.36754e-05 0.00073838 0.00323429 0.974482 0.0215216 
9.49052e-14 8.57413e-12 6.33025e-10 4.26549e-09 1.23078e-07 7.90895e-06 0.000304853 0.00223438 0.983643 0.0138096 
0.0010329 0.443654 0.0462321 0.122163 0.180818 0.0651927 0.124295 0.0162492 0.000350936 1.27998e-05 
0.0051008 0.0457769 0.848269 0.0726146 0.0250479 0.00285328 0.000312714 2.39062e-05 1.30444e-06 2.45623e-08 
4.28105e-09 1.23067e-07 3.00208e-06 9.62413e-05 0.00171106 0.00865143 0.0370339 0.921497 0.0256996 0.00530812 
3.06205e-13 4.29853e-11 3.79614e-08 1.41041e-07 1.83925e-06 0.00022654 0.00269901 0.012608 0.956358 0.0281067 
1.55929e-07 2.17144e-06 1.83646e-05 0.000184866 0.00306222 0.414873 0.519341 0.0423849 0.0159497 0.00418376 
2.16047e-13 3.18602e-11 2.35398e-08 9.45025e-08 1.29568e-06 0.000224048 0.00215159 0.481838 0.496229 0.0195564 
3.52652e-11 6.07393e-10 2.85897e-08 3.06894e-07 7.64248e-06 0.000313453 0.00223158 0.0113237 0.965181 0.0209423 
1.47044e-13 1.56977e-11 1.46324e-09 9.21247e-09 2.42904e-07 1.4613e-05 0.000616491 0.00404444 0.970828 0.0244966 
1.87709e-13 2.02559e-11 1.64364e-09 1.19101e-08 3.52337e-07 6.17882e-05 0.0014923 0.00545575 0.957874 0.0351157 
3.63419e-09 1.00386e-07 2.46984e-06 6.9612e-05 0.00160137 0.00581017 0.0249316 0.0471392 0.912376 0.00806907 
2.16965e-08 1.05265e-06 0.000131917 0.00141423 0.0151529 0.460508 0.462526 0.0386433 0.017091 0.0045307 
0.000704979 0.00759131 0.0344146 0.10144 0.765211 0.0744711 0.0140793 0.00180791 0.000273977 5.92442e-06 
2.69091e-06 2.51848e-05 0.00026849 0.00374687 0.0146001 0.0436953 0.8991 0.0319741 0.00550156 0.00108532 
7.57851e-07 1.0293e-05 5.08101e-05 0.000292934 0.0022865 0.0183981 0.0540576 0.900827 0.0196047 0.00447095 
7.62034e-35 2.78517e-31 1.73603e-27 1.3746e-23 8.30065e-20 4.45978e-16 1.34974e-12 9.63747e-09 0.000129655 0.99987 
2.2018e-13 2.81019e-11 2.89513e-09 1.80216e-08 3.75193e-07 4.57264e-05 0.00147726 0.00616773 0.0172437 0.975065 
3.60742e-06 5.34212e-05 0.00202585 0.00986927 0.525191 0.383985 0.0541113 0.0198901 0.00453367 0.000335997 
1.13333e-13 1.03279e-11 4.69378e-10 3.40579e-09 1.68664e-07 5.14878e-06 0.00102503 0.00355632 0.0125025 0.982911 
2.66818e-09 8.6071e-08 3.05305e-06 9.15904e-05 0.00185109 0.0116754 0.93485 0.0342619 0.0140322 0.00323516 
9.75662e-12 2.19287e-10 3.72731e-08 1.75287e-06 0.000161641 0.0130109 0.148121 0.568093 0.134592 0.13602 
1.42128e-13 1.85637e-11 2.06226e-09 1.27992e-08 2.45397e-07 3.428e-05 0.00079428 0.00457658 0.0121783 0.982416 
2.19476e-11 3.63678e-10 2.19162e-08 1.85754e-07 4.56656e-06 0.000275435 0.00233923 0.011376 0.966241 0.0197638 
1.56363e-11 2.38914e-10 3.9668e-09 3.79052e-08 9.07222e-07 0.000182546 0.00194051 0.0105008 0.0264999 0.960875 
1.97275e-09 5.60837e-08 1.33355e-06 5.17185e-05 0.000739515 0.00314108 0.012825 0.026944 0.943053 0.0132446 
3.13501e-34 8.00674e-31 4.11327e-27 3.5604e-23 1.22232e-19 3.76556e-15 2.47132e-11 1.20447e-07 5.19591e-05 0.999948 
1.90183e-13 2.31453e-11 2.3702e-09 1.48196e-08 3.14156e-07 3.78879e-05 0.001105 0.00562075 0.01589 0.977346 
6.23722e-11 9.72433e-10 1.97716e-08 3.27862e-07 8.34353e-06 0.000237874 0.00152497 0.00869333 0.0172049 0.97233 
6.02847e-13 3.85365e-11 8.25055e-09 4.02606e-08 7.91208e-07 6.69404e-05 0.00168893 0.00800216 0.0204278 0.969813 
1.1128e-13 1.52902e-11 1.99592e-09 1.18485e-08 1.83035e-07 3.06218e-05 0.000342727 0.00395001 0.0100485 0.985628 
0.00528881 0.0420661 0.11872 0.724431 0.0828435 0.0215337 0.00461818 0.000489028 1.02183e-05 1.52608e-07 
1.73981e-09 5.1814e-08 1.23188e-06 2.98167e-05 0.000737445 0.00336892 0.0152463 0.0320169 0.938718 0.00988113 
6.28884e-08 4.38475e-07 5.8657e-06 0.000155283 0.00579464 0.835697 0.0530078 0.0687487 0.0299588 0.00663117 
5.2948e-11 9.04366e-10 6.87191e-08 2.98036e-06 1.15607e-05 0.000365062 0.00302301 0.486951 0.497728 0.0119186 
2.54575e-06 3.71591e-05 0.00059523 0.0040596 0.813127 0.0827734 0.0633068 0.0309981 0.00457577 0.000524208 
1.17297e-21 1.14369e-18 3.9985e-15 9.80492e-14 3.3696e-11 3.72282e-08 1.30576e-05 0.000154544 0.000599014 0.999233 
3.5742e-06 4.65127e-05 0.00171364 0.0108269 0.0418109 0.893725 0.0404907 0.00960235 0.00175402 2.65023e-05 
1.53073e-06 1.7542e-05 0.000119943 0.00106554 0.00609604 0.122532 0.0792036 0.782803 0.00752206 0.000638175 
4.21029e-11 7.88533e-10 8.26385e-08 5.55419e-06 0.00133313 0.460936 0.0193125 0.485177 0.023213 0.0100227 
1.83757e-06 2.47764e-05 0.000141267 0.000932642 0.00885749 0.0424157 0.90578 0.0356473 0.00540114 0.000798064 
5.69842e-12 9.25951e-11 1.97716e-09 2.33547e-08 7.987e-07 6.45768e-05 0.000536773 0.00419072 0.514069 0.481138 
2.73244e-13 3.83083e-11 2.71398e-08 1.06675e-07 1.5447e-06 0.000295388 0.00290639 0.0139048 0.947498 0.0353933 
1.02654e-14 1.77394e-12 1.10358e-10 1.22733e-09 4.21127e-08 9.56797e-06 0.000199233 0.00232955 0.00724596 0.990216 
1.05943e-13 1.3529e-11 1.59719e-09 1.00843e-08 1.64673e-07 2.60209e-05 0.00032992 0.00152327 0.00395505 0.994166 
1.19767e-06 1.63782e-05 0.000100338 0.000611319 0.00468816 0.031851 0.0578526 0.894602 0.00921671 0.00106037 
9.76053e-10 1.90977e-08 4.44811e-07 2.32473e-05 0.000242993 0.00135762 0.00545296 0.114331 0.757225 0.121367 
6.53768e-14 4.70407e-12 1.89082e-10 1.58625e-09 7.45842e-08 1.10081e-06 0.000191518 0.000683467 0.00254931 0.996575 
3.20719e-13 4.8667e-11 2.19513e-08 1.11005e-07 1.63847e-06 0.000450785 0.00465314 0.230915 0.746792 0.0171874 
4.64119e-09 1.28475e-07 3.10364e-06 9.47273e-05 0.00178965 0.0123277 0.890452 0.0638543 0.0255848 0.00589374 
1.02555e-13 1.21628e-11 1.23324e-09 7.75872e-09 1.6618e-07 1.9834e-05 0.000627119 0.00343549 0.0103234 0.985594 
2.8458e-09 7.50288e-08 2.11886e-06 4.86914e-05 0.00136532 0.00572922 0.0281357 0.929404 0.0271713 0.00814378 
2.35052e-13 2.60997e-11 2.59397e-09 1.88553e-08 5.61162e-07 0.000146939 0.00232083 0.0105108 0.956615 0.0304054 
1.53592e-12 7.35948e-11 2.12621e-08 8.7477e-08 1.56825e-06 0.00015928 0.00227084 0.0102042 0.950544 0.0368197 
1.19736e-06 1.56356e-05 8.76202e-05 0.000519021 0.0043837 0.0239987 0.0449787 0.913817 0.0106489 0.00155001 
0.00180888 0.0237703 0.0767789 0.742269 0.116194 0.0336241 0.00496079 0.000582851 1.0218e-05 1.54224e-07 
2.91535e-13 3.95052e-11 3.12082e-09 2.14474e-08 6.6692e-07 6.99223e-05 0.00139147 0.00659071 0.0170953 0.974852 
4.45112e-11 7.69241e-10 5.90244e-08 4.79708e-07 9.77728e-06 0.000320023 0.00247081 0.0158556 0.956544 0.0247995 
1.81509e-13 1.94742e-11 1.68156e-09 1.08956e-08 2.66935e-07 2.37051e-05 0.000961649 0.00358689 0.0122882 0.983139 
1.74407e-06 2.30097e-05 0.000102381 0.000568116 0.00632224 0.0345164 0.0646513 0.884233 0.00854469 0.00103765 
6.03607e-13 6.32653e-11 1.23066e-08 1.11589e-07 2.12313e-06 0.000177637 0.00248978 0.48268 0.497104 0.0175467 
1.64795e-13 1.89955e-11 1.81778e-09 1.15245e-08 2.58887e-07 2.77011e-05 0.00130347 0.00602851 0.965224 0.027416 
3.18499e-11 5.72127e-10 2.64335e-08 3.57878e-07 7.95317e-06 0.000238853 0.00199046 0.0110049 0.965924 0.0208331 
2.35653e-13 2.88003e-11 2.60681e-09 1.98612e-08 6.26342e-07 0.000185524 0.00289328 0.942805 0.0276122 0.0265029 
1.23874e-14 1.23742e-12 1.10035e-10 6.79569e-10 1.8306e-08 1.1622e-06 4.29265e-05 0.00018448 0.000664073 0.999107 
1.31503e-13 1.46224e-11 1.20393e-09 7.69041e-09 2.03784e-07 1.73918e-05 0.000877919 0.00380096 0.0105536 0.98475 
0 0 0 0 0 0 0 0 0 1 
8.83751e-18 1.5729e-15 1.06828e-12 6.74448e-12 8.79435e-10 1.65024e-06 0.000109566 0.00160272 0.985096 0.0131903 
3.63698e-06 4.93208e-05 0.000619381 0.00643617 0.028753 0.89139 0.0527205 0.0177953 0.00205031 0.000181987 
1.3779e-06 1.95829e-05 0.000312104 0.00208121 0.011189 0.0370206 0.923619 0.0220899 0.00343481 0.000232852 
1.28925e-13 1.4945e-11 1.33634e-09 8.35266e-09 2.1266e-07 1.91746e-05 0.000989664 0.00382999 0.967469 0.0276918 
0.00268854 0.0196523 0.062748 0.118617 0.761751 0.0328729 0.001559 0.00010627 5.30303e-06 4.72663e-08 
2.89348e-13 4.24829e-11 3.50804e-08 1.3126e-07 1.62326e-06 0.000204903 0.00223459 0.414033 0.554859 0.0286668 
6.28283e-19 9.80581e-17 1.61319e-14 2.23002e-13 2.3655e-11 1.61797e-08 2.30079e-07 6.22636e-05 0.00199136 0.997946 
3.84761e-12 7.29008e-11 2.55034e-09 1.641e-08 3.38942e-07 5.43377e-05 0.00139715 0.0070697 0.0169776 0.974501 
2.2506e-06 2.92212e-05 0.000210035 0.0019042 0.00841798 0.0380546 0.897252 0.0464397 0.00713183 0.000558079 
5.30882e-14 5.52858e-12 4.53657e-10 2.97748e-09 7.70936e-08 6.0956e-06 0.000240299 0.000855879 0.00295387 0.995944 
1.28851e-09 2.55678e-08 6.81967e-07 3.66796e-05 0.000304628 0.00278875 0.0159226 0.950625 0.0225243 0.00779758 
2.18815e-09 4.27645e-08 8.9688e-07 2.24725e-05 0.000613408 0.00250271 0.00961447 0.025406 0.949631 0.0122092 
1.8138e-13 2.09548e-11 1.946e-09 1.23356e-08 2.92245e-07 3.02972e-05 0.00113553 0.00522612 0.0161978 0.97741 
1.10015e-06 1.53544e-05 0.000223343 0.00113624 0.00691478 0.167652 0.784231 0.0321539 0.00634379 0.00132826 
5.53166e-14 7.08845e-12 8.7417e-10 5.40939e-09 8.18404e-08 1.35061e-05 0.000136218 0.000841068 0.00209923 0.99691 
2.50066e-11 3.79623e-10 5.05928e-09 7.70474e-08 2.92706e-06 9.56921e-05 0.0011126 0.00907347 0.969257 0.0204585 
2.90128e-09 8.64328e-08 2.29132e-06 7.09887e-05 0.0015167 0.00555728 0.0248364 0.0456317 0.916751 0.00563353 
6.93282e-09 1.56113e-07 3.5157e-06 0.000109608 0.00177617 0.00992942 0.877332 0.0691481 0.032923 0.00877841 
6.26063e-35 2.13971e-31 1.27807e-27 9.33434e-24 4.84621e-20 6.12182e-16 3.64969e-13 1.00766e-09 3.35799e-06 0.999997 
4.45643e-11 5.44031e-09 1.93026e-07 1.50931e-06 8.94356e-05 0.00143003 0.0130831 0.929572 0.0325374 0.0232863 
1.32819e-15 2.17596e-13 1.41813e-11 8.16807e-11 3.38477e-09 2.24074e-06 0.000101025 0.00161688 0.00557488 0.992705 
6.11494e-07 8.33239e-06 3.87886e-05 0.000209128 0.00273377 0.0173197 0.0418679 0.916507 0.017555 0.00375937 
2.70406e-09 8.50361e-08 2.0598e-06 5.35285e-05 0.00116918 0.00716681 0.034364 0.934867 0.0182771 0.0041 
2.33059e-13 3.94643e-11 5.88459e-08 2.09675e-07 2.41494e-06 0.00039236 0.00536232 0.93386 0.0335928 0.0267895 
1.38558e-06 1.80525e-05 0.000101427 0.000541187 0.00499687 0.0299055 0.0562473 0.88953 0.0175421 0.00111576 
2.17929e-13 2.78118e-11 2.90329e-09 1.9221e-08 4.36755e-07 7.46808e-05 0.00148911 0.00786838 0.0195049 0.971062 
1.76394e-13 1.88951e-11 1.48206e-09 9.10795e-09 2.73175e-07 1.37178e-05 0.00126565 0.00322625 0.00947342 0.986021 
2.96118e-10 4.03838e-08 1.00214e-06 8.92225e-06 0.000591047 0.00445814 0.884578 0.0529159 0.0403866 0.0170601 
1.60423e-34 5.27976e-31 3.12008e-27 2.5459e-23 1.4715e-19 4.18245e-15 5.28913e-11 2.55837e-07 2.88422e-05 0.999971 
1.41588e-13 1.91985e-11 2.29221e-09 1.57839e-08 3.22443e-07 7.90437e-05 0.00164249 0.00907424 0.95946 0.029744 
3.50713e-10 5.66923e-09 1.55881e-07 2.09188e-06 5.18108e-05 0.000752168 0.00393074 0.0192641 0.0325728 0.943426 
4.71088e-13 3.64359e-11 3.22199e-09 3.45353e-08 6.7935e-07 3.7632e-05 0.00138511 0.00718918 0.961635 0.0297524 
5.10319e-13 7.26013e-11 6.62451e-08 2.65304e-07 3.27727e-06 0.000299982 0.0028972 0.0178865 0.95299 0.0259227 
3.1979e-07 4.34843e-06 3.84724e-05 0.000941589 0.0125254 0.84427 0.052263 0.0583502 0.025702 0.0059048 
4.9823e-11 8.77673e-10 7.32802e-08 6.20801e-07 1.17388e-05 0.000928632 0.0100778 0.925619 0.0370651 0.0262966 
1.81448e-06 2.67588e-05 0.000697438 0.797923 0.0488101 0.0554433 0.0453904 0.0327603 0.0154331 0.00351385 
1.5054e-13 1.5296e-11 9.93286e-10 6.69777e-09 2.40241e-07 1.24589e-05 0.00115578 0.00320635 0.0113083 0.984317 
2.80997e-13 3.21629e-11 3.01277e-09 1.91572e-08 4.45902e-07 4.42249e-05 0.00152505 0.00546654 0.0161847 0.976779 
0.00203104 0.0266605 0.580254 0.282236 0.0784188 0.0251348 0.00465211 0.000601973 1.06965e-05 1.69221e-07 
4.0292e-11 7.13213e-10 3.88929e-08 3.85061e-07 9.92201e-06 0.000477992 0.00543058 0.024695 0.93528 0.0341062 
1.11594e-06 1.51583e-05 8.51324e-05 0.00220748 0.867956 0.0419901 0.0460526 0.0304416 0.0096315 0.00161971 
1.29378e-13 1.42386e-11 1.2563e-09 8.51534e-09 4.13531e-07 0.000380214 0.00632077 0.953417 0.0171799 0.0227021 
1.85418e-10 1.32302e-08 3.65403e-07 3.33078e-06 0.00012128 0.00223173 0.912401 0.0386482 0.0329936 0.0136007 
3.17531e-13 4.31569e-11 2.87982e-08 1.08871e-07 1.29671e-06 7.75041e-05 0.00180648 0.00808603 0.953731 0.0362977 
2.17886e-09 5.41526e-08 1.35348e-06 4.07195e-05 0.00074549 0.00360909 0.0144069 0.337029 0.635054 0.00911371 
3.56876e-11 5.91504e-10 1.29016e-08 2.23178e-07 6.02017e-06 0.000189576 0.0017996 0.0094903 0.0179028 0.970611 
6.73131e-10 5.00929e-08 1.4808e-06 2.46099e-05 0.00113399 0.00306748 0.0142333 0.0303776 0.938026 0.0131358 
1.07792e-13 1.19462e-11 9.89701e-10 7.31831e-09 2.17662e-07 2.78971e-05 0.00111707 0.942843 0.0280002 0.0280116 
0.000506247 0.0022308 0.0137995 0.780087 0.118333 0.0663575 0.0151585 0.00319346 0.000328163 6.01373e-06 
1.54674e-06 2.06124e-05 0.000119919 0.000661686 0.0061944 0.0374808 0.911324 0.0392257 0.00451842 0.00045304 
1.31074e-14 1.78808e-12 2.31616e-10 1.3858e-09 2.15597e-08 4.79918e-06 0.00010449 0.00141114 0.00515453 0.993325 
7.59755e-08 5.86553e-07 2.26349e-05 0.000262186 0.00257009 0.0106367 0.0357173 0.920585 0.0249511 0.00525396 
4.03947e-17 6.74765e-15 4.89346e-13 1.93028e-12 1.42115e-10 2.20825e-08 2.11515e-05 6.64069e-05 0.00102943 0.998883 
1.35567e-14 1.59337e-12 1.62668e-10 1.12387e-09 5.35496e-08 3.30008e-05 0.000280235 0.00209383 0.00597304 0.99162 
2.10835e-13 2.44934e-11 2.44918e-09 1.67866e-08 4.19048e-07 8.57112e-05 0.00134928 0.0058461 0.0178049 0.974914 
1.99644e-24 5.57743e-21 2.64878e-17 1.38014e-14 1.93832e-11 2.76978e-09 3.80896e-06 1.9024e-05 0.000286881 0.99969 
2.77355e-10 1.09941e-08 3.13678e-07 9.91867e-06 0.000119646 0.000672291 0.00330596 0.0347441 0.955221 0.00592657 
5.4972e-10 1.33536e-08 6.12882e-07 8.08268e-06 0.000729563 0.00241372 0.0181816 0.0449667 0.921418 0.0122822 
1.72169e-09 3.1792e-08 8.55434e-07 2.96396e-05 0.000724885 0.00270336 0.0104044 0.682225 0.296338 0.00757347 
8.94622e-15 5.12714e-13 1.81282e-11 1.73566e-10 9.64253e-09 8.69957e-08 3.24326e-06 2.71971e-05 0.000197681 0.999772 
1.32518e-14 1.40533e-12 6.64753e-11 4.58925e-10 2.3086e-08 5.43204e-07 0.000231265 0.000468617 0.00262142 0.996678 
4.48076e-12 1.04913e-10 3.40647e-08 1.45605e-07 2.14008e-06 0.000355986 0.343567 0.222866 0.338531 0.094678 
0.00123911 0.00504079 0.433166 0.237178 0.238675 0.0660697 0.0155604 0.0029167 0.000147773 7.07365e-06 
2.49615e-07 3.41221e-06 1.36292e-05 0.00014164 0.00237492 0.00948766 0.029981 0.0487475 0.0276795 0.88157 
8.51757e-13 8.18241e-11 5.02769e-08 1.95522e-07 2.86387e-06 0.000372747 0.00418043 0.0206041 0.405735 0.569105 
6.29113e-11 1.06645e-09 6.84917e-08 6.10765e-07 1.26959e-05 0.00043356 0.00287594 0.015945 0.0266012 0.954131 
3.56451e-08 3.71198e-07 3.22858e-05 0.000286677 0.00321865 0.0245865 0.839257 0.0716358 0.0454271 0.015556 
3.30481e-20 1.17513e-17 2.75878e-14 1.65557e-13 2.73314e-11 5.05394e-08 2.77059e-06 2.87865e-05 0.000654122 0.999314 
1.65673e-06 2.53619e-05 0.000167814 0.00156172 0.0110407 0.0415653 0.908931 0.0325678 0.00372357 0.000414689 
1.5522e-11 3.35988e-10 4.73817e-08 3.79303e-07 6.45392e-06 0.000362225 0.00405416 0.0158096 0.953552 0.026215 
3.01679e-06 3.96669e-05 0.000297717 0.00167032 0.0101539 0.0373588 0.062488 0.874671 0.0121453 0.00117261 
1.34316e-09 2.55067e-08 7.79467e-07 5.95611e-05 0.000356939 0.00239519 0.0070632 0.0200632 0.0250702 0.944991 
3.6379e-11 6.24039e-10 3.64044e-08 3.48799e-07 8.0956e-06 0.00036944 0.00284873 0.0164408 0.969673 0.0106599 
9.84335e-15 1.49669e-12 1.58733e-10 1.14709e-09 2.29185e-08 5.04403e-06 4.61266e-05 0.000347812 0.00222431 0.997377 
5.50369e-12 1.45908e-10 7.7866e-08 2.99824e-07 3.67663e-06 0.000214987 0.0030154 0.327444 0.501213 0.168108 
6.64002e-07 9.10916e-06 4.63821e-05 0.000281272 0.00329611 0.0200279 0.478056 0.479676 0.0158164 0.00278982 
2.13448e-13 2.66338e-11 3.18316e-09 2.20603e-08 6.339e-07 0.000221566 0.00307118 0.0138109 0.952794 0.0301015 
3.12807e-09 8.88043e-08 2.21794e-06 6.52485e-05 0.00131066 0.00584826 0.0258522 0.0469519 0.915586 0.00438377 
1.52342e-11 2.70102e-10 1.39664e-08 1.63713e-07 3.72072e-06 0.000153356 0.00105955 0.00636865 0.0126149 0.9798 
1.63451e-10 2.42152e-08 5.91218e-07 4.32044e-06 0.000139192 0.00230276 0.0174951 0.0502089 0.885613 0.044236 
3.09245e-11 5.23881e-10 1.86114e-08 2.49485e-07 6.07951e-06 0.000346385 0.0026392 0.0132678 0.96721 0.01653 
5.6686e-09 1.55497e-07 3.83062e-06 0.000126403 0.00228644 0.0114268 0.0481664 0.896085 0.0340577 0.00784757 
1.28737e-06 1.69078e-05 8.06591e-05 0.000304577 0.00479548 0.0273989 0.916559 0.0387624 0.0100651 0.00201557 
2.54064e-09 8.1988e-08 2.09954e-06 6.86516e-05 0.00126957 0.00575657 0.0280941 0.936192 0.0221152 0.00650151 
0.000449102 0.00123213 0.00746778 0.677037 0.259813 0.0424081 0.00995533 0.00101792 0.000618984 8.09432e-07 
3.47504e-14 4.14495e-12 4.49461e-10 2.72562e-09 5.61823e-08 8.37691e-06 0.000231586 0.00277397 0.00763824 0.989348 
9.76606e-10 6.22305e-08 1.90157e-06 3.86379e-05 0.00150178 0.00534166 0.0326656 0.913179 0.0352478 0.0120234 
0.000194256 0.00102016 0.00575331 0.0271342 0.0693757 0.871942 0.0199775 0.00401975 0.000576618 6.13991e-06 
3.07097e-13 4.1466e-11 2.52419e-08 1.00995e-07 1.44425e-06 0.000241094 0.0027234 0.0122237 0.952963 0.031847 
1.37329e-09 5.85561e-08 3.74438e-06 5.24303e-05 0.00106404 0.055674 0.0178881 0.637752 0.24126 0.0463058 
8.49051e-09 1.55607e-07 3.52627e-06 0.000109176 0.0020628 0.0103292 0.0434569 0.907119 0.0301397 0.00677946 
3.43709e-11 1.9758e-09 1.47056e-07 1.21352e-06 7.00553e-05 0.00143117 0.0133014 0.926919 0.0418222 0.0164546 
1.3733e-13 1.68093e-11 1.50127e-09 9.73988e-09 2.46568e-07 2.50974e-05 0.00121313 0.00369283 0.0111328 0.983936 
2.1009e-06 2.8322e-05 0.000108655 0.000422227 0.00448111 0.0254642 0.0491187 0.906388 0.0122636 0.00172271 
9.7524e-14 1.23102e-11 1.27809e-09 8.05472e-09 1.69801e-07 2.28211e-05 0.000531246 0.00304061 0.00986023 0.986545 
5.11001e-09 1.13697e-07 2.81372e-06 0.000110273 0.00171308 0.00758731 0.0306574 0.927657 0.0259761 0.00629634 
5.78816e-11 1.01223e-09 8.10944e-08 1.1858e-06 1.16519e-05 0.000561127 0.00500974 0.0264886 0.949003 0.0189249 
1.43102e-23 5.42932e-20 2.67985e-16 1.4693e-13 2.0677e-10 2.54537e-08 4.06362e-05 9.14558e-05 0.00112938 0.998739 
8.20461e-22 1.12892e-19 2.00519e-17 1.1156e-16 1.95845e-15 2.51574e-13 5.89551e-12 8.28399e-11 3.86095e-08 1 
3.37338e-11 5.5776e-10 2.75705e-08 2.66211e-07 6.37656e-06 0.000342643 0.0031339 0.0152854 0.961505 0.0197263 
1.05301e-06 1.5501e-05 0.000362313 0.00241781 0.449855 0.268103 0.258489 0.0178113 0.00269812 0.000246184 
2.53763e-06 2.98889e-05 0.00137756 0.00773822 0.0313013 0.898205 0.0437297 0.0149126 0.00257579 0.000127068 
5.42423e-10 2.12874e-08 4.76094e-07 5.90654e-06 0.000181724 0.00175735 0.00530675 0.0201598 0.959859 0.0127291 
0.000606036 0.00137527 0.00660766 0.0322321 0.823441 0.0938389 0.0339467 0.00667035 0.00126776 1.46695e-05 
2.07319e-06 2.70257e-05 0.000130176 0.000770397 0.00698849 0.0368774 0.900211 0.0483257 0.00613397 0.000533608 
9.26117e-21 7.02335e-18 2.46225e-14 7.10979e-13 4.61471e-10 4.76329e-07 0.000112296 0.00116251 0.977856 0.0208691 
2.48533e-13 2.91949e-11 2.86069e-09 1.86672e-08 5.74072e-07 0.000352551 0.00546584 0.936962 0.0246733 0.0325456 
2.12035e-12 2.20942e-10 5.18167e-08 4.19983e-07 6.95184e-06 0.000913645 0.00952229 0.930445 0.0398034 0.0193086 
6.09968e-09 1.59754e-07 3.88848e-06 0.000124304 0.00231362 0.0106345 0.0469566 0.898665 0.0339697 0.00733241 
3.20549e-06 4.57867e-05 0.00194599 0.00804429 0.0380564 0.863295 0.0590454 0.0242615 0.00499014 0.000312689 
1.48808e-08 2.06661e-07 1.17491e-05 0.000167081 0.0013929 0.01108 0.919578 0.0418762 0.0192781 0.00661603 
2.26273e-11 3.25748e-10 3.08903e-09 3.2834e-08 1.46855e-06 5.66364e-05 0.000878676 0.00414306 0.0119334 0.982987 
0.0126487 0.801598 0.125382 0.0442955 0.0142094 0.00161026 0.000243378 1.18193e-05 3.36694e-07 5.2335e-09 
2.46028e-13 3.61111e-11 1.87085e-08 7.33424e-08 9.47091e-07 9.97701e-05 0.00134544 0.00771496 0.0192001 0.971639 
1.89401e-13 2.19233e-11 2.09591e-09 1.31916e-08 2.99987e-07 3.05099e-05 0.00120071 0.00472979 0.013776 0.980263 
1.08953e-13 1.31519e-11 1.51916e-09 8.89895e-09 1.60458e-07 1.81765e-05 0.000527215 0.00348266 0.00843114 0.987541 
5.87466e-09 1.07679e-07 2.35616e-06 0.000120192 0.00101667 0.00591808 0.0170778 0.0382785 0.0376199 0.899966 
2.36409e-10 1.62466e-08 4.57273e-07 1.09622e-05 0.00011718 0.00235604 0.0191951 0.931886 0.0345958 0.0118389 
3.46311e-09 7.50094e-08 2.09267e-06 6.50877e-05 0.00162469 0.00533328 0.0199427 0.042884 0.914657 0.0154907 
5.73002e-14 6.63331e-12 6.33252e-10 3.95142e-09 9.97491e-08 1.0114e-05 0.000385131 0.00180248 0.00568545 0.992117 
2.96957e-07 4.83913e-06 0.000215003 0.00142045 0.0106918 0.834117 0.0866309 0.0479853 0.0151844 0.00375026 
2.29327e-14 2.90722e-12 3.46521e-10 2.10138e-09 3.53776e-08 4.98443e-06 7.25336e-05 0.000487447 0.39663 0.602805 
3.31805e-06 3.47243e-05 0.000374141 0.00451242 0.0144091 0.0254021 0.0302594 0.91995 0.00455534 0.000499909 
1.29468e-13 1.67297e-11 5.04173e-09 2.19514e-08 3.63478e-07 6.90877e-05 0.00138487 0.945194 0.0234038 0.0299476 
2.1072e-11 3.91155e-10 3.72138e-08 2.73181e-07 5.15214e-06 0.000245839 0.00317807 0.0166168 0.949426 0.030528 
8.26075e-14 9.46183e-12 8.31118e-10 6.04387e-09 1.27829e-07 1.8164e-05 0.000446334 0.00122071 0.00327556 0.995039 
4.52053e-10 8.05791e-09 2.24721e-07 8.72913e-06 0.000103264 0.00207376 0.0155535 0.941971 0.0286653 0.0116246 
7.01866e-11 2.76344e-09 7.77234e-08 8.22314e-07 1.82347e-05 0.000351794 0.192492 0.598515 0.203359 0.00526306 
1.80711e-05 0.000603412 0.0034317 0.0168082 0.882879 0.0638385 0.0270433 0.00462709 0.000744804 6.13668e-06 
2.63268e-11 6.2686e-10 8.1513e-08 2.66451e-06 0.000757998 0.00605098 0.929992 0.0296823 0.0231066 0.010407 
1.59541e-06 3.88129e-05 0.00185571 0.132839 0.452617 0.359357 0.0334131 0.0163007 0.00325133 0.000325913 
7.06103e-12 3.62165e-10 2.52764e-08 1.68283e-07 3.21287e-06 0.000174245 0.00138998 0.00698703 0.961382 0.0300629 
1.42883e-05 0.000144408 0.00411365 0.0199316 0.833878 0.0889516 0.0419812 0.00970764 0.00125016 2.74827e-05 
1.21704e-06 1.62207e-05 7.70033e-05 0.000388422 0.00477807 0.0300319 0.905856 0.0483095 0.00913094 0.00141121 
1.68977e-13 2.18659e-11 2.31533e-09 1.39034e-08 2.68591e-07 2.89945e-05 0.000987114 0.00299508 0.00761717 0.988371 
4.62829e-06 4.17417e-05 0.000622899 0.00767875 0.0309074 0.881395 0.0522334 0.0249481 0.0020072 0.000160555 
4.15784e-14 4.74619e-12 4.55239e-10 2.96807e-09 6.69607e-08 8.52441e-06 0.000181279 0.00136552 0.00360767 0.994837 
2.97943e-14 3.74127e-12 2.16829e-10 2.7301e-09 8.08505e-08 1.92659e-05 0.00032453 0.00374619 0.981203 0.0147069 
1.30946e-11 2.54955e-10 1.34261e-08 1.60837e-07 3.3136e-06 0.000278456 0.00331904 0.0142895 0.937314 0.0447951 
1.02688e-09 2.37465e-08 5.63339e-07 1.57804e-05 0.000305968 0.00178053 0.00927393 0.964753 0.0176922 0.00617828 
3.25644e-06 0.000146907 0.002242 0.238665 0.584809 0.0361969 0.0749109 0.0607175 0.00212462 0.000183301 
4.90334e-09 1.2821e-07 3.02587e-06 8.87101e-05 0.00173389 0.00859898 0.040466 0.913876 0.0286528 0.00658047 
5.33489e-06 7.19134e-05 0.00204878 0.0128012 0.0499985 0.877178 0.0452386 0.0108006 0.00182659 3.05616e-05 
2.36531e-13 2.80437e-11 2.79503e-09 1.74199e-08 3.65893e-07 4.02435e-05 0.00135792 0.00539254 0.0169308 0.976278 
1.12601e-08 1.79385e-07 4.14422e-06 0.00010742 0.0018199 0.0086982 0.88606 0.0677366 0.0291304 0.00644337 
0.00087513 0.00293271 0.0123072 0.0679625 0.780805 0.102553 0.0274676 0.00408782 0.00100546 3.86583e-06 
0.000569575 0.0113507 0.691024 0.111217 0.118523 0.0578997 0.00819947 0.00116568 4.93436e-05 1.41249e-06 
6.94424e-09 1.5854e-07 3.76818e-06 0.000119287 0.00220236 0.00953686 0.0405515 0.0735827 0.866898 0.00710483 
2.23346e-13 2.55424e-11 2.37619e-09 1.54151e-08 3.88275e-07 2.73045e-05 0.00125764 0.0052494 0.0152333 0.978232 
0.00148934 0.00939961 0.0308908 0.248643 0.631605 0.0598014 0.0148192 0.00313428 0.000211117 6.62582e-06 
4.42607e-10 2.7739e-08 5.69087e-07 7.4022e-06 6.16966e-05 0.0019559 0.0126669 0.937697 0.0334164 0.0141941 
6.28226e-06 0.000145158 0.00309351 0.0195698 0.062884 0.850825 0.0478449 0.0132367 0.00235191 4.29141e-05 
5.14323e-05 0.000386637 0.00291912 0.0190213 0.065904 0.824166 0.0644173 0.0209043 0.00218781 4.23816e-05 
1.8075e-05 0.000221564 0.0038165 0.0268381 0.787971 0.106783 0.0584886 0.013594 0.00223256 3.68782e-05 
1.6655e-11 3.48577e-10 6.75701e-08 4.1961e-07 7.51533e-06 0.000989911 0.282092 0.683094 0.0230672 0.0107485 
8.2791e-05 0.000555057 0.00248953 0.0170947 0.879085 0.0919928 0.00741677 0.000878619 0.000404316 7.36377e-07 
1.65963e-13 1.81576e-11 1.57358e-09 1.01735e-08 2.63639e-07 2.3301e-05 0.00102333 0.00411498 0.012554 0.982284 
1.18626e-06 1.54522e-05 5.05159e-05 0.000200169 0.00266719 0.0108621 0.0311535 0.93722 0.014998 0.00283144 
2.04199e-06 2.74737e-05 9.72831e-05 0.000422503 0.00552834 0.0338086 0.0646237 0.878422 0.013563 0.00350505 
1.10461e-12 8.75816e-11 4.39635e-08 2.38779e-07 3.36371e-06 0.000160929 0.0030104 0.0140881 0.951459 0.0312774 
1.20414e-13 1.64487e-11 2.16742e-09 1.3001e-08 1.94863e-07 3.44907e-05 0.000378828 0.00419493 0.0121073 0.983284 
1.08702e-12 1.07621e-10 4.02226e-08 2.6748e-07 4.01506e-06 0.000256176 0.00292612 0.942483 0.0354484 0.0188816 
0.00062386 0.00176657 0.00704291 0.0340662 0.475129 0.461994 0.0173736 0.00167759 0.000324698 1.49988e-06 
1.76623e-06 2.27292e-05 0.00031329 0.00102107 0.011794 0.882578 0.0588704 0.0388592 0.0057321 0.000807009 
1.15301e-13 1.3854e-11 1.5805e-09 1.15041e-08 3.51805e-07 0.000149043 0.00183805 0.526374 0.317575 0.154063 
7.38089e-06 6.93674e-05 0.00145663 0.0126452 0.833315 0.0818847 0.0515183 0.0169843 0.00194781 0.000171117 
2.73478e-06 3.66901e-05 0.000730749 0.00710919 0.0550092 0.625277 0.280466 0.02561 0.0049917 0.000766702 
3.60317e-10 5.7748e-09 1.37749e-07 2.32212e-06 4.57567e-05 0.00105016 0.0106016 0.941162 0.0336807 0.0134573 
2.22531e-06 2.7067e-05 0.000167748 0.00108311 0.00806642 0.0370193 0.0636557 0.8851 0.00445086 0.000427489 
8.68553e-07 1.18708e-05 5.83344e-05 0.000345038 0.00395691 0.0253001 0.911512 0.0429175 0.0131979 0.0026997 
5.07347e-10 9.03935e-09 2.27376e-07 6.00002e-06 0.000119185 0.000842908 0.00536017 0.0226881 0.956045 0.0149386 
9.83947e-07 1.27957e-05 6.09789e-05 0.000323746 0.00509929 0.893763 0.0623344 0.0315076 0.0057199 0.00117744 
7.08155e-08 9.92319e-07 1.00468e-05 5.70779e-05 0.000983331 0.00510699 0.597762 0.379894 0.0131483 0.00303697 
6.6402e-08 9.79716e-07 8.42022e-06 4.02041e-05 0.00126126 0.0070683 0.917947 0.0498917 0.01982 0.00396215 
1.79176e-13 2.07652e-11 1.98953e-09 1.25534e-08 2.83379e-07 2.88112e-05 0.00109465 0.00424641 0.0128817 0.981748 
1.22616e-10 1.91503e-09 6.63345e-08 6.63536e-07 9.87684e-06 0.000413759 0.00269299 0.487088 0.499674 0.0101206 
9.13513e-12 2.52649e-10 8.39648e-08 3.4617e-07 5.77641e-06 0.00080614 0.00867105 0.897793 0.0519522 0.0407711 
1.33293e-13 1.81667e-11 1.82956e-09 1.14784e-08 2.71725e-07 4.58755e-05 0.00175263 0.00913156 0.960318 0.0287514 
2.37272e-06 3.21269e-05 0.000497945 0.00247957 0.0128105 0.0505241 0.0716445 0.856322 0.00522865 0.000458073 
5.66048e-14 4.76349e-12 2.419e-10 1.76609e-09 8.8834e-08 3.27782e-06 0.00049664 0.00201453 0.00669619 0.990789 
0.00207779 0.0218867 0.074254 0.788371 0.082409 0.0261598 0.00431044 0.000514226 1.69904e-05 3.49476e-07 
5.59922e-09 1.66233e-07 6.33431e-06 0.000151974 0.00337057 0.8434 0.0640364 0.0590144 0.0239976 0.00602283 
6.10103e-06 7.68697e-05 0.00199523 0.0123517 0.0479834 0.0809301 0.844684 0.0103464 0.00160019 2.57117e-05 
2.37158e-13 2.85732e-11 2.95387e-09 1.86818e-08 4.04566e-07 6.2694e-05 0.00156813 0.008292 0.948686 0.0413911 
4.77553e-11 7.9066e-10 5.76617e-08 4.3155e-07 8.52333e-06 0.000371798 0.00297544 0.0153379 0.0249878 0.956318 
1.76518e-09 3.84263e-08 9.56434e-07 4.12566e-05 0.000408322 0.00326611 0.018333 0.0469683 0.916787 0.0141946 
6.254e-14 5.8892e-12 5.78225e-10 3.53176e-09 9.37163e-08 6.78674e-06 0.000194578 0.00109501 0.00330343 0.9954 
6.33117e-17 1.04933e-14 1.81032e-12 7.44913e-12 9.60126e-11 1.56274e-08 7.4466e-07 1.03103e-05 4.73556e-05 0.999942 
9.64864e-07 1.36204e-05 0.000175846 0.00120512 0.0103945 0.0356252 0.912687 0.0293915 0.00830224 0.00220412 
