3373
7.05646e-07 1.20033e-05 0.000113613 0.000544211 0.00266764 0.0215283 0.0694814 0.715595 0.119356 0.070701 
6.42949e-07 1.44205e-05 6.39903e-05 0.000468917 0.000826353 0.00232559 0.00530614 0.0147073 0.0248472 0.951439 
4.29967e-07 1.30548e-05 0.000103006 0.000162074 0.00181834 0.00360463 0.00956144 0.025465 0.883646 0.0756261 
7.32575e-08 2.62624e-06 8.83064e-06 7.31638e-05 0.000238795 0.000849471 0.00315731 0.0101458 0.0274071 0.958117 
2.52713e-05 0.00142829 0.00153666 0.00442297 0.00990622 0.0262734 0.058883 0.105923 0.134712 0.656889 
9.21294e-14 2.58991e-12 1.41767e-10 9.50905e-10 3.29767e-08 1.87759e-06 0.000161474 0.000630747 0.00310891 0.996097 
1.93664e-19 3.16466e-17 1.17773e-14 3.23691e-13 3.41183e-10 4.85492e-08 6.72138e-05 0.000163608 0.00160764 0.998161 
5.95746e-06 0.000341134 0.000307491 0.00191581 0.00755257 0.0262622 0.623827 0.133071 0.123677 0.0830398 
1.31794e-05 0.000885592 0.000483496 0.00213828 0.00552308 0.0205248 0.0473804 0.0890823 0.745435 0.0885336 
7.48144e-15 1.554e-13 6.18397e-12 5.40782e-11 2.3823e-09 4.32831e-08 4.63522e-07 2.62465e-05 8.17775e-05 0.999891 
3.28497e-05 0.000913933 0.00156343 0.00407913 0.0172554 0.0511616 0.413313 0.421798 0.0571242 0.0327582 
1.17097e-05 0.000733627 0.000474234 0.00173465 0.00921065 0.474398 0.214486 0.0891819 0.154568 0.0552014 
6.4807e-09 2.24158e-07 4.60548e-07 1.94783e-06 1.75484e-05 2.00464e-05 0.000191624 0.000442909 0.00246224 0.996863 
0.000470507 0.00316733 0.0293824 0.312196 0.435196 0.130857 0.0518713 0.0227504 0.00936165 0.0047473 
5.71036e-06 0.000386715 0.000260573 0.0011208 0.0035591 0.0112475 0.0318377 0.0708463 0.770346 0.110389 
9.59691e-08 1.72782e-06 4.52237e-05 6.52363e-05 0.000338581 0.0012919 0.00718082 0.0280837 0.070777 0.892216 
2.09592e-06 5.70711e-05 0.000225285 0.00194896 0.00974834 0.0535208 0.515784 0.259744 0.107114 0.0518554 
1.13506e-07 3.2873e-06 1.09067e-05 0.000185766 0.000162304 0.00107543 0.00178641 0.00507733 0.0123059 0.979393 
3.38249e-05 0.0012863 0.00192293 0.00513816 0.0186394 0.0502314 0.615428 0.145546 0.109251 0.0525232 
3.53728e-08 4.03539e-07 1.96393e-05 2.37861e-05 0.000174079 0.000374173 0.00369651 0.016203 0.916061 0.0634476 
6.77679e-12 1.15085e-10 2.27826e-09 2.88325e-08 3.07815e-07 1.09652e-05 0.000205883 0.00108867 0.00429605 0.994398 
3.85725e-07 1.13225e-05 4.5985e-05 0.000410466 0.00139536 0.00728067 0.0240157 0.0651981 0.829426 0.0722163 
8.80471e-18 1.39854e-15 3.80549e-13 4.55224e-12 1.03242e-09 1.80389e-06 0.000119607 0.00161614 0.00558584 0.992677 
9.88435e-08 3.60567e-06 1.89684e-05 5.3618e-05 0.000313063 0.00160647 0.00732423 0.0323261 0.904717 0.0536364 
2.69187e-32 8.16586e-29 4.47502e-25 2.64471e-21 8.80004e-18 2.76338e-13 3.64507e-09 1.76281e-05 0.000430795 0.999552 
4.83076e-08 1.60649e-06 3.46888e-06 1.50229e-05 0.000182208 0.000215968 0.000954392 0.0018165 0.00387513 0.992936 
5.25044e-08 1.16698e-06 1.88867e-05 2.68662e-05 0.000147588 0.000325264 0.00240784 0.0106444 0.941566 0.044862 
6.64091e-08 7.93758e-07 3.54859e-05 4.38373e-05 0.000295972 0.000822406 0.00423875 0.464173 0.487776 0.0426138 
1.26605e-08 5.14393e-07 2.66328e-06 5.26735e-06 0.000143981 0.00020005 0.00110547 0.00666068 0.955364 0.036517 
5.37815e-06 0.000383075 0.000192743 0.000912647 0.00259747 0.00614767 0.0126269 0.0301565 0.05732 0.889658 
2.81284e-07 9.92523e-06 3.40385e-05 0.000242435 0.000782771 0.00247231 0.00837784 0.0230958 0.0552312 0.909753 
9.96213e-08 1.08524e-06 5.8329e-05 6.69949e-05 0.000337116 0.000672398 0.00440445 0.0204225 0.0538154 0.920222 
1.19331e-05 0.000208032 0.000845363 0.00252651 0.0071047 0.0191287 0.0423432 0.0589892 0.0827439 0.786098 
2.69344e-06 0.000176447 0.000155703 0.000696965 0.00251494 0.00761222 0.0219626 0.427013 0.460999 0.0788664 
1.58926e-06 9.92047e-05 9.69722e-05 0.000689532 0.001954 0.0045905 0.0115349 0.0268134 0.0522729 0.901947 
2.26441e-05 0.00109862 0.00114512 0.00365801 0.00877596 0.0236938 0.0519874 0.083239 0.171298 0.655082 
7.44361e-05 0.00153969 0.00998994 0.0178544 0.0473163 0.090932 0.123827 0.138142 0.511569 0.0587555 
1.28825e-07 4.2428e-06 1.50182e-05 0.000174152 0.000354357 0.00149366 0.00210996 0.0073758 0.435067 0.553406 
1.10343e-05 0.000296336 0.000621192 0.00195913 0.00716778 0.0198014 0.0855252 0.134167 0.635256 0.115196 
2.53201e-05 0.000967025 0.0015635 0.00491354 0.015485 0.0466809 0.622973 0.141881 0.109809 0.055702 
4.34597e-07 5.39741e-06 7.34714e-05 0.000269008 0.00177626 0.00756882 0.0233971 0.0547022 0.831916 0.0802916 
1.43478e-08 1.71712e-07 7.38674e-06 9.45414e-06 0.000121807 0.00022214 0.00239092 0.0105401 0.0318495 0.954858 
2.48825e-05 0.00152477 0.00120242 0.00423252 0.0106798 0.0272554 0.0617422 0.0997027 0.710504 0.0831312 
2.22026e-07 8.09985e-06 2.56263e-05 0.000121884 0.00105725 0.00160694 0.0066244 0.0133987 0.0259689 0.951188 
0 0 0 0 0 0 0 0 0 1 
1.41361e-09 2.49702e-08 2.86497e-07 1.07675e-06 6.67493e-05 6.29246e-05 0.00057823 0.0034411 0.00874082 0.987109 
1.64344e-05 0.00101696 0.000635053 0.00302497 0.00969155 0.026885 0.0686821 0.723896 0.0966145 0.0695369 
8.40641e-11 8.97442e-10 1.3919e-08 2.67605e-07 2.31003e-06 8.549e-05 0.00178836 0.00863313 0.0261329 0.963358 
3.49005e-05 0.00062495 0.00250273 0.0109686 0.0394013 0.289041 0.500041 0.0941909 0.0427857 0.0204093 
2.14716e-12 4.9314e-11 1.73613e-09 2.08272e-08 3.19939e-07 1.94726e-05 0.000282536 0.00148035 0.00359265 0.994625 
1.60912e-05 0.00104494 0.000608223 0.00286605 0.009104 0.0319188 0.578539 0.145276 0.137527 0.0930998 
6.26063e-35 2.13971e-31 1.27807e-27 9.33434e-24 4.84621e-20 6.12182e-16 3.64969e-13 1.00766e-09 3.35799e-06 0.999997 
8.37021e-08 1.20452e-06 3.82083e-05 5.29212e-05 0.000620545 0.00210572 0.0144669 0.862737 0.0588367 0.0611409 
3.20913e-07 1.03142e-05 2.86698e-05 0.000449477 0.000497694 0.00272735 0.00481443 0.00707165 0.0101996 0.9742 
5.97662e-07 1.43427e-05 0.000113517 0.00054544 0.0016755 0.00597341 0.0207657 0.0535782 0.828617 0.0887158 
7.907e-12 7.6173e-11 1.64887e-09 2.72196e-08 2.96045e-07 9.20812e-06 0.00017591 0.0016995 0.0059135 0.992202 
5.86996e-09 1.10911e-07 1.63595e-06 3.36521e-06 5.06077e-05 0.000113781 0.000592502 0.000620417 0.00222552 0.996392 
2.08125e-06 0.000131585 0.000118546 0.000633137 0.00178467 0.00599373 0.0153801 0.0362884 0.228658 0.71101 
1.92959e-08 2.84995e-07 9.34625e-06 1.35712e-05 0.000408038 0.000713191 0.00576113 0.0281464 0.402762 0.562186 
2.88724e-08 4.60501e-07 1.48788e-05 1.8369e-05 0.000128896 0.00014189 0.000823611 0.0028726 0.00756931 0.98843 
1.16086e-05 0.000694729 0.000540266 0.00218016 0.00572201 0.0179004 0.0455966 0.0898781 0.114089 0.723387 
1.96838e-05 0.00119469 0.000709747 0.00286848 0.0106716 0.02836 0.0751872 0.115555 0.710846 0.0545881 
7.05059e-06 0.000382403 0.000367307 0.00117842 0.00413063 0.0116922 0.138499 0.168149 0.0545329 0.621061 
4.68527e-08 5.47465e-07 2.56919e-05 3.45174e-05 0.000437951 0.00267375 0.0192543 0.0594028 0.830414 0.0877561 
0.00121197 0.00605228 0.0369329 0.541951 0.272389 0.0909919 0.0354306 0.00961849 0.00478696 0.000634398 
2.40803e-07 1.19286e-05 2.32519e-05 0.000200192 0.000354542 0.0022067 0.0644636 0.13524 0.633394 0.164106 
1.41936e-05 0.000974364 0.000497283 0.00191002 0.00702592 0.0238217 0.0781757 0.709399 0.110024 0.068158 
1.94487e-07 7.35232e-06 4.54344e-05 0.000111302 0.000626445 0.0019162 0.0063165 0.0214793 0.0522725 0.917225 
7.79612e-07 4.93744e-05 6.21123e-05 0.000224817 0.00141944 0.00345563 0.00813285 0.0243221 0.0511489 0.911184 
1.43102e-23 5.42932e-20 2.67985e-16 1.4693e-13 2.0677e-10 2.54537e-08 4.06362e-05 9.14558e-05 0.00112938 0.998739 
5.85414e-05 0.00145138 0.00465765 0.0138407 0.0526663 0.53333 0.141374 0.121081 0.0830756 0.0484645 
2.36095e-05 0.00109582 0.000874986 0.00378068 0.0148562 0.0456859 0.630696 0.127295 0.105143 0.0705495 
2.2483e-05 0.00133136 0.000939688 0.00396982 0.0124322 0.0324034 0.0784418 0.128404 0.656144 0.0859113 
1.22975e-12 1.62839e-11 8.02925e-10 9.22055e-09 1.4598e-07 1.44424e-05 0.000411608 0.00216118 0.00716389 0.990249 
3.05603e-05 0.00176351 0.00133588 0.00526728 0.0209235 0.462841 0.129768 0.148377 0.137227 0.0924656 
2.53522e-06 8.74327e-05 0.000152343 0.00103848 0.00470375 0.0161345 0.0563554 0.749313 0.103141 0.0690713 
6.02296e-06 0.00042776 0.000219557 0.000747658 0.0023567 0.00750057 0.169447 0.5384 0.2406 0.0402946 
0.000184508 0.00361332 0.0139701 0.0428248 0.468407 0.243976 0.105121 0.072616 0.0322296 0.0170574 
6.29616e-06 0.000286826 0.000253049 0.000681885 0.00257237 0.00741351 0.10886 0.0912255 0.744902 0.0437982 
8.1436e-07 3.2388e-05 8.49318e-05 0.000691615 0.00164716 0.00550219 0.0133642 0.0312582 0.0620879 0.885331 
3.55628e-05 0.00419345 0.0386906 0.0335034 0.124639 0.192063 0.35987 0.176042 0.0517543 0.0192096 
4.25882e-05 0.00120815 0.00329618 0.0127547 0.0342337 0.0756993 0.131385 0.153131 0.532111 0.0561378 
5.91306e-07 1.77075e-05 0.000109996 0.000763905 0.00176776 0.0046517 0.0132904 0.0354676 0.0801563 0.863774 
0.00077034 0.00642376 0.0242243 0.137472 0.354749 0.146268 0.131533 0.108679 0.058198 0.031683 
2.34587e-05 0.00112578 0.00148839 0.00528014 0.0144447 0.0333565 0.0731188 0.405277 0.401677 0.0642077 
0.000325284 0.00568246 0.0301337 0.0660702 0.144107 0.466032 0.143674 0.0939462 0.0346166 0.0154129 
2.84243e-08 7.1469e-07 7.28217e-06 1.3489e-05 0.000131816 0.000347497 0.000583492 0.00468978 0.0131446 0.981081 
1.01614e-05 0.000715853 0.000343108 0.00150427 0.00424327 0.0131773 0.0362202 0.750603 0.106066 0.0871174 
3.60787e-05 0.00104213 0.00201961 0.00564696 0.0249614 0.561753 0.129414 0.132695 0.0923528 0.0500791 
2.6895e-08 3.69007e-07 1.41707e-05 1.69222e-05 5.95378e-05 0.000239614 0.00221681 0.473152 0.290366 0.233935 
0.000131991 0.00271236 0.00608393 0.0162726 0.05212 0.107346 0.152465 0.552404 0.0728612 0.0376026 
5.18059e-05 0.00143227 0.00422752 0.0175332 0.0568957 0.120959 0.555177 0.146232 0.0656063 0.0318854 
5.13327e-05 0.00137564 0.00343714 0.014307 0.0451121 0.536075 0.149684 0.130309 0.0759059 0.043743 
2.16783e-05 0.00139855 0.00082671 0.00270615 0.00938856 0.0247052 0.699097 0.108056 0.091827 0.061973 
0.000179316 0.00332799 0.00979494 0.023911 0.0702834 0.145652 0.177089 0.487395 0.0538581 0.0285099 
2.25776e-08 7.78036e-07 2.40114e-06 5.35763e-06 5.37882e-05 0.000129423 0.000984102 0.00158915 0.00451018 0.992725 
1.28338e-08 8.24965e-07 5.54201e-07 1.89666e-06 2.55609e-05 0.000127436 0.00119554 0.00659354 0.0161026 0.975952 
3.05864e-05 0.00135545 0.00181782 0.00544169 0.0205795 0.0424381 0.0623866 0.0892366 0.0789417 0.697772 
8.1027e-13 3.24362e-11 2.05649e-09 1.5553e-08 3.56918e-07 2.82808e-05 0.00107522 0.00645554 0.954269 0.0381715 
7.11408e-09 7.70481e-08 4.17502e-06 5.62181e-06 0.000122838 0.000919293 0.00719066 0.0289152 0.926157 0.0366856 
0.00264466 0.0133135 0.0520435 0.174119 0.438396 0.246707 0.046447 0.0168477 0.00677585 0.00270606 
6.73502e-06 0.000423391 0.000330948 0.00157477 0.00561902 0.0217513 0.058502 0.653013 0.146785 0.111994 
1.65675e-07 1.03055e-05 1.61836e-05 2.41676e-05 0.000157284 0.000954968 0.263871 0.177441 0.364664 0.192862 
1.67046e-06 0.000100545 9.85665e-05 0.000680439 0.00163274 0.0043855 0.0109947 0.0263187 0.888396 0.0673912 
3.39553e-07 1.38519e-05 4.2612e-05 0.000212642 0.000822464 0.00269494 0.00616676 0.0109165 0.0172766 0.961853 
2.35524e-05 0.000751088 0.00222986 0.00711001 0.0245814 0.0442697 0.059922 0.0770459 0.0716958 0.712371 
1.1443e-05 0.000772854 0.000441939 0.00184021 0.00536497 0.0146718 0.0349088 0.0671868 0.778827 0.0959741 
1.22473e-05 0.000855243 0.000423111 0.00165197 0.00409194 0.0113182 0.0382083 0.769174 0.0941878 0.0800775 
0.000290138 0.00323335 0.0186513 0.327248 0.263045 0.155829 0.0978921 0.0968079 0.0247717 0.0122317 
7.37845e-13 1.24685e-11 1.07262e-10 1.46837e-09 4.2335e-08 5.81569e-07 3.60674e-05 0.000121408 0.000257331 0.999585 
1.37593e-13 2.45538e-11 2.54164e-08 9.28544e-08 1.0452e-06 9.60728e-05 0.000659388 0.00503241 0.19028 0.803931 
0.000313975 0.0033325 0.0251704 0.194465 0.434595 0.235224 0.0858477 0.0155291 0.00398788 0.00153498 
5.09417e-06 0.000329914 0.000241479 0.00105137 0.00344784 0.151035 0.437184 0.160212 0.0766001 0.169894 
2.77704e-05 0.00143751 0.00128721 0.00451253 0.0123054 0.0333661 0.0759546 0.116907 0.673239 0.0809634 
3.5086e-08 3.79658e-07 2.06173e-05 2.40724e-05 0.000268581 0.000290909 0.00119478 0.00610838 0.0207756 0.971317 
4.07454e-17 6.40805e-15 3.57525e-12 1.42483e-11 1.99548e-10 3.90733e-08 3.03451e-06 4.4026e-05 7.82292e-05 0.999875 
4.92973e-08 5.34427e-07 2.87032e-05 3.39683e-05 0.000379883 0.000485543 0.00297823 0.0126632 0.0389958 0.944434 
8.39305e-05 0.000662999 0.00336008 0.0716087 0.0249398 0.0674925 0.654935 0.07229 0.0787335 0.0258934 
1.30533e-05 0.000782004 0.000571673 0.00242365 0.0074125 0.0223176 0.0624676 0.393523 0.41399 0.0964988 
8.91824e-09 3.28854e-07 1.15654e-06 4.60191e-06 6.23746e-05 0.000157783 0.000890036 0.00338542 0.00902763 0.986471 
1.22584e-08 7.62393e-07 7.7545e-07 1.86116e-06 1.58994e-05 8.75913e-05 0.000229096 0.00136678 0.00398077 0.994316 
2.06393e-06 4.30518e-05 0.000115249 0.00058723 0.0035251 0.0131798 0.163121 0.736481 0.0525076 0.0304375 
4.17112e-06 0.000291597 0.000162361 0.00064191 0.00217246 0.00724903 0.0207982 0.628078 0.278533 0.0620692 
8.72596e-16 1.46172e-13 1.21184e-11 8.58346e-11 5.54955e-09 2.20141e-06 0.000150789 0.00185392 0.00627101 0.991722 
1.35027e-06 4.42827e-05 8.91545e-05 0.00107753 0.00314523 0.0123936 0.0392383 0.736074 0.113963 0.0939735 
1.52724e-05 0.000723053 0.000644028 0.0023059 0.00806921 0.02489 0.0643393 0.676262 0.12772 0.0950311 
1.44996e-07 3.24769e-06 4.88449e-05 0.00013966 0.000517175 0.00119654 0.00361742 0.0146941 0.475504 0.504279 
6.23676e-06 0.000442535 0.000253355 0.000947923 0.00338373 0.0109616 0.409985 0.0641783 0.442073 0.0677683 
6.36426e-06 0.000325157 0.000282221 0.00142745 0.00378593 0.0115316 0.0267012 0.045046 0.654228 0.256666 
1.71609e-07 1.18242e-05 8.0577e-06 2.06344e-05 0.000114056 0.000382089 0.00164205 0.00522645 0.127424 0.86517 
3.84061e-07 2.25213e-05 1.68785e-05 9.81396e-05 0.000381692 0.00110496 0.00454322 0.492009 0.318188 0.183635 
2.70111e-06 7.47581e-05 0.000190409 0.00150613 0.00578366 0.0198899 0.0535703 0.737262 0.107738 0.0739813 
1.11745e-10 1.48095e-09 2.15401e-08 1.41295e-07 1.17966e-06 5.03374e-05 0.000977796 0.00508517 0.963574 0.0303111 
4.15528e-09 1.26125e-07 1.14743e-06 2.08226e-06 0.00011908 0.000168905 0.00130744 0.00737634 0.0225332 0.968492 
1.37992e-05 0.000861079 0.000727327 0.00190942 0.00488866 0.0138892 0.647707 0.182642 0.0866743 0.060687 
1.18657e-05 0.00081215 0.000442225 0.00217314 0.00519858 0.0183829 0.0441979 0.0868183 0.748764 0.0931991 
1.02084e-13 7.28624e-12 3.32915e-10 2.74628e-09 1.18995e-07 2.30198e-06 0.000555192 0.00148664 0.00720958 0.990746 
3.84346e-05 0.000715634 0.00204453 0.00678843 0.0296781 0.0859519 0.602238 0.142724 0.0888192 0.0410021 
8.83641e-07 2.6197e-05 7.23722e-05 0.000821917 0.00159824 0.0059983 0.0132942 0.0337563 0.874311 0.0701205 
5.52958e-06 0.000315272 0.000233847 0.00103351 0.00357374 0.0111219 0.118419 0.0426263 0.773916 0.0487548 
1.05802e-06 3.76107e-05 8.46087e-05 0.000617013 0.00229001 0.00919642 0.0274562 0.0650196 0.823813 0.0714842 
0 0 0 0 0 0 0 0 0 1 
1.19307e-05 0.000848644 0.000420586 0.00184468 0.00548887 0.0152266 0.52204 0.0780986 0.292021 0.0839985 
1.13509e-05 0.00075475 0.000460808 0.00203462 0.0070739 0.0223704 0.0651895 0.114263 0.69083 0.0970117 
3.68804e-07 1.14468e-05 7.21216e-05 0.000240841 0.00186719 0.00529688 0.0192549 0.0570429 0.829396 0.0868172 
1.28848e-11 1.3202e-10 1.5762e-09 3.0886e-08 2.30454e-07 1.22469e-05 0.000135206 0.00106243 0.00403201 0.994758 
6.66332e-06 0.000370147 0.000282393 0.0019741 0.00420819 0.0401568 0.0397019 0.193972 0.21871 0.500619 
5.69059e-09 1.21774e-07 2.04621e-06 2.97826e-06 1.06272e-05 5.10265e-05 0.000955836 0.00349398 0.0120409 0.983443 
2.42657e-09 2.62799e-08 1.4269e-06 1.74306e-06 7.89109e-05 5.01632e-05 5.83896e-05 0.00222364 0.993994 0.00359137 
4.12038e-06 0.000227853 0.000202558 0.00121764 0.00256108 0.0138172 0.0398086 0.719803 0.128122 0.0942365 
1.84585e-07 1.99912e-06 4.07156e-05 0.00012882 0.00110617 0.00444861 0.015174 0.0422834 0.865352 0.0714646 
2.98893e-08 1.52632e-06 1.52486e-06 4.889e-06 2.97665e-05 0.00065131 0.00152845 0.00521427 0.976275 0.0162932 
1.35236e-06 7.90759e-05 9.83184e-05 0.00054381 0.00160459 0.00551686 0.0143114 0.18443 0.210557 0.582858 
4.12822e-06 0.000287492 0.000179843 0.000818184 0.00224333 0.00583828 0.0136843 0.036814 0.0619151 0.878215 
4.83927e-05 0.00544908 0.0507763 0.0447982 0.16234 0.225102 0.427077 0.0624877 0.0158322 0.00608963 
3.64182e-06 0.00024607 0.000207917 0.000834736 0.00316364 0.00691281 0.0163659 0.0417302 0.083348 0.847187 
1.35598e-05 0.000593344 0.000793597 0.00318565 0.0121001 0.0972767 0.0850225 0.440043 0.320133 0.0408389 
3.94253e-05 0.00185344 0.00241779 0.00841948 0.0310911 0.0597504 0.101286 0.139792 0.584588 0.0707624 
1.02498e-08 4.13424e-07 7.02678e-07 5.69744e-06 0.000190901 0.000198615 0.000398629 0.00222137 0.00688896 0.990095 
6.21122e-08 6.74375e-07 3.62917e-05 4.2041e-05 0.000421139 0.000440236 0.00196284 0.00759486 0.0235458 0.965956 
3.35948e-05 0.00116354 0.00210417 0.00928339 0.0281538 0.0570707 0.0929403 0.512323 0.25366 0.0432676 
6.80704e-07 1.6969e-05 3.59508e-05 0.000700667 0.00115027 0.00457538 0.0144438 0.0512243 0.0808733 0.846979 
4.32253e-07 2.29517e-05 4.19362e-05 0.000226248 0.000805475 0.00239876 0.00856905 0.158782 0.793953 0.0352002 
2.19613e-07 6.79398e-06 2.75543e-05 0.00026651 0.000479462 0.00190378 0.00466916 0.0134415 0.400937 0.578268 
0.000136019 0.0017773 0.00889322 0.201939 0.123942 0.122228 0.237886 0.226276 0.0469258 0.0299957 
2.183e-05 0.000804258 0.00141674 0.00359877 0.00936755 0.0233571 0.0473254 0.0672203 0.0943147 0.752573 
1.75734e-05 0.00103665 0.000661099 0.00191623 0.00900796 0.0266149 0.0644803 0.387093 0.412436 0.0967355 
4.54398e-05 0.00090448 0.00584522 0.0164549 0.0505325 0.0971418 0.131071 0.585756 0.0773668 0.0348814 
1.66477e-05 0.00107006 0.000630642 0.00233932 0.00747898 0.0216675 0.0513153 0.0865935 0.117843 0.711045 
6.8718e-08 1.89529e-06 1.51587e-05 5.83736e-05 0.000250765 0.000903955 0.0821414 0.632203 0.202643 0.081782 
1.02526e-05 0.000739955 0.000355169 0.000762539 0.00344345 0.00970521 0.0280052 0.0627113 0.827338 0.0669288 
4.29218e-10 9.07841e-09 1.06501e-07 2.41445e-06 8.35512e-05 0.000456538 0.0313842 0.308878 0.586787 0.0724089 
2.52911e-06 0.000155155 0.000147333 0.000712704 0.00209332 0.00852711 0.0211604 0.0516265 0.810276 0.105299 
3.5095e-10 5.83203e-09 1.11591e-07 8.354e-07 7.83576e-05 2.61471e-05 0.000185883 0.00169313 0.00523132 0.992784 
4.40299e-09 6.89237e-08 9.61659e-07 3.30973e-06 0.000143469 0.000140864 0.00117092 0.00452892 0.0121583 0.981853 
6.64861e-12 1.33925e-10 4.67274e-09 5.9727e-08 6.8864e-07 3.02612e-05 0.00077197 0.00246118 0.00785416 0.988882 
3.01217e-08 4.1871e-07 1.37201e-05 1.89603e-05 0.000225578 0.00160717 0.00902344 0.901499 0.0520058 0.0356056 
9.59506e-14 9.9042e-12 1.04798e-09 6.25539e-09 1.29729e-07 1.15184e-05 0.000626835 0.00248875 0.00807968 0.988793 
2.52792e-05 0.00149319 0.00109563 0.00336934 0.0102372 0.0284339 0.0635065 0.108169 0.694708 0.0889617 
4.28426e-08 1.38568e-06 4.43097e-06 1.47429e-05 0.000218315 0.000268112 0.0012829 0.00423255 0.977347 0.0166301 
6.24064e-12 1.4913e-10 4.74516e-08 1.97041e-07 2.23743e-06 0.000139189 0.00175316 0.0109082 0.942817 0.0443801 
5.98729e-08 6.80578e-07 3.48717e-05 6.82613e-05 0.000669524 0.00423543 0.287013 0.314857 0.027533 0.365588 
3.71567e-05 0.000790844 0.00690775 0.0137181 0.0372626 0.0571133 0.0692449 0.701759 0.0744505 0.0387159 
2.77852e-05 0.000914705 0.00186179 0.0213304 0.25751 0.0908071 0.381322 0.0972756 0.087529 0.0614216 
1.23305e-05 0.000396251 0.000842534 0.00322216 0.0174183 0.0560656 0.64452 0.112491 0.0963667 0.0686647 
1.74003e-07 6.85517e-06 1.41248e-05 0.0001572 0.000429138 0.00155745 0.00369617 0.00922918 0.0170832 0.967826 
4.20927e-17 6.97133e-15 1.51e-12 1.47128e-11 1.42638e-09 1.55962e-06 7.38562e-05 0.00133619 0.00487554 0.993713 
1.39685e-14 1.62204e-12 1.48563e-10 9.06258e-10 2.1342e-08 2.03296e-06 7.6729e-05 0.000436327 0.00138184 0.998103 
1.07215e-09 1.20455e-08 5.80613e-07 8.24019e-07 5.00283e-05 4.15298e-05 0.000475784 0.00210131 0.00653058 0.990799 
1.89685e-05 0.000989741 0.000779223 0.00370817 0.0149586 0.0348157 0.0760158 0.727598 0.0899244 0.0511914 
6.64575e-08 2.7698e-06 5.47219e-06 3.48641e-05 0.000250903 0.000541292 0.00212413 0.00454841 0.00957266 0.982919 
0.00706914 0.0385306 0.294117 0.53488 0.0777085 0.0333159 0.00953952 0.00385277 0.000747851 0.000238861 
1.23585e-05 0.000862151 0.000440245 0.00186612 0.00565266 0.0176563 0.700821 0.104044 0.100511 0.0681338 
4.79234e-06 0.000327604 0.00017284 0.000708191 0.00187553 0.00641292 0.0185095 0.277655 0.652317 0.0420169 
2.17701e-07 7.33101e-06 2.536e-05 0.000232619 0.000926972 0.00210454 0.0051728 0.0147843 0.0320457 0.9447 
5.00297e-06 0.000302383 0.000278185 0.00149259 0.00431718 0.0158802 0.0382494 0.080209 0.756996 0.10227 
2.7765e-06 0.00017969 0.000142885 0.000552047 0.00180018 0.00592437 0.0137152 0.0330235 0.0632772 0.881382 
6.22231e-05 0.00128414 0.0040402 0.0148142 0.0515463 0.112672 0.148393 0.580881 0.0574967 0.0288104 
1.07241e-06 2.71042e-05 0.000102702 0.000684421 0.00206126 0.00539152 0.0138072 0.0376583 0.0764717 0.863795 
8.78594e-07 1.96436e-05 7.63381e-05 0.000715458 0.00249458 0.0106686 0.0387876 0.774845 0.0976473 0.074745 
2.20785e-06 7.96414e-05 0.00018576 0.00136594 0.0043918 0.0152011 0.0369624 0.705903 0.124373 0.111535 
1.2738e-14 9.12437e-13 3.44669e-11 2.90372e-10 1.21864e-08 2.71167e-07 1.4282e-05 0.000178761 0.00142795 0.998379 
1.73516e-07 5.67424e-06 1.48642e-05 0.000212947 0.000389753 0.00149804 0.00364029 0.00834508 0.0185265 0.967367 
1.10431e-06 1.67508e-05 0.000168495 0.000926807 0.0218439 0.17333 0.117037 0.618056 0.051801 0.0168194 
1.45139e-05 0.000900626 0.000745263 0.00270054 0.00839721 0.0252475 0.0757824 0.685247 0.127367 0.0735984 
5.64569e-08 7.98434e-07 2.79886e-05 3.52258e-05 0.00027918 0.000514546 0.00236611 0.0120078 0.0310099 0.953758 
1.26219e-05 0.000704774 0.000475591 0.00172586 0.00653388 0.0283434 0.332529 0.217771 0.363937 0.047967 
0.000220727 0.00328667 0.0161291 0.0296723 0.194028 0.487367 0.120343 0.0973368 0.035572 0.0160445 
4.34785e-08 1.42691e-06 3.92795e-06 6.39149e-05 7.82169e-05 0.000394753 0.000730872 0.0016251 0.00311214 0.99399 
0.000131184 0.0013757 0.0107858 0.129783 0.31356 0.143111 0.158735 0.0784964 0.0873275 0.0766941 
1.24864e-12 2.54152e-11 4.96428e-10 5.67413e-09 1.9063e-07 1.61516e-05 0.000436587 0.00180665 0.0069698 0.990771 
1.68134e-08 2.18487e-07 6.6087e-06 1.14223e-05 0.000155768 0.00226488 0.0115463 0.0366853 0.926272 0.0230573 
1.12687e-05 0.000749467 0.000459389 0.00193371 0.00468642 0.0189377 0.0434098 0.688885 0.133656 0.107271 
0.00674611 0.110101 0.227306 0.0927629 0.153337 0.119934 0.256134 0.0216329 0.0082452 0.00380156 
4.46496e-05 0.00106518 0.00263917 0.0106345 0.0314934 0.0712734 0.10949 0.446978 0.283796 0.042585 
2.84374e-08 3.41936e-07 1.48508e-05 1.99738e-05 0.000302597 0.000368313 0.0040043 0.0156786 0.0432755 0.936336 
2.05672e-06 0.00012273 0.000182146 0.000760851 0.00277436 0.00831756 0.020685 0.061792 0.772891 0.132472 
3.44277e-08 4.66566e-07 1.58832e-05 2.1951e-05 0.000293917 0.000409214 0.00205844 0.0107275 0.944237 0.0422354 
2.41488e-05 0.000918268 0.00170522 0.0102341 0.53911 0.0759783 0.0965016 0.0977427 0.101956 0.0758296 
1.47564e-07 4.45179e-06 3.21355e-05 0.000105832 0.000728879 0.00137645 0.00672615 0.0209217 0.0498585 0.920246 
0.000173147 0.0020764 0.0203394 0.418359 0.196319 0.0905585 0.14573 0.0884592 0.0237159 0.01427 
3.16365e-05 0.000818848 0.00241977 0.0108321 0.0347036 0.078029 0.123251 0.640172 0.0766491 0.0330932 
2.78739e-05 0.000987885 0.00147518 0.00617041 0.0210353 0.0635116 0.11791 0.615029 0.106157 0.0676952 
3.43879e-05 0.000973961 0.00202672 0.00688894 0.0246631 0.0616231 0.123762 0.616847 0.105608 0.0575729 
4.56063e-08 1.73665e-06 8.47058e-06 1.57046e-05 0.000232963 0.00114667 0.00406718 0.0163758 0.0321458 0.946006 
1.06407e-07 1.18831e-06 5.93289e-05 7.40001e-05 0.000760147 0.0012467 0.00657077 0.0260775 0.871655 0.0935551 
2.55575e-05 0.000518475 0.001524 0.0048507 0.0210895 0.0628898 0.624654 0.119066 0.0969081 0.0684732 
7.89232e-08 9.28317e-07 4.38677e-05 5.34164e-05 0.000326005 0.000520412 0.00438525 0.0171846 0.0453275 0.932158 
2.65339e-06 0.000105492 0.000153606 0.00168803 0.00461365 0.0179263 0.0638823 0.701811 0.116808 0.0930089 
6.46748e-16 1.50186e-14 2.21179e-12 1.34255e-11 2.82153e-10 2.12117e-08 5.24973e-06 2.52017e-05 0.000320429 0.999649 
7.36655e-06 0.000535401 0.000291121 0.000646531 0.00314146 0.00805627 0.0192413 0.0442507 0.0815711 0.842259 
2.80149e-07 7.738e-06 6.55575e-05 0.000220292 0.0010288 0.00297934 0.00804181 0.0232396 0.0513717 0.913045 
9.35775e-09 1.04628e-07 5.34839e-06 6.47025e-06 4.97736e-05 0.000155285 0.00206182 0.01009 0.727154 0.260477 
1.88472e-15 2.92334e-13 2.98899e-11 3.41642e-10 1.7357e-08 3.70943e-06 0.000122806 0.00170994 0.00545631 0.992707 
0.00322333 0.0214073 0.0841781 0.181339 0.533281 0.115214 0.0447118 0.0114212 0.00425059 0.000973224 
1.5128e-18 2.7521e-17 1.14662e-15 1.01807e-14 4.47479e-13 8.63316e-12 8.92264e-11 1.06124e-08 5.29938e-05 0.999947 
9.55559e-09 5.39969e-07 5.19389e-07 3.77079e-06 0.000221606 0.000302486 0.000191019 0.000842074 0.00291842 0.99552 
0.000160838 0.00154227 0.0795332 0.0728434 0.170703 0.198574 0.189945 0.133775 0.125367 0.0275556 
4.53133e-07 1.11408e-05 0.000127931 0.000709781 0.00917901 0.669689 0.0558029 0.0911028 0.0923599 0.0810171 
3.51316e-08 1.2906e-06 5.52107e-06 2.30739e-05 0.000191906 0.000491525 0.00292199 0.0113771 0.931683 0.0533042 
8.97871e-05 0.0012161 0.00292035 0.00374411 0.020393 0.0315583 0.0847869 0.463258 0.289176 0.102858 
5.09851e-07 1.625e-05 6.63687e-05 0.000464126 0.00134194 0.00561604 0.0171207 0.0454224 0.0883441 0.841608 
3.44121e-05 0.000591061 0.00317905 0.0140601 0.0423485 0.0792164 0.0983698 0.1082 0.0782756 0.575725 
8.18897e-06 0.00059247 0.000295494 0.000634857 0.00215192 0.00448794 0.0131518 0.0258473 0.0429735 0.909857 
2.55041e-05 0.000898958 0.00117974 0.00466079 0.0216423 0.0487343 0.406166 0.198812 0.284474 0.0334063 
1.25219e-06 8.67302e-05 5.09262e-05 0.000333249 0.0008276 0.0019124 0.0040949 0.0107577 0.144215 0.83772 
0.00036929 0.00512099 0.0247809 0.0819359 0.432502 0.218907 0.117822 0.0707746 0.0289326 0.0188552 
5.39759e-11 3.40864e-09 2.60298e-09 1.32597e-08 3.81423e-07 5.48068e-07 1.64404e-06 5.1131e-06 1.98254e-05 0.999972 
3.30633e-14 4.36467e-12 4.79117e-10 3.17451e-09 1.21523e-07 9.71389e-05 0.0013948 0.00551423 0.212905 0.780088 
4.10472e-06 0.000260325 0.000186521 0.00118843 0.0025677 0.00775805 0.015949 0.0468569 0.0953883 0.829841 
0.000189598 0.00322716 0.0171545 0.0392612 0.111889 0.51802 0.146328 0.108364 0.0386893 0.0168765 
2.03704e-05 0.00070574 0.00165589 0.00499014 0.0124853 0.0312688 0.0668782 0.0926976 0.100137 0.689161 
8.03792e-12 1.56476e-10 5.48537e-09 6.30097e-08 7.01574e-07 3.01987e-05 0.000473647 0.00297899 0.00902737 0.987489 
5.81834e-08 6.37864e-07 3.31084e-05 3.89068e-05 0.000504563 0.000513423 0.00323047 0.0139336 0.0400306 0.941715 
7.34644e-08 7.90476e-07 4.39962e-05 5.05788e-05 0.000493577 0.000495806 0.00225593 0.00785448 0.0249913 0.963813 
0.00111833 0.00960711 0.0426746 0.122779 0.550124 0.155132 0.0784457 0.0270735 0.0103282 0.00271826 
5.66046e-36 1.41142e-32 6.99331e-29 5.63044e-25 1.42317e-21 7.87454e-17 3.17218e-14 4.23429e-10 1.00676e-05 0.99999 
2.20299e-05 0.00078791 0.00189142 0.0069579 0.0179043 0.0379525 0.669963 0.115919 0.0947909 0.053811 
9.35121e-08 1.04657e-06 5.116e-05 6.03654e-05 0.000450461 0.00072382 0.00322002 0.0105423 0.0260249 0.958926 
1.32512e-05 0.000440529 0.000687138 0.0021291 0.00684759 0.0199614 0.461542 0.302841 0.111321 0.0942169 
0.00031947 0.00325063 0.0146374 0.0384892 0.204436 0.399731 0.221335 0.0751041 0.027113 0.015585 
0.00889259 0.0423838 0.137202 0.557882 0.153052 0.0665575 0.0249196 0.00629202 0.00205262 0.000764987 
1.65606e-05 0.000416436 0.00122426 0.00505848 0.0189552 0.361285 0.184221 0.0821072 0.0629777 0.283738 
3.92272e-05 0.000962222 0.00264715 0.0112799 0.0456937 0.103108 0.594407 0.13797 0.0713423 0.0325504 
1.40971e-08 1.60674e-07 7.43867e-06 9.98842e-06 0.000284684 0.000587682 0.00403389 0.0175468 0.0410608 0.936469 
3.04992e-05 0.00150258 0.00136583 0.00476754 0.0118098 0.0326837 0.0605147 0.12489 0.489735 0.272701 
0.000413059 0.00273813 0.0126598 0.0479092 0.579057 0.109619 0.107088 0.0872632 0.0347216 0.0185307 
7.08348e-05 0.001462 0.00931948 0.0265456 0.0649064 0.095686 0.398881 0.309623 0.065681 0.0278247 
1.52015e-05 0.000546137 0.000699733 0.00305215 0.00900861 0.0340432 0.0729568 0.114897 0.136715 0.628066 
7.42496e-15 7.5989e-13 4.48808e-11 3.03568e-10 1.40421e-08 4.39893e-07 9.80974e-05 0.00023847 0.000892973 0.99877 
6.774e-08 7.42763e-07 3.82803e-05 5.11284e-05 0.000349303 0.000515523 0.00311718 0.0122891 0.0371029 0.946536 
0.000239251 0.00240135 0.0147559 0.041273 0.0865858 0.504564 0.297063 0.0387804 0.0114255 0.00291242 
5.19967e-11 6.99374e-10 1.02289e-08 1.67185e-07 2.8897e-06 9.41833e-05 0.000923207 0.00642501 0.766884 0.22567 
5.04739e-07 1.65393e-05 5.73429e-05 0.000603068 0.0014609 0.00508787 0.00923318 0.0259283 0.0492512 0.908361 
5.99616e-06 0.000423312 0.000248943 0.000663058 0.0019404 0.00471752 0.0096891 0.028976 0.878719 0.0746171 
6.7141e-24 2.54815e-20 1.25778e-16 6.91309e-14 9.7284e-11 1.17594e-08 1.91178e-05 6.29267e-05 0.0013902 0.998528 
1.55953e-05 0.000717011 0.000620891 0.00256837 0.00702176 0.0254006 0.053047 0.0917872 0.109096 0.709726 
3.50287e-06 0.000219392 0.000194718 0.000793587 0.00186179 0.00859148 0.024776 0.770774 0.0996607 0.0931245 
3.89822e-05 0.000897617 0.00335342 0.0145018 0.0545397 0.114266 0.566667 0.140396 0.0721401 0.0331989 
1.22971e-05 0.000517956 0.000510682 0.00211897 0.0074226 0.0172024 0.0393811 0.0762903 0.752509 0.104035 
3.13029e-05 0.00139771 0.00185225 0.0058388 0.0212087 0.520648 0.122161 0.138891 0.112042 0.0759297 
6.50777e-17 1.04244e-14 7.19454e-12 2.81419e-11 3.67419e-10 6.40784e-08 4.50312e-06 6.60876e-05 0.000477627 0.999452 
1.2566e-07 1.40113e-06 6.88328e-05 8.90597e-05 0.000999735 0.0010938 0.00584721 0.0211658 0.0555861 0.915148 
7.66745e-08 8.47764e-07 4.47124e-05 5.21634e-05 0.00019257 0.000685076 0.00528651 0.0241017 0.912334 0.0573025 
1.19429e-06 6.66022e-05 0.000119969 0.000417497 0.0018444 0.00677498 0.722783 0.0642231 0.110764 0.0930051 
0.000292483 0.00469979 0.022006 0.0380235 0.080947 0.113758 0.585488 0.10134 0.0397272 0.0137186 
1.79134e-14 2.45618e-12 3.18014e-10 1.9737e-09 2.81241e-08 6.24693e-06 8.2407e-05 0.00102693 0.00358941 0.995295 
1.15636e-05 0.000718048 0.000511564 0.00242452 0.0080523 0.0251405 0.0589405 0.678359 0.12938 0.0964624 
8.44912e-06 0.000587495 0.00031052 0.00107101 0.00414488 0.0120538 0.0326072 0.0692908 0.772455 0.107471 
6.86363e-14 9.85553e-12 1.20233e-09 8.09825e-09 1.30067e-07 2.77758e-05 0.000280169 0.00196839 0.0072458 0.990478 
1.34001e-16 2.22754e-14 4.19405e-12 4.38389e-11 3.31944e-09 1.78975e-06 6.53839e-05 0.00124911 0.00381585 0.994868 
3.52498e-07 1.08156e-05 4.94043e-05 0.000410058 0.000756032 0.00310522 0.00588369 0.016369 0.93294 0.0404757 
1.02296e-05 0.00066443 0.000351105 0.00140565 0.00388197 0.00961439 0.0200746 0.0303373 0.0354866 0.898174 
8.37508e-06 0.000293203 0.0011962 0.00512145 0.0220413 0.345276 0.0757624 0.0862064 0.09232 0.371774 
0 0 0 0 0 0 0 0 0 1 
2.22807e-05 0.00119093 0.00111204 0.0129085 0.0511973 0.492609 0.102838 0.128593 0.127311 0.0822181 
1.27036e-07 2.11438e-06 4.22408e-05 9.80766e-05 0.00101568 0.0038986 0.0134278 0.893781 0.0510575 0.0366768 
0.000353767 0.00438327 0.0200823 0.0670286 0.477536 0.167334 0.126375 0.0789563 0.0366002 0.02135 
1.7368e-12 4.73914e-11 1.84906e-09 1.81455e-08 4.31577e-07 3.40857e-05 0.00104785 0.00586863 0.0190363 0.974013 
7.03665e-08 2.65419e-06 5.81336e-06 5.42656e-05 0.000308878 0.000710506 0.00372296 0.0131026 0.920912 0.0611799 
2.98199e-06 9.35316e-05 0.000201025 0.000875847 0.00719952 0.0847927 0.0527648 0.191916 0.463691 0.198463 
2.1086e-06 0.000125973 0.000170458 0.000730387 0.00204779 0.00589501 0.0112229 0.0281483 0.0562152 0.895442 
0.000792535 0.00896326 0.275562 0.0892037 0.170009 0.173025 0.129301 0.098045 0.0369371 0.0181622 
4.75651e-16 7.96309e-14 1.33492e-11 7.01369e-11 3.4517e-09 2.29223e-06 0.000109573 0.00249874 0.0072048 0.990185 
9.40357e-08 1.52363e-06 4.62984e-05 6.11256e-05 0.000528246 0.000747961 0.00442182 0.0156931 0.0428547 0.935645 
5.25181e-06 7.32949e-05 0.000367173 0.0024576 0.0107794 0.0381005 0.665068 0.123877 0.0987261 0.060546 
2.00075e-06 0.000100425 0.000129965 0.00145021 0.00360305 0.0146019 0.0459854 0.644736 0.106709 0.182682 
1.45451e-07 4.29303e-06 3.79979e-05 9.43543e-05 0.000970606 0.00177655 0.00730518 0.0281761 0.0639392 0.897696 
0.000148194 0.00223626 0.00944458 0.325149 0.179364 0.161253 0.166202 0.0823409 0.0465651 0.0272963 
2.55729e-07 8.4716e-06 4.08613e-05 0.000190167 0.000888829 0.00214331 0.00860675 0.0253884 0.884232 0.078501 
1.32114e-07 3.32124e-06 5.07096e-05 6.48811e-05 0.000656208 0.00151267 0.00541268 0.0178362 0.0479969 0.926466 
1.03303e-05 0.000493737 0.000507406 0.00197527 0.00509082 0.00952112 0.0179308 0.0352453 0.0459572 0.883268 
3.18943e-07 8.93215e-06 5.39254e-05 0.000411867 0.000948 0.00317382 0.00625056 0.0190363 0.0433458 0.92677 
0 0 0 0 0 0 0 0 0 1 
1.31779e-05 0.00079848 0.000514307 0.00272686 0.0102638 0.0281783 0.0759642 0.11858 0.698473 0.064488 
2.99586e-05 0.00130504 0.0013177 0.0044583 0.0151972 0.0438143 0.0945689 0.685185 0.0937249 0.0603989 
0.000180326 0.0455282 0.00926823 0.0122114 0.0245615 0.0314593 0.081109 0.265002 0.235385 0.295295 
1.07836e-06 5.51439e-05 7.77768e-05 0.000661657 0.00164509 0.00544882 0.0118587 0.0263785 0.0390934 0.91478 
6.98151e-12 8.57449e-11 1.97713e-09 5.05398e-09 1.01403e-07 2.08116e-06 5.89068e-05 0.000241416 0.00233497 0.997363 
1.13737e-05 0.000676289 0.000441747 0.00224117 0.00751273 0.033436 0.0912626 0.701786 0.101631 0.0610005 
1.28432e-13 1.77041e-11 2.23998e-09 1.37185e-08 2.08698e-07 3.68731e-05 0.000264087 0.00188935 0.00592119 0.991888 
5.17343e-05 0.00078651 0.00465161 0.0138091 0.0463787 0.102797 0.623057 0.114083 0.0629518 0.0314344 
4.70629e-05 0.000710172 0.00312794 0.0123303 0.0458267 0.563247 0.134966 0.114075 0.0794015 0.046268 
2.19507e-05 0.000748573 0.00153394 0.00466438 0.0163579 0.315943 0.340469 0.131683 0.116489 0.0720899 
3.24454e-07 9.23565e-06 6.38356e-05 0.00033305 0.00121054 0.00396332 0.0138571 0.825572 0.0872789 0.0677119 
3.36551e-08 1.43617e-06 2.01305e-06 8.82338e-06 0.000126401 0.000363861 0.00297237 0.0139123 0.948722 0.0338909 
1.55815e-08 7.29562e-07 1.63204e-06 9.21752e-06 6.539e-05 0.00090441 0.00983844 0.889764 0.0494463 0.0499696 
5.94837e-06 0.000374856 0.000275212 0.00126163 0.00269036 0.00692379 0.0142309 0.0421825 0.0723409 0.859714 
0.000247129 0.00388004 0.0183295 0.0342016 0.0911656 0.134805 0.141429 0.504471 0.0487251 0.0227456 
1.27981e-07 2.68525e-06 4.02231e-05 7.00862e-05 0.000918787 0.00159967 0.00549283 0.018488 0.0443158 0.929072 
1.37393e-05 0.000393633 0.00117603 0.00740338 0.125409 0.3622 0.115108 0.152759 0.185193 0.0503443 
2.19596e-05 0.00134437 0.000843295 0.00284822 0.0092181 0.0245685 0.0676299 0.746297 0.0927586 0.05447 
4.25825e-05 0.000821782 0.00441971 0.0167558 0.0480793 0.0896308 0.121698 0.581944 0.0905756 0.0460327 
2.34393e-07 7.00409e-06 6.74372e-05 0.000161846 0.00084401 0.00306937 0.0114795 0.845164 0.0769165 0.06229 
2.07419e-06 0.000129884 0.000136772 0.000593418 0.00227274 0.00834977 0.65838 0.0739255 0.12136 0.13485 
3.00851e-05 0.000842579 0.00237696 0.0115342 0.0376698 0.0804908 0.604533 0.137817 0.0845233 0.0401823 
1.13298e-05 0.000582229 0.000807429 0.00317563 0.00708741 0.0190625 0.0526796 0.111659 0.689596 0.115339 
5.32625e-06 0.000373692 0.0002487 0.00104386 0.00318907 0.00779428 0.0162187 0.0408459 0.0821853 0.848095 
1.98691e-05 0.0013248 0.000713494 0.0024998 0.00862469 0.0254447 0.0626535 0.103423 0.722227 0.0730689 
1.31999e-06 7.72915e-05 0.000104755 0.000472909 0.00185165 0.00531111 0.0137588 0.038492 0.597828 0.342102 
3.51624e-07 9.91117e-06 4.51765e-05 0.000481982 0.00122543 0.00394155 0.00831041 0.0236642 0.0496086 0.912712 
3.23968e-06 0.000226997 0.000128932 0.000192043 0.00129308 0.00265207 0.0130834 0.84044 0.0689163 0.0730638 
4.10416e-05 0.00133849 0.00315603 0.0124276 0.0374215 0.0736367 0.112454 0.122429 0.584426 0.05267 
1.69325e-07 5.60267e-06 1.56329e-05 0.000224924 0.000333097 0.00151561 0.0024474 0.00451892 0.00669265 0.984246 
6.19208e-06 9.01458e-05 0.000280633 0.00141491 0.00977688 0.0532837 0.104171 0.27286 0.470871 0.0872447 
2.02788e-05 0.0007441 0.00102465 0.00422873 0.0150452 0.0427339 0.093899 0.668833 0.109064 0.064407 
0.000128833 0.00171789 0.00926255 0.14524 0.485253 0.11952 0.115085 0.0785873 0.0297359 0.0154694 
4.56023e-05 0.00154033 0.00272572 0.00730533 0.0283583 0.0762882 0.147098 0.585508 0.0957298 0.0554002 
6.29111e-11 7.05445e-10 8.81619e-09 1.72232e-07 3.23441e-05 8.11758e-05 0.00157019 0.00807921 0.951251 0.0389859 
3.35623e-05 0.0010329 0.00245608 0.0112112 0.0333553 0.0731309 0.120518 0.136158 0.576133 0.0459709 
6.271e-40 5.27835e-36 4.87105e-32 1.84297e-26 2.89683e-22 2.7729e-17 5.68604e-13 6.76424e-09 0.000113531 0.999886 
9.1283e-06 0.000475344 0.00057523 0.00201391 0.00536508 0.0176854 0.0596008 0.761373 0.0956138 0.0572885 
6.81076e-06 0.000368446 0.000294943 0.00179199 0.00952967 0.344347 0.249779 0.225138 0.100696 0.0680493 
3.24502e-07 1.06346e-05 2.97913e-05 0.000374428 0.000694213 0.0036603 0.0128382 0.0322602 0.0632197 0.886912 
1.60727e-08 3.97771e-07 3.80723e-06 2.44469e-05 0.000240423 0.000308764 0.00115575 0.00493805 0.01538 0.977948 
7.77525e-05 0.000559343 0.00227408 0.0754011 0.0135195 0.11667 0.146582 0.196292 0.317837 0.130787 
6.96072e-05 0.000947217 0.00477973 0.0158465 0.0459779 0.0877312 0.119746 0.595971 0.0858972 0.0430334 
2.7724e-09 1.74482e-07 1.2659e-07 6.84032e-07 1.83157e-05 2.90586e-05 8.70081e-05 0.000233882 0.000468059 0.999163 
0.00704691 0.561622 0.220804 0.203197 0.00661068 0.000658616 5.32387e-05 6.64318e-06 3.19701e-07 5.70485e-08 
1.581e-13 5.26005e-12 1.98377e-10 1.61018e-09 6.88437e-08 3.02745e-06 0.000361878 0.00188459 0.495909 0.501842 
3.49603e-05 0.00106972 0.00250141 0.0124547 0.0415408 0.0858722 0.126623 0.15533 0.500479 0.074094 
3.22996e-07 1.52818e-05 3.43367e-05 0.000186278 0.000828714 0.00208397 0.00634668 0.0511588 0.578966 0.360379 
4.78084e-07 1.50733e-05 6.95669e-05 0.000784348 0.00137405 0.0045497 0.0118562 0.0438979 0.865219 0.0722332 
1.23134e-07 4.71963e-06 1.65513e-05 7.66452e-05 0.000450948 0.00133655 0.00805922 0.204687 0.704777 0.0805913 
1.51419e-05 0.0010715 0.000555009 0.00207282 0.0074597 0.0199278 0.0503528 0.101942 0.721995 0.0946088 
1.54118e-15 3.45923e-14 1.75512e-12 1.36808e-11 1.03732e-09 9.28899e-07 6.69858e-05 0.000383879 0.994686 0.00486222 
2.47849e-05 0.00141506 0.000909346 0.00358045 0.0121524 0.0355035 0.649052 0.133091 0.10302 0.0612514 
4.22926e-06 0.000289945 0.000185942 0.000696172 0.00218689 0.00685038 0.0149677 0.0320159 0.0536577 0.889145 
1.31331e-05 0.000402198 0.000956742 0.00302606 0.00963242 0.0237066 0.0563745 0.195723 0.6667 0.0434651 
8.91268e-06 0.000604194 0.000371887 0.00165621 0.00422533 0.0125375 0.0324283 0.0715696 0.801212 0.075386 
1.55045e-07 3.60937e-06 3.71627e-05 0.000137171 0.000734894 0.00205158 0.00966229 0.0332412 0.866451 0.0876808 
5.3549e-06 0.000360647 0.000217199 0.000862568 0.00237051 0.0107518 0.026318 0.0472408 0.0709273 0.840946 
1.471e-05 0.000741511 0.000764561 0.00344361 0.0113783 0.0321046 0.666075 0.12001 0.101073 0.064394 
