5740
4.76297e-07 6.03974e-06 8.32586e-05 0.000236744 0.00157073 0.0183428 0.0653699 0.758314 0.102701 0.0533747 
6.09215e-08 6.54683e-07 3.65966e-05 4.17803e-05 0.000359508 0.00034446 0.000887987 0.00342618 0.0101427 0.98476 
2.04909e-07 2.0009e-06 7.6472e-05 0.000101439 0.000890147 0.00158006 0.00543841 0.0176218 0.910256 0.0640331 
6.49961e-08 7.23547e-07 3.64886e-05 8.75742e-05 0.000453232 0.000573348 0.00341941 0.0112161 0.0305792 0.953634 
1.0054e-06 8.04212e-06 7.08652e-05 0.000661153 0.00274392 0.00867926 0.0234852 0.334097 0.535816 0.0944373 
4.45091e-08 4.9361e-07 2.62097e-05 3.08186e-05 0.0002951 0.000344438 0.00124785 0.00574392 0.0164816 0.97583 
1.25846e-05 0.000421909 0.000926061 0.00410654 0.0181211 0.0439049 0.0813951 0.783048 0.0495661 0.0184981 
8.22867e-09 9.89019e-08 3.74354e-06 4.87062e-06 0.00013262 0.000149282 0.00190404 0.0071903 0.0209761 0.969639 
5.4544e-07 5.29645e-06 5.61437e-05 0.000336958 0.00262941 0.00909475 0.0258162 0.0584173 0.0808579 0.822786 
9.21294e-14 2.58991e-12 1.41767e-10 9.50905e-10 3.29767e-08 1.87759e-06 0.000161474 0.000630747 0.00310891 0.996097 
1.93664e-19 3.16466e-17 1.17773e-14 3.23691e-13 3.41183e-10 4.85492e-08 6.72138e-05 0.000163608 0.00160764 0.998161 
1.14058e-07 1.2618e-06 6.5093e-05 7.58888e-05 0.000438954 0.00109816 0.00448933 0.0194859 0.0486207 0.925725 
4.42111e-08 4.85923e-07 2.56781e-05 3.05753e-05 0.000320505 0.000489514 0.0038893 0.018252 0.888861 0.0881307 
1.05095e-06 8.62942e-06 7.39201e-05 0.000958408 0.00550069 0.0187168 0.7398 0.114716 0.083367 0.0368581 
3.29851e-07 3.15413e-06 4.04889e-05 0.000196318 0.00127874 0.00683495 0.0237416 0.0538876 0.863603 0.0504135 
3.58952e-07 3.44245e-06 4.34852e-05 0.000295877 0.00184761 0.00947689 0.0295415 0.0604744 0.845632 0.0526844 
7.48144e-15 1.554e-13 6.18397e-12 5.40782e-11 2.3823e-09 4.32831e-08 4.63522e-07 2.62465e-05 8.17775e-05 0.999891 
2.49691e-05 0.00031175 0.00134397 0.00320309 0.0150703 0.0394733 0.458081 0.454031 0.02154 0.00691976 
1.80286e-10 3.54455e-09 4.1476e-08 4.26958e-07 3.83096e-06 9.16817e-05 0.00155661 0.00679642 0.0225399 0.969011 
2.87814e-07 3.00089e-06 9.07927e-05 0.000250196 0.0019041 0.00731205 0.0261377 0.0562557 0.870127 0.0379186 
4.50718e-08 4.97834e-07 2.56961e-05 3.04062e-05 0.000374578 0.000437263 0.00294122 0.0132225 0.0366373 0.946331 
2.0086e-06 1.99238e-05 0.000133988 0.000913596 0.00718427 0.540528 0.227564 0.0688115 0.131093 0.0237494 
9.66434e-23 2.10209e-19 9.55828e-16 2.32379e-13 3.15703e-10 4.13465e-08 6.31866e-05 0.000214528 0.00217947 0.997543 
0.0004912 0.00317057 0.0296637 0.336637 0.462128 0.124049 0.0393357 0.00410305 0.000324594 9.77126e-05 
1.64912e-05 0.000144059 0.0013394 0.00412797 0.0195415 0.0394832 0.0685988 0.0896231 0.755037 0.0220887 
6.43366e-07 4.67621e-06 4.76882e-05 0.000401924 0.00334393 0.0169216 0.412796 0.515482 0.0349738 0.0160278 
2.19161e-07 2.14663e-06 4.74273e-05 0.000173824 0.000772033 0.00429037 0.016009 0.0411204 0.8726 0.0649847 
1.78304e-08 1.9852e-07 1.01269e-05 1.23185e-05 0.000135005 0.000293299 0.00252785 0.0117334 0.032165 0.953123 
2.05219e-06 2.03795e-05 0.000113098 0.000869028 0.00671248 0.0271113 0.747135 0.101078 0.0780329 0.038926 
7.8121e-08 8.63221e-07 4.48666e-05 6.27208e-05 0.000315671 0.000761235 0.00574257 0.0258733 0.0647779 0.902421 
1.03097e-09 1.13305e-08 5.81401e-07 7.95815e-07 1.35715e-05 8.57529e-05 0.000973006 0.00507507 0.472267 0.521584 
1.0648e-06 1.12228e-05 6.5044e-05 0.000398958 0.00284129 0.0121048 0.0315451 0.467069 0.465907 0.0200565 
2.36944e-07 2.39444e-06 2.76206e-05 0.000207245 0.00102116 0.00636163 0.0242675 0.0559325 0.087732 0.824448 
1.76262e-13 1.30253e-11 1.33916e-09 8.74985e-09 1.70192e-07 2.38132e-05 0.000386952 0.00310521 0.00971485 0.986769 
1.04489e-05 0.000146698 0.00048861 0.00105147 0.00862927 0.0268554 0.754701 0.109622 0.0717808 0.0267142 
3.51934e-08 4.01259e-07 1.96571e-05 2.36741e-05 0.000164936 0.000348426 0.0033652 0.0155704 0.920712 0.0597952 
6.77679e-12 1.15085e-10 2.27826e-09 2.88325e-08 3.07815e-07 1.09652e-05 0.000205883 0.00108867 0.00429605 0.994398 
5.45434e-06 2.8126e-05 0.000166428 0.00124363 0.00681304 0.0144419 0.035804 0.651933 0.257465 0.0321002 
4.31862e-11 4.39936e-10 5.27465e-09 1.2992e-07 1.00413e-06 2.65023e-05 0.000378186 0.00208769 0.0065035 0.991003 
3.35638e-07 3.19365e-06 7.5104e-05 0.000169054 0.00133467 0.00568823 0.0175194 0.797536 0.095467 0.0822068 
6.29712e-05 0.00066951 0.0390045 0.0434318 0.0659355 0.140389 0.29375 0.0738585 0.256927 0.0859708 
1.23356e-07 1.50034e-06 1.04599e-05 0.000188317 0.000618389 0.00460359 0.0198998 0.0522714 0.880274 0.0421323 
8.80471e-18 1.39854e-15 3.80549e-13 4.55224e-12 1.03242e-09 1.80389e-06 0.000119607 0.00161614 0.00558584 0.992677 
5.66302e-05 0.000720972 0.00324091 0.00911842 0.0416653 0.0993112 0.701642 0.106619 0.0305769 0.00704849 
1.7854e-08 1.99636e-07 9.95961e-06 1.26271e-05 9.45434e-05 0.000744905 0.005195 0.0271329 0.923769 0.0430405 
2.69187e-32 8.16586e-29 4.47502e-25 2.64471e-21 8.80004e-18 2.76338e-13 3.64507e-09 1.76281e-05 0.000430795 0.999552 
0.000224313 0.000994336 0.0139858 0.270936 0.443484 0.173035 0.0556241 0.0299641 0.00933245 0.00241999 
4.7157e-08 5.15313e-07 2.72977e-05 3.15641e-05 0.00024124 0.000371525 0.00228861 0.0107129 0.337676 0.64865 
1.12116e-10 1.36893e-09 2.73544e-08 7.66235e-08 1.08611e-06 6.30033e-06 0.00013678 0.000579261 0.00225076 0.997026 
1.70511e-11 2.00358e-10 7.67511e-09 7.22654e-08 8.37058e-07 7.97245e-05 0.00129603 0.00678764 0.492656 0.49918 
3.14681e-08 3.58701e-07 1.76075e-05 2.11158e-05 6.29569e-05 0.00021543 0.00197516 0.00996991 0.944538 0.0431997 
5.60174e-08 6.19027e-07 3.24518e-05 3.80609e-05 0.000245306 0.000697747 0.00393573 0.466431 0.489023 0.0395964 
4.0449e-09 4.68912e-08 2.20592e-06 2.83961e-06 6.70907e-05 9.0019e-05 0.000910186 0.00603568 0.957609 0.0352825 
9.58239e-05 0.00145663 0.0045982 0.00874962 0.0361687 0.298968 0.319428 0.298923 0.0255111 0.00610101 
7.80096e-06 5.64118e-05 0.000320423 0.0026568 0.0140935 0.0408679 0.100915 0.746336 0.0691817 0.0255646 
7.02245e-10 1.40227e-08 1.12703e-07 1.39234e-06 0.000283088 0.000295903 0.00166168 0.00746211 0.0236208 0.966675 
2.54439e-08 2.81439e-07 1.46202e-05 1.74068e-05 0.000233326 0.000323478 0.0029664 0.0127549 0.037428 0.946262 
9.95182e-08 1.07926e-06 5.83255e-05 6.69551e-05 0.00033458 0.00066895 0.00440216 0.0204148 0.0538042 0.920249 
1.91662e-07 1.87193e-06 6.23285e-05 8.83926e-05 0.000703559 0.00224364 0.00635149 0.0184622 0.046268 0.925818 
4.98327e-08 6.31989e-07 2.24424e-05 3.8197e-05 0.000551038 0.00172746 0.00849472 0.464275 0.484812 0.0400783 
1.88832e-08 2.05725e-07 1.12403e-05 1.30599e-05 0.000117448 0.000155998 0.00109385 0.00481805 0.0157889 0.978001 
2.27587e-07 2.6739e-06 2.25141e-05 0.000128685 0.00149061 0.00809898 0.0667465 0.184077 0.69655 0.0428828 
4.1014e-05 0.00048018 0.00242414 0.00682094 0.0345956 0.0879365 0.76036 0.0801681 0.0224086 0.00476523 
1.03972e-09 1.14723e-08 6.08975e-07 8.36349e-07 8.56826e-06 0.000123465 0.00111501 0.00678497 0.511045 0.480922 
5.09589e-06 6.4365e-05 0.000180867 0.000778248 0.00384462 0.00993481 0.0252188 0.126631 0.714263 0.119079 
2.05551e-06 1.71433e-05 0.000161838 0.00133849 0.00793798 0.0267055 0.766173 0.10428 0.0686591 0.0247249 
1.6665e-08 1.91922e-07 9.78233e-06 1.2326e-05 0.000322575 0.000329098 0.0016613 0.00893494 0.0267339 0.961996 
2.34882e-06 1.8753e-05 0.000160745 0.0015515 0.00837724 0.0232646 0.0717846 0.797329 0.0699948 0.0275162 
3.77892e-07 3.57577e-06 4.24964e-05 0.000250995 0.00144865 0.00739412 0.0243892 0.0490465 0.837863 0.0795615 
3.1629e-05 0.000394664 0.00154054 0.00350421 0.0177862 0.0526403 0.0905271 0.792483 0.0314173 0.00967494 
3.55078e-06 2.95979e-05 0.000306256 0.00147605 0.0081456 0.020737 0.049528 0.0620185 0.0628555 0.7949 
3.91146e-07 3.69352e-06 6.82968e-05 0.000233346 0.00152177 0.00710385 0.0223117 0.0512803 0.847367 0.0701101 
1.43255e-08 1.71509e-07 7.38123e-06 9.43981e-06 0.000121785 0.000221831 0.00238666 0.0103472 0.0315268 0.955379 
8.85541e-05 0.0011105 0.00489793 0.0120073 0.191563 0.46756 0.0937264 0.205608 0.0193875 0.00405154 
1.02766e-06 9.16783e-06 8.1122e-05 0.000550211 0.00404364 0.01055 0.0291322 0.0503988 0.863223 0.0420106 
1.34188e-08 1.47789e-07 7.76027e-06 9.08087e-06 0.000122142 0.00011002 0.00039341 0.00149913 0.00460109 0.993257 
0 0 0 0 0 0 0 0 0 1 
7.86513e-08 8.56579e-07 4.58975e-05 5.3211e-05 0.000504298 0.000706396 0.00408145 0.395311 0.543153 0.0561443 
0.000204583 0.00261477 0.0105911 0.0294046 0.0939511 0.733085 0.11141 0.0147542 0.00298973 0.000994221 
5.15255e-10 6.15775e-09 1.67726e-07 3.91951e-07 4.26009e-06 2.47353e-05 0.000457575 0.00267263 0.00699028 0.98985 
1.06204e-06 9.70462e-06 8.82444e-05 0.000765578 0.00401096 0.0122075 0.0419488 0.860744 0.0549463 0.0252779 
7.9129e-06 0.000112789 0.000348843 0.00111651 0.0413115 0.160958 0.110568 0.277398 0.397546 0.0106332 
8.40641e-11 8.97442e-10 1.3919e-08 2.67605e-07 2.31003e-06 8.549e-05 0.00178836 0.00863313 0.0261329 0.963358 
1.43214e-05 0.000194397 0.000840281 0.0029833 0.0164856 0.166288 0.717225 0.0630255 0.0251679 0.00777565 
2.14716e-12 4.9314e-11 1.73613e-09 2.08272e-08 3.19939e-07 1.94726e-05 0.000282536 0.00148035 0.00359265 0.994625 
1.8898e-07 1.98124e-06 7.93875e-05 0.000116559 0.000973433 0.00243837 0.00888089 0.0313447 0.892657 0.063507 
1.58756e-06 1.25172e-05 0.000102394 0.00112262 0.00612742 0.0225286 0.718676 0.121953 0.0909802 0.0384955 
6.26063e-35 2.13971e-31 1.27807e-27 9.33434e-24 4.84621e-20 6.12182e-16 3.64969e-13 1.00766e-09 3.35799e-06 0.999997 
4.93354e-08 5.40972e-07 2.88442e-05 3.48511e-05 0.000421832 0.00172078 0.0141746 0.868005 0.0573772 0.0582363 
2.84648e-06 2.73398e-05 0.000245856 0.00144393 0.0103316 0.0336933 0.0781206 0.809527 0.0491077 0.0175001 
1.09992e-05 0.000144427 0.000576079 0.00187805 0.0135555 0.0456083 0.0956543 0.767397 0.0578706 0.0173049 
1.60423e-34 5.27976e-31 3.12008e-27 2.5459e-23 1.4715e-19 4.18245e-15 5.28913e-11 2.55837e-07 2.88422e-05 0.999971 
5.30503e-08 5.92696e-07 3.05156e-05 3.61915e-05 0.000322888 0.000490603 0.00340815 0.016144 0.915387 0.0641798 
1.07129e-05 0.000142704 0.000555027 0.00212367 0.0177494 0.649359 0.0961631 0.118331 0.0820601 0.0335056 
5.35543e-08 5.83826e-07 3.12096e-05 3.57298e-05 7.19046e-05 0.000237581 0.00282898 0.00997178 0.0291896 0.957633 
2.43047e-07 2.37296e-06 8.82532e-05 0.000131159 0.00110579 0.00320011 0.0129494 0.0440593 0.864498 0.0739651 
6.06751e-07 4.49428e-06 4.47888e-05 0.000328864 0.00163808 0.00891539 0.797054 0.0718466 0.0758257 0.0443416 
8.14204e-08 9.16117e-07 3.842e-05 5.02096e-05 0.000393573 0.00123565 0.00496893 0.868258 0.0580666 0.0669872 
0.000783086 0.00878448 0.0381941 0.542662 0.169074 0.134588 0.0680757 0.028397 0.00460201 0.00484001 
7.907e-12 7.6173e-11 1.64887e-09 2.72196e-08 2.96045e-07 9.20812e-06 0.00017591 0.0016995 0.0059135 0.992202 
1.17964e-12 6.17068e-12 6.45975e-11 1.7589e-09 1.34894e-08 9.40765e-08 2.26844e-05 7.86323e-05 0.00105879 0.99884 
1.93711e-08 2.20059e-07 1.06579e-05 1.27549e-05 8.45959e-05 0.000138418 0.00124053 0.00463006 0.0132539 0.980629 
1.02279e-09 1.69395e-08 1.27714e-07 9.25349e-07 1.7552e-05 0.000546298 0.300476 0.199033 0.408068 0.0918581 
1.44975e-08 1.56269e-07 8.57149e-06 1.06323e-05 0.000258568 0.000624684 0.0053684 0.0266453 0.403036 0.564048 
1.99403e-06 1.63553e-05 0.000126553 0.0011032 0.00574235 0.0146297 0.038413 0.0638607 0.0663991 0.809707 
2.51855e-08 2.75887e-07 1.46355e-05 1.6763e-05 4.06242e-05 8.86181e-05 0.000499654 0.00185587 0.00607513 0.991408 
3.07366e-07 3.116e-06 7.52266e-05 0.000209692 0.00199016 0.00729881 0.022943 0.0550269 0.076052 0.836401 
2.85752e-07 2.59858e-06 3.50391e-05 0.000155681 0.00145528 0.386857 0.182531 0.127713 0.109689 0.191562 
2.20611e-08 2.57609e-07 1.17569e-05 1.49161e-05 0.000313352 0.000299689 0.00142802 0.00637619 0.0182532 0.973303 
2.76106e-06 2.85355e-05 0.000159586 0.00117061 0.00707687 0.019174 0.0608643 0.0880486 0.808442 0.015033 
1.12755e-07 1.10402e-06 3.11818e-05 0.00011758 0.000888415 0.00387599 0.0949451 0.0210925 0.0304187 0.848629 
4.68191e-08 5.47158e-07 2.57182e-05 3.44775e-05 0.000436564 0.0026725 0.0190931 0.0592187 0.831903 0.0866154 
3.82128e-08 3.86e-07 1.14165e-05 1.79653e-05 0.000189697 0.000961833 0.00465655 0.0202877 0.935111 0.0387632 
0.000620069 0.00500515 0.0276187 0.575855 0.276615 0.082142 0.0258053 0.00487397 0.00129397 0.000170929 
0.000264966 0.00302745 0.0162501 0.051541 0.110263 0.756823 0.0446508 0.0117805 0.00254918 0.00285019 
7.41186e-08 8.28704e-07 4.24298e-05 4.99155e-05 0.000238498 0.000664888 0.0054662 0.0238915 0.891543 0.0781023 
9.02563e-07 7.31138e-06 6.35996e-05 0.000781497 0.0045214 0.0185811 0.069305 0.792596 0.077792 0.0363511 
6.6908e-08 7.24516e-07 3.94029e-05 4.5565e-05 0.000538194 0.000546213 0.00298741 0.0110015 0.0336386 0.951202 
2.03763e-08 2.39185e-07 1.13672e-05 1.39078e-05 0.00016452 0.000217023 0.0014201 0.00710876 0.0196165 0.971448 
1.43102e-23 5.42932e-20 2.67985e-16 1.4693e-13 2.0677e-10 2.54537e-08 4.06362e-05 9.14558e-05 0.00112938 0.998739 
2.81173e-08 3.13452e-07 1.58766e-05 1.91779e-05 0.000125162 0.000737588 0.00480011 0.0218459 0.929576 0.0428794 
1.40802e-05 0.000168315 0.00079121 0.00273453 0.164298 0.116923 0.407788 0.292005 0.0125343 0.0027426 
3.75296e-07 3.61688e-06 4.96505e-05 0.000217665 0.00170373 0.00912227 0.0257885 0.0577105 0.857593 0.0478105 
6.02389e-05 0.000769634 0.00286043 0.0077756 0.0320109 0.0629653 0.11899 0.693437 0.0632781 0.0178527 
4.67622e-05 0.000592599 0.00408155 0.0131513 0.058393 0.698577 0.12207 0.0756309 0.0216776 0.00577899 
9.9277e-06 7.84996e-05 0.000341502 0.00187654 0.0112017 0.0307139 0.789593 0.0901202 0.0550686 0.020996 
6.87438e-08 8.04757e-07 3.82506e-05 5.01993e-05 0.000635142 0.000851236 0.00363862 0.0158456 0.0391467 0.939793 
2.69268e-08 3.03616e-07 1.47736e-05 1.77783e-05 0.000179185 0.000385618 0.00216095 0.0103825 0.48335 0.503509 
2.07851e-06 1.6198e-05 0.000142161 0.00106142 0.00697441 0.0185778 0.0557079 0.0906303 0.790977 0.0359112 
1.22975e-12 1.62839e-11 8.02925e-10 9.22055e-09 1.4598e-07 1.44424e-05 0.000411608 0.00216118 0.00716389 0.990249 
3.96371e-06 3.06486e-05 0.000377946 0.00283242 0.0168297 0.629494 0.118076 0.109667 0.0828758 0.0398116 
1.47565e-06 1.16812e-05 0.000104922 0.000815329 0.00401277 0.0142463 0.0540538 0.796869 0.0837687 0.0461164 
1.18463e-07 1.18963e-06 3.10297e-05 6.53993e-05 0.000523901 0.00270892 0.17186 0.565982 0.235643 0.0231841 
0.000208878 0.00375202 0.0158238 0.0465648 0.558793 0.25885 0.0751911 0.030201 0.00780193 0.00281296 
1.03945e-07 1.13343e-06 5.96899e-05 7.21724e-05 0.00104675 0.00631699 0.847537 0.0416917 0.0547001 0.0485741 
3.32382e-06 4.68834e-05 0.00015385 0.000367833 0.00191045 0.00573505 0.118656 0.0627767 0.775015 0.0353351 
5.32167e-08 5.9563e-07 3.05557e-05 3.60638e-05 0.000352676 0.000426697 0.00287012 0.0102849 0.0269487 0.95905 
0.000303126 0.00551415 0.0156365 0.0357801 0.0865089 0.667013 0.103966 0.0548928 0.0186186 0.0117666 
2.24004e-07 2.24625e-06 2.51417e-05 0.000244221 0.0017152 0.00701598 0.13516 0.79191 0.0426072 0.0213196 
4.0823e-05 0.000570812 0.0033256 0.130595 0.378837 0.298401 0.121715 0.0572018 0.00697616 0.00233679 
1.95996e-05 0.000122965 0.000723464 0.00411101 0.0339425 0.507496 0.29825 0.0781596 0.0651924 0.0119824 
6.74163e-06 9.18791e-05 0.00032959 0.00151176 0.00790129 0.0262407 0.718057 0.11454 0.0888941 0.042427 
0.000830031 0.00504872 0.0226828 0.0795955 0.654631 0.143619 0.0662794 0.0204907 0.00412701 0.0026963 
1.03574e-05 9.90278e-05 0.000767586 0.00317347 0.0151761 0.0328683 0.0788888 0.109081 0.745367 0.0145682 
1.3843e-07 1.4824e-06 7.47761e-05 8.85425e-05 0.000701506 0.000922873 0.00435244 0.0175012 0.048517 0.92784 
0.00115991 0.00850262 0.0334745 0.198078 0.505844 0.126635 0.0787593 0.0335873 0.010716 0.00324366 
2.27648e-06 2.18386e-05 0.000140009 0.00119391 0.00564079 0.012625 0.0344777 0.459249 0.455646 0.0310029 
0.00037025 0.00626662 0.0246894 0.0627444 0.135207 0.599987 0.110311 0.0434639 0.0088717 0.00808851 
9.43341e-05 0.00139641 0.00888674 0.0381415 0.631161 0.154397 0.11063 0.0411539 0.0116194 0.00252076 
6.96582e-08 7.52619e-07 3.09008e-05 7.95017e-05 0.000187707 0.00231011 0.267256 0.649597 0.0454638 0.035074 
0.000134796 0.00145993 0.00681773 0.0243886 0.791616 0.111535 0.0375613 0.0187931 0.00535448 0.00233868 
1.21134e-13 1.64625e-11 2.16871e-09 1.30103e-08 1.95139e-07 3.45114e-05 0.000379183 0.00422454 0.0121863 0.983175 
1.57561e-07 1.63207e-06 1.59283e-05 0.000136159 0.000711031 0.00455212 0.0190349 0.837182 0.078358 0.0600078 
1.6997e-05 0.000234723 0.00101989 0.00268007 0.0186534 0.731218 0.096715 0.0871708 0.0453847 0.0169065 
2.41837e-08 2.67584e-07 1.39934e-05 1.61273e-05 5.14113e-05 0.000229718 0.00216958 0.473665 0.290366 0.233489 
0.000122595 0.00187187 0.00477628 0.00904205 0.0365241 0.0815391 0.116655 0.72258 0.0210289 0.00586016 
2.15047e-05 0.000269332 0.00179508 0.00552712 0.0233941 0.0643773 0.770498 0.0874477 0.038035 0.00863508 
1.62578e-06 1.25854e-05 0.000111894 0.000933773 0.00439952 0.013457 0.041022 0.0675448 0.835277 0.0372394 
2.06615e-05 0.000208846 0.00124653 0.00471436 0.0231111 0.763041 0.103621 0.0677627 0.0278438 0.0084305 
5.07958e-06 5.27553e-05 0.000303382 0.00164955 0.00961013 0.0727051 0.446023 0.402571 0.0468483 0.0202317 
3.62977e-07 4.01017e-06 4.84682e-05 0.000342241 0.00353079 0.0115348 0.816123 0.0773916 0.057936 0.0330891 
3.16095e-07 2.81506e-06 3.37298e-05 0.000171961 0.00118151 0.00603718 0.0197469 0.45699 0.477381 0.038455 
9.39333e-09 1.23233e-07 3.82187e-06 6.75882e-06 0.000231905 0.00120894 0.0103895 0.841281 0.0750014 0.0718761 
0.000222214 0.00339289 0.00985305 0.0154068 0.0477046 0.109051 0.147018 0.635578 0.023473 0.00830002 
3.97311e-07 4.08744e-06 3.8342e-05 0.000432558 0.00414702 0.235095 0.380559 0.0647029 0.0618238 0.253197 
6.69603e-05 0.00110119 0.00548649 0.0208052 0.0803913 0.130096 0.697308 0.0462997 0.0144151 0.00403001 
6.49647e-14 5.97348e-12 5.87316e-10 3.59989e-09 9.61874e-08 6.87841e-06 0.000201133 0.00121044 0.00373559 0.994846 
6.33117e-17 1.04933e-14 1.81032e-12 7.44913e-12 9.60126e-11 1.56274e-08 7.4466e-07 1.03103e-05 4.73556e-05 0.999942 
5.02577e-14 6.86791e-12 8.88078e-10 5.09062e-09 8.40524e-08 1.14745e-05 0.000139703 0.00126765 0.978205 0.0203765 
1.0552e-10 1.11769e-09 1.35493e-08 2.80706e-07 2.25066e-06 6.23458e-05 0.000899448 0.00577372 0.0147917 0.97847 
2.55269e-07 2.42773e-06 5.77451e-05 0.000128385 0.00121256 0.00455667 0.012679 0.0357609 0.0572396 0.888362 
9.40403e-10 2.49967e-08 2.26366e-07 7.92539e-07 1.06941e-05 4.27991e-05 0.000191665 0.00068145 0.00135043 0.997722 
2.49306e-06 2.02503e-05 0.000178545 0.00157949 0.0141529 0.731536 0.08436 0.0941698 0.0550268 0.0189736 
8.1027e-13 3.24362e-11 2.05649e-09 1.5553e-08 3.56918e-07 2.82808e-05 0.00107522 0.00645554 0.954269 0.0381715 
7.11408e-09 7.70481e-08 4.17502e-06 5.62181e-06 0.000122838 0.000919293 0.00719066 0.0289152 0.926157 0.0366856 
3.54071e-05 0.000398501 0.00188549 0.00557061 0.0248414 0.05664 0.108745 0.725022 0.0607637 0.0160981 
2.98201e-05 0.00066899 0.00350064 0.0118171 0.0517465 0.771289 0.0840626 0.0492269 0.0213047 0.00635415 
0.0034632 0.0178783 0.0645848 0.235414 0.642951 0.0295164 0.00532931 0.000607013 0.0002196 3.64987e-05 
1.41742e-06 1.18687e-05 0.000101293 0.000600452 0.00412162 0.0157348 0.0495193 0.773008 0.100729 0.0561731 
4.56684e-07 4.28018e-06 5.44968e-05 0.000284967 0.00268334 0.0113359 0.0384076 0.803425 0.0933335 0.0504709 
1.12633e-07 1.25129e-06 5.88706e-05 7.04657e-05 0.000564312 0.00116415 0.00475376 0.0156215 0.0430613 0.934704 
3.0883e-08 3.54015e-07 1.72318e-05 2.09028e-05 0.000220297 0.000328324 0.0017523 0.00935313 0.949802 0.0385052 
6.18079e-07 5.1289e-06 5.56702e-05 0.00057374 0.00304643 0.0127888 0.819446 0.0761465 0.0598393 0.0280976 
3.62862e-10 1.0712e-08 1.62394e-07 5.30255e-07 5.90886e-06 2.7257e-05 0.00012197 0.000627755 0.00205753 0.997159 
1.55035e-07 1.50627e-06 5.21903e-05 7.3372e-05 0.000848183 0.0018789 0.00583245 0.0177732 0.049068 0.924472 
2.46447e-14 3.51824e-12 4.71739e-10 3.17225e-09 4.21079e-08 1.07486e-05 6.94905e-05 0.000942678 0.00184093 0.997136 
2.68953e-07 2.7537e-06 5.51072e-05 0.000143925 0.00134251 0.0041252 0.0136001 0.0336693 0.882176 0.0648852 
1.55211e-07 1.42295e-06 1.78396e-05 0.00010184 0.000625935 0.00447292 0.0247227 0.867813 0.0611826 0.0410611 
3.65124e-08 4.12619e-07 2.09585e-05 2.5211e-05 0.000231225 0.000956308 0.0055405 0.465341 0.0384401 0.489444 
0.00133795 0.0134865 0.0380383 0.122175 0.607983 0.132603 0.0534113 0.0209162 0.00513268 0.00491624 
0.000217489 0.0026217 0.0121194 0.423885 0.296536 0.135377 0.0616329 0.0627001 0.00320661 0.00170284 
7.37845e-13 1.24685e-11 1.07262e-10 1.46837e-09 4.2335e-08 5.81569e-07 3.60674e-05 0.000121408 0.000257331 0.999585 
1.37593e-13 2.45538e-11 2.54164e-08 9.28544e-08 1.0452e-06 9.60728e-05 0.000659388 0.00503241 0.19028 0.803931 
3.7369e-08 4.0659e-07 2.19391e-05 2.6035e-05 0.000492373 0.000511202 0.00319763 0.0138093 0.914756 0.0671854 
0.000302758 0.00475214 0.0162929 0.0312545 0.0875296 0.15528 0.176979 0.497676 0.0227122 0.00722026 
0.00033258 0.00488314 0.0178141 0.0367344 0.362578 0.400947 0.104998 0.0508121 0.0134637 0.00743769 
1.90382e-07 2.22331e-06 5.85126e-05 0.000122139 0.00192938 0.188001 0.549721 0.172835 0.0517843 0.0355465 
7.98778e-07 7.4087e-06 6.26889e-05 0.000722017 0.00299232 0.00941881 0.0336437 0.0587055 0.857741 0.0367058 
3.5086e-08 3.79658e-07 2.06173e-05 2.40724e-05 0.000268581 0.000290909 0.00119478 0.00610838 0.0207756 0.971317 
4.07454e-17 6.40805e-15 3.57525e-12 1.42483e-11 1.99548e-10 3.90733e-08 3.03451e-06 4.4026e-05 7.82292e-05 0.999875 
4.92213e-08 5.33464e-07 2.86969e-05 3.38105e-05 0.000364301 0.000480676 0.00296319 0.012528 0.0387365 0.944864 
2.4251e-06 2.60495e-05 0.000234555 0.00127316 0.00695211 0.0241082 0.855529 0.0496496 0.0411879 0.0210367 
3.73744e-07 3.49321e-06 4.41501e-05 0.000194116 0.00134585 0.00677313 0.0197817 0.844012 0.0668275 0.0610173 
6.7285e-08 7.97418e-07 6.49261e-06 9.72744e-05 0.00041056 0.00310457 0.0189997 0.856405 0.0669688 0.0540071 
1.754e-06 1.42957e-05 0.000145655 0.00107003 0.00623681 0.0223187 0.0709733 0.119864 0.727838 0.0515373 
4.38435e-10 7.12461e-09 1.32093e-07 2.46692e-07 1.68973e-06 1.50352e-05 0.000367498 0.00206638 0.00633508 0.991214 
4.17886e-06 5.14839e-05 0.000581279 0.00152439 0.00751385 0.0205153 0.0535076 0.83854 0.0532308 0.0245316 
1.15554e-11 1.27242e-10 6.68582e-09 1.3226e-08 4.69531e-08 1.76946e-07 3.16132e-05 0.000214619 0.00172596 0.998028 
1.76538e-06 2.09593e-05 9.30341e-05 0.000466051 0.002979 0.011024 0.16546 0.766799 0.0372558 0.0159003 
3.73071e-05 0.000441658 0.00300068 0.00999535 0.0482162 0.751562 0.102055 0.0637062 0.0174443 0.00354099 
4.3556e-07 4.27513e-06 4.52116e-05 0.000498851 0.00213223 0.0090898 0.0335717 0.0614261 0.857682 0.0355493 
2.75832e-05 0.000377874 0.00125494 0.0027171 0.0164363 0.057 0.105653 0.772066 0.0340896 0.0103777 
4.90845e-08 5.42307e-07 2.64149e-05 3.24609e-05 0.000245158 0.000876975 0.0065894 0.880885 0.0519073 0.0594368 
1.29478e-05 8.41165e-05 0.000599275 0.00294664 0.0143775 0.02849 0.0588287 0.0864174 0.789699 0.0185446 
1.5933e-07 1.64218e-06 4.33908e-05 0.000154082 0.000844403 0.00437393 0.0168556 0.75716 0.168143 0.0524229 
6.09478e-08 6.57546e-07 5.99301e-06 6.94499e-05 0.000393766 0.00218124 0.00980753 0.67132 0.278134 0.0380875 
3.33601e-16 5.58381e-14 1.21882e-11 2.56473e-10 2.12444e-08 1.93636e-06 2.21142e-05 0.000296076 0.0016519 0.998028 
8.72596e-16 1.46172e-13 1.21184e-11 8.58346e-11 5.54955e-09 2.20141e-06 0.000150789 0.00185392 0.00627101 0.991722 
7.54447e-08 9.97685e-07 9.80705e-06 0.000242495 0.00200191 0.00817238 0.0330036 0.829372 0.0743057 0.0528909 
2.42635e-05 0.000332961 0.00286502 0.00837615 0.0406119 0.717705 0.0980499 0.0715991 0.041972 0.0184635 
8.52084e-05 0.00108841 0.00742174 0.0351868 0.656033 0.139793 0.103589 0.0414286 0.0120409 0.00333367 
1.93235e-07 1.98339e-06 5.36501e-05 0.000208432 0.000813459 0.00408402 0.0202476 0.0574151 0.855936 0.0612399 
0.000172684 0.00238641 0.00767907 0.0173937 0.0501135 0.0930481 0.722717 0.0756965 0.021268 0.00952462 
6.54559e-07 5.78973e-06 6.91529e-05 0.000386282 0.00218873 0.00837111 0.0236838 0.847149 0.0750742 0.0430717 
7.88126e-06 0.000108134 0.000373988 0.00086151 0.0057238 0.0172623 0.0496891 0.816684 0.0727703 0.0365185 
6.51012e-08 7.03299e-07 3.85294e-05 4.41898e-05 0.000215334 0.000363288 0.00253261 0.0116704 0.478439 0.506696 
1.11556e-07 1.22332e-06 5.54577e-05 0.00012338 0.00158208 0.00778483 0.438514 0.0498746 0.456564 0.0455001 
2.00669e-19 3.31475e-17 6.67107e-15 1.20114e-13 4.15688e-11 8.0103e-09 6.60614e-06 6.9988e-06 7.6576e-05 0.99991 
1.67531e-08 1.85477e-07 9.58527e-06 1.15131e-05 3.40058e-05 0.000149908 0.0015425 0.00690855 0.201167 0.790176 
1.03381e-07 1.13435e-06 6.01058e-05 6.99096e-05 0.000373461 0.000590918 0.00308954 0.013101 0.036735 0.945979 
2.50994e-07 2.67778e-06 2.73879e-05 0.00021334 0.00105505 0.00332337 0.0100258 0.0188781 0.706168 0.260306 
4.56541e-07 4.77104e-06 2.21397e-05 0.000240693 0.00140273 0.0062714 0.177004 0.508809 0.0426778 0.263567 
3.28622e-07 3.18377e-06 4.26536e-05 0.000363767 0.00217308 0.00892999 0.0321855 0.0710871 0.832852 0.0523621 
1.27002e-09 1.43371e-08 7.334e-07 9.73831e-07 3.68265e-05 0.000111159 0.00113108 0.454658 0.358988 0.185073 
6.58189e-13 7.23457e-11 2.32595e-08 1.68593e-07 2.76102e-06 0.000256159 0.00272563 0.0140718 0.950616 0.032327 
1.71426e-06 1.30886e-05 0.000110829 0.000924932 0.0044076 0.0138025 0.0427461 0.829466 0.0727798 0.0357478 
1.11745e-10 1.48095e-09 2.15401e-08 1.41295e-07 1.17966e-06 5.03374e-05 0.000977796 0.00508517 0.963574 0.0303111 
4.33893e-10 4.73023e-09 1.68288e-07 7.1212e-07 0.000157261 0.000149682 0.00113179 0.00715846 0.955472 0.0359302 
0.000221881 0.00330313 0.0107673 0.0223341 0.0657685 0.114819 0.711719 0.0519124 0.0151889 0.00396487 
1.53574e-09 1.66682e-08 8.3085e-07 1.31542e-06 0.000111653 0.000140169 0.00123072 0.00706556 0.0218792 0.969571 
1.57487e-07 1.60255e-06 3.00358e-05 0.000122832 0.000928964 0.00457813 0.724987 0.173847 0.0577937 0.0377107 
3.42791e-07 3.3215e-06 0.000103072 0.000196751 0.00135199 0.00394674 0.0109237 0.032374 0.0650895 0.886011 
3.26421e-07 3.79578e-06 3.90266e-05 0.000255309 0.00165815 0.00835931 0.0277364 0.0583775 0.842024 0.0615461 
1.02084e-13 7.28624e-12 3.32915e-10 2.74628e-09 1.18995e-07 2.30198e-06 0.000555192 0.00148664 0.00720958 0.990746 
7.29588e-08 7.98788e-07 4.29039e-05 4.95966e-05 0.00033105 0.000442228 0.00273012 0.0125147 0.0362387 0.94765 
3.19296e-05 0.000421655 0.00171065 0.00539643 0.028 0.0812086 0.686375 0.117507 0.0585788 0.0207699 
1.44065e-10 1.58256e-09 8.5698e-08 1.28776e-07 1.95995e-06 0.000197745 0.00165834 0.00890323 0.960174 0.0290649 
9.42786e-07 8.17089e-06 7.44659e-05 0.000670386 0.00468977 0.0163444 0.0569279 0.0969911 0.772754 0.0515389 
7.31711e-06 9.39295e-05 0.000345871 0.00202425 0.0104579 0.0438608 0.729774 0.103005 0.0747698 0.0356614 
8.65698e-08 1.04337e-06 2.47556e-05 0.000145596 0.0014712 0.00565905 0.0224692 0.052638 0.875981 0.0416101 
0 0 0 0 0 0 0 0 0 1 
1.27468e-07 1.4325e-06 7.44351e-05 9.06133e-05 0.000801143 0.00119843 0.00517552 0.0171976 0.0472226 0.928238 
3.16261e-07 3.08598e-06 3.6819e-05 0.0002543 0.00154974 0.00766788 0.0259514 0.0558346 0.850329 0.0583727 
1.02697e-06 8.337e-06 7.15424e-05 0.000431923 0.00304972 0.0125719 0.0475556 0.0893748 0.796542 0.0503932 
2.59158e-06 2.37075e-05 0.000283959 0.00221124 0.0128846 0.0433719 0.744624 0.111392 0.0623584 0.0228478 
1.61738e-07 1.81558e-06 5.90053e-05 0.000164471 0.000882367 0.00291274 0.0135992 0.0420597 0.885026 0.0552942 
1.28848e-11 1.3202e-10 1.5762e-09 3.0886e-08 2.30454e-07 1.22469e-05 0.000135206 0.00106243 0.00403201 0.994758 
1.01084e-07 1.04077e-06 4.94312e-05 5.9468e-05 0.00039041 0.000522771 0.00308942 0.0128939 0.0359048 0.947089 
2.46727e-07 2.41565e-06 2.90326e-05 0.000194225 0.00105439 0.00467048 0.019189 0.0443158 0.87617 0.0543741 
3.81116e-09 4.35368e-08 1.92555e-06 2.50179e-06 6.61739e-06 4.02185e-05 0.000912399 0.00337561 0.0117621 0.983899 
5.24651e-07 5.04339e-06 6.77938e-05 0.000422532 0.00329639 0.0116576 0.56542 0.33631 0.0551093 0.0277111 
2.42657e-09 2.62799e-08 1.4269e-06 1.74306e-06 7.89109e-05 5.01632e-05 5.83896e-05 0.00222364 0.993994 0.00359137 
2.60349e-07 2.59511e-06 3.21575e-05 0.000186311 0.00119935 0.00669822 0.0255018 0.815339 0.0929442 0.0580961 
3.5442e-08 4.00926e-07 1.92625e-05 2.35808e-05 0.000179544 0.00128733 0.0127717 0.855374 0.0611869 0.0691573 
1.26636e-05 0.000130686 0.000690874 0.00318052 0.0151095 0.0381412 0.0882051 0.788385 0.0509213 0.0152228 
1.83947e-07 1.99484e-06 4.07801e-05 0.000126062 0.00110161 0.0044298 0.0145245 0.0415088 0.869816 0.0684504 
3.58534e-11 3.52802e-10 7.97223e-09 1.70783e-07 1.37705e-06 4.70502e-05 0.000598836 0.00314596 0.983873 0.0123337 
1.71635e-07 1.86781e-06 7.18051e-05 0.000126131 0.000912678 0.00411496 0.0212545 0.75941 0.0935567 0.120551 
4.31149e-08 4.73191e-07 2.47796e-05 2.95913e-05 0.000196859 0.000997102 0.00497344 0.020713 0.0383565 0.934708 
2.81577e-07 2.72201e-06 8.45576e-05 0.000138696 0.00125743 0.00346673 0.0119811 0.307041 0.336509 0.339519 
3.69185e-05 0.00769087 0.0731535 0.00964756 0.0822432 0.201217 0.571199 0.0466099 0.00681067 0.00139184 
4.96902e-06 4.88768e-05 0.000398593 0.00223023 0.0160854 0.658634 0.108066 0.113453 0.071256 0.0298229 
4.00902e-09 4.31917e-08 2.40206e-06 2.75171e-06 9.91695e-06 5.07746e-05 0.00116484 0.00485754 0.0139775 0.979934 
3.73546e-08 4.11946e-07 2.17843e-05 2.56237e-05 0.000202613 0.00065012 0.00547267 0.896075 0.0589929 0.0385592 
1.76091e-07 1.8e-06 6.88906e-05 9.80312e-05 0.00072747 0.0021814 0.00734205 0.0217631 0.0549077 0.912909 
3.94196e-05 0.000427914 0.0031382 0.0128806 0.0564818 0.65769 0.132179 0.0898938 0.0349896 0.0122798 
1.14889e-06 1.04579e-05 9.97259e-05 0.000728722 0.00457525 0.0143593 0.0433116 0.0743417 0.818521 0.0440513 
0.000179188 0.00312072 0.0151876 0.0523693 0.116945 0.673271 0.0837001 0.0335146 0.0131909 0.00852074 
1.79024e-10 2.25962e-09 1.30383e-08 2.78239e-07 0.000122629 8.90685e-05 0.000215163 0.0017508 0.00615135 0.991671 
9.3511e-08 1.09779e-06 4.24032e-05 6.21012e-05 0.000684322 0.00182859 0.00917084 0.035605 0.892767 0.0598385 
4.05694e-07 3.8533e-06 8.19056e-05 0.000225072 0.0015039 0.00531068 0.0120246 0.0200397 0.0385825 0.922227 
8.67019e-06 0.000102643 0.000462837 0.00237423 0.0142298 0.0543009 0.732237 0.101958 0.0651884 0.0291371 
1.06082e-11 1.50056e-10 3.18506e-09 2.60436e-08 3.44055e-07 1.27722e-05 0.000548159 0.00309174 0.00757191 0.988775 
6.21122e-08 6.74375e-07 3.62917e-05 4.2041e-05 0.000421139 0.000440236 0.00196284 0.00759486 0.0235458 0.965956 
5.38774e-06 5.15654e-05 0.000271282 0.00216782 0.0116995 0.0218109 0.0447807 0.610461 0.283005 0.0257469 
1.67284e-08 2.49299e-07 1.10755e-06 7.42299e-06 0.000653163 0.00218881 0.0105042 0.0411703 0.0657031 0.879772 
2.19134e-16 3.046e-14 3.99599e-12 2.78515e-11 8.66512e-10 1.50298e-06 6.67926e-05 0.00133728 0.00373288 0.994862 
3.25957e-08 3.48592e-07 1.18146e-05 1.84516e-05 0.000237545 0.000834266 0.00400756 0.161113 0.811617 0.0221603 
1.42048e-06 1.48555e-05 9.9876e-05 0.000860552 0.00605973 0.0309711 0.0797536 0.792777 0.060086 0.0293756 
0.000226924 0.00347686 0.0103806 0.0196518 0.0550961 0.0997412 0.73055 0.0637306 0.0123891 0.00475661 
1.24223e-08 1.39688e-07 6.88217e-06 8.20475e-06 4.30031e-05 0.000113686 0.00117323 0.00521877 0.405539 0.587897 
0.000220132 0.00244194 0.0131551 0.478599 0.23735 0.168904 0.0600094 0.0284006 0.00831818 0.00260074 
2.98523e-07 2.85285e-06 8.09278e-05 0.000138215 0.00123362 0.00402229 0.00889947 0.0224871 0.0497328 0.913402 
7.09694e-06 0.000101472 0.000358605 0.00117942 0.00749403 0.0300485 0.0796682 0.718909 0.0962346 0.065999 
1.09937e-07 1.21148e-06 6.39485e-05 7.49986e-05 0.000601249 0.00226871 0.0176552 0.0518387 0.860861 0.0666354 
4.99109e-05 0.000670027 0.00306304 0.0105716 0.0516949 0.109456 0.698355 0.0836419 0.0325521 0.00994592 
1.45924e-07 1.63886e-06 6.71274e-05 0.000106204 0.000827718 0.00229698 0.0102185 0.0353144 0.885794 0.0653736 
1.67081e-05 8.94347e-05 0.000618211 0.00313941 0.016904 0.0382445 0.0764232 0.799921 0.0494331 0.0152105 
3.63345e-07 3.42604e-06 3.72183e-05 0.00024524 0.00170723 0.00611023 0.0198413 0.0370109 0.0625868 0.872457 
2.24032e-23 8.50116e-20 4.19614e-16 2.30287e-13 3.23965e-10 3.86366e-08 6.36784e-05 0.000155777 0.00202599 0.997755 
1.97485e-06 2.45479e-05 0.000260334 0.00157647 0.0102235 0.369657 0.183567 0.319388 0.0736322 0.0416682 
2.40849e-08 2.52495e-07 1.18069e-05 1.92006e-05 0.000153708 0.000564082 0.0837789 0.650181 0.205933 0.0593577 
2.23531e-07 2.21407e-06 3.28498e-05 0.000140575 0.00124983 0.00510058 0.019805 0.0495125 0.871528 0.0526286 
4.29218e-10 9.07841e-09 1.06501e-07 2.41445e-06 8.35512e-05 0.000456538 0.0313842 0.308878 0.586787 0.0724089 
2.69277e-08 3.18121e-07 1.49404e-05 1.90613e-05 0.00019458 0.000731091 0.00634021 0.0262294 0.899466 0.0670049 
3.10337e-05 0.000363586 0.00311582 0.0131854 0.397331 0.436409 0.0744159 0.050285 0.0190117 0.00585122 
2.51002e-05 0.000205154 0.0016974 0.00698065 0.0300985 0.0600856 0.0981134 0.753828 0.0388422 0.0101238 
7.62544e-15 1.03797e-12 1.37648e-10 8.43878e-10 1.15907e-08 3.08526e-06 0.000104338 0.00122742 0.00464911 0.994016 
1.49944e-07 1.64989e-06 1.5722e-05 0.000141697 0.000816658 0.00513909 0.0210759 0.0586349 0.854501 0.0596727 
1.86236e-06 1.46638e-05 0.000131105 0.000751016 0.00532903 0.0159607 0.0413163 0.0632094 0.83482 0.0384659 
9.57888e-09 1.04221e-07 5.71278e-06 6.7954e-06 0.000110903 0.000254579 0.00217856 0.00991659 0.950777 0.03675 
1.65583e-06 1.31736e-05 0.000112036 0.00100352 0.0052414 0.013459 0.0822222 0.0506443 0.826259 0.0210434 
7.21832e-10 1.79836e-08 3.0197e-07 1.07129e-06 1.2688e-05 8.57834e-05 0.00140924 0.00566922 0.0158385 0.976983 
1.50067e-05 0.000108178 0.000954132 0.00386743 0.0167 0.0316558 0.0570412 0.0714668 0.797237 0.0209549 
9.83324e-11 3.06695e-09 3.76516e-08 1.42484e-07 2.15888e-06 2.77422e-05 0.000234135 0.00236839 0.00782962 0.989538 
3.44546e-11 5.26513e-10 1.3549e-08 3.12645e-08 3.5141e-07 1.3715e-06 1.84367e-05 0.00018612 0.000357431 0.999436 
6.64861e-12 1.33925e-10 4.67274e-09 5.9727e-08 6.8864e-07 3.02612e-05 0.00077197 0.00246118 0.00785416 0.988882 
0.00561559 0.0494895 0.611743 0.167496 0.10655 0.0468598 0.0108447 0.00116758 0.000156169 7.70866e-05 
4.13429e-08 4.45143e-07 2.47076e-05 2.86831e-05 0.00033775 0.000505307 0.00363384 0.0168935 0.926227 0.0523492 
2.71914e-08 3.16499e-07 1.32921e-05 1.78188e-05 0.000200666 0.00157386 0.00890966 0.903387 0.051261 0.0346359 
0.000582638 0.00261901 0.00952902 0.0401565 0.611211 0.154075 0.107544 0.0465769 0.019893 0.00781303 
9.59506e-14 9.9042e-12 1.04798e-09 6.25539e-09 1.29729e-07 1.15184e-05 0.000626835 0.00248875 0.00807968 0.988793 
5.92106e-07 5.43242e-06 0.000104081 0.000307054 0.00217466 0.00946009 0.026186 0.0571152 0.854156 0.0504909 
0.000245863 0.00289699 0.0152597 0.479201 0.325476 0.104711 0.0538795 0.0136798 0.00381017 0.000839723 
2.74026e-09 3.14048e-08 1.51256e-06 1.89089e-06 2.61132e-05 4.27823e-05 0.000359788 0.002235 0.984643 0.0126902 
6.84493e-08 6.8645e-07 1.7326e-05 3.03215e-05 0.000239117 0.00134804 0.00447325 0.0153492 0.0336758 0.944866 
6.24064e-12 1.4913e-10 4.74516e-08 1.97041e-07 2.23743e-06 0.000139189 0.00175316 0.0109082 0.942817 0.0443801 
5.98729e-08 6.80578e-07 3.48717e-05 6.82613e-05 0.000669524 0.00423543 0.287013 0.314857 0.027533 0.365588 
6.24637e-05 0.00105813 0.00480956 0.0184432 0.44689 0.409658 0.0736577 0.0323527 0.0101883 0.0028792 
2.2042e-06 2.68508e-05 0.000130793 0.000812149 0.00551604 0.0145339 0.0348296 0.832185 0.0715316 0.0404321 
1.83916e-23 6.97601e-20 3.44318e-16 1.88335e-13 2.64905e-10 3.17251e-08 5.21057e-05 0.000175243 0.0021116 0.997661 
3.1166e-05 0.000394983 0.00252356 0.0410108 0.541208 0.155928 0.124207 0.073232 0.0439548 0.01751 
1.00302e-05 0.000132528 0.000825942 0.0027233 0.017549 0.055572 0.786315 0.0831648 0.040498 0.0132095 
5.50663e-11 6.55445e-10 2.09367e-08 8.35903e-08 7.63433e-07 1.77398e-05 0.000218582 0.000988604 0.00340885 0.995365 
4.20927e-17 6.97133e-15 1.51e-12 1.47128e-11 1.42638e-09 1.55962e-06 7.38562e-05 0.00133619 0.00487554 0.993713 
1.39685e-14 1.62204e-12 1.48563e-10 9.06258e-10 2.1342e-08 2.03296e-06 7.6729e-05 0.000436327 0.00138184 0.998103 
1.02798e-09 1.15506e-08 5.67038e-07 7.87863e-07 4.94091e-05 3.93364e-05 0.000424634 0.00200445 0.00629299 0.991188 
5.84484e-06 6.49882e-05 0.00029735 0.00243971 0.0128745 0.0262266 0.0639228 0.82897 0.0491307 0.0160669 
0.000102652 0.00114597 0.00423097 0.0377826 0.182902 0.383585 0.313656 0.0617723 0.0113537 0.00346904 
6.41062e-11 1.7575e-09 2.66895e-08 1.03517e-07 1.31874e-06 1.18765e-05 0.000276688 0.00129799 0.00385643 0.994556 
0.00312268 0.0327401 0.119032 0.596701 0.153025 0.0752922 0.0170868 0.00225611 0.000645093 9.85725e-05 
6.45371e-07 5.66061e-06 4.4569e-05 0.000434417 0.00239287 0.00944081 0.789495 0.0828911 0.0726116 0.0426833 
1.28604e-05 8.36878e-05 0.000749617 0.00302634 0.0153012 0.0316719 0.0616461 0.0777754 0.794773 0.0149598 
4.19985e-09 6.04022e-08 2.46969e-06 3.58051e-06 1.80618e-05 0.000113434 0.000977133 0.00604362 0.0165572 0.976284 
1.52356e-07 1.43517e-06 1.56536e-05 0.000105143 0.000658647 0.0030376 0.0118439 0.280695 0.675314 0.028328 
1.28604e-06 1.03189e-05 9.09261e-05 0.000773741 0.00453227 0.016327 0.782603 0.0938346 0.0714038 0.0304229 
1.30168e-08 1.49201e-07 7.51035e-06 9.51739e-06 0.000259077 0.000259536 0.0011568 0.00612214 0.0181333 0.974052 
7.01768e-08 7.91721e-07 6.03498e-06 7.59196e-05 0.000390267 0.00282317 0.0144927 0.0400848 0.893626 0.0484998 
6.4852e-07 4.5424e-06 0.000101012 0.000451271 0.00191557 0.00628569 0.0188952 0.0492298 0.866537 0.0565792 
8.36154e-10 2.02376e-08 3.31078e-07 1.03242e-06 1.30592e-05 5.55498e-05 0.000386118 0.00194999 0.00585716 0.991737 
5.36481e-07 5.10126e-06 5.89117e-05 0.00033513 0.0031046 0.0131037 0.0504362 0.794258 0.0884693 0.0502284 
4.39242e-13 3.40649e-12 2.59898e-11 5.37899e-10 3.55292e-09 7.0354e-08 1.12168e-06 1.16284e-05 6.64683e-05 0.999921 
1.89142e-08 2.21471e-07 1.06287e-05 1.30636e-05 0.000129324 0.000203595 0.00151314 0.00771254 0.0207239 0.969694 
4.32749e-05 0.000483978 0.00271451 0.00753487 0.0326057 0.0751416 0.112195 0.731247 0.0298621 0.00817229 
6.55873e-08 7.38271e-07 3.74066e-05 4.46042e-05 0.000516494 0.000606834 0.00358158 0.0142436 0.0391679 0.941801 
1.15042e-07 1.2621e-06 2.1919e-05 0.000181903 0.00137934 0.00587013 0.0319755 0.84912 0.0648071 0.046643 
2.87509e-09 3.72671e-08 1.72967e-06 2.35148e-06 2.14556e-05 6.57923e-05 0.00222999 0.0685767 0.121752 0.80735 
7.00328e-07 5.12893e-06 8.64822e-05 0.000273805 0.00210114 0.00659249 0.0212199 0.824586 0.0782827 0.0668516 
8.1438e-08 8.97411e-07 4.75132e-05 5.5909e-05 0.000593991 0.000803765 0.00503821 0.025819 0.879391 0.0882495 
1.2738e-14 9.12437e-13 3.44669e-11 2.90372e-10 1.21864e-08 2.71167e-07 1.4282e-05 0.000178761 0.00142795 0.998379 
6.86992e-12 1.37064e-10 4.6866e-09 6.63935e-08 7.80084e-07 5.17837e-05 0.000854785 0.0042935 0.0122599 0.982539 
1.07421e-06 1.49909e-05 0.000166717 0.000904658 0.0221059 0.17609 0.117849 0.626156 0.0464887 0.0102232 
1.45046e-07 1.42773e-06 1.0698e-05 0.00016081 0.000732507 0.00501749 0.0259704 0.0684555 0.835714 0.0639369 
6.35225e-07 5.36576e-06 7.06013e-05 0.000534988 0.00327669 0.0148565 0.0590307 0.804618 0.0813193 0.0362873 
4.16315e-08 4.52891e-07 2.44074e-05 2.82297e-05 0.000217905 0.000314877 0.00198784 0.0111905 0.0292889 0.956947 
3.71901e-06 5.12164e-05 0.000172271 0.00066851 0.00452494 0.0224502 0.36123 0.21596 0.375162 0.0197773 
2.62466e-11 3.79333e-10 2.11389e-09 5.62576e-09 3.17975e-08 1.42984e-07 1.14716e-05 0.000104629 0.000429987 0.999454 
