2977
4.29967e-07 1.30548e-05 0.000103006 0.000162074 0.00181834 0.00360463 0.00956144 0.025465 0.883646 0.0756261 
2.75178e-07 8.04005e-06 1.99895e-05 0.000115066 0.000390267 0.00132007 0.00436321 0.0156167 0.0325261 0.94564 
2.52628e-05 0.00129324 0.0015955 0.00555307 0.0130606 0.0392828 0.0703983 0.118134 0.146877 0.603781 
5.95013e-06 0.000333841 0.000306626 0.00189237 0.00741393 0.0260848 0.598793 0.137754 0.132602 0.0948127 
1.41454e-05 0.000849931 0.000551323 0.00277713 0.00726068 0.02726 0.0531178 0.0972085 0.711928 0.0990322 
7.48144e-15 1.554e-13 6.18397e-12 5.40782e-11 2.3823e-09 4.32831e-08 4.63522e-07 2.62465e-05 8.17775e-05 0.999891 
3.30065e-05 0.000900801 0.00179222 0.00553651 0.0193011 0.0551147 0.403346 0.4116 0.0619826 0.0403935 
1.16541e-05 0.000728849 0.000472584 0.00172957 0.00917427 0.470459 0.213523 0.0904873 0.155909 0.0575057 
6.4807e-09 2.24158e-07 4.60548e-07 1.94783e-06 1.75484e-05 2.00464e-05 0.000191624 0.000442909 0.00246224 0.996863 
5.83698e-06 0.000380302 0.000268879 0.0011579 0.00367669 0.0117809 0.0344194 0.0783242 0.750455 0.119531 
9.59691e-08 1.72782e-06 4.52237e-05 6.52363e-05 0.000338581 0.0012919 0.00718082 0.0280837 0.070777 0.892216 
2.18251e-06 6.07258e-05 0.000227178 0.0019742 0.00969744 0.0534812 0.510008 0.258144 0.11172 0.0546847 
1.36344e-07 4.34806e-06 1.20133e-05 0.000188878 0.000181497 0.00121324 0.00256364 0.00656188 0.0145506 0.974724 
3.33384e-05 0.00121939 0.00191304 0.0054805 0.0196456 0.0567911 0.582676 0.149796 0.117861 0.064584 
4.38761e-08 5.99481e-07 2.01134e-05 2.59705e-05 0.000183484 0.000396584 0.00372787 0.0163416 0.915768 0.0635354 
3.15719e-11 1.43987e-09 3.52347e-09 3.47762e-08 3.34661e-07 1.10326e-05 0.000206001 0.00109025 0.00429793 0.994394 
3.87303e-07 1.1395e-05 4.60312e-05 0.000410397 0.00139559 0.00728603 0.0240435 0.0654105 0.828933 0.0724634 
9.88435e-08 3.60567e-06 1.89684e-05 5.3618e-05 0.000313063 0.00160647 0.00732423 0.0323261 0.904717 0.0536364 
2.69187e-32 8.16586e-29 4.47502e-25 2.64471e-21 8.80004e-18 2.76338e-13 3.64507e-09 1.76281e-05 0.000430795 0.999552 
5.00185e-08 1.66549e-06 3.57358e-06 1.55627e-05 0.000185566 0.000225019 0.000974238 0.00192228 0.00396848 0.992704 
2.05133e-07 4.97403e-06 2.72737e-05 6.61475e-05 0.000325289 0.000817054 0.00353874 0.0142844 0.932706 0.0482298 
6.64091e-08 7.93758e-07 3.54859e-05 4.38373e-05 0.000295972 0.000822406 0.00423875 0.464173 0.487776 0.0426138 
1.49226e-07 4.69613e-06 1.00091e-05 3.50271e-05 0.00026429 0.000678417 0.00298807 0.0118269 0.941982 0.0422109 
8.44129e-07 2.02683e-05 5.97321e-05 0.000361196 0.00135132 0.00504162 0.0130119 0.033521 0.067085 0.879547 
1.00304e-07 1.12133e-06 5.83482e-05 6.71158e-05 0.000337762 0.000676509 0.00443156 0.0204865 0.0538949 0.920046 
1.30921e-05 0.000218655 0.000963579 0.00321238 0.0093647 0.0292191 0.052357 0.0694365 0.0917703 0.743445 
2.89909e-06 0.000177733 0.000166852 0.000771601 0.00277666 0.00851185 0.0246775 0.420253 0.45475 0.0879115 
1.85198e-06 0.000104845 0.000110586 0.00072484 0.00210742 0.0053883 0.0151855 0.037172 0.06344 0.875765 
3.04415e-05 0.00148847 0.00160892 0.00556068 0.0134097 0.0324912 0.0642223 0.0941117 0.170735 0.616342 
2.55438e-07 7.29349e-06 2.12833e-05 0.000189442 0.00044814 0.00172474 0.00285067 0.0105501 0.398178 0.58603 
2.18515e-05 0.000590923 0.0012799 0.00422498 0.0134643 0.0888737 0.0959052 0.1363 0.54699 0.112349 
3.14111e-05 0.00129764 0.00199394 0.00727404 0.0181937 0.0538439 0.594145 0.14441 0.113834 0.0649763 
4.71812e-07 6.50398e-06 7.52197e-05 0.000275583 0.00179568 0.00763452 0.0236555 0.0558373 0.829104 0.0816157 
1.43478e-08 1.71712e-07 7.38674e-06 9.45414e-06 0.000121807 0.00022214 0.00239092 0.0105401 0.0318495 0.954858 
2.54446e-05 0.00139973 0.00144091 0.00589482 0.0144568 0.0398199 0.0731904 0.111987 0.652544 0.0992412 
2.50637e-07 9.51511e-06 2.70043e-05 0.000126965 0.00107896 0.00178596 0.00774736 0.0144593 0.0279622 0.946802 
0 0 0 0 0 0 0 0 0 1 
1.41361e-09 2.49702e-08 2.86497e-07 1.07675e-06 6.67493e-05 6.29246e-05 0.00057823 0.0034411 0.00874082 0.987109 
8.40641e-11 8.97442e-10 1.3919e-08 2.67605e-07 2.31003e-06 8.549e-05 0.00178836 0.00863313 0.0261329 0.963358 
4.10486e-05 0.00103529 0.00286715 0.0124765 0.0414807 0.280791 0.483083 0.100746 0.0490938 0.0283853 
4.91216e-10 1.44188e-08 3.22395e-08 1.9074e-07 1.25171e-06 2.15929e-05 0.000285007 0.00149379 0.00360441 0.994594 
1.10877e-05 0.000660377 0.000443391 0.0022476 0.00701052 0.0248647 0.361511 0.110047 0.110952 0.382253 
6.26063e-35 2.13971e-31 1.27807e-27 9.33434e-24 4.84621e-20 6.12182e-16 3.64969e-13 1.00766e-09 3.35799e-06 0.999997 
9.88426e-08 1.6005e-06 3.89858e-05 5.6223e-05 0.000632841 0.00214236 0.0145648 0.861859 0.0591806 0.0615234 
6.30359e-07 1.90748e-05 4.51262e-05 0.000512278 0.000779418 0.00366146 0.00775125 0.0171363 0.0200545 0.95004 
7.907e-12 7.6173e-11 1.64887e-09 2.72196e-08 2.96045e-07 9.20812e-06 0.00017591 0.0016995 0.0059135 0.992202 
5.86996e-09 1.10911e-07 1.63595e-06 3.36521e-06 5.06077e-05 0.000113781 0.000592502 0.000620417 0.00222552 0.996392 
1.76299e-06 9.99496e-05 0.000102182 0.000525294 0.00166902 0.00563748 0.0140698 0.0340962 0.423085 0.520714 
1.92959e-08 2.84995e-07 9.34625e-06 1.35712e-05 0.000408038 0.000713191 0.00576113 0.0281464 0.402762 0.562186 
2.93025e-08 4.81317e-07 1.48996e-05 1.84515e-05 0.000129375 0.000144753 0.000840795 0.0028865 0.00758979 0.988375 
1.31449e-05 0.000660278 0.000606325 0.00284802 0.00831066 0.0291563 0.0544392 0.10378 0.12584 0.674346 
1.925e-05 0.00112153 0.000704342 0.0030167 0.0111387 0.0313939 0.0776599 0.12503 0.677325 0.0725902 
8.24429e-06 0.000393099 0.000655061 0.00276175 0.00607367 0.0165849 0.141397 0.169622 0.0592509 0.603253 
1.2672e-07 2.89717e-06 2.98354e-05 6.04244e-05 0.000572521 0.00300679 0.0197525 0.062358 0.824265 0.0899515 
0.00116753 0.00591232 0.03633 0.522856 0.272278 0.0999883 0.0413422 0.0129814 0.00597914 0.00116538 
2.69726e-07 1.26914e-05 2.48079e-05 0.000205783 0.000376358 0.00227647 0.0645171 0.135715 0.632295 0.164576 
1.43338e-05 0.000944386 0.000508397 0.00212985 0.00755416 0.0263844 0.0802453 0.688164 0.116963 0.0770923 
1.95385e-07 7.3657e-06 4.54843e-05 0.00011166 0.000628506 0.00192104 0.00632189 0.021487 0.0522764 0.9172 
7.84849e-07 4.94939e-05 6.23952e-05 0.000226544 0.00142883 0.00348346 0.00820416 0.0245497 0.0514263 0.910568 
1.43102e-23 5.42932e-20 2.67985e-16 1.4693e-13 2.0677e-10 2.54537e-08 4.06362e-05 9.14558e-05 0.00112938 0.998739 
2.30523e-05 0.00106662 0.000857014 0.00371204 0.0145408 0.0449756 0.613709 0.131241 0.111381 0.0784941 
2.18939e-05 0.00122754 0.000932771 0.00411106 0.012988 0.0361568 0.081351 0.140349 0.617336 0.105526 
1.22975e-12 1.62839e-11 8.02925e-10 9.22055e-09 1.4598e-07 1.44424e-05 0.000411608 0.00216118 0.00716389 0.990249 
2.89886e-05 0.00161694 0.00128036 0.00524216 0.0205546 0.423903 0.127479 0.157233 0.151149 0.111514 
2.65855e-06 9.05288e-05 0.000158096 0.00104957 0.00474609 0.0164448 0.0573546 0.734739 0.109012 0.0764022 
6.22317e-06 0.000425572 0.000231415 0.000823012 0.00268388 0.00883799 0.16857 0.532265 0.240737 0.0454195 
0.000180685 0.00387883 0.013627 0.0421124 0.437453 0.236036 0.113391 0.0853785 0.0427696 0.0251731 
7.57856e-06 0.000363147 0.000303684 0.00095743 0.00359449 0.0103439 0.145168 0.090384 0.677274 0.0716034 
4.33891e-07 1.43996e-05 4.41081e-05 0.00029476 0.00116166 0.00306162 0.00806777 0.0210291 0.176017 0.79031 
3.38017e-05 0.00388294 0.0357347 0.0313512 0.116182 0.181766 0.338336 0.188586 0.0766072 0.0275211 
6.72895e-07 2.13786e-05 0.000112503 0.000766749 0.00182241 0.00509399 0.0159163 0.0391992 0.0850014 0.852065 
0.000672179 0.00599383 0.0218063 0.122559 0.31306 0.145681 0.142435 0.123301 0.0728149 0.0516773 
2.84173e-05 0.00137691 0.00200986 0.00757547 0.0178587 0.0414349 0.083237 0.390127 0.383327 0.0730252 
0.00137469 0.00787495 0.0336428 0.0667247 0.143134 0.462069 0.142447 0.093137 0.0343172 0.0152794 
2.84253e-08 7.14756e-07 7.2822e-06 1.34891e-05 0.000131817 0.000347498 0.000583514 0.00468994 0.0131446 0.981081 
1.03504e-05 0.00070141 0.000353278 0.00167284 0.00458578 0.0147306 0.0378645 0.733343 0.112652 0.0940858 
3.50329e-05 0.000969202 0.00212293 0.00667357 0.0265195 0.515447 0.133733 0.14139 0.105327 0.0677833 
2.77918e-08 4.1411e-07 1.42081e-05 1.70833e-05 6.03156e-05 0.000245248 0.00224279 0.473055 0.290381 0.233984 
0.00012451 0.00255597 0.00615036 0.0172802 0.052015 0.109901 0.157291 0.526032 0.0797736 0.048876 
5.96186e-05 0.00195085 0.00400716 0.0172584 0.0488229 0.483106 0.159238 0.140264 0.085886 0.0594079 
0.000176028 0.00393412 0.009512 0.024806 0.0714021 0.145025 0.181688 0.456093 0.0680829 0.0392808 
2.25776e-08 7.78036e-07 2.40114e-06 5.35763e-06 5.37882e-05 0.000129423 0.000984102 0.00158915 0.00451018 0.992725 
1.28379e-08 8.25181e-07 5.54446e-07 1.89893e-06 2.57204e-05 0.000127604 0.00119562 0.00659396 0.0161029 0.975951 
3.86526e-05 0.00164246 0.0023303 0.00901503 0.0274807 0.053312 0.0760507 0.104839 0.087589 0.637702 
8.1027e-13 3.24362e-11 2.05649e-09 1.5553e-08 3.56918e-07 2.82808e-05 0.00107522 0.00645554 0.954269 0.0381715 
7.11408e-09 7.70481e-08 4.17502e-06 5.62181e-06 0.000122838 0.000919293 0.00719066 0.0289152 0.926157 0.0366856 
6.91772e-06 0.000411432 0.000339065 0.0016349 0.0058083 0.0226933 0.0612256 0.62756 0.155947 0.124373 
1.65675e-07 1.03055e-05 1.61836e-05 2.41676e-05 0.000157284 0.000954968 0.263871 0.177441 0.364664 0.192862 
2.30257e-06 0.000108829 0.000139684 0.00101517 0.00252797 0.00759416 0.015885 0.0358705 0.859382 0.0774739 
5.49604e-07 1.92629e-05 5.37362e-05 0.000260024 0.0010334 0.00334468 0.0081521 0.0168455 0.0238512 0.94644 
3.27654e-05 0.00118462 0.00274602 0.00996207 0.0298528 0.0512823 0.0701299 0.0919134 0.0795281 0.663368 
1.18292e-05 0.000724683 0.000467136 0.00210943 0.00662806 0.0205786 0.0424672 0.0833057 0.729997 0.11371 
1.39139e-05 0.000826326 0.000788492 0.00395634 0.00745287 0.0205973 0.0499027 0.718302 0.103612 0.0945481 
0.000292797 0.00325282 0.0187206 0.321407 0.263206 0.158091 0.0990442 0.098374 0.0252162 0.0123964 
7.37845e-13 1.24685e-11 1.07262e-10 1.46837e-09 4.2335e-08 5.81569e-07 3.60674e-05 0.000121408 0.000257331 0.999585 
0.000307866 0.00339294 0.0246299 0.1895 0.423545 0.232398 0.0898431 0.0216878 0.00875186 0.00594327 
6.01194e-06 0.000332286 0.00030195 0.00159686 0.00473163 0.148997 0.422418 0.162928 0.0846718 0.174017 
2.78548e-05 0.00130681 0.00140651 0.0057837 0.0153761 0.0462128 0.0855841 0.127972 0.616897 0.0994337 
3.5086e-08 3.79658e-07 2.06173e-05 2.40724e-05 0.000268581 0.000290909 0.00119478 0.00610838 0.0207756 0.971317 
4.20062e-10 9.3231e-09 2.28764e-08 6.37018e-08 9.60001e-08 3.16063e-07 3.19091e-06 4.53411e-05 7.9937e-05 0.999871 
4.92973e-08 5.34427e-07 2.87032e-05 3.39683e-05 0.000379883 0.000485543 0.00297823 0.0126632 0.0389958 0.944434 
8.43289e-05 0.000746656 0.00344371 0.0707949 0.0257908 0.0689171 0.646777 0.0754141 0.080304 0.0277269 
1.36994e-05 0.000771776 0.000729407 0.00323467 0.00863847 0.0265633 0.0672043 0.385869 0.405831 0.101144 
1.11564e-08 4.20066e-07 1.26411e-06 5.00203e-06 6.43715e-05 0.000173797 0.000953769 0.00370558 0.00947043 0.985625 
2.15931e-08 1.03753e-06 1.28466e-06 3.76349e-06 2.26698e-05 0.00011288 0.000317188 0.00172721 0.00435288 0.993461 
1.4411e-06 3.02246e-05 8.47432e-05 0.000421993 0.00251493 0.00941929 0.114004 0.590372 0.250473 0.0326779 
4.15863e-06 0.000288857 0.000162775 0.000644169 0.00219889 0.00747983 0.0222405 0.620982 0.278931 0.0670685 
8.72596e-16 1.46172e-13 1.21184e-11 8.58346e-11 5.54955e-09 2.20141e-06 0.000150789 0.00185392 0.00627101 0.991722 
3.26917e-06 6.84497e-05 0.000188446 0.00182357 0.0054208 0.0212567 0.046625 0.695345 0.123872 0.105396 
1.52723e-05 0.000723047 0.000644024 0.00230588 0.0080693 0.02489 0.0643392 0.676258 0.127721 0.0950342 
7.01434e-06 0.000436114 0.000289532 0.00126937 0.00472352 0.0169863 0.398458 0.0702856 0.432095 0.0754494 
6.96072e-06 0.00032325 0.000319557 0.00168257 0.0046559 0.0150533 0.0316235 0.0562749 0.631927 0.258134 
1.71609e-07 1.18242e-05 8.0577e-06 2.06344e-05 0.000114056 0.000382089 0.00164205 0.00522645 0.127424 0.86517 
6.14427e-07 2.61294e-05 2.7338e-05 0.000162089 0.000656968 0.00221877 0.00614651 0.488179 0.317601 0.184981 
2.80859e-06 7.73723e-05 0.000196093 0.00152226 0.00583619 0.0200177 0.0540627 0.734528 0.108507 0.0752494 
1.11745e-10 1.48095e-09 2.15401e-08 1.41295e-07 1.17966e-06 5.03374e-05 0.000977796 0.00508517 0.963574 0.0303111 
4.15528e-09 1.26125e-07 1.14743e-06 2.08226e-06 0.00011908 0.000168905 0.00130744 0.00737634 0.0225332 0.968492 
1.43499e-05 0.000850519 0.000877958 0.00282207 0.00611206 0.0174682 0.63042 0.183379 0.0905937 0.0674622 
1.18873e-05 0.00078419 0.000446946 0.00229565 0.00532246 0.0186167 0.0460422 0.0948874 0.727264 0.104329 
1.02084e-13 7.28624e-12 3.32915e-10 2.74628e-09 1.18995e-07 2.30198e-06 0.000555192 0.00148664 0.00720958 0.990746 
3.80214e-05 0.000709214 0.00224112 0.00762966 0.0302304 0.0882249 0.585824 0.145087 0.0924036 0.0476122 
1.68134e-06 4.06449e-05 0.00010607 0.00101458 0.00237184 0.00923383 0.0192651 0.0477262 0.834121 0.0861187 
6.48694e-06 0.00031709 0.000285005 0.00147319 0.00487394 0.0163782 0.119346 0.0495911 0.750866 0.0568623 
1.82617e-06 4.95601e-05 0.00012878 0.00107218 0.0031387 0.0112104 0.0298582 0.073817 0.797513 0.0832105 
0 0 0 0 0 0 0 0 0 1 
1.22156e-05 0.00080217 0.000443521 0.00205155 0.00647804 0.0198633 0.489619 0.0906852 0.290561 0.0994837 
1.12139e-05 0.000723478 0.0004611 0.00205593 0.00712928 0.0228159 0.066836 0.123359 0.66665 0.109958 
1.36179e-06 2.69543e-05 0.000137523 0.000878175 0.00310855 0.0100202 0.0263308 0.0679046 0.791508 0.100084 
1.28848e-11 1.3202e-10 1.5762e-09 3.0886e-08 2.30454e-07 1.22469e-05 0.000135206 0.00106243 0.00403201 0.994758 
7.16414e-06 0.00036165 0.000305824 0.00215379 0.00481383 0.0407357 0.0444074 0.198013 0.224165 0.485036 
5.69059e-09 1.21774e-07 2.04621e-06 2.97826e-06 1.06272e-05 5.10265e-05 0.000955836 0.00349398 0.0120409 0.983443 
2.42657e-09 2.62799e-08 1.4269e-06 1.74306e-06 7.89109e-05 5.01632e-05 5.83896e-05 0.00222364 0.993994 0.00359137 
5.76628e-06 0.000237556 0.000272188 0.00183816 0.00461824 0.0215783 0.046532 0.680773 0.137757 0.106388 
1.84595e-07 1.99952e-06 4.0716e-05 0.000128821 0.00110618 0.00444868 0.0151745 0.0422861 0.865348 0.0714649 
2.98893e-08 1.52632e-06 1.52486e-06 4.889e-06 2.97665e-05 0.00065131 0.00152845 0.00521427 0.976275 0.0162932 
1.46109e-06 8.17485e-05 0.000103533 0.000562309 0.00170618 0.00596319 0.0163493 0.186016 0.212835 0.576381 
4.20172e-06 0.000285393 0.00018477 0.000840314 0.002357 0.00634073 0.0158024 0.0422201 0.0684998 0.863465 
4.93615e-06 0.000260029 0.000393803 0.00197274 0.005413 0.0134603 0.0249621 0.0523849 0.0927558 0.808392 
1.34704e-05 0.000585752 0.000786779 0.00316999 0.0120376 0.0959653 0.085376 0.43595 0.319512 0.0466032 
5.94196e-05 0.00299714 0.00331316 0.0119096 0.0384457 0.0720944 0.116789 0.15363 0.524373 0.0763886 
5.15416e-08 1.76865e-06 2.91895e-06 1.42618e-05 0.000224596 0.000352587 0.00109465 0.00364176 0.00878671 0.985881 
6.21122e-08 6.74375e-07 3.62917e-05 4.2041e-05 0.000421139 0.000440236 0.00196284 0.00759486 0.0235458 0.965956 
3.32156e-05 0.00108862 0.00219667 0.0101731 0.0296958 0.0651063 0.0994972 0.481368 0.249176 0.0616654 
2.44064e-06 3.85978e-05 0.000123695 0.00130218 0.00354782 0.0145317 0.0236951 0.0628466 0.0906165 0.803295 
4.55092e-07 2.3599e-05 4.31773e-05 0.000232878 0.000841867 0.00251108 0.0089128 0.159066 0.792377 0.0359911 
2.25596e-07 7.07407e-06 2.78247e-05 0.000267242 0.000484426 0.00194215 0.00488158 0.0137756 0.400774 0.57784 
2.22782e-05 0.00077594 0.00153442 0.00463037 0.0115356 0.031785 0.0554645 0.0774747 0.102585 0.714192 
4.35025e-05 0.000849511 0.00548738 0.0159402 0.0494518 0.103005 0.135476 0.550049 0.0892216 0.050477 
1.63869e-05 0.00100758 0.000630659 0.00244056 0.00804389 0.0245071 0.0550579 0.0993238 0.130203 0.678769 
2.45191e-06 8.2335e-05 0.00013583 0.000450063 0.00181817 0.0487136 0.0801447 0.573995 0.215438 0.0792198 
1.02548e-05 0.000738643 0.00035593 0.00076778 0.00346389 0.00977119 0.0282336 0.0633531 0.825683 0.0676224 
2.8913e-06 0.000160544 0.000166484 0.000805857 0.00241663 0.00951912 0.0248359 0.0621613 0.783993 0.115939 
9.38941e-10 3.34194e-08 1.41562e-07 9.58808e-07 7.87458e-05 2.87404e-05 0.000195541 0.00175357 0.00526383 0.992678 
4.40299e-09 6.89237e-08 9.61659e-07 3.30973e-06 0.000143469 0.000140864 0.00117092 0.00452892 0.0121583 0.981853 
6.64861e-12 1.33925e-10 4.67274e-09 5.9727e-08 6.8864e-07 3.02612e-05 0.00077197 0.00246118 0.00785416 0.988882 
3.01217e-08 4.1871e-07 1.37201e-05 1.89603e-05 0.000225578 0.00160717 0.00902344 0.901499 0.0520058 0.0356056 
5.8172e-11 4.69207e-10 3.6289e-09 3.40156e-08 3.0017e-07 1.16965e-05 0.000627352 0.00248901 0.00807988 0.988792 
1.0465e-05 0.00056837 0.000528041 0.00233598 0.0065221 0.0687429 0.0416256 0.441631 0.380884 0.0571514 
7.54768e-08 3.00222e-06 6.02085e-06 2.0895e-05 0.00024478 0.000492614 0.00236217 0.00820655 0.966945 0.0217186 
5.98729e-08 6.80578e-07 3.48717e-05 6.82613e-05 0.000669524 0.00423543 0.287013 0.314857 0.027533 0.365588 
4.04905e-05 0.000829076 0.00729721 0.0165548 0.0396267 0.0633905 0.0746589 0.682256 0.0756324 0.0397144 
2.7957e-05 0.000891817 0.00187052 0.0210829 0.248009 0.0928235 0.371218 0.102063 0.0934475 0.0685652 
1.25907e-05 0.000385849 0.000830732 0.00334043 0.0176994 0.0588006 0.605443 0.121596 0.107628 0.0842637 
2.70125e-07 1.00079e-05 1.91968e-05 0.000175902 0.000510496 0.0019121 0.00524593 0.0128273 0.0214212 0.957878 
4.20927e-17 6.97133e-15 1.51e-12 1.47128e-11 1.42638e-09 1.55962e-06 7.38562e-05 0.00133619 0.00487554 0.993713 
1.07215e-09 1.20455e-08 5.80613e-07 8.24019e-07 5.00283e-05 4.15298e-05 0.000475784 0.00210131 0.00653058 0.990799 
1.27614e-05 0.000830547 0.000513112 0.00217549 0.00690338 0.0229485 0.667059 0.11094 0.109868 0.078749 
5.31351e-06 0.000328291 0.000195786 0.00089719 0.00253353 0.00934814 0.02122 0.275988 0.643148 0.0463352 
4.69738e-07 1.53122e-05 3.85409e-05 0.00028228 0.00113836 0.00297905 0.0087501 0.0231262 0.0408782 0.922791 
5.00432e-06 0.000296448 0.000277722 0.00147523 0.00435122 0.0161563 0.040716 0.0884165 0.73575 0.112556 
6.62879e-05 0.00167377 0.00450663 0.0170695 0.0534286 0.114638 0.153233 0.546243 0.0667826 0.0423592 
2.2134e-06 3.99875e-05 0.000146072 0.00104921 0.00327717 0.0107716 0.0203262 0.0469439 0.0868167 0.830627 
2.76358e-06 4.56767e-05 0.000183186 0.00147035 0.00509759 0.0198656 0.0462509 0.731533 0.108293 0.0872572 
3.51225e-06 9.70678e-05 0.000241771 0.00170525 0.00591993 0.0212148 0.0447636 0.663493 0.137081 0.12548 
1.2738e-14 9.12437e-13 3.44669e-11 2.90372e-10 1.21864e-08 2.71167e-07 1.4282e-05 0.000178761 0.00142795 0.998379 
2.40174e-07 8.23959e-06 1.82613e-05 0.000223556 0.000441652 0.00178974 0.00521561 0.0112234 0.0219672 0.959112 
1.4489e-05 0.000828692 0.000749204 0.00296875 0.00925473 0.030012 0.0796586 0.6349 0.144411 0.0972025 
5.64569e-08 7.98434e-07 2.79886e-05 3.52258e-05 0.00027918 0.000514546 0.00236611 0.0120078 0.0310099 0.953758 
1.33468e-05 0.00068493 0.000518733 0.00219094 0.00801553 0.0341354 0.321728 0.21722 0.357131 0.0583634 
0.000218494 0.00350494 0.0158572 0.0305501 0.188206 0.473951 0.12616 0.10249 0.0395456 0.0195165 
2.5985e-07 5.90655e-06 1.63683e-05 0.000124045 0.000365206 0.00107469 0.00191702 0.00448694 0.00554073 0.986469 
1.24864e-12 2.54152e-11 4.96428e-10 5.67413e-09 1.9063e-07 1.61516e-05 0.000436587 0.00180665 0.0069698 0.990771 
1.68134e-08 2.18487e-07 6.6087e-06 1.14223e-05 0.000155768 0.00226488 0.0115463 0.0366853 0.926272 0.0230573 
1.22982e-05 0.000713901 0.000503006 0.00239912 0.00667555 0.0277448 0.0506514 0.652486 0.141655 0.117159 
0.00663044 0.108192 0.223563 0.0926394 0.155162 0.122532 0.25434 0.0240386 0.00884622 0.00405704 
4.35677e-05 0.00101427 0.0027949 0.0123602 0.0334742 0.0770875 0.115145 0.424684 0.274549 0.0588466 
3.52044e-08 5.37721e-07 1.52018e-05 2.16199e-05 0.000309806 0.000394417 0.00407304 0.0160419 0.0436715 0.935472 
2.1129e-06 0.000124021 0.000184261 0.000767582 0.00280438 0.00852237 0.0219383 0.0637217 0.767369 0.134566 
4.19622e-08 6.40632e-07 1.63086e-05 2.40439e-05 0.000303526 0.000430798 0.00208887 0.0108512 0.943954 0.0423306 
2.35714e-05 0.000893206 0.00165986 0.00993317 0.519743 0.0741506 0.0958983 0.104061 0.10913 0.0845067 
2.24812e-07 6.61546e-06 3.61109e-05 0.000122033 0.000792064 0.00161066 0.00753264 0.0233291 0.0527175 0.913853 
0.000166397 0.00202159 0.0194549 0.392915 0.186971 0.0916908 0.145773 0.115001 0.0277143 0.0182921 
4.44738e-05 0.00158589 0.00310534 0.0139891 0.0401755 0.085298 0.132266 0.593535 0.0842434 0.0457576 
2.6681e-05 0.000928303 0.00140686 0.00601754 0.0201531 0.0616648 0.1156 0.585756 0.121345 0.0871025 
3.22829e-05 0.000899803 0.0018957 0.00667952 0.0238587 0.0618998 0.121907 0.577832 0.123429 0.0815657 
9.49692e-08 2.86191e-06 1.1197e-05 2.63978e-05 0.000270799 0.00124387 0.00425518 0.0172262 0.0328018 0.944162 
1.06407e-07 1.18831e-06 5.93289e-05 7.40001e-05 0.000760147 0.0012467 0.00657077 0.0260775 0.871655 0.0935551 
7.89232e-08 9.28317e-07 4.38677e-05 5.34164e-05 0.000326005 0.000520412 0.00438525 0.0171846 0.0453275 0.932158 
4.79625e-06 0.000127303 0.000240753 0.00231042 0.00692269 0.0273935 0.0700103 0.660266 0.126653 0.106071 
6.24343e-10 1.18942e-08 4.17345e-08 2.42366e-07 1.38685e-06 3.31961e-06 8.44655e-06 3.32607e-05 0.000322831 0.99963 
7.34619e-06 0.000524047 0.000293726 0.000677572 0.00326418 0.00856611 0.0210546 0.0512328 0.0892327 0.825147 
9.35775e-09 1.04628e-07 5.34839e-06 6.47025e-06 4.97736e-05 0.000155285 0.00206182 0.01009 0.727154 0.260477 
1.88472e-15 2.92334e-13 2.98899e-11 3.41642e-10 1.7357e-08 3.70943e-06 0.000122806 0.00170994 0.00545631 0.992707 
0.00293798 0.0196339 0.0781374 0.174473 0.506645 0.130415 0.0551097 0.0229712 0.00730129 0.00237574 
1.5128e-18 2.7521e-17 1.14662e-15 1.01807e-14 4.47479e-13 8.63316e-12 8.92264e-11 1.06124e-08 5.29938e-05 0.999947 
1.22057e-07 4.3444e-06 6.50946e-06 2.65859e-05 0.000312093 0.00073107 0.00219114 0.00598483 0.00871194 0.982031 
0.000155451 0.00156524 0.0758216 0.0708691 0.165079 0.195152 0.190872 0.13795 0.127137 0.0353984 
7.31607e-07 1.84619e-05 0.000139917 0.00076197 0.00921959 0.647405 0.0566826 0.0972805 0.0996254 0.0888658 
2.73883e-07 7.93378e-06 1.8466e-05 7.45228e-05 0.000388994 0.00115212 0.0051588 0.0194202 0.912884 0.0608946 
6.86679e-05 0.00105833 0.00230116 0.00350968 0.0171612 0.0294499 0.0974108 0.384661 0.276066 0.188313 
8.69371e-07 2.56237e-05 8.35432e-05 0.000531661 0.00169695 0.00686266 0.0209314 0.0550397 0.0978725 0.816955 
4.53158e-05 0.0012454 0.00371786 0.0158458 0.0443192 0.0882292 0.109554 0.115624 0.0817036 0.539716 
8.17729e-06 0.000591358 0.000295198 0.000634964 0.00215966 0.00453776 0.0134426 0.026367 0.0436339 0.908329 
3.71322e-05 0.001576 0.00175196 0.00695718 0.0265213 0.0554628 0.392131 0.201518 0.275456 0.038589 
1.28938e-06 8.72383e-05 5.23624e-05 0.000346111 0.000843484 0.00202547 0.00471344 0.0125525 0.14579 0.833588 
1.24059e-10 6.89691e-09 6.09088e-09 2.71916e-08 4.46693e-07 1.21218e-06 4.20278e-06 1.48999e-05 2.84549e-05 0.999951 
3.95756e-09 2.46067e-07 1.87535e-07 7.51363e-07 3.23875e-06 0.000109997 0.00147356 0.00605522 0.213228 0.779128 
5.39963e-06 0.000261756 0.000239815 0.00161984 0.00443723 0.0159968 0.0244648 0.0577745 0.106966 0.788234 
0.000187376 0.00364284 0.0165986 0.0406854 0.111434 0.484616 0.150864 0.122733 0.0467949 0.0224442 
2.29656e-05 0.000752495 0.00201769 0.00748648 0.0172746 0.0449185 0.0808167 0.107944 0.112705 0.626062 
8.03792e-12 1.56476e-10 5.48537e-09 6.30097e-08 7.01574e-07 3.01987e-05 0.000473647 0.00297899 0.00902737 0.987489 
5.81834e-08 6.37864e-07 3.31084e-05 3.89068e-05 0.000504563 0.000513423 0.00323047 0.0139336 0.0400306 0.941715 
7.34644e-08 7.90476e-07 4.39962e-05 5.05788e-05 0.000493577 0.000495806 0.00225593 0.00785448 0.0249913 0.963813 
2.45355e-05 0.00086346 0.00235896 0.00952133 0.0219151 0.0459328 0.630182 0.123909 0.100027 0.065266 
1.34551e-05 0.000433394 0.00071007 0.00240184 0.00766561 0.0231386 0.448072 0.29941 0.117163 0.100991 
0.000308131 0.00353429 0.0144344 0.0392421 0.195406 0.385788 0.221818 0.0849919 0.0337789 0.0206984 
0.0105237 0.0448761 0.137369 0.539813 0.15787 0.0711395 0.0265243 0.00806594 0.00271639 0.00110219 
1.77205e-05 0.000440265 0.00139384 0.00606104 0.0206468 0.347978 0.183246 0.0896259 0.0709561 0.279634 
4.6255e-05 0.00141961 0.00309745 0.013325 0.0480314 0.106862 0.561219 0.145144 0.078623 0.0422326 
2.97446e-05 0.00138367 0.00140318 0.00556309 0.013444 0.0389674 0.0663269 0.134578 0.466525 0.271778 
0.000390396 0.00331974 0.0122756 0.0464492 0.533701 0.113034 0.11715 0.100736 0.0460591 0.0268848 
7.25696e-05 0.00146529 0.00943358 0.0283998 0.0660232 0.0999913 0.39051 0.309006 0.0663117 0.028787 
1.5407e-05 0.000527467 0.000707242 0.003247 0.00983665 0.0374771 0.0764341 0.123296 0.146526 0.601933 
7.42496e-15 7.5989e-13 4.48808e-11 3.03568e-10 1.40421e-08 4.39893e-07 9.80974e-05 0.00023847 0.000892973 0.99877 
6.774e-08 7.42763e-07 3.82803e-05 5.11284e-05 0.000349303 0.000515523 0.00311718 0.0122891 0.0371029 0.946536 
0.000238018 0.00241338 0.0149361 0.0439828 0.0943881 0.492558 0.290159 0.0448867 0.01282 0.00361798 
5.19967e-11 6.99374e-10 1.02289e-08 1.67185e-07 2.8897e-06 9.41833e-05 0.000923207 0.00642501 0.766884 0.22567 
9.46611e-07 2.90376e-05 7.93389e-05 0.0006792 0.00179637 0.00625086 0.0135962 0.0406289 0.0652393 0.8717 
5.98537e-06 0.000421777 0.000248721 0.000663623 0.00194644 0.00478537 0.01006 0.0302706 0.875658 0.0759391 
2.84416e-09 1.40552e-07 1.52392e-07 6.0017e-07 2.36927e-06 1.7565e-05 0.00014557 0.000310041 0.00181414 0.997709 
1.58873e-05 0.000678317 0.000643203 0.00295063 0.00825804 0.0303189 0.0581507 0.105718 0.124234 0.669032 
3.83357e-06 0.000221009 0.00020971 0.000896012 0.00213301 0.00940638 0.0280306 0.745917 0.109336 0.103846 
1.29419e-05 0.000506992 0.000539112 0.00255899 0.00854261 0.0227633 0.0453136 0.0862716 0.718856 0.114634 
3.02707e-05 0.00134399 0.00178763 0.00568058 0.0206569 0.498177 0.121529 0.143644 0.120276 0.0868754 
2.0016e-09 8.98397e-08 9.76827e-08 3.28587e-07 9.57741e-07 3.86356e-06 1.63351e-05 0.000182619 0.0006156 0.99918 
1.2566e-07 1.40113e-06 6.88328e-05 8.90597e-05 0.000999735 0.0010938 0.00584721 0.0211658 0.0555861 0.915148 
7.66745e-08 8.47764e-07 4.47124e-05 5.21634e-05 0.00019257 0.000685076 0.00528651 0.0241017 0.912334 0.0573025 
1.50602e-06 7.24387e-05 0.000132561 0.0004896 0.00213552 0.00809375 0.696819 0.0718924 0.118435 0.101928 
0.000272118 0.00508531 0.0201615 0.0378019 0.0803477 0.12116 0.536097 0.117541 0.0543054 0.0272288 
1.79134e-14 2.45618e-12 3.18014e-10 1.9737e-09 2.81241e-08 6.24693e-06 8.2407e-05 0.00102693 0.00358941 0.995295 
6.86363e-14 9.85553e-12 1.20233e-09 8.09825e-09 1.30067e-07 2.77758e-05 0.000280169 0.00196839 0.0072458 0.990478 
1.34001e-16 2.22754e-14 4.19405e-12 4.38389e-11 3.31944e-09 1.78975e-06 6.53839e-05 0.00124911 0.00381585 0.994868 
4.60627e-07 1.4767e-05 5.42633e-05 0.000425268 0.000862434 0.00358848 0.00813814 0.0230907 0.915147 0.0486788 
1.03279e-05 0.000655377 0.000362237 0.00151093 0.00426239 0.0105944 0.0221075 0.0378109 0.0436908 0.878995 
8.56231e-06 0.000295486 0.00117994 0.00509439 0.0217636 0.335133 0.0769332 0.0916956 0.0991022 0.368794 
0 0 0 0 0 0 0 0 0 1 
2.24992e-05 0.00109384 0.00120941 0.0127147 0.048486 0.446146 0.107232 0.141385 0.139836 0.101875 
1.27036e-07 2.11438e-06 4.22408e-05 9.80766e-05 0.00101568 0.0038986 0.0134278 0.893781 0.0510575 0.0366768 
0.000313597 0.00431342 0.0182154 0.0620657 0.414915 0.163338 0.140092 0.0994399 0.0546074 0.0426999 
1.7368e-12 4.73914e-11 1.84906e-09 1.81455e-08 4.31577e-07 3.40857e-05 0.00104785 0.00586863 0.0190363 0.974013 
3.1399e-07 9.42302e-06 1.91539e-05 0.000111347 0.00053935 0.00147523 0.00641926 0.0197013 0.903793 0.0679318 
2.90697e-06 9.09071e-05 0.000195535 0.000856771 0.00691287 0.0805501 0.0509186 0.184492 0.470899 0.205082 
2.26498e-06 0.000129064 0.000176354 0.000744328 0.00210884 0.00643154 0.0144716 0.0369365 0.0658555 0.873144 
0.000741793 0.00841299 0.255773 0.0883218 0.166328 0.175837 0.133983 0.109858 0.0401313 0.0206133 
4.75651e-16 7.96309e-14 1.33492e-11 7.01369e-11 3.4517e-09 2.29223e-06 0.000109573 0.00249874 0.0072048 0.990185 
9.44268e-08 1.53218e-06 4.63214e-05 6.12761e-05 0.000529106 0.000749759 0.00442398 0.0156996 0.0428576 0.935631 
5.54806e-06 8.19537e-05 0.000374353 0.0024708 0.0107481 0.0386453 0.630159 0.130681 0.11116 0.0756735 
2.72029e-06 0.000110493 0.00016121 0.00159523 0.00428462 0.017452 0.0502751 0.613756 0.120788 0.191575 
1.45451e-07 4.29303e-06 3.79979e-05 9.43543e-05 0.000970606 0.00177657 0.00730518 0.0281761 0.0639392 0.897696 
0.000148554 0.00263357 0.00936406 0.306777 0.173561 0.160627 0.169981 0.091491 0.0528167 0.0326007 
7.7012e-07 2.12805e-05 6.65095e-05 0.000300957 0.00131217 0.00377658 0.0123379 0.0383239 0.85141 0.0924495 
1.32114e-07 3.32126e-06 5.07096e-05 6.48812e-05 0.000656209 0.00151267 0.00541269 0.0178363 0.0479969 0.926466 
1.1587e-05 0.0005007 0.000758073 0.00354786 0.00736229 0.0142416 0.0256374 0.0441185 0.0527676 0.851054 
3.80151e-07 1.16298e-05 5.64288e-05 0.000417335 0.000988088 0.00347832 0.00817907 0.022096 0.0475298 0.917243 
0 0 0 0 0 0 0 0 0 1 
1.34992e-05 0.000781683 0.000528134 0.00295109 0.0103214 0.0285783 0.0760633 0.12502 0.681645 0.0740977 
1.62242e-05 0.000826874 0.000665356 0.0027885 0.00906109 0.0279375 0.059861 0.460524 0.38122 0.0570994 
0.000175621 0.0441131 0.00906391 0.0123594 0.0250671 0.0349897 0.0837472 0.26285 0.2348 0.292835 
1.19906e-06 5.8301e-05 8.31824e-05 0.000686212 0.00172659 0.0058514 0.013702 0.0310154 0.0456273 0.901248 
1.05607e-11 2.52152e-10 2.32493e-09 7.2862e-09 1.07976e-07 2.10497e-06 5.89758e-05 0.000242065 0.00233917 0.997358 
3.04957e-06 0.000155438 0.000127259 0.000638603 0.00229522 0.00939171 0.0948837 0.174246 0.677258 0.0410011 
1.28432e-13 1.77041e-11 2.23998e-09 1.37185e-08 2.08698e-07 3.68731e-05 0.000264087 0.00188935 0.00592119 0.991888 
5.29189e-05 0.00095569 0.00486583 0.0157479 0.0479199 0.105683 0.576121 0.124897 0.075023 0.0487345 
4.42889e-05 0.000669945 0.00291099 0.011777 0.0433492 0.515552 0.13246 0.126197 0.098206 0.0688338 
2.90547e-05 0.00110514 0.00221287 0.00779458 0.0215781 0.29528 0.325097 0.141869 0.121923 0.0831123 
6.25111e-07 1.66547e-05 7.79766e-05 0.000394074 0.0015029 0.00504608 0.0164765 0.805832 0.0945844 0.0760686 
1.70913e-07 5.46246e-06 9.49362e-06 3.78895e-05 0.000237889 0.000779823 0.00450065 0.0186322 0.936571 0.0392255 
1.90246e-08 8.82225e-07 1.80037e-06 9.87253e-06 6.84174e-05 0.000925403 0.00991036 0.888973 0.0497757 0.0503342 
0.000240385 0.00377108 0.0180365 0.035867 0.0914462 0.137263 0.14414 0.493379 0.0511477 0.0247095 
1.41634e-07 3.23654e-06 4.07692e-05 7.27216e-05 0.000927691 0.00167009 0.00591924 0.0198421 0.045798 0.925726 
1.3986e-05 0.000401239 0.00122912 0.00767383 0.122947 0.354519 0.115019 0.157247 0.188931 0.052018 
4.55771e-05 0.00108877 0.00457025 0.0172746 0.0483928 0.0976745 0.131977 0.536459 0.100101 0.0624161 
4.81311e-07 1.26395e-05 8.04833e-05 0.000217426 0.0010541 0.00354579 0.0122824 0.83802 0.0791911 0.0655957 
2.14852e-06 0.00013119 0.000140738 0.000609069 0.00233317 0.00850248 0.653966 0.0755829 0.122584 0.136149 
3.73246e-05 0.00123041 0.00302677 0.0145971 0.0416886 0.0889191 0.555945 0.145839 0.092849 0.0558682 
1.44414e-05 0.000701314 0.00129977 0.00479908 0.0110801 0.0270341 0.0636232 0.118885 0.653879 0.118684 
2.01309e-05 0.0012779 0.000733327 0.00288181 0.00976479 0.0296369 0.0655136 0.108831 0.699529 0.0818112 
1.91372e-06 8.51609e-05 0.000130489 0.000670137 0.00272848 0.00906148 0.0184244 0.0441299 0.585972 0.338796 
4.76821e-07 1.34324e-05 5.16372e-05 0.00050639 0.00135824 0.00436997 0.00969783 0.0284327 0.0544495 0.90112 
3.23968e-06 0.000226997 0.000128932 0.000192043 0.00129308 0.00265207 0.0130834 0.84044 0.0689163 0.0730638 
5.92727e-05 0.00246804 0.00394612 0.0154434 0.0436759 0.0840418 0.126751 0.136292 0.525505 0.0618181 
2.92094e-07 9.66933e-06 2.20719e-05 0.000247412 0.000444041 0.00198185 0.00442148 0.00990953 0.0136851 0.969279 
6.50903e-06 0.000106256 0.000321104 0.00165222 0.00985306 0.0523974 0.103906 0.28133 0.457098 0.0933299 
2.09065e-05 0.00070642 0.00106551 0.00481604 0.016698 0.0514193 0.0980006 0.6243 0.121847 0.0811267 
0.000131331 0.00234842 0.00915384 0.135003 0.448396 0.123138 0.126945 0.0915349 0.0396262 0.0237233 
4.84349e-05 0.00173214 0.00326439 0.0103255 0.0317426 0.0835901 0.154808 0.542028 0.102423 0.070038 
6.29111e-11 7.05445e-10 8.81619e-09 1.72232e-07 3.23441e-05 8.11758e-05 0.00157019 0.00807921 0.951251 0.0389859 
3.28133e-05 0.000961969 0.00242957 0.0112596 0.0335912 0.0800639 0.123378 0.14308 0.539874 0.0653286 
6.271e-40 5.27835e-36 4.87105e-32 1.84297e-26 2.89683e-22 2.7729e-17 5.68604e-13 6.76424e-09 0.000113531 0.999886 
1.07858e-05 0.000471015 0.00073775 0.00334313 0.00805182 0.0264492 0.0667826 0.71637 0.105842 0.0719419 
6.77286e-06 0.000365425 0.000294 0.00177551 0.00942764 0.338489 0.247837 0.224863 0.104328 0.0726144 
4.24066e-07 1.31586e-05 3.51811e-05 0.000395147 0.000789781 0.00391494 0.0133873 0.0348725 0.0655932 0.880998 
7.73327e-05 0.000558622 0.00228347 0.0749036 0.0137702 0.116682 0.146731 0.196242 0.316827 0.131924 
6.95112e-05 0.00100603 0.00474435 0.0160582 0.0463366 0.0899808 0.125029 0.581857 0.088444 0.0464742 
5.49813e-08 1.39772e-06 3.0948e-06 1.31426e-05 6.93355e-05 0.000146387 0.000367699 0.00103811 0.00109862 0.997262 
0.0118827 0.558905 0.219845 0.202052 0.00659624 0.000658205 5.40397e-05 6.74803e-06 3.21555e-07 5.70696e-08 
1.581e-13 5.26005e-12 1.98377e-10 1.61018e-09 6.88437e-08 3.02745e-06 0.000361878 0.00188459 0.495909 0.501842 
3.87302e-07 1.70359e-05 3.74396e-05 0.000202198 0.00087568 0.00227468 0.00709055 0.0526724 0.576768 0.360062 
9.71457e-07 2.72434e-05 9.20211e-05 0.000874016 0.00179182 0.00618745 0.0162736 0.0565097 0.83193 0.086313 
2.23501e-07 8.00376e-06 2.17531e-05 9.56587e-05 0.000521304 0.00170305 0.00962654 0.205117 0.698471 0.0844351 
1.48351e-05 0.00101876 0.000551191 0.00211459 0.00761614 0.0211241 0.0530556 0.111609 0.69515 0.107746 
1.54118e-15 3.45923e-14 1.75512e-12 1.36808e-11 1.03732e-09 9.28899e-07 6.69858e-05 0.000383879 0.994686 0.00486222 
2.49469e-05 0.00135181 0.000921124 0.00391417 0.0132589 0.0414148 0.618941 0.137312 0.111098 0.0717633 
4.30891e-06 0.000286725 0.000191655 0.000717399 0.0022858 0.00739439 0.0179348 0.0400778 0.0630551 0.868052 
1.42095e-05 0.000406575 0.00114229 0.00416545 0.011851 0.0304794 0.0630198 0.196471 0.638949 0.0535009 
1.006e-05 0.000582191 0.000421592 0.00209187 0.00601142 0.019994 0.0388868 0.0834519 0.759456 0.0890941 
2.32724e-07 5.55629e-06 4.13527e-05 0.00015476 0.000804953 0.00224328 0.0101746 0.0345064 0.863354 0.0887146 
1.56224e-05 0.000707027 0.000830132 0.00401101 0.0132983 0.0412661 0.621931 0.127045 0.112593 0.0783025 
5.38446e-05 0.000589893 0.0154711 0.0104664 0.0172723 0.102584 0.222808 0.43676 0.152359 0.0416354 
0.000174213 0.00381189 0.0118027 0.0323966 0.09207 0.44696 0.159122 0.129157 0.0739443 0.0505611 
0.000114685 0.00286318 0.00818665 0.0228339 0.0610184 0.111426 0.14802 0.512678 0.0850283 0.047831 
1.34019e-07 4.31679e-06 2.14354e-05 0.000109185 0.000474252 0.00107734 0.00297947 0.00827131 0.0168028 0.97026 
8.92656e-06 0.000398554 0.000573919 0.0179109 0.00664502 0.0202565 0.16213 0.546879 0.209701 0.0354963 
2.89029e-12 5.82196e-11 1.54784e-09 2.14112e-08 3.09729e-07 8.7709e-06 0.000228277 0.00111361 0.00460367 0.994045 
6.73051e-07 1.74167e-05 0.000105836 0.000331584 0.00193049 0.00625639 0.0238782 0.0696716 0.80556 0.0922482 
1.4129e-06 3.69037e-05 0.000145499 0.0010922 0.00368905 0.019514 0.0618824 0.689495 0.123409 0.100734 
6.96196e-06 0.000379606 0.000301107 0.00146217 0.00614722 0.0206891 0.0463667 0.730777 0.111429 0.0824411 
1.0797e-05 0.000665726 0.00044081 0.00140308 0.00794809 0.0275134 0.0750471 0.717445 0.105286 0.0642404 
1.04552e-06 3.47941e-05 0.000108959 0.000804246 0.00225199 0.00797477 0.0200506 0.056105 0.809643 0.103025 
2.39811e-06 3.41194e-05 0.000217347 0.00144996 0.0029891 0.00911092 0.0132458 0.0269699 0.049019 0.896961 
0.000218132 0.00474183 0.0133225 0.0425618 0.431873 0.157658 0.145179 0.102325 0.0581475 0.0439739 
2.868e-05 0.000963546 0.00172436 0.00765307 0.021162 0.0567594 0.104388 0.14837 0.560655 0.098296 
6.21499e-08 2.8302e-06 4.92429e-06 3.25601e-05 0.000100732 0.000538415 0.00233601 0.00804262 0.016804 0.972138 
0.00251063 0.195897 0.254755 0.104015 0.158791 0.139238 0.0895088 0.0419375 0.00942996 0.00391633 
1.54052e-05 0.000351413 0.000835214 0.00214109 0.00947805 0.03224 0.608651 0.165719 0.0485259 0.132044 
1.35459e-05 0.000917001 0.000488758 0.00219555 0.0058859 0.0174519 0.0394201 0.0844784 0.126262 0.722887 
0.000111606 0.00176048 0.00684625 0.0191559 0.0538483 0.530491 0.150648 0.124362 0.0702496 0.0425269 
2.84977e-08 3.05915e-07 2.62789e-06 3.37199e-05 0.000142977 0.00109016 0.00602659 0.0199151 0.547918 0.42487 
7.14188e-08 1.06474e-06 2.76246e-05 5.76975e-05 0.000612891 0.00203894 0.567731 0.17366 0.229834 0.0260369 
6.41823e-05 0.00122472 0.00663158 0.0189692 0.498232 0.156338 0.118295 0.0984762 0.0601987 0.041571 
4.28015e-07 9.41609e-06 9.17438e-05 0.000437505 0.00201796 0.00654295 0.0215151 0.758295 0.111329 0.0997607 
0.01154 0.0162916 0.346819 0.145235 0.171979 0.277212 0.0248853 0.00426407 0.00124034 0.000533975 
5.75883e-06 0.000228729 0.000305404 0.00142216 0.00562151 0.214019 0.233862 0.28972 0.198266 0.0565495 
3.51605e-05 0.0010691 0.00247678 0.00991997 0.152761 0.321588 0.226788 0.147988 0.106226 0.0311485 
5.57984e-07 3.75704e-05 2.79367e-05 4.71078e-05 0.000353545 0.00174328 0.396498 0.087682 0.488755 0.0248547 
2.15878e-06 5.98461e-05 0.000226395 0.00197623 0.00971281 0.0535255 0.510875 0.258315 0.111204 0.0541028 
1.28449e-13 1.66198e-11 1.83609e-09 1.11243e-08 2.17319e-07 2.81406e-05 0.000969094 0.00522928 0.0145731 0.9792 
4.66834e-07 1.19479e-05 4.74343e-05 0.00044077 0.00159295 0.00679045 0.270857 0.242974 0.431064 0.0462217 
0.000581727 0.00693178 0.0498496 0.538383 0.190923 0.133324 0.0383224 0.0266646 0.0103402 0.0046801 
8.64503e-06 0.000561419 0.000363065 0.00160411 0.00617322 0.0202362 0.049448 0.660625 0.129246 0.131735 
4.72651e-05 0.000564492 0.00395614 0.0192146 0.329695 0.212066 0.26886 0.0810293 0.0492669 0.0353002 
3.60953e-06 0.000170569 0.000196636 0.000967146 0.00235342 0.00899502 0.721271 0.07931 0.0999314 0.0868016 
1.38543e-06 5.11489e-05 0.000135767 0.00130066 0.0251443 0.0784756 0.0269699 0.202323 0.518054 0.147544 
9.53596e-06 0.000347043 0.000443848 0.00238205 0.0094688 0.0282855 0.0712797 0.644289 0.138315 0.10518 
3.61556e-06 7.15632e-05 0.000409467 0.0314753 0.0155659 0.113958 0.0811439 0.542387 0.183194 0.0317903 
3.37427e-07 7.51236e-06 5.6329e-05 0.000207433 0.00135712 0.00344972 0.0124661 0.0312362 0.0567212 0.894498 
4.07673e-05 0.00216391 0.00233206 0.00751167 0.0213245 0.051961 0.643855 0.123563 0.092693 0.0545555 
4.41079e-06 0.000259417 0.000222417 0.00104657 0.00432954 0.016596 0.049225 0.720479 0.117576 0.0902612 
1.86802e-06 3.55533e-05 0.000116908 0.00104303 0.0028373 0.0104666 0.0259151 0.806132 0.0796263 0.073825 
1.39642e-05 0.000941457 0.000503888 0.00192353 0.00769947 0.0223249 0.0664221 0.697625 0.122629 0.0799169 
7.93461e-08 2.77269e-06 4.22163e-06 1.75552e-05 9.31656e-05 0.000372101 0.00184264 0.0090591 0.976322 0.0122859 
5.94427e-05 0.00150061 0.00408709 0.0183131 0.0584829 0.122219 0.158704 0.506719 0.0797441 0.0501703 
5.59235e-07 1.7579e-05 5.32003e-05 0.000477199 0.000830409 0.00377083 0.0101584 0.0290901 0.880366 0.0752358 
3.28399e-14 4.60559e-12 5.50729e-10 3.36603e-09 7.05187e-08 1.14542e-05 0.000174975 0.00223021 0.978277 0.0193067 
1.76697e-07 4.24059e-06 4.14263e-05 6.6171e-05 0.000405146 0.000786194 0.00266389 0.0118558 0.0273279 0.956849 
