9636
3.75689e-07 5.29678e-06 3.03555e-05 0.000407844 0.00315205 0.0179831 0.0740544 0.141594 0.743603 0.0191696 
2.81923e-07 3.63434e-06 3.07123e-05 0.0006172 0.00503904 0.034672 0.744656 0.139169 0.0610188 0.0147929 
2.55676e-07 2.6199e-06 1.95607e-05 0.000431572 0.00199144 0.0123131 0.0625021 0.853782 0.0575006 0.0114569 
1.13844e-10 1.85871e-09 3.36481e-08 1.26877e-07 1.78046e-07 1.21904e-06 3.82557e-05 0.000125028 0.00196574 0.997869 
3.68987e-07 6.03283e-06 0.000112443 0.00040284 0.000148054 0.000312427 0.00325879 0.0148556 0.883029 0.0978749 
3.64268e-08 5.95627e-07 1.11042e-05 3.97774e-05 1.30564e-05 9.23297e-05 0.00133506 0.00572385 0.0249924 0.967792 
9.1916e-08 1.4617e-06 2.43555e-05 9.21705e-05 0.000326522 0.00199642 0.0113868 0.332469 0.551577 0.102127 
8.69914e-09 1.42214e-07 2.64448e-06 9.51237e-06 4.44445e-06 9.76904e-05 0.000855626 0.00422557 0.0197515 0.975053 
1.86467e-09 3.04736e-08 5.63881e-07 2.04683e-06 1.56047e-06 5.15071e-05 0.000604954 0.00276176 0.0167583 0.979819 
3.45872e-06 4.51431e-05 0.000187545 0.00139598 0.00612146 0.0227908 0.0724736 0.838738 0.0485072 0.00973703 
4.37582e-07 6.35604e-06 8.70715e-05 0.000855451 0.00669952 0.0496995 0.769495 0.107193 0.0492369 0.0167268 
3.4934e-07 5.71248e-06 0.000106562 0.00038129 0.000107057 8.94879e-05 0.00187098 0.00814827 0.0361688 0.953121 
0.000152602 0.00127114 0.0170957 0.245592 0.413097 0.121658 0.170857 0.0260212 0.00389106 0.00036464 
1.77908e-07 2.84173e-06 4.90899e-05 0.000179927 0.000248629 0.00231451 0.0112784 0.0562457 0.104302 0.825379 
9.68026e-10 1.58277e-08 2.94526e-07 1.05878e-06 6.01886e-07 5.10595e-06 0.000293358 0.00150114 0.00769651 0.990502 
4.46179e-07 7.29599e-06 0.000136095 0.000487002 0.000138251 0.000216871 0.00282384 0.0144628 0.0545047 0.927223 
2.7731e-17 9.50173e-16 6.73529e-14 1.10927e-11 3.15093e-09 5.01971e-07 0.000164565 0.000329144 0.00776028 0.991746 
9.02359e-07 1.01176e-05 6.55207e-05 0.000792391 0.00490564 0.0288815 0.773286 0.1285 0.0512679 0.0122896 
7.06794e-08 1.14052e-06 2.02359e-05 7.52987e-05 0.000188868 0.00150598 0.0110316 0.0574897 0.880469 0.0492177 
4.24121e-07 6.9349e-06 0.000129277 0.000463294 0.000166128 0.00157697 0.720013 0.0892951 0.105428 0.0829208 
3.53912e-07 5.72456e-06 0.000103318 0.000371061 0.000164765 0.00106063 0.0038297 0.0187129 0.0506647 0.925087 
1.75379e-07 2.84359e-06 5.15466e-05 0.000187055 0.000188441 0.00165776 0.0161579 0.802253 0.105188 0.0743131 
4.34056e-07 7.09709e-06 0.000132328 0.000473788 0.000153542 0.000357313 0.00368584 0.0177955 0.832733 0.144661 
3.94933e-07 3.9715e-06 2.79326e-05 0.00057325 0.00303325 0.0185458 0.73723 0.157428 0.0681046 0.0150528 
9.71859e-08 1.52816e-06 2.48874e-05 9.31972e-05 0.000243535 0.00209624 0.0105887 0.0560015 0.885211 0.0457397 
6.6981e-08 9.95095e-07 1.02637e-05 9.87479e-05 0.000574711 0.00512128 0.0180375 0.0557335 0.853303 0.0671203 
0.000251415 0.00401145 0.0328308 0.532512 0.156454 0.124521 0.0867593 0.0488812 0.0122268 0.00155233 
1.15479e-10 1.88798e-09 3.5157e-08 1.26213e-07 6.12419e-08 3.29791e-06 7.05031e-06 6.88929e-05 0.000376329 0.999544 
2.63165e-26 6.82922e-23 1.48615e-19 2.62165e-16 1.26958e-14 2.93446e-10 1.65266e-08 7.10368e-06 0.00103644 0.998956 
1.80414e-05 0.000442281 0.00529861 0.259574 0.516885 0.0975013 0.0700937 0.0401002 0.00889674 0.00119081 
1.73709e-07 2.84052e-06 5.29865e-05 0.000189599 5.3708e-05 7.10961e-05 0.000919593 0.00458232 0.0160249 0.978103 
1.98588e-05 0.000254814 0.00103614 0.00326307 0.0167813 0.0523771 0.440829 0.459444 0.023429 0.0025657 
2.27937e-07 3.72725e-06 6.95219e-05 0.000248797 7.12856e-05 0.000149555 0.00182026 0.0106691 0.0393218 0.947646 
1.63137e-07 2.66761e-06 4.97545e-05 0.000178072 5.16109e-05 0.000105438 0.00174005 0.00726417 0.0321336 0.958474 
1.52617e-07 2.50503e-06 3.87997e-05 0.000223785 0.00111691 0.00613212 0.028648 0.0710704 0.867142 0.0256252 
3.22169e-07 5.26814e-06 9.82651e-05 0.000351653 0.000100362 0.000174862 0.00224959 0.0104334 0.0398236 0.946763 
1.18864e-06 1.70211e-05 0.000134532 0.000773887 0.00635388 0.515839 0.230719 0.0798214 0.139221 0.0271187 
1.9703e-07 3.22035e-06 5.99771e-05 0.000214722 6.45205e-05 0.000202933 0.00228033 0.0104796 0.0480611 0.938633 
7.14927e-06 8.85952e-05 0.000302543 0.00115414 0.00637333 0.0236069 0.706663 0.161347 0.0792171 0.0212399 
4.13818e-19 6.22496e-17 1.48582e-14 9.34206e-12 2.89836e-09 4.5662e-07 0.000153947 0.000452388 0.00861008 0.990783 
0.000153946 0.00156753 0.021812 0.347508 0.539097 0.0749425 0.013804 0.00100045 0.000109584 4.96868e-06 
2.133e-07 2.20766e-06 1.58958e-05 0.000350071 0.00170731 0.0110459 0.0460757 0.107927 0.794609 0.0382667 
2.51154e-07 2.66178e-06 2.99399e-05 0.000231746 0.000748586 0.00386543 0.0192136 0.0615101 0.85802 0.0563772 
1.91953e-07 2.3315e-06 3.05708e-05 0.000367165 0.0037576 0.0289432 0.421172 0.504024 0.0324969 0.00920538 
4.31171e-07 6.98024e-06 0.000126236 0.00045428 0.000247566 0.00155362 0.00685252 0.034972 0.86562 0.0901661 
1.40236e-05 0.000177567 0.000612541 0.00139825 0.00887532 0.0228976 0.0465386 0.0836219 0.806886 0.028978 
1.37821e-05 0.000174935 0.000608333 0.00150726 0.00999624 0.0413345 0.755131 0.131726 0.049205 0.0103026 
2.82179e-07 4.61307e-06 8.59444e-05 0.000307971 0.000117214 0.000387673 0.00353567 0.0155664 0.0473419 0.932652 
1.2679e-06 1.80928e-05 0.000129949 0.000828921 0.00594702 0.0365516 0.784383 0.113795 0.0463811 0.0119648 
3.06827e-07 5.0126e-06 9.30326e-05 0.000335163 0.000230128 0.000815101 0.00735454 0.0314459 0.0807255 0.878995 
2.59981e-07 4.2512e-06 7.92966e-05 0.000283747 8.00413e-05 9.32326e-05 0.001503 0.00654867 0.0280778 0.96333 
2.108e-07 3.44676e-06 6.4273e-05 0.00023007 7.15492e-05 0.000186509 0.0017549 0.0105332 0.466888 0.520267 
1.03129e-06 1.38829e-05 0.000105481 0.00070972 0.00381472 0.0171589 0.0487879 0.471037 0.428363 0.0300087 
3.01052e-07 4.92286e-06 9.18347e-05 0.000328582 9.1762e-05 8.46036e-05 0.00129618 0.00615686 0.0238109 0.968134 
2.08835e-07 3.32445e-06 5.67379e-05 0.000208141 0.000310895 0.00264409 0.0123197 0.0544792 0.0998513 0.830126 
1.38836e-07 2.27028e-06 4.23497e-05 0.000151548 4.31853e-05 7.9961e-05 0.000767942 0.0056304 0.0248817 0.968401 
1.0865e-05 0.000136769 0.000444641 0.00108685 0.00653678 0.0243037 0.742174 0.150825 0.0609132 0.0135686 
2.19543e-32 5.74904e-29 1.25339e-25 2.21075e-22 2.06875e-20 2.26248e-16 1.73984e-12 3.15936e-08 0.000376225 0.999624 
5.05269e-07 8.17771e-06 0.000147702 0.000532586 0.000355483 0.00219789 0.00865543 0.0374185 0.839719 0.110965 
3.32669e-07 5.43991e-06 0.000101464 0.000363249 0.000108623 0.000291207 0.00319299 0.0231937 0.891068 0.0816754 
5.59858e-09 9.15488e-08 1.70557e-06 6.12194e-06 2.39282e-06 2.26342e-05 0.000386039 0.00158742 0.00984124 0.988152 
1.10553e-07 1.66815e-06 2.22996e-05 0.000170861 0.000785013 0.0064374 0.0414218 0.823503 0.0916527 0.0360056 
3.25388e-09 5.31942e-08 9.8925e-07 3.56277e-06 1.81638e-06 4.83904e-05 0.000405833 0.00213909 0.00976477 0.987635 
2.98026e-07 4.87341e-06 9.09056e-05 0.000325324 9.32217e-05 0.000229813 0.00216581 0.014291 0.0533579 0.929441 
1.53863e-05 0.000196557 0.000752822 0.00230034 0.0115816 0.0359055 0.0840329 0.781739 0.0699881 0.0134882 
0.00320113 0.0248183 0.449972 0.256461 0.18189 0.0699451 0.0119294 0.0015431 0.000236712 3.75527e-06 
4.52752e-07 7.3995e-06 0.000137689 0.000494013 0.000236635 0.00110843 0.0100219 0.757576 0.130759 0.099658 
3.22641e-05 0.000557357 0.0057095 0.021706 0.109436 0.202587 0.526522 0.0943103 0.032247 0.00689209 
9.52539e-09 1.55929e-07 2.886e-06 1.08283e-05 1.8647e-05 0.000647108 0.00603711 0.0756279 0.699352 0.218303 
1.0734e-07 1.60911e-06 2.33883e-05 0.000143794 0.000473256 0.0038343 0.0205492 0.0730033 0.862326 0.0396447 
4.54935e-07 6.43768e-06 5.0891e-05 0.000447403 0.00236886 0.00955735 0.0272054 0.0702518 0.858647 0.0314644 
2.56764e-14 2.57063e-12 1.11748e-10 5.7178e-09 1.21026e-07 6.07197e-06 0.000262541 0.00228844 0.016601 0.980842 
3.01233e-05 0.000375915 0.00147382 0.00493625 0.0267563 0.0907042 0.725384 0.118478 0.027981 0.00387976 
8.58403e-08 1.39049e-06 2.5009e-05 9.2307e-05 0.000192797 0.00147951 0.0100006 0.050142 0.873486 0.0645804 
1.07896e-25 2.75224e-22 5.97137e-19 1.06191e-15 7.251e-14 1.07794e-09 6.35524e-08 3.96419e-05 0.00242432 0.997536 
0.00023278 0.00178484 0.016455 0.233814 0.406288 0.235143 0.068554 0.0303042 0.00649396 0.000930798 
1.17051e-07 1.91404e-06 3.57045e-05 0.000127753 3.59506e-05 4.36159e-05 0.000873806 0.00498571 0.0734464 0.920449 
6.38196e-07 9.80736e-06 0.000173558 0.000685456 0.000668694 0.00306001 0.0183062 0.0739469 0.844047 0.0591015 
2.86975e-07 2.91269e-06 2.9467e-05 0.000309436 0.00114517 0.00696477 0.0294462 0.083309 0.844901 0.0338916 
8.47787e-09 1.38678e-07 2.58535e-06 9.29541e-06 4.0514e-06 8.3589e-05 0.000676795 0.00482499 0.0185786 0.97582 
8.09492e-05 0.00082994 0.00473813 0.0208027 0.0983114 0.70906 0.115224 0.0418123 0.00811983 0.00102173 
9.12014e-08 1.4609e-06 2.4877e-05 9.68036e-05 0.000362011 0.0023649 0.0136082 0.0659118 0.867206 0.0504235 
1.40067e-07 2.35792e-06 4.11143e-05 0.000164642 0.000535875 0.00560602 0.0405241 0.828699 0.0781264 0.0463 
2.31735e-09 3.78652e-08 7.00384e-07 2.53913e-06 1.74121e-06 5.02762e-05 0.000488209 0.00137715 0.00512487 0.992954 
3.58236e-10 5.85816e-09 1.09053e-07 3.9236e-07 2.52326e-07 2.98537e-06 6.34402e-05 0.00078924 0.00512171 0.994022 
2.00925e-07 3.285e-06 6.1227e-05 0.00021928 7.59236e-05 0.000196875 0.00247705 0.0161694 0.484358 0.496439 
9.48024e-08 1.55019e-06 2.89077e-05 0.000103493 3.12241e-05 0.000132467 0.00151806 0.0103556 0.922081 0.0657477 
0.00271373 0.380871 0.0685568 0.156175 0.203566 0.0847743 0.0873393 0.015172 0.000789506 4.30748e-05 
0.00820353 0.0864026 0.68215 0.137531 0.0637075 0.017153 0.00415639 0.000646942 4.6902e-05 2.38458e-06 
2.49728e-07 2.70709e-06 2.02071e-05 0.000424133 0.0024103 0.015882 0.077009 0.830462 0.0616031 0.0121861 
3.75097e-07 6.13144e-06 0.000114189 0.000409339 0.000169478 0.000528301 0.00541693 0.0344836 0.878176 0.0806958 
4.42091e-07 5.7707e-06 5.85742e-05 0.00063707 0.00581888 0.347882 0.467778 0.106768 0.0519947 0.0190557 
1.75351e-07 2.85468e-06 5.25317e-05 0.000188508 8.23423e-05 0.00075859 0.00572387 0.442168 0.488984 0.0620393 
1.55485e-07 2.11628e-06 2.99945e-05 0.000137471 0.000376801 0.00295988 0.0117796 0.045702 0.857495 0.0815166 
3.42431e-07 5.59948e-06 0.000104452 0.00037374 0.000105129 0.000101239 0.00142348 0.00859738 0.905238 0.0840504 
3.3551e-07 3.27312e-06 2.22092e-05 0.000445278 0.0024475 0.011924 0.0554073 0.116559 0.789644 0.0235473 
1.19944e-05 0.000155698 0.000691247 0.00411433 0.0425568 0.414495 0.411618 0.0833786 0.0346929 0.00828549 
0.00130686 0.0111338 0.0607126 0.192289 0.566371 0.12571 0.0335083 0.00735124 0.00133737 0.000280037 
4.85762e-05 0.0005916 0.00185761 0.00647017 0.0325696 0.094463 0.750205 0.0871593 0.0221331 0.00450142 
1.20832e-06 1.56995e-05 0.000127413 0.00125608 0.00558421 0.0354406 0.120035 0.76906 0.0555363 0.0129427 
2.97375e-28 7.39682e-25 1.61316e-21 3.17237e-18 8.1742e-16 2.03055e-12 2.91087e-09 1.0319e-06 0.00200141 0.997998 
4.5626e-07 7.46083e-06 0.000139169 0.000498006 0.000141249 0.000210075 0.00286813 0.0134038 0.0508708 0.931861 
4.70321e-05 0.000615872 0.00450972 0.0201996 0.416214 0.379316 0.119128 0.046209 0.0115025 0.00225821 
6.31951e-06 8.07002e-05 0.000281765 0.000886405 0.00644003 0.0327418 0.832469 0.085996 0.0336133 0.00748484 
4.53275e-08 7.03357e-07 1.08064e-05 4.86083e-05 0.000527224 0.0134621 0.125483 0.512925 0.178465 0.169078 
5.87737e-08 9.58226e-07 1.76035e-05 6.46686e-05 0.000107504 0.000890776 0.00704505 0.0335685 0.8914 0.0669051 
3.534e-07 5.77883e-06 0.000107783 0.000385807 0.000112587 0.000494168 0.00443169 0.0276311 0.0785552 0.888275 
2.77329e-07 3.21423e-06 3.81103e-05 0.000318661 0.00120752 0.0071882 0.0314148 0.0796598 0.837052 0.0431173 
2.06845e-27 5.09286e-24 1.10264e-20 2.0812e-17 3.67724e-15 9.80733e-12 1.89134e-09 9.03009e-07 0.00131052 0.998689 
3.46787e-07 5.67072e-06 0.000105777 0.000378522 0.000107649 0.00017928 0.00220553 0.0113057 0.0453826 0.940329 
1.67715e-07 2.60854e-06 4.3196e-05 0.000175576 0.000422099 0.00249753 0.0103437 0.0360719 0.0595888 0.890854 
4.60002e-07 7.52035e-06 0.000140122 0.000502023 0.00018445 0.000359218 0.00386114 0.0177992 0.0587502 0.918396 
1.53846e-11 3.1713e-10 6.37985e-09 6.50777e-08 1.43799e-06 8.04953e-05 0.000540978 0.00584161 0.0269504 0.966585 
0.007695 0.0501642 0.171995 0.572533 0.144791 0.0431654 0.00858677 0.000980482 8.65258e-05 2.60506e-06 
1.98014e-07 2.76365e-06 3.9273e-05 0.000228307 0.00110004 0.00650764 0.030399 0.0815879 0.845922 0.0342128 
1.24301e-07 1.97348e-06 3.31962e-05 0.000129256 0.000328581 0.00247743 0.0134873 0.444464 0.486927 0.0521511 
3.01881e-05 0.000398984 0.00184408 0.00844496 0.5984 0.17252 0.133988 0.0676487 0.0147353 0.00198932 
1.07422e-18 1.30479e-16 1.41186e-14 1.98156e-12 3.59514e-10 1.17714e-07 2.09191e-05 0.000250911 0.0026436 0.997084 
5.55724e-05 0.00066952 0.00375581 0.0177804 0.0864105 0.75234 0.0983995 0.0319666 0.00770578 0.000916115 
2.21237e-05 0.000276805 0.00108093 0.00350963 0.0191949 0.134296 0.128314 0.687124 0.0234545 0.00272741 
1.26139e-07 2.00404e-06 3.38186e-05 0.000157629 0.0036609 0.390197 0.0500886 0.45534 0.0676131 0.032907 
1.88337e-05 0.000243104 0.000964493 0.00364436 0.024716 0.0901656 0.775491 0.0857469 0.0166954 0.00231448 
3.27779e-07 5.35987e-06 9.99537e-05 0.000358027 0.000116875 0.000384824 0.00269629 0.0178081 0.525052 0.453478 
3.49116e-07 5.70723e-06 0.000106326 0.000381012 0.000147347 0.000648945 0.00564358 0.0334564 0.85576 0.103851 
1.89744e-06 2.6213e-05 0.000228871 0.00207448 0.0104966 0.0559962 0.130282 0.751061 0.0412273 0.00860483 
1.5998e-07 1.84249e-06 2.0267e-05 0.000223913 0.000713707 0.00408517 0.0174534 0.139986 0.718722 0.118793 
8.0059e-08 1.30758e-06 2.42468e-05 8.74642e-05 7.1063e-05 0.00101148 0.0104931 0.234264 0.69834 0.0557066 
2.7941e-07 2.89978e-06 2.08193e-05 0.000431732 0.00259619 0.0260022 0.774337 0.128789 0.0552418 0.0125782 
2.496e-07 4.08149e-06 7.61336e-05 0.000272434 7.71553e-05 0.000117273 0.00141905 0.00774384 0.0334184 0.956871 
3.85492e-07 3.76748e-06 3.06726e-05 0.000519517 0.00231064 0.0125296 0.0662852 0.821585 0.0745426 0.0221924 
4.28072e-07 6.98866e-06 0.000129734 0.000464515 0.000142698 0.000608021 0.0051835 0.0290857 0.87414 0.0902381 
4.88826e-07 7.98926e-06 0.000148663 0.000533272 0.000245572 0.00050418 0.00502928 0.0260804 0.855805 0.111645 
1.55413e-05 0.000198939 0.000771915 0.00266131 0.0143256 0.0514692 0.102018 0.788165 0.0359571 0.00441747 
0.0032187 0.0287852 0.117153 0.597821 0.182251 0.0600435 0.00954079 0.00109047 9.30529e-05 3.05283e-06 
5.21005e-07 6.8889e-06 0.000109064 0.000521275 0.000365761 0.00224213 0.00868787 0.0238257 0.0536384 0.910602 
2.3819e-07 3.86905e-06 7.04464e-05 0.00025642 0.000321054 0.00169496 0.00961445 0.0425511 0.858393 0.0870942 
3.71585e-07 6.0762e-06 0.000113341 0.000405567 0.000114833 0.000165815 0.00220305 0.010052 0.0411324 0.945807 
2.02222e-05 0.000267025 0.00137143 0.00743172 0.187422 0.43965 0.115212 0.227695 0.0178646 0.00306612 
4.04475e-07 6.611e-06 0.000123022 0.000441534 0.000208465 0.000672834 0.0075337 0.442079 0.481227 0.0677069 
1.00355e-07 1.57462e-06 2.54811e-05 9.54221e-05 0.00023441 0.00202407 0.00933353 0.0396961 0.872886 0.0757029 
2.13881e-07 3.46795e-06 6.30031e-05 0.000226686 0.000130105 0.000770926 0.00396001 0.117755 0.265707 0.611384 
6.71332e-10 1.09794e-08 2.0417e-07 7.36115e-07 4.26755e-07 9.69927e-06 0.000119732 0.000512477 0.00259882 0.996758 
2.03006e-07 3.31959e-06 6.19194e-05 0.00022158 6.30979e-05 7.8327e-05 0.00172299 0.00730347 0.0283249 0.96222 
1.63737e-46 1.02591e-41 1.51193e-36 3.21743e-31 3.74429e-26 5.81393e-21 2.14064e-15 4.80346e-10 4.89195e-05 0.999951 
2.16783e-13 5.02248e-12 1.1811e-10 5.06189e-09 1.1166e-07 5.43072e-06 0.000255454 0.00235797 0.935681 0.0617001 
0.00594673 0.0366233 0.111572 0.21216 0.572579 0.0542842 0.0064367 0.000355248 4.20397e-05 5.30514e-07 
3.27537e-07 5.35566e-06 9.9894e-05 0.000357598 0.000111749 0.000523219 0.0046961 0.380238 0.530922 0.0830456 
3.50358e-17 2.8671e-15 1.26257e-13 6.23804e-12 3.75441e-10 9.92255e-08 2.06826e-06 0.000213029 0.00903424 0.990751 
2.53367e-05 0.000319041 0.00131857 0.0049882 0.0241215 0.0825746 0.754818 0.106757 0.0225912 0.00248618 
6.98203e-08 1.14172e-06 2.12969e-05 7.62059e-05 2.16154e-05 2.42066e-05 0.00041586 0.00187722 0.00996573 0.987597 
1.43686e-07 2.17882e-06 3.23003e-05 0.000257346 0.000965462 0.00694907 0.0415807 0.861505 0.0656517 0.0230557 
8.73868e-06 0.00011125 0.000454359 0.0019211 0.0397205 0.156324 0.133868 0.287299 0.365076 0.0152164 
3.01797e-07 4.93503e-06 9.20529e-05 0.000329414 9.38789e-05 0.000142934 0.00229558 0.0107784 0.0457813 0.940481 
2.04315e-05 0.000266731 0.00112665 0.00395747 0.021544 0.16627 0.694135 0.0876221 0.0210777 0.00397937 
6.1472e-08 1.00522e-06 1.87501e-05 6.71111e-05 1.95714e-05 6.36693e-05 0.000412739 0.00276697 0.0099813 0.986669 
9.31441e-08 1.49375e-06 2.61451e-05 9.55753e-05 0.000130332 0.00102637 0.00544196 0.0335882 0.888653 0.0710365 
1.91543e-07 2.54322e-06 2.7254e-05 0.00028779 0.00183827 0.0100103 0.0494112 0.116388 0.79388 0.0281546 
5.5516e-07 5.8917e-06 3.72912e-05 0.000707222 0.0034112 0.0216665 0.715262 0.159546 0.0788569 0.0205066 
5.09686e-27 1.32855e-23 2.8923e-20 5.07097e-17 1.82985e-15 6.25105e-11 2.72339e-09 1.40523e-06 0.000595688 0.999403 
3.91628e-07 6.40713e-06 0.00011873 0.00042833 0.000326852 0.00315562 0.0303487 0.819352 0.0799588 0.0663042 
1.13741e-10 1.86257e-09 3.47853e-08 1.32093e-07 2.2051e-07 7.82281e-06 0.000232022 0.00231867 0.0165152 0.980926 
2.897e-06 3.80167e-05 0.000265115 0.00128174 0.00817697 0.0379477 0.0995988 0.80491 0.0404528 0.00732593 
1.24893e-05 0.000157217 0.000629129 0.00220106 0.0134774 0.0569745 0.122157 0.757569 0.0402589 0.00656366 
4.33379e-07 7.08668e-06 0.000132192 0.000473024 0.000134313 0.000302565 0.00304648 0.0163107 0.0550112 0.924582 
5.35148e-07 8.75075e-06 0.000163229 0.000584064 0.000164687 0.000180449 0.00290395 0.0106409 0.0362242 0.949129 
1.35968e-07 2.21593e-06 3.33779e-05 0.000134807 0.000853299 0.0126319 0.726128 0.116671 0.097705 0.0458394 
7.67021e-27 1.98558e-23 4.31799e-20 7.60658e-17 3.50011e-15 8.15977e-11 4.33165e-09 2.16898e-06 0.000558357 0.999439 
3.53367e-07 5.7783e-06 0.000107784 0.000385705 0.000109765 0.000276531 0.00342749 0.0256185 0.876707 0.0933614 
3.67742e-07 6.00882e-06 0.000111824 0.000400345 0.000121034 0.000316687 0.00346335 0.0200692 0.876616 0.0988956 
2.33068e-07 3.81024e-06 7.10067e-05 0.000254584 0.000103311 0.000665894 0.00685995 0.0439713 0.870076 0.0779937 
9.04977e-06 0.000114331 0.000469001 0.00270295 0.0282568 0.656588 0.109575 0.127226 0.0602159 0.0148431 
3.93037e-07 6.42693e-06 0.000119879 0.000428967 0.000121738 0.000173167 0.00266957 0.0101378 0.0390832 0.947259 
4.27271e-07 6.98678e-06 0.00013032 0.000466378 0.000133898 0.000268232 0.00341482 0.014831 0.0527985 0.927949 
0.00490746 0.046243 0.358618 0.348498 0.170142 0.0594808 0.0106216 0.00137311 0.000112902 2.91606e-06 
3.30316e-07 5.38947e-06 9.96329e-05 0.000360009 0.000283938 0.00169885 0.0146323 0.0707696 0.818945 0.093205 
1.59353e-06 2.35319e-05 0.00018548 0.00578135 0.68584 0.0902909 0.0966147 0.072087 0.0364451 0.0127304 
2.62933e-07 2.99786e-06 3.90744e-05 0.000249231 0.000632384 0.00818349 0.760728 0.10165 0.0894026 0.0391121 
3.69335e-07 6.03566e-06 0.000112253 0.000402898 0.000202696 0.000366037 0.00386408 0.0172459 0.861852 0.115947 
1.60561e-07 2.12976e-06 2.28688e-05 0.000231789 0.00150414 0.00992015 0.0431787 0.325212 0.579734 0.0401945 
1.73432e-07 2.84237e-06 3.95962e-05 0.000240801 0.00169215 0.0071165 0.0334793 0.0818012 0.834567 0.0410601 
3.15751e-07 5.16317e-06 9.63083e-05 0.000344623 9.76905e-05 0.000159434 0.00227156 0.822178 0.0782714 0.0965754 
0.000368537 0.00454137 0.0321682 0.576616 0.219025 0.128104 0.0314692 0.00675744 0.0008963 5.42664e-05 
3.36176e-10 5.50507e-09 1.02234e-07 3.7892e-07 4.50604e-07 1.35552e-05 0.000252552 0.00231697 0.0156799 0.981736 
1.72194e-05 0.000218612 0.000925432 0.0026245 0.013949 0.0402304 0.0965968 0.76958 0.0631417 0.0127162 
5.25854e-12 8.59408e-11 1.57973e-09 5.79393e-09 6.4769e-09 2.31795e-07 5.34479e-05 0.00013892 0.00440998 0.995397 
1.04441e-07 1.0977e-06 1.23381e-05 0.000116638 0.000373017 0.00220024 0.0108783 0.0586533 0.882619 0.0451457 
3.01907e-07 3.06524e-06 3.2355e-05 0.000293908 0.00118679 0.00648624 0.0426937 0.1083 0.808904 0.0321004 
1.64152e-07 1.61263e-06 1.13869e-05 0.000249497 0.00130909 0.00624932 0.0280012 0.639079 0.30551 0.0195878 
1.23178e-09 2.0139e-08 3.74703e-07 1.34716e-06 6.50328e-07 1.07612e-05 0.000133059 0.000675984 0.00274207 0.996436 
3.5276e-08 5.76823e-07 1.07573e-05 3.85048e-05 1.13304e-05 3.2289e-05 0.000683236 0.00211373 0.0120376 0.985072 
2.30776e-07 3.75531e-06 6.88994e-05 0.000248397 0.000184467 0.00139388 0.258142 0.197186 0.435552 0.107221 
0.000774651 0.00793731 0.295155 0.221598 0.261528 0.13019 0.0582668 0.0192785 0.00451119 0.000760967 
2.75135e-06 3.3881e-05 0.000123642 0.000913693 0.00492919 0.0200033 0.0703262 0.117575 0.0748952 0.711197 
5.70872e-07 9.32996e-06 0.000173592 0.000622827 0.000297181 0.000929635 0.00881357 0.0482906 0.408174 0.532689 
3.68869e-07 4.06152e-06 5.14439e-05 0.000365233 0.000719992 0.00402113 0.018506 0.0550218 0.0778889 0.843421 
3.91333e-15 3.90833e-13 1.69915e-11 8.67095e-10 1.74849e-08 6.12236e-07 1.11785e-05 0.000103466 0.00356767 0.996317 
5.05132e-08 8.20738e-07 1.48252e-05 5.5533e-05 0.000157635 0.00116391 0.00950256 0.0409348 0.854208 0.0939616 
2.89634e-05 0.000352197 0.00181791 0.00725007 0.0329044 0.0826174 0.132099 0.710513 0.028891 0.00352674 
1.35623e-07 2.14767e-06 3.4774e-05 0.000200379 0.000584158 0.00473685 0.0162938 0.0549735 0.0781954 0.844979 
1.12296e-07 1.76473e-06 2.87497e-05 0.000106963 0.000242999 0.00218408 0.0101132 0.0512973 0.899954 0.0360707 
5.54678e-10 9.07563e-09 1.69308e-07 6.11241e-07 3.47227e-07 7.10334e-06 8.26953e-05 0.000882232 0.00870483 0.990322 
4.10499e-07 6.71255e-06 0.000125214 0.000448058 0.000127799 0.000558775 0.0057867 0.0369424 0.871372 0.0846318 
1.48533e-06 1.77352e-05 7.40371e-05 0.000578142 0.00284036 0.0137906 0.0629148 0.117264 0.787761 0.0147579 
7.38802e-08 1.20748e-06 2.24377e-05 8.10085e-05 6.1074e-05 0.000342722 0.00233311 0.0108292 0.0284385 0.957891 
5.79116e-07 9.4944e-06 0.000174996 0.000633326 0.000523976 0.00427548 0.0336346 0.103861 0.743562 0.113325 
7.88949e-08 1.28985e-06 2.39526e-05 8.722e-05 9.33062e-05 0.00104589 0.00676514 0.0389041 0.895879 0.0572001 
3.30047e-07 3.56041e-06 2.65837e-05 0.000512723 0.00300015 0.0207397 0.0971282 0.78514 0.0737354 0.0197134 
1.01152e-05 0.000127752 0.000520993 0.00192926 0.011678 0.0577018 0.788175 0.0977982 0.0336745 0.00838422 
0.000350627 0.0040064 0.0229831 0.531554 0.308092 0.101126 0.0262864 0.00451422 0.00103454 5.29222e-05 
8.24095e-08 1.34757e-06 2.51373e-05 8.99506e-05 2.55515e-05 5.35415e-05 0.000508898 0.00442848 0.0239035 0.970964 
1.2542e-07 2.05741e-06 2.61718e-05 0.000147254 0.00162018 0.00951923 0.06093 0.802465 0.0919643 0.0333254 
0.000239519 0.00348126 0.0209959 0.0796084 0.176424 0.646452 0.057699 0.0129444 0.00207469 8.05401e-05 
3.87705e-07 6.33928e-06 0.000118209 0.000423222 0.000135362 0.000585083 0.00541346 0.0318301 0.865291 0.0961971 
1.78305e-07 2.27475e-06 2.48524e-05 0.000278759 0.00199293 0.034304 0.0437003 0.596032 0.272348 0.0513159 
3.51607e-07 3.60743e-06 2.53738e-05 0.000521705 0.00304573 0.0189291 0.0877191 0.80899 0.066105 0.0146605 
2.24217e-07 2.22028e-06 2.36186e-05 0.000211402 0.000645446 0.0050504 0.0373005 0.819602 0.0980116 0.0391526 
4.16573e-07 6.81182e-06 0.000127065 0.000454657 0.000128153 0.000173208 0.00235821 0.00954307 0.0344817 0.952727 
1.37841e-07 2.254e-06 4.20447e-05 0.000150468 4.32281e-05 7.8726e-05 0.00110603 0.00687867 0.029066 0.962632 
2.91062e-07 3.16776e-06 2.24915e-05 0.000467338 0.00272388 0.0151809 0.0688794 0.833322 0.0639414 0.0154589 
1.34978e-07 2.1201e-06 3.44412e-05 0.000129168 0.000310961 0.00281705 0.014911 0.0733434 0.84907 0.059382 
2.16758e-19 3.37727e-17 8.84061e-15 6.12851e-12 1.92655e-09 3.09028e-07 0.000101046 0.000290218 0.00645388 0.993155 
2.25494e-10 3.68662e-09 6.86986e-08 2.46262e-07 9.57934e-08 5.20987e-07 5.37539e-05 0.000155394 0.00035076 0.999439 
1.02958e-07 1.66235e-06 2.97762e-05 0.000108139 0.000108034 0.00110104 0.00735324 0.0414475 0.877883 0.0719673 
7.01328e-06 9.78652e-05 0.00060324 0.00395985 0.262431 0.195777 0.196302 0.324036 0.0146383 0.00214797 
4.0787e-05 0.000507374 0.00318245 0.0145853 0.0721258 0.730302 0.114024 0.0514614 0.0120991 0.00167095 
1.01826e-07 1.6283e-06 2.52855e-05 0.000111101 0.000393391 0.00388442 0.0151824 0.0594925 0.877778 0.0431312 
2.45634e-13 4.02116e-12 7.3835e-11 2.97166e-10 4.56709e-09 1.10013e-06 0.000219148 0.00236847 0.938851 0.0585603 
4.28811e-07 7.01195e-06 0.000130791 0.000468055 0.000135702 0.000993142 0.0134168 0.810207 0.0768355 0.0978051 
3.7221e-07 3.90497e-06 2.82709e-05 0.000585069 0.00331119 0.0194832 0.0964737 0.788455 0.0753614 0.0162979 
4.45823e-05 0.000584786 0.00344721 0.0139521 0.0773143 0.691983 0.127719 0.06634 0.0164406 0.00217427 
3.91382e-06 4.85847e-05 0.000166871 0.000787187 0.00343364 0.0268709 0.801404 0.104611 0.0490615 0.0136121 
2.28351e-07 3.70781e-06 6.76896e-05 0.00024311 0.000107477 0.000634088 0.00304111 0.011943 0.0392181 0.944742 
0.0317265 0.641705 0.202603 0.0791626 0.0358942 0.00679923 0.00175946 0.00033224 1.68978e-05 8.12851e-07 
3.54716e-07 5.80007e-06 0.000108171 0.000387198 0.000118611 0.00027062 0.0025 0.0146647 0.0494959 0.932449 
4.08391e-07 6.64985e-06 0.000122473 0.000438897 0.000152022 0.000600552 0.00322711 0.015045 0.0462078 0.934199 
1.50336e-07 2.45834e-06 4.5855e-05 0.00016411 4.7269e-05 0.000109702 0.00126171 0.0070429 0.0268822 0.964444 
2.78153e-07 3.16402e-06 2.77423e-05 0.000540186 0.00204014 0.0123374 0.0439425 0.0951938 0.0982216 0.747693 
1.11022e-07 1.79603e-06 3.00252e-05 0.000124823 0.000447725 0.00541318 0.0417253 0.829199 0.0901342 0.0329241 
3.28149e-07 3.92888e-06 4.22764e-05 0.000411233 0.00231454 0.0110881 0.043 0.104333 0.793666 0.0451412 
8.25612e-08 1.35006e-06 2.51836e-05 9.01247e-05 2.58574e-05 4.5269e-05 0.000745173 0.00420023 0.0178893 0.976977 
1.28658e-06 2.24491e-05 0.000437097 0.00347391 0.0186036 0.644616 0.160174 0.10903 0.0481665 0.0154752 
3.81063e-08 6.23126e-07 1.16237e-05 4.15954e-05 1.18937e-05 3.05691e-05 0.000199494 0.00153391 0.38441 0.613761 
2.98634e-05 0.000322912 0.00205654 0.0105525 0.0387475 0.0679597 0.0805639 0.785072 0.0135484 0.00114718 
5.61109e-07 9.17532e-06 0.000171163 0.000612399 0.000170841 0.000171251 0.00296415 0.828391 0.0804878 0.087022 
4.60618e-07 4.69051e-06 5.04839e-05 0.000454555 0.00132196 0.00865189 0.0511517 0.826231 0.0799172 0.0322158 
3.49656e-08 5.70338e-07 9.99921e-06 4.03155e-05 0.000134725 0.00130577 0.201397 0.541989 0.234884 0.0202389 
8.92332e-05 0.00196619 0.00951883 0.0408508 0.71001 0.148476 0.0688757 0.0170278 0.00262892 0.000556847 
6.36349e-08 1.03911e-06 1.90237e-05 7.69757e-05 0.00215572 0.020121 0.819598 0.0674174 0.059074 0.0315364 
2.89265e-05 0.000411753 0.00479697 0.125571 0.389938 0.331486 0.0837709 0.0491518 0.0128938 0.00195 
2.99909e-08 4.6516e-07 6.71211e-06 3.90374e-05 0.000143784 0.00104129 0.00573524 0.0247985 0.928505 0.0397297 
2.40111e-07 3.92637e-06 7.32423e-05 0.000262093 7.4394e-05 9.95945e-05 0.00160643 0.00618975 0.0193749 0.972315 
3.22704e-05 0.000406567 0.00364455 0.0183708 0.0783874 0.718728 0.121708 0.050075 0.00760965 0.00103788 
8.96358e-08 1.46574e-06 2.7342e-05 9.78326e-05 2.74977e-05 2.66003e-05 0.000348336 0.00257254 0.0117655 0.985133 
4.17701e-07 6.83008e-06 0.000127345 0.000456379 0.000159067 0.000734715 0.00687837 0.0391851 0.8289 0.123551 
6.28784e-08 1.01019e-06 1.40055e-05 0.000105872 0.000587032 0.00438926 0.0268267 0.892435 0.0546565 0.0209846 
2.71059e-05 0.000524519 0.00530442 0.209764 0.529341 0.0868847 0.0976556 0.0623111 0.00716297 0.00102513 
2.58848e-07 2.97859e-06 2.28539e-05 0.000470413 0.00252965 0.0127438 0.0586415 0.837641 0.0699816 0.0179664 
4.91827e-05 0.000598667 0.00383647 0.0187666 0.0912163 0.73101 0.102115 0.0398 0.010626 0.00198241 
3.97575e-07 6.49672e-06 0.000120935 0.000432837 0.000125447 0.00026073 0.00284119 0.0134448 0.0523157 0.930451 
4.81119e-06 6.22044e-05 0.000212876 0.000787393 0.00440135 0.0199983 0.74657 0.151711 0.0627264 0.0135266 
0.00051856 0.00531942 0.028156 0.116583 0.628116 0.164718 0.0453086 0.00934128 0.00184493 9.28079e-05 
6.32644e-07 7.44021e-06 3.70834e-05 0.000557845 0.00333404 0.0178946 0.0839686 0.159632 0.717081 0.0174865 
3.40613e-07 5.56975e-06 0.000103892 0.000371788 0.000106374 0.000165576 0.00259772 0.0120226 0.0454004 0.939226 
0.00139824 0.0124727 0.0563823 0.257214 0.488375 0.124378 0.0454875 0.0105775 0.00352326 0.000192498 
5.47529e-07 6.32226e-06 8.48668e-05 0.000519069 0.000842572 0.00595343 0.0297518 0.44676 0.453763 0.0623187 
6.42207e-05 0.000856783 0.00588528 0.0281255 0.106216 0.713803 0.0993717 0.0361292 0.00817666 0.00137178 
0.000155148 0.0022686 0.014491 0.0514578 0.134867 0.643616 0.11274 0.0343902 0.00545523 0.00055889 
6.89403e-05 0.00106376 0.00759903 0.0444469 0.620222 0.187266 0.10497 0.0285034 0.00511737 0.000743197 
6.35481e-08 9.69678e-07 1.40294e-05 5.42539e-05 0.000242699 0.00394967 0.261423 0.637517 0.0656446 0.0311545 
0.000124042 0.00208009 0.0107931 0.0475825 0.776168 0.126832 0.0263823 0.00816421 0.00177004 0.000104423 
3.62024e-07 5.91973e-06 0.000110412 0.00039512 0.000112855 0.000187821 0.00244852 0.0114135 0.0433031 0.942022 
6.62353e-06 8.78402e-05 0.000477146 0.00240228 0.0157536 0.0668296 0.140781 0.732147 0.0342997 0.0072151 
3.85185e-07 6.29765e-06 0.000117385 0.000420688 0.000153453 0.000598395 0.00665897 0.0360544 0.860377 0.0956129 
3.38047e-07 5.52784e-06 0.000103121 0.000368967 0.000102991 9.38098e-05 0.000657393 0.00678279 0.0306158 0.961269 
2.60896e-07 4.20512e-06 7.49642e-05 0.000270826 0.00020432 0.00178342 0.00956547 0.826158 0.106416 0.0555231 
0.000548521 0.00542528 0.0260298 0.0936069 0.412299 0.401023 0.0514072 0.00790318 0.00165697 0.000100055 
1.58556e-05 0.000191678 0.000869208 0.0032353 0.0282391 0.725129 0.126415 0.0876432 0.0230447 0.00521698 
2.21678e-07 3.62493e-06 6.76191e-05 0.000241965 6.92222e-05 0.000375316 0.00410841 0.473944 0.334318 0.186872 
7.37887e-05 0.000889545 0.00572765 0.0330055 0.605896 0.190416 0.117317 0.0392933 0.00647764 0.000904309 
4.90043e-05 0.000640012 0.00295326 0.0122339 0.0759544 0.526454 0.288477 0.0726801 0.0179622 0.00259631 
1.10054e-07 1.70725e-06 2.57689e-05 0.000109215 0.00040626 0.00429553 0.0299103 0.834633 0.0911783 0.0394396 
2.24329e-05 0.000287558 0.00120215 0.00386613 0.0223718 0.0787193 0.149333 0.722448 0.0190625 0.00268747 
1.48081e-06 2.01326e-05 0.00016117 0.00136972 0.00791369 0.0473047 0.789027 0.104983 0.0401402 0.00907923 
3.6506e-07 3.99494e-06 4.82686e-05 0.000406554 0.00105007 0.0050342 0.0246923 0.0734346 0.852481 0.0428485 
4.29867e-06 5.46681e-05 0.000262328 0.00171572 0.0135525 0.736514 0.147413 0.0770604 0.0196185 0.00380481 
2.56997e-06 3.3651e-05 0.000188148 0.000890227 0.00533043 0.0827868 0.510044 0.357947 0.0350909 0.00768563 
1.9161e-07 3.44602e-06 4.09358e-05 0.000271587 0.00236459 0.0169852 0.79638 0.121878 0.0502137 0.0118631 
9.64874e-08 1.52351e-06 2.5099e-05 9.59032e-05 0.000231205 0.00202585 0.0106993 0.45942 0.492464 0.0350367 
6.48642e-07 1.05904e-05 0.000196381 0.000705723 0.00040463 0.0021715 0.0195059 0.748511 0.125916 0.102578 
2.93798e-05 0.000381788 0.00165335 0.00572315 0.030959 0.0989961 0.157703 0.678454 0.0226004 0.00350022 
3.74089e-07 6.11584e-06 0.00011401 0.000407971 0.000115482 0.00013356 0.0015687 0.00750665 0.0300622 0.960085 
0.0029857 0.0286154 0.117275 0.637326 0.148719 0.0534127 0.00997487 0.00153097 0.000148454 1.15544e-05 
3.73194e-06 4.75134e-05 0.000161422 0.00110476 0.00915734 0.671246 0.139729 0.119878 0.0477698 0.0109021 
5.7903e-05 0.000705824 0.00475951 0.0203549 0.0931833 0.179392 0.662907 0.0296487 0.00778309 0.00120684 
4.47781e-07 4.42071e-06 4.6103e-05 0.000479954 0.00113348 0.00556626 0.024312 0.0612215 0.0745322 0.832704 
3.11181e-09 5.09043e-08 9.48835e-07 3.41272e-06 1.61136e-06 1.80115e-05 0.000404587 0.00203729 0.0103545 0.98718 
7.51285e-14 1.11416e-12 9.8893e-12 8.13079e-11 3.33515e-09 4.01206e-08 7.42879e-07 1.41139e-05 0.000565555 0.99942 
2.77534e-06 3.81683e-05 0.000380101 0.00299102 0.0243929 0.0762201 0.767228 0.0809333 0.0362287 0.0115853 
2.3851e-06 3.06074e-05 0.000140546 0.00107292 0.0065995 0.0339947 0.093465 0.818103 0.0380443 0.00854689 
7.52757e-12 1.52258e-10 3.00182e-09 2.98311e-08 6.96003e-07 4.10086e-05 0.000285857 0.00267326 0.932209 0.0647903 
3.30383e-15 5.39437e-14 1.00131e-12 3.58918e-12 1.331e-12 7.76088e-12 9.0434e-10 4.52977e-09 0.000201661 0.999798 
2.52427e-05 0.000337692 0.00171505 0.00642456 0.0293808 0.0854206 0.779548 0.0737557 0.0195891 0.003803 
6.78081e-09 1.10917e-07 2.06785e-06 7.42625e-06 2.88072e-06 2.99397e-05 0.000255548 0.00100979 0.00381243 0.99488 
3.79121e-07 6.19944e-06 0.000115645 0.000413775 0.00011523 8.47035e-05 0.00071425 0.00524269 0.0227988 0.970508 
1.64738e-07 2.65317e-06 3.98883e-05 0.000216731 0.00114086 0.00694321 0.0939097 0.547735 0.314128 0.0358839 
1.06881e-07 1.69099e-06 2.81842e-05 0.000104761 0.000236639 0.00192652 0.00915743 0.0397648 0.0698584 0.878922 
2.02956e-30 5.28282e-27 1.15135e-23 2.04732e-20 1.6943e-18 1.34139e-14 3.93939e-11 2.35251e-08 0.000171391 0.999829 
4.33849e-07 6.37211e-06 9.65529e-05 0.00105316 0.017236 0.723429 0.0976862 0.106685 0.0439716 0.0098363 
3.60484e-07 3.49029e-06 3.14476e-05 0.000393879 0.00156878 0.00979098 0.0530452 0.462745 0.432713 0.0397081 
3.94552e-07 6.44467e-06 0.00011981 0.000428995 0.000135497 0.000311222 0.00315169 0.0120476 0.0436681 0.94013 
2.73142e-07 4.46647e-06 8.3317e-05 0.00029813 8.43206e-05 9.153e-05 0.00176809 0.0117142 0.886298 0.099658 
2.09636e-05 0.000269133 0.00110286 0.00378586 0.0268746 0.530587 0.332825 0.0852409 0.0164853 0.00280889 
4.00939e-07 6.55622e-06 0.000122299 0.000437607 0.000123266 0.000398146 0.00877701 0.848664 0.0683642 0.0731068 
2.39455e-07 2.55715e-06 1.95491e-05 0.000387174 0.00202432 0.0125424 0.059244 0.817738 0.0830714 0.0249702 
8.83582e-05 0.00117543 0.0127188 0.328267 0.428325 0.130059 0.066943 0.0262651 0.00535685 0.000800738 
7.70948e-05 0.000963975 0.00676679 0.0335983 0.114013 0.182083 0.628054 0.0291268 0.0045953 0.000721166 
1.24414e-07 1.97953e-06 3.28277e-05 0.00014969 0.000258163 0.00205287 0.00903728 0.0371411 0.304244 0.647082 
3.18794e-05 0.00040656 0.00296816 0.0141724 0.180864 0.445934 0.27168 0.0683063 0.0138042 0.00183217 
1.32985e-06 1.71534e-05 8.19458e-05 0.000787756 0.00473158 0.020677 0.0918218 0.754622 0.0984234 0.0288359 
3.70424e-08 6.02748e-07 1.09086e-05 4.10718e-05 0.000129896 0.00169232 0.0136882 0.0582356 0.870827 0.055374 
2.45602e-09 4.01579e-08 7.45782e-07 2.69248e-06 1.67382e-06 5.28716e-05 0.000330251 0.00196198 0.00722767 0.990422 
0.0198688 0.145843 0.682977 0.099649 0.042408 0.00718792 0.00182417 0.000227826 1.48082e-05 3.91193e-07 
8.97923e-06 0.000112668 0.000408606 0.00169098 0.00798538 0.0315863 0.106005 0.754117 0.0797008 0.0183836 
1.9447e-07 3.17995e-06 5.93112e-05 0.000212258 6.08139e-05 0.000117236 0.00139508 0.00567404 0.0182336 0.974244 
0.000390306 0.00363284 0.0259423 0.677746 0.161552 0.100892 0.0242192 0.00447732 0.00111447 3.28695e-05 
4.63406e-05 0.000573783 0.00312541 0.0135713 0.0734165 0.788627 0.0829225 0.029537 0.00716035 0.00102028 
0.00540956 0.0308497 0.0779837 0.232001 0.60964 0.0401793 0.00364342 0.000276113 1.67726e-05 4.04405e-07 
3.4079e-10 5.5681e-09 1.02385e-07 3.74681e-07 3.4099e-07 9.93517e-06 0.00016249 0.000258185 0.00128174 0.998287 
3.36026e-07 3.70952e-06 4.60041e-05 0.000341769 0.000968635 0.00631677 0.0407978 0.764422 0.132055 0.0550481 
0.000588634 0.00690462 0.0395015 0.176527 0.158528 0.340831 0.269961 0.0061372 0.000965571 5.46504e-05 
5.27232e-05 0.000647656 0.00440326 0.0202034 0.0914804 0.751261 0.0984712 0.0280173 0.00494511 0.000518016 
4.39672e-12 9.78624e-11 2.2352e-09 2.21857e-08 4.32733e-07 1.67563e-05 0.000109092 0.00109456 0.00544266 0.993336 
1.36809e-07 2.22012e-06 3.1132e-05 0.000178602 0.00125486 0.00669309 0.0336193 0.806025 0.110035 0.0421615 
3.0444e-05 0.000426904 0.00393222 0.0199281 0.0725401 0.287974 0.239357 0.347311 0.0236865 0.00481386 
3.48362e-07 5.69647e-06 0.000106258 0.000380238 0.000107922 0.000174568 0.00185723 0.0102215 0.0420406 0.945106 
9.10722e-08 1.48921e-06 2.77766e-05 9.94091e-05 2.88484e-05 8.10369e-05 0.00111253 0.011301 0.927588 0.0597595 
3.0461e-07 4.98104e-06 9.29147e-05 0.000332477 9.40584e-05 0.000135066 0.00167135 0.00907045 0.0381492 0.950449 
3.40248e-07 5.56364e-06 0.000103751 0.000371571 0.000123187 0.000232114 0.0023651 0.0124022 0.0416664 0.94273 
1.97903e-07 2.08421e-06 1.49195e-05 0.000302809 0.00185072 0.0154376 0.826358 0.103838 0.0430843 0.00911186 
7.0393e-32 1.84353e-28 4.02329e-25 7.18049e-22 1.25949e-19 1.4763e-15 1.06228e-11 1.42242e-07 0.000743727 0.999256 
5.13636e-07 8.39905e-06 0.000156666 0.000560673 0.000162546 0.000257219 0.00321627 0.0146675 0.0503151 0.930655 
7.98927e-06 0.000101413 0.000395756 0.00145518 0.00973661 0.0334464 0.0889275 0.772036 0.0779958 0.0158978 
7.14067e-08 1.16766e-06 2.17821e-05 7.79367e-05 2.18034e-05 2.20068e-05 9.76645e-05 0.00155047 0.00527198 0.992935 
3.62078e-07 5.91323e-06 0.000109873 0.000393464 0.000124078 0.00043933 0.00427667 0.0306291 0.860791 0.103231 
1.46186e-07 2.36441e-06 4.06547e-05 0.000152078 0.000345591 0.00457234 0.0366765 0.848409 0.0806062 0.029195 
2.99463e-07 4.8934e-06 9.09618e-05 0.000326701 0.00017996 0.000910609 0.00770353 0.0368579 0.862515 0.0914102 
3.24928e-07 5.31085e-06 9.89266e-05 0.000354116 0.000104976 0.000192001 0.00226612 0.0107131 0.0402653 0.946 
4.63981e-07 7.55308e-06 0.000138817 0.000500128 0.000331889 0.00202297 0.0157424 0.799639 0.101099 0.0805183 
0.00103626 0.0133982 0.0543063 0.181343 0.591477 0.128451 0.0247045 0.00458714 0.000677428 1.92164e-05 
4.6737e-05 0.00112266 0.00858353 0.535811 0.218667 0.182231 0.0431619 0.00865551 0.00154433 0.000176918 
3.57443e-10 5.83649e-09 1.0677e-07 3.9289e-07 3.92462e-07 5.30586e-06 0.000235936 0.000169731 0.00078483 0.998803 
2.08192e-07 3.26695e-06 4.85298e-05 0.000275605 0.00117982 0.0113335 0.0543296 0.785653 0.102935 0.0442409 
1.57508e-07 2.57395e-06 4.78772e-05 0.000171863 8.87565e-05 0.000259969 0.00176628 0.0105801 0.201551 0.785532 
1.26444e-07 2.00179e-06 3.33625e-05 0.000124614 0.000321253 0.00242924 0.0132321 0.0630307 0.848078 0.0727491 
5.9284e-05 0.000696865 0.00368474 0.0171757 0.0851281 0.737617 0.108599 0.0388647 0.00719741 0.000977076 
4.52988e-07 7.40642e-06 0.000138071 0.000494353 0.000161184 0.000261699 0.00326764 0.0147444 0.860414 0.120511 
4.05484e-07 6.62207e-06 0.000122766 0.000443184 0.000360824 0.00218631 0.0172838 0.831308 0.0974701 0.0508179 
0.00839957 0.551084 0.12006 0.170595 0.102846 0.0391613 0.00671813 0.00103442 9.49209e-05 6.55239e-06 
5.66525e-05 0.000797122 0.00461478 0.0153673 0.0666296 0.155653 0.202842 0.528091 0.0226019 0.00334684 
3.88325e-05 0.000501657 0.00314761 0.0174255 0.38303 0.44984 0.0905006 0.0403227 0.0133156 0.00187802 
1.56264e-05 0.000200024 0.000775097 0.00208538 0.0129734 0.0481404 0.0986576 0.818055 0.0173381 0.00175902 
1.19522e-07 1.88134e-06 3.28148e-05 0.000142273 0.00224484 0.181391 0.543718 0.193303 0.0565551 0.0226109 
2.6079e-07 2.75427e-06 3.08464e-05 0.00023872 0.000691644 0.00390205 0.0200834 0.0651374 0.870367 0.0395464 
1.58476e-07 2.41944e-06 3.68648e-05 0.000240801 0.000792951 0.00522457 0.0314896 0.794368 0.121236 0.0466085 
1.311e-07 2.12963e-06 3.87406e-05 0.000141619 0.000232804 0.00143955 0.00837225 0.0373461 0.872831 0.0795952 
