11453
1.58979e-07 2.57947e-06 1.83655e-05 0.000265184 0.00257342 0.0153959 0.0654131 0.124564 0.777389 0.0143778 
1.17413e-07 2.11978e-06 1.94429e-05 0.000375338 0.00435558 0.0327249 0.784933 0.119051 0.0473529 0.011185 
4.49306e-08 7.76178e-07 6.36189e-06 0.000139264 0.00114934 0.00900717 0.0505779 0.887766 0.0441756 0.00717791 
2.28515e-23 7.61022e-21 6.87884e-18 1.15905e-14 3.93253e-12 2.93392e-09 7.81031e-08 1.44537e-05 0.00169591 0.99829 
3.74853e-07 6.12876e-06 0.000114236 0.000409226 0.000149373 0.000254863 0.00268008 0.01265 0.897831 0.0859044 
2.51186e-05 0.000269476 0.00161255 0.00940011 0.0377068 0.334735 0.577558 0.0356641 0.00295578 7.3186e-05 
3.28519e-08 5.37199e-07 1.00197e-05 3.58644e-05 1.07322e-05 1.7279e-05 0.000730008 0.00293665 0.0159377 0.980321 
7.97312e-08 1.29958e-06 2.34131e-05 8.76202e-05 0.000273234 0.00128685 0.00900617 0.333772 0.558092 0.0974575 
2.37839e-05 0.000319171 0.00115889 0.00537905 0.0445481 0.13545 0.755766 0.0487251 0.00763703 0.000992628 
1.13303e-07 1.85054e-06 3.42404e-05 0.000125227 0.000183421 0.00144058 0.00969301 0.0531934 0.895126 0.0402017 
3.74195e-09 6.11932e-08 1.14095e-06 4.08633e-06 1.31789e-06 3.91048e-06 0.000180592 0.00106585 0.00935589 0.989387 
1.15717e-12 2.18853e-11 4.17026e-10 5.24299e-09 1.32891e-07 4.79987e-06 0.000243048 0.00130361 0.0123826 0.986066 
1.0758e-07 2.59583e-06 5.37092e-05 0.000674699 0.00182971 0.0134581 0.057865 0.87678 0.0413477 0.00798823 
3.48516e-07 5.55662e-06 8.37306e-05 0.00073046 0.00657535 0.0503285 0.822887 0.0854972 0.0272076 0.00668482 
3.50732e-07 5.73526e-06 0.000106988 0.000382807 0.000107181 7.60508e-05 0.0017168 0.00752075 0.0339967 0.956087 
0.000137924 0.00091636 0.0139931 0.262103 0.431941 0.103757 0.164522 0.0205201 0.00198597 0.000122658 
1.60709e-07 2.62836e-06 4.89654e-05 0.000177051 0.000140316 0.000966964 0.00604974 0.0389238 0.0867053 0.866985 
5.34168e-10 8.73436e-09 1.62335e-07 5.84503e-07 4.08993e-07 4.22007e-06 0.000232109 0.00124766 0.00678194 0.991733 
4.56607e-07 7.46654e-06 0.000139284 0.000498368 0.000139933 0.000129934 0.00222376 0.01143 0.0448766 0.940554 
2.43055e-05 0.000383824 0.0019152 0.0204672 0.700383 0.131629 0.0921756 0.0430209 0.00909777 0.000903533 
2.7731e-17 9.50173e-16 6.73529e-14 1.10927e-11 3.15093e-09 5.01971e-07 0.000164565 0.000329144 0.00776028 0.991746 
2.27504e-08 3.65423e-07 6.19126e-06 2.52797e-05 0.000203213 0.00183698 0.0152889 0.816195 0.116 0.0504444 
1.52794e-07 2.10328e-06 3.39495e-05 0.000373513 0.00349887 0.0254602 0.814274 0.110714 0.0374793 0.00816392 
6.48193e-08 1.05565e-06 1.92679e-05 7.15531e-05 0.000178174 0.00126678 0.0101606 0.053662 0.900456 0.0341848 
4.37673e-07 7.15653e-06 0.000133416 0.000478084 0.000170072 0.00155047 0.755605 0.0889962 0.0938879 0.0591713 
3.46012e-07 5.65804e-06 0.000105535 0.00037798 0.000128591 0.000178713 0.0019869 0.0101732 0.0359335 0.95111 
1.7051e-07 2.78561e-06 5.16843e-05 0.000186916 0.000162042 0.00122271 0.0147052 0.837352 0.092436 0.0538803 
4.49465e-07 7.34906e-06 0.000137034 0.000490586 0.000157156 0.000245799 0.00279961 0.0134932 0.860383 0.122286 
8.06855e-08 1.41711e-06 1.14716e-05 0.000196965 0.00211008 0.0150414 0.780734 0.138051 0.0533968 0.0104576 
8.32353e-08 1.37679e-06 2.50277e-05 9.47331e-05 0.000219487 0.00165476 0.0112637 0.0536536 0.89892 0.0341673 
7.90653e-08 1.28907e-06 2.36331e-05 8.72094e-05 0.000181024 0.0011326 0.00751559 0.0458412 0.906717 0.0385007 
4.0189e-08 6.34678e-07 7.79157e-06 9.03932e-05 0.000481488 0.00390452 0.0145301 0.0429697 0.878725 0.0592906 
6.28477e-08 1.04125e-06 1.70815e-05 9.10125e-05 0.000531198 0.00216794 0.013356 0.0446329 0.899705 0.0394976 
0.000259143 0.00420356 0.0354918 0.591493 0.161189 0.111975 0.062174 0.0273563 0.00547604 0.000382308 
6.84492e-43 1.15341e-38 8.43778e-34 1.0285e-28 4.78927e-24 1.65614e-19 1.99191e-14 1.74683e-09 0.000168993 0.999831 
5.98693e-05 0.00075426 0.0049194 0.0379639 0.1395 0.706221 0.0850768 0.0220264 0.00336621 0.000112485 
2.63165e-26 6.82922e-23 1.48615e-19 2.62165e-16 1.26958e-14 2.93446e-10 1.65266e-08 7.10368e-06 0.00103644 0.998956 
1.09611e-05 0.000362778 0.00521676 0.271669 0.537862 0.0915123 0.058714 0.0285838 0.00547498 0.000593221 
1.73793e-07 2.84191e-06 5.3014e-05 0.000189687 5.32443e-05 4.37633e-05 0.000692563 0.00312464 0.0110593 0.984781 
2.98057e-06 4.10696e-05 0.000328515 0.00237179 0.0107537 0.0399871 0.451036 0.474877 0.0190092 0.00159235 
2.30906e-07 3.77583e-06 7.0436e-05 0.000252021 7.05261e-05 5.48331e-05 0.000993189 0.00735313 0.0280221 0.96318 
1.63569e-07 2.67471e-06 4.98945e-05 0.000178527 5.02791e-05 4.86052e-05 0.000947993 0.00465835 0.0223965 0.971667 
3.42901e-07 5.6072e-06 0.000104598 0.000374259 0.000105003 9.28175e-05 0.00131813 0.00932379 0.921647 0.0670287 
7.11365e-08 1.20552e-06 1.64449e-05 0.000135497 0.000787404 0.00509724 0.0234976 0.533659 0.4156 0.0212062 
1.42379e-07 2.37664e-06 3.83323e-05 0.000223658 0.00108273 0.00553752 0.0263289 0.0620032 0.886722 0.0180615 
6.433e-08 1.12101e-06 9.06573e-06 0.000162918 0.00183827 0.0168158 0.811234 0.121693 0.0402587 0.00798754 
3.27981e-07 5.36321e-06 0.000100047 0.000357976 0.000100409 9.976e-05 0.00131332 0.00744649 0.0291668 0.961409 
0.00503682 0.463173 0.160378 0.210042 0.115544 0.0383044 0.00677107 0.000697829 5.20429e-05 7.01112e-07 
1.23017e-06 1.77751e-05 0.000140524 0.000779072 0.00663054 0.561597 0.242668 0.0576687 0.120101 0.0103954 
2.98016e-07 4.87324e-06 9.09081e-05 0.000325274 9.11865e-05 0.000102515 0.00200168 0.0163972 0.919376 0.0616104 
1.99603e-07 3.26393e-06 6.08858e-05 0.000217843 6.08586e-05 2.94731e-05 0.00096802 0.00501025 0.0313674 0.962282 
2.34334e-07 2.48376e-06 1.62784e-05 0.000276401 0.00235401 0.0130861 0.766664 0.136314 0.0642445 0.0170417 
4.13818e-19 6.22496e-17 1.48582e-14 9.34206e-12 2.89836e-09 4.5662e-07 0.000153947 0.000452388 0.00861008 0.990783 
0.000437426 0.00391691 0.0657707 0.37532 0.382714 0.141309 0.0241897 0.00531907 0.00100669 1.75805e-05 
5.17233e-08 8.48245e-07 6.82572e-06 0.000170673 0.0013699 0.00931396 0.0401835 0.0927085 0.827264 0.028982 
7.69152e-08 1.25246e-06 2.28353e-05 8.48425e-05 0.00021298 0.00122864 0.00881435 0.0439415 0.893485 0.0522082 
4.27748e-06 5.18015e-05 0.000376282 0.00284293 0.0124422 0.0402259 0.0994815 0.819579 0.0232352 0.00176132 
7.64224e-08 1.31598e-06 2.4102e-05 0.00021706 0.00338055 0.0277652 0.429101 0.508631 0.024078 0.00680181 
4.26288e-07 6.97088e-06 0.000130024 0.000465837 0.000166115 0.000333479 0.00273402 0.0205946 0.892725 0.0828439 
2.23963e-07 2.17087e-06 1.36529e-05 0.000249393 0.0018222 0.00751283 0.026192 0.0686688 0.865205 0.0303333 
2.83365e-07 2.97931e-06 2.07432e-05 0.000374554 0.00302916 0.0272121 0.794688 0.119121 0.0456144 0.00993685 
2.87643e-07 4.70241e-06 8.76157e-05 0.000313914 0.000118205 0.0002979 0.00267986 0.0120756 0.0355223 0.9489 
1.16363e-06 1.75628e-05 0.000127532 0.000670553 0.0055318 0.0351805 0.821683 0.0966619 0.0330241 0.00710147 
3.1663e-07 5.17269e-06 9.60042e-05 0.000345842 0.000238123 0.000709012 0.0062667 0.0271861 0.0647111 0.900442 
2.62377e-07 4.29042e-06 8.00358e-05 0.000286349 7.94471e-05 3.24116e-05 0.000876259 0.0047331 0.0223031 0.971605 
2.12081e-07 3.46772e-06 6.4666e-05 0.000231461 7.13149e-05 0.00012872 0.00140695 0.0084964 0.470179 0.519418 
1.00832e-07 1.67342e-06 2.90294e-05 0.000112593 0.000535804 0.00231853 0.0142293 0.31126 0.638542 0.0329716 
3.01059e-07 4.92298e-06 9.18368e-05 0.000328589 9.17633e-05 8.46001e-05 0.00129617 0.00615658 0.0238038 0.968141 
1.87669e-07 3.06566e-06 5.68138e-05 0.000205927 0.000200994 0.00110958 0.00711716 0.0380091 0.082316 0.870981 
1.36072e-07 2.22509e-06 4.15076e-05 0.000148525 4.18932e-05 4.75534e-05 0.000633906 0.00355878 0.0167097 0.978816 
1.8202e-07 2.75235e-06 3.06186e-05 0.000452804 0.00314809 0.0165159 0.772007 0.141968 0.0547246 0.0111503 
2.19543e-32 5.74904e-29 1.25339e-25 2.21075e-22 2.06875e-20 2.26248e-16 1.73984e-12 3.15936e-08 0.000376225 0.999624 
5.0567e-07 8.26788e-06 0.000154096 0.000552901 0.000246032 0.000655568 0.00332639 0.0198139 0.872926 0.102316 
3.39418e-07 5.55032e-06 0.000103538 0.000370572 0.000108425 0.000208025 0.00249735 0.0194719 0.912929 0.064305 
4.0827e-09 6.6771e-08 1.24537e-06 4.46309e-06 1.51702e-06 7.4701e-06 0.000131212 0.000689607 0.00687025 0.992294 
7.23664e-08 1.15778e-06 1.7938e-05 9.07802e-05 0.000371504 0.00459255 0.034904 0.85129 0.079789 0.0289425 
1.63176e-09 2.66827e-08 4.97584e-07 1.78662e-06 7.77672e-07 2.51034e-05 0.000165221 0.00117319 0.00598469 0.992649 
3.03807e-07 4.96797e-06 9.2676e-05 0.000331621 9.34936e-05 0.000147532 0.00148728 0.0111145 0.0422373 0.94449 
7.7467e-05 0.000998907 0.00600073 0.033684 0.115454 0.747574 0.0763556 0.0175272 0.00223242 9.57356e-05 
1.29382e-06 1.85692e-05 0.000158235 0.00136361 0.00633852 0.0245262 0.0663685 0.823523 0.0659393 0.0117626 
0.00254113 0.02057 0.477218 0.248763 0.174579 0.064116 0.010748 0.00124957 0.000213357 1.23846e-06 
4.68596e-07 7.65843e-06 0.000142512 0.000511274 0.000244369 0.00104197 0.00928059 0.793101 0.12011 0.0755597 
1.12898e-05 0.000308912 0.00528378 0.0219921 0.11003 0.199654 0.552819 0.0766589 0.0271121 0.00613044 
5.13031e-09 8.4085e-08 1.54809e-06 6.03721e-06 1.68007e-05 0.00058331 0.00578875 0.0749658 0.710225 0.208413 
7.14552e-08 1.19421e-06 2.05879e-05 0.000104581 0.000324084 0.0024999 0.0159016 0.0599413 0.890276 0.0309307 
7.48296e-08 1.20768e-06 1.99013e-05 9.16751e-05 0.000410243 0.00344633 0.0130739 0.0513914 0.900818 0.0307468 
2.56764e-14 2.57063e-12 1.11748e-10 5.7178e-09 1.21026e-07 6.07197e-06 0.000262541 0.00228844 0.016601 0.980842 
5.74413e-12 1.12268e-10 2.12286e-09 2.34068e-08 5.24795e-07 1.77536e-05 0.000171157 0.00313644 0.016715 0.979959 
5.87899e-06 6.70938e-05 0.000371876 0.00311105 0.0161614 0.0721712 0.785045 0.0993374 0.0211499 0.00257918 
8.00561e-08 1.30503e-06 2.39306e-05 8.81715e-05 0.000181287 0.00124646 0.0087352 0.0464635 0.899383 0.0438768 
3.70021e-08 6.0738e-07 4.57804e-06 9.72944e-05 0.000852325 0.00576364 0.0313091 0.0728462 0.871171 0.0179556 
1.07896e-25 2.75224e-22 5.97137e-19 1.06191e-15 7.251e-14 1.07794e-09 6.35524e-08 3.96419e-05 0.00242432 0.997536 
1.36396e-08 2.19798e-07 3.77515e-06 1.52018e-05 0.000104295 0.000733898 0.00726975 0.036705 0.491628 0.463539 
0.000244223 0.00173831 0.0169483 0.260502 0.439932 0.230337 0.0383618 0.0106441 0.00123251 5.92948e-05 
1.34508e-07 2.19777e-06 4.05218e-05 0.000151828 0.000196479 0.00181905 0.0173808 0.0806781 0.848501 0.0512298 
1.11935e-08 1.83039e-07 3.41434e-06 1.22185e-05 3.50429e-06 6.44119e-06 0.000179668 0.00131636 0.0109324 0.987546 
4.71271e-08 9.62266e-07 1.51177e-05 0.000427541 0.00668274 0.125733 0.443982 0.25226 0.160107 0.0107916 
5.81491e-07 9.53677e-06 0.0001757 0.000638121 0.000601536 0.00240604 0.0155103 0.0658379 0.861518 0.0533024 
8.02876e-08 1.29133e-06 2.04554e-05 0.000102402 0.000523364 0.00441436 0.0202011 0.0688178 0.87362 0.032299 
7.76516e-09 1.27032e-07 2.37013e-06 8.51383e-06 3.48694e-06 6.83617e-05 0.000488485 0.00426167 0.016913 0.978254 
6.98841e-05 0.000662017 0.00363046 0.0187745 0.0902359 0.763737 0.0935186 0.025375 0.00384128 0.00015525 
8.12789e-08 1.32506e-06 2.38769e-05 9.17066e-05 0.000289756 0.00160571 0.0101049 0.0544438 0.891636 0.0418026 
1.38002e-07 2.33418e-06 4.08752e-05 0.000164397 0.000548721 0.00561699 0.0407723 0.868483 0.0634493 0.0209223 
4.85912e-27 1.03681e-23 2.15836e-20 3.92798e-17 8.17714e-15 6.66756e-12 3.60956e-09 4.35214e-06 0.000450764 0.999545 
2.70168e-10 4.41836e-09 8.22281e-08 2.96132e-07 2.11876e-07 2.37634e-06 5.41801e-05 0.000737869 0.00491814 0.994287 
3.68965e-07 6.03238e-06 0.000112437 0.000402662 0.000138833 0.000325354 0.00394724 0.0278312 0.885323 0.0819133 
2.83215e-07 4.63121e-06 8.63924e-05 0.000309117 8.67189e-05 8.91523e-05 0.00107714 0.00585324 0.935009 0.0574841 
9.22435e-08 1.50839e-06 2.81367e-05 0.000100681 2.85899e-05 3.30476e-05 0.000566394 0.00663788 0.947834 0.0447701 
0.00288486 0.412814 0.0691122 0.151403 0.183162 0.0749212 0.0895591 0.0153849 0.00072445 3.33308e-05 
0.00726591 0.0830433 0.735944 0.120925 0.0456491 0.00627198 0.000797683 9.19765e-05 1.08587e-05 2.12766e-07 
6.89851e-08 1.22169e-06 1.01055e-05 0.000183292 0.00188808 0.0139673 0.0701734 0.851503 0.05283 0.00944329 
3.83784e-07 6.27345e-06 0.000116838 0.000418801 0.000172547 0.000451068 0.00470639 0.0320573 0.900259 0.0618116 
3.07255e-07 4.70305e-06 5.2822e-05 0.000495893 0.00566323 0.373908 0.494536 0.0867746 0.0306218 0.00794322 
1.72253e-07 2.81622e-06 5.24972e-05 0.000188072 6.89762e-05 0.00054098 0.00486723 0.448317 0.492167 0.0537957 
9.01657e-08 1.46943e-06 2.68833e-05 9.92188e-05 0.000216702 0.00102084 0.00560165 0.0249911 0.897586 0.0704562 
3.45325e-07 5.64682e-06 0.000105337 0.000376894 0.000105539 8.30524e-05 0.00110632 0.00720558 0.914784 0.0762273 
3.67656e-07 6.01198e-06 0.000112149 0.000401271 0.000112567 0.000140502 0.00214594 0.0111745 0.894935 0.0909712 
6.60611e-08 1.14457e-06 9.07597e-06 0.000146148 0.00172507 0.00879505 0.0436127 0.0985372 0.827079 0.0200946 
1.84908e-06 2.72206e-05 0.000259871 0.00355434 0.0400089 0.428166 0.418815 0.0706548 0.0307577 0.00775393 
0.0014111 0.011251 0.0610139 0.196916 0.598772 0.10596 0.0206941 0.00341183 0.000557621 1.25363e-05 
3.35357e-05 0.000398867 0.00113432 0.00519224 0.0256923 0.0817465 0.802439 0.069276 0.0120197 0.00206766 
9.33971e-07 1.39681e-05 0.000119228 0.00092327 0.00479635 0.032971 0.108907 0.80763 0.0372767 0.00736167 
2.97375e-28 7.39682e-25 1.61316e-21 3.17237e-18 8.1742e-16 2.03055e-12 2.91087e-09 1.0319e-06 0.00200141 0.997998 
4.68272e-07 7.6573e-06 0.000142844 0.000511098 0.000143068 0.000127545 0.00202661 0.0100457 0.0401536 0.946841 
2.35859e-05 0.000323838 0.00266305 0.0155441 0.451452 0.392325 0.0956818 0.0338634 0.00730214 0.000821645 
4.62066e-07 7.55573e-06 0.000140947 0.000504272 0.000139889 3.77583e-05 0.00150298 0.00588083 0.0291596 0.962626 
5.51776e-08 9.92051e-07 1.0081e-05 0.000194927 0.00295675 0.0257143 0.867428 0.0709468 0.0267817 0.00596634 
3.22166e-08 5.23836e-07 9.41991e-06 4.28347e-05 0.000495981 0.0132266 0.127229 0.521572 0.172835 0.164588 
4.97318e-07 8.13224e-06 0.000151704 0.000542771 0.000150904 0.000102153 0.00112017 0.00726115 0.029926 0.960736 
5.62458e-08 9.18698e-07 1.70054e-05 6.20741e-05 8.95236e-05 0.000689323 0.00534938 0.0284236 0.906073 0.0592951 
3.61657e-07 5.91389e-06 0.000110313 0.000394791 0.000112944 0.000408889 0.00334282 0.0248261 0.0677055 0.903092 
1.24204e-07 2.06684e-06 3.27171e-05 0.000202859 0.000978112 0.00547981 0.025829 0.062984 0.872423 0.0320685 
2.06845e-27 5.09286e-24 1.10264e-20 2.0812e-17 3.67724e-15 9.80733e-12 1.89134e-09 9.03009e-07 0.00131052 0.998689 
3.52212e-07 5.75947e-06 0.00010744 0.000384429 0.00010793 0.000109965 0.00156206 0.00893968 0.0374585 0.951324 
1.36947e-07 2.23991e-06 4.17407e-05 0.000151118 0.000125701 0.00071743 0.00304788 0.0169259 0.0421021 0.936886 
4.76089e-07 7.7834e-06 0.000145039 0.000519528 0.000187049 0.000232948 0.00263919 0.0133037 0.0449587 0.938006 
1.53846e-11 3.1713e-10 6.37985e-09 6.50777e-08 1.43799e-06 8.04953e-05 0.000540978 0.00584161 0.0269504 0.966585 
0.00613343 0.0432175 0.168 0.611949 0.129257 0.0339537 0.00671197 0.000722652 5.40063e-05 7.12626e-07 
1.37658e-07 2.29485e-06 3.71901e-05 0.000185212 0.000979918 0.00552284 0.0272038 0.0703874 0.870325 0.0253566 
3.31223e-07 3.53451e-06 2.40762e-05 0.000471243 0.00997395 0.71007 0.0965261 0.1214 0.0506999 0.0108307 
1.08031e-07 1.76071e-06 3.22518e-05 0.000123591 0.000252877 0.00148831 0.0102103 0.450985 0.49292 0.0439858 
1.16064e-05 0.00016388 0.00106592 0.00767177 0.646227 0.16792 0.116592 0.050363 0.00894735 0.00103771 
1.07422e-18 1.30479e-16 1.41186e-14 1.98156e-12 3.59514e-10 1.17714e-07 2.09191e-05 0.000250911 0.0026436 0.997084 
5.05686e-05 0.000601469 0.00280553 0.0143406 0.0737551 0.81704 0.07281 0.0161401 0.00237842 7.7816e-05 
3.97114e-06 4.6122e-05 0.000302437 0.00236557 0.0120136 0.126506 0.112198 0.726483 0.018374 0.00170812 
1.08485e-07 1.77306e-06 3.27398e-05 0.000153775 0.00375659 0.408553 0.0488101 0.464741 0.0528972 0.0210546 
3.03489e-06 4.27299e-05 0.00030752 0.00246537 0.0177473 0.0777301 0.821062 0.0682569 0.0109965 0.0013884 
3.35778e-07 5.49079e-06 0.000102424 0.000366637 0.000110727 0.000243371 0.0013645 0.0129325 0.533545 0.451329 
3.56104e-07 5.82148e-06 0.000108461 0.000388619 0.000149159 0.000581953 0.00492433 0.0312296 0.874969 0.087643 
1.91223e-10 3.12887e-09 5.81027e-08 2.17006e-07 3.95912e-07 1.35068e-05 0.000313719 0.0033104 0.0201279 0.976234 
3.63556e-08 5.94548e-07 1.10913e-05 3.97129e-05 1.20158e-05 5.29701e-05 0.000466319 0.00267967 0.00902892 0.987709 
1.57911e-06 2.40316e-05 0.00022515 0.00173035 0.00986329 0.0551687 0.117555 0.795172 0.0183152 0.00194465 
5.48669e-08 8.98231e-07 1.43625e-05 9.64339e-05 0.000378993 0.00253838 0.0116746 0.132878 0.733646 0.118772 
2.88619e-09 4.71995e-08 8.78328e-07 3.15343e-06 1.42067e-06 5.97407e-06 0.000348327 0.00117845 0.00490154 0.99356 
7.84658e-08 1.28151e-06 2.37624e-05 8.57172e-05 7.05502e-05 0.000974712 0.010239 0.237232 0.706606 0.0447668 
6.82288e-08 1.20876e-06 1.00452e-05 0.000180903 0.00202637 0.0242903 0.802713 0.115817 0.0453799 0.00958121 
2.51966e-07 4.12021e-06 7.68608e-05 0.000275007 7.68288e-05 5.92506e-05 0.000931191 0.00555833 0.026098 0.96692 
7.49842e-08 1.26421e-06 1.42654e-05 0.000123726 0.00147543 0.0088945 0.0525313 0.864033 0.0570379 0.0158882 
4.37918e-07 7.16092e-06 0.000133581 0.000477964 0.000134916 0.000359373 0.00396231 0.0244372 0.899786 0.0707016 
5.06909e-07 8.28502e-06 0.000154183 0.000553024 0.00025368 0.000400007 0.00436251 0.0213332 0.884037 0.0888973 
1.84741e-06 2.56663e-05 0.000216664 0.00174584 0.00902172 0.0404537 0.0879964 0.824526 0.0324238 0.00358855 
0.00281228 0.0248652 0.111747 0.623827 0.174915 0.0527282 0.00825364 0.000796339 5.47367e-05 6.95153e-07 
3.48885e-07 5.70496e-06 0.000106407 0.000380805 0.000111565 0.000317158 0.00254257 0.0116287 0.0388982 0.946009 
2.37485e-07 3.87892e-06 7.18796e-05 0.000260377 0.000263523 0.00107779 0.00628658 0.0320805 0.886461 0.0734944 
3.80447e-07 6.22115e-06 0.000116052 0.000415224 0.000115896 7.6967e-05 0.00138116 0.00655214 0.029459 0.961877 
2.46024e-06 3.41337e-05 0.000250632 0.00187455 0.012823 0.0603792 0.128083 0.777994 0.0167134 0.00184541 
4.08419e-07 6.67546e-06 0.000124222 0.000445823 0.000210344 0.000670932 0.00728001 0.447959 0.483393 0.0599095 
3.71235e-07 6.07051e-06 0.000113242 0.000405174 0.000113239 9.07713e-05 0.00223245 0.0134306 0.912358 0.0712503 
7.90721e-08 1.29134e-06 2.38573e-05 8.74798e-05 0.000136248 0.00078493 0.00470369 0.0236144 0.904323 0.0663251 
2.83847e-07 4.64157e-06 8.65837e-05 0.000309829 8.86461e-05 0.000521586 0.00627282 0.852806 0.0791935 0.0607162 
4.29446e-10 7.02547e-09 1.30832e-07 4.71185e-07 2.69685e-07 5.86714e-06 6.47754e-05 0.000362758 0.00208873 0.997477 
2.03654e-07 3.3302e-06 6.21215e-05 0.000222279 6.25464e-05 4.92097e-05 0.00128095 0.00607245 0.0244812 0.967766 
1.63737e-46 1.02591e-41 1.51193e-36 3.21743e-31 3.74429e-26 5.81393e-21 2.14064e-15 4.80346e-10 4.89195e-05 0.999951 
2.16783e-13 5.02248e-12 1.1811e-10 5.06189e-09 1.1166e-07 5.43072e-06 0.000255454 0.00235797 0.935681 0.0617001 
2.20678e-05 0.000245098 0.00121219 0.00914251 0.0518457 0.797562 0.102758 0.0328083 0.00414365 0.000260371 
1.29382e-05 0.000176792 0.000875512 0.00464933 0.0246011 0.0773244 0.834682 0.0495687 0.00739116 0.000718491 
3.39717e-07 5.55511e-06 0.000103628 0.000370771 0.000103486 7.21126e-05 0.00141302 0.00718657 0.905804 0.0849406 
0.00498329 0.0283472 0.0999046 0.207156 0.59882 0.0548033 0.00573288 0.000217119 3.60006e-05 2.83776e-07 
3.32032e-07 5.42918e-06 0.00010127 0.000362496 0.000112281 0.0004721 0.00422021 0.38765 0.53625 0.0708253 
3.50358e-17 2.8671e-15 1.26257e-13 6.23804e-12 3.75441e-10 9.92255e-08 2.06826e-06 0.000213029 0.00903424 0.990751 
4.08447e-07 6.679e-06 0.000124591 0.000445822 0.000127093 0.000145435 0.00217805 0.0152728 0.0475605 0.934139 
5.28765e-06 6.44456e-05 0.000456129 0.00355501 0.0151646 0.066453 0.807597 0.089073 0.0163195 0.00131192 
6.94495e-08 1.13566e-06 2.11843e-05 7.58001e-05 2.13914e-05 2.03984e-05 0.000345502 0.00151158 0.0087587 0.989244 
1.01074e-07 1.65847e-06 2.78181e-05 0.000156442 0.000532508 0.00522859 0.0337908 0.889072 0.0539538 0.0172363 
3.98213e-08 6.58527e-07 4.99419e-06 7.89178e-05 0.000865582 0.00427348 0.019232 0.0555121 0.885134 0.0348978 
3.05859e-07 5.00148e-06 9.32991e-05 0.000333833 9.3833e-05 8.99477e-05 0.00160955 0.00840773 0.037805 0.951562 
8.20944e-06 0.000112337 0.000627018 0.00309808 0.0166854 0.164202 0.723238 0.0737192 0.0156074 0.00270253 
6.06368e-08 9.9157e-07 1.84974e-05 6.61953e-05 1.89107e-05 4.73254e-05 0.000239005 0.0017833 0.007126 0.9907 
8.26902e-08 1.35239e-06 2.52106e-05 9.09004e-05 6.56072e-05 0.000316121 0.00230579 0.0234177 0.913089 0.0606886 
1.00767e-07 1.72087e-06 2.18564e-05 0.000190817 0.00168183 0.00848202 0.0447823 0.100811 0.829252 0.0147766 
8.69559e-08 1.47387e-06 1.16912e-05 0.000221695 0.00204526 0.0168903 0.775891 0.131114 0.058975 0.0148494 
5.09686e-27 1.32855e-23 2.8923e-20 5.07097e-17 1.82985e-15 6.25105e-11 2.72339e-09 1.40523e-06 0.000595688 0.999403 
4.03398e-07 6.5998e-06 0.000122297 0.000441188 0.00033816 0.00318826 0.0306571 0.854839 0.0676343 0.0427725 
1.13741e-10 1.86257e-09 3.47853e-08 1.32093e-07 2.2051e-07 7.82281e-06 0.000232022 0.00231867 0.0165152 0.980926 
7.88323e-07 1.2049e-05 0.000110702 0.000689958 0.00461304 0.0295561 0.088975 0.838415 0.032148 0.00547927 
5.13831e-08 8.98811e-07 7.29815e-06 0.000121991 0.0014846 0.0152475 0.0763645 0.865919 0.0339347 0.00691967 
3.98876e-07 6.5225e-06 0.000121709 0.000435492 0.00012521 0.000850657 0.0116577 0.845838 0.0840387 0.0569252 
1.95353e-06 2.60983e-05 0.000202482 0.00146039 0.0100342 0.0500667 0.11046 0.794706 0.0300567 0.00298537 
4.44053e-07 7.26126e-06 0.000135455 0.00048466 0.000136054 0.000227838 0.00246375 0.0132998 0.0445883 0.938656 
5.56842e-07 9.10555e-06 0.000169859 0.000607716 0.000168869 5.6042e-05 0.00174393 0.00582302 0.0196427 0.971778 
1.12236e-07 1.91223e-06 3.19636e-05 0.000128099 0.000781569 0.0118758 0.768918 0.105789 0.0804996 0.0319738 
7.67021e-27 1.98558e-23 4.31799e-20 7.60658e-17 3.50011e-15 8.15977e-11 4.33165e-09 2.16898e-06 0.000558357 0.999439 
3.59925e-07 5.88558e-06 0.000109794 0.000392847 0.000110147 0.000192908 0.00276505 0.0233666 0.893996 0.0790601 
1.05993e-07 1.72215e-06 3.0734e-05 0.000119222 0.000338288 0.00181424 0.00952057 0.0415003 0.0740836 0.872591 
3.75399e-07 6.13864e-06 0.000114509 0.00040978 0.000116768 0.00015592 0.00249858 0.0164483 0.899679 0.0805707 
2.36194e-07 3.86136e-06 7.19671e-05 0.000257984 0.000103605 0.000600145 0.00614704 0.0419085 0.891372 0.0595345 
5.82643e-07 9.01464e-06 9.7185e-05 0.00209165 0.0275761 0.727321 0.0918264 0.0987441 0.0428555 0.00947808 
1.18139e-07 1.92755e-06 3.54976e-05 0.00013025 0.000221586 0.00236154 0.0233379 0.83576 0.0798078 0.0583438 
1.61767e-05 0.000306117 0.00172534 0.629912 0.11097 0.103959 0.0780713 0.0494053 0.0209447 0.00469073 
4.04178e-07 6.60916e-06 0.000123289 0.000441105 0.000123007 6.38638e-05 0.00162422 0.00599549 0.0262476 0.965374 
4.44939e-07 7.27576e-06 0.000135724 0.000485634 0.000136568 0.000132521 0.00209819 0.00953882 0.0349662 0.952499 
0.0038739 0.040161 0.381604 0.35027 0.161681 0.051825 0.00932223 0.00118638 7.55419e-05 1.12202e-06 
3.3992e-07 5.55606e-06 0.000103344 0.000372229 0.00024339 0.00120177 0.011467 0.0621994 0.849781 0.0746258 
1.6653e-06 2.45645e-05 0.000191613 0.00608287 0.73833 0.094077 0.0925729 0.0510917 0.0151153 0.00251275 
2.61908e-07 4.28277e-06 7.98925e-05 0.000285864 8.22355e-05 0.000944435 0.0159887 0.886409 0.0429212 0.0532839 
1.1515e-07 1.90563e-06 3.40996e-05 0.000130523 0.000427675 0.00682371 0.801481 0.0884832 0.074022 0.0285958 
3.77903e-07 6.17566e-06 0.00011486 0.000412222 0.000207011 0.000291937 0.00299385 0.0140562 0.884173 0.0977441 
8.05175e-08 1.35385e-06 1.78063e-05 0.000152724 0.00121096 0.00805571 0.0371952 0.324904 0.59804 0.0304226 
3.14125e-07 5.13683e-06 9.5777e-05 0.000343879 0.000154752 0.000783127 0.00425288 0.019193 0.0439738 0.931197 
1.3402e-07 2.28147e-06 3.5883e-05 0.000164076 0.00129727 0.00506605 0.0257475 0.0679585 0.862778 0.0369503 
3.216e-07 5.25885e-06 9.81004e-05 0.000350991 9.79018e-05 7.76919e-05 0.00157937 0.848624 0.0691132 0.0800527 
0.000340055 0.00361737 0.0271735 0.638756 0.199663 0.103299 0.0214811 0.0049691 0.00068627 1.4825e-05 
2.13147e-06 3.03361e-05 0.000260611 0.00187338 0.0119628 0.0649995 0.827607 0.0814575 0.0108563 0.000950895 
1.40738e-10 2.31222e-09 4.33566e-08 1.64403e-07 2.78058e-07 9.6417e-06 0.000202395 0.00218215 0.0152137 0.982392 
4.43647e-07 4.98927e-06 4.98078e-05 0.000737143 0.00383862 0.0171583 0.0656598 0.850472 0.0519006 0.0101782 
9.84046e-15 1.7577e-13 3.29864e-12 1.95295e-11 1.40016e-09 1.65969e-07 5.04368e-05 0.00013579 0.00439773 0.995416 
2.56605e-08 4.19607e-07 7.82754e-06 2.80088e-05 7.97358e-06 5.86232e-05 0.000494088 0.00351028 0.0165372 0.979356 
2.91502e-07 4.76673e-06 8.892e-05 0.000318175 9.01474e-05 0.000224154 0.00191045 0.010849 0.0407715 0.945743 
2.15214e-20 3.34059e-18 8.71275e-16 6.08173e-13 1.91322e-10 3.366e-08 9.8452e-06 7.07732e-05 0.00206274 0.997857 
2.81659e-08 4.73745e-07 7.72394e-06 4.32554e-05 0.000225009 0.00135079 0.00753752 0.0528738 0.921069 0.0168921 
9.19827e-08 1.4763e-06 2.40226e-05 0.000102411 0.00074189 0.00428463 0.0348822 0.0927759 0.842496 0.0246908 
2.99345e-08 4.87222e-07 3.61564e-06 6.99364e-05 0.000828899 0.0042512 0.0201136 0.648742 0.308243 0.0177474 
1.73962e-10 2.8457e-09 5.28261e-08 1.90381e-07 1.1516e-07 4.92614e-07 9.19396e-06 6.44327e-05 0.000543779 0.999382 
3.41852e-08 5.58998e-07 1.04276e-05 3.73088e-05 1.0453e-05 4.77758e-06 0.000454062 0.00111415 0.00890667 0.989462 
2.56167e-07 4.1854e-06 7.77674e-05 0.000279517 0.000167991 0.00112182 0.306762 0.223656 0.359176 0.108754 
0.000885419 0.00901836 0.342833 0.250428 0.271124 0.0980027 0.0222418 0.0048406 0.000601459 2.38375e-05 
3.94111e-07 5.83337e-06 3.72985e-05 0.000385868 0.00312477 0.0142143 0.0509405 0.0881782 0.057332 0.785781 
5.96611e-07 9.7506e-06 0.000181424 0.000650876 0.000309846 0.000841506 0.00790947 0.045312 0.41307 0.531714 
1.43763e-07 2.34895e-06 4.35183e-05 0.000159315 0.000211518 0.00128039 0.00709842 0.0324894 0.0612427 0.897472 
2.21439e-07 2.88677e-06 6.24653e-05 0.000578821 0.00463108 0.0415976 0.731511 0.118298 0.0767028 0.0266145 
3.91333e-15 3.90833e-13 1.69915e-11 8.67095e-10 1.74849e-08 6.12236e-07 1.11785e-05 0.000103466 0.00356767 0.996317 
2.66356e-06 4.13351e-05 0.000342068 0.00355128 0.0227458 0.0801046 0.823399 0.0608853 0.00805477 0.000872605 
4.39521e-08 7.14909e-07 1.29541e-05 4.85265e-05 0.000141637 0.000949632 0.00804596 0.0357787 0.88549 0.0695319 
8.21521e-06 9.16449e-05 0.00046812 0.0034033 0.0179328 0.060641 0.113886 0.775214 0.0258364 0.0025183 
1.18237e-07 1.92194e-06 3.38121e-05 0.000199209 0.000517014 0.00376189 0.0121151 0.0401778 0.0619052 0.881288 
9.14565e-08 1.49243e-06 2.7489e-05 0.000100871 0.000176312 0.00110281 0.0068853 0.0405964 0.922808 0.0283013 
5.54678e-10 9.07563e-09 1.69308e-07 6.11241e-07 3.47227e-07 7.10334e-06 8.26953e-05 0.000882232 0.00870483 0.990322 
5.91216e-07 9.66055e-06 0.000179597 0.000645076 0.000360667 0.000776338 0.00660554 0.305447 0.482664 0.203311 
1.04763e-06 1.59812e-05 0.000130203 0.000936775 0.00722019 0.0388567 0.45657 0.460017 0.0308415 0.00540991 
4.19096e-07 6.85316e-06 0.000127843 0.00045743 0.000129129 0.000493516 0.00527652 0.0349669 0.889683 0.0688581 
5.422e-08 9.51909e-07 7.8067e-06 0.000132761 0.00145243 0.00915467 0.0480003 0.0952169 0.835528 0.0105059 
1.25227e-07 2.04661e-06 3.80398e-05 0.000137271 0.000103721 0.000455532 0.00261031 0.0137204 0.0340407 0.948892 
6.1129e-07 1.00349e-05 0.000185609 0.000671415 0.000545108 0.00423219 0.0338798 0.102516 0.777743 0.0802167 
7.71203e-08 1.26088e-06 2.34389e-05 8.51831e-05 8.99357e-05 0.000936846 0.00564826 0.0348178 0.913739 0.0446582 
9.66408e-08 1.6845e-06 1.49083e-05 0.000251999 0.00246622 0.0183777 0.0892019 0.816092 0.0601757 0.0134174 
1.71807e-06 2.28891e-05 0.00015397 0.00111863 0.0085141 0.0515963 0.847097 0.0717173 0.0167115 0.00306645 
1.56117e-07 2.63312e-06 4.13358e-05 0.000246293 0.00139519 0.00911285 0.0536174 0.875724 0.0474175 0.0124429 
0.000309022 0.00244958 0.0175297 0.573749 0.304903 0.0800767 0.0175169 0.00260936 0.000851915 3.97389e-06 
8.21592e-08 1.34348e-06 2.50617e-05 8.96759e-05 2.53133e-05 4.51664e-05 0.000429235 0.00407437 0.0227267 0.972583 
1.02276e-07 1.77429e-06 2.45482e-05 0.000140527 0.00160559 0.00867617 0.0596541 0.830267 0.0772646 0.0223658 
0.000197187 0.00248418 0.0143792 0.0640881 0.154153 0.709766 0.044979 0.00882018 0.00110981 2.33621e-05 
3.98711e-07 6.51929e-06 0.000121576 0.000435214 0.000137225 0.000492502 0.00453731 0.0288089 0.890288 0.0751721 
5.25977e-08 9.51973e-07 1.69333e-05 0.000135146 0.0015864 0.0349256 0.0390534 0.630835 0.242753 0.0506927 
9.67354e-08 1.55501e-06 1.22077e-05 0.000223377 0.00229221 0.0161087 0.0775537 0.838655 0.0541762 0.0109767 
5.95548e-08 9.67625e-07 1.7151e-05 6.58361e-05 0.00029163 0.00331925 0.0309424 0.843112 0.0882177 0.0340326 
4.24365e-07 6.93926e-06 0.000129448 0.000463147 0.000129241 9.96996e-05 0.00169111 0.00690803 0.0256257 0.964946 
2.53108e-06 3.65872e-05 0.000252688 0.00151839 0.00957726 0.0428793 0.0960543 0.820439 0.026084 0.00315542 
1.37476e-07 2.24805e-06 4.19362e-05 0.000150063 4.25042e-05 5.25079e-05 0.000777723 0.00536263 0.0241412 0.969429 
7.17882e-08 1.20618e-06 9.58399e-06 0.000208791 0.0018499 0.0114419 0.0555627 0.870818 0.0490824 0.0110254 
1.09925e-07 1.79254e-06 3.29138e-05 0.000121734 0.000224156 0.00148903 0.0111051 0.0605894 0.882785 0.0436507 
2.16758e-19 3.37727e-17 8.84061e-15 6.12851e-12 1.92655e-09 3.09028e-07 0.000101046 0.000290218 0.00645388 0.993155 
1.93581e-15 3.16533e-14 5.90331e-13 2.11297e-12 6.41028e-13 1.31039e-12 1.86888e-11 7.12096e-09 2.308e-05 0.999977 
9.45563e-08 1.54611e-06 2.8782e-05 0.000104187 9.18668e-05 0.000719307 0.0059638 0.03723 0.904638 0.0512223 
3.63546e-06 5.94431e-05 0.000588601 0.00509085 0.411907 0.283811 0.255216 0.0367915 0.00593347 0.000598801 
2.14505e-05 0.000262084 0.00221289 0.0129628 0.0645728 0.790886 0.0918348 0.030988 0.00579241 0.000466924 
7.95821e-08 1.33544e-06 2.37134e-05 0.00010366 0.000296812 0.00272244 0.0113563 0.047298 0.903825 0.0343722 
0.000395056 0.0029206 0.0124251 0.0525257 0.687067 0.173761 0.0582334 0.0108242 0.00180952 3.80522e-05 
2.91691e-06 3.92105e-05 0.000285825 0.00235182 0.0135802 0.0622162 0.806577 0.0996772 0.0140033 0.00126642 
4.81101e-17 4.98002e-15 2.70493e-13 2.64759e-11 4.25693e-09 1.0985e-06 0.000219108 0.00236813 0.938852 0.0585598 
4.45557e-07 7.28585e-06 0.000135913 0.000486306 0.000138277 0.00090617 0.0127664 0.853588 0.061636 0.0703356 
9.8425e-09 1.58752e-07 2.71146e-06 1.14294e-05 9.51208e-05 0.00196564 0.0193683 0.842605 0.0967579 0.0391934 
9.11443e-08 1.57447e-06 1.26702e-05 0.000232811 0.00238188 0.0159823 0.0844719 0.823948 0.0610976 0.0118713 
2.67729e-05 0.000362612 0.00253941 0.0121343 0.069424 0.763896 0.101921 0.0403689 0.00852153 0.000804926 
1.17245e-07 1.72167e-06 2.12289e-05 0.0003925 0.00181547 0.022577 0.844562 0.0845553 0.0362301 0.00984436 
2.23667e-07 3.65753e-06 6.82219e-05 0.000244365 8.5097e-05 0.000174989 0.00135137 0.00669456 0.0287374 0.96264 
0.0327073 0.683943 0.194146 0.0618355 0.023327 0.00351785 0.000481504 3.68117e-05 4.90517e-06 4.56291e-08 
3.57305e-07 5.84242e-06 0.000108965 0.000390016 0.000118832 0.000243625 0.00214604 0.0136263 0.0456647 0.937695 
4.12347e-07 6.74277e-06 0.000125782 0.000450044 0.000125825 9.78683e-05 0.00171401 0.00788298 0.0320857 0.957511 
1.50227e-07 2.45657e-06 4.58261e-05 0.000163982 4.6391e-05 7.09568e-05 0.000839185 0.00538806 0.021351 0.972092 
7.79237e-08 1.23721e-06 1.30321e-05 0.000229184 0.00108986 0.00807316 0.0270019 0.0637338 0.0794619 0.820396 
9.87881e-08 1.63565e-06 2.92051e-05 0.000120917 0.000388195 0.00474079 0.0398715 0.850561 0.0793374 0.0249487 
1.51202e-07 2.48869e-06 3.44448e-05 0.000236869 0.00190544 0.00835658 0.0332576 0.0815815 0.841645 0.0329801 
8.18587e-08 1.33858e-06 2.49703e-05 8.93557e-05 2.53859e-05 3.29498e-05 0.00061268 0.00354925 0.0153588 0.980305 
1.19833e-06 2.25833e-05 0.000465971 0.00349263 0.0194473 0.707682 0.157419 0.0821175 0.0240402 0.00531194 
3.06142e-08 5.00618e-07 9.33887e-06 3.34179e-05 9.46366e-06 1.61843e-05 0.000120183 0.000973262 0.394911 0.603927 
2.17844e-05 0.000215184 0.000898088 0.00666494 0.0234181 0.0454176 0.0636038 0.846276 0.0124901 0.000994715 
5.71596e-07 9.34681e-06 0.000174364 0.000623836 0.000173328 0.000145867 0.00261218 0.848433 0.0731225 0.0747048 
4.1517e-07 6.78811e-06 0.000126524 0.000453774 0.000184014 0.00065161 0.00653289 0.0372274 0.888326 0.0664909 
1.88824e-07 3.0877e-06 5.75992e-05 0.000206085 5.74955e-05 4.08987e-05 0.000642851 0.00222128 0.00702769 0.989743 
1.29686e-07 2.12533e-06 3.81299e-05 0.000152556 0.000398595 0.0044937 0.0355751 0.874192 0.061839 0.0233089 
3.17639e-08 5.22857e-07 9.41251e-06 3.76962e-05 0.000108149 0.00106607 0.203737 0.547043 0.232752 0.0152463 
6.85038e-05 0.00154963 0.00742366 0.0338133 0.769571 0.127245 0.0504192 0.00878135 0.00110667 2.11997e-05 
6.09231e-08 9.94759e-07 1.82541e-05 7.36396e-05 0.00218868 0.0204669 0.846867 0.0622207 0.048761 0.0194026 
1.90701e-05 0.000289549 0.00467216 0.133579 0.411894 0.341672 0.0686683 0.0320521 0.00643126 0.000721758 
1.57088e-08 2.55379e-07 4.55081e-06 1.73705e-05 7.19486e-05 0.000480738 0.00372386 0.0190737 0.939072 0.0375556 
4.57351e-05 0.000615398 0.00603341 0.0282635 0.710124 0.16806 0.069999 0.0149717 0.00181076 7.59418e-05 
1.63467e-06 2.30972e-05 0.000180597 0.00120893 0.00950209 0.0539565 0.821106 0.0936169 0.0181459 0.00225874 
2.40813e-07 3.93787e-06 7.34594e-05 0.000262853 7.41234e-05 8.4489e-05 0.00135045 0.00532982 0.0165121 0.976309 
1.42924e-05 0.000179073 0.00142086 0.0107653 0.0538534 0.788785 0.0974683 0.0422955 0.00487757 0.000340885 
8.94143e-08 1.46212e-06 2.72749e-05 9.75896e-05 2.73135e-05 2.14445e-05 0.00027363 0.00227079 0.0107895 0.986491 
3.62617e-10 5.93356e-09 1.0993e-07 4.06867e-07 6.6742e-07 2.25259e-05 0.000525594 0.0102493 0.933797 0.0554039 
4.33688e-07 7.09157e-06 0.000132246 0.000473748 0.00015744 0.000593386 0.00552786 0.0347946 0.859012 0.0993012 
4.91573e-08 8.08653e-07 1.21099e-05 7.95757e-05 0.000471062 0.00364246 0.0237614 0.910489 0.0459617 0.0155817 
1.59272e-05 0.000399745 0.00459629 0.225268 0.562507 0.0677389 0.0806935 0.0542147 0.00408192 0.000483889 
6.80967e-08 1.1873e-06 9.90603e-06 0.000171863 0.00176796 0.0128247 0.0753077 0.843489 0.0552794 0.011148 
3.92543e-05 0.000468339 0.00297413 0.0169571 0.084219 0.800069 0.0759578 0.0167444 0.00248747 8.39732e-05 
4.07535e-07 6.66412e-06 0.000124316 0.000444809 0.000124734 0.000108571 0.0018803 0.00883329 0.0396046 0.948872 
1.01292e-07 1.57419e-06 1.2947e-05 0.000219152 0.00206699 0.0139855 0.779473 0.138457 0.0544133 0.0113708 
0.00051476 0.00457639 0.0229393 0.110873 0.665111 0.148759 0.0385485 0.0072725 0.00139265 1.21672e-05 
0.00123895 0.0199289 0.535995 0.164351 0.174259 0.0862858 0.015253 0.00252049 0.00016262 4.6904e-06 
9.33825e-08 1.57005e-06 1.26814e-05 0.000228671 0.00232441 0.0140304 0.0706407 0.138591 0.760761 0.0134099 
3.47408e-07 5.68091e-06 0.000105973 0.00037919 0.000106963 8.85747e-05 0.00188541 0.00894258 0.0347444 0.953741 
0.00156824 0.0133149 0.0564468 0.281051 0.526187 0.0945341 0.0215378 0.0046744 0.000662315 2.35046e-05 
1.85132e-08 3.42383e-07 4.78733e-06 2.77512e-05 0.000242889 0.00369329 0.0294632 0.86057 0.0774879 0.02851 
4.60515e-05 0.00063436 0.00496662 0.0268174 0.100312 0.767102 0.0777764 0.0195076 0.00272526 0.00011261 
8.34388e-05 0.000904573 0.00485767 0.0267381 0.0991498 0.726946 0.104137 0.0333703 0.00369133 0.000121357 
4.9849e-05 0.000772648 0.00536981 0.039015 0.675838 0.170596 0.0852217 0.0201332 0.00290829 9.56135e-05 
4.22982e-08 6.86981e-07 1.23635e-05 4.68579e-05 0.000184356 0.00300827 0.267772 0.649437 0.0553498 0.024189 
0.000104714 0.00165733 0.00805407 0.042908 0.807046 0.119786 0.0172936 0.00246459 0.000681577 3.79368e-06 
3.71485e-07 6.07458e-06 0.000113317 0.000405441 0.000113354 8.50476e-05 0.00146838 0.00712355 0.0301869 0.960498 
1.61915e-06 2.1594e-05 0.000125078 0.000813088 0.00498515 0.0187738 0.0625157 0.872821 0.0338921 0.00605102 
2.41698e-06 3.48283e-05 0.00023761 0.00149299 0.0106948 0.057256 0.127343 0.774751 0.0233177 0.00486982 
3.97462e-07 6.49848e-06 0.000121147 0.000434059 0.000154011 0.000488657 0.00561937 0.0325599 0.88886 0.0717555 
3.38117e-07 5.52899e-06 0.000103143 0.000369044 0.000103003 9.36683e-05 0.000636974 0.00673578 0.0304984 0.961454 
2.48784e-07 4.06676e-06 7.57232e-05 0.000271898 0.000126726 0.00076551 0.00685597 0.850202 0.0951062 0.0465914 
0.000547369 0.00446783 0.0189938 0.0804476 0.427395 0.418228 0.0436063 0.00521597 0.00109085 7.81328e-06 
5.05481e-06 5.60879e-05 0.000411098 0.00263083 0.0260507 0.774361 0.114701 0.0686153 0.0116792 0.00148967 
2.22537e-07 3.63898e-06 6.78831e-05 0.000242898 6.90224e-05 0.000356321 0.00388577 0.479455 0.334105 0.181815 
4.94285e-05 0.000530221 0.00273721 0.0203355 0.686468 0.160324 0.0949302 0.0302585 0.00396617 0.000400551 
3.07683e-05 0.000409395 0.00205591 0.0111296 0.0716369 0.568187 0.285953 0.0488066 0.010349 0.0014415 
8.14481e-08 1.32414e-06 2.35768e-05 9.32458e-05 0.000240357 0.00268622 0.0257225 0.8673 0.0752162 0.0287167 
3.48116e-06 4.70346e-05 0.000398186 0.00267 0.0151613 0.06474 0.131804 0.7742 0.0100279 0.000948424 
1.09956e-06 1.66678e-05 0.000148412 0.00104317 0.00731884 0.0462322 0.836456 0.0810988 0.0235278 0.00415669 
1.33233e-07 2.17566e-06 3.87043e-05 0.000158473 0.000378188 0.0019198 0.0113971 0.0512948 0.898348 0.0364623 
1.44091e-06 1.95094e-05 0.000151372 0.00108386 0.0104737 0.771977 0.138743 0.0635725 0.0117225 0.00225582 
1.36695e-07 2.20345e-06 2.79157e-05 0.000153248 0.00145131 0.0101476 0.561381 0.390402 0.030159 0.00627622 
1.52509e-07 2.8915e-06 3.62991e-05 0.000169877 0.00182606 0.0146934 0.832163 0.106413 0.03771 0.00698491 
3.28489e-07 5.37152e-06 0.000100203 0.000358531 0.000100557 8.97335e-05 0.0015607 0.00719677 0.0298885 0.960699 
7.94037e-08 1.29615e-06 2.37948e-05 8.96184e-05 0.000152038 0.00103235 0.00714062 0.466845 0.498885 0.0258306 
6.80393e-07 1.11184e-05 0.000206732 0.000742429 0.000405683 0.00194773 0.0185333 0.791587 0.111434 0.0751308 
4.17578e-07 6.82831e-06 0.00012738 0.00045575 0.000127114 0.000138275 0.00290367 0.0224692 0.897447 0.0763243 
1.00099e-05 0.000136868 0.000848282 0.00468991 0.0242841 0.0862444 0.138823 0.732296 0.0116278 0.00103881 
3.82295e-07 6.25131e-06 0.000116615 0.000417208 0.000115351 2.63557e-05 0.000776052 0.0035554 0.0181424 0.976844 
0.00286079 0.0264128 0.116038 0.668828 0.135201 0.0421886 0.00744502 0.000951172 7.33541e-05 1.31987e-06 
8.36905e-08 1.52366e-06 1.72793e-05 0.000277889 0.00508091 0.709008 0.130824 0.104738 0.0406577 0.009395 
4.26398e-05 0.000508653 0.00331155 0.0169582 0.0819389 0.162683 0.715883 0.0162256 0.00237423 7.46431e-05 
2.04065e-07 3.33698e-06 6.2249e-05 0.000222768 6.37813e-05 0.000125391 0.00246405 0.0157212 0.867808 0.113529 
1.0492e-07 1.71319e-06 3.16779e-05 0.000115651 0.000163324 0.00109495 0.00685572 0.0329238 0.0604434 0.89837 
1.9171e-07 3.13783e-06 5.52604e-05 0.000259246 0.00064555 0.00560288 0.0343176 0.0919344 0.83664 0.0305413 
2.7546e-09 4.50637e-08 8.39949e-07 3.02223e-06 1.45818e-06 1.72284e-05 0.00034274 0.00184927 0.00962566 0.98816 
7.51285e-14 1.11416e-12 9.8893e-12 8.13079e-11 3.33515e-09 4.01206e-08 7.42879e-07 1.41139e-05 0.000565555 0.99942 
1.29033e-06 2.16612e-05 0.000354337 0.00276937 0.0254011 0.0777463 0.827964 0.0495172 0.0133203 0.00290462 
7.04499e-07 1.04363e-05 7.49149e-05 0.000552505 0.00471883 0.0294815 0.079871 0.858806 0.0225124 0.00397207 
