2402
8.08293e-07 1.53945e-05 0.0001349 0.000488304 0.000602948 0.00184153 0.00708327 0.0239182 0.0652674 0.900647 
2.81864e-05 0.00072219 0.00191381 0.00821723 0.0218537 0.0541603 0.0956436 0.166121 0.20282 0.448521 
6.76147e-06 0.000188516 0.000489714 0.00199151 0.00832936 0.0316202 0.465249 0.191258 0.167621 0.133246 
1.72037e-05 0.000452633 0.00113029 0.00410004 0.00972427 0.0335005 0.0728934 0.144431 0.571437 0.162313 
1.19928e-05 0.000337024 0.000811062 0.00266547 0.00674477 0.0202086 0.0533752 0.120918 0.602652 0.192277 
3.3118e-07 5.49491e-06 8.87089e-05 0.000324304 0.00042133 0.00177147 0.0122088 0.0484821 0.124714 0.811984 
3.43439e-06 6.89657e-05 0.000366702 0.00182614 0.00982582 0.0539346 0.499538 0.261787 0.114024 0.058625 
5.81552e-07 1.32233e-05 7.49252e-05 0.00035726 0.000576403 0.00174554 0.00775901 0.0173283 0.040287 0.931858 
8.50936e-07 1.43759e-05 0.000149342 0.000524065 0.00046019 0.00132744 0.00770983 0.0365822 0.829977 0.123254 
2.10961e-07 3.58043e-06 2.26524e-05 8.18986e-05 8.34214e-05 0.000217912 0.00113242 0.00278729 0.0128359 0.982835 
5.53378e-07 1.11659e-05 6.041e-05 0.000345921 0.00167774 0.00813773 0.0339364 0.105618 0.735752 0.11446 
1.95671e-07 4.18091e-06 3.35606e-05 0.000127474 0.000481546 0.00238006 0.0135842 0.0607118 0.817626 0.105051 
1.07896e-25 2.75224e-22 5.97137e-19 1.06191e-15 7.251e-14 1.07794e-09 6.35524e-08 3.96419e-05 0.00242432 0.997536 
1.16929e-06 2.31706e-05 0.000103429 0.000361243 0.000770944 0.00216763 0.00598771 0.00976241 0.0188904 0.961932 
4.94348e-07 9.13315e-06 6.48416e-05 0.000200084 0.000458953 0.00145141 0.00641946 0.025733 0.861185 0.104477 
1.98694e-07 3.24738e-06 5.46337e-05 0.000195578 0.000260592 0.00117786 0.00843987 0.418163 0.476748 0.0949564 
5.46901e-07 1.03683e-05 0.000113487 0.000414647 0.000412856 0.00105307 0.00462493 0.0181711 0.872733 0.102466 
2.69655e-05 0.000698538 0.00159294 0.00473012 0.00838937 0.015004 0.0325799 0.0628007 0.118439 0.755738 
3.51798e-07 5.73526e-06 0.000103069 0.000367934 0.000283256 0.000858837 0.00750187 0.03974 0.109848 0.841291 
4.72381e-05 0.001261 0.00285421 0.0080906 0.0207842 0.0448373 0.0807154 0.117275 0.153396 0.57074 
9.05896e-06 0.000204295 0.000739746 0.00255029 0.00531311 0.0137705 0.036603 0.0729746 0.124892 0.742943 
1.61722e-05 0.000417731 0.000957927 0.00295838 0.00623076 0.0102545 0.0188445 0.034172 0.379836 0.546312 
5.90809e-05 0.00140835 0.0030638 0.00915454 0.02694 0.106558 0.125508 0.173387 0.432297 0.121623 
6.27833e-05 0.00207124 0.00332729 0.00992099 0.0253696 0.0685648 0.437128 0.197473 0.1556 0.100482 
2.16405e-06 3.4515e-05 0.000220625 0.000837963 0.0030205 0.0121123 0.0334312 0.0887687 0.70644 0.155132 
3.63913e-07 5.93427e-06 0.00010824 0.000388104 0.000199854 0.000455127 0.00470438 0.0200553 0.0662852 0.907797 
3.66292e-05 0.00102376 0.00247539 0.0103304 0.0262946 0.0611559 0.108155 0.167472 0.469891 0.153166 
4.8247e-07 1.20051e-05 3.78667e-05 0.000171431 0.00146284 0.00254939 0.0109646 0.0241132 0.0438778 0.91681 
8.28672e-08 1.38715e-06 2.25215e-05 8.26517e-05 0.000191159 0.000222965 0.00142389 0.00622657 0.0187339 0.973095 
2.96462e-07 4.84677e-06 9.03312e-05 0.00032359 9.72074e-05 0.000209814 0.00305578 0.0145427 0.0561262 0.925549 
0.000145081 0.00291102 0.0102047 0.036109 0.139513 0.273256 0.260571 0.149638 0.0793751 0.0482779 
5.09686e-27 1.32855e-23 2.8923e-20 5.07097e-17 1.82985e-15 6.25105e-11 2.72339e-09 1.40523e-06 0.000595688 0.999403 
2.38723e-06 4.55588e-05 0.000235826 0.000691135 0.0016153 0.00511312 0.0170301 0.0307232 0.0482033 0.89634 
8.43605e-10 1.38534e-08 2.45564e-07 9.38582e-07 1.45504e-06 2.17752e-05 0.000399069 0.00275999 0.0167571 0.980059 
5.73064e-09 1.06805e-07 8.18098e-07 3.43793e-06 5.11252e-05 0.000139263 0.000537682 0.00111648 0.00638027 0.991771 
3.21305e-06 7.61781e-05 0.00028085 0.000986914 0.00277927 0.0088233 0.0261038 0.0641424 0.424424 0.47238 
5.54221e-07 9.07125e-06 0.000164736 0.000594605 0.000595283 0.00131856 0.0105677 0.0549167 0.404081 0.527752 
5.58981e-08 1.12465e-06 6.08877e-06 2.15408e-05 0.000167785 0.000301659 0.00172308 0.0063433 0.0185778 0.972858 
2.87659e-05 0.000873619 0.00159371 0.00506673 0.0163495 0.0431379 0.108877 0.181899 0.517817 0.124357 
2.63948e-05 0.000717567 0.00185145 0.00749513 0.017215 0.0412951 0.157045 0.19261 0.12646 0.455285 
1.24806e-06 2.13969e-05 0.000243301 0.000740572 0.0009832 0.00542565 0.0356569 0.110915 0.689295 0.156718 
5.49725e-07 1.09508e-05 0.000124097 0.000450844 0.00056468 0.00192455 0.00873252 0.0321691 0.0853725 0.87065 
8.01785e-07 2.13473e-05 7.82157e-05 0.000285932 0.00146017 0.00335857 0.010707 0.0358681 0.082796 0.865424 
2.58732e-05 0.000967192 0.00127337 0.00441748 0.0173943 0.0565163 0.491422 0.175008 0.145616 0.107359 
2.44961e-05 0.000713877 0.001543 0.00530234 0.0151172 0.0433218 0.104446 0.184418 0.486653 0.15846 
8.25889e-08 1.3505e-06 2.51913e-05 9.0159e-05 2.59344e-05 4.63774e-05 0.000755376 0.00427697 0.0180944 0.976684 
8.49195e-06 0.000268065 0.000497693 0.00200708 0.00626073 0.0210428 0.163099 0.417349 0.268975 0.120492 
0.000318244 0.00524309 0.0167724 0.0507637 0.245509 0.217541 0.17439 0.149778 0.086441 0.0532435 
9.95922e-06 0.000245771 0.000559822 0.00181893 0.0059213 0.0184862 0.143546 0.103761 0.622486 0.103165 
2.13331e-05 0.000612898 0.00112861 0.00275892 0.00802478 0.0120048 0.028795 0.0571712 0.195754 0.693728 
8.21807e-05 0.00474926 0.0359954 0.0290799 0.103583 0.188335 0.351427 0.149309 0.0856425 0.0517966 
1.31087e-06 2.79458e-05 0.000165632 0.000904831 0.00203914 0.00546861 0.0209777 0.0561512 0.12748 0.786784 
2.32614e-05 0.000641632 0.00140284 0.00443867 0.0101809 0.0267074 0.0645845 0.545841 0.19116 0.15502 
6.93888e-05 0.00185558 0.00400796 0.0127624 0.0421247 0.335733 0.163215 0.187452 0.147041 0.105739 
2.31831e-07 3.97687e-06 6.32259e-05 0.000225139 0.000131197 0.000524193 0.00513829 0.418683 0.304305 0.270926 
0.0001524 0.00287469 0.00782573 0.0230835 0.0653043 0.131181 0.190266 0.387295 0.114099 0.0779188 
0.000231367 0.00451038 0.0123762 0.0338304 0.0920345 0.164104 0.208012 0.3276 0.0973019 0.0600002 
3.86417e-07 6.63418e-06 0.00011302 0.000404925 0.00014634 0.000275234 0.00222177 0.0110178 0.0376843 0.94813 
7.42453e-05 0.00197238 0.00403294 0.0157376 0.0446389 0.0727586 0.110663 0.153575 0.150591 0.445956 
2.7312e-07 4.46612e-06 8.33101e-05 0.000298107 8.43502e-05 9.20699e-05 0.00178164 0.0117515 0.886193 0.0997113 
9.53597e-06 0.000247489 0.000766141 0.00264088 0.00736064 0.0276485 0.0785897 0.487757 0.216302 0.178678 
3.62602e-07 8.54465e-06 7.83746e-05 0.000278038 0.000347171 0.00201216 0.2139 0.170683 0.379101 0.233592 
1.82488e-05 0.00051857 0.000928735 0.00375569 0.0106385 0.018826 0.0414495 0.080365 0.686189 0.157311 
4.17994e-06 8.29566e-05 0.000390029 0.00155634 0.00305177 0.00951775 0.0225122 0.0424589 0.0637527 0.856673 
0.000114926 0.00183977 0.00567968 0.0204716 0.0584851 0.0929465 0.116549 0.134439 0.120553 0.448921 
1.5452e-05 0.000464434 0.00104823 0.00335276 0.0085213 0.0261196 0.0598715 0.118842 0.591785 0.18998 
2.43617e-05 0.000634388 0.00159967 0.0069482 0.0149009 0.0341716 0.0805923 0.563604 0.159762 0.137763 
3.57443e-10 5.83649e-09 1.0677e-07 3.9289e-07 3.92462e-07 5.30586e-06 0.000235936 0.000169731 0.00078483 0.998803 
7.5775e-06 0.000191761 0.000565941 0.0022198 0.00661867 0.118433 0.341629 0.186668 0.146229 0.197438 
3.0106e-08 1.04103e-06 1.11763e-06 3.63033e-06 6.78032e-06 5.89648e-06 1.74099e-05 0.000135358 0.000573246 0.999255 
3.71439e-07 6.06062e-06 0.000110831 0.000397364 0.000339156 0.000614604 0.00522508 0.0222012 0.0754132 0.895692 
0.000121342 0.00279862 0.00867599 0.0724405 0.0625142 0.105897 0.37004 0.159743 0.128351 0.0894187 
2.51408e-05 0.000649993 0.00166064 0.00546528 0.0118129 0.0298961 0.0717692 0.229328 0.274267 0.375126 
5.69191e-08 1.04808e-06 1.23876e-05 4.57314e-05 0.000102688 0.000256867 0.00144 0.00580772 0.0218991 0.970434 
1.33784e-07 2.59367e-06 1.69761e-05 2.53812e-05 5.8298e-05 0.000261918 0.000799816 0.00306375 0.0123266 0.983445 
3.28306e-06 5.32345e-05 0.000239548 0.00100005 0.00561187 0.0219443 0.131258 0.548907 0.199525 0.0914581 
3.19193e-06 0.000110411 0.000210815 0.000779895 0.00257566 0.0092749 0.0319035 0.537724 0.303908 0.11351 
3.63846e-13 7.18111e-12 1.46472e-10 3.90985e-09 9.67439e-08 5.23311e-06 0.00033231 0.00256966 0.0182832 0.97881 
3.15324e-05 0.000797682 0.00182548 0.0059732 0.0142055 0.0329859 0.0756484 0.519971 0.186911 0.16165 
1.20695e-05 0.000292434 0.000640821 0.00228939 0.00908274 0.0311554 0.089557 0.546726 0.182783 0.137461 
1.19789e-05 0.000283801 0.000830323 0.00448098 0.0132379 0.0340284 0.310628 0.128564 0.370784 0.137151 
2.11947e-05 0.000639128 0.00130378 0.00432122 0.0104659 0.0275955 0.0572148 0.1004 0.530909 0.26713 
2.12815e-07 6.5199e-06 2.43775e-05 8.73573e-05 0.000194414 0.000714503 0.00314559 0.0103888 0.136606 0.848832 
2.63547e-05 0.000587426 0.00175508 0.00802015 0.0200634 0.0364484 0.0608115 0.384906 0.272203 0.215179 
4.99183e-06 8.64042e-05 0.000391931 0.00185771 0.00695392 0.0233595 0.0753821 0.609946 0.163543 0.118475 
2.69156e-07 4.4001e-06 8.19488e-05 0.000293459 8.69972e-05 0.000156089 0.00196188 0.011959 0.905209 0.0802471 
2.99395e-07 4.92992e-06 9.02696e-05 0.000323755 0.000175885 0.000342224 0.00257856 0.0134081 0.0479122 0.935164 
4.29632e-08 7.02535e-07 1.31034e-05 4.69026e-05 1.40448e-05 2.55368e-05 0.000964175 0.00332392 0.0160047 0.979607 
7.3793e-05 0.00166165 0.00416152 0.0127779 0.0426654 0.110814 0.427663 0.192553 0.128659 0.0789697 
7.51804e-06 0.000173279 0.000536374 0.00174388 0.00495606 0.0144455 0.0362004 0.0807863 0.698127 0.163024 
1.80987e-05 0.000459713 0.00112822 0.00401519 0.00920362 0.02169 0.0556877 0.124882 0.638264 0.144652 
3.05637e-05 0.000838927 0.00171891 0.00607287 0.015105 0.036939 0.351142 0.145981 0.282166 0.160006 
5.27288e-07 9.62155e-06 4.9726e-05 0.000187806 0.000267171 0.00111585 0.00319759 0.00531144 0.018686 0.971174 
1.22292e-05 0.000278034 0.000962406 0.00333291 0.00757042 0.0337963 0.065085 0.197772 0.243479 0.447712 
1.61133e-07 2.68457e-06 4.70197e-05 0.000168643 6.45708e-05 0.000138171 0.00178382 0.0064963 0.0273552 0.963943 
2.66053e-07 4.88388e-06 2.70256e-05 0.000105456 0.000148122 0.000299724 0.000488902 0.0097897 0.971917 0.017219 
1.37441e-06 2.17378e-05 0.000202509 0.00076836 0.00169592 0.00667268 0.022462 0.0732917 0.762215 0.132669 
8.53414e-08 1.85055e-06 1.31655e-05 4.65805e-05 6.67858e-05 0.000757596 0.00216279 0.0113978 0.94179 0.0437635 
2.70698e-06 6.27186e-05 0.000317593 0.00101832 0.00233957 0.00709646 0.0259782 0.183822 0.228312 0.55105 
3.41983e-05 0.000852303 0.0021354 0.00703546 0.0154017 0.0273087 0.0516233 0.096441 0.154523 0.644645 
0.000124941 0.00336009 0.00678566 0.022921 0.0673799 0.102874 0.145441 0.187269 0.363399 0.100445 
7.73901e-07 1.47111e-05 7.1824e-05 0.000263767 0.000592896 0.00182216 0.00479297 0.0105066 0.0255766 0.956358 
3.88564e-08 6.09584e-07 9.03148e-06 3.24631e-05 0.000264442 0.000509386 0.0038561 0.0160571 0.04963 0.929641 
6.3008e-06 0.000122504 0.000552593 0.00212762 0.00505138 0.0192529 0.042045 0.105159 0.163421 0.662262 
2.88417e-06 6.85159e-05 0.000279682 0.00252155 0.00259624 0.00829454 0.0354095 0.185453 0.634715 0.130659 
5.13276e-07 1.15196e-05 6.68781e-05 0.000298623 0.00082236 0.00202214 0.00929416 0.0271632 0.372307 0.588013 
2.91141e-05 0.000691627 0.00200904 0.00643838 0.0164255 0.043475 0.0783527 0.12064 0.159251 0.572687 
8.05152e-05 0.0018241 0.00595468 0.0209791 0.0573822 0.109895 0.160668 0.426162 0.131258 0.0857961 
1.8916e-05 0.000496403 0.00127893 0.00566857 0.0164666 0.0381961 0.0799466 0.140646 0.184967 0.532315 
3.9011e-06 7.75435e-05 0.000322811 0.00103084 0.00223404 0.0211233 0.085073 0.559209 0.230665 0.100261 
6.15158e-06 0.000236517 0.000314003 0.000903962 0.00319843 0.0122558 0.0375649 0.101828 0.731873 0.111819 
2.17478e-07 3.79983e-06 2.35979e-05 9.11039e-05 0.000185421 0.000260332 0.000735422 0.00330504 0.0174231 0.977972 
2.79592e-08 4.65277e-07 3.05627e-06 1.45285e-05 0.000244697 0.000370193 0.00183796 0.00774244 0.0268134 0.962973 
8.84953e-08 1.39255e-06 1.91605e-05 7.38501e-05 0.000336513 0.00265373 0.0173192 0.796862 0.112895 0.0698385 
1.56666e-07 2.62898e-06 4.55001e-05 0.000162308 5.72788e-05 0.000147303 0.00125617 0.00460947 0.0197153 0.974004 
2.27866e-07 5.57386e-06 2.306e-05 8.972e-05 0.000413541 0.0010863 0.00389576 0.0142093 0.919414 0.0608628 
1.14873e-07 1.84794e-06 2.67519e-05 0.000135571 0.000796043 0.00750186 0.236252 0.246581 0.0667919 0.441913 
0.000201197 0.00264994 0.0130243 0.0368081 0.0817892 0.122177 0.140581 0.418114 0.119257 0.0653988 
6.52504e-05 0.00163264 0.00385317 0.0207269 0.150356 0.099961 0.262965 0.16432 0.165541 0.130578 
1.32537e-05 0.000244369 0.000887236 0.00441387 0.0240774 0.0808603 0.482968 0.159264 0.13567 0.111602 
5.67766e-07 1.33913e-05 4.76443e-05 0.000172202 0.000859455 0.00227523 0.00801285 0.019491 0.035214 0.933914 
1.45035e-13 5.02605e-12 1.61826e-10 7.66221e-09 1.62077e-07 6.92432e-06 0.00020524 0.00222299 0.0162899 0.981275 
1.50758e-07 2.46402e-06 4.57105e-05 0.000163787 8.45446e-05 7.23292e-05 0.000988413 0.00408285 0.0148363 0.979723 
1.67113e-05 0.00047483 0.00110446 0.00385728 0.00946677 0.0305582 0.465887 0.172853 0.181382 0.1344 
1.06703e-05 0.000315855 0.000597406 0.00216062 0.00570144 0.0177573 0.0429983 0.259091 0.568444 0.102924 
2.89056e-06 5.46436e-05 0.00028864 0.000891881 0.00216137 0.00632152 0.0199224 0.042852 0.0857829 0.841722 
5.66418e-06 0.000144684 0.000419163 0.00186928 0.0054716 0.0189747 0.0561448 0.126674 0.609041 0.181255 
0.000113778 0.00286521 0.00679685 0.0233532 0.0619761 0.129408 0.182955 0.397446 0.114329 0.0807581 
3.13945e-06 5.54031e-05 0.000360783 0.00110148 0.00337391 0.0103417 0.0261482 0.0670918 0.134691 0.756833 
9.53577e-06 0.00018119 0.000762422 0.00301939 0.00761577 0.0251735 0.0724359 0.584237 0.167432 0.139133 
2.98174e-09 4.87594e-08 9.09249e-07 3.25505e-06 9.95464e-07 1.19068e-06 4.39795e-05 0.000318632 0.00419949 0.995431 
7.1328e-07 1.50403e-05 0.000104209 0.000407366 0.000673806 0.00170834 0.0077771 0.0174764 0.043528 0.928309 
3.12068e-05 0.000811659 0.00190986 0.00594078 0.0148767 0.0424091 0.112843 0.483241 0.192858 0.145078 
5.17933e-07 8.50526e-06 0.00015362 0.000549476 0.000322288 0.000606295 0.0039796 0.0200829 0.0648155 0.909481 
3.49325e-05 0.000927582 0.00195021 0.00685461 0.0198171 0.0598694 0.287598 0.228401 0.265772 0.128775 
5.95244e-06 0.000108701 0.000580272 0.00178964 0.00289447 0.00745302 0.0184828 0.0281296 0.0537097 0.886846 
7.76436e-09 1.2694e-07 2.36077e-06 8.48823e-06 4.14622e-06 8.7221e-05 0.00126538 0.00414371 0.015399 0.97909 
9.91409e-08 1.55021e-06 2.32243e-05 9.03807e-05 0.000343 0.00404976 0.0251012 0.076438 0.847685 0.0462683 
1.63278e-05 0.000447632 0.00110575 0.00412482 0.00921354 0.0314202 0.0684809 0.48958 0.210228 0.185383 
0.00465957 0.0539044 0.145224 0.132294 0.195401 0.164157 0.191 0.0709648 0.0300873 0.0123083 
8.50202e-05 0.00208226 0.00507271 0.01828 0.0451143 0.0983606 0.149851 0.340037 0.238082 0.103034 
2.03112e-06 5.64194e-05 0.000238055 0.000871355 0.00267861 0.00753056 0.0296244 0.0952694 0.652038 0.211691 
5.19608e-06 0.000111076 0.000448386 0.00153507 0.00217807 0.00602514 0.0136804 0.0377237 0.818761 0.119532 
2.59027e-05 0.000514956 0.00205472 0.0145622 0.357138 0.0999196 0.123078 0.135803 0.143537 0.123368 
0.000194314 0.00289499 0.0203098 0.234899 0.154007 0.131535 0.171111 0.142371 0.0789021 0.0637753 
7.45347e-05 0.00202351 0.00458921 0.0191527 0.0510073 0.0985927 0.163393 0.443453 0.132935 0.0847789 
3.3022e-05 0.00102326 0.00222025 0.00763434 0.0255238 0.0745163 0.144269 0.463729 0.161184 0.119867 
4.55639e-05 0.00116791 0.00299137 0.00947558 0.0285815 0.0738444 0.147828 0.434222 0.171579 0.130266 
5.42852e-07 9.5836e-06 0.000118455 0.000416614 0.000468383 0.00206528 0.00768853 0.0289369 0.0668727 0.893423 
4.16022e-07 6.75153e-06 0.000118254 0.000427772 0.00065555 0.00150035 0.0103711 0.0437384 0.764882 0.178299 
5.3669e-07 8.77248e-06 0.000157602 0.000566041 0.000449438 0.000812419 0.00676103 0.0283549 0.0848275 0.878062 
2.72372e-05 0.000724159 0.00151913 0.00517753 0.0130262 0.0351321 0.0989743 0.505238 0.185299 0.154882 
5.74653e-09 8.81538e-08 7.772e-07 9.52833e-07 1.90815e-06 5.756e-06 2.16942e-05 6.35226e-05 0.00127108 0.998634 
5.21668e-06 0.000176889 0.000376552 0.00110083 0.00287586 0.0103455 0.0285755 0.0739445 0.137977 0.744622 
3.02765e-07 4.94628e-06 9.1822e-05 0.000328821 0.000130903 0.000324973 0.003953 0.0215192 0.638086 0.33556 
8.91822e-13 1.63932e-11 2.84982e-10 7.19896e-09 1.82865e-07 9.48397e-06 0.000242376 0.00259678 0.0170623 0.980089 
0.00271873 0.0186573 0.117208 0.186767 0.261013 0.166742 0.110026 0.0712617 0.0393896 0.0262172 
2.49302e-14 4.07626e-13 7.5915e-12 2.7259e-11 1.30358e-11 1.05052e-09 1.01806e-09 3.55583e-07 0.00112063 0.998879 
3.04174e-06 5.96631e-05 0.00033789 0.00132435 0.0147563 0.458438 0.08456 0.141306 0.15522 0.143994 
3.19416e-06 5.97785e-05 0.000364473 0.00107602 0.00156023 0.0052993 0.0177818 0.0427299 0.776244 0.154881 
0.000203935 0.00293011 0.0101894 0.0336883 0.0727711 0.128314 0.154664 0.158345 0.12267 0.316224 
5.4355e-06 0.000217638 0.000292359 0.000864626 0.00222758 0.00670063 0.0218047 0.0450492 0.084174 0.838664 
7.79142e-05 0.00217176 0.00398209 0.0142926 0.0452774 0.0896442 0.316739 0.233144 0.214632 0.0800387 
2.35442e-06 5.90847e-05 0.000192295 0.000787122 0.001506 0.00424165 0.0116025 0.0273062 0.15923 0.795073 
3.21968e-07 5.39305e-06 3.29935e-05 0.000108072 0.000117091 0.000346353 0.000803935 0.00115646 0.00320458 0.994225 
1.30408e-07 2.33965e-06 3.64819e-05 0.000130655 4.98031e-05 0.000286699 0.00355422 0.0159689 0.216781 0.763189 
3.33219e-05 0.000900208 0.00188343 0.00583309 0.011941 0.0238457 0.0477375 0.103311 0.18155 0.622964 
0.000283812 0.00499626 0.0190112 0.0521196 0.136726 0.34509 0.188684 0.146481 0.0716574 0.0349501 
3.13055e-08 5.11584e-07 9.51392e-06 3.41161e-05 1.15293e-05 6.3646e-05 0.000740885 0.00455023 0.0239227 0.970667 
3.23885e-07 5.25934e-06 9.4918e-05 0.000340449 0.000392474 0.000650197 0.0059924 0.0254897 0.0790778 0.887956 
3.0453e-07 4.98408e-06 9.08964e-05 0.000324893 0.000372676 0.000531212 0.00433146 0.0164429 0.0503682 0.927532 
5.20313e-05 0.00142104 0.00351741 0.0151219 0.0387216 0.0758144 0.430879 0.185696 0.144616 0.10416 
3.82699e-05 0.000934567 0.00231118 0.00792277 0.0213771 0.0809246 0.350016 0.260374 0.150485 0.125617 
0.000570008 0.0056134 0.0218084 0.0604787 0.168909 0.289291 0.213385 0.127211 0.0703907 0.0423423 
5.53786e-05 0.00133335 0.00363896 0.014234 0.0427325 0.213349 0.186928 0.164751 0.135649 0.237329 
8.01881e-05 0.00192921 0.00482256 0.0194872 0.0619694 0.126661 0.434819 0.185141 0.105612 0.0594781 
4.25688e-05 0.00124527 0.00268068 0.0086978 0.0212481 0.0535007 0.0957931 0.175213 0.378442 0.263137 
0.00035114 0.00496926 0.0163238 0.0586241 0.291014 0.160146 0.180328 0.157483 0.0840535 0.0467075 
0.000529439 0.00377561 0.0170055 0.0464907 0.103913 0.151353 0.294616 0.242724 0.0942959 0.045297 
2.1007e-05 0.000563134 0.00140051 0.00416132 0.0134752 0.0434674 0.0925386 0.164584 0.198175 0.481615 
3.19946e-07 5.18634e-06 9.29428e-05 0.000335926 0.000298619 0.000637655 0.00550867 0.023484 0.07442 0.895217 
0.000558688 0.00534987 0.0256131 0.067911 0.13578 0.358339 0.239283 0.0918554 0.0449627 0.0303469 
1.89644e-07 3.10063e-06 5.77843e-05 0.000207344 8.59626e-05 0.000312718 0.00185074 0.0136639 0.731516 0.252302 
7.6321e-06 0.00018282 0.000594213 0.00182817 0.00413327 0.01063 0.0285491 0.0649232 0.11886 0.770291 
3.33444e-06 0.000137407 0.000209022 0.000676887 0.00165113 0.00426718 0.0146879 0.048306 0.782839 0.147223 
6.75663e-09 1.84919e-07 5.18239e-07 2.45902e-06 7.34807e-06 2.80711e-05 0.000215492 0.000540343 0.00722956 0.991976 
4.79151e-06 0.000130974 0.000433567 0.00115611 0.00298048 0.0110286 0.043782 0.595164 0.174569 0.17075 
4.82229e-05 0.00113283 0.00294869 0.00887768 0.0264435 0.323273 0.158637 0.185021 0.168073 0.125545 
3.48823e-07 5.66987e-06 9.10525e-05 0.000336851 0.00100479 0.00167789 0.00943472 0.0374603 0.0999091 0.850079 
3.78621e-07 6.1682e-06 0.00011132 0.000398538 0.000273229 0.00101453 0.00950262 0.0496361 0.826745 0.112313 
5.83998e-06 0.000129301 0.000486903 0.00163646 0.00397843 0.0148394 0.506981 0.11853 0.188067 0.165344 
0.000455188 0.00618784 0.0184221 0.0480864 0.108127 0.151965 0.376319 0.158077 0.0866021 0.0457585 
1.07321e-08 1.9161e-07 8.51701e-07 2.65374e-06 8.736e-06 2.53162e-05 0.000205267 0.00159451 0.0107685 0.987394 
9.72177e-12 1.9909e-10 3.95385e-09 3.93507e-08 8.80885e-07 5.26367e-05 0.000389644 0.00337745 0.0201967 0.975983 
3.13442e-13 7.08428e-12 1.63522e-10 6.66361e-09 1.48196e-07 6.44169e-06 0.000198334 0.00207339 0.0116954 0.986026 
7.9896e-07 1.8289e-05 7.06855e-05 0.00028453 0.00100042 0.00307743 0.0116824 0.0369133 0.845153 0.101799 
9.28174e-06 0.000270115 0.000588363 0.00184869 0.00510404 0.0139883 0.0365547 0.0644832 0.0927319 0.784421 
3.4768e-05 0.000763074 0.00241196 0.00919441 0.033801 0.236081 0.113027 0.145392 0.154017 0.305278 
3.16699e-07 5.46633e-06 4.35031e-05 0.000219525 0.00160317 0.00696949 0.0287505 0.742482 0.125722 0.0942041 
0.000622177 0.00569265 0.0239977 0.0796858 0.297824 0.185886 0.150312 0.120445 0.0757166 0.0598174 
1.66197e-07 2.71767e-06 5.069e-05 0.000181418 5.27434e-05 0.000121546 0.00186176 0.0101383 0.0420576 0.945533 
1.0806e-05 0.00025698 0.000811102 0.00242798 0.00454368 0.00945204 0.0237615 0.0496485 0.751001 0.158086 
8.72739e-06 0.000189571 0.000562214 0.00199963 0.00976513 0.0667513 0.0511598 0.17879 0.470947 0.219827 
2.64101e-06 7.2087e-05 0.000207828 0.000825099 0.00244295 0.00614398 0.0208721 0.0538061 0.104542 0.811086 
8.80701e-13 1.59501e-11 2.63165e-10 8.19638e-09 2.07346e-07 1.2958e-05 0.000332604 0.00575986 0.023941 0.969953 
7.26255e-07 1.23747e-05 0.000129679 0.000475583 0.000657733 0.00161152 0.00794448 0.0291228 0.082844 0.877201 
1.43405e-05 0.00028014 0.000907391 0.00381765 0.0145353 0.0474362 0.463114 0.189318 0.156411 0.124166 
3.32223e-05 0.000645488 0.00177309 0.00473124 0.0150478 0.0391528 0.172847 0.264084 0.118653 0.383033 
0.000157676 0.00321473 0.0117009 0.153624 0.171672 0.148644 0.167163 0.129439 0.149944 0.0644396 
1.9584e-06 3.75201e-05 0.00022255 0.00069338 0.00174663 0.0053299 0.020239 0.063534 0.733917 0.174278 
2.03305e-05 0.000459699 0.00147582 0.00667653 0.0150718 0.0315511 0.0547502 0.0863204 0.101519 0.702155 
7.19381e-07 1.53579e-05 0.00012331 0.000511114 0.00115216 0.00250533 0.0111214 0.0341395 0.0801054 0.870326 
7.97664e-46 1.31601e-41 9.38522e-37 1.11763e-31 5.05495e-27 1.50556e-22 1.23035e-17 1.84282e-12 1.15462e-05 0.999988 
2.74005e-05 0.000753156 0.00151852 0.005224 0.0151052 0.0404812 0.105656 0.177866 0.525301 0.128068 
2.09003e-05 0.000567365 0.00117877 0.00411935 0.0130119 0.038341 0.0875082 0.402474 0.35015 0.102629 
0.000334593 0.0254445 0.0146337 0.0345173 0.0792826 0.184347 0.12243 0.190151 0.174672 0.174188 
2.69337e-06 6.3556e-05 0.000207251 0.000894954 0.00313205 0.0089001 0.0269533 0.05411 0.0846652 0.821071 
1.86332e-07 3.40654e-06 1.74211e-05 6.52302e-05 7.5305e-05 0.000203416 0.000650597 0.00137013 0.0112145 0.9864 
6.93902e-06 0.000167781 0.000562271 0.00213346 0.00535204 0.020521 0.105828 0.19135 0.576041 0.0980374 
1.19793e-11 2.86179e-10 6.88714e-09 7.13129e-08 1.29931e-06 4.87358e-05 0.000354294 0.00342095 0.0148358 0.981339 
8.75584e-05 0.00182098 0.005636 0.020931 0.059841 0.128823 0.42976 0.169823 0.106865 0.0764139 
7.78651e-05 0.00142133 0.00431996 0.0148479 0.0569569 0.347609 0.158848 0.163147 0.138624 0.114148 
2.79815e-06 5.71385e-05 0.000261384 0.000898898 0.0024197 0.00742784 0.0279188 0.648829 0.176069 0.136115 
1.85387e-06 3.40294e-05 0.000238285 0.000777461 0.0012056 0.00360636 0.0144331 0.0517759 0.798854 0.129073 
4.87183e-06 9.73862e-05 0.000519459 0.00150482 0.00194589 0.00726534 0.0315028 0.725805 0.114672 0.116682 
5.55155e-05 0.000886167 0.0042578 0.0144218 0.0485009 0.209 0.110197 0.375196 0.138131 0.0993538 
7.53565e-05 0.00195698 0.00534919 0.0204763 0.0534937 0.105261 0.15123 0.434602 0.142164 0.0853909 
1.07913e-05 0.000269156 0.00076744 0.00219904 0.00394325 0.0102844 0.0340397 0.653041 0.161027 0.134418 
2.96039e-06 7.15618e-05 0.000334877 0.00120109 0.00282632 0.0129234 0.485266 0.112836 0.180383 0.204155 
8.63415e-05 0.00224049 0.0053807 0.020869 0.0526977 0.101112 0.375385 0.194957 0.14733 0.0999412 
4.34965e-05 0.00116849 0.0026241 0.00944274 0.0220904 0.0490674 0.0955461 0.172785 0.484816 0.162417 
2.76578e-05 0.000772704 0.00177206 0.00591309 0.0152241 0.0403587 0.0923991 0.163268 0.551716 0.128548 
1.15872e-05 0.000301541 0.000719684 0.00238969 0.00583798 0.0139848 0.0347961 0.078752 0.485959 0.377247 
1.66427e-06 3.16336e-05 0.000216052 0.000745893 0.00199478 0.00487997 0.0166648 0.0462551 0.0991993 0.830011 
1.79868e-06 7.83344e-05 0.000154684 0.00049228 0.00122053 0.00360949 0.0239755 0.720191 0.122163 0.128113 
0.00010085 0.00294667 0.00555764 0.0213654 0.0586676 0.105351 0.153488 0.178912 0.390114 0.0834971 
2.22362e-06 4.34484e-05 0.000211434 0.000709967 0.001261 0.00367343 0.0117639 0.0206677 0.0362282 0.925439 
1.27508e-05 0.000260194 0.000814237 0.00321967 0.0142414 0.049447 0.0913844 0.244069 0.468733 0.127818 
3.62401e-05 0.00100132 0.00226896 0.00752356 0.0223046 0.0613358 0.128755 0.473379 0.178251 0.125144 
0.000200236 0.00375415 0.013113 0.0983017 0.308642 0.163319 0.163593 0.134656 0.0708072 0.0436135 
7.5319e-05 0.00208103 0.00440086 0.0136171 0.0393508 0.100699 0.177498 0.405471 0.151178 0.10563 
3.97074e-07 6.49239e-06 0.000121061 0.000433487 0.000149982 0.000250126 0.00269796 0.0172935 0.879674 0.0993727 
6.93384e-05 0.00171262 0.00445927 0.0166918 0.0435085 0.0929648 0.148571 0.191112 0.394331 0.10658 
3.31406e-06 6.72696e-05 0.000294852 0.00109134 0.0013792 0.00398947 0.00928726 0.0133085 0.0234472 0.947132 
6.18303e-06 0.000174044 0.000405565 0.00230752 0.013735 0.220449 0.230511 0.251589 0.157507 0.123316 
1.01419e-06 1.94279e-05 0.000141821 0.000477573 0.00103208 0.0041488 0.0161722 0.0486311 0.107534 0.821842 
1.23495e-06 2.32321e-05 0.000122938 0.000325941 0.00072 0.00297869 0.0076059 0.010772 0.0200847 0.957365 
2.09119e-07 3.41952e-06 6.37885e-05 0.000228224 6.3478e-05 3.31641e-05 0.000792814 0.00412832 0.481915 0.512771 
3.85658e-06 7.96007e-05 0.000384977 0.0012198 0.00309069 0.00860846 0.0277132 0.0898249 0.498171 0.370904 
3.14552e-06 5.96116e-05 0.000324731 0.00147214 0.00309438 0.00943602 0.0305457 0.0960087 0.702432 0.156623 
1.74123e-06 3.28458e-05 0.000196583 0.000605024 0.0013908 0.00415982 0.0170533 0.200265 0.658018 0.118277 
2.29069e-05 0.00063851 0.00139602 0.00453478 0.0128467 0.0316128 0.076155 0.156549 0.549211 0.167034 
5.06722e-11 8.28576e-10 1.5433e-08 5.57577e-08 3.73759e-08 3.2792e-06 0.000144503 0.00112411 0.97017 0.0285578 
3.59341e-06 0.000117842 0.000239548 0.00090494 0.00286699 0.00890541 0.0270008 0.0605871 0.100722 0.798651 
3.35541e-05 0.000764538 0.00243114 0.0092717 0.0265033 0.0599923 0.10994 0.246465 0.436543 0.108055 
2.23993e-05 0.000611107 0.00131239 0.00441557 0.0112633 0.0280763 0.0639549 0.1333 0.609603 0.147441 
5.4822e-05 0.000953016 0.0119468 0.012947 0.0255839 0.0935059 0.185236 0.358695 0.190445 0.120632 
0.000167295 0.00353802 0.00917513 0.0297045 0.0763705 0.129912 0.178608 0.379783 0.118733 0.0740093 
2.57558e-07 6.13889e-06 2.10524e-05 0.000112744 0.000649094 0.0017768 0.00569764 0.0151805 0.032493 0.944063 
2.13713e-09 3.48575e-08 6.39876e-07 2.32183e-06 1.58891e-06 2.31376e-05 0.000439064 0.00177455 0.0131054 0.984653 
6.74057e-06 0.000114121 0.000609247 0.0020678 0.00601941 0.0273612 0.0929525 0.550017 0.168829 0.152024 
2.4773e-05 0.000633554 0.00145606 0.0046069 0.0125244 0.0305393 0.0750958 0.573424 0.170876 0.13082 
8.41822e-06 0.00025509 0.000567149 0.00212688 0.00865855 0.0331026 0.1012 0.600946 0.15681 0.0963263 
3.56319e-06 7.67452e-05 0.000316928 0.0010906 0.00330723 0.00947135 0.0312315 0.0883374 0.69095 0.175215 
0.000256294 0.00502079 0.0143175 0.0484919 0.294177 0.172994 0.16917 0.137785 0.0908662 0.0669222 
4.07529e-05 0.00115031 0.00262037 0.00970463 0.0263757 0.0675487 0.129624 0.191896 0.438104 0.132936 
0.00358404 0.110311 0.18155 0.150471 0.193545 0.1791 0.105855 0.0536414 0.0162297 0.00571363 
1.0612e-05 0.000319307 0.000707482 0.00253636 0.00643615 0.0220239 0.0538233 0.115555 0.182282 0.616306 
0.000150992 0.00249618 0.00807009 0.0229393 0.0646209 0.365588 0.181553 0.16349 0.112203 0.078889 
1.23939e-07 1.87885e-06 2.13448e-05 0.000102834 0.000373687 0.00222387 0.0117696 0.0467105 0.519572 0.419224 
1.63544e-07 2.74622e-06 3.14808e-05 0.000134662 0.000782568 0.00485231 0.477672 0.196721 0.262386 0.0574176 
0.000163111 0.00289695 0.0102293 0.0314613 0.235762 0.159809 0.166523 0.20027 0.110269 0.0826165 
0.00925542 0.0186125 0.277686 0.168331 0.178389 0.27329 0.0447906 0.0168585 0.00793051 0.0048568 
1.57973e-05 0.000377104 0.0010369 0.00377073 0.0118451 0.113562 0.281845 0.306769 0.177978 0.102801 
8.48573e-05 0.0024252 0.00469711 0.0169859 0.178249 0.202175 0.16304 0.196957 0.156131 0.0792557 
1.43752e-06 3.82582e-05 0.000137613 0.000467723 0.00140045 0.00590285 0.34275 0.116179 0.467357 0.065766 
3.34541e-06 6.72004e-05 0.000359644 0.00181799 0.0098148 0.0539785 0.502671 0.261197 0.113052 0.0570383 
3.73611e-07 6.10935e-06 0.000113967 0.000407763 0.000113773 9.45404e-05 0.00145751 0.00846881 0.0355167 0.95382 
7.7304e-06 0.00020357 0.000596097 0.00188228 0.00601534 0.0221602 0.061686 0.506319 0.193788 0.207341 
0.000107233 0.0022555 0.00702717 0.0297446 0.189601 0.193285 0.230257 0.15513 0.110244 0.0823489 
9.90892e-06 0.000230978 0.000803954 0.00251978 0.00541315 0.0162921 0.510532 0.131531 0.173022 0.159645 
1.23475e-06 2.61549e-05 9.11671e-05 0.000628601 0.0111374 0.0363372 0.0284482 0.210164 0.503694 0.209472 
1.12706e-05 0.000233072 0.000687045 0.00260493 0.0111606 0.0336172 0.0908285 0.508945 0.195529 0.156383 
7.94329e-06 0.00016933 0.000969176 0.0324245 0.0224123 0.101549 0.103109 0.476128 0.198704 0.0645266 
2.56752e-06 4.43857e-05 0.000346541 0.000960409 0.00252118 0.00731706 0.0267974 0.0668325 0.131039 0.764139 
4.26126e-06 0.000120109 0.000331902 0.00125667 0.004942 0.0185977 0.0680235 0.603938 0.169991 0.132794 
8.00018e-06 0.000169394 0.000648013 0.00235662 0.00572981 0.0178101 0.0530702 0.584491 0.175069 0.160648 
1.00255e-05 0.000315606 0.00060335 0.00230608 0.00786725 0.0292343 0.0861795 0.562981 0.183854 0.126649 
1.4383e-06 2.59738e-05 0.000163259 0.000338222 0.000681684 0.00277817 0.00921584 0.0304621 0.90528 0.0510533 
9.99872e-05 0.00252772 0.00626508 0.0239909 0.0633245 0.127243 0.182092 0.384198 0.124531 0.0857285 
2.74241e-05 0.000717338 0.00159122 0.00453733 0.00899664 0.0141742 0.0319765 0.0627441 0.711788 0.163447 
4.0837e-12 8.93446e-11 1.99551e-09 2.61843e-08 5.59223e-07 2.14718e-05 0.000314044 0.00340008 0.924319 0.0719449 
2.3597e-06 4.3781e-05 0.000229805 0.000747605 0.00134352 0.00406411 0.0147998 0.0324075 0.0751707 0.871191 
9.193e-09 1.48409e-07 2.57744e-06 1.00979e-05 9.02203e-05 0.000208091 0.00151428 0.0071669 0.0234129 0.967595 
5.51241e-05 0.00148825 0.00318554 0.0105048 0.0277948 0.0660623 0.330572 0.166211 0.146801 0.247326 
7.76105e-06 0.000244802 0.000459723 0.00199946 0.00894173 0.0336154 0.101359 0.597298 0.163409 0.0926658 
4.75349e-09 7.43902e-08 9.69081e-07 4.31331e-06 0.000113367 0.000128737 0.000807106 0.00366022 0.0167102 0.978575 
1.65521e-05 0.000435902 0.00108329 0.00383765 0.0108517 0.0343433 0.328186 0.27374 0.188499 0.159007 
2.14615e-05 0.000638039 0.00130081 0.00462806 0.0119732 0.0495038 0.0617447 0.19365 0.35731 0.31923 
3.94251e-05 0.000912589 0.00306128 0.0126529 0.0804855 0.0933589 0.218034 0.212399 0.208872 0.170184 
2.30735e-12 3.71099e-11 4.94071e-10 3.66223e-09 1.3615e-07 2.61622e-06 6.26329e-05 0.000743318 0.00729991 0.991891 
4.75101e-05 0.00148696 0.00278049 0.0112817 0.0279096 0.0558511 0.0979805 0.476414 0.181766 0.144483 
3.01156e-06 7.39467e-05 0.000248437 0.00104364 0.00332101 0.0114866 0.0476852 0.593901 0.187875 0.154362 
2.44145e-06 6.70643e-05 0.000197427 0.000886903 0.00283334 0.00746388 0.0259208 0.0689038 0.427795 0.465929 
4.82969e-05 0.00117749 0.00313644 0.0118896 0.0389186 0.146812 0.148186 0.327479 0.19754 0.124812 
3.22363e-07 5.24358e-06 9.10912e-05 0.000325266 0.000349957 0.000816198 0.00754729 0.0307737 0.0866587 0.873432 
1.3444e-07 2.14541e-06 3.48075e-05 0.000128602 0.00037333 0.00256361 0.0167924 0.737268 0.144314 0.0985224 
2.29591e-07 3.75433e-06 7.00347e-05 0.000250596 7.06396e-05 0.00010747 0.000974426 0.00797376 0.152554 0.837995 
3.07106e-09 5.37602e-08 3.64761e-07 1.55912e-06 2.4303e-05 3.87431e-05 0.000246754 0.000976032 0.00445645 0.994256 
8.19351e-06 0.000176457 0.000543283 0.00175058 0.0076406 0.175592 0.0261599 0.0632258 0.163721 0.561182 
2.79994e-06 5.23178e-05 0.000253766 0.00109701 0.00366101 0.0143329 0.0474011 0.116549 0.427714 0.388936 
5.53645e-06 0.000119722 0.000496518 0.00149039 0.0032237 0.00815551 0.0241049 0.058115 0.483758 0.420531 
4.50411e-05 0.00127715 0.00280347 0.0109631 0.0325174 0.0781648 0.142744 0.454793 0.158498 0.118193 
2.48586e-05 0.000568693 0.00168095 0.00575866 0.0163983 0.0397795 0.0907239 0.139432 0.611222 0.0944113 
6.57003e-06 0.000214096 0.000519409 0.00166524 0.00416725 0.0132224 0.0395502 0.0928591 0.171814 0.675982 
2.81401e-25 5.9078e-22 1.25208e-18 2.24614e-15 2.59088e-13 1.92765e-09 1.16171e-07 6.63356e-05 0.00384319 0.99609 
2.23919e-05 0.000736744 0.00130483 0.00443179 0.0113635 0.0360829 0.0879106 0.168728 0.551608 0.137811 
8.90389e-05 0.00112559 0.00435693 0.0325419 0.113514 0.260796 0.322512 0.182804 0.0552887 0.0269715 
0.000517287 0.00668151 0.0238893 0.0652552 0.142758 0.192619 0.318713 0.138358 0.0657548 0.0454538 
4.75175e-06 9.18371e-05 0.000462904 0.00149899 0.0041039 0.014457 0.488241 0.154862 0.171703 0.164575 
2.1301e-07 3.47598e-06 6.26608e-05 0.000225282 0.00011417 0.000429982 0.00415383 0.0212094 0.52408 0.449721 
1.05922e-07 1.72681e-06 3.17205e-05 0.000113307 0.000129005 0.000460882 0.00467533 0.0242915 0.467363 0.502933 
1.50937e-05 0.000419464 0.000943082 0.00475597 0.0155777 0.0649879 0.367056 0.231539 0.168018 0.146688 
0.0108817 0.0612472 0.201339 0.320812 0.27191 0.104226 0.0213137 0.0060048 0.00179409 0.000471295 
5.00347e-05 0.00106349 0.00253476 0.0115386 0.0305753 0.166201 0.12661 0.190986 0.319772 0.150669 
7.73459e-06 0.000229625 0.000547622 0.00209794 0.00473815 0.0154077 0.0445673 0.112954 0.17838 0.64107 
5.28648e-06 9.85725e-05 0.000506666 0.00171641 0.00535091 0.0182757 0.0562756 0.19036 0.557968 0.169443 
7.356e-06 0.000151563 0.000599963 0.00179211 0.00517724 0.012919 0.0321367 0.0692392 0.11985 0.758127 
1.94648e-08 4.74135e-07 1.2886e-06 5.07632e-06 2.78264e-05 8.24083e-05 0.000501705 0.000453089 0.00107882 0.997849 
0.000373553 0.00637771 0.205049 0.0948637 0.141527 0.159847 0.147858 0.116935 0.0744553 0.0527136 
0.000489441 0.00385274 0.0168213 0.0427343 0.105317 0.411449 0.196169 0.140994 0.0587166 0.0234562 
6.93871e-05 0.00139501 0.00354769 0.0200006 0.057444 0.145204 0.199812 0.384876 0.11115 0.0765012 
5.44493e-09 8.90339e-08 1.66055e-06 5.9428e-06 1.76082e-06 1.15177e-05 7.86575e-05 0.0004861 0.00623385 0.99318 
2.24586e-05 0.000657854 0.00111096 0.00273862 0.00774534 0.0141207 0.0417111 0.109637 0.232694 0.589563 
1.01423e-07 1.80115e-06 2.00637e-05 7.25982e-05 0.000408204 0.00106475 0.00461772 0.0163675 0.0452549 0.932192 
2.36411e-07 3.87296e-06 2.96798e-05 5.44509e-05 0.000104792 0.000489645 0.00102489 0.00287741 0.0104041 0.985011 
3.14744e-05 0.000779498 0.00195415 0.00694298 0.0164861 0.0308857 0.0523145 0.0801129 0.10532 0.705173 
2.42696e-14 2.449e-12 1.06298e-10 5.44938e-09 1.11523e-07 4.38987e-06 0.000184681 0.00449488 0.963627 0.0316886 
2.94799e-05 0.000883801 0.00201675 0.00717672 0.0184034 0.0441741 0.0963378 0.522077 0.182388 0.126512 
3.20924e-07 5.43063e-06 9.37393e-05 0.000335994 0.000168983 0.000414489 0.00416578 0.0172097 0.0577682 0.919837 
2.68517e-06 4.15026e-05 0.00025635 0.00159858 0.0084879 0.0354553 0.553597 0.0985575 0.12099 0.181014 
1.26878e-07 2.5826e-06 1.64751e-05 6.2138e-05 0.000556085 0.00136202 0.00481367 0.0178365 0.0499108 0.92544 
3.88915e-07 6.37285e-06 0.000113649 0.000408983 0.000224513 0.00117544 0.00911452 0.0467557 0.836279 0.105921 
2.01572e-05 0.000489781 0.00128962 0.00476903 0.0138189 0.0419274 0.10771 0.509835 0.185963 0.134177 
0.000697788 0.00483185 0.0251717 0.0700323 0.125473 0.177884 0.294349 0.154247 0.0918357 0.0554787 
9.42586e-07 1.67188e-05 9.54383e-05 0.000307122 0.000495138 0.00132142 0.00533122 0.0145049 0.029589 0.948338 
5.98093e-07 1.05617e-05 0.000105452 0.000230057 0.000478897 0.00320002 0.0228441 0.703262 0.148358 0.12151 
1.94307e-07 3.46697e-06 4.63475e-05 0.000169894 0.000545012 0.00112101 0.00510276 0.0218931 0.325688 0.64543 
0.000193466 0.00338175 0.0146115 0.0656425 0.304271 0.232927 0.148337 0.114382 0.0690641 0.0471906 
7.70064e-07 1.23746e-05 0.000153674 0.000535802 0.000278474 0.000748284 0.0026381 0.00729019 0.0231201 0.965222 
2.6153e-06 4.84661e-05 0.000291143 0.000992257 0.00196464 0.00707677 0.0209594 0.0612118 0.77531 0.132143 
9.4793e-08 2.05683e-06 1.09402e-05 5.23295e-05 0.000783656 0.00120753 0.00283677 0.0129626 0.0352921 0.946852 
2.77911e-05 0.000777674 0.00185767 0.00676719 0.0161453 0.0466372 0.0938954 0.164032 0.492676 0.177183 
4.1636e-05 0.00101417 0.00294428 0.010421 0.0277321 0.0643544 0.160456 0.405843 0.126707 0.200487 
6.72751e-06 0.000160802 0.000504722 0.00160332 0.0052655 0.0184125 0.204701 0.136762 0.504212 0.128372 
5.66549e-05 0.00163768 0.00367002 0.0148092 0.0423611 0.0920781 0.158612 0.443325 0.143386 0.100064 
4.06961e-05 0.00108261 0.00262775 0.00947965 0.0249897 0.0601822 0.202834 0.288281 0.144549 0.265934 
6.55256e-06 0.000157411 0.000530024 0.00171075 0.00386964 0.00939827 0.0273209 0.0569233 0.103745 0.796339 
0.000349628 0.00592218 0.0247207 0.0822492 0.276591 0.169696 0.164746 0.13854 0.0863697 0.0508165 
1.5025e-05 0.000400027 0.000985898 0.00477151 0.0136248 0.0524901 0.156119 0.169562 0.198722 0.40331 
1.7321e-05 0.000550412 0.00102713 0.00309131 0.0093583 0.0278972 0.0625679 0.593336 0.180741 0.121413 
1.07378e-06 1.9594e-05 0.000123099 0.000439221 0.00130763 0.00433664 0.0174514 0.067536 0.151656 0.757129 
0.000177139 0.00231788 0.00914384 0.0304344 0.075978 0.241999 0.179425 0.247379 0.17429 0.0388556 
7.57783e-15 1.14101e-13 1.16189e-12 1.53403e-11 2.13224e-09 3.48844e-07 9.71218e-05 0.000448577 0.00703408 0.99242 
5.61385e-07 1.34015e-05 6.15375e-05 0.000244781 0.00131119 0.00296072 0.00944791 0.0390967 0.829305 0.117558 
9.10543e-23 1.29319e-20 4.42343e-18 5.62499e-15 1.65601e-12 4.06355e-10 6.37508e-08 3.27234e-06 0.00134458 0.998652 
0.000135739 0.00320388 0.0113185 0.0326209 0.0857061 0.328099 0.200045 0.183276 0.102551 0.0530451 
9.45021e-05 0.00237908 0.00560044 0.0190126 0.0513736 0.111278 0.378338 0.198051 0.136956 0.0969162 
4.11681e-07 6.81498e-06 0.000120856 0.000434411 0.000367795 0.000576147 0.00442424 0.0187221 0.0657144 0.909633 
2.66063e-07 4.39666e-06 7.47871e-05 0.000265667 0.000146236 0.00315897 0.59676 0.153165 0.100323 0.146102 
1.16912e-06 1.70873e-05 0.000161649 0.000628235 0.00252739 0.00930597 0.0305566 0.677113 0.16377 0.115919 
4.46241e-07 7.28839e-06 0.000107362 0.000414114 0.000453822 0.00311726 0.0147777 0.0581513 0.807515 0.115455 
0.000229305 0.00367615 0.0137673 0.0353895 0.0845974 0.137231 0.340388 0.170309 0.120106 0.0943073 
1.35663e-06 2.69754e-05 0.000126135 0.000522237 0.000909326 0.00232258 0.0074415 0.014308 0.029974 0.944368 
1.25052e-08 1.81787e-07 1.89299e-06 7.07301e-06 8.82323e-05 0.000170294 0.00144474 0.00575073 0.0244593 0.968078 
7.36081e-06 0.000145067 0.000673777 0.00221719 0.00457282 0.0108937 0.0309169 0.0664884 0.120521 0.763564 
5.26328e-05 0.000872229 0.00329945 0.0122974 0.116294 0.314348 0.133895 0.167672 0.180963 0.0703065 
