23986
2.45273e-15 3.8181e-13 7.89234e-11 5.8745e-09 1.16032e-06 0.000519902 0.00747072 0.0277158 0.960505 0.00378699 
6.08788e-16 9.42407e-14 1.92536e-11 1.30398e-09 2.54408e-07 8.85835e-05 0.00223255 0.0205847 0.966911 0.0101828 
5.24469e-08 6.43576e-06 0.00037531 0.00775567 0.0402631 0.931329 0.0197547 0.000513656 2.34753e-06 2.54739e-08 
1.4399e-09 1.80443e-07 1.99024e-05 0.000691558 0.0102586 0.920224 0.0588379 0.00976434 0.00020291 9.76946e-07 
1.45001e-15 2.28872e-13 5.21656e-11 1.25879e-08 1.45145e-06 0.00127794 0.934168 0.0469721 0.0157113 0.00186923 
1.22855e-12 1.50041e-10 1.56025e-08 1.3691e-06 0.000190994 0.0130935 0.959678 0.026468 0.000565536 2.8073e-06 
3.2617e-15 5.08214e-13 1.0572e-10 9.30751e-09 1.93245e-06 0.00086985 0.0162735 0.973952 0.0085576 0.000344669 
2.50803e-15 3.9145e-13 8.19701e-11 8.08621e-09 1.78717e-06 0.000829996 0.0151506 0.965566 0.0167626 0.00168851 
1.45387e-06 0.00019928 0.0169859 0.0807825 0.874778 0.0263895 0.000853573 9.67209e-06 9.67111e-08 5.76414e-10 
4.97087e-26 1.10673e-22 2.34476e-19 4.21012e-16 6.41634e-14 2.97903e-10 1.80428e-08 8.57344e-06 0.00166861 0.998323 
0.0120949 0.0796239 0.890915 0.0172693 9.68801e-05 5.32656e-07 1.00889e-08 1.61233e-11 4.3651e-14 8.49953e-17 
2.05006e-20 4.82229e-18 2.6229e-15 2.76343e-12 5.64738e-10 3.08767e-07 1.99047e-05 0.00079003 0.977294 0.0218959 
2.38338e-19 7.76056e-17 7.5846e-14 1.16139e-10 3.21392e-08 6.81585e-06 0.00116102 0.0147263 0.975929 0.00817657 
1.30432e-10 1.88754e-08 3.1936e-06 8.45683e-05 0.00305887 0.338034 0.645172 0.0130415 0.000602142 3.50272e-06 
1.44795e-12 1.71292e-10 1.50178e-08 1.09399e-06 6.96823e-05 0.00721108 0.941321 0.044153 0.00689774 0.000346107 
1.09855e-06 0.000111018 0.000754039 0.0285705 0.938364 0.0310378 0.00114253 1.88678e-05 7.36776e-08 3.56639e-10 
4.47285e-24 9.4329e-21 1.98897e-17 3.58053e-14 4.69841e-12 5.22773e-09 2.89644e-07 9.23527e-05 0.00471521 0.995192 
2.42647e-19 7.8641e-17 7.63196e-14 1.16614e-10 3.23049e-08 6.84095e-06 0.00112432 0.0115543 0.229266 0.758049 
1.7394e-09 2.18548e-07 2.47035e-05 0.000915119 0.018846 0.067238 0.907995 0.00485591 0.0001246 9.55806e-08 
2.3379e-19 7.46559e-17 7.1137e-14 1.08036e-10 3.08046e-08 6.4312e-06 0.00110009 0.0122982 0.980078 0.00651733 
1.33825e-09 1.64421e-07 1.63001e-05 0.000694223 0.0243171 0.956891 0.0175253 0.000551559 4.30532e-06 6.12383e-08 
3.49813e-15 5.92419e-13 1.56846e-10 5.99446e-08 3.05682e-05 0.00174048 0.0173995 0.972817 0.00773509 0.000277305 
1.36827e-12 1.62022e-10 1.42636e-08 1.0317e-06 0.000133266 0.00860406 0.945542 0.0407205 0.00480939 0.000189444 
2.93834e-19 1.13497e-16 1.35524e-13 2.22562e-10 5.2927e-08 4.80906e-05 0.00448359 0.9522 0.0355803 0.00768749 
3.79627e-05 0.00696307 0.824045 0.130577 0.0369393 0.00138927 4.84603e-05 1.11029e-07 5.45556e-10 2.93676e-12 
9.34602e-25 1.57121e-21 3.17561e-18 5.73337e-15 1.35413e-12 1.94516e-09 1.53967e-07 6.19891e-05 0.00417005 0.995768 
1.76639e-14 2.18149e-12 2.27932e-10 1.60833e-08 2.05029e-06 0.000808452 0.0157513 0.975227 0.00791983 0.000291562 
2.90412e-05 0.00269778 0.0243139 0.0887102 0.872435 0.0117144 9.86515e-05 9.6049e-07 6.67145e-09 1.63781e-11 
1.67731e-24 2.67808e-21 5.35868e-18 9.65863e-15 2.38962e-12 2.76088e-09 2.29408e-07 8.13999e-05 0.00623803 0.99368 
0.000361774 0.0298098 0.888711 0.0665852 0.0139313 0.000592905 8.23528e-06 3.02455e-08 1.28836e-10 3.59915e-13 
1.34737e-09 1.68487e-07 1.82875e-05 0.000616858 0.0131462 0.941534 0.0400147 0.00463673 3.25277e-05 2.65225e-07 
3.9539e-20 9.81385e-18 5.83762e-15 6.80068e-12 1.14911e-09 6.72536e-07 6.95635e-05 0.00618837 0.976658 0.0170838 
2.41648e-15 3.76218e-13 7.816e-11 6.83909e-09 1.504e-06 0.000661982 0.012858 0.979385 0.00676586 0.000327532 
9.40437e-10 1.08142e-07 7.04366e-06 0.000384208 0.0138783 0.947988 0.0323119 0.00536658 6.24224e-05 1.10317e-06 
1.28719e-24 2.02795e-21 4.04188e-18 7.31127e-15 1.93987e-12 1.53459e-09 1.55249e-07 5.11146e-05 0.00511593 0.994833 
8.25761e-13 1.03941e-10 1.23872e-08 1.14794e-06 0.000178686 0.0130266 0.954545 0.0283436 0.00386931 3.55997e-05 
1.86373e-12 2.30858e-10 2.55592e-08 1.95681e-06 0.000236429 0.0169984 0.963697 0.018135 0.000923625 7.25482e-06 
2.50233e-24 3.91165e-21 7.79898e-18 1.40843e-14 3.56524e-12 3.78763e-09 3.29067e-07 0.000113951 0.00895135 0.990934 
1.10035e-06 0.000111558 0.000888993 0.0263309 0.100233 0.868862 0.00356306 9.60483e-06 7.67403e-08 4.21771e-10 
2.26182e-06 0.000240306 0.00323701 0.0345702 0.934065 0.0273983 0.000480052 6.53939e-06 6.32597e-08 3.28859e-10 
2.50359e-10 2.67179e-08 9.66152e-07 0.000167409 0.00462205 0.0285332 0.53442 0.431161 0.00109122 4.25512e-06 
1.03548e-19 3.90402e-17 4.48234e-14 7.23622e-11 2.07199e-08 4.00533e-06 0.000786169 0.0132852 0.0426654 0.943259 
1.20871e-13 1.7061e-11 2.86726e-09 2.30636e-07 6.5969e-05 0.00502028 0.0405513 0.949337 0.00482821 0.000196881 
1.30915e-19 4.16121e-17 3.92518e-14 5.93543e-11 1.62985e-08 3.58077e-06 0.000605588 0.00852328 0.982086 0.00878109 
1.25621e-12 1.56436e-10 1.77638e-08 1.4818e-06 0.000212415 0.015749 0.967809 0.0156503 0.000574235 3.35161e-06 
2.14443e-17 3.37582e-15 7.44479e-13 1.33589e-10 3.17337e-08 6.51427e-06 0.00109214 0.0140661 0.977017 0.00781774 
2.19327e-15 3.40279e-13 6.93548e-11 3.47274e-09 4.75269e-07 0.000214605 0.00753926 0.976807 0.0130343 0.00240404 
6.99683e-10 1.07081e-07 2.11119e-05 0.00052092 0.0180125 0.927384 0.0416227 0.011364 0.001046 2.9153e-05 
3.79381e-28 9.87374e-25 2.14973e-21 3.78483e-18 1.72507e-16 4.40521e-12 8.02747e-10 4.73219e-07 0.000947534 0.999052 
2.22398e-22 3.72876e-19 7.57699e-16 1.32187e-12 5.81484e-11 6.15314e-08 3.12653e-05 0.000883873 0.00829085 0.990794 
7.96763e-07 7.99233e-05 0.000414378 0.0155344 0.921139 0.051178 0.0111301 0.000519327 3.59957e-06 5.1235e-08 
1.59323e-24 2.48312e-21 4.95269e-18 8.92374e-15 2.16659e-12 2.7673e-09 2.18813e-07 7.5227e-05 0.00617055 0.993754 
1.64738e-09 2.00183e-07 1.94743e-05 0.000918326 0.0269255 0.951067 0.0203698 0.000695362 4.74354e-06 6.12447e-08 
2.03253e-15 3.15144e-13 6.43299e-11 3.64087e-09 6.42828e-07 0.000236807 0.00418744 0.935871 0.0516067 0.0080973 
1.63496e-19 5.61749e-17 5.85164e-14 9.15827e-11 2.56019e-08 5.18125e-06 0.000928128 0.0114905 0.973757 0.0138188 
3.95447e-13 5.12338e-11 6.7589e-09 6.14611e-07 0.000122271 0.00807667 0.941028 0.0463573 0.0042895 0.000125521 
3.36048e-13 4.64823e-11 7.61706e-09 9.53226e-07 0.000198678 0.0138931 0.960501 0.0222786 0.00303563 9.17434e-05 
2.46342e-19 9.68495e-17 1.1838e-13 2.14926e-10 8.55514e-08 5.98776e-05 0.00309765 0.0184404 0.973206 0.00519601 
3.33355e-17 6.73365e-15 3.05881e-12 3.48765e-09 1.06768e-06 0.000679933 0.929743 0.0581479 0.0105995 0.000828648 
2.10033e-24 3.1601e-21 6.24353e-18 1.12898e-14 3.08366e-12 2.06729e-09 2.22813e-07 6.57207e-05 0.00520397 0.99473 
5.69362e-19 4.00303e-16 4.90062e-13 8.41241e-10 2.61441e-07 0.000203463 0.00831185 0.963649 0.0232673 0.00456819 
2.53694e-24 3.78915e-21 7.47239e-18 1.35406e-14 3.79972e-12 2.05336e-09 2.57135e-07 0.000129511 0.959304 0.0405659 
1.98224e-05 0.00181867 0.0278217 0.881188 0.0740231 0.0146734 0.00045027 5.3239e-06 5.08092e-08 2.83408e-10 
2.6577e-24 4.11699e-21 8.18934e-18 1.47958e-14 3.8355e-12 3.58778e-09 3.34181e-07 0.00029483 0.964361 0.0353442 
1.87556e-12 2.30514e-10 2.46472e-08 2.09005e-06 0.000329572 0.0222602 0.950262 0.0254988 0.00162946 1.81414e-05 
3.16997e-15 5.18989e-13 1.59634e-10 1.09846e-07 7.20019e-06 0.00394666 0.946112 0.0425655 0.00708622 0.000282604 
0.00645245 0.0505458 0.913678 0.0287759 0.000544955 2.47681e-06 2.83603e-08 4.1182e-11 1.21786e-13 2.3284e-16 
1.90054e-19 6.3272e-17 6.33262e-14 9.81319e-11 2.72206e-08 5.90848e-06 0.00101016 0.013815 0.977596 0.00757255 
1.17787e-12 1.37368e-10 1.09794e-08 6.65737e-07 2.93211e-05 0.00261099 0.0181316 0.968826 0.00975934 0.000642052 
1.65225e-19 5.5084e-17 5.56652e-14 8.61529e-11 2.37051e-08 5.06651e-06 0.000880258 0.0150594 0.975483 0.00857188 
1.19402e-24 1.876e-21 3.74348e-18 6.76913e-15 1.72454e-12 1.75642e-09 1.53036e-07 5.21973e-05 0.00479202 0.995156 
8.93773e-20 3.2013e-17 3.55282e-14 5.63094e-11 1.44024e-08 3.09945e-06 0.000578588 0.00462902 0.972638 0.022151 
5.17832e-09 6.8868e-07 5.42434e-05 0.00499009 0.892237 0.0821766 0.0197891 0.000746861 5.50272e-06 7.18226e-08 
0.000710722 0.0350955 0.91295 0.0470235 0.00411255 0.000106135 1.26551e-06 1.60495e-08 5.84818e-11 1.05616e-13 
3.4892e-05 0.00324033 0.0413888 0.911546 0.0420245 0.00170942 5.56001e-05 1.52693e-07 7.64198e-10 4.17346e-12 
1.29176e-19 4.5939e-17 4.9923e-14 7.91889e-11 2.25929e-08 4.43777e-06 0.000836197 0.0117451 0.980734 0.00668057 
1.71023e-16 2.65731e-14 5.47419e-12 3.78178e-10 6.60567e-08 1.42325e-05 0.00144554 0.0184939 0.971014 0.00903252 
2.23464e-12 2.73423e-10 2.8526e-08 1.96059e-06 0.000314373 0.137585 0.845932 0.0153847 0.00077781 5.02277e-06 
9.7701e-07 0.000115139 0.00528319 0.0442317 0.923174 0.0265038 0.000683312 8.18803e-06 7.83413e-08 4.56021e-10 
2.15624e-05 0.00205879 0.035394 0.911792 0.0468443 0.00374612 0.000141712 1.25293e-06 2.12161e-08 1.05635e-10 
7.92588e-08 2.97164e-05 0.0108598 0.876916 0.0524381 0.0472363 0.0119578 0.000558218 4.05087e-06 5.4544e-08 
6.84492e-43 1.15341e-38 8.43778e-34 1.0285e-28 4.78927e-24 1.65614e-19 1.99191e-14 1.74683e-09 0.000168993 0.999831 
1.1948e-09 1.54501e-07 1.87017e-05 0.00118486 0.893729 0.0870951 0.0174691 0.000499399 3.62388e-06 4.55164e-08 
8.23264e-07 8.3933e-05 0.000790856 0.0201819 0.0735425 0.900801 0.0045681 3.04103e-05 2.51386e-07 1.52704e-09 
1.79933e-10 1.89082e-08 6.12988e-07 0.000124031 0.00731321 0.898689 0.0780778 0.0152204 0.000571094 3.85717e-06 
2.18253e-15 3.40814e-13 7.15991e-11 7.55783e-09 1.77325e-06 0.000835018 0.0143807 0.976658 0.00782549 0.000298557 
0.000208353 0.00897655 0.0419755 0.921438 0.0266437 0.000715476 4.25565e-05 4.79608e-08 1.77255e-10 3.60724e-13 
2.63165e-26 6.82922e-23 1.48615e-19 2.62165e-16 1.26958e-14 2.93446e-10 1.65266e-08 7.10368e-06 0.00103644 0.998956 
3.33677e-15 5.19251e-13 1.07233e-10 7.89051e-09 1.46694e-06 0.000534478 0.00913571 0.0362639 0.950201 0.00386389 
3.606e-15 5.60852e-13 1.15771e-10 8.66018e-09 1.59188e-06 0.000765793 0.015535 0.975135 0.00826923 0.00029325 
1.01346e-06 0.000102858 0.000851303 0.0301472 0.937832 0.0303414 0.0007154 8.54574e-06 8.0613e-08 4.65094e-10 
2.83973e-15 4.82465e-13 1.80096e-10 1.64784e-07 1.41051e-05 0.00438025 0.933931 0.0529669 0.0083262 0.000381051 
1.3834e-09 1.7551e-07 2.03044e-05 0.000585136 0.00856797 0.932045 0.0508799 0.00776711 0.000133875 5.22334e-07 
6.53536e-07 6.62316e-05 0.000835742 0.328788 0.635149 0.0315229 0.00352394 0.000113246 6.11208e-07 4.78598e-09 
2.22834e-28 5.38986e-25 1.17095e-21 2.36622e-18 7.33415e-16 1.33639e-12 1.04851e-09 2.57542e-07 0.000760339 0.999239 
0.00650246 0.352328 0.622576 0.0179892 0.000601254 3.66129e-06 2.10046e-07 1.51034e-10 4.64927e-13 9.54237e-16 
1.30404e-23 3.02449e-20 6.50569e-17 1.22472e-13 2.33366e-11 4.02797e-08 2.93421e-05 0.00445519 0.976413 0.0191022 
2.42212e-15 3.77213e-13 7.85884e-11 7.40008e-09 1.63895e-06 0.00100466 0.471724 0.518176 0.00872252 0.00037066 
4.19698e-20 1.29018e-17 1.17023e-14 1.74045e-11 4.70792e-09 1.13699e-06 0.00015236 0.00293286 0.0121341 0.98478 
2.14297e-24 3.33085e-21 6.62901e-18 1.19784e-14 3.10967e-12 2.90046e-09 2.64525e-07 8.5221e-05 0.00659163 0.993323 
1.01986e-05 0.000987914 0.0325159 0.124509 0.837063 0.00467463 0.000235829 2.94094e-06 3.73858e-08 2.0909e-10 
8.54574e-25 1.54789e-21 3.17288e-18 5.71531e-15 1.1975e-12 2.56693e-09 1.79178e-07 7.75136e-05 0.00579056 0.994132 
1.92547e-24 4.72513e-21 1.02144e-17 1.87218e-14 2.87854e-12 1.25532e-08 2.50043e-05 0.0030703 0.97916 0.0177451 
1.16816e-19 3.59042e-17 3.24364e-14 4.83482e-11 1.34754e-08 3.0291e-06 0.000484312 0.0101585 0.978587 0.0107669 
1.69991e-18 3.93578e-16 2.50955e-13 3.50626e-10 1.50001e-07 8.68571e-05 0.00174213 0.0160867 0.974326 0.00775863 
1.87275e-18 3.15603e-16 1.08379e-13 8.12151e-11 2.39451e-08 6.73975e-06 0.000619402 0.0112878 0.981346 0.00674043 
1.23342e-06 0.000124735 0.000878596 0.0348328 0.929146 0.0343373 0.000671161 8.10462e-06 7.81139e-08 4.53332e-10 
0.000751983 0.0334955 0.92735 0.036882 0.00145182 6.7384e-05 1.0378e-06 1.36271e-08 4.95028e-11 9.09731e-14 
9.12391e-13 1.39853e-10 3.91086e-08 2.67433e-05 0.00222887 0.0193109 0.967021 0.0110203 0.000389878 2.24812e-06 
5.32025e-25 7.81586e-22 1.53209e-18 2.77503e-15 8.24115e-13 1.65766e-10 4.65651e-08 1.77066e-05 0.00112034 0.998862 
2.27445e-19 7.21971e-17 6.82253e-14 1.03198e-10 2.87576e-08 6.21788e-06 0.00103104 0.0125666 0.979364 0.00703194 
1.57755e-05 0.00150674 0.0359651 0.911344 0.047611 0.00347705 8.00367e-05 1.74611e-07 6.32186e-10 2.32355e-12 
1.59162e-19 5.6522e-17 6.11453e-14 9.69891e-11 2.80263e-08 5.436e-06 0.00102343 0.0127117 0.964306 0.0219534 
1.52181e-12 1.81432e-10 1.65856e-08 1.04331e-06 5.06174e-05 0.0053219 0.941844 0.0476489 0.00490414 0.000228984 
4.34995e-22 4.56028e-19 8.22975e-16 1.4836e-12 5.50287e-10 7.30621e-08 1.8247e-05 0.000178338 0.00656068 0.993243 
1.39671e-24 2.13606e-21 4.23971e-18 7.66834e-15 2.00878e-12 1.78202e-09 1.66227e-07 5.71009e-05 0.00398071 0.995962 
0.00524738 0.80175 0.13966 0.0484496 0.00473681 0.000148301 7.74767e-06 1.88674e-08 6.5775e-11 1.15532e-13 
6.18261e-07 6.20352e-05 0.000251162 0.0110139 0.049227 0.927463 0.0114751 0.00050293 3.76664e-06 5.54008e-08 
4.46984e-18 7.97025e-16 2.86859e-13 2.26044e-10 6.41583e-08 2.26559e-05 0.00129117 0.0160984 0.973821 0.00876696 
1.87466e-19 6.11963e-17 5.98488e-14 9.16287e-11 2.48825e-08 5.31524e-06 0.000910503 0.0109645 0.98217 0.0059494 
2.13221e-12 2.61222e-10 2.73744e-08 1.59557e-06 0.000106306 0.00675687 0.0353391 0.953557 0.00412648 0.000112197 
1.74242e-09 2.24877e-07 2.86642e-05 0.00271792 0.892971 0.0835381 0.0199091 0.000828701 6.17613e-06 1.15399e-07 
0.0205965 0.883233 0.0747811 0.0195426 0.00176565 7.99989e-05 1.17411e-06 1.68964e-08 7.04706e-11 4.8346e-13 
5.33066e-24 8.81252e-21 1.74441e-17 3.29626e-14 9.96925e-12 1.22953e-08 9.54947e-07 0.00112545 0.0180208 0.980853 
1.74932e-09 2.18527e-07 2.36082e-05 0.000899905 0.0205246 0.946331 0.0290839 0.00311448 2.1634e-05 2.78512e-07 
2.24064e-15 3.49665e-13 7.36608e-11 8.68833e-09 3.64929e-06 0.00321983 0.917994 0.0672613 0.0110409 0.000479931 
1.05343e-14 1.66786e-12 3.62801e-10 5.12259e-08 1.04926e-05 0.00209451 0.0213707 0.968012 0.00817994 0.000332806 
2.49672e-15 3.93697e-13 9.08424e-11 2.45357e-08 2.47511e-06 0.00153808 0.0202536 0.967893 0.00977483 0.00053839 
1.77813e-24 2.75109e-21 5.47581e-18 9.88919e-15 2.51308e-12 2.64089e-09 2.27427e-07 7.88233e-05 0.00628379 0.993637 
4.72743e-08 5.86943e-06 0.000412787 0.0168682 0.90347 0.0656232 0.0131079 0.000509988 2.32009e-06 1.77136e-08 
1.13712e-06 0.000137827 0.0128611 0.888582 0.0751673 0.0225416 0.000700549 8.55532e-06 8.89067e-08 4.46175e-10 
3.16208e-17 5.85103e-15 2.2907e-12 2.29341e-09 6.83729e-07 0.000348264 0.0096803 0.963189 0.0227425 0.0040391 
2.75834e-19 8.80496e-17 8.38724e-14 1.27301e-10 3.55864e-08 7.54856e-06 0.0012567 0.0160417 0.974058 0.00863595 
9.45011e-16 1.47116e-13 3.06489e-11 2.97068e-09 5.68164e-07 0.000225085 0.00402745 0.0206174 0.968842 0.0062877 
1.21141e-13 1.40771e-11 1.16908e-09 3.18586e-07 0.000103733 0.00903057 0.9522 0.0335848 0.00485403 0.00022677 
1.32062e-20 4.23829e-18 4.03408e-15 6.13591e-12 1.657e-09 4.1033e-07 8.94211e-05 0.00489791 0.975317 0.0196955 
1.7764e-14 2.66641e-12 5.82054e-10 2.33532e-07 8.34974e-05 0.00490606 0.0406918 0.946549 0.0074811 0.00028809 
2.02414e-19 6.74346e-17 6.76563e-14 1.04682e-10 2.93981e-08 6.01189e-06 0.00105511 0.0128984 0.979113 0.00692783 
1.06299e-12 1.29652e-10 1.33266e-08 9.19591e-07 9.40435e-05 0.00600957 0.283107 0.708453 0.0022832 5.2617e-05 
7.07633e-20 2.98988e-17 3.73896e-14 6.19743e-11 1.81787e-08 3.2467e-06 0.000682173 0.0104318 0.979107 0.00977607 
1.08426e-09 1.32964e-07 1.30889e-05 0.000540857 0.0189631 0.966034 0.0139761 0.000469303 3.39983e-06 4.33064e-08 
1.76153e-19 5.70045e-17 5.51377e-14 8.41997e-11 2.34754e-08 5.01895e-06 0.000838084 0.013253 0.978454 0.00744966 
7.69558e-19 2.5057e-16 1.69024e-13 1.9198e-10 5.60464e-08 1.37485e-05 0.00145998 0.013155 0.978817 0.00655432 
1.21712e-12 1.55318e-10 1.92818e-08 1.34801e-06 0.000197316 0.015161 0.949621 0.0315852 0.00336661 6.7716e-05 
3.05515e-20 1.37291e-17 1.8149e-14 3.0487e-11 9.18957e-09 1.6569e-06 0.000332864 0.00953393 0.979287 0.0108447 
1.56951e-24 2.37153e-21 4.69134e-18 8.48024e-15 2.28153e-12 1.68e-09 1.73139e-07 5.35062e-05 0.00414556 0.995801 
1.5341e-12 1.86504e-10 1.89688e-08 1.50639e-06 0.000194812 0.0145021 0.962835 0.0209157 0.00149012 6.1075e-05 
1.69568e-12 2.10892e-10 2.36997e-08 1.66012e-06 0.000224722 0.0140099 0.954581 0.0290487 0.00211954 1.4858e-05 
8.87051e-07 9.00308e-05 0.000671554 0.0137467 0.0541131 0.923023 0.0081904 0.000163255 1.00627e-06 2.04532e-08 
2.41994e-24 3.68023e-21 7.29566e-18 1.31819e-14 3.45255e-12 3.04808e-09 2.85328e-07 9.14923e-05 0.00734979 0.992558 
2.02175e-25 2.77141e-22 5.37983e-19 9.78702e-16 2.86998e-13 1.21961e-10 1.90949e-08 5.18204e-06 0.00194541 0.998049 
1.77044e-24 2.93337e-21 5.92928e-18 1.08042e-14 2.63379e-12 3.76348e-09 6.04044e-07 0.000124639 0.00674417 0.993131 
1.67497e-24 2.59121e-21 5.1534e-18 9.30828e-15 2.40676e-12 2.23412e-09 1.97061e-07 6.31113e-05 0.00356169 0.996375 
7.41242e-10 8.19554e-08 3.31819e-06 0.000287975 0.00695792 0.631695 0.35199 0.00885212 0.000211279 1.38429e-06 
2.59149e-15 4.03529e-13 8.39628e-11 7.69068e-09 1.6517e-06 0.000893764 0.0162122 0.96928 0.0125273 0.00108468 
1.98293e-24 3.01002e-21 5.96084e-18 1.07712e-14 2.87589e-12 2.28436e-09 2.20745e-07 6.58689e-05 0.00601058 0.993923 
1.21316e-20 3.16564e-18 2.1883e-15 2.81729e-12 7.17206e-10 2.25804e-07 2.28145e-05 0.000247031 0.00761547 0.992114 
4.49182e-05 0.00249856 0.0404604 0.914473 0.0406274 0.00182446 7.08067e-05 1.72461e-07 9.85864e-10 2.76991e-12 
1.78606e-19 5.78933e-17 5.63546e-14 8.61426e-11 2.39752e-08 5.11513e-06 0.000978988 0.483573 0.509295 0.00614813 
1.99557e-24 3.07253e-21 6.10997e-18 1.10262e-14 2.79339e-12 2.96472e-09 2.51375e-07 8.53694e-05 0.00570858 0.994206 
1.57029e-12 1.91232e-10 1.95697e-08 1.49142e-06 0.000243754 0.017174 0.951558 0.0282959 0.00257803 0.000148486 
2.6944e-19 8.09223e-17 7.03954e-14 1.0285e-10 2.70183e-08 6.30826e-06 0.000978453 0.00459179 0.0123211 0.982102 
3.81957e-19 1.15276e-16 1.02647e-13 1.54285e-10 4.23417e-08 1.05819e-05 0.00141366 0.929849 0.0605924 0.00813444 
4.50967e-05 0.00378286 0.0491175 0.901786 0.0433431 0.00184035 8.48087e-05 1.46755e-07 6.91152e-10 3.41197e-12 
1.15986e-19 4.12463e-17 4.48382e-14 7.10977e-11 2.022e-08 3.98782e-06 0.000756539 0.00924828 0.0270218 0.962969 
2.43207e-19 7.18792e-17 6.09303e-14 8.82335e-11 2.39662e-08 5.76556e-06 0.000790814 0.0138226 0.973592 0.0117886 
1.85871e-19 7.88386e-17 1.02693e-13 1.91616e-10 7.39452e-08 7.64287e-05 0.00462041 0.958703 0.0304858 0.00611414 
1.08336e-15 2.06382e-13 1.17715e-10 1.49504e-07 6.3225e-06 0.00437937 0.950532 0.0388373 0.00600402 0.000240635 
4.25431e-11 4.77418e-09 3.44394e-07 9.46435e-05 0.00899344 0.698116 0.274936 0.0163093 0.0015398 1.00398e-05 
9.1304e-25 1.36447e-21 2.69e-18 4.86508e-15 1.36014e-12 7.55435e-10 9.17848e-08 2.29894e-05 0.0034085 0.996568 
2.04012e-05 0.00207013 0.0163368 0.826081 0.148453 0.00692802 0.000109013 1.29504e-06 9.3399e-09 4.21176e-11 
1.61704e-13 2.33132e-11 4.21837e-09 4.64327e-07 9.59024e-05 0.00799725 0.949851 0.03723 0.00466905 0.000156032 
2.30433e-15 3.59444e-13 7.50584e-11 7.06203e-09 1.60268e-06 0.000861652 0.942774 0.0494627 0.0066389 0.000261612 
9.13581e-14 1.35784e-11 2.66965e-09 4.08243e-07 9.20392e-05 0.00741782 0.94365 0.042471 0.0061012 0.000267797 
3.4477e-16 5.46439e-14 1.22268e-11 2.54113e-09 6.69024e-07 0.000348009 0.00674902 0.953509 0.0336515 0.00574202 
2.19543e-32 5.74904e-29 1.25339e-25 2.21075e-22 2.06875e-20 2.26248e-16 1.73984e-12 3.15936e-08 0.000376225 0.999624 
8.12781e-24 1.6661e-20 3.51233e-17 7.1666e-14 2.67866e-11 3.57512e-08 2.65299e-06 0.00285977 0.979766 0.0173711 
1.32035e-20 6.77996e-18 9.63324e-15 1.64549e-11 4.53968e-09 1.05996e-06 0.000205284 0.0109128 0.980284 0.0085966 
2.45114e-25 6.25589e-22 1.35871e-18 2.43902e-15 2.02793e-13 2.4298e-09 1.43147e-07 8.0544e-05 0.00446613 0.995453 
2.84979e-14 4.06079e-12 7.52768e-10 2.21785e-07 2.93562e-05 0.00461604 0.953331 0.0364405 0.00534083 0.000242445 
3.75146e-09 5.76618e-07 0.000130665 0.0146149 0.893765 0.072889 0.0177923 0.000802159 5.65186e-06 8.35093e-08 
3.88127e-15 5.899e-13 1.18024e-10 1.09856e-08 2.04644e-06 0.000889763 0.0153207 0.972787 0.0106738 0.000326521 
1.5002e-09 1.89549e-07 2.1405e-05 0.000757399 0.0171866 0.955088 0.0254207 0.00152102 4.99738e-06 6.4128e-08 
1.57957e-09 1.93693e-07 1.89614e-05 0.000650843 0.0140114 0.0477597 0.930055 0.00735636 0.000147234 3.32869e-07 
7.16698e-07 7.29457e-05 0.000604463 0.0126024 0.0545559 0.921302 0.010638 0.000222843 8.70205e-07 2.82814e-09 
1.50596e-25 2.63557e-22 5.39223e-19 9.63256e-16 1.7198e-13 5.77114e-10 3.34276e-08 1.35684e-05 0.00169597 0.99829 
2.36732e-05 0.00218246 0.0364943 0.901868 0.0559482 0.00339774 8.57333e-05 3.37288e-07 1.93677e-09 1.20029e-11 
1.07369e-12 1.41479e-10 2.24281e-08 3.18738e-06 0.000260022 0.0140527 0.970886 0.0143534 0.000441475 3.1609e-06 
1.48267e-06 0.000150864 0.00163814 0.033809 0.934807 0.0290522 0.000532563 8.60694e-06 5.72797e-08 2.74904e-10 
2.21438e-24 3.94538e-21 8.10448e-18 1.53804e-14 4.50956e-12 6.15394e-09 6.10131e-07 0.000200049 0.00736258 0.992437 
3.87803e-21 6.93245e-18 1.40474e-14 2.53804e-11 6.91877e-09 1.05405e-06 0.000318287 0.00136646 0.0102244 0.98809 
1.58644e-19 4.95777e-17 4.60298e-14 6.89174e-11 1.78614e-08 4.09909e-06 0.000642181 0.00585762 0.0181592 0.975337 
6.56451e-09 1.14952e-06 0.00019152 0.00425828 0.0319887 0.946219 0.0167133 0.000623042 5.06608e-06 7.74176e-08 
1.30145e-05 0.00132034 0.0320988 0.911704 0.0475386 0.00694988 0.00037177 3.47261e-06 3.43538e-08 1.99382e-10 
1.21723e-24 2.27502e-21 4.69522e-18 8.47035e-15 1.66473e-12 4.15539e-09 4.56193e-07 0.000241432 0.00720602 0.992552 
1.3825e-16 2.15628e-14 4.54688e-12 5.38589e-10 1.54301e-07 0.000167892 0.00625585 0.939216 0.046452 0.00790816 
6.18278e-24 1.35445e-20 2.90553e-17 5.82413e-14 1.80245e-11 3.0902e-08 2.00285e-05 0.00395178 0.981847 0.0141815 
5.78423e-07 5.8351e-05 0.000352346 0.00702887 0.0431856 0.9335 0.0152763 0.00059326 4.30926e-06 7.17018e-08 
2.48537e-13 2.86993e-11 2.04386e-09 1.52949e-07 9.29844e-06 0.00169972 0.0203481 0.963198 0.0139392 0.000805916 
1.93242e-09 2.41717e-07 2.23e-05 0.000785752 0.0222202 0.958854 0.0174175 0.00069459 4.98509e-06 7.08693e-08 
0.0210605 0.896321 0.0685238 0.0132332 0.0008045 5.67398e-05 7.6502e-07 1.17766e-08 4.2789e-11 7.87324e-14 
1.24511e-06 0.000139186 0.00534659 0.0462529 0.917376 0.0301536 0.000720764 9.17614e-06 8.68633e-08 4.905e-10 
3.42634e-17 6.33518e-15 2.48013e-12 2.4801e-09 8.619e-07 0.000491688 0.00919548 0.963981 0.0234262 0.00290505 
3.44927e-24 6.3529e-21 1.31225e-17 2.38491e-14 5.01775e-12 1.24531e-08 2.55352e-05 0.00208335 0.973071 0.0248198 
2.53095e-05 0.00234719 0.036032 0.907813 0.0500528 0.00364587 8.38311e-05 1.91694e-07 6.63601e-10 3.19749e-12 
2.74759e-05 0.00445975 0.82602 0.131586 0.0365151 0.00134787 4.33156e-05 1.09453e-07 5.42009e-10 2.92481e-12 
2.85838e-19 9.88376e-17 1.04727e-13 1.64962e-10 4.18406e-08 1.62983e-05 0.00263949 0.93991 0.0495403 0.00789422 
2.35459e-05 0.00221125 0.0347941 0.90463 0.0530133 0.00522851 9.86084e-05 4.31299e-07 1.55768e-09 5.37922e-12 
6.81144e-21 9.99611e-18 1.9701e-14 3.58215e-11 1.17459e-08 1.83993e-06 0.000391357 0.0130874 0.972895 0.0136247 
2.31141e-24 3.87785e-21 7.85156e-18 1.42681e-14 3.41014e-12 4.24729e-09 1.79675e-06 0.00107468 0.973704 0.0252191 
3.94796e-07 4.02299e-05 0.00034095 0.0102372 0.305269 0.671243 0.0124426 0.000424012 2.20931e-06 1.55588e-08 
8.34393e-07 8.45799e-05 0.000644304 0.0171405 0.893996 0.0802693 0.00777715 8.60647e-05 8.66036e-07 7.63342e-09 
7.91695e-20 3.09693e-17 3.64439e-14 5.9283e-11 1.65206e-08 3.1791e-06 0.000649593 0.0105296 0.982864 0.00595325 
1.92061e-19 7.66763e-17 9.39815e-14 1.62741e-10 5.00266e-08 7.83237e-05 0.00321875 0.955802 0.0334463 0.00745438 
1.9563e-18 7.93749e-16 7.45425e-13 1.18274e-09 3.97154e-07 0.000225439 0.00431722 0.0197519 0.970963 0.00474239 
2.17723e-19 6.39747e-17 5.42984e-14 7.83519e-11 2.00138e-08 5.08279e-06 0.000697859 0.0112403 0.981668 0.00638853 
1.95855e-19 6.2672e-17 5.98269e-14 9.08546e-11 2.51168e-08 5.41633e-06 0.000912248 0.0117282 0.980682 0.00667162 
0.00625338 0.79109 0.158879 0.039239 0.00442717 0.000108742 2.10213e-06 3.88538e-08 1.9734e-10 1.44064e-12 
2.22142e-19 6.64342e-17 5.7228e-14 8.35475e-11 2.3386e-08 5.16375e-06 0.000783366 0.00393343 0.0132874 0.981991 
3.07876e-10 5.33714e-08 1.2803e-05 0.000285697 0.0105509 0.063416 0.918023 0.00725537 0.000453427 3.0712e-06 
1.80135e-12 2.19927e-10 2.27842e-08 1.77509e-06 0.000242533 0.0170987 0.964818 0.017194 0.000641317 3.81979e-06 
2.12539e-24 3.18832e-21 6.29118e-18 1.13903e-14 3.18685e-12 1.69594e-09 2.16306e-07 6.3207e-05 0.00632687 0.99361 
1.70408e-24 2.74377e-21 5.50218e-18 9.93484e-15 2.43703e-12 3.02e-09 2.43624e-07 8.6769e-05 0.00620792 0.993705 
1.33934e-24 2.16741e-21 4.35198e-18 7.84208e-15 1.87534e-12 2.53642e-09 1.93361e-07 6.86572e-05 0.0048938 0.995037 
6.81246e-15 1.15842e-12 3.69866e-10 2.96137e-07 0.000100284 0.00915357 0.948395 0.0349832 0.00703758 0.000330104 
7.39811e-25 1.26405e-21 2.57624e-18 4.60587e-15 8.44273e-13 2.59116e-09 1.56329e-07 6.19149e-05 0.00420608 0.995732 
2.23819e-12 2.75487e-10 2.96568e-08 2.09487e-06 0.000237154 0.016425 0.964694 0.017743 0.000890257 8.84919e-06 
1.23042e-19 3.69525e-17 3.22178e-14 4.70753e-11 1.1733e-08 3.03816e-06 0.000427353 0.00948868 0.974857 0.015224 
2.08082e-16 3.37702e-14 8.48422e-12 3.5222e-09 1.11054e-06 0.000609341 0.0125315 0.975893 0.0101115 0.000853649 
2.60011e-20 7.11368e-18 5.32644e-15 7.21276e-12 1.67613e-09 5.08643e-07 6.34927e-05 0.000608688 0.00877834 0.990549 
1.85574e-19 6.21415e-17 6.29085e-14 9.75069e-11 2.70994e-08 5.83117e-06 0.00142476 0.958249 0.0339224 0.00639819 
2.2958e-09 3.62237e-07 6.1491e-05 0.00416019 0.0386091 0.937507 0.0188572 0.000798515 5.81474e-06 8.60983e-08 
2.15674e-22 5.1232e-19 1.09463e-15 1.95325e-12 1.75635e-10 1.70604e-07 2.80595e-05 0.00458496 0.0190739 0.976313 
2.4036e-13 2.92487e-11 3.07415e-09 4.76365e-07 0.000118641 0.0112319 0.959447 0.0246871 0.00430864 0.000206329 
3.2165e-15 4.98555e-13 1.01383e-10 4.86367e-09 5.92041e-07 0.000131095 0.00343446 0.0193048 0.969418 0.00771118 
3.78997e-19 1.26513e-16 1.25773e-13 2.1451e-10 9.88929e-08 6.1766e-05 0.0019165 0.0222129 0.96616 0.00964891 
1.07896e-25 2.75224e-22 5.97137e-19 1.06191e-15 7.251e-14 1.07794e-09 6.35524e-08 3.96419e-05 0.00242432 0.997536 
1.27891e-06 0.000144868 0.0063698 0.0475747 0.904184 0.0358009 0.00547053 0.000449564 3.85572e-06 7.08929e-08 
1.35181e-19 4.65405e-17 4.80451e-14 7.52108e-11 2.12315e-08 4.14391e-06 0.000743426 0.00949815 0.500866 0.488888 
8.53603e-07 8.66653e-05 0.000732019 0.0238633 0.0966475 0.87148 0.00684467 0.00034276 1.83752e-06 1.97035e-08 
1.47824e-15 2.30576e-13 4.83238e-11 5.02155e-09 9.79931e-07 0.000348604 0.00593584 0.0206331 0.970084 0.00299714 
8.33636e-15 1.08789e-12 1.42148e-10 1.1691e-08 2.00435e-06 0.000825606 0.0146793 0.972969 0.0110157 0.000508459 
1.53869e-17 2.52617e-15 8.49721e-13 8.17728e-10 2.64279e-07 0.000285897 0.00872181 0.0387476 0.948375 0.00386986 
1.27736e-24 2.10166e-21 4.23931e-18 7.64734e-15 1.74336e-12 2.88665e-09 2.15679e-07 8.8243e-05 0.00572133 0.99419 
2.07779e-19 6.88282e-17 6.86948e-14 1.06102e-10 3.00049e-08 6.14154e-06 0.00106348 0.0155277 0.974537 0.00886579 
2.61718e-19 8.55844e-17 8.40995e-14 1.29085e-10 3.62955e-08 7.49885e-06 0.00128443 0.0146493 0.976169 0.0078901 
1.7838e-19 5.25845e-17 4.45218e-14 6.41967e-11 1.58129e-08 4.19337e-06 0.000586905 0.0125709 0.979674 0.00716399 
7.54866e-24 1.64066e-20 3.50769e-17 7.01956e-14 2.21624e-11 3.63761e-08 2.44626e-05 0.00292578 0.979552 0.0174974 
5.35199e-25 6.7942e-22 1.2942e-18 2.33629e-15 7.0969e-13 1.2324e-10 2.94872e-08 1.1666e-06 0.000623839 0.999375 
2.36114e-16 3.65989e-14 7.51231e-12 5.63972e-10 1.22916e-07 0.00011041 0.00519838 0.96032 0.028058 0.00631321 
1.77896e-08 2.06932e-06 9.9165e-05 0.00258419 0.0264152 0.954985 0.0155419 0.000368824 3.10528e-06 5.35494e-08 
6.87381e-14 8.57471e-12 9.76646e-10 8.86401e-08 1.63365e-05 0.00149685 0.103829 0.8891 0.00525716 0.000300739 
1.91899e-19 6.18759e-17 5.96642e-14 9.09564e-11 2.51908e-08 5.41146e-06 0.000940619 0.0142665 0.977119 0.00766888 
1.6758e-09 2.00572e-07 1.76308e-05 0.000785917 0.0215794 0.960372 0.0166063 0.000633212 4.80313e-06 7.15756e-08 
2.02418e-13 2.52828e-11 2.89465e-09 1.83012e-07 1.23722e-05 0.00124917 0.0150702 0.976826 0.00661697 0.000225218 
1.82523e-15 2.84648e-13 5.95234e-11 5.85332e-09 1.22052e-06 0.000627814 0.012912 0.979687 0.00651654 0.000255513 
1.36256e-19 5.41982e-17 6.13856e-14 1.0428e-10 4.30669e-08 1.73246e-05 0.000824958 0.955444 0.0370995 0.00661373 
1.45161e-05 0.00156269 0.0337422 0.916673 0.0433073 0.00453259 0.000165959 1.32391e-06 1.0509e-08 4.71771e-11 
4.85912e-27 1.03681e-23 2.15836e-20 3.92798e-17 8.17714e-15 6.66756e-12 3.60956e-09 4.35214e-06 0.000450764 0.999545 
1.76398e-09 2.20264e-07 2.40648e-05 0.000892225 0.0263189 0.942438 0.0280904 0.00221805 1.79055e-05 2.02907e-07 
2.30183e-08 2.56122e-06 9.6742e-05 0.00257993 0.0276284 0.951748 0.0173911 0.000548768 3.96527e-06 5.50701e-08 
1.67529e-09 2.31512e-07 2.97856e-05 0.0014019 0.894162 0.0851301 0.0185811 0.000689644 4.90572e-06 7.07738e-08 
2.52595e-19 8.6629e-17 8.95589e-14 1.40142e-10 3.96303e-08 7.9004e-06 0.00143041 0.0180935 0.970315 0.0101534 
2.00512e-15 3.12686e-13 6.52264e-11 6.02464e-09 1.2635e-06 0.000493592 0.00576305 0.0224605 0.966271 0.00501072 
1.10749e-06 0.000112196 0.000858768 0.0245245 0.0929659 0.874813 0.00649356 0.000228496 2.22934e-06 5.86775e-08 
1.14526e-24 1.51724e-21 2.91612e-18 5.27113e-15 1.60201e-12 3.08257e-10 7.35669e-08 6.53197e-06 0.00178253 0.998211 
2.22421e-19 7.04218e-17 6.62128e-14 9.99692e-11 2.74607e-08 5.98014e-06 0.00100594 0.0129795 0.97901 0.00699854 
4.35831e-25 9.16844e-22 1.92681e-18 3.4727e-15 5.93717e-13 2.16411e-09 1.58982e-07 0.000568866 0.980712 0.018719 
7.07362e-24 1.5099e-20 3.22058e-17 6.31399e-14 1.7705e-11 3.23619e-08 2.68872e-05 0.00384985 0.977058 0.0190655 
1.3117e-24 2.03197e-21 4.05466e-18 7.31545e-15 1.7442e-12 2.4645e-09 1.89543e-07 7.0281e-05 0.00556211 0.994367 
1.22885e-06 0.000124366 0.000894403 0.0325842 0.934342 0.0313823 0.000663199 8.44779e-06 8.06205e-08 4.47871e-10 
1.45043e-24 2.25174e-21 4.48198e-18 8.08161e-15 2.04498e-12 2.16386e-09 1.93398e-07 7.13328e-05 0.00525264 0.994676 
4.87397e-07 4.98607e-05 0.00077959 0.105545 0.765364 0.125584 0.00261761 5.94992e-05 5.75266e-07 1.16444e-08 
0.000827214 0.0335653 0.927537 0.0364077 0.00159221 6.9873e-05 1.04102e-06 1.41107e-08 5.12496e-11 9.43303e-14 
3.66844e-15 5.67548e-13 1.15721e-10 7.87287e-09 1.37816e-06 0.000578829 0.0127106 0.979152 0.00726028 0.000296397 
3.76161e-07 3.87814e-05 0.000586924 0.444186 0.532477 0.02233 0.000375927 4.70004e-06 4.56913e-08 2.58551e-10 
1.55354e-09 1.92208e-07 1.9675e-05 0.000760681 0.020013 0.959276 0.0190831 0.000842369 4.74804e-06 6.12763e-08 
8.80447e-14 1.06943e-11 1.11846e-09 1.87716e-07 5.22474e-05 0.00385779 0.023917 0.956244 0.0150487 0.000879827 
1.54538e-19 4.9555e-17 4.77202e-14 7.25484e-11 1.96572e-08 4.41132e-06 0.000711932 0.0126507 0.979482 0.00715095 
1.54435e-10 1.68928e-08 5.62853e-07 3.67505e-05 0.000818657 0.435399 0.537198 0.0248059 0.00173103 9.41148e-06 
1.92422e-19 6.69803e-17 7.04213e-14 1.10751e-10 3.10766e-08 6.10045e-06 0.00112727 0.0130746 0.978369 0.0074235 
1.15432e-19 4.36863e-17 5.06001e-14 8.16253e-11 2.18233e-08 5.79535e-06 0.00159456 0.486644 0.505267 0.00648883 
4.3765e-21 1.05006e-18 5.87944e-16 6.47231e-13 1.23474e-10 6.68292e-08 3.86744e-06 0.000508959 0.969114 0.0303732 
0.000998269 0.0367345 0.861933 0.0883445 0.0114633 0.0005162 1.04664e-05 8.86672e-08 4.60924e-10 3.04194e-12 
1.94242e-24 2.93146e-21 5.80287e-18 1.04798e-14 2.74986e-12 2.37598e-09 2.33579e-07 0.000293861 0.976249 0.0234565 
6.46447e-10 1.0219e-07 2.44494e-05 0.00102409 0.0212485 0.927993 0.0378083 0.0107962 0.00102001 8.51702e-05 
1.83542e-24 2.90329e-21 5.80435e-18 1.04768e-14 2.58883e-12 2.65028e-09 6.24181e-07 0.00156183 0.980347 0.0180902 
9.62038e-16 1.49413e-13 3.07495e-11 2.19728e-09 4.24001e-07 0.000215887 0.00561629 0.0293618 0.957944 0.00686143 
1.2165e-09 1.56562e-07 2.01465e-05 0.00263525 0.0333366 0.503813 0.459455 0.000734899 5.21389e-06 4.92424e-08 
4.33095e-10 7.02543e-08 1.52438e-05 0.000251006 0.00254678 0.023857 0.956376 0.0163361 0.000614717 3.55572e-06 
1.25448e-06 0.000127137 0.000955049 0.0272427 0.944191 0.0266155 0.000856594 1.02794e-05 1.1386e-07 6.76645e-10 
6.78055e-13 8.16695e-11 7.872e-09 4.87083e-07 5.44865e-05 0.00484258 0.0324949 0.95343 0.00881759 0.000359544 
1.67817e-12 2.10288e-10 2.46125e-08 1.99142e-06 0.000261366 0.0162867 0.966563 0.016131 0.000751706 4.22416e-06 
1.96758e-15 3.0746e-13 6.47436e-11 7.07403e-09 1.75979e-06 0.000877631 0.0133807 0.975897 0.00926975 0.000573566 
5.39326e-07 5.46955e-05 0.000402924 0.0123935 0.0690071 0.902741 0.0148866 0.000509883 3.8665e-06 5.45471e-08 
1.73983e-12 2.10208e-10 2.07789e-08 1.61468e-06 0.000188386 0.0125521 0.0532321 0.927133 0.00664952 0.000242821 
4.55606e-13 6.38196e-11 1.06567e-08 8.59588e-07 0.000141038 0.00837745 0.0405396 0.945259 0.00556121 0.000120463 
2.34446e-19 8.06586e-17 8.43268e-14 1.32167e-10 3.72429e-08 7.53556e-06 0.00133974 0.0166772 0.972496 0.00947976 
1.78921e-24 3.12214e-21 6.38363e-18 1.16028e-14 2.51836e-12 4.6892e-09 3.14115e-06 0.000264288 0.00616032 0.993572 
2.97375e-28 7.39682e-25 1.61316e-21 3.17237e-18 8.1742e-16 2.03055e-12 2.91087e-09 1.0319e-06 0.00200141 0.997998 
2.2597e-24 3.56473e-21 7.11866e-18 1.28522e-14 3.23602e-12 3.54046e-09 2.97652e-07 0.000100652 0.00723653 0.992663 
0.960395 0.03811 0.0014824 1.23146e-05 1.1864e-07 8.82185e-10 7.60754e-12 2.02924e-14 6.8122e-17 2.88813e-19 
3.30932e-09 5.0054e-07 7.31172e-05 0.00396216 0.573471 0.409647 0.0123603 0.000481836 4.06955e-06 6.83187e-08 
6.7575e-24 1.44689e-20 3.06199e-17 5.41905e-14 5.27311e-12 5.88594e-09 4.32019e-07 0.000154006 0.00858174 0.991264 
1.99838e-19 6.57061e-17 6.50819e-14 1.00132e-10 2.79241e-08 1.18873e-05 0.00100498 0.0111312 0.981796 0.00605618 
1.94321e-19 6.58192e-17 6.75666e-14 1.05292e-10 2.97972e-08 6.06363e-06 0.0010745 0.014179 0.966844 0.0178964 
1.41954e-12 1.9308e-10 3.60594e-08 2.28966e-05 0.000949297 0.0150107 0.966856 0.0158306 0.00131858 1.2067e-05 
3.93247e-09 4.82349e-07 4.12463e-05 0.00141806 0.0251813 0.954365 0.0182331 0.000755459 5.22205e-06 7.85653e-08 
2.63216e-15 4.1069e-13 8.61294e-11 8.99103e-09 2.05304e-06 0.00105282 0.0185071 0.967682 0.0119281 0.000828331 
1.19817e-24 1.9727e-21 3.97899e-18 7.17604e-15 1.63949e-12 2.70179e-09 1.993e-07 8.30172e-05 0.00578773 0.994129 
8.54701e-07 8.72088e-05 0.00088803 0.0282274 0.92702 0.0417619 0.00200512 9.03165e-06 8.13448e-08 4.7179e-10 
2.43648e-15 3.79976e-13 7.92518e-11 7.23782e-09 1.64098e-06 0.000735417 0.0120059 0.0425902 0.942758 0.00190903 
2.22166e-19 1.29682e-16 2.03262e-13 3.9234e-10 1.50988e-07 0.000154678 0.00702462 0.954489 0.0315406 0.00679071 
1.48162e-24 2.3434e-21 4.67759e-18 8.45338e-15 2.18476e-12 2.03694e-09 1.86438e-07 6.13144e-05 0.00515578 0.994783 
4.20358e-08 5.13486e-06 0.000340951 0.00790303 0.0424024 0.936087 0.0129155 0.000344341 1.60171e-06 8.08643e-09 
2.20365e-19 6.56155e-17 5.64581e-14 8.21022e-11 2.17323e-08 5.13026e-06 0.00079931 0.00791242 0.975746 0.0155374 
7.78571e-16 1.21036e-13 2.50045e-11 1.94006e-09 3.94294e-07 0.000256299 0.00708516 0.0347815 0.951348 0.00652867 
2.22799e-19 6.87266e-17 6.25672e-14 9.33296e-11 2.66006e-08 5.64663e-06 0.000905456 0.00598146 0.019107 0.974 
2.2713e-24 3.58344e-21 7.16068e-18 1.29198e-14 3.1858e-12 3.82036e-09 3.16773e-07 0.000113037 0.00900838 0.990878 
2.30028e-19 7.29354e-17 6.89423e-14 1.04216e-10 2.87085e-08 6.27254e-06 0.00117762 0.0137071 0.978461 0.00664779 
2.06845e-27 5.09286e-24 1.10264e-20 2.0812e-17 3.67724e-15 9.80733e-12 1.89134e-09 9.03009e-07 0.00131052 0.998689 
2.08973e-24 3.56647e-21 7.26003e-18 1.33552e-14 3.30317e-12 4.93202e-09 7.99735e-07 0.00033557 0.00859107 0.991073 
1.71821e-09 2.09529e-07 1.98667e-05 0.000836484 0.0221724 0.959473 0.0168962 0.000597199 4.73793e-06 7.18886e-08 
2.31476e-12 2.82496e-10 2.90452e-08 1.72535e-06 0.000110766 0.00686304 0.036729 0.949445 0.00666625 0.000183991 
2.27237e-24 3.48889e-21 6.92375e-18 1.25023e-14 3.29715e-12 2.72628e-09 2.63999e-07 8.30886e-05 0.00644559 0.993471 
2.12801e-24 3.20387e-21 6.335e-18 1.14473e-14 3.06664e-12 2.39071e-09 2.34921e-07 6.67316e-05 0.00686353 0.993069 
1.72835e-10 3.41352e-08 9.51113e-06 0.000134171 0.00397247 0.0244899 0.957089 0.0135475 0.000752963 4.60034e-06 
2.34634e-25 4.08173e-22 8.31356e-19 1.49142e-15 3.0732e-13 6.84059e-10 5.22756e-08 1.65603e-05 0.00277672 0.997207 
4.7442e-10 7.24125e-08 1.44878e-05 0.00162048 0.908229 0.0599403 0.0247777 0.00496224 0.000452697 2.54627e-06 
2.97766e-05 0.00280192 0.0365356 0.923666 0.035559 0.00135517 5.23791e-05 1.20503e-07 5.94336e-10 3.30088e-12 
2.81462e-24 4.4044e-21 8.54515e-18 1.58483e-14 4.0158e-12 5.7213e-09 3.20541e-07 0.000118225 0.00562231 0.994259 
1.08521e-24 1.87605e-21 3.814e-18 6.87149e-15 1.52057e-12 2.59031e-09 5.14521e-07 9.65549e-05 0.00605137 0.993852 
2.35856e-24 3.67583e-21 7.30929e-18 1.32012e-14 3.36751e-12 3.44614e-09 2.96041e-07 9.92373e-05 0.00739129 0.992509 
1.70213e-13 2.64047e-11 5.63053e-09 8.66596e-07 0.000613061 0.0212752 0.948689 0.0252797 0.00402257 0.000119115 
6.6858e-05 0.00276857 0.0375924 0.923854 0.0345233 0.00113793 5.71412e-05 7.28402e-08 2.98674e-10 8.42567e-13 
2.34362e-24 3.57999e-21 7.09721e-18 1.28316e-14 3.42693e-12 2.67158e-09 2.68918e-07 8.66173e-05 0.00661647 0.993297 
1.98635e-19 6.32117e-17 5.97977e-14 9.05527e-11 2.50578e-08 5.38752e-06 0.000880802 0.0110066 0.982132 0.00597479 
1.36707e-12 2.06858e-10 5.91147e-08 8.06722e-05 0.00893991 0.93236 0.0424479 0.0144566 0.00165663 5.80936e-05 
3.37447e-21 7.5294e-18 1.59294e-14 2.9358e-11 6.69734e-09 3.56507e-06 0.0014436 0.486683 0.500067 0.0118029 
2.74885e-05 0.00252209 0.0151111 0.0680345 0.893375 0.020712 0.000215136 3.0206e-06 2.16817e-08 9.27911e-11 
1.4264e-09 1.96171e-07 3.21498e-05 0.00488569 0.0459296 0.932197 0.0163989 0.000552708 3.7981e-06 4.81767e-08 
2.23709e-09 2.81971e-07 3.2271e-05 0.00212936 0.868615 0.103044 0.025134 0.00103863 7.04913e-06 9.38719e-08 
1.01018e-25 2.53907e-22 5.50139e-19 9.8286e-16 8.08736e-14 1.00492e-09 5.55485e-08 2.58948e-05 0.0032387 0.996735 
9.7555e-19 7.04046e-16 8.33231e-13 1.45797e-09 5.38487e-07 0.00103605 0.94378 0.037078 0.0152023 0.00290329 
1.67323e-30 4.38134e-27 9.54827e-24 1.676e-20 9.3997e-19 8.59507e-15 3.39232e-11 2.93213e-07 0.00112305 0.998877 
1.79498e-19 6.0819e-17 6.22593e-14 9.69823e-11 2.70442e-08 5.57859e-06 0.00096385 0.0127597 0.0331287 0.953142 
0.0890645 0.869674 0.0395224 0.00172176 1.69618e-05 1.44845e-07 7.23652e-09 9.38132e-12 3.11511e-14 6.44126e-17 
5.23117e-26 7.42395e-23 1.45554e-19 2.62361e-16 6.67925e-14 6.4413e-11 5.77073e-09 1.94036e-06 0.0013529 0.998645 
1.7223e-09 2.31406e-07 3.24359e-05 0.000928999 0.0254623 0.952853 0.0199029 0.000812016 8.52597e-06 7.06104e-08 
2.80927e-12 5.7162e-10 2.16226e-07 0.00010545 0.0101599 0.667593 0.308752 0.012653 0.000732172 4.76737e-06 
1.14529e-12 1.42605e-10 1.6066e-08 1.31353e-06 0.000229271 0.015011 0.0654546 0.915328 0.00382756 0.000148106 
2.36147e-12 3.46955e-10 9.20631e-08 7.1881e-05 0.00785987 0.926953 0.0511995 0.0129397 0.000965488 1.01379e-05 
3.09241e-20 9.78974e-18 9.21881e-15 1.39813e-11 4.25519e-09 8.32094e-07 0.000140858 0.000767543 0.00771418 0.991377 
