3926
5.84195e-07 8.96368e-06 0.000100603 0.000286216 0.00254959 0.0203141 0.069075 0.718762 0.119122 0.0697804 
6.42908e-08 8.79008e-07 3.66716e-05 4.20785e-05 0.000361052 0.000359384 0.000968442 0.00371939 0.0111317 0.98338 
4.29967e-07 1.30548e-05 0.000103006 0.000162074 0.00181834 0.00360463 0.00956144 0.025465 0.883646 0.0756261 
3.04511e-08 1.33555e-06 4.81094e-06 7.99637e-06 0.000151092 0.000461938 0.00270153 0.00935452 0.0265069 0.96081 
2.29937e-05 0.00151192 0.00085152 0.00221803 0.00809506 0.0225637 0.0520408 0.0921842 0.112304 0.708208 
9.21294e-14 2.58991e-12 1.41767e-10 9.50905e-10 3.29767e-08 1.87759e-06 0.000161474 0.000630747 0.00310891 0.996097 
1.93664e-19 3.16466e-17 1.17773e-14 3.23691e-13 3.41183e-10 4.85492e-08 6.72138e-05 0.000163608 0.00160764 0.998161 
5.75104e-06 0.000342816 0.000279942 0.0012699 0.00713533 0.0233933 0.646334 0.129946 0.118392 0.0729007 
1.29533e-05 0.000928267 0.000454234 0.00133434 0.00502788 0.0167339 0.0422264 0.0791208 0.780093 0.0740683 
7.48144e-15 1.554e-13 6.18397e-12 5.40782e-11 2.3823e-09 4.32831e-08 4.63522e-07 2.62465e-05 8.17775e-05 0.999891 
3.35716e-05 0.000935834 0.00159969 0.00389201 0.017624 0.0508378 0.425255 0.427984 0.0470458 0.0247925 
1.33282e-07 5.5841e-06 2.90447e-05 4.98873e-05 0.000714157 0.00157886 0.00550008 0.0228069 0.0548326 0.914483 
1.17499e-05 0.000741838 0.000466559 0.00149443 0.00910391 0.481583 0.216183 0.0872002 0.152894 0.0503217 
9.66434e-23 2.10209e-19 9.55828e-16 2.32379e-13 3.15703e-10 4.13465e-08 6.31866e-05 0.000214528 0.00217947 0.997543 
0.000486001 0.00322512 0.0301207 0.323411 0.448471 0.129749 0.0461494 0.0128017 0.00425075 0.0013352 
3.16896e-05 0.000451107 0.00272433 0.00999913 0.0316066 0.0678086 0.0976598 0.105595 0.652413 0.0317103 
5.63578e-06 0.000393449 0.000251093 0.000716454 0.00299401 0.0100209 0.0278433 0.06376 0.794258 0.0997567 
9.59691e-08 1.72782e-06 4.52237e-05 6.52363e-05 0.000338581 0.0012919 0.00718082 0.0280837 0.070777 0.892216 
4.74192e-09 2.36023e-07 8.54625e-07 1.54823e-06 2.92135e-05 0.000132092 0.00111709 0.00543173 0.472211 0.521076 
7.42519e-06 0.000416315 0.00028626 0.000889204 0.00316279 0.0125876 0.3313 0.481139 0.140498 0.0297131 
1.53464e-10 8.97312e-09 1.09354e-08 3.51196e-08 3.75852e-07 2.62951e-05 0.000396043 0.00311981 0.00984086 0.986617 
3.21618e-05 0.00132145 0.00130782 0.0032089 0.0143966 0.0448556 0.662307 0.135853 0.0943694 0.0423483 
3.53728e-08 4.03539e-07 1.96393e-05 2.37861e-05 0.000174079 0.000374173 0.00369651 0.016203 0.916061 0.0634476 
6.77679e-12 1.15085e-10 2.27826e-09 2.88325e-08 3.07815e-07 1.09652e-05 0.000205883 0.00108867 0.00429605 0.994398 
4.52745e-11 4.62033e-10 6.116e-09 1.31253e-07 1.01338e-06 2.6529e-05 0.000378461 0.00209055 0.00651609 0.990987 
2.94575e-07 8.85552e-06 3.64885e-05 0.000229402 0.00131174 0.00636746 0.023449 0.0641284 0.833823 0.0706457 
8.80471e-18 1.39854e-15 3.80549e-13 4.55224e-12 1.03242e-09 1.80389e-06 0.000119607 0.00161614 0.00558584 0.992677 
7.96353e-08 2.95187e-06 1.73887e-05 2.95718e-05 0.000290078 0.00146027 0.00697346 0.0318877 0.906498 0.052841 
2.69187e-32 8.16586e-29 4.47502e-25 2.64471e-21 8.80004e-18 2.76338e-13 3.64507e-09 1.76281e-05 0.000430795 0.999552 
6.15036e-08 1.22375e-06 2.8582e-05 3.48426e-05 0.00028414 0.000549049 0.00278391 0.0122482 0.337991 0.646079 
1.12116e-10 1.36893e-09 2.73544e-08 7.66235e-08 1.08611e-06 6.30033e-06 0.00013678 0.000579261 0.00225076 0.997026 
3.14702e-08 3.58718e-07 1.76069e-05 2.11177e-05 6.30115e-05 0.000215563 0.00197617 0.0100097 0.944231 0.0434654 
6.64091e-08 7.93758e-07 3.54859e-05 4.38373e-05 0.000295972 0.000822406 0.00423875 0.464173 0.487776 0.0426138 
4.0449e-09 4.68912e-08 2.20592e-06 2.83961e-06 6.70907e-05 9.0019e-05 0.000910186 0.00603568 0.957609 0.0352825 
9.95069e-05 0.00178777 0.00498264 0.0124422 0.0437603 0.287813 0.311447 0.287526 0.0362394 0.0139015 
5.16562e-06 0.000388915 0.000164032 0.000377704 0.00195303 0.00290199 0.00665316 0.0213741 0.0465007 0.919681 
7.31297e-08 2.7412e-06 1.76515e-05 2.56395e-05 0.00032205 0.000958411 0.00483057 0.0179635 0.0486677 0.927212 
9.95182e-08 1.07926e-06 5.83255e-05 6.69551e-05 0.00033458 0.00066895 0.00440216 0.0204148 0.0538042 0.920249 
8.5882e-06 0.000157971 0.000464581 0.00126204 0.00445199 0.0160367 0.0319252 0.043946 0.0683412 0.833406 
2.55845e-06 0.00017414 0.000145879 0.000346308 0.00200945 0.00649611 0.0180734 0.437836 0.467692 0.0672246 
1.35629e-06 9.33401e-05 7.60921e-05 0.000387613 0.00133557 0.00251915 0.00730651 0.0205024 0.0434594 0.924319 
2.1615e-05 0.00113983 0.00086219 0.00209551 0.00678686 0.0196542 0.0436196 0.0678284 0.160265 0.697727 
6.93506e-05 0.00109117 0.0108746 0.0156647 0.0337565 0.0692941 0.102648 0.107404 0.607367 0.0518307 
4.94775e-08 2.17894e-06 6.59287e-06 1.4784e-05 0.000268054 0.00067635 0.00152659 0.00619762 0.436266 0.555041 
1.00256e-05 0.000281893 0.000473663 0.00148885 0.00622835 0.0185244 0.0828957 0.130857 0.646323 0.112917 
1.95346e-05 0.000805192 0.000810244 0.00306065 0.0128408 0.0437779 0.672711 0.130907 0.0931409 0.0419268 
1.71044e-05 0.00109582 0.000620443 0.00162016 0.00585271 0.019565 0.0495151 0.0795006 0.739001 0.103212 
2.59513e-05 0.000899478 0.0014303 0.00421432 0.0162846 0.0458597 0.0882758 0.101346 0.0900547 0.651609 
4.14368e-07 4.67884e-06 7.19477e-05 0.000247257 0.00173548 0.00743622 0.0230864 0.0543154 0.833633 0.0794692 
1.43478e-08 1.71712e-07 7.38674e-06 9.45414e-06 0.000121807 0.00022214 0.00239092 0.0105401 0.0318495 0.954858 
7.69778e-05 0.000972902 0.0048772 0.0154425 0.145137 0.34778 0.119786 0.31291 0.0391522 0.0138646 
2.43489e-05 0.00162938 0.000914234 0.00270423 0.00959483 0.0244896 0.0552443 0.0839629 0.753737 0.0676987 
5.4792e-08 1.74503e-06 1.45788e-05 2.65299e-05 0.000646097 0.000671291 0.00262083 0.00847882 0.0178389 0.969701 
0 0 0 0 0 0 0 0 0 1 
1.41361e-09 2.49702e-08 2.86497e-07 1.07675e-06 6.67493e-05 6.29246e-05 0.00057823 0.0034411 0.00874082 0.987109 
1.69321e-05 0.00107446 0.000636331 0.00245914 0.00942475 0.0249432 0.0655529 0.764241 0.0813586 0.0502932 
8.40641e-11 8.97442e-10 1.3919e-08 2.67605e-07 2.31003e-06 8.549e-05 0.00178836 0.00863313 0.0261329 0.963358 
3.17846e-05 0.00049565 0.00216604 0.00949794 0.0337622 0.298472 0.526437 0.0800537 0.0347998 0.0142838 
2.14716e-12 4.9314e-11 1.73613e-09 2.08272e-08 3.19939e-07 1.94726e-05 0.000282536 0.00148035 0.00359265 0.994625 
9.95978e-06 0.00070243 0.000380268 0.000789736 0.00274169 0.00644522 0.0185835 0.0500679 0.83501 0.0852689 
1.65785e-05 0.00110582 0.000596827 0.0020999 0.00866644 0.0290052 0.615872 0.140271 0.126471 0.0758961 
6.26063e-35 2.13971e-31 1.27807e-27 9.33434e-24 4.84621e-20 6.12182e-16 3.64969e-13 1.00766e-09 3.35799e-06 0.999997 
8.06858e-08 1.09254e-06 3.80361e-05 5.21495e-05 0.000611063 0.00209224 0.0144052 0.863137 0.0586986 0.060965 
1.42312e-09 8.39793e-08 6.28965e-08 1.8965e-07 1.00189e-06 1.06807e-05 4.36217e-05 7.03749e-05 0.000209958 0.999664 
2.81387e-07 8.86932e-06 5.49509e-05 0.000231416 0.000775104 0.00221505 0.00769128 0.0263179 0.881562 0.081143 
2.60999e-05 0.00136399 0.00102195 0.00296904 0.018257 0.528264 0.102302 0.139384 0.127706 0.0787063 
2.70622e-07 3.51526e-06 8.85232e-05 0.000146562 0.00116669 0.00364984 0.0158353 0.0476471 0.853723 0.0777391 
7.907e-12 7.6173e-11 1.64887e-09 2.72196e-08 2.96045e-07 9.20812e-06 0.00017591 0.0016995 0.0059135 0.992202 
5.56803e-09 9.98349e-08 1.61148e-06 3.26406e-06 4.98171e-05 0.000112809 0.000588246 0.00061332 0.00221103 0.99642 
1.84128e-06 0.000126817 9.76336e-05 0.000243482 0.00132506 0.00387983 0.0118255 0.0310718 0.227303 0.724125 
1.02279e-09 1.69395e-08 1.27714e-07 9.25349e-07 1.7552e-05 0.000546298 0.300476 0.199033 0.408068 0.0918581 
1.92956e-08 2.8498e-07 9.34624e-06 1.35712e-05 0.000408037 0.000713191 0.00576112 0.0281464 0.402762 0.562186 
2.65517e-08 3.23641e-07 1.47739e-05 1.78657e-05 0.000123097 0.000131582 0.000753795 0.00275662 0.00747074 0.988731 
1.0283e-05 0.000714577 0.00042617 0.00115079 0.00473412 0.0144117 0.0391641 0.0744541 0.0958157 0.769118 
2.0264e-05 0.00125546 0.000710572 0.00240981 0.010462 0.0261976 0.0728844 0.108772 0.739296 0.0379918 
2.62623e-06 0.000189384 0.000115928 0.000406421 0.00196916 0.00621751 0.0959477 0.029573 0.0420994 0.823479 
4.68527e-08 5.47465e-07 2.56919e-05 3.45174e-05 0.000437951 0.00267375 0.0192543 0.0594028 0.830414 0.0877561 
7.43817e-06 0.000181018 0.000445211 0.00168176 0.105213 0.32208 0.205395 0.0725166 0.0652517 0.227228 
0.00115823 0.00560596 0.033511 0.550664 0.271932 0.088503 0.034675 0.00867136 0.00471576 0.000564491 
1.35268e-07 2.6832e-06 5.38528e-05 7.60631e-05 0.000650393 0.00150257 0.0078935 0.0305176 0.867086 0.0922168 
1.44037e-05 0.00100602 0.00049687 0.00152529 0.00688767 0.0232839 0.0768888 0.731123 0.0996112 0.0591628 
1.64406e-07 6.46916e-06 4.25455e-05 5.75914e-05 0.000597266 0.00162779 0.00600142 0.0210164 0.0517383 0.918912 
7.28481e-07 4.80179e-05 5.70783e-05 0.000131856 0.00136808 0.00296497 0.00750577 0.0233683 0.0503356 0.91422 
1.43102e-23 5.42932e-20 2.67985e-16 1.4693e-13 2.0677e-10 2.54537e-08 4.06362e-05 9.14558e-05 0.00112938 0.998739 
5.24613e-06 0.000348018 0.00023736 0.000781005 0.0043651 0.0157414 0.0414266 0.0806698 0.782472 0.0739536 
6.03669e-05 0.0015322 0.00424215 0.012932 0.0560587 0.611699 0.140651 0.101992 0.0469555 0.0238767 
2.45428e-05 0.00114893 0.000881462 0.0031356 0.0148358 0.0440051 0.66377 0.122946 0.0945251 0.0547274 
2.29116e-05 0.00143631 0.000822128 0.00280083 0.0118204 0.0295672 0.0744405 0.117338 0.697222 0.0645293 
1.22975e-12 1.62839e-11 8.02925e-10 9.22055e-09 1.4598e-07 1.44424e-05 0.000411608 0.00216118 0.00716389 0.990249 
3.16491e-05 0.0018945 0.00127969 0.00450683 0.0212158 0.503237 0.13164 0.139861 0.11992 0.0764131 
2.43767e-06 8.44054e-05 0.000142521 0.000873598 0.00445518 0.0152052 0.0554771 0.75906 0.100308 0.064391 
6.01991e-06 0.000431783 0.000216227 0.000579803 0.0021371 0.00685591 0.170998 0.545732 0.238332 0.0347107 
0.000196266 0.00373181 0.0149592 0.0448493 0.505932 0.250651 0.0944026 0.0527485 0.0223075 0.0102216 
6.28198e-06 0.000286975 0.00024961 0.000586538 0.00246877 0.00702007 0.10876 0.0904922 0.748889 0.0412405 
3.45248e-07 1.89188e-05 4.85616e-05 0.000106955 0.000813423 0.00211498 0.00751002 0.022232 0.050576 0.916579 
4.28539e-05 0.00549864 0.0512499 0.0427711 0.159765 0.225856 0.434159 0.0595994 0.0146891 0.00636937 
3.9376e-05 0.00120595 0.00253425 0.0106374 0.0314247 0.0738659 0.124675 0.136953 0.585774 0.0328911 
3.07192e-07 7.75158e-06 8.9047e-05 0.000258268 0.00116227 0.0025812 0.00890168 0.0290828 0.0716963 0.88622 
0.000931179 0.00719982 0.0285479 0.164165 0.417716 0.144434 0.115611 0.0734149 0.0344006 0.01358 
1.92608e-05 0.00106746 0.000778281 0.00339641 0.0112508 0.0290327 0.0621747 0.425178 0.417042 0.0500606 
0.000320042 0.0057766 0.0284746 0.0592574 0.138502 0.487179 0.138821 0.0915186 0.0341669 0.0159838 
9.91428e-05 0.00203747 0.0089789 0.0384342 0.524383 0.164005 0.139136 0.0744157 0.032975 0.0155351 
9.93869e-05 0.00133592 0.00643246 0.0192978 0.459804 0.211479 0.190239 0.0585972 0.0284385 0.0242771 
2.84243e-08 7.1469e-07 7.28217e-06 1.3489e-05 0.000131816 0.000347497 0.000583492 0.00468978 0.0131446 0.981081 
1.00641e-05 0.000733616 0.000327379 0.00101486 0.00388179 0.0113335 0.0328639 0.774167 0.0983688 0.0772992 
3.48775e-05 0.00107 0.00164953 0.00433577 0.0231443 0.615903 0.124569 0.120257 0.0741543 0.0348826 
2.42008e-08 2.67749e-07 1.39951e-05 1.61374e-05 5.1557e-05 0.00023008 0.00217336 0.473261 0.290387 0.233866 
0.00014553 0.00300022 0.00636599 0.0163619 0.0506666 0.109236 0.147892 0.593947 0.0485478 0.023837 
4.01403e-05 0.000822908 0.00369711 0.0152056 0.0433606 0.102263 0.650653 0.112094 0.051888 0.0199753 
4.27085e-05 0.000958961 0.00256983 0.0118305 0.0371457 0.63419 0.139543 0.099623 0.0498302 0.0242658 
2.15718e-05 0.00144512 0.000810443 0.00206528 0.00914967 0.0228937 0.727965 0.100749 0.0813961 0.0535042 
1.25296e-05 0.000691164 0.000433876 0.00118989 0.00544149 0.0169309 0.039018 0.431104 0.449439 0.0557398 
0.000193938 0.00316436 0.00993559 0.0222474 0.0605309 0.134749 0.169848 0.535545 0.0426731 0.021113 
1.30756e-05 0.000726637 0.000532326 0.00168514 0.00800008 0.214134 0.350751 0.0849218 0.088089 0.251146 
5.72441e-09 9.93407e-08 1.63289e-06 3.04203e-06 3.7811e-05 8.2497e-05 0.000264122 0.0012844 0.00386744 0.994459 
1.0675e-08 7.06403e-07 4.46012e-07 1.36117e-06 8.06695e-06 9.81067e-05 0.00109908 0.00644717 0.0159471 0.976398 
2.08048e-05 0.000921386 0.00127259 0.00308285 0.0105435 0.0255997 0.0451108 0.0678897 0.0746295 0.770929 
8.1027e-13 3.24362e-11 2.05649e-09 1.5553e-08 3.56918e-07 2.82808e-05 0.00107522 0.00645554 0.954269 0.0381715 
7.11408e-09 7.70481e-08 4.17502e-06 5.62181e-06 0.000122838 0.000919293 0.00719066 0.0289152 0.926157 0.0366856 
0.00265503 0.0134486 0.0514036 0.173405 0.445515 0.249505 0.0415728 0.0138897 0.00602329 0.00258116 
9.63577e-06 0.000616588 0.000374724 0.00106839 0.0059413 0.0220014 0.0615152 0.68259 0.136399 0.0894835 
6.53133e-06 0.000435585 0.000305454 0.000895376 0.00482921 0.0189476 0.0541526 0.689345 0.136425 0.0946572 
1.30732e-06 8.16431e-05 0.000127512 0.000185322 0.00112615 0.00378858 0.0100555 0.0277201 0.0637035 0.89321 
1.37006e-06 9.3666e-05 7.39709e-05 0.000290319 0.00108816 0.00202982 0.0066402 0.0192046 0.914452 0.0561258 
1.61804e-07 7.61477e-06 2.91582e-05 5.41216e-05 0.000350146 0.00150026 0.00320955 0.0059033 0.0105218 0.978424 
9.08849e-06 0.000122395 0.00138684 0.00417648 0.0129511 0.0259371 0.0387828 0.0514326 0.0662622 0.798939 
1.15733e-05 0.000810163 0.000425675 0.00129552 0.00465148 0.0113845 0.0295469 0.0571943 0.81591 0.0787697 
1.22686e-05 0.000893581 0.000413012 0.00110832 0.00348859 0.00942181 0.0331329 0.806895 0.0807952 0.0638394 
0.000299674 0.00324622 0.0179443 0.348958 0.27025 0.152235 0.0903771 0.0877059 0.0199962 0.0089881 
7.37845e-13 1.24685e-11 1.07262e-10 1.46837e-09 4.2335e-08 5.81569e-07 3.60674e-05 0.000121408 0.000257331 0.999585 
1.37593e-13 2.45538e-11 2.54164e-08 9.28544e-08 1.0452e-06 9.60728e-05 0.000659388 0.00503241 0.19028 0.803931 
0.000314803 0.00331801 0.0249276 0.196268 0.438175 0.23654 0.0826651 0.0134956 0.00322011 0.00107563 
4.84437e-06 0.000339649 0.000209825 0.000588194 0.0031947 0.181082 0.527377 0.1759 0.0637661 0.0475376 
2.64893e-05 0.00154002 0.000964589 0.00292332 0.0106883 0.0299486 0.0685837 0.0998772 0.72079 0.0646582 
3.5086e-08 3.79658e-07 2.06173e-05 2.40724e-05 0.000268581 0.000290909 0.00119478 0.00610838 0.0207756 0.971317 
4.07454e-17 6.40805e-15 3.57525e-12 1.42483e-11 1.99548e-10 3.90733e-08 3.03451e-06 4.4026e-05 7.82292e-05 0.999875 
4.92973e-08 5.34427e-07 2.87032e-05 3.39683e-05 0.000379883 0.000485543 0.00297823 0.0126632 0.0389958 0.944434 
8.45467e-05 0.00063718 0.00322949 0.0730657 0.0242667 0.0671711 0.66933 0.0672637 0.0735646 0.0213872 
2.20306e-05 0.00138928 0.000825729 0.00274145 0.0107889 0.0318112 0.086593 0.13958 0.644564 0.0816844 
7.98535e-09 3.03815e-07 1.05777e-06 2.73544e-06 6.14476e-05 0.000148329 0.000882768 0.00337112 0.00901819 0.986514 
2.14659e-05 0.0013124 0.00109983 0.00295737 0.0115011 0.0297127 0.0711983 0.728602 0.0923837 0.0612107 
1.20277e-08 7.48728e-07 7.64977e-07 1.81569e-06 1.46193e-05 8.53709e-05 0.000222519 0.00135286 0.00395365 0.994368 
2.02281e-06 4.1606e-05 0.000111071 0.000508817 0.00348912 0.012794 0.163288 0.740227 0.0511184 0.0284198 
5.50258e-05 0.000800074 0.00566035 0.0204881 0.0681899 0.621295 0.138252 0.0967668 0.0335543 0.0149379 
3.68602e-05 0.00066774 0.00174075 0.00509087 0.0217985 0.0725886 0.127224 0.692234 0.0546204 0.023998 
4.71255e-07 2.72357e-05 5.08118e-05 0.000162119 0.00069401 0.00252688 0.00871688 0.140526 0.792116 0.0551794 
4.07315e-06 0.00029252 0.00014881 0.000356326 0.00180255 0.00583844 0.0180896 0.640168 0.278873 0.0544272 
8.72596e-16 1.46172e-13 1.21184e-11 8.58346e-11 5.54955e-09 2.20141e-06 0.000150789 0.00185392 0.00627101 0.991722 
5.5032e-07 2.81418e-05 4.91597e-05 0.000333801 0.00279918 0.00978921 0.0361859 0.759521 0.104228 0.0870656 
1.58234e-05 0.00075786 0.00064389 0.00155424 0.00773688 0.0226439 0.0604841 0.712183 0.115311 0.0786696 
9.44719e-08 1.7361e-06 4.41649e-05 5.61435e-05 0.000419472 0.000703558 0.00305385 0.0136689 0.476772 0.50528 
6.20513e-06 0.000448382 0.000246717 0.000625129 0.0030159 0.0101979 0.419681 0.0592503 0.446648 0.0598805 
5.8317e-06 0.000323512 0.000219776 0.000888931 0.00309541 0.00969232 0.0216477 0.0347728 0.674467 0.254887 
3.18437e-06 0.00020383 0.000114211 0.00051932 0.00234693 0.00830147 0.175784 0.499304 0.0515044 0.261918 
1.71594e-07 1.18233e-05 8.0571e-06 2.06327e-05 0.000114048 0.000382062 0.00164161 0.00522569 0.127424 0.865172 
3.68234e-09 7.54209e-08 1.26685e-06 2.13358e-06 5.90565e-05 0.000141857 0.00122236 0.44581 0.352664 0.200099 
6.58189e-13 7.23457e-11 2.32595e-08 1.68593e-07 2.76102e-06 0.000256159 0.00272563 0.0140718 0.950616 0.032327 
2.43369e-06 6.64901e-05 0.000162841 0.000974381 0.00547572 0.0172354 0.0506625 0.75712 0.102569 0.0657307 
1.11745e-10 1.48095e-09 2.15401e-08 1.41295e-07 1.17966e-06 5.03374e-05 0.000977796 0.00508517 0.963574 0.0303111 
4.15528e-09 1.26125e-07 1.14743e-06 2.08226e-06 0.00011908 0.000168905 0.00130744 0.00737634 0.0225332 0.968492 
1.23294e-05 0.000863439 0.000423169 0.000984037 0.00387935 0.0118359 0.669631 0.1804 0.0775386 0.054432 
1.17857e-05 0.000844972 0.000414402 0.00136913 0.00468621 0.0139203 0.0401981 0.0763853 0.780263 0.0819069 
1.02084e-13 7.28624e-12 3.32915e-10 2.74628e-09 1.18995e-07 2.30198e-06 0.000555192 0.00148664 0.00720958 0.990746 
3.93362e-05 0.000730537 0.00209173 0.00638655 0.0300275 0.0883834 0.629178 0.135492 0.0764108 0.0312596 
1.62429e-07 7.104e-06 2.35907e-05 5.1872e-05 0.000585017 0.00174211 0.00567473 0.0211633 0.918462 0.0522906 
5.24325e-06 0.00031403 0.000221628 0.000767465 0.0034549 0.0101883 0.118951 0.0374205 0.78427 0.0444062 
5.35463e-07 2.86062e-05 5.80753e-05 0.000200404 0.00206515 0.00697126 0.0247938 0.0604867 0.842016 0.0633791 
0 0 0 0 0 0 0 0 0 1 
1.21566e-05 0.000890151 0.0004116 0.00129047 0.00498249 0.0131434 0.551494 0.0687936 0.291065 0.0679164 
1.15545e-05 0.000790137 0.000446685 0.00150341 0.0065117 0.0197689 0.06154 0.10852 0.720614 0.0802941 
2.64581e-07 7.14756e-06 6.58847e-05 0.000181333 0.00143637 0.00434515 0.0175266 0.0542354 0.840979 0.0812228 
1.28848e-11 1.3202e-10 1.5762e-09 3.0886e-08 2.30454e-07 1.22469e-05 0.000135206 0.00106243 0.00403201 0.994758 
6.00715e-06 0.000377207 0.000235853 0.0010751 0.0031507 0.0383898 0.0320528 0.191921 0.210295 0.522497 
4.35317e-09 7.59313e-08 1.954e-06 2.58648e-06 7.17012e-06 4.68148e-05 0.000931598 0.00343918 0.0119845 0.983586 
2.42657e-09 2.62799e-08 1.4269e-06 1.74306e-06 7.89109e-05 5.01632e-05 5.83896e-05 0.00222364 0.993994 0.00359137 
3.36134e-06 0.000221184 0.000160586 0.000448597 0.00203648 0.0103417 0.0351228 0.75155 0.116919 0.0831961 
3.81021e-05 0.000776942 0.00155022 0.00592081 0.0406318 0.42732 0.284722 0.139988 0.0734381 0.0256131 
1.84585e-07 1.99912e-06 4.07156e-05 0.00012882 0.00110617 0.00444861 0.015174 0.0422834 0.865352 0.0714646 
2.75935e-08 1.39734e-06 1.42382e-06 4.56018e-06 2.80908e-05 0.000646141 0.00143472 0.005083 0.97687 0.0159311 
1.26276e-06 7.63408e-05 0.00012256 0.000235904 0.00212126 0.00654798 0.0267208 0.691755 0.123583 0.148836 
3.95948e-06 0.000288133 0.000158224 0.0003894 0.0017703 0.00345118 0.00983407 0.0311195 0.0543644 0.898621 
4.34376e-05 0.00545312 0.0507125 0.0431108 0.161399 0.225937 0.429773 0.0618716 0.0156145 0.00608584 
1.38686e-07 5.45806e-06 2.9851e-05 4.67787e-05 0.000454411 0.00166768 0.00847785 0.8593 0.0760003 0.0540171 
3.43437e-06 0.000244597 0.000187261 0.000435146 0.00266002 0.00468189 0.0131972 0.0367804 0.0781755 0.863635 
1.36643e-05 0.000599233 0.000798204 0.00313891 0.0120221 0.0980415 0.0847188 0.444154 0.321009 0.0355048 
2.25002e-05 0.00132812 0.00111075 0.00348881 0.0128029 0.0287981 0.0725511 0.1048 0.7091 0.065998 
0.000161363 0.00272895 0.0138695 0.0500762 0.113578 0.553296 0.127493 0.0760479 0.0387572 0.0239918 
2.7485e-10 3.68972e-09 2.60283e-08 3.60819e-07 0.000127861 9.28315e-05 0.000227837 0.00182544 0.00626 0.991466 
2.57727e-07 8.51508e-06 5.95505e-05 0.000121381 0.00106721 0.00356715 0.0125069 0.0464521 0.855835 0.0803817 
6.21122e-08 6.74375e-07 3.62917e-05 4.2041e-05 0.000421139 0.000440236 0.00196284 0.00759486 0.0235458 0.965956 
2.74023e-05 0.000947996 0.00137751 0.00728985 0.022407 0.0487309 0.080615 0.546 0.25828 0.0343238 
1.60966e-07 5.66662e-06 1.18825e-05 0.000171787 0.000835662 0.00291298 0.0115442 0.0444071 0.0729402 0.86717 
3.66273e-07 2.05863e-05 3.7537e-05 0.000118886 0.000666221 0.00206273 0.00733939 0.158535 0.798987 0.0322326 
6.82924e-06 0.000417859 0.000283695 0.00117929 0.00736709 0.0318426 0.0805351 0.722576 0.0923572 0.0634343 
4.60222e-08 1.55169e-06 1.17441e-05 1.91507e-05 0.000217124 0.000494708 0.00245279 0.00965523 0.404079 0.583069 
0.000157726 0.00189207 0.00930031 0.290237 0.156529 0.133871 0.0804021 0.27989 0.0298668 0.017854 
1.79644e-05 0.00079769 0.000732487 0.00162523 0.00609325 0.0195099 0.0338315 0.0481915 0.0728708 0.81633 
1.78157e-05 0.00105634 0.000660127 0.00169411 0.00890395 0.0257006 0.0629947 0.392055 0.416035 0.0908819 
3.76676e-05 0.000595008 0.00520983 0.013256 0.037774 0.0801057 0.116317 0.662504 0.0621903 0.0220101 
1.716e-05 0.00112338 0.000626684 0.00166105 0.00701874 0.0187617 0.0469253 0.078918 0.106907 0.738041 
2.24032e-23 8.50116e-20 4.19614e-16 2.30287e-13 3.23965e-10 3.86366e-08 6.36784e-05 0.000155777 0.00202599 0.997755 
2.98512e-08 5.52408e-07 1.2103e-05 2.01666e-05 0.000168362 0.000641461 0.0819213 0.634603 0.202339 0.0802941 
1.03029e-05 0.00074449 0.000355915 0.000751235 0.00340293 0.00962324 0.0276265 0.0608091 0.831545 0.0651308 
4.29218e-10 9.07841e-09 1.06501e-07 2.41445e-06 8.35512e-05 0.000456538 0.0313842 0.308878 0.586787 0.0724089 
2.249e-06 0.000150038 0.000121093 0.000269269 0.00138938 0.00573179 0.0164711 0.0446842 0.837085 0.094096 
3.50324e-10 5.79433e-09 1.11562e-07 8.35223e-07 7.83485e-05 2.61369e-05 0.000185873 0.0016931 0.00523102 0.992785 
6.44394e-06 0.000449066 0.000235601 0.0010411 0.00417976 0.0104182 0.0292867 0.0748759 0.7927 0.0868073 
4.40299e-09 6.89237e-08 9.61659e-07 3.30973e-06 0.000143469 0.000140864 0.00117092 0.00452892 0.0121583 0.981853 
6.64861e-12 1.33925e-10 4.67274e-09 5.9727e-08 6.8864e-07 3.02612e-05 0.00077197 0.00246118 0.00785416 0.988882 
3.01217e-08 4.1871e-07 1.37201e-05 1.89603e-05 0.000225578 0.00160717 0.00902344 0.901499 0.0520058 0.0356056 
9.59506e-14 9.9042e-12 1.04798e-09 6.25539e-09 1.29729e-07 1.15184e-05 0.000626835 0.00248875 0.00807968 0.988793 
2.45155e-05 0.00160092 0.000890315 0.00221089 0.0086623 0.0257044 0.056546 0.0922123 0.73815 0.0739988 
5.70305e-09 1.50496e-07 1.78972e-06 3.12035e-06 8.42197e-05 0.000114029 0.000728628 0.00301835 0.982028 0.0140215 
6.24064e-12 1.4913e-10 4.74516e-08 1.97041e-07 2.23743e-06 0.000139189 0.00175316 0.0109082 0.942817 0.0443801 
5.98729e-08 6.80578e-07 3.48717e-05 6.82613e-05 0.000669524 0.00423543 0.287013 0.314857 0.027533 0.365588 
6.71055e-05 0.00129655 0.0051013 0.020037 0.398229 0.380315 0.0960849 0.056861 0.0284024 0.0136065 
2.54612e-05 0.000611951 0.00473501 0.00895039 0.0276841 0.0513187 0.0635771 0.727724 0.0758245 0.039549 
1.83916e-23 6.97601e-20 3.44318e-16 1.88335e-13 2.64905e-10 3.17251e-08 5.21057e-05 0.000175243 0.0021116 0.997661 
2.68282e-05 0.000927688 0.0016633 0.0213835 0.272114 0.0922043 0.395724 0.0871361 0.0750451 0.0537746 
1.25654e-05 0.000405724 0.00085807 0.00284039 0.0175921 0.0561539 0.681857 0.106479 0.0830807 0.0507203 
3.94207e-08 2.10026e-06 3.07831e-06 7.87461e-06 0.000121858 0.000533605 0.00152297 0.0055653 0.012325 0.979918 
4.20927e-17 6.97133e-15 1.51e-12 1.47128e-11 1.42638e-09 1.55962e-06 7.38562e-05 0.00133619 0.00487554 0.993713 
1.39685e-14 1.62204e-12 1.48563e-10 9.06258e-10 2.1342e-08 2.03296e-06 7.6729e-05 0.000436327 0.00138184 0.998103 
1.07215e-09 1.20455e-08 5.80613e-07 8.24019e-07 5.00283e-05 4.15298e-05 0.000475784 0.00210131 0.00653058 0.990799 
1.85305e-05 0.00101517 0.000721114 0.0032106 0.0145957 0.0329474 0.0734525 0.752095 0.0798676 0.042077 
1.05397e-08 3.82764e-07 1.85768e-06 3.96506e-06 4.87729e-05 0.000144719 0.000802774 0.00250305 0.00626426 0.99023 
0.00675626 0.0384431 0.299466 0.546003 0.0682947 0.0294902 0.00795419 0.00296371 0.000489125 0.000139957 
1.25408e-05 0.000885243 0.00043296 0.00141765 0.005524 0.0156645 0.725528 0.0976311 0.0912645 0.0616398 
4.61776e-06 0.00032734 0.000164042 0.000477671 0.00175893 0.00565156 0.0172987 0.277947 0.657722 0.0386478 
8.14462e-06 0.000520418 0.000314242 0.00143463 0.00667591 0.0196798 0.725166 0.105281 0.0892758 0.0516438 
4.11704e-08 1.53629e-06 1.03683e-05 1.74353e-05 0.000469753 0.000607341 0.00264906 0.0104588 0.0264511 0.959335 
4.78924e-06 0.000304354 0.000249729 0.000825341 0.00360564 0.0125857 0.0329734 0.0728212 0.788198 0.0884316 
5.86852e-08 2.16766e-06 1.01143e-05 2.32851e-05 0.000447643 0.000787265 0.00311136 0.0107328 0.0215166 0.963369 
2.56557e-06 0.000176758 0.000120884 0.000181676 0.00114775 0.00354526 0.00903434 0.0261738 0.0544344 0.905183 
5.99272e-05 0.0010598 0.00398503 0.0138019 0.0441878 0.102909 0.138758 0.626591 0.0477293 0.0209182 
3.10375e-07 1.31625e-05 6.44847e-05 0.000105693 0.00155495 0.00277804 0.00913731 0.0309615 0.0686489 0.886736 
2.64243e-07 6.20556e-06 4.28378e-05 0.000226726 0.00223248 0.00813762 0.0361913 0.795584 0.0885135 0.0690648 
1.59176e-06 6.38352e-05 0.000146057 0.000548093 0.00360071 0.0117894 0.0310575 0.744872 0.111886 0.0960346 
2.22614e-07 7.20862e-06 6.18967e-05 0.000103428 0.00111635 0.00246127 0.00949812 0.0393672 0.83568 0.111704 
1.2738e-14 9.12437e-13 3.44669e-11 2.90372e-10 1.21864e-08 2.71167e-07 1.4282e-05 0.000178761 0.00142795 0.998379 
2.71204e-10 1.71424e-08 1.87788e-08 1.08531e-07 1.05227e-06 5.62491e-05 0.000863089 0.00430748 0.0123854 0.982387 
1.08277e-06 1.59879e-05 0.000166844 0.000897113 0.0218621 0.173663 0.117029 0.619393 0.0511555 0.0158159 
1.33303e-05 0.00094278 0.000488372 0.00162837 0.00680685 0.0213978 0.070714 0.733867 0.105999 0.0581427 
5.64569e-08 7.98434e-07 2.79886e-05 3.52258e-05 0.00027918 0.000514546 0.00236611 0.0120078 0.0310099 0.953758 
1.25057e-05 0.000716757 0.000456423 0.00122269 0.00640864 0.0262013 0.340196 0.216971 0.366029 0.0417859 
0.000224639 0.00302433 0.0157087 0.0271499 0.200051 0.51736 0.112875 0.0833173 0.0289639 0.0113257 
1.48036e-21 5.68008e-19 1.17565e-15 8.2609e-14 8.97353e-11 2.14085e-08 1.83081e-05 0.000106001 0.00146312 0.998413 
0.000142937 0.00146695 0.011784 0.142129 0.343508 0.153301 0.14997 0.0701639 0.0612485 0.0662853 
4.46149e-08 4.80544e-07 2.66516e-05 3.05472e-05 0.000212008 0.00026671 0.00138462 0.00667688 0.0198088 0.971593 
1.24864e-12 2.54152e-11 4.96428e-10 5.67413e-09 1.9063e-07 1.61516e-05 0.000436587 0.00180665 0.0069698 0.990771 
1.68134e-08 2.18487e-07 6.6087e-06 1.14223e-05 0.000155768 0.00226488 0.0115463 0.0366853 0.926272 0.0230573 
1.18029e-06 8.22856e-05 6.25373e-05 0.00012323 0.00091264 0.00217054 0.00561426 0.015345 0.0315796 0.944109 
1.42481e-07 4.02914e-06 4.50388e-05 6.61224e-05 0.000668999 0.00149634 0.00459986 0.0180607 0.478977 0.496082 
1.17325e-06 2.35534e-05 0.000100103 0.00069733 0.00334147 0.0123151 0.0413977 0.084718 0.792084 0.0653221 
1.09775e-05 0.000771948 0.000426981 0.00108324 0.00435625 0.0148828 0.0396638 0.714961 0.123784 0.100059 
0.00683544 0.111592 0.229862 0.091837 0.152084 0.118814 0.256914 0.0203711 0.00793441 0.00375675 
4.64944e-05 0.00111152 0.00274224 0.0104792 0.0328305 0.0726532 0.109908 0.459615 0.280719 0.0298948 
2.82849e-08 3.32537e-07 1.4845e-05 1.99526e-05 0.000302521 0.000367991 0.00399778 0.0156672 0.0432715 0.936358 
1.81734e-06 0.000117235 0.000158766 0.000286606 0.00242297 0.00563403 0.0179067 0.0580836 0.787509 0.127879 
3.44277e-08 4.66566e-07 1.58832e-05 2.1951e-05 0.000293917 0.000409214 0.00205844 0.0107275 0.944237 0.0422354 
2.49723e-05 0.000952123 0.00175641 0.0100817 0.566502 0.0766443 0.0953719 0.0928615 0.0935585 0.062247 
6.72844e-08 1.57755e-06 2.64067e-05 3.93235e-05 0.000556957 0.000870752 0.00519083 0.0189122 0.0467546 0.927647 
0.00069657 0.00734879 0.0294814 0.0734008 0.139368 0.48385 0.1275 0.0781306 0.0394397 0.0207846 
2.14102e-05 0.000318171 0.00192044 0.00863781 0.0235044 0.0600783 0.110104 0.695063 0.071732 0.0286206 
2.93176e-05 0.00105455 0.00153123 0.00550525 0.0217687 0.0633003 0.11776 0.655072 0.088751 0.0452275 
3.15685e-05 0.00100361 0.00123701 0.00464615 0.0214067 0.0589593 0.119223 0.681617 0.0790733 0.0328021 
4.49001e-08 1.68931e-06 8.44294e-06 1.55759e-05 0.000232536 0.00114495 0.00404182 0.0163395 0.0321242 0.946091 
1.06407e-07 1.18831e-06 5.93289e-05 7.40001e-05 0.000760147 0.0012467 0.00657077 0.0260775 0.871655 0.0935551 
2.62296e-05 0.000528403 0.00155654 0.00455236 0.0213406 0.0626585 0.64601 0.115754 0.0895415 0.0580315 
5.8629e-08 6.30748e-07 3.50276e-05 4.02545e-05 0.000279292 0.000343676 0.00273318 0.00935451 0.0259445 0.961269 
7.89232e-08 9.28317e-07 4.38677e-05 5.34164e-05 0.000326005 0.000520412 0.00438525 0.0171846 0.0453275 0.932158 
1.68265e-06 8.90513e-05 0.000101943 0.000878658 0.00399923 0.0148669 0.0600537 0.736393 0.105346 0.0782694 
6.46748e-16 1.50186e-14 2.21179e-12 1.34255e-11 2.82153e-10 2.12117e-08 5.24973e-06 2.52017e-05 0.000320429 0.999649 
7.37108e-06 0.000537786 0.00028877 0.000583812 0.00299632 0.00761104 0.0186969 0.0431188 0.0800044 0.846155 
1.6904e-07 1.81277e-06 1.96192e-05 0.000136923 0.0010107 0.00610151 0.0228981 0.874602 0.0600668 0.0351628 
1.9622e-07 5.15435e-06 5.81949e-05 9.33209e-05 0.000930829 0.0022876 0.00688825 0.0217125 0.0496725 0.918351 
9.35775e-09 1.04628e-07 5.34839e-06 6.47025e-06 4.97736e-05 0.000155285 0.00206182 0.01009 0.727154 0.260477 
1.88472e-15 2.92334e-13 2.98899e-11 3.41642e-10 1.7357e-08 3.70943e-06 0.000122806 0.00170994 0.00545631 0.992707 
0.00337762 0.0223458 0.086369 0.182573 0.547801 0.110003 0.0373097 0.00651869 0.00305539 0.000646201 
1.5128e-18 2.7521e-17 1.14662e-15 1.01807e-14 4.47479e-13 8.63316e-12 8.92264e-11 1.06124e-08 5.29938e-05 0.999947 
1.20209e-29 3.87953e-26 2.1607e-22 9.97607e-19 2.28936e-15 6.79681e-12 1.17664e-08 2.67518e-05 0.00118726 0.998786 
0.00016772 0.00155231 0.0844984 0.0763495 0.179513 0.207532 0.191499 0.126645 0.115606 0.0166371 
2.6226e-07 4.93627e-06 0.000113652 0.000481694 0.00901957 0.685078 0.0541992 0.0886915 0.088163 0.0742482 
2.85091e-07 6.44971e-06 7.44555e-05 0.000155807 0.00135631 0.00524606 0.0218819 0.0638122 0.805042 0.102424 
6.17137e-09 6.6943e-08 3.57674e-06 4.43813e-06 5.79816e-05 0.00024385 0.00228712 0.0102553 0.935545 0.0516028 
0.000115301 0.00135411 0.00764719 0.0976685 0.249869 0.24851 0.178229 0.100253 0.0351227 0.0812316 
2.11522e-07 6.26294e-06 4.2159e-05 0.000115319 0.000665702 0.00330113 0.0132143 0.0393474 0.0813761 0.861931 
2.5694e-05 0.000307078 0.00222759 0.0111784 0.0298406 0.0607975 0.080253 0.083366 0.0742737 0.657731 
8.25888e-06 0.000603715 0.000291952 0.000533902 0.00178472 0.00354174 0.0095907 0.0216312 0.0352898 0.926724 
7.83344e-07 3.0688e-05 5.57142e-05 0.000343885 0.00278743 0.0109299 0.186749 0.517554 0.241427 0.0401222 
5.32388e-06 0.000355664 0.00019185 0.000583163 0.00215547 0.0063276 0.016342 0.0325781 0.631678 0.309783 
2.21461e-05 0.00090143 0.000920084 0.00273448 0.0127351 0.0340158 0.428155 0.192646 0.301838 0.0260307 
1.12146e-06 8.37071e-05 4.02128e-05 0.000105682 0.000607569 0.00101755 0.00264357 0.00803279 0.14226 0.845208 
0.000375562 0.00516741 0.0230263 0.0799603 0.447513 0.221376 0.111682 0.0657647 0.0272994 0.0178346 
7.23575e-41 6.0911e-37 5.62689e-33 2.31551e-27 3.64524e-23 3.49194e-18 7.14088e-14 8.61947e-10 1.5305e-05 0.999985 
3.30633e-14 4.36467e-12 4.79117e-10 3.17451e-09 1.21523e-07 9.71389e-05 0.0013948 0.00551423 0.212905 0.780088 
3.54631e-06 0.000255338 0.000142371 0.000385038 0.00205866 0.00388009 0.0110791 0.0370895 0.0852867 0.85982 
6.63535e-06 0.000472684 0.00029039 0.000837978 0.00379352 0.0100972 0.0283815 0.0561581 0.089575 0.810387 
0.000188089 0.0031582 0.0144814 0.0343438 0.103415 0.545892 0.142936 0.103032 0.0371769 0.0153763 
1.69383e-05 0.000688429 0.000925219 0.00300317 0.00974998 0.0282523 0.0575016 0.0773371 0.0804641 0.742061 
8.03792e-12 1.56476e-10 5.48537e-09 6.30097e-08 7.01574e-07 3.01987e-05 0.000473647 0.00297899 0.00902737 0.987489 
5.81834e-08 6.37864e-07 3.31084e-05 3.89068e-05 0.000504563 0.000513423 0.00323047 0.0139336 0.0400306 0.941715 
7.34644e-08 7.90476e-07 4.39962e-05 5.05788e-05 0.000493577 0.000495806 0.00225593 0.00785448 0.0249913 0.963813 
0.00115664 0.00988465 0.0424116 0.118751 0.567741 0.153554 0.0720679 0.022684 0.00924862 0.00250079 
5.66046e-36 1.41142e-32 6.99331e-29 5.63044e-25 1.42317e-21 7.87454e-17 3.17218e-14 4.23429e-10 1.00676e-05 0.99999 
1.6385e-05 0.000748439 0.00104294 0.00446361 0.012194 0.029928 0.757606 0.0943779 0.0675164 0.032106 
9.32539e-08 1.03139e-06 5.11514e-05 6.02684e-05 0.000444467 0.000715709 0.00321512 0.0105212 0.0259835 0.959008 
1.31455e-05 0.000442788 0.000637654 0.00180859 0.0065335 0.019337 0.473866 0.305718 0.104031 0.087613 
0.000344942 0.00339745 0.0138651 0.0365071 0.211119 0.428173 0.225022 0.0529792 0.0184962 0.0100965 
0.00628498 0.037526 0.132426 0.571898 0.155104 0.0640935 0.0244323 0.00544833 0.00204041 0.000746568 
1.29096e-05 0.000866414 0.000491125 0.0016376 0.00612601 0.0209649 0.0648796 0.725597 0.110059 0.0693657 
3.50198e-05 0.00135333 0.00149404 0.0036294 0.0180885 0.0609908 0.111808 0.699178 0.0660904 0.0373327 
1.42027e-05 0.000388992 0.000854038 0.0040531 0.0176688 0.381159 0.185651 0.0715906 0.0492052 0.289415 
2.80149e-05 0.000388155 0.00205836 0.00846852 0.0331684 0.0843445 0.669527 0.112234 0.063542 0.0262409 
1.40971e-08 1.60674e-07 7.43867e-06 9.98842e-06 0.000284684 0.000587682 0.00403389 0.0175468 0.0410608 0.936469 
3.04033e-05 0.00160772 0.00123446 0.00360309 0.0108525 0.0300392 0.0538074 0.111119 0.509216 0.278491 
0.000456565 0.00257607 0.013644 0.0511875 0.644659 0.098391 0.0922444 0.0632349 0.0231523 0.0104543 
3.5759e-05 0.00099525 0.00317591 0.0127477 0.0366068 0.0798906 0.43162 0.33788 0.0688338 0.0282142 
1.55185e-05 0.000569965 0.000699035 0.00228939 0.00849119 0.0316827 0.0692146 0.10529 0.121007 0.66074 
7.42496e-15 7.5989e-13 4.48808e-11 3.03568e-10 1.40421e-08 4.39893e-07 9.80974e-05 0.00023847 0.000892973 0.99877 
6.774e-08 7.42763e-07 3.82803e-05 5.11284e-05 0.000349303 0.000515523 0.00311718 0.0122891 0.0371029 0.946536 
0.000235356 0.00229678 0.0130341 0.0371628 0.0780079 0.51898 0.302506 0.0352448 0.0101112 0.00242048 
5.19967e-11 6.99374e-10 1.02289e-08 1.67185e-07 2.8897e-06 9.41833e-05 0.000923207 0.00642501 0.766884 0.22567 
1.94271e-07 7.27258e-06 2.94445e-05 9.36121e-05 0.00102379 0.00233941 0.00532617 0.0201101 0.041792 0.929278 
5.92864e-06 0.000425002 0.00023749 0.000414174 0.00176551 0.00335795 0.00809154 0.0264732 0.888058 0.0711716 
6.7141e-24 2.54815e-20 1.25778e-16 6.91309e-14 9.7284e-11 1.17594e-08 1.91178e-05 6.29267e-05 0.0013902 0.998528 
1.53661e-05 0.000744672 0.000557235 0.00178818 0.0062769 0.0231826 0.0484516 0.0789984 0.0920403 0.747945 
3.17793e-06 0.000216083 0.00016778 0.000268302 0.00131424 0.00568106 0.0228931 0.786844 0.0956829 0.0869294 
2.88852e-05 0.000366199 0.0029778 0.012515 0.0439669 0.0980541 0.637926 0.114177 0.0635439 0.0264448 
2.53869e-08 1.50564e-06 1.33032e-06 3.92444e-06 2.96068e-05 0.000189065 0.00189818 0.00452154 0.0099898 0.983365 
1.10085e-05 0.000519289 0.000391954 0.0012487 0.00635078 0.0141479 0.0324389 0.0631874 0.785493 0.0962108 
3.32698e-05 0.00149425 0.00195628 0.00548591 0.0217969 0.560217 0.122731 0.133599 0.0971645 0.0555225 
6.50777e-17 1.04244e-14 7.19454e-12 2.81419e-11 3.67419e-10 6.40784e-08 4.50312e-06 6.60876e-05 0.000477627 0.999452 
1.2566e-07 1.40113e-06 6.88328e-05 8.90597e-05 0.000999735 0.0010938 0.00584721 0.0211658 0.0555861 0.915148 
7.66745e-08 8.47764e-07 4.47124e-05 5.21634e-05 0.00019257 0.000685076 0.00528651 0.0241017 0.912334 0.0573025 
1.02466e-06 6.21275e-05 0.000107293 0.000204173 0.00147267 0.00538263 0.737107 0.0611705 0.107164 0.0873281 
0.000296998 0.00437208 0.0222396 0.0374767 0.0795785 0.113454 0.613048 0.0914067 0.0302334 0.00789437 
1.79134e-14 2.45618e-12 3.18014e-10 1.9737e-09 2.81241e-08 6.24693e-06 8.2407e-05 0.00102693 0.00358941 0.995295 
1.1685e-05 0.000741176 0.000494876 0.00174224 0.00770338 0.0224121 0.0559057 0.704201 0.122769 0.0840186 
0.00216972 0.0105396 0.121306 0.451266 0.383393 0.0257872 0.00441504 0.000732569 0.000307844 8.28158e-05 
8.44795e-06 0.000593071 0.000303675 0.000902267 0.00394042 0.0110733 0.0309959 0.0672416 0.781263 0.103678 
6.86363e-14 9.85553e-12 1.20233e-09 8.09825e-09 1.30067e-07 2.77758e-05 0.000280169 0.00196839 0.0072458 0.990478 
1.34001e-16 2.22754e-14 4.19405e-12 4.38389e-11 3.31944e-09 1.78975e-06 6.53839e-05 0.00124911 0.00381585 0.994868 
6.7569e-08 2.00841e-06 2.46279e-05 3.08042e-05 0.000251828 0.000662358 0.00206321 0.0099686 0.95591 0.0310862 
1.01958e-05 0.000677747 0.000333813 0.000994106 0.00348083 0.00725376 0.0161296 0.0242642 0.0273005 0.919555 
2.97774e-05 0.00165342 0.00135391 0.00443019 0.0172499 0.0405401 0.0849269 0.519332 0.270958 0.0595257 
5.77332e-08 6.28191e-07 3.34709e-05 3.81997e-05 0.000128397 0.000199548 0.000936439 0.00340043 0.00941916 0.985844 
8.40285e-06 0.000294327 0.00122681 0.00488114 0.0224478 0.359099 0.0743456 0.0793075 0.0823166 0.376073 
0 0 0 0 0 0 0 0 0 1 
2.10091e-05 0.00127293 0.00079171 0.0124871 0.0548626 0.550149 0.100107 0.112846 0.102994 0.0644694 
1.27036e-07 2.11438e-06 4.22408e-05 9.80766e-05 0.00101568 0.0038986 0.0134278 0.893781 0.0510575 0.0366768 
0.000414928 0.00451991 0.0228096 0.0763333 0.570284 0.167248 0.106485 0.0377145 0.0101441 0.00404558 
1.7368e-12 4.73914e-11 1.84906e-09 1.81455e-08 4.31577e-07 3.40857e-05 0.00104785 0.00586863 0.0190363 0.974013 
6.93772e-09 2.65698e-07 1.32618e-06 2.92272e-06 7.38742e-05 0.000195403 0.00254804 0.0111449 0.928059 0.0579738 
2.598e-06 8.60067e-05 0.000174937 0.000693478 0.00683935 0.0857569 0.0440768 0.192299 0.468625 0.201445 
1.81339e-06 0.000119578 0.000142441 0.000213158 0.00141001 0.00283008 0.00667395 0.0217079 0.0476438 0.919257 
0.000869683 0.00934864 0.307451 0.0933869 0.173687 0.173578 0.118757 0.0784812 0.0300582 0.0143812 
4.75651e-16 7.96309e-14 1.33492e-11 7.01369e-11 3.4517e-09 2.29223e-06 0.000109573 0.00249874 0.0072048 0.990185 
8.96271e-08 1.3409e-06 4.60364e-05 5.73405e-05 0.000524872 0.00071549 0.00429314 0.015574 0.0426283 0.936159 
5.07202e-06 6.37389e-05 0.00034555 0.00190502 0.0106015 0.0361581 0.688968 0.12066 0.0917664 0.0495264 
1.52847e-06 8.81196e-05 9.3634e-05 0.000493272 0.00277975 0.0117997 0.041388 0.678452 0.0923563 0.172547 
1.27644e-07 3.81899e-06 3.61468e-05 5.8845e-05 0.000953803 0.00159779 0.0071866 0.0280795 0.0638731 0.89821 
0.000155479 0.00220127 0.00972442 0.357101 0.190436 0.164946 0.163613 0.0648096 0.0305811 0.0164316 
7.17599e-08 1.78277e-06 2.77071e-05 3.67998e-05 0.000437485 0.000939114 0.00499006 0.0207175 0.903163 0.0696863 
1.1593e-07 2.56893e-06 5.0098e-05 6.23448e-05 0.000640712 0.00146066 0.00481193 0.0174677 0.0470344 0.928469 
8.30455e-06 0.000484523 0.000282684 0.000993094 0.00360602 0.00595369 0.0104547 0.0208093 0.0290193 0.928388 
8.65501e-08 1.70603e-06 3.27429e-05 4.91067e-05 0.00050888 0.00100828 0.00348043 0.0142779 0.0380007 0.94264 
0 0 0 0 0 0 0 0 0 1 
1.29577e-05 0.000822756 0.000499628 0.00205393 0.0101597 0.0272541 0.074793 0.112245 0.719986 0.0521727 
0.000145302 0.00208667 0.00814414 0.0246856 0.0639456 0.39085 0.401508 0.0717847 0.0240175 0.0128324 
2.99763e-05 0.00135498 0.00115805 0.00323611 0.0147588 0.0430027 0.0925169 0.715613 0.0785181 0.0498116 
0.00117823 0.306688 0.0604092 0.0745533 0.14567 0.158112 0.118515 0.0775652 0.0377387 0.0195712 
