5740
6.26004e-07 8.38141e-06 5.06606e-05 0.000284443 0.00200328 0.02066 0.0708498 0.696384 0.127747 0.082012 
1.62954e-08 2.57113e-07 4.01023e-06 1.36512e-05 0.000213575 0.000317503 0.00176027 0.00752637 0.0222005 0.967964 
7.40564e-07 1.077e-05 0.000127657 0.000443044 0.00104883 0.00229198 0.00907862 0.0320123 0.812858 0.142128 
7.10752e-08 1.11394e-06 1.68083e-05 8.56456e-05 0.000316584 0.000734757 0.00632146 0.0229685 0.0632184 0.906337 
2.16341e-06 3.01075e-05 0.000158931 0.000921998 0.00439508 0.0145643 0.0391501 0.318383 0.502037 0.120357 
2.92072e-08 4.69933e-07 6.30236e-06 2.27351e-05 0.000246683 0.000473558 0.00318925 0.0145752 0.0471307 0.934355 
3.02082e-05 0.000688718 0.00194665 0.00675279 0.0257253 0.0628552 0.117383 0.672401 0.0820967 0.0301203 
3.49342e-07 5.69398e-06 0.000104667 0.000375109 0.000196323 0.000237252 0.003133 0.0127185 0.0475845 0.935645 
1.61438e-06 2.47038e-05 0.000142017 0.000668009 0.00362827 0.0134838 0.0366714 0.0988502 0.149658 0.696872 
9.68575e-10 1.58356e-08 2.94656e-07 1.0594e-06 6.03442e-07 5.11519e-06 0.000293488 0.00150199 0.0076974 0.9905 
2.7731e-17 9.50173e-16 6.73529e-14 1.10927e-11 3.15093e-09 5.01971e-07 0.000164565 0.000329144 0.00776028 0.991746 
3.47322e-07 5.58955e-06 9.78044e-05 0.0003504 0.000376534 0.00148739 0.00784286 0.0345325 0.0935398 0.861767 
4.11308e-07 6.70497e-06 0.000122614 0.000439811 0.000331882 0.000760133 0.0069523 0.0312148 0.775001 0.18517 
2.09561e-06 3.0843e-05 0.00016401 0.00118848 0.00646505 0.0274276 0.606002 0.185038 0.118578 0.0551031 
1.02464e-06 1.40183e-05 8.36321e-05 0.000353328 0.00215538 0.0100885 0.0313586 0.0935018 0.774619 0.0878245 
1.06973e-06 1.5297e-05 7.86509e-05 0.000432135 0.00266195 0.0138233 0.0398651 0.0977535 0.742895 0.102474 
1.15479e-10 1.88798e-09 3.5157e-08 1.26213e-07 6.12419e-08 3.29791e-06 7.05031e-06 6.88929e-05 0.000376329 0.999544 
6.04189e-05 0.000948689 0.00304633 0.0085371 0.0337519 0.0894153 0.396514 0.399126 0.051976 0.0166241 
1.62582e-07 2.65762e-06 4.94022e-05 0.000177266 5.9132e-05 0.000219302 0.00284194 0.0127257 0.0483085 0.935616 
7.27044e-07 1.01202e-05 7.57303e-05 0.000369822 0.00234509 0.0109484 0.0399568 0.0989322 0.778371 0.0689896 
3.17385e-07 5.16353e-06 9.35546e-05 0.000335505 0.000325943 0.000599304 0.00550553 0.0235441 0.0732856 0.896305 
3.90294e-06 5.7246e-05 0.000338719 0.00180303 0.0111622 0.436133 0.227016 0.120398 0.158808 0.0442795 
4.13818e-19 6.22496e-17 1.48582e-14 9.34206e-12 2.89836e-09 4.5662e-07 0.000153947 0.000452388 0.00861008 0.990783 
0.000438262 0.00381764 0.0324514 0.333658 0.463064 0.122234 0.0387854 0.00479456 0.000642547 0.000113908 
2.36242e-05 0.000450896 0.00211653 0.00684926 0.0239186 0.0615174 0.10254 0.144032 0.616746 0.041806 
1.59796e-06 2.08441e-05 0.000121383 0.000766768 0.00613261 0.0346349 0.386166 0.473014 0.067688 0.0314541 
7.66907e-07 1.14757e-05 0.000135459 0.000547383 0.00118784 0.00697371 0.0233046 0.0710578 0.768516 0.128265 
2.76916e-07 4.51586e-06 8.28131e-05 0.00029744 0.000208859 0.000633627 0.00574333 0.0249115 0.0738906 0.894227 
3.12546e-06 4.57212e-05 0.000252836 0.00141141 0.00894345 0.0420487 0.626145 0.154978 0.108357 0.057815 
3.0307e-07 4.9178e-06 8.78193e-05 0.000321338 0.000384648 0.00129077 0.0112377 0.0465307 0.120352 0.81979 
1.93756e-07 3.16629e-06 5.89273e-05 0.000211132 7.81256e-05 0.000235634 0.00217054 0.0123366 0.43339 0.551516 
2.53464e-06 3.67515e-05 0.000220239 0.00124292 0.00668006 0.0258155 0.0687955 0.445895 0.404445 0.0468657 
8.23005e-07 1.16918e-05 9.23883e-05 0.000413474 0.00171296 0.00961083 0.0325673 0.0945874 0.154895 0.706108 
1.38836e-07 2.27028e-06 4.23497e-05 0.000151548 4.31853e-05 7.9961e-05 0.000767942 0.0056304 0.0248817 0.968401 
1.10864e-05 0.000140982 0.00054449 0.00169268 0.0106911 0.0378353 0.620996 0.182189 0.1049 0.0409994 
3.30367e-07 5.38121e-06 9.73369e-05 0.000348994 0.00021659 0.000590881 0.00590495 0.0336089 0.842447 0.116779 
6.11184e-09 9.97676e-08 1.84594e-06 6.64991e-06 3.04536e-06 3.14412e-05 0.000478692 0.00201235 0.0110807 0.986385 
5.87058e-06 7.7445e-05 0.000410725 0.00181029 0.00863992 0.0228723 0.0619042 0.558441 0.285434 0.0604042 
6.18747e-09 1.00977e-07 1.83191e-06 6.80929e-06 6.12953e-06 8.8994e-05 0.00091773 0.00461157 0.0164451 0.977922 
1.17084e-06 1.68413e-05 0.000166189 0.00061233 0.00194443 0.0082654 0.0244836 0.646336 0.171616 0.146558 
2.37664e-05 0.000401666 0.00711965 0.0133999 0.019901 0.0527364 0.147378 0.0858484 0.498818 0.174373 
3.00472e-07 4.43568e-06 4.10914e-05 0.000260879 0.000930644 0.00642371 0.0309868 0.0964085 0.791159 0.0737847 
2.56764e-14 2.57063e-12 1.11748e-10 5.7178e-09 1.21026e-07 6.07197e-06 0.000262541 0.00228844 0.016601 0.980842 
8.83385e-05 0.00139163 0.00493978 0.0146428 0.0544664 0.141938 0.571323 0.149433 0.0492207 0.0125557 
9.43036e-08 1.51967e-06 2.65742e-05 9.82716e-05 0.000231411 0.0015745 0.0114126 0.0557137 0.839248 0.0916938 
1.07896e-25 2.75224e-22 5.97137e-19 1.06191e-15 7.251e-14 1.07794e-09 6.35524e-08 3.96419e-05 0.00242432 0.997536 
0.000230789 0.00243054 0.015988 0.181933 0.331142 0.238039 0.125357 0.072409 0.0254879 0.00698371 
1.07518e-07 1.72611e-06 2.95834e-05 0.00010593 0.000240296 0.000673743 0.00553585 0.0270487 0.349711 0.616653 
1.59635e-09 2.41726e-08 2.90152e-07 1.09296e-06 3.33365e-06 1.49243e-05 0.000190304 0.0013595 0.0063221 0.992108 
2.00556e-07 3.27835e-06 6.10684e-05 0.000218791 7.69016e-05 0.000214565 0.00265451 0.0171314 0.48331 0.496329 
1.1256e-07 1.82043e-06 3.11146e-05 0.000111563 8.52849e-05 0.000368449 0.00394477 0.0200356 0.879085 0.0963367 
1.86484e-07 3.02196e-06 5.34853e-05 0.000191694 0.000229136 0.00107172 0.00798658 0.421574 0.478878 0.0900125 
3.40654e-07 5.56873e-06 0.000103391 0.000370249 0.000153925 0.000184131 0.00196527 0.0111148 0.893428 0.0926744 
0.000202298 0.00286361 0.00848185 0.0165432 0.0615775 0.272815 0.297463 0.281431 0.0463848 0.0122381 
9.01829e-06 0.000134939 0.000710445 0.00386412 0.0172334 0.0569863 0.150287 0.628632 0.101785 0.040358 
2.07188e-07 3.38368e-06 6.24696e-05 0.000225239 0.00025056 0.000473337 0.00346158 0.0146884 0.0502922 0.930543 
4.38493e-07 7.15636e-06 0.000132088 0.000473205 0.000271725 0.000504709 0.00503479 0.0221994 0.075931 0.895446 
3.50382e-07 5.69205e-06 0.000103006 0.000367587 0.000279996 0.000850167 0.00746919 0.0396552 0.109735 0.841534 
7.57876e-07 1.10157e-05 0.000124364 0.000436091 0.00106708 0.00367102 0.0100136 0.0304294 0.0861909 0.868056 
1.69258e-07 2.65703e-06 3.776e-05 0.000151537 0.000821133 0.0036687 0.020495 0.408132 0.468253 0.0984381 
1.72433e-07 2.81606e-06 5.20622e-05 0.000186331 0.000123077 0.000231484 0.00213736 0.00928063 0.0351698 0.952816 
1.02276e-06 1.55979e-05 8.3602e-05 0.000394692 0.0024808 0.0109111 0.0740672 0.184136 0.673652 0.0542575 
6.05389e-05 0.00103273 0.00367406 0.0111202 0.0469368 0.134724 0.633537 0.12088 0.0389002 0.00913487 
3.26582e-07 5.33953e-06 9.9502e-05 0.000356445 0.000119835 0.000413607 0.00302062 0.0188776 0.523337 0.45377 
1.89807e-05 0.000312757 0.00062696 0.00159184 0.00707185 0.0188665 0.0441222 0.155551 0.655694 0.116144 
3.69412e-06 5.22034e-05 0.000289386 0.00171082 0.00939957 0.040369 0.636812 0.167793 0.10271 0.04086 
2.46639e-07 4.03493e-06 7.42768e-05 0.000266982 0.000277362 0.000432083 0.0033451 0.0164489 0.05711 0.922041 
4.02243e-06 5.33868e-05 0.000291713 0.00179437 0.00979726 0.0314334 0.101671 0.696891 0.113236 0.0448281 
1.40857e-06 2.01453e-05 0.000184996 0.000744705 0.00239509 0.0110789 0.0311892 0.078678 0.731412 0.144296 
5.4667e-05 0.000886699 0.00243331 0.00653854 0.0283032 0.0807491 0.142287 0.657036 0.0632472 0.0184647 
6.68913e-06 9.95077e-05 0.000579363 0.00250467 0.0108362 0.0303492 0.0698828 0.100925 0.10466 0.680157 
1.20289e-06 1.6767e-05 0.000124999 0.000502095 0.00236412 0.0107511 0.0299715 0.0819394 0.735401 0.138927 
3.63897e-07 5.9343e-06 0.000108364 0.000388537 0.000199285 0.000450562 0.00464185 0.0196553 0.0659547 0.908595 
0.000142675 0.00215708 0.00754551 0.0196618 0.170999 0.379261 0.160532 0.214718 0.0358448 0.00913748 
2.1818e-06 3.3781e-05 0.000193125 0.000957829 0.00517762 0.0151012 0.0435752 0.0879487 0.756079 0.0909309 
7.23172e-09 1.11115e-07 1.4719e-06 5.41366e-06 8.12951e-05 0.000112814 0.000843581 0.00351626 0.0106655 0.984774 
1.63737e-46 1.02591e-41 1.51193e-36 3.21743e-31 3.74429e-26 5.81393e-21 2.14064e-15 4.80346e-10 4.89195e-05 0.999951 
3.25154e-07 5.28347e-06 9.54871e-05 0.000341822 0.000400106 0.000990124 0.00794666 0.353088 0.512825 0.124307 
0.000279998 0.00416203 0.0176724 0.0476603 0.130753 0.628655 0.133581 0.0288644 0.00650694 0.00186558 
7.4112e-08 1.20861e-06 2.18341e-05 7.8326e-05 3.3347e-05 8.94874e-05 0.00105715 0.00479421 0.016553 0.977371 
2.14639e-06 3.04265e-05 0.000189564 0.00102787 0.00535659 0.0181333 0.0678783 0.761294 0.101154 0.0449334 
1.11707e-05 0.000150857 0.000627575 0.00277212 0.0387514 0.144939 0.152617 0.291567 0.338472 0.0300912 
2.96462e-07 4.84677e-06 9.03312e-05 0.00032359 9.72074e-05 0.000209814 0.00305578 0.0145427 0.0561262 0.925549 
3.03098e-05 0.000422486 0.00173464 0.00632957 0.0285428 0.160992 0.611745 0.122918 0.0503628 0.0169225 
6.17179e-08 1.0092e-06 1.88195e-05 6.73768e-05 2.00326e-05 6.97851e-05 0.000511725 0.00318199 0.0108348 0.985294 
3.38995e-07 4.81963e-06 4.4629e-05 0.000167098 0.000903308 0.00335959 0.0140741 0.0573416 0.793739 0.130365 
2.58401e-06 3.2213e-05 0.000191839 0.00130317 0.00721315 0.0324131 0.580129 0.191612 0.128466 0.0586373 
5.09686e-27 1.32855e-23 2.8923e-20 5.07097e-17 1.82985e-15 6.25105e-11 2.72339e-09 1.40523e-06 0.000595688 0.999403 
3.78008e-07 6.16295e-06 0.000112528 0.000406162 0.000485035 0.00322231 0.0303675 0.753461 0.106827 0.105112 
5.54824e-06 7.56231e-05 0.000451138 0.00223123 0.0137365 0.0498801 0.125061 0.698963 0.080118 0.0294773 
1.34029e-05 0.000176515 0.000784214 0.00322046 0.0183721 0.064374 0.146449 0.656131 0.0824465 0.0280322 
7.67021e-27 1.98558e-23 4.31799e-20 7.60658e-17 3.50011e-15 8.15977e-11 4.33165e-09 2.16898e-06 0.000558357 0.999439 
3.58731e-07 5.84118e-06 0.000105589 0.000378526 0.00032233 0.000741065 0.00675373 0.033059 0.816802 0.141832 
1.04931e-05 0.000136895 0.000640184 0.0032348 0.028124 0.504994 0.133623 0.171839 0.110272 0.0471253 
3.88536e-07 6.33682e-06 0.000115803 0.000413432 0.000160444 0.000385647 0.00503929 0.0196205 0.0608246 0.913434 
6.83058e-07 9.97489e-06 0.000114661 0.000412129 0.00124213 0.00460684 0.021015 0.0846087 0.747932 0.140058 
1.30456e-06 1.67393e-05 0.000106847 0.000543311 0.00261835 0.0156927 0.647267 0.130324 0.130293 0.0731375 
3.53524e-07 5.67364e-06 9.33215e-05 0.000335954 0.000356643 0.00140747 0.00764688 0.731937 0.11502 0.143197 
0.000739661 0.00992667 0.0486349 0.412039 0.221729 0.164928 0.0905963 0.0402392 0.00847196 0.00269481 
8.43605e-10 1.38534e-08 2.45564e-07 9.38582e-07 1.45504e-06 2.17752e-05 0.000399069 0.00275999 0.0167571 0.980059 
2.83976e-11 4.47294e-10 8.01189e-09 3.13873e-08 3.87876e-08 4.42792e-07 5.96591e-05 0.00016809 0.00446585 0.995306 
5.39205e-08 8.62274e-07 1.3787e-05 4.97353e-05 8.94559e-05 0.000273052 0.0030403 0.0110991 0.0353299 0.950104 
2.30522e-07 3.74841e-06 6.84485e-05 0.000247331 0.000193166 0.0015032 0.253627 0.196007 0.433869 0.114481 
5.43919e-07 8.88466e-06 0.000164954 0.000592719 0.000422999 0.00113877 0.0101031 0.0532203 0.404975 0.529373 
3.96895e-06 6.08386e-05 0.000322913 0.00180701 0.00749282 0.0208506 0.0561666 0.10527 0.114569 0.693457 
1.06771e-08 1.64484e-07 1.973e-06 6.57499e-06 2.43865e-05 9.1979e-05 0.00101649 0.00431189 0.0156901 0.978856 
8.52272e-07 1.17619e-05 7.99263e-05 0.000361708 0.00239788 0.0104238 0.032239 0.088417 0.132228 0.73384 
9.71178e-07 1.33032e-05 7.5743e-05 0.000366611 0.0024653 0.341751 0.17623 0.155839 0.134299 0.188959 
2.78746e-08 4.2965e-07 4.8762e-06 1.89268e-05 0.000228147 0.000407262 0.00315217 0.0129116 0.0392153 0.944061 
4.321e-06 6.38367e-05 0.000306189 0.00166072 0.00873472 0.0277157 0.0932198 0.152678 0.687156 0.0284614 
4.72642e-07 7.86902e-06 5.71123e-05 0.000309313 0.00170573 0.0094034 0.124008 0.0480074 0.067469 0.749032 
5.4678e-07 8.93622e-06 0.000162656 0.00058962 0.000649242 0.00427463 0.0338039 0.107446 0.705661 0.147403 
1.87799e-07 2.7583e-06 3.1527e-05 0.000111633 0.000358863 0.00194942 0.00902745 0.045046 0.861096 0.0823763 
0.000895168 0.00980542 0.0560625 0.45378 0.287904 0.131842 0.0462666 0.0110881 0.00206538 0.000291356 
0.000542928 0.0056988 0.029304 0.0908136 0.194528 0.568195 0.0828668 0.0220312 0.00471134 0.00130802 
3.76041e-07 6.11508e-06 0.00010958 0.000392341 0.000270399 0.00102377 0.00935769 0.046237 0.791978 0.150625 
1.63414e-06 2.07744e-05 0.000115982 0.000912101 0.00546719 0.02672 0.100849 0.695606 0.114835 0.0554727 
4.00797e-07 6.53689e-06 0.000120105 0.000429898 0.000427812 0.000616442 0.00530739 0.0223502 0.0683971 0.902344 
1.46723e-07 2.39505e-06 4.29122e-05 0.000154042 0.000154123 0.000282769 0.00262174 0.01316 0.0437882 0.939794 
2.16758e-19 3.37727e-17 8.84061e-15 6.12851e-12 1.92655e-09 3.09028e-07 0.000101046 0.000290218 0.00645388 0.993155 
1.1057e-07 1.78083e-06 3.12195e-05 0.000113354 0.00016592 0.00122863 0.00876324 0.0466528 0.845942 0.0971006 
7.33814e-05 0.0011157 0.00415789 0.0129093 0.0991738 0.145221 0.482397 0.186185 0.0532428 0.0155239 
1.24499e-06 1.70096e-05 9.62247e-05 0.000405825 0.00276809 0.0136328 0.0370977 0.09973 0.762839 0.083412 
9.51996e-05 0.00147139 0.0048203 0.0116802 0.0379267 0.0888675 0.161151 0.572112 0.093706 0.0281695 
8.29711e-05 0.00126474 0.00526522 0.0186106 0.0841881 0.568251 0.170268 0.106331 0.0358981 0.00984074 
7.87515e-06 0.000111572 0.000493044 0.00260084 0.0131926 0.0447838 0.667586 0.149388 0.0877992 0.0340377 
3.55334e-07 5.80476e-06 0.000104598 0.000377349 0.000519378 0.000943287 0.00569517 0.0264911 0.0785518 0.887311 
2.49552e-07 4.04092e-06 7.18585e-05 0.000258079 0.000209503 0.000655393 0.00471214 0.0221048 0.458405 0.513579 
3.6429e-06 5.0361e-05 0.000286874 0.00158612 0.00839117 0.026128 0.0797186 0.147133 0.67661 0.0600924 
8.25889e-08 1.3505e-06 2.51913e-05 9.0159e-05 2.59344e-05 4.63774e-05 0.000755376 0.00427697 0.0180944 0.976684 
6.48034e-06 9.74903e-05 0.000695009 0.00428951 0.0226772 0.477169 0.167545 0.157731 0.112193 0.057597 
2.61435e-06 3.31726e-05 0.000196105 0.00111016 0.00547665 0.0207281 0.0794023 0.690484 0.130687 0.0718802 
4.51672e-07 6.33188e-06 4.25252e-05 0.000173338 0.00115767 0.00640728 0.175073 0.491583 0.263154 0.0624033 
0.000382015 0.00615501 0.0242585 0.0663667 0.429248 0.268576 0.123822 0.0577979 0.0178293 0.0055644 
1.01934e-07 1.61938e-06 2.47968e-05 9.59685e-05 0.00205096 0.0180546 0.714811 0.0770862 0.100042 0.0878322 
5.96032e-06 8.60637e-05 0.000263961 0.000701458 0.00337315 0.0105794 0.103571 0.0774622 0.754813 0.0491439 
2.47313e-07 4.02224e-06 7.17818e-05 0.00025724 0.000296591 0.000553788 0.00495362 0.0193639 0.0547904 0.919708 
0.000425211 0.00621137 0.0217111 0.046738 0.117047 0.536823 0.151827 0.077941 0.0293208 0.0119558 
7.69696e-07 1.20245e-05 7.1166e-05 0.000453319 0.00273974 0.0134818 0.134401 0.716607 0.0887025 0.0435301 
0.000106559 0.00180692 0.0075964 0.107912 0.315291 0.287438 0.175549 0.0800954 0.0182962 0.00590877 
1.96901e-05 0.000253599 0.00115876 0.00544832 0.0382799 0.468778 0.292111 0.10198 0.0714659 0.0205057 
9.5634e-06 0.000137561 0.000482423 0.00215596 0.0107114 0.0374883 0.574839 0.185094 0.126059 0.0630233 
0.000557802 0.00681735 0.0303285 0.109873 0.539966 0.186659 0.0863189 0.0300193 0.00716735 0.00229281 
1.65204e-05 0.000308976 0.00129638 0.00505288 0.0180872 0.0493844 0.117816 0.17934 0.602438 0.0262596 
3.97375e-07 6.27094e-06 0.000101668 0.000362146 0.00057364 0.0010828 0.00749853 0.0305216 0.09055 0.869303 
0.0010948 0.0108788 0.0468082 0.201763 0.39868 0.165237 0.10493 0.0471756 0.0177154 0.00571718 
7.67069e-06 0.000112095 0.00059323 0.0033205 0.0112425 0.0287501 0.0767643 0.411981 0.397824 0.0694049 
0.000472043 0.00774723 0.0307126 0.0746974 0.165601 0.483081 0.153956 0.0631475 0.0147087 0.00587638 
0.000107679 0.0024168 0.0105247 0.0475168 0.4893 0.213656 0.149143 0.0613886 0.0196787 0.00626763 
1.06839e-07 1.59739e-06 2.00338e-05 0.000100224 0.00036688 0.00470699 0.244033 0.597998 0.0907351 0.0620379 
0.00020631 0.00337062 0.014256 0.0497874 0.64982 0.151409 0.074307 0.0399976 0.0130129 0.00383273 
3.38047e-07 5.52784e-06 0.000103121 0.000368967 0.000102991 9.38098e-05 0.000657393 0.00678279 0.0306158 0.961269 
6.29095e-07 9.2763e-06 9.31624e-05 0.000401835 0.00118679 0.00737604 0.0279267 0.702765 0.153373 0.106867 
2.53607e-05 0.000377478 0.00143617 0.00484102 0.0318722 0.585123 0.149126 0.133331 0.0668492 0.0270182 
2.07502e-07 3.37991e-06 6.14421e-05 0.000219348 0.000100552 0.00044333 0.004734 0.419901 0.30438 0.270156 
0.000187192 0.00259633 0.00755562 0.0146114 0.0498081 0.117706 0.184116 0.573953 0.0390467 0.010419 
5.15553e-05 0.000883862 0.00316611 0.00946635 0.0339662 0.102568 0.641652 0.136953 0.0569773 0.014316 
3.10881e-06 4.08464e-05 0.000231797 0.00128801 0.00620336 0.0204404 0.0598183 0.119769 0.725444 0.0667607 
4.20326e-05 0.000587235 0.00232657 0.00802696 0.032105 0.606472 0.177052 0.111831 0.0466237 0.014934 
9.40701e-06 0.000138319 0.000677404 0.00312404 0.0154451 0.0802707 0.375725 0.383191 0.0959292 0.0454897 
1.26043e-06 2.20981e-05 0.000115854 0.000571451 0.00461144 0.0201383 0.69089 0.138727 0.092356 0.0525673 
9.60904e-07 1.29221e-05 7.89886e-05 0.000344581 0.00203782 0.00973369 0.0301797 0.424449 0.46351 0.0696528 
6.15597e-07 1.00428e-05 0.000185203 0.000667217 0.000517193 0.00235482 0.0205004 0.702074 0.143536 0.130154 
0.00032292 0.00461703 0.0141459 0.0242951 0.0685481 0.150326 0.203686 0.480932 0.0408031 0.0123234 
9.91e-07 1.37916e-05 9.89566e-05 0.000669214 0.00727552 0.199477 0.332702 0.109778 0.0980327 0.251952 
0.000106724 0.00213068 0.00811336 0.0280479 0.108472 0.20536 0.543409 0.0702938 0.0259314 0.0081349 
3.11181e-09 5.09043e-08 9.48835e-07 3.41272e-06 1.61136e-06 1.80115e-05 0.000404587 0.00203729 0.0103545 0.98718 
7.51285e-14 1.11416e-12 9.8893e-12 8.13079e-11 3.33515e-09 4.01206e-08 7.42879e-07 1.41139e-05 0.000565555 0.99942 
7.52757e-12 1.52258e-10 3.00182e-09 2.98311e-08 6.96003e-07 4.10086e-05 0.000285857 0.00267326 0.932209 0.0647903 
3.69885e-07 6.04712e-06 0.000112679 0.000403579 0.000118992 0.000175139 0.00178493 0.00992967 0.0357662 0.951702 
7.89015e-07 1.07648e-05 7.1162e-05 0.000264962 0.00175332 0.00717326 0.0198696 0.0621964 0.108618 0.800041 
4.48003e-09 8.07981e-08 9.17467e-07 3.6243e-06 1.47988e-05 6.10901e-05 0.000464325 0.00203051 0.00588609 0.991539 
4.34327e-06 6.48615e-05 0.000383959 0.00242096 0.0220205 0.57771 0.128278 0.152256 0.0855354 0.0313251 
2.7312e-07 4.46612e-06 8.33101e-05 0.000298107 8.43502e-05 9.20699e-05 0.00178164 0.0117515 0.886193 0.0997113 
4.4921e-08 7.27923e-07 1.29504e-05 4.89145e-05 0.000187863 0.001793 0.0145477 0.0618879 0.840206 0.0813151 
5.73863e-05 0.000901411 0.002989 0.00862293 0.0303418 0.0802797 0.151596 0.60896 0.0913571 0.0248945 
6.43614e-05 0.00137226 0.0051676 0.0184827 0.081393 0.62789 0.134514 0.0808903 0.0374547 0.0127704 
0.00556459 0.034175 0.141747 0.254705 0.494449 0.0542033 0.0126807 0.0020936 0.000319327 6.35363e-05 
2.46818e-06 3.17443e-05 0.000206522 0.000982576 0.00518822 0.0212435 0.0720355 0.653381 0.162949 0.083979 
1.3838e-06 1.99958e-05 0.000109458 0.000521199 0.00359796 0.0164585 0.053807 0.685404 0.156577 0.0835037 
4.05237e-07 6.57005e-06 0.000103808 0.000371231 0.000485376 0.00182503 0.00825688 0.02902 0.0805458 0.879385 
1.12949e-07 1.82531e-06 3.05389e-05 0.000110263 0.000195408 0.000562404 0.00413889 0.0228099 0.87292 0.0992306 
1.34068e-06 1.75425e-05 9.26273e-05 0.000657687 0.0040008 0.0219482 0.703999 0.131923 0.0918251 0.0455356 
3.56611e-09 6.12027e-08 6.84638e-07 2.6868e-06 9.86452e-06 4.4904e-05 0.000303451 0.0013735 0.00529896 0.992966 
8.10762e-07 1.21609e-05 0.000162706 0.000573583 0.00106481 0.00300979 0.00969376 0.0317376 0.0905891 0.863156 
7.14067e-08 1.16766e-06 2.17821e-05 7.79367e-05 2.18034e-05 2.20068e-05 9.76645e-05 0.00155047 0.00527198 0.992935 
9.21097e-07 1.35261e-05 0.000136066 0.000524945 0.00169807 0.00606347 0.018357 0.0595982 0.785929 0.127679 
4.55393e-07 6.64382e-06 7.55333e-05 0.000269333 0.00101711 0.00726332 0.0448989 0.766311 0.113385 0.0667734 
4.12002e-07 6.71111e-06 0.000122628 0.000440647 0.000346546 0.00156008 0.0107762 0.422827 0.0848185 0.479102 
0.00104465 0.0145027 0.0556821 0.16675 0.496186 0.155635 0.0674534 0.0296714 0.00917346 0.00390109 
0.000364214 0.00447427 0.0211856 0.389707 0.255034 0.187944 0.0845009 0.0481481 0.00679535 0.00184622 
3.57443e-10 5.83649e-09 1.0677e-07 3.9289e-07 3.92462e-07 5.30586e-06 0.000235936 0.000169731 0.00078483 0.998803 
1.57508e-07 2.57395e-06 4.78772e-05 0.000171863 8.87565e-05 0.000259969 0.00176628 0.0105801 0.201551 0.785532 
4.3181e-07 7.04796e-06 0.000130144 0.000467041 0.000435076 0.000691691 0.00585445 0.0253279 0.813022 0.154064 
0.000432635 0.00533797 0.0194039 0.0389827 0.108622 0.194055 0.229235 0.363072 0.0341306 0.00672831 
0.000410148 0.00622882 0.0224345 0.0478409 0.309468 0.367198 0.146478 0.0720327 0.0211015 0.00680675 
4.11675e-07 6.03481e-06 5.56183e-05 0.000232138 0.00279956 0.161143 0.484076 0.1947 0.0946629 0.0623252 
1.75612e-06 3.06582e-05 0.000148156 0.00106089 0.00392748 0.01346 0.0458702 0.10467 0.7626 0.0682308 
1.97994e-08 3.08841e-07 4.6573e-06 1.71143e-05 0.000168667 0.000409097 0.00282038 0.0133066 0.0446262 0.938647 
1.11169e-10 1.8175e-09 3.38739e-08 1.21327e-07 4.33474e-08 2.33111e-07 4.37217e-06 6.96435e-05 0.000405101 0.99952 
3.70908e-07 6.05289e-06 0.000110835 0.000397101 0.000321566 0.000602071 0.00519953 0.0220176 0.0750616 0.896283 
6.40585e-06 9.24681e-05 0.00046046 0.00219429 0.013794 0.0477649 0.736408 0.0921475 0.0689523 0.0381793 
1.44072e-06 2.02496e-05 0.000173744 0.000674066 0.00235535 0.0103908 0.026976 0.723892 0.12058 0.114937 
2.4909e-07 3.80306e-06 4.27249e-05 0.000207892 0.000703523 0.0049502 0.0295434 0.743669 0.133326 0.0875535 
3.05782e-06 4.02812e-05 0.000234357 0.00139519 0.0072066 0.0298938 0.093826 0.181284 0.605802 0.0803151 
3.58353e-08 5.84946e-07 1.06938e-05 3.83339e-05 1.37663e-05 3.78655e-05 0.000734486 0.00356217 0.0176599 0.977942 
8.72486e-06 0.000192214 0.000826486 0.00248745 0.0105143 0.033208 0.0876208 0.726247 0.0973822 0.0415133 
2.86991e-11 4.60461e-10 7.63043e-09 3.36367e-08 8.52105e-08 6.7714e-07 5.7223e-05 0.000338732 0.00762888 0.991974 
3.34554e-06 4.29624e-05 0.000228501 0.000967352 0.00557847 0.0233135 0.159478 0.679923 0.0890716 0.0413924 
6.86547e-05 0.00105027 0.00417707 0.0157899 0.073857 0.62182 0.154872 0.0915006 0.0300094 0.00685478 
1.0801e-06 1.45852e-05 8.23008e-05 0.000571015 0.00315901 0.0140879 0.0478688 0.107324 0.762846 0.064045 
4.37168e-05 0.000597554 0.00201036 0.00516626 0.0256695 0.0849757 0.164048 0.644946 0.0553917 0.0171511 
3.55863e-07 5.75837e-06 0.000101153 0.000363212 0.000355636 0.00166969 0.0141039 0.767574 0.105495 0.110331 
1.51187e-05 0.000283033 0.00117697 0.00450843 0.0168935 0.0434031 0.0964816 0.153614 0.649036 0.0345887 
2.82652e-07 4.25119e-06 3.52862e-05 0.000193238 0.000954956 0.00634893 0.0245705 0.661 0.20752 0.0993732 
2.7762e-07 4.17142e-06 4.80661e-05 0.000213152 0.000647214 0.00361371 0.0157619 0.602669 0.304811 0.0722309 
8.7771e-13 1.38527e-11 1.60679e-10 3.87894e-09 1.2886e-07 4.1421e-06 6.31384e-05 0.000897318 0.00551408 0.993521 
3.63846e-13 7.18111e-12 1.46472e-10 3.90985e-09 9.67439e-08 5.23311e-06 0.00033231 0.00256966 0.0182832 0.97881 
2.25171e-07 3.43524e-06 2.66674e-05 0.000266033 0.00208984 0.0112061 0.0482975 0.7173 0.136487 0.0843225 
6.52544e-05 0.000970304 0.00391394 0.0125659 0.0656227 0.591408 0.143594 0.100627 0.0554384 0.025795 
0.000102013 0.00217802 0.0100396 0.0473833 0.513043 0.197126 0.140162 0.0616564 0.0207962 0.00751355 
3.31403e-07 4.77293e-06 5.6062e-05 0.00029789 0.00105841 0.00617957 0.0285427 0.0965904 0.757323 0.109947 
0.000260742 0.00357951 0.0121225 0.0258448 0.0709691 0.132602 0.596413 0.111043 0.0350117 0.0121531 
1.58716e-06 2.44205e-05 0.000120561 0.000639431 0.00322581 0.0124789 0.0345521 0.725028 0.140161 0.0837682 
9.03598e-06 0.000114039 0.000460994 0.00125084 0.00730412 0.0256511 0.0783385 0.694209 0.129483 0.0631793 
2.92406e-07 4.75879e-06 8.69813e-05 0.000310718 0.000218117 0.000462656 0.00448167 0.0222722 0.454478 0.517684 
2.00976e-07 3.04462e-06 3.15509e-05 0.000183818 0.00168008 0.0144558 0.380429 0.0936595 0.418486 0.0910714 
1.51809e-15 1.52928e-13 6.63844e-12 3.40463e-10 7.15215e-09 2.74101e-07 1.8418e-05 2.63913e-05 0.000532685 0.999422 
1.58346e-07 2.57545e-06 4.6385e-05 0.000166365 8.6653e-05 0.000335369 0.00333135 0.015223 0.206365 0.774443 
1.45562e-07 2.33246e-06 3.84465e-05 0.000136694 0.000262311 0.000735341 0.00589726 0.0256313 0.0736633 0.893633 
8.34485e-07 1.24906e-05 0.000116023 0.000500575 0.00145911 0.00502473 0.0152988 0.0370961 0.668943 0.271548 
1.18215e-06 1.50562e-05 9.3027e-05 0.00069208 0.00336947 0.0154254 0.170585 0.420985 0.111936 0.276897 
9.5344e-07 1.29182e-05 6.93848e-05 0.000416143 0.00293112 0.0130245 0.0447923 0.114886 0.733597 0.0902693 
1.60241e-07 2.61903e-06 4.86683e-05 0.000174516 9.06068e-05 0.000280481 0.00273239 0.444681 0.362095 0.189894 
1.91147e-08 3.10188e-07 5.55651e-06 2.09548e-05 7.26512e-05 0.000505013 0.00533893 0.0348187 0.889233 0.0700045 
2.95068e-06 3.87462e-05 0.000201944 0.00122538 0.00564744 0.0201623 0.0660625 0.723911 0.122832 0.059916 
2.69156e-07 4.4001e-06 8.19488e-05 0.000293459 8.69972e-05 0.000156089 0.00196188 0.011959 0.905209 0.0802471 
2.37868e-07 3.8877e-06 7.23914e-05 0.000259893 0.000172267 0.000213162 0.00228077 0.0163221 0.889192 0.0914836 
0.00030982 0.00431828 0.0146801 0.0303548 0.0925462 0.16674 0.579447 0.0796833 0.025887 0.0060336 
2.96334e-07 4.84308e-06 9.01608e-05 0.000323234 0.00016388 0.000304125 0.00247069 0.0129784 0.0471508 0.936514 
8.9807e-07 1.82552e-05 0.000100693 0.000511524 0.00197831 0.0102263 0.550509 0.179565 0.146334 0.110757 
9.7091e-07 1.36112e-05 0.000120273 0.000442556 0.00188263 0.00618339 0.0178795 0.0547599 0.114631 0.804086 
9.54251e-07 1.35149e-05 9.00918e-05 0.000420615 0.00228457 0.0118807 0.0367889 0.100815 0.742422 0.105284 
4.29632e-08 7.02535e-07 1.31034e-05 4.69026e-05 1.40448e-05 2.55368e-05 0.000964175 0.00332392 0.0160047 0.979607 
3.0323e-07 4.93762e-06 8.95407e-05 0.000319943 0.000276335 0.000538932 0.00479129 0.0246387 0.0765922 0.892748 
4.9156e-05 0.000738996 0.00249023 0.00822421 0.0384032 0.113771 0.554056 0.16843 0.0830537 0.0307827 
4.47514e-08 7.31655e-07 1.36355e-05 4.88455e-05 1.6639e-05 0.000361992 0.00314695 0.0231087 0.896085 0.0772173 
1.92372e-06 2.63207e-05 0.000162825 0.00096459 0.00544349 0.0218637 0.0740645 0.153843 0.663648 0.0799815 
7.58588e-06 9.95778e-05 0.000483558 0.00294854 0.0147511 0.064543 0.606577 0.158134 0.101093 0.0513617 
2.46615e-07 3.85124e-06 4.39068e-05 0.000264042 0.00155738 0.00784784 0.0330769 0.0945763 0.789231 0.0733989 
7.22213e-37 1.92072e-33 4.9119e-30 2.63046e-26 1.92385e-22 3.04426e-18 4.46672e-14 1.16761e-09 0.000110954 0.999889 
3.2143e-07 5.239e-06 9.2185e-05 0.000332257 0.000590674 0.00135332 0.00804507 0.029936 0.0880573 0.871588 
9.80402e-07 1.35553e-05 8.89528e-05 0.000418746 0.00245504 0.0117944 0.0352503 0.0938797 0.754707 0.101392 
2.01387e-06 2.60348e-05 0.00014795 0.00075259 0.00425027 0.0186366 0.0669852 0.153225 0.677245 0.0787294 
5.65101e-06 7.45489e-05 0.00045631 0.0027774 0.0159404 0.065059 0.623904 0.166834 0.0886392 0.0363097 
2.24226e-07 3.38323e-06 2.69584e-05 0.000150794 0.000923306 0.00460558 0.0208719 0.0790358 0.79798 0.0964025 
6.22493e-10 1.00976e-08 1.78791e-07 6.99155e-07 1.22958e-06 3.15405e-05 0.000296305 0.00197755 0.0127856 0.984907 
4.71215e-07 7.34126e-06 0.000116748 0.00041204 0.000432897 0.000688787 0.00532207 0.0237989 0.0723985 0.896822 
1.03562e-06 1.58733e-05 0.000140274 0.00060953 0.001743 0.00715924 0.0247138 0.0718181 0.785704 0.108095 
1.55795e-07 2.54261e-06 4.66775e-05 0.000167267 5.57839e-05 0.000108812 0.00169354 0.00627619 0.0269511 0.964698 
1.59631e-06 2.32015e-05 0.000118655 0.000723881 0.00509325 0.0224915 0.439071 0.369352 0.107616 0.0555097 
6.56271e-09 1.06277e-07 1.91517e-06 7.04163e-06 5.22831e-05 3.58457e-05 0.000184672 0.00919009 0.974019 0.0165095 
8.22785e-07 1.14322e-05 7.44949e-05 0.000329665 0.00192877 0.010071 0.0347427 0.684436 0.169964 0.0984411 
3.81671e-07 6.1912e-06 0.000111729 0.000402219 0.00030839 0.0025535 0.0269242 0.732205 0.114787 0.122702 
3.01452e-05 0.000563632 0.00160629 0.00523761 0.0220518 0.0573376 0.129076 0.675987 0.0834295 0.0246812 
8.25762e-07 1.24404e-05 0.000150543 0.000570475 0.00144483 0.006041 0.0209283 0.0710053 0.773361 0.126485 
3.36334e-08 5.49248e-07 1.01981e-05 3.67259e-05 1.41112e-05 0.000104874 0.00120982 0.00908606 0.950963 0.0385744 
7.68346e-07 1.2146e-05 0.000194722 0.00071785 0.00100218 0.00616653 0.0354122 0.610411 0.151459 0.194624 
1.17472e-07 1.86837e-06 3.13119e-05 0.000115176 0.00031581 0.00213673 0.01243 0.05136 0.0984978 0.835111 
9.49552e-07 1.33718e-05 0.000125533 0.000441517 0.00171954 0.00547326 0.0208122 0.279676 0.335965 0.355773 
8.50372e-05 0.00786739 0.0657751 0.0184762 0.0963764 0.210969 0.515932 0.0658857 0.0150753 0.00355783 
6.98099e-06 0.000110767 0.000625544 0.00335773 0.0226471 0.503807 0.158061 0.165258 0.102755 0.0433699 
2.92285e-07 4.77858e-06 8.90543e-05 0.000318581 9.47755e-05 0.000106761 0.00189404 0.00861719 0.0293897 0.959485 
1.35318e-07 2.19395e-06 3.87916e-05 0.000140888 0.000295643 0.00134575 0.0128671 0.783499 0.116247 0.0855627 
6.214e-07 9.43134e-06 0.000127819 0.000458432 0.000823422 0.00296181 0.0106543 0.0368748 0.101074 0.847016 
6.84191e-05 0.00102916 0.00455835 0.0176046 0.0686019 0.508816 0.194128 0.128638 0.0553853 0.0211696 
2.43629e-06 3.45285e-05 0.000187269 0.00108208 0.0056652 0.0198517 0.0585538 0.121957 0.715351 0.0773149 
0.000263542 0.00462017 0.0220551 0.068784 0.151722 0.549066 0.122798 0.0496293 0.0217068 0.00935471 
4.25894e-09 6.74409e-08 1.13187e-06 4.60551e-06 8.48405e-05 0.000168843 0.000715439 0.00350538 0.0148252 0.980694 
1.63667e-07 2.57194e-06 3.21892e-05 0.000124577 0.000663118 0.00263958 0.0154885 0.0680429 0.798306 0.114701 
1.15975e-06 1.52532e-05 7.57401e-05 0.000287228 0.0022862 0.00880739 0.0184981 0.0368761 0.0648609 0.868292 
9.40398e-06 0.000126243 0.000645925 0.00358692 0.0202874 0.0765468 0.607211 0.154819 0.0934742 0.0432933 
3.91004e-07 6.39365e-06 0.000119257 0.000426694 0.000118881 8.2632e-05 0.000970298 0.00511532 0.0194717 0.973688 
3.88564e-08 6.09584e-07 9.03148e-06 3.24631e-05 0.000264442 0.000509386 0.0038561 0.0160571 0.04963 0.929641 
1.23513e-05 0.000157889 0.000912045 0.00357946 0.0132993 0.0343954 0.0736095 0.54158 0.283443 0.0490105 
1.7064e-07 2.6685e-06 4.22429e-05 0.000161941 0.00072805 0.0036316 0.019753 0.074383 0.126545 0.774752 
2.07837e-14 1.11583e-12 4.22292e-11 1.72972e-09 3.73437e-08 2.69526e-06 0.000136636 0.00159948 0.0127635 0.985498 
1.12132e-07 1.60815e-06 1.61614e-05 6.03264e-05 0.000355634 0.00169797 0.00955472 0.171667 0.767215 0.049432 
2.30108e-06 3.09428e-05 0.000194862 0.00124164 0.00926589 0.0478497 0.130022 0.676909 0.089008 0.0454758 
0.000294291 0.00430035 0.0141799 0.0283867 0.077756 0.140538 0.607565 0.0995396 0.0225207 0.00491988 
1.31019e-07 2.13064e-06 3.8442e-05 0.000137825 8.27458e-05 0.000256337 0.00282833 0.0134879 0.379127 0.604039 
0.000246595 0.00485143 0.0257565 0.37376 0.226745 0.202355 0.0950668 0.0484847 0.0170438 0.00568933 
8.30843e-07 1.13419e-05 7.43869e-05 0.000261065 0.00173169 0.00613091 0.0151512 0.0415269 0.09118 0.843932 
6.15305e-06 7.87027e-05 0.000346566 0.00175639 0.00985555 0.0404939 0.113333 0.607984 0.136237 0.0899084 
4.53652e-07 7.40032e-06 0.000132094 0.000474781 0.00059767 0.00383019 0.034289 0.0979271 0.740086 0.122656 
6.42041e-05 0.00116691 0.00425933 0.0152864 0.0693734 0.167214 0.549084 0.122388 0.0528335 0.0183307 
1.93905e-07 2.85332e-06 3.02183e-05 0.000128111 0.000823506 0.00359578 0.0181806 0.0695345 0.779324 0.12838 
1.62565e-05 0.000261965 0.00127154 0.00492711 0.021021 0.0571273 0.1174 0.688847 0.0831067 0.0260215 
1.58355e-06 2.69022e-05 0.000200194 0.000911924 0.00268735 0.00966771 0.0257813 0.0581357 0.104161 0.798426 
3.37703e-19 5.26075e-17 1.37615e-14 9.52735e-12 2.99303e-09 4.71856e-07 0.000160962 0.000517916 0.00909653 0.990224 
8.72776e-06 0.000110576 0.000501704 0.00260509 0.0184312 0.271315 0.247852 0.278699 0.114957 0.0655208 
1.29723e-07 2.06937e-06 3.56868e-05 0.00013533 0.000242711 0.00131794 0.0851012 0.61883 0.228296 0.0660384 
6.36589e-07 8.72054e-06 4.66407e-05 0.000208967 0.00174249 0.00775781 0.0276833 0.0878981 0.782671 0.0919823 
5.86155e-08 9.59611e-07 1.73966e-05 6.54441e-05 0.000142322 0.00112038 0.0350782 0.294988 0.576817 0.0917702 
2.9064e-07 4.7381e-06 8.49442e-05 0.000306588 0.000305034 0.00131685 0.0110458 0.0539396 0.809432 0.123564 
6.63734e-05 0.00107549 0.00614554 0.0264611 0.294517 0.374876 0.143805 0.0976388 0.0419495 0.0134654 
3.64162e-05 0.000674778 0.00308593 0.0110993 0.037384 0.0914358 0.145358 0.623625 0.0674096 0.0198904 
1.08084e-08 1.76745e-07 3.29718e-06 1.17994e-05 3.34292e-06 6.21657e-06 0.000182946 0.00176771 0.0149975 0.983027 
4.61095e-07 6.68179e-06 5.42654e-05 0.000259149 0.00125398 0.00732572 0.0297257 0.100846 0.762908 0.0976206 
3.47049e-06 4.57439e-05 0.000261069 0.00125889 0.00714626 0.0232445 0.0605893 0.107366 0.723741 0.0763443 
2.31456e-07 3.78323e-06 7.03227e-05 0.000251892 0.000136627 0.000444648 0.00356763 0.0221255 0.872663 0.100737 
3.10835e-06 4.63057e-05 0.000253717 0.00144145 0.00675452 0.0203854 0.0965865 0.0901678 0.743632 0.0407291 
2.0128e-07 3.2942e-06 6.06921e-05 0.000217737 8.18565e-05 0.00015156 0.00219641 0.00952254 0.034955 0.952811 
1.93421e-05 0.000390731 0.0016681 0.00643704 0.0215021 0.0512373 0.0859528 0.118886 0.672662 0.0412444 
1.26329e-09 2.1547e-08 2.82611e-07 1.08619e-06 3.55916e-06 6.52187e-05 0.000583046 0.00410985 0.0197937 0.975443 
2.8691e-10 4.7063e-09 6.72344e-08 2.5695e-07 7.14868e-07 2.53719e-06 3.00735e-05 0.00025698 0.000744622 0.998965 
2.28371e-07 3.73406e-06 6.96282e-05 0.000249218 7.17603e-05 0.00011246 0.00154003 0.00609736 0.0228912 0.968964 
0.00607488 0.0533671 0.453647 0.265038 0.130165 0.065567 0.0227588 0.00294989 0.000363902 6.8504e-05 
4.69653e-07 7.6711e-06 0.00014235 0.000509903 0.000350709 0.000813074 0.00659934 0.0388456 0.847642 0.105089 
8.31015e-08 1.27468e-06 1.86861e-05 7.1632e-05 0.000292107 0.002593 0.0171707 0.799428 0.112075 0.0683499 
0.000353821 0.00378835 0.0135328 0.0525554 0.460846 0.216268 0.142568 0.0686291 0.0302459 0.0112122 
1.46267e-07 2.39179e-06 4.46176e-05 0.000159649 4.49806e-05 3.64345e-05 0.00112569 0.00436972 0.0195171 0.974699 
1.55664e-06 2.19306e-05 0.000120264 0.00050056 0.00334138 0.0141127 0.0381632 0.10132 0.749098 0.0933201 
0.000320434 0.00442863 0.0260683 0.341904 0.338651 0.172529 0.0855798 0.0237724 0.00588827 0.00085768 
2.81186e-08 4.57539e-07 8.16268e-06 2.9352e-05 2.91458e-05 7.86459e-05 0.000760683 0.00560201 0.946379 0.0471124 
2.97309e-07 4.31195e-06 4.33222e-05 0.000153977 0.000482232 0.0023634 0.00767829 0.0282801 0.0714498 0.889544 
2.44127e-07 3.98602e-06 7.38304e-05 0.000266077 0.000212259 0.0003704 0.00367721 0.020517 0.86129 0.113589 
1.14873e-07 1.84794e-06 2.67519e-05 0.000135571 0.000796043 0.00750186 0.236252 0.246581 0.0667919 0.441913 
0.000115803 0.00215584 0.00826849 0.031014 0.343714 0.399984 0.127721 0.0588381 0.0212234 0.00696529 
6.8972e-06 8.81518e-05 0.00053713 0.00161565 0.00803759 0.0247155 0.058217 0.700309 0.132791 0.0736817 
2.78277e-19 4.33337e-17 1.13282e-14 7.83955e-12 2.46295e-09 3.89119e-07 0.000129622 0.000507589 0.00869431 0.990668 
6.3227e-05 0.000969511 0.00436647 0.0422272 0.432957 0.171712 0.153229 0.106777 0.0617492 0.025948 
1.30338e-05 0.000186727 0.000899229 0.00471487 0.028086 0.0940296 0.656612 0.129694 0.0631798 0.0225848 
1.98771e-09 3.22125e-08 5.54898e-07 2.09293e-06 3.00143e-06 4.63881e-05 0.000482017 0.00226291 0.00844273 0.98876 
1.45035e-13 5.02605e-12 1.61826e-10 7.66221e-09 1.62077e-07 6.92432e-06 0.00020524 0.00222299 0.0162899 0.981275 
3.05829e-08 5.00098e-07 9.32897e-06 3.33793e-05 9.36286e-06 8.87178e-06 0.000123833 0.000810737 0.0045347 0.994469 
1.50557e-07 2.46109e-06 4.57031e-05 0.000163736 8.32409e-05 6.64782e-05 0.000931666 0.00389007 0.0144953 0.980321 
1.26353e-05 0.00016996 0.000843791 0.00421641 0.0152883 0.0397983 0.102048 0.727501 0.0809049 0.0292166 
0.000190235 0.00248865 0.00963659 0.0436861 0.182328 0.339981 0.293414 0.0918801 0.0278714 0.00852463 
5.15006e-08 8.42678e-07 1.56282e-05 5.59803e-05 1.82408e-05 3.10447e-05 0.000502345 0.00232356 0.010703 0.986349 
0.00459782 0.0369095 0.189051 0.478551 0.168342 0.0881973 0.0285956 0.00490592 0.000727005 0.000122438 
1.20669e-06 1.60205e-05 0.000109482 0.000624596 0.00299377 0.0135835 0.643527 0.145574 0.124008 0.0695624 
1.49489e-05 0.000254532 0.00121456 0.00508406 0.0189238 0.0486448 0.0945842 0.134025 0.667555 0.0296993 
9.84989e-08 1.62005e-06 2.94842e-05 0.000105955 5.22899e-05 0.000191045 0.00181087 0.0106627 0.0402641 0.946882 
5.98918e-07 8.29248e-06 6.2481e-05 0.000285607 0.00131863 0.00614188 0.0221834 0.265159 0.639651 0.0651898 
2.30269e-06 2.97048e-05 0.000191313 0.00105376 0.00584264 0.0240805 0.639742 0.16644 0.113189 0.0494288 
2.91571e-08 4.73259e-07 7.62046e-06 2.82725e-05 0.000181435 0.00035094 0.0026589 0.0111456 0.0397741 0.945853 
2.4745e-07 3.76246e-06 3.93634e-05 0.000185457 0.000625947 0.00463207 0.0222035 0.0755714 0.813884 0.0828547 
1.1755e-06 1.42173e-05 8.89604e-05 0.000526223 0.00246733 0.00926218 0.0288218 0.0876866 0.765055 0.106077 
7.41761e-09 1.24337e-07 1.44307e-06 5.64553e-06 2.37932e-05 8.73077e-05 0.000753257 0.0036722 0.0160533 0.979403 
1.47638e-06 2.06925e-05 0.000121444 0.000564415 0.00400842 0.0186876 0.0740844 0.69002 0.136648 0.0758433 
8.32169e-11 1.35406e-09 2.50671e-08 9.06415e-08 4.59854e-08 7.5036e-07 4.94818e-06 0.000154216 0.00036793 0.999472 
1.75461e-07 2.86528e-06 5.16092e-05 0.000185252 0.0001488 0.000303339 0.00300864 0.0145628 0.0471681 0.934568 
6.5924e-05 0.00109986 0.00416781 0.0125063 0.044437 0.113485 0.165363 0.590173 0.0539494 0.0147532 
3.51055e-07 5.71169e-06 0.000102039 0.000366144 0.000425747 0.000763732 0.00660525 0.0268162 0.0772679 0.887647 
3.0484e-07 4.43674e-06 4.02535e-05 0.000238543 0.00164376 0.00940867 0.0530597 0.751711 0.112268 0.0716249 
3.21992e-08 5.32325e-07 9.65445e-06 3.48826e-05 3.09425e-05 0.000110409 0.00191247 0.069419 0.122693 0.805789 
1.24132e-06 1.59685e-05 0.000132053 0.000562749 0.00240168 0.00903155 0.0333856 0.700173 0.142763 0.111533 
4.03503e-07 6.57184e-06 0.000119429 0.000428932 0.000500457 0.00111597 0.0089595 0.050602 0.768493 0.169773 
2.98174e-09 4.87594e-08 9.09249e-07 3.25505e-06 9.95464e-07 1.19068e-06 4.39795e-05 0.000318632 0.00419949 0.995431 
2.22951e-07 3.64562e-06 6.79879e-05 0.00024336 7.02671e-05 0.000146604 0.00143545 0.00771966 0.0297655 0.960547 
3.81872e-06 5.30468e-05 0.000289805 0.00148263 0.0229444 0.154629 0.123229 0.608319 0.0685239 0.0205255 
3.90344e-07 5.62704e-06 5.67082e-05 0.000305997 0.00114254 0.00782503 0.0377217 0.117549 0.734513 0.100879 
1.51973e-06 1.97606e-05 0.000101472 0.000641488 0.00456066 0.0235535 0.0963604 0.695009 0.123211 0.0565403 
5.10162e-07 8.327e-06 0.0001537 0.000549812 0.000281281 0.000438867 0.00353654 0.0188685 0.0619142 0.914248 
6.56633e-06 8.45526e-05 0.00036595 0.00176368 0.0110286 0.0510337 0.390394 0.231892 0.264187 0.049244 
1.38964e-10 1.86091e-09 1.38609e-08 5.21621e-08 1.63859e-07 7.05356e-07 2.21372e-05 0.000179553 0.00166766 0.99813 
0.000249164 0.0035247 0.0126749 0.0271698 0.202217 0.511151 0.136001 0.0770691 0.0226458 0.00729773 
1.15953e-05 0.000237735 0.00102781 0.00393277 0.0135596 0.0353656 0.0648587 0.527591 0.286677 0.0667381 
