9636
2.92833e-07 4.19103e-06 1.5491e-05 0.000345661 0.00272003 0.0121945 0.044013 0.0768411 0.853161 0.0107047 
1.56922e-07 1.01398e-06 1.16241e-05 0.000574306 0.00398985 0.0205749 0.842976 0.0844735 0.037989 0.00940913 
1.8716e-07 9.18566e-07 7.92432e-06 0.000471876 0.00158422 0.00773776 0.0352522 0.919962 0.0285692 0.00641372 
2.13162e-13 4.28643e-12 7.31964e-11 2.07142e-09 4.5213e-08 2.32142e-07 2.00735e-05 5.74319e-05 0.0002805 0.999642 
2.16058e-11 3.45707e-10 8.6209e-09 5.88999e-08 1.41746e-06 0.000117828 0.00162583 0.00764198 0.955182 0.0354308 
1.33709e-12 2.89528e-11 6.44326e-10 8.36039e-09 2.73499e-07 1.91369e-05 0.000602332 0.00245714 0.0103572 0.986564 
2.06446e-09 3.15463e-08 2.30649e-07 1.3937e-06 6.42299e-05 0.000829468 0.0043063 0.345181 0.565895 0.0837222 
1.82336e-12 3.4362e-11 6.08551e-10 9.86143e-09 2.45292e-07 2.31796e-05 0.000215117 0.00164747 0.00759352 0.99052 
9.39604e-13 1.73549e-11 2.90161e-10 4.66006e-09 1.25021e-07 1.31963e-05 0.000156447 0.000921714 0.00403103 0.994877 
8.09115e-07 6.62753e-06 0.00011192 0.000826012 0.00431484 0.0141785 0.0389253 0.91043 0.0254229 0.00578319 
1.94041e-07 2.00943e-06 3.03282e-05 0.000509255 0.00391807 0.0283902 0.864362 0.0637263 0.0293644 0.00969688 
5.06389e-13 2.79478e-11 2.30272e-09 1.50822e-08 3.37652e-07 3.33225e-05 0.00129764 0.00491564 0.0155337 0.978219 
0.000112198 0.000456744 0.0147948 0.339268 0.533916 0.0640024 0.0433484 0.00362788 0.000441591 3.1601e-05 
4.50495e-09 6.85066e-08 3.58081e-07 2.24093e-06 9.8797e-05 0.00134258 0.00592652 0.0269846 0.0393883 0.926257 
2.17346e-14 2.23077e-12 1.38093e-10 8.47763e-10 3.22402e-08 1.87397e-06 0.000161412 0.000630228 0.0031087 0.996098 
1.83378e-12 5.95108e-11 3.44889e-09 2.71551e-08 6.26869e-07 6.08836e-05 0.00169923 0.00802744 0.0245604 0.965651 
1.93664e-19 3.16466e-17 1.17773e-14 3.23691e-13 3.41183e-10 4.85492e-08 6.72138e-05 0.000163608 0.00160764 0.998161 
7.80579e-07 8.66886e-06 4.0267e-05 0.000616964 0.00327524 0.01618 0.8712 0.0693193 0.0314684 0.00789038 
7.258e-10 1.11337e-08 1.18501e-07 7.21189e-07 1.80116e-05 0.000625368 0.00500128 0.0242817 0.949207 0.020866 
9.11449e-12 2.589e-10 1.36559e-08 1.82208e-07 4.58977e-06 0.000624952 0.863286 0.0402347 0.0514927 0.0443569 
3.7679e-09 5.70838e-08 2.11021e-07 9.80195e-07 1.9225e-05 0.000559896 0.00201811 0.0100279 0.022497 0.964877 
1.46946e-09 2.24398e-08 1.65821e-07 1.02419e-06 3.23263e-05 0.000802473 0.00721241 0.909092 0.046996 0.0358635 
2.63245e-12 8.05845e-11 1.68409e-08 7.89832e-08 1.42053e-06 0.000106309 0.00188139 0.0101392 0.927734 0.0601375 
3.0773e-07 1.41064e-06 1.09488e-05 0.000601528 0.00251923 0.0108938 0.851573 0.0842065 0.0407541 0.00943914 
3.70834e-09 5.63668e-08 2.81608e-07 1.66574e-06 5.52245e-05 0.00106198 0.00513948 0.0251562 0.948191 0.0203944 
7.26627e-09 1.14964e-07 1.16357e-06 4.26142e-05 0.000487809 0.00354449 0.010322 0.0296471 0.930902 0.0250524 
0.000367774 0.00249033 0.0180123 0.671393 0.106569 0.0932742 0.0630781 0.0374503 0.00643968 0.000925686 
7.48144e-15 1.554e-13 6.18397e-12 5.40782e-11 2.3823e-09 4.32831e-08 4.63522e-07 2.62465e-05 8.17775e-05 0.999891 
8.9257e-34 3.09083e-30 1.85901e-26 1.39547e-22 7.72972e-19 6.67468e-15 5.39953e-12 1.48912e-08 0.000131339 0.999869 
8.13525e-06 0.000177955 0.00251836 0.338249 0.54934 0.0489718 0.0352071 0.0208766 0.00413735 0.000513628 
2.7382e-13 1.4408e-11 1.26744e-09 8.46487e-09 1.98204e-07 1.95934e-05 0.000527451 0.00227657 0.00749441 0.989682 
1.30286e-05 0.000192966 0.000557287 0.000931128 0.00610044 0.0208303 0.479479 0.484081 0.00689921 0.000915257 
1.97729e-12 4.59408e-11 1.69685e-09 1.69052e-08 4.1345e-07 4.16172e-05 0.000780069 0.00513624 0.0156678 0.978374 
2.12159e-12 4.7566e-11 1.51003e-09 1.64876e-08 4.22926e-07 3.10373e-05 0.000879053 0.00388103 0.0141925 0.981016 
4.20398e-09 9.82461e-08 1.82539e-06 6.16979e-05 0.000993924 0.00390698 0.0167446 0.034471 0.933487 0.010333 
2.36897e-12 5.93864e-11 2.5365e-09 2.40512e-08 5.47676e-07 5.48292e-05 0.00109002 0.00606145 0.0179231 0.97487 
6.56076e-07 8.6983e-06 3.72744e-05 0.000274457 0.00304279 0.59765 0.227424 0.0409745 0.116911 0.0136768 
9.17844e-11 1.41044e-09 6.70365e-09 5.66895e-08 1.72425e-06 6.44289e-05 0.000946919 0.00475053 0.019985 0.974251 
6.76261e-06 9.64462e-05 0.000279142 0.000901346 0.00475269 0.0145525 0.83559 0.0858227 0.045852 0.0121461 
9.66434e-23 2.10209e-19 9.55828e-16 2.32379e-13 3.15703e-10 4.13465e-08 6.31866e-05 0.000214528 0.00217947 0.997543 
0.00014533 0.00110476 0.0202418 0.35174 0.542882 0.0709573 0.0122051 0.000685077 3.74009e-05 1.53511e-06 
1.50679e-07 7.18963e-07 5.93301e-06 0.000346126 0.00149366 0.00748102 0.0278018 0.0596265 0.884669 0.0185754 
1.55299e-07 6.63922e-07 2.96331e-06 0.000129182 0.000276786 0.00211002 0.0106293 0.0295324 0.93457 0.0227486 
7.97502e-08 4.19135e-07 9.59362e-06 0.000235551 0.00179964 0.0126759 0.430876 0.535599 0.0141801 0.00462384 
4.51056e-09 6.84439e-08 3.09654e-07 1.66107e-06 6.50124e-05 0.000915959 0.00382023 0.0175045 0.941783 0.0359095 
1.2422e-05 0.000182964 0.000534177 0.000733152 0.00632364 0.014463 0.0280254 0.0474742 0.889988 0.0122625 
1.27549e-05 0.000187984 0.000549732 0.000807043 0.00743613 0.0238586 0.853267 0.0775782 0.0296357 0.00666734 
2.7078e-12 6.72222e-11 1.26492e-08 6.15555e-08 1.13177e-06 0.000114802 0.00141704 0.00695638 0.0189857 0.972525 
1.08436e-06 1.34676e-05 4.79611e-05 0.000449536 0.00363942 0.0200538 0.876031 0.0635981 0.027989 0.00817691 
1.35228e-11 3.36346e-10 3.61071e-08 3.38004e-07 6.44463e-06 0.000276063 0.00296819 0.0157929 0.0387704 0.942186 
2.05162e-12 4.21639e-11 9.99484e-10 1.286e-08 3.2873e-07 2.29046e-05 0.000732186 0.0036862 0.0110688 0.98449 
4.49959e-13 1.7646e-11 4.86732e-09 2.14372e-08 3.62533e-07 5.48812e-05 0.000779788 0.00436851 0.504862 0.489934 
6.53757e-07 7.81783e-06 3.06653e-05 0.000223159 0.00154269 0.00820604 0.0212604 0.478619 0.477233 0.012876 
1.02362e-13 1.45066e-11 1.64524e-09 1.00121e-08 1.8596e-07 2.61001e-05 0.000883521 0.00366767 0.00923804 0.986184 
5.66254e-09 8.60809e-08 4.22007e-07 2.48715e-06 9.86405e-05 0.00151226 0.0063981 0.025676 0.0403237 0.925988 
1.76262e-13 1.30253e-11 1.33916e-09 8.74985e-09 1.70192e-07 2.38132e-05 0.000386952 0.00310521 0.00971485 0.986769 
1.07461e-05 0.000158649 0.00043564 0.000659068 0.00502281 0.0157426 0.854263 0.0792721 0.036066 0.00836888 
3.02248e-45 5.16066e-41 2.61512e-36 6.96615e-29 1.11578e-24 1.07778e-19 2.13791e-15 2.25747e-11 1.13055e-07 1 
5.48805e-09 8.33494e-08 4.13603e-07 2.31123e-06 0.000100251 0.00130733 0.00498792 0.0209332 0.927146 0.0455225 
8.45894e-12 1.57324e-10 4.39772e-09 6.10125e-08 1.62102e-06 9.60573e-05 0.00184505 0.00920781 0.951942 0.0369078 
5.14605e-13 1.18645e-11 4.22271e-10 4.14682e-09 9.79363e-08 5.36616e-06 0.000126453 0.000798438 0.00366575 0.995404 
1.56534e-08 1.66678e-07 2.03526e-06 0.000121479 0.000331715 0.00312307 0.0174995 0.9199 0.041505 0.0175166 
7.08453e-13 1.32509e-11 2.3335e-10 3.74844e-09 9.64782e-08 6.86311e-06 0.000129863 0.000911177 0.00339416 0.995558 
1.84755e-12 5.43622e-11 3.57914e-09 2.73372e-08 5.34135e-07 7.8628e-05 0.00105676 0.00777085 0.0230651 0.968028 
1.60859e-05 0.000238825 0.000662285 0.00100432 0.00698695 0.0228744 0.0482952 0.881187 0.032634 0.00610076 
0.00250193 0.0233024 0.615834 0.173706 0.124437 0.051762 0.0076882 0.000726913 3.98719e-05 7.28169e-07 
3.28556e-12 1.21139e-10 6.27815e-08 2.44667e-07 3.40315e-06 0.000500873 0.00499827 0.886899 0.0574004 0.0501975 
2.43896e-05 0.000396196 0.00343161 0.012765 0.0990907 0.177313 0.624463 0.0584223 0.0195177 0.00457616 
1.26624e-12 1.00195e-10 1.0581e-08 1.69962e-07 3.14075e-06 0.000243586 0.00262278 0.0626382 0.722086 0.212407 
1.84848e-08 1.57135e-07 1.48259e-06 7.1725e-05 0.000233514 0.00227224 0.0103505 0.0335291 0.935463 0.0180786 
1.98028e-07 1.98117e-06 1.38884e-05 0.000328617 0.00146684 0.00574161 0.0155161 0.0343332 0.929405 0.013193 
8.80471e-18 1.39854e-15 3.80549e-13 4.55224e-12 1.03242e-09 1.80389e-06 0.000119607 0.00161614 0.00558584 0.992677 
2.84645e-05 0.000415131 0.00128551 0.00247929 0.0174863 0.0576165 0.828651 0.0749394 0.0147869 0.00231164 
6.39463e-10 9.85519e-09 1.20646e-07 7.39186e-07 2.08819e-05 0.00061393 0.0040997 0.0227723 0.945032 0.0274599 
2.69187e-32 8.16586e-29 4.47502e-25 2.64471e-21 8.80004e-18 2.76338e-13 3.64507e-09 1.76281e-05 0.000430795 0.999552 
0.000223586 0.000817443 0.0140119 0.299377 0.481873 0.164681 0.0255839 0.01111 0.0020693 0.000252863 
1.04344e-13 5.77099e-12 4.56323e-10 3.20988e-09 8.31297e-08 1.07436e-05 0.000380248 0.0021636 0.0602186 0.937227 
7.28004e-08 2.93382e-07 1.64438e-06 7.94006e-05 0.000302427 0.00170639 0.00978391 0.0350596 0.923156 0.0299098 
1.94426e-07 8.10317e-07 4.6282e-06 0.000249333 0.000666279 0.00417168 0.0168977 0.041858 0.92085 0.0153018 
6.2553e-13 2.16727e-11 1.59813e-09 1.15228e-08 2.04909e-07 2.9716e-05 0.000325977 0.00263642 0.00737135 0.989636 
4.00375e-05 0.0002104 0.00225668 0.0106842 0.0479523 0.865357 0.0513617 0.0188116 0.00297115 0.000355112 
1.97213e-09 3.23172e-08 3.57565e-07 3.75638e-06 0.000108502 0.00129584 0.00645902 0.0314667 0.936715 0.0239508 
1.15297e-09 5.22839e-08 1.03158e-06 1.11213e-05 0.000305235 0.00315798 0.0202551 0.915778 0.0375786 0.0229129 
1.53865e-12 2.68555e-11 3.42959e-10 6.50913e-09 1.64439e-07 1.48541e-05 9.80946e-05 0.000603801 0.00183948 0.997444 
9.12337e-15 1.22592e-12 7.71766e-11 4.92416e-10 2.16605e-08 1.68001e-06 6.63606e-05 0.000344533 0.00173674 0.997851 
5.17586e-13 2.6748e-11 5.72694e-09 2.67099e-08 5.14902e-07 7.25193e-05 0.00120902 0.00636935 0.492937 0.499412 
2.23314e-12 4.69407e-11 1.2131e-09 1.47452e-08 3.84472e-07 2.9464e-05 0.000489794 0.00389473 0.971887 0.0236991 
0.00101655 0.416164 0.0467927 0.12808 0.202288 0.0710118 0.118662 0.0155899 0.000380408 1.52201e-05 
0.00686284 0.0511814 0.798214 0.0900973 0.0379481 0.0126392 0.00277943 0.000265181 1.22426e-05 3.47977e-07 
1.72668e-07 8.31465e-07 7.72624e-06 0.000425592 0.00205806 0.00978631 0.0430515 0.904581 0.0328253 0.00726399 
2.23543e-12 7.70278e-11 3.78352e-08 1.48024e-07 2.04853e-06 0.00024368 0.00282617 0.0140645 0.945223 0.0376405 
2.68891e-07 2.62021e-06 2.08578e-05 0.000374079 0.00325987 0.399182 0.504567 0.05441 0.0274878 0.010696 
6.82584e-10 1.03853e-08 6.81181e-08 3.31471e-07 9.41449e-06 0.000346929 0.00249141 0.478604 0.494606 0.0239411 
4.02766e-08 2.21068e-07 9.65499e-07 3.08116e-05 0.000130558 0.00167708 0.00593946 0.0234087 0.939527 0.0292855 
3.83378e-13 2.00379e-11 1.571e-09 1.08258e-08 2.80277e-07 1.68124e-05 0.00065727 0.00478466 0.964767 0.0297744 
2.60342e-07 1.14922e-06 8.19819e-06 0.000427953 0.00201242 0.00764226 0.0339792 0.0582079 0.88679 0.0109302 
9.48938e-06 0.000141571 0.000528897 0.00178016 0.0177478 0.451497 0.45617 0.0477551 0.019461 0.00490921 
0.000678713 0.00765885 0.0383344 0.108107 0.721475 0.0951678 0.0234361 0.00455856 0.00046641 0.000117061 
2.17009e-05 0.00030232 0.00102586 0.00463546 0.0202795 0.0528587 0.859616 0.0458278 0.0125477 0.00288537 
1.05723e-06 1.11562e-05 5.6397e-05 0.000805395 0.00289083 0.02061 0.065695 0.867625 0.0337038 0.00860141 
7.62034e-35 2.78517e-31 1.73603e-27 1.3746e-23 8.30065e-20 4.45978e-16 1.34974e-12 9.63747e-09 0.000129655 0.99987 
2.54824e-12 6.97685e-11 3.47755e-09 2.95061e-08 6.56082e-07 6.13051e-05 0.00164699 0.00765376 0.0227251 0.967912 
2.77537e-05 0.000375948 0.00347385 0.0129117 0.498879 0.376945 0.0710657 0.0285164 0.00667829 0.0011261 
4.61196e-06 6.63249e-05 0.000197214 0.000596595 0.00425842 0.0159234 0.912295 0.0442482 0.0183444 0.00406591 
1.71454e-09 2.60901e-08 1.51998e-07 2.38241e-06 0.000184474 0.0131851 0.147173 0.564353 0.136825 0.138277 
1.79762e-10 2.8162e-09 5.02011e-08 4.5009e-07 1.95269e-05 0.000396136 0.00327915 0.0144435 0.958026 0.0238348 
1.85801e-11 2.95217e-10 4.8226e-09 5.57014e-08 1.37008e-06 0.000213185 0.00221951 0.0123158 0.032812 0.952438 
1.27522e-07 5.47826e-07 3.30613e-06 0.000153639 0.000871405 0.00424049 0.0163886 0.0363144 0.922087 0.0199402 
3.13501e-34 8.00674e-31 4.11327e-27 3.5604e-23 1.22232e-19 3.76556e-15 2.47132e-11 1.20447e-07 5.19591e-05 0.999948 
1.95372e-12 5.49692e-11 2.83481e-09 2.40775e-08 5.45409e-07 5.66156e-05 0.0012486 0.00677182 0.0198963 0.972026 
1.2239e-08 1.13389e-07 7.67614e-07 1.12177e-05 0.000220813 0.00145192 0.0063051 0.0193049 0.0265477 0.946157 
1.16748e-11 2.16494e-10 1.18322e-08 7.76105e-08 2.93002e-06 0.000105537 0.00200273 0.0101517 0.0275613 0.960176 
1.1128e-13 1.52902e-11 1.99592e-09 1.18485e-08 1.83035e-07 3.06218e-05 0.000342727 0.00395001 0.0100485 0.985628 
0.00810832 0.0495229 0.134428 0.669971 0.0995888 0.0314734 0.00625269 0.000629869 2.36833e-05 5.36023e-07 
5.57149e-08 2.73325e-07 2.10905e-06 7.31367e-05 0.00081636 0.00412136 0.0175908 0.0398485 0.921604 0.0159432 
2.52156e-09 3.85535e-08 2.64055e-07 5.22964e-06 5.83055e-05 0.000877312 0.00446777 0.484135 0.494502 0.0159535 
2.45194e-05 0.000363669 0.00146759 0.00471408 0.771517 0.0908518 0.0765853 0.0451664 0.00803719 0.00127203 
1.17297e-21 1.14369e-18 3.9985e-15 9.80492e-14 3.3696e-11 3.72282e-08 1.30576e-05 0.000154544 0.000599014 0.999233 
9.33971e-06 9.89149e-05 0.00232589 0.0128734 0.0532641 0.850636 0.0567846 0.0197833 0.00397611 0.000247997 
1.87566e-05 0.000274643 0.000831586 0.00167358 0.0109816 0.127397 0.0894767 0.758073 0.00997772 0.00129536 
3.60851e-09 5.49481e-08 3.34525e-07 6.7522e-06 0.00135916 0.450309 0.0206718 0.480084 0.0304366 0.0171327 
1.74849e-05 0.000255306 0.000820751 0.00175046 0.0146478 0.0529547 0.869962 0.0501771 0.0080245 0.00139033 
2.6701e-11 4.27101e-10 9.46016e-09 1.03144e-07 5.25523e-06 0.000105606 0.000869548 0.00602287 0.511668 0.481329 
2.60952e-12 8.00103e-11 2.73245e-08 1.1668e-07 1.80974e-06 0.000310806 0.00305654 0.0152317 0.937451 0.0439484 
1.49957e-06 1.71414e-05 0.000106273 0.00124972 0.0053885 0.0336064 0.0711309 0.857499 0.0254531 0.0055473 
7.70779e-08 3.74215e-07 2.63975e-06 0.000156733 0.000428662 0.00219937 0.00898515 0.117837 0.749054 0.121336 
1.47862e-12 6.91774e-11 2.20798e-08 1.15759e-07 1.76809e-06 0.000458918 0.00471105 0.229721 0.743311 0.0217967 
2.0938e-07 9.7126e-07 8.07174e-06 0.000423722 0.00214139 0.0135942 0.870403 0.0720625 0.0333007 0.00806558 
1.21528e-12 3.21233e-11 1.54214e-09 1.33573e-08 3.06379e-07 3.206e-05 0.000723155 0.00436344 0.0138697 0.981011 
3.0134e-07 1.32156e-06 9.95438e-06 0.000577098 0.00193748 0.00811076 0.0392432 0.897586 0.039632 0.0129017 
6.99652e-10 1.06358e-08 4.49177e-08 2.52962e-07 6.63166e-06 0.000275302 0.00271537 0.0131724 0.942731 0.0410988 
9.42892e-12 1.93633e-10 2.1821e-08 9.93683e-08 1.83872e-06 0.000187426 0.0024577 0.0126647 0.935787 0.0489017 
1.45525e-05 0.000214129 0.000642661 0.00109983 0.00820289 0.0319271 0.0547357 0.888287 0.0127224 0.00215423 
0.00245689 0.0300918 0.0833535 0.711122 0.123117 0.0426967 0.00641362 0.000718634 2.91703e-05 6.76951e-07 
1.64763e-07 6.34801e-07 2.48178e-06 0.000135343 0.000144945 0.00133901 0.00544107 0.0132932 0.0263888 0.953254 
1.54855e-09 2.37286e-08 2.21121e-07 1.40607e-06 7.06922e-05 0.000782368 0.00437921 0.0220176 0.940451 0.0322979 
1.83866e-12 4.89965e-11 2.13663e-09 1.86919e-08 4.65031e-07 4.19955e-05 0.00110323 0.00516119 0.0181532 0.97554 
6.91506e-06 9.78025e-05 0.000723233 0.00378438 0.201893 0.514633 0.055263 0.212713 0.00925395 0.00163125 
1.64983e-12 7.94073e-11 1.24682e-08 1.16142e-07 2.18866e-06 0.000179254 0.00251664 0.480046 0.495999 0.0212562 
4.1786e-09 6.35703e-08 3.3801e-07 2.05922e-06 8.6961e-05 0.00110776 0.00467321 0.0204414 0.945695 0.0279929 
1.57435e-09 2.39436e-08 1.2425e-07 6.69606e-07 3.30912e-05 0.000404013 0.00169723 0.10544 0.254511 0.637914 
1.02902e-13 2.92008e-12 1.34894e-10 1.10905e-09 2.90904e-08 2.39707e-06 5.3159e-05 0.000259163 0.000901246 0.998784 
1.24615e-12 3.44807e-11 1.46661e-09 1.27781e-08 3.2959e-07 2.38642e-05 0.000956927 0.00440048 0.0124056 0.982213 
0 0 0 0 0 0 0 0 0 1 
8.83751e-18 1.5729e-15 1.06828e-12 6.74448e-12 8.79435e-10 1.65024e-06 0.000109566 0.00160272 0.985096 0.0131903 
0.00431552 0.0251042 0.0806773 0.130161 0.725016 0.0325614 0.00198763 0.000170356 6.79067e-06 1.20927e-07 
1.43507e-12 6.29812e-11 3.5035e-08 1.35779e-07 1.75648e-06 0.000216768 0.00232672 0.410535 0.552529 0.0343908 
6.28283e-19 9.80581e-17 1.61319e-14 2.23002e-13 2.3655e-11 1.61797e-08 2.30079e-07 6.22636e-05 0.00199136 0.997946 
2.31093e-05 0.000336923 0.00109863 0.00290928 0.0156366 0.0512667 0.854449 0.0626021 0.0103249 0.00135262 
1.20175e-13 6.74669e-12 4.81919e-10 3.38793e-09 8.68929e-08 6.6162e-06 0.000248926 0.00103719 0.00360501 0.995102 
2.54626e-08 2.15568e-07 2.94126e-06 0.000197044 0.000556582 0.00367598 0.020959 0.93418 0.0288111 0.0116168 
7.24036e-06 0.000109442 0.000299302 0.000764036 0.0410972 0.164657 0.100256 0.276284 0.410659 0.00586621 
1.89064e-12 5.16013e-11 2.38509e-09 2.09382e-08 5.04096e-07 4.31906e-05 0.00127121 0.00643224 0.0204328 0.97182 
1.10238e-05 0.000161825 0.00063386 0.00163817 0.0100947 0.168802 0.766565 0.0411254 0.00887554 0.00209173 
4.20461e-13 1.39036e-11 9.84158e-10 7.61901e-09 1.35085e-07 1.59031e-05 0.000172406 0.00112867 0.00317044 0.995512 
1.9651e-09 2.99166e-08 1.7319e-07 1.08041e-06 5.68233e-05 0.000586919 0.0029018 0.0153429 0.954475 0.0266356 
7.42657e-08 4.24406e-07 4.39162e-06 0.000206336 0.00167084 0.0067872 0.0289473 0.057034 0.891532 0.0138175 
4.14122e-07 2.54919e-06 1.58926e-05 0.000780579 0.00263189 0.0130274 0.833522 0.088337 0.0486346 0.0130479 
6.26063e-35 2.13971e-31 1.27807e-27 9.33434e-24 4.84621e-20 6.12182e-16 3.64969e-13 1.00766e-09 3.35799e-06 0.999997 
4.6746e-11 5.37595e-09 1.89623e-07 1.49468e-06 8.78832e-05 0.00142571 0.0130897 0.910618 0.0395918 0.0351851 
1.32819e-15 2.17596e-13 1.41813e-11 8.16807e-11 3.38477e-09 2.24074e-06 0.000101025 0.00161688 0.00557488 0.992705 
1.29958e-06 1.3391e-05 0.00012966 0.000743338 0.00541752 0.0224459 0.0498629 0.893698 0.0230087 0.00467924 
1.0541e-05 0.000149874 0.00050401 0.00107622 0.00766653 0.0357731 0.0672832 0.857057 0.0262911 0.00418862 
1.80519e-12 5.61111e-11 3.33181e-09 2.71405e-08 6.35455e-07 8.84682e-05 0.00161046 0.00920159 0.0248902 0.964209 
2.86855e-12 6.6703e-11 2.17674e-09 2.15395e-08 5.85414e-07 3.93768e-05 0.00147235 0.00528855 0.017215 0.975984 
5.91434e-09 1.24345e-07 1.37375e-06 1.07896e-05 0.000668573 0.00544302 0.854096 0.0618985 0.0505978 0.0272837 
1.60423e-34 5.27976e-31 3.12008e-27 2.5459e-23 1.4715e-19 4.18245e-15 5.28913e-11 2.55837e-07 2.88422e-05 0.999971 
2.44567e-12 6.02544e-11 2.85272e-09 2.6777e-08 5.99991e-07 0.000100996 0.00179788 0.010235 0.95178 0.0360859 
2.59927e-10 3.97474e-09 1.96626e-08 1.32373e-07 4.25204e-06 0.000105487 0.00161083 0.00888526 0.950768 0.0386255 
3.12209e-12 1.18077e-10 6.5772e-08 2.73818e-07 3.53294e-06 0.000314881 0.00305284 0.0192734 0.942183 0.0351716 
1.04821e-05 0.000153375 0.000436124 0.00161228 0.0142131 0.787245 0.0683779 0.0779015 0.0398334 0.0102169 
2.69409e-12 6.07132e-11 1.6595e-09 1.89067e-08 5.46639e-07 3.77733e-05 0.00134793 0.0050439 0.0173454 0.976224 
3.77177e-12 9.34412e-11 3.85126e-09 3.52536e-08 8.45141e-07 7.37066e-05 0.00177613 0.00789424 0.0251824 0.965073 
0.0030579 0.0338183 0.548966 0.286242 0.0881236 0.0330399 0.00600613 0.000718412 2.71806e-05 6.1694e-07 
8.15749e-10 1.25758e-08 1.33531e-07 1.14464e-06 5.70895e-05 0.000882764 0.0073485 0.0312634 0.91531 0.0451372 
1.08121e-06 1.473e-05 8.47827e-05 0.00235933 0.8332 0.041987 0.0508391 0.0436383 0.0209974 0.00687823 
1.39683e-07 5.51488e-07 2.51989e-06 0.000118411 0.000262982 0.00336742 0.885768 0.0477766 0.0419254 0.020778 
2.78163e-12 8.67902e-11 2.89227e-08 1.19029e-07 1.57703e-06 0.000102487 0.00198305 0.00983697 0.941621 0.0464548 
4.25022e-08 2.63374e-07 2.6122e-06 0.000110282 0.000878755 0.00454726 0.0176716 0.336745 0.626095 0.0139497 
1.1409e-08 2.25558e-07 3.33405e-06 0.000132408 0.00138892 0.00434698 0.019349 0.0390184 0.920068 0.0156932 
1.91934e-12 4.45564e-11 1.48987e-09 1.64577e-08 4.43702e-07 4.52051e-05 0.00126053 0.929196 0.0331141 0.036384 
0.000501219 0.00282736 0.0211072 0.715706 0.148493 0.0871054 0.0200213 0.00373584 0.000482205 1.97876e-05 
2.09011e-13 5.26963e-12 2.77204e-10 2.33928e-09 4.52002e-08 5.88854e-06 0.000116694 0.00147635 0.00535027 0.993051 
1.55598e-05 0.000226077 0.000735061 0.00153214 0.00974372 0.0264717 0.0576092 0.862772 0.0336529 0.00724189 
7.047e-15 1.28377e-13 1.69414e-12 2.26834e-11 6.80935e-10 2.88195e-08 2.15851e-05 6.83357e-05 0.00103325 0.998877 
5.92415e-08 2.33145e-07 1.3343e-06 7.21512e-05 0.00021817 0.00115039 0.00513778 0.0372935 0.923398 0.0327287 
2.0393e-07 8.24e-07 4.34599e-06 0.000207998 0.00103449 0.00404143 0.0246487 0.0551092 0.896927 0.0180256 
1.15638e-07 5.22266e-07 4.09459e-06 0.000247782 0.000993345 0.00372654 0.0154677 0.675298 0.295387 0.00887404 
1.23339e-13 2.67012e-12 6.81132e-11 8.96249e-10 2.71819e-08 1.01977e-06 2.2103e-05 0.000289793 0.0012615 0.998426 
5.70287e-13 1.15573e-11 2.21829e-10 3.57768e-09 1.00222e-07 6.60561e-06 0.000278705 0.000822018 0.0037455 0.995147 
7.58717e-10 1.15674e-08 9.03827e-08 4.60509e-07 1.46432e-05 0.000510485 0.302514 0.199543 0.408153 0.089265 
0.00113629 0.00468619 0.39457 0.220089 0.239739 0.0901961 0.0356848 0.0113583 0.00232888 0.000211578 
2.62394e-06 3.57056e-05 9.56325e-05 0.000740825 0.00342866 0.0129175 0.0440482 0.0664321 0.0412976 0.831001 
4.24986e-12 1.40704e-10 4.97674e-08 2.06723e-07 3.19951e-06 0.000394764 0.00435915 0.0226904 0.403878 0.568674 
2.0964e-07 8.53478e-07 3.97762e-06 0.000217058 0.00029241 0.00214019 0.0105287 0.0290482 0.0373548 0.920414 
3.30481e-20 1.17513e-17 2.75878e-14 1.65557e-13 2.73314e-11 5.05394e-08 2.77059e-06 2.87865e-05 0.000654122 0.999314 
1.66812e-10 2.69134e-09 7.69888e-08 6.16392e-07 2.49138e-05 0.000510751 0.00466232 0.0191383 0.936325 0.0393385 
2.53933e-05 0.00035101 0.00144023 0.00414191 0.0213041 0.0537286 0.0770838 0.825972 0.0140693 0.00188381 
5.09783e-09 8.24015e-08 1.04099e-06 5.93601e-05 0.000416942 0.00311551 0.0095816 0.0290421 0.0331235 0.92466 
4.30536e-09 6.5381e-08 3.10745e-07 1.71525e-06 5.54557e-05 0.00107966 0.00467038 0.0227248 0.956175 0.0152927 
9.84335e-15 1.49669e-12 1.58733e-10 1.14709e-09 2.29185e-08 5.04403e-06 4.61266e-05 0.000347812 0.00222431 0.997377 
1.63356e-12 5.18489e-11 3.55451e-09 2.87949e-08 8.03871e-07 0.000236443 0.00316207 0.0149756 0.943495 0.0381297 
1.31456e-06 1.64513e-05 5.78978e-05 0.000570676 0.00218827 0.00861237 0.0367422 0.0604152 0.884009 0.00738663 
1.06353e-11 1.95335e-10 8.70662e-09 1.09782e-07 2.54775e-06 0.000103125 0.00086675 0.00481615 0.0106931 0.983518 
9.64623e-10 3.54916e-08 6.20105e-07 4.46444e-06 0.000144621 0.00240767 0.0176365 0.0532477 0.863141 0.0634171 
4.78385e-11 8.04225e-10 2.24011e-08 3.54588e-07 7.91245e-06 0.000388812 0.00332819 0.0158473 0.957676 0.0227516 
2.30715e-07 1.09371e-06 9.11174e-06 0.000480508 0.0026024 0.0130854 0.0557887 0.87319 0.0432931 0.0115496 
1.04366e-05 0.000149742 0.000478746 0.00106682 0.00757845 0.0333562 0.873544 0.0552903 0.0224839 0.0060411 
0.000457176 0.00256514 0.0136676 0.639992 0.268858 0.0578692 0.0140186 0.00184643 0.000695711 2.96831e-05 
2.22904e-13 7.51947e-12 5.02053e-10 3.70512e-09 8.11547e-08 1.03209e-05 0.000247419 0.00292568 0.00818785 0.988629 
8.11806e-09 1.41699e-07 2.21226e-06 4.12593e-05 0.00153375 0.00614526 0.0343664 0.895408 0.0432572 0.0192461 
0.000212453 0.00148218 0.01104 0.0401429 0.0918905 0.823381 0.0255781 0.00537449 0.000880072 1.86413e-05 
3.21469e-12 9.32064e-11 2.5518e-08 1.13435e-07 1.77666e-06 0.000264147 0.00291728 0.0138982 0.940893 0.0420252 
9.26957e-08 5.9005e-07 7.45755e-06 0.000206561 0.00129898 0.0533958 0.0211842 0.605822 0.272457 0.0456274 
2.55493e-07 1.18986e-06 9.5746e-06 0.000500965 0.00249741 0.0120822 0.0518618 0.884444 0.0392429 0.00935996 
1.59674e-07 6.24748e-07 2.75909e-06 0.000135181 0.000307861 0.00273735 0.0188458 0.906988 0.0498577 0.0211241 
1.40726e-12 4.01596e-11 1.87723e-09 1.70347e-08 4.23901e-07 4.21618e-05 0.00134275 0.00481995 0.0154386 0.978356 
6.26496e-13 2.20081e-11 1.44935e-09 1.10832e-08 2.43428e-07 2.51747e-05 0.000584599 0.00369813 0.012369 0.983323 
1.876e-07 9.69743e-07 8.17088e-06 0.000432847 0.00219129 0.00981181 0.0408172 0.90052 0.0367954 0.00942219 
5.55331e-09 8.4384e-08 4.43811e-07 3.05235e-06 8.41836e-05 0.0015424 0.00742187 0.035197 0.926306 0.0294453 
1.43102e-23 5.42932e-20 2.67985e-16 1.4693e-13 2.0677e-10 2.54537e-08 4.06362e-05 9.14558e-05 0.00112938 0.998739 
2.42758e-15 5.6299e-14 6.46589e-12 4.27793e-11 9.48913e-10 1.05908e-07 1.3201e-06 0.000108843 0.000207206 0.999683 
1.36031e-09 2.06744e-08 1.03339e-07 6.27805e-07 1.60825e-05 0.000567944 0.00370615 0.0178698 0.947885 0.029954 
3.90386e-06 5.73682e-05 0.000348088 0.00160125 0.248369 0.156219 0.159351 0.427394 0.00583838 0.000818951 
2.00066e-05 0.000279906 0.00217435 0.00874192 0.0381436 0.859649 0.0572073 0.027856 0.00516325 0.000764754 
5.20479e-09 9.16922e-08 7.8748e-07 8.06026e-06 0.000244681 0.00254623 0.00764915 0.0277565 0.943236 0.0185587 
1.85521e-16 4.54415e-15 1.28093e-13 3.36383e-12 5.39382e-10 4.76696e-07 0.000112329 0.00116268 0.977855 0.0208692 
3.62122e-12 8.93228e-11 3.71117e-09 3.52162e-08 9.80171e-07 0.000376175 0.00561976 0.913914 0.0333405 0.0467485 
2.79942e-07 1.33665e-06 1.13219e-05 0.000619049 0.00286491 0.0128139 0.0574016 0.870436 0.0453104 0.0105414 
2.23003e-05 0.000313552 0.00288585 0.0094043 0.0473917 0.806827 0.0787128 0.0446726 0.00868228 0.00108793 
4.10235e-06 5.99403e-05 0.000156672 0.000560604 0.00233255 0.0142107 0.890163 0.0546334 0.0285652 0.00931396 
1.60079e-09 2.42428e-08 9.2158e-08 5.40332e-07 1.38022e-05 0.000336531 0.00158734 0.00688722 0.0172237 0.973951 
0.0138701 0.751902 0.141706 0.062435 0.025727 0.00343276 0.000831754 9.35454e-05 2.61335e-06 1.07097e-07 
1.22231e-12 5.36882e-11 1.8852e-08 7.78753e-08 1.06258e-06 0.0001074 0.00142253 0.00824635 0.0212205 0.969002 
1.71918e-09 2.60938e-08 1.12985e-07 5.49109e-07 1.87937e-05 0.000316377 0.00175767 0.00806708 0.020597 0.969242 
1.10257e-12 3.10025e-11 1.78037e-09 1.38077e-08 2.82178e-07 2.64591e-05 0.000609415 0.00420005 0.0110593 0.984105 
1.66384e-07 9.21452e-07 9.11371e-06 0.000594253 0.00161886 0.00833523 0.0286214 0.0568204 0.0504506 0.853549 
2.88598e-09 5.62573e-08 6.57001e-07 1.19485e-05 0.000175095 0.00293623 0.0207736 0.918707 0.0402695 0.0171255 
1.65304e-07 7.7231e-07 5.79399e-06 0.000285822 0.00188788 0.00721372 0.0271535 0.0578915 0.88145 0.0241104 
2.09674e-13 9.40295e-12 6.9619e-10 4.71666e-09 1.20282e-07 1.37477e-05 0.000406733 0.00212705 0.00704767 0.990405 
4.34156e-07 5.312e-06 0.000209515 0.00181732 0.010732 0.787423 0.0936729 0.0661206 0.0301534 0.00986568 
7.22241e-14 4.04718e-12 3.96664e-10 2.60226e-09 4.91506e-08 7.07179e-06 0.000100551 0.000686991 0.386692 0.612513 
7.82347e-06 7.68646e-05 0.000939491 0.00640508 0.0234725 0.0368502 0.038021 0.888427 0.00525315 0.000546584 
2.00396e-13 1.82185e-11 5.11275e-09 2.30741e-08 3.89199e-07 7.14167e-05 0.00142007 0.931944 0.0283073 0.0382571 
3.17752e-07 1.31513e-06 6.38326e-06 0.000321998 0.000591542 0.00469704 0.0268961 0.906199 0.0416948 0.0195911 
3.59181e-10 7.17963e-09 1.15221e-07 1.10397e-06 3.76859e-05 0.000509412 0.191648 0.596255 0.204045 0.00750369 
3.2964e-05 0.00101243 0.00530278 0.0232633 0.841504 0.0808847 0.0379077 0.00864795 0.00130005 0.000143812 
1.36638e-10 2.42502e-09 1.31151e-07 3.10936e-06 0.00078515 0.00624467 0.915492 0.0335034 0.0279465 0.0160254 
1.13029e-05 0.000182169 0.00219816 0.128279 0.438834 0.352904 0.0429581 0.0274925 0.00620236 0.000938792 
2.02444e-09 3.3717e-08 3.80503e-07 2.52277e-05 3.577e-05 0.000435752 0.00228272 0.00980497 0.956585 0.0308304 
7.6094e-13 3.30534e-11 2.48838e-09 1.7904e-08 3.60186e-07 3.07689e-05 0.0010456 0.00340603 0.00900493 0.986512 
1.50968e-05 0.000139387 0.00195354 0.0124677 0.0501406 0.834747 0.0671362 0.0295336 0.00353121 0.000335994 
1.36827e-13 6.5223e-12 4.87527e-10 3.50168e-09 8.07896e-08 9.26662e-06 0.000193394 0.00150252 0.00408537 0.994209 
3.52815e-11 6.13156e-10 2.24126e-08 2.45843e-07 8.81795e-06 0.000335744 0.00375674 0.0171163 0.920468 0.0583142 
3.45971e-09 6.43091e-08 1.05689e-06 4.71143e-05 0.000378485 0.00220423 0.0111243 0.955552 0.0215442 0.00914808 
1.13567e-05 0.000242639 0.00279676 0.229552 0.56704 0.0480508 0.0832165 0.0652088 0.00343295 0.000448728 
1.35682e-07 7.47592e-07 7.65282e-06 0.000381289 0.00193013 0.00774642 0.0307024 0.920657 0.0307002 0.00787439 
1.36429e-05 0.000169767 0.0025698 0.0138831 0.0579136 0.830192 0.0607251 0.0256973 0.00743456 0.00140081 
2.7464e-10 4.19123e-09 1.82943e-08 9.2596e-08 1.24683e-06 9.0681e-05 0.00160418 0.0075536 0.0232966 0.967454 
5.57592e-06 8.42339e-05 0.000207444 0.000621461 0.00344932 0.0128886 0.86219 0.0774339 0.0351131 0.0080065 
0.000842206 0.00355206 0.0199556 0.0791817 0.739576 0.118545 0.0317348 0.00546844 0.00106674 7.74506e-05 
5.98507e-07 6.86413e-06 2.3713e-05 0.00057968 0.00280063 0.0118414 0.0512084 0.0877947 0.835719 0.0100248 
1.83871e-12 5.44733e-11 2.8178e-09 2.36135e-08 5.9186e-07 4.37175e-05 0.00139113 0.00667891 0.0207218 0.971164 
0.00137081 0.00895008 0.0367232 0.236133 0.596132 0.0851094 0.0272804 0.00626211 0.00193747 0.000101468 
1.67523e-07 6.70951e-07 3.01888e-06 0.000142248 0.000209072 0.00256674 0.0131651 0.477256 0.480558 0.0260987 
2.91925e-05 0.000461922 0.00408096 0.0207756 0.0697999 0.809967 0.0637081 0.0253209 0.00497557 0.000880499 
0.000100233 0.00120043 0.0116163 0.0404602 0.102909 0.752788 0.0662602 0.0211699 0.00336365 0.000131884 
3.22212e-05 0.000401032 0.00584708 0.0320016 0.748477 0.121929 0.0698952 0.0178357 0.00338514 0.00019637 
4.06443e-09 6.17195e-08 3.16456e-07 1.67396e-06 4.75632e-05 0.00165084 0.278684 0.676849 0.027975 0.0147911 
9.32065e-05 0.000769477 0.00470314 0.0208894 0.861518 0.0965248 0.0112218 0.00362438 0.000628847 2.71225e-05 
4.58032e-12 9.31914e-11 2.45801e-09 2.59338e-08 6.76649e-07 4.9321e-05 0.00125577 0.00617695 0.0188999 0.973617 
3.03408e-06 3.46451e-05 0.000213041 0.00125248 0.00958276 0.0409093 0.0753991 0.848147 0.0196702 0.00478891 
1.75677e-11 3.39383e-10 4.72624e-08 2.76097e-07 6.04474e-06 0.000197171 0.00327434 0.0161904 0.936427 0.0439043 
1.21134e-13 1.64625e-11 2.16871e-09 1.30103e-08 1.95139e-07 3.45114e-05 0.000379183 0.00422454 0.0121863 0.983175 
3.46546e-09 5.26978e-08 2.84029e-07 1.52706e-06 6.01054e-05 0.00092022 0.00432172 0.928981 0.0413584 0.0243562 
0.000611869 0.00243108 0.0136519 0.047831 0.464141 0.445728 0.0221245 0.00298665 0.000435529 5.81322e-05 
1.45665e-05 0.000214261 0.000787051 0.00145648 0.0138219 0.844665 0.0698039 0.0520631 0.0135002 0.00367344 
4.05073e-13 1.90679e-11 1.67745e-09 1.3002e-08 3.88543e-07 0.000151758 0.00186486 0.523745 0.317756 0.156482 
2.13128e-05 0.000208729 0.00310201 0.0202597 0.785499 0.102483 0.0638103 0.0212077 0.00311308 0.000295778 
2.11277e-05 0.0003051 0.00152632 0.00781451 0.0593653 0.598472 0.280587 0.0420953 0.00838255 0.00143066 
6.57494e-09 1.01468e-07 7.02638e-07 1.58662e-05 0.000157894 0.00217118 0.0136391 0.92167 0.0421691 0.0201763 
2.14729e-05 0.000315901 0.000916176 0.0018567 0.0133327 0.0479468 0.0783757 0.847004 0.00880656 0.00142372 
1.25774e-06 1.46191e-05 7.05267e-05 0.000849425 0.00453625 0.0268346 0.879039 0.0574429 0.0251273 0.00608383 
2.18127e-07 9.14035e-07 5.00377e-06 0.000290689 0.00049822 0.00267711 0.0141981 0.035782 0.925604 0.020944 
2.33901e-06 2.98291e-05 0.0001278 0.000877789 0.00708143 0.869444 0.069812 0.0412181 0.00958105 0.00182592 
1.8848e-06 2.71631e-05 0.000122556 0.000486944 0.00292297 0.0759778 0.54866 0.351191 0.0166018 0.00400755 
7.55927e-08 1.14124e-06 1.08102e-05 0.000209678 0.00157908 0.00852892 0.897477 0.059085 0.026368 0.00674058 
3.30463e-09 5.02585e-08 3.04134e-07 1.96569e-06 7.12354e-05 0.00108503 0.00471022 0.483298 0.495123 0.0157104 
6.70936e-10 1.03208e-08 1.36515e-07 6.82554e-07 2.3245e-05 0.000983939 0.00920958 0.871964 0.061489 0.056329 
2.56415e-05 0.000381617 0.0013853 0.00321522 0.0185132 0.0625229 0.0885707 0.812559 0.0107172 0.00210943 
7.16542e-11 1.09338e-09 4.70649e-09 3.1727e-08 7.26695e-07 3.60417e-05 0.000663649 0.00367712 0.0121598 0.983463 
0.00230634 0.0258494 0.0781091 0.751449 0.0971697 0.0376463 0.00665802 0.000753055 5.45773e-05 4.09517e-06 
1.29479e-06 1.23384e-05 0.000123635 0.000937399 0.00664583 0.813691 0.0721224 0.0704711 0.0291314 0.00686337 
2.34191e-05 0.000304689 0.00300331 0.0143742 0.0581085 0.0960858 0.804073 0.0187385 0.00471189 0.00057696 
3.08193e-07 1.26602e-06 6.75816e-06 0.00040736 0.000541906 0.00283637 0.0141465 0.030127 0.0354679 0.916465 
6.49647e-14 5.97348e-12 5.87316e-10 3.59989e-09 9.61874e-08 6.87841e-06 0.000201133 0.00121044 0.00373559 0.994846 
6.33117e-17 1.04933e-14 1.81032e-12 7.44913e-12 9.60126e-11 1.56274e-08 7.4466e-07 1.03103e-05 4.73556e-05 0.999942 
2.79137e-06 3.7551e-05 0.00022727 0.00171766 0.0106368 0.037092 0.871235 0.0485147 0.0230355 0.00750059 
1.6199e-06 1.97911e-05 6.98276e-05 0.000745081 0.00400529 0.0200296 0.0498525 0.897726 0.0219352 0.00561487 
5.02577e-14 6.86791e-12 8.88078e-10 5.09062e-09 8.40524e-08 1.14745e-05 0.000139703 0.00126765 0.978205 0.0203765 
3.71871e-18 5.6584e-17 2.54071e-16 1.76462e-15 4.12814e-14 1.10019e-12 1.22892e-11 4.43452e-10 5.7307e-09 1 
1.2384e-05 0.000188739 0.00142732 0.00439443 0.0174808 0.0496799 0.874767 0.0397378 0.0100343 0.00227715 
4.85427e-13 1.54187e-11 1.08441e-09 7.19132e-09 1.31779e-07 9.81876e-06 6.70561e-05 0.000471848 0.00164687 0.997804 
1.2365e-12 2.98359e-11 1.39664e-09 1.26881e-08 2.40129e-07 2.13311e-05 0.000299257 0.00324228 0.0081838 0.988253 
7.53807e-09 1.43735e-07 2.04244e-06 8.38823e-05 0.00106529 0.00439277 0.0849875 0.580723 0.31054 0.0182049 
3.39246e-09 5.15702e-08 2.85e-07 1.60336e-06 5.66351e-05 0.000943556 0.00419622 0.0205432 0.030661 0.943597 
3.30873e-41 2.78477e-37 2.56812e-33 9.15158e-28 1.43676e-23 1.37449e-18 2.82443e-14 3.32884e-10 5.47062e-06 0.999995 
2.67191e-07 1.65997e-06 2.87614e-05 0.00065434 0.00778327 0.850325 0.0524053 0.0575434 0.0251358 0.00612239 
1.98487e-07 8.18523e-07 4.68635e-06 0.000221415 0.000931494 0.00506849 0.0265838 0.480803 0.468217 0.0181686 
4.46719e-10 6.81435e-09 3.65262e-08 1.97603e-07 8.65312e-06 0.0001543 0.00179775 0.0069142 0.0194111 0.971714 
5.35267e-13 2.62573e-11 1.96802e-09 1.35274e-08 3.20347e-07 2.77783e-05 0.00104763 0.00639034 0.954383 0.0381512 
2.22646e-05 0.000330099 0.000969654 0.00167838 0.0146991 0.622132 0.30134 0.0494393 0.00779531 0.001594 
1.06216e-12 3.60554e-11 2.27487e-09 1.78627e-08 4.0881e-07 0.000138627 0.00365992 0.937757 0.0251666 0.0332775 
1.68611e-07 8.57148e-07 7.51565e-06 0.000422305 0.00153761 0.00809904 0.0336091 0.900512 0.0423158 0.0134958 
4.47883e-05 0.000553499 0.00620227 0.399172 0.457445 0.0785225 0.0397846 0.0149653 0.00293294 0.000377193 
2.01395e-05 0.000223002 0.00428408 0.0256859 0.0782797 0.108608 0.762176 0.0169729 0.00360071 0.000149619 
4.47229e-09 7.34153e-08 7.83879e-07 4.87231e-05 0.000108839 0.000928926 0.00394245 0.0146697 0.238329 0.741971 
2.0466e-05 0.00028312 0.0022583 0.00838727 0.204444 0.509879 0.227275 0.0403598 0.00623413 0.000858221 
4.67751e-07 3.88073e-06 2.61106e-05 0.000741513 0.0040086 0.0137388 0.0567384 0.849671 0.0572885 0.017783 
4.08436e-11 7.8883e-10 5.94716e-08 4.669e-07 2.07333e-05 0.000808017 0.00646942 0.0257795 0.94385 0.0230721 
6.65487e-13 1.45244e-11 4.6455e-10 5.00514e-09 1.26334e-07 1.34818e-05 8.9601e-05 0.000820169 0.00273301 0.996344 
0.00859175 0.0628839 0.829206 0.0670412 0.0280895 0.00327737 0.000811591 9.60894e-05 2.5244e-06 1.01596e-07 
1.01236e-05 0.000148831 0.00043254 0.00114863 0.00605969 0.0220906 0.0674974 0.842198 0.0482572 0.0121571 
2.30225e-12 4.58922e-11 1.15253e-09 1.44226e-08 3.53659e-07 2.40342e-05 0.000537048 0.00258756 0.00809971 0.988751 
0.000428587 0.00164148 0.0152141 0.798828 0.109208 0.0617733 0.0109046 0.00130813 0.000686403 7.28018e-06 
1.56858e-05 0.000223502 0.00203257 0.00809525 0.0384267 0.88918 0.0415914 0.0165492 0.00338636 0.00049895 
0.00349314 0.0168004 0.0479979 0.227431 0.684143 0.0183674 0.00166695 9.72287e-05 3.00416e-06 8.57484e-08 
3.18588e-13 5.65676e-12 6.2567e-11 1.11619e-09 2.92345e-08 1.00619e-06 2.32793e-05 9.30996e-05 0.00022956 0.999653 
2.09118e-07 8.52951e-07 4.23752e-06 0.000216828 0.000498812 0.0037026 0.0221409 0.874825 0.0676588 0.0309512 
0.00050996 0.00456127 0.0268793 0.154065 0.115175 0.369318 0.326573 0.00257228 0.00032427 2.13987e-05 
1.22456e-05 0.000137219 0.00275177 0.0136846 0.057186 0.851185 0.0557153 0.0167395 0.00239571 0.000193141 
3.83674e-14 5.42282e-12 6.48286e-10 3.90946e-09 6.27561e-08 1.05133e-05 9.10198e-05 0.000455454 0.00213219 0.997311 
6.21551e-09 1.21696e-07 1.89597e-06 5.27176e-05 0.00117433 0.00445219 0.0188132 0.906885 0.0483274 0.0202934 
1.33218e-05 0.000202091 0.00254583 0.0127592 0.0430304 0.289453 0.224466 0.40875 0.0155729 0.00320742 
1.90367e-12 5.20881e-11 2.75321e-09 2.26294e-08 4.82697e-07 5.20714e-05 0.00091387 0.00582646 0.0182908 0.974916 
7.0342e-13 1.71986e-11 6.99996e-10 6.45649e-09 1.61825e-07 1.47174e-05 0.000494957 0.00405631 0.977294 0.0181394 
1.06521e-12 3.57231e-11 2.26595e-09 1.73639e-08 3.74233e-07 3.86385e-05 0.000985591 0.00520937 0.0165875 0.977178 
5.37531e-11 8.93551e-10 2.93595e-08 2.0048e-07 1.76555e-05 0.000120579 0.00117996 0.00683236 0.0181876 0.973662 
1.33854e-07 6.35914e-07 5.3111e-06 0.000279896 0.00146725 0.00744284 0.908559 0.0529361 0.023948 0.00536121 
2.68339e-44 2.49658e-40 4.24901e-36 6.40577e-29 1.02581e-24 9.90783e-20 1.96605e-15 1.31798e-10 5.79639e-06 0.999994 
1.24488e-11 2.35965e-10 9.0487e-09 7.74469e-08 4.21957e-06 7.85239e-05 0.00181372 0.00816841 0.0240316 0.965903 
7.15788e-06 0.000101992 0.000314129 0.000688989 0.00624407 0.0217624 0.0541067 0.870402 0.0379757 0.00839651 
2.46447e-14 3.51824e-12 4.71739e-10 3.17225e-09 4.21079e-08 1.07486e-05 6.94905e-05 0.000942678 0.00184093 0.997136 
4.85808e-10 7.40821e-09 3.68553e-08 2.15042e-07 9.14209e-06 0.000194566 0.00213143 0.0129679 0.937625 0.0470713 
3.2858e-09 6.0889e-08 5.34137e-07 3.48941e-06 8.82804e-05 0.0024175 0.0172176 0.928308 0.0373222 0.0146426 
2.94953e-12 1.1247e-10 3.64851e-08 1.51895e-07 2.7897e-06 0.000364112 0.00341925 0.0165467 0.936887 0.0427805 
1.67139e-10 2.52601e-09 1.20011e-08 9.91833e-08 3.6546e-06 8.85466e-05 0.00129356 0.00618134 0.018525 0.973908 
2.233e-09 3.40389e-08 2.32423e-07 1.45832e-06 7.40948e-05 0.00103792 0.00778543 0.908315 0.0439557 0.03883 
0.00145199 0.011718 0.0336169 0.122415 0.713712 0.0981291 0.0168276 0.00193799 0.000188412 3.88571e-06 
1.81444e-05 0.000318974 0.00461581 0.641049 0.191304 0.137272 0.0201728 0.00414322 0.00103984 6.65263e-05 
7.37845e-13 1.24685e-11 1.07262e-10 1.46837e-09 4.2335e-08 5.81569e-07 3.60674e-05 0.000121408 0.000257331 0.999585 
1.819e-08 1.98708e-07 2.20601e-06 7.32131e-05 0.000799928 0.00649378 0.027042 0.8909 0.0519472 0.0227414 
1.37593e-13 2.45538e-11 2.54164e-08 9.28544e-08 1.0452e-06 9.60728e-05 0.000659388 0.00503241 0.19028 0.803931 
4.10217e-09 6.23814e-08 3.22055e-07 1.96655e-06 7.29915e-05 0.00129239 0.00645029 0.0295198 0.931165 0.0314967 
1.27747e-05 0.00013056 0.00246383 0.0129792 0.0529061 0.843697 0.060182 0.0232994 0.00387078 0.000458667 
2.04141e-12 6.26453e-11 4.40191e-09 3.26756e-08 7.84434e-07 7.67903e-05 0.00175765 0.00826306 0.942344 0.0475578 
4.57292e-10 7.19106e-09 1.68089e-07 1.21174e-06 7.4774e-05 0.0011603 0.00822403 0.924466 0.0411932 0.0248802 
0.00348688 0.770428 0.0599671 0.0854235 0.0562167 0.021213 0.00281249 0.000395344 5.64652e-05 7.95347e-07 
4.49754e-05 0.000674213 0.00407945 0.0108472 0.0466539 0.106636 0.124442 0.692227 0.0123251 0.00207013 
1.54894e-05 0.000211862 0.00194229 0.0109818 0.432062 0.464184 0.0526308 0.027841 0.0091278 0.0010026 
1.39854e-05 0.000205838 0.000623265 0.000888771 0.00760878 0.0278503 0.0477128 0.90725 0.00680812 0.00103837 
1.19711e-08 1.00082e-07 3.49395e-06 2.68163e-05 0.00121413 0.201648 0.589663 0.169744 0.0255512 0.0121495 
