13997
4.92809e-08 1.036e-06 1.16036e-05 8.7124e-05 0.00168599 0.00880663 0.0443723 0.0942063 0.842316 0.00851309 
5.78969e-08 1.2038e-06 1.25727e-05 0.000187235 0.00358412 0.0277727 0.851901 0.0871294 0.0241472 0.00526456 
1.43619e-08 2.88689e-07 2.61821e-06 1.89524e-05 0.000518908 0.00451084 0.0381142 0.921371 0.0316183 0.00384538 
2.28515e-23 7.61022e-21 6.87884e-18 1.15905e-14 3.93253e-12 2.93392e-09 7.81031e-08 1.44537e-05 0.00169591 0.99829 
5.31824e-10 7.8156e-09 6.0127e-08 5.44615e-07 2.31878e-05 0.000120112 0.00130658 0.00767898 0.926729 0.064142 
5.90673e-06 8.64087e-05 0.000979257 0.00443269 0.0216059 0.333999 0.604189 0.0322003 0.00246715 3.43936e-05 
3.8231e-08 7.41094e-07 1.16252e-05 9.42615e-05 0.0023449 0.018888 0.848793 0.0978964 0.0274856 0.00448524 
1.15031e-12 1.95012e-11 2.96933e-10 5.50661e-09 1.62879e-07 5.15834e-06 7.64566e-05 0.00129034 0.0100787 0.988549 
5.09783e-09 7.84719e-08 6.19689e-07 5.05282e-06 0.000211394 0.000951571 0.00597843 0.336178 0.564789 0.0918851 
2.31041e-05 0.000309896 0.00107586 0.00471156 0.0416717 0.128642 0.781593 0.036752 0.00452201 0.000699524 
1.77906e-09 2.60749e-08 2.31673e-07 1.89145e-06 7.81025e-05 0.000923688 0.00601154 0.0383617 0.925175 0.0294479 
1.25991e-13 1.88256e-12 1.77395e-11 1.87693e-10 9.9575e-09 7.98389e-07 0.000141291 0.000690493 0.00771848 0.991449 
1.02827e-12 1.79413e-11 3.02305e-10 4.12754e-09 1.16345e-07 4.1944e-06 0.000241027 0.00129051 0.0123481 0.986116 
5.56494e-08 1.76921e-06 4.2354e-05 0.0003375 0.00108721 0.00719575 0.0413493 0.92204 0.024396 0.00354995 
5.08491e-05 0.000467798 0.00290165 0.0146069 0.057258 0.442282 0.461888 0.0189627 0.00156092 2.12747e-05 
3.41627e-13 5.86127e-12 9.93462e-11 5.42396e-10 1.86326e-08 5.909e-07 0.000119587 0.00050733 0.00744786 0.991925 
1.23199e-07 2.54278e-06 6.48334e-05 0.000444725 0.00512924 0.0460107 0.883383 0.0562814 0.00710704 0.00157636 
3.77706e-12 6.43029e-11 1.0134e-09 1.18498e-08 3.47489e-07 1.06245e-05 0.000361246 0.00311784 0.0221153 0.974395 
0.000141445 0.000669863 0.0163887 0.34473 0.546326 0.0724897 0.0163786 0.00268066 0.000188106 7.68277e-06 
1.76319e-10 2.66942e-09 2.12635e-08 2.04029e-07 8.70154e-06 0.000353894 0.00289294 0.0255393 0.0680328 0.903172 
1.75066e-07 3.89966e-06 8.90146e-05 0.000704358 0.00598219 0.0496582 0.886089 0.051964 0.00496224 0.00054695 
2.29811e-12 3.77958e-11 5.50436e-10 3.59646e-09 1.25755e-07 2.60317e-06 6.69743e-05 0.000788204 0.00527693 0.993865 
4.69113e-12 8.05323e-11 1.2819e-09 1.72005e-08 4.64846e-07 1.46856e-05 0.000452695 0.00512395 0.0273914 0.967017 
2.39685e-05 0.000386999 0.00189615 0.0208252 0.769693 0.119402 0.0618538 0.0216593 0.00379712 0.000461628 
2.7731e-17 9.50173e-16 6.73529e-14 1.10927e-11 3.15093e-09 5.01971e-07 0.000164565 0.000329144 0.00776028 0.991746 
2.55217e-05 0.000359293 0.00266514 0.0133169 0.0776203 0.819831 0.0731116 0.011089 0.00182092 0.000160417 
4.22325e-09 6.15797e-08 4.99051e-07 4.29915e-06 0.000185659 0.00171853 0.0131481 0.857616 0.0971353 0.0301914 
1.07495e-09 1.57148e-08 1.54958e-07 1.18958e-06 4.7346e-05 0.000476271 0.00422553 0.0297772 0.926639 0.0388337 
4.10488e-08 8.81807e-07 2.69476e-05 0.000181119 0.00269329 0.0216384 0.86581 0.0866831 0.0193265 0.00363937 
2.75929e-09 4.02366e-08 3.31366e-07 2.79887e-06 0.000119604 0.000961161 0.00807406 0.0450053 0.918236 0.0276004 
4.71946e-10 7.07896e-09 5.51994e-08 5.25171e-07 2.35159e-05 0.00148795 0.819855 0.0806719 0.0696046 0.028356 
3.8712e-12 6.66678e-11 1.06669e-09 1.57897e-08 4.30935e-07 1.38205e-05 0.000388005 0.00402654 0.0227033 0.972868 
1.88157e-09 2.74929e-08 2.33096e-07 1.95192e-06 8.23626e-05 0.00097091 0.0122563 0.873888 0.0745839 0.0382158 
4.37299e-10 6.39786e-09 5.75199e-08 4.67106e-07 1.90811e-05 0.00013039 0.00114944 0.00741068 0.902422 0.0888678 
4.18442e-12 7.1797e-11 1.13952e-09 1.61832e-08 4.4471e-07 1.41073e-05 0.000379479 0.00419559 0.913048 0.0823625 
3.87732e-08 7.5873e-07 6.63783e-06 4.75517e-05 0.00137717 0.0104174 0.830289 0.115719 0.0360895 0.00605299 
3.44507e-09 7.12526e-08 7.17237e-07 5.10085e-06 0.000133444 0.00125229 0.00874546 0.0434514 0.919464 0.0269474 
2.5517e-09 3.71785e-08 2.81701e-07 2.49616e-06 0.000109867 0.000737719 0.00487455 0.0346125 0.934241 0.0254212 
1.38185e-09 2.02438e-08 1.58803e-07 1.39626e-06 6.0451e-05 0.000641279 0.00453284 0.0251545 0.914249 0.0553601 
8.80817e-09 1.43639e-07 1.12974e-06 9.1335e-06 0.000363691 0.00133841 0.00742277 0.0325667 0.939979 0.0183188 
0.000288921 0.00472022 0.0404281 0.687214 0.160193 0.0793601 0.0236442 0.00358104 0.000560796 9.33185e-06 
6.84492e-43 1.15341e-38 8.43778e-34 1.0285e-28 4.78927e-24 1.65614e-19 1.99191e-14 1.74683e-09 0.000168993 0.999831 
4.24857e-05 0.000349765 0.00444102 0.019537 0.770884 0.147224 0.0509411 0.00606981 0.00050042 1.09367e-05 
2.56252e-05 0.000441288 0.0039664 0.0319679 0.121237 0.766614 0.0627512 0.010834 0.00213713 2.5117e-05 
0.00527097 0.0463449 0.1664 0.730876 0.047274 0.00365358 0.000169019 1.01832e-05 1.36956e-06 1.35064e-08 
2.63165e-26 6.82922e-23 1.48615e-19 2.62165e-16 1.26958e-14 2.93446e-10 1.65266e-08 7.10368e-06 0.00103644 0.998956 
9.37302e-06 0.000355494 0.00537648 0.287356 0.565624 0.082479 0.0398467 0.016265 0.00238972 0.000298551 
2.28873e-12 3.68744e-11 4.98594e-10 4.02498e-09 1.53588e-07 3.21928e-06 5.87889e-05 0.000908126 0.00441531 0.994614 
3.50624e-12 5.86741e-11 8.75317e-10 1.09689e-08 4.23328e-07 6.31353e-05 0.00039325 0.007435 0.937102 0.0550061 
1.77648e-07 3.52536e-06 6.24585e-05 0.00064064 0.00335102 0.0194768 0.459695 0.49994 0.015593 0.00123738 
1.46621e-12 2.58342e-11 4.37656e-10 7.12854e-09 1.95266e-07 7.78762e-06 0.000377749 0.00476779 0.0203519 0.974495 
4.05968e-12 6.80309e-11 1.03691e-09 1.01128e-08 3.15806e-07 8.32813e-06 0.000163006 0.00238472 0.0157754 0.981668 
2.80848e-12 4.74268e-11 7.27331e-10 8.59183e-09 2.48463e-07 7.29193e-06 0.000126104 0.00470599 0.956594 0.0385661 
2.58589e-08 4.48038e-07 3.47325e-06 2.55973e-05 0.000909848 0.00433108 0.0257973 0.0726846 0.875189 0.0210582 
1.44032e-08 2.85501e-07 2.60338e-06 1.90133e-05 0.000532453 0.00245162 0.0159414 0.0455478 0.921238 0.0142666 
2.94215e-08 5.77401e-07 5.10148e-06 4.12985e-05 0.00128852 0.0128796 0.853588 0.101812 0.0257867 0.00459822 
3.03697e-12 5.0857e-11 7.39991e-10 1.1663e-08 3.21939e-07 1.04895e-05 0.000258067 0.0030484 0.0168823 0.9798 
0.00526922 0.528713 0.159963 0.186196 0.0889665 0.0261663 0.00458626 0.000116987 2.2081e-05 1.44647e-07 
2.16276e-08 3.95111e-07 3.2606e-06 2.38977e-05 0.000768296 0.00309891 0.0179485 0.0508731 0.91309 0.0141934 
3.22324e-12 5.46765e-11 8.48274e-10 1.07621e-08 3.29801e-07 1.40812e-05 0.00114626 0.0129875 0.946569 0.0392832 
2.19701e-05 0.000298141 0.00121003 0.00781499 0.780393 0.134484 0.0576053 0.0155458 0.00242894 0.000197448 
3.36514e-13 5.41028e-12 7.15255e-11 5.40083e-10 2.36997e-08 1.12907e-06 0.000266975 0.0021741 0.0234734 0.974084 
2.80736e-08 4.99896e-07 4.11666e-06 3.09234e-05 0.00105521 0.00741053 0.805837 0.118664 0.0526563 0.0143413 
4.13818e-19 6.22496e-17 1.48582e-14 9.34206e-12 2.89836e-09 4.5662e-07 0.000153947 0.000452388 0.00861008 0.990783 
0.000488622 0.00593301 0.0492474 0.650542 0.191447 0.0828118 0.01778 0.00121475 0.000533102 2.91755e-06 
1.4876e-08 2.50063e-07 1.97786e-06 1.52538e-05 0.000566744 0.00327532 0.0217387 0.0664331 0.882409 0.0255592 
9.04977e-08 1.70857e-06 2.18076e-05 0.000214171 0.00284568 0.0239483 0.876109 0.0770227 0.017396 0.00244081 
3.44105e-09 5.01919e-08 4.07986e-07 3.47106e-06 0.000148344 0.000881364 0.00556243 0.0307088 0.918927 0.0437686 
5.38217e-07 8.25272e-06 0.00010145 0.0010572 0.00470009 0.0224162 0.0795142 0.869609 0.0210416 0.00155128 
6.06088e-08 1.06369e-06 2.29868e-05 0.00016995 0.0031535 0.0263179 0.44237 0.517378 0.0089285 0.00165804 
4.19424e-12 7.33999e-11 1.22727e-09 1.81711e-08 4.97369e-07 1.90412e-05 0.00113196 0.0147665 0.919253 0.0648289 
1.43727e-05 0.000219556 0.00391391 0.0189456 0.0784255 0.818441 0.0676665 0.0104671 0.00188345 2.29533e-05 
1.84908e-08 3.06845e-07 2.34852e-06 1.78311e-05 0.000658482 0.00187323 0.0110517 0.0461433 0.912984 0.0272685 
4.03068e-08 7.48401e-07 6.97631e-06 5.38267e-05 0.00170681 0.0216852 0.853532 0.0921321 0.0260968 0.00478564 
7.01572e-10 1.02192e-08 8.28194e-08 7.0832e-07 3.05704e-05 0.000233388 0.00145293 0.00766704 0.0238122 0.966803 
8.65285e-08 1.90148e-06 3.9111e-05 0.000311783 0.00294928 0.0287459 0.869618 0.0752129 0.0197403 0.00338028 
0.000151772 0.00174455 0.00780108 0.047024 0.135857 0.755298 0.0440282 0.00626657 0.00181664 1.263e-05 
3.13501e-09 4.56718e-08 3.41491e-07 3.05476e-06 0.000134279 0.000556337 0.00338949 0.0151105 0.0414953 0.939311 
1.73895e-12 3.00285e-11 4.87635e-10 6.76274e-09 1.86915e-07 6.88991e-06 0.00023715 0.00261509 0.0170728 0.980068 
9.40658e-13 1.79303e-11 3.54663e-10 7.19914e-09 1.75703e-07 6.27634e-06 0.000147185 0.00308024 0.383442 0.613324 
1.23249e-08 2.26729e-07 1.97436e-06 1.48519e-05 0.000469561 0.00196302 0.0118839 0.312317 0.647994 0.0253558 
2.38709e-12 4.08929e-11 6.32413e-10 1.06741e-08 2.7904e-07 8.8558e-06 0.000243807 0.00246768 0.0153643 0.981915 
2.26925e-09 3.30089e-08 2.37626e-07 2.17069e-06 9.76183e-05 0.000659237 0.00417986 0.0253843 0.0623895 0.907287 
1.74567e-07 4.08289e-06 0.000112185 0.000676026 0.00449717 0.0315442 0.850494 0.0920482 0.0173721 0.00325144 
1.08934e-12 1.85997e-11 2.83453e-10 5.20639e-09 1.39087e-07 4.74336e-06 0.000179544 0.00150291 0.010434 0.987879 
4.3597e-08 8.40341e-07 8.43086e-06 5.35027e-05 0.00154376 0.00797206 0.827717 0.119308 0.0369678 0.00642893 
2.8889e-09 4.28277e-08 3.51211e-07 2.97291e-06 0.000120645 0.00120964 0.011482 0.88611 0.0772784 0.0237964 
2.19543e-32 5.74904e-29 1.25339e-25 2.21075e-22 2.06875e-20 2.26248e-16 1.73984e-12 3.15936e-08 0.000376225 0.999624 
7.7995e-10 1.13783e-08 8.96335e-08 7.85807e-07 3.36769e-05 0.000140597 0.0009861 0.00977678 0.91221 0.0768524 
2.38082e-12 4.16544e-11 7.38723e-10 1.38438e-08 5.37918e-07 8.55803e-05 0.000849751 0.0147939 0.950068 0.0342026 
5.14566e-13 8.29591e-12 1.11867e-10 8.53078e-10 3.03734e-08 6.26118e-07 1.23165e-05 0.000241977 0.00527323 0.994472 
4.05171e-09 6.11037e-08 4.95384e-07 4.27555e-06 0.000179455 0.0031824 0.0291361 0.889845 0.0583844 0.0192673 
4.44728e-08 1.38489e-06 3.64759e-05 0.00145063 0.0227835 0.774794 0.0668881 0.0805865 0.0410746 0.0123844 
0.000588502 0.00347706 0.0163685 0.0837246 0.190792 0.678634 0.0234555 0.00233843 0.000616768 4.42312e-06 
6.92408e-13 1.3092e-11 2.50643e-10 5.68636e-09 1.38009e-07 4.48024e-06 6.81274e-05 0.000738272 0.00500141 0.994188 
5.85716e-12 1.00462e-10 1.63278e-09 2.32299e-08 6.57041e-07 3.39038e-05 0.000990093 0.00723916 0.0322806 0.959456 
4.24927e-05 0.000685053 0.00518815 0.0270174 0.0910072 0.814094 0.0539637 0.00679653 0.00118968 1.60725e-05 
8.41102e-08 2.20275e-06 4.59493e-05 0.000384556 0.00165377 0.0103796 0.0449001 0.86712 0.0642197 0.0112943 
0.000135205 0.00157732 0.0118242 0.0620352 0.145238 0.742216 0.0327298 0.00374225 0.00049481 7.34745e-06 
0.00322192 0.0241664 0.0872532 0.646787 0.167733 0.0603413 0.00979166 0.00059547 0.000109158 4.93268e-07 
0.0022928 0.0173491 0.518944 0.234906 0.157865 0.0578191 0.0097492 0.000861114 0.000212457 9.41305e-07 
2.5188e-09 3.67185e-08 3.07974e-07 2.57149e-06 0.000109539 0.00099921 0.00813648 0.844237 0.108568 0.0379464 
1.95797e-09 2.86348e-08 2.36955e-07 2.00843e-06 8.47652e-05 0.000601267 0.00393057 0.0276117 0.925027 0.0427423 
4.0915e-12 6.95205e-11 1.07926e-09 1.41161e-08 4.83926e-07 5.86152e-05 0.000719836 0.00596609 0.932293 0.0609618 
1.00828e-05 0.000324826 0.00607365 0.0242845 0.120982 0.207638 0.601684 0.0335727 0.00475709 0.000673563 
2.78547e-05 0.000442699 0.0021375 0.0220464 0.747683 0.136974 0.0627762 0.0230459 0.00435871 0.000508161 
1.08527e-10 1.69359e-09 1.45825e-08 1.39818e-07 5.86033e-06 0.000494554 0.00374564 0.0697638 0.726376 0.199614 
4.54062e-09 9.95941e-08 1.00969e-06 7.34764e-06 0.000169875 0.00141615 0.0116098 0.0489619 0.912496 0.0253381 
2.45587e-09 3.58307e-08 2.87333e-07 2.46805e-06 0.000106337 0.000820559 0.00517817 0.034801 0.934049 0.0250425 
0.00626258 0.547233 0.155501 0.151918 0.0979441 0.0352792 0.0054926 0.000276285 9.23186e-05 3.76262e-07 
2.56764e-14 2.57063e-12 1.11748e-10 5.7178e-09 1.21026e-07 6.07197e-06 0.000262541 0.00228844 0.016601 0.980842 
3.21768e-12 5.58942e-11 9.18242e-10 1.334e-08 3.60376e-07 1.14858e-05 0.000267743 0.00308645 0.0190176 0.977616 
2.40313e-12 4.15309e-11 6.75571e-10 9.45258e-09 2.58849e-07 7.95446e-06 0.000129352 0.00217299 0.0145906 0.983099 
2.05816e-07 4.61285e-06 0.000105859 0.000773945 0.0063973 0.0487574 0.843279 0.0818399 0.0165499 0.00229182 
2.70959e-09 3.96421e-08 3.30894e-07 2.78204e-06 0.000117442 0.000964775 0.00565941 0.034175 0.925915 0.033165 
8.35195e-09 1.49757e-07 1.19212e-06 8.77164e-06 0.00031402 0.00246941 0.0203733 0.0561278 0.905403 0.015302 
1.07896e-25 2.75224e-22 5.97137e-19 1.06191e-15 7.251e-14 1.07794e-09 6.35524e-08 3.96419e-05 0.00242432 0.997536 
4.1361e-06 0.000159367 0.00543323 0.039283 0.719401 0.0940237 0.0770912 0.0491412 0.0125598 0.00290333 
2.11501e-09 3.08475e-08 2.3828e-07 2.09337e-06 9.12939e-05 0.000634268 0.00446204 0.0281238 0.499871 0.466815 
0.000220385 0.000925399 0.0150264 0.281097 0.462431 0.216335 0.0202543 0.00323233 0.000470767 7.57397e-06 
2.03205e-09 2.96444e-08 2.31437e-07 2.02984e-06 8.93361e-05 0.00114196 0.0107758 0.0422873 0.926944 0.0187591 
8.02797e-10 1.1841e-08 1.234e-07 9.45006e-07 3.70812e-05 0.00104079 0.0128147 0.0636872 0.883187 0.0392321 
5.23181e-13 8.89988e-12 1.38584e-10 2.01213e-09 5.85877e-08 2.35919e-06 0.000130553 0.00107699 0.01019 0.9886 
6.06149e-09 9.14555e-08 7.22281e-07 6.02905e-06 0.0002535 0.00136634 0.008349 0.0481004 0.909305 0.0326189 
1.02548e-08 2.00637e-07 1.76814e-06 1.2643e-05 0.000358007 0.00180003 0.0106741 0.0482801 0.910167 0.0287059 
4.01336e-09 6.09652e-08 5.14176e-07 4.53715e-06 0.000180776 0.00196034 0.012928 0.0535377 0.904368 0.0270202 
3.38246e-12 5.76042e-11 9.01992e-10 1.12725e-08 3.1396e-07 9.43384e-06 0.000266061 0.00275232 0.012982 0.98399 
2.36796e-08 4.74686e-07 4.3629e-06 3.17291e-05 0.000861633 0.00545445 0.0384781 0.892553 0.0522203 0.0103962 
5.7902e-05 0.000519751 0.00297761 0.0130833 0.0721781 0.816786 0.076951 0.0153051 0.00211826 2.32548e-05 
4.49923e-09 6.55865e-08 5.24193e-07 4.49196e-06 0.000193482 0.00111121 0.00636456 0.0413935 0.918248 0.0326843 
1.648e-05 0.000228519 0.00165326 0.00696125 0.0485565 0.853745 0.0688609 0.0177109 0.0021051 0.000161928 
1.13234e-08 2.67094e-07 2.77328e-06 1.91985e-05 0.000354348 0.00456393 0.0361329 0.915276 0.036398 0.00725222 
4.85912e-27 1.03681e-23 2.15836e-20 3.92798e-17 8.17714e-15 6.66756e-12 3.60956e-09 4.35214e-06 0.000450764 0.999545 
1.46183e-12 2.47098e-11 3.94966e-10 2.74697e-09 9.62616e-08 1.98963e-06 4.54777e-05 0.000621668 0.00450201 0.994829 
6.29602e-10 9.19154e-09 7.25071e-08 6.38929e-07 2.75364e-05 0.000233838 0.00253397 0.0230224 0.922765 0.0514166 
2.68166e-12 4.6549e-11 7.61531e-10 9.72494e-09 2.46883e-07 6.54215e-06 0.00016519 0.00165117 0.96465 0.033527 
9.84125e-13 1.6454e-11 2.48219e-10 2.48679e-09 8.19208e-08 2.69135e-06 0.000274047 0.00468424 0.963022 0.0320169 
1.3117e-24 2.03197e-21 4.05466e-18 7.31545e-15 1.7442e-12 2.4645e-09 1.89543e-07 7.0281e-05 0.00556211 0.994367 
2.28071e-05 0.00042338 0.00379749 0.103083 0.677407 0.164333 0.0386591 0.0103769 0.00178225 0.000114814 
0.00606871 0.0718174 0.797637 0.0969424 0.0248699 0.0025349 0.000120282 8.13554e-06 1.1411e-06 1.11885e-08 
3.15227e-08 6.25411e-07 5.52169e-06 3.98641e-05 0.00119186 0.00929096 0.0548129 0.892644 0.0367707 0.00524314 
1.34842e-09 1.96379e-08 1.68298e-07 1.39233e-06 5.84599e-05 0.000383755 0.00320647 0.0273348 0.936585 0.0324296 
8.66577e-08 1.68182e-06 4.27744e-05 0.000331931 0.00491173 0.403016 0.519566 0.0594801 0.0104739 0.00217569 
3.47907e-10 5.11673e-09 5.6297e-08 4.17571e-07 1.63149e-05 0.000479708 0.00440472 0.461431 0.500169 0.0334983 
3.18722e-09 4.64278e-08 3.41123e-07 3.07785e-06 0.000136289 0.000614113 0.00307056 0.014285 0.917017 0.0648737 
0.00470323 0.0599951 0.719127 0.155643 0.0538512 0.0062549 0.000386623 3.14409e-05 8.20313e-06 5.56556e-08 
1.93699e-12 3.45371e-11 6.0428e-10 1.00084e-08 2.65739e-07 9.83187e-06 0.000290266 0.00283825 0.940959 0.0559021 
2.68836e-12 4.79651e-11 8.29698e-10 1.62162e-08 5.47644e-07 7.95282e-05 0.000742866 0.00660737 0.930916 0.0616534 
3.13561e-08 6.03166e-07 5.19813e-06 3.72458e-05 0.00110624 0.0047073 0.0301791 0.0779437 0.869253 0.0167674 
1.91137e-06 2.82861e-05 0.000272958 0.00367171 0.0421005 0.45525 0.431929 0.0475834 0.0152373 0.00392498 
0.00134792 0.00970771 0.0564385 0.180874 0.65418 0.082384 0.0136379 0.0010911 0.000336829 1.51649e-06 
2.39437e-05 0.000318227 0.000884803 0.00288906 0.0162174 0.0666601 0.846816 0.056953 0.00771053 0.00152702 
3.05525e-09 4.46139e-08 3.47802e-07 3.23085e-06 0.000141676 0.00256577 0.0236533 0.907731 0.044707 0.0211977 
8.01298e-08 2.23194e-06 6.85523e-05 0.000415069 0.00251679 0.0256593 0.0919291 0.852716 0.0228844 0.00380819 
2.98934e-10 4.40696e-09 5.61057e-08 3.76441e-07 1.3545e-05 0.000284598 0.0031859 0.0290015 0.928832 0.0386824 
2.97375e-28 7.39682e-25 1.61316e-21 3.17237e-18 8.1742e-16 2.03055e-12 2.91087e-09 1.0319e-06 0.00200141 0.997998 
5.26749e-12 8.99476e-11 1.41243e-09 1.9114e-08 5.31503e-07 1.60296e-05 0.000378671 0.00431837 0.0257991 0.969487 
1.83823e-05 0.00026332 0.00239508 0.0132224 0.493237 0.409085 0.06595 0.0129674 0.00241555 0.000446239 
1.12596e-13 4.71361e-12 1.66039e-10 7.89009e-09 1.65219e-07 7.39222e-06 0.000286057 0.0023829 0.0181439 0.97918 
1.2377e-09 1.80637e-08 1.41728e-07 1.23816e-06 5.38369e-05 0.000477781 0.00409003 0.0264966 0.643009 0.325872 
5.09255e-10 7.50046e-09 6.75392e-08 5.56297e-07 2.30206e-05 0.000491018 0.00437902 0.0316858 0.927793 0.0356279 
3.01471e-08 5.97806e-07 7.26121e-06 0.000112782 0.0025728 0.0233267 0.900367 0.0546948 0.0156804 0.00323737 
2.27116e-09 3.3885e-08 2.81917e-07 9.77946e-06 0.000471076 0.0132749 0.128276 0.525631 0.168555 0.163782 
4.58199e-12 7.70691e-11 1.17474e-09 1.33438e-08 3.98049e-07 1.15111e-05 0.00028009 0.00319364 0.0194373 0.977077 
3.28444e-09 4.79188e-08 3.88168e-07 3.31642e-06 0.000142758 0.0013562 0.013287 0.0653019 0.887078 0.0328308 
5.054e-12 8.9074e-11 1.57884e-09 2.93195e-08 1.29718e-06 0.000288872 0.00288642 0.0203924 0.0557536 0.920677 
1.46126e-08 2.91753e-07 2.72171e-06 1.99178e-05 0.000538222 0.00241783 0.0147545 0.0438952 0.911819 0.0265518 
2.06845e-27 5.09286e-24 1.10264e-20 2.0812e-17 3.67724e-15 9.80733e-12 1.89134e-09 9.03009e-07 0.00131052 0.998689 
4.57605e-12 7.77113e-11 1.20742e-09 1.54301e-08 4.40955e-07 1.30885e-05 0.000376824 0.00395752 0.0248468 0.970805 
4.68404e-12 8.02584e-11 1.26887e-09 1.80288e-08 4.96175e-07 1.5474e-05 0.00037774 0.00419685 0.0247315 0.970678 
1.01047e-12 1.73194e-11 2.88309e-10 1.56086e-09 4.82688e-08 7.06671e-07 2.05212e-05 0.00019405 0.00400434 0.99578 
0.0651011 0.392787 0.248085 0.19796 0.0757712 0.0171994 0.00301568 6.64756e-05 1.35561e-05 8.9352e-08 
6.19251e-12 1.06602e-10 1.54166e-09 2.04292e-08 5.81123e-07 3.09389e-05 0.000364572 0.00457534 0.0237362 0.971292 
1.01898e-09 1.48148e-08 1.09841e-07 9.92504e-07 4.37267e-05 0.000117294 0.000961913 0.00741996 0.0287535 0.962703 
4.01473e-12 6.82485e-11 1.06442e-09 1.3357e-08 3.82336e-07 1.14077e-05 0.000347275 0.00331337 0.0213077 0.97502 
5.69685e-08 9.68639e-07 8.56713e-06 0.000107197 0.00212496 0.0260884 0.858694 0.0836296 0.0257796 0.00356676 
0.00428593 0.0325978 0.152416 0.698757 0.0917194 0.0164019 0.0037362 7.02432e-05 1.55163e-05 1.02356e-07 
1.72248e-08 3.29745e-07 2.90697e-06 2.11059e-05 0.000600223 0.00331311 0.0190488 0.0538728 0.904135 0.0190057 
3.9529e-08 7.66537e-07 6.70661e-06 0.000115062 0.00885259 0.784012 0.0777393 0.09294 0.0306983 0.00563548 
3.52322e-09 5.13879e-08 4.16459e-07 3.54495e-06 0.00015181 0.000960772 0.0065572 0.461879 0.497104 0.0333429 
9.43757e-06 0.000132566 0.000871639 0.00613161 0.707049 0.159752 0.0894443 0.0319376 0.00405945 0.00061259 
3.77607e-09 5.4996e-08 4.16486e-07 3.69344e-06 0.000162701 0.00180626 0.842437 0.057646 0.0640795 0.0338646 
1.07422e-18 1.30479e-16 1.41186e-14 1.98156e-12 3.59514e-10 1.17714e-07 2.09191e-05 0.000250911 0.0026436 0.997084 
3.07414e-05 0.00042059 0.00230535 0.00981886 0.0619656 0.853762 0.0603453 0.00992277 0.00140915 1.97655e-05 
1.68796e-07 3.8686e-06 0.000100554 0.00084552 0.0144794 0.598178 0.330521 0.0502719 0.00505824 0.000541386 
2.39093e-09 3.75142e-08 3.80516e-07 3.8336e-05 0.00385336 0.430255 0.0477459 0.474566 0.0329276 0.010613 
8.33311e-07 1.33578e-05 0.000149096 0.00133361 0.0125292 0.0654547 0.856772 0.0553316 0.00733794 0.00107722 
2.68844e-12 4.64263e-11 7.6701e-10 1.17348e-08 5.25488e-07 9.77198e-05 0.000924653 0.00903038 0.543158 0.446789 
9.69738e-10 1.41244e-08 1.20278e-07 1.00617e-06 4.29536e-05 0.000514948 0.00381389 0.0274563 0.910516 0.0576547 
2.40416e-12 4.14474e-11 6.64725e-10 1.02422e-08 2.86227e-07 9.57137e-06 0.000286897 0.00305043 0.0194935 0.977159 
3.9111e-07 8.37052e-06 0.000161583 0.00145626 0.114832 0.455704 0.367296 0.0540311 0.00564246 0.000868937 
0.000553592 0.00290669 0.0121794 0.0758454 0.757915 0.114318 0.0305892 0.00424464 0.00144194 5.32418e-06 
1.96332e-12 3.03779e-11 3.40627e-10 2.86678e-09 1.12356e-07 2.42909e-06 3.91839e-05 0.000735001 0.00378618 0.995437 
3.58355e-09 5.22481e-08 4.14665e-07 3.57184e-06 0.000154002 0.000843376 0.00578726 0.0348612 0.920748 0.0376019 
0.00040159 0.00520405 0.0484878 0.741496 0.135462 0.0554101 0.0116691 0.00151192 0.000353964 3.46696e-06 
8.90113e-12 1.54068e-10 1.86522e-09 2.44414e-08 7.22271e-07 3.21125e-05 0.000562704 0.00473357 0.0228562 0.971815 
1.80927e-07 4.0158e-06 0.00010356 0.000752758 0.00621265 0.04488 0.100413 0.838648 0.00830635 0.000679817 
1.07164e-09 1.56619e-08 1.26942e-07 1.09807e-06 4.70369e-05 0.000453568 0.0032707 0.0697584 0.798892 0.127577 
2.26584e-19 1.59079e-17 7.09717e-16 2.97089e-14 1.55752e-12 2.22932e-10 2.58355e-09 1.15641e-07 0.0002513 0.999749 
9.70454e-10 1.42286e-08 1.18914e-07 1.12087e-06 4.74235e-05 0.000963626 0.00993807 0.240202 0.715748 0.0330996 
3.00515e-08 6.05163e-07 5.45152e-06 4.28809e-05 0.00130226 0.0200397 0.854001 0.0917863 0.027919 0.00490279 
1.64235e-12 2.96894e-11 5.22256e-10 1.02993e-08 2.58191e-07 9.2697e-06 0.000253154 0.00291951 0.0189274 0.97789 
2.81892e-08 5.00775e-07 4.01282e-06 2.96353e-05 0.00101618 0.00526689 0.0405064 0.908604 0.0365166 0.00805596 
3.95058e-12 6.7272e-11 1.15549e-09 1.7869e-08 1.12473e-06 0.00027914 0.00245676 0.0189838 0.941532 0.0367474 
2.43985e-09 3.55039e-08 2.66136e-07 2.3699e-06 0.000104247 0.00029209 0.00242412 0.0150705 0.929984 0.0521221 
1.43935e-07 3.18481e-06 7.19739e-05 0.000519151 0.0035689 0.0242696 0.0656502 0.874441 0.0289171 0.00255921 
0.00269496 0.0198125 0.0987288 0.672265 0.155378 0.0446282 0.006293 0.000171039 2.90599e-05 1.88486e-07 
3.55434e-08 6.79478e-07 5.82628e-06 4.16413e-05 0.00124608 0.0067164 0.0472115 0.900499 0.037631 0.00664831 
1.00344e-10 1.53426e-09 1.25305e-08 1.21783e-07 4.84924e-06 0.000233449 0.00105577 0.00595945 0.0248082 0.967938 
1.95839e-07 4.10315e-06 0.000100761 0.000828113 0.0176912 0.823465 0.106328 0.0460019 0.00496745 0.000612533 
3.02549e-09 4.40844e-08 3.45752e-07 2.99361e-06 0.000129494 0.000538674 0.00330249 0.0183635 0.919404 0.0582589 
2.31855e-12 3.70684e-11 4.72667e-10 4.71757e-09 1.61311e-07 5.08481e-06 0.000253403 0.00298269 0.0183288 0.97843 
1.61886e-07 3.48415e-06 7.93325e-05 0.00064239 0.00599697 0.0436085 0.100418 0.841541 0.00709871 0.000611577 
1.94101e-09 2.83169e-08 2.10717e-07 1.89061e-06 8.35802e-05 0.00059509 0.00488685 0.463435 0.490784 0.040213 
1.80972e-12 3.11464e-11 4.93392e-10 7.71773e-09 2.35752e-07 1.32747e-05 0.00108006 0.00912505 0.945523 0.0442584 
1.32616e-09 1.93618e-08 1.45366e-07 1.30318e-06 5.70802e-05 0.000358308 0.00166764 0.0107747 0.927721 0.0594202 
4.84797e-15 7.51524e-14 9.08988e-13 8.72936e-12 3.7743e-10 3.72898e-08 1.7518e-06 6.59648e-05 0.00405938 0.995873 
6.52489e-12 1.19667e-10 1.67078e-09 2.33406e-08 1.48758e-06 0.000463764 0.00506673 0.88859 0.0695769 0.0363007 
2.53084e-13 4.17523e-12 6.11522e-11 5.11769e-10 1.73994e-08 3.85478e-07 7.05442e-06 0.000116636 0.00129573 0.99858 
2.18783e-12 3.86209e-11 6.49439e-10 1.13559e-08 2.91678e-07 1.02158e-05 0.00027586 0.00296933 0.015227 0.981517 
1.63737e-46 1.02591e-41 1.51193e-36 3.21743e-31 3.74429e-26 5.81393e-21 2.14064e-15 4.80346e-10 4.89195e-05 0.999951 
2.16783e-13 5.02248e-12 1.1811e-10 5.06189e-09 1.1166e-07 5.43072e-06 0.000255454 0.00235797 0.935681 0.0617001 
4.96452e-06 7.27689e-05 0.000681059 0.00505382 0.040477 0.83753 0.0887748 0.0247701 0.00246134 0.000174327 
1.17816e-05 0.000161987 0.000768273 0.0036219 0.0199132 0.0641917 0.87303 0.0345488 0.00339696 0.000355189 
2.28409e-12 4.01485e-11 6.69711e-10 1.13579e-08 2.92423e-07 9.74198e-06 0.000248441 0.0036377 0.93096 0.0651438 
0.00275431 0.0197406 0.0804585 0.19795 0.641388 0.0523382 0.00519588 0.000148882 2.48948e-05 1.62741e-07 
2.23827e-10 3.31756e-09 5.30516e-08 3.29469e-07 1.09365e-05 0.000381961 0.00287774 0.406288 0.552875 0.0375663 
3.29252e-09 4.79276e-08 3.56435e-07 3.19354e-06 0.000141163 0.000564969 0.00347519 0.0174813 0.0559461 0.922388 
5.8413e-05 0.0020736 0.0131234 0.0691268 0.783463 0.084624 0.0326165 0.0130536 0.00165235 0.000208577 
0.0561916 0.821421 0.106013 0.01497 0.00122392 0.000170648 8.25414e-06 8.06997e-07 1.00355e-07 7.15872e-10 
3.50358e-17 2.8671e-15 1.26257e-13 6.23804e-12 3.75441e-10 9.92255e-08 2.06826e-06 0.000213029 0.00903424 0.990751 
3.23869e-12 5.51519e-11 8.53619e-10 1.19385e-08 3.89441e-07 4.50071e-05 0.000963903 0.0106271 0.0353187 0.953045 
5.76502e-05 0.000768259 0.00620482 0.0501689 0.751813 0.126851 0.052463 0.00969757 0.00195341 2.22035e-05 
6.77076e-07 1.06066e-05 0.000165466 0.00138237 0.00684356 0.0474383 0.854277 0.0761266 0.0127824 0.000973403 
1.14034e-05 0.000158254 0.00111277 0.00525375 0.0437307 0.857437 0.0706471 0.0194413 0.00209601 0.000112136 
5.07517e-13 8.3805e-12 1.24023e-10 8.9712e-10 3.2459e-08 6.41343e-07 7.5266e-06 0.000132223 0.00451365 0.995346 
4.87607e-09 9.31439e-08 8.10128e-07 5.89481e-06 0.000186817 0.00293846 0.0268598 0.922806 0.0371812 0.0100211 
2.74147e-09 3.99912e-08 3.20696e-07 2.77983e-06 0.000121567 0.0015921 0.0179545 0.906638 0.0551184 0.0185719 
1.68104e-08 3.02647e-07 2.42246e-06 1.7476e-05 0.00058395 0.00192642 0.0097662 0.03461 0.924109 0.0289841 
4.01871e-12 6.89848e-11 1.09611e-09 1.55729e-08 4.29051e-07 1.38737e-05 0.000412041 0.00402876 0.0257963 0.969749 
6.9873e-06 9.70536e-05 0.000537604 0.00196219 0.0119745 0.160779 0.763204 0.0536472 0.0069171 0.000874325 
9.1603e-13 1.45057e-11 1.81405e-10 1.1776e-09 4.21553e-08 5.64998e-07 8.53629e-06 0.000151182 0.00278514 0.997055 
3.42128e-12 5.72556e-11 8.52185e-10 1.04754e-08 3.39521e-07 1.7996e-05 0.00138306 0.0183473 0.931628 0.0486236 
3.2221e-08 5.99223e-07 5.00835e-06 3.63291e-05 0.00114 0.00468666 0.031776 0.0831932 0.867711 0.0114511 
2.65453e-08 5.33043e-07 4.72228e-06 3.31536e-05 0.000922028 0.00904643 0.85383 0.0962603 0.0329602 0.00694308 
4.28659e-12 7.2444e-11 1.11279e-09 1.38734e-08 4.1021e-07 1.48735e-05 0.000527269 0.00413234 0.0238663 0.971459 
5.09686e-27 1.32855e-23 2.8923e-20 5.07097e-17 1.82985e-15 6.25105e-11 2.72339e-09 1.40523e-06 0.000595688 0.999403 
4.58159e-12 7.7229e-11 1.17839e-09 1.41356e-08 4.09398e-07 1.12313e-05 0.000226674 0.00411186 0.0293961 0.966254 
5.15526e-09 8.77464e-08 7.74622e-07 6.27088e-06 0.000213759 0.00320452 0.0296295 0.900868 0.0497289 0.0163487 
2.94247e-13 7.78068e-12 2.14601e-10 8.29491e-09 1.77937e-07 7.70591e-06 0.000228597 0.00224866 0.0163234 0.981191 
1.08585e-07 2.54848e-06 7.0169e-05 0.000477357 0.00316453 0.0244896 0.0758003 0.878714 0.0160677 0.00121341 
2.21083e-08 4.3109e-07 3.89686e-06 3.28442e-05 0.00103119 0.0128785 0.0680939 0.893581 0.0209359 0.00344266 
4.85024e-11 7.88459e-10 5.10563e-08 2.20519e-07 4.22728e-06 0.000825765 0.0109197 0.881764 0.0747334 0.0317529 
1.19791e-07 2.18817e-06 6.21589e-05 0.000370344 0.00554385 0.0364741 0.0918613 0.8358 0.0272368 0.00264862 
5.22757e-12 9.11355e-11 1.7233e-09 1.67085e-08 8.35571e-07 0.000127156 0.00112608 0.00794373 0.030097 0.960705 
1.9535e-12 3.20708e-11 4.60822e-10 3.27348e-09 1.18055e-07 2.21423e-06 2.77531e-05 0.000462967 0.00398251 0.995524 
2.00807e-08 4.09411e-07 3.74454e-06 2.66694e-05 0.000747282 0.0121166 0.811274 0.0959224 0.0599403 0.0199689 
7.67021e-27 1.98558e-23 4.31799e-20 7.60658e-17 3.50011e-15 8.15977e-11 4.33165e-09 2.16898e-06 0.000558357 0.999439 
4.44414e-12 7.75055e-11 1.32069e-09 2.33751e-08 8.06275e-07 0.000108354 0.00193724 0.0197956 0.922122 0.0560357 
4.70045e-09 6.84744e-08 5.24864e-07 4.61393e-06 0.000201547 0.000944985 0.00483673 0.023713 0.049798 0.9205 
1.28319e-11 2.18102e-10 2.41044e-09 2.33226e-08 7.53109e-07 5.95477e-05 0.000689642 0.00984 0.940973 0.0484367 
3.23499e-07 6.51351e-06 0.000131681 0.00111218 0.0153892 0.436348 0.515851 0.0284153 0.00249279 0.000253858 
6.59852e-10 9.7334e-09 1.20381e-07 8.39392e-07 3.03107e-05 0.000549176 0.00473997 0.0361707 0.918953 0.0395556 
7.48367e-08 2.6397e-06 6.32529e-05 0.0017889 0.0278252 0.801669 0.0706496 0.068891 0.0241108 0.00499929 
2.9682e-09 4.32903e-08 3.47911e-07 3.05119e-06 0.000133525 0.00195724 0.0214678 0.882708 0.0570706 0.0366594 
1.5886e-05 0.000311966 0.00179681 0.700138 0.118774 0.102102 0.0542639 0.0192081 0.00303572 0.000353557 
2.374e-12 3.99585e-11 6.10805e-10 6.53134e-09 1.98648e-07 4.87215e-06 0.000146371 0.0010986 0.0122888 0.986461 
5.39728e-12 9.0326e-11 1.35519e-09 1.51353e-08 4.52711e-07 1.20141e-05 0.000204667 0.00268984 0.015771 0.981322 
0.00345404 0.0362073 0.444046 0.349458 0.125737 0.034488 0.00619783 0.00037655 3.56844e-05 4.75242e-07 
1.82512e-09 2.66408e-08 2.05855e-07 1.8177e-06 7.93581e-05 0.000679236 0.00727184 0.0479497 0.889674 0.0543442 
4.26283e-09 7.24279e-08 5.82896e-07 4.30851e-06 0.00016421 0.000922491 0.0062935 0.0384444 0.927085 0.0270858 
4.61904e-07 7.37415e-06 0.000106041 0.00617513 0.796185 0.0910999 0.0731716 0.029816 0.00311651 0.000321549 
3.30568e-12 5.83928e-11 1.04351e-09 2.23713e-08 2.62948e-06 0.000926685 0.0156917 0.91376 0.0347742 0.0348445 
7.48163e-09 1.4521e-07 1.36551e-06 1.03159e-05 0.000316776 0.00653748 0.852403 0.0744916 0.0496857 0.0165539 
2.31408e-09 3.36304e-08 2.59859e-07 2.26234e-06 9.85443e-05 0.000190552 0.00121718 0.00802521 0.929108 0.061358 
2.37542e-08 4.39113e-07 3.65364e-06 2.63024e-05 0.000882639 0.00321939 0.0169048 0.643846 0.313492 0.0216251 
1.61652e-08 3.03654e-07 2.61535e-06 1.90364e-05 0.000601426 0.00373022 0.023338 0.322563 0.624493 0.0252531 
1.39464e-10 2.15592e-09 1.75508e-08 1.71168e-07 6.87223e-06 0.000379793 0.00142674 0.00705951 0.0248038 0.966323 
3.4138e-08 6.50596e-07 5.59242e-06 4.00824e-05 0.00119397 0.00407229 0.020648 0.0536282 0.891977 0.028434 
2.28959e-12 3.9512e-11 6.58708e-10 1.198e-08 3.56508e-07 3.15834e-05 0.000554262 0.877511 0.0611101 0.0607925 
0.000303153 0.00222688 0.0221367 0.696676 0.18241 0.0800391 0.0136122 0.00208978 0.000502736 2.84312e-06 
1.64757e-07 3.5412e-06 0.000101922 0.000668572 0.00618868 0.0493374 0.870398 0.066908 0.00589469 0.00049865 
4.5742e-13 9.50154e-12 2.04537e-10 6.28359e-09 1.42689e-07 6.0459e-06 0.000189087 0.002061 0.014861 0.982883 
2.7911e-08 5.13103e-07 7.62138e-06 3.39895e-05 0.000980042 0.00571593 0.0427499 0.90904 0.0353161 0.00615626 
0.000622389 0.00306695 0.0120562 0.0738696 0.753517 0.119522 0.0326113 0.00415445 0.000573739 6.17107e-06 
6.47794e-07 1.14751e-05 0.00019244 0.00248956 0.0386915 0.782375 0.115308 0.0539593 0.00612948 0.000842161 
9.84046e-15 1.7577e-13 3.29864e-12 1.95295e-11 1.40016e-09 1.65969e-07 5.04368e-05 0.00013579 0.00439773 0.995416 
4.48932e-13 8.02921e-12 1.39033e-10 2.62494e-09 1.55012e-07 5.3596e-05 0.000439613 0.00313914 0.0155499 0.980818 
4.54982e-12 7.66976e-11 1.21318e-09 1.62453e-08 8.20624e-07 0.000143881 0.000660423 0.00624853 0.028042 0.964904 
2.15214e-20 3.34059e-18 8.71275e-16 6.08173e-13 1.91322e-10 3.366e-08 9.8452e-06 7.07732e-05 0.00206274 0.997857 
3.7485e-09 5.46551e-08 4.47029e-07 3.93166e-06 0.00020765 0.00544028 0.830813 0.0697461 0.0658096 0.0279787 
2.18962e-09 3.19575e-08 2.61427e-07 2.22147e-06 9.50355e-05 0.000771164 0.00551514 0.0348412 0.932032 0.0267432 
1.54724e-08 2.30007e-07 1.72541e-06 1.53072e-05 0.000643684 0.00369939 0.0313381 0.078885 0.872118 0.0132989 
1.25479e-08 2.13916e-07 1.63349e-06 1.24073e-05 0.000493222 0.00161627 0.012206 0.66298 0.309083 0.0136075 
2.40429e-14 3.77274e-13 4.30562e-12 3.4758e-11 1.28019e-09 4.76751e-08 6.66137e-07 1.92364e-05 0.00016995 0.99981 
1.11398e-18 1.50751e-16 2.59047e-14 1.06279e-11 3.05855e-09 5.27284e-07 0.000166139 0.000483531 0.00729083 0.992059 
1.95408e-09 2.85347e-08 2.34259e-07 2.02633e-06 8.72312e-05 0.00122152 0.412005 0.286888 0.188277 0.111519 
0.000956497 0.00819706 0.398101 0.256612 0.258393 0.0639513 0.0117229 0.00171764 0.000346101 3.04065e-06 
3.76208e-08 7.7781e-07 9.36876e-06 7.60757e-05 0.00117519 0.00532057 0.0267465 0.0560109 0.0384887 0.872172 
3.24236e-09 4.72078e-08 3.72615e-07 3.21885e-06 0.000139688 0.0007737 0.00585429 0.0389552 0.424289 0.529985 
1.78236e-09 2.60852e-08 2.23264e-07 1.85632e-06 7.7467e-05 0.000639983 0.00351639 0.0170072 0.0394258 0.939331 
3.4041e-08 7.7976e-07 4.85047e-05 0.000234993 0.00327516 0.0362718 0.805338 0.0827851 0.0521212 0.0199246 
3.91333e-15 3.90833e-13 1.69915e-11 8.67095e-10 1.74849e-08 6.12236e-07 1.11785e-05 0.000103466 0.00356767 0.996317 
2.01452e-07 4.97276e-06 0.000128215 0.00187379 0.0162395 0.0661968 0.86167 0.0486487 0.0046329 0.000604878 
2.4711e-09 3.60076e-08 2.82901e-07 2.45732e-06 0.000106776 0.00076191 0.00484238 0.0254067 0.919242 0.0496372 
5.16254e-07 8.49594e-06 0.000165587 0.00117741 0.0079742 0.0368007 0.0816318 0.847694 0.0223334 0.00221396 
3.05774e-09 4.45185e-08 3.29631e-07 2.9657e-06 0.000131213 0.000606974 0.00368833 0.020509 0.0442773 0.930784 
2.10192e-09 3.06615e-08 2.36441e-07 2.08348e-06 9.09454e-05 0.000673421 0.00450463 0.030594 0.94333 0.0208046 
1.04753e-12 1.80929e-11 2.92781e-10 4.13882e-09 1.13975e-07 3.56037e-06 6.69399e-05 0.00074099 0.0082363 0.990952 
4.36674e-09 6.35539e-08 5.18089e-07 4.38361e-06 0.000187126 0.000638273 0.00475609 0.324073 0.501422 0.168918 
1.15855e-07 2.30736e-06 4.26275e-05 0.000304631 0.00375384 0.0288424 0.471969 0.475651 0.0163434 0.00309095 
3.44487e-12 6.23925e-11 1.52781e-09 2.28637e-08 1.52001e-06 0.000417043 0.00400886 0.0313618 0.926237 0.0379739 
1.4059e-07 2.83871e-06 8.24141e-05 0.000515598 0.0066086 0.0486993 0.849655 0.0737863 0.0167552 0.00389497 
2.47094e-08 4.76789e-07 4.10939e-06 2.95354e-05 0.000876552 0.00525324 0.0344738 0.0764341 0.875655 0.00727319 
1.19463e-11 2.10549e-10 2.06636e-09 2.28602e-08 7.49742e-07 4.05174e-05 0.00060524 0.00295171 0.0155901 0.980812 
9.78567e-09 2.0326e-07 2.03488e-06 1.49434e-05 0.00037894 0.00439291 0.0337365 0.0990635 0.832468 0.0299429 
4.13981e-10 6.12874e-09 4.95567e-08 4.49115e-07 1.91443e-05 0.000561644 0.00393676 0.0272836 0.933916 0.0342821 
4.0168e-08 7.7865e-07 6.75707e-06 4.87738e-05 0.00150458 0.0127356 0.0710833 0.874267 0.0343138 0.00603942 
6.49256e-10 9.58173e-09 9.24917e-08 7.27414e-07 2.88485e-05 0.000370852 0.00235972 0.0127999 0.0422455 0.942194 
1.30315e-07 3.50319e-06 0.000103989 0.000636378 0.00511167 0.0434583 0.891129 0.0526114 0.00619991 0.000745347 
2.4273e-08 4.78172e-07 4.21818e-06 3.01842e-05 0.000855879 0.0055575 0.0425197 0.917636 0.0291556 0.00424004 
0.000289819 0.00149796 0.0137441 0.59686 0.301802 0.0675382 0.0153862 0.00201592 0.000863445 2.69235e-06 
9.5611e-13 1.83234e-11 3.6125e-10 7.79138e-09 1.84929e-07 7.25556e-06 0.000230072 0.00232817 0.0187956 0.978639 
3.43896e-12 5.74306e-11 8.57511e-10 9.20089e-09 2.80446e-07 8.31111e-06 0.000365497 0.00331419 0.0218015 0.97451 
4.78002e-26 1.22601e-22 2.66357e-19 4.74576e-16 3.22715e-14 4.90412e-10 2.42283e-08 1.13328e-05 0.000471187 0.999517 
4.15666e-08 7.82828e-07 6.62605e-06 4.82633e-05 0.00148055 0.0079397 0.05589 0.865648 0.0565982 0.0123874 
0.000168008 0.00115558 0.00984731 0.0475999 0.131389 0.763708 0.0388617 0.00633227 0.000926643 1.1766e-05 
3.47495e-10 5.09849e-09 5.49454e-08 4.10564e-07 1.61027e-05 0.000404715 0.00312138 0.0240739 0.93046 0.0419235 
2.73814e-09 6.76829e-08 7.39979e-07 5.06174e-06 0.000101043 0.00143036 0.00915874 0.0447514 0.921463 0.0230891 
3.34965e-08 6.58254e-07 5.78457e-06 4.47101e-05 0.00132831 0.00975369 0.058208 0.893064 0.0324715 0.00512326 
5.73987e-09 8.68174e-08 6.97898e-07 5.98726e-06 0.000239843 0.00310791 0.0291774 0.870304 0.0713984 0.0257657 
3.33555e-12 5.52454e-11 8.05045e-10 8.09836e-09 2.50579e-07 6.01635e-06 8.88604e-05 0.00130388 0.0109878 0.987613 
1.98591e-07 4.19001e-06 9.83012e-05 0.000654556 0.00475909 0.0303862 0.0730189 0.870963 0.0183294 0.00178586 
4.61993e-12 7.82918e-11 1.20989e-09 1.53933e-08 4.38337e-07 1.27198e-05 0.000335546 0.003305 0.0180677 0.978279 
2.59178e-08 4.71831e-07 3.84345e-06 2.80685e-05 0.000920673 0.00463106 0.0345136 0.926387 0.0281472 0.00536809 
3.29152e-09 4.80536e-08 3.86269e-07 3.31748e-06 0.000142492 0.00108352 0.00729827 0.0454689 0.914632 0.0313714 
0.000382233 0.00167704 0.00717156 0.0394107 0.605889 0.321485 0.0211111 0.00251887 0.000352456 2.20077e-06 
2.16758e-19 3.37727e-17 8.84061e-15 6.12851e-12 1.92655e-09 3.09028e-07 0.000101046 0.000290218 0.00645388 0.993155 
3.66073e-32 9.58596e-29 2.08949e-25 3.67615e-22 2.61183e-20 2.53033e-16 9.68191e-13 6.71941e-09 2.30774e-05 0.999977 
3.14109e-10 4.66006e-09 4.66252e-08 3.68371e-07 1.46894e-05 0.000392982 0.00316776 0.0267071 0.932767 0.0369503 
2.30291e-06 4.22445e-05 0.000506292 0.00449396 0.429304 0.28639 0.249145 0.026515 0.0032362 0.00036419 
1.06467e-05 0.000157775 0.00175132 0.00926185 0.0553407 0.856826 0.062117 0.0127324 0.00176857 3.42535e-05 
0.00191107 0.0107951 0.035126 0.12121 0.17128 0.641885 0.0157283 0.00157636 0.000485763 2.13502e-06 
3.37565e-09 8.43958e-08 9.20454e-07 6.29949e-06 0.00011803 0.00120969 0.00686163 0.035259 0.926768 0.0297763 
0.000394637 0.00196713 0.00711918 0.0338373 0.744749 0.15523 0.049057 0.00602338 0.00161584 6.61622e-06 
1.73132e-07 3.82894e-06 9.11175e-05 0.000717795 0.00615555 0.0436447 0.853005 0.085825 0.00965947 0.000897545 
4.81101e-17 4.98002e-15 2.70493e-13 2.64759e-11 4.25693e-09 1.0985e-06 0.000219108 0.00236813 0.938852 0.0585598 
4.60463e-12 7.79024e-11 1.22363e-09 1.93484e-08 2.51592e-06 0.000848475 0.0119609 0.905031 0.0471631 0.0349941 
1.69899e-09 2.50471e-08 2.103e-07 1.98225e-06 8.39885e-05 0.00190686 0.0177986 0.879142 0.081119 0.0199473 
3.96038e-08 7.62007e-07 6.58957e-06 4.78933e-05 0.0014347 0.00938867 0.0650524 0.878423 0.0396216 0.00602416 
2.32364e-05 0.000325991 0.00234619 0.00990208 0.06336 0.835659 0.0682203 0.0168046 0.00298093 0.000378063 
2.02833e-08 4.07445e-07 3.68585e-06 2.66225e-05 0.000875475 0.0171411 0.888928 0.06645 0.0223719 0.00420296 
1.27559e-05 0.000178559 0.00131949 0.00844086 0.531143 0.298303 0.140004 0.017366 0.00268018 0.000552281 
1.96863e-12 3.39199e-11 5.37205e-10 8.50441e-09 2.29753e-07 8.54223e-06 0.000293283 0.00283211 0.0187959 0.97807 
0.031419 0.741775 0.173035 0.0413472 0.0109425 0.0014201 5.5628e-05 4.2292e-06 4.25936e-07 2.70541e-09 
2.76314e-12 4.81216e-11 7.86753e-10 1.24354e-08 3.28594e-07 1.11675e-05 0.000380959 0.00352087 0.0229919 0.973095 
2.27357e-10 3.35626e-09 3.77825e-08 2.79694e-07 1.03365e-05 0.000138531 0.00108046 0.00887409 0.033329 0.956567 
2.83342e-12 4.78342e-11 7.38714e-10 9.03705e-09 2.60514e-07 8.02829e-06 0.000318049 0.00262122 0.0177868 0.979266 
3.70076e-13 7.84697e-12 1.72779e-10 5.91151e-09 1.299e-07 5.65263e-06 0.000165051 0.00204948 0.0132761 0.984504 
2.74791e-10 4.05815e-09 5.43544e-08 3.65184e-07 1.30133e-05 0.000345095 0.00327664 0.0198659 0.0496863 0.926813 
