4673
7.82356e-07 1.10094e-05 6.19458e-05 0.000338336 0.00302504 0.0219174 0.0750194 0.658374 0.142084 0.0991677 
1.62954e-08 2.57113e-07 4.01023e-06 1.36512e-05 0.000213575 0.000317503 0.00176027 0.00752637 0.0222005 0.967964 
8.54309e-07 1.42587e-05 0.000130652 0.000471672 0.00200105 0.00466749 0.0143103 0.0444195 0.779367 0.154618 
7.18715e-08 1.12768e-06 1.69103e-05 8.60725e-05 0.000318636 0.000797123 0.00640388 0.0231599 0.063658 0.905558 
5.55365e-07 2.40413e-05 3.51236e-05 0.00011391 0.00109961 0.00171834 0.00701662 0.0252755 0.0639663 0.90075 
2.85335e-05 0.000671976 0.00185327 0.0064205 0.0245862 0.0594343 0.115181 0.626457 0.104661 0.060706 
3.51236e-07 5.72101e-06 0.000104608 0.000375027 0.000201287 0.000260856 0.00332052 0.0132365 0.0485891 0.933906 
1.08041e-05 0.000452083 0.000608042 0.00188617 0.00648236 0.0230888 0.0561818 0.122199 0.168279 0.620812 
9.68575e-10 1.58356e-08 2.94656e-07 1.0594e-06 6.03442e-07 5.11519e-06 0.000293488 0.00150199 0.0076974 0.9905 
2.7731e-17 9.50173e-16 6.73529e-14 1.10927e-11 3.15093e-09 5.01971e-07 0.000164565 0.000329144 0.00776028 0.991746 
3.5987e-07 5.80446e-06 9.76352e-05 0.00035282 0.000554144 0.00177339 0.00914354 0.0381578 0.0994887 0.850426 
4.68545e-06 0.000135555 0.000341952 0.00163894 0.00826069 0.0319328 0.559403 0.191612 0.133979 0.0726911 
8.34603e-06 0.000338824 0.000478162 0.00139832 0.00504507 0.0185681 0.0505645 0.112343 0.71384 0.0974149 
4.57689e-06 0.000171939 0.000290613 0.00105052 0.00397901 0.0183598 0.0522352 0.112311 0.698299 0.113298 
1.15479e-10 1.88798e-09 3.5157e-08 1.26213e-07 6.12419e-08 3.29791e-06 7.05031e-06 6.88929e-05 0.000376329 0.999544 
7.07337e-05 0.00174023 0.00332372 0.0090049 0.0346185 0.0939986 0.37128 0.383697 0.0740557 0.028211 
3.29986e-07 5.36896e-06 9.41018e-05 0.000342736 0.000655799 0.000894669 0.00609466 0.0268523 0.0773712 0.887689 
7.43897e-06 0.000215558 0.000545043 0.00230783 0.0120159 0.404129 0.223015 0.133052 0.168943 0.0557695 
4.13818e-19 6.22496e-17 1.48582e-14 9.34206e-12 2.89836e-09 4.5662e-07 0.000153947 0.000452388 0.00861008 0.990783 
0.000463069 0.00396239 0.0331623 0.329564 0.459208 0.125409 0.0408284 0.00609039 0.00109202 0.000220352 
3.30859e-05 0.000623109 0.00278303 0.0119563 0.0331877 0.0793868 0.123467 0.149332 0.556828 0.042402 
2.10008e-06 7.08338e-05 0.000205956 0.000760244 0.00247352 0.0100169 0.03227 0.0853841 0.718356 0.15046 
3.06555e-07 4.96501e-06 8.76612e-05 0.000321191 0.000399595 0.00135397 0.0119115 0.0479064 0.122821 0.815193 
1.95857e-07 3.20002e-06 5.90784e-05 0.000212025 0.00010206 0.000257873 0.00222422 0.0125232 0.433208 0.55141 
9.18528e-06 0.000419838 0.000412052 0.0011568 0.00395785 0.0151984 0.310601 0.473643 0.152929 0.0416722 
1.38836e-07 2.27028e-06 4.23497e-05 0.000151548 4.31853e-05 7.9961e-05 0.000767942 0.0056304 0.0248817 0.968401 
2.44854e-05 0.000850237 0.00102829 0.00280777 0.0138265 0.0470126 0.562863 0.19622 0.12252 0.0528461 
3.30227e-07 5.37616e-06 9.68544e-05 0.000347457 0.000231432 0.000639142 0.00630213 0.0346648 0.836697 0.121016 
6.11184e-09 9.97676e-08 1.84594e-06 6.64991e-06 3.04536e-06 3.14412e-05 0.000478692 0.00201235 0.0110807 0.986385 
6.22524e-09 1.01578e-07 1.83658e-06 6.82641e-06 6.17695e-06 8.92506e-05 0.00092107 0.00461804 0.0164619 0.977895 
3.74496e-06 0.000139103 0.000301975 0.000998079 0.00316802 0.0111243 0.032963 0.60447 0.185146 0.161685 
3.40206e-07 5.18467e-06 4.45271e-05 0.000277321 0.00155039 0.00699281 0.0320356 0.100184 0.769968 0.0889413 
2.56764e-14 2.57063e-12 1.11748e-10 5.7178e-09 1.21026e-07 6.07197e-06 0.000262541 0.00228844 0.016601 0.980842 
1.06152e-07 1.73545e-06 2.75411e-05 0.0001039 0.000390324 0.00177002 0.0118731 0.057053 0.833653 0.0951269 
1.07896e-25 2.75224e-22 5.97137e-19 1.06191e-15 7.251e-14 1.07794e-09 6.35524e-08 3.96419e-05 0.00242432 0.997536 
1.13685e-07 1.82982e-06 3.00851e-05 0.000108587 0.000298281 0.000751672 0.00581367 0.0278659 0.349464 0.615666 
1.59635e-09 2.41726e-08 2.90152e-07 1.09296e-06 3.33365e-06 1.49243e-05 0.000190304 0.0013595 0.0063221 0.992108 
2.00556e-07 3.27835e-06 6.10684e-05 0.000218791 7.69016e-05 0.000214565 0.00265451 0.0171314 0.48331 0.496329 
1.12683e-07 1.82238e-06 3.11211e-05 0.00011159 8.55137e-05 0.000369761 0.00396187 0.0201299 0.878638 0.0966704 
1.90571e-07 3.08647e-06 5.36853e-05 0.000192827 0.000247711 0.00113663 0.00834239 0.418761 0.476933 0.0943291 
3.40654e-07 5.56873e-06 0.000103391 0.000370249 0.000153925 0.000184131 0.00196527 0.0111148 0.893428 0.0926744 
0.000195279 0.00311874 0.00852174 0.0204521 0.0663686 0.264474 0.29451 0.271256 0.0536881 0.0174166 
1.49903e-06 6.41047e-05 0.000139517 0.000442927 0.000885254 0.00106486 0.00470639 0.01889 0.056007 0.917798 
4.41603e-07 7.208e-06 0.000131516 0.000472204 0.000337309 0.000605837 0.00548376 0.0236629 0.0784378 0.890861 
3.50382e-07 5.69205e-06 0.000103006 0.000367587 0.000279996 0.000850167 0.00746919 0.0396552 0.109735 0.841534 
2.3712e-06 4.6747e-05 0.000257665 0.000933135 0.0027638 0.00957471 0.026748 0.0526331 0.103294 0.803746 
2.16848e-06 7.38838e-05 0.000210233 0.000732281 0.00248688 0.00876249 0.0318316 0.386482 0.447767 0.121651 
2.23673e-07 3.71311e-06 5.5342e-05 0.000207459 0.000773863 0.0011089 0.00496757 0.0186462 0.0511337 0.923103 
1.63654e-05 0.000819986 0.000639265 0.00156141 0.00420379 0.0132947 0.0363439 0.0747157 0.192186 0.676219 
0.000115515 0.0010416 0.00510933 0.0167691 0.0337943 0.0685154 0.11432 0.123501 0.581085 0.0557483 
7.18378e-08 1.19183e-06 1.87944e-05 7.18218e-05 0.000337252 0.000345997 0.0011117 0.00644931 0.443039 0.548624 
2.32198e-05 0.000538139 0.000877527 0.00249869 0.00993796 0.0293406 0.100596 0.161118 0.586196 0.108873 
1.80648e-05 0.000770097 0.000825407 0.00277793 0.0125686 0.0488321 0.585621 0.183012 0.116325 0.0492494 
2.75471e-07 4.53811e-06 7.55556e-05 0.000277867 0.000703451 0.000964269 0.00517732 0.0223432 0.0669531 0.9035 
8.22106e-06 0.000344083 0.000522266 0.00165313 0.00428551 0.0170751 0.0503387 0.102114 0.66608 0.15758 
2.15104e-05 0.000832956 0.00111773 0.00375125 0.0147669 0.0427463 0.0937653 0.129745 0.122585 0.590668 
1.19807e-06 1.67772e-05 0.000124532 0.000506889 0.00257112 0.0108598 0.0306226 0.0846728 0.723241 0.147383 
3.63913e-07 5.93427e-06 0.00010824 0.000388104 0.000199854 0.000455127 0.00470438 0.0200553 0.0662852 0.907797 
0.000138761 0.00210323 0.00762374 0.0233586 0.164833 0.363442 0.173941 0.211715 0.0406139 0.012231 
1.5174e-05 0.000628651 0.000874466 0.00281754 0.00890216 0.0260717 0.0631453 0.109481 0.688926 0.0991377 
5.97313e-08 9.96739e-07 7.04539e-06 3.58404e-05 0.000786825 0.000877401 0.00314964 0.0120598 0.0251787 0.957904 
1.63737e-46 1.02591e-41 1.51193e-36 3.21743e-31 3.74429e-26 5.81393e-21 2.14064e-15 4.80346e-10 4.89195e-05 0.999951 
8.28672e-08 1.38715e-06 2.25215e-05 8.26517e-05 0.000191159 0.000222965 0.00142389 0.00622657 0.0187339 0.973095 
1.36822e-05 0.000584659 0.000652865 0.00204169 0.0088017 0.0285444 0.0831285 0.711931 0.112538 0.0517636 
2.96462e-07 4.84677e-06 9.03312e-05 0.00032359 9.72074e-05 0.000209814 0.00305578 0.0145427 0.0561262 0.925549 
5.51151e-05 0.000889906 0.00353772 0.0163231 0.0527431 0.286604 0.447977 0.123512 0.0505384 0.0178203 
6.17179e-08 1.0092e-06 1.88195e-05 6.73768e-05 2.00326e-05 6.97851e-05 0.000511725 0.00318199 0.0108348 0.985294 
3.48041e-06 0.000163608 0.000178133 0.000496415 0.00203017 0.00548431 0.020601 0.0704805 0.756547 0.144015 
7.18278e-06 0.000249931 0.000456141 0.00198344 0.00814802 0.0348269 0.531198 0.197324 0.148282 0.0775247 
5.09686e-27 1.32855e-23 2.8923e-20 5.07097e-17 1.82985e-15 6.25105e-11 2.72339e-09 1.40523e-06 0.000595688 0.999403 
3.84396e-07 6.2879e-06 0.000112478 0.000407608 0.000601956 0.0034221 0.0305475 0.748468 0.108438 0.107995 
2.6438e-12 4.07697e-11 5.36762e-10 2.07418e-09 4.04213e-09 1.62004e-08 1.23561e-07 2.61902e-06 0.000562675 0.999435 
3.60898e-07 5.87465e-06 0.000104673 0.000376185 0.000359157 0.000975492 0.00771319 0.0353816 0.805645 0.149438 
1.59262e-05 0.000440832 0.000917014 0.00379783 0.0264792 0.440306 0.134825 0.180704 0.13749 0.0750246 
4.16542e-07 6.82998e-06 0.000116259 0.000426719 0.000962051 0.00103888 0.00641872 0.0263546 0.0694085 0.895267 
7.04063e-07 1.02971e-05 0.000115651 0.000423429 0.00136174 0.00502178 0.0233342 0.0865718 0.741563 0.141597 
2.70456e-06 7.92857e-05 0.000194277 0.000808608 0.00381124 0.0177869 0.597428 0.139106 0.147291 0.0934925 
8.43605e-10 1.38534e-08 2.45564e-07 9.38582e-07 1.45504e-06 2.17752e-05 0.000399069 0.00275999 0.0167571 0.980059 
3.13114e-09 5.04707e-08 4.20052e-07 2.22301e-06 4.40815e-05 8.95237e-05 0.00049147 0.000981592 0.00616152 0.992229 
8.3718e-07 3.01783e-05 6.23317e-05 0.000240056 0.00150828 0.0049911 0.0181886 0.053569 0.240652 0.680758 
2.30522e-07 3.74841e-06 6.84485e-05 0.000247331 0.000193166 0.0015032 0.253627 0.196007 0.433869 0.114481 
5.52411e-07 9.02086e-06 0.000164794 0.000594841 0.000591992 0.0012946 0.0104758 0.0546963 0.40417 0.528002 
1.74879e-08 2.73169e-07 2.75343e-06 1.11014e-05 0.000133798 0.000192896 0.00132611 0.00566044 0.0177055 0.974967 
3.63388e-06 0.000137403 0.000234122 0.000812895 0.00358965 0.0145841 0.0453242 0.103653 0.147695 0.683966 
3.64334e-06 0.000179057 0.000169767 0.000432798 0.00101835 0.00333172 0.00930578 0.0243502 0.0547301 0.906479 
1.37473e-05 0.000551874 0.000642568 0.00227549 0.0105465 0.0332359 0.100689 0.162739 0.655008 0.0342977 
1.0535e-06 2.94772e-05 0.000100824 0.000449291 0.00209205 0.0109017 0.125295 0.0549049 0.0749673 0.731258 
5.46026e-07 8.92292e-06 0.00016229 0.000588352 0.000651024 0.0042775 0.0338536 0.107579 0.70427 0.148609 
6.57271e-07 2.27285e-05 6.05218e-05 0.000210581 0.00118641 0.00325253 0.0127726 0.0539637 0.827323 0.101207 
0.0019551 0.0112501 0.064766 0.440183 0.282562 0.132327 0.0495001 0.0129353 0.0036949 0.000826198 
4.0727e-07 6.64735e-06 0.000109491 0.000398136 0.000677063 0.00158551 0.0113052 0.0516352 0.7702 0.164082 
5.37427e-06 0.000196822 0.000330464 0.00147644 0.00626738 0.0288885 0.104994 0.656183 0.130946 0.0707125 
4.01024e-07 6.5415e-06 0.000120109 0.000429946 0.000430335 0.000623186 0.00531778 0.0223833 0.0684439 0.902245 
2.16917e-07 3.64145e-06 4.80825e-05 0.000186599 0.00115527 0.00136963 0.00600524 0.0242293 0.0608089 0.906193 
2.16758e-19 3.37727e-17 8.84061e-15 6.12851e-12 1.92655e-09 3.09028e-07 0.000101046 0.000290218 0.00645388 0.993155 
7.77768e-05 0.00119606 0.00478242 0.0200567 0.100625 0.159592 0.447892 0.186007 0.0593761 0.0203954 
2.92751e-06 8.72393e-05 0.000205283 0.000759543 0.00477126 0.0184031 0.0516599 0.119882 0.696196 0.108033 
9.21826e-05 0.0019853 0.00537034 0.0181358 0.0802997 0.529371 0.174215 0.122218 0.0503021 0.0180109 
2.68479e-05 0.00108245 0.00116397 0.00394475 0.0170179 0.0566453 0.606189 0.168825 0.103258 0.0418467 
2.94546e-07 4.8398e-06 7.40403e-05 0.000277141 0.0010064 0.0014947 0.00698869 0.0298534 0.451436 0.508865 
1.18455e-05 0.00046057 0.000641751 0.00245964 0.00995653 0.030771 0.0907013 0.160842 0.62901 0.0751448 
8.25889e-08 1.3505e-06 2.51913e-05 9.0159e-05 2.59344e-05 4.63774e-05 0.000755376 0.00427697 0.0180944 0.976684 
1.67524e-05 0.000616462 0.00112729 0.00499077 0.0226545 0.404123 0.166066 0.174589 0.142007 0.0838097 
2.81738e-06 4.51921e-05 0.000205453 0.00112298 0.00578568 0.0209376 0.0794012 0.669077 0.138389 0.085033 
3.14097e-06 0.00012542 0.000197209 0.000643528 0.00245456 0.0109451 0.174065 0.469542 0.266304 0.07572 
0.000341334 0.00588512 0.0215166 0.0608514 0.374797 0.254287 0.144025 0.086397 0.0369296 0.0149704 
7.1253e-06 0.000144482 0.000334996 0.000907596 0.00373461 0.0119128 0.104622 0.0824232 0.741208 0.0547051 
3.72972e-07 7.05643e-06 8.29859e-05 0.000302335 0.000756397 0.00139609 0.00782829 0.0260357 0.0652839 0.898307 
0.000357872 0.00583497 0.0182434 0.0409238 0.102099 0.449825 0.164113 0.114596 0.0681221 0.0358855 
0.000116946 0.00193951 0.00853255 0.104 0.296975 0.281213 0.18483 0.0894124 0.0242147 0.00876564 
3.71872e-05 0.000644023 0.00207187 0.00775798 0.04779 0.39727 0.282541 0.163929 0.0735322 0.024427 
4.07161e-05 0.00124394 0.00256041 0.0121759 0.0316587 0.0763581 0.144954 0.187818 0.511393 0.0317973 
4.24944e-07 6.73956e-06 0.000102071 0.000369542 0.00093702 0.0015937 0.00943245 0.0360863 0.100111 0.851361 
0.000954753 0.00975679 0.0412113 0.179328 0.355411 0.170579 0.128789 0.0709263 0.0307599 0.0122838 
3.17198e-05 0.00123162 0.00160585 0.00660074 0.0181045 0.0471401 0.101475 0.387733 0.361599 0.0744784 
0.000444986 0.00722508 0.0295926 0.0726442 0.162736 0.446788 0.167769 0.0785456 0.0246097 0.00964451 
0.000115051 0.00284213 0.0102788 0.047417 0.434246 0.213165 0.166121 0.0812858 0.0315093 0.01302 
1.08867e-07 1.62955e-06 2.02879e-05 0.000101195 0.000371358 0.00472087 0.243332 0.596419 0.0917594 0.0632742 
0.00021133 0.00340682 0.0146608 0.0494112 0.583268 0.157101 0.112447 0.0533756 0.0198498 0.00626789 
3.44493e-07 5.67318e-06 0.000103345 0.000371038 0.00022585 0.000205981 0.000914383 0.00738437 0.0312124 0.959577 
3.17013e-06 0.000122107 0.000238891 0.000831037 0.00232693 0.0111912 0.0403492 0.660866 0.166497 0.117575 
3.75153e-05 0.00107153 0.00184586 0.00566078 0.0328445 0.519966 0.158254 0.155162 0.0873495 0.0378086 
2.07975e-07 3.3872e-06 6.14257e-05 0.000219302 0.000101547 0.00044893 0.00480554 0.419361 0.304281 0.270718 
0.000199124 0.00341578 0.00904007 0.0230952 0.0643569 0.134798 0.195255 0.499407 0.0525621 0.0178708 
6.47033e-05 0.00132059 0.00414827 0.0172283 0.0476468 0.12414 0.576883 0.145759 0.0626798 0.0201308 
5.93628e-05 0.00120842 0.00340571 0.0156093 0.0446106 0.537804 0.194112 0.127146 0.0554457 0.020599 
8.27977e-06 0.000353066 0.000466004 0.00153393 0.00664257 0.0263538 0.63815 0.151492 0.110296 0.064704 
5.34329e-06 0.000203583 0.000344225 0.00113875 0.00384452 0.0159637 0.0455431 0.404009 0.443388 0.0855591 
0.000291872 0.00438013 0.0132189 0.0287206 0.0742569 0.160156 0.215441 0.436235 0.0491904 0.0181097 
3.3964e-06 0.000123835 0.000228616 0.00102296 0.00815949 0.183951 0.31213 0.121518 0.118318 0.254545 
0.000114101 0.00270531 0.00811359 0.0310104 0.105534 0.203329 0.500602 0.091816 0.0402399 0.0165358 
7.48926e-09 1.47457e-07 1.24472e-06 5.18642e-06 7.46631e-05 9.29085e-05 0.000554054 0.00226385 0.010743 0.986265 
7.51285e-14 1.11416e-12 9.8893e-12 8.13079e-11 3.33515e-09 4.01206e-08 7.42879e-07 1.41139e-05 0.000565555 0.99942 
7.52757e-12 1.52258e-10 3.00182e-09 2.98311e-08 6.96003e-07 4.10086e-05 0.000285857 0.00267326 0.932209 0.0647903 
3.69885e-07 6.04712e-06 0.000112679 0.000403579 0.000118992 0.000175139 0.00178493 0.00992967 0.0357662 0.951702 
1.78532e-05 0.000888114 0.000620862 0.00150101 0.00527377 0.0167475 0.0395779 0.0869735 0.12155 0.72685 
1.94663e-07 8.23546e-06 1.08817e-05 4.42037e-05 0.000932209 0.00114251 0.0032568 0.0122435 0.0225031 0.959858 
2.21674e-05 0.00079446 0.00124163 0.00641061 0.0279969 0.524317 0.143301 0.165636 0.0940945 0.0361859 
2.7312e-07 4.46612e-06 8.33101e-05 0.000298107 8.43502e-05 9.20699e-05 0.00178164 0.0117515 0.886193 0.0997113 
4.4921e-08 7.27923e-07 1.29504e-05 4.89145e-05 0.000187863 0.001793 0.0145477 0.0618879 0.840206 0.0813151 
6.54307e-05 0.00101961 0.00387312 0.016543 0.0437559 0.103586 0.173882 0.538985 0.0906996 0.0275907 
7.3337e-05 0.00190295 0.00533082 0.0196273 0.079361 0.569201 0.148213 0.103575 0.052792 0.0199234 
0.00435846 0.0244806 0.102555 0.199177 0.373349 0.221553 0.0514086 0.0165476 0.00512439 0.00144587 
5.00209e-06 0.000150655 0.000349201 0.00138625 0.00647974 0.0251841 0.0819734 0.599515 0.180878 0.104079 
4.58162e-06 0.000142072 0.00036884 0.0013685 0.0052021 0.0218818 0.0675562 0.619534 0.176778 0.107164 
7.63334e-07 2.30081e-05 0.000118508 0.000411123 0.000998979 0.00345333 0.0120331 0.0367078 0.0923606 0.853893 
4.1541e-07 1.51514e-05 4.69135e-05 0.000163699 0.000737972 0.0013461 0.00692471 0.0288346 0.847743 0.114187 
5.95802e-06 0.000245495 0.000259004 0.00109911 0.00535335 0.0259203 0.663402 0.142528 0.10595 0.0552371 
5.72184e-07 1.59481e-05 6.2622e-05 0.000220587 0.000455582 0.00206871 0.00429661 0.0101792 0.0178367 0.964863 
3.60584e-06 8.52032e-05 0.000375339 0.00160009 0.00507366 0.0135395 0.0311447 0.0584357 0.106755 0.782987 
7.26738e-08 1.19583e-06 2.18574e-05 7.84233e-05 4.37394e-05 3.95624e-05 0.000137853 0.0016737 0.00534273 0.992661 
7.63906e-06 0.000328607 0.000458184 0.00141426 0.00416652 0.0130576 0.0308771 0.0751419 0.747692 0.126856 
3.62729e-06 0.000155276 0.000259382 0.000778958 0.00163517 0.00899983 0.047866 0.729177 0.126085 0.0850401 
0.000925189 0.0128735 0.0498536 0.152324 0.445957 0.165981 0.0953283 0.0493443 0.0189993 0.00841462 
0.00059363 0.00521264 0.023569 0.338579 0.243595 0.195785 0.106943 0.062908 0.0166951 0.00611957 
3.57443e-10 5.83649e-09 1.0677e-07 3.9289e-07 3.92462e-07 5.30586e-06 0.000235936 0.000169731 0.00078483 0.998803 
1.57508e-07 2.57395e-06 4.78772e-05 0.000171863 8.87565e-05 0.000259969 0.00176628 0.0105801 0.201551 0.785532 
4.3188e-07 7.04879e-06 0.000130111 0.000466935 0.000435501 0.000693938 0.00587693 0.0253999 0.812726 0.154264 
0.00053861 0.00548786 0.0221778 0.0516704 0.124663 0.202922 0.227227 0.313144 0.0407343 0.011435 
0.000347609 0.00528425 0.0198459 0.0503111 0.264687 0.332824 0.178366 0.0982992 0.0355763 0.0144586 
1.69496e-06 6.54046e-05 0.000123991 0.000427334 0.00327077 0.156832 0.470132 0.196516 0.102787 0.0698434 
1.63047e-05 0.000727112 0.000819737 0.00269312 0.00821315 0.0265966 0.0701001 0.134329 0.672395 0.0841102 
1.97994e-08 3.08841e-07 4.6573e-06 1.71143e-05 0.000168667 0.000409097 0.00282038 0.0133066 0.0446262 0.938647 
1.11169e-10 1.8175e-09 3.38739e-08 1.21327e-07 4.33474e-08 2.33111e-07 4.37217e-06 6.96435e-05 0.000405101 0.99952 
3.71438e-07 6.06061e-06 0.00011083 0.000397363 0.000339156 0.000614604 0.00522508 0.0222012 0.0754132 0.895692 
0.000119605 0.0023259 0.00942276 0.10846 0.0541791 0.0879137 0.51357 0.106653 0.0794737 0.037883 
7.72848e-06 0.000262225 0.00049603 0.00207324 0.0083583 0.0335632 0.101941 0.189067 0.567232 0.0969995 
4.37756e-08 7.12487e-07 1.15009e-05 4.24277e-05 8.93495e-05 0.000136935 0.00115964 0.00488896 0.0201532 0.973517 
1.17039e-05 0.000365333 0.000906865 0.00268772 0.0113466 0.0361791 0.0972317 0.657664 0.12618 0.0674276 
5.0113e-10 8.04667e-09 6.55962e-08 3.38264e-07 5.64637e-06 1.86943e-05 9.02973e-05 0.000634838 0.00789901 0.991351 
3.58417e-06 5.13247e-05 0.000258559 0.00108893 0.00660855 0.0256294 0.157863 0.638821 0.10845 0.0612252 
7.61425e-05 0.00116754 0.00501598 0.0233603 0.0804736 0.552568 0.178132 0.107719 0.0387652 0.0127213 
4.9934e-05 0.000887777 0.00243053 0.00731024 0.0295298 0.0931953 0.174371 0.599255 0.069402 0.0235684 
5.47843e-07 1.28196e-05 0.000111021 0.000409079 0.0013964 0.00292814 0.0169403 0.73011 0.119048 0.129043 
2.18758e-05 0.000388207 0.00172816 0.00883011 0.0251507 0.0594096 0.113559 0.156312 0.599418 0.0351825 
3.19236e-07 4.88318e-06 3.89436e-05 0.00021235 0.00151467 0.00681332 0.0255901 0.639109 0.212409 0.114307 
1.6385e-06 6.25932e-05 0.000128313 0.00045697 0.00167575 0.00653993 0.0244525 0.574352 0.304407 0.0879233 
8.7771e-13 1.38527e-11 1.60679e-10 3.87894e-09 1.2886e-07 4.1421e-06 6.31384e-05 0.000897318 0.00551408 0.993521 
3.63846e-13 7.18111e-12 1.46472e-10 3.90985e-09 9.67439e-08 5.23311e-06 0.00033231 0.00256966 0.0182832 0.97881 
3.5218e-07 8.41836e-06 3.4384e-05 0.000290517 0.00275683 0.0116188 0.0486784 0.683691 0.147357 0.105564 
6.30665e-05 0.00115291 0.00372274 0.0117374 0.0595074 0.518225 0.14607 0.12125 0.0877778 0.0504937 
0.000103258 0.00232968 0.00972236 0.0464881 0.473286 0.196687 0.15178 0.0777831 0.0298216 0.0119982 
9.80869e-06 0.000404069 0.000558442 0.00180245 0.00584786 0.0212036 0.0554342 0.650414 0.162407 0.101919 
1.07951e-05 0.00023129 0.000572718 0.00161696 0.0082796 0.0281029 0.0845195 0.629754 0.154072 0.0928397 
3.03993e-07 4.9667e-06 8.74991e-05 0.000315895 0.000449613 0.000713133 0.00497074 0.0242468 0.452998 0.516213 
1.90167e-06 8.52647e-05 0.000118193 0.000413856 0.00216701 0.0153479 0.368091 0.0983775 0.413853 0.101544 
1.77473e-07 2.87862e-06 4.79293e-05 0.000176666 0.000378449 0.000652035 0.00427924 0.0194685 0.209163 0.765831 
8.57979e-06 0.000401226 0.000393407 0.00112056 0.0034685 0.0108708 0.0245907 0.049032 0.646973 0.263141 
2.90607e-06 8.83681e-05 0.000211206 0.00104161 0.00427402 0.0177826 0.169144 0.409858 0.123774 0.273823 
3.02581e-06 0.000106683 0.000197662 0.000792342 0.00421114 0.0151745 0.0514568 0.125059 0.688858 0.11414 
1.62268e-07 2.65574e-06 4.88236e-05 0.000175519 0.000121806 0.000313255 0.00282797 0.434716 0.355079 0.206715 
1.91147e-08 3.10188e-07 5.55651e-06 2.09548e-05 7.26512e-05 0.000505013 0.00533893 0.0348187 0.889233 0.0700045 
3.11214e-06 4.61127e-05 0.000211039 0.00123256 0.00656933 0.0220259 0.0731282 0.680231 0.13828 0.0782727 
2.69156e-07 4.4001e-06 8.19488e-05 0.000293459 8.69972e-05 0.000156089 0.00196188 0.011959 0.905209 0.0802471 
0.000283677 0.00460881 0.0136004 0.0316335 0.0918437 0.171229 0.522037 0.101049 0.0448227 0.0188924 
2.96725e-07 4.85157e-06 9.01735e-05 0.000323372 0.00017159 0.000314813 0.00248991 0.0130426 0.0472474 0.936315 
7.43382e-06 0.000316372 0.000462638 0.00153088 0.00429052 0.0181995 0.492041 0.190303 0.167939 0.124909 
3.67181e-06 0.000138707 0.000248508 0.000875215 0.00315127 0.014476 0.0447932 0.110734 0.710793 0.114786 
4.29632e-08 7.02535e-07 1.31034e-05 4.69026e-05 1.40448e-05 2.55368e-05 0.000964175 0.00332392 0.0160047 0.979607 
5.1649e-05 0.000956646 0.0025839 0.00833086 0.0384436 0.114741 0.529322 0.178741 0.0920686 0.0347619 
1.27144e-07 2.64632e-06 2.48534e-05 9.49208e-05 0.000604369 0.00116601 0.00487245 0.0291927 0.874301 0.0897407 
1.55934e-05 0.00053355 0.000728792 0.00324733 0.015413 0.0654097 0.569277 0.166341 0.115051 0.0639825 
3.75751e-07 9.67798e-06 4.93889e-05 0.00028097 0.00202622 0.00826374 0.0339082 0.0979323 0.768682 0.0888474 
7.22213e-37 1.92072e-33 4.9119e-30 2.63046e-26 1.92385e-22 3.04426e-18 4.46672e-14 1.16761e-09 0.000110954 0.999889 
3.1647e-06 0.000132552 0.000209656 0.000690793 0.00294039 0.0163316 0.495152 0.100323 0.292987 0.0912294 
4.72858e-06 0.000140818 0.000346669 0.00136335 0.00547257 0.0229096 0.0766198 0.163871 0.628965 0.100306 
2.80975e-07 4.41564e-06 3.23896e-05 0.000178524 0.0016844 0.00528229 0.0227001 0.0844853 0.772551 0.113081 
6.22493e-10 1.00976e-08 1.78791e-07 6.99155e-07 1.22958e-06 3.15405e-05 0.000296305 0.00197755 0.0127856 0.984907 
4.79581e-07 7.46371e-06 0.000116176 0.000411144 0.000460335 0.000842259 0.00642121 0.0263902 0.0778809 0.88747 
4.86475e-06 0.000187201 0.000372525 0.00129448 0.00348131 0.0119338 0.0378724 0.0922651 0.730465 0.122123 
1.55859e-07 2.54357e-06 4.66758e-05 0.000167265 5.59861e-05 0.000110002 0.00170299 0.00634612 0.0270468 0.964522 
6.56271e-09 1.06277e-07 1.91517e-06 7.04163e-06 5.22831e-05 3.58457e-05 0.000184672 0.00919009 0.974019 0.0165095 
2.37227e-06 7.31529e-05 0.000200343 0.000737628 0.00266637 0.0130025 0.0415218 0.651198 0.179446 0.111152 
2.01391e-06 8.20859e-05 0.000201858 0.000662767 0.00135499 0.00432177 0.0297342 0.698407 0.1278 0.137434 
4.29458e-05 0.00125303 0.00207283 0.00666468 0.0250043 0.0671001 0.140151 0.631493 0.0952512 0.0309672 
8.23382e-07 1.24053e-05 0.000149753 0.000569269 0.00144888 0.00605193 0.0213622 0.0718911 0.76812 0.130394 
3.36334e-08 5.49248e-07 1.01981e-05 3.67259e-05 1.41112e-05 0.000104874 0.00120982 0.00908606 0.950963 0.0385744 
1.03491e-06 2.3938e-05 0.000200193 0.000741996 0.00208302 0.00733977 0.0378004 0.576221 0.164328 0.211261 
1.17093e-06 5.65577e-05 7.07355e-05 0.000209317 0.00127368 0.00317042 0.0145935 0.0581832 0.109289 0.813152 
8.40594e-05 0.00751635 0.0624607 0.0190655 0.095299 0.209361 0.502269 0.0752716 0.0218648 0.00680859 
2.93192e-07 4.79172e-06 8.91062e-05 0.000318794 9.60595e-05 0.000110791 0.00192431 0.00866803 0.0294863 0.959302 
1.5641e-07 2.54277e-06 4.04367e-05 0.000150063 0.000505687 0.00163152 0.0138905 0.767919 0.121343 0.0945173 
1.1893e-06 3.34356e-05 0.000164352 0.000582892 0.00183776 0.00406934 0.0136589 0.0466999 0.115003 0.817949 
7.49872e-05 0.00150034 0.00480413 0.0198129 0.0706339 0.452838 0.204778 0.147941 0.068805 0.0288119 
7.79558e-06 0.000281834 0.00047034 0.0018272 0.00718563 0.0255651 0.0677743 0.134969 0.674902 0.087016 
0.000231342 0.0040354 0.0191693 0.0652173 0.143527 0.477987 0.156213 0.0795704 0.0370343 0.0170143 
4.90558e-09 7.90658e-08 1.19822e-06 4.97802e-06 9.39355e-05 0.000181176 0.000742466 0.00364986 0.0150042 0.980322 
1.71725e-07 2.72077e-06 3.29361e-05 0.000129528 0.000818907 0.00286249 0.0158095 0.0693549 0.792159 0.11883 
3.10584e-05 0.00125877 0.00140425 0.00520831 0.0230023 0.0808506 0.535079 0.175826 0.118354 0.058986 
3.91045e-07 6.39428e-06 0.000119248 0.000426661 0.000119002 8.34312e-05 0.000980939 0.00513592 0.0195109 0.973617 
3.88564e-08 6.09584e-07 9.03148e-06 3.24631e-05 0.000264442 0.000509386 0.0038561 0.0160571 0.04963 0.929641 
3.37354e-05 0.00105551 0.00196782 0.00930715 0.0248718 0.058339 0.100743 0.493802 0.258854 0.0510258 
1.7064e-07 2.6685e-06 4.22429e-05 0.000161941 0.00072805 0.0036316 0.019753 0.074383 0.126545 0.774752 
2.07837e-14 1.11583e-12 4.22292e-11 1.72972e-09 3.73437e-08 2.69526e-06 0.000136636 0.00159948 0.0127635 0.985498 
3.16924e-07 7.43228e-06 3.98197e-05 0.000143724 0.000671933 0.00234396 0.0112097 0.171698 0.754806 0.0590793 
4.37377e-06 0.000125249 0.000339638 0.0016489 0.00971019 0.046331 0.12687 0.64178 0.105774 0.0674167 
1.54447e-07 2.53103e-06 4.02245e-05 0.000147978 0.000341052 0.000606089 0.0039387 0.017168 0.377675 0.60008 
0.000184674 0.00356465 0.0178231 0.235992 0.157351 0.161736 0.11061 0.253398 0.0409232 0.0184165 
6.43768e-06 0.000276894 0.000356928 0.00104369 0.00327679 0.0115933 0.0281758 0.0623143 0.112822 0.780133 
9.8737e-06 0.000278742 0.000536937 0.0021884 0.0106797 0.040069 0.112074 0.557911 0.158342 0.11791 
4.7293e-07 7.75912e-06 0.000131486 0.000480242 0.00111475 0.00427067 0.034739 0.10107 0.725708 0.132477 
8.08556e-05 0.00166077 0.00536162 0.0231488 0.0773793 0.17749 0.495947 0.136171 0.0599612 0.0227992 
8.25374e-07 1.98378e-05 0.000104449 0.000401077 0.00226696 0.00565899 0.0231595 0.0817262 0.733028 0.153634 
3.77236e-05 0.000590576 0.00308426 0.0144401 0.0367374 0.0873748 0.144238 0.60292 0.0830748 0.0275015 
6.52051e-06 0.000251551 0.000460844 0.00160251 0.00527712 0.0175878 0.0468791 0.0905694 0.136943 0.700422 
3.37703e-19 5.26075e-17 1.37615e-14 9.52735e-12 2.99303e-09 4.71856e-07 0.000160962 0.000517916 0.00909653 0.990224 
1.31701e-07 2.1033e-06 3.58424e-05 0.000136184 0.000263767 0.00134489 0.0850143 0.617728 0.2285 0.0669749 
3.59966e-06 0.000146941 0.000213796 0.000677908 0.00251844 0.00998875 0.0341878 0.0954159 0.756618 0.100229 
5.86155e-08 9.59611e-07 1.73966e-05 6.54441e-05 0.000142322 0.00112038 0.0350782 0.294988 0.576817 0.0917702 
1.35816e-06 4.67396e-05 0.000153646 0.00053334 0.00156394 0.005516 0.0199726 0.0683326 0.765034 0.138846 
1.59686e-08 2.5898e-07 3.88809e-06 1.54464e-05 0.000103152 7.70959e-05 0.000323431 0.00255636 0.0160004 0.98092 
9.28883e-07 2.54049e-05 8.55355e-05 0.000368431 0.00226507 0.00884889 0.0338226 0.10852 0.727651 0.118412 
2.31534e-07 3.78443e-06 7.03186e-05 0.000251879 0.000136782 0.000445602 0.00358055 0.0221692 0.872456 0.100886 
1.68934e-05 0.000686657 0.000831536 0.00294853 0.0113549 0.0352823 0.113252 0.113589 0.677161 0.044878 
3.67529e-05 0.00106555 0.00236168 0.00842016 0.0267743 0.0679318 0.112125 0.143261 0.586899 0.0511243 
2.73342e-08 4.51547e-07 2.93628e-06 1.4184e-05 0.000243131 0.000364923 0.00182607 0.00766291 0.0264686 0.963417 
2.28371e-07 3.73406e-06 6.96282e-05 0.000249218 7.17603e-05 0.00011246 0.00154003 0.00609736 0.0228912 0.968964 
4.72568e-07 7.72349e-06 0.000142235 0.000510299 0.000405423 0.000883084 0.00682529 0.0394458 0.845339 0.106441 
8.60871e-08 1.33168e-06 1.89419e-05 7.30803e-05 0.000333273 0.00263956 0.0172652 0.797813 0.112601 0.0692537 
1.46267e-07 2.39179e-06 4.46176e-05 0.000159649 4.49806e-05 3.64345e-05 0.00112569 0.00436972 0.0195171 0.974699 
1.54808e-05 0.000715808 0.000682449 0.00186538 0.00681578 0.0248158 0.0609608 0.127333 0.670266 0.10653 
3.41825e-08 5.54402e-07 8.86136e-06 3.30768e-05 0.000103469 0.00016549 0.00108091 0.00670967 0.942622 0.0492762 
2.44127e-07 3.98602e-06 7.38304e-05 0.000266077 0.000212259 0.0003704 0.00367721 0.020517 0.86129 0.113589 
1.14873e-07 1.84794e-06 2.67519e-05 0.000135571 0.000796043 0.00750186 0.236252 0.246581 0.0667919 0.441913 
0.000114889 0.00227521 0.00809001 0.0316768 0.314364 0.37563 0.14269 0.0781899 0.0341679 0.0128013 
2.69597e-05 0.0004078 0.00213133 0.006834 0.020214 0.0487466 0.0802762 0.644729 0.127166 0.0694684 
2.78277e-19 4.33337e-17 1.13282e-14 7.83955e-12 2.46295e-09 3.89119e-07 0.000129622 0.000507589 0.00869431 0.990668 
4.14829e-05 0.00096397 0.00260788 0.0222815 0.221321 0.105417 0.336551 0.124976 0.109195 0.0766452 
1.25874e-05 0.000202934 0.000871904 0.00443727 0.0265559 0.089002 0.592412 0.14526 0.0926239 0.0486212 
2.04541e-08 3.89597e-07 2.06726e-06 1.03868e-05 0.000241427 0.00030064 0.00118824 0.0044811 0.0117349 0.982041 
1.45035e-13 5.02605e-12 1.61826e-10 7.66221e-09 1.62077e-07 6.92432e-06 0.00020524 0.00222299 0.0162899 0.981275 
3.05829e-08 5.00098e-07 9.32897e-06 3.33793e-05 9.36286e-06 8.87178e-06 0.000123833 0.000810737 0.0045347 0.994469 
1.50758e-07 2.46402e-06 4.57105e-05 0.000163787 8.45446e-05 7.23292e-05 0.000988413 0.00408285 0.0148363 0.979723 
1.81444e-05 0.000471503 0.00104259 0.00447729 0.0166845 0.0457177 0.107938 0.688279 0.0956658 0.0397048 
0.000176436 0.00240365 0.0101751 0.0481723 0.162964 0.3048 0.291049 0.118547 0.044332 0.0173815 
5.78793e-08 9.49068e-07 1.62301e-05 5.89399e-05 7.15969e-05 0.000124456 0.000945011 0.00346796 0.0128814 0.982433 
0.00751262 0.0385094 0.284013 0.478609 0.111652 0.0541985 0.0192327 0.0047896 0.00116259 0.000321157 
4.23136e-06 0.000153759 0.000290529 0.00113686 0.00396885 0.0168245 0.60533 0.152998 0.137621 0.0816725 
2.94077e-05 0.000468204 0.00236218 0.0124605 0.0324738 0.0751187 0.126376 0.143028 0.575172 0.0325113 
1.4403e-07 2.44785e-06 3.3065e-05 0.000127417 0.000694385 0.000937103 0.00374464 0.0179368 0.0518792 0.924645 
2.38949e-06 8.84384e-05 0.000172524 0.000609574 0.00194147 0.00829861 0.0279892 0.263131 0.622542 0.0752241 
4.02355e-06 0.000107915 0.000301329 0.00136973 0.00662185 0.0254242 0.604284 0.170882 0.126106 0.0648984 
4.85061e-08 7.8787e-07 9.7042e-06 3.95776e-05 0.000430519 0.000619708 0.00362172 0.0146447 0.0455143 0.935119 
2.66572e-06 7.42618e-05 0.000190846 0.000847897 0.00371361 0.0134286 0.0418669 0.103555 0.716784 0.119536 
7.27841e-08 1.25604e-06 7.94318e-06 3.80794e-05 0.000659493 0.000996654 0.00351582 0.0130884 0.0328215 0.948871 
7.06696e-06 0.000285798 0.000426621 0.00140232 0.00572945 0.0226015 0.0839293 0.625307 0.159799 0.100512 
1.68883e-08 3.09937e-07 1.70392e-06 1.12779e-05 0.000377332 0.00026852 0.000495313 0.00283778 0.00361634 0.992391 
1.70374e-06 6.69471e-05 0.000158322 0.000520197 0.00141539 0.00294431 0.0095892 0.0304446 0.0707208 0.884138 
7.61995e-05 0.00147203 0.00477423 0.0177261 0.0521706 0.127585 0.179535 0.53925 0.0588901 0.0185216 
4.64257e-07 8.3193e-06 0.000107215 0.000401669 0.00162411 0.00241746 0.0108621 0.0403988 0.0971218 0.847058 
4.44454e-07 6.7358e-06 4.98088e-05 0.00028608 0.00258032 0.010874 0.0565435 0.717261 0.124797 0.0876012 
2.00161e-06 3.6572e-05 0.00021303 0.00086578 0.00391396 0.0131713 0.0428826 0.648605 0.160356 0.129954 
4.2618e-07 6.91588e-06 0.000118543 0.000431656 0.00082609 0.00162279 0.0107274 0.0561232 0.747529 0.182614 
2.98174e-09 4.87594e-08 9.09249e-07 3.25505e-06 9.95464e-07 1.19068e-06 4.39795e-05 0.000318632 0.00419949 0.995431 
2.22951e-07 3.64562e-06 6.79879e-05 0.00024336 7.02671e-05 0.000146604 0.00143545 0.00771966 0.0297655 0.960547 
3.79531e-06 5.27673e-05 0.000288252 0.00147491 0.0228765 0.153427 0.122684 0.604476 0.0707011 0.0240163 
4.38484e-06 0.000150446 0.000270157 0.00112075 0.00556118 0.0265639 0.103268 0.6492 0.140849 0.0730124 
5.12974e-07 8.37255e-06 0.000153406 0.00054924 0.000308521 0.000516679 0.00382274 0.0195987 0.063375 0.911667 
1.01866e-05 0.000267704 0.000593323 0.00236948 0.0115157 0.0513763 0.362051 0.232937 0.268429 0.0704506 
0.00033133 0.00391586 0.0150652 0.0343736 0.19613 0.466363 0.151994 0.0892922 0.0318365 0.0106973 
1.30625e-16 1.31719e-14 5.76192e-13 3.19805e-11 1.42379e-09 1.64194e-07 4.44762e-05 0.000251361 0.00589705 0.993807 
4.62844e-06 0.00018052 0.000399523 0.00132981 0.00257016 0.010631 0.0352903 0.0820908 0.133599 0.733904 
4.1041e-08 7.90936e-07 4.00406e-06 2.47748e-05 0.000787677 0.000793063 0.00172521 0.00696708 0.0169721 0.972725 
1.20611e-05 0.000599643 0.00043066 0.00113741 0.00712466 0.0381164 0.603684 0.15728 0.123495 0.0681195 
0.000210529 0.00305786 0.0219504 0.171258 0.367127 0.190511 0.108853 0.0602901 0.0648813 0.0118595 
2.70315e-08 4.34391e-07 7.13556e-06 2.51965e-05 0.000125582 0.00035152 0.00283535 0.0123473 0.0450529 0.939255 
7.76436e-09 1.2694e-07 2.36077e-06 8.48823e-06 4.14622e-06 8.7221e-05 0.00126538 0.00414371 0.015399 0.97909 
9.91409e-08 1.55021e-06 2.32243e-05 9.03807e-05 0.000343 0.00404976 0.0251012 0.076438 0.847685 0.0462683 
7.99242e-07 2.5947e-05 8.58823e-05 0.000304261 0.00129998 0.00298169 0.0126672 0.0347641 0.0757113 0.872159 
2.33792e-07 3.85811e-06 5.97652e-05 0.000219554 0.000672056 0.00111208 0.00643247 0.0279763 0.458063 0.505461 
1.96661e-06 2.87587e-05 0.000146238 0.000816918 0.00459737 0.0167761 0.0573422 0.134363 0.699261 0.0866663 
1.26678e-05 0.000523577 0.000796619 0.00242707 0.00692826 0.0242583 0.0721106 0.62213 0.164195 0.106618 
7.17046e-05 0.00133185 0.00500213 0.0201315 0.117049 0.159934 0.14909 0.481525 0.0488522 0.0170128 
5.89141e-06 0.000231492 0.00042364 0.0014616 0.00417521 0.0157565 0.0457836 0.632979 0.166959 0.132225 
0.00582139 0.0702353 0.179922 0.128003 0.181677 0.145464 0.209009 0.0507101 0.0197826 0.00937667 
6.83885e-05 0.00160434 0.00382436 0.0145519 0.0417739 0.096558 0.142671 0.419954 0.24849 0.0305033 
4.19577e-07 6.85757e-06 0.000113538 0.000418628 0.000770066 0.00246064 0.0182558 0.0775617 0.778743 0.121669 
4.48471e-07 7.29532e-06 0.000129586 0.00046757 0.000419458 0.000742616 0.00642509 0.0265102 0.0828853 0.882413 
1.1671e-06 3.24554e-05 0.000188631 0.000690035 0.00218664 0.00490337 0.0232788 0.0845882 0.696075 0.188056 
0.000640731 0.00589893 0.105557 0.142715 0.270885 0.316458 0.0956348 0.0420824 0.0151078 0.00502079 
5.15675e-06 0.000197104 0.000305875 0.00123723 0.00475079 0.0176795 0.0559549 0.129358 0.70359 0.0869208 
1.62143e-07 2.6695e-06 4.74925e-05 0.000171694 0.0002574 0.00043657 0.00395224 0.0231494 0.868536 0.103446 
1.47329e-05 0.000494591 0.000843554 0.003496 0.0166175 0.0595489 0.591174 0.168574 0.108209 0.0510272 
2.72027e-05 0.000505755 0.00213122 0.0173316 0.467811 0.119192 0.130221 0.117699 0.0914544 0.0536263 
0.000280839 0.00420503 0.0127438 0.0349524 0.428008 0.261002 0.15634 0.0642507 0.0263032 0.011914 
2.9466e-07 4.84371e-06 7.54123e-05 0.000280421 0.000818638 0.0012324 0.00740369 0.0296964 0.0805417 0.879946 
0.00072766 0.00889469 0.0394126 0.0991623 0.165772 0.407651 0.148883 0.0774497 0.0367956 0.015251 
2.26127e-05 0.000339816 0.00159135 0.00905017 0.0241208 0.0631749 0.141835 0.627861 0.0964964 0.0355082 
3.2786e-05 0.0011989 0.00200804 0.00736418 0.0258584 0.0789603 0.150184 0.594149 0.10257 0.0376742 
2.5786e-05 0.00092356 0.00138635 0.00544658 0.0222042 0.0676344 0.155565 0.611211 0.100163 0.0354399 
3.00027e-07 4.93087e-06 8.68866e-05 0.000315059 0.000361022 0.00043999 0.00183658 0.00855293 0.0274045 0.960998 
3.63629e-07 5.90074e-06 0.000104932 0.00037902 0.000326917 0.00134685 0.00623148 0.0249758 0.0605804 0.906048 
3.6287e-07 6.27283e-06 9.03197e-05 0.000338953 0.000893166 0.00181446 0.00989725 0.03467 0.0923745 0.859915 
4.16022e-07 6.75153e-06 0.000118254 0.000427772 0.00065555 0.00150035 0.0103711 0.0437384 0.764882 0.178299 
4.54676e-05 0.000807261 0.0022954 0.00698488 0.0309188 0.0898072 0.54359 0.164476 0.100589 0.060485 
4.01471e-07 6.55349e-06 0.000121252 0.000433523 0.000277006 0.000446549 0.00470967 0.0178144 0.0544328 0.921758 
9.85349e-08 1.57818e-06 1.81807e-05 7.12056e-05 0.0003195 0.000862296 0.00604234 0.0221024 0.0633663 0.907216 
7.24329e-05 0.00117486 0.00438271 0.0351364 0.16273 0.323901 0.297524 0.109573 0.049889 0.0156162 
5.35095e-07 8.73018e-06 0.000157493 0.000565862 0.000443808 0.000783041 0.00672749 0.0281539 0.0843765 0.878783 
9.95169e-07 2.01824e-05 0.000105723 0.000776162 0.00396652 0.0180176 0.0833872 0.662404 0.139018 0.0923038 
7.53082e-06 0.000307582 0.000429937 0.00166484 0.00648644 0.0254471 0.0844414 0.641966 0.14677 0.092479 
4.49916e-06 0.00018478 0.000275109 0.000863612 0.00292284 0.0122843 0.0386306 0.0980689 0.15196 0.694806 
7.17278e-11 1.17255e-09 2.18361e-08 7.83418e-08 3.46177e-08 4.03844e-07 1.44701e-05 5.18426e-05 0.00126108 0.998672 
2.45177e-06 9.17142e-05 0.000247589 0.000830382 0.00183531 0.0065916 0.0207016 0.0565387 0.112046 0.801115 
4.57741e-05 0.00111019 0.00265419 0.00826602 0.03313 0.101751 0.587412 0.156011 0.0780585 0.0315618 
7.18116e-07 1.02194e-05 6.64394e-05 0.000314163 0.0018397 0.0105067 0.0417766 0.732279 0.135661 0.0775453 
3.64197e-07 5.96353e-06 8.57444e-05 0.000319961 0.00105242 0.00191333 0.00885322 0.0301909 0.0720679 0.88551 
3.02596e-07 4.943e-06 9.17884e-05 0.000328737 0.000130309 0.00032315 0.00395193 0.021513 0.638103 0.335553 
8.91822e-13 1.63932e-11 2.84982e-10 7.19896e-09 1.82865e-07 9.48397e-06 0.000242376 0.00259678 0.0170623 0.980089 
0.00392594 0.0268421 0.172765 0.252393 0.343674 0.137143 0.0510076 0.00863803 0.00286377 0.000746962 
2.49302e-14 4.07626e-13 7.5915e-12 2.7259e-11 1.30358e-11 1.05052e-09 1.01806e-09 3.55583e-07 0.00112063 0.998879 
7.10918e-25 1.47064e-21 3.07038e-18 5.54492e-15 1.11283e-12 2.7085e-09 1.90889e-07 8.8091e-05 0.0060469 0.993865 
5.07502e-05 0.00152209 0.00236268 0.00786618 0.0357143 0.376964 0.303481 0.135318 0.10004 0.0366819 
2.99255e-07 4.88793e-06 7.01488e-05 0.000735013 0.0154098 0.531582 0.0829458 0.13338 0.12931 0.106562 
6.13964e-07 9.35263e-06 0.00011527 0.000442163 0.00142871 0.00592307 0.0303454 0.104154 0.703825 0.153756 
2.5013e-07 4.08597e-06 7.59097e-05 0.000272108 0.000116176 0.000432617 0.0040161 0.0209513 0.845716 0.128416 
0.000123573 0.0021557 0.00833042 0.0292899 0.30808 0.275032 0.232138 0.0953271 0.037505 0.0120179 
3.9335e-07 6.23272e-06 8.99328e-05 0.000360728 0.000757043 0.00347871 0.0159436 0.0592923 0.126121 0.79395 
5.00229e-06 0.000170464 0.000281265 0.0012693 0.00690461 0.249686 0.206568 0.339378 0.12723 0.068508 
2.88948e-05 0.000418585 0.00216693 0.012611 0.0288167 0.0634708 0.0938892 0.110682 0.11888 0.569036 
3.03857e-06 0.00014181 0.000181265 0.00050724 0.000810426 0.00227459 0.00748026 0.0218123 0.0472171 0.919572 
1.00535e-06 1.45113e-05 9.34879e-05 0.000482413 0.00375848 0.016965 0.179021 0.481855 0.254988 0.062821 
4.65457e-06 0.000169914 0.000330364 0.00115852 0.00373704 0.0138438 0.0382862 0.0814654 0.584477 0.276528 
2.33287e-05 0.00061232 0.00130768 0.00448093 0.017425 0.0551405 0.405482 0.233485 0.241916 0.0401282 
2.78411e-07 9.79321e-06 3.9894e-05 0.00013913 0.000373241 0.000635397 0.00263388 0.0105433 0.143089 0.842536 
0.000541834 0.00760637 0.0316758 0.100552 0.382528 0.235449 0.138836 0.0658019 0.025362 0.0116468 
4.04404e-30 1.05303e-26 2.29515e-23 4.08021e-20 3.29884e-18 2.43026e-14 7.56667e-11 1.48554e-07 0.000537554 0.999462 
1.17395e-07 1.91967e-06 3.58106e-05 0.000128131 3.61456e-05 0.000223471 0.00335153 0.0151858 0.215978 0.765059 
1.30312e-06 4.52921e-05 0.000178708 0.00061268 0.00131222 0.00213387 0.0111921 0.0537755 0.133997 0.796751 
2.76939e-06 8.68056e-05 0.000233569 0.000803843 0.00286194 0.0107289 0.0325954 0.0729277 0.131091 0.748668 
4.67889e-05 0.000854978 0.00290389 0.0141253 0.0361756 0.0849016 0.610854 0.155548 0.0707868 0.0238033 
