23986
7.37386e-19 2.98907e-15 1.4984e-11 2.43428e-10 7.57286e-08 0.000245502 0.00241243 0.00844778 0.988283 0.000610723 
1.84412e-19 7.47698e-16 3.74801e-12 4.71444e-11 1.63063e-08 3.219e-05 0.000729661 0.00573394 0.991775 0.00172954 
2.54991e-09 9.83665e-07 0.000187679 0.00389725 0.0149019 0.97545 0.00549492 6.64422e-05 3.81107e-07 4.16788e-09 
1.11801e-12 4.70957e-09 2.35834e-05 0.000275833 0.00368218 0.975054 0.0177089 0.0031257 0.000129528 1.51878e-07 
4.4041e-19 1.78524e-15 8.94988e-12 2.0135e-10 8.57751e-08 0.00027362 0.982561 0.0133125 0.00368234 0.000170647 
3.63509e-16 1.52496e-12 7.64645e-09 1.2178e-07 3.20005e-05 0.00436369 0.979867 0.0155824 0.000154215 3.18514e-07 
9.82193e-19 3.98214e-15 1.99626e-11 3.63027e-10 1.05871e-07 0.000257205 0.00549852 0.991418 0.0026856 0.000140199 
7.6081e-19 3.08439e-15 1.54626e-11 3.26747e-10 1.26365e-07 0.000377619 0.00530802 0.990302 0.00378019 0.000232029 
2.02466e-07 2.31105e-05 0.0082967 0.0371261 0.943481 0.0108281 0.000243871 7.96023e-07 1.58087e-08 6.44003e-11 
5.77754e-31 1.86417e-27 1.03824e-23 4.7991e-20 1.10302e-16 3.35066e-13 5.40711e-10 1.16491e-06 0.000174022 0.999825 
0.00430352 0.0344244 0.954728 0.00653441 9.60606e-06 3.57443e-08 2.45158e-10 1.31619e-14 2.66144e-16 6.6917e-20 
2.14139e-24 5.95631e-21 2.71658e-17 5.09801e-14 3.90935e-11 8.01423e-08 6.61208e-06 7.13813e-05 0.996881 0.00304139 
2.23074e-23 6.30755e-20 2.90921e-16 5.57746e-13 4.96878e-10 1.01202e-06 0.000410324 0.00374213 0.994532 0.00131438 
2.09737e-13 7.8878e-10 3.91905e-06 3.78287e-05 0.00106961 0.365072 0.629685 0.00396217 0.000169907 3.43834e-07 
3.32532e-16 1.40787e-12 7.06681e-09 8.8647e-08 3.75673e-06 0.00162302 0.980159 0.0157827 0.00230442 0.000126785 
1.58623e-09 7.34179e-07 0.000304422 0.0111327 0.976228 0.0120009 0.000332963 5.92118e-07 1.32402e-08 3.31348e-11 
3.50672e-29 1.08091e-25 5.91998e-22 3.18597e-18 8.15414e-15 2.21917e-10 2.96805e-08 3.17924e-05 0.000936348 0.999032 
2.1572e-23 6.10063e-20 2.81367e-16 5.3854e-13 4.7878e-10 9.77732e-07 0.000392127 0.00319896 0.215481 0.780927 
1.49625e-12 6.22184e-09 3.11138e-05 0.000393101 0.00677401 0.0199641 0.971274 0.00143525 0.000128079 2.18146e-08 
2.1888e-23 6.18009e-20 2.84883e-16 5.47747e-13 4.8541e-10 9.80482e-07 0.000396826 0.00277001 0.995843 0.000989274 
9.29429e-13 3.66892e-09 1.82162e-05 0.000210633 0.00918834 0.985704 0.00473106 0.000146645 6.79133e-07 2.61629e-08 
1.0542e-18 4.12806e-15 2.05765e-11 4.09376e-09 1.05047e-06 0.000694977 0.00626098 0.990268 0.00264133 0.000133904 
2.90784e-16 1.22977e-12 6.16966e-09 8.80417e-08 6.16941e-06 0.00298194 0.981992 0.0131915 0.00172732 0.000101195 
2.74076e-23 7.74637e-20 3.57227e-16 6.97299e-13 8.03379e-10 2.3673e-06 0.00107378 0.989206 0.00821825 0.00149952 
4.85714e-06 0.00222404 0.932071 0.0510484 0.0143684 0.000270546 1.27983e-05 2.26538e-09 3.16839e-11 5.68897e-14 
1.29182e-29 4.20194e-26 2.3291e-22 1.03086e-18 2.28839e-15 6.46106e-12 1.05508e-08 2.00318e-05 0.000902356 0.999078 
3.85046e-18 1.46857e-14 7.26962e-11 1.22959e-09 1.40712e-07 0.000266169 0.00527665 0.99205 0.00231459 9.22716e-05 
3.5256e-06 0.00107143 0.00837812 0.031537 0.954811 0.00419153 7.19266e-06 3.57185e-08 3.01788e-09 8.21788e-13 
1.61954e-29 5.28026e-26 2.92297e-22 1.27763e-18 2.80755e-15 7.76187e-12 1.09024e-08 1.42966e-05 0.00086314 0.999123 
4.56768e-05 0.0105666 0.956871 0.02673 0.00560787 0.000177429 1.83305e-06 7.43495e-11 4.3485e-12 1.10587e-15 
1.05491e-12 4.28964e-09 2.13863e-05 0.00025582 0.00460407 0.983751 0.0101018 0.00126508 1.22951e-06 5.11755e-08 
3.91147e-24 1.101e-20 5.04044e-17 9.09319e-14 6.97556e-11 1.45174e-07 1.34085e-05 0.00149659 0.995795 0.00269454 
7.19641e-19 2.91777e-15 1.46263e-11 2.22861e-10 8.86251e-08 0.000242868 0.00418772 0.993456 0.00202616 8.70628e-05 
3.35256e-13 1.31403e-09 6.46708e-06 0.000106464 0.00504338 0.981455 0.0117313 0.00165363 3.43885e-06 1.26067e-07 
1.86427e-29 6.06873e-26 3.36259e-22 1.48222e-18 3.27831e-15 9.09753e-12 1.27254e-08 1.69217e-05 0.000984996 0.998998 
3.56281e-16 1.4848e-12 7.44431e-09 1.16892e-07 3.42388e-05 0.0042439 0.983973 0.0100168 0.00172954 2.21353e-06 
6.05901e-16 2.53694e-12 1.27172e-08 1.87052e-07 3.37297e-05 0.00545267 0.988022 0.00615984 0.000329508 2.18033e-06 
3.15448e-29 1.02914e-25 5.69434e-22 2.4793e-18 5.42936e-15 1.49955e-11 2.22767e-08 3.32488e-05 0.00181129 0.998155 
2.35999e-09 1.01784e-06 0.000410206 0.0107194 0.0382265 0.949934 0.000707969 5.74733e-07 1.39388e-08 4.16031e-11 
1.20875e-07 5.90095e-05 0.00099211 0.0120241 0.976631 0.0102098 8.3024e-05 4.21339e-07 1.34131e-08 2.65828e-11 
1.39425e-14 2.07294e-11 7.39834e-08 1.69385e-05 0.00144396 0.00780364 0.500811 0.489787 0.000137829 2.91555e-07 
9.45776e-24 2.68909e-20 1.24714e-16 2.45953e-13 2.37813e-10 4.90275e-07 0.000268661 0.00347654 0.00899152 0.987263 
1.13186e-16 4.65734e-13 2.33277e-09 3.89726e-08 2.03684e-05 0.00123843 0.014745 0.982591 0.00131613 8.92635e-05 
1.20293e-23 3.36955e-20 1.54908e-16 3.04497e-13 2.67705e-10 5.38762e-07 0.000207648 0.00201003 0.99635 0.00143162 
4.36605e-16 1.82804e-12 9.16564e-09 1.40461e-07 3.24945e-05 0.00483887 0.989967 0.00497079 0.000190127 3.71432e-07 
6.59984e-21 2.67234e-17 1.33936e-13 1.97601e-12 5.42044e-10 9.31847e-07 0.000380399 0.00352506 0.994851 0.00124241 
5.91768e-19 2.39899e-15 1.20253e-11 1.37279e-10 1.32296e-08 1.71655e-05 0.00202356 0.994511 0.00294533 0.000502735 
1.43149e-12 6.26129e-09 3.15581e-05 0.000369156 0.00657765 0.972284 0.015804 0.00459596 0.000337274 8.76912e-07 
2.80726e-36 9.56511e-33 5.70813e-29 4.21797e-25 2.2277e-21 4.49329e-17 3.10361e-13 3.5782e-09 6.12054e-05 0.999939 
9.70878e-28 3.66051e-24 1.86359e-20 3.10537e-17 7.78197e-14 3.55687e-10 6.03093e-08 0.000156593 0.00133246 0.998511 
4.04778e-10 2.1044e-07 0.000203953 0.00526088 0.973792 0.0175223 0.00310726 0.000112325 5.68753e-07 2.17081e-08 
1.6703e-29 5.46447e-26 3.01827e-22 1.29358e-18 2.7959e-15 7.57398e-12 1.10316e-08 1.4589e-05 0.00105613 0.998929 
1.13528e-12 4.5242e-09 2.24973e-05 0.000309639 0.00988664 0.984154 0.00546955 0.000157023 7.87108e-07 2.49461e-08 
6.15134e-19 2.49377e-15 1.25008e-11 1.66032e-10 5.77503e-08 8.43707e-05 0.00125932 0.982067 0.0152515 0.00133736 
1.51928e-23 4.29586e-20 1.98387e-16 3.86106e-13 3.53675e-10 7.23203e-07 0.000328427 0.0030606 0.994388 0.00222233 
1.57481e-16 6.55511e-13 3.2828e-09 5.74967e-08 2.3687e-05 0.00265323 0.978074 0.0178877 0.00131831 4.29705e-05 
1.56477e-16 6.58836e-13 3.30419e-09 6.46334e-08 3.12007e-05 0.00376961 0.987177 0.00773465 0.00128553 2.04821e-06 
2.21665e-23 6.27469e-20 2.90022e-16 5.74372e-13 6.56893e-10 1.82091e-06 0.00108542 0.00453762 0.993672 0.000703189 
5.36915e-21 2.10469e-17 1.06812e-13 1.10712e-10 6.55116e-08 0.000224059 0.976033 0.0211547 0.00249148 9.65e-05 
2.77141e-29 9.04192e-26 5.00306e-22 2.17798e-18 4.7678e-15 1.30315e-11 1.81806e-08 2.24861e-05 0.00114383 0.998834 
4.92443e-23 1.18326e-19 5.45553e-16 3.52899e-12 7.33886e-09 6.49143e-05 0.00271628 0.991237 0.00513789 0.000844078 
3.42538e-29 1.11744e-25 6.18307e-22 2.6927e-18 5.89641e-15 1.62643e-11 2.39908e-08 3.51796e-05 0.989444 0.0105205 
2.60665e-06 0.000767856 0.00993146 0.954219 0.0289098 0.00604443 0.000124771 3.75217e-07 1.25542e-08 3.15605e-11 
3.48752e-29 1.13754e-25 6.29513e-22 2.74427e-18 6.01507e-15 1.65304e-11 2.37988e-08 3.44707e-05 0.994079 0.00588641 
6.11689e-16 2.56413e-12 1.2856e-08 2.10666e-07 6.2182e-05 0.00781929 0.982925 0.00866549 0.000527292 8.48445e-07 
9.57898e-19 3.8827e-15 1.94657e-11 4.36671e-10 3.05095e-07 0.000657407 0.982931 0.0138379 0.00248593 8.79269e-05 
0.00232373 0.0214803 0.964794 0.0112167 0.000185174 1.58704e-07 5.21869e-10 2.17803e-14 5.25486e-16 1.10584e-19 
1.77435e-23 5.00959e-20 2.30912e-16 4.44212e-13 3.93443e-10 8.03461e-07 0.000328694 0.00330488 0.995139 0.00122698 
2.21073e-16 9.35363e-13 4.69293e-09 6.06749e-08 2.54866e-06 0.00103483 0.00682479 0.989372 0.00262712 0.000138297 
1.56666e-23 4.43071e-20 2.04447e-16 3.93549e-13 3.54712e-10 7.33621e-07 0.000305122 0.00388263 0.994414 0.00139709 
1.53612e-29 5.00715e-26 2.77188e-22 1.21248e-18 2.66454e-15 7.30497e-12 1.02591e-08 1.31931e-05 0.000853528 0.999133 
8.37708e-24 2.34918e-20 1.08192e-16 2.15865e-13 2.0127e-10 4.22341e-07 0.000181673 0.00149903 0.994781 0.00353793 
6.64083e-11 2.52405e-08 4.44319e-05 0.00182813 0.966231 0.0258103 0.00586731 0.000217396 8.85646e-07 2.80525e-08 
0.000298102 0.014469 0.963964 0.0196426 0.00162002 6.618e-06 8.44264e-08 7.27269e-12 4.04839e-13 1.38431e-16 
4.65694e-06 0.00136896 0.0162569 0.966768 0.0152586 0.000329465 1.34166e-05 3.71295e-09 4.76586e-11 9.29947e-14 
1.20148e-23 3.3965e-20 1.56997e-16 3.09295e-13 2.8939e-10 5.93142e-07 0.00028993 0.00296367 0.995692 0.001054 
5.19951e-20 2.10777e-16 1.05653e-12 1.26345e-11 1.6428e-09 1.40963e-06 0.000493562 0.00500463 0.992966 0.00153443 
7.23161e-16 3.03101e-12 1.52015e-08 2.06615e-07 6.53363e-05 0.155842 0.83886 0.00498884 0.000242707 5.09524e-07 
7.00152e-09 3.6878e-06 0.00216275 0.0184496 0.968728 0.0104944 0.000161085 5.67859e-07 1.37167e-08 4.57204e-11 
2.63132e-06 0.000775055 0.0136522 0.966798 0.0174768 0.00122191 7.33652e-05 1.99957e-07 6.88634e-09 1.29916e-11 
5.76845e-09 3.23386e-06 0.00419114 0.956415 0.018556 0.0171105 0.00355643 0.000167213 6.51471e-07 2.17286e-08 
0 0 0 0 0 0 0 0 0 1 
1.08305e-12 4.38914e-09 2.18243e-05 0.000379574 0.970619 0.0241527 0.00472702 9.92278e-05 6.24738e-07 1.93965e-08 
2.11917e-09 9.20239e-07 0.000332095 0.00764901 0.0273748 0.963725 0.000916835 1.19818e-06 3.5244e-08 3.3106e-10 
5.6503e-15 9.14571e-12 3.13176e-08 6.63589e-06 0.00279357 0.964245 0.0275587 0.00528134 0.000114767 4.56482e-07 
6.52187e-19 2.64394e-15 1.32547e-11 2.90343e-10 1.26918e-07 0.000344147 0.00474917 0.992193 0.00259045 0.000123392 
3.71621e-05 0.00305635 0.0168302 0.970269 0.00960705 0.000187158 1.32579e-05 1.46071e-10 8.99523e-12 2.33558e-15 
8.9257e-34 3.09083e-30 1.85901e-26 1.39547e-22 7.72972e-19 6.67468e-15 5.39953e-12 1.48912e-08 0.000131339 0.999869 
1.00373e-18 4.06941e-15 2.03998e-11 3.50854e-10 9.59599e-08 0.000169214 0.00289795 0.0105707 0.985673 0.000689033 
1.08729e-18 4.40835e-15 2.20991e-11 3.8985e-10 8.61013e-08 0.000250431 0.00526389 0.991896 0.00248413 0.000105001 
2.51284e-09 1.08166e-06 0.000372589 0.0116447 0.975775 0.0120372 0.000168417 5.82167e-07 1.43775e-08 4.61959e-11 
8.70569e-19 3.51983e-15 1.76376e-11 1.15222e-09 1.65102e-06 0.000648217 0.979432 0.0168555 0.00291605 0.000146827 
1.19084e-12 5.05085e-09 2.53121e-05 0.000293427 0.00305553 0.97949 0.0147767 0.00227036 8.85306e-05 7.80404e-08 
1.49914e-09 6.14216e-07 0.000242606 0.381866 0.607271 0.00992219 0.000689696 8.21164e-06 7.70979e-08 5.5072e-10 
1.06461e-34 3.89098e-31 2.42524e-27 1.9176e-23 1.15529e-19 5.8131e-16 1.02781e-12 3.1793e-09 6.47035e-06 0.999994 
0.00192529 0.342484 0.647502 0.00794489 0.00014336 5.24927e-07 5.20641e-08 4.88139e-13 3.1903e-14 7.15751e-18 
4.4455e-29 1.51095e-25 8.74017e-22 4.72337e-18 1.76026e-14 1.06872e-10 1.87529e-07 0.000770818 0.99599 0.00323948 
4.51565e-19 1.83104e-15 9.17926e-12 1.80566e-10 6.24767e-08 0.000225478 0.493412 0.504366 0.00188763 0.000108932 
4.04841e-24 1.15128e-20 5.3107e-17 9.79926e-14 8.47313e-11 1.84465e-07 5.93284e-05 0.000895223 0.00272563 0.99632 
2.79156e-29 9.10257e-26 5.0385e-22 2.20065e-18 4.83167e-15 1.32773e-11 1.86825e-08 2.41664e-05 0.00143177 0.998544 
1.4631e-06 0.00039596 0.0135811 0.0459651 0.93889 0.00107959 8.64257e-05 2.70197e-07 8.63079e-09 2.06841e-11 
1.1669e-29 3.789e-26 2.10261e-22 9.39898e-19 2.104e-15 6.03081e-12 9.87e-09 1.94209e-05 0.00102164 0.998959 
1.23168e-29 4.02131e-26 2.26626e-22 1.08843e-18 2.72486e-15 1.02724e-11 8.33046e-08 0.000493953 0.996934 0.00257175 
1.0559e-23 2.98873e-20 1.37736e-16 2.59705e-13 2.25371e-10 4.57758e-07 0.000164473 0.00243087 0.995664 0.00174044 
3.49795e-22 1.30598e-18 6.60039e-15 7.5784e-12 2.02733e-08 4.94254e-05 0.000622532 0.00421381 0.993973 0.00114091 
6.52796e-23 2.63297e-19 1.31287e-15 2.09646e-13 1.95486e-10 3.71404e-07 0.000196357 0.00292244 0.995699 0.00118135 
2.1373e-09 9.51821e-07 0.000345234 0.0133066 0.972393 0.0138184 0.000135411 5.10374e-07 1.27916e-08 4.55997e-11 
0.000349557 0.0128966 0.97142 0.0150741 0.000258307 1.19648e-06 7.8825e-08 5.11193e-12 3.36078e-13 1.21137e-16 
3.53329e-16 1.29198e-12 6.30561e-09 3.2637e-06 0.000732111 0.00571917 0.990114 0.00331219 0.000119046 2.44058e-07 
8.0933e-30 2.64015e-26 1.46062e-22 6.35967e-19 1.39333e-15 3.92401e-12 6.53717e-09 1.25664e-05 0.000301254 0.999686 
2.12837e-23 6.0037e-20 2.76577e-16 5.31269e-13 4.66965e-10 9.48802e-07 0.000364859 0.00310013 0.995495 0.00103928 
2.28048e-06 0.000626753 0.0156044 0.963491 0.0189626 0.00129209 2.07019e-05 2.7654e-09 4.16795e-11 5.61748e-14 
1.44434e-23 4.07935e-20 1.88564e-16 3.73973e-13 3.50728e-10 7.17574e-07 0.000356732 0.0032789 0.988046 0.00831718 
3.91878e-16 1.65621e-12 8.31284e-09 1.03085e-07 4.46723e-06 0.00146043 0.974999 0.0219775 0.00146908 8.92107e-05 
2.61306e-26 7.71241e-23 3.90853e-19 1.3575e-15 2.2022e-12 3.55378e-09 6.01238e-06 3.82844e-05 0.001464 0.998492 
1.64681e-29 5.37774e-26 2.97372e-22 1.28768e-18 2.80666e-15 7.76705e-12 1.18985e-08 1.88938e-05 0.000824575 0.999157 
0.00186313 0.919166 0.0540076 0.0226111 0.00232837 2.17053e-05 2.35564e-06 2.19089e-11 1.14575e-12 3.26725e-16 
2.48127e-10 1.26365e-07 5.1392e-05 0.00370422 0.0181699 0.97455 0.00334914 0.00017486 5.47048e-07 1.96279e-08 
9.17414e-22 3.74592e-18 1.88057e-14 5.22228e-12 2.35474e-09 5.53518e-06 0.000468843 0.00418633 0.993837 0.00150227 
1.72944e-23 4.89189e-20 2.2564e-16 4.31681e-13 3.83608e-10 7.73104e-07 0.000316136 0.00280757 0.995962 0.000913122 
6.94807e-16 2.91618e-12 1.46277e-08 1.81046e-07 8.29241e-06 0.00244304 0.0126593 0.984102 0.000769304 1.80555e-05 
1.64676e-12 6.71964e-09 3.35015e-05 0.000925299 0.966693 0.0262399 0.00587149 0.000236092 1.02895e-06 4.34086e-08 
0.00788708 0.9574 0.0267059 0.00785872 0.000146967 1.51572e-06 8.83483e-08 1.36482e-10 9.49869e-13 2.63147e-15 
4.96395e-29 1.59809e-25 8.88957e-22 4.4154e-18 1.13097e-14 2.14514e-10 5.86507e-08 0.000169237 0.00535875 0.994472 
1.33798e-12 5.59229e-09 2.79551e-05 0.000330368 0.00765381 0.981113 0.0101268 0.000746171 1.66694e-06 5.2736e-08 
6.82207e-19 2.7663e-15 1.38682e-11 3.07926e-10 1.40257e-07 0.000563768 0.975011 0.0207449 0.00352439 0.000155357 
1.16093e-18 4.85883e-15 2.4358e-11 1.98572e-09 2.50895e-06 0.000574515 0.00681306 0.989906 0.00256814 0.000135478 
7.47095e-19 3.0289e-15 1.51849e-11 3.50521e-10 1.37604e-07 0.000382502 0.00596045 0.99059 0.00294191 0.000124906 
2.14395e-29 7.00294e-26 3.87197e-22 1.67458e-18 3.6472e-15 9.99256e-12 1.51908e-08 2.32209e-05 0.00122169 0.998755 
2.24227e-09 8.56701e-07 0.000190625 0.00719791 0.965829 0.02318 0.00349714 0.000103607 4.17127e-07 3.39607e-09 
5.0197e-09 3.60272e-06 0.00466701 0.957547 0.0282542 0.00937861 0.000149083 5.85324e-07 1.51013e-08 3.59368e-11 
8.47808e-21 3.47173e-17 1.74567e-13 4.75118e-11 3.44888e-08 8.55964e-05 0.00328238 0.991062 0.00488704 0.000682734 
2.61196e-23 7.38515e-20 3.4051e-16 6.50297e-13 5.74594e-10 1.16452e-06 0.000459362 0.00401753 0.99416 0.00136153 
2.82315e-19 1.14451e-15 5.73762e-12 1.14671e-10 2.3011e-08 9.09144e-05 0.00136286 0.00607378 0.991539 0.000933862 
1.67274e-17 6.6777e-14 3.31194e-10 1.06953e-08 5.28998e-06 0.00187825 0.984614 0.0115405 0.00184906 0.000113079 
1.18149e-24 3.34838e-21 1.54425e-17 2.9131e-14 2.55609e-11 5.23747e-08 1.95652e-05 0.000917102 0.995564 0.00349946 
1.26439e-17 5.23858e-14 2.6247e-10 1.64526e-08 2.38233e-05 0.00128071 0.01207 0.983684 0.0028349 0.000106436 
1.86574e-23 5.2874e-20 2.44208e-16 4.68751e-13 4.23898e-10 8.61379e-07 0.000376988 0.00311876 0.995403 0.00110002 
2.89857e-16 1.21636e-12 6.09962e-09 8.69718e-08 1.42827e-05 0.00209668 0.286194 0.711377 0.000296367 2.17904e-05 
6.01673e-24 1.73033e-20 8.0844e-17 1.61219e-13 1.66205e-10 3.43398e-07 0.000231785 0.00248904 0.99568 0.00159902 
7.68698e-13 2.98513e-09 1.47895e-05 0.000192087 0.00693206 0.988842 0.00387102 0.000147698 5.29394e-07 1.56044e-08 
1.64023e-23 4.63643e-20 2.13808e-16 4.09874e-13 3.64283e-10 7.43874e-07 0.000298963 0.00331809 0.995137 0.00124488 
4.21743e-23 1.22154e-19 5.6173e-16 9.74834e-13 8.74357e-10 1.53601e-06 0.000520305 0.00326888 0.995298 0.000911181 
5.31839e-16 2.22488e-12 1.11568e-08 1.52295e-07 2.10649e-05 0.00442244 0.983049 0.0109784 0.00151332 1.52838e-05 
2.61622e-24 7.41065e-21 3.45328e-17 7.37278e-14 7.99397e-11 1.82006e-07 0.000114009 0.00239406 0.995702 0.00178959 
1.77069e-29 5.77905e-26 3.19699e-22 1.38908e-18 3.03659e-15 8.32864e-12 1.25919e-08 1.91831e-05 0.000830625 0.99915 
4.40244e-16 1.85415e-12 9.30275e-09 1.44833e-07 3.9673e-05 0.00445751 0.98805 0.00696599 0.000475573 1.15568e-05 
5.90331e-16 2.47236e-12 1.23965e-08 1.64734e-07 1.89398e-05 0.00434648 0.985137 0.00996656 0.000529828 1.03732e-06 
2.47869e-09 1.04361e-06 0.000284331 0.00571878 0.0194594 0.972565 0.00195656 1.46503e-05 2.537e-07 1.50514e-08 
2.94955e-29 9.63451e-26 5.3268e-22 2.30331e-18 5.01493e-15 1.37188e-11 1.97342e-08 2.6315e-05 0.00146554 0.998508 
1.92312e-30 6.32389e-27 3.4811e-23 1.44698e-19 3.04295e-16 8.10383e-13 1.20505e-09 1.5182e-06 0.000165057 0.999833 
1.98074e-29 6.47298e-26 3.58683e-22 1.56793e-18 3.48323e-15 9.97038e-12 1.56367e-08 2.73771e-05 0.00132151 0.998651 
2.10781e-29 6.87627e-26 3.80484e-22 1.657e-18 3.62826e-15 9.93701e-12 1.36685e-08 1.6327e-05 0.000895134 0.999089 
6.74024e-14 5.48236e-11 9.99981e-08 3.04303e-05 0.00247337 0.656219 0.338541 0.00266166 7.3776e-05 1.51636e-07 
7.84816e-19 3.18193e-15 1.59518e-11 3.33631e-10 1.18603e-07 0.000348038 0.00550294 0.990205 0.00367866 0.000265211 
2.57349e-29 8.39722e-26 4.64613e-22 2.02143e-18 4.42293e-15 1.20508e-11 1.62297e-08 1.77229e-05 0.00114771 0.998835 
1.20487e-24 3.38354e-21 1.55026e-17 2.87505e-14 2.28814e-11 4.63465e-08 8.33133e-06 6.69084e-05 0.0017989 0.998126 
4.00023e-06 0.00123133 0.0175178 0.965064 0.0157938 0.000370497 1.83465e-05 3.72143e-09 3.33394e-10 9.33604e-14 
1.4933e-23 4.21491e-20 1.94296e-16 3.74564e-13 3.33042e-10 6.76983e-07 0.000278693 0.4958 0.503028 0.000892891 
2.38283e-29 7.78179e-26 4.30297e-22 1.86262e-18 4.05837e-15 1.11099e-11 1.61394e-08 2.21528e-05 0.0012045 0.998773 
5.15947e-16 2.15731e-12 1.08139e-08 1.77361e-07 5.03316e-05 0.00621266 0.982005 0.0105207 0.00109744 0.000113852 
2.49056e-23 7.02691e-20 3.23285e-16 6.10012e-13 5.15833e-10 1.02585e-06 0.000334368 0.00100715 0.00219601 0.996461 
5.82762e-23 1.86943e-19 9.27992e-16 2.32748e-12 1.1258e-09 2.00295e-06 0.000503746 0.97366 0.0244511 0.00138272 
4.66244e-06 0.00157275 0.0207747 0.960951 0.0162587 0.000414068 2.44018e-05 3.0129e-09 4.50564e-11 7.57506e-14 
1.06547e-23 3.00905e-20 1.39046e-16 2.74757e-13 2.56385e-10 5.24248e-07 0.000255714 0.00238563 0.00498916 0.992369 
2.3119e-23 6.52057e-20 2.9985e-16 5.64243e-13 4.77502e-10 9.87786e-07 0.00029539 0.00365936 0.994155 0.00188898 
1.25505e-23 3.54711e-20 1.63808e-16 3.24298e-13 3.64198e-10 1.02656e-06 0.00104215 0.99244 0.00553606 0.000981057 
3.23188e-19 1.30141e-15 6.51722e-12 7.40134e-10 1.08254e-06 0.000570672 0.984337 0.012844 0.00214761 9.97969e-05 
7.99971e-14 4.17016e-11 7.0074e-08 1.24697e-05 0.00310737 0.739512 0.251371 0.00548061 0.000516035 8.31822e-07 
1.09764e-29 3.58133e-26 1.98188e-22 8.63059e-19 1.89041e-15 5.22799e-12 7.06578e-09 8.15833e-06 0.000534147 0.999458 
5.7589e-07 0.000191607 0.00325851 0.866818 0.127354 0.0023674 9.45938e-06 6.93074e-08 1.75578e-09 3.35437e-12 
1.0567e-16 4.40309e-13 2.20715e-09 3.55671e-08 9.81798e-06 0.00217799 0.985996 0.0102835 0.00149161 4.14837e-05 
6.88135e-19 2.78966e-15 1.39849e-11 2.71194e-10 1.06848e-07 0.000281649 0.98203 0.0155693 0.00202299 9.59302e-05 
4.08266e-17 1.70191e-13 8.52055e-10 1.90746e-08 1.00319e-05 0.00181105 0.981331 0.0145129 0.00224438 9.03579e-05 
9.7957e-20 3.97494e-16 1.99343e-12 1.14605e-10 5.04491e-08 0.000162481 0.0021713 0.989951 0.00678969 0.000925208 
3.02248e-45 5.16066e-41 2.61512e-36 6.96615e-29 1.11578e-24 1.07778e-19 2.13791e-15 2.25747e-11 1.13055e-07 1 
6.17063e-29 2.07561e-25 1.19855e-21 7.272e-18 3.27161e-14 1.4463e-10 1.98533e-07 0.000520518 0.996741 0.00273842 
1.02778e-24 2.94896e-21 1.3825e-17 2.9169e-14 3.25011e-11 8.65321e-08 5.27939e-05 0.00259184 0.995915 0.00144008 
2.00129e-32 5.45132e-29 2.92241e-25 2.62475e-21 1.23724e-17 4.94705e-13 6.53359e-09 3.16305e-05 0.000901131 0.999067 
3.29232e-18 1.3382e-14 6.65018e-11 1.04539e-08 1.63655e-05 0.000801704 0.985362 0.0118571 0.0018679 9.44262e-05 
3.97179e-12 1.21396e-08 5.47704e-05 0.00539484 0.964447 0.024583 0.00530922 0.000210326 9.22271e-07 3.64641e-08 
1.41886e-18 5.97794e-15 3.0005e-11 4.69975e-10 1.31064e-07 0.000314993 0.00462084 0.990617 0.00436719 7.9432e-05 
1.11529e-12 4.62346e-09 2.31077e-05 0.000274703 0.00568576 0.988199 0.00548646 0.00032993 6.07435e-07 2.46388e-08 
1.12416e-12 4.47167e-09 2.22098e-05 0.000279825 0.0050423 0.0145536 0.977956 0.00201688 0.00012896 7.05886e-08 
2.39689e-09 9.69398e-07 0.000267876 0.00540178 0.0204715 0.971349 0.00250188 6.51356e-06 1.83631e-07 3.16056e-10 
1.27367e-30 4.1638e-27 2.30104e-23 9.90418e-20 2.14741e-16 5.7762e-13 7.20446e-10 5.10894e-07 0.000101212 0.999898 
3.26288e-06 0.000902341 0.0154809 0.962166 0.02053 0.000894728 2.31972e-05 3.69358e-08 1.97369e-10 1.65112e-12 
4.78854e-16 1.99961e-12 1.00293e-08 2.89212e-07 5.2671e-05 0.00442728 0.990717 0.0046772 0.000124874 3.56993e-07 
1.2323e-09 7.2166e-07 0.000678983 0.0120547 0.975784 0.0113845 9.47585e-05 2.70799e-06 1.11869e-08 2.77037e-11 
2.36768e-29 7.77309e-26 4.33836e-22 2.04328e-18 5.99648e-15 2.18963e-11 2.84347e-08 3.89449e-05 0.00136907 0.998592 
1.75264e-25 5.7098e-22 3.18347e-18 1.43027e-14 3.25449e-11 6.24829e-08 9.53494e-05 0.000520446 0.00227143 0.997113 
1.4855e-23 4.18289e-20 1.9243e-16 3.68139e-13 3.1988e-10 6.59876e-07 0.00022618 0.00155183 0.00362482 0.994597 
9.40564e-11 1.02123e-07 0.000134864 0.00143131 0.0120294 0.98145 0.00476707 0.000185963 7.95613e-07 3.38812e-08 
1.65059e-06 0.000490377 0.0128337 0.965885 0.0177086 0.00297835 0.000101606 2.51258e-07 5.08374e-09 2.03103e-11 
1.33663e-29 4.34368e-26 2.40897e-22 1.07213e-18 2.39347e-15 7.03724e-12 1.27671e-08 4.51684e-05 0.00150378 0.998451 
4.30361e-20 1.7438e-16 8.74064e-13 1.06023e-11 1.7678e-09 3.65967e-06 0.00183065 0.979559 0.0171089 0.00149803 
2.5998e-29 8.95193e-26 5.20901e-22 2.84522e-18 1.15777e-14 5.52556e-11 1.38641e-07 0.000657176 0.997024 0.00231894 
2.66485e-10 1.78053e-07 0.000173671 0.00249359 0.0163382 0.976751 0.00411 0.000133094 7.42082e-07 4.27092e-08 
3.41098e-17 1.30963e-13 6.47309e-10 1.03635e-08 8.3681e-07 0.000602314 0.00761639 0.987552 0.00406295 0.00016518 
2.96693e-12 5.94745e-09 2.17339e-05 0.000302531 0.00813005 0.986607 0.00476058 0.000176879 7.86805e-07 3.00231e-08 
0.00820109 0.959956 0.0264257 0.00537832 3.86463e-05 5.8488e-07 2.69679e-08 3.82467e-12 2.22997e-13 9.45004e-17 
7.28477e-09 3.60607e-06 0.00255335 0.0187542 0.966423 0.0121013 0.000164005 6.39531e-07 1.63212e-08 4.84042e-11 
8.60053e-21 3.54628e-17 1.78001e-13 3.27354e-11 5.81634e-08 0.000186391 0.00305319 0.993252 0.00324584 0.000262461 
3.21384e-29 1.05038e-25 5.8258e-22 2.56214e-18 5.73341e-15 1.72482e-11 6.31805e-08 0.000310865 0.995921 0.00376779 
3.35621e-06 0.00097709 0.0144547 0.963175 0.0199589 0.00140877 2.25012e-05 3.34587e-09 4.2518e-11 7.17157e-14 
3.48774e-06 0.00120007 0.934171 0.0505964 0.0137471 0.000270935 1.07447e-05 2.53733e-09 3.36449e-11 6.36254e-14 
2.6864e-23 7.58706e-20 3.49825e-16 6.74084e-13 6.10825e-10 1.27154e-06 0.000984763 0.985285 0.0124461 0.00128266 
3.02397e-06 0.000881745 0.0139064 0.963744 0.0196252 0.00181691 2.29022e-05 3.53149e-09 9.60602e-11 7.93945e-14 
4.56007e-25 1.38779e-21 7.24886e-18 2.78218e-14 5.71097e-11 1.56156e-07 0.000154622 0.00371086 0.993748 0.00238589 
2.8305e-29 9.22864e-26 5.11529e-22 2.25223e-18 5.00136e-15 1.41091e-11 2.83498e-08 9.23071e-05 0.996002 0.0039061 
6.82001e-10 2.82498e-07 0.000122953 0.00376381 0.299402 0.69356 0.00306023 9.10407e-05 3.24338e-07 4.34375e-09 
2.19885e-09 9.08723e-07 0.000262752 0.00645988 0.956454 0.0347428 0.00205872 2.11172e-05 2.09323e-07 2.29201e-09 
6.45367e-24 1.8368e-20 8.529e-17 1.69489e-13 1.6714e-10 3.47608e-07 0.000201154 0.0024855 0.996402 0.00091097 
1.64898e-23 4.64979e-20 2.14482e-16 4.21745e-13 3.88372e-10 1.29313e-06 0.000800472 0.990861 0.0069059 0.00143115 
2.00684e-22 6.4465e-19 3.33738e-15 1.19494e-11 2.95351e-08 0.00013134 0.00143353 0.00537587 0.992522 0.000537353 
2.0683e-23 5.83065e-20 2.67965e-16 5.02476e-13 4.23741e-10 8.8934e-07 0.000244552 0.00280601 0.995816 0.00113233 
1.81384e-23 5.12276e-20 2.36102e-16 4.52261e-13 3.99645e-10 8.13296e-07 0.000316965 0.0029061 0.995856 0.000920552 
0.00174423 0.846484 0.129014 0.0222637 0.000490418 4.24721e-06 4.88876e-08 4.80358e-10 3.48889e-12 1.13582e-14 
2.06785e-23 5.84272e-20 2.69016e-16 5.07342e-13 4.32206e-10 8.5207e-07 0.000295359 0.000837138 0.0023782 0.996488 
8.19856e-13 3.50376e-09 1.76383e-05 0.000174399 0.00385655 0.0385288 0.954667 0.00266379 9.17657e-05 3.28332e-07 
5.48044e-16 2.30178e-12 1.15444e-08 1.6701e-07 2.73666e-05 0.00529813 0.988841 0.00560931 0.000223135 4.34374e-07 
2.90705e-29 9.47905e-26 5.24669e-22 2.29123e-18 5.02876e-15 1.38673e-11 2.0007e-08 2.78913e-05 0.00132805 0.998644 
2.11138e-29 6.88212e-26 3.8104e-22 1.66805e-18 3.67072e-15 1.01887e-11 1.52059e-08 2.33408e-05 0.00130066 0.998676 
1.76893e-29 5.76548e-26 3.1923e-22 1.39777e-18 3.07511e-15 8.37804e-12 1.15426e-08 1.3786e-05 0.000904804 0.999081 
1.61416e-18 5.07816e-15 2.34188e-11 1.64413e-08 1.40769e-05 0.00259809 0.98169 0.0125316 0.0030287 0.000137388 
6.26684e-30 2.05469e-26 1.13359e-22 4.80314e-19 1.0294e-15 2.74965e-12 3.99099e-09 4.89622e-06 0.000592028 0.999403 
7.38722e-16 3.1106e-12 1.56082e-08 2.12944e-07 3.0032e-05 0.00524231 0.988563 0.00590104 0.00026287 6.25491e-07 
1.16518e-23 3.3026e-20 1.52072e-16 2.80913e-13 2.36892e-10 5.00792e-07 0.000144232 0.00221175 0.99509 0.00255398 
5.53771e-20 2.24962e-16 1.12872e-12 1.12531e-10 8.72601e-08 0.000253904 0.0042358 0.992737 0.00266846 0.000105106 
2.54603e-24 7.25217e-21 3.33887e-17 5.93654e-14 4.78266e-11 9.69702e-08 2.09291e-05 0.000108804 0.00162575 0.998244 
1.71491e-23 4.84917e-20 2.23802e-16 4.32354e-13 3.90704e-10 8.03388e-07 0.000433201 0.992508 0.00600693 0.00105095 
2.81225e-12 6.67641e-09 2.65798e-05 0.00184931 0.0148219 0.977774 0.00532158 0.000205468 9.175e-07 3.88805e-08 
1.01652e-27 2.91732e-24 1.58631e-20 1.07639e-16 3.13884e-13 6.9284e-09 7.53237e-07 0.00126475 0.00364469 0.99509 
6.37668e-17 2.71184e-13 1.36168e-09 3.72076e-08 2.38864e-05 0.00308096 0.986025 0.00880175 0.00198639 8.15193e-05 
9.61424e-19 3.89795e-15 1.9539e-11 2.23606e-10 2.14272e-08 7.64336e-06 0.00110233 0.00560639 0.991839 0.00144412 
4.48854e-23 1.27656e-19 6.34795e-16 3.15361e-12 1.16203e-08 4.83763e-05 0.000560873 0.00513376 0.992669 0.00158788 
2.69187e-32 8.16586e-29 4.47502e-25 2.64471e-21 8.80004e-18 2.76338e-13 3.64507e-09 1.76281e-05 0.000430795 0.999552 
6.19316e-09 3.30809e-06 0.00304854 0.0179878 0.963793 0.013033 0.00196888 0.000165209 5.89397e-07 3.64175e-08 
1.12904e-23 3.18699e-20 1.47157e-16 2.89227e-13 2.66207e-10 5.38665e-07 0.000253454 0.0023693 0.498619 0.498758 
8.31072e-10 4.57597e-07 0.000325349 0.00905891 0.035351 0.95309 0.00204417 0.000130106 2.48403e-07 4.04117e-09 
4.29782e-19 1.74311e-15 8.73875e-12 2.10307e-10 3.90311e-08 9.27236e-05 0.00199316 0.00625418 0.991203 0.000457216 
1.37994e-18 5.17635e-15 2.55959e-11 5.38376e-10 1.26892e-07 0.000273056 0.00490698 0.990981 0.00367969 0.000159409 
1.43255e-21 5.84898e-18 2.93168e-14 6.87689e-12 3.36704e-09 9.74952e-05 0.00304846 0.0104116 0.985731 0.000711086 
1.25682e-29 4.10191e-26 2.26882e-22 9.85722e-19 2.15686e-15 6.15485e-12 1.11307e-08 2.40072e-05 0.00107295 0.998903 
1.29669e-23 3.67594e-20 1.69975e-16 3.30105e-13 3.07246e-10 6.32914e-07 0.000299841 0.00374938 0.994488 0.00146226 
2.4527e-23 6.93205e-20 3.19761e-16 6.15694e-13 5.50993e-10 1.11695e-06 0.000466178 0.0037567 0.994556 0.00122006 
1.69261e-23 4.77882e-20 2.19683e-16 4.08764e-13 3.41173e-10 7.1859e-07 0.000200853 0.00301625 0.995594 0.00118834 
3.84808e-29 1.31053e-25 7.60465e-22 4.2003e-18 1.57371e-14 6.79738e-11 1.47382e-07 0.000502823 0.996138 0.00335884 
4.84735e-30 1.59652e-26 8.78207e-23 3.61755e-19 7.53623e-16 1.83366e-12 2.23324e-09 5.15222e-08 4.14137e-05 0.999959 
7.07155e-20 2.866e-16 1.43665e-12 1.6302e-11 1.65977e-09 1.74045e-06 0.00148691 0.990553 0.00671523 0.00124307 
9.10891e-10 3.38118e-07 5.23174e-05 0.00118984 0.00959449 0.985151 0.0039401 7.10643e-05 5.83973e-07 2.78346e-08 
1.86769e-17 7.78419e-14 3.90046e-10 6.39913e-09 3.25883e-06 0.000374694 0.120526 0.877463 0.00151906 0.000114654 
1.79622e-23 5.08421e-20 2.34542e-16 4.47384e-13 3.96499e-10 7.99644e-07 0.000324612 0.00350313 0.995003 0.0011685 
9.74247e-13 3.84415e-09 1.90532e-05 0.000264904 0.0079004 0.98704 0.00460526 0.000169846 7.54703e-07 3.15329e-08 
5.13317e-17 2.21198e-13 1.11224e-09 1.40971e-08 7.24573e-07 0.00045649 0.00527637 0.992313 0.00189193 6.19334e-05 
5.42338e-19 2.199e-15 1.10242e-11 2.4836e-10 6.74508e-08 0.000210617 0.00439507 0.993408 0.00190203 8.37711e-05 
1.92164e-23 5.82295e-20 3.03917e-16 1.41187e-12 4.20425e-09 1.0974e-05 0.00028345 0.992188 0.00644803 0.00106996 
1.59604e-06 0.000525687 0.0130509 0.970137 0.0147392 0.00152052 2.49703e-05 7.16236e-08 5.89883e-10 4.28379e-12 
1.27655e-32 3.90955e-29 2.13981e-25 1.1474e-21 3.09229e-18 7.43401e-14 8.68918e-10 4.19042e-06 3.43892e-05 0.999961 
1.47706e-12 5.9984e-09 2.99128e-05 0.000378891 0.00968473 0.980959 0.00825318 0.000693153 1.37871e-06 5.17373e-08 
1.38354e-09 5.05457e-07 3.82653e-05 0.000975936 0.0101673 0.98389 0.0048487 7.84974e-05 6.56602e-07 2.19606e-08 
7.6352e-12 1.2523e-08 2.96293e-05 0.000483351 0.970079 0.0240711 0.00514601 0.000190028 7.74964e-07 2.36301e-08 
2.33947e-23 6.64339e-20 3.07248e-16 5.9114e-13 5.43501e-10 1.10928e-06 0.000517166 0.00470248 0.993048 0.0017309 
5.99672e-19 2.43078e-15 1.21861e-11 2.56317e-10 9.23607e-08 0.000182997 0.00203714 0.00746073 0.989603 0.000715644 
1.60584e-09 7.88357e-07 0.000374689 0.00915182 0.0363212 0.952483 0.00166308 4.90624e-06 3.89427e-07 3.73951e-08 
1.24041e-29 4.07334e-26 2.24486e-22 9.41421e-19 1.99482e-15 5.09955e-12 6.4566e-09 3.11169e-06 0.00025496 0.999742 
2.07938e-23 5.87849e-20 2.70953e-16 5.15927e-13 4.51883e-10 9.1211e-07 0.000348905 0.00301733 0.995651 0.000981523 
6.03626e-30 1.95159e-26 1.08573e-22 4.96686e-19 1.13275e-15 3.37771e-12 5.92029e-09 3.55238e-05 0.997188 0.00277694 
3.67883e-29 1.23224e-25 6.99671e-22 3.33319e-18 9.48154e-15 3.78787e-11 1.37731e-07 0.000635502 0.996359 0.00300493 
1.32865e-29 4.34611e-26 2.40059e-22 1.02915e-18 2.22295e-15 6.04102e-12 9.58083e-09 1.55334e-05 0.000944756 0.99904 
2.2794e-09 1.00436e-06 0.000381416 0.0123963 0.974761 0.0123073 0.000152042 5.81633e-07 1.57597e-08 4.38046e-11 
1.617e-29 5.28119e-26 2.92072e-22 1.26509e-18 2.76191e-15 7.77678e-12 1.36177e-08 2.7832e-05 0.00101564 0.998957 
1.09286e-09 4.89788e-07 0.000257142 0.0981972 0.789662 0.111311 0.000568319 4.02658e-06 9.29883e-08 5.4285e-09 
0.000452367 0.0134531 0.970975 0.0148696 0.000249215 1.1454e-06 6.83813e-08 5.12574e-12 3.13389e-13 1.23107e-16 
1.07407e-18 4.35401e-15 2.18247e-11 3.63519e-10 7.49135e-08 0.000154053 0.0042309 0.993176 0.00232114 0.000117413 
1.04615e-09 4.88839e-07 0.000222548 0.484511 0.507558 0.00761908 8.86183e-05 3.02464e-07 7.92788e-09 2.22904e-11 
1.10485e-12 4.53787e-09 2.26158e-05 0.000288669 0.00699688 0.987799 0.00471321 0.000179038 7.36442e-07 2.3784e-08 
1.71093e-17 7.13761e-14 3.56947e-10 1.13037e-08 2.43677e-06 0.00155043 0.00864696 0.986361 0.00325701 0.000181794 
1.46885e-23 4.14776e-20 1.91113e-16 3.65293e-13 3.21814e-10 6.69361e-07 0.000247986 0.00314207 0.995397 0.00121214 
2.14319e-14 1.71646e-11 3.13299e-08 2.09909e-06 0.000213915 0.44782 0.544657 0.00699686 0.000309006 5.92026e-07 
1.74365e-23 4.95828e-20 2.29484e-16 4.41236e-13 4.08163e-10 8.23064e-07 0.000400243 0.00326906 0.99517 0.00116018 
9.46215e-24 2.69563e-20 1.2504e-16 2.44129e-13 2.38971e-10 5.11883e-07 0.000445648 0.497231 0.501149 0.00117409 
4.55467e-25 1.30371e-21 5.99961e-18 1.02226e-14 7.83282e-12 1.61086e-08 1.61081e-06 5.39303e-05 0.995304 0.00464019 
0.000612111 0.0165724 0.952044 0.0283416 0.00240757 2.21234e-05 3.59612e-07 2.52875e-09 2.30471e-11 6.39527e-14 
2.32422e-29 7.59417e-26 4.19805e-22 1.8123e-18 3.94037e-15 1.0752e-11 1.59597e-08 2.40806e-05 0.996726 0.00325014 
1.34625e-12 5.68084e-09 2.80584e-05 0.000594294 0.00727169 0.97168 0.0154646 0.00452493 0.000352578 8.36304e-05 
2.25308e-29 7.35147e-26 4.0671e-22 1.76961e-18 3.8771e-15 1.12152e-11 2.65779e-08 0.000173016 0.996864 0.00296254 
2.9044e-19 1.17734e-15 5.90183e-12 8.66937e-11 2.31219e-08 3.77891e-05 0.00184216 0.00773215 0.989187 0.00120113 
9.5853e-13 4.02776e-09 2.01586e-05 0.000812477 0.0100051 0.500624 0.4884 0.000135431 2.10581e-06 1.6902e-08 
9.57437e-13 4.52395e-09 2.29591e-05 0.000224186 0.000905339 0.00786945 0.985335 0.00541999 0.000222674 4.1853e-07 
2.3831e-09 1.02803e-06 0.000344476 0.0096478 0.980318 0.00951069 0.000177054 6.62279e-07 1.65804e-08 4.72035e-11 
2.17776e-16 9.10092e-13 4.56298e-09 5.88581e-08 6.31355e-06 0.00151373 0.0112366 0.984093 0.00299862 0.000151579 
5.4522e-16 2.27408e-12 1.13847e-08 1.87237e-07 3.93091e-05 0.00484651 0.990008 0.00489729 0.000208499 4.36153e-07 
5.9678e-19 2.41958e-15 1.213e-11 2.64627e-10 1.34598e-07 0.000371115 0.00439594 0.992558 0.00257961 9.54622e-05 
1.24725e-09 5.00339e-07 0.000110002 0.00489724 0.0259675 0.964693 0.00421801 0.000112688 6.43901e-07 2.50705e-08 
4.43528e-16 1.87617e-12 9.41396e-09 1.45497e-07 1.7076e-05 0.00562829 0.0202636 0.972091 0.00188814 0.000111633 
3.1115e-16 1.29026e-12 6.46549e-09 1.04087e-07 3.5097e-05 0.00312512 0.0143766 0.981004 0.00142041 3.84611e-05 
2.193e-23 6.20217e-20 2.86473e-16 5.58019e-13 5.1296e-10 1.05729e-06 0.000481133 0.00439919 0.993422 0.00169675 
1.6809e-29 5.49833e-26 3.04668e-22 1.33016e-18 2.95238e-15 8.37416e-12 2.19098e-08 5.6982e-05 0.00109086 0.998852 
7.62034e-35 2.78517e-31 1.73603e-27 1.3746e-23 8.30065e-20 4.45978e-16 1.34974e-12 9.63747e-09 0.000129655 0.99987 
2.92045e-29 9.52332e-26 5.27114e-22 2.30151e-18 5.05196e-15 1.38853e-11 1.94685e-08 2.49488e-05 0.00149958 0.998475 
0.991151 0.00833984 0.000507814 9.20528e-07 7.70371e-10 1.33568e-12 2.30353e-14 3.00558e-19 1.4708e-20 3.42263e-24 
2.23152e-11 2.25851e-08 3.95559e-05 0.0012676 0.604002 0.391199 0.00335105 0.000140171 6.12597e-07 2.95753e-08 
4.00384e-29 1.30358e-25 7.21989e-22 3.21074e-18 7.25365e-15 5.22819e-11 3.05787e-08 4.59801e-05 0.00199487 0.997959 
1.81409e-23 5.12675e-20 2.36485e-16 4.55574e-13 4.08152e-10 8.27342e-07 0.000352542 0.00269376 0.995959 0.000994069 
1.8167e-23 5.13439e-20 2.37027e-16 4.60957e-13 4.2058e-10 8.61035e-07 0.000383351 0.00378084 0.993916 0.00191888 
5.17793e-16 2.01975e-12 1.00212e-08 3.46179e-06 0.000304579 0.00468508 0.989228 0.00526455 0.000513247 7.85059e-07 
2.86763e-11 1.34956e-08 3.31623e-05 0.000617489 0.00945354 0.984751 0.00497762 0.000166359 8.0632e-07 3.4149e-08 
7.95613e-19 3.22581e-15 1.61718e-11 3.57024e-10 1.33667e-07 0.000421539 0.00651481 0.989173 0.00367859 0.000211884 
1.36702e-29 4.4614e-26 2.46768e-22 1.07204e-18 2.34466e-15 6.6419e-12 1.1583e-08 2.38667e-05 0.0010458 0.99893 
2.49906e-09 1.09236e-06 0.000425901 0.011461 0.974972 0.0127848 0.000354598 6.02774e-07 1.39535e-08 4.91886e-11 
7.28305e-19 2.95261e-15 1.48019e-11 3.01517e-10 1.28638e-07 0.000259883 0.00404061 0.0129146 0.982373 0.000412267 
1.87808e-23 5.34604e-20 2.49524e-16 5.46703e-13 8.34245e-10 8.65496e-06 0.00217876 0.988805 0.00766368 0.00134373 
1.99613e-29 6.49914e-26 3.60067e-22 1.58562e-18 3.50385e-15 9.77e-12 1.32642e-08 1.63754e-05 0.000960643 0.999023 
1.62777e-09 6.08319e-07 0.000167235 0.00344128 0.0160266 0.977242 0.00306928 5.27832e-05 2.77585e-07 5.29097e-10 
2.07703e-23 5.85942e-20 2.69528e-16 5.08014e-13 4.29176e-10 8.54993e-07 0.000274546 0.00154793 0.995759 0.002418 
2.3617e-19 9.5754e-16 4.80001e-12 7.36038e-11 2.10878e-08 0.000132631 0.00255576 0.00922236 0.986986 0.00110288 
2.10772e-23 5.95387e-20 2.74307e-16 5.22167e-13 4.53795e-10 9.04553e-07 0.000341767 0.00152471 0.0037544 0.994378 
2.77513e-29 9.05633e-26 5.00997e-22 2.17781e-18 4.76344e-15 1.31959e-11 1.98306e-08 3.04987e-05 0.0017291 0.99824 
2.15891e-23 6.09344e-20 2.80716e-16 5.37222e-13 4.71972e-10 9.5615e-07 0.000364425 0.00306497 0.995552 0.00101813 
3.13501e-34 8.00674e-31 4.11327e-27 3.5604e-23 1.22232e-19 3.76556e-15 2.47132e-11 1.20447e-07 5.19591e-05 0.999948 
2.34867e-29 7.66241e-26 4.24315e-22 1.85628e-18 4.10136e-15 1.15983e-11 1.90526e-08 5.7257e-05 0.00160463 0.998338 
1.10658e-12 4.46179e-09 2.2201e-05 0.000297793 0.00812623 0.98671 0.00467557 0.000167079 7.65824e-07 3.19922e-08 
7.3788e-16 3.10344e-12 1.5571e-08 1.93507e-07 9.27399e-06 0.00274968 0.0152201 0.980444 0.0015321 4.47291e-05 
3.03321e-29 9.8917e-26 5.47493e-22 2.38963e-18 5.24303e-15 1.43735e-11 2.03557e-08 2.66058e-05 0.00129505 0.998678 
2.6314e-29 8.59392e-26 4.75234e-22 2.05728e-18 4.48319e-15 1.21311e-11 1.5786e-08 1.45209e-05 0.00123199 0.998753 
6.65323e-13 2.76397e-09 1.39005e-05 0.000124733 0.00134552 0.0079367 0.98566 0.00470543 0.000213221 5.09589e-07 
1.76613e-30 5.76916e-27 3.19225e-23 1.38606e-19 3.0437e-16 8.42841e-13 9.02132e-10 1.39229e-07 0.000382751 0.999617 
8.8677e-13 3.78946e-09 1.90589e-05 0.000385768 0.97237 0.0170902 0.00815638 0.00188021 9.84882e-05 2.48911e-07 
2.96474e-06 0.000905062 0.0114906 0.97755 0.00986225 0.000177995 1.06355e-05 1.9756e-09 2.64097e-11 5.1134e-14 
4.70886e-29 1.21091e-25 5.98228e-22 4.09223e-18 9.32322e-15 2.64736e-10 2.87225e-08 4.30874e-05 0.00118437 0.998773 
1.26685e-29 4.12365e-26 2.28499e-22 1.00826e-18 2.23506e-15 6.42033e-12 1.05762e-08 2.29313e-05 0.00103417 0.998943 
2.96654e-29 9.67485e-26 5.35428e-22 2.33601e-18 5.12461e-15 1.46016e-11 1.99507e-08 2.61982e-05 0.00153187 0.998442 
1.2221e-16 5.16139e-13 2.59058e-09 5.42804e-08 4.8397e-05 0.0051957 0.98432 0.0087569 0.00166474 1.39271e-05 
3.08108e-06 0.000910147 0.0160327 0.968824 0.0139095 0.000303085 1.75201e-05 1.10402e-09 2.40086e-11 2.43268e-14 
3.06667e-29 1.00045e-25 5.53589e-22 2.4111e-18 5.28198e-15 1.455e-11 2.16386e-08 3.2222e-05 0.00144572 0.998522 
1.83903e-23 5.20624e-20 2.40094e-16 4.5575e-13 4.01527e-10 8.20052e-07 0.000315522 0.00267096 0.996062 0.00095094 
6.07839e-16 2.40773e-12 1.23099e-08 1.47983e-05 0.00342284 0.975202 0.0152984 0.00523087 0.000829552 1.17268e-06 
7.19153e-26 2.36344e-22 1.33736e-18 7.132e-15 2.72586e-11 1.22571e-07 0.000314387 0.498305 0.49996 0.0014211 
3.40292e-06 0.00103275 0.0050647 0.0226407 0.963456 0.00778617 1.64227e-05 1.08353e-07 4.94639e-09 4.88713e-12 
1.72617e-12 6.97456e-09 3.41687e-05 0.00174231 0.015594 0.978053 0.00445051 0.000125504 6.49215e-07 1.93861e-08 
1.98623e-12 8.14478e-09 4.06905e-05 0.000811876 0.959548 0.0317856 0.00757057 0.000241879 1.11563e-06 3.50657e-08 
2.03102e-31 6.54363e-28 3.64192e-24 1.7026e-20 4.0326e-17 1.60983e-13 3.44512e-10 1.14157e-06 0.000394446 0.999604 
5.14843e-23 1.41756e-19 7.82622e-16 5.368e-12 1.65368e-08 0.00010713 0.986719 0.00923436 0.00335234 0.000586878 
5.34512e-44 9.1264e-40 4.62472e-35 1.23193e-27 1.97321e-23 1.90601e-18 3.78081e-14 5.48498e-10 9.64548e-06 0.99999 
1.66105e-23 4.71309e-20 2.17806e-16 4.17505e-13 3.80222e-10 7.82532e-07 0.000345921 0.00355015 0.00724194 0.988861 
0.0263216 0.956658 0.0161732 0.000845285 2.35448e-06 5.09225e-09 1.43416e-10 2.7601e-15 1.68163e-16 4.81846e-20 
4.78947e-31 1.57735e-27 8.67531e-24 3.57384e-20 7.4524e-17 1.87786e-13 2.5588e-10 1.78465e-07 0.000103574 0.999896 
2.01426e-12 8.62016e-09 4.32786e-05 0.000480039 0.00958609 0.984159 0.00551353 0.000217443 8.06454e-07 2.63233e-08 
2.90581e-15 5.89603e-12 1.9994e-08 1.36502e-05 0.00352213 0.69244 0.299294 0.00455271 0.00017675 5.1881e-07 
