3373
8.90236e-07 1.37544e-05 7.2678e-05 0.000406231 0.00308432 0.022044 0.074432 0.644793 0.147254 0.107899 
9.6542e-07 2.12971e-05 7.24908e-05 0.000477402 0.00132315 0.00348659 0.0104027 0.0263196 0.0439418 0.913954 
8.78978e-07 1.52105e-05 0.000133914 0.000478861 0.00204698 0.0048066 0.014355 0.0448792 0.776027 0.157257 
4.31997e-07 7.87229e-06 0.000108998 0.000401504 0.000319123 0.000759549 0.00463447 0.0162659 0.0543459 0.923156 
2.05492e-05 0.000622467 0.00128878 0.0039059 0.0106751 0.0345469 0.076196 0.151663 0.196354 0.524727 
9.68575e-10 1.58356e-08 2.94656e-07 1.0594e-06 6.03442e-07 5.11519e-06 0.000293488 0.00150199 0.0076974 0.9905 
2.7731e-17 9.50173e-16 6.73529e-14 1.10927e-11 3.15093e-09 5.01971e-07 0.000164565 0.000329144 0.00776028 0.991746 
5.68048e-06 0.000169216 0.000382469 0.00182357 0.00829444 0.0319424 0.497656 0.191315 0.156652 0.111759 
8.27621e-06 0.000288693 0.000454781 0.00175073 0.00561974 0.0237483 0.0617038 0.131953 0.633291 0.141182 
1.15479e-10 1.88798e-09 3.5157e-08 1.26213e-07 6.12419e-08 3.29791e-06 7.05031e-06 6.88929e-05 0.000376329 0.999544 
6.25598e-05 0.00153232 0.00306241 0.00865644 0.0341503 0.0927356 0.331075 0.356364 0.109829 0.0625323 
9.72019e-06 0.000301756 0.000611324 0.00241713 0.0118422 0.367236 0.209493 0.139283 0.184152 0.0846532 
1.78203e-08 4.28726e-07 1.36083e-06 5.67534e-06 3.51664e-05 5.39842e-05 0.000421698 0.00085655 0.00899882 0.989626 
0.000378608 0.00418627 0.0281474 0.227255 0.341979 0.146047 0.0970212 0.087726 0.0439258 0.0233335 
4.29573e-06 0.000137568 0.000306176 0.00139394 0.00396793 0.0150504 0.0435625 0.106454 0.652792 0.176331 
3.29368e-07 5.47113e-06 8.85099e-05 0.000323553 0.000420784 0.00177072 0.0122083 0.0484813 0.124712 0.811989 
3.30677e-06 6.58426e-05 0.000359172 0.00181384 0.00985206 0.0541158 0.507037 0.262148 0.109943 0.0546627 
4.74731e-07 1.01194e-05 6.85141e-05 0.000332419 0.000476458 0.00132746 0.00567477 0.0125789 0.0333106 0.94622 
3.95569e-05 0.00104428 0.00231702 0.00669672 0.0253321 0.065044 0.476284 0.207488 0.142868 0.0728867 
3.30227e-07 5.37616e-06 9.68544e-05 0.000347457 0.000231432 0.000639142 0.00630213 0.0346648 0.836697 0.121016 
6.11184e-09 9.97676e-08 1.84594e-06 6.64991e-06 3.04536e-06 3.14412e-05 0.000478692 0.00201235 0.0110807 0.986385 
5.50633e-07 1.10862e-05 6.02568e-05 0.00034553 0.00167673 0.00812957 0.0339167 0.105496 0.736235 0.114129 
2.56764e-14 2.57063e-12 1.11748e-10 5.7178e-09 1.21026e-07 6.07197e-06 0.000262541 0.00228844 0.016601 0.980842 
1.95671e-07 4.18091e-06 3.35606e-05 0.000127474 0.000481546 0.00238006 0.0135842 0.0607118 0.817626 0.105051 
1.07896e-25 2.75224e-22 5.97137e-19 1.06191e-15 7.251e-14 1.07794e-09 6.35524e-08 3.96419e-05 0.00242432 0.997536 
1.37518e-07 3.27835e-06 1.06895e-05 4.54276e-05 0.000312938 0.000444782 0.00187439 0.00374881 0.0088043 0.984755 
1.58518e-07 2.96484e-06 3.43691e-05 0.000125636 0.00019644 0.000543963 0.00458724 0.0210501 0.875305 0.0981543 
1.93289e-07 3.142e-06 5.42218e-05 0.000194176 0.00025688 0.00116233 0.00835727 0.41828 0.476797 0.0948955 
3.55698e-07 6.00132e-06 0.000104036 0.000373926 0.000222405 0.000321037 0.00229347 0.0120705 0.890466 0.0941424 
4.26445e-06 0.000150417 0.00025462 0.000835272 0.00226193 0.00562916 0.0185707 0.0461205 0.0916046 0.834569 
7.79761e-07 1.60674e-05 0.000150045 0.000575789 0.000917004 0.00232122 0.0114269 0.0338317 0.0925615 0.858199 
3.5045e-07 5.69402e-06 0.000103009 0.000367637 0.000281716 0.000852292 0.00747135 0.0396631 0.109744 0.841511 
1.88279e-05 0.000329161 0.00147607 0.00413052 0.0126714 0.0307847 0.0593028 0.0907077 0.130158 0.670421 
3.45193e-06 0.000109244 0.000274627 0.00130436 0.00388196 0.0138511 0.0429276 0.358321 0.423902 0.155424 
1.92072e-06 5.03369e-05 0.000155239 0.000771152 0.00230404 0.00552195 0.0178328 0.0419752 0.0870956 0.844292 
3.1177e-05 0.000971444 0.00191163 0.00521497 0.0154756 0.0385822 0.0748874 0.121987 0.202657 0.538283 
0.000126542 0.00176373 0.00738022 0.0229649 0.0581134 0.104391 0.152821 0.162852 0.424305 0.0652823 
2.1538e-07 4.80592e-06 3.0273e-05 0.000143203 0.000469303 0.00119808 0.00331963 0.0124409 0.439467 0.542927 
2.76168e-05 0.000605156 0.00129424 0.00356308 0.0132698 0.0357862 0.1078 0.168834 0.55377 0.11505 
3.3655e-05 0.0010202 0.00197592 0.00563852 0.0191074 0.0625153 0.498021 0.195048 0.141611 0.0750291 
1.23285e-06 1.78496e-05 0.0001269 0.000517369 0.00261574 0.0110424 0.031106 0.0856326 0.71845 0.15049 
3.63913e-07 5.93427e-06 0.00010824 0.000388104 0.000199854 0.000455127 0.00470438 0.0200553 0.0662852 0.907797 
2.0859e-05 0.000723949 0.00122757 0.00427483 0.0121381 0.0363799 0.0825389 0.146509 0.583752 0.132435 
4.25856e-07 1.03672e-05 3.37514e-05 0.000152679 0.00141441 0.00237327 0.00987068 0.0223952 0.0415957 0.922153 
1.63737e-46 1.02591e-41 1.51193e-36 3.21743e-31 3.74429e-26 5.81393e-21 2.14064e-15 4.80346e-10 4.89195e-05 0.999951 
8.28672e-08 1.38715e-06 2.25215e-05 8.26517e-05 0.000191159 0.000222965 0.00142389 0.00622657 0.0187339 0.973095 
1.80321e-05 0.000655987 0.0009503 0.00333863 0.0118488 0.036956 0.0978516 0.600096 0.150296 0.0979885 
2.96462e-07 4.84677e-06 9.03312e-05 0.00032359 9.72074e-05 0.000209814 0.00305578 0.0145427 0.0561262 0.925549 
7.19335e-05 0.00129068 0.00501399 0.0194164 0.0607761 0.256736 0.392645 0.151154 0.0758652 0.037031 
6.17179e-08 1.0092e-06 1.88195e-05 6.73768e-05 2.00326e-05 6.97851e-05 0.000511725 0.00318199 0.0108348 0.985294 
1.03201e-05 0.000343803 0.00060498 0.00257707 0.00909547 0.0362541 0.447769 0.200685 0.178869 0.123792 
5.09686e-27 1.32855e-23 2.8923e-20 5.07097e-17 1.82985e-15 6.25105e-11 2.72339e-09 1.40523e-06 0.000595688 0.999403 
3.97042e-07 6.57691e-06 0.000114071 0.000412128 0.000636395 0.00350511 0.0305959 0.746293 0.108996 0.10944 
4.58503e-07 1.10034e-05 3.53446e-05 0.000213559 0.000616795 0.00168428 0.00700622 0.0105763 0.0146236 0.965232 
1.10191e-06 2.06326e-05 0.000141973 0.000576554 0.00191155 0.00626853 0.0291303 0.0925879 0.715886 0.153475 
8.43605e-10 1.38534e-08 2.45564e-07 9.38582e-07 1.45504e-06 2.17752e-05 0.000399069 0.00275999 0.0167571 0.980059 
5.73064e-09 1.06805e-07 8.18098e-07 3.43793e-06 5.11252e-05 0.000139263 0.000537682 0.00111648 0.00638027 0.991771 
1.92812e-06 6.30964e-05 0.0001234 0.000562719 0.00239716 0.00788154 0.0263667 0.0675131 0.246907 0.648184 
5.54221e-07 9.07125e-06 0.000164736 0.000594605 0.000595283 0.00131856 0.0105677 0.0549167 0.404081 0.527752 
2.31351e-08 4.61746e-07 3.10214e-06 1.24873e-05 0.000142396 0.000219155 0.00144945 0.00595902 0.0180376 0.974176 
9.76333e-06 0.000274427 0.000641175 0.00225097 0.00654383 0.0234166 0.0623142 0.132599 0.17486 0.59709 
1.67853e-05 0.0006151 0.00080309 0.00288277 0.011724 0.0365073 0.105132 0.17438 0.58955 0.0783892 
1.11677e-05 0.000344084 0.000655982 0.00208483 0.00721758 0.0248502 0.156266 0.184436 0.106716 0.517418 
5.46026e-07 8.92292e-06 0.00016229 0.000588352 0.000651024 0.0042775 0.0338536 0.107579 0.70427 0.148609 
0.00195521 0.0119542 0.0678898 0.42506 0.277123 0.137588 0.0555668 0.0157513 0.00596484 0.00114625 
4.10156e-07 9.22299e-06 6.51271e-05 0.000265224 0.000482074 0.00292684 0.0649263 0.133581 0.600774 0.196969 
8.4369e-06 0.000300722 0.000451112 0.00198317 0.00705241 0.0302268 0.105304 0.607479 0.150059 0.097135 
5.47633e-07 1.09139e-05 0.000123973 0.000450236 0.000561528 0.00191538 0.00871546 0.0321461 0.0853341 0.870742 
7.79554e-07 2.09225e-05 7.61148e-05 0.000281025 0.00144485 0.00329834 0.010588 0.0355421 0.0821937 0.866554 
2.16758e-19 3.37727e-17 8.84061e-15 6.12851e-12 1.92655e-09 3.09028e-07 0.000101046 0.000290218 0.00645388 0.993155 
8.55676e-05 0.00179979 0.00526406 0.0169128 0.0706817 0.417639 0.174785 0.155141 0.0991501 0.0585406 
2.65583e-05 0.00101131 0.00125311 0.00442073 0.0179831 0.0581571 0.517191 0.173749 0.135434 0.0907747 
1.78451e-05 0.00058193 0.00100167 0.00382321 0.0129668 0.0392676 0.102206 0.179626 0.541385 0.119124 
8.25889e-08 1.3505e-06 2.51913e-05 9.0159e-05 2.59344e-05 4.63774e-05 0.000755376 0.00427697 0.0180944 0.976684 
2.43172e-05 0.000762515 0.00156604 0.00616581 0.0239689 0.323887 0.159772 0.190015 0.1743 0.119539 
3.14184e-06 5.71673e-05 0.000223402 0.00119774 0.00597012 0.0214826 0.0795138 0.641771 0.148698 0.101083 
5.94643e-06 0.000215479 0.000322576 0.00131337 0.00383007 0.0157297 0.167642 0.443584 0.270165 0.0971919 
0.000285818 0.0050274 0.0182271 0.053039 0.309567 0.233654 0.160428 0.124792 0.0629053 0.0320748 
8.12831e-06 0.000187191 0.000381728 0.0011396 0.00419048 0.0133011 0.103106 0.0931271 0.717656 0.0669029 
1.21623e-06 2.88015e-05 0.000137056 0.000636128 0.00189799 0.00497234 0.0186097 0.0464017 0.0950091 0.832306 
8.34073e-05 0.00524639 0.041571 0.0300636 0.113187 0.205612 0.37911 0.139124 0.0588392 0.0271631 
5.58203e-05 0.00135261 0.00386065 0.0146044 0.0408127 0.0922878 0.159317 0.205131 0.410816 0.071763 
1.10705e-06 2.29295e-05 0.000149508 0.0008692 0.00190453 0.00486318 0.0183264 0.0519794 0.12222 0.799664 
0.000728511 0.00780871 0.0324115 0.138683 0.281691 0.165114 0.151319 0.118655 0.0675436 0.0360463 
3.89023e-05 0.00125078 0.00227899 0.00823168 0.0239099 0.0613382 0.122557 0.341341 0.328771 0.110283 
0.000425164 0.00686002 0.0293589 0.0728694 0.16396 0.379959 0.178182 0.108964 0.0445374 0.0148848 
3.54775e-07 5.96251e-06 0.000104581 0.000374046 0.0002488 0.000292143 0.00101604 0.00779145 0.0322162 0.95795 
7.23289e-06 0.000250059 0.000424511 0.00165697 0.00460087 0.0179618 0.0529575 0.600858 0.182468 0.138815 
4.78816e-05 0.00116702 0.00277065 0.00823694 0.0374587 0.424921 0.166349 0.175947 0.117759 0.0653445 
2.16429e-07 3.60844e-06 6.20194e-05 0.000221816 0.000118658 0.000473512 0.00488366 0.419217 0.304239 0.270781 
0.000164244 0.00283986 0.00814705 0.0221293 0.0665006 0.133982 0.194246 0.42296 0.0970718 0.0519587 
8.59902e-05 0.00188989 0.00588152 0.0221793 0.0649768 0.139393 0.462715 0.178283 0.0864689 0.0381263 
7.46117e-05 0.00158346 0.00459349 0.0179272 0.0537511 0.408495 0.197126 0.165762 0.0973282 0.053359 
1.82244e-05 0.000574267 0.0011127 0.00312076 0.0106498 0.0353119 0.548243 0.170307 0.138542 0.0921201 
0.00025219 0.00411413 0.0132271 0.0314645 0.0846883 0.165002 0.215214 0.37951 0.0734401 0.033088 
3.55762e-08 7.87464e-07 3.12723e-06 1.18889e-05 0.000110551 0.000202395 0.00153329 0.00298009 0.0117437 0.983414 
3.86414e-07 6.63409e-06 0.00011302 0.000404922 0.000146217 0.000275107 0.00222165 0.0110173 0.0376838 0.948131 
4.27171e-05 0.00140171 0.00245289 0.00778022 0.0254127 0.0514602 0.0827417 0.123829 0.127829 0.57705 
2.7312e-07 4.46612e-06 8.33101e-05 0.000298107 8.43502e-05 9.20699e-05 0.00178164 0.0117515 0.886193 0.0997113 
4.4921e-08 7.27923e-07 1.29504e-05 4.89145e-05 0.000187863 0.001793 0.0145477 0.0618879 0.840206 0.0813151 
0.00386823 0.021404 0.0976431 0.19058 0.336034 0.217221 0.0763685 0.0368916 0.0160895 0.00390043 
6.05929e-06 0.000185472 0.000432234 0.00180833 0.00630084 0.0247932 0.0736714 0.537802 0.202106 0.152894 
3.62602e-07 8.54465e-06 7.83746e-05 0.000278038 0.000347171 0.00201216 0.2139 0.170683 0.379101 0.233592 
1.78906e-06 5.17581e-05 0.000134568 0.000670326 0.00221777 0.00588842 0.0204087 0.0495782 0.782719 0.138329 
9.318e-07 2.5202e-05 8.99961e-05 0.000350871 0.00116916 0.00345744 0.00959175 0.0195802 0.0307425 0.934992 
3.9264e-05 0.000914625 0.00292053 0.0102771 0.0307646 0.056652 0.0817295 0.106504 0.11536 0.594838 
1.02365e-05 0.000392304 0.000591547 0.00207146 0.00595987 0.0182198 0.0457794 0.0985485 0.672923 0.155504 
7.47024e-06 0.000273023 0.000430721 0.00170102 0.00405286 0.0162208 0.0605095 0.653131 0.148638 0.115036 
0.000518102 0.00580112 0.025308 0.26186 0.225948 0.196744 0.13113 0.0990893 0.0376425 0.0159603 
3.57443e-10 5.83649e-09 1.0677e-07 3.9289e-07 3.92462e-07 5.30586e-06 0.000235936 0.000169731 0.00078483 0.998803 
1.57508e-07 2.57395e-06 4.78772e-05 0.000171863 8.87565e-05 0.000259969 0.00176628 0.0105801 0.201551 0.785532 
0.000321723 0.00378468 0.0246987 0.188271 0.420473 0.23046 0.0902244 0.0267985 0.0104923 0.004476 
3.84473e-06 0.000124293 0.000243424 0.00110103 0.00441475 0.125096 0.37116 0.185361 0.128111 0.184385 
2.73803e-05 0.00086262 0.00165019 0.00534438 0.0157434 0.0437023 0.0934105 0.166797 0.554155 0.118307 
1.97994e-08 3.08841e-07 4.6573e-06 1.71143e-05 0.000168667 0.000409097 0.00282038 0.0133066 0.0446262 0.938647 
1.11169e-10 1.8175e-09 3.38739e-08 1.21327e-07 4.33474e-08 2.33111e-07 4.37217e-06 6.96435e-05 0.000405101 0.99952 
3.71438e-07 6.06061e-06 0.00011083 0.000397363 0.000339156 0.000614604 0.00522508 0.0222012 0.0754132 0.895692 
0.000109998 0.00212949 0.00876759 0.0855343 0.0563146 0.0984704 0.431097 0.141788 0.111589 0.0642001 
9.82552e-06 0.000284502 0.000604261 0.00246359 0.00833035 0.028707 0.0823005 0.354456 0.383662 0.139182 
5.27588e-08 9.41589e-07 1.21174e-05 4.47322e-05 9.87645e-05 0.000232918 0.00135229 0.00545311 0.0212995 0.971506 
1.80883e-08 5.87627e-07 1.21439e-06 4.20403e-06 2.2243e-05 0.000131145 0.000397472 0.00205135 0.0105983 0.986793 
3.81636e-06 6.15066e-05 0.000267442 0.00111679 0.00648663 0.025482 0.153206 0.611876 0.121025 0.0804745 
3.01204e-06 0.000108074 0.000189525 0.000721369 0.00248047 0.00887123 0.0304676 0.547715 0.303852 0.105591 
3.63846e-13 7.18111e-12 1.46472e-10 3.90985e-09 9.67439e-08 5.23311e-06 0.00033231 0.00256966 0.0182832 0.97881 
1.35235e-06 3.23615e-05 0.000105916 0.000792509 0.00349226 0.0146997 0.0541513 0.618555 0.170613 0.137557 
1.20697e-05 0.000292437 0.000640829 0.00228942 0.00908276 0.0311556 0.0895578 0.546732 0.182781 0.137456 
3.89586e-07 7.18394e-06 9.37103e-05 0.000353981 0.000584448 0.00118319 0.00617799 0.0268965 0.450105 0.514597 
4.19058e-06 0.000156648 0.000228844 0.0010804 0.00351245 0.0184747 0.342466 0.111619 0.402217 0.120242 
1.04155e-05 0.000408606 0.000550406 0.00210264 0.00629736 0.0192552 0.0430292 0.0780672 0.588953 0.261326 
2.12815e-07 6.5199e-06 2.43774e-05 8.73573e-05 0.000194414 0.000714503 0.00314559 0.0103888 0.136606 0.848832 
5.53085e-07 1.49108e-05 6.81863e-05 0.000281005 0.000662116 0.00217712 0.00932038 0.47653 0.319567 0.191379 
3.43785e-06 5.92739e-05 0.000233178 0.00132838 0.00651427 0.0222885 0.0738383 0.63019 0.15503 0.110515 
2.69156e-07 4.4001e-06 8.19488e-05 0.000293459 8.69972e-05 0.000156089 0.00196188 0.011959 0.905209 0.0802471 
2.99395e-07 4.92992e-06 9.02696e-05 0.000323755 0.000175885 0.000342224 0.00257856 0.0134081 0.0479122 0.935164 
1.38415e-05 0.000474922 0.000814692 0.00251471 0.00721339 0.0265813 0.429221 0.201005 0.189002 0.14316 
7.74532e-06 0.000258957 0.000457192 0.00182925 0.00510087 0.0202678 0.0564598 0.130856 0.642841 0.141922 
4.29632e-08 7.02535e-07 1.31034e-05 4.69026e-05 1.40448e-05 2.55368e-05 0.000964175 0.00332392 0.0160047 0.979607 
5.56984e-05 0.00101012 0.00313387 0.00988765 0.0402988 0.113165 0.472352 0.188804 0.115036 0.0562569 
1.15529e-06 2.75788e-05 0.000100885 0.00056891 0.00206609 0.00552915 0.0191436 0.0545567 0.789185 0.12882 
5.63268e-06 0.000183227 0.000281797 0.00126217 0.00468914 0.0181918 0.125813 0.0812077 0.677694 0.0906711 
7.76961e-07 2.02668e-05 7.77417e-05 0.000410549 0.00231091 0.00988659 0.0377064 0.104739 0.730932 0.113916 
7.22213e-37 1.92072e-33 4.9119e-30 2.63046e-26 1.92385e-22 3.04426e-18 4.46672e-14 1.16761e-09 0.000110954 0.999889 
7.97311e-06 0.000278375 0.000431018 0.00181152 0.00552066 0.0231146 0.417366 0.125574 0.293794 0.132102 
8.15605e-06 0.000250277 0.000493861 0.0020008 0.00701151 0.0266478 0.083131 0.170717 0.575442 0.134298 
5.71953e-07 1.24207e-05 5.29518e-05 0.000259421 0.00215791 0.00697226 0.0263272 0.0919717 0.736416 0.135829 
6.22493e-10 1.00976e-08 1.78791e-07 6.99155e-07 1.22958e-06 3.15405e-05 0.000296305 0.00197755 0.0127856 0.984907 
6.99208e-06 0.000181276 0.000460693 0.00192457 0.00551014 0.0302309 0.0561755 0.198559 0.230801 0.47615 
1.61133e-07 2.68457e-06 4.70197e-05 0.000168643 6.45708e-05 0.000138171 0.00178382 0.0064963 0.0273552 0.963943 
6.56271e-09 1.06277e-07 1.91517e-06 7.04163e-06 5.22831e-05 3.58457e-05 0.000184672 0.00919009 0.974019 0.0165095 
3.48736e-06 0.000104975 0.000265649 0.00115478 0.00366635 0.0162722 0.0501426 0.587814 0.199199 0.141377 
8.23382e-07 1.24053e-05 0.000149753 0.000569269 0.00144888 0.00605193 0.0213622 0.0718911 0.76812 0.130394 
8.53414e-08 1.85055e-06 1.31655e-05 4.65805e-05 6.67858e-05 0.000757596 0.00216279 0.0113978 0.94179 0.0437635 
1.41699e-06 4.10396e-05 0.000168068 0.000669623 0.00187138 0.00547165 0.0216768 0.183497 0.222726 0.563877 
3.52202e-06 0.000127725 0.0001901 0.000771568 0.00282136 0.00781451 0.02742 0.0764517 0.134363 0.750036 
0.00012265 0.00644431 0.0488183 0.0383207 0.133155 0.216352 0.413403 0.0949195 0.0356515 0.0128133 
2.95277e-06 8.82187e-05 0.000243345 0.000909646 0.0028351 0.00659574 0.0211953 0.0605871 0.132789 0.774754 
2.47576e-05 0.000598894 0.00156893 0.00616185 0.0221337 0.128762 0.12181 0.344149 0.289154 0.0856365 
5.61025e-05 0.00138778 0.00403121 0.0120351 0.0359331 0.068546 0.115391 0.173945 0.491246 0.0974281 
2.90988e-08 6.95149e-07 2.93869e-06 1.31921e-05 0.000165211 0.000321537 0.00112903 0.00442027 0.0158962 0.978051 
3.88564e-08 6.09584e-07 9.03148e-06 3.24631e-05 0.000264442 0.000509386 0.0038561 0.0160571 0.04963 0.929641 
5.03096e-05 0.00132627 0.00319926 0.0129121 0.0370329 0.0783866 0.126353 0.433379 0.241785 0.0655753 
1.06162e-06 2.31557e-05 0.000106322 0.000757714 0.00174554 0.00789094 0.027504 0.0887049 0.140922 0.732344 
8.39328e-07 2.09248e-05 7.59172e-05 0.000414696 0.0013367 0.00462642 0.0174742 0.170642 0.733342 0.0720667 
5.00416e-07 1.11352e-05 6.61086e-05 0.000295807 0.000811391 0.00196872 0.00904865 0.0267244 0.372545 0.588528 
0.000154462 0.00292769 0.013826 0.150744 0.122178 0.148202 0.232358 0.218819 0.0697492 0.0410413 
2.51555e-05 0.000585573 0.00168989 0.00474884 0.0137693 0.0357371 0.0669724 0.104011 0.140292 0.632168 
1.23641e-05 0.000367165 0.00064125 0.00219568 0.00965272 0.0334237 0.092345 0.375453 0.338941 0.146968 
7.03122e-05 0.00129959 0.00591995 0.0218974 0.061166 0.114524 0.164664 0.486542 0.100207 0.0437097 
1.25121e-05 0.000397471 0.000775174 0.00268654 0.00789474 0.0248178 0.0630412 0.118929 0.172894 0.608551 
2.12059e-07 4.19329e-06 4.09099e-05 0.000162437 0.000394671 0.00167385 0.083436 0.599106 0.224354 0.0908276 
5.99336e-06 0.000234569 0.000297213 0.000841398 0.00310943 0.0119577 0.0369571 0.101003 0.735588 0.110006 
5.86155e-08 9.59611e-07 1.73966e-05 6.54441e-05 0.000142322 0.00112038 0.0350782 0.294988 0.576817 0.0917702 
2.24352e-06 7.18831e-05 0.000203975 0.00082148 0.00264748 0.00988794 0.029539 0.0836455 0.706974 0.166207 
1.59694e-08 2.59005e-07 3.88815e-06 1.54468e-05 0.00010316 7.71055e-05 0.000323461 0.00255649 0.0160008 0.980919 
2.79592e-08 4.65277e-07 3.05627e-06 1.45285e-05 0.000244697 0.000370193 0.00183796 0.00774244 0.0268134 0.962973 
2.28371e-07 3.73406e-06 6.96282e-05 0.000249218 7.17603e-05 0.00011246 0.00154003 0.00609736 0.0228912 0.968964 
8.84953e-08 1.39255e-06 1.91605e-05 7.38501e-05 0.000336513 0.00265373 0.0173192 0.796862 0.112895 0.0698385 
1.46267e-07 2.39179e-06 4.46176e-05 0.000159649 4.49806e-05 3.64345e-05 0.00112569 0.00436972 0.0195171 0.974699 
2.34383e-05 0.000823042 0.00125239 0.00383495 0.012008 0.0360375 0.081136 0.155602 0.57558 0.133703 
1.41416e-07 3.16245e-06 1.68676e-05 6.67376e-05 0.000331981 0.00057848 0.00222833 0.00867191 0.935871 0.0522309 
2.44127e-07 3.98602e-06 7.38304e-05 0.000266077 0.000212259 0.0003704 0.00367721 0.020517 0.86129 0.113589 
1.14873e-07 1.84794e-06 2.67519e-05 0.000135571 0.000796043 0.00750186 0.236252 0.246581 0.0667919 0.441913 
0.000107703 0.00212954 0.0102575 0.0247359 0.063246 0.0865878 0.106705 0.53209 0.115137 0.0590031 
4.39573e-05 0.0010191 0.00277105 0.0193996 0.172232 0.0995615 0.28944 0.155414 0.15037 0.109749 
1.29517e-05 0.000240073 0.000862024 0.0043175 0.0243646 0.0815535 0.518332 0.154647 0.124032 0.0916384 
2.97557e-07 7.74084e-06 2.23365e-05 0.000111835 0.000677082 0.00160483 0.00568157 0.0141515 0.0272677 0.950475 
1.45035e-13 5.02605e-12 1.61826e-10 7.66221e-09 1.62077e-07 6.92432e-06 0.00020524 0.00222299 0.0162899 0.981275 
3.05829e-08 5.00098e-07 9.32897e-06 3.33793e-05 9.36286e-06 8.87178e-06 0.000123833 0.000810737 0.0045347 0.994469 
1.50758e-07 2.46402e-06 4.57105e-05 0.000163787 8.45446e-05 7.23292e-05 0.000988413 0.00408285 0.0148363 0.979723 
1.98718e-05 0.000534858 0.00111327 0.0046406 0.0167963 0.0486869 0.110252 0.61993 0.123955 0.0740706 
1.80814e-07 4.2893e-06 2.48482e-05 9.84959e-05 0.000348622 0.000741742 0.00332932 0.00798822 0.0196574 0.967807 
0.00807876 0.0473326 0.274228 0.46134 0.117257 0.06227 0.0216503 0.00589136 0.00153895 0.000412683 
7.98999e-06 0.000273821 0.000454195 0.00192448 0.00565085 0.0219515 0.542215 0.166385 0.157732 0.103406 
4.32268e-06 0.000149972 0.000261874 0.0011038 0.00296784 0.0119516 0.0351434 0.262349 0.596582 0.0894855 
3.36531e-07 8.04668e-06 3.15368e-05 0.000158165 0.000960513 0.0018954 0.00780726 0.022579 0.0568147 0.909745 
4.1497e-06 0.000120451 0.000268416 0.00127405 0.00476177 0.0166306 0.0506785 0.118065 0.652542 0.155654 
2.29744e-06 8.4696e-05 0.000191724 0.000697639 0.00224632 0.00589673 0.0184904 0.048149 0.0993758 0.824865 
8.49382e-05 0.00170069 0.00551712 0.0194679 0.0605992 0.135359 0.18718 0.465316 0.0852694 0.0395052 
1.07191e-06 2.37816e-05 0.00014518 0.000595757 0.00228966 0.00503367 0.0186597 0.0555427 0.118148 0.79956 
1.03108e-06 2.11071e-05 9.25062e-05 0.000482438 0.00297753 0.0124941 0.0592541 0.667629 0.144125 0.112923 
3.11629e-06 6.71457e-05 0.000279264 0.00140704 0.00500918 0.0168046 0.0513539 0.579581 0.182749 0.162745 
2.98174e-09 4.87594e-08 9.09249e-07 3.25505e-06 9.95464e-07 1.19068e-06 4.39795e-05 0.000318632 0.00419949 0.995431 
4.60108e-07 9.38798e-06 8.48009e-05 0.000343707 0.000511204 0.00111093 0.00523406 0.0132156 0.037087 0.942403 
3.79035e-06 5.35834e-05 0.000287815 0.00147051 0.0225295 0.150843 0.121622 0.596152 0.0755952 0.0314432 
1.07426e-05 0.000311377 0.000632554 0.00245248 0.008769 0.0341319 0.109812 0.571051 0.167934 0.104894 
5.17933e-07 8.50526e-06 0.00015362 0.000549476 0.000322288 0.000606295 0.0039796 0.0200829 0.0648155 0.909481 
1.28523e-05 0.000369757 0.00069172 0.00267383 0.0116578 0.0499909 0.326142 0.232513 0.273352 0.102597 
0.000322145 0.00460201 0.0180502 0.0422368 0.185955 0.395888 0.166213 0.119427 0.0494041 0.0179016 
5.49827e-08 1.37539e-06 4.27516e-06 2.72119e-05 8.07637e-05 0.000241833 0.00112641 0.00215678 0.00804985 0.988311 
0.00016776 0.00248198 0.0173486 0.134625 0.289614 0.156876 0.117654 0.0832282 0.105744 0.0922607 
7.76436e-09 1.2694e-07 2.36077e-06 8.48823e-06 4.14622e-06 8.7221e-05 0.00126538 0.00414371 0.015399 0.97909 
9.91409e-08 1.55021e-06 2.32243e-05 9.03807e-05 0.000343 0.00404976 0.0251012 0.076438 0.847685 0.0462683 
8.09702e-06 0.000294847 0.000511841 0.00191782 0.00522383 0.0200529 0.0549158 0.556938 0.193985 0.166152 
0.00513011 0.061294 0.162479 0.13584 0.19426 0.155141 0.196926 0.0539777 0.0254072 0.00954507 
6.44249e-05 0.001471 0.00381407 0.0141925 0.0402053 0.095525 0.146565 0.387687 0.248539 0.0619372 
4.49198e-07 7.32081e-06 0.0001296 0.00046762 0.000420139 0.000746668 0.00644917 0.0265712 0.0829577 0.88225 
1.78523e-06 5.16798e-05 0.000214668 0.00082179 0.00252192 0.0068903 0.0277319 0.0929918 0.661467 0.207307 
1.65799e-07 2.74354e-06 4.82194e-05 0.000173539 0.000269494 0.000473537 0.0039788 0.0232908 0.867553 0.10421 
2.52408e-05 0.000500208 0.00193366 0.0155015 0.406563 0.107855 0.125616 0.127459 0.120096 0.0944513 
4.41502e-07 8.64947e-06 8.4489e-05 0.000324786 0.00104916 0.00194512 0.00977747 0.0336274 0.0866374 0.866545 
0.000242448 0.00331431 0.0270289 0.336719 0.186569 0.115679 0.159253 0.0982374 0.0456922 0.0272644 
4.80824e-05 0.000976238 0.00341474 0.0139897 0.0413484 0.0883806 0.15829 0.538131 0.109416 0.0460056 
3.50894e-05 0.00111342 0.00230276 0.00803128 0.0276042 0.0796959 0.151781 0.500787 0.140845 0.0878041 
3.85657e-05 0.00103463 0.00244102 0.00787586 0.0290873 0.0777482 0.158509 0.513498 0.13562 0.0741473 
3.93177e-07 6.83739e-06 0.000105856 0.000381302 0.000360707 0.00166644 0.00680816 0.0271898 0.0649813 0.898499 
4.16022e-07 6.75153e-06 0.000118254 0.000427772 0.00065555 0.00150035 0.0103711 0.0437384 0.764882 0.178299 
4.22369e-05 0.000766615 0.00214013 0.00663669 0.0288971 0.0844654 0.499837 0.167159 0.120632 0.0894235 
5.3669e-07 8.77248e-06 0.000157602 0.000566041 0.000449438 0.000812419 0.00676103 0.0283549 0.0848275 0.878062 
2.27436e-06 5.39332e-05 0.00018667 0.00122017 0.00498718 0.0210465 0.0871556 0.595709 0.163883 0.125756 
7.17278e-11 1.17255e-09 2.18361e-08 7.83418e-08 3.46177e-08 4.03844e-07 1.44701e-05 5.18426e-05 0.00126108 0.998672 
4.79308e-06 0.000173801 0.000326253 0.000994309 0.00257787 0.00932455 0.0251262 0.0661087 0.125581 0.769782 
5.41477e-07 1.06894e-05 9.72713e-05 0.000377855 0.00123869 0.00299654 0.0120842 0.0372877 0.0861399 0.859767 
3.02765e-07 4.94628e-06 9.1822e-05 0.000328821 0.000130903 0.000324973 0.003953 0.0215192 0.638086 0.33556 
8.91822e-13 1.63932e-11 2.84982e-10 7.19896e-09 1.82865e-07 9.48397e-06 0.000242376 0.00259678 0.0170623 0.980089 
0.00383248 0.0258201 0.168312 0.249309 0.335501 0.14146 0.0556016 0.0126112 0.00619952 0.00135402 
2.49302e-14 4.07626e-13 7.5915e-12 2.7259e-11 1.30358e-11 1.05052e-09 1.01806e-09 3.55583e-07 0.00112063 0.998879 
9.70115e-09 2.51728e-07 8.60462e-07 7.33004e-06 0.000180291 0.00023923 0.000295735 0.00149605 0.00828602 0.989494 
0.000254443 0.00278037 0.0539807 0.0582886 0.14869 0.185954 0.215728 0.164912 0.118793 0.0506193 
5.59487e-07 1.15901e-05 8.80527e-05 0.000810838 0.0151402 0.508684 0.0833787 0.135675 0.137006 0.119205 
2.95951e-07 5.3523e-06 7.87692e-05 0.000287088 0.000246944 0.000678732 0.00487105 0.0224111 0.841278 0.130142 
5.75446e-05 0.000784327 0.00241342 0.00489526 0.020205 0.030629 0.0837211 0.461237 0.291773 0.104285 
8.91151e-07 1.93441e-05 0.000122054 0.000527538 0.00156817 0.00582284 0.022768 0.0722383 0.143886 0.753047 
6.35468e-05 0.00115747 0.00551349 0.0208549 0.0548081 0.0961781 0.128563 0.146189 0.120905 0.425767 
5.28521e-06 0.000217619 0.000271715 0.000784627 0.00208817 0.00612071 0.0200195 0.042133 0.0775926 0.850767 
3.93013e-05 0.000880786 0.00228578 0.00772427 0.0289749 0.0736961 0.358808 0.23643 0.230444 0.0607177 
1.24202e-06 3.93785e-05 8.73109e-05 0.000404876 0.000994681 0.00246769 0.00729234 0.0201243 0.151568 0.81702 
0.000475625 0.00728044 0.0316392 0.0936782 0.325859 0.226645 0.156482 0.0951112 0.0428476 0.019982 
2.06012e-10 5.50271e-09 1.2699e-08 4.86574e-08 4.43504e-07 8.92952e-07 4.1474e-06 1.48317e-05 0.000554 0.999426 
1.17395e-07 1.91967e-06 3.58106e-05 0.000128131 3.61456e-05 0.000223471 0.00335153 0.0151858 0.215978 0.765059 
3.11269e-06 9.75184e-05 0.000268792 0.00114708 0.00250275 0.00688965 0.0225452 0.0760467 0.158652 0.731847 
0.000288596 0.00514999 0.0204539 0.0529966 0.140004 0.393191 0.183642 0.128403 0.0542608 0.0216108 
2.90832e-05 0.000842061 0.0018808 0.0058297 0.0175935 0.0459006 0.0906506 0.141933 0.150118 0.545222 
3.13055e-08 5.11584e-07 9.51392e-06 3.41161e-05 1.15293e-05 6.3646e-05 0.000740885 0.00455023 0.0239227 0.970667 
3.23885e-07 5.25934e-06 9.4918e-05 0.000340449 0.000392474 0.000650197 0.0059924 0.0254897 0.0790778 0.887956 
3.01979e-07 4.92405e-06 9.07321e-05 0.000324379 0.000371843 0.000525045 0.00432589 0.016433 0.0503523 0.927572 
0.0012103 0.0117321 0.0543321 0.159326 0.440816 0.193238 0.090311 0.0327677 0.01316 0.00310727 
6.34329e-29 1.52184e-25 3.32772e-22 7.15756e-19 2.80963e-16 4.53454e-13 8.1027e-11 2.19762e-07 0.000888542 0.999111 
3.27878e-05 0.000930238 0.00212211 0.0081924 0.0232688 0.0549234 0.531961 0.17436 0.130289 0.0739212 
6.03822e-08 9.08644e-07 9.95188e-06 3.55769e-05 0.00030486 0.000732999 0.00544523 0.020923 0.0537906 0.918757 
1.84894e-05 0.000423159 0.00116048 0.00363357 0.0116108 0.0339178 0.41066 0.282325 0.141301 0.114949 
0.000642036 0.00576566 0.0248976 0.0655866 0.195403 0.3328 0.216388 0.0983348 0.0400111 0.0201712 
0.00878773 0.0452465 0.182359 0.442839 0.172458 0.0969914 0.0378538 0.00853686 0.0037602 0.00116791 
3.58265e-05 0.000806359 0.00238438 0.00892023 0.0343953 0.247497 0.194926 0.148105 0.112007 0.250923 
5.87084e-05 0.00115569 0.00391153 0.015738 0.0557258 0.124482 0.487859 0.177643 0.0921718 0.0412543 
3.79551e-07 6.17457e-06 0.000112848 0.000407522 0.000421958 0.00123186 0.00881663 0.0350415 0.0826382 0.871323 
3.8914e-05 0.001251 0.00230273 0.00669019 0.0186394 0.0478393 0.0864505 0.163802 0.410833 0.262153 
0.000393882 0.00437035 0.0179086 0.0643625 0.353686 0.159382 0.172261 0.136877 0.0627403 0.0280178 
0.000150292 0.00303661 0.0155147 0.0403401 0.0968871 0.131783 0.324128 0.263701 0.0883267 0.0361324 
2.10696e-05 0.000592521 0.00131528 0.00393158 0.0131772 0.0419247 0.0910486 0.160718 0.185045 0.502226 
2.88852e-08 4.72332e-07 8.81134e-06 3.15262e-05 8.80941e-06 3.75015e-06 0.000125355 0.000539085 0.00291136 0.996371 
3.19946e-07 5.18634e-06 9.29428e-05 0.000335926 0.000298619 0.000637655 0.00550867 0.023484 0.07442 0.895217 
0.000584931 0.00517448 0.0263974 0.0727236 0.139906 0.417863 0.256823 0.0578619 0.0178145 0.00485071 
1.89644e-07 3.10063e-06 5.77843e-05 0.000207344 8.59626e-05 0.000312718 0.00185074 0.0136639 0.731516 0.252302 
6.28766e-07 1.49842e-05 5.6016e-05 0.000335101 0.00169929 0.0042066 0.0127437 0.0362547 0.0757617 0.868927 
3.19076e-06 0.000135562 0.000194632 0.000622842 0.00156582 0.00390636 0.0136666 0.0463816 0.788622 0.144901 
1.00844e-19 1.57193e-17 4.11823e-15 2.85685e-12 8.97007e-10 1.42231e-07 4.75866e-05 0.000160526 0.00663217 0.99316 
2.07372e-05 0.000756771 0.00105836 0.00339599 0.0115879 0.0352121 0.0737335 0.134689 0.160496 0.57905 
2.28329e-06 8.2223e-05 0.000188208 0.00069512 0.00208921 0.0086249 0.038869 0.640777 0.160256 0.148416 
7.10545e-05 0.00145637 0.00492354 0.0189969 0.0649242 0.138145 0.464135 0.172859 0.0932503 0.0412386 
1.23282e-05 0.000269556 0.000856422 0.00290563 0.00807896 0.0221596 0.051558 0.11427 0.628202 0.171687 
3.6688e-05 0.000844828 0.0021687 0.00683155 0.025493 0.371042 0.166217 0.184912 0.146275 0.0961788 
1.67256e-10 2.73441e-09 5.09582e-08 1.82533e-07 6.80048e-08 8.53282e-07 6.75762e-06 0.000114531 0.00330588 0.996572 
3.44468e-07 5.61744e-06 9.06398e-05 0.000335601 0.00100375 0.00167499 0.00943168 0.0374574 0.0998988 0.850101 
3.78621e-07 6.1682e-06 0.00011132 0.000398538 0.000273229 0.00101453 0.00950262 0.0496361 0.826745 0.112313 
8.59405e-07 2.53191e-05 6.46967e-05 0.000272346 0.00180604 0.00999453 0.565277 0.107537 0.170033 0.144989 
0.000508078 0.00610119 0.0204798 0.0473297 0.103404 0.141238 0.469778 0.13266 0.0587543 0.0197466 
1.56641e-12 3.98255e-11 1.0092e-09 1.27592e-08 2.32705e-07 9.90721e-06 0.00017385 0.00154802 0.0106959 0.987572 
9.82665e-06 0.00032229 0.000666885 0.002765 0.00889653 0.0282931 0.0744498 0.55332 0.192091 0.139185 
6.0212e-06 0.000231999 0.000313087 0.00103481 0.00391952 0.0136339 0.0396335 0.104318 0.672042 0.164867 
9.72177e-12 1.9909e-10 3.95385e-09 3.93507e-08 8.80885e-07 5.26367e-05 0.000389644 0.00337745 0.0201967 0.975983 
3.13442e-13 7.08428e-12 1.63522e-10 6.66361e-09 1.48196e-07 6.44169e-06 0.000198334 0.00207339 0.0116954 0.986026 
4.52357e-07 1.08909e-05 3.74434e-05 0.000200362 0.000773441 0.00215534 0.00870076 0.0289231 0.871021 0.0881771 
7.85877e-06 0.00025548 0.000388739 0.00137111 0.00387186 0.0109825 0.0303204 0.0503968 0.0678882 0.834517 
1.90717e-05 0.000349726 0.00154795 0.00691858 0.0317986 0.267711 0.109161 0.130821 0.135242 0.316431 
5.67398e-42 3.91741e-38 8.64131e-34 2.91865e-29 6.13023e-25 1.44302e-20 8.73721e-16 6.07856e-11 7.39185e-06 0.999993 
1.80112e-05 0.000514019 0.001119 0.0105522 0.0422894 0.357834 0.11943 0.17995 0.175401 0.112892 
3.16699e-07 5.46633e-06 4.35031e-05 0.000219525 0.00160317 0.00696949 0.0287505 0.742482 0.125722 0.0942041 
0.000797519 0.00608982 0.0298744 0.097626 0.381042 0.205129 0.138961 0.0825031 0.0381486 0.0198289 
1.66197e-07 2.71767e-06 5.069e-05 0.000181418 5.27434e-05 0.000121546 0.00186176 0.0101383 0.0420576 0.945533 
3.99006e-07 7.48217e-06 9.75529e-05 0.000361003 0.00040822 0.000852136 0.00584144 0.0229239 0.834783 0.134724 
6.18142e-06 0.000129008 0.000376284 0.0014369 0.00928788 0.0696022 0.0508021 0.188313 0.474843 0.205204 
1.33291e-06 4.89632e-05 8.38591e-05 0.000370072 0.00191302 0.00429813 0.0154459 0.0424924 0.0894564 0.84589 
0.000615173 0.00958353 0.17353 0.109887 0.193954 0.188349 0.155676 0.104606 0.0451473 0.0186527 
8.80701e-13 1.59501e-11 2.63165e-10 8.19638e-09 2.07346e-07 1.2958e-05 0.000332604 0.00575986 0.023941 0.969953 
3.39971e-07 5.72189e-06 9.16452e-05 0.000330988 0.000485102 0.000951859 0.00676731 0.0275034 0.0807473 0.883116 
1.05915e-05 0.00018298 0.000610913 0.00289815 0.014307 0.0478687 0.532734 0.189211 0.128232 0.0839445 
2.56409e-06 6.74386e-05 0.000210481 0.00142588 0.00479201 0.019855 0.067071 0.557999 0.14967 0.198907 
4.90615e-07 8.99245e-06 0.000115662 0.000428526 0.00111295 0.00214799 0.0105169 0.042077 0.108291 0.835301 
0.000155193 0.00301213 0.0131458 0.234464 0.161186 0.17506 0.192967 0.114546 0.0680968 0.0373672 
5.39703e-07 1.17619e-05 8.72384e-05 0.000341278 0.000873351 0.00225133 0.0130706 0.0479999 0.784653 0.150711 
2.63635e-07 4.91791e-06 5.72634e-05 0.000206669 0.000571532 0.00181163 0.00879142 0.0316582 0.0852081 0.87169 
1.05344e-05 0.000246208 0.000651875 0.0021932 0.00627432 0.0165249 0.0326496 0.0608018 0.084973 0.795675 
6.24643e-07 1.26733e-05 0.000118365 0.00048985 0.0010715 0.00218613 0.00935813 0.0306857 0.0762022 0.879875 
7.97664e-46 1.31601e-41 9.38522e-37 1.11763e-31 5.05495e-27 1.50556e-22 1.23035e-17 1.84282e-12 1.15462e-05 0.999988 
9.48382e-06 0.000274948 0.000563023 0.00273819 0.0110614 0.0363317 0.101665 0.174812 0.576755 0.0957894 
2.85371e-05 0.000613587 0.00140756 0.00473686 0.0176179 0.0553968 0.127122 0.563207 0.140484 0.0893851 
0.000384661 0.0418578 0.0141879 0.024391 0.0456985 0.0593426 0.0945096 0.228504 0.236193 0.254931 
1.58484e-06 4.03353e-05 0.000112487 0.000623184 0.00242586 0.00741651 0.0224911 0.0463593 0.0707379 0.849792 
6.02595e-11 9.43853e-10 1.0576e-08 4.1543e-08 3.0473e-07 3.43203e-06 0.000128219 0.000611402 0.00961662 0.98964 
8.92825e-06 0.000332212 0.000469359 0.00215764 0.00966437 0.0456765 0.127902 0.584586 0.142169 0.087035 
1.19793e-11 2.86179e-10 6.88714e-09 7.13129e-08 1.29931e-06 4.87358e-05 0.000354294 0.00342095 0.0148358 0.981339 
8.02422e-05 0.00136916 0.00523582 0.0180319 0.0565827 0.13156 0.51283 0.153202 0.0799741 0.0411343 
7.7058e-05 0.0012209 0.00418698 0.0152323 0.0642041 0.432909 0.170121 0.150169 0.10033 0.06155 
3.06622e-05 0.000817447 0.00191368 0.00539791 0.0203315 0.239491 0.285478 0.184805 0.160149 0.101586 
4.6467e-07 1.00018e-05 6.14175e-05 0.000284197 0.00123687 0.0040175 0.0209134 0.692122 0.163574 0.11778 
4.04508e-07 7.66992e-06 9.79272e-05 0.000356772 0.00039638 0.00104239 0.00767008 0.0394218 0.84223 0.108776 
4.30406e-07 7.31488e-06 0.000125521 0.000452614 0.000308727 0.00194709 0.0215876 0.783576 0.0964426 0.0955519 
4.54719e-06 0.000147478 0.000316404 0.00138013 0.00330561 0.0103476 0.0256341 0.065103 0.111022 0.782739 
0.000369913 0.00525153 0.0222019 0.0497336 0.11944 0.156816 0.177478 0.38195 0.0632517 0.0235073 
3.14159e-07 5.59601e-06 6.73921e-05 0.000252276 0.0010285 0.00188464 0.00796606 0.0308766 0.081611 0.876308 
2.37528e-05 0.000484312 0.00159796 0.00770108 0.113035 0.333377 0.131189 0.165037 0.183187 0.0643686 
2.10923e-05 0.000794256 0.00108817 0.003426 0.0106908 0.0338666 0.092902 0.63747 0.135525 0.0842155 
6.07705e-05 0.00113716 0.00494611 0.0203789 0.0553046 0.10387 0.14939 0.476193 0.127365 0.0613534 
5.23552e-07 1.00209e-05 0.000113738 0.000422888 0.000849489 0.0036462 0.01995 0.725008 0.139978 0.110021 
1.69251e-06 5.02305e-05 0.000204383 0.000806971 0.00229297 0.0113976 0.504486 0.109241 0.173102 0.198417 
4.83696e-05 0.00101146 0.00354813 0.0146497 0.0434862 0.0936701 0.481092 0.186601 0.120712 0.0551802 
1.21498e-05 0.000291522 0.000861824 0.00324976 0.00897904 0.0286608 0.0731703 0.159466 0.568607 0.156702 
3.49269e-06 0.000121136 0.000212596 0.00072225 0.00262275 0.00643691 0.0212344 0.0577102 0.122214 0.788723 
1.4432e-05 0.000539082 0.000789371 0.00273638 0.00936514 0.0303027 0.082066 0.150503 0.616066 0.107618 
1.27341e-06 3.93852e-05 0.000125111 0.000515057 0.00222645 0.00617376 0.0203969 0.0638892 0.515416 0.391217 
6.75627e-07 1.36409e-05 0.000114949 0.000494195 0.00151861 0.00309578 0.0119248 0.0376039 0.0867358 0.858498 
1.79868e-06 7.83344e-05 0.000154684 0.00049228 0.00122053 0.00360949 0.0239755 0.720191 0.122163 0.128113 
5.72156e-05 0.00144033 0.00384685 0.0155417 0.043628 0.0887305 0.138911 0.160959 0.4759 0.0709853 
2.39898e-07 5.98328e-06 1.86258e-05 0.000109614 0.000380594 0.000993952 0.00358847 0.00659726 0.00981498 0.97849 
9.63995e-06 0.000161917 0.000596707 0.00256477 0.0139229 0.0497629 0.0900048 0.241632 0.494265 0.10708 
2.90182e-05 0.000837768 0.00180367 0.00590667 0.0205086 0.0565533 0.129913 0.53758 0.15509 0.0917781 
0.000201211 0.00314042 0.013803 0.117752 0.376199 0.16397 0.151183 0.107384 0.0461681 0.0201992 
5.79847e-05 0.00126165 0.00352608 0.0099774 0.0371728 0.102685 0.183504 0.466866 0.125362 0.069587 
3.97074e-07 6.49239e-06 0.000121061 0.000433487 0.000149982 0.000250126 0.00269796 0.0172935 0.879674 0.0993727 
5.34755e-05 0.00126109 0.00360988 0.0148017 0.0424277 0.0926261 0.150468 0.184282 0.446971 0.0634995 
7.48188e-29 1.91367e-25 4.17664e-22 7.80211e-19 1.31314e-16 5.47469e-13 1.25552e-09 7.16287e-07 0.00177095 0.998228 
8.13226e-06 0.000224391 0.000543338 0.00212601 0.00740001 0.0263921 0.0872283 0.644332 0.141742 0.0900043 
6.16957e-06 0.000174026 0.000402156 0.00232403 0.0139516 0.225646 0.233848 0.253351 0.154225 0.116073 
6.09337e-07 1.27597e-05 8.91644e-05 0.000411509 0.000883328 0.00364462 0.0151775 0.0454423 0.103251 0.831087 
1.56743e-07 2.64746e-06 4.50563e-05 0.000165903 0.000210739 0.000343753 0.00245353 0.0104854 0.0343651 0.951928 
3.85578e-05 0.000574653 0.00355536 0.0430542 0.0165686 0.0575822 0.0946756 0.210136 0.386117 0.187698 
9.51675e-05 0.00159014 0.0057874 0.0192999 0.0546525 0.112745 0.153556 0.474644 0.121391 0.0562387 
5.57555e-09 1.95905e-07 3.32419e-07 1.54282e-06 1.77586e-05 4.62585e-05 0.000144157 0.000417174 0.00176573 0.997607 
0.0218572 0.511249 0.251389 0.194238 0.0188092 0.00218532 0.000236836 3.16523e-05 3.8648e-06 5.30684e-07 
2.09119e-07 3.41952e-06 6.37885e-05 0.000228224 6.3478e-05 3.31641e-05 0.000792814 0.00412832 0.481915 0.512771 
4.96649e-05 0.00118312 0.00329434 0.0139261 0.0446645 0.0911958 0.143628 0.195096 0.409678 0.0972848 
1.0243e-06 2.51635e-05 8.95772e-05 0.000504404 0.00198323 0.00509373 0.0190169 0.0774267 0.521724 0.374135 
8.14469e-07 1.74005e-05 0.000115665 0.000734794 0.00165684 0.00434609 0.0195933 0.0794358 0.766242 0.127857 
3.48152e-07 8.18826e-06 4.69087e-05 0.00018718 0.000787023 0.00214664 0.0118104 0.201139 0.681338 0.102536 
1.01143e-05 0.000335406 0.000589459 0.00228695 0.00715976 0.0245469 0.0657424 0.146787 0.611832 0.14071 
5.06722e-11 8.28576e-10 1.5433e-08 5.57577e-08 3.73759e-08 3.2792e-06 0.000144503 0.00112411 0.97017 0.0285578 
2.16278e-05 0.000684803 0.00108691 0.00382839 0.0135685 0.0448596 0.498072 0.197566 0.149296 0.0910154 
2.85878e-06 0.000108163 0.00015757 0.000645074 0.00249867 0.00776109 0.0230369 0.0506835 0.0870372 0.828069 
2.4687e-05 0.000530212 0.00176706 0.00546552 0.0190666 0.0462054 0.0970408 0.253881 0.494296 0.0817226 
5.645e-06 0.000204273 0.000340004 0.00145039 0.00372388 0.0141625 0.0467933 0.114225 0.696818 0.122277 
5.38286e-07 9.32606e-06 0.000130422 0.000496898 0.000694767 0.00225206 0.0136384 0.0601702 0.765261 0.157347 
6.07096e-06 0.000220118 0.000406579 0.00133145 0.00420808 0.016854 0.0415943 0.083807 0.130222 0.72135 
1.70013e-05 0.000524382 0.00103222 0.00396756 0.0136345 0.0427046 0.511341 0.182118 0.150528 0.0941334 
