7239
4.28741e-07 5.58472e-06 3.57128e-05 0.000242959 0.00166854 0.0196724 0.0706898 0.752951 0.102639 0.0520945 
1.81264e-06 2.34521e-05 0.000241907 0.00127338 0.00780372 0.0400267 0.696748 0.156947 0.0757637 0.0211706 
1.05955e-06 1.32354e-05 8.02886e-05 0.000743261 0.00378115 0.0180637 0.0758452 0.794166 0.0807787 0.0265277 
7.96629e-09 1.26543e-07 2.1248e-06 9.04268e-06 0.000204711 0.000276043 0.00142534 0.00564656 0.0177808 0.974655 
3.5482e-07 5.79638e-06 0.00010774 0.000387851 0.00041134 0.0006588 0.00490162 0.021815 0.847264 0.124448 
5.28359e-08 8.4589e-07 1.42058e-05 7.88836e-05 0.000300576 0.000618045 0.00492435 0.0177825 0.0497309 0.92655 
2.02147e-07 3.0275e-06 3.56753e-05 0.000193971 0.000802987 0.00445983 0.0206891 0.326851 0.532307 0.114658 
9.69254e-09 1.55746e-07 2.69465e-06 1.10732e-05 0.000206571 0.000306793 0.00197586 0.00855424 0.0330775 0.955865 
3.19229e-05 0.000757127 0.00203684 0.00668664 0.0239424 0.0557826 0.101386 0.741234 0.0553567 0.012786 
3.47931e-07 5.68901e-06 0.000106089 0.000380017 0.000181479 0.000157486 0.0020816 0.00903849 0.0385426 0.949506 
2.50646e-07 3.86202e-06 5.51139e-05 0.000257262 0.000675046 0.00436138 0.0199203 0.0760975 0.126969 0.77166 
9.68575e-10 1.58356e-08 2.94656e-07 1.0594e-06 6.03442e-07 5.11519e-06 0.000293488 0.00150199 0.0076974 0.9905 
2.7731e-17 9.50173e-16 6.73529e-14 1.10927e-11 3.15093e-09 5.01971e-07 0.000164565 0.000329144 0.00776028 0.991746 
1.78502e-06 2.15834e-05 0.000131011 0.00110251 0.00682587 0.0326831 0.727087 0.146631 0.0669271 0.0185891 
1.54876e-07 2.32568e-06 2.92506e-05 0.000162113 0.000559745 0.00327688 0.0170204 0.0719858 0.841912 0.0650513 
3.3703e-07 5.44862e-06 9.81028e-05 0.000354188 0.000342508 0.00136386 0.00621873 0.0277023 0.0769093 0.887005 
4.11874e-07 6.73042e-06 0.000125189 0.000449717 0.000306283 0.000637638 0.00561712 0.0258773 0.794179 0.172801 
9.13264e-07 1.10307e-05 7.24009e-05 0.000825872 0.004371 0.0223837 0.656521 0.176992 0.100951 0.0378708 
2.00313e-07 2.98577e-06 3.54979e-05 0.000192481 0.00069817 0.00440038 0.0193431 0.0756903 0.836504 0.0631333 
2.12911e-07 2.99544e-06 2.59499e-05 0.000239221 0.00109545 0.00756209 0.0282741 0.0803559 0.794454 0.0879902 
0.000252265 0.00410496 0.0291649 0.450698 0.144986 0.135868 0.120913 0.0792486 0.0284427 0.00632233 
1.15479e-10 1.88798e-09 3.5157e-08 1.26213e-07 6.12419e-08 3.29791e-06 7.05031e-06 6.88929e-05 0.000376329 0.999544 
2.63165e-26 6.82922e-23 1.48615e-19 2.62165e-16 1.26958e-14 2.93446e-10 1.65266e-08 7.10368e-06 0.00103644 0.998956 
6.24659e-05 0.000974953 0.00286728 0.00650309 0.0267957 0.0757137 0.423768 0.427403 0.0315531 0.00435908 
1.62402e-07 2.65352e-06 4.93729e-05 0.000177129 5.78418e-05 0.000214092 0.00282565 0.0126338 0.0479913 0.936048 
2.13823e-07 3.36213e-06 4.41106e-05 0.000280824 0.00144136 0.00809936 0.0359899 0.0910739 0.815389 0.0476784 
3.1241e-07 5.10475e-06 9.49567e-05 0.000341323 0.000300755 0.000460153 0.00385491 0.017026 0.0582777 0.919639 
2.11709e-06 2.86313e-05 0.000193366 0.00105093 0.00793741 0.46628 0.226586 0.105527 0.154051 0.0383444 
1.9654e-05 0.000271971 0.000810879 0.00259551 0.0121835 0.037466 0.604765 0.188262 0.111646 0.0419795 
4.13818e-19 6.22496e-17 1.48582e-14 9.34206e-12 2.89836e-09 4.5662e-07 0.000153947 0.000452388 0.00861008 0.990783 
0.000183691 0.00202123 0.0245981 0.343514 0.519973 0.0886281 0.0188391 0.00196409 0.000241143 3.7308e-05 
4.64026e-06 6.14867e-05 0.000660688 0.00193924 0.00726942 0.0257386 0.0743607 0.136288 0.711991 0.0416857 
7.97449e-07 9.53849e-06 6.86942e-05 0.000480306 0.00203373 0.00882368 0.0338999 0.0875223 0.79648 0.0706807 
9.68876e-07 1.16632e-05 7.81028e-05 0.000617274 0.00525108 0.0316593 0.406308 0.491116 0.048377 0.0165803 
4.83198e-07 7.64498e-06 0.000125815 0.000503906 0.000656231 0.00337951 0.0148236 0.0537571 0.821582 0.105163 
2.74402e-07 4.48325e-06 8.33192e-05 0.000299486 0.000194372 0.00056686 0.00498758 0.0217729 0.0659163 0.906174 
2.08971e-06 2.77252e-05 0.000180183 0.00113084 0.00728787 0.0390082 0.682828 0.14295 0.0876911 0.0388938 
2.94155e-07 4.79653e-06 8.83424e-05 0.000325101 0.000357574 0.00116595 0.00976689 0.0407447 0.106287 0.841259 
1.91286e-07 3.1272e-06 5.82775e-05 0.000208748 6.69859e-05 0.000201427 0.00196263 0.0112451 0.424689 0.561565 
1.60409e-06 2.11658e-05 0.000145287 0.000908506 0.00506178 0.0207362 0.0602918 0.462573 0.415913 0.0343481 
3.09011e-07 4.69587e-06 6.47323e-05 0.000324778 0.000752335 0.00533154 0.0234954 0.0808847 0.138136 0.751006 
1.38836e-07 2.27028e-06 4.23497e-05 0.000151548 4.31853e-05 7.9961e-05 0.000767942 0.0056304 0.0248817 0.968401 
1.08601e-05 0.000137242 0.000492133 0.00145914 0.00859319 0.0309921 0.682432 0.172015 0.0815995 0.0222686 
3.26125e-07 5.33149e-06 9.93176e-05 0.000356291 0.00017774 0.000421342 0.00410089 0.0270251 0.871531 0.0962831 
6.09335e-09 9.95231e-08 1.84435e-06 6.64365e-06 3.01863e-06 3.13207e-05 0.000475548 0.0020075 0.0110715 0.986402 
5.67382e-07 7.73324e-06 5.66533e-05 0.000332028 0.00194633 0.00830326 0.0424451 0.593739 0.296259 0.0569105 
6.18708e-09 1.0097e-07 1.83183e-06 6.80894e-06 6.12797e-06 8.89847e-05 0.000917182 0.00461111 0.0164437 0.977924 
1.3727e-05 0.00017577 0.00069967 0.00256488 0.0127993 0.0381635 0.0920179 0.701895 0.105989 0.0456817 
4.51569e-07 7.30609e-06 0.000131242 0.000490538 0.000505133 0.00182205 0.0129227 0.697498 0.151612 0.135011 
1.02208e-08 1.67186e-07 3.08305e-06 1.16253e-05 2.86336e-05 0.000659562 0.00615562 0.0758548 0.697636 0.21965 
2.34826e-07 3.52812e-06 3.68361e-05 0.000242267 0.000876027 0.00568518 0.0284551 0.0899999 0.819031 0.0556696 
2.56764e-14 2.57063e-12 1.11748e-10 5.7178e-09 1.21026e-07 6.07197e-06 0.000262541 0.00228844 0.016601 0.980842 
8.1515e-05 0.00124129 0.00392695 0.00990123 0.041739 0.120268 0.633611 0.141588 0.0411208 0.00652246 
8.9086e-08 1.44197e-06 2.58672e-05 9.5954e-05 0.000222449 0.00154438 0.0109316 0.0540513 0.847432 0.0856948 
1.07896e-25 2.75224e-22 5.97137e-19 1.06191e-15 7.251e-14 1.07794e-09 6.35524e-08 3.96419e-05 0.00242432 0.997536 
0.000239648 0.00234343 0.0162819 0.200347 0.357218 0.236411 0.10904 0.0580139 0.01742 0.00268487 
1.51045e-07 2.38174e-06 3.92059e-05 0.000163566 0.000132652 0.000821901 0.00300487 0.0110221 0.0829086 0.901905 
1.82297e-06 2.21723e-05 0.000131843 0.000852744 0.00478398 0.016129 0.0553527 0.115439 0.765698 0.0415885 
9.09223e-08 1.48323e-06 2.7404e-05 9.96588e-05 0.000218013 0.000554165 0.0040342 0.0216411 0.347439 0.625985 
1.52235e-07 2.32611e-06 3.09791e-05 0.000155781 0.00079616 0.00368286 0.0195291 0.0792835 0.834279 0.0622406 
2.57466e-07 3.99498e-06 5.19664e-05 0.000287808 0.00106503 0.00793407 0.0474993 0.765298 0.108211 0.0696489 
3.58236e-10 5.85816e-09 1.09053e-07 3.9236e-07 2.52326e-07 2.98537e-06 6.34402e-05 0.00078924 0.00512171 0.994022 
2.00556e-07 3.27835e-06 6.10684e-05 0.000218791 7.69016e-05 0.000214565 0.00265451 0.0171314 0.48331 0.496329 
9.60646e-08 1.57006e-06 2.92207e-05 0.000104842 4.22875e-05 0.000192397 0.00218314 0.0131149 0.907994 0.0763375 
0.00267652 0.319073 0.0860354 0.17921 0.215804 0.098716 0.0838948 0.0136813 0.000780601 0.000128638 
5.51433e-07 7.63424e-06 7.84626e-05 0.00059298 0.00379281 0.181344 0.254046 0.0955816 0.238581 0.225976 
1.752e-07 2.84795e-06 5.2158e-05 0.000188382 0.00020167 0.00095559 0.00701856 0.4307 0.483286 0.0775943 
3.40047e-07 5.55974e-06 0.000103665 0.000371229 0.000141656 0.000153718 0.00175791 0.00998574 0.898069 0.0894116 
5.29437e-07 6.14842e-06 4.40966e-05 0.000593947 0.00307928 0.0146091 0.0654052 0.141127 0.724772 0.0503626 
4.5952e-05 0.000809157 0.00264655 0.00836818 0.0516849 0.381536 0.39456 0.107373 0.043477 0.00950003 
2.44556e-06 3.15835e-05 0.000211411 0.00164797 0.00815084 0.040609 0.134039 0.705102 0.0826193 0.0275861 
2.97375e-28 7.39682e-25 1.61316e-21 3.17237e-18 8.1742e-16 2.03055e-12 2.91087e-09 1.0319e-06 0.00200141 0.997998 
4.37144e-07 7.14461e-06 0.000133015 0.000477068 0.000260665 0.000446868 0.00440606 0.0198443 0.0705507 0.903874 
0.00010024 0.00207768 0.00723166 0.0244269 0.354004 0.354718 0.156462 0.075299 0.0215235 0.00415723 
1.97302e-05 0.000334455 0.000995526 0.00266231 0.0129149 0.0484888 0.772607 0.106201 0.044434 0.0113424 
3.42008e-07 5.58898e-06 0.00010404 0.000373601 0.00024501 0.000699643 0.0056856 0.0329817 0.0942867 0.865618 
3.33528e-07 5.44953e-06 0.000101349 0.000363876 0.00021826 0.000446846 0.00404174 0.0189926 0.0667965 0.909033 
2.30461e-07 3.5485e-06 4.92466e-05 0.000216603 0.000890606 0.00358136 0.0159066 0.0523044 0.0957265 0.831321 
1.53846e-11 3.1713e-10 6.37985e-09 6.50777e-08 1.43799e-06 8.04953e-05 0.000540978 0.00584161 0.0269504 0.966585 
0.00769512 0.0616108 0.178679 0.546943 0.151181 0.0441168 0.00864892 0.00102197 9.73114e-05 5.30577e-06 
1.51954e-07 2.38802e-06 3.56593e-05 0.000145679 0.000807853 0.00362409 0.0195492 0.426442 0.475849 0.073544 
9.51385e-05 0.00162111 0.00496238 0.0144648 0.46967 0.189699 0.179525 0.104196 0.0307703 0.00499558 
1.24247e-09 1.98019e-08 3.38429e-07 1.58911e-06 5.44904e-05 6.73774e-05 0.000257977 0.00127526 0.00525527 0.993088 
4.06043e-05 0.000576744 0.00224887 0.00656722 0.029131 0.145306 0.152868 0.623965 0.0338559 0.00544105 
2.16171e-07 3.28285e-06 4.26129e-05 0.00025037 0.00378745 0.360597 0.054841 0.440432 0.0905435 0.0495031 
4.89096e-05 0.000797633 0.002577 0.00724431 0.0348843 0.111741 0.700121 0.109522 0.0285968 0.00446669 
3.26513e-07 5.33872e-06 9.95239e-05 0.00035656 0.000119201 0.000411193 0.0029912 0.0187391 0.523522 0.453756 
3.93388e-07 6.26426e-06 0.000106685 0.000413677 0.000313016 0.00176183 0.00919571 0.0441708 0.809017 0.135015 
1.89784e-05 0.000313557 0.000570464 0.0011866 0.00511073 0.0136623 0.0335163 0.148385 0.682486 0.114749 
1.70716e-06 2.11292e-05 0.000135584 0.000941477 0.00579798 0.0325859 0.707939 0.153801 0.0766258 0.022151 
2.44985e-07 4.00296e-06 7.44406e-05 0.000267728 0.000263825 0.000364583 0.00282433 0.0135423 0.0502881 0.93237 
1.55353e-06 1.84029e-05 0.000112568 0.000928135 0.00527313 0.0193604 0.0842937 0.764344 0.0947401 0.0309277 
4.78249e-07 7.63687e-06 0.000128803 0.000508555 0.000538131 0.00271705 0.0136512 0.0491273 0.828717 0.104604 
5.95416e-07 9.34529e-06 0.000150201 0.000625564 0.000897171 0.00351984 0.0154239 0.0516453 0.802335 0.125393 
5.2917e-05 0.000781244 0.00201093 0.00479633 0.0218575 0.0669865 0.131862 0.70426 0.0555885 0.011804 
0.00328246 0.0317788 0.197521 0.511998 0.168991 0.0663255 0.0176921 0.00212857 0.000238 4.46073e-05 
3.81355e-06 5.86492e-05 0.00034855 0.00139709 0.00506229 0.0148394 0.0424206 0.0704458 0.0811728 0.784251 
3.19047e-07 4.9808e-06 7.63449e-05 0.000338513 0.000737263 0.00331857 0.0159382 0.0590807 0.796825 0.12368 
3.61883e-07 5.91436e-06 0.000110091 0.000394592 0.000176513 0.000336 0.00330269 0.0151051 0.0552097 0.925359 
6.09642e-05 0.00107634 0.00408881 0.0139329 0.177746 0.40609 0.14417 0.221326 0.0270762 0.00443452 
4.01434e-07 6.56031e-06 0.000121993 0.000438397 0.000296242 0.000766714 0.00787631 0.437779 0.479222 0.0734928 
6.01384e-07 8.11375e-06 6.25924e-05 0.000291184 0.00162592 0.00667951 0.0264065 0.0683841 0.809972 0.0865698 
2.73506e-07 4.33407e-06 7.23045e-05 0.000294371 0.00053503 0.00185341 0.00864834 0.1111 0.249903 0.627589 
2.30736e-09 3.72169e-08 6.56081e-07 2.81435e-06 7.41965e-05 7.78912e-05 0.000459614 0.00196976 0.00657572 0.990839 
1.63737e-46 1.02591e-41 1.51193e-36 3.21743e-31 3.74429e-26 5.81393e-21 2.14064e-15 4.80346e-10 4.89195e-05 0.999951 
3.16368e-07 5.16839e-06 9.60799e-05 0.000345895 0.000381195 0.000855418 0.00636905 0.362517 0.518274 0.111156 
6.96462e-05 0.00178278 0.00588053 0.0188308 0.0570655 0.122969 0.661906 0.105152 0.0237682 0.00257556 
7.01665e-08 1.14687e-06 2.13675e-05 7.64733e-05 2.21805e-05 4.46573e-05 0.000495066 0.00219726 0.0110679 0.986074 
7.37654e-07 1.00418e-05 7.56849e-05 0.00048445 0.0025241 0.0117573 0.0553114 0.797787 0.0924969 0.0395524 
1.03585e-05 0.000136206 0.000535195 0.00228755 0.0385236 0.147748 0.145546 0.292231 0.349238 0.0237449 
2.96462e-07 4.84677e-06 9.03312e-05 0.00032359 9.72074e-05 0.000209814 0.00305578 0.0145427 0.0561262 0.925549 
2.60854e-05 0.000361402 0.00137981 0.00465521 0.0242303 0.159972 0.641622 0.113728 0.0418963 0.0121277 
6.17179e-08 1.0092e-06 1.88195e-05 6.73768e-05 2.00326e-05 6.97851e-05 0.000511725 0.00318199 0.0108348 0.985294 
1.13786e-07 1.79934e-06 2.90432e-05 0.000116894 0.000538021 0.00175812 0.00953678 0.0462849 0.831229 0.110505 
1.00329e-06 1.26266e-05 8.12939e-05 0.000611184 0.00365109 0.0154304 0.064314 0.141673 0.723615 0.0506104 
2.07674e-06 2.49063e-05 0.00015918 0.00126728 0.00656547 0.029133 0.635097 0.184544 0.105809 0.0373984 
5.09686e-27 1.32855e-23 2.8923e-20 5.07097e-17 1.82985e-15 6.25105e-11 2.72339e-09 1.40523e-06 0.000595688 0.999403 
3.75764e-07 6.1443e-06 0.000113647 0.00041129 0.000474202 0.00322043 0.0301523 0.772373 0.0983606 0.0948875 
1.06169e-07 1.7337e-06 3.21117e-05 0.000116233 0.000199941 0.000259741 0.00185189 0.00813114 0.0271405 0.962267 
3.94899e-06 5.27377e-05 0.000334791 0.00170538 0.0106979 0.0433456 0.114318 0.753336 0.0604407 0.0157642 
1.24363e-05 0.000156686 0.000666057 0.00254007 0.0154881 0.059906 0.137301 0.698732 0.0673069 0.0178902 
4.16097e-07 6.80043e-06 0.000126603 0.000454612 0.000344356 0.000607225 0.00463935 0.0229469 0.0740554 0.896818 
5.17676e-07 8.46267e-06 0.000157698 0.000565165 0.00026667 0.000357454 0.00402549 0.0154093 0.0511114 0.928098 
1.60211e-07 2.55331e-06 3.65588e-05 0.000163956 0.00115316 0.0122264 0.643004 0.121316 0.129103 0.0929936 
7.67021e-27 1.98558e-23 4.31799e-20 7.60658e-17 3.50011e-15 8.15977e-11 4.33165e-09 2.16898e-06 0.000558357 0.999439 
3.50972e-07 5.73873e-06 0.000107016 0.000383055 0.000112172 0.000305696 0.00373681 0.0268621 0.870642 0.0978451 
3.55174e-07 5.80006e-06 0.000107687 0.000386925 0.000288216 0.000570741 0.00501392 0.0261742 0.844507 0.122946 
2.27699e-07 3.71861e-06 6.90096e-05 0.000249103 0.000319861 0.000956812 0.00840344 0.0494801 0.832849 0.107669 
9.40232e-06 0.000118695 0.000529181 0.00290706 0.0275767 0.571263 0.125165 0.157807 0.0863934 0.028231 
3.8538e-07 6.30051e-06 0.000117422 0.000420541 0.00012683 0.000249739 0.00351233 0.0135398 0.0489965 0.93303 
0.00412722 0.0404422 0.328601 0.33781 0.154 0.0972906 0.0344598 0.00299253 0.000242852 3.27845e-05 
3.142e-07 5.12111e-06 9.43065e-05 0.000343015 0.000562568 0.00198116 0.0159871 0.0757239 0.774825 0.130477 
6.33235e-07 7.5843e-06 6.35854e-05 0.000413319 0.00143909 0.0108922 0.707566 0.117605 0.109473 0.0525389 
1.05551e-06 1.37373e-05 8.74244e-05 0.000527049 0.00321927 0.0137766 0.0553772 0.324449 0.553212 0.0493369 
1.82095e-07 2.95341e-06 4.09914e-05 0.000245679 0.00193816 0.007126 0.0336075 0.0869617 0.782297 0.0877802 
3.05116e-07 4.98494e-06 9.26827e-05 0.000333127 0.000276194 0.000451926 0.0040373 0.773804 0.0967007 0.124299 
0.000433092 0.00647216 0.0377265 0.520984 0.225887 0.148885 0.0467502 0.0103921 0.00180391 0.000665739 
8.43605e-10 1.38534e-08 2.45564e-07 9.38582e-07 1.45504e-06 2.17752e-05 0.000399069 0.00275999 0.0167571 0.980059 
2.83976e-11 4.47294e-10 8.01189e-09 3.13873e-08 3.87876e-08 4.42792e-07 5.96591e-05 0.00016809 0.00446585 0.995306 
5.88137e-07 7.66892e-06 5.9421e-05 0.000433855 0.00224895 0.0085057 0.0364787 0.636263 0.271378 0.0446235 
9.50667e-09 1.51794e-07 2.55937e-06 1.09107e-05 0.000262367 0.00031076 0.00162672 0.00657391 0.0189815 0.972231 
3.9626e-08 6.4638e-07 1.19018e-05 4.32199e-05 6.34394e-05 0.000154424 0.00167639 0.00628904 0.0231208 0.96864 
2.30522e-07 3.74841e-06 6.84485e-05 0.000247331 0.000193166 0.0015032 0.253627 0.196007 0.433869 0.114481 
4.17384e-06 5.38645e-05 0.000252456 0.00153179 0.00841015 0.0290723 0.0941768 0.149432 0.0965967 0.62047 
5.44751e-07 8.89988e-06 0.00016539 0.00059461 0.000421623 0.00112671 0.00996829 0.0526092 0.404482 0.530623 
1.33098e-06 1.63211e-05 0.000114283 0.000686024 0.00261338 0.00986557 0.0358091 0.0833873 0.100178 0.767328 
1.11134e-09 1.81519e-08 3.34104e-07 1.27931e-06 8.0175e-06 1.86371e-05 0.000172258 0.000984197 0.0067244 0.992091 
1.87885e-07 2.90791e-06 3.97777e-05 0.000237342 0.0012401 0.00598825 0.0237911 0.0738766 0.106991 0.787832 
1.99067e-07 2.99208e-06 3.73366e-05 0.000195789 0.000695183 0.00435108 0.0192531 0.0719937 0.848653 0.0548179 
5.54235e-09 8.74294e-08 1.43682e-06 6.3605e-06 0.000190449 0.000220704 0.00104192 0.00445822 0.0185797 0.975501 
3.13313e-06 4.43356e-05 0.000205081 0.00114427 0.00619895 0.0221718 0.0839443 0.143643 0.719376 0.023269 
1.24724e-07 2.01182e-06 3.44592e-05 0.000181352 0.00114334 0.00772435 0.124392 0.0388396 0.0546271 0.773056 
5.49072e-07 8.98685e-06 0.000164874 0.000598529 0.000643958 0.004295 0.0337038 0.106259 0.714134 0.140191 
8.03387e-08 1.31249e-06 2.43183e-05 8.88128e-05 0.000119207 0.00108653 0.00712258 0.0404482 0.88558 0.0655287 
1.19759e-06 1.51747e-05 9.28076e-05 0.000804187 0.00463438 0.0244663 0.106851 0.727839 0.100556 0.0347404 
4.03107e-06 5.1571e-05 0.000275105 0.00123239 0.0066715 0.0292235 0.224722 0.617521 0.0894891 0.0308096 
0.000402087 0.0057856 0.0287715 0.486314 0.30009 0.125168 0.0417425 0.00971958 0.00179963 0.000207451 
8.42516e-08 1.37608e-06 2.55564e-05 9.18507e-05 6.90999e-05 0.000172825 0.00120278 0.00716635 0.0323125 0.958958 
1.29288e-07 2.10984e-06 2.77397e-05 0.000151858 0.0018022 0.00929169 0.0596997 0.74121 0.116957 0.070857 
0.000274348 0.00483192 0.0246853 0.0857138 0.184221 0.604819 0.0741242 0.0174954 0.00314194 0.000693567 
3.71528e-07 6.07024e-06 0.000112854 0.000405117 0.000219381 0.000816501 0.00713134 0.03787 0.827962 0.125477 
6.38238e-07 8.01376e-06 5.69508e-05 0.000522095 0.0032686 0.0353179 0.0518946 0.596787 0.26079 0.0513544 
1.10551e-06 1.34757e-05 8.47199e-05 0.000857825 0.00476944 0.023868 0.0984911 0.744848 0.0934573 0.0336095 
3.97121e-07 6.48993e-06 0.000120807 0.000434379 0.000416073 0.000528975 0.00422892 0.0180579 0.0591434 0.917063 
1.38114e-07 2.25778e-06 4.20695e-05 0.000151065 0.00012762 0.000161445 0.00144376 0.00830296 0.0326146 0.957154 
5.79374e-06 8.76254e-05 0.000536096 0.00179314 0.00772257 0.0277609 0.0901389 0.769357 0.0806729 0.0219255 
2.16758e-19 3.37727e-17 8.84061e-15 6.12851e-12 1.92655e-09 3.09028e-07 0.000101046 0.000290218 0.00645388 0.993155 
1.05881e-07 1.71206e-06 3.05216e-05 0.000111601 0.00015998 0.00120646 0.00848152 0.0456984 0.849219 0.0950905 
5.83508e-05 0.000822554 0.00267344 0.00639098 0.0936333 0.11568 0.546193 0.186721 0.0396975 0.0081299 
6.9938e-05 0.00162663 0.00619692 0.0229252 0.0909175 0.661583 0.137948 0.0609789 0.0155268 0.00222667 
1.79641e-07 2.73701e-06 3.32298e-05 0.00019526 0.000819664 0.00581704 0.0234783 0.0795663 0.829167 0.0609205 
4.17332e-07 6.77111e-06 0.000123104 0.000455853 0.000415742 0.00174974 0.0157612 0.737906 0.106164 0.137417 
3.75937e-05 0.000567502 0.00161867 0.00379682 0.0159966 0.0481841 0.136279 0.673278 0.0953609 0.0248806 
8.02695e-05 0.00114847 0.00490366 0.0165556 0.0807375 0.604062 0.15999 0.0967868 0.0302167 0.00551959 
4.76487e-06 5.98403e-05 0.000242753 0.0012101 0.00631244 0.0327013 0.732746 0.132729 0.0715927 0.0224011 
3.50729e-07 5.74664e-06 0.000104646 0.000379284 0.000512229 0.000881804 0.00492862 0.0233683 0.0701554 0.899664 
3.88248e-07 6.31741e-06 0.000116047 0.000417433 0.000309154 0.000900734 0.00531922 0.0236249 0.071369 0.897937 
1.5032e-07 2.45722e-06 4.57713e-05 0.000164117 7.72915e-05 0.000174588 0.00179629 0.00936268 0.0337083 0.954668 
1.48852e-06 1.83262e-05 0.000112083 0.000962495 0.00471112 0.0193428 0.0648491 0.128165 0.126294 0.655544 
1.68662e-06 2.10452e-05 0.00013313 0.00087368 0.00534091 0.0188798 0.065483 0.132847 0.724913 0.0515073 
8.25889e-08 1.3505e-06 2.51913e-05 9.0159e-05 2.59344e-05 4.63774e-05 0.000755376 0.00427697 0.0180944 0.976684 
2.466e-06 3.8364e-05 0.00045744 0.00345208 0.0187236 0.556727 0.161229 0.138571 0.0839605 0.0368382 
1.58398e-06 1.93072e-05 0.000132343 0.000902873 0.00390144 0.0156761 0.0700961 0.759735 0.103991 0.0455436 
8.11445e-08 1.25995e-06 1.84719e-05 8.40209e-05 0.000385751 0.00193178 0.180175 0.513556 0.256829 0.0470182 
0.000126742 0.00297018 0.0126988 0.0487981 0.639771 0.172354 0.0918298 0.0260225 0.00461581 0.000813156 
7.10711e-08 1.15658e-06 2.09332e-05 8.44991e-05 0.00211326 0.0188009 0.755747 0.0719878 0.0823138 0.068931 
5.99386e-08 9.11174e-07 1.15389e-05 6.77406e-05 0.000290349 0.00183175 0.00981335 0.039238 0.897541 0.0512052 
2.36196e-07 3.85831e-06 7.17206e-05 0.000257948 0.000263863 0.000373878 0.00305615 0.0119346 0.0364657 0.947572 
0.000114257 0.00259291 0.0106528 0.0353996 0.0999284 0.663642 0.127956 0.0505133 0.00778872 0.00141166 
2.17272e-07 3.17729e-06 3.34304e-05 0.000269102 0.00167852 0.0102797 0.133254 0.745576 0.0757439 0.033162 
6.06351e-05 0.00107564 0.00539635 0.113243 0.332486 0.291639 0.168804 0.0715931 0.0137019 0.00200072 
6.63255e-06 8.52782e-05 0.000526779 0.00280418 0.0725664 0.201305 0.595002 0.0915869 0.0280867 0.00803011 
9.44867e-06 0.000137288 0.000446499 0.00204475 0.00921228 0.0312648 0.653401 0.17347 0.0944192 0.035595 
0.000486314 0.00576549 0.027632 0.111561 0.575317 0.182768 0.0731024 0.0191107 0.00385631 0.000399947 
2.38013e-06 2.99892e-05 0.000195498 0.00111485 0.00626646 0.0246358 0.0992849 0.176961 0.667577 0.0239319 
3.28047e-07 5.36013e-06 9.96779e-05 0.000358883 0.000412424 0.000532195 0.00448205 0.0198568 0.0664752 0.907777 
0.00122568 0.0119152 0.0515369 0.229497 0.445436 0.152753 0.0787793 0.0226951 0.00559575 0.000566778 
1.9251e-06 2.35996e-05 0.000173148 0.00099835 0.00404972 0.0142321 0.0537214 0.432491 0.427565 0.0667436 
0.000236008 0.00499883 0.0226905 0.0678476 0.15585 0.561902 0.136133 0.0413587 0.00758472 0.00139932 
0.000104408 0.00241214 0.0106024 0.0489554 0.547023 0.207169 0.133015 0.0413588 0.00822472 0.00113508 
9.13537e-08 1.37022e-06 1.77742e-05 9.29699e-05 0.000345678 0.00471659 0.251302 0.613532 0.0810745 0.0489171 
0.000140896 0.00248925 0.0115157 0.0468534 0.700602 0.141105 0.0579248 0.028669 0.00932376 0.00137645 
4.15337e-05 0.00062549 0.00214514 0.00603881 0.027649 0.0913962 0.169267 0.648144 0.045164 0.00952861 
3.38047e-07 5.52784e-06 0.000103121 0.000368967 0.000102991 9.38098e-05 0.000657393 0.00678279 0.0306158 0.961269 
3.57353e-07 5.51229e-06 8.10384e-05 0.000360805 0.000727767 0.00449131 0.0203985 0.762248 0.133358 0.0783289 
2.57349e-05 0.000379266 0.00137779 0.0042355 0.030321 0.652102 0.141574 0.114172 0.0434425 0.0123707 
2.00162e-07 3.27295e-06 6.10432e-05 0.000218538 7.8044e-05 0.000354527 0.00378308 0.427673 0.302547 0.265282 
1.19663e-07 1.86322e-06 2.788e-05 0.000118053 0.000580748 0.00436828 0.0305765 0.762352 0.118882 0.0830925 
7.24027e-05 0.00112078 0.00295875 0.00679454 0.0323468 0.0974239 0.172456 0.652206 0.0298016 0.00481959 
3.91988e-05 0.000612537 0.00202789 0.00544579 0.0219638 0.0785501 0.700966 0.129086 0.05053 0.0107786 
1.44184e-06 1.70374e-05 0.000114113 0.000716222 0.00304745 0.0111523 0.0426629 0.102013 0.785675 0.0546001 
3.38612e-05 0.000470891 0.0015973 0.00417892 0.0213063 0.672174 0.164121 0.0966217 0.032738 0.00675814 
3.76401e-06 4.86985e-05 0.000256841 0.00131222 0.00824509 0.0722928 0.407935 0.409563 0.071058 0.029284 
2.32682e-07 3.99497e-06 4.48951e-05 0.000319796 0.00261535 0.0171996 0.741621 0.132513 0.0741661 0.0315163 
2.8594e-07 3.81015e-06 3.89785e-05 0.000205045 0.000798068 0.00442432 0.0203446 0.441857 0.478119 0.0542084 
6.152e-07 1.00366e-05 0.000185125 0.000667116 0.000516705 0.0023533 0.0204965 0.702178 0.143456 0.130137 
8.74231e-05 0.00134289 0.00428494 0.0104653 0.0445842 0.127287 0.193475 0.57517 0.0370339 0.00626973 
4.84478e-07 6.84358e-06 7.09447e-05 0.000606258 0.00699584 0.216722 0.357548 0.0960224 0.0736326 0.248395 
0.0025495 0.0265348 0.106019 0.543279 0.164953 0.0934602 0.0477598 0.0126048 0.00204449 0.000795656 
0.000103512 0.00205421 0.00776072 0.0265485 0.10592 0.196449 0.595701 0.0485691 0.0146259 0.00226762 
3.11181e-09 5.09043e-08 9.48835e-07 3.41272e-06 1.61136e-06 1.80115e-05 0.000404587 0.00203729 0.0103545 0.98718 
7.51285e-14 1.11416e-12 9.8893e-12 8.13079e-11 3.33515e-09 4.01206e-08 7.42879e-07 1.41139e-05 0.000565555 0.99942 
1.48249e-05 0.000251755 0.000824667 0.00367452 0.0266964 0.0805314 0.690265 0.116036 0.0609656 0.0207389 
7.52757e-12 1.52258e-10 3.00182e-09 2.98311e-08 6.96003e-07 4.10086e-05 0.000285857 0.00267326 0.932209 0.0647903 
8.80689e-15 1.43634e-13 2.65592e-12 9.54743e-12 4.9492e-12 2.95046e-11 1.37552e-09 5.74929e-09 0.000201682 0.999798 
3.69886e-07 6.04713e-06 0.000112679 0.00040358 0.000118992 0.000175138 0.00178492 0.00992962 0.0357658 0.951703 
1.94788e-07 3.12893e-06 4.26113e-05 0.000229336 0.00141557 0.00746111 0.0940679 0.532138 0.315279 0.0493634 
1.2943e-07 2.01161e-06 3.11696e-05 0.00013343 0.000520171 0.00246228 0.0114079 0.0477435 0.0889308 0.848769 
8.05135e-12 1.29433e-10 2.21708e-09 1.30208e-08 1.05927e-06 6.19425e-07 1.33135e-06 5.87854e-06 0.000185337 0.999806 
1.91311e-06 2.46702e-05 0.000197715 0.00149084 0.0188392 0.639593 0.114786 0.13599 0.0683891 0.0206875 
2.7312e-07 4.46612e-06 8.33101e-05 0.000298107 8.43502e-05 9.20699e-05 0.00178164 0.0117515 0.886193 0.0997113 
1.37184e-06 1.65441e-05 9.58024e-05 0.000788139 0.00424134 0.017994 0.0744082 0.740149 0.115523 0.0467825 
1.58826e-07 2.48614e-06 3.65074e-05 0.000192954 0.000440608 0.00309293 0.0134151 0.0487014 0.308814 0.625304 
0.000163612 0.00340492 0.0218124 0.0417658 0.212018 0.434994 0.212356 0.0586732 0.0131087 0.00170308 
3.9352e-05 0.000645394 0.00197959 0.00478875 0.018013 0.0521677 0.127908 0.663543 0.101396 0.0295201 
4.38084e-08 7.10731e-07 1.27336e-05 4.83186e-05 0.000186523 0.00178851 0.0144859 0.0616516 0.841113 0.080713 
3.61866e-08 5.3385e-07 6.51491e-06 3.47445e-05 0.00030452 0.000805917 0.00364718 0.0142236 0.0383682 0.942609 
4.86244e-05 0.00069034 0.00213619 0.00443484 0.0178631 0.0564096 0.136163 0.671663 0.0895746 0.0210166 
6.08634e-05 0.0012566 0.00478909 0.0174417 0.0805408 0.692103 0.121887 0.0593462 0.0194276 0.00314759 
0.00529192 0.0331524 0.130997 0.251152 0.525727 0.0455262 0.00741707 0.000672246 5.53493e-05 9.36775e-06 
1.50697e-06 1.87537e-05 0.000125028 0.000737371 0.0034408 0.0139764 0.0607697 0.711194 0.146864 0.062872 
2.20664e-07 3.40292e-06 3.94038e-05 0.000250969 0.00161961 0.00820326 0.0400057 0.76125 0.129619 0.0590089 
3.37202e-07 5.50927e-06 0.000102454 0.000368513 0.000378128 0.000497717 0.0035448 0.0170217 0.0613067 0.916774 
9.45302e-08 1.54275e-06 2.85555e-05 0.000103247 0.000155916 0.000303794 0.00245104 0.0165262 0.898895 0.0815341 
4.4575e-07 5.32598e-06 3.51994e-05 0.000425179 0.00252006 0.0171116 0.761651 0.120442 0.0698337 0.0279757 
7.0393e-32 1.84353e-28 4.02329e-25 7.18049e-22 1.25949e-19 1.4763e-15 1.06228e-11 1.42242e-07 0.000743727 0.999256 
4.84173e-07 7.91212e-06 0.000147212 0.000528928 0.00041739 0.000631695 0.00534192 0.0235456 0.0752482 0.894131 
2.40634e-05 0.000333653 0.00139342 0.00354799 0.0174068 0.051683 0.117839 0.698511 0.0886785 0.0205825 
7.14067e-08 1.16766e-06 2.17821e-05 7.79367e-05 2.18034e-05 2.20068e-05 9.76645e-05 0.00155047 0.00527198 0.992935 
3.96404e-07 6.35662e-06 0.000109147 0.000418194 0.000433508 0.00182071 0.00952029 0.0446843 0.824075 0.118932 
2.7834e-07 4.18427e-06 5.0008e-05 0.000204581 0.000762008 0.00606038 0.0421089 0.815698 0.0958216 0.0392905 
3.16728e-07 5.17355e-06 9.61359e-05 0.000345781 0.000338216 0.000494661 0.00372296 0.0165087 0.0552785 0.92321 
4.09951e-07 6.67052e-06 0.000122467 0.000441053 0.000334884 0.00151536 0.010571 0.426099 0.0812679 0.479641 
0.00100949 0.0141558 0.0561585 0.181528 0.555193 0.145153 0.0373738 0.00749278 0.00133147 0.000604132 
8.13957e-05 0.00199721 0.0116554 0.522398 0.220754 0.185663 0.0462017 0.00930378 0.00166163 0.000284739 
3.57443e-10 5.83649e-09 1.0677e-07 3.9289e-07 3.92462e-07 5.30586e-06 0.000235936 0.000169731 0.00078483 0.998803 
1.57508e-07 2.57395e-06 4.78772e-05 0.000171863 8.87565e-05 0.000259969 0.00176628 0.0105801 0.201551 0.785532 
1.28757e-07 2.03911e-06 3.40381e-05 0.00012805 0.00036679 0.00255114 0.0148105 0.0679033 0.812377 0.101827 
4.30495e-07 7.03335e-06 0.00013076 0.00047022 0.000425328 0.000639899 0.00531136 0.0230209 0.820688 0.149306 
0.000123875 0.0023183 0.0082495 0.0228244 0.0841502 0.184183 0.232576 0.424164 0.0357151 0.00569563 
8.88706e-05 0.00217673 0.00888981 0.0304842 0.343795 0.416103 0.127722 0.0530943 0.0155215 0.00212482 
5.59324e-05 0.000869678 0.00251606 0.00571716 0.0244389 0.0756143 0.132543 0.726113 0.0283944 0.00373812 
2.23872e-07 3.50445e-06 4.34872e-05 0.000191719 0.00258764 0.170721 0.51343 0.195216 0.0757734 0.0420332 
5.39411e-07 6.83756e-06 5.85551e-05 0.000437339 0.00166035 0.00738407 0.0311963 0.0872356 0.817355 0.0546652 
1.3111e-07 2.12979e-06 3.87426e-05 0.000141637 0.0002348 0.00144126 0.00838106 0.0373862 0.872633 0.0797409 
1.21535e-08 1.93549e-07 3.27743e-06 1.31437e-05 0.000159344 0.000361849 0.002265 0.0112417 0.0390441 0.946911 
1.11169e-10 1.8175e-09 3.38739e-08 1.21327e-07 4.33474e-08 2.33111e-07 4.37217e-06 6.96435e-05 0.000405101 0.99952 
5.69045e-05 0.000796271 0.00267465 0.00535786 0.0217782 0.0611171 0.680649 0.160436 0.056505 0.0106292 
3.66175e-07 5.98354e-06 0.000111328 0.000399934 0.000306442 0.000489725 0.00429799 0.0187007 0.065585 0.910103 
4.9288e-07 8.05666e-06 0.000150061 0.000538758 0.000426837 0.000483752 0.00410133 0.0172087 0.0567828 0.920299 
2.01268e-05 0.000310266 0.00128934 0.00350665 0.0158836 0.0581177 0.720846 0.127894 0.0564043 0.0157283 
4.49421e-07 7.20378e-06 0.000123582 0.000477646 0.00043606 0.00218301 0.0120588 0.786389 0.0966305 0.101694 
1.66012e-07 2.56954e-06 2.83115e-05 0.000154013 0.00083226 0.00345975 0.0194253 0.792635 0.130885 0.0525772 
2.6221e-07 4.27232e-06 7.85895e-05 0.000285942 0.000463832 0.0010877 0.00793712 0.0396858 0.0994863 0.85097 
1.94087e-07 2.95157e-06 3.94955e-05 0.000199316 0.000638769 0.00445669 0.0267858 0.797895 0.115623 0.0543585 
2.20169e-06 2.7542e-05 0.000183435 0.00128746 0.00582315 0.024285 0.0870773 0.170432 0.655607 0.0552749 
3.44498e-08 5.63333e-07 1.05082e-05 3.76065e-05 1.07977e-05 2.37647e-05 0.000577826 0.0029693 0.0161166 0.980253 
3.52531e-06 4.39602e-05 0.000415659 0.00125967 0.00500364 0.0184939 0.0735131 0.797588 0.0780573 0.0256211 
1.03688e-18 1.45316e-16 2.45871e-14 4.13175e-12 7.8671e-10 2.12283e-07 5.10178e-05 0.000316053 0.0075713 0.992061 
3.12927e-06 3.90845e-05 0.000191384 0.00084962 0.00467891 0.0192216 0.178032 0.717197 0.0623898 0.0173975 
6.12611e-05 0.000929632 0.00303943 0.00762216 0.0437087 0.673207 0.147308 0.093483 0.0262029 0.00443761 
6.12451e-05 0.000897027 0.00348876 0.0132112 0.068717 0.663652 0.143515 0.0804425 0.0226704 0.0033448 
4.50478e-07 6.07817e-06 4.36928e-05 0.000463675 0.00207102 0.00970553 0.0404904 0.0963189 0.802467 0.0484328 
4.51865e-05 0.000610185 0.00200423 0.00458262 0.0237297 0.0825371 0.157647 0.676122 0.0431502 0.00957209 
3.35138e-07 5.47492e-06 0.000101712 0.000365694 0.000259515 0.00112077 0.0127292 0.801907 0.0909536 0.0925563 
1.56304e-06 1.98939e-05 0.000145897 0.000655914 0.00373366 0.0166872 0.0726794 0.145749 0.729185 0.0311434 
1.11119e-07 1.72582e-06 2.37348e-05 0.000143668 0.000782067 0.00382024 0.0175567 0.70809 0.193861 0.0757199 
2.68622e-05 0.000375456 0.00151221 0.00453411 0.0197362 0.0624088 0.683055 0.145837 0.0646044 0.0179099 
1.85922e-07 2.8804e-06 4.31111e-05 0.000196539 0.00047297 0.00262026 0.0123167 0.632136 0.302807 0.0494048 
8.7771e-13 1.38527e-11 1.60679e-10 3.87894e-09 1.2886e-07 4.1421e-06 6.31384e-05 0.000897318 0.00551408 0.993521 
3.63846e-13 7.18111e-12 1.46472e-10 3.90985e-09 9.67439e-08 5.23311e-06 0.00033231 0.00256966 0.0182832 0.97881 
1.75167e-07 2.68994e-06 2.24445e-05 0.00026608 0.00217357 0.0114532 0.0476537 0.772536 0.116772 0.0491208 
0.000165453 0.00319729 0.009346 0.0624805 0.551089 0.21828 0.111573 0.0361503 0.00657729 0.00114224 
7.01846e-05 0.000987296 0.00401509 0.0127515 0.0691985 0.671203 0.138605 0.0774154 0.0225113 0.00324315 
9.22289e-05 0.00209542 0.00994342 0.0495904 0.588714 0.188507 0.117119 0.035945 0.00718334 0.000809642 
3.0362e-07 4.34854e-06 5.40271e-05 0.000298558 0.00104944 0.0060827 0.0269055 0.0921947 0.782471 0.0909392 
6.60616e-05 0.000830621 0.00340849 0.0126816 0.0491379 0.114514 0.671017 0.106347 0.033171 0.0088257 
1.10584e-07 1.72675e-06 2.46284e-05 0.000107021 0.000509639 0.00254071 0.0148784 0.805178 0.113028 0.0637312 
8.89972e-06 0.000111611 0.000430594 0.00109026 0.0059411 0.0203164 0.0707704 0.755252 0.108474 0.0376043 
3.63921e-07 5.32498e-06 5.71315e-05 0.000409947 0.00224883 0.0141958 0.0689822 0.157196 0.698716 0.0581884 
5.04201e-07 8.23811e-06 0.000153219 0.000550372 0.000355696 0.00063936 0.0059458 0.0293448 0.0914711 0.871531 
8.98134e-08 1.52203e-06 2.26738e-05 0.000160437 0.00157204 0.014658 0.406353 0.0883711 0.421949 0.0669123 
1.51809e-15 1.52928e-13 6.63844e-12 3.40463e-10 7.15215e-09 2.74101e-07 1.8418e-05 2.63913e-05 0.000532685 0.999422 
1.51117e-07 2.46785e-06 4.58235e-05 0.000164475 5.92591e-05 0.000236458 0.00230777 0.0114329 0.202124 0.783626 
1.15402e-07 1.882e-06 3.47741e-05 0.000126052 0.000204154 0.000491445 0.00346088 0.0158053 0.0486233 0.931252 
1.80122e-07 2.93172e-06 5.37195e-05 0.000203503 0.000281453 0.000433331 0.0033069 0.0169918 0.591205 0.387521 
2.5989e-07 4.10917e-06 6.53538e-05 0.000270306 0.000333045 0.00194908 0.00822094 0.0295696 0.68325 0.276337 
9.71885e-07 1.20821e-05 8.05697e-05 0.000668238 0.00305867 0.0138432 0.174892 0.434464 0.099274 0.273706 
1.93645e-07 2.81787e-06 2.34688e-05 0.000276874 0.00172822 0.00857469 0.0361803 0.102707 0.780011 0.0704959 
1.6298e-07 2.66416e-06 4.96061e-05 0.000177884 9.03522e-05 0.000278077 0.00271029 0.454314 0.369146 0.173231 
1.91147e-08 3.10188e-07 5.55651e-06 2.09548e-05 7.26512e-05 0.000505013 0.00533893 0.0348187 0.889233 0.0700045 
1.22304e-06 1.4335e-05 9.56132e-05 0.000675903 0.00254675 0.011509 0.0516918 0.782169 0.10571 0.0455862 
2.6909e-07 4.40009e-06 8.20182e-05 0.000293671 8.63622e-05 0.000148518 0.00192385 0.0117846 0.906237 0.0794394 
8.28108e-08 1.2716e-06 1.75956e-05 8.27837e-05 0.000507023 0.00227478 0.0117248 0.0464384 0.814357 0.124597 
2.37913e-07 3.88858e-06 7.24176e-05 0.00025997 0.000171975 0.000210744 0.00225257 0.0162315 0.889518 0.0912788 
7.44604e-05 0.00136527 0.00597292 0.0196501 0.076241 0.153742 0.663807 0.0612707 0.0158869 0.00198979 
2.96236e-07 4.84157e-06 9.01434e-05 0.000323216 0.000163689 0.000303161 0.00246094 0.0129262 0.0470281 0.936699 
1.82279e-07 2.75552e-06 3.55771e-05 0.000183338 0.000937142 0.00627236 0.596922 0.171501 0.127169 0.0969777 
6.88157e-08 1.12525e-06 2.0988e-05 7.51497e-05 2.22444e-05 8.23027e-05 0.00065104 0.0076995 0.919996 0.0714514 
3.0513e-07 4.88032e-06 8.32016e-05 0.000329996 0.000607459 0.00193872 0.0102453 0.0390889 0.0875877 0.860114 
2.25915e-07 3.42411e-06 4.09433e-05 0.000232173 0.000900423 0.00537937 0.0231886 0.0852547 0.79663 0.0883696 
4.29632e-08 7.02535e-07 1.31034e-05 4.69026e-05 1.40448e-05 2.55368e-05 0.000964175 0.00332392 0.0160047 0.979607 
2.95477e-07 4.8283e-06 8.98321e-05 0.000322659 0.00024684 0.000391377 0.00331914 0.0185155 0.0623182 0.914791 
1.95363e-07 3.14149e-06 4.67183e-05 0.000222393 0.00148205 0.0072512 0.0502975 0.80087 0.0898818 0.0499449 
4.87914e-05 0.000702898 0.00220246 0.00648668 0.0338148 0.107948 0.619996 0.150632 0.0615748 0.0165933 
4.47267e-08 7.31271e-07 1.36301e-05 4.88281e-05 1.65847e-05 0.000361749 0.0031443 0.0230978 0.896121 0.0771957 
7.61436e-07 1.00374e-05 8.97137e-05 0.000696268 0.00345778 0.0147635 0.0629218 0.140645 0.713825 0.0635903 
6.4378e-06 8.23928e-05 0.000400445 0.00251194 0.0132738 0.061447 0.666826 0.144785 0.0779463 0.0327201 
2.06225e-07 3.22854e-06 4.13676e-05 0.000260266 0.00155032 0.00753103 0.0315896 0.0907131 0.809951 0.0583599 
7.22213e-37 1.92072e-33 4.9119e-30 2.63046e-26 1.92385e-22 3.04426e-18 4.46672e-14 1.16761e-09 0.000110954 0.999889 
3.09663e-07 5.05888e-06 9.19314e-05 0.000334488 0.000568498 0.00117654 0.00611084 0.0223591 0.0682854 0.901068 
3.01275e-07 4.40743e-06 5.00058e-05 0.000296556 0.00118701 0.00592762 0.0247543 0.076956 0.810059 0.0807652 
1.25572e-06 1.56077e-05 0.000103462 0.000618385 0.0029806 0.0125489 0.0569373 0.138659 0.740531 0.047605 
4.41175e-06 5.76707e-05 0.000371244 0.00247407 0.0138017 0.0616102 0.666438 0.157901 0.0723128 0.0250291 
0.000446228 0.00763784 0.0570193 0.0859188 0.133116 0.570081 0.11216 0.0279786 0.00457285 0.00106981 
1.05733e-07 1.58252e-06 1.71877e-05 0.000117881 0.000796205 0.00308893 0.0154117 0.0663937 0.850371 0.0638013 
1.91746e-05 0.00024504 0.00139735 0.00618464 0.0290211 0.086401 0.683277 0.119377 0.053998 0.0200793 
6.22493e-10 1.00976e-08 1.78791e-07 6.99155e-07 1.22958e-06 3.15405e-05 0.000296305 0.00197755 0.0127856 0.984907 
9.26792e-05 0.0016539 0.00589233 0.0265749 0.399797 0.347611 0.137264 0.0625674 0.0159173 0.00262987 
3.72373e-07 6.08804e-06 0.000113497 0.000407038 0.000254371 0.000283635 0.00306021 0.0158915 0.0524969 0.927486 
4.15623e-07 6.53537e-06 0.000102402 0.000440042 0.000759378 0.00377148 0.0169021 0.059583 0.81918 0.0992543 
7.55531e-05 0.00113959 0.00375067 0.0102913 0.0548681 0.145269 0.651335 0.0999009 0.0286813 0.00468907 
7.27527e-07 1.09102e-05 0.000156562 0.000702358 0.0015894 0.00628797 0.0270234 0.733729 0.134405 0.0960944 
1.52774e-07 2.49816e-06 4.65912e-05 0.000166762 4.77992e-05 5.93881e-05 0.00104612 0.00433369 0.0215785 0.972719 
3.10422e-07 4.50579e-06 3.5738e-05 0.000365835 0.002784 0.0157116 0.475037 0.384942 0.0845802 0.0365388 
5.93181e-09 9.68879e-08 1.79861e-06 6.68205e-06 5.1371e-05 3.09263e-05 0.000117447 0.00900159 0.974848 0.0159418 
0.000105261 0.00184191 0.00832027 0.0281228 0.10768 0.663667 0.123219 0.050906 0.0135292 0.0026094 
2.19167e-07 3.28176e-06 3.94653e-05 0.000215893 0.000848827 0.00534288 0.0255793 0.73007 0.15485 0.0830507 
3.8148e-07 6.1979e-06 0.000113237 0.000408152 0.000290436 0.00253073 0.0266328 0.752055 0.106392 0.111572 
2.70788e-05 0.000512684 0.00127497 0.00361086 0.0147974 0.0429349 0.112645 0.735408 0.0722966 0.0164928 
5.06977e-07 8.14293e-06 0.000138755 0.000539278 0.000825359 0.00308317 0.0149413 0.058684 0.81654 0.10524 
3.36334e-08 5.49248e-07 1.01981e-05 3.67259e-05 1.41112e-05 0.000104874 0.00120982 0.00908606 0.950963 0.0385744 
7.00776e-07 1.1338e-05 0.000203292 0.000753559 0.000796943 0.00532487 0.0334991 0.66319 0.126895 0.169325 
1.34601e-07 2.03697e-06 2.58808e-05 0.000139055 0.000546018 0.00341036 0.0167344 0.060597 0.101604 0.816941 
1.09641e-07 1.74922e-06 2.98654e-05 0.000111799 0.000307454 0.00211084 0.0120498 0.0498017 0.0942655 0.841321 
3.22931e-07 5.19872e-06 9.1802e-05 0.000343013 0.000598068 0.00219545 0.014496 0.290999 0.334892 0.356379 
3.50346e-07 5.72031e-06 0.000106007 0.000382481 0.000417127 0.00116467 0.0105545 0.413173 0.473572 0.100624 
8.17126e-05 0.00884405 0.0753153 0.0158792 0.0474715 0.208706 0.572381 0.0595948 0.0101315 0.00159536 
3.71547e-06 5.23534e-05 0.000380072 0.00225673 0.0184498 0.569363 0.147191 0.149189 0.0828175 0.030297 
2.91842e-07 4.77187e-06 8.899e-05 0.000318487 9.39626e-05 0.00010312 0.00185819 0.00847841 0.0290918 0.959962 
1.26249e-07 2.05654e-06 3.7674e-05 0.000137649 0.000279048 0.00128066 0.0121663 0.802711 0.108389 0.0749958 
3.94147e-07 6.42535e-06 0.000118705 0.000429144 0.00036532 0.000608723 0.004949 0.0229386 0.0769075 0.893676 
6.41287e-05 0.00090745 0.00405489 0.0158182 0.064046 0.582118 0.181685 0.105836 0.035479 0.00999175 
8.64039e-07 1.1187e-05 8.12949e-05 0.000517932 0.00272491 0.0112227 0.03936 0.103122 0.781031 0.0619278 
0.000245414 0.00475144 0.0213642 0.0691732 0.145855 0.651222 0.0859945 0.0176943 0.00275908 0.000941383 
0.0015095 0.0149312 0.0653504 0.649702 0.159533 0.0804801 0.022876 0.00459694 0.000695948 0.000324998 
4.25894e-09 6.74409e-08 1.13187e-06 4.60551e-06 8.48405e-05 0.000168843 0.000715439 0.00350538 0.0148252 0.980694 
1.10296e-07 1.76031e-06 2.77128e-05 0.000110281 0.000621685 0.00234778 0.01326 0.0607158 0.831404 0.0915113 
