3926
8.13172e-07 1.206e-05 6.55377e-05 0.000345848 0.00303122 0.0218959 0.0742164 0.646686 0.146984 0.106762 
2.35019e-08 5.05728e-07 4.46574e-06 1.51147e-05 0.000218295 0.000347806 0.00188847 0.00799467 0.0238785 0.965652 
8.78978e-07 1.52105e-05 0.000133914 0.000478861 0.00204698 0.0048066 0.014355 0.0448792 0.776027 0.157257 
3.79532e-07 6.58539e-06 0.000105207 0.000376527 0.000228165 0.000581249 0.00397367 0.0151386 0.0532841 0.926305 
1.81651e-05 0.000627056 0.00103768 0.00295985 0.00912942 0.0308688 0.0682332 0.13529 0.183633 0.568202 
9.68575e-10 1.58356e-08 2.94656e-07 1.0594e-06 6.03442e-07 5.11519e-06 0.000293488 0.00150199 0.0076974 0.9905 
2.7731e-17 9.50173e-16 6.73529e-14 1.10927e-11 3.15093e-09 5.01971e-07 0.000164565 0.000329144 0.00776028 0.991746 
5.52444e-06 0.000167131 0.000366773 0.0016533 0.00808298 0.0316858 0.515528 0.189872 0.152701 0.0999369 
8.08577e-06 0.000294055 0.000422313 0.0014667 0.0048654 0.0217962 0.0550352 0.119084 0.670042 0.126986 
1.15479e-10 1.88798e-09 3.5157e-08 1.26213e-07 6.12419e-08 3.29791e-06 7.05031e-06 6.88929e-05 0.000376329 0.999544 
6.65814e-05 0.00163121 0.00324129 0.00896908 0.0359264 0.0962782 0.347323 0.361234 0.0970099 0.0483208 
4.6862e-07 9.49285e-06 9.88681e-05 0.000362065 0.000800021 0.00233655 0.00867465 0.033993 0.0922714 0.861453 
9.73118e-06 0.000303426 0.000608736 0.0023668 0.0118196 0.374134 0.211109 0.137909 0.182924 0.0788163 
4.13818e-19 6.22496e-17 1.48582e-14 9.34206e-12 2.89836e-09 4.5662e-07 0.000153947 0.000452388 0.00861008 0.990783 
0.00043533 0.00453398 0.0313061 0.276341 0.398249 0.139674 0.0761736 0.0481944 0.0193451 0.00574772 
4.45682e-05 0.00082072 0.00377291 0.0135356 0.03887 0.0884982 0.131882 0.159373 0.511015 0.0521885 
3.8898e-06 0.000130478 0.000276425 0.00101767 0.00319374 0.0131496 0.0374971 0.095591 0.681132 0.168008 
3.29368e-07 5.47113e-06 8.85099e-05 0.000323553 0.000420784 0.00177072 0.0122083 0.0484813 0.124712 0.811989 
2.03921e-07 3.46764e-06 5.9402e-05 0.000213099 0.000110659 0.000325723 0.0024645 0.0131734 0.433415 0.550235 
1.2326e-05 0.000475865 0.000656148 0.00209452 0.0072048 0.0244049 0.294622 0.442205 0.166482 0.0618426 
1.39868e-07 2.29967e-06 4.23996e-05 0.000151742 4.47321e-05 9.25845e-05 0.00081439 0.00575534 0.025408 0.967688 
3.68683e-05 0.00104173 0.00201706 0.0054151 0.0202895 0.0579687 0.516162 0.201572 0.132942 0.062555 
3.30227e-07 5.37616e-06 9.68544e-05 0.000347457 0.000231432 0.000639142 0.00630213 0.0346648 0.836697 0.121016 
6.11184e-09 9.97676e-08 1.84594e-06 6.64991e-06 3.04536e-06 3.14412e-05 0.000478692 0.00201235 0.0110807 0.986385 
6.22524e-09 1.01578e-07 1.83658e-06 6.82641e-06 6.17695e-06 8.92506e-05 0.00092107 0.00461804 0.0164619 0.977895 
4.78559e-07 9.38366e-06 5.41981e-05 0.000298558 0.00162712 0.00791553 0.0333992 0.10472 0.740132 0.111843 
2.56764e-14 2.57063e-12 1.11748e-10 5.7178e-09 1.21026e-07 6.07197e-06 0.000262541 0.00228844 0.016601 0.980842 
1.67824e-07 3.46693e-06 3.16541e-05 0.000116995 0.000450778 0.00225722 0.0130739 0.0600583 0.820224 0.103783 
1.07896e-25 2.75224e-22 5.97137e-19 1.06191e-15 7.251e-14 1.07794e-09 6.35524e-08 3.96419e-05 0.00242432 0.997536 
1.3621e-07 2.48528e-06 3.14331e-05 0.000112874 0.000319365 0.000952386 0.00630158 0.0293418 0.349612 0.613326 
1.59635e-09 2.41726e-08 2.90152e-07 1.09296e-06 3.33365e-06 1.49243e-05 0.000190304 0.0013595 0.0063221 0.992108 
1.12683e-07 1.82238e-06 3.11211e-05 0.00011159 8.55137e-05 0.000369761 0.00396187 0.0201299 0.878638 0.0966704 
1.93289e-07 3.142e-06 5.42218e-05 0.000194176 0.00025688 0.00116233 0.00835727 0.41828 0.476797 0.0948955 
3.40654e-07 5.56873e-06 0.000103391 0.000370249 0.000153925 0.000184131 0.00196527 0.0111148 0.893428 0.0926744 
0.000186711 0.0030303 0.00838884 0.0216003 0.0685403 0.252226 0.287247 0.267985 0.0647181 0.026078 
3.94687e-06 0.000146186 0.000224757 0.000615584 0.00145938 0.00361301 0.0100167 0.0332214 0.0788735 0.871826 
4.9109e-07 8.70873e-06 0.000132009 0.000472721 0.000386787 0.00116922 0.00685473 0.0274307 0.08623 0.877315 
3.50382e-07 5.69205e-06 0.000103006 0.000367587 0.000279996 0.000850167 0.00746919 0.0396552 0.109735 0.841534 
1.44158e-05 0.000253795 0.00115671 0.00304337 0.00978171 0.0240572 0.0458094 0.0724797 0.118426 0.724978 
3.03617e-06 0.000101578 0.000245078 0.00088074 0.00308501 0.0116863 0.0360574 0.368788 0.437174 0.141979 
1.54128e-06 4.11593e-05 0.000126559 0.000612904 0.00152374 0.00396284 0.0120249 0.0335036 0.0770676 0.871135 
3.03776e-05 0.00101255 0.00178856 0.00431095 0.0139733 0.0338741 0.0643783 0.0999132 0.195605 0.585113 
0.000121135 0.00127909 0.00670127 0.0206925 0.0459444 0.0883195 0.139364 0.141496 0.499544 0.0565376 
1.35921e-07 3.01225e-06 2.31807e-05 8.55001e-05 0.000400188 0.000963624 0.00258239 0.0110983 0.440699 0.544145 
2.62839e-05 0.000589666 0.0011612 0.0031057 0.0120572 0.0331563 0.104378 0.164048 0.570272 0.111206 
2.74684e-05 0.000894601 0.00151855 0.00440242 0.0167545 0.0584082 0.538317 0.188019 0.128866 0.0627927 
1.33555e-05 0.000470399 0.000804182 0.00254762 0.00762751 0.0256697 0.0642712 0.11707 0.615515 0.166011 
3.70133e-05 0.00104058 0.0023668 0.00675572 0.0236992 0.059673 0.111656 0.146246 0.134925 0.513601 
1.20768e-06 1.71773e-05 0.000125137 0.000507612 0.00257388 0.010969 0.0307547 0.085239 0.720108 0.149704 
3.63913e-07 5.93427e-06 0.00010824 0.000388104 0.000199854 0.000455127 0.00470438 0.0200553 0.0662852 0.907797 
0.000116786 0.00180423 0.00680595 0.0224418 0.126804 0.278163 0.179915 0.299052 0.0631693 0.021728 
2.0197e-05 0.000765901 0.00110748 0.00351203 0.0109366 0.0327644 0.0741707 0.124785 0.634729 0.117209 
9.47095e-08 2.05411e-06 9.99489e-06 4.48077e-05 0.000815907 0.00109824 0.00388253 0.0145166 0.0310341 0.948596 
1.63737e-46 1.02591e-41 1.51193e-36 3.21743e-31 3.74429e-26 5.81393e-21 2.14064e-15 4.80346e-10 4.89195e-05 0.999951 
8.28672e-08 1.38715e-06 2.25215e-05 8.26517e-05 0.000191159 0.000222965 0.00142389 0.00622657 0.0187339 0.973095 
1.87237e-05 0.000695793 0.000953499 0.00306505 0.0116306 0.0362644 0.0948338 0.636745 0.13839 0.0774032 
2.96462e-07 4.84677e-06 9.03312e-05 0.00032359 9.72074e-05 0.000209814 0.00305578 0.0145427 0.0561262 0.925549 
6.45245e-05 0.00107249 0.00428063 0.0177887 0.05489 0.269594 0.420656 0.13724 0.0657915 0.0286224 
6.17179e-08 1.0092e-06 1.88195e-05 6.73768e-05 2.00326e-05 6.97851e-05 0.000511725 0.00318199 0.0108348 0.985294 
5.00852e-06 0.000218039 0.000250387 0.000866489 0.00286778 0.00906154 0.027945 0.0813006 0.721137 0.156348 
1.0418e-05 0.000354775 0.000596474 0.00236809 0.00875986 0.036284 0.476763 0.198221 0.171402 0.105241 
5.09686e-27 1.32855e-23 2.8923e-20 5.07097e-17 1.82985e-15 6.25105e-11 2.72339e-09 1.40523e-06 0.000595688 0.999403 
3.91139e-07 6.43256e-06 0.000113704 0.000410542 0.000623785 0.00348284 0.030528 0.746704 0.108879 0.109251 
1.93717e-09 6.29929e-08 1.16754e-07 3.5658e-07 1.31305e-06 9.15798e-06 2.66496e-05 5.42218e-05 0.000765601 0.999143 
9.12833e-07 1.85118e-05 0.000142117 0.000645609 0.00117796 0.00447677 0.0152532 0.0473274 0.767823 0.163134 
1.76935e-05 0.000512196 0.000979461 0.00390156 0.0247816 0.389989 0.130353 0.182557 0.161949 0.104959 
7.17568e-07 1.08442e-05 0.000115781 0.000423513 0.00136492 0.00507101 0.0237803 0.0874444 0.738011 0.143778 
8.43605e-10 1.38534e-08 2.45564e-07 9.38582e-07 1.45504e-06 2.17752e-05 0.000399069 0.00275999 0.0167571 0.980059 
4.96497e-09 8.84304e-08 7.55056e-07 3.17528e-06 4.95986e-05 0.000137248 0.00052901 0.00110269 0.00635832 0.991819 
1.59921e-06 5.59954e-05 9.65703e-05 0.000358717 0.00186262 0.00663097 0.0214825 0.0605094 0.24614 0.662861 
2.30522e-07 3.74841e-06 6.84485e-05 0.000247331 0.000193166 0.0015032 0.253627 0.196007 0.433869 0.114481 
5.5422e-07 9.07122e-06 0.000164736 0.000594605 0.000595282 0.00131856 0.0105677 0.0549167 0.404081 0.527752 
1.85342e-08 3.02049e-07 2.82853e-06 1.13704e-05 0.000134945 0.000203287 0.00135504 0.00578621 0.0178941 0.974612 
8.07074e-06 0.000253797 0.000511425 0.00149943 0.00510638 0.0192901 0.0534167 0.11284 0.160272 0.646802 
1.73143e-05 0.000646636 0.000805344 0.00276278 0.011569 0.0362212 0.103629 0.168826 0.616819 0.0587044 
2.942e-06 8.99079e-05 0.000176834 0.000694173 0.00285289 0.0138829 0.124721 0.0625037 0.0866026 0.708473 
5.46026e-07 8.92292e-06 0.00016229 0.000588352 0.000651024 0.0042775 0.0338536 0.107579 0.70427 0.148609 
1.89071e-05 0.000390472 0.000983714 0.00358318 0.0957428 0.292602 0.210349 0.0962041 0.0842538 0.215872 
0.00191118 0.0115277 0.0647474 0.428027 0.279108 0.137094 0.0552592 0.0153674 0.00585573 0.00110199 
4.37676e-07 7.49312e-06 0.000111351 0.000403025 0.000724577 0.00190284 0.0119039 0.0535968 0.762222 0.169128 
8.32144e-06 0.000305556 0.000433056 0.00168425 0.00676419 0.0298064 0.104623 0.631404 0.140446 0.0845249 
5.1918e-07 1.02204e-05 0.000121934 0.000434463 0.000535865 0.00180682 0.0083689 0.0316154 0.0848425 0.872263 
7.23442e-07 1.95758e-05 7.18069e-05 0.000250734 0.00139561 0.00309289 0.00973845 0.0342813 0.081305 0.869844 
2.16758e-19 3.37727e-17 8.84061e-15 6.12851e-12 1.92655e-09 3.09028e-07 0.000101046 0.000290218 0.00645388 0.993155 
4.26425e-06 0.000132096 0.000268522 0.00106005 0.00540261 0.0205072 0.0559933 0.125123 0.670391 0.121118 
9.20828e-05 0.00196164 0.0055184 0.0178757 0.0782191 0.480077 0.178338 0.134934 0.0695519 0.0334317 
2.77982e-05 0.00106789 0.00129149 0.00433571 0.0183176 0.0597793 0.544763 0.170767 0.126814 0.0728356 
1.789e-05 0.000614416 0.000952978 0.00334235 0.0124118 0.0381838 0.0988686 0.169214 0.579717 0.0966772 
8.25889e-08 1.3505e-06 2.51913e-05 9.0159e-05 2.59344e-05 4.63774e-05 0.000755376 0.00427697 0.0180944 0.976684 
2.47406e-05 0.000803927 0.00155826 0.00583215 0.0247204 0.355966 0.164009 0.182136 0.162003 0.102946 
3.03241e-06 5.40964e-05 0.000214488 0.00114488 0.00577372 0.021223 0.0788365 0.650003 0.146673 0.0960743 
5.80946e-06 0.000216285 0.000308092 0.00107623 0.00345834 0.0145835 0.170837 0.453524 0.269224 0.0867664 
0.000319043 0.00550622 0.0203851 0.058228 0.348406 0.246803 0.153495 0.0994066 0.0472127 0.0202383 
8.10691e-06 0.000186547 0.000376588 0.00106559 0.00403844 0.0129844 0.102781 0.091597 0.723912 0.0630502 
6.28183e-07 1.45711e-05 9.49062e-05 0.000356397 0.000928202 0.00274483 0.0107516 0.0344595 0.0830124 0.867637 
9.20034e-05 0.00628363 0.0504981 0.0342722 0.129104 0.218422 0.432244 0.0860125 0.0305428 0.0125296 
5.36174e-05 0.00137949 0.00365878 0.0142259 0.0392409 0.0899785 0.158061 0.195416 0.449171 0.0488152 
6.93643e-07 1.2928e-05 0.000120434 0.000534417 0.00121985 0.00322703 0.0125854 0.043404 0.114514 0.824381 
0.000862452 0.00890087 0.0379723 0.163707 0.326098 0.170469 0.141565 0.0884262 0.0442854 0.017714 
3.42784e-05 0.00123024 0.00182783 0.0071343 0.0206502 0.0552277 0.112805 0.357809 0.347061 0.0962205 
0.000411283 0.00693854 0.0277636 0.0680741 0.159241 0.396067 0.181061 0.10746 0.0386632 0.0143202 
0.000115007 0.00275517 0.0102843 0.045868 0.393984 0.206728 0.17357 0.0984114 0.0470283 0.0212555 
0.000194558 0.00324177 0.0135756 0.0448182 0.481692 0.18147 0.147971 0.0758738 0.0339139 0.0172496 
3.54775e-07 5.96251e-06 0.000104581 0.000374046 0.0002488 0.000292143 0.00101604 0.00779145 0.0322162 0.95795 
7.03668e-06 0.000250809 0.000401472 0.0013533 0.0040224 0.0162954 0.0482918 0.623067 0.177572 0.128739 
4.67062e-05 0.00119238 0.00258355 0.00744782 0.0368427 0.468926 0.164891 0.164881 0.102502 0.0506872 
2.07975e-07 3.3872e-06 6.14257e-05 0.000219302 0.000101547 0.00044893 0.00480554 0.419361 0.304281 0.270718 
0.000183567 0.00317487 0.00890714 0.0231522 0.0652673 0.13695 0.198831 0.451605 0.0765673 0.0353619 
7.03985e-05 0.00139966 0.00485537 0.0196588 0.0536113 0.130248 0.532417 0.157946 0.0732606 0.0265331 
6.55706e-05 0.00129035 0.00395142 0.0165325 0.0481099 0.477985 0.19929 0.143371 0.074468 0.0349365 
1.83997e-05 0.000592532 0.00110651 0.00278773 0.010328 0.0338642 0.580604 0.160894 0.1287 0.0811049 
1.11106e-05 0.000355417 0.000617894 0.00202095 0.0075185 0.0235183 0.0554493 0.390152 0.426911 0.0934448 
0.000266646 0.00403442 0.0127892 0.0293764 0.0761831 0.161851 0.217987 0.408388 0.0630185 0.0261051 
1.32055e-05 0.000333093 0.000876557 0.00249898 0.0120606 0.171471 0.290706 0.133994 0.13844 0.249607 
9.02732e-09 1.77197e-07 1.56076e-06 6.01614e-06 7.9525e-05 0.000107345 0.000567885 0.00231585 0.01088 0.986042 
3.80701e-07 6.45969e-06 0.000112827 0.000403785 0.000127434 0.000229098 0.0019972 0.0106512 0.0373292 0.949142 
2.83766e-05 0.00100989 0.00156633 0.00474357 0.0150736 0.0353298 0.0655501 0.105525 0.125367 0.645806 
2.7312e-07 4.46612e-06 8.33101e-05 0.000298107 8.43502e-05 9.20699e-05 0.00178164 0.0117515 0.886193 0.0997113 
4.4921e-08 7.27923e-07 1.29504e-05 4.89145e-05 0.000187863 0.001793 0.0145477 0.0618879 0.840206 0.0813151 
0.00403858 0.022188 0.0976545 0.187409 0.346056 0.220497 0.073915 0.033698 0.0113801 0.00316379 
6.26314e-06 0.000201553 0.00038672 0.00144324 0.00656145 0.0260588 0.0812963 0.566695 0.193231 0.124119 
5.72395e-06 0.000181652 0.000405802 0.0015205 0.00555443 0.0236489 0.0691147 0.566137 0.196666 0.136766 
1.0273e-06 3.26826e-05 0.000128331 0.000432578 0.00112221 0.00457333 0.0139407 0.0432165 0.103436 0.833116 
1.38059e-06 4.21463e-05 0.00010355 0.000480735 0.00155389 0.0041512 0.0140442 0.0396507 0.813703 0.12627 
6.05862e-07 1.69855e-05 6.63729e-05 0.000230385 0.000514366 0.00227466 0.00475761 0.0118188 0.021786 0.958534 
1.82581e-05 0.000340496 0.0018048 0.00645136 0.0172412 0.036595 0.0612355 0.0834486 0.11207 0.680795 
1.03713e-05 0.000408415 0.000585408 0.00192783 0.00525292 0.0167175 0.0392412 0.0876008 0.709747 0.138509 
7.27344e-06 0.000277785 0.000405945 0.00132902 0.00317423 0.0139993 0.0545984 0.690941 0.137747 0.0975201 
0.000548194 0.00542146 0.0233933 0.292129 0.229952 0.195267 0.124505 0.0879911 0.0296325 0.0111606 
3.57443e-10 5.83649e-09 1.0677e-07 3.9289e-07 3.92462e-07 5.30586e-06 0.000235936 0.000169731 0.00078483 0.998803 
1.57508e-07 2.57395e-06 4.78772e-05 0.000171863 8.87565e-05 0.000259969 0.00176628 0.0105801 0.201551 0.785532 
0.000327401 0.00383589 0.0251385 0.19473 0.434113 0.234887 0.0847178 0.0163525 0.00451947 0.00137799 
3.25774e-06 0.000116133 0.00019567 0.000749095 0.00410144 0.151763 0.451775 0.197521 0.11418 0.0795955 
2.58071e-05 0.000896524 0.0014396 0.00437275 0.0141287 0.0392448 0.0846972 0.149404 0.603836 0.101954 
1.97994e-08 3.08841e-07 4.6573e-06 1.71143e-05 0.000168667 0.000409097 0.00282038 0.0133066 0.0446262 0.938647 
1.11169e-10 1.8175e-09 3.38739e-08 1.21327e-07 4.33474e-08 2.33111e-07 4.37217e-06 6.96435e-05 0.000405101 0.99952 
3.71438e-07 6.06061e-06 0.00011083 0.000397363 0.000339156 0.000614604 0.00522508 0.0222012 0.0754132 0.895692 
0.000117101 0.00225508 0.00942841 0.0985664 0.0579537 0.0977818 0.479223 0.120985 0.0897044 0.043985 
1.4948e-05 0.000456569 0.000863231 0.00306057 0.0109297 0.0393958 0.106376 0.193196 0.53043 0.115277 
5.18834e-08 9.20381e-07 1.20418e-05 4.414e-05 9.80804e-05 0.000230387 0.00134113 0.00543292 0.0212868 0.971554 
1.67338e-05 0.000506592 0.0011472 0.00350066 0.0132995 0.0413846 0.102999 0.592891 0.151754 0.0925007 
1.73448e-08 5.64581e-07 1.16764e-06 4.01557e-06 2.06667e-05 0.00012692 0.000380633 0.00200914 0.0105455 0.986911 
3.7723e-06 6.00029e-05 0.000263633 0.00108256 0.00648215 0.025436 0.153509 0.618228 0.119048 0.0758859 
9.99498e-05 0.00168488 0.00673936 0.027016 0.0884832 0.502421 0.184127 0.124443 0.0480109 0.016974 
5.45901e-05 0.000980224 0.00283882 0.00818673 0.0323137 0.0979012 0.179013 0.563056 0.0806787 0.0349768 
6.57086e-07 1.58325e-05 7.4784e-05 0.000320155 0.000874411 0.00380779 0.0135639 0.147064 0.732629 0.10165 
2.80835e-06 0.000104314 0.000172202 0.00056397 0.00206235 0.00800346 0.0271968 0.559614 0.30538 0.0969008 
3.63846e-13 7.18111e-12 1.46472e-10 3.90985e-09 9.67439e-08 5.23311e-06 0.00033231 0.00256966 0.0182832 0.97881 
6.09547e-07 1.5743e-05 5.22871e-05 0.000359815 0.00289855 0.0127077 0.0498494 0.644081 0.162406 0.127629 
1.22745e-05 0.000298017 0.000629875 0.00189463 0.00875464 0.0306706 0.0861149 0.577343 0.174165 0.120117 
3.2485e-07 5.61262e-06 8.88871e-05 0.000319329 0.000478097 0.000895487 0.00531997 0.025441 0.451641 0.51581 
3.88956e-06 0.000152512 0.000202484 0.000739811 0.00294043 0.0174441 0.353955 0.104683 0.408903 0.110976 
9.94117e-06 0.000417593 0.000495746 0.00166195 0.00544281 0.0166705 0.0351852 0.0612869 0.618999 0.25983 
5.25105e-06 0.00016108 0.000328107 0.00145024 0.00559177 0.0208877 0.166721 0.396728 0.136996 0.271131 
2.12755e-07 6.5181e-06 2.43742e-05 8.73457e-05 0.000194344 0.000714174 0.00314478 0.0103866 0.136606 0.848836 
1.63828e-07 2.69616e-06 4.89746e-05 0.000175977 0.000124721 0.000326342 0.00287406 0.434443 0.355061 0.206944 
1.91147e-08 3.10188e-07 5.55651e-06 2.09548e-05 7.26512e-05 0.000505013 0.00533893 0.0348187 0.889233 0.0700045 
3.24367e-06 5.37625e-05 0.00021611 0.00120435 0.00636253 0.0218891 0.0717028 0.647015 0.151308 0.100246 
2.69156e-07 4.4001e-06 8.19488e-05 0.000293459 8.69972e-05 0.000156089 0.00196188 0.011959 0.905209 0.0802471 
2.99395e-07 4.92992e-06 9.02696e-05 0.000323755 0.000175885 0.000342224 0.00257856 0.0134081 0.0479122 0.935164 
1.19938e-05 0.00046474 0.000629063 0.00203154 0.00592057 0.0234791 0.454332 0.193966 0.182152 0.137013 
7.50699e-06 0.00025992 0.000425667 0.00151851 0.00441151 0.0181708 0.0510245 0.119885 0.675019 0.129277 
4.29632e-08 7.02535e-07 1.31034e-05 4.69026e-05 1.40448e-05 2.55368e-05 0.000964175 0.00332392 0.0160047 0.979607 
5.76617e-05 0.00104324 0.00320643 0.00973407 0.0414902 0.117175 0.497945 0.182628 0.10327 0.04345 
2.82487e-07 6.9237e-06 3.54207e-05 0.000133218 0.000780108 0.00237533 0.0084055 0.0374175 0.842682 0.108164 
5.31837e-06 0.000178417 0.000249963 0.00103255 0.0043713 0.0168806 0.126151 0.0715458 0.696036 0.0835498 
4.88702e-07 1.3625e-05 5.69971e-05 0.000297878 0.00207029 0.00874697 0.0345407 0.100629 0.74957 0.104073 
7.22213e-37 1.92072e-33 4.9119e-30 2.63046e-26 1.92385e-22 3.04426e-18 4.46672e-14 1.16761e-09 0.000110954 0.999889 
7.86394e-06 0.000284605 0.000407628 0.00145003 0.00482056 0.0217543 0.446967 0.114582 0.295526 0.114201 
8.10041e-06 0.000253062 0.000480529 0.00185561 0.00649193 0.026031 0.0799531 0.167456 0.5995 0.117971 
3.86062e-07 7.52947e-06 3.90772e-05 0.000196864 0.00171592 0.00615224 0.0242525 0.0890335 0.748573 0.130029 
6.22493e-10 1.00976e-08 1.78791e-07 6.99155e-07 1.22958e-06 3.15405e-05 0.000296305 0.00197755 0.0127856 0.984907 
6.28097e-06 0.000169316 0.000400705 0.00143818 0.00433219 0.0284786 0.0460731 0.19069 0.22526 0.503151 
1.56646e-07 2.56896e-06 4.67135e-05 0.000167387 5.67535e-05 0.000116352 0.00172059 0.00639134 0.0272501 0.964248 
6.56271e-09 1.06277e-07 1.91517e-06 7.04163e-06 5.22831e-05 3.58457e-05 0.000184672 0.00919009 0.974019 0.0165095 
2.90807e-06 9.3876e-05 0.000221521 0.000829561 0.00295221 0.0143281 0.0444079 0.616532 0.191973 0.128659 
4.84817e-05 0.000887683 0.00286752 0.00909049 0.0496769 0.355383 0.26649 0.182089 0.0914227 0.0420443 
8.23382e-07 1.24053e-05 0.000149753 0.000569269 0.00144888 0.00605193 0.0213622 0.0718911 0.76812 0.130394 
7.75526e-08 1.61996e-06 1.26979e-05 4.4789e-05 5.75294e-05 0.000717243 0.00196394 0.011043 0.943321 0.0428379 
1.30597e-06 3.3892e-05 0.000205528 0.000745084 0.00215369 0.00818147 0.0389591 0.549751 0.175751 0.224218 
3.18925e-06 0.000122353 0.000158835 0.000529553 0.00216892 0.00623372 0.0214446 0.0686627 0.126766 0.77391 
0.000107408 0.0064076 0.048388 0.035578 0.131609 0.217643 0.419706 0.0944954 0.0334535 0.0126122 
2.92228e-07 6.42088e-06 4.80441e-05 0.000174389 0.000620607 0.00279776 0.015897 0.741285 0.133105 0.106065 
2.7141e-06 8.30586e-05 0.000224953 0.000772822 0.00235082 0.0056102 0.0175935 0.055422 0.128674 0.789266 
2.53146e-05 0.000612176 0.00160133 0.00626987 0.0223748 0.131855 0.122038 0.348471 0.290276 0.0764765 
2.70971e-05 0.000665896 0.00181529 0.00564142 0.0164004 0.0405601 0.0903109 0.154394 0.590468 0.0997164 
0.000214549 0.00374105 0.0178808 0.0600104 0.134987 0.435704 0.164528 0.100061 0.0549911 0.0278825 
4.90883e-09 7.91167e-08 1.1988e-06 4.98025e-06 9.39399e-05 0.000181244 0.000742601 0.00365064 0.0150069 0.980318 
3.75423e-07 8.23215e-06 4.63973e-05 0.000187871 0.00104439 0.00444749 0.0190655 0.076669 0.759847 0.138683 
3.88564e-08 6.09584e-07 9.03148e-06 3.24631e-05 0.000264442 0.000509386 0.0038561 0.0160571 0.04963 0.929641 
4.33902e-05 0.0011678 0.00272042 0.0115229 0.0294867 0.0686128 0.117787 0.462712 0.248873 0.0570746 
4.76195e-07 9.84568e-06 6.41438e-05 0.000337176 0.00112124 0.00573896 0.0224262 0.0777645 0.133035 0.759502 
6.58394e-07 1.67293e-05 6.28994e-05 0.000275599 0.00107455 0.00391093 0.0153224 0.169488 0.741801 0.068047 
5.31654e-06 0.000157443 0.000370131 0.00168851 0.00956316 0.0452515 0.122777 0.60203 0.12621 0.0919476 
1.94493e-07 3.73872e-06 4.28598e-05 0.000156047 0.000383913 0.000901516 0.00495068 0.0206362 0.376991 0.595934 
0.000179918 0.00345832 0.0171251 0.219552 0.150218 0.15959 0.116065 0.251788 0.0539134 0.0281101 
1.99332e-05 0.000522773 0.00124106 0.00336079 0.0102137 0.0279977 0.0505799 0.0823329 0.123646 0.700085 
1.24889e-05 0.000372424 0.000639928 0.0021272 0.00954233 0.0334798 0.0910209 0.381564 0.34166 0.139581 
5.08293e-05 0.000846278 0.00406094 0.0177442 0.0466737 0.0995192 0.158705 0.550133 0.090133 0.0321341 
1.27879e-05 0.000412137 0.000781615 0.00244455 0.00747955 0.0237024 0.0579154 0.109305 0.165901 0.632045 
3.37703e-19 5.26075e-17 1.37615e-14 9.52735e-12 2.99303e-09 4.71856e-07 0.000160962 0.000517916 0.00909653 0.990224 
1.37667e-07 2.30703e-06 3.55537e-05 0.000134754 0.000266467 0.00140496 0.0830368 0.602481 0.224115 0.0885234 
5.99046e-06 0.000235106 0.00029598 0.000832128 0.00304954 0.0118754 0.0363733 0.100033 0.739313 0.107986 
5.86155e-08 9.59611e-07 1.73966e-05 6.54441e-05 0.000142322 0.00112038 0.0350782 0.294988 0.576817 0.0917702 
1.87633e-06 6.3899e-05 0.000177465 0.000653947 0.00196012 0.00844717 0.0241548 0.0765013 0.732432 0.155607 
1.59686e-08 2.5898e-07 3.88809e-06 1.54464e-05 0.000103152 7.70959e-05 0.000323431 0.00255636 0.0160004 0.98092 
4.56098e-06 0.000134844 0.000243776 0.000999684 0.00379008 0.0144078 0.0422656 0.11792 0.687865 0.132369 
2.79592e-08 4.65277e-07 3.05627e-06 1.45285e-05 0.000244697 0.000370193 0.00183796 0.00774244 0.0268134 0.962973 
2.28371e-07 3.73406e-06 6.96282e-05 0.000249218 7.17603e-05 0.00011246 0.00154003 0.00609736 0.0228912 0.968964 
8.84953e-08 1.39255e-06 1.91605e-05 7.38501e-05 0.000336513 0.00265373 0.0173192 0.796862 0.112895 0.0698385 
1.46267e-07 2.39179e-06 4.46176e-05 0.000159649 4.49806e-05 3.64345e-05 0.00112569 0.00436972 0.0195171 0.974699 
2.20437e-05 0.00085893 0.00106901 0.0029009 0.0103352 0.0323435 0.0728564 0.139332 0.621517 0.118765 
3.77002e-08 6.38105e-07 9.07459e-06 3.37826e-05 0.000106977 0.000208668 0.00115953 0.00687443 0.941987 0.0496201 
2.44127e-07 3.98602e-06 7.38304e-05 0.000266077 0.000212259 0.0003704 0.00367721 0.020517 0.86129 0.113589 
1.14873e-07 1.84794e-06 2.67519e-05 0.000135571 0.000796043 0.00750186 0.236252 0.246581 0.0667919 0.441913 
0.0001145 0.00225883 0.00819543 0.0308082 0.290341 0.353346 0.148773 0.0925441 0.0501584 0.0234608 
6.54121e-05 0.0012639 0.00480682 0.0131646 0.038024 0.067918 0.0981343 0.589567 0.122906 0.06415 
2.78277e-19 4.33337e-17 1.13282e-14 7.83955e-12 2.46295e-09 3.89119e-07 0.000129622 0.000507589 0.00869431 0.990668 
4.40445e-05 0.0010595 0.00268198 0.0205453 0.195173 0.101599 0.310252 0.138648 0.133826 0.0961713 
1.32856e-05 0.00024241 0.000878681 0.00435917 0.0251954 0.0852502 0.549406 0.149489 0.112841 0.0723246 
7.61163e-08 2.03135e-06 5.70951e-06 2.21215e-05 0.000287521 0.000785746 0.00243294 0.0086783 0.0208307 0.966955 
1.45035e-13 5.02605e-12 1.61826e-10 7.66221e-09 1.62077e-07 6.92432e-06 0.00020524 0.00222299 0.0162899 0.981275 
3.05829e-08 5.00098e-07 9.32897e-06 3.33793e-05 9.36286e-06 8.87178e-06 0.000123833 0.000810737 0.0045347 0.994469 
1.50758e-07 2.46402e-06 4.57105e-05 0.000163787 8.45446e-05 7.23292e-05 0.000988413 0.00408285 0.0148363 0.979723 
1.97894e-05 0.000544177 0.00108675 0.0045738 0.0167637 0.047599 0.109023 0.646021 0.112858 0.0615109 
6.81877e-08 1.23802e-06 1.70747e-05 6.15748e-05 8.49429e-05 0.000212151 0.0011814 0.00428564 0.0146832 0.979473 
0.00812127 0.0480907 0.277539 0.467133 0.114201 0.0577183 0.0203398 0.00526465 0.00125786 0.000334466 
7.82203e-06 0.000275076 0.000432755 0.00162732 0.005269 0.0206198 0.568785 0.158333 0.149744 0.0949061 
4.0922e-06 0.000146606 0.000243336 0.000883071 0.00267475 0.0107545 0.0322303 0.261126 0.60841 0.0835277 
6.29351e-06 0.00018312 0.000397204 0.00175889 0.0074826 0.0278517 0.57107 0.173988 0.138901 0.0783612 
8.12057e-08 1.76696e-06 1.19082e-05 4.66248e-05 0.000456833 0.000859872 0.00436372 0.016909 0.0503902 0.92696 
3.79286e-06 0.000113345 0.000237309 0.0010071 0.00411343 0.015329 0.0451788 0.110784 0.681587 0.141646 
1.18741e-07 2.59967e-06 1.1802e-05 4.97524e-05 0.000702528 0.00130991 0.00463775 0.0166291 0.0397145 0.936942 
1.95181e-06 7.79144e-05 0.000166073 0.000535238 0.001529 0.00440786 0.0124666 0.0399099 0.0907815 0.850124 
8.14324e-05 0.00155894 0.00536347 0.0187583 0.0552566 0.131469 0.184287 0.494781 0.0765858 0.031858 
5.87959e-07 1.26401e-05 0.000112372 0.000412894 0.00168956 0.0033642 0.0129346 0.0472863 0.110761 0.823426 
5.20194e-07 9.03922e-06 5.57113e-05 0.000299232 0.00258185 0.0111989 0.0562187 0.690975 0.135573 0.103088 
2.51488e-06 5.22823e-05 0.000237619 0.00101537 0.00417868 0.0149152 0.044766 0.612549 0.174673 0.14761 
5.78473e-07 1.12683e-05 0.000124186 0.000455597 0.00102479 0.00298199 0.0137165 0.0627884 0.72351 0.195386 
2.98174e-09 4.87594e-08 9.09249e-07 3.25505e-06 9.95464e-07 1.19068e-06 4.39795e-05 0.000318632 0.00419949 0.995431 
2.23385e-07 3.66004e-06 6.80027e-05 0.00024341 7.07717e-05 0.000151048 0.0014466 0.0077502 0.0299366 0.960329 
3.7703e-06 5.29006e-05 0.000286265 0.00146064 0.0225714 0.151391 0.121626 0.597988 0.0747949 0.0298252 
8.38584e-06 0.000283976 0.000431708 0.00165443 0.00701331 0.0298918 0.106618 0.617074 0.151081 0.0859436 
5.17933e-07 8.50526e-06 0.00015362 0.000549476 0.000322288 0.000606294 0.00397959 0.0200829 0.0648155 0.909481 
1.3004e-05 0.000378107 0.000684543 0.00253933 0.0117571 0.0508595 0.339903 0.231162 0.2723 0.090403 
0.000323646 0.00425413 0.0161335 0.0377494 0.188326 0.425378 0.163411 0.10996 0.041104 0.0133603 
1.30625e-16 1.31719e-14 5.76192e-13 3.19805e-11 1.42379e-09 1.64194e-07 4.44762e-05 0.000251361 0.00589705 0.993807 
0.00019205 0.00282255 0.0199178 0.155061 0.332662 0.17467 0.103494 0.063798 0.073004 0.0743788 
2.70315e-08 4.34391e-07 7.13556e-06 2.51965e-05 0.000125582 0.00035152 0.00283535 0.0123473 0.0450529 0.939255 
7.76436e-09 1.2694e-07 2.36077e-06 8.48823e-06 4.14622e-06 8.7221e-05 0.00126538 0.00414371 0.015399 0.97909 
9.91409e-08 1.55021e-06 2.32243e-05 9.03807e-05 0.000343 0.00404976 0.0251012 0.076438 0.847685 0.0462683 
1.39115e-06 4.68711e-05 0.000108664 0.000353442 0.00152404 0.0038507 0.013785 0.0376283 0.0788321 0.86387 
3.08426e-07 5.98745e-06 6.45063e-05 0.000233633 0.000753911 0.00183231 0.00802398 0.03275 0.454013 0.502322 
2.11151e-06 3.39771e-05 0.00015599 0.00086677 0.00461841 0.017408 0.0578331 0.136577 0.679006 0.103498 
7.90218e-06 0.00029864 0.000489623 0.00167504 0.00482717 0.0184764 0.0500707 0.579246 0.187291 0.157618 
0.00544026 0.0651648 0.169158 0.131981 0.191588 0.152698 0.20273 0.0514861 0.0206467 0.00910759 
6.94021e-05 0.00158644 0.00408905 0.0149159 0.0428336 0.100357 0.149101 0.397914 0.245003 0.0441298 
4.4874e-07 7.30526e-06 0.000129583 0.000467555 0.000419724 0.000744673 0.00643263 0.0265437 0.0829485 0.882306 
1.58165e-06 4.71044e-05 0.00020073 0.000707903 0.00229984 0.00605239 0.0249323 0.0892746 0.674204 0.20228 
1.65799e-07 2.74354e-06 4.82194e-05 0.000173539 0.000269494 0.000473537 0.0039788 0.0232908 0.867553 0.10421 
2.60803e-05 0.000514843 0.00199706 0.0159959 0.427394 0.1117 0.125468 0.12279 0.112974 0.0811411 
3.15853e-07 5.48706e-06 7.61223e-05 0.000282364 0.000831724 0.00146618 0.00781249 0.0310329 0.0835283 0.874964 
0.000655104 0.0080839 0.036084 0.0915751 0.158156 0.381245 0.160316 0.0949786 0.0481027 0.0208029 
3.43035e-05 0.000552211 0.00268313 0.0116435 0.0313503 0.0748879 0.151155 0.579869 0.105742 0.0420829 
3.77848e-05 0.00121107 0.00246777 0.00833976 0.0292384 0.0842639 0.154662 0.530697 0.126702 0.0623801 
3.54982e-05 0.00105949 0.00211813 0.00693564 0.027242 0.0764261 0.159862 0.56289 0.114328 0.0491037 
3.92145e-07 6.79238e-06 0.00010582 0.000381161 0.000360044 0.00166346 0.00678106 0.0271518 0.0649532 0.898596 
4.16022e-07 6.75153e-06 0.000118254 0.000427772 0.00065555 0.00150035 0.0103711 0.0437384 0.764882 0.178299 
4.36584e-05 0.000790097 0.00220155 0.00671587 0.0295512 0.0865666 0.516092 0.164994 0.114476 0.0785691 
4.01471e-07 6.55349e-06 0.000121252 0.000433523 0.000277006 0.000446549 0.00470967 0.0178144 0.0544328 0.921758 
5.3669e-07 8.77248e-06 0.000157602 0.000566041 0.000449438 0.000812419 0.00676103 0.0283549 0.0848275 0.878062 
1.63685e-06 3.93654e-05 0.000141082 0.000947316 0.00432963 0.0197075 0.0840396 0.625419 0.155438 0.109937 
7.17278e-11 1.17255e-09 2.18361e-08 7.83418e-08 3.46177e-08 4.03844e-07 1.44701e-05 5.18426e-05 0.00126108 0.998672 
4.77356e-06 0.000173844 0.000324202 0.0009735 0.00245107 0.00910441 0.0244464 0.0648397 0.124223 0.773459 
7.18116e-07 1.02194e-05 6.64394e-05 0.000314163 0.0018397 0.0105067 0.0417766 0.732279 0.135661 0.0775453 
4.44598e-07 8.29187e-06 9.03107e-05 0.000332089 0.00113 0.00266395 0.0106269 0.0354125 0.0843932 0.865342 
3.02765e-07 4.94628e-06 9.1822e-05 0.000328821 0.000130903 0.000324973 0.003953 0.0215192 0.638086 0.33556 
8.91822e-13 1.63932e-11 2.84982e-10 7.19896e-09 1.82865e-07 9.48397e-06 0.000242376 0.00259678 0.0170623 0.980089 
0.00395075 0.0265187 0.172221 0.251729 0.339426 0.139131 0.0529537 0.00970162 0.00350425 0.000864128 
2.49302e-14 4.07626e-13 7.5915e-12 2.7259e-11 1.30358e-11 1.05052e-09 1.01806e-09 3.55583e-07 0.00112063 0.998879 
7.10918e-25 1.47064e-21 3.07038e-18 5.54492e-15 1.11283e-12 2.7085e-09 1.90889e-07 8.8091e-05 0.0060469 0.993865 
0.000281297 0.00298982 0.0610084 0.0645134 0.164112 0.199339 0.221848 0.152373 0.101429 0.0321053 
3.36349e-07 6.06454e-06 7.19394e-05 0.000730385 0.0151398 0.521018 0.0822225 0.133996 0.133991 0.112824 
6.80205e-07 1.14408e-05 0.000117162 0.000445627 0.00147104 0.00662902 0.0311971 0.106649 0.688995 0.164484 
2.5013e-07 4.08597e-06 7.59097e-05 0.000272108 0.000116176 0.000432617 0.0040161 0.0209513 0.845716 0.128416 
0.000134482 0.00245514 0.0100985 0.0617066 0.267969 0.243537 0.213732 0.111402 0.0442736 0.0446911 
4.8934e-07 9.19477e-06 9.42113e-05 0.00037057 0.000850567 0.00432185 0.0177079 0.064856 0.13852 0.773269 
4.08049e-05 0.000637537 0.00325645 0.0159099 0.0376582 0.0780171 0.115402 0.128848 0.122075 0.498155 
5.19463e-06 0.000218982 0.0002604 0.000710484 0.00159056 0.00521009 0.0152949 0.0363919 0.0695408 0.870777 
1.47884e-06 2.74572e-05 0.00012188 0.000642468 0.00419014 0.01848 0.176799 0.471335 0.256498 0.0719042 
8.4731e-06 0.000279393 0.000515701 0.00176021 0.00530908 0.0185694 0.0462312 0.0930343 0.560486 0.273806 
3.07052e-05 0.000788335 0.00175453 0.0053955 0.0203436 0.0605375 0.382884 0.233491 0.241778 0.0529969 
1.00706e-06 3.41553e-05 6.87052e-05 0.000213891 0.00063582 0.00158727 0.00479666 0.0153712 0.148699 0.828592 
0.000486767 0.00695612 0.0290523 0.0917899 0.342469 0.227401 0.154466 0.0896761 0.0397538 0.0179489 
4.04404e-30 1.05303e-26 2.29515e-23 4.08021e-20 3.29884e-18 2.43026e-14 7.56667e-11 1.48554e-07 0.000537554 0.999462 
1.17395e-07 1.91967e-06 3.58106e-05 0.000128131 3.61456e-05 0.000223471 0.00335153 0.0151858 0.215978 0.765059 
2.56533e-06 8.68703e-05 0.000227472 0.000788595 0.00183885 0.00455052 0.0157489 0.063123 0.150301 0.763333 
5.24999e-06 0.00016528 0.000335785 0.0012073 0.00386814 0.013274 0.038338 0.0829434 0.143952 0.715911 
0.000276375 0.00437194 0.0157357 0.043892 0.121983 0.427647 0.188467 0.126871 0.0512606 0.0194954 
2.60096e-05 0.000837292 0.00155309 0.00484913 0.0151017 0.0399461 0.0800976 0.125109 0.136956 0.595524 
3.13055e-08 5.11584e-07 9.51392e-06 3.41161e-05 1.15293e-05 6.3646e-05 0.000740885 0.00455023 0.0239227 0.970667 
3.23885e-07 5.25934e-06 9.4918e-05 0.000340449 0.000392474 0.000650197 0.0059924 0.0254897 0.0790778 0.887956 
3.01979e-07 4.92405e-06 9.07321e-05 0.000324379 0.000371843 0.000525045 0.00432589 0.016433 0.0503523 0.927572 
0.00121712 0.0118533 0.0528943 0.155373 0.45448 0.192074 0.0892032 0.0303016 0.010021 0.00258237 
6.34329e-29 1.52184e-25 3.32772e-22 7.15756e-19 2.80963e-16 4.53454e-13 8.1027e-11 2.19762e-07 0.000888542 0.999111 
2.58155e-05 0.000884144 0.00156359 0.00662397 0.0182912 0.0447888 0.608653 0.157833 0.108644 0.0526923 
6.01361e-08 9.01996e-07 9.93131e-06 3.53944e-05 0.000300276 0.000726996 0.0054388 0.0208919 0.0537441 0.918852 
1.85766e-05 0.00042814 0.00114995 0.00341622 0.0113725 0.0332657 0.427188 0.284146 0.133417 0.105597 
0.000718264 0.00555004 0.0238081 0.0643002 0.198866 0.360828 0.225143 0.0787757 0.0286462 0.0133648 
0.0078048 0.0435163 0.180943 0.447039 0.173479 0.0961923 0.0377282 0.00836384 0.00376218 0.0011712 
9.09588e-06 0.000334695 0.000516602 0.00193866 0.00721985 0.026503 0.0871247 0.615234 0.160218 0.100901 
3.50915e-05 0.000918091 0.00206994 0.00634513 0.0267419 0.0824065 0.155619 0.5669 0.101636 0.0573292 
3.33175e-05 0.000791384 0.00215013 0.00841348 0.0341986 0.269113 0.198487 0.133455 0.0942324 0.259125 
4.3094e-05 0.000677082 0.00303096 0.0129156 0.045041 0.113555 0.542798 0.162688 0.0840566 0.0351936 
3.79551e-07 6.17457e-06 0.000112848 0.000407522 0.000421958 0.00123186 0.00881663 0.0350415 0.0826382 0.871323 
4.08516e-05 0.00137463 0.00235191 0.00631572 0.0184551 0.0458425 0.0786285 0.145811 0.433336 0.267843 
0.000440583 0.00450366 0.0196833 0.0710075 0.399594 0.157034 0.165415 0.116356 0.0479331 0.018033 
5.45522e-05 0.00127864 0.00401147 0.0163996 0.0434026 0.0983183 0.382963 0.315981 0.0984945 0.0390964 
2.22945e-05 0.000634289 0.00137741 0.00377084 0.0131404 0.0419322 0.0868298 0.149302 0.174907 0.528084 
2.88852e-08 4.72332e-07 8.81134e-06 3.15262e-05 8.80941e-06 3.75015e-06 0.000125355 0.000539085 0.00291136 0.996371 
3.19946e-07 5.18634e-06 9.29428e-05 0.000335926 0.000298619 0.000637655 0.00550867 0.023484 0.07442 0.895217 
0.000603419 0.00508676 0.0235115 0.0671204 0.124436 0.441812 0.268868 0.0516632 0.0133592 0.00353931 
1.89644e-07 3.10063e-06 5.77843e-05 0.000207344 8.59626e-05 0.000312718 0.00185074 0.0136639 0.731516 0.252302 
3.17448e-07 7.44008e-06 3.12484e-05 0.000143887 0.00132591 0.00302859 0.00786189 0.0288328 0.0676245 0.891143 
3.08376e-06 0.00013399 0.000184833 0.000546542 0.00140034 0.00340962 0.0118406 0.0438231 0.797579 0.141079 
1.00844e-19 1.57193e-17 4.11823e-15 2.85685e-12 8.97007e-10 1.42231e-07 4.75866e-05 0.000160526 0.00663217 0.99316 
2.12347e-05 0.000807136 0.00104242 0.00297603 0.0110648 0.0335119 0.0679988 0.118945 0.14598 0.617652 
2.06288e-06 7.78618e-05 0.000169636 0.000557708 0.00168042 0.00768463 0.0374646 0.652114 0.157684 0.142565 
5.96548e-05 0.00108671 0.00437004 0.0171602 0.056233 0.130453 0.513403 0.157363 0.0848328 0.0350384 
5.50509e-08 1.54297e-06 4.20748e-06 1.51397e-05 6.57134e-05 0.000333058 0.00247739 0.00706429 0.0217896 0.968249 
1.05256e-05 0.000240764 0.000715312 0.00216695 0.00661671 0.0182342 0.0432217 0.10154 0.662058 0.165196 
3.91532e-05 0.000900689 0.00230209 0.00702951 0.0265874 0.400924 0.170057 0.181473 0.135295 0.0753921 
1.67256e-10 2.73441e-09 5.09582e-08 1.82533e-07 6.80048e-08 8.53282e-07 6.75762e-06 0.000114531 0.00330588 0.996572 
3.44468e-07 5.61744e-06 9.06398e-05 0.000335601 0.00100375 0.00167499 0.00943168 0.0374574 0.0998988 0.850101 
3.78621e-07 6.1682e-06 0.00011132 0.000398538 0.000273229 0.00101453 0.00950262 0.0496361 0.826745 0.112313 
6.77033e-07 2.09107e-05 5.05625e-05 0.000190494 0.00147651 0.0093915 0.576655 0.105056 0.167735 0.139423 
0.00054044 0.00618374 0.0213531 0.0486921 0.10497 0.14245 0.500458 0.122123 0.0420584 0.0111713 
1.56641e-12 3.98255e-11 1.0092e-09 1.27592e-08 2.32705e-07 9.90721e-06 0.00017385 0.00154802 0.0106959 0.987572 
9.85434e-06 0.000328277 0.000663132 0.00256923 0.00867217 0.0277216 0.0712965 0.573242 0.189044 0.126452 
0.00634237 0.0343954 0.215411 0.364528 0.233842 0.100722 0.0365484 0.00562226 0.00202077 0.000568411 
5.98474e-06 0.000232776 0.000307492 0.000983893 0.00374724 0.0132577 0.0378946 0.102438 0.680248 0.160884 
9.72177e-12 1.9909e-10 3.95385e-09 3.93507e-08 8.80885e-07 5.26367e-05 0.000389644 0.00337745 0.0201967 0.975983 
3.13442e-13 7.08428e-12 1.63522e-10 6.66361e-09 1.48196e-07 6.44169e-06 0.000198334 0.00207339 0.0116954 0.986026 
5.88957e-08 1.41152e-06 6.97303e-06 2.43017e-05 0.00017638 0.000726248 0.00345897 0.0212204 0.897956 0.0764292 
7.80669e-06 0.00025749 0.000373949 0.00123795 0.00343109 0.00983636 0.0253804 0.0424508 0.0585498 0.858474 
2.80571e-05 0.000876489 0.00174844 0.00602586 0.020334 0.0565093 0.113303 0.442974 0.271839 0.0863612 
2.31896e-08 3.4744e-07 4.03387e-06 1.32999e-05 7.59853e-05 0.000199688 0.00172687 0.00782627 0.0213163 0.968837 
2.00153e-05 0.000361697 0.00163312 0.00703825 0.0337706 0.290905 0.107887 0.117053 0.121483 0.319848 
5.67398e-42 3.91741e-38 8.64131e-34 2.91865e-29 6.13023e-25 1.44302e-20 8.73721e-16 6.07856e-11 7.39185e-06 0.999993 
1.62297e-05 0.000513796 0.000946442 0.0107922 0.0459027 0.408912 0.117012 0.164345 0.158538 0.0930215 
3.16699e-07 5.46633e-06 4.35031e-05 0.000219525 0.00160317 0.00696949 0.0287505 0.742482 0.125722 0.0942041 
0.000935909 0.00662228 0.0339102 0.111752 0.440881 0.215281 0.126036 0.0479163 0.0132444 0.00342005 
1.66197e-07 2.71767e-06 5.069e-05 0.000181418 5.27434e-05 0.000121546 0.00186176 0.0101383 0.0420576 0.945533 
3.10435e-07 5.14635e-06 9.20964e-05 0.00033061 0.000176903 0.000408148 0.00428358 0.0202953 0.843158 0.13125 
5.18815e-06 0.000109077 0.000317823 0.00120248 0.00852026 0.0696959 0.0399122 0.188325 0.484011 0.207902 
9.45533e-07 4.05895e-05 5.18096e-05 0.000167757 0.00126388 0.00287816 0.0101609 0.0354524 0.0814769 0.868507 
0.000668828 0.010032 0.197143 0.116401 0.196365 0.187936 0.150085 0.0902096 0.0369187 0.0142415 
8.80701e-13 1.59501e-11 2.63165e-10 8.19638e-09 2.07346e-07 1.2958e-05 0.000332604 0.00575986 0.023941 0.969953 
3.32955e-07 5.53275e-06 9.13041e-05 0.000329206 0.000479054 0.000912863 0.00657421 0.0272683 0.0805038 0.883835 
1.06617e-05 0.000181495 0.000606411 0.00279025 0.0144095 0.0485075 0.551368 0.188426 0.122762 0.0709387 
1.93473e-06 5.31425e-05 0.000161745 0.00079188 0.00392763 0.0180259 0.0618802 0.590729 0.137275 0.187153 
4.76765e-07 8.66772e-06 0.000114543 0.000419316 0.00110183 0.00210261 0.0104344 0.0419279 0.108221 0.835669 
0.000162078 0.00309334 0.0139511 0.259858 0.171952 0.180329 0.193247 0.0984671 0.052676 0.0262638 
2.5683e-07 4.53448e-06 6.83392e-05 0.000245012 0.000339757 0.00113528 0.00846943 0.0423347 0.805531 0.141871 
2.41035e-07 4.30762e-06 5.6015e-05 0.000201717 0.000543892 0.00173081 0.00813777 0.0311774 0.0843219 0.873826 
7.63238e-06 0.000199875 0.000407863 0.0012482 0.00407046 0.0106038 0.0207254 0.0392692 0.06451 0.858958 
3.74841e-07 6.42326e-06 0.000100326 0.000363458 0.000670592 0.0012312 0.00601891 0.0252911 0.0707831 0.895534 
7.97664e-46 1.31601e-41 9.38522e-37 1.11763e-31 5.05495e-27 1.50556e-22 1.23035e-17 1.84282e-12 1.15462e-05 0.999988 
9.32561e-06 0.000275927 0.00054166 0.00236335 0.0108418 0.0357006 0.100419 0.16753 0.600128 0.0821904 
0.000180624 0.00315079 0.0114618 0.0334435 0.0885904 0.328669 0.361025 0.110929 0.0428931 0.019657 
2.90807e-05 0.000630573 0.0013708 0.00423673 0.017526 0.0551455 0.126826 0.589851 0.128376 0.0760085 
0.00160806 0.178142 0.0582046 0.095983 0.171999 0.185042 0.143294 0.0956863 0.0473991 0.0226415 
1.04718e-06 2.76925e-05 7.32566e-05 0.00041544 0.00176786 0.00496003 0.0153821 0.0318339 0.0577833 0.887755 
