5560
4.68034e-10 9.83635e-09 2.72064e-07 4.86145e-06 5.27011e-05 0.00105963 0.00371123 0.015444 0.0599869 0.91974 
9.61708e-11 2.03234e-09 4.05254e-08 8.07711e-07 7.6157e-06 0.000117912 0.00151322 0.00611478 0.0261285 0.966117 
2.87754e-06 6.01718e-05 0.000846916 0.01406 0.054052 0.123827 0.72472 0.0584582 0.0179215 0.00605123 
7.45733e-11 1.58938e-09 2.89555e-08 5.93704e-07 3.99521e-06 2.87421e-05 0.0002839 0.00278166 0.0118812 0.98502 
1.26178e-08 2.18202e-07 1.49631e-06 3.44889e-05 0.000537605 0.00315398 0.0120769 0.0493097 0.837982 0.0969037 
8.62893e-16 1.82754e-14 2.7001e-13 5.22979e-11 5.9317e-09 4.92571e-07 4.58489e-05 0.00404559 0.485054 0.510854 
2.52742e-05 0.000289895 0.00398866 0.0223365 0.0592377 0.107708 0.742305 0.0565593 0.00728741 0.000262239 
8.03693e-08 1.55814e-06 1.83073e-05 0.00044664 0.00396888 0.0184114 0.0703465 0.778873 0.0849974 0.0429357 
0.000158666 0.00324714 0.00358637 0.0274339 0.0833786 0.730375 0.106494 0.0346808 0.00938111 0.00126447 
1.02906e-08 1.79071e-07 1.29788e-06 3.19803e-05 0.000604382 0.00336646 0.0143999 0.786149 0.10852 0.0869274 
4.72634e-08 1.00338e-06 1.58691e-05 0.000228102 0.00219772 0.00703265 0.0221097 0.0724132 0.810376 0.0856262 
1.04001e-10 2.18678e-09 4.03578e-08 8.58694e-07 9.90648e-06 0.000241286 0.0017054 0.0130305 0.658519 0.326493 
2.30523e-07 5.01279e-06 5.24309e-05 0.00138771 0.0103767 0.734363 0.0882885 0.0683337 0.0571902 0.0400021 
1.84428e-10 3.7904e-09 1.83939e-07 2.47697e-06 2.24189e-05 0.000838961 0.00273319 0.0171687 0.873913 0.105321 
3.0849e-07 6.66742e-06 5.0045e-05 0.00107201 0.00583425 0.0149894 0.0420865 0.760566 0.117324 0.0580705 
8.76309e-13 1.72069e-11 4.15105e-10 9.0737e-09 3.8532e-07 1.42933e-06 7.84159e-06 0.000191946 0.00345594 0.996342 
1.61422e-11 3.0396e-10 8.28386e-09 1.28405e-07 3.01014e-06 0.00016563 0.000991654 0.0152438 0.905876 0.0777202 
8.89314e-06 0.00024611 0.00350903 0.0189394 0.0742127 0.741901 0.108735 0.0403373 0.0109089 0.00120145 
1.3302e-06 2.70884e-05 0.000139753 0.00543343 0.201082 0.0358862 0.0514854 0.420554 0.244943 0.0404474 
1.86774e-10 3.86075e-09 1.53841e-07 2.74083e-06 5.5635e-05 0.00154483 0.0044603 0.0220253 0.228583 0.743328 
6.04499e-14 1.27448e-12 4.18237e-11 1.19561e-09 8.19915e-08 4.22533e-06 9.35268e-05 0.00154818 0.0162243 0.98213 
1.00677e-09 2.18139e-08 9.19202e-07 1.49832e-05 0.000468083 0.00238126 0.013393 0.0577273 0.847051 0.0789635 
9.83905e-09 1.88364e-07 1.5915e-06 4.59588e-05 0.000801005 0.0012499 0.00458021 0.0177642 0.0551432 0.920414 
1.0302e-09 2.2006e-08 3.70651e-07 1.21572e-05 0.000881781 0.00114043 0.003634 0.0103663 0.0260095 0.957955 
6.68675e-10 1.41583e-08 3.21e-07 6.37218e-06 5.94066e-05 0.0010154 0.00502325 0.0178855 0.0606586 0.915351 
7.95449e-08 1.61812e-06 4.12545e-05 0.000495647 0.0040758 0.0149198 0.715826 0.130549 0.087359 0.0467324 
2.23316e-09 4.13052e-08 5.16074e-07 1.32449e-05 0.000417105 0.00189114 0.00978852 0.0355326 0.826809 0.125548 
6.96253e-09 1.21815e-07 1.09512e-06 2.6195e-05 0.00123789 0.00398082 0.0114594 0.0512538 0.817432 0.114608 
2.59912e-07 5.47862e-06 5.4982e-05 0.000933122 0.00475874 0.0147066 0.0351155 0.0725562 0.809444 0.0624246 
9.43081e-08 1.98482e-06 4.46314e-05 0.000360323 0.00249348 0.0149342 0.0482801 0.596772 0.291862 0.0452505 
5.26099e-10 1.11931e-08 1.87718e-07 4.46841e-06 5.89448e-05 0.000483776 0.00234069 0.00812133 0.0198369 0.969154 
2.51656e-16 5.25977e-15 4.84664e-14 9.08386e-12 3.92872e-10 1.17679e-07 2.23851e-06 0.00156552 0.736299 0.262133 
3.57826e-06 8.27226e-05 0.00138107 0.0151468 0.0437915 0.727016 0.14351 0.0551458 0.0121098 0.00181264 
2.03457e-06 5.02782e-05 0.000370808 0.00621187 0.0190759 0.0478192 0.0905804 0.654721 0.156975 0.024194 
1.45559e-07 3.14073e-06 4.24559e-05 0.000952474 0.00304128 0.0130597 0.0331806 0.0680346 0.0972079 0.784478 
1.93199e-07 3.98689e-06 9.37938e-05 0.000820288 0.00636818 0.0233533 0.0669878 0.805668 0.0702653 0.0264394 
4.14566e-06 0.000129064 0.00214357 0.0168386 0.0502828 0.39161 0.331722 0.187689 0.0174092 0.00217178 
1.99347e-11 3.84412e-10 8.49061e-09 1.64916e-07 3.41457e-06 0.000157636 0.00103494 0.0102265 0.911494 0.0770833 
1.64325e-07 3.41215e-06 4.25743e-05 0.000923436 0.00270771 0.011181 0.0245775 0.0516948 0.797774 0.111096 
0.000104642 0.00213541 0.00215025 0.0174067 0.0554423 0.108359 0.745992 0.0496783 0.0139067 0.00482504 
9.88492e-10 2.07731e-08 4.48265e-07 1.28669e-05 0.000835367 0.00170282 0.00487513 0.0158559 0.0365116 0.940206 
1.80151e-13 3.67879e-12 9.62342e-11 1.77392e-09 3.27301e-08 1.28136e-06 3.64847e-05 0.000290562 0.00249796 0.997174 
1.76544e-08 3.24405e-07 2.51233e-06 7.41597e-05 0.00158064 0.00401066 0.0134431 0.0507322 0.102505 0.827652 
1.83052e-08 3.58111e-07 3.31606e-06 5.92645e-05 0.000843374 0.00563943 0.194272 0.400695 0.365376 0.0331111 
3.34976e-10 6.86403e-09 1.02384e-07 2.72916e-06 9.98766e-05 0.000979207 0.00907569 0.0639728 0.696769 0.229101 
4.21751e-29 1.00488e-25 3.3465e-22 1.08209e-18 1.789e-15 9.19469e-12 4.47755e-08 0.000123679 0.00204066 0.997836 
2.22547e-08 4.5176e-07 5.54939e-06 0.000101595 0.00203082 0.00344725 0.00816715 0.0241504 0.0760294 0.886067 
3.982e-10 8.41048e-09 1.89203e-07 3.92276e-06 4.19597e-05 0.00123246 0.00379397 0.0138813 0.0379279 0.943118 
4.28687e-29 7.48732e-26 1.8401e-22 4.44783e-19 5.15109e-16 1.08911e-12 2.0631e-09 1.05381e-05 0.00176619 0.998223 
1.52007e-15 3.19225e-14 3.70854e-13 8.38687e-11 4.23732e-09 6.05534e-07 1.03033e-05 0.00108674 0.0220104 0.976892 
8.03365e-05 0.00309468 0.0205213 0.0679691 0.104641 0.748939 0.0473182 0.00563902 0.00169808 9.95274e-05 
8.89073e-10 1.88039e-08 3.76567e-07 9.11405e-06 8.66794e-05 0.00136537 0.00510808 0.0192318 0.0651299 0.909069 
3.00017e-07 6.39151e-06 9.92221e-05 0.00175304 0.00559607 0.0194471 0.0526208 0.780701 0.093938 0.0458385 
1.31005e-07 2.78867e-06 4.55518e-05 0.000753007 0.00332772 0.0208142 0.396667 0.437598 0.0906875 0.0501041 
2.108e-08 3.96585e-07 3.30511e-06 8.96754e-05 0.00151769 0.00380258 0.0108873 0.036805 0.833093 0.113801 
7.30993e-11 1.5454e-09 5.94679e-08 2.06772e-06 0.000177486 0.00640624 0.810027 0.0844421 0.0629037 0.0360412 
4.25918e-11 8.97739e-10 3.88022e-08 8.46533e-07 2.64138e-05 0.000850551 0.0039123 0.14367 0.494883 0.356657 
1.74523e-10 3.62136e-09 1.48566e-07 2.3807e-06 2.80242e-05 0.000839266 0.00206415 0.0089201 0.0292448 0.958901 
2.39696e-06 5.48299e-05 0.00054472 0.00851349 0.0232217 0.0513062 0.727174 0.119687 0.0544563 0.0150398 
2.88166e-11 6.03928e-10 1.73869e-08 5.52706e-07 1.11582e-05 0.000369923 0.000569319 0.00482737 0.0323202 0.961901 
1.03234e-06 2.09427e-05 0.000349277 0.00601815 0.0188582 0.0644895 0.777606 0.083433 0.0359775 0.0132462 
1.28969e-12 2.57119e-11 8.71097e-10 1.7275e-08 4.42614e-07 1.32193e-05 0.000271686 0.000663751 0.00803907 0.991012 
2.83279e-10 6.0299e-09 1.25482e-07 2.51752e-06 2.11856e-05 0.000180743 0.00108332 0.00993285 0.920846 0.0679333 
3.25805e-11 6.46505e-10 2.1092e-08 4.59673e-07 9.8351e-06 0.000628047 0.00370065 0.0185363 0.0590014 0.918123 
2.09709e-08 4.01561e-07 4.6963e-06 0.000108636 0.00198824 0.00507667 0.0184756 0.0658876 0.119276 0.789182 
8.48726e-08 1.86546e-06 2.49738e-05 0.000622137 0.00214324 0.00879323 0.0224599 0.0478406 0.462815 0.455299 
7.67322e-09 1.45807e-07 1.0786e-06 2.62204e-05 0.000237348 0.00155546 0.0080661 0.0433344 0.871797 0.0749822 
2.67058e-05 0.000336417 0.00344966 0.0214793 0.0614635 0.123167 0.725453 0.0517038 0.0113543 0.00156596 
1.19121e-10 2.44312e-09 9.31786e-08 1.91608e-06 5.2993e-05 0.00169712 0.00720395 0.0424562 0.867628 0.0809595 
1.80853e-10 3.73134e-09 1.73022e-07 2.69077e-06 3.05893e-05 0.00152118 0.00411889 0.0234572 0.847467 0.123402 
3.6987e-08 7.54019e-07 4.56873e-05 0.000388121 0.00274088 0.0134331 0.388767 0.297352 0.242423 0.0548491 
7.3817e-09 1.40496e-07 1.1353e-06 2.55029e-05 0.000364912 0.00187912 0.00573621 0.0216912 0.0637021 0.9066 
3.08806e-07 6.61274e-06 7.07198e-05 0.00145922 0.00612079 0.0163676 0.731309 0.113337 0.0849746 0.0463543 
0.000490181 0.0161553 0.47709 0.27179 0.1238 0.0533702 0.0309822 0.0154069 0.00887938 0.00203535 
1.36042e-10 2.89301e-09 5.07136e-08 1.18659e-06 1.23164e-05 0.000172536 0.000680343 0.00365254 0.0317521 0.963729 
2.60554e-08 5.18262e-07 1.55435e-05 0.000362988 0.00665 0.180515 0.569853 0.0877146 0.0878221 0.067066 
2.52303e-16 5.27355e-15 4.857e-14 8.99177e-12 3.27759e-10 9.54809e-08 7.40283e-07 0.000107409 0.00229976 0.997592 
4.89634e-10 1.03127e-08 2.64768e-07 5.76812e-06 0.00012848 0.0018522 0.00725393 0.0278247 0.458333 0.504601 
3.79123e-06 0.000104981 0.00171018 0.0155647 0.0473736 0.0763352 0.719523 0.0797937 0.0464433 0.013147 
1.40086e-08 2.86506e-07 2.87356e-06 4.61195e-05 0.000848142 0.00262894 0.00860216 0.0320075 0.63321 0.322654 
2.83354e-08 5.42139e-07 4.72725e-06 0.000104696 0.00185322 0.00497136 0.0162289 0.0602046 0.841416 0.0752165 
6.9664e-08 1.38168e-06 1.69965e-05 0.000444888 0.00286046 0.0101034 0.0351885 0.774523 0.11116 0.0657008 
3.78154e-15 8.1082e-14 1.68048e-12 4.03692e-10 4.22767e-08 1.67734e-06 2.42001e-05 0.00172939 0.0134461 0.984799 
2.45977e-08 4.51341e-07 3.35213e-06 8.16709e-05 0.00130901 0.00758784 0.0417312 0.806845 0.0818091 0.0606319 
6.86583e-09 1.35078e-07 2.24502e-06 7.7787e-05 0.000689108 0.00352403 0.0144296 0.0512457 0.816264 0.113767 
9.83484e-09 1.69591e-07 1.18651e-06 2.57221e-05 0.000317986 0.00261112 0.00957373 0.0393097 0.844518 0.103643 
8.75954e-11 1.81937e-09 7.94516e-08 1.46927e-06 1.9288e-05 0.000957362 0.0014813 0.00643118 0.021694 0.969415 
2.77069e-07 5.96009e-06 8.84464e-05 0.00125554 0.00459447 0.014233 0.0402723 0.159962 0.739777 0.0398116 
1.01566e-11 1.91688e-10 4.20626e-09 7.86515e-08 1.85565e-06 0.00010692 0.000337136 0.00172522 0.0180158 0.979813 
1.82424e-07 3.81941e-06 0.000113495 0.00115345 0.00581647 0.0239453 0.0738091 0.140407 0.724604 0.0301478 
2.19217e-10 4.62191e-09 1.19168e-07 2.2096e-06 2.90852e-05 0.00125985 0.010528 0.0471445 0.885913 0.0551233 
9.7432e-09 1.70386e-07 1.27918e-06 3.09377e-05 0.000534429 0.00303304 0.0118746 0.0404223 0.815776 0.128327 
5.05194e-29 1.20423e-25 4.01029e-22 1.29618e-18 2.1379e-15 1.08361e-11 5.2509e-08 0.000176189 0.00372343 0.9961 
3.23591e-07 8.0989e-06 9.22822e-05 0.000944719 0.00421234 0.0103427 0.0209174 0.239954 0.703371 0.0201571 
4.84653e-07 1.07843e-05 0.000186036 0.00202188 0.0118893 0.0365219 0.0801785 0.114742 0.726541 0.0279081 
3.05207e-10 6.44521e-09 1.30968e-07 3.02252e-06 0.000112902 0.000733257 0.00350816 0.0126192 0.0465071 0.936516 
3.16142e-12 6.3964e-11 2.35069e-09 4.38593e-08 1.36566e-06 5.91454e-05 0.000418077 0.00379726 0.0299112 0.965813 
3.5776e-06 0.000109004 0.00216937 0.0133696 0.0281257 0.0628117 0.57845 0.279396 0.0305156 0.00504981 
8.23416e-13 1.72033e-11 1.55545e-10 2.87523e-08 9.93414e-07 0.000319116 0.000714649 0.012852 0.958634 0.027479 
1.64986e-10 3.41114e-09 1.61673e-07 2.44443e-06 2.60998e-05 0.00123823 0.00448739 0.0307829 0.890185 0.0732774 
7.98863e-07 1.7984e-05 0.000189169 0.00307761 0.0141923 0.0563384 0.739689 0.111023 0.0536276 0.0218438 
3.17915e-08 6.22595e-07 8.00866e-06 0.000190955 0.00224781 0.00974049 0.510624 0.0760212 0.0793132 0.321854 
1.61467e-10 3.33772e-09 1.58427e-07 2.40663e-06 4.88682e-05 0.00159805 0.00655973 0.041746 0.895551 0.0544937 
5.47681e-08 1.21597e-06 2.4813e-05 0.000767515 0.00807708 0.0484545 0.722578 0.0854537 0.0798759 0.0547672 
2.42189e-07 4.93675e-06 8.18188e-05 0.00209265 0.0160411 0.0629985 0.392961 0.0810002 0.394372 0.0504473 
3.085e-07 6.65654e-06 8.7205e-05 0.00142862 0.00662654 0.0193487 0.047615 0.455853 0.440828 0.0282056 
2.62771e-07 5.42636e-06 6.71216e-05 0.00107274 0.00572999 0.0213806 0.0553892 0.104058 0.76308 0.0492167 
0.000286411 0.00474774 0.0199394 0.0840257 0.779804 0.0859537 0.0234002 0.00173618 9.57159e-05 1.0984e-05 
1.07385e-09 2.2261e-08 3.83939e-07 8.02811e-06 7.78058e-05 0.000925752 0.00384332 0.0117479 0.029222 0.954175 
7.00953e-07 1.61344e-05 0.000192617 0.00292829 0.0140351 0.0317855 0.0621653 0.745491 0.0962962 0.0470894 
8.01412e-08 1.57762e-06 1.97699e-05 0.000409589 0.00171759 0.00542427 0.015802 0.0429939 0.828455 0.105176 
1.26673e-28 1.75851e-25 3.8143e-22 1.04691e-18 1.07835e-15 1.84973e-12 4.77417e-10 1.81014e-05 0.00132642 0.998655 
2.1659e-08 4.42459e-07 1.94417e-05 0.000176191 0.002965 0.0120327 0.0490635 0.779816 0.101512 0.0544144 
2.20452e-06 4.69934e-05 0.000832441 0.0182028 0.641289 0.135866 0.108259 0.0616973 0.0257693 0.00803538 
9.49607e-13 1.89038e-11 6.60803e-10 9.50588e-09 2.8177e-07 2.78585e-06 2.77323e-05 0.00178661 0.0226179 0.975565 
1.18385e-16 2.47794e-15 2.5434e-14 6.19008e-12 1.86476e-10 4.73308e-08 8.18189e-07 0.000373358 0.0109461 0.98868 
3.42754e-08 7.68144e-07 1.04674e-05 0.000129084 0.00215391 0.00660894 0.020599 0.0685306 0.821413 0.0805538 
2.98206e-10 6.3392e-09 1.15162e-07 2.5223e-06 2.24609e-05 0.000279382 0.00216522 0.00649132 0.0287555 0.962283 
8.22326e-14 1.73908e-12 2.34504e-11 1.43858e-09 1.57001e-07 1.1301e-05 0.000146451 0.00162597 0.0122196 0.985996 
6.89731e-09 1.21727e-07 9.41536e-07 2.45608e-05 0.000366188 0.00253416 0.00846025 0.0278185 0.0649275 0.895868 
3.17218e-12 6.52302e-11 3.38049e-09 3.90781e-08 2.03459e-07 1.54043e-06 1.55691e-05 0.000852169 0.0172493 0.981881 
4.80709e-08 9.86849e-07 1.88681e-05 0.000515517 0.00375651 0.0121778 0.0503737 0.80252 0.083466 0.0471704 
7.00452e-27 3.12646e-24 3.43553e-21 7.0115e-18 8.72079e-15 2.58718e-11 8.38992e-08 0.000224867 0.00535574 0.994419 
3.43022e-07 8.08163e-06 0.000236555 0.00447725 0.0258868 0.692567 0.133426 0.0811827 0.0395678 0.0226469 
1.92493e-08 3.85641e-07 3.82551e-06 7.04289e-05 0.00134775 0.0052051 0.0221791 0.553998 0.360413 0.0567817 
6.09646e-08 1.33183e-06 1.72971e-05 0.000350106 0.00312302 0.00895076 0.0267994 0.0698447 0.82935 0.0615633 
2.44741e-08 5.34178e-07 7.27639e-06 0.00020844 0.00235671 0.00834055 0.0374129 0.778861 0.108279 0.0645331 
8.33975e-11 1.78412e-09 2.83004e-08 6.53111e-07 4.26529e-06 1.90469e-05 0.000513239 0.00149998 0.0123232 0.98564 
1.34777e-06 4.53705e-05 0.00545535 0.590358 0.0938947 0.106793 0.0982075 0.0627371 0.0286196 0.0138875 
8.33937e-11 1.72259e-09 8.08401e-08 1.23687e-06 1.33165e-05 0.000697744 0.0032444 0.342206 0.447549 0.206289 
1.70437e-07 3.74089e-06 0.000125472 0.00222226 0.0147216 0.19548 0.0439494 0.49512 0.201694 0.0466839 
4.2286e-07 9.1459e-06 0.000105024 0.00272592 0.00973069 0.0325403 0.279047 0.620188 0.0425747 0.0130786 
3.5907e-14 7.72052e-13 4.08121e-11 7.05871e-10 2.47875e-08 7.35734e-07 1.18212e-05 0.000381706 0.00951128 0.990094 
2.1903e-08 4.50771e-07 4.37732e-06 8.34888e-05 0.00162135 0.00203778 0.00603571 0.0204781 0.0582734 0.911465 
1.32801e-07 2.91895e-06 8.42604e-05 0.000955336 0.00542707 0.0157998 0.0498139 0.113997 0.758721 0.0551986 
1.15289e-08 2.13215e-07 1.5992e-05 4.636e-05 0.00085304 0.00417184 0.0170087 0.0458073 0.0864434 0.845653 
6.25201e-06 0.000134453 0.000284861 0.00330979 0.0140146 0.0894304 0.296976 0.466156 0.0716678 0.05802 
2.30379e-16 4.81466e-15 4.41108e-14 8.18354e-12 3.02489e-10 8.88234e-08 8.02637e-07 8.22717e-05 0.003664 0.996253 
5.87707e-07 1.26515e-05 0.000150934 0.00376086 0.0149347 0.0503334 0.434414 0.438729 0.0443114 0.0133522 
3.97762e-07 8.7111e-06 0.000164485 0.00303285 0.0110792 0.0373849 0.0840596 0.75514 0.0761101 0.0330202 
6.71829e-17 1.40338e-15 1.25503e-14 2.31485e-12 7.54729e-11 2.00402e-08 2.07668e-07 0.000269428 0.00660916 0.993121 
1.69834e-05 0.000478954 0.00283157 0.0112296 0.0247615 0.0664852 0.83395 0.0486148 0.0102782 0.00135289 
6.80806e-09 1.04111e-07 8.34418e-07 1.9135e-05 0.000491027 0.00139179 0.00453078 0.0151398 0.200586 0.777841 
6.25463e-07 1.39301e-05 0.000301471 0.00777634 0.0407707 0.120055 0.685471 0.0765629 0.0445061 0.0245422 
3.18785e-08 6.40147e-07 5.4367e-06 0.000195036 0.0024567 0.00450489 0.0145667 0.0422082 0.0872409 0.848821 
2.17988e-08 3.93148e-07 2.83195e-06 6.52143e-05 0.000751991 0.00401099 0.0210372 0.0761788 0.825753 0.0721994 
1.72828e-06 4.72389e-05 0.000273693 0.00430302 0.0165431 0.0441983 0.0937605 0.75727 0.0655795 0.0180232 
5.21201e-22 3.52063e-20 1.42503e-17 3.87863e-15 8.207e-13 4.69964e-10 1.50743e-08 1.27929e-05 0.00102384 0.998963 
2.41931e-09 4.56953e-08 5.08289e-07 1.55377e-05 8.50404e-05 0.000838613 0.00398822 0.0138379 0.0504332 0.930801 
4.61431e-07 1.00408e-05 0.000152889 0.00175404 0.00740896 0.0190699 0.0394184 0.0786332 0.78649 0.0670624 
8.7956e-09 1.59531e-07 1.1799e-06 2.45619e-05 0.000215464 0.00167397 0.00526735 0.021055 0.0686318 0.90313 
2.74585e-13 5.76317e-12 1.10751e-10 3.90997e-09 2.97641e-07 1.92797e-05 0.000203131 0.00389056 0.034767 0.96112 
3.08492e-08 6.44816e-07 7.65372e-06 0.000298624 0.00412124 0.698241 0.104221 0.0767608 0.0606895 0.0556588 
1.87277e-07 3.90115e-06 6.00209e-05 0.00132629 0.00552759 0.0628051 0.0690465 0.098421 0.48255 0.280259 
6.47654e-14 1.3529e-12 1.20815e-11 2.25825e-09 6.60732e-08 8.70359e-06 4.66311e-05 0.00208124 0.061032 0.936831 
6.14984e-07 1.29463e-05 0.00016004 0.00220563 0.00880033 0.0196399 0.0434156 0.0756469 0.753692 0.0964256 
3.45875e-10 7.34504e-09 1.37442e-07 3.23043e-06 3.62948e-05 0.00072257 0.00280386 0.00832645 0.0345954 0.953512 
1.82425e-08 3.49129e-07 2.80693e-06 7.42831e-05 0.00179361 0.00460355 0.0113677 0.0401007 0.0854811 0.856576 
7.82166e-05 0.00231567 0.0165521 0.0643909 0.711652 0.135158 0.0530016 0.0113321 0.00432445 0.00119509 
1.5254e-16 3.19109e-15 3.06813e-14 5.87707e-12 3.53273e-10 1.02176e-07 2.34208e-06 0.000415679 0.0106768 0.988905 
7.443e-10 1.59379e-08 3.25821e-07 1.05165e-05 0.000372672 0.00154861 0.0084342 0.0253128 0.0571004 0.90722 
3.95887e-08 8.64547e-07 1.12052e-05 0.000186893 0.00251767 0.0115478 0.0439657 0.791291 0.0967989 0.0536797 
3.3753e-14 7.04272e-13 2.62828e-11 5.23252e-10 1.52106e-08 3.58072e-07 4.35974e-06 0.000393437 0.00855685 0.991045 
1.60559e-08 3.03024e-07 2.64859e-06 6.85405e-05 0.00081003 0.00197685 0.00603693 0.0209416 0.0473391 0.922824 
1.55119e-07 3.26556e-06 4.05344e-05 0.000839255 0.00288474 0.0131025 0.0321495 0.0634727 0.094098 0.793409 
2.54197e-10 5.2441e-09 1.94401e-07 3.23543e-06 3.64451e-05 0.00143759 0.00384044 0.0125515 0.0307594 0.951371 
0.000168893 0.00344535 0.0294373 0.241697 0.658824 0.0504312 0.012744 0.00277848 0.000449132 2.43945e-05 
7.72073e-10 1.64834e-08 2.99798e-07 1.14151e-05 0.000418894 0.00189873 0.0102644 0.0359848 0.0828063 0.868615 
5.45623e-06 0.000170822 0.00349083 0.0202024 0.0482899 0.703647 0.150487 0.0599807 0.0123041 0.00142145 
1.21733e-08 2.17727e-07 1.76705e-06 4.58634e-05 0.00193958 0.00311715 0.0101434 0.162745 0.0812271 0.74078 
1.33512e-36 1.11843e-32 1.64258e-28 1.95645e-24 2.37869e-20 7.47774e-16 7.61588e-12 2.08055e-07 0.000795737 0.999204 
1.28963e-08 2.23055e-07 1.58123e-06 3.4358e-05 0.000581337 0.00375637 0.0141509 0.0592833 0.835514 0.0866777 
7.91628e-07 1.77761e-05 0.000160674 0.00252408 0.0103187 0.0203969 0.0356536 0.0455081 0.759954 0.125466 
4.22145e-07 9.3662e-06 9.18272e-05 0.00188637 0.00473903 0.0127338 0.0307823 0.0660678 0.788009 0.0956804 
5.83065e-10 1.22684e-08 2.05005e-07 7.82692e-06 0.000231469 0.000956845 0.00423885 0.0144731 0.0539219 0.92617 
1.7603e-10 3.62585e-09 1.72359e-07 2.49409e-06 2.45177e-05 0.00115808 0.00566401 0.03018 0.890447 0.0725235 
7.42359e-07 1.6932e-05 0.000248201 0.00481965 0.0318773 0.693856 0.116376 0.0992233 0.0416306 0.0119507 
1.60593e-08 2.94661e-07 2.21843e-06 6.84026e-05 0.00169348 0.00446474 0.0143991 0.75934 0.135943 0.0840886 
2.4833e-08 4.98952e-07 2.14975e-05 0.000185758 0.00223192 0.00935394 0.0474197 0.798041 0.0873186 0.0554272 
1.47145e-06 4.02032e-05 0.00054067 0.003784 0.0113086 0.0211044 0.0483572 0.0933105 0.706852 0.114701 
8.17264e-09 1.44227e-07 1.25513e-06 4.93544e-05 0.00752229 0.700462 0.0577298 0.0791316 0.0886862 0.0664169 
2.67234e-11 5.63929e-10 1.09317e-08 2.35829e-07 2.72955e-06 3.16345e-05 0.000229704 0.00282723 0.478631 0.518277 
1.9572e-11 4.15885e-10 7.90349e-09 1.5826e-07 1.02678e-06 7.53517e-06 7.84907e-05 0.00114119 0.0199863 0.978785 
1.97091e-08 3.68172e-07 3.23665e-06 0.000185245 0.00212393 0.00763856 0.0238847 0.0734568 0.115319 0.777388 
1.17199e-08 2.21904e-07 1.75213e-06 4.64795e-05 0.000226071 0.000375651 0.00201062 0.00482125 0.008574 0.983944 
1.04253e-08 1.82029e-07 1.36057e-06 3.53355e-05 0.000722803 0.00358605 0.0148701 0.0536181 0.113699 0.813467 
6.07498e-07 1.32789e-05 0.000185408 0.0023537 0.00971768 0.0353199 0.533982 0.318571 0.0688087 0.0310475 
7.70691e-10 1.63695e-08 3.41496e-07 1.15204e-05 0.000407688 0.00272909 0.0119427 0.0562395 0.845658 0.0830109 
9.34193e-08 1.96945e-06 2.46763e-05 0.000609308 0.00283552 0.0145971 0.0449261 0.735579 0.132175 0.0692514 
3.82047e-07 8.21859e-06 8.20172e-05 0.00159205 0.00526498 0.0127418 0.029959 0.0639548 0.100804 0.785592 
0.00015282 0.00310903 0.00259793 0.0258075 0.080739 0.638374 0.197443 0.033477 0.0147532 0.00354613 
2.0575e-10 4.26596e-09 1.98054e-07 3.09884e-06 3.3235e-05 0.00119037 0.00182629 0.00973666 0.0443732 0.942837 
3.22266e-12 6.14472e-11 1.64955e-09 2.84017e-08 8.33327e-07 4.77232e-05 0.000217323 0.000735999 0.00144433 0.997554 
1.11704e-10 2.30691e-09 1.10995e-07 1.59851e-06 1.46956e-05 0.000555009 0.0012412 0.0115196 0.92154 0.0651282 
6.19668e-09 1.12761e-07 1.13754e-06 2.95604e-05 0.000958636 0.00413891 0.019628 0.0770995 0.81601 0.0821343 
5.37737e-10 1.14039e-08 2.38054e-07 5.14566e-06 5.26917e-05 0.0012974 0.0036094 0.0148446 0.052557 0.927634 
2.80772e-08 5.13092e-07 3.86612e-06 9.57625e-05 0.00116313 0.00289182 0.00854867 0.0291593 0.0721588 0.885978 
2.67664e-10 5.59882e-09 1.76344e-07 2.78646e-06 2.56372e-05 0.000459737 0.00237172 0.00775949 0.0177046 0.971676 
1.48924e-06 3.73543e-05 0.000295666 0.0038274 0.0137734 0.0394108 0.718859 0.138718 0.0620006 0.0230766 
1.10445e-10 2.34953e-09 4.64367e-08 1.0814e-06 1.29731e-05 0.000143325 0.000657926 0.00298024 0.0214818 0.974723 
2.38679e-09 4.33033e-08 4.15831e-07 9.08848e-06 8.50772e-05 0.0013057 0.00524389 0.0185607 0.457275 0.51752 
3.09119e-09 5.87503e-08 4.82869e-07 1.04126e-05 7.31924e-05 0.000178844 0.00135058 0.00532669 0.029559 0.963501 
1.35111e-06 3.06626e-05 0.000359702 0.00583313 0.0202137 0.0770115 0.749657 0.0899244 0.0406078 0.0163604 
4.38364e-22 1.05665e-19 4.40276e-17 1.238e-14 3.80492e-12 1.11228e-09 5.33395e-08 0.000105763 0.982875 0.0170196 
4.95226e-06 0.000146207 0.0023473 0.0150047 0.0456586 0.714228 0.11262 0.0684209 0.0317257 0.00984402 
1.12224e-10 2.31265e-09 1.08234e-07 1.61739e-06 1.74135e-05 0.000727735 0.00157279 0.0112671 0.888911 0.0975025 
5.56124e-10 1.17807e-08 2.47688e-07 4.9877e-06 4.49382e-05 0.000633997 0.00367448 0.0123976 0.044001 0.939243 
2.17456e-05 0.000532596 0.0149671 0.645758 0.116423 0.0983501 0.0720706 0.0346689 0.0140511 0.00315732 
1.85274e-08 3.40352e-07 2.64432e-06 6.54655e-05 0.000873522 0.003404 0.0132059 0.0540587 0.839814 0.0885753 
1.23658e-10 2.56239e-09 1.19079e-07 1.90101e-06 2.16896e-05 0.000933076 0.0019309 0.00813004 0.0300117 0.958971 
8.39208e-07 1.74872e-05 0.00030982 0.00685431 0.0353901 0.695627 0.13975 0.0805485 0.031086 0.0104154 
1.95952e-08 3.58188e-07 2.83839e-06 7.24573e-05 0.00160163 0.00349371 0.00882684 0.0382152 0.843152 0.104635 
6.30086e-11 1.31418e-09 5.1259e-08 8.64978e-07 1.11918e-05 0.00039858 0.00163445 0.0048342 0.0165754 0.976545 
7.86011e-08 1.69815e-06 4.03231e-05 0.000398333 0.00170886 0.00766911 0.0294039 0.767669 0.118488 0.0746203 
1.1418e-07 2.33212e-06 5.28523e-05 0.000924214 0.00387697 0.0157869 0.0544712 0.444243 0.430821 0.049821 
1.06094e-08 1.99046e-07 1.48126e-06 3.19392e-05 0.000194053 0.000695127 0.00326304 0.0131065 0.339204 0.643504 
7.05979e-11 1.51352e-09 2.36017e-08 5.45224e-07 3.5657e-06 7.94773e-06 0.000137907 0.000288282 0.00127219 0.99829 
1.69303e-07 3.68287e-06 6.61657e-05 0.00135117 0.0366101 0.366922 0.365467 0.0991822 0.0676174 0.0627798 
2.38897e-08 4.67168e-07 4.95264e-06 0.000114508 0.00263177 0.00948377 0.0349878 0.750905 0.134059 0.0678135 
3.31705e-15 7.18577e-14 1.77782e-12 3.94738e-10 5.1445e-08 1.55948e-06 2.05757e-05 0.00154076 0.0166859 0.981751 
1.43569e-07 2.94588e-06 3.50686e-05 0.000745108 0.00269641 0.0151672 0.0588602 0.753725 0.106771 0.0619971 
2.98391e-07 6.76683e-06 9.59574e-05 0.00136218 0.00729806 0.0231715 0.164138 0.65956 0.129779 0.0145882 
1.68291e-11 3.60495e-10 6.82013e-09 5.06417e-07 1.13133e-05 0.000658678 0.000641073 0.00313915 0.0101255 0.985424 
3.66946e-06 0.000116142 0.00233095 0.014469 0.0263416 0.0438005 0.41021 0.151389 0.278049 0.073291 
1.0001e-07 2.15916e-06 3.83641e-05 0.000815362 0.00371513 0.0257227 0.708762 0.140782 0.0809087 0.0392533 
4.21473e-15 9.03172e-14 1.81834e-12 4.0304e-10 4.67081e-08 1.86401e-06 2.48113e-05 0.00238366 0.0271803 0.970409 
4.75531e-05 0.00224113 0.0045152 0.0539997 0.475357 0.344318 0.0927582 0.0214999 0.00430934 0.000954134 
3.6354e-10 7.59578e-09 2.42707e-07 4.01106e-06 3.92136e-05 0.000967795 0.00347218 0.0150562 0.057683 0.922777 
4.10588e-11 8.76454e-10 2.5377e-08 6.4324e-07 1.13319e-05 0.000147724 0.000365392 0.00493283 0.0365999 0.957942 
2.74429e-09 5.31945e-08 5.25845e-07 1.62241e-05 0.000169471 0.00074062 0.00223591 0.0101107 0.611795 0.374931 
1.04619e-06 2.22118e-05 0.000461606 0.00339227 0.0165955 0.0349181 0.707245 0.133165 0.0754449 0.0287546 
2.99123e-07 6.13328e-06 7.83347e-05 0.00138542 0.0200753 0.0552594 0.265319 0.389296 0.209367 0.0592132 
9.51237e-17 1.98781e-15 1.82351e-14 3.40945e-12 1.33051e-10 4.66934e-08 4.64709e-07 4.5365e-05 0.00189958 0.998055 
2.97182e-12 6.30861e-11 1.47164e-09 8.63999e-08 2.07445e-06 0.000115956 0.00026339 0.00380574 0.0319718 0.963841 
1.3834e-08 2.98327e-07 1.68431e-05 0.000143698 0.00135001 0.00590471 0.0273941 0.774734 0.1184 0.0720567 
1.75152e-10 3.59361e-09 1.62089e-07 2.5151e-06 2.96086e-05 0.00135973 0.00330565 0.0159141 0.0607611 0.918627 
7.18384e-08 1.45855e-06 3.22982e-05 0.000445245 0.0033991 0.0111708 0.0289233 0.0641972 0.0897906 0.80204 
1.31641e-08 2.4418e-07 1.97122e-06 4.43363e-05 0.000110135 0.000995788 0.00294434 0.0121843 0.0533429 0.930376 
9.30188e-10 1.83303e-08 3.38647e-07 6.64703e-06 6.4178e-05 0.00139393 0.00489412 0.0172591 0.0652586 0.911123 
1.92837e-10 4.06387e-09 7.09208e-08 1.59029e-06 1.90523e-05 0.000383803 0.00214091 0.0072959 0.0169104 0.973248 
1.17514e-15 2.49251e-14 3.72275e-13 6.38206e-11 4.91804e-09 3.401e-07 6.01517e-06 0.000530414 0.00637353 0.99309 
3.54399e-06 6.38696e-05 0.00185072 0.0163983 0.0680445 0.485804 0.330003 0.0667666 0.0269462 0.00411964 
1.28412e-08 2.38721e-07 2.01191e-06 5.57151e-05 0.00153297 0.00291085 0.00987167 0.035682 0.839552 0.110393 
2.33211e-10 4.96e-09 9.13679e-08 2.00222e-06 1.99177e-05 0.000324222 0.00213327 0.0109104 0.0329926 0.953617 
1.57057e-08 2.9971e-07 2.47898e-06 7.15422e-05 0.000730634 0.0020422 0.00720439 0.0262511 0.0684904 0.895207 
1.41722e-07 2.94908e-06 5.63045e-05 0.00149243 0.00742482 0.240152 0.510791 0.184991 0.0382223 0.0168675 
5.35457e-10 1.10568e-08 2.46767e-07 4.75825e-06 4.68331e-05 0.000840039 0.00387779 0.430036 0.478146 0.0870486 
4.52503e-10 9.66668e-09 1.56667e-07 3.61116e-06 2.80603e-05 0.000228405 0.00159406 0.00515626 0.0286087 0.964381 
2.57777e-09 5.11804e-08 5.02412e-07 1.33128e-05 0.00017036 0.00148145 0.004788 0.0230099 0.0699093 0.900627 
1.18324e-07 2.47487e-06 3.59925e-05 0.00100884 0.00413594 0.0203818 0.0575144 0.0987772 0.0901459 0.727997 
9.31919e-09 1.77498e-07 1.51521e-06 4.3794e-05 0.00129276 0.0219286 0.727496 0.0879333 0.0942615 0.0670422 
2.69306e-07 5.81245e-06 0.000112281 0.00300004 0.0176701 0.517215 0.35344 0.0660271 0.0278971 0.0146322 
1.49607e-08 2.8289e-07 2.1622e-06 5.81547e-05 0.000269072 0.000539537 0.00363959 0.0200103 0.907705 0.0677758 
1.25222e-06 2.97996e-05 0.000464162 0.00409663 0.0178667 0.0680885 0.749447 0.0909944 0.0450613 0.0239505 
1.64375e-11 3.41041e-10 9.08952e-09 1.64132e-07 2.08834e-06 1.7605e-05 0.000282187 0.00136433 0.0133082 0.985025 
3.02634e-07 6.27203e-06 7.44691e-05 0.00153179 0.00515235 0.0159081 0.119326 0.0659389 0.727817 0.0642453 
1.81631e-10 3.76195e-09 1.62698e-07 2.49889e-06 2.81702e-05 0.000685317 0.00104909 0.00338437 0.00955764 0.985293 
1.15267e-08 2.02525e-07 1.53427e-06 3.41773e-05 0.000920027 0.00487592 0.0180498 0.0703787 0.817659 0.0880803 
1.20061e-08 2.35746e-07 1.84345e-06 5.91724e-05 0.00160857 0.00489347 0.0221696 0.0679732 0.830698 0.0725963 
2.07283e-06 4.45378e-05 0.00077284 0.0146099 0.0611318 0.14135 0.707728 0.0518983 0.0181804 0.00428146 
4.06802e-10 8.6618e-09 1.60665e-07 3.61647e-06 3.42987e-05 0.00057483 0.00269937 0.0205268 0.922217 0.0539442 
8.27746e-10 1.77559e-08 3.73271e-07 1.26381e-05 0.000554723 0.00262818 0.0153342 0.054555 0.850049 0.0768657 
1.94983e-08 3.71546e-07 3.09312e-06 8.1605e-05 0.00100706 0.00553708 0.0239769 0.0758192 0.817453 0.076122 
7.79475e-11 1.61609e-09 6.98342e-08 1.21493e-06 1.4971e-05 0.000802548 0.0017153 0.0162918 0.950311 0.0308626 
2.28947e-05 0.00080719 0.00505708 0.0201267 0.0509212 0.15647 0.702016 0.0495714 0.0131238 0.00188403 
1.39707e-07 3.02724e-06 6.07683e-05 0.00137636 0.00487084 0.0280774 0.073114 0.456503 0.0755707 0.360424 
3.91642e-06 0.000102271 0.00118867 0.0140528 0.0475232 0.438761 0.360968 0.117125 0.0161488 0.00412655 
1.79469e-09 3.19171e-08 3.783e-07 8.00593e-06 0.000121826 0.000936829 0.00441231 0.022463 0.343328 0.62873 
8.63097e-08 1.96119e-06 2.50564e-05 0.000617148 0.00226585 0.00976057 0.0239435 0.0483251 0.0798375 0.835223 
5.74708e-11 1.21404e-09 2.05156e-08 4.55092e-07 3.65576e-06 4.9094e-05 0.000370219 0.007887 0.915176 0.0765139 
1.06728e-07 2.29301e-06 4.60816e-05 0.00197328 0.00729749 0.0411408 0.0959654 0.763227 0.0594851 0.0308629 
3.48729e-07 7.4357e-06 0.000115369 0.00223582 0.0145726 0.500041 0.0778916 0.372192 0.0237628 0.00918146 
6.1924e-24 1.91211e-21 9.95906e-19 3.25633e-16 2.02554e-13 2.45476e-11 8.75578e-09 5.47083e-06 0.000607304 0.999387 
2.41495e-07 5.13075e-06 0.00012378 0.00198837 0.00765147 0.0278617 0.0782763 0.128394 0.725734 0.029965 
8.954e-05 0.00248959 0.1784 0.355395 0.146967 0.144367 0.115972 0.0404795 0.014079 0.00176117 
1.0813e-07 2.25952e-06 4.35255e-05 0.000892545 0.00363065 0.0125561 0.0341013 0.075208 0.813048 0.060517 
5.7802e-05 0.00121634 0.00390685 0.0467996 0.134059 0.689107 0.0822214 0.0293357 0.0107536 0.00254224 
9.53871e-12 1.87849e-10 5.33764e-09 8.89106e-08 1.42643e-06 7.56111e-05 0.000356344 0.0012057 0.00734742 0.991013 
2.37568e-06 4.9607e-05 0.0011475 0.0127067 0.0409212 0.0924582 0.11526 0.692202 0.0320878 0.0131648 
6.43434e-09 1.18695e-07 9.93755e-07 2.03731e-05 3.59822e-05 0.000693802 0.00281481 0.0124812 0.0511798 0.932773 
1.72288e-08 3.18655e-07 2.45223e-06 7.05686e-05 0.00156846 0.00406542 0.0139481 0.0584523 0.838343 0.0835496 
9.84719e-15 2.10745e-13 4.12025e-12 7.40244e-10 8.51339e-08 3.16416e-06 6.37444e-05 0.00270714 0.02073 0.976496 
1.62678e-09 3.20262e-08 4.04054e-07 1.14511e-05 0.000279583 0.00148471 0.00794654 0.0305537 0.0722954 0.887428 
1.23752e-08 2.3491e-07 1.83964e-06 4.83928e-05 0.000607986 0.00215742 0.0115676 0.211769 0.0608933 0.712954 
1.12876e-09 2.40165e-08 4.4597e-07 1.41093e-05 0.000303858 0.00186819 0.0094334 0.0308318 0.0780217 0.879526 
4.39714e-06 0.000109619 0.00154884 0.0145062 0.0389957 0.0700152 0.101746 0.731872 0.0362919 0.00491061 
2.9884e-08 5.49005e-07 4.22379e-06 0.000113082 0.00192111 0.00450807 0.0148784 0.0582997 0.122017 0.798258 
4.70827e-24 1.44164e-21 7.37703e-19 2.28719e-16 1.24453e-13 4.31746e-11 6.29728e-08 0.000175236 0.00571889 0.994106 
1.02143e-07 2.20877e-06 3.38104e-05 0.00116601 0.00522696 0.0291133 0.696899 0.149372 0.0794654 0.0387206 
6.24083e-08 1.26313e-06 1.98505e-05 0.000322743 0.0030162 0.00984714 0.0281461 0.0611948 0.0911153 0.806336 
1.62439e-06 3.97683e-05 0.000362385 0.00524952 0.0176937 0.674396 0.145968 0.0908491 0.0441429 0.0212971 
2.26916e-10 4.73036e-09 1.33063e-07 2.61523e-06 3.2111e-05 0.00109763 0.00266135 0.0138612 0.854525 0.12782 
6.38538e-10 1.3501e-08 3.33826e-07 6.98426e-06 0.000250198 0.00166615 0.00549781 0.0171859 0.0416597 0.933733 
1.55062e-08 3.01619e-07 3.1482e-06 9.84961e-05 0.00174361 0.00601188 0.030801 0.0955224 0.78649 0.0793293 
6.45994e-08 1.31737e-06 2.69277e-05 0.000590226 0.00262456 0.0117505 0.0382655 0.298841 0.603343 0.0445565 
2.57146e-07 5.63055e-06 0.000136928 0.00315758 0.0235007 0.0980956 0.710823 0.0892154 0.0484682 0.0265963 
1.04988e-05 8.20451e-05 0.000710797 0.00684746 0.0215269 0.0604462 0.106324 0.739719 0.0495962 0.0147369 
5.50885e-06 0.000135797 0.00239833 0.015452 0.0390579 0.0959488 0.763157 0.0673995 0.0145069 0.00193782 
1.17594e-06 2.64021e-05 0.000424236 0.00679316 0.0204851 0.0549557 0.102815 0.13716 0.667318 0.0100211 
1.12578e-24 4.00296e-22 2.09186e-19 1.11113e-16 1.13118e-13 1.02071e-11 2.92534e-09 3.13099e-07 0.000555547 0.999444 
1.53677e-09 2.97762e-08 3.42642e-07 7.37872e-06 6.19433e-05 0.00090949 0.00325907 0.0123793 0.0523644 0.931018 
7.43094e-08 1.56697e-06 3.43613e-05 0.000372836 0.00234406 0.0104017 0.0297024 0.0687372 0.0950896 0.793316 
5.67716e-18 1.25517e-16 4.18987e-15 1.10169e-12 2.86678e-10 8.03737e-08 3.01359e-06 0.000453598 0.0127963 0.986747 
4.17472e-11 8.74047e-10 3.37091e-08 8.17143e-07 1.47903e-05 0.000728388 0.00172414 0.00866714 0.0459254 0.942939 
2.82865e-10 6.04412e-09 2.27069e-07 4.47199e-06 0.000229748 0.0026567 0.0208571 0.829475 0.0831385 0.0636387 
1.94101e-10 4.14463e-09 6.67012e-08 1.5295e-06 1.0819e-05 7.30581e-05 0.000839279 0.00363103 0.109233 0.886211 
4.17401e-06 9.27162e-05 0.000826287 0.0111612 0.143406 0.635629 0.130207 0.0431003 0.0200628 0.0155106 
5.01601e-05 0.001012 0.00186429 0.0220417 0.0692809 0.131403 0.718301 0.0394451 0.0133042 0.00329719 
1.9608e-13 3.8377e-12 1.23137e-10 2.19342e-09 3.22848e-08 1.09802e-06 3.75024e-05 0.002322 0.020655 0.976984 
2.19301e-06 5.49252e-05 0.000545543 0.00698491 0.0230795 0.0436778 0.0856545 0.76539 0.0573459 0.0172645 
3.23246e-05 0.000485618 0.00559296 0.118473 0.182157 0.164793 0.288965 0.201548 0.0328659 0.00508736 
2.86046e-06 6.3429e-05 0.000981015 0.0116396 0.0301214 0.0590538 0.0927141 0.75396 0.0441169 0.00734697 
3.84881e-08 7.68429e-07 7.32253e-06 0.000153452 0.00254166 0.00791402 0.0333878 0.103953 0.771631 0.0804114 
2.78478e-10 5.85033e-09 2.12641e-07 4.27058e-06 8.04724e-05 0.00151681 0.00376628 0.012056 0.0305977 0.951978 
2.92324e-10 6.25631e-09 1.06609e-07 2.48265e-06 2.156e-05 0.000153871 0.000873448 0.00217334 0.00725325 0.989522 
9.66857e-08 2.02937e-06 2.62276e-05 0.000670719 0.00231167 0.00858368 0.0222286 0.0385902 0.0546833 0.872903 
2.07245e-34 1.05513e-30 1.11965e-26 9.86459e-23 5.62702e-19 8.74533e-15 2.63683e-10 6.46397e-05 0.00158109 0.998354 
1.12253e-08 2.15754e-07 1.78616e-06 4.91531e-05 0.00086107 0.00291167 0.0150812 0.0583343 0.117523 0.805238 
1.21244e-07 2.76083e-06 3.25074e-05 0.0006843 0.00283543 0.0129159 0.0300093 0.0759578 0.798672 0.0788894 
1.00307e-09 2.12237e-08 4.3673e-07 1.12961e-05 9.05121e-05 0.00193942 0.00889626 0.038707 0.0898611 0.860494 
6.71769e-07 1.41494e-05 0.000212788 0.00309904 0.0143835 0.0352361 0.076849 0.759177 0.0791449 0.0318833 
1.18498e-14 2.47753e-13 5.80082e-12 7.32569e-10 1.0516e-07 7.7416e-06 9.35799e-05 0.00191749 0.019157 0.978824 
0.000209752 0.00442261 0.00638071 0.0418234 0.0736153 0.106244 0.712561 0.0450679 0.00884556 0.000830181 
2.68368e-07 6.01681e-06 7.62483e-05 0.00107631 0.00513112 0.0169255 0.0290978 0.0519482 0.0810621 0.814676 
1.65599e-22 5.38171e-20 2.12136e-17 5.16911e-15 1.52399e-12 4.81183e-10 1.2776e-07 0.000272382 0.00705224 0.992675 
3.40823e-07 7.91658e-06 0.000390373 0.00557666 0.0842441 0.273649 0.0762224 0.252107 0.268766 0.0390364 
2.52794e-08 5.13107e-07 4.75129e-06 0.000105337 0.00113395 0.00446318 0.011736 0.0410563 0.846044 0.0954557 
2.91618e-07 6.31644e-06 0.000174122 0.00180867 0.00738663 0.0246013 0.0473264 0.741023 0.111366 0.0663071 
2.35535e-06 5.76862e-05 0.000465553 0.00848967 0.0364479 0.098985 0.719813 0.082209 0.0397856 0.0137441 
4.13966e-10 8.72804e-09 2.03411e-07 3.98323e-06 3.75448e-05 0.0011067 0.00344523 0.013637 0.0542027 0.927567 
3.1674e-08 7.17468e-07 9.69258e-06 0.000100202 0.00170842 0.0033801 0.00944634 0.0228058 0.0471367 0.915412 
1.39443e-08 2.57246e-07 2.03003e-06 5.03401e-05 0.00101042 0.00330047 0.0145713 0.0410401 0.0836192 0.856406 
5.12701e-06 0.000123712 0.00169211 0.0194781 0.0623024 0.314464 0.390616 0.192143 0.0159683 0.00320719 
2.82942e-09 5.69802e-08 7.22211e-07 2.35248e-05 0.000548281 0.00265144 0.0129648 0.0473005 0.816346 0.120165 
5.85119e-09 1.1086e-07 1.23122e-06 3.28515e-05 0.00130844 0.00673881 0.0351954 0.481505 0.399302 0.0759164 
5.66684e-07 1.23849e-05 0.000121683 0.00174742 0.0100245 0.0246042 0.055763 0.695925 0.180991 0.0308101 
1.18701e-10 2.44681e-09 1.24769e-07 1.50511e-06 9.05893e-06 6.69645e-05 0.000303272 0.0015729 0.015616 0.98243 
2.80664e-07 6.14049e-06 8.03795e-05 0.00152995 0.00616259 0.0204024 0.0538997 0.743382 0.117468 0.0570686 
4.92545e-10 1.05034e-08 1.7854e-07 4.14003e-06 3.61477e-05 0.000324829 0.00202822 0.00986619 0.0565902 0.93115 
2.0809e-08 4.12934e-07 3.9762e-06 7.31048e-05 0.00093098 0.00301173 0.0118804 0.26251 0.297656 0.423934 
3.09276e-08 5.68815e-07 3.97411e-06 9.69178e-05 0.000959195 0.00249455 0.00703009 0.0294197 0.852445 0.10755 
1.0686e-06 2.32625e-05 0.000281205 0.00474375 0.0172345 0.0460893 0.0876678 0.77502 0.0532843 0.0156545 
3.88632e-06 0.000107362 0.0020261 0.0148271 0.0346252 0.0650528 0.728121 0.108686 0.039406 0.00714466 
9.18792e-11 1.90053e-09 7.77828e-08 1.5699e-06 2.31045e-05 0.00118573 0.00184465 0.0121917 0.901665 0.0830885 
2.69965e-11 5.6529e-10 1.95646e-08 5.00653e-07 1.09907e-05 0.000220391 0.000309292 0.00266385 0.0193325 0.977462 
2.12136e-11 4.4856e-10 1.25805e-08 5.63005e-07 1.27756e-05 0.000995353 0.00493492 0.0328194 0.0849621 0.876275 
0.000112251 0.00370831 0.0285513 0.712747 0.149505 0.0730467 0.0227449 0.0066343 0.00258993 0.000360766 
4.03354e-07 8.56085e-06 0.000202272 0.00246397 0.0112577 0.0632211 0.665426 0.205531 0.0461228 0.00576612 
2.40385e-08 4.40155e-07 5.05314e-06 0.00012717 0.00172635 0.00631355 0.0232679 0.200518 0.686062 0.0819792 
1.82568e-26 6.90882e-24 5.01424e-21 7.24905e-18 7.68585e-15 1.38208e-11 1.21449e-08 4.9575e-05 0.00165082 0.9983 
1.43067e-07 2.95354e-06 4.29518e-05 0.00085992 0.00337154 0.0163493 0.0549213 0.114213 0.759615 0.050624 
0.000186108 0.00448746 0.0152386 0.0607649 0.123184 0.714497 0.063058 0.01188 0.00537721 0.00132704 
2.7537e-05 0.000449828 0.00433193 0.0258028 0.0790427 0.733254 0.104904 0.0404503 0.0104991 0.00123782 
4.93592e-10 1.03915e-08 2.4709e-07 5.65618e-06 6.56756e-05 0.00147357 0.00494491 0.0210158 0.0741229 0.898371 
1.33736e-07 2.85638e-06 3.48173e-05 0.000723921 0.00264093 0.0105871 0.0283157 0.0661266 0.790358 0.10121 
3.63356e-09 6.6916e-08 6.85807e-07 2.01948e-05 0.000478987 0.00216925 0.0109222 0.0355031 0.0833105 0.867595 
4.76586e-09 9.50948e-08 8.70111e-07 3.06605e-05 0.000529438 0.00572122 0.0334737 0.789792 0.0946344 0.0758175 
5.8239e-07 1.36645e-05 0.000246103 0.00371548 0.0193329 0.0736893 0.761248 0.0893312 0.0390191 0.0134038 
1.39627e-10 2.88697e-09 1.37737e-07 2.04078e-06 2.06924e-05 0.000856091 0.00180767 0.00984089 0.0451924 0.94228 
9.87327e-09 1.87507e-07 1.39356e-06 3.17123e-05 0.000344303 0.00106769 0.00774659 0.0343116 0.839053 0.117444 
9.63389e-06 0.000199698 0.000767366 0.0155513 0.0633767 0.663279 0.154504 0.0588929 0.0304624 0.0129573 
9.49401e-10 1.9195e-08 2.30575e-07 5.20613e-06 4.85778e-05 0.000450243 0.0031537 0.0102949 0.0455707 0.940476 
1.1966e-06 2.59377e-05 0.000623402 0.00914028 0.0454943 0.588001 0.276853 0.0467087 0.0220076 0.0111456 
1.76271e-08 3.02467e-07 2.67095e-06 7.11692e-05 0.00197269 0.00392985 0.0119341 0.0405069 0.818207 0.123375 
1.98481e-10 4.07696e-09 1.84498e-07 2.86981e-06 3.34562e-05 0.00139595 0.00322847 0.0175804 0.861236 0.116523 
1.04878e-07 2.31864e-06 5.5612e-05 0.000829306 0.00413137 0.0222961 0.0756509 0.76723 0.0893517 0.0404521 
