2740
4.23498e-09 9.91967e-08 4.99946e-07 0.00034034 0.000273269 0.00138562 0.00338488 0.0125937 0.0324903 0.949531 
2.51187e-17 5.61724e-16 1.01223e-14 5.51239e-12 1.20428e-09 8.63183e-08 5.03394e-06 0.000589548 0.496216 0.503189 
4.43406e-05 0.000993684 0.0014706 0.00460475 0.0172165 0.0223095 0.0427295 0.839423 0.0471124 0.0240955 
9.00473e-05 0.00211511 0.00227728 0.0169337 0.0475645 0.825663 0.0604408 0.0226348 0.0211107 0.00116955 
3.06947e-09 4.616e-08 4.91e-07 2.58759e-05 0.000278194 0.00156719 0.00627329 0.46997 0.484899 0.0369859 
3.68135e-08 9.53951e-07 3.92518e-05 0.000460505 0.00195108 0.00813577 0.0203428 0.0481032 0.867519 0.0534478 
5.87199e-09 1.45356e-07 1.09454e-06 9.10769e-05 0.000138137 0.000807942 0.00257336 0.0103902 0.677576 0.308422 
2.95407e-09 6.68306e-08 2.30082e-07 1.02011e-05 3.1214e-05 0.000488815 0.0020771 0.00556392 0.00964701 0.982181 
1.05037e-12 1.8786e-11 4.20437e-10 1.89732e-08 4.05774e-07 6.4003e-05 0.000459901 0.00468034 0.964068 0.0307269 
3.19036e-08 6.5144e-07 3.74645e-06 0.000471947 0.000668167 0.00242834 0.00656776 0.0187768 0.213976 0.757107 
2.75115e-09 6.22162e-08 3.12154e-07 1.09857e-05 5.98776e-05 0.000905112 0.00440473 0.0159745 0.0350429 0.943601 
1.38811e-09 3.09848e-08 8.70059e-08 2.29039e-06 8.20105e-06 0.000126315 0.000552079 0.00251529 0.746264 0.250532 
7.12297e-08 2.9041e-06 5.68637e-05 0.00105268 0.0053886 0.0137529 0.0341182 0.868784 0.0458344 0.0310089 
1.5953e-05 0.00035617 0.000656611 0.00517109 0.0165301 0.37916 0.343306 0.235931 0.0150807 0.00379232 
8.28761e-13 1.49944e-11 2.03329e-10 1.99423e-08 3.59055e-07 4.19943e-05 0.000424951 0.00412434 0.969377 0.0260309 
9.9995e-08 3.94577e-06 9.22237e-05 0.00127525 0.00419229 0.00924245 0.0206736 0.0328747 0.879667 0.0519779 
1.72157e-08 4.00662e-07 3.60537e-06 0.000512848 0.00172454 0.00529583 0.0112694 0.034321 0.0543095 0.892563 
3.78041e-11 7.63613e-10 8.99775e-09 5.17348e-07 2.29788e-05 0.000478925 0.0117879 0.0579499 0.72434 0.205419 
7.07844e-34 1.12918e-29 8.34045e-26 7.03909e-22 7.19888e-18 4.62506e-14 2.38956e-10 2.72612e-05 0.000258761 0.999714 
6.45586e-09 1.53701e-07 9.95833e-07 0.000247094 0.000206851 0.00120767 0.00429478 0.0160286 0.0276904 0.950323 
1.30617e-09 2.91883e-08 7.26216e-08 1.86624e-06 7.09652e-06 0.000119605 0.000419963 0.0020615 0.00232106 0.995069 
2.0192e-09 4.48867e-08 1.14859e-07 3.59814e-06 1.37874e-05 0.000177382 0.000989709 0.00460848 0.0113663 0.982841 
6.69555e-07 2.1547e-05 0.000165968 0.00285202 0.0095865 0.0229628 0.0375683 0.857597 0.0445715 0.0246733 
7.4956e-11 1.98226e-09 1.12403e-07 2.57118e-06 8.44929e-05 0.00189791 0.920023 0.0308544 0.026718 0.0204196 
5.84004e-10 1.29722e-08 6.06965e-08 2.2887e-06 9.139e-06 0.000232487 0.00211665 0.136971 0.502821 0.357848 
1.42921e-08 3.46242e-07 1.78229e-06 0.000145862 0.000234 0.00162024 0.00452354 0.0117384 0.943752 0.0379838 
1.5568e-12 3.06015e-11 1.06198e-09 5.38326e-08 9.77496e-07 0.00027578 0.00188749 0.00832721 0.0221137 0.967395 
1.35887e-07 3.3978e-06 3.7555e-05 0.00108637 0.00408799 0.00879874 0.0200523 0.033474 0.467394 0.465066 
6.58174e-12 1.45144e-10 1.13423e-08 2.604e-07 1.67524e-06 0.000372931 0.00201895 0.0111165 0.941164 0.0453255 
3.48453e-06 8.61445e-05 0.000464848 0.004911 0.0217786 0.541363 0.373329 0.0289077 0.0191167 0.0100388 
1.30045e-08 3.12225e-07 1.71288e-05 4.95323e-05 0.000233446 0.00157125 0.0037972 0.00709997 0.0157565 0.971475 
1.89504e-17 4.21122e-16 4.03501e-15 3.11703e-12 5.09472e-11 6.79453e-08 1.03439e-07 7.80163e-05 0.00062945 0.999292 
1.5143e-08 4.44457e-07 6.09634e-05 0.000630531 0.000457648 0.00186768 0.00554982 0.0154334 0.476914 0.499086 
1.68482e-07 6.32957e-06 0.000253356 0.00078757 0.00588885 0.0045009 0.00811794 0.0211796 0.659369 0.299896 
1.52533e-16 3.41994e-15 8.61555e-14 5.46703e-11 1.97814e-08 6.13737e-07 5.00647e-06 0.00081445 0.0046062 0.994574 
1.00977e-06 2.50722e-05 0.000243221 0.00131668 0.00463709 0.0114579 0.0183335 0.104124 0.841578 0.0182838 
7.73835e-13 1.3574e-11 1.55719e-10 1.45666e-08 1.74551e-07 1.33754e-05 8.92549e-05 0.000573432 0.00476814 0.994556 
3.68043e-07 1.66105e-05 0.000388269 0.0018667 0.00849557 0.0181328 0.0407184 0.0672809 0.840724 0.0223767 
5.64057e-09 1.44746e-07 1.11909e-06 8.75888e-05 0.000151447 0.000842391 0.00180902 0.00420696 0.00847114 0.98443 
9.63414e-06 0.000216414 0.000199313 0.000775785 0.00440415 0.00715718 0.0117529 0.247756 0.719764 0.00796461 
7.46077e-07 2.34669e-05 0.000108228 0.00218111 0.0141503 0.0337066 0.0493636 0.0577653 0.825367 0.0173338 
2.41082e-07 1.21059e-05 0.000504605 0.00124646 0.0112005 0.0039277 0.00810882 0.0191099 0.0365341 0.919356 
9.00732e-14 2.0014e-12 1.86451e-11 1.4581e-08 2.41844e-07 0.000339272 0.000145999 0.0040804 0.986502 0.00893234 
4.91067e-12 1.10773e-10 1.04577e-08 2.08848e-07 1.33561e-06 0.000302168 0.00221417 0.0133139 0.955598 0.0285703 
6.70374e-12 1.52068e-10 1.21088e-08 3.04477e-07 2.34054e-06 0.000573223 0.00310693 0.0165109 0.958218 0.0215885 
3.75122e-07 1.15107e-05 0.000136393 0.00209763 0.0108924 0.0337075 0.451178 0.0374236 0.442461 0.0220916 
0.000256653 0.00507352 0.0104912 0.0330012 0.835907 0.0536492 0.0249482 0.0144595 0.0185733 0.00364066 
2.54899e-08 8.86192e-07 4.23805e-06 0.000117866 0.00241096 0.00939508 0.0170872 0.0386088 0.884512 0.047863 
1.96061e-09 4.49686e-08 2.43483e-07 9.28078e-06 4.11319e-05 0.000612593 0.00233805 0.00868724 0.0202324 0.968079 
9.38126e-14 2.11798e-12 2.12624e-10 3.829e-09 1.38143e-08 1.75678e-07 5.60678e-06 0.000285804 0.00450914 0.995199 
1.68964e-08 4.09771e-07 3.09024e-06 0.000392263 0.00174213 0.00685248 0.0232627 0.869392 0.0511676 0.0471876 
6.59231e-09 1.60091e-07 1.10052e-06 8.5094e-05 0.000129039 0.000773598 0.00161819 0.0072572 0.0086345 0.981501 
3.79323e-11 9.3395e-10 3.01031e-08 9.8902e-07 2.66299e-06 1.17812e-05 0.000110787 0.000931827 0.00420566 0.994736 
4.08679e-08 1.44028e-06 3.75927e-05 0.000937385 0.0049127 0.138888 0.0165036 0.411616 0.200693 0.226411 
2.16122e-15 4.87287e-14 7.89646e-13 5.0968e-11 2.24502e-09 5.41556e-08 1.09451e-05 0.000117187 0.00258287 0.997289 
8.91807e-08 3.8096e-06 0.00031345 0.00100333 0.00917444 0.00623402 0.0119039 0.0241708 0.0386904 0.908506 
1.14743e-17 2.54974e-16 2.42455e-15 1.87949e-12 3.10677e-11 4.43859e-08 5.70836e-08 3.12276e-05 0.000633941 0.999335 
3.44889e-08 7.07256e-07 3.95024e-06 0.000323854 0.000925858 0.00203161 0.0061307 0.0115198 0.0109404 0.968123 
1.10568e-09 1.71914e-08 1.85015e-07 1.56062e-05 0.000143677 0.000496696 0.00201189 0.00683934 0.18245 0.808042 
6.16999e-07 2.63576e-05 0.00076115 0.00707114 0.032391 0.0561314 0.797543 0.0480898 0.0368013 0.0211838 
6.68188e-07 1.58357e-05 8.45328e-05 0.0150827 0.0249339 0.351647 0.114176 0.0777868 0.263275 0.152998 
5.65097e-05 0.00126481 0.00177047 0.00850696 0.0171047 0.0420964 0.0582308 0.817954 0.0442391 0.00877592 
1.35164e-09 3.0533e-08 1.71624e-07 4.59815e-06 1.23391e-05 0.00040047 0.000812752 0.00329412 0.0040315 0.991444 
1.24929e-07 5.75493e-06 0.00031311 0.00129377 0.0148322 0.017286 0.0312716 0.0486348 0.851711 0.0346516 
2.82564e-08 7.36628e-07 7.29448e-06 0.000627584 0.00160232 0.00901146 0.137705 0.51563 0.0294543 0.305961 
1.92836e-09 4.27536e-08 9.20117e-08 2.32e-06 7.59385e-06 9.14946e-05 0.000721268 0.00532285 0.0144274 0.979427 
8.10486e-10 1.88472e-08 2.37998e-07 9.98395e-05 0.000619196 0.446956 0.0245538 0.023049 0.027386 0.477336 
9.29425e-08 2.25276e-06 2.91881e-05 0.00137268 0.00580621 0.060843 0.0500307 0.0775281 0.516649 0.287739 
7.46573e-10 1.66015e-08 5.79821e-08 1.88217e-06 5.88951e-06 6.05199e-05 0.000355391 0.00233488 0.0384266 0.958815 
3.49662e-07 1.74732e-05 0.00069279 0.00324071 0.0167742 0.0164099 0.0273891 0.0424071 0.830584 0.0624843 
1.56755e-08 3.85725e-07 6.1334e-06 0.000297142 0.000629868 0.00273207 0.00735096 0.0157524 0.0286031 0.944628 
8.18162e-18 1.81786e-16 1.68732e-15 1.32608e-12 2.2173e-11 3.0981e-08 8.014e-08 7.89898e-05 0.00283141 0.997089 
1.18966e-09 2.6599e-08 1.16092e-07 4.54952e-06 6.00118e-05 0.000358769 0.00206575 0.00652983 0.0130299 0.977951 
1.76836e-09 3.92104e-08 8.68066e-08 2.20362e-06 2.05844e-05 0.000110865 0.000524116 0.0028552 0.00552892 0.990958 
1.23369e-08 2.93467e-07 1.70648e-06 0.000299292 0.00129041 0.00292886 0.00747619 0.0177792 0.0338838 0.93634 
2.3604e-07 1.44234e-05 0.000497584 0.0019924 0.0129178 0.0125308 0.0247713 0.0385403 0.0465434 0.862192 
5.95197e-11 1.39964e-09 1.70926e-08 1.18464e-06 1.1908e-05 0.000359397 0.00188701 0.00724491 0.191375 0.79912 
1.08031e-08 2.48358e-07 1.96492e-06 0.000254106 0.000706835 0.00223114 0.00663335 0.156776 0.0430945 0.790302 
3.50126e-09 5.41125e-08 5.79177e-07 2.85271e-05 0.000358922 0.0019515 0.00700721 0.0257257 0.917664 0.0472633 
1.66798e-10 3.77041e-09 4.21839e-08 3.48114e-06 8.58088e-05 0.00031976 0.00231805 0.00721363 0.0232676 0.966792 
5.50197e-12 1.21314e-10 1.12064e-08 2.10423e-07 1.03487e-06 0.000150418 0.00257953 0.0113992 0.957013 0.0288562 
1.41586e-09 3.18649e-08 1.42849e-07 1.03199e-05 3.20518e-05 0.000416965 0.00147657 0.00525065 0.490195 0.502618 
7.62957e-11 2.09526e-09 9.42937e-08 2.27998e-06 3.81642e-06 8.66645e-05 0.000106843 0.00114273 0.0066075 0.99205 
2.15168e-08 5.88225e-07 3.97863e-05 0.000935272 0.000829631 0.00254948 0.00727275 0.0133201 0.0172144 0.957838 
2.83667e-09 4.31263e-08 5.10619e-07 2.52058e-05 0.000303179 0.001905 0.00788446 0.0251417 0.0501111 0.914629 
4.24577e-07 1.4319e-05 0.000395036 0.00231911 0.0117308 0.0230509 0.597035 0.321469 0.0295506 0.0144342 
2.74529e-07 1.54141e-05 0.000645075 0.00206899 0.0129498 0.0160859 0.0311425 0.84236 0.0589935 0.035739 
3.12552e-12 7.05392e-11 6.9623e-09 1.32084e-07 6.31817e-07 6.34662e-05 0.000476595 0.00457003 0.973613 0.0212761 
7.81804e-09 1.77955e-07 4.87746e-07 0.000149051 0.000269061 0.00188256 0.00527665 0.0161741 0.0320969 0.944151 
1.33589e-08 3.26277e-07 1.91937e-06 0.000155622 0.000259189 0.00136223 0.00419101 0.0114169 0.0168409 0.965772 
4.96493e-10 7.50217e-09 7.89035e-08 3.96201e-06 2.77264e-05 0.000268541 0.00188194 0.00731256 0.484489 0.506016 
9.71041e-09 2.52073e-07 2.59585e-05 0.000128709 0.000592263 0.00184778 0.00510096 0.0113813 0.0237393 0.957183 
4.73744e-06 0.00011348 0.000649735 0.0030862 0.014586 0.702365 0.239876 0.0213673 0.0143011 0.00364992 
2.19573e-08 4.22461e-07 2.88675e-06 0.000186383 0.000481787 0.00145537 0.00441925 0.0136871 0.0326522 0.947115 
5.58815e-08 1.88571e-06 4.86522e-05 0.00148857 0.00303532 0.0096314 0.0257687 0.468637 0.463879 0.0275096 
4.66255e-08 1.09382e-06 1.20579e-05 0.0010335 0.0020164 0.00851081 0.0231547 0.849203 0.0643384 0.0517294 
1.27126e-16 2.87087e-15 1.04039e-13 5.95822e-11 2.62758e-08 5.18478e-07 3.98955e-06 0.000885353 0.00476455 0.994346 
7.8747e-09 1.99728e-07 1.65644e-06 0.000115208 0.000602691 0.00260513 0.00660657 0.120037 0.834077 0.035954 
9.32267e-09 2.36896e-07 1.81183e-06 0.000143578 0.000222894 0.00128109 0.00482216 0.0150367 0.0376596 0.940832 
8.82963e-08 2.00354e-06 1.70302e-05 0.000590569 0.0184211 0.0857604 0.288114 0.365113 0.195809 0.0461727 
5.50429e-18 1.22301e-16 1.14173e-15 8.93273e-13 1.49178e-11 2.31219e-08 4.76375e-08 1.89618e-05 0.00063424 0.999347 
7.17866e-08 3.46394e-06 5.12495e-05 0.000724272 0.00464651 0.0108199 0.0236288 0.0399421 0.046904 0.87328 
1.30673e-09 2.90307e-08 9.29208e-08 3.07398e-06 5.16939e-05 0.000425012 0.00207258 0.471012 0.486979 0.039457 
2.05689e-09 4.73682e-08 3.54474e-07 2.62909e-05 8.80048e-05 0.000799206 0.00173905 0.00699496 0.0144823 0.97587 
1.47891e-09 3.34571e-08 1.76437e-07 5.21574e-06 3.60286e-05 0.000526839 0.00155057 0.00904927 0.966585 0.0222465 
4.14371e-09 1.04218e-07 9.15409e-07 7.08649e-05 0.000372513 0.00200141 0.0101531 0.0261025 0.921248 0.040051 
5.76305e-08 2.38599e-06 6.87422e-05 0.00110958 0.00435675 0.0507928 0.0880788 0.363723 0.478383 0.0134841 
5.72103e-08 1.448e-06 2.26425e-05 0.00140448 0.00271438 0.0137821 0.0309473 0.473095 0.0326573 0.445376 
5.29935e-06 0.000120612 0.000358897 0.00390341 0.0196531 0.458241 0.404276 0.0942227 0.015657 0.0035619 
4.04612e-10 6.27028e-09 7.38859e-08 3.83556e-06 3.35505e-05 0.000418185 0.00200569 0.00881535 0.333796 0.654927 
1.15601e-08 3.31069e-07 2.07635e-05 0.00042114 0.000341362 0.00142958 0.00400208 0.0107484 0.9288 0.054236 
8.31833e-12 1.89573e-10 3.50481e-09 2.38983e-07 6.98684e-07 1.38382e-05 0.000200836 0.000230485 0.00065519 0.998899 
4.46623e-08 1.15302e-06 1.42219e-05 0.00154427 0.00320675 0.0133931 0.0343239 0.053717 0.857045 0.0367545 
1.11355e-08 2.99895e-07 1.79785e-05 0.000728382 0.000682452 0.00241639 0.00621014 0.0176854 0.0412666 0.930992 
4.41763e-15 1.46972e-13 1.57407e-12 2.27513e-10 2.96923e-08 1.26102e-06 4.65195e-05 0.00168191 0.00679594 0.991474 
4.26326e-09 1.02522e-07 6.17177e-07 0.000237027 0.000424561 0.00154553 0.00614267 0.202595 0.0298359 0.759219 
1.21109e-08 2.90547e-07 7.4799e-06 6.63712e-05 0.000450552 0.00180583 0.00867196 0.0214465 0.0389534 0.928598 
1.83078e-07 1.03877e-05 0.000568646 0.00138019 0.00958437 0.00886462 0.0148569 0.0378401 0.0610426 0.865852 
1.53775e-09 3.46384e-08 2.34805e-07 6.30709e-06 1.732e-05 0.000173593 0.000865378 0.00438735 0.00710692 0.987443 
3.39093e-08 8.14785e-07 4.93711e-06 0.000933382 0.00229266 0.00719234 0.0183784 0.0386228 0.0511077 0.881467 
1.5353e-08 4.62236e-07 6.46117e-05 0.00113821 0.00101877 0.00431415 0.0183409 0.0465276 0.873884 0.0547112 
1.06855e-07 2.4989e-06 6.54348e-05 0.00249773 0.0119401 0.0471029 0.839928 0.0494607 0.0269276 0.0220747 
5.32724e-05 0.00119325 0.000749579 0.00803592 0.0232249 0.0426779 0.0601342 0.823973 0.0319276 0.00803032 
1.72048e-07 5.38079e-06 0.000121906 0.00274969 0.0114107 0.0314401 0.0535739 0.0632756 0.822014 0.0154084 
8.45593e-32 5.33985e-29 7.63755e-26 3.17868e-23 1.20669e-20 1.04955e-16 2.76903e-14 1.25705e-09 5.79109e-05 0.999942 
1.40255e-10 3.25659e-09 4.11423e-08 1.65656e-06 5.39706e-05 0.000394279 0.00207297 0.00701479 0.0264854 0.963977 
3.66633e-19 8.15046e-18 8.57608e-17 6.12677e-14 1.40163e-12 4.00223e-09 3.08348e-08 4.33596e-05 0.00271851 0.997238 
3.70472e-12 8.40968e-11 2.47119e-09 1.12996e-07 1.19395e-05 0.000202378 0.00119109 0.142012 0.664496 0.192086 
2.10302e-06 5.07471e-05 0.000245108 0.00387782 0.156823 0.695354 0.112229 0.0215473 0.00574444 0.00412624 
4.59135e-06 0.000117835 0.00058955 0.00350863 0.0197095 0.0296616 0.0462453 0.852602 0.0342765 0.0132846 
6.15124e-06 0.000134896 0.00168712 0.0946554 0.181795 0.257786 0.273915 0.154566 0.0275588 0.00789575 
1.92289e-07 9.27826e-06 0.000116238 0.00277273 0.311362 0.536699 0.0374801 0.0944751 0.0106605 0.00642495 
5.2042e-08 1.54547e-06 1.3593e-05 0.00101337 0.00216171 0.00747106 0.0174614 0.0296205 0.034218 0.908039 
5.92725e-43 1.10437e-38 5.32841e-34 3.25413e-29 7.0013e-25 7.49771e-21 1.3553e-15 7.33482e-06 0.000222055 0.999771 
7.68771e-09 1.82141e-07 8.58671e-07 0.000556213 0.000669792 0.00241069 0.00852542 0.0281349 0.0533748 0.906327 
3.20081e-12 7.6005e-11 6.54341e-10 9.44395e-08 3.06029e-07 3.24764e-06 0.000112251 0.00122697 0.00647517 0.992182 
1.71466e-11 5.29505e-10 8.16397e-09 3.58281e-07 1.78773e-06 3.781e-05 0.000138087 0.00036991 0.00216574 0.997286 
9.70722e-07 2.93485e-05 0.00155368 0.00225042 0.0092733 0.0206953 0.0202852 0.0256534 0.880995 0.0392631 
1.3343e-07 6.72691e-06 0.000269855 0.00126797 0.0107024 0.0119236 0.0232438 0.788189 0.151336 0.0130596 
9.00051e-08 3.93959e-06 9.00311e-05 0.00170035 0.00471854 0.0136603 0.0323484 0.856128 0.0542857 0.0370644 
2.15897e-07 1.28011e-05 0.000571248 0.00148941 0.0123427 0.00732801 0.0100029 0.0161419 0.0296028 0.922508 
1.17599e-08 2.73309e-07 1.76069e-06 0.000284847 0.000718066 0.00266833 0.00747163 0.29272 0.264308 0.431827 
2.38639e-12 5.22318e-11 4.42464e-09 8.7956e-08 7.84944e-07 9.18351e-05 0.00100767 0.00488433 0.964679 0.0293363 
1.36974e-09 3.03969e-08 9.0519e-08 2.33368e-06 8.11962e-06 0.000465544 0.0023644 0.0173575 0.0320808 0.947721 
7.96408e-08 2.29628e-06 9.88927e-05 0.00155787 0.00472306 0.0367827 0.555384 0.182896 0.0463384 0.172217 
5.88847e-31 3.48415e-28 4.81022e-25 2.85882e-22 1.18402e-18 2.48296e-14 8.93735e-12 2.82639e-06 0.0005701 0.999427 
6.0075e-05 0.00193464 0.0105119 0.0314883 0.0709223 0.807658 0.0479404 0.0134312 0.0144514 0.00160165 
1.2904e-08 3.18602e-07 2.57109e-06 0.000206785 0.00057639 0.00281353 0.0101016 0.0256029 0.0478536 0.912842 
4.0646e-05 0.000910766 0.00250031 0.00685379 0.017966 0.0498224 0.840685 0.0500608 0.022842 0.00831833 
3.35012e-05 0.000838472 0.00164604 0.0124018 0.0309276 0.784562 0.125994 0.023952 0.0142879 0.00535641 
6.53191e-12 1.42722e-10 1.18738e-08 2.46164e-07 1.60379e-06 9.06685e-05 0.00158374 0.00753345 0.945728 0.0450626 
4.1035e-12 9.64957e-11 1.65811e-09 4.98206e-08 4.254e-07 2.35031e-06 5.81227e-05 0.000383016 0.00214366 0.997412 
1.18831e-10 2.63385e-09 1.10974e-08 2.34782e-07 9.26703e-07 1.21211e-05 0.000668805 0.00461797 0.0158414 0.978859 
8.21026e-09 2.50186e-07 2.67497e-05 0.000362551 0.000214154 0.00150425 0.00629291 0.00816673 0.00713275 0.9763 
1.19873e-28 7.61294e-26 1.09768e-22 5.05359e-20 5.0722e-17 5.40201e-13 1.31691e-09 9.18167e-05 0.495961 0.503948 
6.07083e-13 1.3708e-11 1.3946e-09 2.47577e-08 8.46317e-08 8.53637e-07 1.92581e-05 0.000811303 0.00607251 0.993096 
1.31608e-13 2.96967e-12 2.7474e-10 5.58128e-09 1.66326e-07 5.41737e-06 0.00052655 0.00404914 0.0135229 0.981896 
1.40663e-09 3.13169e-08 9.89695e-08 7.97782e-06 0.000306296 0.000299027 0.00234305 0.010542 0.0240395 0.962462 
1.51054e-09 3.41492e-08 1.94869e-07 6.44024e-06 1.72884e-05 0.000512523 0.00201781 0.00823489 0.0180087 0.971202 
2.99937e-08 1.68116e-06 4.57084e-05 0.00120621 0.00209746 0.00541518 0.0115572 0.0247866 0.039007 0.915883 
1.56349e-09 3.5151e-08 2.55174e-07 6.93822e-06 2.60182e-05 0.000191687 0.00100529 0.00604259 0.972096 0.0206314 
3.99141e-12 8.81632e-11 7.61567e-09 1.65128e-07 1.24955e-06 0.00029491 0.00240194 0.012757 0.0276205 0.956924 
1.86621e-09 2.76934e-08 2.94908e-07 1.5167e-05 0.000220819 0.00201245 0.624978 0.336313 0.0213093 0.0151509 
3.94156e-15 9.76606e-14 2.64128e-12 3.06295e-10 5.41268e-08 2.49288e-06 0.000226226 0.00184169 0.494739 0.503191 
1.06347e-05 0.000244939 0.000254261 0.00459675 0.0157565 0.0338926 0.886942 0.0339758 0.0184398 0.00588639 
3.74706e-09 9.08699e-08 5.28952e-07 3.37777e-05 0.000126122 0.000934986 0.003832 0.0126578 0.0241306 0.958284 
1.6057e-12 3.62454e-11 3.60149e-09 6.49273e-08 2.95912e-07 3.13095e-06 0.000194701 0.0016043 0.00728889 0.990909 
4.46745e-08 1.11497e-06 5.02432e-05 0.00123452 0.00330941 0.0104538 0.0306738 0.849087 0.0541575 0.0510326 
3.86148e-23 8.64481e-22 1.86798e-20 9.40877e-18 6.00403e-16 1.88996e-12 5.876e-10 3.11943e-06 0.000544584 0.999452 
1.19165e-07 3.10895e-06 6.8782e-05 0.00231618 0.0136036 0.114331 0.310313 0.205723 0.329524 0.0241177 
1.36262e-09 3.03996e-08 7.94497e-08 2.49694e-06 0.000327675 0.00249261 0.00716811 0.0244478 0.948188 0.0173735 
1.1194e-16 2.48771e-15 2.41189e-14 1.85189e-11 3.06496e-10 4.06449e-07 2.93015e-06 0.000553136 0.00810215 0.991341 
2.04251e-07 8.90713e-06 0.000156283 0.00194994 0.0641593 0.0231775 0.701135 0.0215179 0.0959828 0.0919119 
7.29775e-06 0.000176207 0.000688293 0.00461677 0.0219073 0.0303265 0.0409375 0.052129 0.828358 0.020853 
1.20622e-09 2.37872e-08 1.97631e-07 6.89701e-05 0.000134294 0.00129026 0.2162 0.169166 0.331401 0.281739 
2.59384e-11 5.98007e-10 1.18387e-08 7.86865e-07 2.26784e-06 4.85046e-05 0.000657771 0.00093534 0.00192483 0.99643 
4.59485e-09 1.05382e-07 6.60074e-07 0.000424458 0.000585105 0.00125155 0.00370047 0.0110477 0.935143 0.0478474 
1.40111e-08 3.38281e-07 1.75547e-06 0.000141529 0.000297574 0.00235098 0.00748705 0.0222104 0.0414526 0.926058 
2.86044e-08 9.70108e-07 0.000167015 0.000410864 0.00684451 0.00598067 0.0183621 0.864893 0.0569152 0.0464254 
1.56872e-08 3.67537e-07 1.21585e-05 0.000347105 0.00137024 0.0954166 0.0287427 0.101845 0.503963 0.268303 
7.0256e-12 1.53705e-10 9.15695e-09 2.25441e-07 1.53059e-06 8.45915e-05 0.00136352 0.00652674 0.0211006 0.970923 
7.40939e-08 3.15241e-06 6.60158e-05 0.00115091 0.00309382 0.00655617 0.0167873 0.751335 0.191828 0.0291788 
1.57405e-08 4.1949e-07 2.17078e-05 0.000847819 0.0013831 0.00639736 0.0245745 0.85487 0.0554432 0.056462 
1.92527e-07 7.12852e-06 0.000209966 0.00211377 0.0131127 0.808784 0.0655636 0.0616972 0.0310213 0.0174899 
1.61109e-07 9.59928e-06 0.000440342 0.00155761 0.00564503 0.00838263 0.0195276 0.875144 0.0470532 0.0422395 
3.12439e-10 7.00553e-09 4.50432e-08 1.80265e-06 0.000192295 0.00139739 0.00447703 0.0187977 0.946173 0.0289609 
1.68184e-09 2.50167e-08 2.75765e-07 1.40803e-05 0.000239588 0.00082837 0.00261858 0.0145063 0.0324873 0.949305 
4.02205e-09 9.42582e-08 5.40395e-07 4.70593e-05 0.000148337 0.000719645 0.00299908 0.00932409 0.0220654 0.964696 
1.27223e-09 2.88262e-08 1.24994e-07 3.60955e-06 2.59717e-05 0.000342973 0.00186819 0.0116735 0.0253612 0.960724 
2.82531e-08 7.12637e-07 6.49403e-06 0.00096843 0.00141869 0.00688014 0.0232524 0.87458 0.0491682 0.0437254 
8.1567e-12 1.76676e-10 3.00571e-09 2.02538e-07 2.60848e-06 5.51747e-05 0.000242168 0.000701377 0.00228891 0.99671 
4.57037e-10 1.12992e-08 1.64549e-07 8.34328e-06 2.58541e-05 0.000146699 0.00141658 0.00384686 0.00939921 0.985156 
2.52302e-12 8.16509e-11 1.41213e-09 5.23671e-08 2.82175e-07 6.79076e-06 1.47391e-05 9.74101e-05 0.00222817 0.997653 
4.72193e-09 1.12335e-07 2.33408e-06 9.26085e-05 0.000252567 0.00179919 0.00733123 0.0246367 0.908573 0.057312 
3.47262e-12 7.83797e-11 7.59101e-09 1.44634e-07 7.2912e-07 7.17565e-05 0.00123615 0.947524 0.0250425 0.0261245 
7.21409e-07 3.21135e-05 0.00092891 0.006718 0.0308083 0.0516601 0.826499 0.0529414 0.0237304 0.00668124 
1.50737e-08 4.51837e-07 6.16541e-05 0.00103735 0.000621872 0.00255335 0.00975519 0.022117 0.0432411 0.920612 
1.10661e-08 2.59465e-07 1.08889e-06 0.000338575 0.000387413 0.00216593 0.00663182 0.0207747 0.0496162 0.920084 
7.1131e-12 1.57042e-10 9.38939e-09 2.27534e-07 1.39863e-06 0.000131474 0.00112966 0.00570442 0.96126 0.0317727 
3.51853e-05 0.000944606 0.0071172 0.058413 0.316305 0.499784 0.0808585 0.0243458 0.0114849 0.000712303 
6.54485e-09 1.95048e-07 1.80952e-06 7.62727e-05 0.000246094 0.00251918 0.0158277 0.064576 0.707422 0.209331 
2.76549e-10 5.38876e-09 6.05826e-08 4.3839e-06 0.000203499 0.00213354 0.00809315 0.0220552 0.945479 0.0220317 
1.63962e-11 3.66239e-10 3.07786e-09 1.97336e-07 1.7727e-06 2.56055e-05 0.00119916 0.0044851 0.955974 0.0383137 
5.34442e-09 1.23162e-07 1.41886e-06 0.000167999 0.00107399 0.00641172 0.869252 0.054346 0.0379439 0.0308029 
3.84199e-06 0.000175678 0.00147837 0.00745883 0.0193838 0.830543 0.0708737 0.04134 0.0186497 0.0100936 
3.02801e-09 6.90319e-08 3.88911e-07 0.00028941 0.000461908 0.00312998 0.0131866 0.653977 0.292683 0.0362716 
1.39958e-07 6.78717e-06 0.000216256 0.00156873 0.00959637 0.0173331 0.0334143 0.861151 0.047902 0.0288115 
2.0443e-07 5.30182e-06 6.00842e-05 0.00179489 0.00700361 0.0191676 0.0408813 0.866843 0.0382765 0.0259677 
6.32715e-12 1.4092e-10 1.22694e-08 2.39145e-07 1.22915e-06 2.03765e-05 0.001308 0.00603435 0.0193007 0.973335 
5.83067e-17 1.30173e-15 1.78964e-14 9.25211e-12 2.91566e-10 1.86274e-07 2.60122e-06 0.000287649 0.00406878 0.995641 
1.09269e-13 2.48737e-12 3.73375e-11 2.91952e-09 5.64613e-08 1.14654e-06 4.34411e-06 0.000352463 0.00570075 0.993941 
7.39388e-11 2.02031e-09 7.08916e-08 2.07962e-06 5.8214e-06 0.000685446 0.00471839 0.955445 0.0196411 0.0195017 
1.79241e-08 4.9416e-07 3.51058e-06 0.000511732 0.000931926 0.00427244 0.0100331 0.0301964 0.900499 0.0535509 
1.00595e-07 5.82635e-06 0.000400887 0.000794808 0.00723866 0.00423246 0.00786701 0.022979 0.918055 0.0384261 
4.49472e-08 1.50796e-06 3.39178e-05 0.000851102 0.00276263 0.0102051 0.0302687 0.70292 0.0329589 0.219998 
4.08749e-08 1.38112e-06 4.08186e-05 0.00121772 0.0306308 0.153153 0.292136 0.307171 0.16322 0.0524287 
1.54197e-09 3.50638e-08 2.41646e-07 7.33312e-06 2.15614e-05 0.000461251 0.00129525 0.00540006 0.00762829 0.985186 
4.22327e-07 1.44274e-05 0.000496469 0.00274818 0.0244206 0.785477 0.0667191 0.060778 0.0387441 0.0206017 
3.22972e-11 7.18977e-10 1.03253e-08 4.57219e-07 3.31831e-06 0.000180625 0.00122137 0.00658339 0.0208305 0.97118 
3.62904e-08 1.01128e-06 1.20439e-05 0.000342593 0.0030398 0.0156292 0.0350465 0.865228 0.040827 0.0398742 
1.43957e-10 3.21682e-09 4.33172e-08 1.71542e-06 5.70496e-06 4.7618e-05 0.000443874 0.00255935 0.00724631 0.989695 
1.05875e-07 4.21148e-06 9.75085e-05 0.00110592 0.00692527 0.0179359 0.034575 0.0533974 0.866903 0.0190557 
2.96455e-08 7.7592e-07 3.10222e-05 0.000921382 0.00389714 0.152982 0.0210964 0.299158 0.503091 0.0188223 
1.73894e-08 4.15247e-07 2.3059e-05 0.000707661 0.00147236 0.00634868 0.392478 0.282119 0.0412762 0.275574 
1.06811e-11 2.38225e-10 6.12298e-09 2.53316e-07 1.73114e-06 0.000104861 0.000871947 0.00532864 0.784288 0.209404 
6.33136e-08 1.78702e-06 5.87596e-05 0.00131639 0.00410242 0.00868294 0.0224936 0.0411388 0.88051 0.0416954 
3.25563e-09 6.57189e-08 4.72824e-07 0.000130563 0.000280017 0.000967164 0.00321924 0.0107378 0.0917479 0.892917 
3.16667e-09 7.38667e-08 4.48412e-07 0.000316085 0.000186924 0.000387764 0.00200352 0.00592553 0.0156743 0.975505 
8.0408e-09 1.67468e-07 1.93202e-06 0.000332011 0.00140558 0.0129128 0.865037 0.0656802 0.0287349 0.025895 
4.05047e-09 9.25614e-08 4.28262e-07 2.70058e-05 0.00026639 0.00205621 0.00884359 0.458869 0.113097 0.41684 
8.18117e-09 1.80279e-07 1.31761e-06 0.000159237 0.000463712 0.00266782 0.00985988 0.0290103 0.0475021 0.910335 
9.38136e-11 2.14545e-09 4.2782e-08 2.41234e-06 0.000313085 0.00305197 0.0138125 0.0379896 0.916995 0.0278352 
1.63739e-12 3.69582e-11 3.386e-09 6.55517e-08 4.22423e-07 7.80958e-06 0.000503169 0.00297558 0.010266 0.986247 
6.72435e-14 1.5173e-12 5.79037e-11 3.05609e-08 9.67894e-06 0.000395729 0.00365816 0.960307 0.022987 0.0126421 
1.02699e-10 2.75795e-09 1.02373e-07 3.27503e-06 3.59992e-05 0.000414157 0.00103753 0.00291653 0.00678151 0.988811 
1.00919e-08 2.48529e-07 9.8629e-06 0.000743159 0.00265627 0.0195163 0.875978 0.0391516 0.0304023 0.0315426 
1.61662e-05 0.000408853 0.00128841 0.00613095 0.00838426 0.0121813 0.0585595 0.0760468 0.0104676 0.826516 
9.18527e-12 2.21073e-10 1.38534e-08 3.58259e-07 2.86838e-05 0.000211646 0.00113179 0.0504144 0.500818 0.447395 
2.8506e-14 6.33726e-13 6.03642e-12 4.52747e-09 7.16822e-08 4.30737e-05 9.69287e-05 0.00103708 0.49318 0.505642 
2.33741e-08 5.44395e-07 3.04505e-06 0.000701008 0.000905099 0.00272553 0.00772734 0.0209796 0.0393045 0.927653 
2.15608e-12 4.34901e-11 1.303e-09 7.78441e-08 1.01332e-06 9.76678e-05 0.000482645 0.00369647 0.0139483 0.981774 
9.29025e-11 2.48752e-09 7.49015e-08 2.81448e-06 8.7742e-06 0.000364584 0.00112807 0.00305226 0.0103138 0.98513 
3.46093e-05 0.000778413 0.00248838 0.0073798 0.0116949 0.0287655 0.0320655 0.0483059 0.843192 0.025295 
8.36461e-09 2.10989e-07 2.13922e-06 0.000242317 0.000869769 0.00441972 0.0176424 0.88529 0.0513695 0.0401641 
1.58745e-08 3.88869e-07 2.28942e-06 0.000189887 0.000311369 0.00192899 0.00541256 0.0109771 0.0191826 0.961995 
1.37022e-12 3.12549e-11 1.26804e-09 1.67159e-07 7.03366e-05 0.000767539 0.00388453 0.90186 0.00821104 0.0852067 
6.57297e-12 1.45472e-10 1.21795e-08 2.68089e-07 2.34053e-06 0.000382791 0.00136564 0.0105358 0.957447 0.0302661 
1.18551e-08 2.91085e-07 1.82085e-06 0.000150624 0.000534338 0.00151483 0.00465575 0.0100676 0.014793 0.968282 
2.97775e-08 6.07216e-07 5.24364e-06 0.000353791 0.000843009 0.00266323 0.00529075 0.0172531 0.907101 0.0664896 
9.02796e-08 2.01791e-06 0.000115816 0.00214943 0.0071416 0.0202547 0.0422816 0.851777 0.0386907 0.0375868 
1.71781e-12 4.2644e-11 3.14554e-09 7.17688e-08 7.02416e-06 2.20072e-05 1.11901e-05 0.00010715 0.00201137 0.997841 
0.000430526 0.00701922 0.603995 0.0351546 0.295415 0.0260981 0.014189 0.00563411 0.0118842 0.000180141 
2.11381e-08 5.46093e-07 8.11435e-06 0.000429225 0.00120663 0.00588515 0.0115319 0.0253221 0.927865 0.0277513 
1.98797e-08 4.31811e-07 2.91483e-05 0.0001556 0.000581339 0.00123692 0.00334622 0.00565317 0.00610477 0.982892 
5.61517e-12 1.18514e-10 3.7572e-09 1.27624e-07 1.29476e-06 0.000141036 0.00115203 0.00505723 0.0188778 0.97477 
8.11652e-14 1.8036e-12 1.69998e-11 1.34376e-08 2.15605e-07 0.000272286 0.000672178 0.00525444 0.984484 0.00931707 
8.26476e-13 1.86499e-11 1.71775e-09 3.66678e-08 2.84939e-07 8.10471e-05 0.000669175 0.00391424 0.980179 0.0151567 
5.18064e-09 1.06211e-07 7.49147e-07 6.18199e-05 0.000518876 0.00181205 0.00646396 0.019798 0.922989 0.0483554 
6.33615e-16 1.43953e-14 4.87878e-13 1.35554e-10 3.15067e-08 1.59903e-06 9.15609e-05 0.00309144 0.97785 0.0189657 
7.06999e-09 1.71311e-07 1.43993e-06 0.000314378 0.00039948 0.0021301 0.0792166 0.376086 0.328293 0.213559 
5.52434e-09 1.38452e-07 1.03425e-06 8.27555e-05 0.00028544 0.00109444 0.00473139 0.890997 0.0465682 0.0562397 
6.97212e-05 0.00155335 0.00360254 0.0173229 0.805506 0.0770024 0.049555 0.0264314 0.0154698 0.00348698 
1.07982e-09 2.39724e-08 7.7317e-08 2.42699e-06 4.02845e-05 0.000320448 0.00179131 0.469008 0.0263337 0.502504 
3.12106e-12 9.51373e-11 2.33931e-09 7.16169e-08 3.64795e-07 7.50455e-06 6.46991e-05 7.68658e-05 0.000476973 0.999374 
1.49536e-08 3.47269e-07 2.75859e-06 0.000113877 0.00167097 0.00229677 0.00821584 0.0266353 0.921452 0.0396119 
5.1911e-15 1.28118e-13 2.13643e-12 2.16528e-10 3.20475e-09 4.3419e-07 1.03721e-05 0.00104883 0.985748 0.0131926 
5.5212e-16 1.26602e-14 4.82907e-13 8.17091e-11 2.39404e-08 6.65724e-07 3.25996e-05 0.000973464 0.97806 0.0209329 
3.74726e-15 8.32115e-14 4.70287e-13 2.24809e-11 6.40627e-09 2.72153e-08 1.51428e-07 5.05415e-05 0.981213 0.0187361 
0.00232174 0.00426366 0.0128406 0.88408 0.0661644 0.026936 0.00326767 0.000123718 2.17261e-06 3.0655e-08 
3.03056e-09 6.22554e-08 6.10669e-07 0.000110118 0.000462796 0.0036292 0.207484 0.0143133 0.746418 0.0275819 
4.43413e-10 7.22008e-09 9.07975e-08 5.02136e-06 8.7545e-05 0.00111326 0.00539931 0.0224426 0.9403 0.030652 
3.64404e-14 8.20477e-13 8.49016e-12 1.44486e-09 7.28051e-09 3.50272e-07 3.00921e-06 0.000416465 0.00676578 0.992814 
4.14542e-07 1.94268e-05 0.000186636 0.00369772 0.0155619 0.032105 0.0497141 0.0569608 0.826882 0.0148721 
3.48908e-14 8.62323e-13 5.2942e-12 8.392e-10 4.2154e-08 9.0902e-07 9.75804e-06 0.0014978 0.00771411 0.990777 
7.72631e-09 1.84668e-07 1.02679e-06 0.000486216 0.00081461 0.0021412 0.0548609 0.0177517 0.0796112 0.844333 
7.66752e-09 1.96518e-07 1.57745e-06 0.000137398 0.000200272 0.000824777 0.00193561 0.00487622 0.0125114 0.979513 
9.48272e-08 2.45103e-06 3.75355e-05 0.00340201 0.00547079 0.0338169 0.856633 0.0424823 0.025939 0.0322159 
9.02698e-10 2.00058e-08 4.23278e-08 1.15053e-06 3.74042e-06 4.61745e-05 0.000267136 0.00186612 0.00404503 0.993771 
1.23507e-05 0.00184889 0.00467073 0.0543517 0.436223 0.314884 0.102705 0.0512825 0.0207069 0.0133154 
3.26852e-28 1.93109e-25 2.67539e-22 9.37375e-20 1.47035e-17 3.78732e-14 2.75632e-11 2.97292e-06 0.000113141 0.999884 
1.0666e-09 2.23814e-08 9.96526e-08 3.89462e-06 4.94151e-05 0.0026066 0.00723124 0.0625747 0.236352 0.691182 
7.5557e-11 1.93256e-09 4.72157e-08 1.83136e-06 8.21122e-05 0.000380828 0.00165841 0.00451223 0.0115145 0.98185 
9.76346e-06 0.000459225 0.00363232 0.0144907 0.0187474 0.0288239 0.856063 0.0466927 0.0229411 0.00813994 
1.9594e-08 4.69191e-07 3.87697e-06 0.000688131 0.00213321 0.00784033 0.0271837 0.877554 0.0489761 0.0356201 
3.26982e-08 7.13053e-07 3.84476e-06 0.000666376 0.0016422 0.00703888 0.0195147 0.83709 0.0651377 0.0689056 
2.82097e-06 6.36006e-05 0.000505177 0.0287788 0.201733 0.22542 0.0708667 0.01192 0.439966 0.0207439 
2.69753e-11 6.41584e-10 1.45323e-08 1.3413e-06 1.02598e-05 3.0997e-05 0.000438845 0.00155504 0.00501354 0.99295 
2.69905e-08 6.72856e-07 3.70679e-06 0.000143795 0.00238336 0.00887483 0.0217937 0.873181 0.0508576 0.0427609 
1.14533e-07 2.9987e-06 8.10404e-05 0.00297211 0.00622504 0.0131232 0.0338113 0.0535156 0.84223 0.048039 
5.56176e-10 1.2504e-08 1.1039e-07 3.59365e-06 1.25866e-05 0.000270963 0.00183287 0.00733998 0.226773 0.763766 
5.1445e-09 1.20996e-07 5.38758e-07 3.54749e-05 0.000103939 0.00089087 0.00272583 0.00811935 0.0150583 0.973066 
3.62242e-15 8.18929e-14 3.65759e-12 1.52875e-10 8.69779e-09 6.77735e-07 2.35403e-05 0.000845076 0.00592614 0.993205 
6.36831e-07 2.07059e-05 0.000506049 0.00467979 0.0174385 0.0448095 0.852539 0.0443497 0.024486 0.0111704 
3.68558e-07 1.51593e-05 0.000490292 0.00334162 0.562541 0.0538354 0.285744 0.0500301 0.0254891 0.018513 
8.67544e-09 2.02361e-07 1.07082e-06 0.000650032 0.000708799 0.00241517 0.00745626 0.0229093 0.0441437 0.921715 
1.0795e-07 3.65046e-06 0.000142517 0.00207442 0.0057502 0.0206097 0.0397666 0.0531258 0.853358 0.0251687 
1.61187e-08 3.94724e-07 2.17984e-06 0.000148803 0.000857418 0.00337659 0.00981679 0.0309866 0.89961 0.0552008 
3.62317e-05 0.000805924 0.000271782 0.00404881 0.0112652 0.0201127 0.0203931 0.0307094 0.0346371 0.87772 
7.18336e-11 1.62946e-09 4.58328e-08 1.75914e-06 5.90702e-05 0.000579512 0.00322458 0.012677 0.0305941 0.952864 
2.84633e-13 6.41586e-12 5.86756e-10 1.45907e-08 1.33747e-07 3.40226e-05 0.000103523 0.00163977 0.663582 0.334641 
7.44785e-10 1.64839e-08 3.32559e-08 6.39545e-07 2.00137e-06 2.86078e-05 2.39507e-05 0.000994702 0.000745508 0.998205 
4.00881e-09 9.65827e-08 8.15399e-07 2.52059e-05 0.00018272 0.000980869 0.00507831 0.0123836 0.0119065 0.969442 
2.39794e-08 6.01314e-07 3.97017e-06 0.000427481 0.00105668 0.00296739 0.00976687 0.0174937 0.0283692 0.939914 
1.0943e-08 2.91668e-07 7.38677e-06 0.000258543 0.000606539 0.00210634 0.00577171 0.00852104 0.0175091 0.965219 
4.05784e-08 1.3677e-06 2.1187e-05 0.0014144 0.0077928 0.512945 0.173908 0.030734 0.227156 0.0460272 
5.27778e-09 1.21412e-07 8.00848e-07 0.00031463 0.000364956 0.00176267 0.00770055 0.0306375 0.475173 0.484046 
5.30406e-09 1.26574e-07 7.21827e-07 4.53239e-05 0.000148206 0.000903123 0.00358035 0.915371 0.0334496 0.0465014 
2.23202e-08 5.08743e-07 3.4084e-05 0.000821552 0.001636 0.00554375 0.0225855 0.869927 0.0485143 0.0509369 
1.67895e-09 3.80055e-08 2.48596e-07 7.78288e-06 2.43739e-05 0.00101129 0.00388885 0.0179861 0.938046 0.0390354 
3.24518e-06 7.81871e-05 0.0267359 0.154496 0.0125628 0.0178255 0.575031 0.0811027 0.128345 0.00381935 
1.90355e-13 3.76165e-12 5.53275e-11 5.0524e-09 1.00604e-07 5.94466e-06 0.000140459 0.000663279 0.00548411 0.993706 
1.29907e-08 3.34719e-07 2.58023e-06 0.000235341 0.000301659 0.00111998 0.00252794 0.00594015 0.0141106 0.975761 
2.85618e-08 5.80097e-07 3.83419e-06 0.000352346 0.000719438 0.00200137 0.00628404 0.0194109 0.0359546 0.935273 
9.45187e-14 2.13404e-12 2.1395e-10 3.95862e-09 3.88473e-08 1.18311e-06 4.89229e-05 0.00177048 0.00393329 0.994246 
2.9492e-09 5.16636e-08 4.04856e-07 2.82712e-05 0.000364028 0.00124403 0.00474028 0.0201477 0.925492 0.0479834 
9.8883e-13 2.1591e-11 1.51379e-09 3.74891e-08 3.77986e-07 7.55119e-05 0.00077637 0.0065389 0.967298 0.0253107 
6.6814e-06 0.00015386 0.000847314 0.00280608 0.0493052 0.706222 0.136758 0.0959519 0.00649813 0.00145079 
4.11179e-30 2.41719e-27 3.37447e-24 1.27922e-21 1.12566e-18 6.405e-15 9.36812e-11 8.27324e-06 0.000386154 0.999606 
6.796e-11 1.58167e-09 1.89041e-08 1.45478e-06 1.21551e-05 0.000184031 0.000935745 0.00465491 0.0125647 0.981647 
3.6117e-06 8.68139e-05 0.00120927 0.00351534 0.0126691 0.0273519 0.0428109 0.881714 0.0227953 0.00784394 
3.64623e-12 8.22771e-11 4.879e-09 1.23457e-07 8.86459e-07 7.73906e-05 0.000748264 0.0608094 0.680019 0.258345 
3.20099e-07 7.11998e-06 2.49289e-05 0.000925791 0.032555 0.117028 0.0101939 0.044571 0.497518 0.297175 
2.10311e-12 4.67692e-11 2.98564e-09 1.06818e-07 3.12571e-06 0.00025777 0.00137819 0.00941186 0.965003 0.0239455 
3.30762e-12 7.42248e-11 6.78198e-09 1.24382e-07 5.80743e-07 1.02176e-05 0.000378693 0.00314452 0.0149775 0.981488 
1.68933e-09 3.98967e-08 1.99901e-07 1.38823e-05 0.00025602 0.000676408 0.00252141 0.00904364 0.0212048 0.966284 
2.30524e-08 5.15013e-07 2.99726e-06 0.000303658 0.000612164 0.00180823 0.00508085 0.0153145 0.031273 0.945604 
8.31423e-12 1.83181e-10 1.36469e-08 3.55732e-07 2.92252e-06 0.000738048 0.00369829 0.0178548 0.948993 0.0287121 
5.74183e-11 1.29259e-09 3.93862e-09 3.32406e-07 1.01427e-06 6.39342e-06 0.000173427 0.000772563 0.0045822 0.994464 
7.18701e-08 1.67237e-06 4.69351e-05 0.00194819 0.00310549 0.0168868 0.839367 0.0650369 0.0396825 0.0339241 
8.51664e-34 1.28949e-29 9.43856e-26 7.9134e-22 7.96102e-18 5.27422e-14 3.69299e-10 3.0723e-05 0.00116067 0.998809 
6.82945e-08 1.73859e-06 1.48759e-05 0.00293452 0.00340656 0.0199756 0.859368 0.0499256 0.0333499 0.0310233 
5.72389e-14 1.2917e-12 1.26013e-10 2.30615e-09 1.43987e-08 6.04755e-07 3.33484e-05 0.00135306 0.983421 0.0151918 
2.75366e-10 6.09473e-09 1.22543e-08 2.27429e-07 7.49507e-07 1.16635e-05 4.19209e-05 0.00160965 0.00773965 0.990596 
5.63889e-10 1.26424e-08 1.43438e-07 7.55821e-06 0.000452437 0.00270643 0.0127662 0.902988 0.0516607 0.0294187 
4.7148e-08 1.24176e-06 9.84648e-06 0.000996443 0.00316753 0.0154987 0.845987 0.0575867 0.0422327 0.0345193 
3.38914e-11 7.55036e-10 1.20653e-08 5.97577e-07 1.48194e-05 0.000124674 0.000481067 0.0020713 0.00532074 0.991987 
9.39865e-09 2.37025e-07 1.82114e-06 0.000148903 0.000205989 0.00140499 0.00446383 0.0155734 0.0284252 0.949776 
3.42204e-05 0.00102275 0.00563826 0.0686465 0.405322 0.436241 0.0520837 0.0179191 0.0104315 0.00266142 
1.90238e-08 4.37102e-07 2.2676e-06 0.000184739 0.000597737 0.00325413 0.0124615 0.876715 0.0527672 0.0540169 
8.01774e-14 1.71969e-12 3.4825e-11 3.79336e-09 2.22415e-08 1.12888e-06 8.72557e-05 0.000746291 0.00345269 0.995713 
8.53365e-11 2.10215e-09 3.66868e-08 2.28214e-06 9.88051e-06 0.000296817 0.00206948 0.00855153 0.020975 0.968095 
1.60998e-09 3.61506e-08 2.61293e-07 1.07747e-05 0.000239991 0.00142125 0.00549312 0.0222701 0.0438605 0.926704 
1.29373e-10 3.35255e-09 7.29859e-08 3.19729e-06 5.51349e-05 0.000530156 0.00346746 0.0108441 0.0283681 0.956732 
9.61698e-08 3.06424e-06 5.41664e-05 0.00165416 0.0052885 0.0233451 0.827235 0.0637062 0.0418479 0.0368653 
2.56545e-07 1.20435e-05 0.00023352 0.00369021 0.0113684 0.0258598 0.0469147 0.852942 0.037377 0.0216021 
1.25683e-07 3.91711e-06 5.72687e-05 0.00275505 0.00894229 0.0335252 0.827731 0.0652419 0.0369378 0.0248053 
3.19876e-05 0.00103813 0.165174 0.320296 0.178052 0.151808 0.121139 0.0468092 0.0148219 0.000829039 
1.44375e-08 3.22315e-07 2.59248e-05 0.000263312 0.000323689 0.000530378 0.00143357 0.00385715 0.0105593 0.983006 
2.66321e-08 1.15074e-06 9.23062e-06 0.000599063 0.00210684 0.00655139 0.389876 0.252877 0.142551 0.205428 
7.38906e-06 0.000202156 0.000562531 0.00599177 0.0757846 0.660429 0.0478253 0.00994594 0.183674 0.0155775 
1.40554e-10 3.18186e-09 3.23561e-08 3.03742e-06 0.000106345 0.000532333 0.00243817 0.00892241 0.491861 0.496136 
2.98038e-13 5.82502e-12 1.0252e-10 1.72612e-08 3.54076e-07 0.000170588 0.00053586 0.00622196 0.970519 0.022552 
3.35807e-07 1.95356e-05 0.000468873 0.00311658 0.0231101 0.0239818 0.0410362 0.0539548 0.833372 0.0209395 
1.53937e-09 3.45183e-08 1.57136e-07 5.74432e-06 4.01187e-05 0.000832864 0.00416255 0.0196476 0.936545 0.0387661 
3.11097e-08 9.03486e-07 4.63164e-05 0.00244946 0.010722 0.311879 0.27824 0.350817 0.0272945 0.018551 
6.32448e-05 0.00141155 0.00301402 0.0104452 0.0330911 0.728617 0.0525908 0.142509 0.0259403 0.0023181 
1.11947e-09 2.57241e-08 2.04879e-07 0.000119135 0.000150296 0.000456282 0.00133223 0.00482616 0.0180175 0.975098 
1.53222e-12 3.45793e-11 3.39279e-09 6.12391e-08 3.17834e-07 3.62552e-06 0.000282601 0.00163908 0.00558428 0.99249 
1.89396e-17 4.20811e-16 3.89859e-15 3.06815e-12 5.00685e-11 7.18825e-08 1.38863e-07 0.000165353 0.982512 0.017322 
1.03168e-08 2.13174e-07 1.4993e-06 0.000398998 0.000836054 0.003236 0.0111945 0.0378771 0.0616402 0.884815 
4.56621e-18 1.01547e-16 1.10881e-15 8.1603e-13 5.00255e-11 2.12084e-08 1.13722e-07 0.000169991 0.00166152 0.998168 
7.10283e-09 1.75343e-07 2.28716e-06 0.000115616 0.000258478 0.00166754 0.00436833 0.0124805 0.75583 0.225277 
