3206
2.21681e-08 4.5693e-07 4.00607e-06 0.0008479 0.000944273 0.00421364 0.00765453 0.0255377 0.0750337 0.885764 
8.62893e-16 1.82754e-14 2.7001e-13 5.22979e-11 5.9317e-09 4.92571e-07 4.58489e-05 0.00404559 0.485054 0.510854 
7.45745e-06 0.000159445 0.000936262 0.00797373 0.0156054 0.0409481 0.0845502 0.714949 0.0886731 0.0461971 
0.000180723 0.00374114 0.00506728 0.0471434 0.0899437 0.670468 0.116357 0.0444228 0.0196695 0.00300709 
1.15026e-08 1.99984e-07 1.4433e-06 3.40697e-05 0.000590981 0.00350454 0.0136452 0.421733 0.466003 0.0944872 
2.11321e-07 5.07396e-06 5.7877e-05 0.000555924 0.00426324 0.0177179 0.0354008 0.0893912 0.74987 0.102737 
6.09811e-09 2.0706e-07 1.40161e-06 3.1201e-05 0.000125636 0.0009553 0.00316585 0.0168145 0.650457 0.328449 
1.52667e-08 7.635e-07 3.01026e-06 7.21707e-05 0.000185665 0.00095808 0.00332587 0.0083942 0.0180764 0.968984 
1.62404e-11 3.05808e-10 8.32083e-09 1.30556e-07 3.01526e-06 0.000165654 0.000992315 0.0152439 0.90586 0.077735 
1.22354e-07 2.57384e-06 1.38016e-05 0.000655543 0.00119741 0.0056588 0.0125088 0.0379172 0.230679 0.711367 
4.08699e-08 1.46154e-06 8.32349e-06 0.000393388 0.00116891 0.004801 0.0186983 0.0674623 0.805086 0.10238 
2.93925e-08 1.31154e-06 5.76505e-06 0.000123951 0.000409249 0.00290583 0.00989227 0.0292428 0.0767415 0.880677 
4.34354e-13 2.83663e-11 1.00901e-10 2.39485e-09 4.88164e-09 1.2021e-07 2.24532e-06 0.00156554 0.736299 0.262133 
4.5755e-07 1.04666e-05 0.000164225 0.00144212 0.0092971 0.036046 0.0942367 0.720239 0.0909964 0.0475676 
2.82637e-05 0.000620545 0.00267613 0.0306515 0.0567588 0.37687 0.315419 0.18266 0.0276709 0.00664489 
1.99705e-11 3.85107e-10 8.49796e-09 1.65106e-07 3.41801e-06 0.000157656 0.00103503 0.010229 0.911488 0.0770864 
6.05683e-07 1.53859e-05 0.000168757 0.00178013 0.00708734 0.021122 0.0428584 0.0689513 0.739345 0.118671 
1.5366e-11 3.26909e-10 5.3307e-09 1.54817e-07 1.09685e-06 3.36576e-05 7.52258e-05 0.000452937 0.00275307 0.996684 
1.61684e-07 3.78475e-06 3.46389e-05 0.00121441 0.00394115 0.0120381 0.0241485 0.0673557 0.121428 0.769836 
3.34976e-10 6.86403e-09 1.02384e-07 2.72916e-06 9.98766e-05 0.000979207 0.00907569 0.0639728 0.696769 0.229101 
4.21751e-29 1.00488e-25 3.3465e-22 1.08209e-18 1.789e-15 9.19469e-12 4.47755e-08 0.000123679 0.00204066 0.997836 
3.18428e-08 1.36403e-06 6.90908e-06 0.000617722 0.000701238 0.0033361 0.00817757 0.0260042 0.0564659 0.904689 
4.28687e-29 7.48732e-26 1.8401e-22 4.44783e-19 5.15109e-16 1.08911e-12 2.0631e-09 1.05381e-05 0.00176619 0.998223 
1.97777e-09 8.96034e-08 4.56127e-07 1.06206e-05 3.73148e-05 0.000322981 0.000782286 0.00312264 0.025309 0.970415 
7.49907e-05 0.00286693 0.0192565 0.0648767 0.106315 0.700373 0.0582421 0.0235851 0.0138554 0.0105547 
6.93098e-06 0.000326802 0.00112304 0.00929022 0.0518498 0.170985 0.115123 0.531099 0.0792719 0.0409242 
3.1373e-09 6.12954e-08 4.12412e-07 9.56277e-06 0.000213944 0.00673662 0.798527 0.0855571 0.0666315 0.0423241 
1.15149e-08 7.12305e-07 2.65117e-06 6.19623e-05 0.000151314 0.00108931 0.00434226 0.144319 0.493194 0.356839 
4.71041e-08 1.56832e-06 7.54964e-06 0.000134435 0.000541108 0.00273602 0.00663403 0.0199128 0.887639 0.0823933 
3.25805e-11 6.46505e-10 2.1092e-08 4.59673e-07 9.8351e-06 0.000628047 0.00370065 0.0185363 0.0590014 0.918123 
7.04925e-07 1.67393e-05 0.000142994 0.0025977 0.0102433 0.0325695 0.0687885 0.087446 0.40811 0.390085 
2.01633e-10 4.16713e-09 1.812e-07 2.82251e-06 3.15065e-05 0.00152854 0.00418413 0.0236555 0.846907 0.12369 
1.06664e-07 2.43723e-06 4.98859e-05 0.000526242 0.00323216 0.0147304 0.367753 0.289215 0.24594 0.0785512 
6.48151e-06 0.000256402 0.00123503 0.0121892 0.0457353 0.443295 0.344403 0.0789961 0.0470839 0.0267998 
4.42724e-08 1.05044e-06 5.86208e-06 8.67475e-05 0.000509634 0.00312129 0.00668897 0.0140513 0.0416778 0.933857 
2.52303e-16 5.27355e-15 4.857e-14 8.99177e-12 3.27759e-10 9.54809e-08 7.40283e-07 0.000107409 0.00229976 0.997592 
1.69841e-08 7.27156e-07 3.42288e-06 7.80156e-05 0.000349695 0.00317846 0.0116688 0.0382349 0.448068 0.498418 
3.81267e-07 1.20044e-05 9.52268e-05 0.0012894 0.00427195 0.00935042 0.0171796 0.0394079 0.613932 0.314461 
3.78154e-15 8.1082e-14 1.68048e-12 4.03692e-10 4.22767e-08 1.67734e-06 2.42001e-05 0.00172939 0.0134461 0.984799 
8.75954e-11 1.81937e-09 7.94516e-08 1.46927e-06 1.9288e-05 0.000957362 0.0014813 0.00643118 0.021694 0.969415 
3.85644e-06 0.000165429 0.000834684 0.00563454 0.0268573 0.0862426 0.0685403 0.150096 0.624437 0.0371882 
1.2251e-11 2.32966e-10 5.13572e-09 9.50277e-08 2.17149e-06 0.0001261 0.000348234 0.00174417 0.0180909 0.979688 
1.94453e-06 0.00017953 0.000281392 0.00311885 0.0105967 0.0379968 0.0859295 0.148123 0.669617 0.0441556 
2.03684e-08 7.69268e-07 3.97757e-06 6.45003e-05 0.000251373 0.00115029 0.00188155 0.00574619 0.0116449 0.979256 
1.1088e-05 0.000225369 0.000355907 0.0059135 0.00866996 0.0206326 0.028089 0.236787 0.678717 0.020599 
7.7237e-06 0.000300482 0.00133065 0.0109169 0.0694652 0.226717 0.1461 0.103187 0.415988 0.0259866 
2.10619e-07 4.94221e-06 4.71181e-05 0.00161144 0.00335027 0.00890915 0.0142903 0.0304705 0.0688032 0.872513 
8.23416e-13 1.72033e-11 1.55545e-10 2.87523e-08 9.93414e-07 0.000319116 0.000714649 0.012852 0.958634 0.027479 
1.64986e-10 3.41114e-09 1.61673e-07 2.44443e-06 2.60998e-05 0.00123823 0.00448739 0.0307829 0.890185 0.0732774 
1.61467e-10 3.33772e-09 1.58427e-07 2.40663e-06 4.88682e-05 0.00159805 0.00655973 0.041746 0.895551 0.0544937 
9.46522e-08 2.40787e-06 3.1817e-05 0.00202445 0.00855655 0.0476647 0.663524 0.0938323 0.100151 0.0842129 
7.41103e-06 0.000268756 0.00133332 0.0113095 0.0683346 0.230769 0.326199 0.0934842 0.233719 0.0345751 
0.0002859 0.00490718 0.0182122 0.0943379 0.684857 0.11357 0.047135 0.0205093 0.0121278 0.00405697 
1.64082e-08 8.11102e-07 3.68078e-06 7.73381e-05 0.000219809 0.000841819 0.00137803 0.00427474 0.00720955 0.985994 
3.42165e-07 7.84454e-06 7.07945e-05 0.000666568 0.00265537 0.00782801 0.0153246 0.0217656 0.0328058 0.918875 
2.34445e-07 5.62596e-06 5.65901e-05 0.000534103 0.00496041 0.0187061 0.0357333 0.0875475 0.754489 0.0979676 
1.25897e-08 5.11993e-07 2.54302e-06 5.27964e-05 0.000199659 0.00144518 0.00541811 0.0148409 0.0428481 0.935192 
3.17218e-12 6.52302e-11 3.38049e-09 3.90781e-08 2.03459e-07 1.54043e-06 1.55691e-05 0.000852169 0.0172493 0.981881 
7.32888e-08 1.61423e-06 2.99286e-05 0.000568242 0.00454653 0.014996 0.0553412 0.736698 0.105084 0.0827341 
1.7345e-08 9.23718e-07 3.80309e-06 8.84951e-05 0.0002283 0.000846524 0.00158116 0.00490485 0.0117368 0.980609 
9.34452e-10 2.1387e-08 1.46446e-07 3.34476e-06 1.45425e-05 7.88022e-05 0.000914692 0.00270728 0.0141388 0.982142 
3.19573e-07 7.71212e-06 0.000157181 0.00239964 0.0160765 0.191474 0.0516589 0.476432 0.20409 0.0577033 
3.5907e-14 7.72052e-13 4.08121e-11 7.05871e-10 2.47875e-08 7.35734e-07 1.18212e-05 0.000381706 0.00951128 0.990094 
4.27266e-07 1.04442e-05 9.3198e-05 0.00216213 0.00600564 0.0142159 0.0232368 0.0449042 0.0834205 0.825951 
2.30379e-16 4.81466e-15 4.41108e-14 8.18354e-12 3.02489e-10 8.88234e-08 8.02637e-07 8.22717e-05 0.003664 0.996253 
1.33657e-07 2.76354e-06 1.68205e-05 0.000259539 0.00094289 0.00264192 0.00723999 0.0115547 0.0159695 0.961372 
7.55161e-09 1.22796e-07 1.01541e-06 4.07797e-05 0.000521709 0.00173005 0.00605211 0.0199029 0.19597 0.775781 
1.22342e-06 3.9675e-05 0.000373224 0.00870778 0.043721 0.121067 0.615676 0.107434 0.0646609 0.0383191 
1.19024e-06 2.53935e-05 0.000220933 0.0104059 0.0277082 0.360862 0.127639 0.0836085 0.241661 0.147868 
3.23616e-07 8.28663e-06 9.56364e-05 0.00110534 0.00385911 0.012569 0.0377255 0.0921323 0.764215 0.088289 
2.50827e-05 0.000625768 0.00237686 0.0250622 0.0719328 0.229664 0.153208 0.449652 0.0534348 0.0140181 
1.12827e-08 6.01635e-07 2.36878e-06 5.41931e-05 0.000121265 0.000628816 0.00142132 0.00327616 0.00610371 0.988392 
1.02005e-06 2.75692e-05 0.000275276 0.00254974 0.0131996 0.0303242 0.0583128 0.0977865 0.720757 0.0767668 
1.48361e-07 3.35939e-06 5.26782e-05 0.000912426 0.00460576 0.0215361 0.144834 0.414077 0.0753172 0.338661 
5.39657e-11 1.11379e-09 2.8921e-08 3.33491e-07 3.52298e-06 0.000212597 0.000368032 0.00431011 0.0352636 0.959842 
2.10828e-08 4.27372e-07 5.3093e-06 0.000176981 0.00237468 0.374506 0.0600515 0.0529108 0.0661852 0.443789 
5.20508e-07 1.10835e-05 0.000144829 0.00213051 0.0107296 0.0720868 0.0969904 0.12087 0.438317 0.258719 
3.65047e-09 2.21626e-07 8.36694e-07 1.97723e-05 4.27753e-05 0.000131678 0.000283552 0.00267485 0.0477517 0.949095 
1.05588e-06 2.61075e-05 0.000337467 0.00323951 0.0141457 0.0366769 0.0735503 0.10009 0.672419 0.0995131 
4.69033e-08 1.15567e-06 1.45394e-05 0.000320331 0.00100394 0.00519046 0.0132089 0.0286704 0.0586929 0.892897 
1.5254e-16 3.19109e-15 3.06813e-14 5.87707e-12 3.53273e-10 1.02176e-07 2.34208e-06 0.000415679 0.0106768 0.988905 
1.28956e-08 7.71358e-07 3.0029e-06 7.12526e-05 0.000292582 0.00107244 0.00415592 0.0129135 0.0316641 0.949826 
1.90555e-10 3.92586e-09 3.72312e-08 8.88612e-07 2.39827e-05 6.83772e-05 0.000150294 0.000741121 0.00907854 0.989937 
6.86326e-08 1.95077e-06 1.22234e-05 0.00065895 0.00268481 0.00614297 0.0146681 0.036366 0.0700117 0.869453 
5.81605e-07 1.69334e-05 0.000151074 0.00170113 0.00902796 0.0277778 0.0585472 0.0857299 0.106148 0.7109 
2.54201e-10 5.24418e-09 1.94403e-07 3.23549e-06 3.64456e-05 0.00143759 0.00384045 0.0125517 0.0307596 0.951371 
3.75031e-08 1.26391e-06 6.93718e-06 0.00042606 0.00241582 0.00540862 0.0153306 0.164464 0.102082 0.709865 
1.51721e-08 2.74561e-07 2.04734e-06 4.50432e-05 0.000720683 0.0048535 0.016889 0.064576 0.80906 0.103854 
1.87928e-06 4.2568e-05 0.000540337 0.00448787 0.0156922 0.031543 0.0516871 0.0660669 0.702936 0.127002 
1.74971e-09 3.79792e-08 4.14954e-07 1.34135e-05 0.000267423 0.00143571 0.00569849 0.0185721 0.0601497 0.913863 
1.88978e-10 3.88579e-09 1.80059e-07 2.63234e-06 2.69843e-05 0.00139204 0.00577624 0.0302898 0.889475 0.0730372 
5.99729e-07 1.23659e-05 0.000132974 0.00155086 0.00670539 0.0190194 0.058503 0.750026 0.098649 0.0654008 
1.91184e-06 5.16905e-05 0.000697735 0.0045663 0.015004 0.0309378 0.068932 0.109254 0.656216 0.114339 
6.46759e-09 2.63726e-07 1.23411e-06 2.85384e-05 0.000105447 0.000629592 0.00220119 0.00720157 0.473938 0.515895 
2.65993e-09 5.44721e-08 3.34896e-07 6.35394e-06 2.41133e-05 0.000360668 0.000769326 0.00255173 0.022401 0.973886 
6.24318e-08 1.47096e-06 1.63256e-05 0.00079232 0.00140832 0.00433592 0.0106721 0.0210989 0.0312031 0.930471 
1.44834e-08 2.49057e-07 1.91058e-06 4.73053e-05 0.000817087 0.00437375 0.017315 0.058711 0.122926 0.795808 
2.14219e-06 7.32196e-05 0.000527739 0.00536806 0.0198266 0.0604918 0.498892 0.307363 0.0733553 0.0341002 
4.19256e-07 1.0755e-05 0.000112014 0.00127937 0.00706484 0.0305259 0.0659404 0.676342 0.140665 0.078059 
7.15792e-09 1.11269e-07 1.40476e-06 2.31953e-05 0.000142945 0.001239 0.00465674 0.0107913 0.019996 0.963149 
1.11704e-10 2.30691e-09 1.10995e-07 1.59851e-06 1.46956e-05 0.000555009 0.0012412 0.0115196 0.92154 0.0651282 
4.32293e-08 1.03909e-06 7.16636e-06 0.000411805 0.000859649 0.0049414 0.0106335 0.0289354 0.0699548 0.884255 
2.53496e-08 1.00715e-06 4.0005e-06 9.03686e-05 0.000333026 0.00195844 0.00628736 0.0169875 0.0301231 0.944215 
2.41275e-09 4.38588e-08 4.3293e-07 9.42748e-06 9.02643e-05 0.00139109 0.00555125 0.0191703 0.456612 0.517176 
2.13407e-08 4.56622e-07 3.84777e-06 0.000178316 0.000523546 0.00278221 0.00845119 0.0211235 0.0556464 0.91129 
1.55217e-05 0.000532186 0.00377316 0.0225761 0.0838838 0.617171 0.158214 0.0690887 0.0345622 0.0101832 
9.82247e-08 2.0496e-06 1.39609e-05 0.000201947 0.000744596 0.00357087 0.010416 0.0271794 0.0645233 0.893348 
1.23658e-10 2.5624e-09 1.19079e-07 1.90102e-06 2.16897e-05 0.000933077 0.00193092 0.00813006 0.0300117 0.95897 
3.28222e-07 7.47137e-06 0.000113708 0.00174224 0.00757239 0.0315693 0.0868899 0.415281 0.392758 0.0640659 
2.059e-07 4.25282e-06 3.23022e-05 0.00148135 0.00451883 0.0171543 0.0461518 0.692132 0.147293 0.0912318 
3.31705e-15 7.18577e-14 1.77782e-12 3.94738e-10 5.1445e-08 1.55948e-06 2.05757e-05 0.00154076 0.0166859 0.981751 
9.14777e-08 2.02587e-06 2.95599e-05 0.00028229 0.0019623 0.00779126 0.0206928 0.15052 0.753209 0.0655106 
3.472e-08 8.86342e-07 8.39972e-06 8.43672e-05 0.000516615 0.00230145 0.00503284 0.0112685 0.0377183 0.943069 
2.30859e-08 9.54591e-07 4.66785e-06 9.19538e-05 0.000307359 0.00277013 0.00792427 0.0260351 0.0739449 0.888921 
7.09993e-07 1.60354e-05 0.000292423 0.00474284 0.417279 0.19549 0.216443 0.0841515 0.0525246 0.0290605 
2.87411e-07 6.09705e-06 7.5216e-05 0.00147474 0.0186552 0.0648865 0.258356 0.369208 0.218435 0.0689023 
9.51237e-17 1.98781e-15 1.82351e-14 3.40945e-12 1.33051e-10 4.66934e-08 4.64709e-07 4.5365e-05 0.00189958 0.998055 
8.16799e-08 1.95035e-06 2.21693e-05 0.000121432 0.000770706 0.00397725 0.010299 0.0197681 0.0573719 0.907667 
4.68023e-07 1.14702e-05 0.00010783 0.00148417 0.00969792 0.0313862 0.0742113 0.0969107 0.101951 0.684239 
1.53324e-09 3.16024e-08 4.66604e-07 9.43151e-06 0.00012864 0.00148891 0.00561449 0.421916 0.473609 0.0972329 
1.33202e-08 5.90095e-07 2.75648e-06 9.55537e-05 0.00026619 0.00178468 0.00448853 0.0128157 0.0334982 0.947048 
1.70036e-08 7.23922e-07 3.45698e-06 7.13624e-05 0.000271904 0.00213175 0.00632318 0.0289562 0.887779 0.0744626 
9.48221e-09 2.3307e-07 2.154e-06 4.52444e-05 0.000703889 0.00361325 0.0166576 0.0572189 0.836563 0.0851959 
6.12601e-07 1.53162e-05 0.000193402 0.00221805 0.00848682 0.033344 0.0711019 0.385778 0.455916 0.0429452 
3.83303e-07 8.58598e-06 0.000131097 0.00166411 0.00722973 0.0379006 0.082659 0.4374 0.0881107 0.344896 
8.30749e-06 0.000189029 0.00147064 0.0232118 0.0517782 0.407891 0.3475 0.13016 0.0285586 0.00923272 
1.79469e-09 3.19171e-08 3.783e-07 8.00593e-06 0.000121826 0.000936829 0.00441231 0.022463 0.343328 0.62873 
2.00926e-08 4.79598e-07 3.84634e-06 6.34304e-05 0.000383967 0.00277678 0.00605094 0.0206102 0.865562 0.104548 
1.06195e-09 9.52856e-09 1.11051e-07 2.16653e-06 1.20397e-05 5.69288e-05 0.000397106 0.000670931 0.00211025 0.99675 
2.49458e-07 5.28657e-06 0.000121261 0.00323515 0.00820783 0.0286562 0.07754 0.131187 0.691533 0.0595136 
3.99568e-08 8.57401e-07 1.03092e-05 0.00113584 0.001272 0.00422073 0.0111905 0.0309904 0.0792862 0.871893 
2.58656e-07 5.49895e-06 5.04262e-05 0.00176994 0.00386965 0.00923181 0.0277665 0.0720478 0.779013 0.106245 
5.27068e-14 1.29376e-12 1.8796e-11 9.68955e-10 8.65689e-08 3.23295e-06 6.38328e-05 0.00270719 0.0207301 0.976496 
2.8626e-08 9.98682e-07 5.56187e-06 0.000705316 0.000975504 0.00406701 0.0138479 0.0449142 0.0954675 0.840016 
2.84816e-08 6.28961e-07 4.58585e-06 0.000585171 0.00109746 0.00345117 0.0152569 0.208402 0.0764089 0.694794 
5.15399e-08 1.69134e-06 3.42808e-05 0.000125288 0.000837166 0.00483778 0.0163697 0.0424314 0.0904386 0.844924 
1.97507e-07 4.37579e-06 4.9344e-05 0.00132849 0.0046955 0.0150817 0.0280717 0.0739047 0.136364 0.7405 
1.2629e-08 6.53709e-07 2.53483e-06 5.80686e-05 0.000132577 0.00045542 0.00122889 0.00396825 0.0118052 0.982348 
1.27244e-07 2.91872e-06 3.51941e-05 0.00173446 0.0049186 0.0144559 0.035089 0.0731407 0.103427 0.767197 
1.93979e-06 4.91734e-05 0.000452344 0.00552889 0.0225538 0.571231 0.176548 0.125317 0.061179 0.0371385 
6.6466e-08 2.02224e-06 1.6565e-05 0.000553372 0.00243889 0.00826976 0.0366002 0.10247 0.747355 0.102294 
4.78746e-07 1.04745e-05 0.000191404 0.00336731 0.024273 0.101096 0.662984 0.101421 0.0643644 0.0422919 
4.41973e-05 0.000804634 0.0015338 0.0209707 0.0454225 0.12646 0.128857 0.60881 0.0515376 0.0155601 
1.45358e-06 3.26096e-05 0.00050643 0.00699812 0.0224842 0.0640053 0.122448 0.150103 0.6089 0.0245207 
1.12578e-24 4.00296e-22 2.09186e-19 1.11113e-16 1.13118e-13 1.02071e-11 2.92534e-09 3.13099e-07 0.000555547 0.999444 
3.26448e-09 6.55713e-08 7.70699e-07 1.53739e-05 0.000167378 0.00205602 0.00663948 0.0193242 0.0664568 0.90534 
5.67716e-18 1.25517e-16 4.18987e-15 1.10169e-12 2.86678e-10 8.03737e-08 3.01359e-06 0.000453598 0.0127963 0.986747 
6.53438e-11 1.38578e-09 4.85584e-08 9.6468e-07 4.61441e-05 0.000572391 0.00408229 0.161156 0.637179 0.196963 
4.26452e-06 9.58115e-05 0.000999515 0.0110599 0.13095 0.574759 0.138855 0.0695495 0.0418565 0.0318708 
6.57697e-06 0.000143748 0.000784946 0.00897199 0.030034 0.0579529 0.0946155 0.711672 0.0691519 0.0266669 
2.31159e-05 0.00036296 0.00393935 0.0804618 0.161579 0.258727 0.270611 0.160131 0.0463892 0.0177753 
2.36947e-06 5.45891e-05 0.000712456 0.0093094 0.277404 0.481224 0.0875382 0.114955 0.0212637 0.00753621 
4.19311e-08 1.22214e-06 1.57609e-05 0.000114882 0.00104439 0.00472451 0.0135854 0.0399158 0.161291 0.779307 
1.0641e-07 2.56054e-06 2.855e-05 0.000696824 0.00254148 0.00992977 0.0259486 0.0472008 0.0712001 0.842451 
2.07245e-34 1.05513e-30 1.11965e-26 9.86459e-23 5.62702e-19 8.74533e-15 2.63683e-10 6.46397e-05 0.00158109 0.998354 
3.10969e-08 6.46185e-07 5.42609e-06 0.00122344 0.00177658 0.00457444 0.018064 0.0632017 0.126359 0.784795 
1.9631e-07 4.94809e-06 5.44115e-05 0.000990721 0.00254483 0.00821699 0.166901 0.273769 0.224262 0.323256 
6.41326e-11 1.39181e-09 2.12449e-08 4.31706e-07 2.67136e-06 1.86243e-05 0.000184865 0.00240673 0.0197882 0.977598 
1.65599e-22 5.38171e-20 2.12136e-17 5.16911e-15 1.52399e-12 4.81183e-10 1.2776e-07 0.000272382 0.00705224 0.992675 
2.07041e-06 5.1285e-05 0.00142593 0.0092316 0.0861762 0.265265 0.0859605 0.249579 0.259071 0.0432371 
8.27911e-06 0.000316162 0.00180173 0.0108812 0.0628239 0.211617 0.119736 0.0662304 0.46706 0.059526 
1.11311e-06 2.97146e-05 0.000281835 0.00253758 0.0156095 0.0385755 0.0807127 0.63328 0.182533 0.0464386 
3.01828e-08 1.2242e-06 5.75541e-06 0.00025701 0.000548996 0.00286929 0.00758796 0.019143 0.042458 0.927129 
6.4328e-07 1.71143e-05 0.000216717 0.00225662 0.00989048 0.0307568 0.0718234 0.68358 0.127984 0.0734742 
3.29618e-07 8.10182e-06 7.82957e-05 0.00207751 0.00599222 0.0179926 0.0423513 0.0465963 0.0749755 0.809928 
5.91295e-08 1.37695e-06 1.45081e-05 0.000627125 0.00186555 0.00556291 0.0171589 0.256036 0.296398 0.422335 
1.1041e-07 2.88021e-06 2.06844e-05 0.00142145 0.00297737 0.0113926 0.0200208 0.0468807 0.792763 0.124521 
9.18792e-11 1.90053e-09 7.77828e-08 1.5699e-06 2.31045e-05 0.00118573 0.00184465 0.0121917 0.901665 0.0830885 
5.35653e-11 2.38984e-09 2.12641e-08 7.54151e-07 1.34218e-05 0.00100421 0.00493726 0.0328213 0.0849646 0.876258 
7.53392e-05 0.00229075 0.0160694 0.366377 0.147023 0.278637 0.128024 0.0390991 0.0184679 0.00393621 
5.78873e-07 1.30785e-05 0.000253834 0.00272647 0.0118866 0.0588907 0.543305 0.187041 0.0565139 0.139369 
1.82568e-26 6.90882e-24 5.01424e-21 7.24905e-18 7.68585e-15 1.38208e-11 1.21449e-08 4.9575e-05 0.00165082 0.9983 
0.000126458 0.00313399 0.0118291 0.055228 0.131026 0.613864 0.126295 0.0357135 0.0173609 0.00542213 
3.73226e-08 9.11581e-07 8.95643e-06 0.000123604 0.000974979 0.00484619 0.0180525 0.0459572 0.0989471 0.831089 
1.0505e-05 0.000332742 0.0021168 0.0121391 0.0410018 0.118802 0.667816 0.095285 0.0442066 0.0182895 
2.42761e-10 4.98736e-09 1.51582e-07 2.30837e-06 2.33984e-05 0.000881841 0.00189473 0.0099576 0.0455099 0.94173 
1.64045e-07 4.15488e-06 2.49837e-05 0.000873934 0.00198306 0.00501786 0.0186418 0.0511282 0.781735 0.140591 
1.65989e-05 0.000371776 0.00167362 0.018028 0.0669688 0.644952 0.156372 0.0632141 0.0343072 0.0140967 
1.48534e-07 3.249e-06 2.82091e-05 0.000260907 0.00129904 0.00596577 0.0128054 0.0291663 0.0666909 0.88378 
1.98481e-10 4.07696e-09 1.84498e-07 2.86981e-06 3.34562e-05 0.00139595 0.00322847 0.0175804 0.861236 0.116523 
9.95432e-11 2.29261e-09 1.44241e-08 4.24967e-07 1.81595e-06 1.1815e-05 0.000109946 0.000689437 0.00587067 0.993316 
9.07029e-11 1.87267e-09 9.07126e-08 1.28368e-06 1.17598e-05 0.00040703 0.00104287 0.00861716 0.0431977 0.946722 
2.66542e-08 6.06403e-07 3.6088e-06 5.52199e-05 0.000309611 0.00181326 0.0051493 0.00833623 0.011709 0.972623 
1.06514e-07 2.41036e-06 4.42295e-05 0.000205766 0.00246184 0.00687705 0.0143335 0.0352452 0.0874278 0.853402 
1.82906e-23 5.7622e-21 3.03188e-18 1.12376e-15 8.25988e-13 2.05154e-10 2.53735e-07 0.000723561 0.484789 0.514488 
2.05581e-11 4.2257e-10 2.20176e-08 2.49121e-07 1.17433e-06 5.95469e-06 7.21387e-05 0.00191031 0.0192842 0.978726 
7.9567e-12 1.67143e-10 5.75084e-09 1.75958e-07 3.52804e-06 0.000190791 0.00075481 0.00764644 0.0407155 0.950689 
1.82278e-08 3.4458e-07 3.0429e-06 7.05457e-05 0.00156706 0.00240422 0.00781552 0.0242021 0.0605268 0.90341 
8.39149e-09 1.61714e-07 1.28448e-06 2.67437e-05 0.000128062 0.00182648 0.00408164 0.0144881 0.0446324 0.934815 
1.64283e-07 4.49147e-06 3.6644e-05 0.00174176 0.0053331 0.0149904 0.0214315 0.0506313 0.08429 0.821541 
1.92242e-08 1.04904e-06 4.05651e-06 9.35357e-05 0.000218955 0.000738574 0.00195428 0.0126765 0.932385 0.0519278 
1.2788e-10 2.63109e-09 1.19617e-07 1.88655e-06 2.24624e-05 0.00119878 0.00477764 0.026551 0.0730954 0.894353 
8.26693e-09 1.43654e-07 9.94983e-07 2.44219e-05 0.000573496 0.00577532 0.540535 0.350165 0.0624238 0.040501 
7.04022e-13 1.54688e-11 5.1401e-10 1.24727e-08 3.25225e-07 1.99e-05 0.000350219 0.00471753 0.479591 0.515321 
1.37671e-05 0.00039552 0.00127898 0.0237248 0.0351225 0.0844579 0.714302 0.0863553 0.0374514 0.0168976 
2.33831e-08 9.60287e-07 4.80656e-06 0.000100067 0.000472407 0.00255813 0.00708848 0.0205943 0.0485253 0.920656 
8.23951e-11 1.70395e-09 8.02859e-08 1.22605e-06 1.238e-05 0.000496531 0.000534738 0.00399628 0.023285 0.971674 
2.38958e-07 5.38932e-06 6.02642e-05 0.00152853 0.00471264 0.0173358 0.0545354 0.727359 0.111401 0.0830617 
1.89864e-20 4.0378e-19 7.63615e-18 1.72643e-15 2.85405e-13 1.15005e-10 1.09768e-08 3.03587e-05 0.00237097 0.997599 
4.76668e-07 1.11911e-05 0.000141635 0.00360684 0.0175157 0.122682 0.282233 0.213394 0.297575 0.0628404 
3.27354e-10 6.98938e-09 1.54751e-07 5.20086e-06 0.000673659 0.00414571 0.0200113 0.0649498 0.867384 0.0428303 
1.19493e-08 2.143e-07 1.7867e-06 5.05469e-05 0.00105611 0.00341632 0.00759914 0.0281618 0.0591295 0.900585 
2.09406e-15 4.39403e-14 5.13423e-13 1.41842e-10 4.94763e-09 8.66003e-07 1.65583e-05 0.00218173 0.0259084 0.971892 
1.4325e-06 3.31922e-05 0.000411327 0.00568078 0.0685386 0.0588481 0.671559 0.0551586 0.0741921 0.0655764 
5.17985e-06 0.000196615 0.00119517 0.0137959 0.0270584 0.0659865 0.0753026 0.103262 0.668556 0.0446415 
2.18238e-06 4.66402e-05 0.000939729 0.0111535 0.0466392 0.595754 0.161341 0.113184 0.049436 0.021504 
6.54039e-09 1.28076e-07 1.28206e-06 0.000195417 0.00043151 0.00396329 0.203274 0.172379 0.347236 0.27252 
4.68502e-09 1.40265e-07 7.12596e-07 1.57739e-05 5.54463e-05 0.000260397 0.00128833 0.00219365 0.00608248 0.990103 
2.04606e-08 4.59245e-07 1.03779e-05 0.00102826 0.0010511 0.00333741 0.00803922 0.021212 0.843917 0.121404 
2.68237e-08 6.15859e-07 3.91522e-06 6.43076e-05 0.000545857 0.0036772 0.0136272 0.0426958 0.0921951 0.84719 
1.02032e-07 2.55224e-06 2.50737e-05 0.000358316 0.00343666 0.0106206 0.0433303 0.725485 0.123517 0.0932237 
9.46412e-08 2.14443e-06 5.33524e-05 0.000885565 0.00402065 0.100507 0.0373999 0.110424 0.495899 0.250809 
1.89697e-10 3.90962e-09 1.58885e-07 2.55537e-06 2.90319e-05 0.00113962 0.00316294 0.0139366 0.0526753 0.929054 
5.08908e-05 0.00111407 0.00485277 0.0384435 0.590703 0.163619 0.110325 0.0544326 0.0284726 0.00798759 
5.60363e-07 1.39866e-05 0.000173746 0.00189308 0.00789162 0.0243133 0.0607032 0.629383 0.214401 0.0612258 
6.1616e-08 1.67607e-06 2.12432e-05 0.00116573 0.00355765 0.0123691 0.0484187 0.724605 0.115839 0.0940217 
1.30945e-06 3.24497e-05 0.000501801 0.00431811 0.0257854 0.627712 0.124563 0.117403 0.0674684 0.032215 
3.58163e-07 8.22279e-06 0.000103117 0.00243236 0.00544447 0.0176925 0.0514463 0.739161 0.101407 0.082304 
1.9648e-09 3.48939e-08 4.76801e-07 1.08618e-05 0.000382323 0.00369473 0.0128848 0.0507778 0.862097 0.0701521 
7.43433e-09 1.32806e-07 1.22097e-06 2.84227e-05 0.000966806 0.00277838 0.00734898 0.033001 0.088837 0.867038 
1.23487e-08 6.40312e-07 2.94598e-06 7.55617e-05 0.000347774 0.00214825 0.0055414 0.017108 0.0515344 0.923241 
1.82975e-08 1.05165e-06 4.20104e-06 9.29711e-05 0.000207894 0.00075453 0.00336782 0.023375 0.068953 0.903244 
2.12379e-07 5.44741e-06 5.10815e-05 0.00155145 0.0070575 0.0204023 0.0433092 0.0903419 0.741405 0.0958764 
1.22749e-07 2.59681e-06 4.37047e-05 0.00124393 0.00397724 0.0148056 0.0498979 0.7542 0.101409 0.0744193 
8.58522e-11 1.77362e-09 4.67816e-08 9.78672e-07 1.52995e-05 0.0002637 0.000862257 0.00218316 0.00744429 0.98923 
1.31847e-08 6.19381e-07 2.84335e-06 5.91326e-05 0.000177059 0.000730336 0.0013212 0.00483641 0.0132026 0.97967 
9.32609e-13 1.93625e-11 4.49893e-10 5.7581e-09 3.84453e-08 1.56759e-06 3.11671e-06 0.000263686 0.00975597 0.989976 
2.01127e-08 1.01114e-06 5.56221e-06 0.000104566 0.000545848 0.00326437 0.0135141 0.0512467 0.812227 0.119091 
1.17729e-10 2.43141e-09 1.17831e-07 1.67081e-06 1.57248e-05 0.000671668 0.00267068 0.849683 0.0769557 0.0700014 
4.10638e-06 0.00010178 0.00111517 0.0159238 0.0459425 0.104236 0.672639 0.105498 0.0396817 0.0148583 
7.11581e-07 1.85275e-05 0.000239805 0.00239565 0.0138646 0.0444437 0.0974193 0.689033 0.0988039 0.0537812 
4.95334e-08 1.31492e-06 2.80709e-05 0.000266462 0.00321699 0.0213451 0.681013 0.106417 0.104994 0.0827177 
4.66891e-08 1.12588e-06 1.48952e-05 0.000573691 0.00123541 0.00536404 0.0153409 0.0456422 0.103436 0.828392 
4.32371e-08 1.3305e-06 7.56484e-06 0.000761403 0.00103778 0.00439537 0.012411 0.0397598 0.102944 0.838682 
6.33601e-06 0.000215776 0.00127992 0.0119029 0.0593101 0.189804 0.550354 0.145193 0.031415 0.0105188 
7.7393e-10 8.81734e-09 1.86158e-07 3.05885e-06 2.83132e-05 0.00105497 0.00259674 0.0174631 0.895268 0.0835861 
8.73061e-05 0.00195501 0.00936013 0.0531935 0.274414 0.494261 0.113396 0.0353824 0.0149573 0.00299418 
4.87329e-08 1.12898e-06 8.9349e-06 0.000151434 0.000910559 0.00753941 0.0168447 0.0751998 0.665706 0.233638 
2.16686e-09 4.36289e-08 6.69889e-07 2.02099e-05 0.000770126 0.0063497 0.0293848 0.084503 0.803405 0.075566 
1.9886e-10 4.24805e-09 7.07307e-08 1.61626e-06 1.44441e-05 0.000241764 0.00247838 0.0110854 0.878982 0.107197 
1.40135e-08 3.54159e-07 2.56312e-05 0.00021611 0.00247086 0.0144446 0.713982 0.130041 0.0814924 0.0573275 
2.70185e-08 1.16301e-06 5.49872e-06 0.000120645 0.00119139 0.00350096 0.00925241 0.0326343 0.845945 0.107349 
6.71627e-06 0.000192321 0.00148908 0.00835489 0.0322747 0.653904 0.152468 0.0902846 0.0410218 0.0200032 
1.53025e-08 3.15777e-07 3.10839e-06 0.000818534 0.00122921 0.00799904 0.0342869 0.572094 0.300187 0.0833817 
3.54361e-07 9.34466e-06 0.000123185 0.00168634 0.00820783 0.0330274 0.0667071 0.713388 0.116135 0.0607155 
8.10523e-07 1.8914e-05 0.000206196 0.00346788 0.0138113 0.0458955 0.114187 0.694036 0.084702 0.0436742 
2.06635e-10 4.26197e-09 1.97248e-07 3.03371e-06 3.19279e-05 0.00134382 0.00234473 0.0129258 0.044688 0.938662 
1.25093e-15 2.63818e-14 3.91652e-13 1.37098e-10 4.77413e-09 6.42451e-07 1.43297e-05 0.00107111 0.0143879 0.984526 
2.21085e-12 4.38131e-11 1.45401e-09 2.57458e-08 5.69238e-07 7.78571e-06 0.000161223 0.00143454 0.0210423 0.977354 
2.60216e-09 5.44426e-08 5.26281e-07 1.06408e-05 6.81254e-05 0.00224616 0.0161676 0.843148 0.074209 0.0641498 
2.90691e-09 6.11567e-08 7.19119e-07 1.76983e-05 0.000364058 0.00228872 0.0101477 0.0353854 0.834666 0.11713 
1.10415e-07 2.53424e-06 1.85611e-05 0.00106657 0.00200514 0.0121264 0.0203446 0.0600954 0.799225 0.105116 
1.43291e-07 4.08524e-06 5.58466e-05 0.000549864 0.0025456 0.0080524 0.0186876 0.0539161 0.830976 0.0852127 
2.42873e-07 5.86204e-06 6.74137e-05 0.000897713 0.00495497 0.0214174 0.0658083 0.61945 0.0796987 0.207699 
2.52388e-06 6.54565e-05 0.000796252 0.00780656 0.0258367 0.0609118 0.115067 0.696418 0.0664071 0.0266893 
1.06224e-08 3.58835e-07 1.85224e-06 3.67051e-05 0.000123078 0.000938004 0.00227883 0.00633398 0.0133479 0.976939 
2.46105e-06 0.000149804 0.000483545 0.00528686 0.0250612 0.573316 0.150673 0.132686 0.072532 0.0398092 
4.52114e-10 9.57501e-09 2.06373e-07 4.1893e-06 3.79574e-05 0.00102107 0.00373579 0.0152918 0.0545061 0.925403 
2.61943e-07 6.85628e-06 9.95448e-05 0.00072097 0.00662428 0.0317503 0.0777222 0.717648 0.0969163 0.068511 
6.84068e-09 4.03458e-07 1.54711e-06 3.56885e-05 8.29644e-05 0.000295049 0.000799776 0.00484844 0.02299 0.970946 
1.09384e-06 2.78761e-05 0.000289385 0.00301042 0.013449 0.0335248 0.0732284 0.115823 0.719804 0.0408419 
1.68926e-07 3.62576e-06 4.72205e-05 0.000915174 0.00952372 0.165487 0.0554067 0.298785 0.422926 0.0469057 
3.12876e-05 0.000660633 0.001443 0.0244444 0.0269973 0.0667644 0.617159 0.143174 0.0849846 0.0343414 
1.18632e-07 3.08915e-06 3.84498e-05 0.000928683 0.00398898 0.0155303 0.328344 0.277381 0.0967339 0.277052 
0.000169804 0.0045699 0.0201599 0.083205 0.710024 0.115497 0.0442594 0.0134114 0.00705563 0.00164787 
1.98311e-10 4.13242e-09 1.26302e-07 2.28813e-06 2.38844e-05 0.000812525 0.00213845 0.0145405 0.719354 0.263128 
3.75415e-07 8.29035e-06 8.84339e-05 0.00166271 0.0070274 0.0171175 0.0400674 0.0787103 0.77622 0.0790971 
1.90461e-08 5.4288e-07 3.91756e-06 0.000348337 0.00101869 0.00250033 0.00778218 0.0242418 0.11759 0.846514 
1.78088e-08 3.41322e-07 3.08264e-06 0.000899086 0.000787496 0.00178505 0.00519181 0.0145493 0.0346147 0.942169 
7.21138e-08 1.44108e-06 1.3818e-05 0.000195723 0.0011451 0.00408659 0.0142803 0.0420224 0.288272 0.649983 
3.25693e-08 6.67279e-07 1.91093e-05 0.000511586 0.00418381 0.0311438 0.706434 0.129054 0.0737049 0.0549482 
5.43692e-08 1.67056e-06 9.46213e-06 0.00016599 0.0014543 0.00716264 0.0245644 0.381145 0.149815 0.435681 
1.80269e-08 4.04032e-07 3.38325e-06 0.000198922 0.000951544 0.00630423 0.0190917 0.0574291 0.108084 0.807937 
2.90605e-09 4.0686e-08 7.51279e-07 1.65411e-05 0.000773943 0.00737393 0.0374857 0.0994879 0.796297 0.0585646 
5.90433e-11 1.22223e-09 5.83373e-08 8.66215e-07 9.40436e-06 0.000370986 0.00116097 0.0062525 0.0275206 0.964685 
1.79571e-12 4.09308e-11 2.01851e-09 3.12607e-07 2.33883e-05 0.00138713 0.0115973 0.879567 0.0718274 0.0355978 
0.000625554 0.0083467 0.0671709 0.764328 0.115833 0.029894 0.0114943 0.00145587 0.000813024 3.87364e-05 
2.24075e-15 4.73834e-14 7.22928e-13 2.03318e-10 1.20885e-08 9.54674e-07 1.77079e-05 0.00178118 0.0301019 0.968098 
6.66492e-08 1.87197e-06 4.50078e-05 0.00167828 0.00748959 0.0431319 0.688807 0.0986749 0.0803911 0.07978 
1.61844e-05 0.000406559 0.00150663 0.00963789 0.0360748 0.108044 0.104079 0.0848479 0.0296739 0.625713 
1.12943e-15 2.36284e-14 2.3372e-13 5.2184e-11 1.88836e-09 5.43885e-07 1.39604e-05 0.0026455 0.933837 0.0635033 
3.69396e-10 7.66386e-09 1.48501e-07 2.70137e-06 5.75548e-05 0.000965715 0.0040285 0.0671711 0.501477 0.426297 
2.92361e-13 6.12076e-12 5.75642e-11 9.14254e-09 2.94728e-07 4.39304e-05 0.000190011 0.0038593 0.482263 0.513643 
8.53569e-08 1.84474e-06 1.50224e-05 0.00135815 0.00158516 0.00567795 0.0135443 0.0336815 0.0819434 0.862193 
3.58216e-11 7.03818e-10 2.38672e-08 3.95071e-07 6.58177e-06 0.000350472 0.00138994 0.00816422 0.0415235 0.948565 
4.81958e-09 7.09102e-08 6.72607e-07 1.43959e-05 7.03517e-05 0.000664208 0.0025029 0.00802667 0.0344101 0.954311 
1.24424e-05 0.000457776 0.00233569 0.014053 0.0691365 0.226325 0.126171 0.0932414 0.429708 0.0385589 
4.65491e-08 1.40305e-06 1.53722e-05 0.00027965 0.00265371 0.012014 0.0420555 0.736948 0.126115 0.0799167 
5.51469e-08 1.82369e-06 9.13946e-06 0.000138809 0.000571165 0.00268936 0.0065991 0.0142933 0.0279402 0.947757 
7.70196e-12 1.67226e-10 5.60525e-09 7.81111e-07 0.000158293 0.00214475 0.0152574 0.853533 0.0284248 0.100481 
1.78762e-06 4.06944e-05 0.000809329 0.0128053 0.0627452 0.669961 0.115452 0.0690015 0.0414119 0.0277709 
1.9662e-10 4.04837e-09 1.83765e-07 2.82485e-06 3.14537e-05 0.00129816 0.00347517 0.0271865 0.891271 0.0767351 
6.18737e-08 1.23008e-06 1.15249e-05 0.000766702 0.001434 0.00516046 0.184483 0.172969 0.570329 0.0648447 
7.54171e-07 1.98994e-05 0.000173144 0.00221556 0.00947252 0.0243503 0.0487282 0.0975435 0.737129 0.0803671 
2.411e-08 8.52227e-07 9.27795e-06 9.01059e-05 0.000601389 0.00232477 0.00787688 0.0168742 0.0249787 0.947244 
1.38349e-07 2.8722e-06 1.98964e-05 0.000326306 0.00146501 0.00621435 0.0145992 0.037086 0.801478 0.138808 
4.38417e-07 8.96198e-06 0.000316319 0.00382096 0.0169606 0.0471869 0.0894777 0.714296 0.0732744 0.054658 
8.95443e-11 1.85644e-09 3.44407e-08 5.41915e-07 1.27654e-05 8.19593e-05 0.00012365 0.000598501 0.00751164 0.991671 
0.000991179 0.0161292 0.491939 0.0861932 0.280685 0.0661264 0.0335759 0.0141288 0.00939105 0.000840825 
8.67121e-08 1.90653e-06 2.80116e-05 0.000812482 0.00345729 0.00990021 0.0266884 0.0615057 0.824428 0.0731779 
5.68726e-08 1.12741e-06 7.54276e-06 0.000128846 0.00044057 0.00132487 0.00593504 0.00953936 0.0125529 0.97007 
1.04699e-10 2.1399e-09 7.04515e-08 1.20882e-06 1.66833e-05 0.000763863 0.00293443 0.0122339 0.0487489 0.935301 
7.51097e-13 1.57055e-11 1.47838e-10 2.76165e-08 9.89503e-07 0.000284587 0.0018074 0.0148454 0.955742 0.0273197 
3.33476e-11 6.91933e-10 3.16527e-08 5.32636e-07 6.71732e-06 0.000356053 0.00140907 0.00999103 0.938353 0.0498832 
3.37253e-07 8.82367e-06 0.000107576 0.000980181 0.00610328 0.0244815 0.0495691 0.730444 0.12112 0.0671859 
2.19997e-08 4.42243e-07 5.44101e-06 0.000145987 0.00141084 0.00465746 0.0166383 0.047701 0.806987 0.122453 
2.18173e-13 4.67164e-12 8.83619e-11 7.15521e-09 2.30423e-07 1.48129e-05 0.000693875 0.0145558 0.931505 0.0532299 
2.97779e-13 6.31337e-12 8.44233e-11 5.79494e-09 6.06515e-07 4.532e-05 0.000482971 0.00832888 0.0495467 0.941596 
4.1018e-08 1.06764e-06 2.99947e-05 0.000667029 0.00147732 0.0053564 0.0757813 0.37367 0.322899 0.220118 
2.108e-08 1.04868e-06 4.60027e-06 0.00010817 0.000954129 0.00293199 0.00930094 0.76156 0.108548 0.116591 
3.46146e-05 0.000827858 0.00360566 0.034002 0.50991 0.234991 0.12451 0.0541352 0.0281369 0.00984709 
4.44877e-09 7.35948e-08 7.92345e-07 1.74535e-05 0.000187212 0.00199127 0.00673883 0.412022 0.0720696 0.506973 
1.19234e-11 2.54381e-10 5.86465e-09 1.09837e-07 5.75048e-07 4.66639e-06 7.25693e-05 0.000140873 0.00220963 0.997572 
6.38269e-08 1.48847e-06 1.39127e-05 0.000144355 0.000824573 0.00447984 0.0140538 0.0542731 0.849239 0.0769698 
7.73323e-13 1.76005e-11 1.69477e-10 9.39588e-09 5.41068e-08 2.01645e-06 2.83313e-05 0.00582573 0.954402 0.039742 
7.93427e-15 1.72433e-13 4.03212e-12 5.72435e-10 7.74018e-08 2.40025e-06 6.58177e-05 0.00413179 0.924002 0.0717984 
9.95101e-14 2.14257e-12 3.57388e-11 3.74446e-09 9.21539e-08 2.08147e-06 7.74682e-07 0.000379691 0.957801 0.0418159 
0.00348893 0.0134287 0.0307223 0.746133 0.147054 0.0515749 0.00703558 0.000545849 1.57506e-05 4.65253e-07 
1.61316e-08 3.05151e-07 1.12149e-05 0.000220667 0.00144731 0.00994623 0.203381 0.038024 0.681602 0.0653673 
1.8244e-09 3.33471e-08 4.07678e-07 1.01069e-05 0.000249299 0.0025936 0.0109665 0.055171 0.855496 0.0755132 
2.78899e-11 5.70647e-10 4.51074e-09 9.11645e-08 6.88668e-07 1.08353e-05 4.12986e-05 0.00120841 0.0212176 0.977521 
2.80146e-06 6.34255e-05 0.000724878 0.00836846 0.026378 0.0653508 0.12195 0.141048 0.605943 0.0301701 
6.0479e-15 1.30366e-13 2.903e-12 5.62665e-10 7.87606e-08 2.54681e-06 3.44017e-05 0.0026764 0.0271671 0.970119 
5.00202e-08 1.06795e-06 1.58229e-05 0.00119213 0.00215588 0.00560021 0.0575129 0.0390379 0.112898 0.781586 
1.62591e-08 7.20324e-07 3.25754e-06 6.54935e-05 0.000181477 0.000713331 0.00162815 0.00527069 0.0244079 0.967729 
5.28465e-08 1.4953e-06 9.16326e-06 0.000244855 0.000752522 0.0039839 0.00833448 0.0238349 0.295835 0.667004 
3.8418e-07 8.39667e-06 0.000185781 0.00433277 0.0147673 0.0740292 0.710142 0.0958269 0.0531246 0.0475825 
0.000143228 0.00295566 0.00615136 0.0440076 0.0969829 0.68114 0.109497 0.0373183 0.0171014 0.00470219 
0.0003023 0.00579669 0.0304214 0.0987889 0.444753 0.382832 0.0297898 0.00554066 0.00169498 8.03409e-05 
5.15459e-12 1.08103e-10 3.37438e-09 7.75864e-08 1.2289e-06 1.71094e-05 3.23035e-05 0.000404256 0.00953639 0.990009 
1.09416e-06 2.81733e-05 0.000399465 0.00413121 0.0156831 0.0488297 0.290077 0.543973 0.0672912 0.0295865 
9.07494e-25 2.79792e-22 1.40525e-19 4.23871e-17 2.22982e-14 4.27228e-12 2.58153e-09 1.97547e-05 0.000810352 0.99917 
2.20063e-11 4.63501e-10 1.3367e-08 5.26597e-07 1.06253e-05 0.000569393 0.000572467 0.00608475 0.0400441 0.952718 
3.00613e-09 5.93605e-08 6.58569e-07 1.3811e-05 0.000180697 0.00161594 0.00493675 0.0131143 0.0325796 0.947558 
3.34428e-05 0.000664469 0.0052651 0.0148785 0.0227403 0.0540853 0.722299 0.107748 0.0536461 0.01864 
1.23659e-07 2.88587e-06 4.23671e-05 0.000766294 0.00287326 0.00963973 0.0218886 0.0601434 0.79047 0.114173 
7.3119e-08 1.57064e-06 4.53406e-05 0.0013179 0.00506132 0.0163586 0.0571334 0.747556 0.10789 0.0646359 
1.1996e-07 3.0497e-06 3.65255e-05 0.001251 0.00421891 0.0123952 0.0321075 0.675888 0.149576 0.124524 
2.35977e-06 5.13002e-05 0.000733248 0.017815 0.102043 0.0931524 0.0437725 0.0457684 0.622396 0.0742653 
3.03207e-06 7.65959e-05 0.000627937 0.00702848 0.033757 0.611868 0.151379 0.109212 0.057861 0.0281874 
2.89731e-09 5.06982e-08 6.73284e-07 1.3357e-05 0.00017775 0.00157117 0.0041913 0.0111801 0.0377473 0.945118 
6.69609e-10 1.53178e-08 4.24794e-07 5.54089e-06 2.86465e-05 0.00037926 0.00115268 0.00428118 0.0148628 0.979289 
3.55839e-27 1.61468e-24 1.97727e-21 3.94396e-18 4.84054e-15 1.31867e-11 3.83296e-08 0.000138609 0.00373439 0.996127 
2.43828e-07 5.97112e-06 6.75774e-05 0.000513404 0.00422766 0.0176457 0.0463394 0.72844 0.117576 0.0851847 
6.90355e-07 1.47778e-05 0.000217744 0.00411069 0.0107009 0.0272273 0.0583807 0.104771 0.71283 0.0817463 
7.13507e-09 3.86984e-07 1.58371e-06 3.58232e-05 9.61973e-05 0.00107504 0.00266048 0.0131762 0.230525 0.752429 
2.09087e-07 4.64806e-06 4.02814e-05 0.00158215 0.00409252 0.0118755 0.021066 0.0451006 0.0783437 0.837894 
3.12309e-08 9.44662e-07 5.63575e-06 9.71857e-05 0.00042631 0.00214279 0.00520762 0.0128155 0.0348652 0.944439 
4.14183e-13 8.84883e-12 2.37154e-10 1.21425e-08 3.38925e-07 3.67098e-05 9.04421e-05 0.00179161 0.0187437 0.979337 
4.56965e-06 0.000271799 0.000908072 0.00941548 0.042667 0.13459 0.643835 0.0956071 0.0482677 0.024433 
1.57187e-06 3.68486e-05 0.000552544 0.00631126 0.411734 0.114157 0.281783 0.109168 0.0514757 0.0247788 
4.09315e-08 1.27703e-06 1.25031e-05 0.00152949 0.00176761 0.00497228 0.0145223 0.0429615 0.0995214 0.834712 
7.91565e-07 1.99757e-05 0.000312042 0.00170467 0.00664153 0.0261157 0.0479928 0.0917557 0.722876 0.102581 
7.7412e-07 1.75031e-05 0.000296972 0.00341163 0.0117584 0.0448956 0.0832216 0.109916 0.693213 0.0532689 
1.14315e-07 2.64423e-06 1.51524e-05 0.000241715 0.00230972 0.0080157 0.0173624 0.0556727 0.804945 0.111435 
1.07441e-05 0.000379747 0.0013342 0.0112558 0.0593453 0.190088 0.120676 0.076742 0.0637653 0.476403 
2.72922e-09 4.71788e-08 6.42319e-07 1.36376e-05 0.000181524 0.00238926 0.00836414 0.0322094 0.0770237 0.879818 
1.16756e-11 2.42105e-10 1.07062e-08 1.91486e-07 2.43212e-06 0.000131176 0.000191218 0.0043606 0.645396 0.349918 
6.94333e-16 1.55023e-14 5.79471e-13 1.20977e-10 2.0996e-08 4.30385e-07 3.92333e-06 0.000234088 0.00169226 0.998069 
3.40098e-08 8.30888e-07 7.76887e-06 7.74617e-05 0.00047903 0.00224213 0.00456742 0.00882111 0.0167095 0.967095 
6.67042e-08 1.55001e-06 1.56633e-05 0.000576511 0.0014028 0.00505308 0.0124118 0.0277592 0.0590878 0.893692 
3.38226e-08 8.37795e-07 1.38001e-05 0.000219984 0.000878604 0.00379212 0.00852496 0.0185468 0.0363064 0.931716 
3.39603e-07 7.40128e-06 0.00011562 0.00290323 0.0178619 0.396667 0.183836 0.0725238 0.241135 0.0849494 
1.94266e-08 4.55374e-07 4.30141e-06 0.000835945 0.00135619 0.00507846 0.0202889 0.0778277 0.444073 0.450535 
3.5281e-16 7.37173e-15 6.69997e-14 1.24577e-11 4.45824e-10 1.36162e-07 8.20349e-07 0.000232688 0.00757701 0.992189 
3.40444e-08 8.71734e-07 5.89109e-06 7.32587e-05 0.000482985 0.00282466 0.00774184 0.801746 0.0848849 0.102239 
9.55557e-08 2.01062e-06 1.46313e-05 0.000771621 0.00390242 0.0119214 0.0502558 0.74335 0.100939 0.0888421 
