9601
9.39694e-10 1.97828e-08 2.85378e-07 1.23662e-05 0.00032043 0.00173323 0.00452743 0.0191852 0.053434 0.920787 
1.58247e-10 3.26516e-09 1.59894e-07 2.19843e-06 2.37164e-05 0.000597245 0.00103126 0.00836576 0.0442843 0.945695 
3.57315e-10 8.04275e-09 6.87532e-07 6.13991e-06 0.000293818 0.00262184 0.0237597 0.100818 0.822103 0.0503969 
1.35909e-08 3.44114e-07 2.99826e-05 0.000107279 0.00194695 0.0128346 0.0553715 0.616575 0.297114 0.0160202 
1.49427e-05 0.000315586 0.00434536 0.193374 0.369172 0.376384 0.0440143 0.0100517 0.002233 9.51371e-05 
5.74235e-15 1.22931e-13 2.40785e-12 5.11203e-10 5.82571e-08 2.34032e-06 3.6108e-05 0.00255964 0.0285506 0.968851 
7.26619e-12 1.49409e-10 7.7094e-09 8.92384e-08 6.46586e-07 2.21119e-05 0.000222955 0.00243274 0.0173527 0.979969 
3.23263e-09 8.75733e-08 3.1882e-05 3.58171e-05 0.00109534 0.0040426 0.0180558 0.0444782 0.0754211 0.856839 
6.74548e-07 1.38183e-05 0.000210946 0.00584937 0.0376595 0.102581 0.809291 0.038309 0.00574807 0.000337166 
7.18288e-10 2.19455e-08 1.04671e-05 1.31284e-05 0.000566639 0.00224388 0.0111527 0.0404695 0.855153 0.0903911 
1.18664e-09 2.68037e-08 3.04601e-06 1.64687e-05 0.000676929 0.00304649 0.0145803 0.0460015 0.0712011 0.864474 
6.85608e-12 1.40966e-10 7.30961e-09 8.39419e-08 5.40078e-07 7.59492e-06 0.000135684 0.00197273 0.0102423 0.987641 
9.00375e-07 1.82328e-05 0.00047396 0.00654235 0.023327 0.0575138 0.0939953 0.799393 0.0178203 0.000914622 
5.70663e-10 1.21456e-08 1.9068e-07 8.28971e-06 0.00030602 0.00145561 0.00722919 0.0319576 0.885177 0.0738665 
7.77242e-08 1.7423e-06 3.6255e-05 0.00101479 0.00443958 0.0250792 0.0651428 0.108406 0.784344 0.0115354 
8.62893e-16 1.82754e-14 2.7001e-13 5.22979e-11 5.9317e-09 4.92571e-07 4.58489e-05 0.00404559 0.485054 0.510854 
9.44644e-11 1.95528e-09 9.06638e-08 1.44458e-06 1.54361e-05 0.000629532 0.000596544 0.00625917 0.885235 0.107263 
2.23366e-09 4.6859e-08 5.45983e-07 1.98697e-05 0.000767912 0.00396473 0.0179737 0.821629 0.108385 0.04726 
5.8214e-05 0.00171087 0.00604844 0.677376 0.187044 0.093419 0.0307911 0.00272537 0.000809444 1.81345e-05 
3.80978e-07 7.57363e-06 8.33398e-05 0.0025778 0.00748387 0.033313 0.0743754 0.840473 0.0360414 0.00564417 
1.2262e-06 2.61348e-05 0.00060192 0.00871686 0.0337848 0.0800556 0.816156 0.0552298 0.00531236 0.000115646 
1.5467e-09 3.44038e-08 3.13007e-06 1.74511e-05 0.000598245 0.00314651 0.0146197 0.0532737 0.882716 0.0456253 
2.80378e-09 5.87147e-08 1.18241e-06 2.05685e-05 0.00108665 0.0109324 0.059242 0.856976 0.0558663 0.0158745 
0.000177868 0.0036123 0.00208357 0.016741 0.0597741 0.800783 0.0887507 0.0243208 0.0036611 9.55126e-05 
5.86552e-10 1.24822e-08 1.98279e-07 8.17925e-06 0.000421288 0.00299195 0.0141078 0.0459673 0.638141 0.298363 
3.52804e-10 7.63242e-09 1.59399e-07 6.27151e-06 0.000343166 0.00495831 0.824321 0.078641 0.0612743 0.0304563 
8.97744e-10 1.90519e-08 3.65992e-07 1.31075e-05 0.000470546 0.00227445 0.0100552 0.842293 0.091546 0.0533474 
6.45983e-10 1.35073e-08 2.14412e-07 8.10411e-06 8.51071e-05 0.00137313 0.00163183 0.0093423 0.0300429 0.957516 
1.0833e-09 2.61433e-08 5.57959e-06 1.3031e-05 0.000347721 0.00210241 0.0109988 0.0490012 0.887746 0.0497849 
1.5524e-10 3.20662e-09 1.54239e-07 2.23353e-06 2.11163e-05 0.000802355 0.0014022 0.0101375 0.0335395 0.954095 
7.97414e-10 1.70913e-08 3.04938e-07 1.23121e-05 0.000481755 0.00117868 0.00548527 0.0173509 0.0578762 0.917615 
1.22351e-14 2.61834e-13 5.11651e-12 8.56328e-10 1.11298e-07 7.7106e-06 0.000400273 0.0095096 0.669799 0.320283 
5.95958e-09 1.23445e-07 1.26422e-06 0.000248474 0.00782429 0.827734 0.0775592 0.0425019 0.0276825 0.0164481 
1.7991e-10 3.70868e-09 1.84477e-07 2.41742e-06 1.82809e-05 0.000528857 0.00103985 0.0121682 0.902961 0.0832812 
8.02029e-10 1.69869e-08 2.43529e-07 1.22135e-05 0.000615564 0.00492407 0.0253063 0.837565 0.0948169 0.0367599 
5.68276e-10 1.20024e-08 1.60408e-07 7.65007e-06 0.000228465 0.00173808 0.0159591 0.857482 0.0834504 0.0411336 
4.26298e-29 1.01375e-25 3.36804e-22 1.08671e-18 1.78632e-15 8.90387e-12 4.29162e-08 0.000154376 0.00333589 0.99651 
6.72672e-10 1.42859e-08 2.13864e-07 9.2036e-06 0.000371326 0.00228872 0.0157863 0.846628 0.0934798 0.0414362 
2.04642e-06 4.84423e-05 0.00100443 0.00853611 0.0342839 0.800653 0.11238 0.0378886 0.00495394 0.000249601 
2.92338e-12 6.01899e-11 3.04029e-09 3.72741e-08 5.01069e-07 2.60318e-05 0.000519447 0.0124065 0.920514 0.0665337 
4.6792e-10 9.77251e-09 1.85278e-07 5.96631e-06 6.77207e-05 0.00200199 0.0154232 0.855973 0.078683 0.0478448 
1.0371e-10 2.1952e-09 9.58493e-08 3.37103e-06 0.000463914 0.00478462 0.027898 0.865176 0.0711684 0.0305059 
3.98324e-06 8.13232e-05 0.000313957 0.00607033 0.0475605 0.811674 0.0917758 0.0336509 0.00810856 0.000760433 
4.8997e-06 9.98379e-05 0.000472609 0.0193499 0.750136 0.101876 0.0824895 0.0357215 0.00881028 0.00103964 
5.76188e-10 1.23856e-08 2.33562e-07 9.24134e-06 0.000373501 0.00163913 0.00873032 0.0428894 0.90415 0.0422085 
0.0002518 0.00287785 0.0136227 0.132483 0.698703 0.135985 0.014129 0.00160126 0.000337469 8.95112e-06 
2.15488e-08 4.69471e-07 2.18542e-05 0.00840403 0.718549 0.0783223 0.0769146 0.0560959 0.0415165 0.020175 
1.33255e-10 2.7652e-09 1.27712e-07 2.08519e-06 4.1407e-05 0.00117131 0.00299618 0.0176515 0.224931 0.753207 
3.92814e-15 8.2212e-14 8.38572e-13 2.03904e-10 6.15838e-09 9.00573e-07 1.37518e-05 0.00149367 0.919908 0.078584 
3.69196e-14 7.76079e-13 2.07032e-11 7.9027e-10 7.35433e-08 3.95669e-06 9.18999e-05 0.00154373 0.0161824 0.982178 
9.83032e-10 2.135e-08 9.10318e-07 1.46358e-05 0.000481489 0.00203814 0.0114568 0.0514114 0.881607 0.05299 
1.39547e-09 3.79099e-08 1.34505e-05 1.9728e-05 0.000445976 0.00194604 0.00939963 0.0325543 0.0612045 0.894416 
1.48106e-09 3.51694e-08 5.86709e-06 2.39289e-05 0.00134125 0.0100111 0.0537944 0.844757 0.0700518 0.020015 
6.04939e-11 1.25172e-09 5.83674e-08 9.17366e-07 9.97701e-06 0.000377875 0.000634681 0.006833 0.0347515 0.957392 
6.88479e-10 1.6426e-08 3.28299e-06 8.09505e-06 0.000242332 0.00195201 0.00851087 0.129266 0.703008 0.15701 
2.07927e-11 4.31768e-10 1.88823e-08 3.4817e-07 4.40094e-06 0.000204049 0.000170835 0.00154071 0.00844418 0.989635 
1.38163e-10 2.85528e-09 1.36112e-07 2.01454e-06 1.9122e-05 0.000712357 0.000686076 0.00477541 0.92379 0.070015 
1.10707e-10 2.28329e-09 1.1264e-07 1.51312e-06 1.21466e-05 0.000372775 0.000643372 0.00619129 0.0379339 0.954845 
2.65294e-09 7.11287e-08 2.43738e-05 3.43776e-05 0.00120386 0.00708286 0.800049 0.111622 0.058423 0.0215608 
3.49343e-10 7.62436e-09 1.91427e-07 6.61917e-06 0.000382719 0.000892965 0.00578257 0.0224732 0.883856 0.0866054 
3.14419e-09 8.37714e-08 2.87902e-05 9.96745e-05 0.0113504 0.77103 0.0779029 0.0853805 0.0402842 0.013923 
0.00020008 0.00390002 0.062728 0.326257 0.529177 0.0625214 0.0132708 0.00158079 0.000358094 7.21887e-06 
9.98672e-08 2.16951e-06 2.76196e-05 0.00126997 0.00624566 0.0395445 0.830793 0.0868674 0.0290656 0.00618426 
2.29557e-10 4.81384e-09 2.27762e-07 4.03664e-06 0.000191576 0.0022188 0.00720901 0.0392842 0.859856 0.0912366 
2.07393e-10 4.32692e-09 1.85499e-07 4.30696e-06 0.000406421 0.00387156 0.014269 0.0487064 0.891871 0.0408715 
5.301e-06 0.000244069 0.00200146 0.020903 0.0580409 0.785955 0.101791 0.0280509 0.00276931 0.000239118 
2.94436e-09 7.67851e-08 2.41078e-05 3.29731e-05 0.00120174 0.00796849 0.0358591 0.636193 0.293945 0.0247762 
8.25084e-08 1.81187e-06 3.4432e-05 0.00162121 0.00995977 0.116473 0.71661 0.127829 0.021621 0.00584941 
1.18229e-10 2.44273e-09 1.16931e-07 1.7104e-06 1.61439e-05 0.000596283 0.000813416 0.00827001 0.0446797 0.945623 
7.01273e-15 1.49839e-13 2.72966e-12 2.77564e-10 6.98044e-09 6.28458e-07 8.76134e-06 0.000611844 0.00473795 0.994641 
2.51656e-16 5.25977e-15 4.84664e-14 9.08386e-12 3.92872e-10 1.17679e-07 2.23851e-06 0.00156552 0.736299 0.262133 
7.12652e-07 1.42049e-05 0.000280203 0.00515726 0.0203225 0.790645 0.129267 0.0478507 0.00619955 0.000262603 
6.79685e-08 1.37283e-06 1.148e-05 0.000492688 0.00434455 0.0215383 0.0679259 0.731044 0.159952 0.0146903 
5.24974e-10 1.32535e-08 3.36253e-06 8.55878e-06 0.000338832 0.00130712 0.00774997 0.0346357 0.0743288 0.881628 
0.000506406 0.0160788 0.079317 0.769855 0.0834137 0.0315756 0.0139965 0.00466794 0.000563525 2.53351e-05 
8.17673e-09 2.32031e-07 3.25096e-05 0.000229346 0.00258362 0.0144587 0.0513222 0.861521 0.0539218 0.0159305 
1.34725e-07 2.85432e-06 4.45959e-05 0.00171776 0.00622708 0.0331266 0.0752907 0.834641 0.0409152 0.00803455 
2.80913e-07 6.14095e-06 0.000153415 0.00410435 0.0276145 0.405951 0.346444 0.199894 0.0140897 0.00174205 
1.0945e-13 2.34201e-12 3.54598e-11 2.63535e-09 2.96627e-07 1.89906e-05 0.000374488 0.0081519 0.923188 0.0682662 
9.06665e-10 1.90844e-08 3.11174e-07 1.18075e-05 0.000172809 0.00135914 0.00228373 0.0152608 0.888926 0.0919858 
1.57107e-10 3.24374e-09 1.56477e-07 2.24283e-06 2.0749e-05 0.000971036 0.0029336 0.025876 0.914043 0.0561537 
6.3917e-07 1.35681e-05 0.000398154 0.00690306 0.0543733 0.81481 0.0867324 0.0295636 0.00665456 0.000550241 
0.000131748 0.00289786 0.00694848 0.0446383 0.10831 0.795855 0.0384663 0.00216945 0.000569936 1.28795e-05 
9.0356e-08 1.85136e-06 1.56068e-05 0.000678451 0.00451419 0.0279297 0.807414 0.105836 0.0432061 0.010404 
0.000114868 0.00233216 0.0012583 0.0116148 0.0381336 0.0885899 0.815778 0.037155 0.00477841 0.000245102 
2.30435e-06 4.74616e-05 0.000566516 0.0090871 0.0359782 0.0909778 0.814896 0.0436946 0.00456247 0.000187419 
1.21105e-10 2.50545e-09 1.17207e-07 1.82345e-06 1.88254e-05 0.000759265 0.000808219 0.00415677 0.0133621 0.980893 
5.36609e-16 1.15694e-14 2.73597e-13 5.96319e-11 1.03448e-08 1.05763e-06 1.39604e-05 0.000252074 0.00245328 0.99728 
5.81595e-10 1.21342e-08 2.93701e-07 7.36119e-06 6.95917e-05 0.00110219 0.00162194 0.00984281 0.0403672 0.946989 
2.93191e-09 7.03837e-08 1.45983e-05 3.05609e-05 0.00143287 0.010337 0.798239 0.114278 0.0557649 0.019903 
5.95811e-10 1.26823e-08 2.00105e-07 8.73442e-06 0.000332688 0.00126407 0.00658512 0.029246 0.070782 0.891781 
1.5598e-09 3.99443e-08 1.10142e-05 2.26232e-05 0.000631754 0.00241913 0.0105222 0.0317512 0.0694572 0.885185 
1.58892e-07 3.63276e-06 0.00014482 0.00271206 0.0307974 0.789224 0.106366 0.0503707 0.0156401 0.00474157 
7.88766e-12 1.76185e-10 6.3771e-09 1.31058e-06 0.000268755 0.00428731 0.19789 0.407986 0.368545 0.0210218 
1.92899e-10 4.03449e-09 1.15018e-07 2.68996e-06 5.27435e-05 0.000806204 0.00279293 0.0174118 0.891077 0.0878563 
4.37224e-07 8.54221e-06 0.000172526 0.00334044 0.0153181 0.0500438 0.837488 0.0732919 0.0186543 0.00168157 
5.98749e-10 1.28565e-08 2.36448e-07 9.56136e-06 0.000409438 0.00134011 0.00809334 0.0389748 0.905146 0.0460267 
4.12781e-10 1.13851e-08 4.0027e-06 8.038e-06 0.000324166 0.00114336 0.00691165 0.0238849 0.0653701 0.902354 
4.21751e-29 1.00488e-25 3.3465e-22 1.08209e-18 1.789e-15 9.19469e-12 4.47755e-08 0.000123679 0.00204066 0.997836 
1.67219e-10 3.45728e-09 1.63548e-07 2.47191e-06 2.45545e-05 0.000955435 0.00118861 0.00960776 0.0530487 0.935172 
7.93946e-10 1.67391e-08 2.13467e-07 1.02459e-05 0.000161959 0.00133693 0.00308582 0.0118638 0.0484375 0.935103 
8.5809e-11 1.78221e-09 7.75888e-08 1.44217e-06 1.85567e-05 0.00087658 0.00102818 0.00669323 0.022054 0.969328 
4.28687e-29 7.48732e-26 1.8401e-22 4.44783e-19 5.15109e-16 1.08911e-12 2.0631e-09 1.05381e-05 0.00176619 0.998223 
3.46091e-07 6.99108e-06 0.000264337 0.00320142 0.0158063 0.0417204 0.0696895 0.0765749 0.789185 0.00355092 
1.65355e-06 3.80075e-05 0.000987904 0.0111999 0.0538145 0.106664 0.805677 0.0187014 0.00274904 0.000166821 
1.52007e-15 3.19225e-14 3.70854e-13 8.38687e-11 4.23732e-09 6.05534e-07 1.03033e-05 0.00108674 0.0220104 0.976892 
2.88044e-05 0.00142281 0.00835878 0.0401987 0.0857478 0.825346 0.0364999 0.00230102 9.48165e-05 1.50598e-06 
3.45618e-10 7.20376e-09 1.66517e-07 4.34802e-06 4.02977e-05 0.000706338 0.00142422 0.00928246 0.0470384 0.941504 
7.91765e-09 1.8211e-07 3.05231e-05 6.00226e-05 0.00152131 0.00738517 0.0304532 0.849237 0.0786593 0.0326534 
5.16359e-09 1.28401e-07 3.26413e-05 5.62159e-05 0.00171129 0.0200305 0.808859 0.101532 0.0505297 0.0172485 
6.19089e-10 1.29797e-08 1.44603e-07 7.64822e-06 7.93955e-05 0.00124028 0.00201043 0.00916587 0.911961 0.0755355 
6.1503e-11 1.29621e-09 5.05669e-08 1.84171e-06 0.000174191 0.00638088 0.815368 0.0843135 0.0612116 0.0325504 
1.42214e-11 3.27987e-10 1.56488e-08 4.80248e-07 1.59639e-05 0.000447754 0.00199602 0.0737943 0.638419 0.285326 
1.19165e-10 2.46038e-09 1.1916e-07 1.68369e-06 1.4705e-05 0.000537261 0.000608851 0.00401771 0.0176318 0.977188 
4.18367e-08 9.117e-07 3.37387e-05 0.000489507 0.002945 0.0241553 0.800077 0.109344 0.0489989 0.013955 
1.71514e-08 4.49494e-07 3.77513e-05 0.000843539 0.0207053 0.818058 0.0812136 0.0493346 0.0214715 0.00833485 
7.02775e-12 1.50479e-10 2.82602e-09 2.14937e-07 4.92224e-06 0.000296941 0.000307048 0.00431278 0.0310693 0.964009 
7.93615e-08 1.66638e-06 1.47239e-05 0.000874381 0.00718083 0.0468066 0.852807 0.0656604 0.0218171 0.00483742 
1.52732e-16 3.20921e-15 3.49034e-14 6.34806e-12 3.10617e-10 5.5341e-08 9.95652e-07 0.000263122 0.00675899 0.992977 
4.72419e-07 1.11764e-05 0.000211953 0.00448082 0.0287483 0.0972833 0.792776 0.0615452 0.0138948 0.0010479 
1.34218e-07 2.93842e-06 6.74975e-05 0.00208511 0.0181127 0.094221 0.812372 0.0604257 0.0114868 0.00122659 
3.49984e-11 7.2099e-10 3.62355e-08 4.60566e-07 3.43377e-06 9.27563e-05 0.000351378 0.00839344 0.925932 0.0652265 
1.53173e-11 3.18397e-10 1.29221e-08 2.89548e-07 4.94012e-06 0.000354536 0.00196401 0.0138369 0.0472587 0.936581 
1.51399e-05 0.00039455 0.00317995 0.0820471 0.631565 0.113313 0.154688 0.0119299 0.00252774 0.000339405 
9.11772e-10 2.01715e-08 1.45111e-06 1.36051e-05 0.000530921 0.00204138 0.0108574 0.0427971 0.0874615 0.856297 
1.14424e-09 2.53509e-08 2.05452e-06 1.46564e-05 0.000331004 0.000791657 0.00394683 0.0199025 0.489134 0.485878 
3.33399e-11 7.00094e-10 2.44205e-08 7.74344e-07 3.75776e-05 0.00111717 0.00526742 0.0367778 0.909292 0.0475073 
3.53228e-10 7.45199e-09 2.09702e-07 5.04881e-06 0.000166256 0.000919675 0.0053941 0.0348499 0.912632 0.0460326 
8.74079e-07 1.9307e-05 0.000625039 0.00911041 0.0416356 0.458904 0.107327 0.377275 0.00475403 0.000348584 
6.01272e-07 1.25203e-05 0.000260726 0.00575477 0.031806 0.0972243 0.8105 0.045454 0.00804967 0.000937101 
7.54429e-11 1.56673e-09 6.79082e-08 1.31903e-06 4.07405e-05 0.00137121 0.00518022 0.0380189 0.903177 0.0522106 
9.56621e-08 1.95711e-06 6.18673e-05 0.0014751 0.00642157 0.0350435 0.0798808 0.821211 0.0446095 0.011295 
3.75388e-07 8.17303e-06 0.000116156 0.00300869 0.0128852 0.031465 0.062575 0.840325 0.0422904 0.00732607 
1.7629e-10 3.64521e-09 1.71438e-07 2.62865e-06 2.69483e-05 0.00132922 0.00243768 0.0188998 0.875792 0.101512 
2.45492e-10 5.13193e-09 2.11779e-07 4.6692e-06 0.000200012 0.00423343 0.0172643 0.0559094 0.880514 0.0418736 
1.26635e-09 3.6826e-08 1.6052e-05 1.88822e-05 0.000471552 0.0065914 0.590412 0.336207 0.0449121 0.0213713 
1.86498e-09 4.81744e-08 1.41008e-05 2.53502e-05 0.00066615 0.00197959 0.00930415 0.034441 0.878428 0.0751416 
7.2838e-09 1.81773e-07 2.69717e-05 6.28832e-05 0.00170876 0.0173653 0.788394 0.123896 0.0540164 0.0145287 
1.10529e-10 2.29097e-09 1.0412e-07 1.76444e-06 3.73916e-05 0.00112987 0.00170074 0.0120914 0.0474163 0.937622 
1.88956e-09 4.7323e-08 1.20984e-05 2.55628e-05 0.000878866 0.00551908 0.811096 0.0900525 0.0633583 0.029058 
0.000439065 0.0198545 0.724143 0.122594 0.0879755 0.0334994 0.0103381 0.000965767 0.000188285 2.68077e-06 
3.32202e-15 7.10044e-14 1.0202e-12 1.15025e-10 1.15162e-08 2.05337e-06 1.92722e-05 0.00170766 0.0279691 0.970302 
7.01334e-09 1.62434e-07 1.43296e-05 0.000323752 0.00661532 0.204965 0.647499 0.0694064 0.0475994 0.0235768 
2.52303e-16 5.27355e-15 4.857e-14 8.99177e-12 3.27759e-10 9.54809e-08 7.40283e-07 0.000107409 0.00229976 0.997592 
2.44578e-10 5.1174e-09 1.71716e-07 3.65298e-06 0.000109382 0.0014817 0.00480839 0.02244 0.46781 0.503347 
1.05427e-06 2.11658e-05 0.000616038 0.00752406 0.0235676 0.0445227 0.789357 0.0756559 0.0453281 0.0134066 
7.40963e-11 1.64464e-09 5.19069e-08 1.45582e-06 0.000127979 0.000762082 0.0025948 0.0190527 0.634641 0.34282 
6.89478e-09 1.67824e-07 2.71957e-05 5.39058e-05 0.00134356 0.00380341 0.0157807 0.0418932 0.0652067 0.871891 
9.6932e-10 2.22476e-08 2.86082e-06 1.44519e-05 0.000487515 0.00191003 0.00966773 0.043516 0.89728 0.0471219 
4.22081e-16 8.94157e-15 1.35123e-13 1.95825e-11 2.57567e-09 1.10623e-07 1.26542e-06 0.000125778 0.00505197 0.994821 
7.67606e-10 1.62823e-08 2.36462e-07 1.09451e-05 0.000423388 0.00227043 0.00942804 0.0399208 0.906863 0.0410835 
1.77577e-09 3.76702e-08 9.69358e-07 1.69657e-05 0.000554601 0.0034775 0.0211052 0.856011 0.0802218 0.0386118 
5.34005e-10 1.15495e-08 2.40773e-07 8.93806e-06 0.000325577 0.00172143 0.0134617 0.810422 0.115506 0.0585544 
3.78154e-15 8.1082e-14 1.68048e-12 4.03692e-10 4.22767e-08 1.67734e-06 2.42001e-05 0.00172939 0.0134461 0.984799 
2.60252e-07 6.0257e-06 0.00023067 0.00254751 0.0235529 0.768292 0.115268 0.0679279 0.0191222 0.00305177 
4.29919e-10 9.29455e-09 2.80159e-07 8.95463e-06 0.000516306 0.00593281 0.0390039 0.865121 0.0613686 0.0280482 
5.85324e-10 1.24596e-08 1.96018e-07 8.50337e-06 0.000307904 0.00125963 0.00677369 0.029572 0.873731 0.0883471 
2.42129e-09 5.10793e-08 7.036e-07 2.65569e-05 0.00178495 0.0112612 0.0621318 0.831602 0.0713313 0.0218612 
1.64874e-09 3.47069e-08 4.75391e-07 1.57108e-05 0.000845716 0.00342737 0.0161566 0.357381 0.585475 0.0366985 
3.36154e-10 7.05157e-09 1.6077e-07 4.61391e-06 0.000139064 0.000969526 0.00477902 0.0256843 0.886925 0.0814982 
8.67525e-11 1.80108e-09 7.90317e-08 1.44308e-06 1.81933e-05 0.000843421 0.000852999 0.00498897 0.0186245 0.97467 
1.89158e-10 3.90424e-09 1.90699e-07 2.64807e-06 2.42268e-05 0.000730661 0.00115688 0.00848677 0.0483644 0.941234 
4.59803e-07 9.90185e-06 0.000306249 0.00446231 0.0297505 0.593455 0.360331 0.00958526 0.00182157 0.000278392 
1.01425e-05 0.000207098 0.00081897 0.0171105 0.0642466 0.730125 0.150584 0.0303838 0.0061212 0.000392353 
2.68605e-09 7.33836e-08 2.67924e-05 3.72688e-05 0.000817209 0.00351318 0.0159121 0.0601996 0.855752 0.0637418 
7.98532e-10 2.29986e-08 9.81649e-06 1.24829e-05 0.0004442 0.003124 0.0165593 0.228342 0.724363 0.0271448 
1.16057e-14 2.44607e-13 9.12247e-12 7.36088e-10 8.08388e-08 2.79182e-06 4.02267e-05 0.00343105 0.918391 0.0781349 
5.18902e-10 1.10134e-08 1.65262e-07 7.33576e-06 0.000167808 0.00143856 0.00452942 0.020054 0.88664 0.0871629 
2.37746e-15 5.0887e-14 9.4696e-13 7.26096e-11 2.04069e-09 1.51403e-07 1.74962e-06 0.000423727 0.0154835 0.984091 
4.57986e-09 1.20432e-07 3.7908e-05 4.8985e-05 0.00148731 0.0114908 0.053333 0.121023 0.797094 0.0154849 
6.0646e-11 1.25161e-09 6.09828e-08 8.77768e-07 1.60609e-05 0.00100497 0.00953372 0.0447231 0.904951 0.0397703 
6.00456e-10 1.29161e-08 2.45108e-07 9.60093e-06 0.000376889 0.00145571 0.00652598 0.0244853 0.866113 0.101033 
1.27146e-11 2.69884e-10 6.98588e-09 3.40058e-07 6.82734e-06 0.000397791 0.00013602 0.00347581 0.960283 0.0357006 
1.5774e-10 3.25595e-09 1.58448e-07 2.21551e-06 1.9056e-05 0.000627339 0.000722875 0.00392283 0.0176189 0.977087 
5.05194e-29 1.20423e-25 4.01029e-22 1.29618e-18 2.1379e-15 1.08361e-11 5.2509e-08 0.000176189 0.00372343 0.9961 
3.08033e-09 8.18784e-08 2.74823e-05 3.93136e-05 0.00112767 0.00504679 0.0217972 0.0674422 0.86481 0.0397092 
8.21239e-10 1.77978e-08 1.16676e-06 6.51628e-06 0.000327931 0.00247813 0.0109539 0.240804 0.728728 0.0167002 
8.82921e-09 2.11832e-07 3.03261e-05 0.000251587 0.00318452 0.018979 0.0559856 0.0957484 0.808355 0.0174654 
2.12471e-07 4.214e-06 6.11347e-05 0.00200326 0.00640412 0.0321092 0.0586025 0.064035 0.0497816 0.786999 
1.38878e-10 2.87106e-09 1.36388e-07 2.03171e-06 1.97344e-05 0.000744787 0.00115384 0.00926704 0.0443479 0.944465 
1.34565e-12 2.78175e-11 1.2869e-09 1.78024e-08 4.62232e-07 2.88853e-05 0.000286486 0.00460757 0.0300292 0.965047 
8.00129e-10 2.35781e-08 1.03788e-05 1.37526e-05 0.000475935 0.0022271 0.012184 0.0552734 0.879583 0.0502329 
8.11068e-14 1.73542e-12 2.898e-11 2.243e-09 1.42742e-07 8.56188e-06 9.50573e-05 0.00248015 0.0262723 0.971144 
1.29093e-07 2.7307e-06 2.83784e-05 0.00129146 0.00700769 0.0344396 0.62575 0.301952 0.0260207 0.00350783 
8.23416e-13 1.72033e-11 1.55545e-10 2.87523e-08 9.93414e-07 0.000319116 0.000714649 0.012852 0.958634 0.027479 
1.6461e-10 3.40181e-09 1.61746e-07 2.42118e-06 2.44374e-05 0.00112044 0.0037729 0.0287726 0.903457 0.0628501 
5.12079e-07 1.11927e-05 0.00029005 0.0048307 0.0349553 0.688754 0.221058 0.0350809 0.0117412 0.00327807 
3.34544e-09 8.82558e-08 2.93637e-05 3.57351e-05 0.00089877 0.00469593 0.0233756 0.0720664 0.845518 0.0533803 
7.42478e-08 1.49857e-06 5.11606e-05 0.00104666 0.00547879 0.0449535 0.827235 0.0854478 0.028877 0.00690861 
2.01408e-09 4.49964e-08 4.86593e-06 1.9243e-05 0.0010474 0.0105258 0.831764 0.083372 0.0521786 0.0210878 
1.61342e-10 3.33437e-09 1.58695e-07 2.39514e-06 4.81946e-05 0.0015053 0.0062139 0.0408586 0.902522 0.048849 
5.71146e-10 1.20686e-08 2.94368e-07 8.19857e-06 0.000239393 0.00128258 0.00437946 0.0304245 0.906796 0.0568695 
3.35517e-05 0.00134692 0.00638821 0.0260709 0.738263 0.141899 0.0685282 0.0150416 0.00233745 9.10091e-05 
2.32824e-08 5.55001e-07 1.84711e-05 0.000718887 0.00692408 0.0510849 0.824255 0.0607823 0.0376238 0.0185917 
7.86333e-08 1.66885e-06 4.51425e-05 0.00223214 0.0256045 0.105628 0.785486 0.052258 0.0201036 0.00864077 
5.89452e-10 1.25722e-08 2.14128e-07 8.50557e-06 0.000298958 0.00142275 0.00721699 0.0293829 0.0613254 0.900344 
7.4864e-10 1.59658e-08 3.30356e-07 3.20438e-05 0.000777975 0.00624886 0.025481 0.477158 0.468133 0.0221691 
5.28136e-12 1.11549e-10 3.33757e-09 1.29145e-07 2.4752e-06 0.000136679 7.95458e-05 0.000483065 0.00170787 0.99759 
3.02441e-09 6.35531e-08 1.17216e-06 2.36765e-05 0.00105423 0.00709276 0.0285742 0.0728005 0.859667 0.0307863 
0.00013468 0.00191391 0.0123849 0.0739667 0.802923 0.0843951 0.0228002 0.00144052 4.02915e-05 1.10792e-06 
0.000170562 0.0034824 0.00227963 0.0412641 0.0572433 0.566337 0.322115 0.00634224 0.000742664 2.26732e-05 
1.09133e-10 2.25281e-09 1.09489e-07 1.53615e-06 1.32799e-05 0.000445911 0.000519815 0.00277503 0.00930613 0.986938 
8.60891e-09 2.0278e-07 3.09394e-05 0.000141597 0.00132043 0.00787948 0.0295342 0.850688 0.0771378 0.0332676 
1.73584e-08 4.48114e-07 2.76779e-05 0.000148013 0.00195334 0.00939894 0.0359842 0.873954 0.058197 0.0203367 
5.17207e-08 1.1772e-06 8.52776e-06 0.000245916 0.00250128 0.0063377 0.0251462 0.837262 0.0861948 0.0423028 
7.6648e-10 1.63785e-08 2.76382e-07 1.16362e-05 0.000492856 0.00100842 0.00516011 0.0183822 0.894982 0.079963 
1.26673e-28 1.75851e-25 3.8143e-22 1.04691e-18 1.07835e-15 1.84973e-12 4.77417e-10 1.81014e-05 0.00132642 0.998655 
3.45491e-09 8.28095e-08 1.69822e-05 3.44851e-05 0.00150949 0.00859478 0.0418578 0.862442 0.0635025 0.0220414 
1.17428e-10 2.4307e-09 1.12575e-07 1.79887e-06 1.936e-05 0.000793462 0.000823116 0.00719731 0.0357208 0.955444 
1.39607e-06 2.99085e-05 0.000498395 0.0158264 0.721677 0.124091 0.0846224 0.0403759 0.0115381 0.00133966 
4.99185e-07 1.05244e-05 0.000175104 0.00276125 0.0416459 0.674204 0.175241 0.0909369 0.0107431 0.00428216 
0.00185015 0.00557048 0.0545086 0.798234 0.101393 0.0331778 0.00504671 0.000214139 5.30305e-06 1.13364e-07 
3.1173e-15 6.56357e-14 8.81766e-13 2.58919e-10 1.09901e-08 1.22404e-06 2.13215e-05 0.00173025 0.0225042 0.975743 
1.13456e-10 2.34434e-09 1.11442e-07 1.66043e-06 1.62963e-05 0.000864864 0.00239635 0.0242845 0.923112 0.0493243 
1.18385e-16 2.47794e-15 2.5434e-14 6.19008e-12 1.86476e-10 4.73308e-08 8.18189e-07 0.000373358 0.0109461 0.98868 
1.73676e-12 3.71896e-11 7.02224e-10 5.35358e-08 1.17869e-06 8.39558e-05 0.000883984 0.011546 0.959974 0.0275104 
6.37196e-10 1.41188e-08 1.03318e-06 9.55242e-06 0.000318045 0.00162909 0.00805488 0.0429023 0.898336 0.0487489 
1.74344e-06 5.04486e-05 0.000916301 0.0118113 0.0518609 0.104578 0.807863 0.0205616 0.00228812 6.8219e-05 
9.7924e-12 2.01586e-10 1.02552e-08 1.25048e-07 8.50394e-07 1.19009e-05 8.85447e-05 0.00192467 0.0187168 0.979257 
8.01366e-14 1.69448e-12 2.18738e-11 1.39568e-09 1.55846e-07 1.12091e-05 0.000145845 0.00162528 0.0122158 0.986002 
7.37537e-10 1.55307e-08 1.92893e-07 9.65843e-06 0.000243879 0.00106359 0.00291245 0.0097305 0.0363483 0.949691 
5.24018e-10 1.12447e-08 2.05302e-07 8.39343e-06 0.00036287 0.00172563 0.00984396 0.0466481 0.894564 0.0468471 
3.08514e-09 7.0379e-08 9.46904e-06 3.07211e-05 0.00119594 0.00512142 0.0202727 0.059591 0.864971 0.0488079 
0.000225142 0.00483936 0.0116145 0.568297 0.326355 0.0740021 0.0133174 0.00106281 0.000279821 7.09657e-06 
8.27692e-06 0.000169018 0.00055032 0.0094243 0.182828 0.0587883 0.0331255 0.245302 0.458261 0.011544 
3.16047e-12 6.49836e-11 3.37132e-09 3.89111e-08 1.98403e-07 1.45597e-06 1.39207e-05 0.00084105 0.0172286 0.981915 
1.76845e-09 4.2646e-08 8.77042e-06 2.01439e-05 0.00092697 0.00585173 0.0367829 0.869915 0.0623634 0.0241315 
7.00452e-27 3.12646e-24 3.43553e-21 7.0115e-18 8.72079e-15 2.58718e-11 8.38992e-08 0.000224867 0.00535574 0.994419 
8.75239e-11 1.80422e-09 8.97615e-08 1.1762e-06 8.94647e-06 0.000240088 0.000500412 0.00337677 0.0211394 0.974733 
2.269e-07 4.7696e-06 5.73132e-05 0.00180029 0.00535724 0.0238051 0.0435118 0.0608974 0.842543 0.0220229 
3.82535e-07 7.13839e-06 0.000124813 0.00292952 0.0106647 0.0462067 0.0962938 0.817832 0.0232657 0.00267527 
5.09488e-10 1.07845e-08 1.50241e-07 7.27966e-06 0.000297515 0.00113971 0.00702564 0.0331262 0.919003 0.0394008 
5.95383e-08 1.30351e-06 1.06552e-05 0.000443574 0.00312823 0.0143128 0.0387795 0.0699947 0.854617 0.0187125 
3.46144e-09 8.64423e-08 2.23908e-05 3.6679e-05 0.00154865 0.00772822 0.0309844 0.0700265 0.860064 0.0295892 
2.95228e-07 7.22938e-06 0.000242131 0.00421424 0.0251811 0.776593 0.123055 0.0524273 0.0142495 0.00403022 
3.69962e-10 7.84671e-09 1.1531e-07 5.39561e-06 0.000211212 0.00160561 0.0109826 0.707899 0.249697 0.0295983 
1.39465e-09 3.00878e-08 1.42471e-06 1.36928e-05 0.000626537 0.00296345 0.0135884 0.0479082 0.892252 0.0426467 
6.99239e-10 1.48345e-08 2.16956e-07 1.01103e-05 0.000395358 0.00209456 0.00838972 0.0408207 0.88073 0.0675597 
4.71662e-10 1.0073e-08 1.70889e-07 7.24498e-06 0.000266661 0.00336692 0.0270794 0.861082 0.0741943 0.034003 
2.94374e-09 7.3196e-08 1.87252e-05 3.02617e-05 0.00110937 0.00855457 0.0363131 0.0779861 0.854671 0.021317 
4.6837e-14 1.01583e-12 1.63548e-11 8.30651e-10 6.97811e-08 4.45682e-06 5.30838e-05 0.000829183 0.0116684 0.987445 
1.03213e-06 4.14082e-05 0.00607648 0.680118 0.100206 0.100917 0.0728519 0.0304302 0.00804579 0.00131139 
8.31407e-11 1.71839e-09 8.1309e-08 1.22886e-06 1.25104e-05 0.000638009 0.00359229 0.425732 0.342145 0.227879 
5.6727e-07 1.3053e-05 0.00050897 0.00829387 0.0548946 0.81108 0.0823809 0.0298386 0.00998883 0.0030007 
8.28042e-08 1.79738e-06 2.2357e-05 0.000927848 0.00421642 0.0218996 0.283093 0.656622 0.0291951 0.00402105 
1.92143e-16 4.14941e-15 8.13571e-14 6.59557e-12 9.85859e-10 3.48171e-08 4.79844e-07 0.000332365 0.00942428 0.990243 
6.42249e-10 1.37096e-08 2.30661e-07 9.35232e-06 0.000250551 0.000732378 0.00345212 0.0141881 0.0547295 0.926638 
3.32693e-11 6.87245e-10 3.29952e-08 4.79499e-07 4.56274e-06 0.000159213 0.000251629 0.00459254 0.0348659 0.960126 
2.64667e-09 7.11209e-08 2.43156e-05 3.92749e-05 0.00142673 0.00542345 0.0320909 0.0944394 0.832676 0.0338796 
5.71735e-10 1.22782e-08 3.08822e-07 1.03588e-05 0.000547425 0.00497074 0.0316146 0.0959454 0.829281 0.0376297 
3.19524e-06 7.19696e-05 0.00143288 0.00858512 0.018969 0.0352698 0.0602709 0.0824522 0.781881 0.0110634 
1.81905e-11 3.76005e-10 1.72835e-08 3.11031e-07 1.48964e-05 0.00048897 0.00411689 0.033353 0.918673 0.043353 
2.05689e-09 5.39027e-08 1.67154e-05 2.86298e-05 0.000748597 0.00263129 0.0128471 0.0278783 0.0538815 0.901968 
4.16591e-10 8.84578e-09 1.3806e-07 9.61972e-06 0.000968338 0.0979275 0.106226 0.624808 0.0903215 0.0797394 
0.000124434 0.00262827 0.0155595 0.348043 0.597799 0.0302209 0.00521791 0.000380509 2.54005e-05 5.54749e-07 
3.10026e-10 6.62051e-09 1.8807e-07 5.34599e-06 0.000285489 0.00122709 0.00367749 0.0131421 0.0325347 0.949128 
7.72554e-10 1.64567e-08 2.65882e-07 1.10937e-05 0.000421686 0.0021943 0.0160419 0.844548 0.0926325 0.0441505 
2.30379e-16 4.81466e-15 4.41108e-14 8.18354e-12 3.02489e-10 8.88234e-08 8.02637e-07 8.22717e-05 0.003664 0.996253 
1.72465e-08 4.14457e-07 3.85354e-05 0.000128447 0.00224273 0.0151047 0.782403 0.127022 0.0574049 0.0156558 
1.29591e-07 2.71747e-06 3.43903e-05 0.0016068 0.00660624 0.0351793 0.459496 0.468652 0.0254137 0.00300863 
8.1965e-11 1.69929e-09 7.87825e-08 1.25397e-06 1.44133e-05 0.000736061 0.00228091 0.855134 0.0863159 0.0555176 
1.18089e-08 2.80002e-07 2.52566e-05 0.000548633 0.0101488 0.685916 0.197593 0.069171 0.0280898 0.00850735 
7.30928e-08 1.59141e-06 1.27524e-05 0.000484374 0.0043171 0.0167855 0.0509699 0.854377 0.0546077 0.0184443 
6.71829e-17 1.40338e-15 1.25503e-14 2.31485e-12 7.54729e-11 2.00402e-08 2.07668e-07 0.000269428 0.00660916 0.993121 
6.30647e-07 1.30922e-05 0.000179687 0.00471759 0.0177901 0.0454256 0.0796689 0.828692 0.0216198 0.00189307 
5.84576e-13 1.22353e-11 1.17772e-10 2.1505e-08 8.27524e-07 0.000146202 0.00102157 0.0143543 0.911768 0.0727088 
4.21014e-07 8.12277e-06 0.000114077 0.00297638 0.0106389 0.0498319 0.879391 0.0460052 0.00981811 0.00121625 
8.1381e-06 0.000165234 0.000670427 0.0128398 0.588285 0.139687 0.215403 0.0389763 0.00379742 0.000167898 
7.64266e-06 0.000377956 0.00201255 0.0183855 0.0589174 0.108185 0.785406 0.0244063 0.0022278 7.36857e-05 
3.38636e-11 6.98368e-10 3.45253e-08 4.62194e-07 3.68474e-06 0.00010623 0.000197028 0.00168827 0.0523626 0.945642 
5.5376e-07 1.27105e-05 0.000318601 0.00744267 0.0428003 0.123574 0.7805 0.035215 0.00899534 0.00114154 
6.28473e-10 1.34269e-08 2.25679e-07 9.47275e-06 0.000370144 0.000898997 0.00434712 0.0142427 0.0515891 0.928542 
4.10681e-10 8.5654e-09 2.24048e-07 5.6248e-06 6.2403e-05 0.00183275 0.00577795 0.0339128 0.890564 0.0678444 
3.62902e-10 7.75839e-09 1.29219e-07 5.69149e-06 0.000340933 0.0024037 0.0160936 0.0627703 0.875303 0.0430825 
4.17123e-10 8.84919e-09 1.31788e-07 5.73707e-06 0.000108912 0.00111851 0.00688525 0.0399004 0.903787 0.0481936 
1.03815e-07 2.11058e-06 1.65766e-05 0.000640565 0.00535744 0.0226653 0.072423 0.838087 0.0504563 0.0103516 
0.000155379 0.00345653 0.00614517 0.044322 0.783561 0.116959 0.0410424 0.00356162 0.000778769 1.77681e-05 
1.73348e-10 3.58823e-09 1.6651e-07 2.61488e-06 5.97581e-05 0.00149307 0.00535133 0.0313681 0.0685995 0.893125 
5.21201e-22 3.52063e-20 1.42503e-17 3.87863e-15 8.207e-13 4.69964e-10 1.50743e-08 1.27929e-05 0.00102384 0.998963 
4.04865e-11 8.36063e-10 4.03822e-08 5.77657e-07 5.24444e-06 0.000176984 0.000229393 0.00363426 0.0298117 0.966142 
4.51961e-10 9.66757e-09 1.87587e-07 7.06129e-06 0.000291788 0.00145408 0.00691262 0.0344041 0.88685 0.0700799 
6.17196e-10 1.7513e-08 6.84851e-06 1.06566e-05 0.000339794 0.00212553 0.0115362 0.055212 0.870552 0.0602173 
1.68202e-07 3.40699e-06 4.73548e-05 0.00175213 0.00812836 0.0428953 0.303458 0.622147 0.0199245 0.00164342 
5.82266e-06 0.000243789 0.00272929 0.0137587 0.159405 0.663466 0.130389 0.0283034 0.0014315 0.000267388 
1.71645e-10 3.54876e-09 1.67872e-07 2.53599e-06 2.50313e-05 0.000965717 0.00106776 0.0102306 0.0481408 0.939567 
1.40275e-13 2.99271e-12 4.21349e-11 2.69448e-09 2.87105e-07 1.91278e-05 0.000195934 0.00388553 0.0347596 0.96114 
3.53328e-10 7.94824e-09 4.95495e-07 0.000209566 0.00293478 0.766421 0.106397 0.0638265 0.0381445 0.0220663 
1.15632e-10 2.38847e-09 1.14672e-07 1.66437e-06 1.54001e-05 0.000648257 0.000931412 0.00894944 0.907553 0.0819004 
2.1331e-10 4.52739e-09 2.14993e-07 3.67763e-06 7.1733e-05 0.00105083 0.00239631 0.0118982 0.0553098 0.929269 
1.98416e-10 4.16562e-09 2.00911e-07 3.57293e-06 0.000161843 0.00291396 0.015085 0.061347 0.872242 0.048246 
2.71498e-22 4.22287e-20 1.7373e-17 5.01081e-15 1.53887e-12 5.17598e-10 1.16747e-07 0.000291341 0.00853235 0.991176 
2.09363e-09 5.12123e-08 1.1341e-05 2.65788e-05 0.000754819 0.003154 0.0145005 0.0439092 0.851131 0.0865122 
8.11581e-10 1.71253e-08 2.36297e-07 9.58336e-06 0.000278327 0.00188042 0.0117505 0.219414 0.730416 0.0362512 
8.05335e-12 1.69064e-10 5.89944e-09 1.74952e-07 3.00752e-06 0.000161149 6.1361e-05 0.000809341 0.017941 0.981024 
3.25206e-10 6.99121e-09 1.32175e-07 5.29016e-06 0.000212314 0.00131111 0.0051876 0.0229195 0.0598393 0.910525 
7.42932e-10 1.58949e-08 2.76013e-07 1.13004e-05 0.000436052 0.00106384 0.00549451 0.0190377 0.890755 0.083201 
1.82777e-10 3.78218e-09 1.75839e-07 2.829e-06 8.44859e-05 0.00150834 0.00405704 0.0226218 0.0611119 0.910613 
6.20688e-05 0.00185697 0.0100927 0.0408392 0.783244 0.122601 0.0369988 0.00406655 0.00023491 3.47756e-06 
2.56106e-08 5.84582e-07 4.17918e-05 0.000661523 0.00670314 0.0499758 0.820338 0.0796451 0.0310186 0.0116151 
1.5254e-16 3.19109e-15 3.06813e-14 5.87707e-12 3.53273e-10 1.02176e-07 2.34208e-06 0.000415679 0.0106768 0.988905 
5.17296e-10 1.11371e-08 2.13838e-07 8.41323e-06 0.000369304 0.00109172 0.00514215 0.0152334 0.0323699 0.945785 
2.69e-05 0.000546538 0.00165686 0.028445 0.0878017 0.781199 0.0666469 0.024517 0.00805949 0.00110075 
6.4467e-09 1.51372e-07 1.73494e-05 7.44309e-05 0.00112896 0.00548797 0.0300985 0.788081 0.161816 0.0132955 
8.6985e-10 1.83775e-08 2.50081e-07 1.05502e-05 0.000582798 0.00616477 0.0336349 0.871283 0.0637232 0.0246006 
2.16009e-15 4.53114e-14 5.53026e-13 5.9032e-11 6.10803e-09 2.15106e-07 4.01235e-06 0.000376419 0.00850464 0.991115 
1.39144e-10 2.87348e-09 1.38671e-07 1.98252e-06 1.79469e-05 0.000640091 0.000900955 0.00602332 0.0240342 0.968381 
6.84193e-10 1.45463e-08 2.2539e-07 9.50809e-06 0.000195586 0.00123038 0.00532916 0.0220133 0.0567378 0.914484 
1.41719e-10 2.93021e-09 1.37696e-07 2.13889e-06 2.62971e-05 0.00139452 0.00993703 0.84602 0.0902552 0.0523642 
1.69159e-10 3.49968e-09 1.6367e-07 2.54832e-06 2.63014e-05 0.00105696 0.00109518 0.00541148 0.014183 0.978224 
0.000151209 0.00291065 0.0233257 0.234598 0.69647 0.0370215 0.00511118 0.000370472 4.07928e-05 4.61181e-07 
2.16628e-13 4.62368e-12 1.01581e-10 6.55773e-09 1.91381e-07 1.11589e-05 6.98286e-05 0.00310333 0.938298 0.0585173 
7.33846e-10 1.57223e-08 2.79608e-07 1.13588e-05 0.000435143 0.00158939 0.00818036 0.0299751 0.0659111 0.893897 
1.8216e-11 3.75375e-10 1.87845e-08 2.42937e-07 1.81859e-06 3.61927e-05 7.64384e-05 0.000662019 0.00310509 0.996118 
1.81568e-09 4.3068e-08 8.06269e-06 2.03034e-05 0.000799178 0.002659 0.0101691 0.0255628 0.0533508 0.907431 
4.04634e-07 7.93303e-06 0.000109145 0.00317045 0.0146195 0.783614 0.136207 0.0529175 0.00855175 0.000802211 
3.55977e-09 8.46299e-08 1.46858e-05 0.000130274 0.00180196 0.0158185 0.300291 0.638551 0.0334671 0.00992549 
5.63074e-11 1.16624e-09 5.29147e-08 8.96156e-07 1.08512e-05 0.000614985 0.00309491 0.160191 0.0492209 0.786866 
1.33512e-36 1.11843e-32 1.64258e-28 1.95645e-24 2.37869e-20 7.47774e-16 7.61588e-12 2.08055e-07 0.000795737 0.999204 
3.92458e-10 8.50307e-09 2.93411e-07 7.42395e-06 0.00040211 0.00209701 0.00917846 0.0460956 0.893583 0.0486357 
3.59632e-10 7.61477e-09 1.96609e-07 5.45058e-06 0.000162999 0.00116154 0.00319363 0.0128017 0.857451 0.125223 
9.42936e-10 1.98445e-08 2.50443e-07 9.2166e-06 0.000478224 0.00186535 0.0101008 0.0324571 0.877667 0.0774222 
5.67863e-10 1.20082e-08 1.87948e-07 7.7755e-06 0.000234883 0.000612138 0.00247763 0.00896202 0.041563 0.946142 
1.73497e-10 3.58288e-09 1.72793e-07 2.48115e-06 2.28683e-05 0.00101783 0.00512937 0.0278153 0.905077 0.0609349 
2.01341e-07 4.05317e-06 5.38863e-05 0.00226792 0.0240716 0.759556 0.0963188 0.0808297 0.030051 0.00684626 
2.14244e-10 4.45234e-09 2.06037e-07 3.44169e-06 0.000120465 0.00148951 0.00286139 0.0145594 0.0520323 0.928933 
1.14381e-10 2.36004e-09 1.15569e-07 1.58515e-06 1.29211e-05 0.000428831 0.000372043 0.0010617 0.00516528 0.992958 
0.003303 0.0390214 0.854214 0.0834634 0.019461 0.000523161 1.3327e-05 1.81656e-07 1.36414e-09 1.92638e-11 
8.9244e-10 1.88694e-08 2.98573e-07 1.21423e-05 0.000269182 0.00203353 0.00836614 0.833407 0.106523 0.0493885 
2.25923e-09 5.95195e-08 1.87549e-05 3.29757e-05 0.000970035 0.00683469 0.0427615 0.864142 0.0630502 0.0221898 
1.01123e-08 2.36133e-07 1.57085e-05 0.000131874 0.00136748 0.00783845 0.0336684 0.0872821 0.748867 0.120828 
3.26842e-10 7.13298e-09 1.84531e-07 2.58997e-05 0.00796656 0.780023 0.0567167 0.0645326 0.0598669 0.0308685 
9.62084e-15 2.05324e-13 3.26698e-12 3.78371e-10 4.41403e-08 1.67191e-06 3.77108e-05 0.00225919 0.479514 0.518188 
1.48825e-08 3.6403e-07 1.79029e-05 0.000284821 0.00398571 0.117747 0.6764 0.177804 0.018996 0.00476365 
7.38719e-11 1.54509e-09 6.38416e-08 1.36221e-06 3.30973e-05 0.00109427 0.00329069 0.0225363 0.769756 0.203288 
1.15402e-10 2.38715e-09 1.12151e-07 1.72777e-06 1.81915e-05 0.000700641 0.000911207 0.00807842 0.0429357 0.947354 
5.42461e-10 1.15922e-08 1.97901e-07 8.31218e-06 0.000372135 0.00171616 0.00942888 0.0476462 0.893185 0.0476428 
1.58018e-12 3.25124e-11 1.66503e-09 1.97286e-08 1.21711e-07 2.24472e-06 2.03492e-05 0.00100833 0.01975 0.979219 
7.48625e-10 1.58056e-08 2.08249e-07 1.14856e-05 0.000671392 0.00434021 0.0163977 0.051179 0.0815141 0.845886 
7.55036e-34 2.26514e-30 1.28562e-26 7.62343e-23 2.77157e-19 3.08261e-15 2.06243e-11 9.44158e-07 0.000935969 0.999063 
4.92322e-10 1.0565e-08 1.90725e-07 7.96717e-06 0.000398334 0.00160108 0.00918022 0.039503 0.0870456 0.862264 
9.74385e-11 2.01164e-09 9.75691e-08 1.37678e-06 1.22055e-05 0.000416483 0.000641539 0.00472916 0.0171652 0.977034 
1.05996e-07 2.1417e-06 1.97082e-05 0.00115632 0.00561521 0.0361291 0.770601 0.143922 0.0362449 0.0063095 
1.58282e-05 0.000331217 0.00166975 0.016671 0.22782 0.207932 0.51284 0.0278494 0.00455027 0.000320992 
1.30449e-09 3.62307e-08 1.38957e-05 2.23092e-05 0.00125042 0.0197216 0.576464 0.328204 0.0534742 0.0208493 
7.5104e-10 1.59748e-08 3.16066e-07 1.13092e-05 0.000421877 0.00237068 0.00980097 0.0499935 0.885416 0.0519858 
2.24777e-09 4.70037e-08 5.13903e-07 1.85122e-05 0.000548806 0.00557423 0.0272875 0.814162 0.10619 0.0462175 
8.00653e-11 1.65663e-09 7.73164e-08 1.21017e-06 1.26832e-05 0.000516289 0.000613805 0.00437302 0.925461 0.0690224 
1.03594e-09 2.36115e-08 2.76681e-06 1.55457e-05 0.000524353 0.00180779 0.00877718 0.0317329 0.0742495 0.88289 
0.000181377 0.00368318 0.00184944 0.0156798 0.0592556 0.719276 0.186751 0.0109566 0.00230942 5.86306e-05 
1.8823e-10 3.88978e-09 1.85563e-07 2.74055e-06 2.60668e-05 0.000974935 0.00108668 0.00756581 0.0403164 0.950027 
8.24006e-40 1.89178e-35 5.58903e-31 2.25648e-26 1.33311e-21 7.71504e-17 1.03106e-12 3.80737e-08 0.000131094 0.999869 
6.82092e-11 1.40997e-09 7.2724e-08 1.31544e-06 3.688e-05 0.00186862 0.019029 0.899286 0.0528179 0.0269598 
1.11713e-10 2.30703e-09 1.11054e-07 1.59849e-06 1.4625e-05 0.000553479 0.00118049 0.0111528 0.92262 0.0644771 
1.88144e-07 3.69642e-06 7.7413e-05 0.00206157 0.00747808 0.0388848 0.0848517 0.828762 0.0315742 0.00630594 
5.77147e-10 1.21374e-08 1.47052e-07 7.27864e-06 9.41116e-05 0.000725976 0.00176477 0.00734251 0.0455398 0.944525 
5.84778e-10 1.2503e-08 2.13469e-07 9.22745e-06 0.00047241 0.00246268 0.0143496 0.0607089 0.876079 0.0459184 
7.62829e-07 1.46824e-05 0.000508653 0.00543178 0.019687 0.0519082 0.788894 0.106543 0.0251015 0.00191035 
7.96489e-11 1.65365e-09 7.25382e-08 1.32563e-06 1.67028e-05 0.000777134 0.000745608 0.00720237 0.0384076 0.952849 
1.91712e-10 3.95281e-09 1.95771e-07 2.59533e-06 2.0677e-05 0.000686858 0.00148967 0.0103944 0.0454728 0.941933 
1.10084e-10 2.26299e-09 1.17777e-07 1.3411e-06 6.39459e-06 3.52954e-05 0.000341214 0.00111036 0.00188768 0.996618 
4.77622e-09 1.18303e-07 2.9147e-05 6.77291e-05 0.00279572 0.0200923 0.783591 0.127544 0.0505729 0.0153063 
1.06669e-06 2.38475e-05 0.000336116 0.00645925 0.133118 0.809601 0.041759 0.0076718 0.000995723 3.44001e-05 
