11563
1.73855e-12 4.04601e-11 1.80729e-09 9.34438e-08 9.13012e-07 0.000207333 0.000915051 0.00405364 0.0124728 0.98235 
2.30276e-15 5.26159e-14 2.02466e-12 5.41497e-10 8.48388e-08 4.51287e-06 0.0002668 0.00275029 0.0123267 0.984652 
1.73251e-12 4.00838e-11 1.65362e-09 1.26766e-07 9.9279e-06 0.00122699 0.00715694 0.0325292 0.941618 0.0174592 
4.09103e-10 9.07892e-09 5.30358e-08 2.26061e-06 0.000585739 0.00379797 0.0151737 0.699259 0.276338 0.00484329 
9.89203e-06 0.000220985 0.00147998 0.209311 0.400128 0.373813 0.0122234 0.00186153 0.000945179 6.5468e-06 
2.48085e-16 5.58097e-15 1.53238e-13 7.88409e-11 2.83374e-08 8.61583e-07 8.45818e-06 0.00127229 0.00920897 0.989509 
1.98394e-15 4.48814e-14 1.21376e-12 2.09183e-10 4.88488e-08 2.67356e-06 0.000238852 0.00134292 0.00617599 0.99224 
2.80077e-10 6.21321e-09 3.14884e-08 1.23235e-06 0.000365422 0.000926702 0.00436466 0.0114709 0.0214251 0.961446 
5.38373e-08 1.30318e-06 3.49092e-05 0.00214188 0.0135054 0.0379369 0.934309 0.0104388 0.00161271 1.89353e-05 
2.29628e-12 5.30297e-11 2.07864e-09 1.37866e-07 4.44393e-06 0.000693533 0.0023757 0.0106615 0.953436 0.032829 
3.50638e-12 8.00982e-11 2.43121e-09 2.19225e-07 7.09406e-05 0.00102432 0.0035266 0.0154135 0.0208439 0.95912 
8.66866e-09 2.12761e-07 1.23766e-05 0.00123218 0.00905412 0.0356043 0.93097 0.0168903 0.0052302 0.00100614 
4.96634e-10 1.10236e-08 7.53225e-08 6.85388e-05 0.000750558 0.00904562 0.940404 0.0333566 0.0128108 0.00356354 
5.63571e-16 1.28915e-14 5.32589e-13 1.34372e-10 4.2196e-08 1.26928e-06 0.000111715 0.00124566 0.00253388 0.996107 
6.86364e-08 1.65255e-06 0.000111391 0.00158247 0.00643749 0.018856 0.0360272 0.93165 0.00504389 0.000290328 
1.36701e-12 3.16259e-11 1.29151e-09 8.55013e-08 1.19566e-06 0.000589312 0.00199577 0.0101822 0.96817 0.0190617 
7.8848e-09 1.95837e-07 1.27613e-05 0.00048094 0.00110339 0.0077299 0.019973 0.0350876 0.932269 0.0033431 
2.51187e-17 5.61724e-16 1.01223e-14 5.51239e-12 1.20428e-09 8.63183e-08 5.03394e-06 0.000589548 0.496216 0.503189 
3.4094e-16 7.71651e-15 2.64462e-13 1.16266e-10 4.61982e-08 1.21181e-06 4.25103e-05 0.00166365 0.963993 0.0342998 
1.92919e-10 4.28142e-09 2.48384e-08 9.14964e-07 0.00019563 0.00128947 0.00400702 0.950727 0.0304554 0.0133249 
9.69292e-06 0.000250313 0.00225218 0.869883 0.0707406 0.0399037 0.0160206 0.000903506 3.58819e-05 9.1993e-07 
1.81701e-08 3.99471e-07 1.74368e-05 0.000839129 0.0013354 0.00951758 0.0222542 0.952568 0.0113213 0.00214656 
1.03868e-07 2.46118e-06 0.000124775 0.00185901 0.00965777 0.0267164 0.934693 0.0251233 0.00181371 9.40113e-06 
1.59497e-13 3.59157e-12 7.92953e-11 1.78623e-08 3.89681e-07 0.000233853 0.00115324 0.00927537 0.977696 0.0116415 
9.13402e-11 2.02958e-09 1.5096e-08 5.2653e-07 2.35907e-05 0.00118616 0.00313413 0.0159937 0.967413 0.0122487 
3.81963e-10 8.47026e-09 4.41213e-08 1.93396e-06 0.000426092 0.00391939 0.0192969 0.955312 0.0167755 0.00426823 
1.38208e-07 3.3941e-06 0.000191328 0.00338925 0.0172168 0.932631 0.0360708 0.00902291 0.00146622 7.86845e-06 
1.76055e-11 3.93394e-10 5.18562e-09 3.35808e-07 3.62976e-05 0.00102642 0.0037683 0.0130182 0.702713 0.279438 
1.59491e-12 3.69802e-11 1.60611e-09 1.08856e-07 2.15095e-06 0.00167585 0.947172 0.0239269 0.0178047 0.00941853 
8.81149e-16 2.00107e-14 7.33914e-13 3.26668e-10 6.44477e-08 2.74362e-06 0.000293369 0.00277438 0.69475 0.30218 
3.02527e-12 6.95444e-11 2.68955e-09 1.61973e-07 1.75908e-06 0.000545402 0.00215044 0.956532 0.0248376 0.0159322 
3.33452e-12 7.619e-11 2.72434e-09 1.77854e-07 2.06624e-06 0.000565209 0.0026631 0.0163911 0.96236 0.0180185 
3.79442e-10 8.42072e-09 4.86965e-08 2.02991e-06 0.000530932 0.00297195 0.0107025 0.0247126 0.953147 0.00793301 
1.9298e-10 4.28742e-09 3.21134e-08 1.47634e-06 0.000251606 0.00364882 0.0127525 0.498114 0.4818 0.00343187 
1.51398e-15 3.45492e-14 1.29714e-12 2.75804e-10 7.83592e-08 2.98103e-06 0.00030205 0.00206965 0.00604881 0.991576 
6.56205e-12 1.46893e-10 1.71029e-09 9.55296e-08 2.87761e-06 0.000671731 0.00259212 0.0147163 0.966989 0.0150275 
3.45527e-13 7.90309e-12 2.90401e-10 1.76352e-08 2.68299e-07 1.71291e-05 0.000371425 0.00325336 0.00800441 0.988353 
1.39567e-13 3.6339e-12 3.39563e-10 1.13513e-08 1.21519e-07 8.10425e-06 0.000306943 0.00299732 0.013133 0.983554 
6.14402e-16 1.39724e-14 4.9647e-13 1.47022e-10 3.65903e-08 1.60014e-06 0.000140466 0.0035903 0.693235 0.303033 
4.24797e-10 9.50782e-09 9.38201e-08 0.000138656 0.00222677 0.943026 0.0312445 0.0143737 0.00591717 0.00307297 
1.22857e-15 2.80043e-14 1.0316e-12 2.45801e-10 7.39672e-08 2.91018e-06 0.000261932 0.00275299 0.970398 0.0265843 
0.000102655 0.00202159 0.00548977 0.023657 0.0502742 0.909886 0.00840993 0.000157241 1.20861e-06 5.64378e-09 
6.33472e-11 1.41117e-09 1.37556e-08 7.39729e-07 6.72458e-05 0.00181417 0.481815 0.498512 0.0130306 0.00476018 
5.73822e-12 1.31132e-10 4.4102e-09 4.81736e-07 0.000145658 0.00189442 0.00718433 0.954305 0.027033 0.00943683 
3.28595e-12 7.54145e-11 2.85625e-09 1.79997e-07 3.67708e-06 0.000731079 0.00497249 0.954848 0.0256448 0.0137994 
2.81654e-10 6.25571e-09 6.36583e-08 0.000114933 0.000987569 0.0143667 0.945605 0.0266514 0.00933262 0.00294125 
7.09906e-34 1.13169e-29 8.35589e-26 7.0451e-22 7.17982e-18 4.60826e-14 2.21033e-10 3.06657e-05 0.000483519 0.999486 
3.93627e-11 8.74935e-10 5.64199e-09 2.62992e-07 4.76876e-05 0.00088262 0.00299166 0.0142645 0.963208 0.0186048 
2.6647e-11 5.93081e-10 4.76097e-09 2.4095e-07 3.7061e-05 0.000868642 0.00475669 0.957621 0.0245035 0.0122133 
5.29437e-08 1.32942e-06 2.25302e-05 0.00177886 0.00992904 0.924364 0.0473592 0.014611 0.00190768 2.64915e-05 
1.10653e-15 2.52329e-14 9.58365e-13 2.47923e-10 8.73661e-08 3.01412e-06 0.00031537 0.00368573 0.97257 0.0234263 
3.10898e-12 7.14076e-11 2.71782e-09 1.72263e-07 1.90135e-06 0.000768266 0.00519774 0.954903 0.0247955 0.0143337 
3.54194e-12 8.13476e-11 3.35475e-09 4.07916e-07 0.000123793 0.00181898 0.00852623 0.96273 0.0188975 0.00790347 
4.29207e-06 9.4962e-05 7.93597e-05 0.00256345 0.018362 0.933177 0.0336126 0.0096329 0.00243066 4.27309e-05 
5.96274e-06 0.000131893 0.000147674 0.00796074 0.904615 0.0419793 0.0322641 0.0100441 0.0028114 3.94691e-05 
2.72763e-12 6.28586e-11 2.49024e-09 1.52433e-07 1.73676e-06 0.000596748 0.00210872 0.0124839 0.973483 0.0113261 
9.61998e-05 0.00109156 0.0061192 0.131969 0.848693 0.0106284 0.0013366 6.53304e-05 3.99201e-07 2.41063e-09 
6.77948e-09 1.66249e-07 1.04871e-05 0.00297556 0.898218 0.0351317 0.033195 0.0172648 0.00928799 0.00391625 
1.69275e-12 3.92694e-11 1.69738e-09 9.07332e-08 9.39433e-07 0.000158488 0.000814221 0.00442055 0.206452 0.788154 
3.3742e-16 7.49593e-15 6.69101e-14 5.42597e-11 7.78568e-10 5.59644e-07 2.75463e-06 0.00029773 0.978114 0.0215845 
1.68336e-16 3.81179e-15 1.20506e-13 4.11679e-11 1.3592e-08 5.10024e-07 2.38571e-05 0.000472968 0.00422972 0.995273 
3.09664e-12 7.15611e-11 2.9316e-09 1.73794e-07 1.98146e-06 0.00065606 0.00287336 0.015446 0.965973 0.0150491 
8.20759e-12 1.84681e-10 3.36914e-09 1.82023e-07 1.22369e-05 0.000413922 0.00171902 0.00787465 0.0172901 0.97269 
0.000153472 0.00143984 0.0081351 0.753276 0.20827 0.0254994 0.00318562 3.83056e-05 1.5912e-06 6.84214e-09 
8.93975e-08 2.05615e-06 0.000102785 0.0018233 0.0161449 0.944726 0.0313704 0.00477112 0.00105439 4.99358e-06 
3.34644e-10 7.44668e-09 4.96109e-08 1.94208e-06 0.000652302 0.00345349 0.0172692 0.952041 0.0206624 0.00591954 
0.000144014 0.00295386 0.0108673 0.657679 0.305799 0.0206896 0.00177907 8.76724e-05 3.1295e-07 2.34926e-09 
1.42082e-15 3.2424e-14 1.22374e-12 2.75634e-10 7.29214e-08 3.03305e-06 0.000273499 0.00247695 0.00969388 0.987553 
2.72365e-10 6.0436e-09 3.42506e-08 1.55972e-06 0.000472617 0.00306182 0.013225 0.968398 0.0119628 0.00287823 
1.64526e-16 3.7545e-15 1.53462e-13 4.90877e-11 1.59863e-08 3.95618e-07 2.06824e-05 0.00062469 0.0015374 0.997817 
1.48567e-16 3.36428e-15 1.07331e-13 3.54278e-11 1.21797e-08 3.45689e-07 3.25559e-06 0.000475951 0.983761 0.0157595 
0.000126053 0.00332664 0.00695072 0.0162431 0.035939 0.927927 0.00902725 0.000458901 9.54839e-07 1.13177e-08 
8.65096e-16 1.97041e-14 7.18918e-13 1.84564e-10 5.58339e-08 2.06412e-06 0.000152949 0.001982 0.0107644 0.987098 
1.68748e-10 3.74429e-09 1.87107e-08 9.80462e-07 0.000413113 0.0020769 0.942317 0.0317082 0.016577 0.00690682 
7.55699e-13 1.74293e-11 7.05386e-10 3.91483e-08 5.08585e-07 6.62538e-05 0.000837642 0.00548376 0.969848 0.0237636 
1.67581e-10 3.72974e-09 4.01771e-08 3.4326e-05 0.00389556 0.925131 0.0287143 0.0282837 0.0109749 0.00296567 
2.56489e-05 0.00116706 0.0992474 0.363121 0.518031 0.013968 0.00372424 0.00065396 6.14732e-05 7.77766e-08 
1.07992e-08 2.57575e-07 1.1252e-05 0.000618836 0.00121044 0.0132303 0.945196 0.0282992 0.00916551 0.00226774 
2.72583e-12 6.23372e-11 2.24447e-09 1.49244e-07 1.79818e-06 0.00060404 0.0022243 0.0135266 0.96129 0.0223531 
2.10634e-12 4.97059e-11 3.30136e-09 3.98681e-07 0.000216739 0.00171384 0.00534485 0.015678 0.967498 0.00954827 
9.02882e-07 0.00013501 0.000671366 0.00880624 0.0202836 0.923162 0.0378787 0.00849913 0.000560461 2.70289e-06 
2.91514e-10 6.46563e-09 3.24251e-08 1.39438e-06 0.00037445 0.00228426 0.0101978 0.685861 0.293346 0.00793488 
1.56762e-08 3.59239e-07 4.7982e-06 0.000931981 0.0030025 0.0901635 0.80685 0.0932274 0.00541019 0.000409457 
1.07019e-15 2.44219e-14 9.27194e-13 2.14525e-10 6.23152e-08 2.34508e-06 0.000202074 0.0022546 0.0110085 0.986532 
1.02292e-13 2.62002e-12 2.24161e-10 8.52073e-09 1.3801e-07 0.000102012 0.000289644 0.00216902 0.492115 0.505324 
2.9138e-17 6.47624e-16 6.40511e-15 4.87125e-12 8.39705e-11 1.01742e-07 1.79167e-06 0.000127372 0.00169478 0.998176 
9.10873e-11 2.02552e-09 1.68706e-08 6.14383e-07 2.36422e-05 0.00156704 0.00487907 0.0193485 0.954985 0.0191961 
1.61681e-17 3.59232e-16 3.33189e-15 2.62059e-12 4.28502e-11 6.19408e-08 9.56797e-08 0.000194108 0.748545 0.251261 
4.04925e-08 1.0425e-06 5.24473e-05 0.00140454 0.00475183 0.920033 0.0532166 0.0182294 0.00227319 3.79308e-05 
8.28853e-10 1.90346e-08 2.04779e-07 1.99895e-05 0.000985739 0.00513427 0.0187568 0.821511 0.148681 0.0049109 
2.32269e-12 5.36088e-11 2.18448e-09 1.20885e-07 1.48412e-06 0.000371584 0.0020128 0.010201 0.0211689 0.966244 
0.000193147 0.00808955 0.041089 0.908038 0.0313223 0.0082639 0.00254431 0.00045295 6.53395e-06 2.73621e-08 
9.06862e-10 3.32146e-08 8.3222e-06 0.000123462 0.0010378 0.00612281 0.0179055 0.958285 0.0132609 0.00325664 
1.35044e-08 3.4277e-07 2.12704e-05 0.000820855 0.00132116 0.0095679 0.0228006 0.94951 0.0130501 0.00290723 
7.63167e-15 1.84375e-13 1.07131e-11 6.12792e-10 8.90301e-08 2.34382e-05 0.000310887 0.00250422 0.969318 0.0278434 
3.9992e-10 8.86306e-09 4.01147e-08 1.30771e-06 0.000262332 0.00112173 0.0033473 0.0129734 0.970661 0.0116329 
3.1873e-08 7.50681e-07 3.59049e-05 0.00131276 0.00750279 0.391333 0.353613 0.242777 0.0030707 0.0003539 
9.3109e-16 2.12246e-14 7.94719e-13 2.02326e-10 6.12704e-08 2.19248e-06 0.000171662 0.00316111 0.976748 0.0199169 
2.44212e-15 5.93338e-14 3.86119e-12 3.6848e-10 7.99634e-08 2.9758e-06 0.000251235 0.00363432 0.968316 0.0277952 
1.28613e-13 2.85812e-12 2.68868e-11 2.1204e-08 3.96536e-07 0.000331777 0.00127991 0.00839309 0.973712 0.0162826 
9.29747e-08 2.16384e-06 0.000105981 0.00294625 0.0225035 0.932335 0.0340642 0.00664231 0.00138247 1.84436e-05 
1.3285e-05 0.00037387 0.00214674 0.0145102 0.0404207 0.925211 0.0164579 0.000854776 1.0959e-05 5.68178e-08 
4.69994e-10 1.04316e-08 5.8e-08 2.37907e-06 0.000596631 0.00716896 0.938752 0.0354677 0.0143774 0.00363523 
1.00482e-07 2.46385e-06 3.15575e-05 0.00261373 0.0108047 0.0326673 0.936979 0.0147739 0.00209624 3.08925e-05 
1.00152e-07 2.34948e-06 0.000123683 0.00260322 0.0108242 0.030929 0.937764 0.0162736 0.00146552 1.40868e-05 
5.64534e-16 1.29248e-14 5.15426e-13 8.71168e-11 2.78592e-08 1.15264e-06 0.000150548 0.000299835 0.00144983 0.998099 
7.2224e-10 1.60185e-08 5.29615e-08 2.49614e-06 0.000426948 0.0080785 0.945737 0.0296767 0.0125408 0.00353787 
7.13158e-17 1.6206e-15 5.25996e-14 1.20393e-11 2.8515e-09 2.0904e-07 1.85228e-05 0.000149475 0.000650215 0.999182 
3.19998e-13 7.31947e-12 2.69086e-10 1.62515e-08 2.14916e-07 1.56797e-05 0.00032968 0.00262429 0.0104737 0.986556 
3.67823e-10 8.15705e-09 4.00436e-08 1.72994e-06 0.000576927 0.00312875 0.93787 0.0347848 0.0177237 0.00591383 
3.55911e-12 8.24289e-11 3.87448e-09 4.42636e-07 0.000151678 0.00374517 0.918121 0.0412303 0.025205 0.0115461 
1.03178e-12 2.41073e-11 1.11163e-09 6.00043e-08 7.90251e-07 0.000347121 0.00130986 0.00869648 0.0199076 0.969738 
1.11481e-12 2.63218e-11 1.34294e-09 6.63328e-08 1.13395e-06 0.000370906 0.00141505 0.00693666 0.0185188 0.972757 
2.28428e-08 5.25473e-07 1.95492e-05 0.0014256 0.0129139 0.927828 0.0418257 0.0133733 0.00257512 3.83926e-05 
1.30802e-12 3.02211e-11 1.36967e-09 2.28074e-07 9.29248e-05 0.00134038 0.216274 0.437622 0.340099 0.00457196 
1.09546e-13 2.67467e-12 1.6406e-10 1.24353e-08 2.75505e-07 0.000182583 0.000675566 0.00464369 0.93582 0.0586777 
2.16628e-08 4.7413e-07 2.52188e-05 0.000506177 0.00276613 0.01207 0.958864 0.020114 0.00528957 0.00036485 
3.59792e-13 8.85801e-12 5.86919e-10 3.72297e-08 5.20592e-07 0.000313013 0.00154109 0.0102429 0.975967 0.0119352 
1.49613e-12 3.46202e-11 1.45431e-09 7.65223e-08 8.37786e-07 0.000156999 0.00100298 0.00575081 0.0180523 0.975036 
7.07844e-34 1.12918e-29 8.34045e-26 7.03909e-22 7.19888e-18 4.62506e-14 2.38956e-10 2.72612e-05 0.000258761 0.999714 
1.89882e-15 4.33567e-14 1.65765e-12 3.63579e-10 9.85042e-08 4.04373e-06 0.00038411 0.00323128 0.0149565 0.981424 
2.10378e-14 4.72506e-13 1.00451e-11 2.52901e-09 2.48541e-07 0.000197318 0.000521844 0.00302989 0.0122541 0.983997 
3.90912e-15 8.82471e-14 2.29889e-12 6.42095e-10 1.08015e-07 2.87525e-06 0.000348515 0.00240243 0.00392473 0.993321 
7.21376e-35 5.67343e-31 3.51253e-27 2.72899e-23 2.41174e-19 3.22094e-15 4.73983e-12 1.09785e-06 0.000251061 0.999748 
4.92063e-08 1.11384e-06 9.49691e-05 0.000907169 0.005412 0.0142973 0.0254538 0.0237912 0.929512 0.000530263 
1.7009e-07 4.18769e-06 0.000239404 0.00306531 0.0184253 0.0377367 0.934965 0.00456694 0.000992518 4.92174e-06 
7.81148e-17 1.74299e-15 2.45359e-14 1.32261e-11 9.34332e-10 2.45736e-07 1.36649e-06 0.000355794 0.00656343 0.993079 
4.8382e-06 0.000301276 0.00257861 0.0132779 0.0324772 0.933795 0.0165997 0.000940431 2.45291e-05 9.19759e-08 
7.27359e-08 1.75434e-06 0.000125502 0.00216488 0.0169829 0.932083 0.0366448 0.0100391 0.00192513 3.27772e-05 
2.20629e-14 4.90776e-13 5.07029e-12 3.59515e-09 1.11008e-07 2.91562e-05 0.000398821 0.00292083 0.0129345 0.983717 
3.16425e-10 7.02189e-09 4.06166e-08 1.51251e-06 0.000283717 0.00199757 0.00641752 0.95731 0.0235367 0.0104526 
2.65316e-05 0.000673658 0.00343604 0.0179376 0.934688 0.0289614 0.0124702 0.00168872 0.00011594 2.05065e-06 
3.20714e-10 7.1134e-09 3.74267e-08 1.68413e-06 0.000478883 0.00641642 0.941572 0.0331549 0.0140405 0.00433591 
1.08841e-14 2.71807e-13 2.05966e-11 1.62179e-09 1.18041e-07 4.93154e-05 0.000318531 0.00253312 0.976559 0.0205395 
1.63312e-12 3.80449e-11 2.00336e-09 2.10416e-07 7.51624e-05 0.00180603 0.943473 0.0277928 0.0179848 0.00886837 
1.63079e-12 3.72764e-11 1.37052e-09 1.07385e-07 1.77058e-06 0.000719735 0.0034141 0.015888 0.0283197 0.951657 
4.4327e-16 1.00922e-14 3.53334e-13 7.99565e-11 2.08712e-08 1.02294e-06 9.00414e-05 0.000878001 0.00476263 0.994268 
5.86043e-09 1.32627e-07 7.7777e-07 8.56235e-05 0.000731949 0.00823824 0.934562 0.0373185 0.0149315 0.0041313 
2.43057e-09 7.62738e-08 1.46508e-05 0.000586168 0.00870348 0.937924 0.0312471 0.0146945 0.00505009 0.00177993 
1.18243e-15 2.69854e-14 1.02487e-12 2.35194e-10 6.70246e-08 2.58307e-06 0.000229376 0.00215626 0.00943943 0.988172 
2.00509e-09 4.79191e-08 1.15165e-06 0.000219833 0.00132131 0.0151877 0.957209 0.0190031 0.00605645 0.00100185 
2.33323e-18 5.18404e-17 4.77411e-16 3.8204e-13 7.20023e-12 6.14803e-09 3.02768e-08 4.06196e-05 0.00186543 0.998094 
6.48587e-08 1.54065e-06 3.21394e-05 0.00138886 0.010664 0.0380297 0.92459 0.0200599 0.00509842 0.000135199 
0.000140868 0.000609708 0.00438894 0.0192528 0.906716 0.0522594 0.015839 0.000786398 7.19405e-06 2.62692e-08 
1.85904e-13 4.83043e-12 4.46598e-10 1.50644e-08 1.5189e-07 9.94823e-06 0.000444015 0.00291085 0.011961 0.984674 
9.40696e-16 2.14607e-14 8.05601e-13 1.85421e-10 5.01857e-08 2.04845e-06 0.000177317 0.00176219 0.00628391 0.991774 
7.79886e-16 1.77891e-14 6.5755e-13 1.46226e-10 3.23015e-08 1.66064e-06 0.000152845 0.00137506 0.0105779 0.987892 
2.01846e-08 4.91104e-07 1.87116e-05 0.00132075 0.00721676 0.0374318 0.930462 0.0198114 0.00366193 7.62739e-05 
1.28408e-15 2.93437e-14 1.17132e-12 2.823e-10 8.82801e-08 2.8789e-06 0.000263201 0.00287089 0.976122 0.0207412 
3.06019e-08 7.45444e-07 4.3083e-05 0.00170002 0.863118 0.062672 0.0482721 0.0187049 0.00456169 0.000927685 
1.05844e-13 2.3523e-12 2.22177e-11 1.73273e-08 3.99786e-07 0.000196217 0.000900784 0.0063283 0.0152408 0.977333 
9.50153e-06 0.000261943 0.00121646 0.0858731 0.860362 0.0489265 0.00293722 0.000370176 4.25201e-05 5.01055e-07 
3.44018e-12 7.92411e-11 3.11897e-09 1.8376e-07 2.49368e-06 0.000591723 0.00288434 0.012741 0.0245499 0.95923 
5.80291e-16 1.32332e-14 5.09524e-13 1.38596e-10 4.40081e-08 1.3655e-06 9.89917e-05 0.00140214 0.00868187 0.989816 
5.72609e-14 1.29985e-12 2.80315e-11 8.83301e-09 1.5449e-07 0.000136013 0.000506175 0.00457571 0.498549 0.496233 
2.28888e-13 5.65294e-12 3.79342e-10 2.40098e-08 4.69656e-07 0.000437668 0.00129873 0.960786 0.0236724 0.0138043 
2.44933e-12 5.599e-11 2.01627e-09 1.29677e-07 1.469e-06 0.000339536 0.00206903 0.0126587 0.971025 0.0139056 
1.74402e-12 3.9806e-11 1.38296e-09 9.93843e-08 1.24703e-06 0.000537405 0.00185923 0.0120026 0.970704 0.0148955 
1.26721e-07 2.90653e-06 0.000149142 0.0028047 0.0130148 0.487203 0.0338272 0.461922 0.00107106 5.31026e-06 
1.89112e-06 0.000208892 0.00142723 0.0104395 0.0285895 0.93541 0.0211389 0.00241253 0.000370386 1.00977e-06 
4.24367e-08 1.02217e-06 3.17931e-05 0.00215224 0.00996513 0.0349541 0.934856 0.0148721 0.00311932 4.79943e-05 
2.31679e-08 4.93844e-07 2.05787e-05 0.000957031 0.00845471 0.925674 0.0404162 0.0192688 0.00490229 0.000306334 
1.2035e-12 2.74411e-11 9.28341e-10 7.51519e-08 1.13522e-06 0.000570532 0.002001 0.0139176 0.967039 0.0164711 
1.28454e-08 3.15559e-07 1.82663e-05 0.000719955 0.00197419 0.0111462 0.0276075 0.94355 0.0124866 0.00249728 
2.79202e-08 7.49069e-07 9.392e-06 0.000828078 0.00239044 0.00675852 0.0162182 0.959501 0.0122451 0.00204846 
0.390073 0.418612 0.179318 0.0109184 0.0010713 7.31392e-06 1.00875e-07 3.03144e-10 3.25047e-13 8.39592e-16 
2.83963e-10 6.30762e-09 4.50223e-08 3.82204e-06 0.000353918 0.00687686 0.933593 0.0379871 0.0157528 0.00543286 
1.27175e-13 2.82636e-12 2.67353e-11 2.05875e-08 3.97923e-07 0.000368616 0.000749743 0.00708196 0.964342 0.0274577 
2.66839e-12 6.29667e-11 4.03693e-09 3.67945e-07 5.4955e-05 0.00142118 0.00595456 0.0167041 0.966534 0.00933061 
1.69744e-12 3.92173e-11 1.61248e-09 1.01492e-07 2.05513e-06 0.00195671 0.645907 0.334764 0.0111792 0.00619096 
1.27037e-11 2.84205e-10 4.04497e-09 1.85929e-07 3.27356e-06 0.000425087 0.00191709 0.00860977 0.968099 0.020946 
1.14717e-15 2.61697e-14 9.82189e-13 2.27182e-10 5.8516e-08 2.2015e-06 0.000162654 0.00231771 0.0109003 0.986617 
4.13559e-10 9.17534e-09 5.10777e-08 2.26392e-06 0.000615074 0.00600954 0.928383 0.0434757 0.0171585 0.00435635 
1.06433e-15 2.4275e-14 9.17876e-13 2.27358e-10 6.84491e-08 2.36555e-06 0.000182795 0.00227664 0.0114219 0.986116 
1.04099e-12 2.41419e-11 1.03999e-09 5.65311e-08 6.15013e-07 0.000199942 0.000514715 0.00341995 0.0125955 0.983269 
1.09657e-10 2.43502e-09 1.35564e-08 6.5413e-07 0.000272982 0.00128526 0.940949 0.0271793 0.0198743 0.0104389 
0.000123297 0.00730578 0.885456 0.0537957 0.034006 0.0128077 0.00603348 0.000459934 1.17973e-05 1.43313e-07 
1.14323e-16 2.55732e-15 4.26016e-14 1.91915e-11 1.66322e-09 4.00611e-07 1.29887e-05 0.000471621 0.00740048 0.992115 
1.08249e-09 2.72411e-08 2.10194e-06 0.00019322 0.00218223 0.223507 0.739596 0.0181322 0.0104899 0.00589729 
1.89504e-17 4.21122e-16 4.03501e-15 3.11703e-12 5.09472e-11 6.79453e-08 1.03439e-07 7.80163e-05 0.00062945 0.999292 
3.80234e-10 8.47251e-09 5.44434e-08 2.63502e-06 0.000435065 0.0025217 0.00584691 0.0191187 0.96033 0.0117448 
1.45941e-12 3.39473e-11 1.50606e-09 7.83408e-08 8.35136e-07 0.000246953 0.000969446 0.00403524 0.489369 0.505378 
1.29489e-15 2.94678e-14 1.01761e-12 2.372e-10 5.39708e-08 2.55474e-06 0.000232876 0.00203685 0.0116284 0.986099 
7.59264e-08 1.81092e-06 0.000151573 0.00162957 0.00649215 0.0123711 0.934815 0.0244356 0.0151521 0.00495057 
1.21104e-12 2.78256e-11 1.07139e-09 6.37189e-08 6.06002e-07 0.000138102 0.000497332 0.00305657 0.68583 0.310478 
2.57679e-11 5.76471e-10 6.776e-09 3.38935e-07 6.21595e-05 0.000635218 0.0026438 0.00896309 0.018425 0.96927 
2.06192e-12 4.78855e-11 2.05945e-09 1.22888e-07 1.49408e-06 0.000571299 0.00188913 0.0115248 0.973488 0.0125247 
5.32143e-17 1.21347e-15 4.17474e-14 4.67156e-12 1.38471e-10 3.09802e-08 1.01773e-06 4.00312e-05 0.00111054 0.998848 
2.51203e-12 5.84117e-11 2.62486e-09 1.46175e-07 1.67954e-06 0.000505655 0.00238736 0.0112875 0.97542 0.0103975 
7.442e-11 1.65509e-09 1.40504e-08 4.81247e-07 1.59656e-05 0.00130734 0.00559544 0.96322 0.0200012 0.00985977 
2.81916e-12 6.44199e-11 2.28899e-09 1.56145e-07 1.87499e-06 0.000719383 0.00358564 0.943675 0.034219 0.0177984 
0.00610021 0.863989 0.0436194 0.0427148 0.0268974 0.00980474 0.00569981 0.00104076 0.000132526 8.25878e-07 
1.52533e-16 3.41994e-15 8.61555e-14 5.46703e-11 1.97814e-08 6.13737e-07 5.00647e-06 0.00081445 0.0046062 0.994574 
4.94721e-08 1.11578e-06 6.89621e-05 0.00070809 0.00872199 0.915399 0.046213 0.022286 0.0063147 0.000287179 
1.99965e-12 4.67045e-11 3.34586e-09 4.15371e-07 9.56011e-05 0.00215797 0.0125243 0.961876 0.0166038 0.00674189 
2.80808e-12 6.46126e-11 2.54539e-09 1.41652e-07 1.62121e-06 0.00037741 0.00233305 0.00932871 0.964043 0.023916 
9.53708e-12 2.13594e-10 2.9963e-09 1.52266e-07 2.85336e-06 0.000398775 0.00200277 0.0119442 0.967501 0.0181505 
7.1784e-05 0.00287019 0.00612499 0.0302036 0.916479 0.0374187 0.00658891 0.000238257 4.23473e-06 1.91376e-08 
3.15332e-10 7.00133e-09 4.08273e-08 2.06743e-06 0.000652389 0.00406994 0.0202778 0.950759 0.0190023 0.00523691 
1.53683e-10 3.40713e-09 1.51699e-08 6.64136e-07 0.000264166 0.000860381 0.00355059 0.355365 0.629182 0.0107772 
1.90462e-13 4.73289e-12 3.34717e-10 2.12831e-08 4.36242e-07 0.000320596 0.00119098 0.0082206 0.968521 0.0217465 
1.13482e-15 2.59515e-14 9.97753e-13 1.64299e-10 4.55082e-08 2.13201e-06 0.000263689 0.000824752 0.00320498 0.995704 
1.21685e-15 2.77536e-14 1.02612e-12 2.29316e-10 6.22838e-08 2.80706e-06 0.00026352 0.00196797 0.0130439 0.984722 
4.83883e-08 1.11772e-06 7.67676e-05 0.00133866 0.00967371 0.614802 0.371928 0.00180064 0.000375289 3.88804e-06 
6.56138e-06 0.000145458 0.000268526 0.00579894 0.0206685 0.834148 0.125184 0.0110556 0.00267454 5.00661e-05 
2.40058e-12 5.61187e-11 2.88802e-09 2.11922e-07 5.87226e-05 0.000962513 0.00372636 0.0185366 0.959519 0.0171966 
4.91802e-12 1.11836e-10 3.15575e-09 4.24389e-07 0.000197221 0.00189014 0.00939831 0.96651 0.0151818 0.00682208 
2.731e-16 6.14543e-15 1.82144e-13 1.03701e-10 4.03371e-08 1.09351e-06 1.2248e-05 0.00149196 0.975004 0.0234907 
1.3995e-12 3.20243e-11 1.18015e-09 7.07938e-08 9.29868e-07 0.000173571 0.00122359 0.00591673 0.968571 0.0241145 
4.29259e-18 9.62291e-17 1.71858e-15 5.52598e-13 9.3299e-12 1.39712e-08 4.1669e-08 9.05128e-05 0.00374517 0.996164 
3.27917e-10 7.27702e-09 4.43394e-08 1.88049e-06 0.000404419 0.00410479 0.0155494 0.0381262 0.938009 0.00380438 
1.13598e-12 2.62218e-11 1.04732e-09 6.84396e-08 9.43538e-07 0.000504751 0.00347853 0.0152778 0.96908 0.0116582 
1.01527e-12 2.38058e-11 1.14013e-09 5.72866e-08 7.98909e-07 0.000344991 0.00103348 0.00507815 0.964544 0.0289982 
6.24338e-17 1.41096e-15 3.78187e-14 9.65753e-12 8.04027e-10 1.34595e-07 4.58637e-06 0.000557066 0.991501 0.00793764 
1.12647e-16 2.58035e-15 1.03706e-13 1.66962e-11 5.2998e-09 2.26138e-07 3.10042e-05 0.000125438 0.00298305 0.99686 
8.58534e-34 1.36977e-29 1.01179e-25 8.53975e-22 8.73598e-18 5.61282e-14 2.79547e-10 3.63019e-05 0.000509892 0.999454 
2.10732e-10 4.6697e-09 1.91794e-08 9.43834e-07 0.000395294 0.001775 0.00547212 0.0189802 0.961603 0.0117734 
9.01998e-11 2.00133e-09 1.13937e-08 4.655e-07 8.13651e-05 0.000827086 0.00262561 0.226747 0.76599 0.00372816 
5.02301e-13 1.18721e-11 6.11074e-10 2.82314e-08 3.70204e-07 0.000164252 0.000582619 0.00298775 0.0119927 0.984272 
1.18865e-09 2.93891e-08 1.97241e-06 0.000152508 0.000784242 0.00697818 0.0174832 0.0283886 0.94232 0.00389158 
1.22744e-08 2.89227e-07 9.20403e-06 0.000776089 0.000889531 0.00788251 0.016464 0.0202693 0.0173562 0.936353 
1.28277e-13 3.33393e-12 3.08594e-10 1.07517e-08 1.3778e-07 6.3104e-06 0.000489407 0.00315218 0.0120106 0.984341 
1.39316e-15 3.1805e-14 1.21524e-12 2.70901e-10 7.83321e-08 3.03063e-06 0.000287018 0.00240155 0.00994439 0.987364 
2.86039e-12 6.61185e-11 2.71285e-09 1.63215e-07 1.93885e-06 0.000731824 0.00292786 0.0164652 0.964309 0.0155643 
2.6212e-16 5.96188e-15 2.13923e-13 6.29436e-11 2.09303e-08 7.11966e-07 4.99284e-05 0.000698769 0.00666716 0.992583 
7.25272e-09 1.70116e-07 4.65752e-06 0.000297621 0.000889351 0.0069926 0.696735 0.288201 0.00611459 0.000765379 
9.00732e-14 2.0014e-12 1.86451e-11 1.4581e-08 2.41844e-07 0.000339272 0.000145999 0.0040804 0.986502 0.00893234 
1.16689e-13 2.62088e-12 4.82116e-11 1.60267e-08 4.08702e-07 0.000294811 0.00150393 0.0105672 0.96939 0.0182436 
2.41307e-07 5.39111e-06 8.02139e-05 0.00198458 0.0132433 0.746099 0.228081 0.00777387 0.0023701 0.000361804 
2.63153e-10 5.83401e-09 2.60225e-08 1.04948e-06 0.000302227 0.00140799 0.00635328 0.0245211 0.951326 0.0160885 
3.87104e-13 8.81964e-12 2.92072e-10 2.58121e-08 4.8488e-07 0.000171899 0.00133354 0.957937 0.0230785 0.0174786 
8.03725e-12 1.82316e-10 5.58448e-09 5.93387e-07 0.000180299 0.00236753 0.0112635 0.960776 0.0183199 0.0070921 
7.4762e-09 1.79675e-07 7.77359e-06 0.000316493 0.00115863 0.0153232 0.948272 0.0260703 0.00785444 0.000997152 
2.24337e-10 4.97757e-09 2.67628e-08 1.2177e-06 0.000364394 0.00312266 0.959552 0.0233565 0.010268 0.00333524 
2.08675e-12 4.78738e-11 1.7914e-09 1.18565e-07 1.55165e-06 0.000574767 0.00256701 0.0142719 0.968766 0.0138187 
2.12606e-12 4.8602e-11 1.75994e-09 1.07669e-07 1.18584e-06 0.000348307 0.00105814 0.00917449 0.972484 0.0169338 
5.73949e-06 0.000258895 0.00134474 0.00680466 0.897926 0.0539101 0.0315054 0.00657678 0.00166 7.95347e-06 
6.75591e-09 1.68213e-07 1.21797e-05 0.000662478 0.00236898 0.0220386 0.943358 0.0205201 0.00792327 0.00311601 
2.1632e-08 4.85825e-07 1.18158e-05 0.00138994 0.0103156 0.0422292 0.925377 0.0144974 0.00429911 0.00187926 
2.25369e-12 5.19443e-11 2.06665e-09 1.24336e-07 1.49293e-06 0.000425611 0.00193116 0.00873813 0.0166582 0.972245 
5.00902e-11 1.11796e-09 1.33141e-08 1.7659e-05 0.000154465 0.00199647 0.00688493 0.454747 0.53117 0.00502903 
3.58981e-26 2.06171e-23 2.85896e-20 9.9148e-18 1.54312e-15 4.21892e-12 2.71499e-09 1.00241e-06 6.40927e-05 0.999935 
2.93043e-10 6.50405e-09 3.93073e-08 1.57706e-06 0.000323737 0.00281026 0.0084814 0.0243314 0.954722 0.00932969 
7.44869e-05 0.00042087 0.00388357 0.0232549 0.923575 0.0375487 0.0107334 0.00050363 4.92828e-06 4.38292e-08 
1.14568e-06 5.55899e-05 0.000536091 0.0314203 0.0230429 0.601448 0.341523 0.00173596 0.000236328 1.08674e-06 
7.84395e-18 1.74273e-16 1.59514e-15 1.2673e-12 1.9919e-11 2.47762e-08 6.07267e-08 2.48777e-05 0.000779195 0.999196 
1.34575e-10 2.98631e-09 1.63141e-08 6.34103e-07 0.000185409 0.000866281 0.00279242 0.0106959 0.975547 0.00991256 
4.15757e-10 9.23285e-09 5.63478e-08 2.04392e-06 0.000413218 0.00200776 0.00746687 0.955553 0.0233849 0.0111726 
3.38198e-10 7.49966e-09 3.74461e-08 1.57695e-06 0.000452006 0.00250501 0.00896518 0.965581 0.0164446 0.0060503 
1.71948e-11 3.84107e-10 4.54157e-09 2.13103e-07 1.03926e-05 0.000913647 0.00519825 0.951481 0.0270286 0.015368 
2.49268e-14 6.36175e-13 5.34083e-11 2.29609e-09 6.56449e-08 5.01516e-06 0.000166665 0.00422058 0.973326 0.0222818 
2.46253e-36 1.70907e-32 1.00317e-28 7.26579e-25 5.47075e-21 9.41082e-17 1.00557e-13 1.92237e-06 0.000173567 0.999825 
3.7473e-10 8.31491e-09 4.55876e-08 1.92621e-06 0.000553277 0.00294106 0.0116572 0.959199 0.0186491 0.00699827 
9.87113e-16 2.25354e-14 8.8537e-13 2.26197e-10 7.61165e-08 2.41941e-06 0.000207806 0.0021113 0.00886168 0.988817 
4.14147e-07 9.32615e-06 0.000145157 0.00715828 0.904578 0.0446833 0.0300297 0.0107187 0.00263472 4.25453e-05 
9.39107e-09 2.34153e-07 1.48569e-05 0.000720927 0.00228812 0.0221968 0.947267 0.0225954 0.00456256 0.000354433 
0.000164642 0.000588541 0.0136599 0.922461 0.0427756 0.017124 0.00312139 0.000103633 1.06399e-06 3.34662e-09 
1.53913e-16 3.42374e-15 3.88245e-14 2.86053e-11 2.54133e-09 5.67902e-07 4.18939e-06 0.000585784 0.00862599 0.990783 
1.08994e-13 2.42197e-12 2.26218e-11 1.78716e-08 3.38042e-07 0.00031599 0.000759784 0.00810685 0.974965 0.015852 
1.07518e-12 2.45905e-11 9.0154e-10 5.34425e-08 5.88221e-07 8.23592e-05 0.000507462 0.00392314 0.970982 0.0245046 
6.3465e-18 1.41036e-16 1.35597e-15 1.04557e-12 1.74358e-11 2.4167e-08 1.97654e-07 0.000103883 0.00276604 0.99713 
4.20754e-17 9.35937e-16 1.04014e-14 7.40851e-12 4.75961e-10 3.32276e-06 0.000171113 0.00294825 0.98857 0.00830739 
3.02273e-12 6.91955e-11 2.53675e-09 1.60217e-07 1.91457e-06 0.000663965 0.00232614 0.0130212 0.970278 0.0137088 
3.5288e-07 2.31503e-05 0.000331968 0.00427822 0.0189048 0.0363018 0.933146 0.00582157 0.00118629 6.09576e-06 
1.02071e-16 2.28811e-15 5.63726e-14 3.53534e-11 1.25124e-08 4.19559e-07 2.61847e-06 0.000611091 0.00515542 0.99423 
4.8795e-16 1.11511e-14 4.26846e-13 8.02837e-11 1.82723e-08 9.31753e-07 0.000103571 0.000683157 0.00285581 0.996357 
9.64641e-16 2.19881e-14 8.07841e-13 1.92226e-10 4.89953e-08 2.06261e-06 0.00016106 0.00190505 0.00803891 0.989893 
2.00934e-12 4.6484e-11 1.92883e-09 1.18708e-07 1.46074e-06 0.000531086 0.00271489 0.0149475 0.968034 0.0137708 
2.46276e-12 5.63209e-11 2.02379e-09 1.36482e-07 1.66393e-06 0.000551716 0.00228242 0.0139766 0.967056 0.0161316 
3.51532e-10 7.79806e-09 4.08736e-08 1.47756e-06 0.000363444 0.00160165 0.0051357 0.0183344 0.959438 0.0151248 
6.43682e-07 0.000107261 0.000303137 0.00342368 0.0111704 0.333814 0.639212 0.00993993 0.00194866 8.02702e-05 
8.32078e-09 2.03407e-07 1.16022e-05 0.000832023 0.00803601 0.488033 0.490216 0.00924805 0.00316261 0.000460706 
2.26725e-05 0.000568397 0.0036248 0.602757 0.328546 0.0598726 0.0042474 0.000346184 1.55086e-05 3.78283e-08 
1.52446e-06 0.000201139 0.00130976 0.00765287 0.0281377 0.0550073 0.904252 0.00257966 0.000855033 3.41267e-06 
2.31377e-05 0.000511626 0.000765553 0.0130286 0.918677 0.0324407 0.0234462 0.00790039 0.00284578 0.000361257 
2.87872e-17 6.42736e-16 9.81478e-15 5.37631e-12 7.61472e-10 8.99064e-08 3.37497e-07 0.000253175 0.00446484 0.995282 
8.36757e-11 1.8614e-09 1.56955e-08 7.1581e-07 0.000147148 0.00217178 0.0103799 0.966162 0.0148465 0.00629215 
2.61504e-30 1.5545e-27 2.21045e-24 1.96166e-21 1.31815e-17 9.83924e-14 4.28397e-10 4.71145e-05 0.00145238 0.998501 
2.31074e-16 5.28962e-15 2.22337e-13 6.47995e-11 7.75621e-09 5.57981e-07 5.55047e-05 0.000551775 0.00410368 0.995288 
8.9561e-09 2.2008e-07 5.94272e-06 0.000460071 0.000654029 0.00605901 0.0115452 0.0209714 0.952877 0.00742745 
2.3468e-08 5.3927e-07 1.86341e-05 0.000691111 0.0021445 0.0129622 0.0327385 0.944073 0.00642154 0.000950052 
2.06061e-13 4.95264e-12 2.60918e-10 2.51496e-08 4.17739e-07 0.000384608 0.00131208 0.00880843 0.979792 0.00970264 
8.19545e-10 1.89184e-08 2.49935e-07 2.05809e-05 0.000252204 0.00379887 0.00854442 0.0200717 0.961981 0.00533101 
4.08772e-10 9.06601e-09 4.61766e-08 1.87802e-06 0.000555954 0.00292164 0.0077072 0.0201484 0.959523 0.00914216 
1.35981e-15 3.10104e-14 1.15422e-12 2.67629e-10 7.14627e-08 3.21997e-06 0.000232939 0.00263433 0.0130906 0.984039 
6.04479e-08 1.3596e-06 6.50221e-05 0.00218891 0.0092868 0.915993 0.0514385 0.0174604 0.00348987 7.60081e-05 
1.68219e-12 3.86809e-11 1.5121e-09 1.09915e-07 7.44576e-06 0.000500922 0.00302373 0.776578 0.21162 0.00827027 
1.85126e-10 4.10598e-09 2.149e-08 7.26409e-07 0.000158222 0.000845001 0.00306923 0.0139959 0.969118 0.0128133 
1.91489e-12 4.44541e-11 1.93265e-09 1.04364e-07 1.31226e-06 0.000483383 0.00157764 0.00992952 0.96859 0.0194184 
3.55012e-12 8.1958e-11 3.43356e-09 2.3932e-07 4.09162e-06 0.00148323 0.00854903 0.957626 0.0210305 0.0113072 
2.30387e-10 5.11555e-09 3.31488e-08 1.52501e-06 0.000398367 0.00312401 0.0100311 0.0224509 0.959152 0.00484191 
1.40851e-16 3.21674e-15 1.25276e-13 2.81635e-11 9.28044e-09 3.08251e-07 2.78918e-05 0.000322608 0.00284953 0.9968 
1.15301e-07 4.64829e-06 0.00177194 0.879455 0.0373967 0.040865 0.0291898 0.00896491 0.00231858 3.34958e-05 
1.0221e-13 2.27168e-12 2.17245e-11 1.65872e-08 3.48475e-07 0.000321739 0.000585971 0.954343 0.0234354 0.0213138 
1.2901e-07 2.9345e-06 0.000163443 0.00375289 0.0230617 0.933422 0.0298778 0.0064711 0.0025785 0.000669259 
4.45264e-09 1.12696e-07 7.9404e-06 0.000224368 0.00073018 0.00643409 0.295263 0.688142 0.00830893 0.000889027 
1.32174e-28 8.12663e-26 1.16603e-22 5.01779e-20 4.06201e-17 5.9953e-13 5.80282e-10 6.61326e-05 0.00254871 0.997385 
7.0469e-14 1.57239e-12 2.08863e-11 1.06231e-08 2.21136e-07 0.000118993 0.000442839 0.00404868 0.0144989 0.98089 
5.83475e-16 1.32587e-14 4.75235e-13 1.5426e-10 5.50373e-08 1.60046e-06 7.95434e-05 0.00189074 0.0106287 0.987399 
1.05324e-11 2.41986e-10 7.38008e-09 6.16866e-07 0.000403114 0.00176716 0.0084989 0.0290498 0.948574 0.0117063 
3.30125e-12 7.65098e-11 3.81213e-09 3.75433e-07 6.93164e-05 0.00183444 0.0102766 0.0308834 0.947169 0.00976708 
3.7795e-08 1.02513e-06 2.38088e-05 0.00131374 0.0031242 0.0084245 0.020533 0.0283225 0.934304 0.00395287 
4.31421e-13 9.81162e-12 3.08269e-10 3.19011e-08 5.21316e-07 0.000274799 0.00122951 0.00938997 0.978425 0.0106804 
2.87504e-11 6.44136e-10 8.18398e-09 3.64107e-07 0.00012168 0.000471752 0.00249692 0.00613797 0.0172738 0.973498 
0.000272729 0.00354591 0.0229984 0.050136 0.907863 0.0146458 0.000522544 1.52858e-05 3.02962e-07 2.29552e-09 
4.19402e-13 9.95162e-12 1.22651e-09 5.53644e-07 0.000254642 0.0975637 0.10244 0.663003 0.0697456 0.0669929 
3.53649e-05 0.00100373 0.0057828 0.347961 0.633198 0.0100422 0.00181603 0.000159158 2.2012e-06 1.30293e-08 
1.02287e-13 2.63021e-12 2.30571e-10 8.44386e-09 1.75239e-07 7.95937e-05 0.000476421 0.00270049 0.00521137 0.991532 
8.19646e-16 1.86973e-14 6.89621e-13 1.46606e-10 3.81138e-08 1.76995e-06 0.000166486 0.0012296 0.00659309 0.992009 
4.0747e-12 9.43561e-11 3.86602e-09 2.26704e-07 2.46289e-06 0.000822085 0.00455329 0.95393 0.0271515 0.0135408 
1.14743e-17 2.54974e-16 2.42455e-15 1.87949e-12 3.10677e-11 4.43859e-08 5.70836e-08 3.12276e-05 0.000633941 0.999335 
4.24384e-10 9.47317e-09 6.62749e-08 3.64158e-06 0.000580526 0.00448521 0.933538 0.0404238 0.0167622 0.00420627 
9.24099e-09 2.25032e-07 1.13674e-05 0.000505627 0.00124729 0.00869445 0.489352 0.492418 0.00697207 0.000798921 
8.80496e-15 2.23354e-13 1.88446e-11 1.00555e-09 8.76704e-08 0.000143531 0.00020119 0.961377 0.0214256 0.0168521 
6.67129e-17 1.48404e-15 1.56705e-14 1.07669e-11 2.10709e-10 2.30939e-07 3.22451e-06 0.000369095 0.00552189 0.994106 
1.2251e-09 3.34143e-08 4.04878e-06 0.000206263 0.00312088 0.790694 0.173785 0.0226758 0.00759552 0.00191888 
6.65331e-10 1.5469e-08 4.55532e-07 5.13165e-05 0.00060338 0.00375869 0.0122201 0.959078 0.0167226 0.00756559 
1.05331e-18 2.34032e-17 2.17404e-16 1.70712e-13 2.80749e-12 4.15944e-09 4.46747e-09 5.52572e-05 0.00146375 0.998481 
1.03835e-08 2.45745e-07 8.92511e-06 0.000466371 0.00177109 0.00986 0.0248112 0.953067 0.00937563 0.000639449 
3.33875e-08 8.61938e-07 1.55843e-05 0.00121321 0.00350088 0.0117755 0.0268141 0.949382 0.00679484 0.000503079 
6.44075e-14 1.43125e-12 1.33918e-11 1.06341e-08 2.07961e-07 0.000148874 0.000498812 0.00547382 0.971568 0.0223101 
9.04483e-09 2.16624e-07 7.09961e-06 0.000410725 0.00138748 0.0133279 0.968288 0.0135571 0.00279067 0.000230768 
3.93259e-11 1.39877e-09 3.36937e-07 7.1548e-06 3.11101e-05 0.000782236 0.0717897 0.351408 0.121177 0.454804 
5.92772e-06 0.000131136 0.000140398 0.00399147 0.650993 0.0657143 0.245298 0.0322157 0.00149566 1.49227e-05 
2.70237e-12 6.24413e-11 2.61203e-09 2.0785e-07 1.35986e-05 0.00136088 0.00610016 0.0214932 0.962137 0.00889529 
1.57395e-06 0.000257022 0.000861994 0.00751903 0.0205074 0.0404909 0.920943 0.00828715 0.00112704 4.57864e-06 
1.29796e-16 2.94643e-15 9.80774e-14 3.00604e-11 7.6861e-09 3.86258e-07 3.22946e-05 0.000299296 0.0432923 0.956376 
1.15521e-07 2.65733e-06 9.02477e-05 0.00343253 0.01726 0.045694 0.920476 0.00959861 0.00340694 3.92158e-05 
9.86525e-14 2.56757e-12 2.39539e-10 8.0837e-09 1.12541e-07 3.58476e-06 0.000291 0.00281184 0.0121082 0.984785 
5.983e-05 0.000474165 0.00633258 0.0252131 0.0484847 0.910927 0.00747106 0.000968189 6.80676e-05 9.64579e-07 
7.31468e-14 1.63647e-12 3.00278e-11 1.37519e-08 4.52964e-07 0.000220196 0.00134369 0.0121005 0.966108 0.0202271 
9.59578e-12 2.15417e-10 3.58671e-09 2.07776e-07 4.55036e-06 0.000943404 0.00475531 0.0196347 0.960809 0.0138531 
2.33495e-09 5.33845e-08 7.01246e-07 0.000167473 0.000394653 0.00464645 0.943026 0.0359436 0.0126107 0.00321092 
2.22021e-12 5.07421e-11 1.81703e-09 1.19916e-07 1.60011e-06 0.000446271 0.00237011 0.0137817 0.968569 0.0148315 
2.48735e-12 5.68002e-11 1.99911e-09 1.34848e-07 1.48855e-06 0.000482003 0.00127759 0.00952386 0.0186805 0.970034 
6.61853e-09 1.48495e-07 7.47479e-07 0.000139975 0.00103781 0.00598302 0.020229 0.952929 0.015774 0.00390667 
3.40487e-06 0.000234799 0.00232359 0.0139008 0.918876 0.0468704 0.0166894 0.00107405 2.7114e-05 1.0271e-07 
1.98695e-12 4.5786e-11 1.81645e-09 1.11298e-07 1.42943e-06 0.000499789 0.00200893 0.0112347 0.0200952 0.96616 
1.4328e-24 1.97705e-22 3.90665e-19 7.04917e-17 1.62234e-14 9.91953e-11 2.44917e-10 3.14618e-06 0.000199124 0.999798 
1.0734e-16 2.43891e-15 1.15609e-13 6.69363e-11 3.29833e-08 4.89998e-07 3.36933e-06 0.000897758 0.0069408 0.992158 
7.16054e-07 9.36975e-05 0.000282015 0.00300279 0.00885491 0.668638 0.307257 0.0103675 0.00149647 6.98001e-06 
9.61772e-13 2.2156e-11 8.7212e-10 5.60453e-08 7.84955e-07 0.00027806 0.00128313 0.00651396 0.977139 0.0147853 
2.89206e-12 6.67469e-11 2.68438e-09 1.65924e-07 2.05095e-06 0.000759071 0.00287067 0.0167135 0.960235 0.01942 
7.92495e-10 2.14231e-08 2.49828e-06 3.67335e-05 0.000804144 0.00448529 0.0189096 0.955941 0.0157893 0.00403163 
6.50066e-09 1.58437e-07 7.8624e-06 0.000429516 0.00119553 0.0104956 0.255137 0.727347 0.0050173 0.00037003 
6.28117e-07 2.50282e-05 0.00156328 0.0118547 0.161673 0.687279 0.115846 0.0213512 0.000398881 7.79824e-06 
1.28684e-15 2.9379e-14 1.14342e-12 2.79248e-10 8.49826e-08 2.82798e-06 0.000228437 0.00249738 0.00617094 0.9911 
7.53892e-16 1.7238e-14 6.67696e-13 1.15441e-10 3.31414e-08 1.37165e-06 0.000161897 0.00133702 0.00967573 0.988824 
1.04904e-15 2.39465e-14 9.21633e-13 2.18208e-10 6.50394e-08 2.3307e-06 0.0002048 0.00196519 0.0103014 0.987526 
1.15107e-11 2.8396e-10 5.3633e-08 0.000172647 0.000736807 0.914437 0.043487 0.0246402 0.0110693 0.00545708 
2.32335e-14 5.16286e-13 4.90092e-12 3.80946e-09 8.62419e-08 9.07812e-05 7.0522e-05 0.00244707 0.978865 0.0185265 
1.53383e-07 1.12503e-05 0.000234065 0.00568803 0.69769 0.266029 0.0255451 0.00415658 0.000637499 8.16655e-06 
1.89181e-15 4.30282e-14 1.52802e-12 4.66134e-10 1.06147e-07 5.20443e-06 0.00040516 0.003653 0.0147948 0.981142 
2.14134e-12 4.92123e-11 1.90699e-09 1.58628e-07 2.07513e-05 0.00100208 0.0048555 0.0189133 0.962338 0.0128698 
5.59082e-25 7.85713e-23 1.5416e-19 2.81627e-17 6.45045e-15 3.95477e-11 8.09115e-10 5.05077e-05 0.00226213 0.997687 
1.06804e-10 2.37254e-09 1.48686e-08 6.89888e-07 0.000228048 0.000681343 0.00300108 0.0103393 0.935781 0.0499682 
5.48846e-12 1.24445e-10 2.99863e-09 1.69954e-07 3.59777e-06 0.000644358 0.00344229 0.960747 0.023148 0.0120145 
