4498
1.95467e-08 4.15518e-07 3.62579e-06 0.000854111 0.000916007 0.00392733 0.00635485 0.0214253 0.069509 0.897009 
1.11033e-10 2.335e-09 4.24971e-08 8.449e-07 7.84595e-06 0.00012151 0.00152859 0.00612948 0.0261753 0.966036 
3.0869e-06 6.54805e-05 0.000916347 0.0141694 0.0552506 0.124988 0.705659 0.065313 0.0242739 0.00936191 
1.2616e-08 2.18195e-07 1.50021e-06 3.45668e-05 0.00053879 0.00317491 0.0121676 0.0494237 0.837647 0.0970116 
8.62893e-16 1.82754e-14 2.7001e-13 5.22979e-11 5.9317e-09 4.92571e-07 4.58489e-05 0.00404559 0.485054 0.510854 
5.14641e-05 0.000843602 0.00435711 0.0357389 0.0635091 0.120813 0.699272 0.0594691 0.0151038 0.000841817 
8.67526e-07 1.98741e-05 0.00024377 0.00489978 0.00874738 0.0281706 0.078489 0.744432 0.0891577 0.0458388 
0.000176165 0.00359684 0.00402326 0.0449482 0.0863874 0.687384 0.114161 0.0403651 0.0171499 0.00180862 
1.04387e-08 1.82582e-07 1.38893e-06 3.35947e-05 0.000640854 0.00381952 0.0150571 0.777501 0.110871 0.0920749 
7.21481e-08 1.71058e-06 2.18157e-05 0.000330296 0.0029297 0.0102323 0.0260095 0.0763664 0.791744 0.0923647 
1.04001e-10 2.18678e-09 4.03578e-08 8.58694e-07 9.90648e-06 0.000241286 0.0017054 0.0130305 0.658519 0.326493 
3.89239e-07 8.30067e-06 0.000155416 0.00187556 0.0114163 0.719858 0.0904727 0.0723087 0.0614901 0.0424149 
3.82815e-07 8.80403e-06 7.13614e-05 0.0013418 0.00810434 0.0226065 0.0483628 0.735365 0.121365 0.0627738 
2.94311e-10 5.97178e-09 4.43414e-08 1.3251e-06 7.46827e-06 8.57884e-05 0.000664326 0.00200153 0.00846406 0.988775 
1.61422e-11 3.0396e-10 8.28386e-09 1.28405e-07 3.01014e-06 0.00016563 0.000991654 0.0152438 0.905876 0.0777202 
1.55705e-06 3.44349e-05 0.000173249 0.00569255 0.197516 0.0400167 0.0569136 0.413634 0.243061 0.0429567 
6.46099e-09 1.36473e-07 1.4667e-06 0.000435244 0.000418785 0.0023871 0.00582353 0.0262093 0.230072 0.734652 
5.47236e-09 1.15606e-07 1.74307e-06 0.000277503 0.000745028 0.00298478 0.0147951 0.0601978 0.833432 0.0875659 
2.28272e-09 4.76223e-08 6.62041e-07 1.79257e-05 0.000965153 0.00197892 0.00552203 0.0152521 0.0359268 0.940336 
1.09066e-09 2.27833e-08 4.5434e-07 9.21991e-06 0.000109399 0.00172851 0.00643238 0.0211911 0.0662622 0.904267 
3.56583e-09 6.87082e-08 7.93887e-07 1.92591e-05 0.000517904 0.00263742 0.0116028 0.0398915 0.808751 0.136579 
8.54319e-07 2.33366e-05 0.000294697 0.00213461 0.00963035 0.0216998 0.0431711 0.0820343 0.777053 0.0639576 
1.66715e-09 3.4532e-08 4.61359e-07 9.95642e-06 0.000151035 0.0014002 0.00420312 0.0130196 0.0310886 0.950127 
2.51656e-16 5.25977e-15 4.84664e-14 9.08386e-12 3.92872e-10 1.17679e-07 2.23851e-06 0.00156552 0.736299 0.262133 
2.01176e-07 4.84482e-06 5.7363e-05 0.00235403 0.00577345 0.0188849 0.0390005 0.0729722 0.103576 0.757376 
2.27406e-07 4.75229e-06 9.69897e-05 0.000980925 0.00696614 0.0280814 0.069876 0.77324 0.0822056 0.0385483 
2.86866e-05 0.000626641 0.00264168 0.0294461 0.0551681 0.383395 0.321233 0.180933 0.0238552 0.00267251 
1.99705e-11 3.85107e-10 8.49796e-09 1.65106e-07 3.41801e-06 0.000157656 0.00103503 0.010229 0.911488 0.0770864 
4.54142e-07 1.1693e-05 0.000139923 0.00156941 0.0059866 0.0166134 0.0324167 0.0599546 0.771458 0.111849 
2.15427e-09 4.46097e-08 7.21871e-07 1.86883e-05 0.000940439 0.00255735 0.00688472 0.0211043 0.0460939 0.9224 
5.25858e-12 1.04983e-10 2.16382e-09 5.60603e-08 6.1335e-07 2.71507e-05 5.9636e-05 0.000377631 0.00268727 0.996848 
4.7593e-08 1.15315e-06 8.79939e-06 0.001099 0.00293274 0.00699353 0.0165858 0.0556599 0.110654 0.806065 
3.34976e-10 6.86403e-09 1.02384e-07 2.72916e-06 9.98766e-05 0.000979207 0.00907569 0.0639728 0.696769 0.229101 
4.21751e-29 1.00488e-25 3.3465e-22 1.08209e-18 1.789e-15 9.19469e-12 4.47755e-08 0.000123679 0.00204066 0.997836 
3.72223e-08 7.76802e-07 8.27349e-06 0.000999341 0.00273409 0.00492782 0.0109418 0.0296074 0.0855333 0.865247 
8.96096e-09 1.90641e-07 1.80531e-06 0.000528736 0.000455632 0.00239972 0.00526111 0.018213 0.0450672 0.928073 
4.28687e-29 7.48732e-26 1.8401e-22 4.44783e-19 5.15109e-16 1.08911e-12 2.0631e-09 1.05381e-05 0.00176619 0.998223 
1.986e-11 4.13286e-10 5.82056e-09 1.34808e-07 4.1004e-06 1.2292e-05 5.84221e-05 0.00112285 0.0221145 0.976688 
7.92067e-05 0.00303547 0.020351 0.0674841 0.107462 0.734568 0.0520661 0.0103548 0.00339817 0.0012012 
1.52129e-08 3.22621e-07 3.10958e-06 0.00104713 0.00088569 0.00331044 0.00776293 0.0254988 0.0744155 0.887076 
8.48428e-07 2.32956e-05 0.00029543 0.00259295 0.00987285 0.0255218 0.0583721 0.759345 0.095972 0.0480032 
2.06682e-07 4.91436e-06 7.67701e-05 0.0010321 0.00524121 0.0276184 0.387585 0.42729 0.0961308 0.0550211 
3.21494e-08 6.38361e-07 5.43897e-06 0.000624112 0.00199588 0.00543956 0.0144503 0.0436115 0.805438 0.128434 
1.07384e-10 2.26252e-09 8.06937e-08 2.54131e-06 0.000184101 0.00654163 0.806369 0.0847597 0.0641525 0.0379901 
4.25918e-11 8.9774e-10 3.88022e-08 8.46533e-07 2.64138e-05 0.000850551 0.0039123 0.14367 0.494883 0.356657 
2.14723e-10 4.45585e-09 1.73025e-07 2.88729e-06 3.55868e-05 0.000948212 0.00247183 0.00969614 0.0307412 0.956104 
1.23085e-06 2.8109e-05 0.000395248 0.00629204 0.0214873 0.0694188 0.752277 0.0886862 0.0430195 0.0183947 
3.04203e-10 6.45932e-09 1.37128e-07 2.76293e-06 2.46992e-05 0.00024476 0.0012448 0.0103183 0.919596 0.0685687 
3.25805e-11 6.46505e-10 2.1092e-08 4.59673e-07 9.8351e-06 0.000628047 0.00370065 0.0185363 0.0590014 0.918123 
2.92905e-07 6.64473e-06 5.69084e-05 0.00106171 0.00475839 0.0175446 0.0296893 0.0540423 0.452006 0.440834 
1.09581e-08 2.20471e-07 1.6284e-06 3.87092e-05 0.000383875 0.00216502 0.0105235 0.0478444 0.850317 0.0887254 
1.90868e-10 3.93469e-09 1.77198e-07 2.76713e-06 3.10619e-05 0.00152722 0.00416068 0.0235779 0.847074 0.123626 
3.69148e-08 7.52659e-07 4.43147e-05 0.000384477 0.00274088 0.013846 0.376741 0.292456 0.245503 0.0682833 
4.57951e-07 9.80399e-06 0.000193965 0.00195879 0.00754892 0.0222579 0.708018 0.1175 0.0905404 0.0519717 
1.43569e-10 3.05263e-09 5.54572e-08 1.32889e-06 1.46165e-05 0.0002026 0.000762968 0.00379187 0.0320572 0.963169 
3.53651e-07 1.02045e-05 6.43513e-05 0.000963824 0.00993596 0.17963 0.551662 0.0933504 0.0949366 0.069446 
2.52303e-16 5.27355e-15 4.857e-14 8.99177e-12 3.27759e-10 9.54809e-08 7.40283e-07 0.000107409 0.00229976 0.997592 
1.272e-09 2.62489e-08 4.25133e-07 9.13112e-06 0.000173833 0.00225643 0.00870403 0.0312393 0.454955 0.502662 
1.79978e-07 3.74335e-06 4.61396e-05 0.0006645 0.00226985 0.00527205 0.0124913 0.0344221 0.626232 0.318598 
1.15845e-07 2.78174e-06 2.99424e-05 0.00167672 0.00530549 0.0144938 0.039559 0.745228 0.116232 0.0774722 
3.78154e-15 8.1082e-14 1.68048e-12 4.03692e-10 4.22767e-08 1.67734e-06 2.42001e-05 0.00172939 0.0134461 0.984799 
2.26828e-07 4.92928e-06 2.65322e-05 0.000512695 0.00384892 0.0129074 0.0457974 0.778317 0.0908815 0.0677029 
2.32507e-08 4.82426e-07 5.2314e-06 0.00132517 0.00158288 0.00504695 0.0156266 0.0539322 0.800073 0.122408 
8.75954e-11 1.81937e-09 7.94516e-08 1.46927e-06 1.9288e-05 0.000957362 0.0014813 0.00643118 0.021694 0.969415 
5.16659e-07 1.243e-05 0.000217532 0.00174223 0.00620588 0.0166105 0.0424908 0.161709 0.730677 0.0403347 
1.2251e-11 2.32966e-10 5.13572e-09 9.50277e-08 2.17149e-06 0.0001261 0.000348234 0.00174417 0.0180909 0.979688 
2.94659e-07 6.34487e-06 0.000157525 0.00153553 0.00779288 0.0313555 0.0783313 0.142968 0.702281 0.035572 
1.95811e-09 4.04306e-08 5.48486e-07 1.28615e-05 0.00018587 0.00223246 0.0122847 0.0512012 0.868072 0.0660101 
1.03768e-10 2.12417e-09 1.64894e-08 3.53524e-07 8.3502e-06 2.10367e-05 3.76812e-05 0.000264798 0.00396812 0.9957 
1.10298e-05 0.00022328 0.000299095 0.00536411 0.00690577 0.0172416 0.0255584 0.236495 0.688036 0.0198663 
9.22962e-07 2.3577e-05 0.000247201 0.00268902 0.015786 0.0421179 0.0852186 0.119811 0.703711 0.030395 
9.19943e-09 1.98656e-07 1.85155e-06 0.000405681 0.000481007 0.00214354 0.00623175 0.0195811 0.0596447 0.91151 
2.37731e-05 0.000521522 0.00248307 0.0195696 0.0339771 0.0725923 0.561464 0.272152 0.0317836 0.00543359 
8.23416e-13 1.72033e-11 1.55545e-10 2.87523e-08 9.93414e-07 0.000319116 0.000714649 0.012852 0.958634 0.027479 
1.64986e-10 3.41114e-09 1.61673e-07 2.44443e-06 2.60998e-05 0.00123823 0.00448739 0.0307829 0.890185 0.0732774 
1.61467e-10 3.33772e-09 1.58427e-07 2.40663e-06 4.88682e-05 0.00159805 0.00655973 0.041746 0.895551 0.0544937 
7.77138e-08 1.74025e-06 2.84317e-05 0.00204831 0.0087315 0.0484542 0.695554 0.0885146 0.0889045 0.0677629 
8.20313e-07 2.15679e-05 0.00032065 0.00321395 0.0201423 0.066747 0.385132 0.087847 0.384501 0.0520736 
7.8833e-07 1.76607e-05 0.000248627 0.00196696 0.00897176 0.0236921 0.050535 0.451043 0.434891 0.0286325 
0.000295475 0.00504683 0.018994 0.0944342 0.716202 0.105551 0.0399848 0.0105449 0.00825747 0.000689127 
1.26673e-28 1.75851e-25 3.8143e-22 1.04691e-18 1.07835e-15 1.84973e-12 4.77417e-10 1.81014e-05 0.00132642 0.998655 
4.58533e-08 9.69051e-07 2.32123e-05 0.00150121 0.00411812 0.0135663 0.0506543 0.747449 0.11163 0.0710568 
1.57214e-09 2.99777e-08 3.38893e-07 9.24661e-06 0.000159785 0.000381915 0.00100092 0.00351139 0.0159112 0.979025 
8.82059e-08 2.35688e-06 2.43983e-05 0.000368468 0.00399621 0.0146784 0.0278197 0.0756672 0.79003 0.0874137 
9.28389e-10 1.91789e-08 2.30196e-07 5.15865e-06 5.98138e-05 0.000544132 0.00335433 0.0091678 0.0344976 0.952371 
7.66303e-09 1.37748e-07 1.11649e-06 2.79597e-05 0.000435239 0.00296766 0.00926819 0.0299282 0.0691541 0.888217 
3.17218e-12 6.52302e-11 3.38049e-09 3.90781e-08 2.03459e-07 1.54043e-06 1.55691e-05 0.000852169 0.0172493 0.981881 
5.28164e-08 1.09022e-06 2.01556e-05 0.000533055 0.00431314 0.0136548 0.0528219 0.771486 0.0952595 0.0619105 
7.00452e-27 3.12646e-24 3.43553e-21 7.0115e-18 8.72079e-15 2.58718e-11 8.38992e-08 0.000224867 0.00535574 0.994419 
3.95408e-07 9.4639e-06 0.000242195 0.00457929 0.0269057 0.673734 0.135326 0.0851335 0.0459809 0.0280891 
2.41097e-07 6.64963e-06 3.73213e-05 0.00050981 0.00439053 0.011823 0.028882 0.540075 0.354505 0.0597699 
9.70808e-08 2.12451e-06 2.38264e-05 0.00155515 0.00439302 0.014611 0.0315811 0.0753889 0.79748 0.0749648 
5.77994e-08 1.29891e-06 1.32111e-05 0.000337566 0.00307533 0.0148078 0.0416769 0.752345 0.116333 0.0714102 
9.30296e-11 1.97197e-09 3.06353e-08 7.49381e-07 5.11133e-06 2.58559e-05 0.0006178 0.00179639 0.012845 0.984709 
8.33966e-11 1.72265e-09 8.08415e-08 1.23691e-06 1.33168e-05 0.000697748 0.0032444 0.342206 0.447549 0.206289 
1.97853e-07 4.54803e-06 0.000129289 0.00230704 0.0155301 0.194673 0.0463651 0.487779 0.202778 0.0504341 
8.11374e-07 2.09612e-05 0.000269026 0.0034078 0.0125582 0.0363348 0.276092 0.608536 0.0468969 0.0158834 
3.5907e-14 7.72052e-13 4.08121e-11 7.05871e-10 2.47875e-08 7.35734e-07 1.18212e-05 0.000381706 0.00951128 0.990094 
5.02875e-08 1.13266e-06 1.05509e-05 0.00119205 0.00291067 0.0060458 0.0109326 0.027723 0.0721073 0.879077 
6.1831e-06 0.000133041 0.000319092 0.00366602 0.0159617 0.0944284 0.292316 0.454854 0.0772422 0.061073 
2.30379e-16 4.81466e-15 4.41108e-14 8.18354e-12 3.02489e-10 8.88234e-08 8.02637e-07 8.22717e-05 0.003664 0.996253 
6.71829e-17 1.40338e-15 1.25503e-14 2.31485e-12 7.54729e-11 2.00402e-08 2.07668e-07 0.000269428 0.00660916 0.993121 
3.1771e-05 0.000973432 0.00638813 0.0175454 0.0311834 0.0681202 0.815461 0.0486957 0.0102254 0.00137526 
7.19048e-09 1.14925e-07 9.52344e-07 3.90399e-05 0.00051612 0.0016624 0.00567728 0.0189803 0.195504 0.77762 
9.91736e-07 2.54403e-05 0.000349952 0.00801862 0.0435198 0.121165 0.660815 0.0849007 0.0523252 0.028879 
1.20316e-06 2.5513e-05 0.000222199 0.0108058 0.0285694 0.376645 0.128445 0.0678183 0.245167 0.142301 
3.29452e-08 6.33959e-07 4.9092e-06 0.000605908 0.00123963 0.00503192 0.0225864 0.0787705 0.808808 0.0829518 
2.39941e-05 0.000500054 0.000981696 0.0215455 0.0249295 0.0666602 0.102445 0.69683 0.0690209 0.0170635 
5.21201e-22 3.52063e-20 1.42503e-17 3.87863e-15 8.207e-13 4.69964e-10 1.50743e-08 1.27929e-05 0.00102384 0.998963 
8.40222e-07 2.31823e-05 0.000230916 0.00237205 0.0119732 0.0251182 0.0487826 0.0877607 0.752406 0.0713319 
1.78961e-08 3.5713e-07 2.88937e-06 0.000579162 0.000698761 0.00270146 0.00740114 0.025341 0.0758857 0.88739 
5.39589e-11 1.11364e-09 2.89191e-08 3.33392e-07 3.52219e-06 0.000212589 0.000367772 0.00430981 0.0352634 0.959843 
3.11523e-08 6.50479e-07 7.68759e-06 0.000293679 0.00408209 0.671454 0.102752 0.0801726 0.0707955 0.0704414 
3.66932e-07 7.7279e-06 8.42617e-05 0.00172447 0.00843598 0.0688046 0.074548 0.10242 0.469645 0.27433 
6.47654e-14 1.3529e-12 1.20815e-11 2.25825e-09 6.60732e-08 8.70359e-06 4.66311e-05 0.00208124 0.061032 0.936831 
9.55335e-07 2.2699e-05 0.000322748 0.00290719 0.0119733 0.0280676 0.0506025 0.0823881 0.72503 0.0986848 
4.81477e-09 1.00839e-07 9.93389e-07 0.000231385 0.000306038 0.00148871 0.00528046 0.0144724 0.0473532 0.930867 
7.69021e-05 0.00228099 0.0164269 0.0652171 0.687626 0.139728 0.0585752 0.0153316 0.0128807 0.00185685 
1.5254e-16 3.19109e-15 3.06813e-14 5.87707e-12 3.53273e-10 1.02176e-07 2.34208e-06 0.000415679 0.0106768 0.988905 
2.32739e-09 4.82701e-08 6.58539e-07 1.71376e-05 0.000479177 0.00243363 0.0104094 0.0304417 0.0673294 0.888889 
1.90555e-10 3.92586e-09 3.72312e-08 8.88612e-07 2.39827e-05 6.83772e-05 0.000150294 0.000741121 0.00907854 0.989937 
3.91167e-08 7.96063e-07 7.12941e-06 0.000582923 0.00246442 0.00472454 0.0109401 0.0279039 0.0588758 0.8945 
3.84468e-07 1.14272e-05 0.000108001 0.00126689 0.00562643 0.0192203 0.0378096 0.0695497 0.0980702 0.768337 
2.54201e-10 5.24418e-09 1.94403e-07 3.23549e-06 3.64456e-05 0.00143759 0.00384045 0.0125517 0.0307596 0.951371 
0.000181526 0.00371399 0.0288417 0.238857 0.637068 0.0602478 0.0203289 0.00643383 0.0040258 0.000301705 
7.82586e-10 1.66914e-08 3.01823e-07 1.1525e-05 0.000419151 0.00190515 0.010299 0.0361143 0.0830849 0.868166 
1.7326e-08 3.27905e-07 2.83168e-06 0.00035458 0.00224761 0.00446131 0.0131398 0.16239 0.0947871 0.722616 
1.46532e-08 2.62217e-07 1.97353e-06 4.25911e-05 0.000714801 0.00477778 0.0165761 0.0637495 0.812254 0.101883 
1.62166e-06 3.62624e-05 0.00051816 0.0036176 0.0135973 0.0256117 0.0423573 0.0536326 0.737558 0.12307 
1.11498e-06 2.44534e-05 0.000394949 0.00291109 0.0078682 0.01847 0.0374762 0.0723309 0.764666 0.095857 
9.48966e-10 1.96903e-08 2.97257e-07 9.67908e-06 0.000255232 0.0012863 0.00511498 0.0171721 0.0583168 0.917845 
1.88978e-10 3.88579e-09 1.80059e-07 2.63234e-06 2.69843e-05 0.00139204 0.00577624 0.0302898 0.889475 0.0730372 
1.6741e-08 3.09465e-07 2.36665e-06 7.13996e-05 0.0017365 0.00479938 0.0157047 0.743586 0.140803 0.0932961 
2.31477e-07 4.75523e-06 4.53693e-05 0.000599942 0.00445232 0.0138794 0.0521509 0.774247 0.0946266 0.0599937 
1.87845e-06 5.167e-05 0.000709291 0.00437402 0.0139236 0.0249239 0.0518431 0.0970445 0.693671 0.113457 
2.45857e-10 5.0511e-09 5.55835e-08 1.3058e-06 2.48236e-05 0.000118178 0.000496457 0.00353377 0.477705 0.518121 
2.71865e-11 5.68581e-10 1.22598e-08 2.393e-07 2.25361e-06 0.000145918 0.000144423 0.00125112 0.020176 0.97828 
2.15875e-07 4.46686e-06 2.74947e-05 0.000552726 0.0042351 0.0113287 0.0288286 0.0783077 0.12126 0.755455 
2.35569e-08 4.78849e-07 3.95602e-06 0.000743689 0.000813476 0.00142989 0.00412083 0.0095454 0.0183823 0.96496 
1.12953e-08 2.0081e-07 1.57785e-06 3.96441e-05 0.000789024 0.00418361 0.0163962 0.0570349 0.120727 0.800828 
1.05804e-06 2.53998e-05 0.000379058 0.00324975 0.0127609 0.0417707 0.520761 0.314861 0.0727694 0.0334222 
1.47454e-07 3.51504e-06 3.76013e-05 0.000841789 0.00465697 0.0219107 0.0502553 0.712869 0.135965 0.0734601 
0.000145786 0.00296648 0.00249156 0.0258487 0.0792986 0.612568 0.193661 0.0392894 0.0249618 0.0187684 
2.71285e-10 5.47755e-09 5.43804e-08 1.62598e-06 1.46112e-05 0.000150147 0.00103336 0.00357509 0.00746738 0.987758 
1.11704e-10 2.30691e-09 1.10995e-07 1.59851e-06 1.46956e-05 0.000555009 0.0012412 0.0115196 0.92154 0.0651282 
6.29248e-09 1.32539e-07 1.36817e-06 0.000352741 0.000427429 0.00246461 0.00549629 0.0194838 0.06021 0.911564 
1.16503e-09 2.39603e-08 3.46037e-07 6.67533e-06 0.000107582 0.000881091 0.00342831 0.010068 0.0231089 0.962399 
2.08101e-06 5.57909e-05 0.000550022 0.00499055 0.0186473 0.0466024 0.689927 0.144528 0.067934 0.0267628 
1.58115e-10 3.33611e-09 7.30486e-08 1.55953e-06 1.97395e-05 0.000260055 0.000941515 0.00365217 0.0227198 0.972405 
2.41275e-09 4.38588e-08 4.3293e-07 9.42748e-06 9.02643e-05 0.00139109 0.00555125 0.0191703 0.456612 0.517176 
6.19704e-09 1.23584e-07 1.09399e-06 0.000135734 0.000286529 0.00110599 0.00420897 0.0121193 0.042821 0.939321 
4.38364e-22 1.05665e-19 4.40276e-17 1.238e-14 3.80492e-12 1.11228e-09 5.33395e-08 0.000105763 0.982875 0.0170196 
5.93907e-06 0.000165553 0.00254061 0.0170388 0.0481717 0.696688 0.117244 0.0704946 0.037513 0.0101374 
1.12224e-10 2.31265e-09 1.08234e-07 1.61739e-06 1.74135e-05 0.000727735 0.00157279 0.0112671 0.888911 0.0975025 
2.12258e-09 4.42083e-08 6.20415e-07 1.2256e-05 0.000162039 0.00168152 0.00580893 0.0179464 0.054918 0.91947 
4.67737e-05 0.00104033 0.0145629 0.609444 0.117083 0.113336 0.0814877 0.039155 0.0203731 0.00347074 
1.23658e-10 2.56239e-09 1.19079e-07 1.90101e-06 2.16896e-05 0.000933076 0.0019309 0.00813004 0.0300117 0.958971 
1.43287e-07 3.726e-06 5.18301e-05 0.000624072 0.00364134 0.0142284 0.0349034 0.743537 0.123797 0.0792127 
1.45995e-07 3.10738e-06 5.71526e-05 0.00121481 0.0046704 0.0208758 0.0570828 0.432298 0.423702 0.0600956 
7.05979e-11 1.51352e-09 2.36017e-08 5.45224e-07 3.5657e-06 7.94773e-06 0.000137907 0.000288282 0.00127219 0.99829 
5.4803e-08 1.17708e-06 1.09777e-05 0.00129881 0.00368277 0.013121 0.0378848 0.721673 0.141518 0.0808089 
3.31705e-15 7.18577e-14 1.77782e-12 3.94738e-10 5.1445e-08 1.55948e-06 2.05757e-05 0.00154076 0.0166859 0.981751 
1.71114e-07 3.95412e-06 4.32208e-05 0.00102579 0.00413308 0.0171663 0.0612003 0.721696 0.118038 0.0766937 
6.29784e-07 1.55034e-05 0.000207493 0.00185953 0.00940872 0.0265461 0.164762 0.650415 0.130676 0.0161089 
1.72646e-11 3.69076e-10 6.98746e-09 5.0842e-07 1.13324e-05 0.000658865 0.000641633 0.00314384 0.0101418 0.985402 
4.51046e-06 0.000131795 0.00252352 0.0146005 0.0286282 0.0542286 0.402475 0.15248 0.271776 0.0731521 
1.4202e-07 3.42292e-06 4.71845e-05 0.000948659 0.00505244 0.0296965 0.690763 0.143385 0.0860948 0.0440095 
3.58293e-11 7.22413e-10 5.2821e-09 1.48246e-07 1.11903e-06 1.15956e-05 0.000107325 0.00262934 0.0276826 0.969568 
4.57896e-05 0.00214959 0.0043446 0.052197 0.45729 0.336836 0.0949038 0.0287435 0.0125887 0.0109014 
9.84953e-10 2.0232e-08 4.07792e-07 7.18135e-06 6.68284e-05 0.00170921 0.00524145 0.0199048 0.0657055 0.907365 
3.7166e-09 7.33207e-08 7.48217e-07 3.47949e-05 0.000297748 0.00122044 0.00346917 0.0131846 0.606389 0.375403 
1.30703e-06 2.83802e-05 0.000583084 0.00391806 0.0186594 0.0383736 0.688751 0.137379 0.080298 0.0320079 
2.8319e-07 5.8094e-06 7.417e-05 0.001462 0.0188488 0.0654441 0.261321 0.372008 0.217101 0.0637348 
9.51237e-17 1.98781e-15 1.82351e-14 3.40945e-12 1.33051e-10 4.66934e-08 4.64709e-07 4.5365e-05 0.00189958 0.998055 
5.72229e-10 1.16387e-08 1.43829e-07 3.78654e-06 2.55324e-05 0.000913225 0.0022651 0.0112828 0.0506113 0.934898 
3.04352e-07 6.61848e-06 6.12851e-05 0.000955224 0.00643401 0.0196345 0.0355201 0.0694546 0.0959748 0.771959 
2.06746e-09 4.16405e-08 6.15266e-07 1.26623e-05 0.000178052 0.00229001 0.00705152 0.022923 0.0754568 0.892087 
1.62058e-09 3.32945e-08 3.38137e-07 6.78905e-06 0.000123115 0.000812042 0.00337561 0.010256 0.0220933 0.963333 
3.83811e-06 7.05427e-05 0.00181392 0.016703 0.0757719 0.472763 0.318989 0.0729147 0.0349613 0.00600822 
2.20521e-08 4.36361e-07 3.87718e-06 0.000677884 0.00206509 0.00462062 0.0124741 0.0414407 0.816493 0.122224 
1.99297e-08 4.47556e-07 3.27655e-06 9.01642e-05 0.000413312 0.00454561 0.00471723 0.0144323 0.0387975 0.937 
2.39188e-08 4.80894e-07 3.94355e-06 0.000521181 0.0011639 0.0032218 0.00982226 0.0311949 0.0789766 0.875095 
1.53238e-09 3.15879e-08 4.66217e-07 9.41775e-06 0.000128583 0.00148825 0.00560333 0.422039 0.473657 0.0970737 
1.19357e-07 2.50014e-06 3.55458e-05 0.00117133 0.00436863 0.021216 0.0584118 0.101965 0.101663 0.711166 
6.06804e-07 1.78469e-05 0.000183953 0.00288674 0.0159741 0.310379 0.225136 0.0760679 0.0646597 0.304695 
2.81549e-08 5.71205e-07 4.59573e-06 0.000805293 0.000954963 0.00175964 0.00619373 0.0259319 0.881571 0.0827786 
1.35595e-06 3.18229e-05 0.0005693 0.00523655 0.0190333 0.0712533 0.71883 0.0969216 0.0543415 0.0337815 
2.04646e-09 4.21974e-08 4.3147e-07 4.37822e-05 0.000135503 0.000848876 0.00238722 0.00720915 0.0252771 0.964098 
2.40119e-08 4.78642e-07 3.97163e-06 0.000294955 0.00134539 0.007155 0.0206918 0.0746024 0.792436 0.10347 
3.42679e-06 7.22645e-05 0.00112843 0.0177482 0.0628012 0.146962 0.690263 0.0552522 0.0208658 0.00490263 
1.09824e-09 2.27591e-08 3.34168e-07 7.24397e-06 9.22166e-05 0.0013046 0.00416548 0.0242542 0.905747 0.0644286 
1.1199e-09 2.36827e-08 4.13724e-07 1.34525e-05 0.000559179 0.00270903 0.0155613 0.0549064 0.847776 0.0784746 
6.06365e-08 1.43808e-06 1.24768e-05 0.00165393 0.00260762 0.0105806 0.0281469 0.0800631 0.787034 0.0898998 
1.27859e-05 0.00044126 0.00292877 0.0123102 0.0344581 0.0979831 0.389599 0.0630031 0.0512147 0.348049 
1.76902e-07 4.09489e-06 6.8557e-05 0.00151086 0.00610885 0.0327222 0.076034 0.448601 0.0801698 0.35478 
8.65938e-06 0.000196294 0.00149738 0.0239574 0.0512318 0.431096 0.350704 0.116856 0.0197555 0.00469745 
1.79469e-09 3.19171e-08 3.783e-07 8.00593e-06 0.000121826 0.000936829 0.00441231 0.022463 0.343328 0.62873 
2.49201e-07 6.03785e-06 4.64499e-05 0.000994733 0.00508877 0.0154076 0.0298915 0.0549716 0.0857036 0.807889 
1.09856e-09 2.25635e-08 2.70148e-07 5.72673e-06 0.000101569 0.000902639 0.00230447 0.0128084 0.895646 0.0882311 
1.05761e-07 2.27082e-06 4.50551e-05 0.00207283 0.00727925 0.0407513 0.0944527 0.740003 0.0694738 0.0459194 
1.91478e-12 3.78924e-11 4.22396e-10 3.49256e-08 2.08135e-07 1.68343e-06 1.09535e-05 6.85814e-05 0.000703318 0.999215 
2.51701e-07 5.35162e-06 0.00012176 0.00331336 0.00833475 0.0285153 0.0774369 0.129485 0.702996 0.049792 
1.53316e-07 3.47119e-06 5.52307e-05 0.00107325 0.00517976 0.0187717 0.0391772 0.0794857 0.788139 0.0681146 
2.73396e-06 6.1623e-05 0.00128788 0.0130936 0.043024 0.094576 0.117417 0.677468 0.0371445 0.0159243 
2.51041e-08 5.23956e-07 4.39436e-06 0.00114753 0.000963321 0.00227891 0.00636245 0.0197684 0.0650187 0.904456 
3.86765e-08 7.76724e-07 6.51481e-06 0.0015498 0.00256386 0.00549446 0.0159644 0.0623046 0.816208 0.0959076 
9.84719e-15 2.10745e-13 4.12025e-12 7.40244e-10 8.51339e-08 3.16416e-06 6.37444e-05 0.00270714 0.02073 0.976496 
1.16253e-08 2.42765e-07 2.35246e-06 0.000657528 0.000804108 0.00290615 0.0107777 0.0382543 0.0863493 0.860248 
2.24931e-08 4.56715e-07 3.67985e-06 0.000577693 0.0010467 0.0029268 0.013638 0.209333 0.0707221 0.701752 
1.86886e-09 3.9074e-08 6.15166e-07 1.69615e-05 0.000336979 0.00243814 0.0106923 0.0339797 0.0831768 0.869359 
5.49861e-08 1.11839e-06 8.61099e-06 0.000715345 0.00262281 0.00866895 0.0189503 0.0649357 0.131815 0.772282 
4.70827e-24 1.44164e-21 7.37703e-19 2.28719e-16 1.24453e-13 4.31746e-11 6.29728e-08 0.000175236 0.00571889 0.994106 
1.08299e-07 2.33397e-06 3.46755e-05 0.00125272 0.00545988 0.0295137 0.675398 0.150254 0.0875258 0.0505589 
9.39276e-08 2.05082e-06 2.69073e-05 0.00174216 0.00459843 0.0123565 0.0307193 0.0650974 0.0961294 0.789328 
1.97457e-06 5.03308e-05 0.000424395 0.00570439 0.0213362 0.651093 0.149391 0.0976874 0.0494302 0.0248813 
2.57427e-10 5.35202e-09 1.48445e-07 2.9262e-06 3.70303e-05 0.00125839 0.00282274 0.0142331 0.852725 0.12892 
1.66689e-09 3.4508e-08 5.80735e-07 1.18357e-05 0.000323283 0.00249095 0.00736529 0.022159 0.0510944 0.916555 
2.13025e-08 4.27316e-07 4.24202e-06 0.000422527 0.00197512 0.00644749 0.031772 0.0973414 0.771978 0.0900592 
9.29114e-08 1.97758e-06 3.21772e-05 0.00165505 0.00394187 0.0161229 0.0412408 0.292856 0.58844 0.0557088 
2.9669e-07 6.75459e-06 0.000143169 0.00324683 0.0242026 0.101591 0.689226 0.0933996 0.0557325 0.0324516 
4.73259e-05 0.000834387 0.0011553 0.0174378 0.028634 0.0760094 0.113746 0.695867 0.0520407 0.0142282 
2.93935e-05 0.000624927 0.00296684 0.0295444 0.045479 0.109746 0.722221 0.0690107 0.0181545 0.00222358 
1.28087e-06 2.86693e-05 0.000481051 0.00700042 0.0217545 0.0600427 0.105624 0.139971 0.647929 0.0171676 
1.12578e-24 4.00296e-22 2.09186e-19 1.11113e-16 1.13118e-13 1.02071e-11 2.92534e-09 3.13099e-07 0.000555547 0.999444 
3.26299e-09 6.5539e-08 7.70226e-07 1.53586e-05 0.000167312 0.00205494 0.00663532 0.0193113 0.0664426 0.905372 
5.67716e-18 1.25517e-16 4.18987e-15 1.10169e-12 2.86678e-10 8.03737e-08 3.01359e-06 0.000453598 0.0127963 0.986747 
6.16767e-11 1.29213e-09 3.96966e-08 9.67313e-07 2.03265e-05 0.000739348 0.00173135 0.00867803 0.0459514 0.942879 
6.53438e-11 1.38578e-09 4.85584e-08 9.6468e-07 4.61441e-05 0.000572391 0.00408229 0.161156 0.637179 0.196963 
4.06424e-10 8.45658e-09 1.06176e-07 2.53822e-06 2.26025e-05 0.000164402 0.00134164 0.00493945 0.111263 0.882266 
4.37838e-06 9.83828e-05 0.00101136 0.0116147 0.139432 0.611624 0.132604 0.0537401 0.029696 0.0201748 
6.57381e-06 0.000143481 0.00076308 0.00764709 0.0274178 0.0520382 0.0900709 0.744455 0.0598176 0.0176408 
2.64226e-05 0.000412374 0.00446769 0.0920719 0.182573 0.286681 0.23178 0.162111 0.032305 0.00757245 
2.98466e-06 6.61608e-05 0.00107533 0.0119056 0.0312306 0.0661066 0.0963819 0.727577 0.0517542 0.0138998 
4.75669e-08 9.66864e-07 9.00452e-06 0.000731719 0.00296269 0.00884398 0.0348475 0.105382 0.756438 0.0907845 
2.78598e-10 5.8529e-09 2.12665e-07 4.27128e-06 8.04896e-05 0.00151691 0.00376652 0.0120654 0.0306115 0.951955 
9.82787e-08 2.14595e-06 2.72379e-05 0.000669575 0.00248705 0.00951754 0.0243748 0.0429476 0.0644744 0.8555 
2.07245e-34 1.05513e-30 1.11965e-26 9.86459e-23 5.62702e-19 8.74533e-15 2.63683e-10 6.46397e-05 0.00158109 0.998354 
3.05092e-08 6.32447e-07 5.33311e-06 0.00122796 0.00177236 0.00443763 0.0176985 0.062393 0.124984 0.787481 
4.57668e-07 1.34196e-05 8.41078e-05 0.00118579 0.00672544 0.0191153 0.0368556 0.0820829 0.773484 0.0804534 
6.62433e-09 1.39275e-07 1.58833e-06 0.000319099 0.000510145 0.00350838 0.01132 0.0440921 0.0983982 0.84185 
1.18498e-14 2.47753e-13 5.80082e-12 7.32569e-10 1.0516e-07 7.7416e-06 9.35799e-05 0.00191749 0.019157 0.978824 
0.00022652 0.0047463 0.0064863 0.0537008 0.0771573 0.122579 0.669077 0.0493863 0.015281 0.0013595 
2.91405e-07 6.62308e-06 8.01633e-05 0.00115649 0.00575536 0.0211775 0.0334708 0.0576461 0.0888533 0.791853 
1.65599e-22 5.38171e-20 2.12136e-17 5.16911e-15 1.52399e-12 4.81183e-10 1.2776e-07 0.000272382 0.00705224 0.992675 
6.44816e-07 1.60804e-05 0.000414113 0.00593116 0.0845053 0.268048 0.0819949 0.250313 0.266127 0.0426495 
2.22906e-07 5.17105e-06 3.30727e-05 0.000549394 0.00435543 0.0114683 0.0196637 0.0483998 0.817319 0.0982063 
5.82612e-06 0.000138184 0.00194548 0.0197196 0.0631735 0.30699 0.380902 0.194429 0.025018 0.00767767 
9.99049e-09 2.08412e-07 2.08422e-06 0.000528671 0.000938893 0.00353029 0.0143732 0.05069 0.800375 0.129562 
9.62098e-07 2.5866e-05 0.000215352 0.00236622 0.0142434 0.0309455 0.0635166 0.671584 0.181717 0.0353847 
4.63414e-09 9.80881e-08 1.03262e-06 0.000159709 0.000276556 0.00147644 0.00328624 0.00956925 0.0304636 0.954767 
5.97503e-07 1.63488e-05 0.000213992 0.00218014 0.00883226 0.0265229 0.0597457 0.720791 0.121096 0.0606015 
1.12434e-08 2.37547e-07 2.28698e-06 0.000755347 0.00052779 0.0018161 0.00401424 0.0147534 0.0627965 0.915334 
3.13638e-08 6.85111e-07 6.8529e-06 0.000580523 0.00149123 0.00401003 0.0138382 0.258229 0.298212 0.423632 
6.98355e-08 1.45184e-06 1.13219e-05 0.0013903 0.00223234 0.00858271 0.0116586 0.0352102 0.827493 0.11342 
9.18792e-11 1.90053e-09 7.77828e-08 1.5699e-06 2.31045e-05 0.00118573 0.00184465 0.0121917 0.901665 0.0830885 
2.1224e-11 4.48765e-10 1.25834e-08 5.63072e-07 1.27764e-05 0.000995357 0.00493493 0.0328197 0.0849624 0.876274 
0.000126789 0.00391801 0.0272285 0.67809 0.14722 0.0855458 0.035019 0.0122485 0.0096434 0.000959957 
5.41556e-07 1.20758e-05 0.000267014 0.00276338 0.0121646 0.0643238 0.658536 0.206139 0.0486193 0.00717486 
2.44944e-08 4.51576e-07 5.18347e-06 0.000128561 0.0017546 0.00711073 0.0250307 0.199243 0.671889 0.0948374 
1.82568e-26 6.90882e-24 5.01424e-21 7.24905e-18 7.68585e-15 1.38208e-11 1.21449e-08 4.9575e-05 0.00165082 0.9983 
0.000177866 0.00427563 0.0148136 0.0673399 0.122388 0.689258 0.0713929 0.0178566 0.0103373 0.00215997 
4.10211e-05 0.000922488 0.00779847 0.030365 0.0821203 0.722972 0.103821 0.0403088 0.0104106 0.00123969 
4.36064e-09 8.1881e-08 8.07551e-07 2.30667e-05 0.000519555 0.00239044 0.0118561 0.0377233 0.0883527 0.859134 
6.00685e-09 1.2063e-07 1.12948e-06 3.55326e-05 0.000597003 0.00658353 0.034678 0.764437 0.103417 0.0902506 
1.14988e-06 3.21031e-05 0.000406784 0.00457461 0.0238172 0.0778135 0.73659 0.096826 0.0432231 0.0167156 
2.42761e-10 4.98736e-09 1.51582e-07 2.30837e-06 2.33984e-05 0.000881841 0.00189473 0.0099576 0.0455099 0.94173 
1.927e-08 3.8818e-07 3.20128e-06 0.000632619 0.000922459 0.00244204 0.0103254 0.0384836 0.819558 0.127632 
1.011e-05 0.000208989 0.0010038 0.0161732 0.0644182 0.653111 0.15652 0.0614843 0.0334921 0.0135783 
4.06374e-09 8.74064e-08 8.11424e-07 1.6638e-05 0.000186696 0.000981135 0.00535445 0.0161753 0.0571518 0.920133 
1.52267e-06 3.45868e-05 0.000785736 0.00964797 0.0468733 0.578432 0.274966 0.0515383 0.0248245 0.0128959 
1.98481e-10 4.07696e-09 1.84498e-07 2.86981e-06 3.34562e-05 0.00139595 0.00322847 0.0175804 0.861236 0.116523 
1.49065e-07 3.59938e-06 6.52621e-05 0.00101401 0.00575324 0.0281357 0.0793535 0.746071 0.094454 0.0451498 
7.53826e-14 1.59055e-12 4.05564e-11 1.7531e-09 5.97503e-08 3.33729e-06 2.34537e-05 0.000394465 0.00556098 0.994018 
9.07029e-11 1.87267e-09 9.07126e-08 1.28368e-06 1.17598e-05 0.00040703 0.00104287 0.00861716 0.0431977 0.946722 
2.59565e-10 5.33539e-09 4.92322e-08 1.15977e-06 3.00591e-05 8.06887e-05 0.000187311 0.000353362 0.000946978 0.9984 
1.12832e-08 2.04737e-07 1.85453e-06 5.08992e-05 0.00178085 0.00402414 0.00838132 0.0293218 0.0815836 0.874855 
3.94059e-08 7.86796e-07 6.02154e-06 0.00118701 0.00182042 0.00539769 0.0250374 0.0772057 0.805532 0.0838127 
1.82906e-23 5.7622e-21 3.03188e-18 1.12376e-15 8.25988e-13 2.05154e-10 2.53735e-07 0.000723561 0.484789 0.514488 
7.97013e-08 2.08694e-06 1.86525e-05 0.000337345 0.00369092 0.0136176 0.0195341 0.0467847 0.0922631 0.823751 
6.66749e-11 1.37735e-09 6.6584e-08 9.43993e-07 8.76255e-06 0.000304696 0.000752763 0.00705128 0.481667 0.510215 
2.05581e-11 4.2257e-10 2.20176e-08 2.49121e-07 1.17433e-06 5.95469e-06 7.21387e-05 0.00191031 0.0192842 0.978726 
7.9567e-12 1.67143e-10 5.75084e-09 1.75958e-07 3.52804e-06 0.000190791 0.00075481 0.00764644 0.0407155 0.950689 
1.8017e-08 3.39351e-07 2.99728e-06 6.95033e-05 0.00156723 0.00239194 0.00761829 0.023523 0.0595967 0.90523 
7.80038e-11 1.61202e-09 6.36949e-08 1.32153e-06 1.67047e-05 0.000770892 0.00067686 0.00628698 0.0314768 0.96077 
6.22684e-08 1.54837e-06 1.25127e-05 0.00148485 0.00353931 0.00901629 0.0138314 0.0394667 0.0731745 0.859473 
5.42899e-11 1.12924e-09 1.5192e-08 3.80217e-07 1.17626e-05 4.01667e-05 0.000121246 0.0074095 0.949646 0.0427713 
1.2788e-10 2.63109e-09 1.19617e-07 1.88655e-06 2.24624e-05 0.00119878 0.00477764 0.026551 0.0730954 0.894353 
8.26693e-09 1.43654e-07 9.94983e-07 2.44219e-05 0.000573496 0.00577532 0.540535 0.350165 0.0624238 0.040501 
1.11797e-13 2.3911e-12 3.6859e-11 3.04004e-09 3.02301e-07 1.9806e-05 0.000348993 0.00471158 0.479594 0.515325 
1.29504e-05 0.000267449 0.00115947 0.0223906 0.0322676 0.0797712 0.744579 0.0817588 0.0300738 0.00771893 
1.44774e-09 2.95918e-08 3.81379e-07 7.32659e-06 0.000187584 0.00106939 0.00352371 0.0115727 0.0360156 0.947623 
8.23951e-11 1.70395e-09 8.02859e-08 1.22605e-06 1.238e-05 0.000496531 0.000534738 0.00399628 0.023285 0.971674 
6.46947e-08 1.55979e-06 1.58817e-05 0.00133448 0.00346158 0.0114613 0.046037 0.766734 0.103533 0.0674206 
1.89864e-20 4.0378e-19 7.63615e-18 1.72643e-15 2.85405e-13 1.15005e-10 1.09768e-08 3.03587e-05 0.00237097 0.997599 
3.85308e-07 9.22299e-06 0.000114157 0.0037174 0.0177548 0.127307 0.29224 0.212649 0.30302 0.0431888 
3.22782e-10 6.88549e-09 1.53576e-07 5.17288e-06 0.000673578 0.00414533 0.0200056 0.0649222 0.867451 0.042797 
1.17008e-08 2.11656e-07 1.74631e-06 4.95327e-05 0.00105271 0.00336511 0.00733817 0.0276658 0.0585112 0.902015 
3.46557e-05 0.000713043 0.0014999 0.019083 0.0278198 0.0534258 0.0536403 0.0544543 0.742814 0.046515 
2.09406e-15 4.39403e-14 5.13423e-13 1.41842e-10 4.94763e-09 8.66003e-07 1.65583e-05 0.00218173 0.0259084 0.971892 
1.22416e-06 2.83076e-05 0.000352277 0.00487805 0.0684022 0.054436 0.69006 0.0430971 0.0724839 0.0662613 
3.96727e-07 1.1729e-05 9.3331e-05 0.00112307 0.00690102 0.0245351 0.542974 0.287207 0.085774 0.0513796 
2.56645e-06 5.19138e-05 0.000967579 0.0108965 0.0188775 0.0470289 0.0663903 0.0967145 0.715077 0.043993 
2.09806e-06 4.27604e-05 0.00100005 0.0110732 0.0473394 0.674864 0.131175 0.0803435 0.0371117 0.017048 
5.13895e-09 9.88387e-08 8.8305e-07 0.000145458 0.000393029 0.00393911 0.218363 0.183592 0.365099 0.228467 
2.39463e-08 5.02238e-07 1.02308e-05 0.000142057 0.00172108 0.00831813 0.107063 0.622534 0.223043 0.0371676 
1.82499e-06 4.15998e-05 0.00107206 0.0128922 0.0581605 0.664771 0.119042 0.0739634 0.0419053 0.0281501 
5.20532e-35 3.43622e-31 4.28134e-27 4.09884e-23 2.688e-19 4.81768e-15 3.39512e-11 4.51489e-07 0.00118951 0.99881 
1.37287e-08 2.9093e-07 2.78162e-06 0.00104178 0.000729774 0.00220627 0.00369343 0.014537 0.869067 0.108722 
4.77226e-16 1.01242e-14 1.58809e-13 1.99245e-11 2.34702e-09 9.85508e-08 2.86163e-06 0.000134352 0.00137657 0.998486 
1.28584e-09 2.70088e-08 4.05863e-07 1.13559e-05 0.000262608 0.00190228 0.00976355 0.0368483 0.0865046 0.864707 
2.79088e-08 5.35518e-07 4.42274e-06 0.00022573 0.00232649 0.00808028 0.0377414 0.748984 0.118527 0.0841101 
0.000197118 0.00458532 0.0132594 0.0422594 0.0923998 0.279919 0.529718 0.0259166 0.0080608 0.00368419 
2.13761e-07 4.61581e-06 8.99936e-05 0.00220996 0.0165781 0.685345 0.119885 0.0841826 0.0519823 0.0397223 
5.07208e-07 1.50265e-05 0.000129668 0.00132905 0.00830962 0.0213814 0.175269 0.0580295 0.601094 0.134443 
2.86942e-08 6.07017e-07 4.78615e-06 9.98648e-05 0.000796409 0.00418276 0.0125926 0.0460126 0.105487 0.830823 
6.95334e-08 1.49906e-06 4.15316e-05 0.000861552 0.00383839 0.101133 0.0356161 0.108467 0.501095 0.248945 
1.89697e-10 3.90962e-09 1.58885e-07 2.55537e-06 2.90319e-05 0.00113962 0.00316294 0.0139366 0.0526753 0.929054 
4.49186e-05 0.000945195 0.00210293 0.0353698 0.607204 0.16143 0.107436 0.0513524 0.0266855 0.00742975 
1.52058e-09 3.12816e-08 3.94588e-07 9.07822e-06 0.00013304 0.0011921 0.00402931 0.0118938 0.0436699 0.939072 
4.72241e-07 1.15655e-05 0.000141446 0.00151868 0.00547514 0.0151373 0.0342022 0.665308 0.221957 0.0562485 
2.77413e-08 5.63321e-07 4.86339e-06 0.00101409 0.00173305 0.00617059 0.0216618 0.0716263 0.804 0.0937891 
3.20026e-08 6.55836e-07 1.665e-05 0.0011197 0.0033375 0.0109656 0.0464254 0.754909 0.106547 0.0766787 
7.12318e-06 0.000179571 0.00193281 0.017498 0.0449415 0.745934 0.10833 0.0565455 0.0207584 0.00387371 
1.08605e-06 2.68157e-05 0.000443685 0.00411647 0.0254151 0.661749 0.119723 0.108867 0.0568473 0.0228108 
4.22004e-08 8.65466e-07 7.7351e-06 0.0015456 0.0019785 0.00676328 0.0318863 0.785626 0.0931598 0.0790321 
1.03513e-09 2.14073e-08 3.4639e-07 7.90883e-06 0.000367932 0.00353192 0.0122927 0.0498456 0.866273 0.0676809 
7.43433e-09 1.32806e-07 1.22097e-06 2.84227e-05 0.000966807 0.00277838 0.00734891 0.033001 0.0888365 0.867039 
2.78953e-09 5.76307e-08 6.79538e-07 2.27141e-05 0.000232165 0.00190442 0.00517219 0.016017 0.0506228 0.926028 
1.79739e-08 3.72643e-07 3.3581e-06 0.000749992 0.00165547 0.00322847 0.0111754 0.177678 0.072907 0.732602 
6.04573e-11 1.24783e-09 3.34676e-08 6.28392e-07 7.63559e-06 0.000357899 0.00230893 0.0200199 0.0650887 0.912216 
1.06867e-07 2.58988e-06 2.72532e-05 0.00134619 0.00570414 0.0141686 0.0351942 0.0775682 0.779589 0.0863994 
1.16017e-07 2.31089e-06 4.37098e-05 0.00125467 0.00400292 0.0141301 0.0485477 0.782667 0.090965 0.0583865 
7.36487e-08 1.50476e-06 1.59985e-05 0.00192222 0.00280517 0.00623253 0.0164301 0.0531951 0.820711 0.0986862 
8.58522e-11 1.77362e-09 4.67816e-08 9.78672e-07 1.52995e-05 0.0002637 0.000862257 0.00218316 0.00744429 0.98923 
6.94977e-08 1.7274e-06 1.71524e-05 0.000239787 0.00264131 0.00953094 0.0171113 0.0361769 0.0600995 0.874181 
4.27266e-07 9.21441e-06 0.000216451 0.00562836 0.0271002 0.268613 0.286754 0.186701 0.0653989 0.159579 
1.43883e-15 3.01314e-14 3.20125e-13 8.24847e-11 2.45023e-09 5.39558e-07 7.1206e-06 0.000565913 0.00739617 0.99203 
8.57464e-13 1.77811e-11 4.20541e-10 4.77058e-09 3.20409e-08 1.51872e-06 1.94204e-06 0.000261287 0.00975076 0.989984 
1.34443e-07 3.38035e-06 3.92123e-05 0.000553118 0.00434122 0.0154536 0.0296257 0.0772518 0.789301 0.0834309 
5.72562e-07 1.25705e-05 0.000262378 0.00296358 0.0125583 0.175998 0.605108 0.109385 0.0605661 0.0331462 
1.52709e-09 3.16536e-08 5.17713e-07 1.06752e-05 0.000294368 0.00221403 0.0106507 0.0455832 0.833726 0.10752 
1.17729e-10 2.43141e-09 1.17831e-07 1.67081e-06 1.57248e-05 0.000671668 0.00267068 0.849683 0.0769557 0.0700014 
4.16778e-05 0.000899331 0.00269445 0.0265617 0.0845114 0.573324 0.233866 0.0476115 0.0223019 0.00818876 
3.93445e-06 9.77885e-05 0.00106668 0.0153901 0.0436571 0.0985229 0.705692 0.090302 0.0335006 0.0117667 
3.90405e-07 1.04862e-05 0.000171959 0.00154225 0.0114625 0.0375574 0.0865705 0.72704 0.090776 0.0448688 
4.41868e-08 1.20287e-06 2.76441e-05 0.000243376 0.00319034 0.0208433 0.702598 0.103533 0.0984722 0.0710904 
1.08191e-08 2.25548e-07 9.36173e-06 0.000518315 0.000829643 0.00319669 0.0116792 0.0386461 0.0948794 0.850241 
1.43205e-08 3.12292e-07 2.7806e-06 0.000705548 0.000708893 0.00247663 0.00735556 0.0299923 0.0928576 0.8659 
1.97236e-08 3.6259e-07 3.70848e-06 0.000108121 0.00221139 0.00952815 0.0330059 0.0917795 0.762698 0.100665 
1.63379e-06 3.64201e-05 0.000600347 0.00645272 0.0272682 0.0822965 0.673529 0.17047 0.0294063 0.00993834 
1.45894e-10 2.98827e-09 1.34053e-07 2.06657e-06 2.38435e-05 0.00104144 0.00249393 0.0172318 0.896143 0.083064 
0.000104756 0.00227924 0.0109103 0.0606399 0.316125 0.526813 0.0659163 0.0105347 0.00569042 0.000986402 
2.26428e-08 5.07752e-07 4.06984e-06 8.7809e-05 0.000603114 0.00551019 0.0128547 0.0680215 0.689113 0.223805 
1.35407e-07 2.91116e-06 4.57719e-05 0.000612029 0.00228723 0.0102065 0.0204609 0.0406016 0.31533 0.610453 
2.16686e-09 4.36289e-08 6.69889e-07 2.02099e-05 0.000770126 0.0063497 0.0293848 0.084503 0.803405 0.075566 
1.9886e-10 4.24805e-09 7.07307e-08 1.61626e-06 1.44441e-05 0.000241764 0.00247838 0.0110854 0.878982 0.107197 
1.15066e-08 2.61435e-07 2.54716e-05 0.000207749 0.00246154 0.0143805 0.721185 0.129563 0.0790603 0.053116 
2.88209e-09 5.98687e-08 8.22441e-07 2.04603e-05 0.000950483 0.00205802 0.00602326 0.025297 0.869845 0.0958051 
1.7175e-08 3.68575e-07 3.36719e-06 0.00107521 0.00107687 0.00380553 0.0120257 0.0444731 0.0982318 0.839308 
1.58086e-06 3.28858e-05 0.000567728 0.00496145 0.0294425 0.659958 0.153119 0.0906038 0.0411678 0.0201461 
1.39514e-08 2.93894e-07 2.91175e-06 0.000822086 0.00122057 0.00786202 0.033842 0.576063 0.300064 0.0801234 
2.46701e-07 5.59521e-06 9.92821e-05 0.00142222 0.00675361 0.0285783 0.0616044 0.74307 0.107898 0.0505684 
3.61355e-07 7.90426e-06 9.60845e-05 0.00203706 0.00869438 0.0307132 0.0791873 0.754721 0.0807066 0.0438361 
2.03939e-10 4.20651e-09 1.95986e-07 2.99747e-06 3.18018e-05 0.00134307 0.00233742 0.012914 0.0446412 0.938729 
2.26144e-05 0.000496589 0.00148512 0.0183278 0.159411 0.435069 0.312686 0.0518078 0.0166297 0.00406377 
4.4849e-07 1.32822e-05 0.000105825 0.00181988 0.00729631 0.0174921 0.0545141 0.739213 0.113644 0.0659005 
1.32429e-07 3.23588e-06 4.86661e-05 0.000958472 0.0149739 0.58943 0.196824 0.0803663 0.0679806 0.0494144 
