3715
4.23081e-09 9.90757e-08 4.96824e-07 0.000340357 0.000272934 0.0013828 0.00337831 0.0123503 0.0323164 0.949958 
3.35038e-09 4.98892e-08 5.24696e-07 2.7363e-05 0.000253429 0.0015915 0.00585062 0.02211 0.93686 0.0333062 
2.51187e-17 5.61724e-16 1.01223e-14 5.51239e-12 1.20428e-09 8.63183e-08 5.03394e-06 0.000589548 0.496216 0.503189 
4.56177e-05 0.00101311 0.000155494 0.00337909 0.00735339 0.0192404 0.0390227 0.86345 0.043266 0.0230746 
8.61765e-05 0.00195115 0.000961245 0.0146388 0.045402 0.831155 0.0606678 0.0227087 0.0212566 0.00117228 
2.79589e-09 4.25282e-08 4.58184e-07 2.44276e-05 0.000302313 0.00154351 0.00668492 0.906138 0.0447366 0.0405696 
2.05119e-08 5.25839e-07 4.37507e-06 0.000384801 0.00149124 0.00649883 0.0142548 0.0385018 0.896565 0.0422984 
1.60085e-11 3.6069e-10 5.47683e-09 3.38831e-07 1.59765e-06 8.36843e-05 0.000813136 0.00498193 0.687862 0.306258 
2.87897e-11 7.58121e-10 9.83625e-09 9.09938e-07 2.99322e-06 0.000186826 0.000666831 0.0010372 0.0039882 0.994117 
1.05037e-12 1.8786e-11 4.20437e-10 1.89732e-08 4.05774e-07 6.4003e-05 0.000459901 0.00468034 0.964068 0.0307269 
1.79701e-09 4.1618e-08 2.92559e-07 0.000176699 0.000179372 0.00123686 0.00378474 0.012957 0.212944 0.768721 
1.32414e-09 3.02913e-08 1.94684e-07 0.000122046 0.000274529 0.00153945 0.00804051 0.0270603 0.920238 0.0427253 
1.23072e-10 3.06505e-09 6.0366e-08 3.26629e-06 0.000198082 0.000821882 0.00252307 0.00699452 0.0152314 0.974228 
1.10823e-10 2.68382e-09 4.94781e-08 2.51444e-06 3.44414e-05 0.000617829 0.00314486 0.010088 0.0282539 0.957858 
5.79562e-10 9.94725e-09 1.35012e-07 7.5441e-06 0.00018704 0.000867481 0.00532565 0.0180216 0.914162 0.0614288 
1.61681e-17 3.59232e-16 3.33189e-15 2.62059e-12 4.28502e-11 6.19408e-08 9.56797e-08 0.000194108 0.748545 0.251261 
5.51415e-08 1.41263e-06 1.03374e-05 0.00162042 0.00326662 0.00973985 0.0187621 0.033999 0.0452625 0.887338 
6.14183e-08 2.6508e-06 1.80958e-05 0.000549234 0.00514386 0.0131318 0.0315842 0.885668 0.0405429 0.0233593 
1.61864e-05 0.000361265 0.000583939 0.00511111 0.0157845 0.38439 0.346148 0.235084 0.0118029 0.000717954 
8.28761e-13 1.49944e-11 2.03329e-10 1.99423e-08 3.59055e-07 4.19943e-05 0.000424951 0.00412434 0.969377 0.0260309 
7.43093e-08 3.42761e-06 5.43226e-05 0.00107172 0.00365076 0.00816824 0.018222 0.0292949 0.891268 0.0482665 
6.50784e-13 1.46314e-11 3.61395e-10 1.36088e-08 8.36331e-08 7.36592e-07 2.7719e-05 0.000211712 0.000737474 0.999022 
1.35928e-08 3.12109e-07 1.93867e-06 0.000505899 0.00168418 0.00473171 0.009622 0.0283932 0.046572 0.908489 
3.78041e-11 7.63613e-10 8.99775e-09 5.17348e-07 2.29788e-05 0.000478925 0.0117879 0.0579499 0.72434 0.205419 
7.07844e-34 1.12918e-29 8.34045e-26 7.03909e-22 7.19888e-18 4.62506e-14 2.38956e-10 2.72612e-05 0.000258761 0.999714 
2.32849e-09 5.48503e-08 3.22416e-07 0.000206471 0.000141338 0.000855799 0.0030669 0.0105165 0.0213161 0.963896 
7.21376e-35 5.67343e-31 3.51253e-27 2.72899e-23 2.41174e-19 3.22094e-15 4.73983e-12 1.09785e-06 0.000251061 0.999748 
8.08037e-12 2.26036e-10 5.29373e-09 2.29578e-07 3.5634e-06 7.5379e-05 0.000240267 0.000614528 0.00690283 0.992163 
2.6195e-05 0.00166456 0.0100788 0.0270135 0.0490478 0.863151 0.0314555 0.00810179 0.0057906 0.00367001 
4.37683e-09 1.00706e-07 4.82143e-07 0.00044253 0.000447253 0.00144044 0.00440971 0.0149803 0.0343928 0.943886 
1.08075e-07 6.47238e-06 0.000104828 0.00199972 0.00501709 0.0120993 0.0298344 0.882324 0.0442094 0.0244042 
5.81904e-09 1.30222e-07 7.59741e-07 0.000268953 0.000672333 0.00209674 0.00765305 0.0209196 0.906837 0.061551 
1.96393e-11 4.44848e-10 1.33116e-08 7.63206e-07 8.2258e-05 0.00189346 0.921915 0.0307238 0.0262606 0.0191239 
1.59229e-12 3.47274e-11 1.8507e-09 6.54495e-08 2.16774e-06 0.000190491 0.00149227 0.135789 0.503926 0.3586 
1.12738e-11 2.48703e-10 1.08662e-08 3.5998e-07 3.90787e-06 0.000106943 0.00102455 0.00374771 0.0125119 0.982605 
8.52703e-11 2.14353e-09 2.9822e-08 2.22815e-06 9.19676e-06 0.000389251 0.00164615 0.00592396 0.963455 0.0285739 
1.5568e-12 3.06015e-11 1.06198e-09 5.38326e-08 9.77496e-07 0.00027578 0.00188749 0.00832721 0.0221137 0.967395 
4.94681e-08 1.62328e-06 1.01717e-05 0.00083688 0.00282336 0.00739117 0.0143841 0.0234419 0.478196 0.472915 
6.43401e-12 1.41543e-10 1.13066e-08 2.55964e-07 1.66433e-06 0.000372919 0.00201903 0.0111137 0.941202 0.04529 
6.96202e-09 1.39474e-07 9.35855e-07 0.00018348 0.0010183 0.00644039 0.446813 0.28425 0.229273 0.03202 
3.323e-06 8.16937e-05 0.00044711 0.0045921 0.0199249 0.545754 0.375852 0.027554 0.0172386 0.00855239 
4.31275e-11 1.13676e-09 1.61859e-08 1.07626e-06 5.26788e-06 0.000357334 0.000874556 0.00224764 0.0110056 0.985509 
1.89504e-17 4.21122e-16 4.03501e-15 3.11703e-12 5.09472e-11 6.79453e-08 1.03439e-07 7.80163e-05 0.00062945 0.999292 
8.67397e-11 2.11014e-09 3.80547e-08 2.20047e-06 3.84096e-05 0.000776142 0.0035262 0.0109539 0.481641 0.503062 
5.44118e-08 1.75749e-06 1.59174e-05 0.000201574 0.00135315 0.00305065 0.00624054 0.0192549 0.666502 0.30338 
2.56095e-08 6.12145e-07 3.92602e-06 0.000844958 0.00313101 0.00888975 0.0216335 0.871493 0.0497381 0.0442651 
1.52533e-16 3.41994e-15 8.61555e-14 5.46703e-11 1.97814e-08 6.13737e-07 5.00647e-06 0.00081445 0.0046062 0.994574 
2.63076e-06 5.8798e-05 2.59409e-05 0.00127004 0.00414684 0.00840639 0.0201712 0.891468 0.0409876 0.033463 
2.01773e-12 4.55381e-11 4.37577e-09 8.20972e-08 4.87837e-07 6.8614e-06 0.000941748 0.00302795 0.00879516 0.987228 
8.22027e-07 1.88205e-05 6.63311e-05 0.000952106 0.00186797 0.00542624 0.0145288 0.112406 0.850376 0.0143561 
7.73835e-13 1.3574e-11 1.55719e-10 1.45666e-08 1.74551e-07 1.33754e-05 8.92549e-05 0.000573432 0.00476814 0.994556 
5.61862e-08 1.75871e-06 3.48015e-05 0.000835444 0.00462309 0.0166276 0.0380425 0.0636464 0.855953 0.0202356 
9.18961e-12 3.12614e-10 4.20497e-09 2.58267e-07 5.796e-06 0.000176464 0.000110747 0.000151976 0.0006747 0.99888 
9.96067e-06 0.000221187 5.86894e-05 0.000466626 0.00273149 0.00631435 0.00995889 0.225779 0.747935 0.00652527 
1.25275e-07 6.1344e-06 3.25185e-05 0.00132839 0.00902035 0.0212689 0.0420669 0.053969 0.856595 0.0157132 
2.64349e-09 6.65162e-08 5.63242e-07 0.00017045 0.000335747 0.000937194 0.00405843 0.0126423 0.0304772 0.951378 
9.00732e-14 2.0014e-12 1.86451e-11 1.4581e-08 2.41844e-07 0.000339272 0.000145999 0.0040804 0.986502 0.00893234 
4.91067e-12 1.10773e-10 1.04577e-08 2.08848e-07 1.33561e-06 0.000302168 0.00221417 0.0133139 0.955598 0.0285703 
6.70374e-12 1.52068e-10 1.21088e-08 3.04477e-07 2.34054e-06 0.000573223 0.00310693 0.0165109 0.958218 0.0215885 
2.12192e-08 5.31228e-07 1.34857e-05 0.001385 0.00332548 0.0231231 0.846637 0.0434442 0.0404938 0.0415774 
7.4058e-08 3.17816e-06 0.000100013 0.00146074 0.00863465 0.0283226 0.453807 0.0368571 0.448527 0.0222874 
0.000266938 0.0052699 0.0103429 0.0332415 0.857812 0.0521357 0.0205236 0.00608109 0.0133244 0.00100178 
1.23028e-16 4.2397e-15 3.46206e-14 3.0314e-12 1.45291e-11 2.28881e-09 1.75411e-09 1.92375e-06 0.000173577 0.999824 
1.19224e-08 1.18298e-06 3.38223e-06 7.46164e-05 0.00088006 0.00278941 0.00368205 0.00528257 0.00996057 0.977326 
2.28837e-08 8.31555e-07 4.07771e-06 0.000113427 0.00242378 0.00928932 0.0165147 0.036476 0.891548 0.0436295 
5.10716e-11 1.33355e-09 1.9266e-08 1.1603e-06 1.96142e-05 0.000439104 0.00125903 0.00340275 0.0128968 0.981981 
1.75174e-09 2.73635e-08 3.03694e-07 1.65543e-05 0.000208715 0.00105249 0.0042701 0.0128606 0.0260168 0.955574 
9.38126e-14 2.11798e-12 2.12624e-10 3.829e-09 1.38143e-08 1.75678e-07 5.60678e-06 0.000285804 0.00450914 0.995199 
1.23322e-08 3.01221e-07 2.58252e-06 0.000375033 0.00171996 0.00649382 0.0221511 0.88981 0.0427013 0.0367454 
2.28758e-12 7.65143e-11 6.093e-10 6.7575e-08 2.47775e-07 3.90353e-05 2.74481e-05 0.000115501 0.00151054 0.998307 
7.0378e-12 1.56622e-10 1.36233e-09 9.37541e-08 6.29397e-07 4.25794e-06 7.49971e-05 0.000517438 0.00364951 0.995753 
4.73953e-08 1.76776e-06 3.64975e-05 0.00102644 0.00649188 0.189525 0.019296 0.557808 0.204042 0.0217729 
3.57071e-05 0.000791616 0.000200463 0.00407105 0.00704215 0.0177258 0.291388 0.653511 0.0180493 0.00718545 
2.16122e-15 4.87287e-14 7.89646e-13 5.0968e-11 2.24502e-09 5.41556e-08 1.09451e-05 0.000117187 0.00258287 0.997289 
1.78375e-08 1.31031e-06 3.81439e-06 0.000516155 0.00154922 0.00355027 0.00708328 0.0160379 0.0340322 0.937226 
1.14743e-17 2.54974e-16 2.42455e-15 1.87949e-12 3.10677e-11 4.43859e-08 5.70836e-08 3.12276e-05 0.000633941 0.999335 
9.90371e-11 2.46292e-09 8.89519e-08 3.94598e-06 0.000229481 0.000128179 0.000992421 0.00184907 0.00377682 0.99302 
1.10568e-09 1.71914e-08 1.85015e-07 1.56062e-05 0.000143677 0.000496696 0.00201189 0.00683934 0.18245 0.808042 
2.29986e-07 8.35185e-06 0.00010419 0.00557211 0.021915 0.0542735 0.823897 0.0442356 0.0312628 0.0187314 
6.97394e-07 1.65306e-05 8.65136e-05 0.0157635 0.0260272 0.367725 0.117974 0.0773002 0.250371 0.144735 
1.68823e-08 1.64022e-06 4.54532e-06 0.000338028 0.00109896 0.00402415 0.0128143 0.0346482 0.904127 0.0429437 
5.74008e-05 0.00127921 0.000234475 0.00687877 0.0132385 0.0333357 0.0518796 0.840469 0.0438002 0.00882745 
1.96707e-11 6.33516e-10 5.41807e-09 5.87237e-07 2.11007e-06 0.000306933 0.000370688 0.000533886 0.00080953 0.997976 
1.07739e-07 5.21657e-06 2.88429e-05 0.000870983 0.00755317 0.0155928 0.0283862 0.0436143 0.87022 0.0337283 
4.25943e-09 9.20332e-08 5.68829e-07 0.000241902 0.000327488 0.00140549 0.00402513 0.0126148 0.0333207 0.948064 
1.09602e-12 2.73133e-11 7.53315e-10 1.85151e-08 1.56833e-07 8.28117e-06 0.000221262 0.00229697 0.0112891 0.986184 
1.39214e-09 3.20803e-08 3.21531e-07 0.000184676 0.00114997 0.842559 0.0453234 0.0371823 0.0324382 0.0411622 
6.23164e-08 1.67577e-06 1.68058e-05 0.00112622 0.0049398 0.0615979 0.045395 0.0695467 0.52836 0.289016 
7.26787e-15 1.57812e-13 1.47396e-12 1.07926e-09 1.69013e-08 8.2725e-06 1.9584e-05 0.000491938 0.0492695 0.950211 
1.59086e-07 6.00771e-06 0.000128143 0.00222986 0.00764233 0.0139726 0.0251628 0.0386664 0.850815 0.0613763 
1.09952e-09 2.60078e-08 2.92601e-07 9.59388e-05 0.000376986 0.00118127 0.00320883 0.00822731 0.0206563 0.966253 
8.18162e-18 1.81786e-16 1.68732e-15 1.32608e-12 2.2173e-11 3.0981e-08 8.014e-08 7.89898e-05 0.00283141 0.997089 
5.28102e-11 1.19822e-09 2.05597e-08 1.23207e-06 5.00513e-05 0.000258403 0.00137172 0.0036624 0.00925994 0.985396 
1.72072e-12 4.26909e-11 5.1469e-09 1.15774e-07 1.40409e-05 3.57011e-05 4.91578e-06 0.000118555 0.0024975 0.997329 
6.28329e-09 1.48114e-07 7.79236e-07 0.000232358 0.00118532 0.00212334 0.0054242 0.0128495 0.026122 0.952062 
7.25896e-08 4.72645e-06 5.08424e-05 0.00114731 0.00335043 0.0101052 0.0221745 0.0344923 0.0427727 0.885902 
1.00588e-11 2.18177e-10 1.0406e-08 2.69161e-07 1.79849e-06 8.50069e-05 0.00157894 0.00478442 0.0131002 0.980449 
7.42757e-05 0.00145297 0.0109846 0.209335 0.738959 0.0245201 0.00781422 0.00243392 0.00436331 6.27447e-05 
2.33977e-10 5.53934e-09 5.28939e-08 5.1646e-06 0.000125545 0.00127473 0.00546564 0.0152977 0.0314205 0.946411 
3.46814e-09 6.08865e-08 5.13179e-07 0.000139778 0.000539311 0.00152291 0.0048021 0.156198 0.0365277 0.80027 
3.50126e-09 5.41124e-08 5.79176e-07 2.8527e-05 0.000358922 0.0019515 0.00700695 0.0257255 0.917665 0.0472632 
1.69278e-07 8.10981e-06 0.000250027 0.00180813 0.00824561 0.0124091 0.0248741 0.0282201 0.866312 0.0578724 
9.95033e-08 4.77453e-06 0.000148174 0.00177078 0.00403499 0.00721366 0.0173112 0.0296791 0.868405 0.0714326 
1.66798e-10 3.77041e-09 4.21839e-08 3.48114e-06 8.58088e-05 0.00031976 0.00231805 0.00721363 0.0232676 0.966792 
5.50197e-12 1.21314e-10 1.12064e-08 2.10423e-07 1.03487e-06 0.000150418 0.00257953 0.0113992 0.957013 0.0288562 
3.37392e-08 8.54733e-07 4.29856e-06 0.000511902 0.00247611 0.0075863 0.0232264 0.895524 0.0411853 0.0294844 
1.6359e-07 1.18722e-05 0.000193795 0.00121336 0.00570793 0.00988552 0.0301648 0.0767063 0.761495 0.114621 
3.45274e-11 8.8541e-10 1.75625e-08 1.0001e-06 1.40934e-05 0.000220244 0.00085333 0.00242355 0.491351 0.505137 
6.28375e-12 1.87631e-10 1.58406e-09 1.7115e-07 6.45403e-07 7.38942e-05 7.00615e-05 0.00057202 0.0058192 0.993464 
4.22004e-09 1.00908e-07 5.95399e-07 0.000279683 0.000484989 0.000890541 0.00291835 0.00736391 0.0124154 0.975646 
2.81704e-09 4.25441e-08 4.75396e-07 2.44704e-05 0.000302447 0.00190262 0.00787965 0.0249509 0.0498733 0.915066 
1.1851e-07 4.64777e-06 0.000120879 0.00171738 0.00593177 0.0159098 0.611478 0.326014 0.0260573 0.0127665 
5.22848e-08 2.03225e-06 1.15397e-05 0.000900783 0.00357013 0.0139942 0.0279965 0.862837 0.0553732 0.0353149 
7.91622e-11 2.07003e-09 3.97452e-08 2.33812e-06 4.16026e-05 0.000464209 0.00159273 0.00309458 0.00658187 0.988223 
3.12552e-12 7.05392e-11 6.9623e-09 1.32084e-07 6.31817e-07 6.34662e-05 0.000476595 0.00457003 0.973613 0.0212761 
1.5648e-09 3.59554e-08 1.98113e-07 0.000143363 0.000198986 0.0011913 0.00298841 0.0101438 0.0257197 0.959614 
4.39192e-11 1.08439e-09 3.33039e-08 1.25224e-06 4.78772e-05 0.000365375 0.00143564 0.00393486 0.00928126 0.984934 
4.96493e-10 7.50217e-09 7.89035e-08 3.96201e-06 2.77264e-05 0.000268541 0.00188194 0.00731256 0.484489 0.506016 
6.50366e-10 1.49468e-08 1.10621e-07 4.94726e-05 0.000133721 0.000678138 0.00213767 0.00592057 0.0183655 0.972715 
5.65293e-25 9.29578e-23 1.90341e-19 3.40992e-17 8.02518e-15 4.89827e-11 2.59125e-10 8.45517e-06 0.995301 0.00469032 
1.92249e-05 0.000440389 0.000547112 0.0048842 0.0146046 0.913818 0.0322151 0.0172844 0.013641 0.00254646 
2.46446e-10 6.09993e-09 1.40661e-07 5.04545e-06 0.000131946 0.000414335 0.00207069 0.00782095 0.0238293 0.965728 
3.19735e-12 7.21757e-11 6.84882e-09 1.28498e-07 7.29427e-07 1.23053e-05 0.00100585 0.00403095 0.0118356 0.983114 
3.92734e-08 1.48979e-06 9.94945e-06 0.00100125 0.00214496 0.00897843 0.023984 0.471708 0.465937 0.0262342 
5.16932e-12 1.15801e-10 9.40465e-10 6.1053e-08 3.90773e-07 7.84751e-07 1.6626e-05 5.58255e-05 0.00025168 0.999675 
1.17936e-08 3.27058e-07 2.35074e-06 0.000581988 0.00138156 0.00670759 0.0188877 0.873672 0.0569778 0.0417888 
1.27126e-16 2.87087e-15 1.04039e-13 5.95822e-11 2.62758e-08 5.18478e-07 3.98955e-06 0.000885353 0.00476455 0.994346 
7.02234e-09 1.79331e-07 1.52475e-06 0.00011212 0.000580105 0.00243781 0.00623339 0.119694 0.838809 0.0321318 
9.68416e-11 2.41303e-09 5.28093e-08 3.08441e-06 9.80889e-05 0.000153953 0.000940357 0.00351438 0.0115875 0.983703 
1.16435e-05 0.00193341 0.00401165 0.0522242 0.475988 0.3398 0.0927928 0.0234588 0.00712542 0.00265388 
8.26629e-11 2.03101e-09 3.74386e-08 1.96096e-06 1.08927e-05 0.000489992 0.00288247 0.00940772 0.028967 0.95824 
5.22111e-10 1.20275e-08 9.75897e-08 1.59862e-05 0.000137738 0.000418719 0.00162772 0.00536902 0.608467 0.383964 
1.01657e-07 3.09946e-06 7.36889e-05 0.00264861 0.558535 0.184156 0.190623 0.0327078 0.0200595 0.0111933 
8.61604e-08 1.94193e-06 1.62449e-05 0.000545306 0.0184414 0.0861295 0.289401 0.366015 0.19556 0.0438889 
5.50429e-18 1.22301e-16 1.14173e-15 8.93273e-13 1.49178e-11 2.31219e-08 4.76375e-08 1.89618e-05 0.00063424 0.999347 
1.45063e-10 4.8015e-09 1.03807e-07 3.45392e-06 7.72278e-05 0.000384698 0.00137716 0.00473751 0.0164908 0.976929 
5.62807e-08 3.08766e-06 1.13505e-05 0.000626237 0.0039259 0.00909428 0.0187026 0.0322517 0.0432424 0.892142 
2.58048e-05 0.000571706 0.00202699 0.0222251 0.0802546 0.471154 0.314475 0.0696461 0.0346895 0.00493074 
2.24645e-09 7.23332e-08 6.15365e-07 1.79694e-05 0.00019713 0.00137108 0.00249871 0.00779185 0.0151836 0.972939 
7.92807e-11 1.79967e-09 3.50611e-08 1.57678e-06 4.70895e-05 0.000367812 0.00174023 0.471291 0.487312 0.0392407 
3.71992e-08 9.56456e-07 9.42261e-06 0.00137837 0.00169578 0.00896876 0.0267921 0.0459629 0.0460929 0.869099 
5.57443e-09 1.34912e-07 7.74646e-07 0.000334343 0.000770041 0.001171 0.00511506 0.0145003 0.936793 0.0413152 
2.24132e-07 1.01125e-05 0.000247107 0.00400613 0.00919312 0.0342198 0.851229 0.0467596 0.0295965 0.0247384 
1.92076e-10 4.71056e-09 6.41866e-08 1.591e-05 6.40328e-05 0.0006101 0.00084359 0.00226282 0.0086706 0.987533 
1.11682e-06 2.97183e-05 0.000381323 0.00750378 0.0316858 0.0713363 0.847884 0.0265517 0.0124829 0.00214323 
5.14283e-11 1.25202e-09 2.05897e-08 1.23699e-06 2.0913e-05 0.000413262 0.00111828 0.00624834 0.973176 0.0190217 
2.08549e-10 4.69413e-09 5.38059e-08 4.35211e-06 0.000262486 0.00137509 0.00860844 0.0224506 0.936666 0.0306333 
5.28924e-08 2.23035e-06 5.2848e-05 0.00108503 0.00400065 0.0505833 0.0875318 0.364168 0.479774 0.0128025 
4.24932e-08 1.11852e-06 1.5386e-05 0.00129112 0.00247983 0.0128746 0.0282759 0.480247 0.0271062 0.447709 
5.31981e-06 0.000119906 0.000300431 0.00379081 0.019419 0.46217 0.40671 0.0920697 0.0132423 0.00217221 
4.04612e-10 6.27028e-09 7.38859e-08 3.83556e-06 3.35505e-05 0.000418185 0.00200569 0.00881535 0.333796 0.654927 
6.69677e-08 3.15885e-06 1.37244e-05 0.000995954 0.00360897 0.00884314 0.0165617 0.025913 0.0369206 0.90714 
7.4498e-11 1.86712e-09 4.27949e-08 2.13758e-06 5.60514e-05 0.000459396 0.00156285 0.00469911 0.95211 0.0411108 
2.9892e-08 7.01086e-07 1.71179e-05 0.00164823 0.00281947 0.0188346 0.0452666 0.867159 0.0329855 0.0312687 
8.31833e-12 1.89573e-10 3.50481e-09 2.38983e-07 6.98684e-07 1.38382e-05 0.000200836 0.000230485 0.00065519 0.998899 
4.46697e-08 1.15318e-06 1.42165e-05 0.00154473 0.0032068 0.0133707 0.0343317 0.0535776 0.857355 0.0365982 
5.96349e-08 3.08303e-06 1.48352e-05 0.00129602 0.00404404 0.00946776 0.0229106 0.034067 0.893239 0.0349571 
5.50757e-09 1.33688e-07 6.81256e-07 0.000467409 0.000473809 0.00158312 0.00372305 0.0124202 0.0325143 0.948817 
1.35775e-08 3.04683e-07 2.04358e-06 0.000722975 0.00154162 0.00429105 0.0105075 0.0308212 0.905198 0.0469156 
4.41763e-15 1.46972e-13 1.57407e-12 2.27513e-10 2.96923e-08 1.26102e-06 4.65195e-05 0.00168191 0.00679594 0.991474 
2.74824e-09 6.33887e-08 4.48216e-07 0.000276721 0.000279092 0.00153094 0.00507535 0.0168651 0.0378211 0.938151 
4.19502e-09 1.00695e-07 5.10218e-07 0.000235591 0.00042146 0.00153051 0.0060758 0.202796 0.0283246 0.760615 
3.27993e-10 7.56261e-09 1.53158e-07 8.67185e-06 0.000347534 0.00102679 0.00574622 0.0168504 0.0342526 0.941768 
1.28324e-08 2.94541e-07 2.31527e-06 0.000363415 0.00150454 0.00633306 0.0121381 0.0348334 0.0577743 0.887051 
1.05142e-12 3.60968e-11 2.92844e-10 2.71672e-08 1.17581e-07 1.96474e-05 1.48035e-05 4.94085e-05 0.00167129 0.998245 
2.13879e-08 5.08715e-07 3.30484e-06 0.000814514 0.00212954 0.00620981 0.0160618 0.0336087 0.0449577 0.896214 
2.57236e-07 1.21656e-05 7.7139e-05 0.0033454 0.0107353 0.826385 0.0743694 0.0456097 0.024814 0.0146512 
1.73418e-11 3.7993e-10 9.61113e-09 3.57668e-07 3.67271e-06 0.000118405 0.00116241 0.00598574 0.938509 0.05422 
6.19949e-09 1.55358e-07 1.39806e-06 0.000289917 0.000758869 0.00317798 0.0150202 0.0431548 0.888973 0.0486236 
3.97425e-08 2.06446e-06 9.55957e-06 0.00112683 0.00241562 0.00923144 0.0220219 0.290877 0.645368 0.0289474 
7.06093e-08 1.75199e-06 1.83938e-05 0.00225916 0.0112923 0.0463607 0.853687 0.0448458 0.024259 0.0172756 
5.47529e-05 0.00122122 0.000238848 0.00740995 0.0158743 0.0407669 0.0580109 0.844155 0.026713 0.00555552 
1.43367e-07 4.77399e-06 5.94077e-05 0.00232685 0.0108167 0.0307188 0.0512092 0.0591896 0.834413 0.0112614 
8.45593e-32 5.33985e-29 7.63755e-26 3.17868e-23 1.20669e-20 1.04955e-16 2.76903e-14 1.25705e-09 5.79109e-05 0.999942 
1.40255e-10 3.25659e-09 4.11423e-08 1.65656e-06 5.39706e-05 0.000394279 0.00207297 0.00701479 0.0264854 0.963977 
3.66633e-19 8.15046e-18 8.57608e-17 6.12677e-14 1.40163e-12 4.00223e-09 3.08348e-08 4.33596e-05 0.00271851 0.997238 
1.05477e-10 2.63361e-09 7.99373e-08 3.81261e-06 0.000191139 0.000134122 0.00179045 0.00633164 0.0194537 0.972095 
3.70472e-12 8.40968e-11 2.47119e-09 1.12996e-07 1.19395e-05 0.000202378 0.00119109 0.142012 0.664496 0.192086 
4.66468e-11 1.19638e-09 1.60823e-08 1.08739e-06 8.18295e-06 0.00030653 0.000819881 0.00239973 0.104986 0.891478 
2.11314e-06 5.09962e-05 0.000244979 0.00388449 0.157745 0.699437 0.1123 0.0203562 0.00387152 0.00210754 
4.47207e-06 0.00010716 0.000150043 0.00263209 0.0148095 0.0284454 0.0447304 0.868333 0.0298359 0.0109516 
6.2224e-06 0.000136441 0.00170573 0.0957601 0.183955 0.260436 0.275936 0.154129 0.0246484 0.00328748 
1.87413e-07 9.11929e-06 0.000116029 0.00277504 0.316396 0.544964 0.0355063 0.0909839 0.00740135 0.00184821 
9.71005e-09 2.09495e-07 1.19199e-06 0.000341565 0.00129307 0.00481629 0.0168393 0.0497868 0.878061 0.0488607 
1.2677e-09 2.04717e-08 2.33028e-07 1.26384e-05 0.000196151 0.00155483 0.00532723 0.0144343 0.129489 0.848986 
2.59927e-08 6.57288e-07 5.82139e-06 0.000725613 0.00095585 0.00427575 0.0111208 0.0181004 0.0258441 0.938971 
5.92725e-43 1.10437e-38 5.32841e-34 3.25413e-29 7.0013e-25 7.49771e-21 1.3553e-15 7.33482e-06 0.000222055 0.999771 
7.68771e-09 1.82141e-07 8.58671e-07 0.000556213 0.000669792 0.00241069 0.00852542 0.0281349 0.0533748 0.906327 
1.0706e-08 4.14781e-07 6.48323e-06 0.000256058 0.000807913 0.00242671 0.191752 0.298736 0.216888 0.289126 
8.02446e-16 1.90408e-14 6.48385e-13 1.19575e-10 3.7667e-08 1.40748e-06 0.000105888 0.00114516 0.00610896 0.992639 
8.54751e-05 0.00202419 0.00142121 0.0164953 0.0370028 0.0570746 0.846986 0.0229099 0.0149419 0.00105835 
7.48202e-08 2.13645e-06 3.39634e-05 0.00111268 0.00374102 0.0125306 0.0184803 0.0315095 0.03578 0.89681 
9.97024e-29 5.82962e-26 8.06275e-23 2.96537e-20 2.51167e-17 3.56194e-13 5.95306e-10 5.53715e-05 0.00160591 0.998339 
3.70672e-07 1.18558e-05 0.000130672 0.00580887 0.0789298 0.308078 0.0389787 0.241664 0.294198 0.0321989 
8.67518e-08 2.99061e-06 1.22515e-05 0.000411985 0.00428221 0.00788574 0.012293 0.024076 0.910538 0.040498 
2.62507e-09 6.00333e-08 3.39698e-07 0.000237224 0.000401242 0.00161067 0.00743834 0.0238183 0.906028 0.0604657 
7.75546e-08 3.61486e-06 3.28376e-05 0.000858812 0.00474656 0.0105062 0.0215856 0.799481 0.151162 0.0116226 
8.83806e-10 2.15613e-08 1.80151e-07 6.11085e-05 0.000126029 0.000751963 0.00166219 0.0048085 0.0129665 0.979623 
8.99237e-08 3.97081e-06 9.13393e-05 0.00172319 0.00478607 0.0137761 0.0323937 0.866924 0.0496918 0.0306099 
2.03095e-08 1.68185e-06 5.27915e-06 0.000430185 0.00150725 0.00444697 0.00659751 0.010943 0.0252432 0.950825 
5.34428e-09 1.15273e-07 6.23681e-07 0.000198277 0.000581523 0.0018628 0.00575345 0.294422 0.26433 0.432851 
1.33796e-08 3.3741e-07 2.03073e-06 0.000563111 0.00103382 0.00235089 0.0058806 0.018814 0.921106 0.0502493 
2.38639e-12 5.22318e-11 4.42464e-09 8.7956e-08 7.84944e-07 9.18351e-05 0.00100767 0.00488433 0.964679 0.0293363 
3.83613e-13 8.61934e-12 5.22902e-10 3.24312e-08 7.01346e-07 0.000382664 0.00207073 0.0150721 0.0304755 0.951998 
9.62874e-05 0.00330866 0.0148355 0.82216 0.0688185 0.0468391 0.0219485 0.00758187 0.0137004 0.000711588 
6.74335e-08 2.02358e-06 7.68171e-05 0.0012294 0.00448819 0.0377005 0.57741 0.186164 0.0459166 0.147013 
5.88847e-31 3.48415e-28 4.81022e-25 2.85882e-22 1.18402e-18 2.48296e-14 8.93735e-12 2.82639e-06 0.0005701 0.999427 
6.09367e-05 0.00196367 0.0079165 0.0304971 0.0687494 0.822635 0.0424586 0.0113034 0.0128917 0.0015233 
1.04512e-09 1.87543e-08 2.19761e-07 1.42085e-05 0.000237454 0.00157588 0.00692285 0.0204481 0.0385969 0.932204 
1.39289e-09 3.15639e-08 2.08371e-07 2.34558e-05 0.000375883 0.00225072 0.0146702 0.88549 0.0469126 0.0502764 
4.1127e-05 0.000913723 0.000224381 0.00522546 0.0138014 0.0399233 0.862596 0.0487486 0.0209314 0.00759476 
3.67331e-12 8.30837e-11 8.0649e-09 1.50894e-07 1.62032e-06 1.31126e-05 0.000972788 0.00437441 0.0160117 0.978626 
3.75477e-09 8.6894e-08 4.44876e-07 0.00026952 0.000650075 0.00126896 0.00561607 0.0209416 0.916072 0.055181 
3.05958e-05 0.00068087 0.000397105 0.00700279 0.0263825 0.794116 0.127368 0.024149 0.0144528 0.00541975 
1.19861e-09 3.5103e-08 4.40207e-07 1.38029e-05 0.000124979 0.00121223 0.00263977 0.00924337 0.0255915 0.961174 
2.15944e-05 0.000479858 0.000339131 0.00629345 0.0222391 0.653047 0.280604 0.0219248 0.00977384 0.00527698 
6.53191e-12 1.42722e-10 1.18738e-08 2.46164e-07 1.60379e-06 9.06685e-05 0.00158374 0.00753345 0.945728 0.0450626 
4.1035e-12 9.64957e-11 1.65811e-09 4.98206e-08 4.254e-07 2.35031e-06 5.81227e-05 0.000383016 0.00214366 0.997412 
2.56516e-12 5.79058e-11 5.75738e-09 1.04001e-07 5.19518e-07 7.22973e-06 0.000645094 0.00443295 0.0156798 0.979234 
3.69046e-11 9.32739e-10 1.77959e-08 1.19245e-06 2.01452e-05 0.000163875 0.000623145 0.00136208 0.00236818 0.995461 
2.77838e-09 4.60626e-08 5.40334e-07 3.57806e-05 0.000683157 0.00124981 0.00450215 0.0147391 0.0345355 0.944254 
1.19873e-28 7.61294e-26 1.09768e-22 5.05359e-20 5.0722e-17 5.40201e-13 1.31691e-09 9.18167e-05 0.495961 0.503948 
6.07083e-13 1.3708e-11 1.3946e-09 2.47577e-08 8.46317e-08 8.53637e-07 1.92581e-05 0.000811303 0.00607251 0.993096 
1.31608e-13 2.96967e-12 2.7474e-10 5.58128e-09 1.66326e-07 5.41737e-06 0.00052655 0.00404914 0.0135229 0.981896 
6.45578e-10 1.44246e-08 6.17564e-08 7.0331e-06 0.000304125 0.000257579 0.002311 0.00942955 0.0231106 0.96458 
5.28368e-11 1.44077e-09 2.32082e-08 1.5098e-06 5.3801e-06 0.00043015 0.00143225 0.00413315 0.0123376 0.98166 
2.10772e-08 1.43643e-06 4.62978e-06 0.000638517 0.00176078 0.00444082 0.00835215 0.0204768 0.0356961 0.928629 
5.90033e-12 1.61049e-10 5.14205e-09 1.89202e-07 8.55102e-06 6.19427e-05 0.000191779 0.0015054 0.983347 0.014885 
3.99141e-12 8.81632e-11 7.61567e-09 1.65128e-07 1.24955e-06 0.00029491 0.00240194 0.012757 0.0276205 0.956924 
1.86621e-09 2.76934e-08 2.94908e-07 1.5167e-05 0.000220819 0.00201245 0.624978 0.336313 0.0213093 0.0151509 
3.28167e-15 7.49093e-14 2.4518e-12 2.9007e-10 5.40488e-08 2.48072e-06 0.000226217 0.00184168 0.494739 0.503191 
1.06927e-05 0.000246024 0.00019905 0.00451818 0.0145008 0.0326876 0.893757 0.0331976 0.0162849 0.00459862 
6.44085e-11 1.71829e-09 4.48386e-08 2.08529e-06 7.08986e-05 0.000553714 0.00219535 0.0059324 0.0161128 0.975133 
1.6057e-12 3.62454e-11 3.60149e-09 6.49273e-08 2.95912e-07 3.13095e-06 0.000194701 0.0016043 0.00728889 0.990909 
1.93235e-08 5.48217e-07 2.41309e-06 0.000629099 0.00260144 0.00896265 0.0225557 0.875342 0.0494416 0.0404643 
3.86148e-23 8.64481e-22 1.86798e-20 9.40877e-18 6.00403e-16 1.88996e-12 5.876e-10 3.11943e-06 0.000544584 0.999452 
1.08822e-07 2.81718e-06 2.77746e-05 0.00215244 0.0133877 0.114858 0.312728 0.205389 0.33191 0.0195441 
9.9825e-12 2.27288e-10 6.77872e-09 7.09041e-07 0.000322747 0.00239241 0.0069258 0.0223135 0.951109 0.0169361 
3.03425e-09 5.15378e-08 4.48693e-07 3.45617e-05 0.00035548 0.000922981 0.00339783 0.0117809 0.0202187 0.963289 
6.30776e-05 0.00140587 0.000480115 0.00599768 0.0133205 0.0293516 0.0299494 0.0240944 0.875549 0.0197878 
1.1194e-16 2.48771e-15 2.41189e-14 1.85189e-11 3.06496e-10 4.06449e-07 2.93015e-06 0.000553136 0.00810215 0.991341 
1.19671e-07 5.26006e-06 4.96893e-05 0.00171538 0.0604531 0.0219669 0.710287 0.0176665 0.0955636 0.092292 
3.93822e-08 1.85459e-06 2.27473e-05 0.000516849 0.00237253 0.0090556 0.614899 0.329357 0.0261091 0.0176653 
7.14438e-06 0.000164926 0.000346107 0.00362612 0.011734 0.0258622 0.0355721 0.0449575 0.858943 0.0187866 
2.90206e-07 7.83654e-06 0.000382819 0.00577301 0.0219903 0.835231 0.0670228 0.0400268 0.0201479 0.00941684 
1.19652e-09 2.35148e-08 1.83436e-07 6.8655e-05 0.000133834 0.00128842 0.216353 0.169145 0.331468 0.281543 
2.5324e-11 5.82685e-10 1.1625e-08 7.62541e-07 2.1956e-06 4.82e-05 0.000650596 0.000899444 0.00189171 0.996507 
3.8815e-09 8.94272e-08 5.76889e-07 0.000424527 0.000578619 0.00117536 0.00329153 0.00968872 0.939038 0.0458027 
1.99009e-10 4.66312e-09 5.44409e-08 4.40988e-06 8.19676e-05 0.00112072 0.00470939 0.0158108 0.0348598 0.943413 
6.01964e-09 1.25408e-07 1.01243e-06 0.000119145 0.00101244 0.00435557 0.0155253 0.878973 0.0538504 0.0461635 
5.24259e-05 0.00168989 0.0073781 0.0212366 0.0460993 0.244118 0.659157 0.0136961 0.00476016 0.00181301 
4.72629e-08 1.27186e-06 2.13547e-05 0.00112324 0.00682168 0.838727 0.0605164 0.0424313 0.026335 0.0240226 
1.1391e-08 2.61865e-07 1.04095e-05 0.00031405 0.00134825 0.0991778 0.0288779 0.103898 0.523449 0.242924 
7.0256e-12 1.53705e-10 9.15695e-09 2.25441e-07 1.53059e-06 8.45915e-05 0.00136352 0.00652674 0.0211006 0.970923 
6.96898e-05 0.00155135 0.000658993 0.0142349 0.791426 0.0813417 0.0601091 0.0266672 0.0208545 0.00308695 
7.16613e-08 3.09971e-06 6.24926e-05 0.00111601 0.00303574 0.00601193 0.0149917 0.76159 0.189533 0.0236562 
3.4164e-09 8.1425e-08 4.54682e-07 0.000213489 0.000372895 0.00126361 0.00418052 0.622847 0.148188 0.222934 
6.69739e-09 1.60835e-07 1.0126e-06 0.000499919 0.0012057 0.00564449 0.0222914 0.875192 0.0481453 0.0470203 
1.61557e-07 6.58857e-06 0.00017987 0.0018735 0.0125913 0.827797 0.0621945 0.0548536 0.0276247 0.0128789 
2.118e-08 1.36171e-06 4.71709e-06 0.000767746 0.00166328 0.00690267 0.0171828 0.887757 0.0442408 0.0414792 
5.20094e-11 1.24218e-09 3.29841e-08 1.4869e-06 0.000191486 0.00138723 0.00446348 0.018235 0.946918 0.0288036 
1.68184e-09 2.50167e-08 2.75765e-07 1.40803e-05 0.000239588 0.00082837 0.00261858 0.0145063 0.0324873 0.949305 
8.13164e-10 1.83593e-08 1.03828e-07 1.6626e-05 0.000103009 0.000451475 0.00213091 0.00597451 0.0186649 0.972658 
3.76528e-12 8.14632e-11 1.83004e-09 7.89032e-08 7.5912e-07 0.000137832 0.00105863 0.00791652 0.0211214 0.969765 
2.90434e-08 8.6327e-07 4.3296e-06 0.000708869 0.00315048 0.00935854 0.0199641 0.0379779 0.880564 0.0482713 
2.8207e-08 7.12123e-07 6.33756e-06 0.000976098 0.00142035 0.00684482 0.0227139 0.885288 0.0444512 0.0382984 
8.1567e-12 1.76676e-10 3.00571e-09 2.02538e-07 2.60848e-06 5.51747e-05 0.000242168 0.000701377 0.00228891 0.99671 
1.45402e-08 4.07802e-07 2.62154e-06 6.84452e-05 0.00158547 0.00610339 0.00891834 0.0181593 0.0223581 0.942804 
6.66662e-12 1.55806e-10 3.47965e-09 1.47791e-07 6.8962e-07 7.46616e-06 0.000124495 0.000734378 0.00331226 0.995821 
1.62236e-14 4.12817e-13 1.26903e-11 2.9639e-10 1.3264e-09 8.70223e-08 4.05891e-07 5.71739e-05 0.00216791 0.997774 
1.50271e-10 3.74418e-09 7.83281e-08 4.09725e-06 0.000141403 0.00125462 0.0055901 0.0206577 0.9222 0.0501523 
3.47262e-12 7.83797e-11 7.59101e-09 1.44634e-07 7.2912e-07 7.17565e-05 0.00123615 0.947524 0.0250425 0.0261245 
4.62233e-07 1.97024e-05 0.00030094 0.00574805 0.0217023 0.0492791 0.852264 0.0471213 0.0185848 0.0049795 
9.62756e-08 3.9174e-06 2.06278e-05 0.000883416 0.0080619 0.0225342 0.0463543 0.847828 0.0469759 0.027338 
1.1672e-08 2.62485e-07 1.19003e-06 0.000101913 0.00157182 0.0091258 0.860467 0.0473479 0.0420279 0.0393562 
2.79788e-09 5.96737e-08 3.42508e-07 0.000223935 0.000317432 0.00149472 0.00638728 0.0189343 0.037833 0.934809 
4.01517e-09 1.00164e-07 5.60391e-07 0.000303582 0.000293474 0.00128598 0.0041139 0.0155133 0.0433119 0.935177 
3.37898e-07 1.00884e-05 0.000166751 0.00285229 0.00870698 0.0262155 0.713407 0.236503 0.00960784 0.00253058 
7.1131e-12 1.57042e-10 9.38939e-09 2.27534e-07 1.39863e-06 0.000131474 0.00112966 0.00570442 0.96126 0.0317727 
3.52444e-05 0.000945728 0.00692509 0.0584748 0.31727 0.500338 0.0798802 0.0241238 0.0113174 0.000689732 
2.3037e-09 8.67792e-08 8.61631e-07 1.38213e-05 0.000137411 0.00201726 0.0139726 0.0612524 0.719088 0.203517 
2.76549e-10 5.38876e-09 6.05826e-08 4.3839e-06 0.000203499 0.00213354 0.00809315 0.0220552 0.945479 0.0220317 
1.63962e-11 3.66239e-10 3.07786e-09 1.97336e-07 1.7727e-06 2.56055e-05 0.00119916 0.0044851 0.955974 0.0383137 
3.78569e-09 8.84076e-08 1.31083e-06 0.000166252 0.00107303 0.00634534 0.875925 0.0517354 0.0349748 0.0297784 
1.46728e-10 3.65174e-09 5.50923e-08 4.24802e-06 0.000204784 0.000952084 0.00232673 0.00981505 0.94577 0.0409273 
1.72626e-07 7.86705e-06 0.000227705 0.00313967 0.0156227 0.838904 0.0713599 0.0417003 0.0188362 0.010201 
3.00777e-09 6.84991e-08 3.68106e-07 0.00028912 0.000461088 0.00312803 0.0131707 0.654696 0.292721 0.0355338 
6.70502e-08 2.98059e-06 2.28051e-05 0.00121029 0.00379529 0.0151254 0.0299211 0.877214 0.0449818 0.0277267 
1.18422e-07 3.36641e-06 2.04554e-05 0.00170932 0.00598074 0.0173835 0.037324 0.878355 0.0355803 0.0236428 
6.2188e-12 1.37043e-10 1.21894e-08 2.3693e-07 1.21516e-06 1.99745e-05 0.00130796 0.00603317 0.0193002 0.973337 
3.25887e-07 9.63504e-06 0.00020559 0.00550819 0.0313192 0.0670374 0.842123 0.0321711 0.0149156 0.00670954 
5.83067e-17 1.30173e-15 1.78964e-14 9.25211e-12 2.91566e-10 1.86274e-07 2.60122e-06 0.000287649 0.00406878 0.995641 
1.09269e-13 2.48737e-12 3.73375e-11 2.91952e-09 5.64613e-08 1.14654e-06 4.34411e-06 0.000352463 0.00570075 0.993941 
2.72152e-11 7.64079e-10 8.47651e-09 6.31483e-07 3.27433e-06 0.000675349 0.0046902 0.957929 0.018815 0.017887 
1.20141e-07 3.90758e-06 0.000114543 0.00206371 0.00840342 0.0254891 0.0545125 0.87091 0.0260854 0.0124173 
1.31374e-10 2.97378e-09 5.44157e-08 3.15064e-06 0.000114721 0.000675808 0.00393585 0.0133417 0.936009 0.0459201 
1.12303e-08 3.27223e-07 2.33812e-06 0.000414856 0.000770819 0.00347059 0.00810844 0.0266888 0.914444 0.0460996 
2.56415e-09 7.11872e-08 6.28716e-07 9.71736e-05 0.000500099 0.00234872 0.00503299 0.0183168 0.93556 0.0381431 
3.04593e-06 6.73722e-05 5.07603e-05 0.00151071 0.00767821 0.194739 0.672168 0.0910259 0.0156371 0.0171202 
3.56637e-08 1.3091e-06 1.06581e-05 0.00077848 0.0023179 0.00917725 0.0267053 0.710659 0.0304369 0.219914 
0.000209516 0.00719787 0.0272774 0.0606296 0.889302 0.0142714 0.00108156 2.91359e-05 1.52436e-06 1.68698e-08 
2.82112e-07 1.6348e-05 0.000252059 0.00254651 0.0119652 0.0275781 0.04326 0.880227 0.02543 0.00872468 
2.11895e-07 9.46524e-06 0.000209512 0.00382465 0.227546 0.130777 0.487736 0.137077 0.00944916 0.00337167 
1.55681e-07 4.65742e-06 0.000124453 0.00288373 0.0105898 0.0336353 0.88056 0.0451302 0.0190254 0.00804665 
2.82334e-11 8.25658e-10 9.19302e-09 8.30652e-07 2.81022e-06 0.000316183 0.000523479 0.00103037 0.00196325 0.996163 
1.58994e-07 6.84785e-06 0.000149817 0.00207768 0.0115814 0.816741 0.0623222 0.0552748 0.0331177 0.0187282 
3.22972e-11 7.18977e-10 1.03253e-08 4.57219e-07 3.31831e-06 0.000180625 0.00122137 0.00658339 0.0208305 0.97118 
1.95911e-08 5.99094e-07 2.54643e-06 0.000205997 0.00287247 0.0145852 0.0319634 0.890853 0.0328494 0.026667 
1.69232e-12 3.54208e-11 7.94321e-10 5.65653e-08 6.83703e-07 1.98431e-05 0.000128502 0.00125007 0.00578733 0.992814 
1.05688e-07 4.22286e-06 9.81798e-05 0.00111154 0.00697643 0.0180162 0.034377 0.0514977 0.871072 0.016847 
2.02585e-08 5.02812e-07 4.51645e-06 0.000493557 0.00371682 0.154351 0.0189485 0.300722 0.507457 0.0143057 
3.5986e-05 0.000800898 0.000153513 0.00389153 0.0127514 0.0302555 0.813362 0.0710098 0.0506373 0.0171025 
1.61453e-10 4.87977e-09 1.28497e-07 4.62313e-06 0.000172287 0.000335012 0.00203019 0.00906531 0.0245716 0.963821 
1.02434e-08 2.45371e-07 2.11827e-06 0.000450288 0.00122319 0.00569305 0.396816 0.283401 0.0369045 0.27551 
0.000155747 0.00481919 0.0125316 0.0374849 0.857749 0.0538725 0.0203993 0.00540488 0.00664192 0.000941327 
1.06782e-11 2.38123e-10 6.12216e-09 2.53244e-07 1.73079e-06 0.000104806 0.000871906 0.00532861 0.784289 0.209404 
4.98566e-08 1.4077e-06 1.44366e-05 0.000719407 0.00368902 0.0074741 0.0176821 0.0343378 0.90209 0.0339918 
2.69403e-09 5.29189e-08 3.78634e-07 0.000128687 0.000274049 0.000918129 0.00293707 0.0091389 0.0903184 0.896284 
3.08765e-09 7.19667e-08 4.30939e-07 0.000316784 0.000180978 0.000352844 0.00159095 0.00505382 0.0132779 0.979226 
2.0217e-09 4.06392e-08 2.55431e-07 2.59166e-05 0.000305692 0.00149338 0.0047427 0.014731 0.272074 0.706627 
8.04085e-09 1.67438e-07 1.93083e-06 0.000332049 0.00140616 0.0129191 0.865642 0.0655481 0.0285579 0.0255927 
3.43375e-10 7.94108e-09 9.84192e-08 8.96908e-06 0.000224956 0.00164589 0.00761128 0.461641 0.11037 0.418499 
3.46966e-09 6.10029e-08 5.9514e-07 9.86812e-05 0.000388951 0.00227153 0.00866746 0.0244911 0.0425136 0.921568 
9.38136e-11 2.14545e-09 4.2782e-08 2.41234e-06 0.000313085 0.00305197 0.0138125 0.0379896 0.916995 0.0278352 
1.63739e-12 3.69582e-11 3.386e-09 6.55517e-08 4.22423e-07 7.80958e-06 0.000503169 0.00297558 0.010266 0.986247 
6.72435e-14 1.5173e-12 5.79037e-11 3.05609e-08 9.67894e-06 0.000395729 0.00365816 0.960307 0.022987 0.0126421 
2.20691e-11 4.93492e-10 5.15395e-09 3.68541e-07 3.40791e-05 0.000101195 0.000492696 0.00232649 0.00702125 0.990024 
0.000268436 0.00411322 0.0348636 0.876326 0.0582492 0.016434 0.00830739 0.000906277 0.000521407 1.0376e-05 
1.06546e-16 2.37378e-15 3.34732e-14 2.35136e-11 4.20787e-09 3.94486e-07 3.43536e-06 0.000539859 0.00948715 0.989969 
8.94036e-09 2.19031e-07 9.64717e-06 0.000728512 0.00265212 0.0195905 0.886351 0.0370147 0.0265112 0.0271423 
1.11966e-05 0.000249117 0.000100953 0.00186973 0.00226988 0.00472765 0.0071172 0.080004 0.00963345 0.894017 
7.22268e-17 1.60495e-15 1.52056e-14 1.18218e-11 1.93663e-10 2.69438e-07 8.99219e-07 0.000475914 0.982666 0.0168565 
9.18527e-12 2.21073e-10 1.38534e-08 3.58259e-07 2.86838e-05 0.000211646 0.00113179 0.0504144 0.500818 0.447395 
1.1972e-08 3.31005e-07 2.63775e-06 7.79387e-05 0.00128216 0.00676848 0.0142444 0.0363269 0.908734 0.0325631 
2.8506e-14 6.33726e-13 6.03642e-12 4.52747e-09 7.16822e-08 4.30737e-05 9.69287e-05 0.00103708 0.49318 0.505642 
6.02353e-09 1.45351e-07 7.81172e-07 0.000542255 0.000387821 0.00121858 0.00400954 0.0130803 0.0343824 0.946378 
4.20199e-06 0.000102637 0.000344697 0.00388801 0.0155967 0.656857 0.0664868 0.146363 0.00640799 0.103949 
2.15608e-12 4.34901e-11 1.303e-09 7.78441e-08 1.01332e-06 9.76678e-05 0.000482645 0.00369647 0.0139483 0.981774 
5.11827e-11 1.36063e-09 2.17379e-08 1.42054e-06 6.45308e-06 0.000354298 0.00109996 0.00249563 0.00964304 0.986399 
3.49793e-05 0.000777842 0.000261872 0.00564887 0.00578896 0.0137395 0.0231496 0.0467958 0.877675 0.0261278 
8.25658e-09 2.08515e-07 2.06883e-06 0.000241995 0.000871689 0.00442552 0.0175417 0.891705 0.0487465 0.0364652 
5.44295e-11 1.41902e-09 2.50651e-08 1.54244e-06 2.07891e-05 0.000317785 0.00121013 0.00265247 0.00817901 0.987618 
1.37022e-12 3.12549e-11 1.26804e-09 1.67159e-07 7.03366e-05 0.000767539 0.00388453 0.90186 0.00821104 0.0852067 
2.94194e-07 8.31083e-06 0.000224419 0.00674782 0.0326093 0.84361 0.0608712 0.0297081 0.0155125 0.0107078 
1.33639e-08 2.90941e-07 1.31228e-06 0.000241537 0.00161094 0.00449211 0.00754173 0.0182476 0.0378225 0.930042 
6.57297e-12 1.45472e-10 1.21795e-08 2.68089e-07 2.34053e-06 0.000382791 0.00136564 0.0105358 0.957447 0.0302661 
4.99389e-09 9.98846e-08 7.96799e-07 0.00027418 0.00100023 0.00246697 0.0100098 0.872065 0.0552472 0.0589354 
4.19171e-09 9.50876e-08 5.48385e-07 0.000271659 0.000434588 0.00156599 0.202788 0.161106 0.606838 0.0269946 
5.17528e-11 1.36811e-09 1.9584e-08 1.3519e-06 9.22243e-06 0.000395842 0.00167537 0.476426 0.491829 0.0296633 
8.40953e-08 3.60307e-06 4.3235e-05 0.00143828 0.00455019 0.00937219 0.0202202 0.0407358 0.889097 0.0345394 
1.80917e-10 4.53993e-09 1.4525e-07 6.26049e-06 0.000330259 0.000427708 0.00184201 0.00439366 0.0081772 0.984823 
9.56458e-10 2.84249e-08 4.20935e-07 2.35897e-05 0.000266696 0.00160939 0.00306704 0.0136723 0.921957 0.0594034 
8.27643e-08 1.82016e-06 0.000118432 0.00207829 0.0071884 0.0197696 0.0408968 0.876258 0.0289739 0.024715 
1.20155e-07 2.76207e-06 1.12054e-05 0.000932524 0.0789964 0.166629 0.104599 0.582815 0.0504034 0.0156097 
1.71781e-12 4.2644e-11 3.14554e-09 7.17688e-08 7.02416e-06 2.20072e-05 1.11901e-05 0.00010715 0.00201137 0.997841 
0.000431789 0.00699321 0.607083 0.0330901 0.295177 0.0255747 0.0140651 0.00553696 0.0118737 0.000174966 
2.11381e-08 5.46093e-07 8.11435e-06 0.000429225 0.00120663 0.00588515 0.0115319 0.0253221 0.927865 0.0277513 
9.89969e-11 2.4462e-09 6.68687e-08 3.36397e-06 0.000142634 0.000136022 0.00103051 0.002411 0.0035393 0.992737 
5.61517e-12 1.18514e-10 3.7572e-09 1.27624e-07 1.29476e-06 0.000141036 0.00115203 0.00505723 0.0188778 0.97477 
8.11652e-14 1.8036e-12 1.69998e-11 1.34376e-08 2.15605e-07 0.000272286 0.000672178 0.00525444 0.984484 0.00931707 
8.26476e-13 1.86499e-11 1.71775e-09 3.66678e-08 2.84939e-07 8.10471e-05 0.000669175 0.00391424 0.980179 0.0151567 
3.97261e-08 1.89604e-06 8.70215e-06 0.000570717 0.00288618 0.0104671 0.0188511 0.894748 0.0446247 0.0278417 
