14176
1.90969e-16 4.28534e-15 1.14553e-13 7.21304e-11 2.70854e-08 7.86538e-07 7.18037e-06 0.00101941 0.0084507 0.990522 
1.79316e-16 4.03909e-15 1.34727e-13 8.24725e-11 3.5078e-08 9.95041e-07 1.94814e-05 0.00136525 0.00909342 0.989521 
1.53327e-13 3.42589e-12 6.23595e-11 4.21458e-08 9.05378e-06 0.000901833 0.00603385 0.0282333 0.95181 0.0130123 
3.54843e-13 8.70934e-12 1.77746e-09 4.07529e-07 0.000208787 0.00202023 0.0107556 0.707992 0.277259 0.00176359 
1.00205e-05 0.000223773 0.00141373 0.212231 0.402947 0.374703 0.00680223 0.000841726 0.000823385 3.68412e-06 
1.6567e-16 3.7228e-15 1.0846e-13 6.77759e-11 2.70572e-08 6.97133e-07 5.50276e-06 0.000929724 0.00834872 0.990715 
3.72912e-17 8.41499e-16 3.06587e-14 1.87238e-11 8.37097e-09 1.64597e-07 3.0805e-06 0.000205628 0.00314336 0.996648 
5.08831e-15 1.46313e-13 8.18088e-11 5.50342e-09 5.44249e-07 1.8609e-05 0.000639537 0.00458917 0.0151247 0.979627 
1.35505e-08 3.34582e-07 2.3978e-05 0.00117582 0.0105573 0.0336929 0.946663 0.0071367 0.000742261 8.06521e-06 
9.5226e-14 2.116e-12 2.00223e-11 1.58586e-08 3.5639e-07 0.000275206 0.000951682 0.00595561 0.963357 0.0294599 
2.5626e-13 5.83383e-12 3.23703e-10 1.06867e-07 4.1605e-05 0.000690961 0.00239056 0.0116278 0.0160252 0.969224 
1.0202e-09 3.83864e-08 1.08593e-05 0.000834899 0.00877342 0.0320598 0.941088 0.0126079 0.00363583 0.000989508 
3.37301e-11 7.55133e-10 2.07519e-08 6.81582e-05 0.000329149 0.00745423 0.957871 0.0257735 0.00733192 0.00117247 
4.53112e-17 1.03965e-15 6.77776e-14 3.95572e-11 2.1185e-08 2.52496e-07 1.79908e-06 0.000436881 0.000461593 0.999099 
3.31605e-13 7.96455e-12 1.32804e-09 2.57183e-07 0.000116041 0.00141839 0.00724367 0.971296 0.0142555 0.00567007 
1.32841e-09 4.26436e-08 8.44416e-06 0.000223127 0.000820958 0.0113184 0.0295438 0.952849 0.00494282 0.000293658 
1.11023e-13 2.46698e-12 2.32174e-11 1.84567e-08 4.05311e-07 0.000335261 0.00110157 0.00678831 0.976325 0.015449 
1.07223e-09 4.24764e-08 1.18428e-05 0.000182404 0.000467046 0.00399093 0.0128276 0.0302368 0.9494 0.00288287 
1.9722e-17 4.3985e-16 6.99334e-15 4.8293e-12 1.12156e-09 7.36503e-08 4.96067e-06 0.000525558 0.496343 0.503127 
2.02854e-16 4.56929e-15 1.5221e-13 9.35791e-11 3.99842e-08 8.81669e-07 7.52626e-06 0.00124404 0.965719 0.033029 
1.38055e-13 3.07148e-12 3.56098e-11 2.47755e-08 1.04121e-06 0.000401506 0.00170674 0.958626 0.0273837 0.011881 
1.62312e-16 3.65644e-15 1.47997e-13 5.11083e-11 6.53238e-09 6.67209e-07 1.06751e-05 0.00061258 0.00940042 0.989976 
1.24882e-13 2.77833e-12 3.2675e-11 2.53703e-08 6.49059e-07 0.000338313 0.00146658 0.961175 0.0245571 0.0124619 
9.42825e-06 0.000211084 0.0017288 0.896264 0.0622728 0.0317331 0.00743528 0.000343524 1.9213e-06 6.19195e-09 
1.56951e-14 3.83639e-13 8.6045e-11 7.15876e-09 6.80724e-07 9.48221e-05 0.000488789 0.00477529 0.0126064 0.982034 
1.25188e-09 5.01346e-08 1.42072e-05 0.000220075 0.000315801 0.00357802 0.0125956 0.971329 0.00977285 0.00217488 
3.22213e-08 7.24242e-07 1.4422e-05 0.000525714 0.00336673 0.020494 0.948969 0.0248783 0.00174361 7.93239e-06 
8.7151e-14 1.93653e-12 1.8227e-11 1.44859e-08 3.1988e-07 0.0002317 0.000930483 0.00782223 0.982923 0.00809239 
1.21745e-13 2.88324e-12 4.15142e-10 5.36874e-08 5.17924e-06 0.000405843 0.00160406 0.012115 0.974907 0.0109632 
3.91587e-13 9.41706e-12 1.54293e-09 4.53224e-07 0.000189203 0.00263025 0.0160244 0.966931 0.0125293 0.00169552 
6.24465e-08 1.44112e-06 6.18979e-05 0.00226767 0.0118194 0.945155 0.0306738 0.00859563 0.00141821 6.55277e-06 
3.00719e-13 7.01271e-12 7.79279e-10 1.42351e-07 2.88691e-05 0.000611657 0.00229098 0.00830221 0.707964 0.280802 
5.12873e-14 1.16438e-12 5.89426e-11 2.81721e-08 1.26037e-06 0.00143347 0.958113 0.0206777 0.0131292 0.0066449 
3.7222e-16 8.38111e-15 2.93424e-13 2.45225e-10 4.7315e-08 1.85266e-06 0.000197503 0.0019799 0.696382 0.301439 
7.78359e-14 1.72972e-12 1.67133e-11 1.28862e-08 3.09278e-07 0.000311476 0.00118288 0.966658 0.0196079 0.0122393 
1.08325e-13 2.40711e-12 2.28745e-11 1.81436e-08 4.0064e-07 0.00028192 0.00139079 0.0114507 0.973082 0.0137937 
7.0915e-14 1.57539e-12 1.39885e-11 1.14149e-08 1.91626e-07 8.7525e-05 0.000217271 0.00641536 0.974898 0.0183818 
3.1562e-13 7.82284e-12 1.77306e-09 3.57736e-07 0.000147982 0.00151889 0.00640221 0.0171067 0.970028 0.00479588 
3.56548e-13 8.73618e-12 1.76331e-09 4.7005e-07 0.000190245 0.00224493 0.0100004 0.500631 0.485829 0.00110359 
9.53659e-17 2.16084e-15 9.4103e-14 5.6575e-11 2.72118e-08 4.40468e-07 6.30784e-06 0.000529811 0.00225556 0.997208 
1.43017e-13 3.17794e-12 3.00617e-11 2.38242e-08 5.16842e-07 0.00042072 0.00146387 0.0110486 0.974867 0.0121994 
1.77599e-16 4.05061e-15 2.44051e-13 1.08556e-10 4.61693e-08 8.97283e-07 2.13193e-05 0.00101436 0.00349692 0.995466 
2.4407e-16 5.48263e-15 1.56462e-13 9.78559e-11 3.84493e-08 1.03085e-06 8.47977e-06 0.00131291 0.0102621 0.988415 
1.48021e-16 3.32366e-15 9.22435e-14 5.77592e-11 2.21666e-08 7.11094e-07 5.7552e-05 0.00248014 0.695229 0.302232 
4.27959e-10 9.57658e-09 9.27242e-08 0.000140182 0.00225194 0.953916 0.0305547 0.0112522 0.00176674 0.000118606 
2.33147e-16 5.23392e-15 1.44107e-13 9.23269e-11 3.3394e-08 1.02748e-06 3.07684e-05 0.00180065 0.974503 0.0236647 
3.52173e-05 0.00170447 0.00352002 0.0160306 0.0439886 0.926417 0.00816256 0.00014106 6.6958e-07 1.69713e-09 
1.31983e-13 3.32162e-12 8.59574e-10 1.36364e-07 5.56617e-05 0.00101734 0.485989 0.499678 0.00987699 0.00338192 
2.68744e-13 6.29668e-12 6.7016e-10 2.94846e-07 0.000146205 0.00148605 0.00562632 0.967123 0.0203177 0.00530056 
1.05594e-13 2.35091e-12 2.85945e-11 2.03093e-08 2.07281e-06 0.000410752 0.00382537 0.965893 0.0198475 0.0100215 
1.11909e-12 3.48068e-11 3.19227e-08 0.000115626 0.00075343 0.013432 0.958265 0.020757 0.00557572 0.00110081 
7.09906e-34 1.13169e-29 8.35589e-26 7.0451e-22 7.17982e-18 4.60826e-14 2.21033e-10 3.06657e-05 0.000483519 0.999486 
1.6381e-13 3.6397e-12 3.38265e-11 2.699e-08 5.17094e-07 0.000439217 0.00147103 0.00982215 0.973922 0.0143452 
8.86238e-14 1.9715e-12 2.20411e-11 1.65008e-08 4.01027e-07 0.000439906 0.00326065 0.970231 0.0179319 0.00813612 
1.98897e-08 4.58249e-07 1.40963e-05 0.000917315 0.00718685 0.940614 0.0395543 0.0108069 0.000895806 9.82555e-06 
3.96334e-14 8.80477e-13 7.84784e-12 6.39099e-09 1.13754e-07 4.90923e-05 0.000177026 0.0106478 0.972743 0.0163826 
2.42368e-16 5.45419e-15 1.72659e-13 1.0671e-10 4.44042e-08 1.11186e-06 7.02149e-05 0.00286017 0.976324 0.0207449 
1.38344e-13 3.07521e-12 3.05721e-11 2.3266e-08 5.13928e-07 0.000561449 0.0042247 0.967155 0.0186866 0.00937156 
1.85328e-13 4.34162e-12 4.2997e-10 2.43838e-07 0.000124244 0.00146344 0.00728982 0.974973 0.0124245 0.00372512 
3.28313e-14 7.29868e-13 7.63831e-12 5.63217e-09 1.93064e-07 0.000195133 0.000775074 0.953927 0.0333366 0.0117663 
5.60485e-17 1.26955e-15 5.45702e-14 3.28236e-11 1.56493e-08 2.59888e-07 3.68099e-06 0.000381495 0.00238858 0.997226 
4.3875e-06 9.70502e-05 7.78172e-05 0.00185489 0.0178646 0.951727 0.0243937 0.00335674 0.000616664 7.35904e-06 
6.09705e-06 0.000134854 0.000148356 0.0074792 0.926237 0.0371394 0.0234668 0.00435579 0.00102459 7.90107e-06 
9.11825e-14 2.28174e-12 5.58356e-10 9.61443e-08 2.25036e-05 0.000944124 0.00662607 0.966697 0.0183106 0.00739918 
1.08227e-13 2.40474e-12 2.24309e-11 1.77325e-08 3.64513e-07 0.000301718 0.000831873 0.00853087 0.982436 0.00789949 
1.57197e-17 3.49257e-16 3.20963e-15 2.54197e-12 4.04601e-11 5.29544e-08 1.14775e-07 0.000104577 0.00337822 0.996517 
3.34832e-05 0.000850929 0.00509702 0.128967 0.855427 0.00844659 0.00112137 5.59472e-05 1.11015e-07 3.06735e-10 
1.2678e-09 4.21061e-08 9.53397e-06 0.00279039 0.923966 0.0335538 0.0287314 0.00930942 0.00160763 3.17946e-05 
2.79663e-16 6.29373e-15 2.04773e-13 1.18469e-10 4.79041e-08 1.20679e-06 1.97726e-05 0.00150308 0.204447 0.794029 
3.3742e-16 7.49593e-15 6.69101e-14 5.42597e-11 7.78568e-10 5.59644e-07 2.75463e-06 0.00029773 0.978114 0.0215845 
8.06038e-17 1.80589e-15 4.32317e-14 2.77085e-11 9.7345e-09 3.33284e-07 2.32872e-06 0.000368366 0.00399449 0.995634 
1.05736e-13 2.34959e-12 2.23473e-11 1.76979e-08 3.9589e-07 0.000308119 0.00139595 0.010647 0.976735 0.0109136 
7.08226e-16 1.60681e-14 8.56714e-13 3.18728e-10 1.02659e-07 3.45213e-06 0.000190148 0.00254295 0.0103544 0.986909 
2.63903e-17 5.89101e-16 1.03201e-14 6.94114e-12 1.77336e-09 1.02345e-07 7.79755e-07 0.000216664 0.00430345 0.995479 
6.77745e-16 1.54408e-14 9.70049e-13 3.39184e-10 1.1623e-07 8.02642e-05 0.000298733 0.00533375 0.978097 0.0161897 
1.11884e-16 2.51952e-15 8.27825e-14 5.10008e-11 2.16804e-08 4.82917e-07 3.14786e-06 0.00064277 0.00314178 0.996212 
2.68887e-13 6.40195e-12 1.00208e-09 1.29075e-07 1.3542e-05 0.000754193 0.0033492 0.012727 0.974408 0.00874747 
3.8471e-05 0.00108494 0.00715567 0.762199 0.204774 0.0217137 0.00300827 2.4414e-05 1.16809e-06 3.74359e-09 
4.67454e-08 1.06751e-06 3.6341e-05 0.00111259 0.0126263 0.953105 0.0277766 0.00433787 0.0010005 3.98295e-06 
3.27249e-16 7.41627e-15 3.63315e-13 1.56938e-10 6.13882e-08 1.55806e-06 5.12263e-05 0.0020412 0.975568 0.0223382 
0.000388658 0.0189531 0.921758 0.051154 0.00733134 0.000409562 5.59128e-06 1.76146e-07 5.75956e-10 3.30113e-12 
3.51015e-12 1.06808e-10 1.83803e-08 7.53033e-07 0.000265062 0.00265259 0.0135911 0.9677 0.0135048 0.00228609 
3.53787e-05 0.00264045 0.00894992 0.664121 0.305108 0.017345 0.00172329 7.64617e-05 1.21681e-07 5.47526e-10 
1.73227e-16 3.88924e-15 1.07418e-13 6.74722e-11 2.60063e-08 7.19522e-07 5.08478e-06 0.000911306 0.00585659 0.993226 
3.89567e-13 9.34072e-12 1.47283e-09 3.97743e-07 0.00020017 0.00203567 0.0103739 0.977397 0.00861296 0.00138038 
2.93596e-17 6.71386e-16 3.98969e-14 2.34207e-11 1.22741e-08 1.54855e-07 1.24339e-06 0.00027026 0.000656059 0.999072 
6.8174e-17 1.53275e-15 4.60421e-14 2.86607e-11 1.16667e-08 2.91867e-07 1.23662e-06 0.000394859 0.984192 0.0154121 
1.0399e-09 4.13717e-08 1.16343e-05 0.000211925 0.000991364 0.0158635 0.95424 0.0221456 0.00551916 0.00101691 
2.53898e-05 0.00199964 0.00674228 0.0162212 0.0359991 0.929509 0.00904264 0.000459684 9.56467e-07 1.1337e-08 
1.89011e-16 4.24641e-15 1.22168e-13 7.63895e-11 3.02078e-08 7.94342e-07 6.36561e-06 0.00106167 0.00871535 0.990216 
1.46252e-13 3.43043e-12 3.41204e-10 2.13734e-07 0.000120261 0.00159135 0.958771 0.0261739 0.0102778 0.00306533 
5.77912e-16 1.29995e-14 4.23464e-13 2.3222e-10 7.97408e-08 2.69336e-06 0.0002293 0.00324396 0.975634 0.0208902 
4.71921e-11 1.05352e-09 2.12268e-08 2.39997e-05 0.0037746 0.938989 0.0260932 0.0227415 0.0072206 0.00115702 
5.26107e-05 0.0018647 0.0165651 0.930614 0.0386524 0.0114451 0.000796862 8.71985e-06 8.01919e-07 2.51378e-09 
1.42789e-09 4.73253e-08 9.97218e-06 0.000160864 0.000599911 0.00833649 0.96215 0.0217883 0.00607772 0.000876529 
2.418e-06 5.41405e-05 0.000599289 0.0819255 0.707007 0.192736 0.0143995 0.00213729 0.00113508 4.47058e-06 
1.2069e-13 2.68175e-12 2.5184e-11 1.98964e-08 4.19752e-07 0.000340519 0.0010639 0.00928158 0.971766 0.0175476 
2.12511e-13 5.24938e-12 1.13242e-09 2.89403e-07 0.000218793 0.00147802 0.00398297 0.0113886 0.976488 0.00644313 
2.57312e-07 5.99135e-06 0.000399385 0.00494089 0.0126899 0.940003 0.0337035 0.00782717 0.000428645 8.00447e-07 
1.96431e-13 4.3856e-12 8.17701e-11 5.54927e-08 2.25085e-06 0.000318212 0.00117035 0.0104179 0.975236 0.0128556 
9.55523e-10 2.41667e-08 1.97328e-06 0.0002657 0.00219108 0.0861672 0.8197 0.0883036 0.00301226 0.000358237 
1.45861e-16 3.28401e-15 1.06752e-13 6.58534e-11 2.78678e-08 6.39823e-07 4.56251e-06 0.00110004 0.008305 0.99059 
2.9251e-08 6.7885e-07 3.10492e-05 0.00116422 0.00294636 0.02227 0.9599 0.0122822 0.00139711 8.80763e-06 
4.53531e-15 1.0079e-13 9.61763e-13 7.66636e-10 3.61048e-08 5.96077e-06 6.0736e-06 0.000831437 0.492952 0.506204 
1.89418e-16 4.27896e-15 1.63976e-13 9.95492e-11 4.53885e-08 8.54997e-07 7.28952e-06 0.00117102 0.00645858 0.992362 
2.9138e-17 6.47624e-16 6.40511e-15 4.87125e-12 8.39705e-11 1.01742e-07 1.79167e-06 0.000127372 0.00169478 0.998176 
1.93816e-13 4.40173e-12 2.3718e-10 7.61419e-08 5.17408e-06 0.00065537 0.00240404 0.0118442 0.970225 0.0148665 
1.37125e-13 3.04698e-12 2.86898e-11 2.27378e-08 5.00015e-07 0.00039836 0.00310887 0.963094 0.0217964 0.011602 
1.61681e-17 3.59232e-16 3.33189e-15 2.62059e-12 4.28502e-11 6.19408e-08 9.56797e-08 0.000194108 0.748545 0.251261 
1.75034e-08 4.62432e-07 4.73096e-05 0.000594194 0.00319819 0.935292 0.0461223 0.0135306 0.00120361 1.15672e-05 
1.05716e-11 2.5004e-10 1.5187e-08 1.33014e-06 0.000452107 0.00282111 0.0132204 0.836251 0.14583 0.0014246 
1.70459e-13 3.91421e-12 2.64047e-10 1.59937e-07 7.0758e-05 0.00317493 0.486002 0.496741 0.0096572 0.0043538 
1.27711e-15 2.89453e-14 1.50608e-12 8.53308e-10 1.40263e-07 0.000102455 0.000998623 0.00696292 0.0168253 0.975111 
0.000181415 0.00780561 0.0397806 0.922104 0.0243179 0.00462824 0.00116466 1.59323e-05 1.37972e-06 4.8716e-09 
8.60029e-10 3.23462e-08 8.40843e-06 0.000123989 0.00102364 0.00505658 0.016155 0.966918 0.00944449 0.00126955 
1.70949e-09 6.83327e-08 1.93006e-05 0.00029241 0.000506822 0.00437124 0.0136148 0.966828 0.0114212 0.00294577 
1.12706e-16 2.53427e-15 7.66927e-14 4.76815e-11 1.94228e-08 4.82821e-07 4.04814e-06 0.00121212 0.973665 0.0251183 
3.02488e-13 7.97634e-12 1.59869e-09 3.92412e-07 0.000252547 0.00212021 0.0102023 0.977754 0.00834648 0.0013242 
1.30799e-13 2.90626e-12 2.70545e-11 2.14763e-08 4.43578e-07 0.000416606 0.00223234 0.967807 0.0204554 0.00908796 
1.43737e-13 3.19365e-12 2.95847e-11 2.36653e-08 4.25086e-07 0.000449566 0.00108218 0.00868485 0.973962 0.0158205 
3.05546e-13 6.82971e-12 1.39832e-10 8.21464e-08 8.36576e-06 0.000569706 0.00163605 0.0124222 0.974602 0.0107617 
7.11894e-14 1.58187e-12 1.49339e-11 1.19078e-08 2.5264e-07 0.000160717 0.000856617 0.00657757 0.983873 0.00853176 
6.52143e-08 1.54726e-06 9.6575e-05 0.00303033 0.894965 0.0653986 0.0292334 0.00639917 0.000865464 1.02788e-05 
4.54544e-08 1.06639e-06 5.55338e-05 0.00180741 0.0119475 0.654939 0.328329 0.00260969 0.000306817 4.09003e-06 
1.73093e-16 3.89929e-15 1.30446e-13 8.00911e-11 3.42237e-08 8.00231e-07 1.60919e-05 0.00208148 0.98098 0.0169219 
2.42912e-16 5.46451e-15 1.69709e-13 1.0525e-10 4.33556e-08 1.0676e-06 3.99363e-05 0.00206996 0.974009 0.0238796 
1.28624e-13 2.85776e-12 2.62613e-11 2.11988e-08 3.61447e-07 0.000332301 0.00106895 0.00732643 0.977824 0.0134482 
3.42618e-08 8.09697e-07 4.99635e-05 0.00181137 0.0182533 0.946728 0.0272304 0.00500865 0.000906138 1.14591e-05 
3.48413e-06 7.90541e-05 0.00118768 0.00813824 0.0322472 0.943705 0.0141764 0.000460012 2.64902e-06 8.2286e-09 
3.61262e-13 8.80424e-12 1.68753e-09 4.07927e-07 0.000189272 0.00552987 0.955313 0.0282896 0.00939034 0.00128763 
9.76083e-08 2.25224e-06 9.16763e-05 0.00273618 0.0169749 0.0453703 0.929095 0.00465777 0.0010681 3.97927e-06 
4.27215e-08 9.44489e-07 1.47995e-05 0.00116654 0.00604649 0.0248753 0.956128 0.0106415 0.00112105 5.76421e-06 
2.47129e-08 5.65467e-07 1.62742e-05 0.00130437 0.00457916 0.0234485 0.954421 0.0151542 0.00106777 8.4213e-06 
9.64157e-18 2.16944e-16 6.82452e-15 4.21298e-12 1.74129e-09 4.20331e-08 3.45664e-07 6.07671e-05 0.00045839 0.99948 
4.24961e-13 1.01641e-11 1.54184e-09 4.62724e-07 0.000229687 0.00247063 0.0121376 0.973537 0.0100303 0.00159409 
1.29226e-16 2.88598e-15 5.61425e-14 3.10617e-11 5.62363e-09 4.93082e-07 6.41038e-06 0.000892104 0.00959475 0.989506 
6.22747e-10 1.38066e-08 3.5347e-08 1.93211e-06 0.000350953 0.00713731 0.959387 0.0242497 0.00759561 0.00127736 
2.17654e-17 4.83856e-16 4.97372e-15 3.68377e-12 6.25526e-11 8.35467e-08 1.55592e-07 0.000129826 0.000571039 0.999299 
1.52794e-16 3.44266e-15 1.32472e-13 5.23547e-11 1.34732e-08 6.3099e-07 1.02986e-05 0.000755495 0.00714223 0.992091 
2.73584e-13 6.49408e-12 8.51205e-10 3.22924e-07 0.000182295 0.0021696 0.949797 0.0297209 0.0139799 0.00415021 
2.66586e-13 6.2518e-12 6.86199e-10 2.76518e-07 0.000152912 0.00340968 0.934735 0.036566 0.0181723 0.00696384 
2.01545e-14 4.48006e-13 4.58801e-12 3.46463e-09 1.0267e-07 0.000114346 0.000339223 0.00489207 0.0147298 0.979924 
0.000165921 0.00865073 0.823993 0.161498 0.00445782 0.00121027 2.39879e-05 9.32238e-07 4.55909e-08 1.86332e-10 
8.3656e-16 1.88033e-14 6.06397e-13 3.60894e-10 9.20282e-08 3.19095e-06 0.000239401 0.00246167 0.0115752 0.98572 
1.23353e-08 2.87236e-07 1.79596e-05 0.000987589 0.0125275 0.943188 0.0337606 0.00845941 0.0010484 1.02487e-05 
1.51327e-13 3.49743e-12 2.63524e-10 1.69149e-07 9.29296e-05 0.00121125 0.217195 0.438639 0.339853 0.00300867 
2.35763e-16 5.31186e-15 1.79202e-13 1.10112e-10 4.74639e-08 1.02959e-06 8.35098e-06 0.00142408 0.970085 0.0284812 
3.70809e-09 9.3853e-08 8.13328e-06 0.000241141 0.0012549 0.00820439 0.968151 0.0172773 0.00450559 0.000357029 
1.05033e-13 2.33376e-12 2.173e-11 1.74026e-08 3.51429e-07 0.000261057 0.00109531 0.00907295 0.980066 0.00950389 
5.3318e-15 1.18708e-13 1.62674e-12 1.08274e-09 7.39287e-08 1.72925e-05 0.000298071 0.00238522 0.0128496 0.98445 
4.1645e-16 9.37593e-15 3.57911e-13 1.52128e-10 2.04258e-08 2.31202e-06 0.000180493 0.00134415 0.0108544 0.987619 
7.07844e-34 1.12918e-29 8.34045e-26 7.03909e-22 7.19888e-18 4.62506e-14 2.38956e-10 2.72612e-05 0.000258761 0.999714 
2.07992e-16 4.67338e-15 1.35398e-13 8.45365e-11 3.35157e-08 8.86216e-07 6.82321e-06 0.00134256 0.0102801 0.98837 
1.58693e-16 3.57942e-15 1.27691e-13 7.80261e-11 3.44904e-08 6.98826e-07 5.8841e-06 0.00104281 0.00819217 0.990758 
9.85496e-17 2.25955e-15 1.44489e-13 8.4406e-11 4.50008e-08 5.46169e-07 3.93174e-06 0.000824568 0.000599113 0.998572 
7.21376e-35 5.67343e-31 3.51253e-27 2.72899e-23 2.41174e-19 3.22094e-15 4.73983e-12 1.09785e-06 0.000251061 0.999748 
7.49396e-09 1.91124e-07 1.9147e-05 0.000325083 0.0016079 0.00803664 0.0188819 0.0220702 0.948531 0.000528201 
8.02851e-08 1.85172e-06 7.76092e-05 0.00219996 0.0122834 0.0307901 0.94998 0.00377014 0.000893835 3.31432e-06 
6.73458e-17 1.49758e-15 1.61164e-14 1.20657e-11 8.15714e-10 2.36042e-07 8.6703e-07 0.000340018 0.00650982 0.993149 
3.50816e-07 9.92128e-06 0.00110027 0.00569859 0.0249898 0.952889 0.0147091 0.000584823 1.85118e-05 4.55894e-08 
1.30106e-08 3.54867e-07 4.42034e-05 0.00107092 0.0123431 0.950393 0.0282615 0.00672198 0.00115121 1.36647e-05 
2.12976e-14 4.73174e-13 4.28389e-12 3.47214e-09 7.9094e-08 2.77127e-05 0.000214195 0.00169735 0.0101466 0.987914 
2.03675e-13 4.78638e-12 6.15902e-10 6.76925e-08 4.95208e-06 0.000412576 0.00290918 0.968789 0.0194501 0.00843435 
2.71965e-05 0.000673061 0.00337246 0.0165711 0.954693 0.0200194 0.00381535 0.000820677 7.63062e-06 5.61951e-08 
4.06543e-13 9.78074e-12 1.61292e-09 4.2032e-07 0.000203893 0.00536569 0.954369 0.0278325 0.0100623 0.00216628 
2.31192e-16 5.23208e-15 2.48527e-13 1.01876e-10 3.27559e-08 1.0755e-06 6.65746e-05 0.00104095 0.981352 0.017539 
5.78047e-14 1.50111e-12 4.30946e-10 1.26474e-07 7.51926e-05 0.00155538 0.955125 0.0242921 0.0129963 0.0059562 
6.69605e-14 1.51255e-12 6.13804e-11 2.75843e-08 8.64466e-07 0.000522569 0.00277063 0.0123144 0.0230874 0.961304 
1.6615e-16 3.73466e-15 1.1069e-13 6.89618e-11 2.77316e-08 7.03393e-07 5.61593e-06 0.000933343 0.98074 0.0183208 
8.43303e-17 1.88293e-15 3.37649e-14 2.26685e-11 6.0015e-09 3.08233e-07 3.63768e-06 0.000359745 0.00374014 0.995896 
1.78609e-12 4.33165e-11 3.47608e-09 5.72441e-07 0.0001993 0.00462135 0.952779 0.0306203 0.0100689 0.00171104 
2.16791e-09 7.08176e-08 1.48552e-05 0.000594528 0.00854318 0.952455 0.0284693 0.00871578 0.00119125 1.62047e-05 
9.24497e-16 2.06203e-14 3.44319e-13 2.57369e-10 4.04113e-08 8.10266e-06 5.65032e-05 0.00142609 0.0118755 0.986634 
1.5701e-16 3.53213e-15 1.09782e-13 6.79849e-11 2.80174e-08 6.72069e-07 5.22297e-06 0.000920567 0.0064862 0.992587 
5.3375e-10 1.273e-08 6.18507e-07 0.000151783 0.00122821 0.0130384 0.967827 0.0140397 0.00330001 0.000414193 
2.33315e-18 5.18387e-17 4.77323e-16 3.81997e-13 7.19852e-12 6.14775e-09 3.02527e-08 4.06195e-05 0.00186542 0.998094 
2.31641e-08 5.15236e-07 2.67909e-06 0.000429493 0.00700545 0.0302213 0.942635 0.0159336 0.00366175 0.000110503 
1.47993e-06 6.54612e-05 0.00216337 0.0107291 0.921437 0.0486864 0.0161238 0.000786166 7.04507e-06 2.39496e-08 
2.07047e-16 4.64684e-15 1.2547e-13 7.88429e-11 2.97759e-08 9.77892e-07 9.09667e-06 0.00108426 0.00846798 0.990438 
9.8608e-06 0.000293649 0.00174674 0.0552752 0.780787 0.159086 0.00271696 8.34407e-05 6.56182e-07 2.25955e-09 
1.25831e-16 2.82733e-15 8.19895e-14 5.11942e-11 2.03216e-08 5.35047e-07 4.28807e-06 0.000647385 0.00377664 0.995571 
1.11354e-16 2.48374e-15 4.00129e-14 2.73368e-11 6.20664e-09 4.23838e-07 3.12018e-06 0.000538222 0.00866 0.990798 
2.9366e-09 8.94581e-08 1.48358e-05 0.000596677 0.00625102 0.0320536 0.945608 0.0137012 0.00173013 4.43859e-05 
1.46876e-16 3.33345e-15 1.54685e-13 9.24522e-11 4.52472e-08 6.96706e-07 6.78574e-06 0.00141285 0.981525 0.0170543 
1.82326e-08 4.65853e-07 4.16777e-05 0.00109684 0.888221 0.0580183 0.0395338 0.0117305 0.00134333 1.36093e-05 
1.05701e-13 2.34845e-12 2.14718e-11 1.73056e-08 3.64937e-07 0.000196003 0.000692214 0.00492184 0.0120859 0.982104 
9.40674e-06 0.000212889 0.00116522 0.0851779 0.864875 0.0472713 0.00122619 5.13732e-05 1.11605e-05 6.27743e-09 
6.9222e-14 1.53841e-12 1.50437e-11 1.19174e-08 3.4315e-07 0.000169962 0.00135253 0.00732176 0.0176168 0.973539 
1.02015e-16 2.30856e-15 9.54686e-14 5.76165e-11 2.71081e-08 4.6765e-07 4.71294e-06 0.000699941 0.00685989 0.992435 
9.85964e-08 2.22475e-06 5.69225e-05 0.00179633 0.00807264 0.023382 0.0302528 0.9349 0.0015308 5.86103e-06 
6.41774e-16 1.44712e-14 5.47321e-13 2.76662e-10 9.91405e-08 3.05049e-06 0.000211673 0.00280821 0.0107148 0.986262 
4.96608e-14 1.10337e-12 1.0151e-11 8.17558e-09 1.32758e-07 0.000135685 0.000405576 0.00365377 0.499232 0.496572 
6.90293e-14 1.53408e-12 1.49339e-11 1.15611e-08 3.0727e-07 0.000296648 0.000900355 0.967478 0.0203748 0.01095 
7.94991e-14 1.76661e-12 1.68479e-11 1.32888e-08 3.35194e-07 0.000221769 0.00132198 0.00940886 0.980044 0.00900325 
6.53949e-05 0.00190286 0.0129206 0.90125 0.0828229 0.00101406 2.40346e-05 3.07019e-07 1.70162e-08 4.62806e-11 
1.21462e-13 2.69879e-12 2.51275e-11 2.01306e-08 3.99478e-07 0.000326451 0.00124396 0.00979261 0.975846 0.0127907 
7.23356e-08 1.64854e-06 5.77723e-05 0.00195751 0.00849342 0.490243 0.0288772 0.469429 0.000937696 3.23801e-06 
2.67203e-07 6.87524e-06 0.000536847 0.00456172 0.0211943 0.95217 0.0189972 0.00216097 0.000371172 9.85088e-07 
2.13342e-08 5.04771e-07 2.81673e-05 0.00124589 0.00894216 0.0293703 0.950683 0.00866063 0.00105553 1.35014e-05 
2.50153e-09 8.15312e-08 1.6795e-05 0.00051451 0.00711173 0.942044 0.0317766 0.0149729 0.00327043 0.000292816 
1.21114e-13 2.69132e-12 2.56138e-11 2.02675e-08 4.76095e-07 0.000390543 0.0014106 0.0111929 0.974418 0.0125872 
2.17448e-09 7.46006e-08 1.67722e-05 0.000262902 0.00113544 0.00599898 0.0176623 0.963959 0.00966987 0.00129471 
1.12013e-07 2.58727e-06 0.00010358 0.00307579 0.020962 0.943508 0.0270455 0.00376745 0.00152913 5.86031e-06 
1.25975e-10 5.04009e-09 1.42875e-06 2.50946e-05 0.000166425 0.00206815 0.00953778 0.975353 0.0109686 0.00187977 
0.390128 0.418494 0.17939 0.0109094 0.00107112 7.31552e-06 1.0092e-07 3.03219e-10 3.24889e-13 8.38417e-16 
3.06033e-14 6.80157e-13 6.71711e-12 5.23564e-09 1.29047e-07 0.000112292 0.000727592 0.421707 0.563225 0.0142271 
7.6591e-18 1.70177e-16 1.58057e-15 1.25244e-12 2.31494e-11 2.52919e-08 1.44428e-07 4.69584e-06 0.000514265 0.999481 
5.60558e-13 1.36835e-11 2.82492e-09 2.4524e-06 0.000160037 0.00513568 0.954797 0.0288718 0.00924444 0.00178853 
1.27141e-13 2.82477e-12 2.58445e-11 2.05814e-08 3.52596e-07 0.000369858 0.000473392 0.00557914 0.970146 0.0234311 
3.29703e-13 7.84293e-12 1.18504e-09 2.26229e-07 5.41681e-05 0.00102678 0.00420874 0.0123604 0.975792 0.00655792 
7.03764e-14 1.57249e-12 3.20965e-11 1.74637e-08 1.24459e-06 0.00183277 0.651105 0.335295 0.00779492 0.00397114 
1.17926e-13 2.62011e-12 2.41974e-11 1.91804e-08 3.39461e-07 0.000393399 0.000585945 0.007378 0.968012 0.0236302 
3.62745e-14 8.0615e-13 7.80653e-12 6.19403e-09 1.8555e-07 5.51044e-05 0.00073715 0.0044819 0.976634 0.0180914 
1.44281e-16 3.24996e-15 1.08292e-13 6.66602e-11 2.85702e-08 6.24951e-07 5.02315e-06 0.000871062 0.00756236 0.991561 
4.87984e-13 1.17481e-11 1.95057e-09 5.10569e-07 0.000230075 0.00449418 0.945084 0.036224 0.0121495 0.00181763 
4.53683e-16 1.02456e-14 4.39591e-13 3.16217e-10 5.7896e-08 2.128e-06 0.000261197 0.00176128 0.0084219 0.989553 
1.84326e-16 4.15332e-15 1.40788e-13 8.64019e-11 3.72576e-08 8.21523e-07 6.73894e-06 0.00116939 0.00900293 0.98982 
2.5406e-16 5.72224e-15 2.14652e-13 8.9297e-11 2.64826e-08 1.10458e-06 3.05201e-05 0.00104404 0.00855691 0.990367 
4.18795e-14 9.59227e-13 5.83639e-11 3.54538e-08 7.65295e-06 0.000811015 0.954668 0.0231258 0.0142881 0.00709979 
0.000123261 0.00721697 0.912463 0.0466012 0.0235978 0.00784865 0.00212493 2.24821e-05 1.61493e-06 5.8581e-09 
9.00171e-17 2.00066e-15 1.97139e-14 1.50642e-11 2.88944e-10 3.37625e-07 3.748e-06 0.000461967 0.00737635 0.992158 
1.01242e-09 2.57387e-08 2.12399e-06 0.000196054 0.0020531 0.226768 0.750167 0.0131464 0.00515534 0.00251153 
1.89504e-17 4.21122e-16 4.03501e-15 3.11703e-12 5.09472e-11 6.79453e-08 1.03439e-07 7.80163e-05 0.00062945 0.999292 
1.73753e-13 3.9853e-12 2.48607e-10 1.58526e-07 0.000106912 0.00104119 0.00233748 0.0122745 0.974718 0.00952137 
5.51987e-08 1.22126e-06 2.58581e-05 0.001525 0.0132012 0.953736 0.0243261 0.00551797 0.00165541 1.10635e-05 
1.53882e-16 3.51237e-15 2.39809e-13 7.7022e-11 2.1977e-08 4.10308e-05 3.9886e-05 0.00128118 0.490527 0.508111 
1.52565e-16 3.43176e-15 1.05994e-13 6.57174e-11 2.70498e-08 6.55843e-07 4.60268e-06 0.000980839 0.832186 0.166828 
1.48676e-16 3.32565e-15 7.02264e-14 4.57928e-11 1.43583e-08 5.79507e-07 4.84931e-06 0.000844965 0.00888062 0.990269 
1.71432e-16 3.84433e-15 9.81764e-14 6.25185e-11 2.27808e-08 7.01743e-07 4.9567e-06 0.000991475 0.0112768 0.987726 
8.16459e-15 2.14902e-13 6.33537e-11 2.85731e-08 7.93954e-07 0.00042106 0.0055397 0.97627 0.0124573 0.00531145 
5.6702e-10 2.19443e-08 5.9209e-06 9.47688e-05 0.000426918 0.00370858 0.952016 0.0235281 0.0151434 0.00507674 
2.76372e-14 6.14067e-13 5.70154e-12 4.54959e-09 8.02143e-08 8.0453e-05 0.000177907 0.00168661 0.687742 0.310313 
1.91591e-15 5.41516e-14 2.81626e-11 2.04733e-09 1.82159e-07 7.28865e-05 4.95863e-05 0.00177596 0.00909918 0.989002 
1.07136e-13 2.38056e-12 2.23263e-11 1.76178e-08 3.76302e-07 0.000306204 0.000725136 0.00750582 0.982403 0.00905898 
7.23801e-20 1.60943e-18 1.78389e-17 1.22549e-14 3.15602e-13 1.02385e-09 5.9513e-09 1.60185e-05 0.0010102 0.998974 
3.14746e-14 7.01724e-13 1.07868e-11 7.64429e-09 3.02953e-07 0.000194462 0.00109219 0.00804144 0.982252 0.00841985 
1.30592e-13 2.90502e-12 3.24258e-11 2.35197e-08 5.27633e-07 0.000478814 0.00398999 0.971403 0.0161793 0.00794872 
5.68207e-08 1.23549e-06 5.77666e-06 0.00150905 0.00811582 0.934363 0.0419783 0.0119997 0.00201777 9.78418e-06 
1.50532e-13 3.34489e-12 3.15412e-11 2.49738e-08 5.32264e-07 0.000457146 0.00275521 0.954882 0.028511 0.0133938 
0.00627852 0.889198 0.0441457 0.0376616 0.0175069 0.00419691 0.000996259 1.46778e-05 1.38794e-06 4.88425e-09 
1.37552e-16 3.08641e-15 8.1993e-14 5.17207e-11 1.93917e-08 5.70732e-07 4.84378e-06 0.000678892 0.00438154 0.994934 
2.20275e-08 4.88402e-07 1.75986e-06 0.000206091 0.00675284 0.929647 0.0386152 0.0194163 0.0050907 0.000269206 
3.48588e-13 8.53439e-12 1.75954e-09 3.29987e-07 9.60098e-05 0.00187239 0.0115311 0.972372 0.0112549 0.00287317 
1.41575e-15 3.17943e-14 9.99261e-13 7.48134e-10 1.05379e-07 6.92181e-06 0.000898612 0.0048631 0.974355 0.0198767 
1.50807e-15 3.40201e-14 1.40972e-12 6.67096e-10 1.58625e-07 7.26813e-05 0.000668135 0.0079127 0.975663 0.0156837 
2.46353e-05 0.00248659 0.00422408 0.0199484 0.934983 0.0330668 0.00512508 0.000141115 4.93131e-07 1.3212e-09 
2.19589e-09 7.72751e-08 1.81919e-05 0.000460269 0.00161386 0.0195084 0.0473867 0.929706 0.00129264 1.35788e-05 
3.13692e-12 7.40183e-11 5.13099e-09 6.64652e-07 0.000269083 0.00298591 0.0159296 0.965702 0.0131604 0.00195259 
4.81203e-13 1.15994e-11 2.02468e-09 3.98116e-07 0.0001096 0.00228821 0.0131867 0.971455 0.0111957 0.00176405 
7.27458e-14 1.66656e-12 9.85553e-11 6.10911e-08 6.86836e-05 0.000465145 0.00201354 0.35649 0.633068 0.0078942 
4.5871e-14 1.01946e-12 1.00071e-11 7.75952e-09 2.10343e-07 0.000158696 0.000739455 0.00563334 0.974816 0.0186523 
6.31948e-09 1.64768e-07 1.42181e-05 0.000921819 0.0114588 0.953266 0.0269285 0.00646985 0.000930727 1.00439e-05 
1.74273e-17 3.87242e-16 3.62482e-15 2.87267e-12 8.40616e-11 4.66404e-08 8.71383e-08 7.03011e-05 0.000894483 0.999035 
3.09254e-13 7.27775e-12 8.27515e-10 3.45823e-07 0.000182891 0.00218922 0.0121135 0.970543 0.0122134 0.00275778 
1.88309e-16 4.21216e-15 8.90206e-14 5.78243e-11 1.8029e-08 7.4883e-07 6.08614e-06 0.000947739 0.0103839 0.988662 
2.59358e-08 6.09291e-07 3.76425e-05 0.00100688 0.00772088 0.617242 0.372523 0.00131504 0.000152847 1.23307e-06 
6.74442e-06 0.000149405 0.000268063 0.0048943 0.0189547 0.853804 0.116638 0.00458492 0.000691282 8.81984e-06 
1.88365e-13 4.4347e-12 5.9709e-10 7.08576e-08 4.07716e-06 0.000475028 0.00193637 0.0124772 0.971806 0.0133013 
2.14717e-13 5.02864e-12 4.93215e-10 2.92349e-07 0.000196562 0.00160233 0.00825826 0.976238 0.0102385 0.00346609 
2.35781e-16 5.29995e-15 1.57371e-13 9.7932e-11 3.9366e-08 1.01651e-06 8.01574e-06 0.00136349 0.975737 0.02289 
8.02347e-16 1.81369e-14 8.18009e-13 5.31735e-10 1.08811e-07 3.7303e-06 0.000355216 0.00285567 0.976258 0.0205276 
2.8468e-18 6.32556e-17 5.95245e-16 4.62801e-13 7.90951e-12 1.31719e-08 3.21881e-08 8.64938e-05 0.00374374 0.99617 
7.74969e-09 1.95778e-07 1.68597e-05 0.000803824 0.00718393 0.0252132 0.957027 0.00883393 0.000911232 9.68659e-06 
3.66516e-13 8.94798e-12 1.71867e-09 4.43918e-07 0.000220448 0.00245933 0.0123884 0.0315471 0.951597 0.00178724 
9.22758e-14 2.05207e-12 2.23315e-11 1.63935e-08 4.56757e-07 0.000401485 0.00303022 0.0136651 0.974749 0.00815329 
2.32411e-16 5.26731e-15 2.47925e-13 1.22301e-10 5.32816e-08 1.11126e-06 2.24038e-05 0.00138603 0.973683 0.0249073 
2.41946e-17 5.37634e-16 5.10151e-15 3.96872e-12 6.54618e-11 9.14781e-08 1.07716e-06 0.000460167 0.991719 0.00781932 
4.01467e-27 7.24175e-25 9.62495e-22 4.47061e-19 5.68521e-16 3.40075e-12 2.39503e-09 7.27276e-05 0.00273635 0.997191 
8.58534e-34 1.36977e-29 1.01179e-25 8.53975e-22 8.73598e-18 5.61282e-14 2.79547e-10 3.63019e-05 0.000509892 0.999454 
1.67394e-16 3.77406e-15 1.31805e-13 8.07514e-11 3.53952e-08 7.38266e-07 6.90993e-06 0.00110264 0.871642 0.127247 
2.05875e-13 4.77037e-12 3.7764e-10 2.45268e-07 0.000153658 0.00133872 0.00361535 0.0136877 0.973567 0.00763724 
1.09808e-13 2.43997e-12 2.29762e-11 1.81082e-08 3.84418e-07 0.000354062 0.00150101 0.490654 0.0165634 0.490927 
1.196e-13 2.76294e-12 2.29609e-10 7.08115e-08 1.78366e-05 0.00043377 0.0018736 0.278917 0.71643 0.00232801 
1.38228e-16 3.10216e-15 8.34037e-14 5.25813e-11 1.9931e-08 5.71205e-07 4.35269e-06 0.000796911 0.00796142 0.991237 
4.11012e-10 1.20562e-08 1.88781e-06 0.000124241 0.000562705 0.00546151 0.0144514 0.0220459 0.955131 0.00222139 
6.11133e-10 2.43819e-08 6.87324e-06 0.00011092 0.000281217 0.00221964 0.00610635 0.0138055 0.0154156 0.962054 
8.51722e-08 1.93117e-06 6.64023e-05 0.00248748 0.0138083 0.952135 0.0261329 0.00424349 0.00112046 4.22312e-06 
2.29403e-15 5.10552e-14 6.30225e-13 5.43611e-10 5.20267e-08 4.10163e-06 0.000129596 0.00176601 0.00940942 0.988691 
1.75515e-16 3.94446e-15 1.15665e-13 7.2168e-11 2.88593e-08 7.28751e-07 6.06285e-06 0.000982658 0.00660354 0.992407 
1.14767e-13 2.55035e-12 2.44438e-11 1.93851e-08 4.42971e-07 0.000364641 0.0015052 0.0116946 0.974745 0.0116899 
1.60298e-16 3.60289e-15 1.06452e-13 6.6186e-11 2.63764e-08 6.8302e-07 1.76599e-05 0.000996852 0.00851695 0.990468 
8.37534e-17 1.88041e-15 5.19268e-14 3.26745e-11 1.2634e-08 3.40293e-07 3.75629e-06 0.000471365 0.0061404 0.993384 
7.81154e-10 2.26319e-08 3.39533e-06 5.72669e-05 0.000568273 0.00386456 0.701989 0.288566 0.00457668 0.000374382 
9.00868e-14 2.00159e-12 1.85271e-11 1.45876e-08 2.37466e-07 0.000339791 0.000126834 0.00337948 0.987929 0.00822499 
8.57984e-14 1.90659e-12 1.8196e-11 1.44705e-08 3.53198e-07 0.000287102 0.00126128 0.00884896 0.976071 0.0135309 
4.97134e-07 1.10759e-05 9.8469e-05 0.00290609 0.0186008 0.953628 0.0210702 0.00279156 0.000889116 4.27188e-06 
2.02084e-13 4.55808e-12 1.64682e-10 8.73321e-08 3.17128e-05 0.000723941 0.00355058 0.0187223 0.96533 0.0116415 
5.24164e-14 1.16481e-12 1.11485e-11 8.94579e-09 2.41428e-07 0.000135855 0.000959864 0.966001 0.0189354 0.0139677 
3.33948e-13 8.17422e-12 1.647e-09 4.01713e-07 0.000181182 0.00194899 0.00971778 0.974921 0.0108357 0.00239536 
9.99322e-14 2.22045e-12 2.07271e-11 1.65654e-08 3.53906e-07 0.000261269 0.00247078 0.970015 0.0191853 0.00806691 
1.02499e-09 3.34951e-08 6.8547e-06 0.000130725 0.000719211 0.0117491 0.96033 0.0206253 0.00588361 0.000555488 
3.96963e-13 9.20792e-12 7.44942e-10 4.3621e-07 0.000271163 0.00200338 0.00992571 0.0293239 0.952197 0.0062789 
2.44048e-13 6.02308e-12 1.31512e-09 2.72851e-07 0.000121071 0.00233518 0.972718 0.0177303 0.00590999 0.00118483 
7.41548e-05 0.00257163 0.0192091 0.0487253 0.915041 0.0126914 0.00157859 0.000109 1.68684e-07 5.87655e-10 
9.51483e-14 2.11431e-12 2.00726e-11 1.59437e-08 3.63132e-07 0.000287173 0.00134223 0.0100266 0.97852 0.00982387 
3.37828e-14 7.5082e-13 7.40019e-12 5.62913e-09 1.65692e-07 0.000176981 0.00044984 0.00684543 0.978982 0.0135458 
4.00897e-08 8.71376e-07 5.30414e-06 0.0016101 0.911693 0.0504153 0.0280119 0.00656956 0.00168601 7.72703e-06 
2.01923e-09 6.12188e-08 1.12786e-05 0.000313321 0.00218701 0.0206098 0.962626 0.0130611 0.00118058 1.11687e-05 
1.18799e-08 2.67645e-07 1.06842e-05 0.00104715 0.00970403 0.0391113 0.940829 0.0081071 0.00117103 1.90326e-05 
6.71301e-14 1.49167e-12 1.4037e-11 1.12838e-08 2.81385e-07 0.00010105 0.000809164 0.00478439 0.0115681 0.982737 
2.49385e-12 6.34526e-11 9.2317e-09 2.62109e-05 0.000107208 0.0017659 0.00496339 0.196029 0.794108 0.00300029 
3.58981e-26 2.06171e-23 2.85896e-20 9.9148e-18 1.54312e-15 4.21892e-12 2.71499e-09 1.00241e-06 6.40927e-05 0.999935 
4.29414e-13 1.01671e-11 1.40182e-09 2.9051e-07 8.67947e-05 0.00145278 0.00487809 0.0170881 0.970222 0.0062717 
1.28381e-06 3.20252e-05 0.00163917 0.0162055 0.937082 0.0341173 0.0104284 0.000490881 3.31791e-06 2.27299e-08 
1.4427e-05 0.00032101 0.00265935 0.64704 0.3169 0.0279992 0.00472144 0.000339368 4.7849e-06 4.98805e-08 
7.84395e-18 1.74273e-16 1.59514e-15 1.2673e-12 1.9919e-11 2.47762e-08 6.07267e-08 2.48777e-05 0.000779195 0.999196 
1.04181e-13 2.32045e-12 2.51913e-11 1.53158e-08 8.99364e-07 0.000214034 0.00107886 0.00677251 0.983979 0.00795508 
2.54818e-13 6.23633e-12 1.34409e-09 1.16007e-07 9.42425e-06 0.000481841 0.00337958 0.96823 0.0190394 0.00886008 
3.31304e-13 7.85741e-12 1.08725e-09 2.87981e-07 0.000149601 0.0015006 0.00585801 0.975446 0.0127099 0.0043356 
1.7379e-13 3.86514e-12 4.18543e-11 3.23067e-08 6.24032e-06 0.00056973 0.00389865 0.961756 0.0215898 0.0121793 
2.58207e-15 5.7416e-14 6.07661e-13 4.68342e-10 4.04016e-08 3.97714e-06 8.39095e-05 0.00281405 0.978532 0.0185658 
2.46253e-36 1.70907e-32 1.00317e-28 7.26579e-25 5.47075e-21 9.41082e-17 1.00557e-13 1.92237e-06 0.000173567 0.999825 
3.26268e-13 7.79789e-12 1.19276e-09 2.85506e-07 0.000139936 0.00154536 0.00745723 0.972024 0.0139587 0.00487461 
1.57468e-16 3.5622e-15 1.45188e-13 8.76312e-11 4.0921e-08 7.30504e-07 6.52401e-06 0.00103843 0.00619116 0.992763 
4.10462e-07 9.24103e-06 0.000144641 0.00661619 0.926098 0.0408452 0.0205744 0.00481533 0.000885378 1.14562e-05 
2.27539e-09 7.181e-08 1.36393e-05 0.000410554 0.00181313 0.0174758 0.958717 0.0182941 0.00299636 0.000279517 
4.83252e-17 1.0739e-15 1.02979e-14 7.96355e-12 1.32797e-10 1.68695e-07 4.80801e-07 0.000177574 0.00238881 0.997433 
1.11634e-05 0.000140409 0.00161194 0.158368 0.340132 0.487368 0.012047 0.000300162 2.20352e-05 6.03095e-08 
6.27197e-05 0.000255927 0.0116086 0.931234 0.0386938 0.0148955 0.00314389 0.00010421 1.06343e-06 3.35063e-09 
1.42907e-13 3.17503e-12 2.90071e-11 2.32037e-08 4.17674e-07 0.000368379 0.000616014 0.00896767 0.973667 0.0163806 
1.5201e-16 3.38132e-15 3.82411e-14 2.82379e-11 2.49298e-09 5.61672e-07 4.16049e-06 0.000565391 0.00858575 0.990844 
7.75932e-15 1.72474e-13 1.74705e-12 1.31179e-09 5.08215e-08 4.84388e-05 4.23502e-05 0.00223363 0.0126073 0.985068 
1.08965e-13 2.421e-12 2.22629e-11 1.7852e-08 3.19869e-07 0.000316339 0.000648526 0.00754863 0.977351 0.0141354 
2.63395e-16 5.93792e-15 2.28794e-13 1.03148e-10 3.27242e-08 1.15336e-06 1.65383e-05 0.0014972 0.978151 0.0203341 
6.3465e-18 1.41036e-16 1.35597e-15 1.04557e-12 1.74358e-11 2.4167e-08 1.97654e-07 0.000103883 0.00276604 0.99713 
4.20754e-17 9.35937e-16 1.04014e-14 7.40851e-12 4.75961e-10 3.32276e-06 0.000171113 0.00294825 0.98857 0.00830739 
8.10435e-14 1.80087e-12 1.70694e-11 1.34777e-08 3.08564e-07 0.000246892 0.000925995 0.00836682 0.981279 0.00918082 
0.000146506 0.00194021 0.0249409 0.941644 0.025546 0.00451153 0.00124977 1.94051e-05 1.38619e-06 6.62607e-09 
7.19718e-08 1.64441e-06 5.38961e-05 0.00175874 0.0108332 0.0288339 0.952323 0.0050788 0.00111237 4.43664e-06 
9.87801e-17 2.21411e-15 5.47481e-14 3.48611e-11 1.24537e-08 4.07658e-07 2.55294e-06 0.000552653 0.00509208 0.994352 
1.13089e-17 2.52464e-16 4.4536e-15 3.00014e-12 7.82184e-10 4.3231e-08 5.50562e-07 7.9137e-05 0.0014109 0.998509 
1.85555e-13 4.38986e-12 6.04691e-10 1.16814e-07 5.19914e-05 0.00110005 0.00564479 0.961464 0.0218043 0.00993506 
1.58615e-16 3.55853e-15 9.37696e-14 5.9262e-11 2.17284e-08 6.53724e-07 5.83375e-06 0.000769425 0.00550711 0.993717 
8.61754e-14 1.91951e-12 2.74916e-11 1.82469e-08 4.12088e-07 0.000267986 0.00167783 0.0115448 0.975513 0.0109963 
1.263e-13 2.80641e-12 2.63565e-11 2.09655e-08 4.66354e-07 0.000347344 0.0013358 0.0106066 0.976377 0.0113325 
1.26566e-13 2.83633e-12 8.01159e-11 2.53862e-08 7.20294e-07 0.000374675 0.00164306 0.0126252 0.971798 0.013558 
6.86531e-08 1.53957e-06 3.67832e-05 0.0016107 0.00964767 0.494171 0.48711 0.00584899 0.00156669 6.19816e-06 
1.32941e-09 4.55392e-08 1.06304e-05 0.000574042 0.00741274 0.494169 0.492278 0.00486471 0.000683979 7.06749e-06 
1.45208e-05 0.000211953 0.00574886 0.0169446 0.486502 0.479646 0.00978863 0.00103635 0.000107388 1.09406e-07 
2.79003e-07 7.80277e-06 0.000644127 0.00416199 0.0214859 0.0514896 0.919175 0.00217188 0.000860196 3.21026e-06 
2.37951e-05 0.000526211 0.000690816 0.0127666 0.942153 0.0250983 0.0138597 0.00418778 0.000683888 9.62499e-06 
2.29979e-17 5.1198e-16 6.50022e-15 4.71585e-12 7.10755e-10 7.84548e-08 2.66971e-07 0.000184285 0.00441607 0.995399 
1.76074e-13 4.31625e-12 8.71827e-10 1.99271e-07 0.000124224 0.00134182 0.00842695 0.975239 0.0107947 0.00407282 
2.61504e-30 1.5545e-27 2.21045e-24 1.96166e-21 1.31815e-17 9.83924e-14 4.28397e-10 4.71145e-05 0.00145238 0.998501 
2.80062e-18 6.2224e-17 5.72618e-16 4.53053e-13 7.24241e-12 9.61886e-09 2.93313e-08 8.0092e-05 0.0026734 0.997246 
3.28596e-10 1.31619e-08 3.7197e-06 5.05392e-05 0.000108604 0.00155176 0.00470956 0.0153273 0.970773 0.0074756 
1.12618e-09 4.50181e-08 1.27389e-05 0.00020891 0.000423636 0.00932771 0.0262849 0.957228 0.00555949 0.000954655 
1.04997e-13 2.33286e-12 2.14836e-11 1.71766e-08 3.37983e-07 0.000294837 0.00110426 0.00787457 0.983448 0.00727815 
3.60501e-13 8.64875e-12 1.4354e-09 2.59816e-07 9.13371e-05 0.00114934 0.0045926 0.0123121 0.978515 0.0033395 
2.90642e-13 6.90053e-12 9.38666e-10 2.96905e-07 0.000181464 0.00149805 0.00403974 0.0138515 0.973768 0.00666095 
1.89725e-16 4.26542e-15 1.27891e-13 7.95811e-11 3.22258e-08 8.04759e-07 6.47027e-06 0.00109764 0.00958357 0.989311 
3.89233e-08 8.76001e-07 3.00399e-05 0.00162407 0.00768503 0.938327 0.041122 0.0103202 0.000882711 7.59958e-06 
5.50673e-14 1.24122e-12 4.15921e-11 3.14199e-08 8.28821e-06 0.000334833 0.00224878 0.976346 0.0146581 0.00640367 
5.19902e-14 1.15588e-12 1.20268e-11 9.50593e-09 2.9737e-07 0.000194915 0.00140244 0.0106963 0.97652 0.0111865 
