36229
8.60841e-08 2.5254e-05 0.00629925 0.925389 0.0642994 0.003978 8.97343e-06 7.30419e-09 3.84203e-12 1.16431e-15 
6.91969e-15 1.01579e-11 1.85481e-08 2.35581e-05 0.00896735 0.983522 0.00741715 6.93474e-05 1.03261e-07 1.07012e-10 
7.9289e-32 2.07759e-28 8.94156e-25 4.10424e-21 1.18682e-17 1.45175e-13 1.1377e-09 7.67228e-05 0.00292873 0.996995 
7.03961e-27 1.64836e-23 5.44201e-20 1.80233e-16 3.1373e-13 1.09519e-09 2.66139e-06 0.00425095 0.993145 0.00260145 
6.19048e-32 1.61946e-28 6.93721e-25 3.16204e-21 8.99449e-18 1.07766e-13 7.83928e-10 3.91667e-05 0.0021785 0.997782 
7.22658e-32 1.88813e-28 8.05633e-25 3.64998e-21 1.03386e-17 1.27114e-13 8.60547e-10 2.31025e-05 0.00180772 0.998169 
7.78079e-08 2.76043e-05 0.00995956 0.975035 0.0149192 5.82413e-05 3.1909e-07 9.71363e-10 6.55787e-13 2.92454e-16 
1.38558e-22 3.04477e-19 8.62591e-16 2.22444e-12 2.79981e-09 5.04101e-06 0.00555306 0.0378773 0.956251 0.000313461 
4.78617e-33 1.26788e-29 5.61476e-26 2.68787e-22 9.28393e-19 1.59831e-14 1.21687e-10 3.47758e-06 0.00116144 0.998835 
1.06589e-14 3.10632e-11 2.38052e-07 0.00131288 0.928566 0.0612497 0.00879114 8.02612e-05 1.81165e-07 1.84534e-10 
1.12206e-22 2.47652e-19 7.084e-16 1.85546e-12 2.36529e-09 4.24925e-06 0.00471873 0.991559 0.00371109 6.86881e-06 
5.65151e-32 1.48157e-28 6.37889e-25 2.92571e-21 8.51618e-18 1.08388e-13 8.172e-10 4.37675e-05 0.00204534 0.997911 
6.62109e-08 2.5529e-05 0.0107529 0.973706 0.0154617 5.33536e-05 2.35116e-07 7.60452e-10 5.10053e-13 2.24508e-16 
3.77113e-15 4.64205e-12 7.24212e-09 7.56514e-06 0.00216685 0.01377 0.980961 0.00309059 3.86218e-06 3.50163e-09 
1.12013e-18 2.08663e-15 4.86562e-12 9.15254e-09 7.35712e-06 0.00454723 0.984015 0.0113267 0.000103305 2.23031e-08 
4.29159e-27 1.00704e-23 3.34486e-20 1.1179e-16 1.96979e-13 7.0608e-10 1.76378e-06 0.0035449 0.994253 0.00220021 
6.17197e-24 1.35111e-20 3.74793e-17 9.50315e-14 1.37648e-10 5.22473e-07 0.00125734 0.987065 0.0104457 0.00123166 
1.41228e-11 1.43897e-08 1.84321e-05 0.0135529 0.973965 0.0120372 0.000425357 1.398e-06 1.90924e-09 1.7269e-12 
5.16839e-23 1.13554e-19 3.17535e-16 7.93175e-13 9.39235e-10 1.38585e-06 0.00118616 0.00950244 0.986187 0.0031235 
3.86898e-32 1.00737e-28 4.26087e-25 1.91033e-21 5.39823e-18 6.9256e-14 4.44261e-10 2.09938e-06 0.000772221 0.999226 
8.0923e-05 0.0125478 0.970606 0.0165972 0.00016727 6.28219e-07 1.73729e-09 2.62043e-12 1.6011e-15 5.70012e-19 
1.40114e-11 1.28698e-08 1.54335e-05 0.0118761 0.972032 0.0149365 0.00111311 2.67573e-05 4.70899e-08 3.63033e-11 
5.54298e-15 7.8958e-12 1.42155e-08 1.83375e-05 0.00781031 0.985675 0.00643984 5.63695e-05 1.89429e-07 2.76078e-10 
7.83616e-32 2.0542e-28 8.84837e-25 4.06348e-21 1.17629e-17 1.44758e-13 1.14e-09 7.77328e-05 0.00251019 0.997412 
3.13375e-32 8.27419e-29 3.63972e-25 1.72249e-21 5.15251e-18 5.97579e-14 5.84527e-10 7.16461e-05 0.00236886 0.997559 
1.02394e-31 2.68535e-28 1.1572e-24 5.31062e-21 1.53549e-17 1.90873e-13 1.45103e-09 8.50242e-05 0.00233765 0.997577 
1.26664e-22 2.77143e-19 7.75111e-16 1.94704e-12 2.34669e-09 3.79188e-06 0.0040133 0.992839 0.00313798 5.75028e-06 
1.22151e-22 2.70162e-19 7.75937e-16 2.04569e-12 2.62252e-09 4.70311e-06 0.00521253 0.990627 0.00414827 7.65264e-06 
1.38254e-18 2.54547e-15 5.90703e-12 1.11332e-08 9.01244e-06 0.00581498 0.990541 0.00362764 7.34455e-06 1.02556e-08 
1.63651e-11 1.45718e-08 1.69155e-05 0.0119139 0.979675 0.00834076 5.27956e-05 2.90172e-07 3.77635e-10 3.40248e-13 
1.87301e-22 4.12257e-19 1.16819e-15 3.0058e-12 3.74191e-09 6.39478e-06 0.0067353 0.98806 0.00518851 1.00232e-05 
8.29668e-32 2.17032e-28 9.29057e-25 4.22775e-21 1.20797e-17 1.4982e-13 1.03786e-09 3.39536e-05 0.968519 0.0314475 
9.43231e-32 2.47789e-28 1.07258e-24 4.95177e-21 1.45121e-17 1.83615e-13 1.23771e-09 3.0901e-05 0.00340007 0.996569 
5.9413e-15 8.38214e-12 1.49333e-08 1.87917e-05 0.00775107 0.985782 0.00639499 5.29772e-05 1.52294e-07 1.56798e-10 
3.21982e-05 0.00197331 0.0209137 0.965779 0.0112634 3.83632e-05 7.65478e-08 3.0161e-10 1.96404e-13 6.84298e-17 
6.00134e-27 1.40814e-23 4.66933e-20 1.55396e-16 2.7091e-13 9.49604e-10 2.39698e-06 0.00412314 0.993506 0.00236817 
3.19092e-15 3.93544e-12 6.11706e-09 6.29265e-06 0.00164 0.0110526 0.984578 0.00271654 6.30839e-06 6.58318e-09 
1.23687e-18 2.26768e-15 5.23797e-12 9.80162e-09 7.93957e-06 0.00565074 0.989201 0.00469217 0.000447766 7.98687e-07 
4.16151e-15 6.14073e-12 1.14473e-08 1.54831e-05 0.00714185 0.986998 0.00580092 4.39293e-05 9.17146e-08 9.50712e-11 
7.24688e-32 1.89959e-28 8.179e-25 3.75272e-21 1.08514e-17 1.3406e-13 1.00178e-09 5.47052e-05 0.0023744 0.997571 
1.95372e-32 5.4192e-29 2.66421e-25 1.41308e-21 4.91179e-18 6.54425e-14 6.4296e-10 7.68739e-05 0.00235036 0.997573 
0.00973263 0.934389 0.0487075 0.00712604 4.47467e-05 3.05e-07 1.0966e-09 1.70444e-12 1.05431e-15 3.90515e-19 
7.75265e-18 1.88644e-14 5.63182e-11 1.23916e-07 0.000229319 0.00913903 0.98713 0.00349639 5.58971e-06 6.04071e-09 
2.92636e-11 5.84308e-08 0.000213951 0.90573 0.0837728 0.0102213 6.18394e-05 3.78451e-07 4.57542e-10 4.00612e-13 
1.30812e-22 2.86163e-19 8.0206e-16 2.02568e-12 2.46748e-09 4.12329e-06 0.00451295 0.991941 0.00353534 6.1236e-06 
0.894101 0.0917274 0.0139653 0.000206008 3.43823e-07 1.53394e-09 4.67147e-12 5.24938e-15 3.08411e-18 9.86879e-22 
3.92154e-27 9.30062e-24 3.16405e-20 1.08921e-16 1.96249e-13 7.22436e-10 1.91115e-06 0.00343294 0.994644 0.00192139 
6.98978e-19 1.22843e-15 2.69869e-12 4.59203e-09 3.0918e-06 0.00119053 0.00941428 0.986202 0.00318565 4.79688e-06 
4.64793e-32 1.21942e-28 5.27278e-25 2.43996e-21 7.12702e-18 8.54975e-14 7.62377e-10 7.58585e-05 0.00201601 0.997908 
1.19024e-11 1.21362e-08 1.43099e-05 0.00846621 0.0477416 0.94074 0.00302936 8.00627e-06 1.36553e-07 1.4387e-10 
8.84644e-23 1.91713e-19 5.21706e-16 1.23726e-12 1.35131e-09 1.5978e-06 0.0011755 0.00626588 0.990155 0.00240196 
5.53409e-15 8.00878e-12 1.45524e-08 1.88857e-05 0.00806535 0.985128 0.00673627 5.17146e-05 1.0739e-07 1.13037e-10 
1.41015e-22 3.10099e-19 8.79257e-16 2.26828e-12 2.84326e-09 4.99341e-06 0.00542369 0.98974 0.0047836 4.76538e-05 
0.000233585 0.0149076 0.967309 0.0174507 9.92043e-05 4.31335e-07 1.3628e-09 2.53427e-12 1.60095e-15 5.96416e-19 
6.92269e-15 9.8925e-12 1.77613e-08 2.2491e-05 0.00907026 0.983551 0.00728794 6.76331e-05 1.67216e-07 1.75123e-10 
6.80526e-07 0.00118282 0.905495 0.0756264 0.0176238 7.13976e-05 3.16002e-07 1.03524e-09 6.94332e-13 3.00558e-16 
2.84762e-29 7.16143e-26 2.76021e-22 1.09102e-18 2.21655e-15 1.04753e-11 4.19753e-08 0.000351835 0.976442 0.0232057 
9.25945e-12 7.45673e-09 7.25464e-06 0.00332814 0.0206626 0.971985 0.00399281 2.44553e-05 2.10745e-08 9.52983e-12 
7.34294e-16 9.56679e-13 1.55578e-09 1.70603e-06 0.000455139 0.00804584 0.987888 0.00360289 6.56185e-06 8.41421e-09 
3.70541e-08 1.30178e-05 0.00428645 0.0347245 0.955215 0.00573418 2.63364e-05 1.75108e-07 1.46517e-10 9.03819e-14 
8.17473e-05 0.00987791 0.941482 0.0413576 0.00717391 2.62977e-05 5.41227e-08 1.99174e-10 1.33425e-13 4.67021e-17 
6.15331e-23 1.35775e-19 3.8874e-16 1.02419e-12 1.33257e-09 2.57223e-06 0.00292724 0.019509 0.976136 0.00142471 
3.64072e-25 1.05573e-21 5.36886e-18 2.63158e-14 5.51693e-11 1.63689e-07 0.000218049 0.974893 0.0227684 0.00212042 
2.87351e-27 6.77606e-24 2.27874e-20 7.75229e-17 1.39931e-13 5.37279e-10 1.52489e-06 0.00284938 0.499787 0.497363 
1.60696e-18 2.95813e-15 6.82374e-12 1.26468e-08 9.98037e-06 0.00651216 0.989365 0.0041044 8.1687e-06 1.18298e-08 
3.05247e-32 7.95831e-29 3.37588e-25 1.5168e-21 4.20804e-18 4.99548e-14 3.10795e-10 1.39676e-06 0.000997695 0.999001 
5.33028e-33 1.43479e-29 6.65783e-26 3.38508e-22 1.12723e-18 1.31881e-14 1.83225e-10 3.32876e-05 0.00067148 0.999295 
9.9909e-32 2.62208e-28 1.13192e-24 5.20469e-21 1.50616e-17 1.86389e-13 1.376e-09 7.16448e-05 0.970423 0.0295052 
0.00227149 0.724792 0.260152 0.0127095 7.37773e-05 4.15653e-07 1.3975e-09 2.29926e-12 1.44096e-15 5.32808e-19 
1.19823e-18 2.25089e-15 5.31009e-12 1.0239e-08 8.6609e-06 0.00658762 0.989089 0.0043076 6.92913e-06 8.63988e-09 
1.19643e-22 2.62347e-19 7.40424e-16 1.89414e-12 2.34184e-09 3.97776e-06 0.00434589 0.992181 0.0034628 6.20152e-06 
0.000238542 0.0129868 0.973077 0.0136248 7.20614e-05 4.26056e-07 1.32869e-09 1.9303e-12 1.17322e-15 4.05525e-19 
1.99338e-27 4.69788e-24 1.57759e-20 5.34933e-17 9.54161e-14 3.46239e-10 8.76738e-07 0.00143367 0.00706787 0.991498 
2.1627e-23 4.78175e-20 1.3814e-16 3.71882e-13 5.13861e-10 1.30542e-06 0.00228339 0.979617 0.0162191 0.00187916 
8.23699e-32 2.1563e-28 9.25442e-25 4.22898e-21 1.20656e-17 1.44356e-13 1.0768e-09 6.1592e-05 0.00231556 0.997623 
5.78973e-27 1.36933e-23 4.63636e-20 1.59036e-16 2.87964e-13 1.08077e-09 2.85269e-06 0.00543437 0.991396 0.00316722 
2.6328e-26 8.12322e-23 4.81323e-19 2.94947e-15 1.16276e-11 1.28321e-07 0.000551082 0.979973 0.0172511 0.00222467 
8.77981e-32 2.3073e-28 9.99603e-25 4.6182e-21 1.34511e-17 1.6606e-13 1.26001e-09 7.50387e-05 0.00257974 0.997345 
2.56399e-11 6.42961e-08 0.000400201 0.914464 0.0757898 0.00928807 5.7327e-05 3.09573e-07 3.98918e-10 3.53587e-13 
7.7514e-19 1.51937e-15 3.69057e-12 7.32061e-09 6.34888e-06 0.00500457 0.990715 0.00415391 0.000120279 2.90332e-07 
3.62487e-27 8.55087e-24 2.87873e-20 9.80081e-17 1.75851e-13 6.38862e-10 1.53798e-06 0.00307961 0.993576 0.00334245 
7.86906e-32 2.06432e-28 8.90558e-25 4.09476e-21 1.18557e-17 1.46044e-13 1.11228e-09 6.6857e-05 0.0023606 0.997573 
5.01604e-08 1.44997e-05 0.00292617 0.0234466 0.967681 0.00591157 1.97278e-05 1.62049e-07 1.06295e-10 5.50231e-14 
1.75187e-22 3.8413e-19 1.07819e-15 2.72272e-12 3.28773e-09 5.1707e-06 0.00512902 0.990942 0.00389986 2.41439e-05 
9.60931e-19 1.78913e-15 4.15528e-12 7.72568e-09 6.04607e-06 0.00343668 0.962004 0.0324559 0.00209596 1.62301e-06 
4.63937e-32 1.2202e-28 5.30303e-25 2.46379e-21 7.20718e-18 8.66145e-14 7.01976e-10 5.53354e-05 0.00183348 0.998111 
4.95949e-19 1.02054e-15 2.551e-12 5.2048e-09 4.71187e-06 0.00416615 0.980297 0.0140922 0.0014384 1.76021e-06 
0.000102605 0.014248 0.966999 0.018536 0.000113759 6.3247e-07 2.06767e-09 3.1695e-12 1.9582e-15 7.02912e-19 
1.48803e-11 1.40764e-08 1.68507e-05 0.0122295 0.978219 0.00935981 0.000173456 8.52395e-07 1.40404e-09 1.6357e-12 
1.00351e-36 8.79564e-33 1.32391e-28 1.60719e-24 1.95992e-20 6.04819e-16 6.00659e-12 1.46248e-07 0.000593305 0.999407 
3.18289e-05 0.00167526 0.0207488 0.964584 0.0129201 3.9541e-05 9.53767e-08 3.90573e-10 2.54533e-13 1.02331e-16 
5.28849e-27 1.24388e-23 4.15153e-20 1.39581e-16 2.47037e-13 8.88917e-10 2.23911e-06 0.00433433 0.993026 0.00263695 
5.87502e-15 8.20778e-12 1.46211e-08 1.8932e-05 0.00852563 0.984556 0.00685642 4.24591e-05 1.40911e-07 1.46672e-10 
9.88417e-25 2.88137e-21 1.47812e-17 7.44047e-14 1.72989e-10 6.62985e-07 0.000914455 0.00762699 0.98982 0.00163777 
1.73642e-22 3.7922e-19 1.0553e-15 2.62354e-12 3.10416e-09 4.72682e-06 0.00478648 0.991686 0.00351596 6.95612e-06 
1.76613e-22 3.88319e-19 1.10001e-15 2.84287e-12 5.80443e-09 0.000226925 0.0101761 0.984631 0.00495646 9.45099e-06 
8.98392e-32 2.35947e-28 1.02126e-24 4.72023e-21 1.38849e-17 1.75387e-13 1.3822e-09 9.15238e-05 0.00373919 0.996169 
1.46618e-13 3.80693e-10 1.39439e-06 0.00345036 0.952327 0.0383987 0.00576266 6.01418e-05 1.56733e-07 1.58232e-10 
5.43529e-15 7.53731e-12 1.32117e-08 1.64724e-05 0.00656541 0.987883 0.00549246 4.2283e-05 1.48171e-07 1.57534e-10 
1.40513e-18 2.6362e-15 6.18826e-12 1.17436e-08 9.49347e-06 0.00574066 0.98754 0.00643461 0.000275332 1.25215e-07 
2.88019e-09 2.23632e-06 0.000270604 0.0127156 0.979374 0.00759121 4.6422e-05 2.35923e-07 3.19259e-10 2.93411e-13 
6.48215e-27 1.50888e-23 4.89369e-20 1.57386e-16 2.6185e-13 8.25169e-10 1.82404e-06 0.00230518 0.0121969 0.985496 
1.08906e-31 4.11232e-28 3.57045e-24 3.26823e-20 2.80147e-16 6.93816e-12 5.91074e-08 0.000816757 0.00795124 0.991232 
4.75197e-28 1.13126e-24 3.91801e-21 1.39784e-17 2.71742e-14 1.18169e-10 3.37084e-07 0.000856625 0.685001 0.314142 
4.80163e-27 1.12523e-23 3.71959e-20 1.2327e-16 2.13722e-13 7.31062e-10 1.73169e-06 0.00238984 0.982618 0.0149901 
3.03001e-10 8.77167e-08 2.79525e-05 0.0123375 0.980542 0.00705945 3.30921e-05 1.56271e-07 2.1115e-10 1.88379e-13 
5.77879e-19 1.09244e-15 2.54314e-12 4.64862e-09 3.45726e-06 0.00166492 0.977432 0.0185248 0.00237322 1.87205e-06 
2.40616e-23 5.41139e-20 1.6066e-16 4.47202e-13 6.09336e-10 1.1981e-06 0.00159769 0.978317 0.0178753 0.00220928 
7.08517e-15 1.00054e-11 1.78208e-08 2.23707e-05 0.00883607 0.98387 0.00721025 6.13694e-05 1.63666e-07 1.67522e-10 
5.06142e-08 1.5397e-05 0.00295248 0.0236139 0.967995 0.00540417 1.88666e-05 1.73171e-07 1.10599e-10 4.98602e-14 
3.22605e-27 7.59502e-24 2.54349e-20 8.59852e-17 1.53371e-13 5.60449e-10 1.42925e-06 0.00269896 0.995611 0.00168877 
4.45247e-23 9.78776e-20 2.73653e-16 6.88785e-13 8.61458e-10 1.73591e-06 0.00247089 0.989243 0.00755647 0.000728292 
0.000103862 0.0130702 0.969431 0.0172918 0.000103021 5.58617e-07 1.88577e-09 3.23727e-12 2.033e-15 7.57463e-19 
9.26565e-32 2.4299e-28 1.04718e-24 4.80813e-21 1.39704e-17 1.75886e-13 1.31538e-09 6.96662e-05 0.00270994 0.99722 
2.79339e-13 1.37772e-10 1.09685e-07 6.35878e-05 0.0108449 0.980444 0.00858224 6.47398e-05 1.77723e-07 1.92657e-10 
7.71685e-05 0.0117986 0.964567 0.023271 0.00028562 4.40578e-07 1.32733e-09 2.36737e-12 1.48781e-15 5.48461e-19 
5.3377e-23 1.22173e-19 3.78186e-16 1.12387e-12 1.64894e-09 3.63174e-06 0.00429 0.986094 0.00900216 0.000610394 
4.35615e-27 1.02193e-23 3.38512e-20 1.1244e-16 1.95607e-13 6.87546e-10 1.765e-06 0.00307199 0.994173 0.00275331 
1.55278e-29 5.85638e-26 4.61542e-22 3.35863e-18 1.34777e-14 1.23257e-10 4.67568e-07 0.00181814 0.98964 0.00854093 
8.02965e-15 1.14328e-11 2.05474e-08 2.62234e-05 0.010677 0.98063 0.00860364 6.28935e-05 2.05438e-07 2.1782e-10 
3.41364e-32 9.05261e-29 4.00978e-25 1.90035e-21 5.70066e-18 7.02293e-14 5.58932e-10 4.12896e-05 0.00168951 0.998269 
3.71681e-27 8.85704e-24 3.05203e-20 1.07071e-16 1.98161e-13 7.67445e-10 2.07677e-06 0.00379328 0.993904 0.0023006 
9.5957e-08 3.3692e-05 0.0136762 0.967542 0.0186816 6.62757e-05 3.78848e-07 1.14005e-09 7.74149e-13 3.52168e-16 
7.36175e-08 2.37376e-05 0.00636676 0.0438713 0.947625 0.0021089 4.42428e-06 3.67192e-09 1.88089e-12 5.94021e-16 
5.45086e-27 1.2827e-23 4.28951e-20 1.44684e-16 2.57028e-13 9.26881e-10 2.31196e-06 0.00385353 0.993517 0.00262702 
6.81614e-34 2.20548e-30 1.43511e-26 9.57037e-23 4.06348e-19 5.04688e-15 1.03183e-10 2.30941e-05 0.000740773 0.999236 
4.90355e-27 1.14972e-23 3.8073e-20 1.26622e-16 2.21779e-13 7.90508e-10 1.99235e-06 0.00394606 0.993636 0.00241632 
6.83215e-23 1.49588e-19 4.18726e-16 1.04816e-12 1.22705e-09 1.62814e-06 0.00128086 0.498461 0.499264 0.000993172 
2.59831e-23 5.58931e-20 1.51689e-16 3.64796e-13 4.44285e-10 1.02947e-06 0.00190132 0.981827 0.0144964 0.00177412 
7.37992e-08 2.65193e-05 0.0110278 0.973575 0.015317 5.37498e-05 2.86898e-07 8.57382e-10 5.8098e-13 2.64274e-16 
4.63537e-27 1.07929e-23 3.51662e-20 1.14368e-16 1.94943e-13 6.47617e-10 1.43401e-06 0.00198149 0.982961 0.0150563 
8.13873e-29 1.89942e-25 6.25123e-22 2.0804e-18 3.7267e-15 1.33219e-11 2.54847e-08 0.000125671 0.00363112 0.996243 
1.55663e-11 1.52703e-08 4.15371e-05 0.903161 0.0872514 0.00949707 4.86085e-05 2.63395e-07 3.23774e-10 2.82513e-13 
9.25883e-12 7.03087e-09 6.66925e-06 0.0031943 0.021849 0.971285 0.00363552 2.91826e-05 2.3349e-08 9.25594e-12 
4.06135e-33 1.08256e-29 4.8983e-26 2.43496e-22 9.08494e-19 1.58766e-14 1.38466e-10 9.15148e-06 0.0011457 0.998845 
8.65786e-05 0.0109534 0.970188 0.0180786 0.000692163 1.247e-06 2.63027e-09 3.20734e-12 1.88288e-15 6.74532e-19 
5.1838e-27 1.2217e-23 4.09255e-20 1.38212e-16 2.4553e-13 8.88974e-10 2.2715e-06 0.00418432 0.992955 0.00285856 
1.23627e-11 1.16491e-08 1.4099e-05 0.0105489 0.979693 0.00939264 0.000351218 3.99233e-07 3.23099e-10 2.38047e-13 
4.2622e-30 1.16016e-26 5.48571e-23 2.83952e-19 9.62818e-16 9.88084e-12 4.71122e-08 0.000196545 0.00285197 0.996951 
4.30581e-37 3.17936e-33 4.44901e-29 5.65835e-25 1.00796e-20 4.0614e-16 4.69716e-12 1.60355e-07 0.000625991 0.999374 
9.75478e-08 3.48418e-05 0.01354 0.966098 0.0202522 7.42869e-05 3.62205e-07 1.10742e-09 7.49816e-13 3.30735e-16 
1.2752e-12 1.84351e-09 3.45401e-06 0.004833 0.962753 0.0284243 0.00393797 4.7841e-05 8.88785e-08 9.1613e-11 
1.97412e-32 5.26557e-29 2.37141e-25 1.15149e-21 3.63621e-18 4.67214e-14 4.66632e-10 5.57516e-05 0.00204699 0.997897 
1.62103e-11 1.49272e-08 1.7479e-05 0.011125 0.0602094 0.927433 0.00121464 6.69064e-07 4.71854e-10 3.41942e-13 
7.44272e-32 1.9545e-28 8.45597e-25 3.90449e-21 1.14423e-17 1.43677e-13 1.10308e-09 6.65915e-05 0.00287765 0.997056 
9.88784e-32 2.59594e-28 1.12234e-24 5.17682e-21 1.50957e-17 1.87261e-13 1.45097e-09 9.28075e-05 0.00338608 0.996521 
3.14425e-15 4.62859e-12 8.56109e-09 1.13643e-05 0.00504339 0.984031 0.0101377 0.000773538 2.57352e-06 4.42234e-09 
4.22151e-27 9.97039e-24 3.36284e-20 1.14772e-16 2.07129e-13 7.82124e-10 2.12442e-06 0.00408353 0.993305 0.00260923 
1.81456e-08 5.96847e-06 0.001312 0.0181846 0.973684 0.00678173 3.16307e-05 1.82444e-07 2.11254e-10 1.74725e-13 
1.19926e-18 2.26446e-15 5.36707e-12 1.03893e-08 8.71625e-06 0.00604906 0.989983 0.00395054 8.80103e-06 1.12116e-08 
4.75319e-12 4.10124e-09 4.1641e-06 0.00213434 0.0161547 0.975886 0.00577707 4.32979e-05 1.64104e-07 1.54305e-10 
1.81302e-22 3.97313e-19 1.11666e-15 2.82991e-12 3.43875e-09 5.50085e-06 0.00543907 0.990479 0.00406781 8.73134e-06 
6.06641e-23 1.32907e-19 3.65393e-16 8.80705e-13 9.95242e-10 1.40763e-06 0.00158651 0.977603 0.0189667 0.00184278 
1.176e-18 2.21049e-15 5.20748e-12 9.96935e-09 8.20505e-06 0.00526543 0.988919 0.00562661 0.000180882 2.18888e-08 
5.38118e-28 1.3025e-24 4.74344e-21 1.83037e-17 3.98995e-14 1.98395e-10 5.27603e-07 0.00126214 0.00851123 0.990226 
3.40206e-19 7.46305e-16 2.00586e-12 4.56136e-09 4.63328e-06 0.00421664 0.986536 0.00827234 0.000968434 2.00301e-06 
4.15263e-27 9.79238e-24 3.28892e-20 1.11437e-16 1.98169e-13 7.17768e-10 1.86469e-06 0.00342019 0.994553 0.00202505 
1.26445e-22 2.79488e-19 7.99453e-16 2.08903e-12 2.63562e-09 4.49612e-06 0.00462462 0.991733 0.00363042 7.34476e-06 
1.09779e-15 1.39808e-12 2.25741e-09 2.63631e-06 0.00115856 0.0118885 0.984406 0.00253914 4.8845e-06 6.0239e-09 
0.295877 0.700484 0.00363026 9.25614e-06 2.47751e-08 1.47945e-10 4.66543e-13 4.56548e-16 2.60059e-19 7.80784e-23 
1.40153e-11 1.25755e-08 1.47584e-05 0.0107579 0.981944 0.00724183 4.15235e-05 2.61175e-07 2.99892e-10 2.58758e-13 
1.03279e-14 4.50796e-11 4.41681e-07 0.00259074 0.956895 0.0353091 0.00514821 5.6321e-05 1.28165e-07 1.25127e-10 
9.80052e-07 0.00141977 0.470986 0.512443 0.0150918 5.84886e-05 3.31821e-07 9.90688e-10 6.67031e-13 2.96479e-16 
1.05515e-07 3.73086e-05 0.013992 0.95909 0.026312 0.00056689 2.03988e-06 6.54788e-09 5.15585e-12 4.01632e-15 
0.0103804 0.0708942 0.913732 0.00497968 1.33611e-05 4.29562e-08 1.27575e-10 1.06309e-13 5.82362e-17 1.68022e-20 
7.17117e-32 1.87903e-28 8.08453e-25 3.70813e-21 1.07441e-17 1.3323e-13 1.04816e-09 6.99076e-05 0.00280828 0.997122 
4.09803e-27 9.73733e-24 3.37553e-20 1.22606e-16 2.55805e-13 1.21179e-09 2.83864e-06 0.00364044 0.994078 0.00227829 
1.86436e-25 6.79738e-22 4.93191e-18 3.20518e-14 9.78503e-11 5.19594e-07 0.000779404 0.00842999 0.988594 0.00219616 
4.38281e-15 6.16628e-12 1.08584e-08 1.33959e-05 0.00501053 0.982017 0.0123245 0.000634483 4.55331e-07 2.07417e-10 
1.33526e-18 2.59197e-15 6.26736e-12 1.23974e-08 1.0637e-05 0.00721965 0.988079 0.00468305 7.96176e-06 9.69342e-09 
3.08115e-23 6.89e-20 2.01602e-16 5.4529e-13 7.09281e-10 1.23856e-06 0.00140779 0.978047 0.0183821 0.00216138 
2.77174e-09 6.81645e-07 0.000135988 0.0113134 0.980843 0.00765547 5.08818e-05 2.7285e-07 3.67581e-10 3.36929e-13 
2.70716e-27 6.43822e-24 2.21473e-20 7.78747e-17 1.46894e-13 6.09421e-10 1.71932e-06 0.00352642 0.99395 0.00252229 
7.758e-27 1.83316e-23 6.1885e-20 2.11364e-16 3.80684e-13 1.41147e-09 3.65964e-06 0.00661396 0.989198 0.00418464 
1.66673e-18 3.1203e-15 7.30648e-12 1.38106e-08 1.10985e-05 0.00672433 0.988968 0.00428759 8.65022e-06 1.22261e-08 
9.55781e-08 3.35892e-05 0.0122341 0.969633 0.0180317 6.74263e-05 3.5318e-07 1.08167e-09 7.34923e-13 3.31922e-16 
2.65091e-49 1.49444e-43 1.36657e-38 6.28375e-33 1.93806e-27 1.62205e-21 6.5217e-16 8.88607e-11 2.88668e-05 0.999971 
8.19343e-05 0.0108335 0.526015 0.461576 0.00148715 7.18456e-06 2.63582e-08 9.17123e-11 5.76541e-14 2.13474e-17 
9.24541e-05 0.0126508 0.971114 0.0160522 8.97786e-05 5.40266e-07 1.8239e-09 2.86838e-12 1.78068e-15 6.51043e-19 
1.90519e-27 4.37076e-24 1.3597e-20 4.07799e-17 6.08977e-14 1.42775e-10 1.96094e-07 0.000222793 0.00421882 0.995558 
4.87867e-15 6.9482e-12 1.25601e-08 1.65009e-05 0.00744348 0.98648 0.00601698 4.30794e-05 1.0384e-07 1.08657e-10 
2.30369e-15 4.13208e-12 8.79234e-09 1.36206e-05 0.00738628 0.973563 0.0176446 0.00138848 4.49358e-06 8.71128e-09 
4.85194e-27 1.14648e-23 3.87523e-20 1.32956e-16 2.70085e-13 4.07557e-09 0.000128171 0.014111 0.983126 0.00263473 
4.30049e-32 1.1247e-28 4.81592e-25 2.1941e-21 6.17258e-18 7.11953e-14 5.14229e-10 2.73879e-05 0.000815597 0.999157 
4.50292e-27 1.06156e-23 3.55925e-20 1.20283e-16 2.13643e-13 7.81525e-10 2.09736e-06 0.00380485 0.993598 0.0025948 
3.15787e-23 6.93098e-20 1.93036e-16 4.80083e-13 5.80367e-10 1.06913e-06 0.00154193 0.982366 0.0143313 0.00175957 
8.33137e-28 1.96532e-24 6.52809e-21 2.14937e-17 3.55857e-14 1.05138e-10 2.28341e-07 0.000260679 0.00412476 0.995614 
9.01404e-28 2.18267e-24 7.86281e-21 2.9539e-17 6.11505e-14 2.94208e-10 9.08826e-07 0.00300672 0.988576 0.00841683 
1.24659e-19 2.76794e-16 7.67064e-13 1.84496e-09 2.01811e-06 0.00230833 0.986597 0.00984696 0.00124246 3.50879e-06 
1.27494e-18 2.38816e-15 5.64098e-12 1.09325e-08 9.25808e-06 0.00662842 0.98912 0.00423499 7.5931e-06 9.4733e-09 
1.06367e-22 2.32085e-19 6.4574e-16 1.61049e-12 1.94535e-09 3.36307e-06 0.00414012 0.991794 0.00397427 8.799e-05 
1.08552e-13 3.02727e-10 1.10114e-06 0.00239447 0.94381 0.0477321 0.0060021 5.96694e-05 1.69151e-07 1.76149e-10 
9.09767e-23 1.98562e-19 5.56198e-16 1.40588e-12 1.71595e-09 2.88234e-06 0.0032109 0.994287 0.00249525 4.25227e-06 
2.23226e-25 7.99984e-22 5.64742e-18 3.57173e-14 1.03472e-10 5.1261e-07 0.000714784 0.966434 0.0310508 0.00180022 
3.31771e-32 8.98619e-29 4.18989e-25 2.11025e-21 7.18216e-18 1.05294e-13 9.39418e-10 8.28858e-05 0.00341025 0.996507 
7.97153e-23 1.76045e-19 5.05429e-16 1.33419e-12 1.72029e-09 3.13002e-06 0.00319685 0.0169692 0.979454 0.000376747 
7.53877e-05 0.00999917 0.95291 0.0318862 0.00511271 1.65191e-05 3.37279e-08 7.2382e-11 5.30783e-14 1.91258e-17 
1.65653e-11 1.48199e-08 1.7105e-05 0.0115774 0.980208 0.00814772 4.92317e-05 2.93502e-07 3.61075e-10 3.18497e-13 
8.30866e-27 1.95759e-23 6.55805e-20 2.2125e-16 3.90255e-13 1.37823e-09 3.44157e-06 0.00487676 0.0197116 0.975408 
7.49696e-15 1.0376e-11 1.80844e-08 2.20914e-05 0.00826537 0.981492 0.0100847 0.000135175 3.7196e-07 5.6249e-10 
1.3013e-12 9.0771e-10 8.42901e-07 0.00033523 0.0101558 0.982805 0.00664398 5.87262e-05 1.45491e-07 1.5287e-10 
1.09605e-11 9.58983e-09 1.16705e-05 0.00929326 0.984559 0.00610112 3.52486e-05 1.77864e-07 2.46131e-10 2.31701e-13 
7.30132e-08 2.46103e-05 0.0100236 0.975055 0.0148422 5.37989e-05 2.36256e-07 7.73184e-10 5.23741e-13 2.33473e-16 
2.7873e-23 6.10258e-20 1.724e-16 4.46661e-13 5.85954e-10 1.25259e-06 0.00151292 0.969789 0.0256294 0.00306727 
1.17013e-22 2.56272e-19 7.25949e-16 1.87312e-12 2.33603e-09 3.96252e-06 0.00428537 0.992562 0.00314254 5.83673e-06 
8.44436e-25 2.27259e-21 9.95374e-18 4.30992e-14 8.20177e-11 2.09651e-07 0.000241901 0.00499853 0.992164 0.00259527 
6.56048e-15 9.20857e-12 1.62711e-08 2.03105e-05 0.00814337 0.985257 0.0065205 5.85365e-05 1.75262e-07 1.78252e-10 
6.78681e-32 1.7837e-28 7.72959e-25 3.57241e-21 1.03769e-17 1.26505e-13 9.96399e-10 6.96492e-05 0.00227706 0.997653 
2.48546e-10 4.41803e-07 0.000622122 0.147758 0.845245 0.00632897 4.59387e-05 1.99743e-07 2.31637e-10 1.98139e-13 
1.45991e-29 3.61139e-26 1.34078e-22 5.09156e-19 1.00498e-15 5.17875e-12 2.66717e-08 7.50676e-05 0.0028285 0.997096 
3.26587e-12 4.59763e-09 8.20168e-06 0.0103134 0.966664 0.0202256 0.00275944 2.95115e-05 1.15904e-07 1.23546e-10 
4.37512e-08 1.45065e-05 0.00441239 0.0366543 0.954096 0.00480575 1.72827e-05 1.67357e-07 1.0528e-10 4.14128e-14 
2.76528e-08 9.47163e-06 0.00236846 0.0245166 0.966897 0.00617585 3.22811e-05 1.75505e-07 2.30847e-10 2.07631e-13 
1.52085e-11 1.44418e-08 1.77426e-05 0.01336 0.977651 0.00892061 5.04767e-05 2.92772e-07 3.55148e-10 2.99197e-13 
2.2019e-18 4.6017e-15 1.34676e-11 3.62666e-08 4.18848e-05 0.00677668 0.989 0.00417394 7.93329e-06 1.07184e-08 
6.20326e-28 1.56052e-24 6.03675e-21 2.40324e-17 4.89501e-14 2.08291e-10 6.03557e-07 0.00180086 0.987545 0.0106536 
1.33929e-18 2.5061e-15 5.86569e-12 1.10972e-08 9.03096e-06 0.00619614 0.989894 0.00389414 7.09315e-06 9.74041e-09 
2.09192e-32 5.46925e-29 2.33159e-25 1.05181e-21 3.06588e-18 4.351e-14 2.88684e-10 1.2102e-06 0.000638245 0.999361 
3.46297e-08 8.20099e-06 0.00375389 0.930222 0.0584463 0.00752154 4.77164e-05 2.77444e-07 3.63768e-10 3.33824e-13 
0.0114822 0.941099 0.0411834 0.00620466 3.0447e-05 4.24413e-07 1.50236e-09 1.48823e-12 8.53427e-16 2.70927e-19 
1.85915e-19 4.08888e-16 1.11806e-12 2.63319e-09 2.792e-06 0.00271234 0.984018 0.0114992 0.00176221 5.90113e-06 
1.1305e-22 2.47265e-19 6.91986e-16 1.74328e-12 2.12507e-09 3.64398e-06 0.00413251 0.988185 0.00713591 0.000543155 
7.85714e-10 2.60329e-07 7.62724e-05 0.0124589 0.980073 0.00735406 3.77796e-05 2.55057e-07 2.55355e-10 2.02344e-13 
8.53676e-05 0.0127457 0.969906 0.0169485 0.000313468 1.44051e-06 8.32125e-09 2.75657e-11 1.9005e-14 1.04925e-17 
1.64403e-18 3.09533e-15 7.26454e-12 1.37267e-08 1.10707e-05 0.0071626 0.988321 0.0044969 8.36664e-06 1.17826e-08 
4.96347e-23 1.08104e-19 2.94334e-16 6.97008e-13 7.64745e-10 9.58148e-07 0.000785938 0.00775546 0.989051 0.00240692 
8.11242e-05 0.0119238 0.972819 0.0150873 8.84144e-05 4.22366e-07 1.4412e-09 2.68216e-12 1.69775e-15 6.4229e-19 
1.35113e-23 2.81786e-20 7.49166e-17 1.77261e-13 2.17345e-10 5.65282e-07 0.00128933 0.988635 0.0090226 0.00105244 
7.22433e-32 1.89723e-28 8.20986e-25 3.79243e-21 1.11287e-17 1.40065e-13 1.15017e-09 8.64278e-05 0.978716 0.0211975 
7.67362e-15 1.06719e-11 1.87763e-08 2.35448e-05 0.00962367 0.982392 0.00790012 6.07278e-05 1.54768e-07 1.66576e-10 
1.69396e-11 1.51015e-08 1.70431e-05 0.0115224 0.980333 0.00807986 4.7479e-05 3.02772e-07 3.5016e-10 2.97684e-13 
5.58963e-33 1.62559e-29 8.80279e-26 5.08969e-22 1.84031e-18 2.05079e-14 3.34879e-10 6.96007e-05 0.00176241 0.998168 
4.23268e-27 9.97553e-24 3.34927e-20 1.13625e-16 2.03476e-13 7.49258e-10 1.92965e-06 0.00361402 0.993985 0.00239887 
3.90146e-32 1.019e-28 4.34563e-25 1.96942e-21 5.62397e-18 7.06828e-14 5.02938e-10 1.9069e-05 0.00138265 0.998598 
8.42528e-08 3.04575e-05 0.0123751 0.969601 0.0179276 6.56116e-05 3.2135e-07 9.69765e-10 6.58276e-13 2.88194e-16 
0.0178494 0.962602 0.0190126 0.00053325 3.10541e-06 1.27344e-08 9.04195e-11 2.28297e-13 1.54344e-16 6.62679e-20 
2.86841e-31 1.61105e-27 1.86388e-23 1.74917e-19 1.10586e-15 1.849e-11 1.20188e-07 0.000869594 0.00949077 0.98964 
4.95178e-27 1.1642e-23 3.88136e-20 1.30271e-16 2.29898e-13 8.19057e-10 2.01809e-06 0.00364371 0.994112 0.00224196 
4.56117e-42 3.24326e-37 1.32942e-32 8.11381e-28 6.29599e-23 4.27027e-18 1.15347e-13 1.06694e-08 0.000138781 0.999861 
5.41783e-16 1.18254e-12 2.97889e-09 5.81416e-06 0.00456474 0.963521 0.0288241 0.00307648 7.79843e-06 1.28181e-08 
5.60809e-27 1.31363e-23 4.34704e-20 1.47319e-16 3.85298e-13 6.37498e-09 6.2338e-05 0.00497795 0.992344 0.00261522 
2.39962e-15 3.55808e-12 6.65257e-09 9.05493e-06 0.00427027 0.497994 0.484283 0.0119136 0.0015285 1.61205e-06 
1.43794e-11 1.36094e-08 2.74712e-05 0.917725 0.0744428 0.00775993 4.4203e-05 2.60638e-07 3.23203e-10 2.86478e-13 
1.58907e-11 1.44089e-08 1.70395e-05 0.0127621 0.978772 0.00839976 4.83547e-05 2.85489e-07 3.48601e-10 3.04863e-13 
1.41746e-16 3.44854e-13 1.10759e-09 3.10089e-06 0.00347768 0.970204 0.0236263 0.00268254 6.50395e-06 1.01074e-08 
0.987479 0.0124361 8.49031e-05 3.25716e-07 5.14206e-10 7.27537e-13 1.90794e-15 1.63813e-18 9.15733e-22 2.74809e-25 
4.29119e-09 2.03e-06 0.00154831 0.942652 0.0507699 0.00500019 2.7191e-05 1.76602e-07 1.98697e-10 1.65224e-13 
2.20618e-19 3.9729e-16 8.80658e-13 1.49202e-09 9.91081e-07 0.000452302 0.973903 0.0227271 0.00291154 5.18473e-06 
1.83226e-15 2.2856e-12 3.5921e-09 3.7793e-06 0.00104921 0.0117133 0.983359 0.00386804 7.07383e-06 9.13201e-09 
1.24261e-23 2.80376e-20 8.43346e-17 2.39894e-13 3.36561e-10 6.97503e-07 0.000777956 0.00865417 0.988497 0.00206976 
5.27349e-15 7.86127e-12 1.51602e-08 2.1187e-05 0.0120385 0.973445 0.0144546 4.10605e-05 1.11807e-07 1.1881e-10 
1.17937e-18 2.22159e-15 5.28273e-12 1.03444e-08 8.83443e-06 0.00585437 0.980055 0.0127345 0.00134475 2.09399e-06 
4.28205e-27 1.01684e-23 3.47972e-20 1.21255e-16 2.2447e-13 8.7714e-10 2.35425e-06 0.00477053 0.988852 0.00637489 
1.66226e-11 1.55241e-08 1.83601e-05 0.0132269 0.977742 0.00896132 5.10896e-05 3.29038e-07 3.75652e-10 3.1251e-13 
1.81463e-22 5.52894e-19 3.82038e-15 2.89834e-11 1.22812e-07 0.000799025 0.493605 0.502463 0.00312603 7.20765e-06 
9.5273e-05 0.0131716 0.96923 0.0173961 0.000106378 4.30509e-07 1.40338e-09 3.01632e-12 1.93627e-15 7.44865e-19 
0.00179474 0.277647 0.708495 0.011985 7.81594e-05 3.65331e-07 1.21701e-09 2.40547e-12 1.53381e-15 5.84668e-19 
1.61284e-27 3.70281e-24 1.16811e-20 3.63278e-17 5.93858e-14 1.82493e-10 3.26743e-07 0.000362076 0.00372643 0.995911 
1.03228e-22 2.25629e-19 6.40139e-16 1.66336e-12 2.11578e-09 3.87855e-06 0.00449939 0.987105 0.00781166 0.000580235 
7.76767e-08 2.83618e-05 0.0106009 0.973529 0.0157792 6.21037e-05 3.46193e-07 1.05716e-09 7.11541e-13 3.12561e-16 
1.21915e-11 1.21483e-08 1.51084e-05 0.0109736 0.975995 0.0124958 0.000519951 5.17211e-07 3.10319e-10 1.82268e-13 
4.20095e-23 9.60065e-20 2.94208e-16 8.58231e-13 1.22951e-09 2.60202e-06 0.00315378 0.985785 0.0101142 0.000943915 
1.48406e-22 3.25124e-19 9.16893e-16 2.34586e-12 2.91279e-09 5.0495e-06 0.00547118 0.990337 0.00417927 7.4859e-06 
3.47683e-13 2.46259e-10 2.26234e-07 0.000102846 0.007956 0.985883 0.00600668 5.0626e-05 1.40296e-07 1.38927e-10 
7.34794e-23 1.6186e-19 4.57838e-16 1.17435e-12 1.46927e-09 2.67192e-06 0.00317881 0.991038 0.00545587 0.000325102 
1.35618e-18 2.57002e-15 6.11162e-12 1.18975e-08 1.00569e-05 0.0067913 0.987905 0.00511342 0.000179724 2.79646e-07 
7.54371e-15 1.0558e-11 1.86466e-08 2.31451e-05 0.00912779 0.983346 0.00744477 5.77271e-05 1.65379e-07 1.78652e-10 
3.36858e-08 1.38865e-05 0.00805638 0.96452 0.0244427 0.00293619 3.02063e-05 1.32579e-07 2.56969e-10 2.67432e-13 
7.95681e-09 5.57365e-06 0.00298368 0.0297656 0.960006 0.00718861 5.06136e-05 2.88959e-07 3.81912e-10 3.50009e-13 
3.72184e-08 1.00326e-05 0.00209035 0.0228641 0.967754 0.00725716 2.39897e-05 2.13708e-07 1.4307e-10 7.52143e-14 
1.28979e-43 1.06555e-38 4.64003e-34 3.47477e-29 3.56291e-24 3.97245e-19 4.68155e-14 4.49756e-09 0.000105328 0.999895 
1.16809e-22 2.55518e-19 7.18243e-16 1.82542e-12 2.2399e-09 3.74638e-06 0.00396268 0.992208 0.00369439 0.000131533 
6.97921e-32 1.8339e-28 7.94908e-25 3.68291e-21 1.0983e-17 1.43703e-13 1.09835e-09 6.09511e-05 0.00268113 0.997258 
0.00154483 0.022799 0.962104 0.0134842 6.75896e-05 3.18428e-07 8.99633e-10 1.32025e-12 8.02512e-16 2.67366e-19 
3.58626e-12 3.76029e-09 5.1453e-06 0.00407133 0.955428 0.0364339 0.0040308 3.06155e-05 1.18443e-07 1.19626e-10 
5.21833e-32 1.38095e-28 6.10896e-25 3.04034e-21 2.10724e-17 8.79853e-13 1.27938e-08 0.000619861 0.981925 0.0174548 
5.01657e-27 1.17578e-23 3.89782e-20 1.301e-16 2.29672e-13 8.21067e-10 1.9578e-06 0.00390197 0.99354 0.00255589 
1.34815e-18 2.56394e-15 6.08793e-12 1.17209e-08 9.65873e-06 0.00614801 0.98992 0.00391529 7.29638e-06 9.74335e-09 
3.01855e-13 6.44696e-10 1.24949e-06 0.000852275 0.0107019 0.983694 0.0047104 3.9768e-05 1.08747e-07 1.09996e-10 
4.45441e-10 5.36783e-07 0.00136655 0.92919 0.061584 0.00781877 4.03009e-05 2.42578e-07 2.82362e-10 2.41578e-13 
5.42374e-12 6.22906e-09 8.64311e-06 0.00822923 0.972559 0.0168318 0.0023292 4.18583e-05 1.17738e-07 1.06873e-10 
8.08768e-23 1.77975e-19 5.08934e-16 1.33494e-12 1.70242e-09 3.03014e-06 0.00338768 0.993984 0.0026204 4.89203e-06 
9.60399e-32 2.51813e-28 1.08477e-24 4.97921e-21 1.44848e-17 1.83119e-13 1.3829e-09 7.61184e-05 0.00277725 0.997147 
1.17754e-22 2.57086e-19 7.21063e-16 1.82833e-12 2.2645e-09 2.1213e-05 0.97052 0.0260495 0.00340339 5.89837e-06 
2.7992e-07 6.97117e-05 0.0112807 0.972927 0.0156671 5.4921e-05 2.85836e-07 8.48762e-10 5.74836e-13 2.62273e-16 
5.44936e-15 7.7011e-12 1.37952e-08 1.78025e-05 0.00786747 0.985145 0.00689618 7.35491e-05 1.97503e-07 1.69407e-10 
8.88963e-19 1.65733e-15 3.89758e-12 7.51449e-09 6.34205e-06 0.0047224 0.9923 0.00296603 5.22033e-06 6.66452e-09 
4.22282e-32 1.11318e-28 4.85565e-25 2.25595e-21 6.47276e-18 7.48632e-14 6.02984e-10 4.92924e-05 0.000929355 0.999021 
1.454e-18 2.65965e-15 6.10685e-12 1.12614e-08 8.83216e-06 0.00566435 0.990718 0.00360175 7.19645e-06 1.06238e-08 
4.65422e-15 6.04099e-12 9.79865e-09 1.06308e-05 0.00299181 0.970123 0.0248109 0.00206089 2.35512e-06 1.18424e-09 
1.90842e-11 1.73342e-08 2.02083e-05 0.0140856 0.976118 0.00971533 6.06558e-05 3.55814e-07 4.43002e-10 3.88712e-13 
1.23241e-27 2.80467e-24 8.58936e-21 2.53036e-17 3.79275e-14 9.7216e-11 1.65478e-07 0.000851065 0.987124 0.0120249 
5.40289e-15 7.79872e-12 1.41043e-08 1.79539e-05 0.00732354 0.984652 0.00789999 0.000106179 1.37691e-07 1.20496e-10 
7.11941e-07 0.00140127 0.920055 0.0645753 0.0139187 4.91474e-05 2.67921e-07 8.17916e-10 5.56834e-13 2.57599e-16 
5.15048e-15 7.45357e-12 1.35559e-08 1.75075e-05 0.00738644 0.986511 0.00602649 5.81871e-05 1.25119e-07 1.19655e-10 
2.94171e-06 0.000378286 0.0135148 0.968937 0.0171021 6.40897e-05 3.63293e-07 1.08383e-09 7.32768e-13 3.25316e-16 
1.66208e-18 3.14079e-15 7.41791e-12 1.48129e-08 2.67856e-05 0.0075619 0.987655 0.00474707 8.86145e-06 1.2076e-08 
1.31939e-18 2.45859e-15 5.73193e-12 1.07658e-08 8.60122e-06 0.00520484 0.99153 0.0032499 6.55363e-06 9.38048e-09 
4.34967e-05 0.00425374 0.0329894 0.955804 0.00689754 1.19709e-05 2.3499e-08 2.3231e-11 1.42693e-14 4.66259e-18 
6.77819e-08 2.25281e-05 0.00920122 0.965257 0.0237636 0.00174023 1.54514e-05 6.01836e-08 1.36986e-10 1.41979e-13 
7.48373e-35 4.73914e-31 5.75856e-27 5.39966e-23 3.32877e-19 5.49619e-15 1.29385e-10 2.91332e-05 0.000953875 0.999017 
1.11854e-18 2.0603e-15 4.78873e-12 9.08285e-09 7.55615e-06 0.00599986 0.99024 0.0037464 6.41397e-06 8.28235e-09 
1.66614e-15 2.14138e-12 3.49206e-09 3.89909e-06 0.00139158 0.952896 0.043697 0.00200824 3.68514e-06 3.41764e-09 
1.68262e-24 3.68542e-21 1.02179e-17 2.49649e-14 2.78455e-11 2.96903e-08 2.49764e-05 0.00446809 0.992865 0.00264209 
1.42876e-18 2.57489e-15 5.83658e-12 1.06019e-08 8.21026e-06 0.00542695 0.991278 0.00327983 7.05855e-06 1.06637e-08 
1.42846e-22 3.13472e-19 8.82483e-16 2.2444e-12 2.75711e-09 4.68807e-06 0.00516326 0.990694 0.00413109 7.23098e-06 
0.0167422 0.96612 0.0167821 0.000355375 4.91739e-07 2.04612e-09 6.18633e-12 7.08547e-15 4.1763e-18 1.34609e-21 
9.60144e-13 6.03771e-10 5.14976e-07 0.000215255 0.00774191 0.980265 0.0109873 0.000789105 1.21321e-06 6.59797e-10 
6.51686e-15 9.50278e-12 1.75004e-08 2.3179e-05 0.0102609 0.981462 0.00819067 6.32079e-05 1.54226e-07 1.56933e-10 
4.95862e-15 7.24307e-12 1.33444e-08 1.7669e-05 0.00743314 0.980056 0.0121214 0.000371376 2.18495e-07 1.38345e-10 
1.25003e-21 2.83043e-18 7.86717e-15 1.83611e-11 1.84302e-08 1.98892e-05 0.00432249 0.992216 0.00343557 6.26909e-06 
0.976749 0.0230806 0.000169468 4.88868e-07 7.78867e-10 1.31839e-12 3.59827e-15 3.17745e-18 1.78558e-21 5.35271e-25 
1.5854e-22 3.48474e-19 9.83442e-16 2.51124e-12 3.0975e-09 5.22344e-06 0.0053553 0.0288822 0.965552 0.00020545 
4.21866e-27 9.9581e-24 3.35758e-20 1.14535e-16 2.05532e-13 7.42308e-10 1.80094e-06 0.00259147 0.0108438 0.986563 
0.0839459 0.914093 0.00195946 1.34465e-06 9.21389e-10 1.36254e-12 3.70562e-15 3.24518e-18 1.8187e-21 5.4314e-25 
4.32369e-08 1.64007e-05 0.00715786 0.658703 0.333272 0.000838443 1.18863e-05 2.48889e-08 5.25532e-11 5.38253e-14 
9.04491e-32 2.37949e-28 1.04115e-24 5.31392e-21 4.69738e-17 1.98781e-12 2.2931e-08 0.000513764 0.981649 0.0178372 
1.38158e-29 3.35976e-26 1.30476e-22 6.12635e-19 2.39253e-15 3.07223e-11 1.69464e-07 0.000655444 0.00610089 0.993243 
2.19708e-12 1.75054e-09 2.35693e-06 0.00365271 0.961552 0.0303048 0.00444592 4.2551e-05 1.09091e-07 1.06491e-10 
0.0116773 0.931618 0.0507101 0.00597047 2.40895e-05 2.75595e-07 9.35771e-10 8.26041e-13 4.58246e-16 1.33064e-19 
7.80676e-08 2.77684e-05 0.011702 0.972103 0.0161113 5.58211e-05 2.9778e-07 9.00504e-10 6.08652e-13 2.74678e-16 
6.97649e-27 1.64179e-23 5.4874e-20 1.84772e-16 3.2682e-13 1.17298e-09 3.55078e-06 0.00509169 0.991978 0.00292716 
8.18063e-08 2.97988e-05 0.0109875 0.078969 0.909842 0.000171315 3.3655e-07 9.62321e-10 6.50461e-13 2.88672e-16 
7.80429e-08 2.7544e-05 0.0107582 0.974464 0.0146974 5.20408e-05 3.16847e-07 9.26117e-10 6.27885e-13 2.88206e-16 
3.3888e-27 7.99153e-24 2.68561e-20 9.11921e-17 1.6347e-13 6.05293e-10 1.58178e-06 0.00317749 0.994845 0.00197561 
9.0632e-16 1.22535e-12 2.19527e-09 3.29913e-06 0.00232302 0.967105 0.0272934 0.0032673 7.6035e-06 1.11187e-08 
1.48632e-18 2.71337e-15 6.22569e-12 1.151e-08 9.09885e-06 0.00579656 0.990575 0.00361165 7.27741e-06 1.09096e-08 
1.86638e-15 2.68401e-12 4.78881e-09 5.82024e-06 0.00189161 0.0147763 0.980139 0.00318086 6.57845e-06 9.81618e-09 
1.03746e-22 2.28118e-19 6.51467e-16 1.70673e-12 2.18178e-09 3.9339e-06 0.0043163 0.992466 0.0032071 6.25893e-06 
6.75418e-27 1.58956e-23 5.31468e-20 1.79095e-16 3.1735e-13 1.14153e-09 2.88531e-06 0.0048853 0.992136 0.00297591 
0.0137581 0.949043 0.0333476 0.0038331 1.79708e-05 6.38072e-08 1.22404e-10 1.84861e-13 1.23544e-16 4.2285e-20 
7.45549e-15 1.02929e-11 1.78895e-08 2.17318e-05 0.00817034 0.984882 0.00687262 5.31887e-05 1.74203e-07 1.917e-10 
2.04085e-21 3.51285e-18 7.6497e-15 1.31222e-11 9.7348e-09 8.3861e-06 0.00478606 0.991101 0.0040983 6.24001e-06 
8.36318e-12 8.08853e-09 1.03825e-05 0.00844975 0.973558 0.0167369 0.00124251 2.06603e-06 2.60744e-09 2.40372e-12 
0.979204 0.0206804 0.000115303 3.85422e-07 5.89032e-10 1.05135e-12 2.90986e-15 2.56641e-18 1.44063e-21 4.30356e-25 
6.91397e-08 2.51257e-05 0.896452 0.0886584 0.0148149 4.9047e-05 2.30486e-07 6.97823e-10 4.77799e-13 2.18897e-16 
8.33349e-06 0.000377196 0.0132176 0.969561 0.0167777 5.78762e-05 3.00211e-07 8.68965e-10 5.79416e-13 2.44257e-16 
2.9038e-27 6.85193e-24 2.30268e-20 7.81043e-17 1.39239e-13 5.04813e-10 1.29279e-06 0.00146276 0.00843735 0.990099 
1.65524e-16 3.40121e-13 7.57726e-10 1.11915e-06 0.000456093 0.00810627 0.987878 0.00355103 7.06282e-06 1.05406e-08 
4.7588e-32 1.24624e-28 5.36026e-25 2.46376e-21 7.27529e-18 9.40664e-14 7.57245e-10 5.17643e-05 0.00231084 0.997637 
2.75154e-32 7.23949e-29 3.14708e-25 1.46217e-21 4.36018e-18 5.66887e-14 3.64119e-10 2.87526e-06 0.00142282 0.998574 
6.85553e-32 1.79528e-28 7.70974e-25 3.53161e-21 1.08084e-17 1.73323e-13 2.35316e-09 0.000228746 0.491975 0.507796 
1.47193e-22 3.22926e-19 9.07868e-16 2.30053e-12 2.79903e-09 4.5489e-06 0.0047226 0.991627 0.00363896 7.1771e-06 
3.83412e-22 8.90606e-19 2.619e-15 6.67116e-12 9.06598e-09 3.7672e-05 0.00598605 0.989923 0.00404542 8.14253e-06 
2.54435e-32 6.72946e-29 2.96677e-25 1.40367e-21 4.23902e-18 5.21936e-14 5.09849e-10 5.95086e-05 0.0019077 0.998033 
1.15044e-22 2.52039e-19 7.09502e-16 1.80645e-12 2.21828e-09 3.70995e-06 0.00403848 0.992731 0.00322123 5.8445e-06 
6.85272e-34 1.98149e-30 1.04723e-26 5.86264e-23 2.38021e-19 4.49384e-15 3.15664e-11 3.26311e-07 6.55277e-05 0.999934 
2.78867e-09 3.02986e-06 0.0023234 0.0268661 0.962638 0.00811602 5.35457e-05 3.53576e-07 4.28335e-10 3.79349e-13 
6.4945e-09 2.27466e-06 0.000747398 0.922073 0.0692449 0.00786772 6.45024e-05 2.97467e-07 7.90819e-10 8.15304e-13 
0.0200378 0.959266 0.020175 0.000520142 6.26428e-07 2.35889e-09 7.10535e-12 8.42249e-15 4.9894e-18 1.63255e-21 
