24234
4.0259e-10 2.87703e-08 5.46112e-06 0.00073689 0.00986526 0.983717 0.00561484 5.98823e-05 1.59622e-07 1.94181e-10 
5.10995e-33 3.55571e-29 2.04398e-25 1.52814e-21 1.46251e-17 1.57766e-13 5.25904e-10 4.88011e-05 0.00168721 0.998264 
4.9488e-23 3.97466e-20 6.68786e-17 4.2208e-14 2.36141e-11 3.69663e-08 2.03732e-05 0.00153813 0.994424 0.00401759 
9.38922e-29 6.01156e-26 8.71349e-23 3.9625e-20 3.22764e-17 5.29101e-13 3.02249e-10 2.93376e-05 0.00191128 0.998059 
6.84525e-24 6.00336e-21 1.05712e-17 7.2429e-15 4.25299e-12 2.81455e-09 3.66281e-06 5.16048e-05 0.00292662 0.997018 
3.25012e-18 1.89237e-15 2.53697e-12 7.85973e-10 2.10887e-08 0.000178085 0.00379768 0.0176175 0.978365 4.15988e-05 
2.41296e-18 1.40444e-15 1.88325e-12 5.83731e-10 1.64643e-08 0.000183489 0.0035751 0.993436 0.00273977 6.52663e-05 
5.78525e-29 3.67649e-26 5.30165e-23 2.42481e-20 2.49643e-17 4.36959e-13 4.0655e-10 3.00552e-05 0.00220267 0.997767 
2.68706e-07 5.53169e-05 0.00945868 0.972788 0.0170643 0.000631406 1.99209e-06 1.15206e-08 3.55017e-11 4.14204e-14 
8.10497e-15 1.8884e-12 4.29048e-09 2.06548e-06 0.00134292 0.013698 0.978268 0.00647654 0.000212532 2.73855e-07 
4.43962e-13 1.87862e-10 3.60299e-07 0.000188603 0.00120942 0.00798428 0.980775 0.00976542 7.6651e-05 6.2862e-08 
9.90579e-19 5.74334e-16 7.71664e-13 2.39237e-10 6.80331e-09 4.56561e-05 0.00132224 0.00610228 0.991946 0.000583748 
1.02032e-11 6.30452e-09 5.73856e-06 0.00499132 0.964616 0.0249926 0.00534904 4.53726e-05 2.04828e-07 2.46655e-10 
5.47631e-25 1.06143e-21 2.36355e-18 2.20423e-15 1.5646e-12 8.81361e-10 1.35453e-06 4.42211e-05 0.00213851 0.997816 
6.10121e-05 0.00923217 0.966164 0.0209171 0.00342271 0.000202693 3.22174e-07 2.13749e-09 4.88098e-13 7.41769e-16 
5.44487e-10 5.61427e-08 6.93296e-05 0.00271637 0.533508 0.461848 0.00183777 1.9988e-05 2.1393e-08 3.40101e-11 
1.38655e-28 8.83782e-26 1.27549e-22 5.64081e-20 3.92102e-17 5.05186e-13 4.84303e-10 4.56214e-05 0.00230589 0.997648 
8.81425e-33 1.14046e-29 4.49709e-26 2.89733e-22 2.39022e-18 4.50342e-14 2.9332e-11 1.19098e-05 0.00135169 0.998636 
2.29413e-28 1.45439e-25 2.08837e-22 8.95304e-20 4.94628e-17 5.24493e-13 5.49834e-10 5.06337e-05 0.00270416 0.997245 
4.49762e-18 2.61882e-15 3.51116e-12 1.08851e-09 2.983e-08 0.000245882 0.00526489 0.990107 0.00427948 0.000103088 
1.05474e-12 4.9916e-10 9.3625e-07 0.000494266 0.0051692 0.017512 0.973919 0.00289995 5.02292e-06 4.1192e-08 
1.01026e-14 2.20635e-12 4.91058e-09 6.97671e-07 0.000140964 0.00340864 0.0110713 0.984595 0.00078295 4.40023e-07 
1.43154e-28 9.10219e-26 1.31111e-22 5.77677e-20 4.20144e-17 5.2992e-13 5.87497e-10 4.91422e-05 0.979109 0.0208416 
2.35372e-23 2.16556e-20 3.90022e-17 2.77524e-14 1.67911e-11 1.14824e-08 1.45151e-05 0.000183716 0.00354556 0.996256 
1.15967e-12 6.18132e-10 1.03531e-06 0.000504261 0.00710837 0.0205445 0.9714 0.000441826 2.34207e-07 2.41971e-10 
5.96478e-16 1.47082e-13 3.09731e-10 6.55338e-08 1.95476e-05 0.00333524 0.982653 0.0115539 0.00235681 8.13661e-05 
1.34246e-12 6.74682e-10 1.09162e-06 0.000505874 0.00965944 0.983709 0.00598253 0.000142088 3.96631e-07 1.92173e-09 
4.94046e-23 3.6725e-20 5.90478e-17 3.38211e-14 1.68711e-11 1.61926e-08 1.44204e-05 0.000250488 0.00318671 0.996548 
7.44827e-34 3.18105e-30 1.86559e-26 1.4094e-22 1.3535e-18 1.46796e-14 5.44934e-11 1.22687e-05 0.000387959 0.9996 
5.97258e-13 2.68217e-10 5.29179e-07 0.000300698 0.00191595 0.00924289 0.985233 0.00327225 3.49519e-05 4.558e-08 
5.36866e-19 3.12163e-16 4.19261e-13 1.31146e-10 8.24816e-09 0.000156243 0.00348634 0.993155 0.00296927 0.000233142 
6.36567e-23 5.48164e-20 9.5658e-17 6.45466e-14 3.76627e-11 3.4372e-08 3.2433e-05 0.000997603 0.997737 0.00123336 
1.13375e-14 2.47777e-12 5.5032e-09 7.58526e-07 0.000148779 0.00440993 0.0151909 0.978481 0.00176682 1.45356e-06 
5.64146e-10 4.27208e-08 4.68556e-05 0.00582231 0.0232998 0.967079 0.00371817 3.32507e-05 1.57281e-07 1.45302e-10 
8.76783e-19 5.13486e-16 6.86957e-13 2.13637e-10 6.72877e-09 3.17694e-05 0.00189858 0.992095 0.00484296 0.00113136 
0.000113398 0.0113084 0.971112 0.0172904 0.000173282 2.29231e-06 3.8807e-09 2.29583e-11 5.11752e-15 6.25662e-18 
2.36195e-05 0.00320872 0.942298 0.0420995 0.0120909 0.000278538 7.99383e-07 4.60341e-09 2.46942e-12 2.87057e-15 
1.68651e-28 1.073e-25 1.54574e-22 6.74746e-20 4.25153e-17 4.96365e-13 5.14161e-10 4.34953e-05 0.993575 0.00638132 
2.24885e-10 3.86244e-08 7.9511e-05 0.0026915 0.498114 0.49704 0.00206165 1.39134e-05 9.55462e-08 1.29148e-10 
1.35112e-14 2.99536e-12 6.69739e-09 1.44961e-06 0.000580633 0.0083362 0.986431 0.00452652 0.000124251 1.51902e-07 
4.04496e-07 7.13e-05 0.00730568 0.0348343 0.953605 0.00404549 0.000137094 2.34019e-07 2.01264e-10 4.89386e-13 
5.95164e-19 3.42994e-16 4.62006e-13 1.43127e-10 6.08634e-09 0.000191292 0.00262716 0.0108042 0.984876 0.00150104 
4.34085e-23 3.79927e-20 6.6833e-17 4.57455e-14 2.71279e-11 2.79665e-08 2.7181e-05 0.987543 0.0111855 0.00124391 
1.05095e-23 8.75524e-21 1.50204e-17 9.82743e-15 5.58103e-12 4.91796e-09 4.78535e-06 0.000415362 0.49809 0.50149 
1.48931e-12 7.58329e-10 1.26944e-06 0.000589922 0.00742162 0.0214432 0.968854 0.00168888 9.24239e-07 4.60057e-09 
3.86338e-32 3.94447e-29 1.49606e-25 9.88897e-22 9.93458e-18 6.48636e-14 3.72337e-10 3.18154e-05 0.000552801 0.999415 
1.96142e-27 1.16647e-24 1.5838e-21 5.42949e-19 1.88496e-16 5.05098e-12 1.61401e-10 6.24054e-06 0.001142 0.998852 
9.65995e-29 6.19602e-26 9.00092e-23 4.19339e-20 4.17464e-17 6.52784e-13 6.1549e-10 5.44275e-05 0.983109 0.0168361 
5.30227e-23 4.31807e-20 7.31955e-17 4.68275e-14 2.61783e-11 2.81361e-08 2.24302e-05 0.000744411 0.00608116 0.993152 
1.05934e-22 9.11899e-20 1.60956e-16 1.30504e-13 3.573e-10 3.4551e-06 0.000353101 0.985173 0.0120003 0.00247028 
2.53702e-28 1.61223e-25 2.31974e-22 1.00206e-19 5.48363e-17 7.12112e-13 4.11419e-10 3.59346e-05 0.00279334 0.997171 
1.20581e-22 1.03933e-19 1.8145e-16 1.22517e-13 7.13953e-11 6.03104e-08 6.84397e-05 0.986331 0.0100842 0.0035162 
1.89466e-28 1.20479e-25 1.73492e-22 7.56722e-20 4.73977e-17 5.98763e-13 5.37121e-10 4.7445e-05 0.0023648 0.997588 
2.08386e-09 2.19926e-07 0.000284499 0.938582 0.0445773 0.0151891 0.00136223 4.52755e-06 5.67988e-08 6.69244e-11 
1.73229e-28 1.12266e-25 1.74438e-22 1.95066e-19 1.00894e-15 6.3008e-12 3.63225e-08 0.000469306 0.994177 0.00535354 
9.55905e-29 6.08303e-26 8.77031e-23 3.89619e-20 3.05042e-17 3.75293e-13 4.78781e-10 4.44408e-05 0.00233552 0.99762 
2.12737e-18 1.2367e-15 1.6591e-12 5.13772e-10 1.44247e-08 0.000104886 0.002773 0.994305 0.00257947 0.000237999 
8.83798e-15 1.9557e-12 4.32156e-09 6.32226e-07 0.000128402 0.00573318 0.97441 0.0195878 0.000140165 1.276e-07 
1.72239e-28 1.09185e-25 1.56686e-22 6.60995e-20 2.58148e-17 2.74837e-13 3.09849e-11 6.19288e-06 0.000521172 0.999473 
3.86396e-15 8.94716e-13 1.93608e-09 3.45596e-07 9.19363e-05 0.00330551 0.983561 0.0110866 0.00195315 1.91391e-06 
0 0 0 0 0 0 0 0 7.55941e-05 0.999924 
0.000537617 0.00852469 0.0279652 0.95854 0.00442323 8.95429e-06 4.44755e-09 4.3771e-11 4.71481e-16 8.22893e-19 
7.32998e-23 6.45503e-20 1.13882e-16 7.83371e-14 4.65191e-11 4.65645e-08 4.00658e-05 0.0013199 0.996849 0.00179135 
1.10073e-22 9.40501e-20 1.63482e-16 1.09547e-13 6.35754e-11 5.86813e-08 0.000107673 0.0020666 0.996121 0.00170488 
6.8548e-18 4.03854e-15 5.60526e-12 2.1109e-09 2.63241e-07 0.000255563 0.00663564 0.989036 0.00400363 6.86321e-05 
1.34766e-09 1.04235e-07 5.63076e-05 0.0032187 0.96766 0.0245658 0.00444147 5.77149e-05 2.90444e-08 6.25762e-11 
1.17811e-12 6.63719e-10 1.0945e-06 0.000507708 0.00798048 0.985815 0.00538061 0.000314721 3.63498e-07 1.49351e-08 
8.57218e-23 7.55921e-20 1.33447e-16 9.18895e-14 5.45603e-11 5.2321e-08 4.70114e-05 0.00139496 0.0102838 0.988274 
5.65936e-23 4.95113e-20 8.70706e-17 5.9538e-14 3.49881e-11 2.68331e-08 3.01062e-05 0.000414925 0.716393 0.283162 
6.68674e-23 5.6557e-20 9.78068e-17 6.49526e-14 3.75352e-11 3.97606e-08 3.23171e-05 0.00115446 0.991536 0.0072771 
2.40878e-18 1.41068e-15 1.92593e-12 8.24984e-10 4.72776e-07 0.000840595 0.986259 0.0106826 0.00215241 6.47163e-05 
9.83918e-13 4.94563e-10 7.93427e-07 0.000337165 0.00822611 0.985715 0.00565555 6.56128e-05 1.37278e-07 1.74116e-10 
3.23349e-08 8.52868e-06 0.0026308 0.762819 0.230416 0.00394973 0.0001756 3.90055e-07 2.86654e-10 3.43209e-13 
5.57667e-27 3.30924e-24 4.58132e-21 2.7216e-18 1.07246e-14 2.95808e-10 3.29432e-08 0.000286692 0.703493 0.296221 
7.3678e-23 6.32539e-20 1.10577e-16 7.80926e-14 5.81232e-11 8.72462e-08 0.00036249 0.991586 0.00668862 0.00136237 
1.75523e-09 1.33721e-07 6.44034e-05 0.00329892 0.014579 0.97694 0.00505881 5.87506e-05 5.93162e-08 3.42125e-11 
1.05967e-22 9.13665e-20 1.59541e-16 1.07777e-13 6.29748e-11 5.89278e-08 5.41982e-05 0.00132204 0.996634 0.00198974 
1.96044e-07 3.14131e-05 0.0088177 0.97086 0.0179619 0.00228532 4.2529e-05 4.69984e-07 3.0952e-10 5.63365e-13 
3.53874e-07 6.88689e-05 0.00859644 0.0397811 0.950858 0.000693996 1.69077e-06 7.722e-09 3.84712e-12 4.76025e-15 
1.05611e-22 9.01114e-20 1.56511e-16 1.04716e-13 6.05546e-11 5.11979e-08 5.20587e-05 0.00128493 0.995547 0.00311553 
1.51971e-35 8.97505e-33 1.2346e-29 6.83929e-27 2.49248e-23 3.09865e-19 3.34336e-15 2.59413e-06 5.96064e-05 0.999938 
5.79163e-19 3.39231e-16 4.53643e-13 1.40769e-10 3.06617e-09 8.19032e-06 0.000113432 0.00130923 0.996813 0.00175647 
1.85267e-16 4.77667e-14 9.65802e-11 1.69167e-08 5.28479e-06 0.000310553 0.00284509 0.501898 0.494883 5.81338e-05 
9.04033e-23 7.60485e-20 1.31141e-16 8.66261e-14 4.97262e-11 4.8985e-08 4.27623e-05 0.00116001 0.994817 0.00398035 
1.2705e-23 1.27437e-20 2.38009e-17 1.79302e-14 1.13694e-11 1.09761e-08 9.82548e-06 0.000263244 0.00327778 0.996449 
2.45903e-39 3.9428e-35 2.92286e-31 2.50567e-27 2.63254e-23 1.76938e-19 2.25298e-15 9.64582e-07 0.00010359 0.999895 
4.34373e-23 3.48076e-20 5.84956e-17 3.68117e-14 2.04249e-11 2.73566e-08 1.76002e-05 0.00124796 0.996991 0.00174328 
9.84972e-51 2.25517e-46 6.41196e-41 4.4818e-36 9.6187e-32 9.72743e-28 1.21249e-20 3.66473e-10 7.66772e-05 0.999923 
1.82881e-29 1.17081e-26 1.70229e-23 8.3732e-21 1.20437e-17 2.63667e-13 1.0928e-10 1.75648e-05 0.000940905 0.999042 
1.9696e-28 1.25089e-25 1.79906e-22 7.7724e-20 4.38239e-17 5.61306e-13 3.79821e-10 3.42697e-05 0.00264422 0.997322 
4.26535e-24 2.65725e-21 3.75991e-18 1.48811e-15 3.74555e-13 5.7959e-10 3.23706e-07 7.04255e-05 0.00343433 0.996495 
6.47766e-15 1.46989e-12 3.35358e-09 1.58174e-06 0.00151292 0.97872 0.0148523 0.0045768 0.000324464 1.23932e-05 
2.27062e-28 1.58489e-25 3.09792e-22 8.59743e-19 4.47287e-15 2.47039e-11 8.41784e-08 0.000615339 0.993938 0.00544634 
1.83802e-09 1.52935e-07 0.000102948 0.00359694 0.0189675 0.971764 0.00552074 4.74124e-05 9.10801e-08 1.23335e-10 
1.31363e-18 1.0117e-15 1.66929e-12 9.24032e-10 1.19012e-07 0.000290553 0.494261 0.502605 0.00280605 3.74528e-05 
1.76029e-22 9.02715e-20 1.77204e-16 1.78839e-13 9.50148e-10 1.477e-05 0.00060378 0.986822 0.0110025 0.00155729 
6.10925e-23 5.76197e-20 1.04889e-16 7.59305e-14 4.65171e-11 3.24464e-08 4.00666e-05 0.000419212 0.0057079 0.993833 
1.21455e-18 7.01281e-16 9.51614e-13 3.56689e-10 2.73471e-07 0.000939727 0.985801 0.0105996 0.00260619 5.34125e-05 
5.92798e-21 1.53983e-18 3.15809e-15 6.85405e-13 2.37972e-10 1.34324e-07 8.21487e-05 0.00151793 0.996561 0.00183839 
1.63321e-22 1.40616e-19 2.88781e-16 6.41967e-13 3.91055e-09 0.000118405 0.00250141 0.990266 0.00594848 0.00116561 
1.12516e-14 2.49043e-12 5.53623e-09 9.94153e-07 0.000467933 0.00784346 0.986782 0.00480552 0.00010014 1.35575e-07 
2.03324e-10 9.87789e-08 0.000176027 0.00680281 0.977923 0.0135851 0.00150322 9.97553e-06 1.47203e-07 1.60772e-10 
2.8838e-05 0.00251081 0.490548 0.500725 0.00608077 0.000106476 1.30949e-07 9.19119e-10 2.10746e-14 3.04479e-17 
1.80024e-07 3.8137e-05 0.00674706 0.958985 0.028095 0.00574029 0.000393925 5.19504e-07 3.92754e-10 5.9639e-13 
7.09906e-34 1.13169e-29 8.35589e-26 7.0451e-22 7.17982e-18 4.60826e-14 2.21033e-10 3.06657e-05 0.000483519 0.999486 
1.04821e-18 6.06278e-16 8.15175e-13 2.521e-10 6.97263e-09 8.17744e-05 0.00125371 0.0055624 0.992163 0.000938994 
7.64762e-23 7.19914e-20 1.30935e-16 9.46825e-14 5.82172e-11 4.9374e-08 0.000135876 0.00198221 0.99496 0.00292209 
2.37979e-18 1.39279e-15 1.86335e-12 5.78911e-10 1.65654e-08 0.000175881 0.00242377 0.990541 0.00612051 0.000738335 
8.98236e-15 1.97968e-12 4.38438e-09 6.36882e-07 0.000126842 0.00658346 0.988373 0.00482899 8.65378e-05 1.1226e-07 
5.8094e-05 0.00418066 0.0217649 0.961417 0.0121202 0.000458786 4.5324e-07 3.70662e-09 1.49873e-13 2.21981e-16 
5.49624e-05 0.00620841 0.506835 0.485287 0.00154033 7.44943e-05 7.34615e-08 6.27095e-10 6.34284e-15 6.84264e-18 
2.22018e-23 1.66976e-20 2.70462e-17 1.57741e-14 8.22873e-12 1.61806e-08 7.08639e-06 0.000539212 0.0051988 0.994255 
1.2977e-12 6.76332e-10 1.10956e-06 0.000516953 0.00811863 0.986079 0.00522944 5.45901e-05 1.91735e-07 2.26529e-10 
1.79274e-13 8.66922e-11 1.62483e-07 8.77385e-05 0.00330285 0.972206 0.0198658 0.00446902 6.80736e-05 1.05885e-07 
1.10167e-22 9.6305e-20 1.69285e-16 1.15695e-13 6.81384e-11 5.98281e-08 5.85765e-05 0.00886131 0.988581 0.00249945 
7.05855e-35 1.1223e-30 8.27616e-27 6.95498e-23 7.00511e-19 4.48212e-15 3.21279e-11 5.14246e-06 0.000153626 0.999841 
4.47649e-23 4.75605e-20 9.07967e-17 7.05963e-14 4.56599e-11 4.18819e-08 3.94163e-05 0.001249 0.996265 0.00244624 
1.36756e-18 7.9725e-16 1.06853e-12 3.31878e-10 1.20345e-08 0.000147953 0.00287289 0.989574 0.00655263 0.00085246 
7.40598e-15 1.60966e-12 3.58875e-09 4.95936e-07 9.87424e-05 0.00205658 0.986779 0.00935528 0.00170832 1.96595e-06 
1.81665e-22 1.94511e-19 4.32714e-16 8.06921e-13 3.07961e-09 0.000111228 0.00228053 0.991158 0.00524046 0.0012101 
5.24006e-23 4.63633e-20 8.19848e-17 5.66297e-14 3.38784e-11 3.77252e-08 9.9538e-05 0.975917 0.0225277 0.00145599 
7.42196e-30 4.68334e-27 6.72444e-24 3.15173e-21 5.01931e-18 3.1174e-14 1.55724e-10 2.25767e-05 0.000705314 0.999272 
3.88781e-18 2.26312e-15 3.0345e-12 9.40348e-10 2.57155e-08 0.000183376 0.00396533 0.0145241 0.98124 8.7235e-05 
9.98147e-13 5.07837e-10 8.18625e-07 0.000366662 0.00892713 0.983358 0.00728363 6.30772e-05 1.96512e-07 2.20534e-10 
5.56e-10 3.52897e-08 7.582e-05 0.00623159 0.975589 0.0157099 0.002375 1.80097e-05 1.91351e-07 1.76653e-10 
4.41411e-07 7.31669e-05 0.0100196 0.971608 0.0177666 0.00052996 1.89494e-06 9.03983e-09 5.36238e-12 6.4396e-15 
2.24651e-18 1.31311e-15 1.75775e-12 5.46063e-10 1.76016e-08 0.000218309 0.00432585 0.988865 0.00570362 0.000887248 
7.6499e-23 6.72779e-20 1.18627e-16 8.15764e-14 4.84979e-11 4.47083e-08 4.43341e-05 0.00141838 0.997085 0.00145226 
3.94484e-29 2.51199e-26 3.62727e-23 1.65517e-20 1.62981e-17 2.47141e-13 2.69951e-10 2.77429e-05 0.00161352 0.998359 
2.4477e-08 4.69305e-06 0.000816044 0.124815 0.869699 0.00455298 0.000112282 2.75393e-07 1.67524e-10 1.60795e-13 
7.22025e-13 4.4408e-10 9.09815e-07 0.00260251 0.963223 0.023113 0.00941608 0.00157495 6.9734e-05 7.64558e-08 
2.54959e-07 4.46086e-05 0.00425903 0.0216472 0.970976 0.00297642 9.59183e-05 1.52183e-07 1.09572e-10 2.35819e-13 
2.95603e-08 6.71134e-06 0.00119893 0.0134777 0.975556 0.00941915 0.000340584 6.98344e-07 5.06028e-10 8.70303e-13 
8.70035e-13 4.20929e-10 7.1585e-07 0.000341434 0.0043117 0.0120116 0.981016 0.0023174 1.06448e-06 5.46305e-10 
1.97201e-28 1.25453e-25 1.81363e-22 8.69442e-20 1.36484e-16 1.18741e-12 4.62572e-09 0.000260961 0.992015 0.00772402 
1.04982e-14 2.31341e-12 5.12331e-09 7.38025e-07 0.00014638 0.00662323 0.988244 0.0048897 9.58301e-05 1.21489e-07 
3.91952e-05 0.00621825 0.955472 0.0287394 0.00908237 0.00044691 1.59489e-06 7.35292e-09 4.11786e-12 5.02641e-15 
1.9841e-20 4.61564e-18 9.94873e-15 1.6375e-12 5.75584e-10 6.49204e-06 0.000482771 0.00311681 0.994543 0.00185139 
2.09695e-28 1.33272e-25 1.91815e-22 8.33686e-20 5.05262e-17 6.29543e-13 5.23292e-10 4.75506e-05 0.989833 0.0101198 
1.61159e-28 1.02351e-25 1.4708e-22 6.21255e-20 2.26478e-17 1.88917e-13 2.58413e-11 7.96784e-06 0.000475269 0.999517 
9.18565e-23 7.94804e-20 1.39027e-16 9.41869e-14 5.50132e-11 4.51143e-08 4.73634e-05 0.00107458 0.997187 0.00169148 
1.53272e-28 9.73392e-26 1.39956e-22 6.00971e-20 3.12938e-17 3.4229e-13 3.07387e-10 2.26788e-05 0.00133755 0.99864 
2.62469e-07 4.51336e-05 0.00823054 0.969742 0.0186551 0.00330763 1.92867e-05 3.97652e-07 2.48146e-10 1.88982e-13 
0.0106766 0.965096 0.021129 0.00308316 1.51751e-05 3.54823e-07 3.48284e-10 2.91867e-12 1.28941e-17 1.25448e-20 
1.74752e-28 1.1107e-25 1.59872e-22 6.95745e-20 4.34916e-17 4.94424e-13 5.70736e-10 7.27834e-05 0.00258788 0.997339 
7.69373e-23 7.85738e-20 1.47841e-16 1.14547e-13 1.24665e-10 6.18542e-07 6.35075e-05 0.00113301 0.997163 0.00163989 
0 0 0 0 0 0 0 0 1.79994e-06 0.999998 
2.94253e-15 6.40736e-13 1.43124e-09 2.50611e-07 0.000202191 0.140572 0.340409 0.516729 0.00205123 3.60181e-05 
9.09256e-23 7.68049e-20 1.32736e-16 8.8029e-14 5.07029e-11 4.93599e-08 4.36887e-05 0.00148293 0.996534 0.00193918 
3.32332e-08 1.17142e-05 0.00109308 0.946089 0.0426763 0.00978731 0.000341809 7.09684e-07 5.38188e-10 7.75271e-13 
2.03775e-09 5.867e-07 0.000966693 0.801487 0.189443 0.00777912 0.000323593 7.48898e-07 5.70199e-10 9.43126e-13 
2.456e-13 1.41738e-10 2.10363e-07 0.000102558 0.00399702 0.0193773 0.971846 0.00454023 0.000136533 1.24322e-07 
2.79433e-18 1.62985e-15 2.18347e-12 6.76942e-10 1.65601e-08 0.000140493 0.00222171 0.008754 0.988539 0.000344843 
5.28095e-14 2.58937e-11 3.84027e-08 1.49012e-05 0.00800578 0.97188 0.0178643 0.00216633 6.87583e-05 8.45868e-08 
1.76685e-28 1.13509e-25 1.69702e-22 1.30673e-19 4.91151e-16 3.20476e-12 1.93895e-08 0.000551713 0.993595 0.00585301 
1.81358e-18 1.05564e-15 1.41564e-12 4.38973e-10 1.23155e-08 8.85352e-05 0.49495 0.503193 0.00171001 5.83193e-05 
8.98601e-05 0.00994025 0.973987 0.0157574 0.00022181 3.39976e-06 1.00815e-08 3.05647e-11 1.17197e-14 2.35644e-17 
0.000742088 0.272345 0.712611 0.0139358 0.000360523 5.53731e-06 3.46305e-08 1.10976e-10 3.95936e-14 5.71665e-17 
1.06465e-22 9.14048e-20 1.68885e-16 2.04712e-13 1.09023e-09 2.36945e-05 0.000853501 0.988173 0.0090431 0.00190679 
4.15753e-18 2.4246e-15 3.24858e-12 1.0074e-09 2.56071e-08 0.000117308 0.00408765 0.98938 0.00581705 0.000598388 
3.80054e-18 2.21637e-15 2.96921e-12 9.20121e-10 2.46811e-08 0.000114398 0.00315101 0.989547 0.00631417 0.00087305 
1.36322e-14 3.18175e-12 7.50359e-09 4.58808e-06 0.00398004 0.971653 0.0195177 0.00472089 0.000123316 1.71342e-07 
4.88964e-09 1.76395e-06 0.00206926 0.683976 0.30414 0.00939321 0.000418032 1.02483e-06 7.4852e-10 1.18952e-12 
1.93178e-36 6.00534e-33 1.43295e-29 1.50246e-26 1.72078e-23 2.45591e-19 3.29788e-17 1.05927e-12 1.48573e-09 1 
2.31875e-18 1.34756e-15 1.80806e-12 5.59937e-10 1.6232e-08 0.000147754 0.00318161 0.994312 0.0022912 6.74448e-05 
2.24056e-30 1.32845e-27 1.8359e-24 1.05756e-21 4.49116e-18 7.40334e-14 8.71299e-11 1.62542e-05 0.000489019 0.999495 
2.25653e-28 1.43345e-25 2.06162e-22 8.8689e-20 4.64597e-17 5.53675e-13 3.37361e-10 3.42467e-05 0.992791 0.00717448 
6.7108e-15 1.49573e-12 3.29394e-09 4.93672e-07 9.94937e-05 0.0047566 0.986437 0.00735771 0.00134768 7.5983e-07 
4.32951e-10 9.39462e-08 0.000188376 0.00463677 0.019876 0.972323 0.00294338 3.19413e-05 1.62305e-07 1.55467e-10 
1.47897e-28 9.40079e-26 1.35369e-22 5.94821e-20 4.25126e-17 4.95918e-13 6.37912e-10 5.74733e-05 0.00259203 0.997351 
3.71922e-18 2.16916e-15 2.906e-12 9.00862e-10 2.38952e-08 0.000165692 0.982327 0.0143013 0.00301103 0.000194475 
1.17804e-06 0.000227959 0.00992194 0.973288 0.0160691 0.000489942 1.64866e-06 7.93579e-09 4.3278e-12 5.24926e-15 
5.73729e-17 1.44678e-14 3.1248e-11 9.90559e-09 9.94007e-06 0.00282418 0.985854 0.00946631 0.00176909 7.61694e-05 
1.28491e-14 2.80788e-12 6.24643e-09 8.77125e-07 0.000179916 0.00775264 0.986283 0.00568511 9.82033e-05 1.47379e-07 
1.47946e-12 7.28368e-10 1.12035e-06 0.000456901 0.00837344 0.978855 0.0108595 0.00137332 8.01962e-05 9.6476e-08 
4.7677e-24 3.04815e-21 4.40493e-18 1.87961e-15 5.82268e-13 7.44433e-10 5.12439e-07 0.000138336 0.993258 0.00660341 
1.28445e-14 6.77746e-12 1.66085e-08 2.43736e-05 0.00371586 0.977106 0.015579 0.0034688 0.000106159 1.35572e-07 
2.69982e-07 9.05788e-05 0.00662023 0.962064 0.0236302 0.00722952 0.000363903 1.02805e-06 7.91421e-10 1.1384e-12 
4.51006e-15 1.03358e-12 2.24822e-09 3.78398e-07 0.000111268 0.00551436 0.990281 0.0040214 7.13349e-05 8.96435e-08 
3.44054e-05 0.00434721 0.820648 0.170123 0.00466224 0.000185282 3.67005e-07 2.3614e-09 3.33799e-13 5.28189e-16 
3.07485e-07 6.43582e-05 0.00847763 0.971344 0.0182843 0.0017971 3.20885e-05 1.2265e-07 1.11442e-10 3.69687e-13 
4.88926e-43 9.11357e-39 4.44565e-34 2.72015e-29 5.85229e-25 6.27123e-21 1.00666e-15 3.27044e-06 7.77933e-05 0.999919 
7.26284e-16 1.64988e-13 3.6251e-10 6.24248e-08 7.49406e-06 0.00307615 0.984524 0.0102066 0.00211596 6.98956e-05 
2.10669e-18 1.22215e-15 1.64112e-12 5.07897e-10 1.30678e-08 5.13897e-05 0.00159392 0.0638438 0.933455 0.00105566 
3.86953e-18 2.25892e-15 3.02517e-12 9.3834e-10 2.52112e-08 0.000171591 0.004212 0.992691 0.00283972 8.57973e-05 
3.20281e-09 7.55168e-07 0.000558734 0.0837629 0.73245 0.181114 0.00207895 3.4456e-05 1.20961e-07 1.46633e-10 
7.52978e-13 4.01311e-10 6.08312e-07 0.000238632 0.00834906 0.978041 0.0108148 0.0024233 0.000132016 1.33195e-07 
1.08979e-22 9.35382e-20 1.62963e-16 1.09634e-13 6.37472e-11 5.57506e-08 5.48543e-05 0.00122456 0.00887165 0.989849 
7.80485e-23 7.62275e-20 1.40837e-16 1.04322e-13 6.49142e-11 4.2949e-08 5.59352e-05 0.00034284 0.989929 0.00967187 
9.26898e-23 7.24153e-20 1.19976e-16 7.34749e-14 3.99097e-11 4.20465e-08 3.96372e-05 0.00142121 0.996632 0.00190732 
3.50905e-07 6.10787e-05 0.00939169 0.973155 0.016736 0.000654196 1.80635e-06 1.04269e-08 4.25585e-12 5.00902e-15 
7.75799e-23 6.83284e-20 1.20554e-16 8.29093e-14 4.90366e-11 4.12191e-08 4.224e-05 0.000996169 0.997433 0.00152813 
8.63639e-15 2.09285e-12 4.73733e-09 1.42122e-06 0.000612536 0.971968 0.02234 0.00501091 6.66489e-05 1.08202e-07 
6.17814e-15 1.35507e-12 3.01131e-09 4.28413e-07 9.98647e-05 0.00584251 0.989936 0.00407431 4.67053e-05 7.75354e-08 
1.93206e-14 9.19736e-12 2.18162e-08 1.71049e-05 0.00176047 0.0141674 0.979338 0.00461483 0.000102496 1.37133e-07 
2.40128e-18 1.3945e-15 1.87157e-12 5.7931e-10 1.79855e-08 0.00019384 0.00386389 0.989609 0.00559145 0.000742118 
6.75326e-23 5.90942e-20 1.03938e-16 7.11244e-14 4.21016e-11 4.35364e-08 3.63152e-05 0.0015797 0.996353 0.00203118 
1.77364e-12 8.93623e-10 1.49492e-06 0.000717461 0.0114932 0.980583 0.00713992 6.47572e-05 2.6928e-07 3.30059e-10 
9.83805e-15 2.1768e-12 4.80346e-09 6.85806e-07 0.000139464 0.00326691 0.0107192 0.98414 0.0017324 1.0841e-06 
2.3104e-07 4.76892e-05 0.932685 0.0523093 0.0145744 0.00038182 1.36065e-06 7.18673e-09 2.21769e-11 2.40891e-14 
4.95424e-05 0.00317718 0.0220337 0.960462 0.0138948 0.000382419 5.80563e-07 3.31538e-09 3.53203e-13 6.33007e-16 
1.37978e-28 9.7564e-26 1.8935e-22 4.98068e-19 2.43027e-15 5.28543e-11 3.14804e-08 0.000289489 0.00356363 0.996147 
8.37113e-15 1.85826e-12 4.12216e-09 7.47606e-07 0.00033135 0.00768577 0.986825 0.00507276 8.38066e-05 1.17183e-07 
2.19451e-28 1.39542e-25 2.00858e-22 8.66837e-20 4.59975e-17 5.3216e-13 3.12374e-10 3.39494e-05 0.00186347 0.998103 
1.45628e-28 9.25222e-26 1.33109e-22 5.75877e-20 3.32432e-17 3.88678e-13 3.37814e-10 2.99111e-05 0.496561 0.503409 
2.53215e-19 1.48408e-16 1.98644e-13 6.23155e-11 4.92466e-09 9.98985e-05 0.002659 0.990842 0.00524491 0.00115458 
1.83555e-28 1.16401e-25 1.67137e-22 7.11343e-20 3.32635e-17 3.74673e-13 1.69695e-10 1.99527e-05 0.00144441 0.998536 
2.69332e-18 1.57199e-15 2.10517e-12 6.52575e-10 1.72218e-08 0.000101325 0.0027423 0.991583 0.00466842 0.00090519 
1.76065e-28 1.11024e-25 1.58558e-22 6.51155e-20 1.919e-17 6.38974e-14 1.72528e-11 1.48002e-07 7.40881e-05 0.999926 
3.54552e-08 3.50513e-06 0.00067888 0.948394 0.0401026 0.0105106 0.000309273 6.38516e-07 4.61042e-10 6.79186e-13 
0.0109379 0.950559 0.0311041 0.00726844 0.000128491 2.25192e-06 4.42088e-09 2.46976e-11 7.81201e-15 9.31217e-18 
1.02536e-28 6.46212e-26 9.22437e-23 3.7807e-20 1.09957e-17 3.43589e-14 9.17424e-12 1.38537e-08 3.54417e-05 0.999965 
2.07995e-23 2.0324e-20 3.75661e-17 2.78573e-14 1.74845e-11 1.65704e-08 1.51348e-05 0.000478465 0.992706 0.00680072 
2.201e-28 1.39235e-25 1.9949e-22 8.39884e-20 3.68145e-17 3.34696e-13 2.25106e-10 1.92372e-05 0.000682303 0.999298 
8.14855e-23 7.03985e-20 1.23053e-16 8.32814e-14 4.87787e-11 4.75677e-08 4.19944e-05 0.00125069 0.996958 0.00174974 
4.59637e-05 0.00359308 0.019592 0.969191 0.00732474 0.000252767 2.48699e-07 2.09327e-09 1.32338e-14 1.21245e-17 
1.78339e-22 1.76895e-19 3.6573e-16 5.37069e-13 2.74171e-09 3.66176e-05 0.00183979 0.991715 0.00526853 0.0011402 
3.0552e-24 2.31585e-21 3.77084e-18 2.2195e-15 1.13709e-12 8.62332e-10 9.86672e-07 4.15363e-05 0.00225176 0.997706 
6.22289e-31 8.87246e-27 6.27682e-23 4.70026e-19 2.65619e-15 1.33146e-11 7.00986e-08 0.000520917 0.99892 0.000558875 
9.80318e-14 5.12116e-11 9.90343e-08 4.63135e-05 0.000632951 0.974314 0.020316 0.00461451 7.60888e-05 1.39122e-07 
2.57746e-18 1.506e-15 2.03874e-12 6.62306e-10 1.98379e-08 0.000167451 0.00400539 0.991497 0.00415264 0.000177028 
5.76653e-17 2.83383e-14 4.70821e-11 2.36315e-08 7.15049e-06 0.00426574 0.979704 0.0133174 0.0026166 8.90115e-05 
6.59494e-23 5.2189e-20 8.70823e-17 5.39957e-14 2.92632e-11 2.82134e-08 2.50999e-05 0.000524753 0.0052615 0.994189 
3.99118e-05 0.0033728 0.0207184 0.963205 0.012357 0.000306873 4.49171e-07 2.69873e-09 1.5859e-13 2.79303e-16 
2.62204e-18 1.52372e-15 2.04453e-12 6.33067e-10 1.76219e-08 0.000108705 0.0028211 0.993286 0.00345622 0.000328346 
1.93972e-10 2.03211e-08 1.19726e-05 0.000835201 0.0106437 0.0305403 0.957884 8.43653e-05 1.68611e-07 2.14194e-10 
2.09134e-18 1.21966e-15 1.63427e-12 5.07139e-10 1.28437e-08 0.000102445 0.00245165 0.994507 0.0027745 0.000164857 
4.73071e-25 2.78486e-22 3.75852e-19 1.35066e-16 1.25154e-13 4.09232e-09 1.34418e-07 0.000558475 0.98445 0.0149915 
3.04825e-18 1.77212e-15 2.37751e-12 7.36541e-10 2.01912e-08 0.000139886 0.00324503 0.993857 0.0026772 8.12308e-05 
1.37508e-12 6.88431e-10 1.10365e-06 0.00048839 0.00960306 0.981871 0.00782257 0.000212285 1.79022e-06 1.47756e-09 
7.98343e-33 6.76353e-30 1.63203e-26 6.12171e-23 4.29532e-19 1.5041e-14 6.30575e-13 3.73801e-09 8.40725e-06 0.999992 
7.81632e-23 6.40836e-20 1.09041e-16 7.02657e-14 3.96164e-11 4.43467e-08 3.41132e-05 0.00139213 0.996676 0.00189749 
1.08716e-22 1.04939e-19 2.21086e-16 4.78841e-13 2.89417e-09 9.44004e-05 0.00133792 0.98927 0.00780289 0.00149482 
5.45195e-23 4.63659e-20 8.04094e-17 5.36595e-14 3.10472e-11 2.91906e-08 2.67685e-05 0.00107814 0.997618 0.00127684 
5.04117e-19 2.94966e-16 3.94933e-13 1.23444e-10 7.26085e-09 0.00013271 0.0031759 0.990259 0.00544979 0.00098292 
1.11183e-12 5.47124e-10 9.31407e-07 0.000450002 0.00835518 0.983151 0.00775731 0.000285066 2.59232e-07 2.65618e-10 
1.02885e-22 9.03486e-20 1.59178e-16 1.09201e-13 6.4435e-11 5.34776e-08 5.54669e-05 0.00126904 0.996862 0.00181313 
7.26146e-23 5.68505e-20 9.42879e-17 5.77582e-14 3.10364e-11 3.41087e-08 2.66808e-05 0.00112219 0.997302 0.00154959 
1.06024e-12 5.46372e-10 8.92553e-07 0.000390666 0.00741768 0.982671 0.00848187 0.00103295 4.60026e-06 4.08503e-08 
5.10828e-05 0.00514157 0.026274 0.960032 0.00818 0.000321041 5.31827e-07 3.49878e-09 2.19136e-12 2.24117e-15 
1.44563e-12 7.41118e-10 1.21673e-06 0.000663116 0.944076 0.0462234 0.00850973 0.0005242 2.4857e-06 2.60557e-08 
9.41198e-13 4.69611e-10 7.90533e-07 0.000362906 0.00580485 0.663783 0.329659 0.000389647 1.98756e-07 1.91854e-10 
4.65525e-16 1.16942e-13 2.48989e-10 6.11243e-08 1.5206e-05 0.00392103 0.986521 0.00810078 0.00135128 9.04207e-05 
1.17419e-23 6.93414e-21 9.35189e-18 3.04136e-15 3.54953e-13 6.43501e-09 3.0063e-07 0.000493557 0.995333 0.00417305 
5.50564e-23 4.88022e-20 8.63537e-17 5.96918e-14 3.54553e-11 3.08223e-08 3.04494e-05 0.000735062 0.994588 0.00464632 
8.14134e-23 7.4434e-20 1.33635e-16 9.46533e-14 5.74102e-11 5.42702e-08 4.94699e-05 0.00136016 0.996057 0.00253304 
7.69749e-15 1.72192e-12 3.88044e-09 1.13724e-06 0.000807427 0.491485 0.503945 0.00369155 6.95349e-05 1.00582e-07 
8.11146e-23 6.87505e-20 1.19022e-16 7.91953e-14 4.58413e-11 4.86273e-08 3.94743e-05 0.0014298 0.996523 0.00200757 
7.80622e-19 4.49408e-16 6.05385e-13 1.86876e-10 5.76862e-09 4.06002e-05 0.00186308 0.989342 0.00749867 0.0012555 
2.2419e-11 1.86752e-09 4.52477e-06 0.000734309 0.0111552 0.981827 0.00621717 6.1911e-05 2.12771e-07 2.55936e-10 
1.89444e-28 1.20112e-25 1.72629e-22 7.56508e-20 5.60522e-17 7.40962e-13 7.80786e-10 6.09293e-05 0.00317387 0.996765 
5.79832e-12 1.21964e-09 1.5841e-06 0.000651938 0.0103626 0.982104 0.00682613 5.30886e-05 2.86004e-07 3.3651e-10 
3.29426e-07 5.84002e-05 0.477682 0.508217 0.0136101 0.000431236 1.40612e-06 6.85944e-09 4.08678e-12 4.84296e-15 
0 0 0 0 0 0 0 0 4.6783e-05 0.999953 
2.48575e-16 7.18328e-14 1.39024e-10 3.30363e-08 4.63603e-06 0.00366408 0.981716 0.011787 0.00276663 6.15477e-05 
1.11782e-12 5.28751e-10 9.65854e-07 0.000489589 0.00643577 0.0219904 0.968854 0.00222542 3.52712e-06 2.67999e-08 
4.11884e-25 3.24756e-22 5.424e-19 3.48921e-16 2.82392e-13 3.80861e-09 2.52639e-07 0.000298213 0.00351801 0.996184 
3.29407e-23 2.86348e-20 5.02112e-17 3.41862e-14 2.02621e-11 2.49479e-08 1.75485e-05 0.000939711 0.997252 0.0017911 
2.61876e-13 1.03594e-10 2.04805e-07 8.02372e-05 0.00148278 0.00878768 0.984726 0.00485411 6.91023e-05 1.33873e-07 
4.06845e-18 2.36663e-15 3.17675e-12 1.00507e-09 1.80612e-07 0.00111209 0.973345 0.0203996 0.00503899 0.000103982 
1.50853e-14 4.37529e-12 9.34529e-09 2.77548e-06 0.000182136 0.00815745 0.981699 0.00951581 0.000442541 3.57933e-07 
1.8847e-09 2.41506e-07 0.000330793 0.0103661 0.968563 0.0188619 0.00187516 2.42246e-06 2.26659e-09 2.0768e-12 
1.29438e-31 7.87503e-29 1.12463e-25 7.9114e-23 3.19443e-19 1.01978e-14 1.15957e-12 7.08176e-06 0.000247309 0.999746 
2.60018e-18 1.51468e-15 2.03041e-12 6.29667e-10 1.84732e-08 0.000172641 0.00344401 0.993586 0.00273922 5.79672e-05 
1.98118e-27 2.76572e-24 8.2395e-21 3.13933e-17 1.98946e-13 7.01905e-09 2.25118e-07 0.000349275 0.00405709 0.995593 
3.66976e-15 7.93249e-13 1.77362e-09 2.22887e-07 2.70992e-05 0.00479822 0.986338 0.00774245 0.00100452 8.99846e-05 
1.00998e-33 1.45974e-29 1.06979e-25 8.99986e-22 9.18893e-18 6.00792e-14 3.24041e-10 2.9463e-05 0.000222815 0.999748 
8.97935e-12 4.70782e-08 9.91649e-05 0.00175545 0.0176401 0.974503 0.00594425 5.74864e-05 2.09117e-07 2.68934e-10 
1.57984e-28 1.00236e-25 1.44084e-22 6.2586e-20 4.12771e-17 4.38786e-13 5.76998e-10 5.40253e-05 0.00190808 0.998038 
1.39046e-18 8.05271e-16 1.09049e-12 4.01489e-10 2.31807e-07 0.000655989 0.983047 0.0133437 0.00291492 3.80029e-05 
3.41564e-17 8.00429e-15 1.69304e-11 2.274e-09 1.06653e-07 0.000171106 0.00368016 0.993589 0.00253474 2.48405e-05 
2.91874e-07 5.18104e-05 0.0091516 0.974248 0.0161226 0.000424908 1.26574e-06 6.41143e-09 3.14558e-12 3.75325e-15 
3.79612e-16 1.08663e-13 2.08985e-10 4.38126e-08 1.33812e-05 0.0016293 0.974997 0.0190938 0.00420339 6.26195e-05 
5.74889e-23 5.24211e-20 9.40005e-17 6.64432e-14 4.02053e-11 3.67817e-08 3.45698e-05 0.000500922 0.00433506 0.995129 
9.18924e-05 0.00605285 0.837737 0.15543 0.000686364 1.7689e-06 2.60378e-09 1.33784e-11 3.28906e-15 3.88769e-18 
1.92309e-28 1.21952e-25 1.75153e-22 7.51498e-20 4.21778e-17 3.8203e-13 5.504e-10 5.22934e-05 0.00222033 0.997727 
4.01323e-06 0.000513877 0.00878168 0.03468 0.954822 0.00119251 5.51219e-06 1.7503e-08 3.93333e-12 3.34976e-15 
1.0927e-12 6.08503e-10 9.61968e-07 0.000434551 0.00874184 0.977542 0.0111228 0.002101 5.63424e-05 7.10092e-08 
7.8887e-05 0.00894722 0.0453641 0.945364 0.000243986 1.99801e-06 5.04727e-09 2.29758e-11 5.55952e-15 7.13158e-18 
2.10137e-18 1.22724e-15 1.64572e-12 5.15998e-10 4.462e-08 0.00026871 0.330828 0.662521 0.00633473 4.77092e-05 
1.0755e-12 5.56961e-10 8.91272e-07 0.000394164 0.00784746 0.986486 0.00521637 5.50187e-05 1.74721e-07 2.0133e-10 
2.60596e-28 1.65002e-25 2.36697e-22 1.01232e-19 5.72287e-17 5.88592e-13 7.53437e-10 6.30566e-05 0.991765 0.00817182 
2.548e-18 1.48449e-15 2.00617e-12 7.45929e-10 4.19325e-07 0.00122604 0.986795 0.00957639 0.00234432 5.73973e-05 
4.19726e-22 2.75031e-19 4.05026e-16 1.83764e-13 6.43432e-11 6.24007e-08 5.43195e-05 0.00147959 0.996322 0.00214421 
2.23083e-26 1.30804e-23 1.75105e-20 5.47064e-18 2.20127e-16 2.50177e-12 6.75641e-10 4.5724e-05 0.00297718 0.996977 
1.40645e-28 8.90561e-26 1.27847e-22 5.57548e-20 4.1636e-17 4.63478e-13 7.13479e-10 6.24434e-05 0.00281875 0.997119 
4.32717e-07 0.000324709 0.942095 0.0423099 0.014915 0.000353598 1.13326e-06 5.51691e-09 2.31063e-12 2.94431e-15 
7.07844e-34 1.12918e-29 8.34045e-26 7.03909e-22 7.19888e-18 4.62506e-14 2.38956e-10 2.72612e-05 0.000258761 0.999714 
3.36481e-28 8.25525e-25 3.52072e-21 2.06964e-17 1.45695e-13 5.73935e-09 1.10456e-07 0.000199166 0.00300923 0.996791 
2.96252e-12 1.92188e-09 3.98345e-06 0.0055321 0.968897 0.0213306 0.00421401 2.19365e-05 2.49555e-07 2.77243e-10 
4.13681e-23 3.41648e-20 5.836e-17 3.79086e-14 2.17005e-11 3.11602e-08 1.87369e-05 0.00145108 0.996828 0.00170191 
1.04097e-28 6.65214e-26 9.62896e-23 4.38533e-20 3.95975e-17 5.34808e-13 6.67372e-10 5.63393e-05 0.00258974 0.997354 
4.7613e-15 1.00151e-12 2.26195e-09 2.44255e-07 2.01743e-05 0.00216318 0.980697 0.0137469 0.0032961 7.62765e-05 
1.87921e-28 1.19452e-25 1.71958e-22 7.49046e-20 4.65159e-17 5.96419e-13 4.42983e-10 4.45892e-05 0.00247283 0.997483 
3.99413e-22 2.43469e-19 3.76716e-16 2.97228e-13 7.02748e-10 3.14466e-05 0.000276742 0.987491 0.0107259 0.00147493 
1.0853e-29 7.6874e-27 1.20373e-23 7.00201e-21 7.56492e-18 1.70832e-13 1.43456e-11 1.09698e-07 0.000288706 0.999711 
1.57956e-12 8.15692e-10 1.31198e-06 0.000559842 0.00932567 0.978606 0.0103648 0.00113866 3.74234e-06 4.65274e-08 
7.21376e-35 5.67343e-31 3.51253e-27 2.72899e-23 2.41174e-19 3.22094e-15 4.73983e-12 1.09785e-06 0.000251061 0.999748 
3.47618e-18 2.02722e-15 2.71597e-12 8.42022e-10 2.26075e-08 0.000154919 0.00290356 0.0102688 0.986478 0.00019425 
1.11848e-12 5.24617e-10 8.5878e-07 0.000357325 0.00436376 0.0116773 0.981797 0.00180022 3.83287e-06 3.40059e-08 
1.63848e-28 1.04297e-25 1.50316e-22 6.57356e-20 4.07555e-17 5.54261e-13 3.58804e-10 3.59451e-05 0.00180829 0.998156 
1.15421e-22 9.85155e-20 1.71151e-16 1.14553e-13 6.62122e-11 5.36885e-08 5.68705e-05 0.000660257 0.991957 0.00732574 
5.53371e-05 0.00835945 0.960478 0.0249451 0.00594822 0.000212832 1.43379e-06 6.29543e-09 5.13922e-12 5.9971e-15 
2.01879e-28 1.28118e-25 1.84133e-22 7.92026e-20 4.3007e-17 5.45288e-13 2.75185e-10 2.97594e-05 0.00239825 0.997572 
8.48911e-23 7.63391e-20 1.45826e-16 2.18544e-13 1.39359e-09 1.07896e-05 0.00119101 0.989611 0.00749259 0.00169447 
4.89833e-12 1.71635e-09 1.34905e-06 0.000534933 0.00972016 0.983376 0.00630636 6.10222e-05 2.06352e-07 2.43869e-10 
1.17059e-12 5.84146e-10 9.87819e-07 0.000502535 0.00857632 0.985698 0.0051687 5.31639e-05 2.03109e-07 2.33611e-10 
2.27478e-28 1.44529e-25 2.0791e-22 8.96547e-20 4.83092e-17 5.93592e-13 3.94662e-10 3.16878e-05 0.00217635 0.997792 
3.8626e-22 2.52974e-19 3.74116e-16 1.83158e-13 1.14583e-10 2.74507e-07 0.000863789 0.989788 0.00764079 0.00170684 
1.87077e-09 2.03934e-07 0.000220813 0.00738596 0.98362 0.00839832 0.000374133 7.30138e-07 5.44674e-10 8.52599e-13 
7.21489e-18 4.75726e-15 7.82305e-12 6.31582e-09 4.9481e-06 0.00346968 0.98523 0.00948773 0.00174105 6.66507e-05 
1.20441e-28 7.66732e-26 1.10401e-22 4.70437e-20 1.8603e-17 1.69106e-13 1.07586e-09 1.09665e-05 0.996458 0.00353143 
3.3902e-18 1.97634e-15 2.64973e-12 8.33936e-10 1.15727e-07 0.000650733 0.983343 0.013296 0.00264347 6.68581e-05 
2.41226e-18 1.40853e-15 1.88616e-12 5.85245e-10 1.68125e-08 0.000138359 0.00237657 0.00898552 0.987952 0.000547826 
8.30937e-23 5.81465e-20 8.98571e-17 4.6802e-14 2.11224e-11 3.63758e-08 4.7703e-05 0.00179162 0.994987 0.00317348 
3.10336e-18 1.80751e-15 2.42319e-12 7.51589e-10 2.22972e-08 0.000204435 0.00464025 0.991659 0.00342477 7.1574e-05 
6.63499e-21 1.57172e-18 3.36827e-15 5.71145e-13 1.70349e-10 9.99095e-08 7.08798e-05 0.00155095 0.0110387 0.987339 
1.34807e-28 8.53853e-26 1.22547e-22 5.27272e-20 3.15388e-17 3.8699e-13 3.54373e-10 3.17641e-05 0.99449 0.00547797 
1.21027e-33 2.65375e-30 1.0336e-26 5.56466e-23 4.01471e-19 1.40379e-14 6.12907e-13 6.50303e-09 2.34034e-05 0.999977 
1.62709e-07 3.22023e-05 0.00471927 0.961631 0.0278404 0.00567438 0.000102434 3.91851e-07 3.6447e-10 6.87485e-13 
3.51843e-10 2.99815e-08 8.69445e-06 0.00537521 0.972712 0.0184594 0.0034227 2.19811e-05 1.88169e-07 2.16214e-10 
1.55353e-28 9.89039e-26 1.42601e-22 6.2837e-20 4.23964e-17 6.29067e-13 4.3464e-10 3.54902e-05 0.00303967 0.996925 
3.44454e-18 2.02819e-15 2.8758e-12 1.72164e-09 1.45331e-06 0.00253772 0.981898 0.012432 0.00305946 7.11279e-05 
7.27603e-13 3.80917e-10 6.03286e-07 0.000248458 0.00747465 0.98427 0.00689584 0.0010995 1.04649e-05 5.4206e-08 
1.2237e-26 7.15197e-24 9.61387e-21 3.03106e-18 1.9799e-16 1.89072e-12 9.8837e-10 5.10627e-05 0.00374506 0.996204 
3.84372e-18 2.23813e-15 3.00071e-12 9.3015e-10 2.50987e-08 0.000196792 0.00425314 0.992081 0.00337192 9.72901e-05 
8.96242e-29 5.71977e-26 8.26649e-23 3.70498e-20 2.8862e-17 4.13159e-13 3.30822e-10 3.29881e-05 0.00187369 0.998093 
8.7011e-15 1.92847e-12 4.25822e-09 6.24272e-07 0.000128802 0.00540965 0.990012 0.00432906 0.000119999 1.1303e-07 
1.58545e-49 3.98625e-45 1.50091e-39 1.05573e-34 2.26552e-30 2.28545e-26 2.98137e-19 9.01283e-09 4.57559e-05 0.999954 
1.0743e-14 2.42731e-12 5.46696e-09 2.00704e-06 0.00173925 0.972935 0.0200809 0.00513003 0.000112708 1.38428e-07 
1.25144e-12 6.32542e-10 1.04201e-06 0.000481572 0.00700917 0.0201466 0.9714 0.000960823 3.48694e-07 2.84501e-10 
1.30646e-29 8.56608e-27 1.27758e-23 7.6155e-21 1.95566e-17 3.22814e-13 3.89153e-10 3.43798e-05 0.0013217 0.998644 
7.79609e-13 4.41208e-10 6.15242e-07 0.000217253 0.00466486 0.0181317 0.972782 0.00407842 0.000125197 1.49564e-07 
5.88193e-11 7.25218e-09 6.52614e-06 0.00502632 0.965549 0.0242178 0.00515221 4.83162e-05 2.20511e-07 2.8335e-10 
2.77707e-18 1.62655e-15 2.17524e-12 6.75293e-10 1.50849e-08 5.76405e-05 0.000997908 0.00536378 0.992338 0.0012431 
6.61327e-23 5.52143e-20 9.48463e-17 6.22025e-14 3.54559e-11 3.36237e-08 3.05249e-05 0.00110174 0.997381 0.00148627 
1.0174e-22 8.48093e-20 1.45573e-16 9.5393e-14 5.49126e-11 6.06348e-08 6.34016e-05 0.986159 0.0114343 0.00234307 
1.26454e-28 8.00442e-26 1.14806e-22 4.91777e-20 2.81341e-17 3.49243e-13 1.85759e-10 2.6622e-05 0.00219345 0.99778 
2.74691e-18 1.59691e-15 2.14227e-12 6.63369e-10 1.81509e-08 0.000174442 0.0032426 0.993958 0.00256695 5.84501e-05 
8.09947e-10 7.0853e-08 2.76615e-05 0.002207 0.489572 0.504566 0.00358404 4.31966e-05 5.41747e-08 4.69765e-11 
8.36349e-10 8.85046e-08 0.000105098 0.072805 0.921657 0.0052182 0.000213676 4.30029e-07 3.11063e-10 4.65208e-13 
2.75775e-14 9.09897e-12 1.86266e-08 6.32527e-06 0.000268526 0.00817745 0.985788 0.00564151 0.000118254 1.49367e-07 
1.3188e-12 6.86685e-10 1.10453e-06 0.000483889 0.00571709 0.0221064 0.969036 0.00265126 3.81259e-06 2.99988e-08 
0 0 0 0 0 0 0 0 3.18886e-05 0.999968 
1.66927e-28 1.06381e-25 1.53526e-22 6.80692e-20 4.91848e-17 6.43338e-13 6.68396e-10 5.44482e-05 0.00297582 0.99697 
5.8484e-13 3.22427e-10 4.80548e-07 0.0002115 0.00455531 0.0177621 0.973016 0.00431491 0.000139815 1.24356e-07 
1.82117e-28 1.24903e-25 2.33306e-22 5.64477e-19 2.33039e-15 1.04039e-11 4.53385e-08 0.000425866 0.993509 0.00606518 
6.51698e-13 3.5565e-10 5.44681e-07 0.000391134 0.943321 0.0435498 0.0109432 0.00170708 8.71387e-05 1.11263e-07 
3.24085e-13 1.51873e-10 2.72839e-07 0.000143055 0.00491742 0.971996 0.0206324 0.00223954 7.13845e-05 8.92645e-08 
2.70289e-24 1.58366e-21 2.11864e-18 6.59767e-16 2.16936e-14 2.11665e-10 6.50407e-09 5.84336e-05 0.00213132 0.99781 
1.38367e-09 1.17474e-07 4.2023e-05 0.00246451 0.0161205 0.976138 0.00519882 3.59222e-05 7.20365e-08 1.40918e-10 
1.62137e-09 1.97068e-07 0.000247918 0.00497978 0.0206752 0.971145 0.00292594 2.62403e-05 5.59593e-09 1.87152e-12 
