2170
4.23545e-09 9.92167e-08 5.02297e-07 0.000340276 0.000273273 0.00138573 0.00338554 0.0126072 0.0326408 0.949367 
2.51187e-17 5.61724e-16 1.01223e-14 5.51239e-12 1.20428e-09 8.63183e-08 5.03394e-06 0.000589548 0.496216 0.503189 
9.00473e-05 0.00211511 0.00227728 0.0169337 0.0475645 0.825663 0.0604408 0.0226348 0.0211107 0.00116955 
3.06947e-09 4.616e-08 4.91e-07 2.58759e-05 0.000278194 0.00156719 0.00627329 0.46997 0.484899 0.0369859 
6.62114e-08 2.30291e-06 0.000143986 0.000335733 0.000958069 0.00197157 0.00426473 0.0127297 0.670817 0.308777 
7.62853e-08 3.44409e-06 0.000299952 0.000495488 0.00135245 0.00198416 0.00336567 0.00753293 0.0126608 0.972305 
1.05037e-12 1.8786e-11 4.20437e-10 1.89732e-08 4.05774e-07 6.4003e-05 0.000459901 0.00468034 0.964068 0.0307269 
1.02936e-07 3.69259e-06 0.000258558 0.000881322 0.00195165 0.0039923 0.00929347 0.0229671 0.21574 0.744911 
8.23493e-08 3.50099e-06 0.000289901 0.000487301 0.00143465 0.00277954 0.00688961 0.0198463 0.0432911 0.924978 
2.74811e-09 6.3535e-08 1.97743e-07 7.06185e-06 2.78546e-05 0.000307097 0.00150398 0.00377926 0.738741 0.255634 
1.89042e-07 6.94975e-06 0.00031855 0.0014792 0.00702533 0.0159469 0.0368338 0.851781 0.050129 0.0364789 
1.58698e-05 0.000357906 0.000672764 0.00537794 0.0183871 0.377723 0.340852 0.236151 0.0160738 0.00438839 
8.28761e-13 1.49944e-11 2.03329e-10 1.99423e-08 3.59055e-07 4.19943e-05 0.000424951 0.00412434 0.969377 0.0260309 
1.71858e-08 4.01518e-07 3.60373e-06 0.000507793 0.00171066 0.0053805 0.0121059 0.0353303 0.0580012 0.88696 
3.78041e-11 7.63613e-10 8.99775e-09 5.17348e-07 2.29788e-05 0.000478925 0.0117879 0.0579499 0.72434 0.205419 
7.07844e-34 1.12918e-29 8.34045e-26 7.03909e-22 7.19888e-18 4.62506e-14 2.38956e-10 2.72612e-05 0.000258761 0.999714 
7.05863e-08 1.998e-06 8.61429e-05 0.000399631 0.000963271 0.00251849 0.00667581 0.0178928 0.0302844 0.941177 
4.53009e-09 8.39102e-08 3.69271e-07 7.91422e-06 0.000106963 0.000404162 0.00153197 0.00356587 0.00586945 0.988513 
7.29155e-08 3.10493e-06 0.000253649 0.000420379 0.00116477 0.00173962 0.00283756 0.00744931 0.0166954 0.969436 
8.18915e-07 2.47718e-05 0.000183654 0.00356213 0.0112459 0.0260796 0.03967 0.843215 0.0504761 0.0255422 
7.49566e-11 1.98227e-09 1.12403e-07 2.57118e-06 8.4493e-05 0.00189791 0.920023 0.0308544 0.026718 0.0204196 
6.68885e-10 1.54358e-08 8.30767e-08 3.85103e-06 1.55642e-05 0.000314417 0.00263164 0.136717 0.500708 0.35961 
1.5568e-12 3.06015e-11 1.06198e-09 5.38326e-08 9.77496e-07 0.00027578 0.00188749 0.00832721 0.0221137 0.967395 
3.71555e-07 1.5318e-05 7.43711e-05 0.00163604 0.00729461 0.014612 0.0240425 0.0396482 0.460023 0.452654 
3.52962e-06 8.70958e-05 0.000469271 0.00514964 0.0224275 0.538038 0.371019 0.0309437 0.0214079 0.0104551 
2.10068e-07 7.42671e-06 4.83414e-05 0.000594055 0.00270215 0.00676956 0.00641976 0.0102993 0.0171928 0.955966 
1.89504e-17 4.21122e-16 4.03501e-15 3.11703e-12 5.09472e-11 6.79453e-08 1.03439e-07 7.80163e-05 0.00062945 0.999292 
2.61783e-07 1.06708e-05 9.91303e-05 0.00125584 0.00405965 0.00918065 0.00994361 0.0215631 0.466714 0.487173 
1.70802e-07 6.38164e-06 0.000253458 0.000787814 0.00588879 0.00450192 0.00812558 0.0212358 0.659351 0.299849 
1.52533e-16 3.41994e-15 8.61555e-14 5.46703e-11 1.97814e-08 6.13737e-07 5.00647e-06 0.00081445 0.0046062 0.994574 
1.03974e-06 2.57448e-05 0.000245664 0.00140174 0.00493797 0.012243 0.0187904 0.104627 0.839289 0.0184387 
7.73835e-13 1.3574e-11 1.55719e-10 1.45666e-08 1.74551e-07 1.33754e-05 8.92549e-05 0.000573432 0.00476814 0.994556 
5.05197e-07 1.95731e-05 0.000398068 0.0023899 0.0100474 0.021882 0.0426874 0.0702825 0.829572 0.0227205 
7.86923e-08 2.70001e-06 0.000170837 0.00037417 0.0011864 0.0022643 0.00418824 0.00719989 0.0123683 0.972245 
9.60274e-06 0.000218375 0.000219112 0.00145409 0.00665374 0.0101983 0.0137898 0.247801 0.710926 0.00872924 
9.68848e-07 2.83254e-05 0.000128956 0.00266174 0.0153733 0.0365071 0.0508144 0.0628857 0.812059 0.0195401 
2.64405e-07 1.26823e-05 0.000505683 0.00125129 0.0111992 0.00408644 0.00828633 0.0196067 0.0368774 0.918174 
1.00312e-13 2.29259e-12 2.35656e-11 1.47954e-08 2.42495e-07 0.000339283 0.000146166 0.00408053 0.986501 0.00893243 
6.70374e-12 1.52068e-10 1.21088e-08 3.04477e-07 2.34054e-06 0.000573223 0.00310693 0.0165109 0.958218 0.0215885 
0.000246608 0.00488393 0.0101297 0.0332381 0.808097 0.0599023 0.0304097 0.0234455 0.0237321 0.00591462 
5.94265e-09 1.85201e-07 1.04701e-06 4.18992e-05 0.000454353 0.00200162 0.00487008 0.120926 0.732383 0.139321 
6.08148e-08 1.94838e-06 0.000107523 0.000201479 0.000777824 0.00177596 0.00471288 0.0115035 0.0246197 0.956299 
1.55673e-09 6.95522e-08 6.57913e-06 1.01752e-05 3.22937e-05 4.05948e-05 2.37356e-05 0.000356932 0.00490473 0.994625 
1.77676e-08 4.30918e-07 3.13185e-06 0.000389708 0.00172886 0.00694345 0.0238972 0.853553 0.0550131 0.058471 
3.79323e-11 9.3395e-10 3.01031e-08 9.8902e-07 2.66299e-06 1.17812e-05 0.000110787 0.000931827 0.00420566 0.994736 
2.16122e-15 4.87287e-14 7.89646e-13 5.0968e-11 2.24502e-09 5.41556e-08 1.09451e-05 0.000117187 0.00258287 0.997289 
1.2924e-07 4.90888e-06 0.000320566 0.00212351 0.0108931 0.00691506 0.0139994 0.0289698 0.0434618 0.893312 
1.14743e-17 2.54974e-16 2.42455e-15 1.87949e-12 3.10677e-11 4.43859e-08 5.70836e-08 3.12276e-05 0.000633941 0.999335 
1.19779e-07 4.06853e-06 0.000263235 0.000746952 0.00228167 0.00371981 0.00816066 0.0140517 0.0142226 0.956549 
1.10568e-09 1.71915e-08 1.85021e-07 1.56062e-05 0.000143677 0.000496696 0.00201189 0.00683938 0.182451 0.808042 
7.76861e-07 2.97224e-05 0.000764869 0.00756941 0.0337344 0.059867 0.783981 0.0520582 0.0403862 0.0216089 
6.67105e-07 1.58223e-05 8.46412e-05 0.0150109 0.0248236 0.349635 0.113768 0.0807755 0.263334 0.152553 
5.53945e-05 0.0012399 0.00175145 0.00904713 0.0188687 0.046126 0.0602976 0.804611 0.0483916 0.00961164 
1.5739e-09 3.70963e-08 2.25982e-07 8.4019e-06 2.85102e-05 0.00059286 0.00164331 0.00457973 0.0075786 0.985568 
4.38888e-07 2.28621e-05 0.000361123 0.00197757 0.0194377 0.0255028 0.036221 0.0558693 0.825595 0.0350119 
8.03362e-08 3.13331e-06 0.00022071 0.000960946 0.0025289 0.0100455 0.136116 0.506179 0.0338094 0.310136 
8.23497e-10 1.92178e-08 2.45083e-07 0.000100007 0.000619416 0.446511 0.0247014 0.023191 0.0277273 0.47715 
3.01651e-07 1.18332e-05 7.7242e-05 0.00350723 0.0103914 0.0650336 0.0529118 0.0877807 0.501933 0.278353 
3.28739e-08 1.45942e-06 0.00012614 0.000207701 0.000594643 0.000799897 0.000927358 0.00352902 0.0413326 0.952481 
4.58525e-07 2.06172e-05 0.000701858 0.00506577 0.019532 0.0193141 0.0292617 0.0500289 0.812715 0.0633595 
7.29537e-08 2.28914e-06 0.000121001 0.00049245 0.00137496 0.00382618 0.00935285 0.0179753 0.0323043 0.934551 
8.18162e-18 1.81786e-16 1.68732e-15 1.32608e-12 2.2173e-11 3.0981e-08 8.014e-08 7.89898e-05 0.00283141 0.997089 
1.77477e-09 3.93629e-08 8.88242e-08 2.41634e-06 2.11538e-05 0.00011612 0.000581268 0.00296664 0.00611101 0.990201 
9.78944e-08 3.23576e-06 0.000196282 0.00062618 0.00257138 0.0045904 0.00985851 0.0198119 0.0363468 0.925995 
2.75492e-07 1.55319e-05 0.000502325 0.00304003 0.0146106 0.0136261 0.0272402 0.044968 0.0515824 0.844415 
5.95197e-11 1.39964e-09 1.70926e-08 1.18464e-06 1.1908e-05 0.000359397 0.00188701 0.00724491 0.191375 0.79912 
1.04299e-07 3.51898e-06 0.000216464 0.000613794 0.00197536 0.00401256 0.00904666 0.156365 0.0464955 0.781271 
1.9138e-10 4.71203e-09 4.70805e-08 3.746e-06 8.79813e-05 0.000402704 0.00236179 0.00737822 0.0235746 0.966191 
5.50197e-12 1.21314e-10 1.12064e-08 2.10423e-07 1.03487e-06 0.000150418 0.00257953 0.0113992 0.957013 0.0288562 
7.36949e-08 2.85955e-06 0.000203369 0.000351504 0.000934674 0.0017605 0.00316443 0.00722583 0.485497 0.50086 
2.58774e-11 5.94253e-10 1.09955e-08 1.74367e-06 7.60597e-05 0.000810794 0.0226764 0.611297 0.0933806 0.271757 
8.76525e-08 2.54829e-06 4.78522e-05 0.000969284 0.0010147 0.0049698 0.0087774 0.0199684 0.0196569 0.944593 
4.99321e-07 1.63863e-05 0.00040134 0.00258666 0.0127085 0.0257269 0.592016 0.320958 0.0308768 0.0147095 
2.79752e-07 1.56477e-05 0.0006461 0.00207074 0.012949 0.016096 0.0314891 0.841001 0.0589216 0.0368107 
3.12552e-12 7.05392e-11 6.9623e-09 1.32084e-07 6.31817e-07 6.34662e-05 0.000476595 0.00457003 0.973613 0.0212761 
4.77887e-06 0.000114357 0.000651473 0.00325927 0.0151507 0.696303 0.238434 0.0236837 0.0179371 0.00446142 
4.69078e-06 0.000103277 0.00127592 0.0714121 0.138525 0.200854 0.192042 0.258763 0.127161 0.00985854 
7.10294e-08 1.72153e-06 2.71737e-05 0.00103663 0.00212351 0.00898049 0.0250343 0.822136 0.0707517 0.0699082 
1.27126e-16 2.87087e-15 1.04039e-13 5.95822e-11 2.62758e-08 5.18478e-07 3.98955e-06 0.000885353 0.00476455 0.994346 
1.71088e-08 4.36082e-07 2.98295e-06 0.00012383 0.000710342 0.00296049 0.00717644 0.120592 0.831597 0.036836 
9.46116e-09 2.41128e-07 1.84798e-06 0.000146218 0.000240577 0.00139794 0.00580314 0.016873 0.0423925 0.933145 
1.06732e-07 2.67555e-06 6.3683e-05 0.000667767 0.0186228 0.0858502 0.287659 0.364381 0.195732 0.0470196 
5.50429e-18 1.22301e-16 1.14173e-15 8.93273e-13 1.49178e-11 2.31219e-08 4.76375e-08 1.89618e-05 0.00063424 0.999347 
2.15895e-07 6.91902e-06 7.43246e-05 0.00217632 0.00720822 0.0123222 0.0250303 0.0442625 0.0560272 0.852892 
9.25939e-08 3.59783e-06 0.000274669 0.000483016 0.00160578 0.00272509 0.00456056 0.0102913 0.0198883 0.960168 
5.91595e-08 2.34108e-06 0.000189116 0.000318888 0.00119471 0.00181265 0.00329397 0.0108404 0.957335 0.0250126 
2.36928e-08 6.34353e-07 9.72239e-06 0.000721221 0.00168092 0.00259403 0.0123601 0.028816 0.91116 0.0426576 
3.28351e-06 0.000147354 0.000995109 0.00328905 0.00938052 0.143429 0.0849445 0.322957 0.421461 0.0133929 
5.40697e-06 0.00012927 0.000404262 0.00558237 0.0247588 0.449241 0.395163 0.0987672 0.0206768 0.00527171 
4.04612e-10 6.27028e-09 7.38859e-08 3.83556e-06 3.35505e-05 0.000418185 0.00200569 0.00881535 0.333796 0.654927 
8.31833e-12 1.89573e-10 3.50481e-09 2.38983e-07 6.98684e-07 1.38382e-05 0.000200836 0.000230485 0.00065519 0.998899 
5.86251e-11 1.866e-09 1.63935e-08 8.69076e-07 5.25123e-06 0.000102578 0.00030587 0.00219818 0.00777413 0.989613 
4.26942e-08 9.46845e-07 1.15229e-05 0.00016992 0.000931937 0.00276375 0.0117519 0.0271097 0.0432357 0.914025 
1.06075e-07 3.21322e-06 8.3261e-05 0.00225086 0.0028991 0.00709853 0.0200837 0.0530605 0.858926 0.0555951 
5.20692e-05 0.0011721 0.000778349 0.00834343 0.0264544 0.0499381 0.0635213 0.807426 0.033302 0.00901277 
9.82382e-14 2.90037e-12 1.65522e-10 1.10196e-09 4.56277e-09 2.95632e-08 9.75199e-08 1.10512e-06 6.85134e-05 0.99993 
1.40255e-10 3.25659e-09 4.11423e-08 1.65656e-06 5.39706e-05 0.000394279 0.00207297 0.00701479 0.0264854 0.963977 
3.66633e-19 8.15046e-18 8.57608e-17 6.12677e-14 1.40163e-12 4.00223e-09 3.08348e-08 4.33596e-05 0.00271851 0.997238 
3.70472e-12 8.40968e-11 2.47119e-09 1.12996e-07 1.19395e-05 0.000202378 0.00119109 0.142012 0.664496 0.192086 
2.09983e-06 5.06704e-05 0.000244739 0.00387216 0.156586 0.694317 0.112128 0.0216883 0.00608919 0.00502191 
4.84054e-06 0.000130083 0.00063406 0.00408823 0.0241068 0.0401149 0.0512762 0.82922 0.0360857 0.014339 
2.22231e-07 1.02168e-05 0.000174402 0.00285063 0.30882 0.532228 0.0382664 0.0949614 0.0127404 0.00994886 
5.19474e-08 1.5426e-06 1.35683e-05 0.00101159 0.00215811 0.00745911 0.0175175 0.0297451 0.0349952 0.907098 
5.92725e-43 1.10437e-38 5.32841e-34 3.25413e-29 7.0013e-25 7.49771e-21 1.3553e-15 7.33482e-06 0.000222055 0.999771 
7.68908e-09 1.82188e-07 8.61469e-07 0.000556218 0.00067018 0.00241216 0.00852824 0.0281392 0.0533761 0.906317 
3.20081e-12 7.6005e-11 6.54341e-10 9.44395e-08 3.06029e-07 3.24764e-06 0.000112251 0.00122697 0.00647517 0.992182 
2.01965e-10 5.89012e-09 4.84608e-08 3.19282e-06 1.34116e-05 0.000155119 0.000592362 0.00116082 0.00441846 0.993657 
3.25672e-07 1.47208e-05 0.000296253 0.00158767 0.0130057 0.0170793 0.0261487 0.778024 0.150134 0.0137087 
5.66334e-07 2.66408e-05 0.000608419 0.00206343 0.0163947 0.0165386 0.0155419 0.0245629 0.0314178 0.892845 
3.23041e-08 7.84389e-07 3.57623e-06 0.000297388 0.000774746 0.00319027 0.00836489 0.291834 0.263945 0.43159 
2.38639e-12 5.22318e-11 4.42464e-09 8.7956e-08 7.84944e-07 9.18351e-05 0.00100767 0.00488433 0.964679 0.0293363 
1.06229e-07 3.08881e-06 0.000101681 0.00161321 0.00509189 0.0370933 0.551624 0.183971 0.0474846 0.173018 
1.68358e-12 4.69841e-11 3.24549e-10 2.52959e-08 9.76253e-08 3.9944e-07 1.19865e-06 6.19505e-06 0.000586887 0.999405 
4.02498e-05 0.000901913 0.00248044 0.00707228 0.0186456 0.0513012 0.831975 0.0522483 0.0263053 0.00902943 
3.081e-10 8.62572e-09 8.1451e-08 5.08317e-06 2.0444e-05 0.000237029 0.00247146 0.00891495 0.934133 0.0542177 
4.1035e-12 9.64957e-11 1.65811e-09 4.98206e-08 4.254e-07 2.35031e-06 5.81227e-05 0.000383016 0.00214366 0.997412 
1.18863e-10 2.63457e-09 1.10992e-08 2.34874e-07 9.26936e-07 1.21234e-05 0.000668812 0.00461825 0.0158415 0.978858 
4.27671e-08 1.33362e-06 3.7468e-05 0.0010553 0.00140851 0.00273054 0.00819313 0.0132524 0.0105725 0.962749 
1.18629e-10 3.33099e-09 2.91057e-08 1.87658e-06 6.98984e-06 4.64635e-05 0.000338468 0.000545617 0.494908 0.504153 
6.07083e-13 1.3708e-11 1.3946e-09 2.47577e-08 8.46317e-08 8.53637e-07 1.92581e-05 0.000811303 0.00607251 0.993096 
1.31608e-13 2.96967e-12 2.7474e-10 5.58128e-09 1.66326e-07 5.41737e-06 0.00052655 0.00404914 0.0135229 0.981896 
8.3945e-08 3.64424e-06 0.000309979 0.000511396 0.00173086 0.00214039 0.00432804 0.0136083 0.030706 0.946661 
1.09637e-07 4.00001e-06 5.49529e-05 0.00123522 0.00222252 0.00826685 0.013143 0.0316935 0.0408428 0.902537 
3.99141e-12 8.81632e-11 7.61567e-09 1.65128e-07 1.24955e-06 0.00029491 0.00240194 0.012757 0.0276205 0.956924 
1.86621e-09 2.76934e-08 2.94908e-07 1.5167e-05 0.000220819 0.00201245 0.624978 0.336313 0.0213093 0.0151509 
1.57879e-10 4.45571e-09 8.30318e-08 1.8114e-06 1.4783e-05 0.000172018 0.000739 0.00398592 0.581173 0.413914 
1.06401e-05 0.000245146 0.000256042 0.004597 0.0157509 0.0340167 0.885798 0.0344463 0.0185594 0.00631933 
3.95802e-09 9.72408e-08 5.80753e-07 3.77013e-05 0.000142692 0.00113227 0.0047326 0.0140764 0.0279657 0.951912 
3.16777e-07 8.2467e-06 8.00213e-05 0.00199723 0.00540614 0.0168309 0.0330936 0.829353 0.0614505 0.0517802 
3.56542e-07 1.03438e-05 0.000102263 0.00297255 0.0159508 0.118425 0.306491 0.206902 0.324475 0.0246699 
2.63881e-09 5.45498e-08 2.28454e-07 8.66752e-06 0.000369124 0.00259296 0.00804913 0.0255915 0.935155 0.0282336 
1.1194e-16 2.48771e-15 2.41189e-14 1.85189e-11 3.06496e-10 4.06449e-07 2.93015e-06 0.000553136 0.00810215 0.991341 
1.11229e-09 2.19427e-08 1.83014e-07 6.35787e-05 0.000125123 0.00119382 0.199229 0.155904 0.305568 0.337917 
2.59384e-11 5.98007e-10 1.18387e-08 7.86865e-07 2.26784e-06 4.85046e-05 0.000657771 0.00093534 0.00192483 0.99643 
4.71926e-09 1.09084e-07 6.9023e-07 0.000423618 0.000590183 0.00131401 0.00401763 0.0115234 0.929841 0.052289 
9.78435e-08 3.26834e-06 0.000199522 0.000475079 0.0015837 0.00402216 0.0102783 0.0250866 0.0462872 0.912064 
2.39055e-08 6.59299e-07 3.17902e-05 0.000379599 0.00148557 0.0951703 0.0290245 0.101946 0.502874 0.269088 
7.0256e-12 1.53705e-10 9.15695e-09 2.25441e-07 1.53059e-06 8.45915e-05 0.00136352 0.00652674 0.0211006 0.970923 
1.14936e-07 4.23981e-06 0.000109156 0.00122339 0.00355894 0.00735587 0.0185315 0.743764 0.192498 0.0329555 
6.21522e-07 2.36316e-05 0.000491654 0.0029058 0.0106421 0.0206629 0.0246242 0.849115 0.0492408 0.0422934 
3.99894e-09 1.68655e-07 1.49087e-05 2.66192e-05 0.000282469 0.00156059 0.00485004 0.0191415 0.944987 0.0291364 
1.68184e-09 2.50167e-08 2.75765e-07 1.40803e-05 0.000239588 0.00082837 0.00261858 0.0145063 0.0324873 0.949305 
4.25948e-09 1.01492e-07 6.02158e-07 5.14588e-05 0.00016736 0.000943177 0.00422603 0.0111972 0.026655 0.956759 
2.8203e-08 7.11697e-07 6.4848e-06 0.000965288 0.00141734 0.00690896 0.0233106 0.87107 0.0501792 0.0461411 
9.83366e-12 2.15009e-10 3.495e-09 2.40334e-07 2.68333e-06 5.55232e-05 0.000244368 0.000785603 0.00251911 0.996392 
7.18699e-10 1.85343e-08 2.24214e-07 1.26249e-05 4.23583e-05 0.000264305 0.00234216 0.005144 0.0131204 0.979074 
2.32163e-11 6.69283e-10 1.29565e-08 4.5564e-07 1.55463e-06 2.6109e-05 0.000287222 0.000337774 0.00270815 0.996639 
1.24071e-07 3.51828e-06 1.57729e-05 0.0001558 0.000480187 0.00579644 0.00968972 0.03265 0.889042 0.0621665 
2.60129e-10 7.43309e-09 6.58782e-08 4.27263e-06 1.7922e-05 0.000251122 0.00203443 0.933505 0.028431 0.0357563 
9.34492e-07 3.75967e-05 0.000934537 0.00819013 0.0335016 0.0574024 0.800835 0.0615221 0.0287501 0.00882543 
6.83785e-08 2.00512e-06 6.79391e-05 0.00107118 0.000760317 0.00452475 0.0111203 0.0266611 0.0444692 0.911323 
2.93341e-08 6.77205e-07 1.83833e-06 0.000345018 0.000431139 0.00253458 0.00791792 0.022465 0.0542745 0.912029 
7.1131e-12 1.57042e-10 9.38939e-09 2.27534e-07 1.39863e-06 0.000131474 0.00112966 0.00570442 0.96126 0.0317727 
3.46389e-05 0.000915656 0.00644462 0.0527888 0.28467 0.450885 0.0770008 0.109223 0.0157469 0.0022901 
8.36508e-08 3.46327e-06 0.00027903 0.000532927 0.00174764 0.00416301 0.0177474 0.066832 0.698922 0.209773 
2.76549e-10 5.38876e-09 6.05826e-08 4.3839e-06 0.000203499 0.00213354 0.00809315 0.0220552 0.945479 0.0220317 
1.63962e-11 3.66239e-10 3.07786e-09 1.97336e-07 1.7727e-06 2.56055e-05 0.00119916 0.0044851 0.955974 0.0383137 
3.85625e-06 0.000175945 0.00147806 0.00745279 0.0193703 0.829121 0.0710836 0.04181 0.0187596 0.0107454 
3.02801e-09 6.90319e-08 3.88911e-07 0.00028941 0.000461908 0.00312998 0.0131866 0.653977 0.292683 0.0362716 
2.9537e-07 1.49092e-05 0.000250476 0.00364728 0.0137284 0.0213604 0.0362328 0.840095 0.0538931 0.0307775 
6.00596e-07 2.29808e-05 0.000131255 0.00337113 0.0128387 0.0293409 0.046264 0.83767 0.0430972 0.0272634 
3.7755e-11 1.08217e-09 2.80225e-08 8.17106e-07 3.41534e-06 6.23953e-05 0.00169906 0.00638231 0.0198716 0.97198 
8.6668e-13 1.99972e-11 3.33062e-10 2.70533e-08 6.3479e-08 4.73823e-07 1.21072e-05 0.000314331 0.00418617 0.995487 
1.09269e-13 2.48737e-12 3.73375e-11 2.91952e-09 5.64613e-08 1.14654e-06 4.34411e-06 0.000352463 0.00570075 0.993941 
7.39388e-11 2.02031e-09 7.08916e-08 2.07962e-06 5.8214e-06 0.000685446 0.00471839 0.955445 0.0196411 0.0195017 
7.93091e-08 2.82321e-06 0.000179832 0.000800167 0.00202206 0.0055691 0.0123272 0.0328932 0.885753 0.0604525 
3.65311e-07 1.51782e-05 9.93087e-05 0.0032892 0.0095861 0.0178937 0.0346849 0.682268 0.0392303 0.212933 
3.30888e-08 6.45676e-07 5.48952e-06 8.58793e-05 0.000848109 0.0023671 0.00765629 0.134638 0.701459 0.15294 
3.2304e-11 7.19175e-10 1.03367e-08 4.57294e-07 3.31862e-06 0.000180627 0.00122138 0.00658346 0.0208312 0.971179 
1.62551e-10 3.69121e-09 4.80254e-08 2.12977e-06 7.17573e-06 5.31265e-05 0.000605322 0.00276937 0.00747457 0.989088 
1.04756e-07 4.16472e-06 9.63459e-05 0.00109543 0.00685212 0.0178474 0.0349512 0.0538584 0.859183 0.0261121 
8.33662e-08 2.42908e-06 4.57022e-05 0.00198572 0.00561457 0.152171 0.0222219 0.299154 0.499087 0.0197186 
5.60173e-11 1.59538e-09 1.66234e-08 1.09048e-06 5.46531e-06 0.000166218 0.00114892 0.00583196 0.781638 0.211209 
3.18844e-08 8.9111e-07 6.09654e-06 0.000477239 0.00184171 0.00750665 0.0183607 0.0604552 0.278189 0.633162 
4.50976e-08 1.40937e-06 7.38784e-05 0.000444412 0.000715741 0.00117003 0.00356639 0.00763162 0.0188448 0.967552 
8.0408e-09 1.67468e-07 1.93202e-06 0.000332011 0.00140558 0.0129128 0.865037 0.0656802 0.0287349 0.025895 
9.80807e-09 2.53711e-07 8.69629e-06 4.63068e-05 0.000404174 0.00228665 0.00950961 0.454396 0.114737 0.418612 
9.66617e-11 2.22799e-09 4.5684e-08 2.45949e-06 0.000313156 0.00305321 0.0138361 0.038013 0.91689 0.0278923 
1.63739e-12 3.69582e-11 3.386e-09 6.55517e-08 4.22423e-07 7.80958e-06 0.000503169 0.00297558 0.010266 0.986247 
1.24118e-12 4.38985e-11 2.52973e-10 4.34124e-08 9.78369e-06 0.000399766 0.00365937 0.960232 0.0229996 0.0126991 
5.00254e-08 2.0542e-06 0.000173185 0.000989824 0.0033677 0.0200977 0.858765 0.0407205 0.0343994 0.0414845 
9.18527e-12 2.21073e-10 1.38534e-08 3.58259e-07 2.86838e-05 0.000211646 0.00113179 0.0504144 0.500818 0.447395 
3.94325e-11 1.15577e-09 1.75398e-08 6.17496e-07 3.11476e-06 7.90777e-05 0.000387584 0.00131785 0.492821 0.50539 
3.41183e-05 0.000767396 0.00245811 0.00766764 0.0126749 0.0308835 0.0334996 0.0515985 0.834168 0.0262485 
8.36461e-09 2.10989e-07 2.13922e-06 0.000242317 0.000869769 0.00441972 0.0176424 0.88529 0.0513695 0.0401641 
8.42184e-08 2.51975e-06 0.000128288 0.000411243 0.00142386 0.00332268 0.00838407 0.0140679 0.0247834 0.947476 
6.57297e-12 1.45472e-10 1.21795e-08 2.68089e-07 2.34053e-06 0.000382791 0.00136564 0.0105358 0.957447 0.0302661 
5.16165e-08 1.63717e-06 8.92595e-05 0.000299551 0.00114144 0.00238922 0.00644294 0.0121766 0.0178407 0.959619 
8.68078e-08 2.34958e-06 1.88258e-05 0.00116878 0.00220095 0.00440826 0.00686578 0.0224988 0.895319 0.0675167 
1.71781e-12 4.2644e-11 3.14554e-09 7.17688e-08 7.02416e-06 2.20072e-05 1.11901e-05 0.00010715 0.00201137 0.997841 
0.000430153 0.00701325 0.603457 0.0351317 0.295187 0.0262327 0.0143288 0.00589896 0.0119677 0.000353149 
2.11381e-08 5.46093e-07 8.11435e-06 0.000429225 0.00120663 0.00588515 0.0115319 0.0253221 0.927865 0.0277513 
1.44063e-07 4.16109e-06 4.602e-05 0.00040297 0.0015288 0.005349 0.00551477 0.0134521 0.0079338 0.965768 
5.61517e-12 1.18514e-10 3.7572e-09 1.27624e-07 1.29476e-06 0.000141036 0.00115203 0.00505723 0.0188778 0.97477 
8.11652e-14 1.8036e-12 1.69998e-11 1.34376e-08 2.15605e-07 0.000272286 0.000672178 0.00525444 0.984484 0.00931707 
2.47699e-09 5.04643e-08 3.35984e-07 3.06806e-05 6.34835e-05 0.000253908 0.0012217 0.00538209 0.89804 0.0950075 
5.18064e-09 1.06211e-07 7.49147e-07 6.18199e-05 0.000518876 0.00181205 0.00646396 0.019798 0.922989 0.0483554 
6.33615e-16 1.43953e-14 4.87878e-13 1.35554e-10 3.15067e-08 1.59903e-06 9.15609e-05 0.00309144 0.97785 0.0189657 
1.92123e-08 6.92705e-07 4.50309e-05 0.000385433 0.00062617 0.00240906 0.0790965 0.373686 0.327509 0.216242 
9.48138e-08 3.49063e-06 0.000244403 0.000491283 0.00167512 0.00288993 0.00718565 0.873742 0.0500871 0.0636812 
1.118e-09 2.49869e-08 8.80946e-08 3.31689e-06 4.3275e-05 0.000340053 0.0021068 0.46722 0.0272158 0.503071 
3.12106e-12 9.51373e-11 2.33931e-09 7.16169e-08 3.64795e-07 7.50455e-06 6.46991e-05 7.68658e-05 0.000476973 0.999374 
5.72395e-16 1.32588e-14 5.17068e-13 8.19365e-11 2.39413e-08 6.6573e-07 3.25996e-05 0.000973464 0.97806 0.0209329 
8.73473e-14 2.5415e-12 1.30107e-10 1.0512e-09 1.04494e-08 5.97166e-08 3.78745e-07 5.14917e-05 0.981209 0.018739 
0.00232174 0.00426366 0.0128406 0.88408 0.0661644 0.026936 0.00326767 0.000123718 2.17261e-06 3.0655e-08 
3.06535e-09 6.3286e-08 6.19856e-07 0.00011055 0.000464278 0.00364576 0.206779 0.0147682 0.743691 0.0305402 
4.43413e-10 7.22008e-09 9.07975e-08 5.02136e-06 8.7545e-05 0.00111326 0.00539931 0.0224426 0.9403 0.030652 
1.70443e-12 4.7208e-11 3.24589e-10 2.63068e-08 1.02808e-07 7.57672e-07 4.22393e-06 0.000420175 0.006782 0.992793 
5.92932e-07 2.35554e-05 0.000202465 0.00397114 0.0165596 0.0351753 0.0515253 0.0620504 0.814065 0.0164262 
2.33909e-10 6.63182e-09 5.50002e-08 3.67967e-06 1.45589e-05 0.000127712 0.000726587 0.00244218 0.0106184 0.986067 
7.72631e-09 1.84668e-07 1.02679e-06 0.000486216 0.00081461 0.0021412 0.0548609 0.0177517 0.0796112 0.844333 
9.35163e-08 2.41814e-06 3.69548e-05 0.00334827 0.00539745 0.0334422 0.842584 0.0429235 0.029367 0.0428984 
2.35019e-08 1.06008e-06 9.08311e-05 0.000154024 0.000417251 0.000724287 0.00181955 0.0042722 0.00987031 0.98265 
1.23533e-05 0.00184749 0.00466757 0.0543041 0.435815 0.314696 0.102768 0.0515635 0.0207828 0.0135428 
3.26852e-28 1.93109e-25 2.67539e-22 9.37375e-20 1.47035e-17 3.78732e-14 2.75632e-11 2.97292e-06 0.000113141 0.999884 
1.14838e-09 2.46117e-08 1.20313e-07 5.46487e-06 5.53285e-05 0.0026148 0.00759485 0.062973 0.236468 0.690289 
7.5557e-11 1.93256e-09 4.72157e-08 1.83136e-06 8.21122e-05 0.000380828 0.00165841 0.00451223 0.0115145 0.98185 
9.7694e-06 0.000458988 0.00362758 0.0144701 0.0187341 0.0289717 0.854658 0.0472309 0.0230684 0.0087708 
1.95941e-08 4.69215e-07 3.87755e-06 0.000688036 0.00213295 0.00784129 0.0272137 0.87735 0.0490296 0.0357401 
1.02358e-07 3.25497e-06 0.000186895 0.000958834 0.00273893 0.00844926 0.0218026 0.820202 0.0685815 0.077077 
1.72729e-10 2.75483e-09 3.66265e-08 2.36916e-06 1.75602e-05 6.84307e-05 0.000548878 0.00192147 0.00999982 0.987441 
1.7458e-07 5.0139e-06 9.04158e-05 0.00306353 0.00676404 0.0152044 0.0354313 0.056963 0.834009 0.0484689 
4.00427e-08 1.5501e-06 0.000123582 0.000210245 0.000818288 0.00116843 0.00324526 0.00884373 0.226054 0.759535 
7.39703e-08 2.60385e-06 0.000172441 0.00032339 0.00110404 0.00219397 0.00437521 0.009548 0.0179393 0.964341 
3.62242e-15 8.18929e-14 3.65759e-12 1.52875e-10 8.69779e-09 6.77735e-07 2.35403e-05 0.000845076 0.00592614 0.993205 
7.83638e-07 2.39608e-05 0.000512066 0.00503047 0.0186528 0.0480184 0.83627 0.0498436 0.0291972 0.0124508 
7.0322e-07 2.52559e-05 0.0005235 0.00364032 0.551012 0.0623398 0.282457 0.055236 0.0258024 0.0189636 
8.67545e-09 2.02361e-07 1.07082e-06 0.000650032 0.000708799 0.00241517 0.00745626 0.0229094 0.0441438 0.921715 
1.91456e-07 6.08255e-06 0.000152143 0.00221264 0.00602143 0.0232997 0.0407374 0.0570982 0.843946 0.0265262 
6.25162e-08 2.49034e-06 0.000186418 0.000447232 0.00170282 0.00442094 0.0110968 0.03272 0.882889 0.0665344 
3.56581e-05 0.000793232 0.000284611 0.00455938 0.012723 0.0235046 0.0226892 0.0348139 0.0394315 0.861165 
2.88103e-10 7.73378e-09 9.71865e-08 5.362e-06 7.24995e-05 0.000705947 0.00400036 0.0137229 0.0335122 0.947981 
2.84639e-13 6.41604e-12 5.86759e-10 1.45908e-08 1.33747e-07 3.40226e-05 0.000103523 0.00163977 0.663582 0.334641 
8.21228e-08 3.0486e-06 0.000223965 0.000374415 0.0013194 0.00185028 0.00272334 0.00395841 0.00622299 0.983324 
9.94386e-08 3.56545e-06 0.000243637 0.000434302 0.00161809 0.00291863 0.00786546 0.0146559 0.0157497 0.956511 
1.35009e-07 5.12457e-06 0.000329902 0.00188929 0.00949997 0.500092 0.172403 0.0344742 0.227193 0.0541136 
5.37583e-09 1.24464e-07 8.3099e-07 0.00031384 0.000371475 0.00184419 0.00832138 0.0313358 0.472486 0.485326 
7.54874e-08 2.1324e-06 5.01175e-05 0.00206866 0.00371029 0.00688855 0.0244494 0.857937 0.0528765 0.0520171 
1.76682e-09 4.0503e-08 2.70184e-07 9.66969e-06 3.23792e-05 0.00109824 0.00447799 0.0188472 0.930348 0.0451865 
1.90355e-13 3.76165e-12 5.53275e-11 5.0524e-09 1.00604e-07 5.94466e-06 0.000140459 0.000663279 0.00548411 0.993706 
9.45187e-14 2.13404e-12 2.1395e-10 3.95862e-09 3.88473e-08 1.18311e-06 4.89229e-05 0.00177048 0.00393329 0.994246 
2.9492e-09 5.16636e-08 4.04856e-07 2.82712e-05 0.000364028 0.00124403 0.00474028 0.0201477 0.925492 0.0479834 
9.8883e-13 2.1591e-11 1.51379e-09 3.74891e-08 3.77986e-07 7.55119e-05 0.00077637 0.0065389 0.967298 0.0253107 
6.66604e-06 0.000153888 0.000849078 0.00328916 0.0497719 0.700807 0.136355 0.09828 0.00826923 0.00221711 
4.11179e-30 2.41719e-27 3.37447e-24 1.27922e-21 1.12566e-18 6.405e-15 9.36812e-11 8.27324e-06 0.000386154 0.999606 
6.796e-11 1.58167e-09 1.89041e-08 1.45478e-06 1.21551e-05 0.000184031 0.000935745 0.00465491 0.0125647 0.981647 
3.66681e-06 8.79999e-05 0.0012042 0.00375635 0.0133169 0.0287976 0.0436444 0.873129 0.0272597 0.00879984 
3.64623e-12 8.22771e-11 4.879e-09 1.23457e-07 8.86459e-07 7.73906e-05 0.000748264 0.0608094 0.680019 0.258345 
3.62254e-07 8.60018e-06 0.000110783 0.00155441 0.0335402 0.11664 0.0113839 0.0457216 0.494966 0.296073 
7.99765e-08 3.23748e-06 0.00025958 0.000433137 0.00144196 0.00195147 0.00317835 0.0115573 0.947627 0.0335477 
3.30762e-12 7.42248e-11 6.78198e-09 1.24382e-07 5.80743e-07 1.02176e-05 0.000378693 0.00314452 0.0149775 0.981488 
6.54279e-08 1.77973e-06 5.7972e-05 0.000397554 0.000900019 0.00266278 0.00666155 0.0168491 0.0357203 0.936749 
8.31423e-12 1.83181e-10 1.36469e-08 3.55732e-07 2.92252e-06 0.000738048 0.00369829 0.0178548 0.948993 0.0287121 
7.73663e-08 3.07737e-06 0.000249521 0.000416608 0.00153467 0.00179093 0.0029492 0.00402214 0.00906483 0.979969 
8.51664e-34 1.28949e-29 9.43856e-26 7.9134e-22 7.96102e-18 5.27422e-14 3.69299e-10 3.0723e-05 0.00116067 0.998809 
6.82945e-08 1.73859e-06 1.48759e-05 0.00293452 0.00340656 0.0199756 0.859368 0.0499256 0.0333499 0.0310233 
5.72389e-14 1.2917e-12 1.26013e-10 2.30615e-09 1.43987e-08 6.04755e-07 3.33484e-05 0.00135306 0.983421 0.0151918 
2.7539e-10 6.09527e-09 1.22556e-08 2.27498e-07 7.49683e-07 1.16653e-05 4.1927e-05 0.00160986 0.00773974 0.990596 
5.63889e-10 1.26424e-08 1.43438e-07 7.55821e-06 0.000452437 0.00270643 0.0127662 0.902988 0.0516607 0.0294187 
7.37087e-08 1.8266e-06 1.085e-05 0.00099465 0.00324539 0.0157476 0.83099 0.0578875 0.0462548 0.0448674 
5.35942e-11 1.40231e-09 1.56692e-08 8.81106e-07 1.62718e-05 0.000156916 0.000526464 0.00220953 0.00568741 0.991403 
9.08064e-08 3.99385e-06 0.000335302 0.000685067 0.00165789 0.00297651 0.00576922 0.01768 0.0323567 0.938535 
3.41247e-05 0.00101969 0.00561999 0.0684073 0.403879 0.434697 0.0520265 0.0186163 0.0125393 0.0031605 
1.69066e-07 6.15543e-06 0.000356627 0.00112802 0.00306523 0.00715413 0.0153517 0.859888 0.0566141 0.0564358 
8.01774e-14 1.71969e-12 3.4825e-11 3.79336e-09 2.22415e-08 1.12888e-06 8.72557e-05 0.000746291 0.00345269 0.995713 
8.53365e-11 2.10215e-09 3.66868e-08 2.28214e-06 9.88051e-06 0.000296817 0.00206948 0.00855153 0.020975 0.968095 
1.71382e-09 3.93155e-08 2.83254e-07 1.25572e-05 0.000246256 0.00152092 0.00580595 0.0227636 0.0453021 0.924348 
2.75644e-10 7.72647e-09 1.10527e-07 5.55327e-06 6.51402e-05 0.000678634 0.00405403 0.0116936 0.0305867 0.952916 
1.03998e-07 3.24118e-06 5.60698e-05 0.00163335 0.00523389 0.0233092 0.812451 0.0645356 0.0456016 0.0471762 
4.69905e-07 1.85042e-05 0.000256258 0.00392625 0.0128628 0.0317617 0.0489605 0.839439 0.0393173 0.0234568 
3.19335e-05 0.0010362 0.16472 0.319421 0.177593 0.151661 0.121294 0.0475215 0.0150114 0.00170927 
1.20808e-07 3.20833e-06 4.2872e-05 0.00111594 0.00244586 0.00249984 0.0034109 0.00968491 0.0150473 0.965749 
5.07889e-08 1.8643e-06 1.82945e-05 0.00135482 0.0033395 0.0069084 0.387231 0.252381 0.143915 0.20485 
7.38895e-06 0.000202153 0.000562523 0.00599169 0.0757836 0.66042 0.0478247 0.00994677 0.183681 0.0155808 
3.26403e-10 8.58179e-09 9.51599e-08 5.78235e-06 0.000118336 0.000640396 0.00282995 0.00939856 0.489153 0.497854 
6.08358e-10 1.43886e-08 1.05959e-07 6.43177e-06 3.12721e-05 0.000379792 0.00179449 0.00816859 0.954179 0.0354402 
1.61158e-08 7.01193e-07 5.88539e-05 0.000104598 0.000316819 0.00133073 0.0050115 0.0210081 0.922995 0.0491736 
6.23127e-05 0.0013908 0.00297737 0.0106581 0.0337253 0.719132 0.0537051 0.143972 0.0309102 0.00346607 
1.11947e-09 2.57241e-08 2.04879e-07 0.000119135 0.000150296 0.000456282 0.00133223 0.00482616 0.0180175 0.975098 
8.86083e-11 2.47845e-09 3.46078e-08 1.59792e-06 5.55783e-06 5.88682e-05 0.000942024 0.00228231 0.00699812 0.989711 
1.89396e-17 4.20811e-16 3.89859e-15 3.06815e-12 5.00685e-11 7.18825e-08 1.38863e-07 0.000165353 0.982512 0.017322 
2.56703e-08 6.36284e-07 4.51653e-06 0.000435348 0.00106779 0.00376942 0.0136311 0.0428946 0.0656915 0.872505 
8.81613e-17 1.96886e-15 1.39604e-14 1.84618e-12 5.523e-11 2.13699e-08 1.13742e-07 0.000169991 0.00166152 0.998168 
4.22943e-08 9.52598e-07 1.38771e-05 4.09923e-05 0.000427273 0.000872972 0.00193165 0.00447263 0.0104322 0.981807 
2.16266e-08 9.84971e-07 8.41629e-05 0.000142501 0.000406608 0.000792644 0.0022656 0.00736412 0.0184462 0.970497 
1.59209e-17 3.53825e-16 3.43499e-15 2.64069e-12 4.45497e-11 5.28909e-08 1.08492e-07 6.16395e-05 0.00106451 0.998874 
1.43125e-15 3.07762e-14 4.90995e-13 1.29619e-10 7.91921e-09 3.8592e-07 7.84032e-05 0.000422349 0.492713 0.506786 
7.72838e-10 1.85353e-08 3.75569e-07 1.46258e-05 0.000143707 0.00133597 0.00597195 0.0214237 0.917743 0.0533664 
5.648e-06 0.000126135 0.000370361 0.00805801 0.0798354 0.466154 0.101802 0.257967 0.0749296 0.0107513 
4.66043e-11 1.10045e-09 2.65421e-08 1.13607e-06 2.91224e-05 0.000151843 0.000891217 0.00509345 0.0180315 0.975802 
2.01432e-09 3.07533e-08 3.36534e-07 1.77755e-05 0.000168975 0.00119262 0.00569426 0.0215616 0.923762 0.0476021 
7.11227e-07 3.38971e-05 0.00037975 0.00529635 0.0154928 0.0311286 0.0435438 0.0558086 0.819216 0.0290996 
3.80478e-11 9.20602e-10 1.19741e-08 8.12877e-07 1.48724e-05 0.00082375 0.00481551 0.226041 0.740031 0.0282734 
5.3372e-08 1.2694e-06 9.38445e-06 0.000939888 0.00248205 0.00755143 0.0218045 0.0455338 0.853326 0.0683519 
6.67808e-08 1.51871e-06 1.40231e-05 0.00120085 0.00325596 0.0165485 0.456747 0.460703 0.0287285 0.0328002 
8.66965e-07 2.11564e-05 5.97666e-05 0.000665233 0.00273979 0.0235834 0.0700613 0.146721 0.477831 0.278317 
7.06273e-11 1.65895e-09 5.01936e-08 1.84167e-06 7.43475e-06 0.000563503 0.00278938 0.0156172 0.941303 0.0397178 
4.584e-08 9.59239e-07 5.34154e-06 0.000275629 0.0011459 0.00785653 0.230136 0.351154 0.0402042 0.369222 
4.95787e-12 1.11737e-10 1.03353e-09 6.77483e-08 6.97359e-07 0.000482851 0.00460465 0.958558 0.0196819 0.0166716 
1.33449e-21 3.03018e-20 9.06578e-19 1.04517e-16 1.96997e-15 1.64528e-12 5.38721e-10 3.9749e-05 0.0019299 0.99803 
7.70498e-12 1.69732e-10 1.02535e-08 3.58621e-07 3.53076e-05 0.00181324 0.908487 0.0270206 0.0331882 0.0294549 
1.85237e-13 4.07445e-12 8.26067e-11 5.5436e-09 1.57181e-07 7.96032e-06 0.000523103 0.97895 0.00878672 0.0117322 
3.06747e-10 7.2334e-09 2.89416e-08 1.76121e-06 6.5418e-06 5.43937e-05 0.000351166 0.00210115 0.00776958 0.989715 
4.11494e-09 8.87806e-08 5.49189e-07 0.000174729 0.000407868 0.00135312 0.0042732 0.160126 0.185528 0.648136 
1.44602e-09 3.25505e-08 1.47927e-07 2.30342e-05 0.000207177 0.000502921 0.00281915 0.00979978 0.930798 0.0558496 
1.2514e-09 2.80725e-08 4.14408e-07 6.22005e-05 0.000354527 0.00316136 0.0104536 0.0280795 0.924661 0.0332276 
1.04557e-11 2.32577e-10 2.89563e-09 1.83421e-07 2.53271e-06 4.48772e-05 0.000904251 0.00325687 0.0114961 0.984295 
3.79088e-10 8.78693e-09 5.64375e-08 2.8645e-06 3.63984e-05 0.000499935 0.00394178 0.0163506 0.937816 0.0413521 
2.76857e-07 1.15785e-05 0.00038296 0.00316463 0.0190174 0.0365535 0.824721 0.0656259 0.0362332 0.0142899 
4.75578e-13 1.404e-11 8.0111e-10 5.34549e-09 2.23052e-08 3.69006e-07 2.6885e-05 0.000440285 0.00800182 0.991531 
8.4181e-12 1.9525e-10 7.0233e-09 2.31239e-07 1.08206e-05 3.04843e-05 0.000124801 0.000514123 0.00111422 0.998205 
1.39988e-07 3.99228e-06 5.83511e-05 0.00186127 0.00357981 0.00957615 0.0153698 0.0296807 0.037325 0.902545 
8.70498e-10 2.01519e-08 1.48738e-07 6.17968e-06 2.51376e-05 0.00050006 0.00296319 0.0104063 0.934221 0.0518776 
1.06569e-11 2.41574e-10 1.51329e-08 4.17303e-07 1.66211e-05 0.000738322 0.0034815 0.0195132 0.946036 0.0302138 
2.05511e-12 4.63866e-11 4.58832e-09 8.29673e-08 3.76871e-07 3.46536e-06 0.000258814 0.00173621 0.00702359 0.990977 
4.15937e-09 7.32563e-08 6.37856e-07 3.39267e-05 0.000477605 0.00154792 0.0056356 0.894306 0.043104 0.0548941 
3.17883e-17 7.17653e-16 2.42409e-14 8.49353e-13 1.28831e-11 3.24402e-10 2.56379e-09 1.09191e-05 0.000204042 0.999785 
3.46038e-09 7.53898e-08 2.66136e-06 0.000192241 0.000884638 0.0517941 0.650631 0.237191 0.0493665 0.00993744 
7.45231e-05 0.00196737 0.00671155 0.0322009 0.244172 0.598431 0.0860697 0.0123739 0.016547 0.00145238 
2.42305e-05 0.00059357 0.0021096 0.0194723 0.0573263 0.819135 0.0516619 0.0287793 0.0162987 0.00459877 
6.46348e-06 0.000272454 0.00521339 0.00932935 0.0139749 0.0216663 0.831284 0.0606859 0.0385329 0.0190347 
1.45393e-08 3.62458e-07 7.15773e-06 0.000522774 0.000705523 0.0530534 0.0101437 0.102358 0.0720856 0.761123 
4.7533e-08 1.08644e-06 1.1583e-05 0.000675481 0.00278389 0.00768371 0.0177529 0.217039 0.0369482 0.717104 
2.32909e-07 8.62793e-06 0.000218171 0.00374864 0.0126377 0.0378503 0.0688667 0.809645 0.035413 0.0316111 
1.92874e-09 8.25471e-08 7.22914e-06 1.41352e-05 5.45992e-05 0.000234714 0.000885103 0.00168327 0.988916 0.00820449 
1.96133e-09 4.5826e-08 1.28792e-07 4.45607e-06 1.60508e-05 0.000114885 0.00119332 0.00374522 0.0136069 0.981319 
4.97895e-09 1.18645e-07 8.30523e-07 0.000379814 0.000318638 0.00134761 0.00418569 0.0143145 0.295381 0.684071 
6.48393e-07 2.75399e-05 0.000267926 0.00960709 0.0241396 0.522818 0.34199 0.0545694 0.029091 0.017489 
2.48966e-13 6.27429e-12 3.64447e-11 3.7718e-09 2.19277e-08 2.03174e-07 2.81652e-07 2.70919e-05 0.000802624 0.99917 
5.04264e-07 1.53055e-05 0.00021081 0.00668334 0.0208171 0.0635596 0.779073 0.0567538 0.0395218 0.0333644 
6.77002e-35 9.56953e-31 6.88338e-27 5.5418e-23 4.69587e-19 2.88721e-15 1.42264e-11 6.80519e-06 0.000656287 0.999337 
1.98384e-08 4.82395e-07 2.84983e-06 0.000814984 0.000973888 0.00250668 0.00658933 0.0167837 0.0353425 0.936986 
6.70562e-08 2.32721e-06 0.000118223 0.000726447 0.0019419 0.00539354 0.0800775 0.4818 0.277065 0.152874 
1.88871e-16 4.31254e-15 1.40794e-13 1.83357e-11 1.31356e-09 2.16843e-07 2.69608e-06 0.00026878 0.00221368 0.997515 
7.03167e-08 1.8319e-06 2.67786e-05 0.00183769 0.00627462 0.645017 0.216435 0.0452046 0.0389596 0.0462427 
2.04982e-09 4.02847e-08 2.04292e-07 7.20845e-06 5.86961e-05 0.000279469 0.00142076 0.00267888 0.00668719 0.988868 
9.31909e-09 2.36095e-07 1.7678e-06 0.000135197 0.000552175 0.00712718 0.84729 0.0432214 0.0496574 0.0520144 
2.433e-15 4.8052e-14 9.03287e-13 1.19444e-10 1.20919e-08 2.48554e-07 4.16392e-06 0.000367975 0.00293078 0.996697 
1.90096e-24 2.63008e-22 5.12527e-19 9.44371e-17 2.15033e-14 1.29916e-10 1.95536e-09 4.41445e-05 0.00217671 0.997779 
1.00892e-07 2.92969e-06 0.000139111 0.000972943 0.00248815 0.00521796 0.0123122 0.028435 0.0503599 0.900072 
7.21803e-10 1.67827e-08 1.23497e-07 4.77793e-06 1.79015e-05 0.000194365 0.00105222 0.00363754 0.00579696 0.989296 
1.42955e-08 3.2865e-07 2.45664e-06 0.000551851 0.000996273 0.00311596 0.00902687 0.0211287 0.0348706 0.930307 
3.07574e-08 1.24982e-06 9.54461e-05 0.00042261 0.000771691 0.00206526 0.00541807 0.0181719 0.540985 0.432069 
3.56868e-05 0.000909667 0.0030175 0.025247 0.803031 0.0709588 0.0536298 0.0262132 0.0134775 0.00347979 
1.22941e-17 3.49944e-16 5.95454e-15 2.57545e-13 7.81874e-13 1.3368e-11 2.67662e-10 1.16957e-05 0.000216589 0.999772 
6.29252e-07 2.62418e-05 0.000614566 0.00535236 0.0198078 0.0366456 0.804265 0.0660595 0.0410049 0.0262236 
8.68645e-12 1.86683e-10 5.47686e-09 3.53199e-07 3.45076e-05 0.000442431 0.00213571 0.00939626 0.186762 0.801228 
3.7953e-07 1.97144e-05 0.00052335 0.00319793 0.0130947 0.0130185 0.0452607 0.485635 0.375947 0.0633031 
6.11203e-09 1.34629e-07 2.70116e-06 0.000171019 0.00071288 0.0039985 0.0144934 0.300729 0.64433 0.0355624 
1.10876e-11 2.58017e-10 2.60285e-08 5.60825e-07 4.29152e-05 0.000136434 0.00118477 0.00591519 0.0209194 0.971801 
3.86206e-06 8.59453e-05 0.000123782 0.00341714 0.287447 0.211929 0.0267338 0.261325 0.19727 0.0116649 
4.76481e-11 1.24981e-09 1.32642e-08 7.77771e-07 3.42132e-06 2.07123e-05 0.000408012 0.000987954 0.00714414 0.991435 
4.69846e-08 1.12114e-06 1.54883e-05 0.000321776 0.000430837 0.00157578 0.00483924 0.0103987 0.0284144 0.954003 
3.44402e-06 8.09118e-05 0.000387736 0.00924905 0.148851 0.308287 0.254048 0.229075 0.036472 0.0135451 
7.26442e-11 1.67189e-09 5.85878e-08 1.84156e-06 7.83392e-05 0.000361108 0.00201033 0.00848365 0.0250072 0.964058 
1.78443e-07 8.86841e-06 6.19281e-05 0.00239928 0.00724895 0.0112277 0.0218694 0.0506094 0.847594 0.0589799 
6.20349e-08 1.98113e-06 0.000106824 0.000238801 0.000974791 0.00299604 0.0086931 0.460742 0.482775 0.0434707 
6.93791e-13 1.38757e-11 6.82565e-10 1.94614e-08 2.88261e-07 4.09886e-05 0.000493484 0.00166566 0.496062 0.501737 
3.74565e-07 1.63293e-05 9.62929e-05 0.000859843 0.00867652 0.0153443 0.0163084 0.0305565 0.880563 0.0475786 
7.38096e-31 4.41862e-28 6.6465e-25 8.97466e-22 7.12724e-18 4.77759e-14 2.8667e-10 2.18185e-05 0.000875621 0.999103 
1.34211e-07 3.24567e-06 1.62912e-05 0.00103007 0.00268175 0.00893248 0.0217404 0.853103 0.0572907 0.0552019 
4.6484e-07 2.00841e-05 0.00035651 0.00544197 0.0191994 0.0425653 0.803049 0.0670621 0.0375811 0.024724 
