7013
1.08885e-08 1.89251e-07 1.40685e-06 3.40379e-05 0.000503163 0.0036128 0.00996381 0.0376262 0.0833409 0.864918 
1.65706e-10 3.39965e-09 1.61305e-07 2.24965e-06 2.6462e-05 0.00074527 0.00228052 0.011933 0.0536444 0.931368 
1.43066e-11 2.87876e-10 1.24091e-08 1.71949e-07 2.88939e-06 6.12495e-05 0.00115375 0.00517985 0.0244751 0.969127 
2.20305e-06 4.45139e-05 0.000742415 0.0127014 0.0505745 0.118668 0.752109 0.0513958 0.0116235 0.00213838 
7.85277e-10 2.29267e-08 9.87633e-06 1.38291e-05 0.000552602 0.00256954 0.0130662 0.0491385 0.82447 0.110179 
7.57628e-12 1.5404e-10 7.51282e-09 8.84213e-08 6.99547e-07 2.14605e-05 0.000205836 0.00239716 0.0107823 0.986592 
2.56026e-06 5.21321e-05 0.00117468 0.0145032 0.038482 0.0786857 0.108982 0.736481 0.019962 0.0016749 
1.25614e-08 2.1584e-07 1.40172e-06 3.25417e-05 0.000499179 0.00297254 0.010603 0.0438262 0.854598 0.0874671 
8.62893e-16 1.82754e-14 2.7001e-13 5.22979e-11 5.9317e-09 4.92571e-07 4.58489e-05 0.00404559 0.485054 0.510854 
2.69949e-06 5.4955e-05 0.000986085 0.0122014 0.0299865 0.0583208 0.0885394 0.767598 0.0365998 0.00570988 
5.89473e-06 0.000126623 0.002143 0.0153866 0.0496766 0.0989524 0.772058 0.055498 0.00598351 0.000169374 
2.89935e-08 5.86855e-07 7.36053e-06 0.000310942 0.00192416 0.01476 0.0650916 0.813874 0.072277 0.0317543 
0.00016428 0.0033424 0.00284676 0.0243693 0.0772578 0.752052 0.102933 0.0304723 0.00619162 0.000370165 
1.02796e-08 1.77954e-07 1.23652e-06 3.06319e-05 0.000597864 0.00325228 0.0134402 0.800725 0.104527 0.0774256 
1.22439e-08 2.1744e-07 6.46766e-06 5.0034e-05 0.000538738 0.00347761 0.0154044 0.0597953 0.843336 0.0773908 
7.85017e-12 1.49586e-10 4.00294e-09 8.13166e-08 2.47799e-06 0.000180946 0.00119542 0.0116759 0.662481 0.324464 
2.68299e-08 5.35721e-07 4.44861e-06 0.000433918 0.00781647 0.773219 0.0788065 0.0543605 0.0497098 0.0356487 
1.83228e-10 3.76806e-09 1.83436e-07 2.46487e-06 2.20205e-05 0.000819607 0.00262594 0.0169399 0.875336 0.104254 
8.35545e-09 1.46802e-07 1.09816e-06 2.97274e-05 0.000736842 0.00606717 0.0277436 0.799357 0.112385 0.05368 
4.26298e-29 1.01375e-25 3.36804e-22 1.08671e-18 1.78632e-15 8.90387e-12 4.29162e-08 0.000154376 0.00333589 0.99651 
1.25632e-11 2.35848e-10 6.69281e-09 9.76512e-08 2.29077e-06 0.00015459 0.000795091 0.0145883 0.909793 0.0746663 
1.10832e-10 2.32682e-09 9.85628e-08 3.37847e-06 0.000451693 0.00486003 0.0281319 0.839788 0.0787361 0.0480289 
6.18895e-06 0.0001404 0.00142575 0.0119999 0.0641416 0.769123 0.103395 0.0393157 0.00945506 0.000997537 
4.54643e-06 9.26595e-05 0.000445291 0.0185566 0.693039 0.101665 0.0913525 0.0553563 0.0276535 0.0118344 
7.66557e-09 1.6933e-07 2.05685e-06 0.000134754 0.000669198 0.00346038 0.0138134 0.0543667 0.871752 0.0558013 
2.55973e-08 5.33269e-07 2.1266e-05 0.00793713 0.677632 0.0751359 0.0761749 0.0647373 0.0617756 0.0365856 
1.39464e-10 2.88064e-09 1.29766e-07 2.14043e-06 4.3667e-05 0.00138176 0.00400582 0.0206068 0.227112 0.746848 
5.17823e-14 1.0867e-12 3.50325e-11 1.01439e-09 7.87869e-08 4.18291e-06 9.35217e-05 0.00154817 0.0162242 0.98213 
1.00523e-09 2.1781e-08 9.18066e-07 1.49517e-05 0.000467536 0.00237362 0.0133923 0.0577201 0.847101 0.0789291 
9.96087e-09 2.28833e-07 1.62916e-05 0.000209081 0.00109173 0.00557359 0.0183857 0.0462135 0.072678 0.855832 
8.43431e-11 1.72909e-09 7.53628e-08 1.21841e-06 1.62067e-05 0.000613635 0.00227059 0.0113293 0.0466877 0.939081 
2.81447e-11 5.6924e-10 2.19165e-08 4.21543e-07 6.89589e-06 0.000491964 0.00106307 0.00424976 0.0143726 0.979815 
1.50781e-10 3.09662e-09 1.42311e-07 2.15257e-06 2.47293e-05 0.00105544 0.00287784 0.0108788 0.888161 0.0969998 
1.41697e-10 2.92039e-09 1.31126e-07 1.98423e-06 2.16848e-05 0.000713194 0.00292012 0.0132168 0.0526301 0.930496 
1.61516e-08 3.23902e-07 2.64708e-05 0.000296387 0.00188987 0.0106375 0.761942 0.12051 0.0726991 0.0319982 
1.92963e-09 3.46606e-08 3.94401e-07 1.04651e-05 0.000402025 0.00166351 0.00826637 0.0310939 0.845914 0.11265 
0.000195377 0.00382573 0.061068 0.319005 0.520108 0.0717654 0.0198835 0.00336217 0.000758509 2.80291e-05 
6.49496e-09 1.11361e-07 8.80894e-07 1.7141e-05 0.000303185 0.00341956 0.0102626 0.0475795 0.829678 0.108739 
2.17182e-08 4.43019e-07 3.66192e-06 0.000204569 0.000954841 0.00629384 0.0206696 0.058708 0.85397 0.0591952 
1.59568e-08 3.04309e-07 2.43912e-05 7.3273e-05 0.00148167 0.0102153 0.040265 0.613758 0.29452 0.0396613 
1.6464e-07 3.67771e-06 0.000120838 0.0022985 0.0131674 0.118051 0.683194 0.136278 0.0341821 0.0127046 
1.05708e-11 1.93734e-10 4.21151e-09 7.06416e-08 2.08754e-06 0.000131392 0.00045768 0.00359668 0.0112972 0.984515 
2.51656e-16 5.25977e-15 4.84664e-14 9.08386e-12 3.92872e-10 1.17679e-07 2.23851e-06 0.00156552 0.736299 0.262133 
2.70833e-06 5.46217e-05 0.00107983 0.0128471 0.0388895 0.74021 0.142078 0.0537726 0.00996229 0.0011032 
5.4717e-07 1.10048e-05 0.000145117 0.00297906 0.0106494 0.0344987 0.0825814 0.685504 0.161331 0.0222999 
2.65111e-08 6.02062e-07 1.01086e-05 0.000478286 0.00136396 0.00554567 0.0192789 0.0509024 0.0866012 0.835819 
2.15689e-08 5.32393e-07 3.58135e-05 0.00050058 0.00330852 0.0175616 0.0585985 0.833783 0.0629837 0.0232275 
1.90801e-06 4.01274e-05 0.000556921 0.0106433 0.0417851 0.394965 0.339395 0.194215 0.0162848 0.00211272 
4.60593e-12 8.24306e-11 1.33745e-09 2.43224e-08 9.08049e-07 6.16338e-05 0.000526211 0.00888272 0.91969 0.0708387 
2.36696e-08 4.87191e-07 4.02152e-06 0.000281857 0.000758146 0.00369006 0.00999132 0.0339773 0.842632 0.108665 
5.43537e-06 0.000131445 0.00144986 0.0136469 0.400605 0.389067 0.17113 0.0189387 0.00456442 0.000461137 
0.000163718 0.00411157 0.0178996 0.0643345 0.123034 0.747058 0.0393658 0.00290619 0.00110227 2.488e-05 
9.59718e-08 1.93836e-06 1.72073e-05 0.000746344 0.00464988 0.0294297 0.752211 0.11625 0.0649929 0.0317005 
0.000107824 0.00219845 0.00215908 0.0170285 0.0526295 0.104161 0.764711 0.0454419 0.00905938 0.00250414 
2.12833e-10 4.22048e-09 1.54083e-07 2.5156e-06 3.17472e-05 0.0011354 0.00246696 0.0105355 0.027771 0.958057 
5.36609e-16 1.15694e-14 2.73597e-13 5.96319e-11 1.03448e-08 1.05763e-06 1.39604e-05 0.000252074 0.00245328 0.99728 
1.15029e-08 1.98037e-07 1.31168e-06 3.09886e-05 0.000506836 0.00286082 0.0105493 0.0429594 0.0948949 0.848196 
1.16761e-08 2.16961e-07 1.19669e-05 7.91517e-05 0.000878963 0.00437546 0.0155716 0.046323 0.0909431 0.841817 
1.16328e-11 2.43911e-10 7.73003e-09 1.32447e-06 0.00026769 0.00430503 0.196714 0.406215 0.36805 0.0244473 
3.76394e-10 7.93634e-09 2.17145e-07 5.64423e-06 0.000198445 0.00264215 0.0524735 0.112005 0.697461 0.135214 
4.21751e-29 1.00488e-25 3.3465e-22 1.08209e-18 1.789e-15 9.19469e-12 4.47755e-08 0.000123679 0.00204066 0.997836 
1.74479e-10 3.58957e-09 1.65498e-07 2.52283e-06 2.78455e-05 0.00117014 0.00254873 0.0140673 0.063175 0.919008 
9.38405e-11 1.93653e-09 8.1668e-08 1.52673e-06 2.17145e-05 0.00106358 0.00233451 0.0104459 0.0320261 0.954107 
4.28687e-29 7.48732e-26 1.8401e-22 4.44783e-19 5.15109e-16 1.08911e-12 2.0631e-09 1.05381e-05 0.00176619 0.998223 
1.7507e-06 4.01093e-05 0.00106831 0.0120872 0.0558503 0.115939 0.758742 0.0388523 0.0136959 0.00372325 
1.52007e-15 3.19225e-14 3.70854e-13 8.38687e-11 4.23732e-09 6.05534e-07 1.03033e-05 0.00108674 0.0220104 0.976892 
8.17615e-05 0.00315895 0.0197658 0.0643249 0.0976985 0.775182 0.0366682 0.00271479 0.00039924 6.0798e-06 
3.74052e-10 7.79338e-09 1.89436e-07 4.7738e-06 4.7334e-05 0.00103395 0.00327848 0.0149785 0.058568 0.922089 
2.90446e-08 6.61892e-07 3.50173e-05 0.00041836 0.00243779 0.0113625 0.0398287 0.819751 0.0868492 0.0393168 
3.03113e-08 6.34378e-07 2.07084e-05 0.000316175 0.0018617 0.0154905 0.407449 0.447235 0.083098 0.0445281 
4.20644e-09 7.47096e-08 6.83819e-07 1.75173e-05 0.000178967 0.00255998 0.00690105 0.0261404 0.865502 0.0986991 
6.24838e-11 1.31663e-09 5.13545e-08 1.85146e-06 0.000173718 0.00635905 0.81049 0.0844151 0.062632 0.0359285 
3.6176e-11 7.69027e-10 3.45624e-08 7.36817e-07 1.9436e-05 0.000657827 0.00302596 0.0670235 0.54045 0.388823 
1.22107e-10 2.52061e-09 1.20692e-07 1.73706e-06 1.73141e-05 0.000681803 0.00168883 0.00748495 0.0264682 0.963657 
1.06074e-06 2.14335e-05 0.000348714 0.00625663 0.0149779 0.0409796 0.754522 0.116041 0.0524949 0.0143563 
3.05291e-08 6.87626e-07 3.89768e-05 0.000951002 0.0201342 0.770858 0.0849749 0.0621028 0.0391749 0.0217643 
7.02775e-12 1.50479e-10 2.82602e-09 2.14937e-07 4.92224e-06 0.000296941 0.000307048 0.00431278 0.0310693 0.964009 
1.00534e-06 2.03346e-05 0.000348129 0.0059431 0.0175832 0.0606173 0.807883 0.074756 0.0269168 0.0059314 
1.22719e-12 2.4484e-11 8.33453e-10 1.6575e-08 4.26855e-07 1.29962e-05 0.000268912 0.000650736 0.00800679 0.99106 
3.50311e-11 7.21679e-10 3.62533e-08 4.61042e-07 3.45835e-06 9.31422e-05 0.000373013 0.00851964 0.92558 0.0654306 
2.90291e-11 5.78218e-10 1.92941e-08 4.26073e-07 9.07142e-06 0.000618381 0.0035772 0.017961 0.0575534 0.92028 
1.53874e-05 0.000393012 0.00350956 0.0810423 0.594895 0.127351 0.162341 0.0214732 0.00695417 0.00202515 
5.65316e-09 1.01573e-07 1.97002e-06 2.5241e-05 0.000613596 0.00323549 0.0141817 0.0559209 0.111853 0.814168 
2.6722e-08 5.83653e-07 8.73146e-06 0.000351424 0.00127098 0.00555756 0.0156055 0.0363698 0.474032 0.466803 
4.51226e-11 9.18567e-10 2.92632e-08 8.64889e-07 3.97805e-05 0.00130591 0.00614559 0.0394393 0.89002 0.0630488 
4.01812e-06 9.51009e-05 0.00166912 0.0137236 0.0496012 0.116506 0.758958 0.049152 0.0091878 0.0011028 
8.76894e-11 1.79682e-09 7.33188e-08 1.42403e-06 4.34735e-05 0.00155164 0.00662709 0.0411775 0.876821 0.0737776 
1.407e-05 0.000366561 0.00300114 0.0768014 0.586339 0.109999 0.153853 0.0605653 0.00766646 0.00139371 
1.78501e-10 3.68638e-09 1.71017e-07 2.66507e-06 3.01323e-05 0.0015112 0.0040106 0.0232722 0.849289 0.121884 
3.2857e-08 6.74433e-07 4.69096e-05 0.000377928 0.002083 0.0131747 0.404588 0.300682 0.239303 0.0397439 
1.18744e-10 2.44332e-09 1.07036e-07 1.83424e-06 3.97915e-05 0.00131022 0.00301913 0.0159688 0.0562825 0.923378 
2.29931e-08 5.28648e-07 1.79853e-05 0.000387918 0.00187655 0.00963916 0.76817 0.102377 0.0779895 0.0395416 
0.000520571 0.01717 0.507685 0.285818 0.120796 0.0457843 0.0175208 0.00391815 0.000747179 3.93118e-05 
1.69468e-12 2.96332e-11 2.8466e-10 6.34061e-09 2.99679e-07 4.24916e-05 9.20777e-05 0.00186334 0.0282782 0.969724 
9.09592e-09 1.94789e-07 1.34504e-05 0.000303418 0.00614143 0.187834 0.593485 0.081075 0.0774444 0.0537034 
2.52303e-16 5.27355e-15 4.857e-14 8.99177e-12 3.27759e-10 9.54809e-08 7.40283e-07 0.000107409 0.00229976 0.997592 
2.44189e-10 5.10804e-09 1.72336e-07 3.66421e-06 0.000109474 0.00164561 0.00608499 0.025035 0.462296 0.504825 
2.88084e-06 6.36824e-05 0.00134623 0.0135156 0.0401321 0.0630962 0.746522 0.0778374 0.0445847 0.012899 
4.48961e-09 7.71232e-08 4.79135e-07 1.13253e-05 0.000267929 0.00191287 0.00669478 0.0275807 0.639906 0.323626 
4.22081e-16 8.94157e-15 1.35123e-13 1.95825e-11 2.57567e-09 1.10623e-07 1.26542e-06 0.000125778 0.00505197 0.994821 
1.05204e-08 1.81921e-07 1.22151e-06 3.06462e-05 0.000571702 0.00357809 0.0128872 0.0522807 0.867556 0.0630941 
1.13214e-08 2.47835e-07 4.44829e-06 0.000235684 0.00132154 0.00800597 0.0310689 0.810878 0.0985359 0.0499494 
3.78154e-15 8.1082e-14 1.68048e-12 4.03692e-10 4.22767e-08 1.67734e-06 2.42001e-05 0.00172939 0.0134461 0.984799 
5.29767e-07 1.16435e-05 0.00037195 0.00399344 0.0285537 0.725474 0.127999 0.0806708 0.0269416 0.00598327 
9.84784e-09 1.69026e-07 1.17195e-06 2.71099e-05 0.000648865 0.00693906 0.0401797 0.831961 0.0736456 0.046597 
6.44382e-09 1.25965e-07 2.10299e-06 7.58053e-05 0.000664536 0.00328672 0.0126876 0.0450547 0.835134 0.103095 
4.55749e-09 8.73454e-08 1.00279e-06 3.14541e-05 0.00175421 0.01165 0.0621805 0.795908 0.0863418 0.0421332 
9.78874e-09 1.67606e-07 1.10097e-06 2.37233e-05 0.000297926 0.00236188 0.00816333 0.0358794 0.858348 0.0949241 
8.75954e-11 1.81937e-09 7.94516e-08 1.46927e-06 1.9288e-05 0.000957362 0.0014813 0.00643118 0.021694 0.969415 
1.44001e-06 2.97047e-05 0.000731995 0.00827659 0.0374037 0.581501 0.354946 0.0137411 0.00291148 0.000457166 
2.79841e-08 5.96037e-07 1.75955e-05 0.000370663 0.00163751 0.0084095 0.0293085 0.153967 0.769277 0.0370114 
2.63868e-11 5.39208e-10 2.06722e-08 3.68146e-07 5.97405e-06 0.000118669 0.000882358 0.00607026 0.903043 0.0898793 
4.17374e-12 7.43803e-11 1.28954e-09 1.88995e-08 4.84179e-07 3.93386e-05 5.57034e-05 0.00106431 0.0166683 0.982172 
8.65877e-08 1.99397e-06 9.29291e-05 0.000763758 0.00424283 0.0189294 0.0659554 0.133213 0.751332 0.0254688 
6.39615e-11 1.3182e-09 6.29035e-08 9.3191e-07 1.78173e-05 0.00114222 0.0100286 0.0460065 0.89354 0.0492636 
9.56146e-09 1.64998e-07 1.11899e-06 2.73109e-05 0.00051193 0.00272474 0.0097642 0.0359265 0.837201 0.113843 
1.74745e-11 3.63447e-10 1.00282e-08 3.98e-07 8.56938e-06 0.000492051 0.000774343 0.00549068 0.948649 0.0445849 
3.71345e-10 7.22767e-09 2.02781e-07 3.85326e-06 8.89818e-05 0.00104885 0.00396858 0.0222988 0.80282 0.169771 
5.05194e-29 1.20423e-25 4.01029e-22 1.29618e-18 2.1379e-15 1.08361e-11 5.2509e-08 0.000176189 0.00372343 0.9961 
1.03149e-08 2.03605e-07 2.6887e-05 5.32982e-05 0.00121076 0.00606262 0.0238707 0.0756824 0.839747 0.0533463 
4.01294e-08 9.30117e-07 3.51114e-05 0.00023108 0.00158579 0.00580967 0.0161846 0.24091 0.716108 0.0191347 
1.49038e-07 3.35816e-06 0.00011103 0.00110256 0.00708665 0.0284141 0.0704588 0.10889 0.757722 0.0262112 
1.4239e-10 2.93837e-09 1.38076e-07 2.07384e-06 2.16294e-05 0.000866501 0.00197488 0.0115226 0.049727 0.935885 
1.27855e-11 2.51716e-10 8.21165e-09 1.6342e-07 4.40782e-06 0.000270639 0.0018313 0.00839875 0.0392321 0.950263 
3.16126e-12 6.39607e-11 2.3506e-09 4.38567e-08 1.36559e-06 5.91446e-05 0.00041807 0.00379725 0.029911 0.965813 
1.11709e-06 2.34887e-05 0.000403392 0.0068082 0.017259 0.0490093 0.599001 0.291662 0.030646 0.00518725 
8.23416e-13 1.72033e-11 1.55545e-10 2.87523e-08 9.93414e-07 0.000319116 0.000714649 0.012852 0.958634 0.027479 
1.64986e-10 3.41114e-09 1.61673e-07 2.44443e-06 2.60998e-05 0.00123823 0.00448739 0.0307829 0.890185 0.0732774 
9.35e-08 1.94472e-06 5.6594e-05 0.0015405 0.00698041 0.0493077 0.774175 0.102953 0.046353 0.0186315 
7.54921e-09 1.39561e-07 5.29058e-06 3.38121e-05 0.00112881 0.0114886 0.787793 0.0921782 0.0698576 0.0375142 
1.61386e-10 3.33626e-09 1.58409e-07 2.40625e-06 4.8858e-05 0.00159791 0.00655725 0.0417325 0.89567 0.0543911 
3.00492e-08 6.6021e-07 1.81774e-05 0.000693562 0.00664957 0.0491472 0.76507 0.0746994 0.0649964 0.0387246 
1.54836e-07 3.48242e-06 7.1647e-05 0.00281112 0.0258382 0.105803 0.72985 0.0729527 0.0400583 0.0226115 
6.32623e-08 1.40357e-06 3.44164e-05 0.000603711 0.0026668 0.0116463 0.0352866 0.467025 0.455449 0.0272865 
6.99993e-08 1.55113e-06 2.09272e-05 0.000509017 0.00269404 0.0128781 0.0409469 0.0887883 0.809847 0.0443142 
0.000227295 0.00344711 0.0170061 0.0830218 0.787924 0.0843648 0.0224805 0.00148403 4.26342e-05 1.20415e-06 
1.17707e-10 2.4135e-09 1.1301e-07 1.61987e-06 1.66031e-05 0.000632789 0.00177665 0.00672638 0.019983 0.970863 
5.31017e-08 1.21939e-06 4.05644e-05 0.000521412 0.00313527 0.0133004 0.0418779 0.808235 0.0888677 0.0440205 
2.02333e-07 4.59717e-06 0.000139164 0.00196848 0.00762312 0.0244001 0.0578004 0.817413 0.0666668 0.0239837 
2.78544e-07 6.17282e-06 8.82648e-05 0.00161272 0.00811791 0.0213807 0.0455416 0.786108 0.0926413 0.0445029 
2.1178e-09 4.58755e-08 1.18185e-06 5.94541e-05 0.000604032 0.00173076 0.00784994 0.0279848 0.862343 0.099427 
1.26673e-28 1.75851e-25 3.8143e-22 1.04691e-18 1.07835e-15 1.84973e-12 4.77417e-10 1.81014e-05 0.00132642 0.998655 
6.87466e-09 1.58137e-07 1.78873e-05 0.000111721 0.00179544 0.0110813 0.0469241 0.808441 0.090686 0.0409427 
1.87775e-06 3.98897e-05 0.000783005 0.0177117 0.671293 0.134363 0.100193 0.0520195 0.0191032 0.0044919 
3.12317e-15 6.57532e-14 8.84476e-13 2.58977e-10 1.09943e-08 1.22408e-06 2.13218e-05 0.00173026 0.0225043 0.975743 
1.18385e-16 2.47794e-15 2.5434e-14 6.19008e-12 1.86476e-10 4.73308e-08 8.18189e-07 0.000373358 0.0109461 0.98868 
1.02968e-11 2.05985e-10 6.39871e-09 1.56303e-07 4.00825e-06 0.000196304 0.00206794 0.0138841 0.942088 0.04176 
2.21986e-09 4.9733e-08 2.14069e-06 3.12179e-05 0.000462984 0.00359872 0.0140007 0.057759 0.858434 0.0657107 
1.3962e-11 2.83741e-10 1.25609e-08 1.84767e-07 2.49527e-06 0.000118045 0.000925039 0.00366699 0.0237904 0.971497 
8.22326e-14 1.73908e-12 2.34504e-11 1.43858e-09 1.57001e-07 1.1301e-05 0.000146451 0.00162597 0.0122196 0.985996 
6.74285e-09 1.17614e-07 8.34018e-07 2.21712e-05 0.000349542 0.00231079 0.0069647 0.0241393 0.0578339 0.908379 
6.15048e-10 1.31727e-08 2.92093e-07 9.77925e-06 0.000369409 0.00218733 0.0118219 0.053563 0.871882 0.0601663 
8.40439e-06 0.000171602 0.000867567 0.0137621 0.177276 0.0715258 0.0526005 0.241504 0.429897 0.0123876 
3.17218e-12 6.52302e-11 3.38049e-09 3.90781e-08 2.03459e-07 1.54043e-06 1.55691e-05 0.000852169 0.0172493 0.981881 
1.95629e-08 4.47483e-07 1.42721e-05 0.00037314 0.00176638 0.00910097 0.045029 0.836027 0.0726444 0.0350443 
7.00452e-27 3.12646e-24 3.43553e-21 7.0115e-18 8.72079e-15 2.58718e-11 8.38992e-08 0.000224867 0.00535574 0.994419 
1.78219e-06 3.56993e-05 0.000786491 0.00974045 0.0244305 0.0671909 0.115406 0.749842 0.0284642 0.00410233 
9.32665e-09 1.68543e-07 1.34766e-06 6.55514e-05 0.000521863 0.00269733 0.0110758 0.0439061 0.887518 0.0542142 
3.27838e-06 6.77886e-05 0.00116292 0.0103849 0.0237736 0.0399582 0.0533224 0.0715875 0.782432 0.017307 
6.83861e-08 1.54437e-06 7.62964e-05 0.000598312 0.00359951 0.0136464 0.0416403 0.0795698 0.827143 0.0337242 
3.17698e-07 7.69834e-06 0.00024107 0.00456577 0.0255744 0.729927 0.131166 0.0689565 0.0274019 0.0121592 
7.46448e-09 1.30871e-07 1.12071e-06 2.38326e-05 0.000550007 0.00386094 0.0193234 0.566919 0.362371 0.0469503 
1.16176e-08 2.62703e-07 4.17237e-06 0.000175947 0.00105001 0.0052678 0.0194511 0.0586742 0.863235 0.0521421 
1.35942e-08 3.15486e-07 4.52905e-06 0.00016531 0.000837646 0.00719727 0.035196 0.810235 0.0962565 0.0501076 
4.6837e-14 1.01583e-12 1.63548e-11 8.30651e-10 6.97811e-08 4.45682e-06 5.30838e-05 0.000829183 0.0116684 0.987445 
1.10825e-06 4.16182e-05 0.00572693 0.627553 0.0966275 0.105947 0.0897884 0.0482202 0.0192477 0.00684638 
8.33416e-11 1.72272e-09 8.14056e-08 1.23553e-06 1.29266e-05 0.000704353 0.0036923 0.424455 0.34187 0.229264 
1.59456e-07 3.61764e-06 0.000127665 0.00223028 0.0140305 0.200706 0.0418646 0.504158 0.198299 0.0385802 
1.45596e-07 3.15792e-06 5.61299e-05 0.00175633 0.00673725 0.0280837 0.28224 0.638933 0.0355301 0.00666019 
3.5907e-14 7.72052e-13 4.08121e-11 7.05871e-10 2.47875e-08 7.35734e-07 1.18212e-05 0.000381706 0.00951128 0.990094 
7.22923e-11 1.485e-09 6.84621e-08 9.63652e-07 1.17451e-05 0.000390323 0.00144216 0.00801132 0.0447562 0.945387 
1.06538e-07 2.39372e-06 8.18107e-05 0.000886919 0.00409586 0.0135501 0.0451345 0.106046 0.789337 0.0408658 
4.04937e-09 7.14979e-08 6.98808e-07 1.77661e-05 0.000593988 0.00548083 0.0327178 0.0986634 0.803804 0.0587214 
1.17091e-08 2.16529e-07 1.62565e-05 4.6979e-05 0.000864462 0.00412734 0.0165612 0.044507 0.0833512 0.850525 
5.52226e-08 1.20707e-06 1.70802e-05 0.000722166 0.00354752 0.0849513 0.167517 0.593333 0.0812118 0.0686995 
0.000111752 0.00253883 0.0149599 0.223668 0.671064 0.0719686 0.0139909 0.00139193 0.000298808 6.56988e-06 
3.76261e-10 8.01776e-09 2.34377e-07 6.25895e-06 0.000286522 0.00153171 0.00547143 0.0203097 0.051124 0.92127 
1.34713e-08 2.32834e-07 1.61506e-06 3.80263e-05 0.000644234 0.00409036 0.0201798 0.789957 0.118213 0.0668756 
2.30379e-16 4.81466e-15 4.41108e-14 8.18354e-12 3.02489e-10 8.88234e-08 8.02637e-07 8.22717e-05 0.003664 0.996253 
2.30231e-07 4.93497e-06 8.3021e-05 0.00284362 0.00949958 0.0431057 0.444984 0.451809 0.036953 0.0107176 
2.61041e-07 5.71929e-06 0.000136549 0.00246241 0.00923034 0.0312858 0.0727515 0.795968 0.064607 0.0235528 
6.71829e-17 1.40338e-15 1.25503e-14 2.31485e-12 7.54729e-11 2.00402e-08 2.07668e-07 0.000269428 0.00660916 0.993121 
1.19088e-12 2.38248e-11 4.17982e-10 2.87271e-08 1.05829e-06 0.000173698 0.00105031 0.0145476 0.910531 0.0736965 
1.29325e-05 0.00036839 0.00207892 0.00703485 0.0226935 0.0641641 0.843054 0.0488717 0.0103608 0.00136075 
4.54703e-09 7.77636e-08 5.27015e-07 1.0662e-05 0.000114892 0.000971005 0.00265598 0.00906267 0.160765 0.82642 
5.62184e-07 1.28103e-05 0.000299397 0.00782833 0.0416238 0.120906 0.724268 0.061274 0.0299096 0.013877 
1.93509e-08 3.9487e-07 3.244e-06 0.000131944 0.000724286 0.00309931 0.0106817 0.0304216 0.0736324 0.881305 
9.38003e-09 1.60839e-07 1.01179e-06 2.35618e-05 0.000480388 0.00356169 0.0188585 0.071815 0.846451 0.0588084 
2.06733e-07 4.41303e-06 4.22544e-05 0.00150524 0.00939683 0.0325097 0.0861286 0.791026 0.0622068 0.0171802 
5.21201e-22 3.52063e-20 1.42503e-17 3.87863e-15 8.207e-13 4.69964e-10 1.50743e-08 1.27929e-05 0.00102384 0.998963 
1.41973e-09 2.42609e-08 1.75567e-07 3.3254e-06 3.18152e-05 0.000449395 0.00160382 0.00797965 0.0405187 0.949413 
1.90561e-08 3.67079e-07 2.75217e-06 0.000222719 0.000830114 0.00349685 0.0124926 0.0451307 0.852437 0.0853866 
7.97979e-08 1.78577e-06 6.39701e-05 0.000760631 0.00264936 0.0104974 0.0269449 0.0701159 0.823853 0.0651126 
4.48417e-09 7.643e-08 5.2426e-07 1.01258e-05 8.24936e-05 0.00138272 0.00289898 0.0158894 0.0600697 0.919666 
1.4284e-13 3.04652e-12 4.39487e-11 2.72632e-09 2.8874e-07 1.92112e-05 0.000198517 0.00388588 0.0347639 0.961132 
4.64634e-10 1.00777e-08 5.50408e-07 0.000200956 0.00281397 0.730559 0.10326 0.0665109 0.050793 0.0458614 
6.12964e-11 1.26673e-09 6.04738e-08 8.94213e-07 8.80491e-06 0.000414624 0.000776669 0.00862895 0.92575 0.06442 
2.07819e-08 4.7205e-07 7.29646e-06 0.000376759 0.00118745 0.00619281 0.0161692 0.0356265 0.0801823 0.860257 
2.71498e-22 4.22287e-20 1.7373e-17 5.01081e-15 1.53887e-12 5.17598e-10 1.16747e-07 0.000291341 0.00853235 0.991176 
4.00825e-08 8.33293e-07 1.88341e-05 0.000512859 0.00200814 0.00829628 0.0263572 0.0604453 0.805935 0.0964251 
2.08244e-11 4.1458e-10 1.28688e-08 3.12501e-07 6.98645e-06 0.000429193 0.00144224 0.00493032 0.0284503 0.964741 
8.68299e-09 1.50984e-07 1.12423e-06 2.79878e-05 0.00056765 0.00237085 0.00897118 0.0310429 0.860705 0.0963127 
7.69665e-09 1.31335e-07 9.09906e-07 1.77352e-05 0.00021206 0.0026626 0.00703212 0.0301678 0.0740002 0.885906 
8.02476e-05 0.0023798 0.0168342 0.0622849 0.742947 0.128895 0.0406537 0.00546894 0.000436477 1.96023e-05 
3.91527e-08 8.27662e-07 4.29689e-05 0.000796765 0.00701401 0.0503818 0.776242 0.0899417 0.0483244 0.0272555 
1.5254e-16 3.19109e-15 3.06813e-14 5.87707e-12 3.53273e-10 1.02176e-07 2.34208e-06 0.000415679 0.0106768 0.988905 
5.69422e-10 1.22227e-08 2.61595e-07 9.11487e-06 0.000363621 0.00143551 0.0075951 0.0234246 0.0533645 0.913807 
2.54181e-05 0.000516635 0.00163101 0.0279392 0.0864208 0.74476 0.0801697 0.0382787 0.0156576 0.00460048 
3.71239e-09 8.05943e-08 1.3226e-06 4.89363e-05 0.000738243 0.00827735 0.0383148 0.821682 0.0873241 0.0436133 
3.3753e-14 7.04272e-13 2.62828e-11 5.23252e-10 1.52106e-08 3.58072e-07 4.35974e-06 0.000393437 0.00855685 0.991045 
2.0833e-10 4.28891e-09 1.91674e-07 2.98066e-06 3.36391e-05 0.000994354 0.00293574 0.0124405 0.0383095 0.945283 
1.62166e-08 3.70437e-07 4.48044e-06 0.000243304 0.000825696 0.00484691 0.0169471 0.0454235 0.0836821 0.848027 
1.74596e-10 3.5962e-09 1.64177e-07 2.58764e-06 2.91711e-05 0.00128218 0.00245505 0.00964983 0.0241981 0.962383 
0.000169409 0.00340855 0.0292179 0.240653 0.670692 0.0464504 0.00822854 0.000837827 0.000336584 5.83106e-06 
7.17497e-10 1.53468e-08 2.80031e-07 1.10585e-05 0.000420281 0.00178443 0.00966235 0.0345893 0.0799883 0.873544 
3.08548e-06 7.89166e-05 0.00146393 0.0131636 0.0356615 0.731776 0.146334 0.0592768 0.01094 0.00130175 
1.02158e-08 1.73569e-07 1.03302e-06 2.08588e-05 0.000177135 0.00186509 0.00610126 0.160544 0.0632638 0.768026 
1.33512e-36 1.11843e-32 1.64258e-28 1.95645e-24 2.37869e-20 7.47774e-16 7.61588e-12 2.08055e-07 0.000795737 0.999204 
1.23275e-08 2.10785e-07 1.385e-06 2.99687e-05 0.000564327 0.0035352 0.0125773 0.0562841 0.853841 0.0731667 
6.12458e-08 1.42888e-06 1.54152e-05 0.000578002 0.00262405 0.00855366 0.0180505 0.0332141 0.807603 0.12936 
2.45035e-08 4.95092e-07 3.84308e-06 0.000231301 0.00106153 0.00431711 0.0168507 0.0490013 0.833953 0.0945808 
5.7197e-10 1.20657e-08 1.97977e-07 7.77549e-06 0.000232222 0.000828262 0.003519 0.0121201 0.0492512 0.934041 
1.75934e-10 3.62406e-09 1.72364e-07 2.4934e-06 2.44783e-05 0.00115783 0.00563608 0.0300816 0.890784 0.0723133 
3.94764e-07 8.41126e-06 0.000163518 0.00365713 0.0280703 0.717768 0.110282 0.0932964 0.0372407 0.00951391 
1.1656e-08 2.01548e-07 1.36473e-06 3.34828e-05 0.000438278 0.00359612 0.0122509 0.786503 0.127555 0.0696216 
5.33591e-09 1.24156e-07 1.93919e-05 0.000121322 0.00120032 0.00859762 0.045787 0.824888 0.0777804 0.0416058 
3.83287e-07 9.00029e-06 0.000158379 0.00159649 0.00529175 0.015475 0.0426215 0.0914432 0.725818 0.117586 
7.84413e-09 1.3603e-07 1.06815e-06 4.58575e-05 0.00775722 0.730488 0.0577015 0.0753747 0.0797384 0.0488934 
1.65307e-13 3.10554e-12 6.99435e-11 1.75855e-09 7.72035e-08 2.98636e-06 5.46514e-05 0.0022989 0.479418 0.518226 
1.24326e-10 2.57482e-09 1.17156e-07 1.92478e-06 2.35634e-05 0.000965008 0.00270273 0.0145048 0.0560616 0.92574 
8.74592e-09 1.51097e-07 1.05871e-06 2.5381e-05 0.000504088 0.00299817 0.0128874 0.0588602 0.860655 0.0640687 
1.59919e-12 3.29128e-11 1.67954e-09 2.01126e-08 1.36517e-07 3.86955e-06 2.55136e-05 0.00103072 0.0197836 0.979156 
1.34108e-08 2.4517e-07 2.02424e-06 0.000155761 0.00109069 0.00670429 0.0209741 0.0647314 0.105195 0.801146 
7.55036e-34 2.26514e-30 1.28562e-26 7.62343e-23 2.77157e-19 3.08261e-15 2.06243e-11 9.44158e-07 0.000935969 0.999063 
1.02984e-08 1.7806e-07 1.23822e-06 3.26228e-05 0.000711039 0.00340129 0.0135013 0.0506378 0.107944 0.82377 
1.44702e-07 3.30116e-06 0.000106198 0.000817569 0.00443577 0.0282693 0.554329 0.322824 0.0622889 0.0269252 
7.64503e-10 1.62412e-08 3.38812e-07 1.14764e-05 0.000407936 0.00272634 0.0118505 0.056072 0.846926 0.0820055 
1.53592e-08 3.41497e-07 4.11935e-06 0.000264318 0.00124606 0.00920355 0.0353607 0.767565 0.125262 0.0610934 
8.78404e-11 1.80475e-09 8.09613e-08 1.29085e-06 1.56289e-05 0.000676277 0.00183711 0.00812563 0.904033 0.0853107 
2.40551e-08 4.88754e-07 6.62466e-06 0.000191936 0.00109618 0.00445382 0.0152747 0.0467357 0.0956243 0.836616 
0.000162631 0.0033031 0.00253551 0.0249845 0.0769854 0.6682 0.194679 0.0225694 0.00595486 0.000625168 
1.87462e-10 3.87501e-09 1.84436e-07 2.75082e-06 2.7147e-05 0.00111165 0.00178387 0.0095519 0.0438567 0.943666 
8.24006e-40 1.89178e-35 5.58903e-31 2.25648e-26 1.33311e-21 7.71504e-17 1.03106e-12 3.80737e-08 0.000131094 0.999869 
7.94607e-11 1.61243e-09 7.58855e-08 1.36687e-06 3.84803e-05 0.0019835 0.0190391 0.879618 0.0596544 0.0396655 
1.11704e-10 2.30691e-09 1.10995e-07 1.59851e-06 1.46956e-05 0.000555009 0.0012412 0.0115196 0.92154 0.0651282 
5.40601e-09 9.51711e-08 8.4148e-07 2.15616e-05 0.000566805 0.00376096 0.0177496 0.0723087 0.839022 0.0665699 
2.95725e-06 7.41617e-05 0.00150187 0.0114771 0.0368216 0.0716015 0.744013 0.107173 0.0252513 0.00208296 
8.98228e-11 1.84254e-09 7.66319e-08 1.40753e-06 1.97668e-05 0.00100132 0.00185576 0.0110606 0.0469553 0.939106 
1.07583e-08 1.83171e-07 1.19432e-06 2.30139e-05 0.00019587 0.00200489 0.00526183 0.019973 0.0627048 0.909835 
1.18222e-10 2.41692e-09 1.20796e-07 1.43411e-06 1.02197e-05 0.000281539 0.00173414 0.00551181 0.013264 0.979197 
1.17417e-07 2.62663e-06 9.59454e-05 0.00129611 0.00537584 0.0275061 0.75154 0.134601 0.057795 0.0217878 
1.27891e-13 2.20572e-12 1.87557e-11 4.57462e-10 9.39964e-09 1.0553e-06 1.4283e-05 0.00148306 0.0189377 0.979564 
1.83517e-09 3.12721e-08 2.03859e-07 4.22731e-06 4.21645e-05 0.00103695 0.0028646 0.0129267 0.463929 0.519196 
0.000419561 0.00649221 0.0217432 0.0832825 0.116446 0.711244 0.0531092 0.0064286 0.000823433 1.1911e-05 
5.98729e-14 1.2941e-12 5.10044e-11 1.89106e-09 7.98111e-08 3.58003e-06 3.17125e-05 0.00225073 0.0244389 0.973275 
1.85016e-07 4.40583e-06 0.00014584 0.00284941 0.0111428 0.0663808 0.792059 0.0817959 0.0321376 0.0134838 
1.44287e-11 2.69687e-10 5.69106e-09 1.39013e-07 3.4861e-06 0.000252113 0.000526024 0.0070715 0.652594 0.339553 
4.38364e-22 1.05665e-19 4.40276e-17 1.238e-14 3.80492e-12 1.11228e-09 5.33395e-08 0.000105763 0.982875 0.0170196 
2.51357e-06 6.64494e-05 0.00110181 0.00850855 0.0336988 0.747891 0.100894 0.0683532 0.0295852 0.00989826 
1.12223e-10 2.31264e-09 1.08234e-07 1.61739e-06 1.74134e-05 0.000727733 0.00157279 0.0112671 0.888911 0.0975023 
7.52207e-11 1.53466e-09 7.31518e-08 9.6009e-07 9.43748e-06 0.00034638 0.0016307 0.00755001 0.0351606 0.955302 
2.11471e-05 0.000513058 0.0152139 0.671703 0.112734 0.0877522 0.0664478 0.0310543 0.0119597 0.00260065 
5.78348e-09 1.01288e-07 8.24151e-07 2.11603e-05 0.000513658 0.00278973 0.0108237 0.0488304 0.858592 0.0784286 
0.000942876 0.0200997 0.680272 0.193139 0.0769885 0.0228466 0.00471245 0.000502536 0.000492285 4.22167e-06 
2.6373e-08 5.98765e-07 1.1495e-05 0.000400486 0.00164264 0.00907638 0.0309659 0.76678 0.1264 0.0647227 
1.23658e-10 2.56239e-09 1.19079e-07 1.90101e-06 2.16896e-05 0.000933076 0.0019309 0.00813004 0.0300117 0.958971 
4.67748e-07 9.82172e-06 0.000226891 0.00598095 0.032518 0.727003 0.134585 0.0703983 0.0227129 0.00656401 
9.18055e-09 1.56937e-07 1.09357e-06 2.16625e-05 0.000202367 0.00227968 0.00522924 0.0278783 0.871085 0.093303 
4.20876e-11 8.73513e-10 4.09167e-08 6.43297e-07 8.24915e-06 0.00037162 0.0015367 0.00450649 0.015962 0.977614 
1.11644e-08 2.10136e-07 2.23984e-05 4.31939e-05 0.000615697 0.00452281 0.0238235 0.79731 0.110219 0.0634428 
3.72931e-09 6.52484e-08 6.51634e-07 1.35251e-05 0.000149295 0.00286194 0.00809166 0.0415475 0.0884018 0.858934 
0.00120041 0.0117866 0.0641596 0.113183 0.768427 0.0366781 0.00370556 0.00043168 0.000423762 4.18256e-06 
2.90972e-08 6.67495e-07 3.42358e-05 0.000524087 0.00266737 0.0128077 0.0486961 0.456863 0.442773 0.0356338 
7.62391e-11 1.56815e-09 6.9055e-08 1.16827e-06 1.58322e-05 0.000954949 0.00530149 0.0253893 0.47646 0.491877 
2.12617e-29 5.06408e-26 1.68478e-22 5.44269e-19 9.01167e-16 4.65966e-12 2.2606e-08 5.49374e-05 0.000977483 0.998968 
8.60575e-08 1.89882e-06 0.000112552 0.00125772 0.00389851 0.0133927 0.0344147 0.0565778 0.0690522 0.821292 
6.09787e-09 1.21178e-07 2.15022e-06 4.21697e-05 0.00101835 0.00845756 0.0321166 0.779 0.123977 0.0553856 
1.9898e-07 4.45749e-06 0.00016286 0.00197607 0.00764914 0.0346545 0.760961 0.119273 0.0556394 0.019679 
3.31705e-15 7.18577e-14 1.77782e-12 3.94738e-10 5.1445e-08 1.55948e-06 2.05757e-05 0.00154076 0.0166859 0.981751 
1.05527e-08 2.33939e-07 2.12184e-06 7.43092e-05 0.000980569 0.0087993 0.0481779 0.789438 0.0974204 0.0551068 
1.05216e-07 2.40121e-06 5.20581e-05 0.000841526 0.00456116 0.0187299 0.161125 0.672826 0.129262 0.0125989 
1.63738e-11 3.50784e-10 6.67415e-09 5.029e-07 1.12826e-05 0.000658605 0.000639999 0.00313114 0.0101012 0.985457 
1.04312e-06 2.16303e-05 0.000380532 0.00628416 0.0109132 0.0255762 0.425489 0.157403 0.29574 0.0781907 
3.62335e-06 8.06555e-05 0.00125192 0.0150676 0.067099 0.774831 0.0988765 0.0325237 0.00878229 0.00148373 
2.29974e-08 5.1663e-07 1.75491e-05 0.000451697 0.00241907 0.0208169 0.738047 0.132581 0.0728818 0.0327845 
4.21473e-15 9.03172e-14 1.81834e-12 4.0304e-10 4.67081e-08 1.86401e-06 2.48113e-05 0.00238366 0.0271803 0.970409 
8.84998e-10 1.7673e-08 2.97907e-07 1.0043e-05 0.00039405 0.00337639 0.0224898 0.80692 0.104481 0.0623279 
3.12752e-06 9.88065e-05 0.000962888 0.00789932 0.0283254 0.136716 0.715238 0.103187 0.00693741 0.000631647 
7.04013e-07 1.5813e-05 0.000436264 0.00816081 0.0539308 0.762973 0.103085 0.0454656 0.0188837 0.00704805 
1.75179e-10 3.59418e-09 1.71198e-07 2.36468e-06 2.25219e-05 0.000829317 0.00254581 0.0125645 0.0530187 0.931017 
4.89976e-13 1.06473e-11 5.93948e-10 9.38873e-09 4.78343e-07 2.28459e-05 0.000313668 0.00461424 0.0356106 0.959438 
7.91186e-11 1.63854e-09 7.26769e-08 1.15923e-06 1.91555e-05 0.000453039 0.00126048 0.00738129 0.61615 0.374735 
5.94647e-07 1.25326e-05 0.000374898 0.00216801 0.0103788 0.0264385 0.735727 0.127161 0.0712383 0.0265009 
9.81217e-09 1.96418e-07 9.32397e-06 0.000120083 0.0011209 0.00936944 0.347088 0.471795 0.111577 0.0589206 
9.51237e-17 1.98781e-15 1.82351e-14 3.40945e-12 1.33051e-10 4.66934e-08 4.64709e-07 4.5365e-05 0.00189958 0.998055 
2.70125e-12 5.80002e-11 1.4082e-09 8.05116e-08 1.93136e-06 0.000111654 0.000251403 0.00379536 0.0319199 0.96392 
8.90235e-09 2.08202e-07 1.66007e-05 0.000130099 0.00123535 0.00579191 0.0259389 0.797184 0.112568 0.0571355 
1.71409e-10 3.52457e-09 1.61252e-07 2.487e-06 2.82574e-05 0.00125901 0.00294235 0.0148963 0.0591377 0.921734 
1.75134e-08 3.4755e-07 1.92696e-05 0.000251749 0.00145948 0.00697975 0.0204323 0.0481159 0.0757246 0.847017 
2.39358e-11 5.07234e-10 1.37945e-08 6.2105e-07 1.2563e-05 0.000740356 0.000603452 0.00747757 0.0468453 0.94432 
4.8452e-10 8.7776e-09 1.76945e-07 2.88472e-06 3.12079e-05 0.00113724 0.00306261 0.0131113 0.058666 0.923989 
9.69512e-12 1.7737e-10 3.54858e-09 1.07021e-07 5.44909e-06 0.000252236 0.00103957 0.00460296 0.0118167 0.982283 
1.17514e-15 2.49251e-14 3.72275e-13 6.38206e-11 4.91804e-09 3.401e-07 6.01517e-06 0.000530414 0.00637353 0.99309 
4.29319e-06 9.93559e-05 0.0018057 0.0320209 0.117078 0.735484 0.0795226 0.0260898 0.00725689 0.000638066 
6.10516e-09 1.08662e-07 8.48993e-07 2.16905e-05 0.000369427 0.00208839 0.00774106 0.0284744 0.857423 0.103881 
1.28523e-11 2.60405e-10 1.19088e-08 1.69953e-07 3.24159e-06 0.000185537 0.00130135 0.00900644 0.0298155 0.959688 
1.95103e-10 4.02887e-09 9.30293e-08 2.46295e-06 3.37729e-05 0.000995352 0.00331851 0.0169339 0.057901 0.920815 
6.59044e-08 1.35397e-06 3.59653e-05 0.00114368 0.00653486 0.24471 0.521161 0.181884 0.0321296 0.0124002 
4.63014e-07 1.04742e-05 0.000197687 0.00428973 0.0160614 0.051936 0.0998032 0.673475 0.148424 0.00580248 
1.33719e-10 2.60044e-09 9.52928e-08 1.34007e-06 1.38152e-05 0.000505773 0.0019482 0.43955 0.484315 0.0736652 
3.26051e-14 6.84276e-13 1.38161e-11 6.34794e-10 5.74848e-08 3.11681e-06 3.96975e-05 0.00156479 0.0231233 0.975269 
4.70311e-10 9.82286e-09 1.8003e-07 5.94443e-06 7.46589e-05 0.00127251 0.00346523 0.0197921 0.0640434 0.911346 
3.10844e-08 7.02323e-07 1.47596e-05 0.000570177 0.00269574 0.0154454 0.0487179 0.0864332 0.080778 0.765344 
1.09266e-08 1.85977e-07 1.18611e-06 2.34005e-05 0.000203854 0.00223468 0.00466834 0.0187254 0.0586989 0.915444 
6.63337e-10 1.42851e-08 3.40417e-07 1.6288e-05 0.00111958 0.0221816 0.742914 0.0860758 0.0901089 0.0575837 
2.11849e-07 4.61348e-06 9.89966e-05 0.00278688 0.0172437 0.538131 0.361094 0.0558039 0.017555 0.00728226 
5.75189e-12 1.21198e-10 3.87378e-09 1.35698e-07 3.30034e-06 0.000212744 0.00187574 0.0160967 0.924146 0.0576651 
1.79334e-07 4.15033e-06 0.000301406 0.00178843 0.0110085 0.0599978 0.795512 0.0783236 0.0357806 0.0172835 
1.24208e-07 2.72512e-06 4.17126e-05 0.00188396 0.00535112 0.0238462 0.0581997 0.0896381 0.787643 0.0333938 
1.64184e-23 5.01497e-21 2.61098e-18 8.71101e-16 5.34718e-13 2.91491e-10 2.65396e-07 0.000698408 0.0123619 0.986939 
2.78668e-08 6.2914e-07 1.08823e-05 0.0004918 0.00179197 0.00823245 0.112156 0.0506948 0.766236 0.0603863 
1.31525e-10 2.71398e-09 1.33063e-07 1.8249e-06 1.53031e-05 0.000567764 0.000656884 0.00235876 0.00699223 0.989407 
9.43255e-09 1.60496e-07 1.0174e-06 2.09816e-05 0.000395749 0.00450392 0.0157451 0.0646784 0.842444 0.0722102 
9.46718e-10 1.84603e-08 2.55289e-07 9.70594e-06 0.000446572 0.00407744 0.0190967 0.0621209 0.855773 0.0584758 
0.00186227 0.0422576 0.758728 0.121835 0.0475663 0.0219121 0.00477191 0.000644912 0.000418623 4.13706e-06 
4.16681e-12 8.22413e-11 2.52755e-09 6.39094e-08 1.79759e-06 0.000244999 0.00161806 0.0166584 0.945648 0.0358291 
1.75795e-06 3.59372e-05 0.000734442 0.0140185 0.057274 0.136344 0.732481 0.0439013 0.0129191 0.00228977 
1.8145e-11 3.76381e-10 1.63614e-08 3.07021e-07 4.27768e-06 0.000339415 0.00124553 0.0169988 0.938648 0.0427638 
1.28029e-08 2.56405e-07 2.53157e-05 0.000153333 0.000903975 0.0051521 0.016531 0.0539541 0.872089 0.0511913 
2.73318e-07 6.0214e-06 0.000173571 0.00233611 0.0129768 0.40063 0.320093 0.216932 0.0341404 0.0127123 
7.44269e-10 1.60104e-08 3.39817e-07 1.20109e-05 0.000556064 0.00252582 0.0146256 0.0530089 0.861511 0.0677602 
5.27492e-23 1.71728e-20 6.7429e-18 1.64742e-15 4.90225e-13 1.48056e-10 8.64573e-09 1.74921e-06 0.000759807 0.999238 
4.88975e-10 1.02599e-08 2.51191e-07 7.16855e-06 0.000478252 0.00466468 0.0211823 0.0694785 0.841766 0.0624233 
7.10525e-11 1.47285e-09 6.59831e-08 1.14552e-06 1.38343e-05 0.00079539 0.00154889 0.0159966 0.951438 0.0302059 
3.29486e-10 6.93078e-09 2.43532e-07 6.0068e-06 0.000577112 0.00580675 0.0326612 0.809675 0.0855298 0.0657441 
2.02455e-05 0.000748442 0.00365382 0.0101537 0.0437092 0.149198 0.735167 0.045904 0.0105072 0.000938303 
5.43346e-08 1.25058e-06 3.87165e-05 0.00100407 0.00369869 0.0237124 0.0656478 0.465943 0.0676629 0.372291 
0.00106755 0.0105038 0.046505 0.747529 0.155075 0.0361029 0.00283071 0.000379155 6.98466e-06 2.07177e-07 
2.7663e-06 5.62909e-05 0.000824462 0.0109763 0.0398916 0.44604 0.36841 0.117028 0.0134711 0.00329987 
1.79768e-09 3.19688e-08 3.78734e-07 8.01348e-06 0.000121834 0.000934383 0.00432083 0.0222631 0.343421 0.62893 
1.36594e-08 3.08716e-07 3.81172e-06 0.000226611 0.000668594 0.00356821 0.0117057 0.0338597 0.0697906 0.880176 
1.20357e-12 2.20125e-11 4.51189e-10 7.80316e-09 2.67374e-07 2.23989e-05 0.00013823 0.00732732 0.919056 0.0734561 
1.08078e-07 2.32374e-06 4.71989e-05 0.00202308 0.00742474 0.0419348 0.0968637 0.780891 0.0527933 0.0180201 
9.16233e-08 2.04021e-06 5.10042e-05 0.00128686 0.0119611 0.515772 0.0703522 0.377093 0.0179837 0.00549828 
6.1924e-24 1.91211e-21 9.95906e-19 3.25633e-16 2.02554e-13 2.45476e-11 8.75578e-09 5.47083e-06 0.000607304 0.999387 
2.02595e-07 4.39426e-06 0.000120003 0.00193212 0.00723285 0.0271696 0.0770008 0.123285 0.749529 0.0137258 
0.000103647 0.00289365 0.214912 0.429031 0.158751 0.144166 0.0401086 0.00816214 0.00168242 0.000189126 
1.16656e-10 2.38729e-09 1.08578e-07 1.6369e-06 2.14618e-05 0.000962476 0.00294661 0.0139297 0.0482932 0.933845 
3.07173e-08 6.49059e-07 2.37404e-05 0.000501393 0.00224927 0.00811108 0.0260263 0.0634189 0.849246 0.0504227 
6.04459e-05 0.00127182 0.00397201 0.0477779 0.133937 0.716642 0.0718815 0.0192216 0.00462897 0.000606466 
2.08809e-12 4.18028e-11 1.89353e-09 2.27838e-08 1.61986e-07 5.55294e-06 3.46739e-05 0.000441235 0.00584426 0.993674 
0.000148065 0.00360751 0.0108478 0.0265191 0.083003 0.797145 0.0652307 0.0112497 0.00218857 6.07061e-05 
7.71043e-09 1.31715e-07 9.1922e-07 1.80729e-05 0.000162423 0.00192843 0.00418625 0.0176975 0.0547252 0.921281 
2.81769e-07 6.1942e-06 0.000191989 0.00253532 0.0119791 0.0516896 0.107954 0.757941 0.0460156 0.0216877 
2.15407e-06 4.46688e-05 0.00116384 0.0121149 0.0389223 0.0896796 0.105872 0.726393 0.0211503 0.00465683 
1.12169e-11 2.18064e-10 4.325e-09 1.67757e-07 4.56146e-06 0.000404844 0.000931508 0.00807826 0.0436424 0.946938 
7.36864e-09 1.27418e-07 9.05249e-07 2.17685e-05 0.00038331 0.00315173 0.0108872 0.051 0.865529 0.0690261 
9.84719e-15 2.10745e-13 4.12025e-12 7.40244e-10 8.51339e-08 3.16416e-06 6.37444e-05 0.00270714 0.02073 0.976496 
3.99531e-10 8.57335e-09 1.66385e-07 6.38068e-06 0.000254437 0.00126666 0.00666781 0.0275854 0.0668809 0.897338 
1.32837e-09 2.56742e-08 3.62022e-07 1.15564e-05 0.000369691 0.00411249 0.0266373 0.836627 0.0813895 0.0508517 
3.36315e-08 7.55141e-07 3.31748e-05 0.000732789 0.00475951 0.0304372 0.802392 0.0933472 0.0463645 0.0219333 
2.05492e-11 4.24614e-10 2.02961e-08 2.89341e-07 4.43405e-06 0.000163839 0.00177505 0.0104018 0.883398 0.104257 
7.76052e-10 1.6516e-08 3.18267e-07 1.13294e-05 0.000284577 0.00159879 0.00766048 0.0267995 0.0707353 0.89291 
4.43392e-10 9.53417e-09 2.53091e-07 7.05711e-06 0.0001461 0.0008645 0.00460949 0.0260783 0.87131 0.0969847 
