4498
4.20344e-09 9.82764e-08 4.79669e-07 0.000342105 0.000269802 0.00119631 0.00254089 0.0102141 0.0293481 0.956088 
6.91194e-12 1.52165e-10 1.74023e-09 9.23529e-08 8.3594e-07 1.52111e-05 0.000772516 0.00256357 0.0100419 0.986606 
3.21844e-07 1.00217e-05 0.00020522 0.00525121 0.0257779 0.062307 0.862361 0.0297495 0.0108392 0.00349914 
3.35038e-09 4.98892e-08 5.24696e-07 2.7363e-05 0.000253429 0.0015915 0.00585062 0.02211 0.93686 0.0333062 
2.51187e-17 5.61724e-16 1.01223e-14 5.51239e-12 1.20428e-09 8.63183e-08 5.03394e-06 0.000589548 0.496216 0.503189 
3.44023e-05 0.000781508 0.00194172 0.00976263 0.0316624 0.0567998 0.851468 0.0306384 0.0166868 0.000224472 
1.20142e-07 4.59437e-06 3.59477e-05 0.000419706 0.0040554 0.0134509 0.0360073 0.880605 0.0426822 0.0227389 
4.29279e-05 0.000994996 0.000872111 0.0120743 0.0427254 0.845267 0.0587412 0.0195106 0.0194846 0.000286445 
2.79589e-09 4.25282e-08 4.58184e-07 2.44276e-05 0.000302313 0.00154351 0.0066849 0.906138 0.0447366 0.0405695 
1.82681e-08 4.29192e-07 3.71453e-06 0.000363042 0.00118409 0.00473975 0.0123973 0.035363 0.905281 0.0406673 
7.97935e-12 1.74191e-10 1.51576e-09 1.0802e-07 9.55445e-07 6.41763e-05 0.000638687 0.00475218 0.688262 0.306282 
5.81293e-08 1.60043e-06 8.76288e-05 0.00121134 0.0041222 0.883226 0.039852 0.0300468 0.0237982 0.0176539 
5.921e-08 1.66934e-06 1.43198e-05 0.000945939 0.00462618 0.00986697 0.0204347 0.892081 0.0458419 0.0261874 
2.82471e-12 5.78361e-11 5.93853e-10 1.24606e-07 4.58794e-07 8.54758e-06 9.69185e-05 0.000311134 0.00267287 0.99691 
1.03001e-12 1.83498e-11 4.11772e-10 1.80266e-08 4.03878e-07 6.39934e-05 0.000459195 0.00468029 0.964087 0.0307096 
1.5121e-06 3.42737e-05 4.19942e-05 0.0023981 0.226348 0.0169202 0.0261599 0.463362 0.246294 0.01844 
1.71736e-09 3.93786e-08 2.53455e-07 0.000175719 0.000124489 0.000712354 0.00242649 0.0106156 0.212513 0.773432 
1.25506e-09 2.85801e-08 1.66275e-07 0.000121272 0.000261187 0.00145477 0.00708678 0.0243455 0.92966 0.0370703 
6.89971e-11 1.57097e-09 3.89619e-08 1.80443e-06 0.000194895 0.000377444 0.00140745 0.00500273 0.0124146 0.980601 
6.48571e-11 1.45009e-09 2.99848e-08 1.32251e-06 3.0173e-05 0.000304735 0.00212326 0.00837549 0.0256807 0.963484 
5.33185e-10 8.80856e-09 1.13488e-07 6.12411e-06 0.000184646 0.000814256 0.00419172 0.016096 0.922687 0.0560203 
1.04636e-07 4.78844e-06 0.000155206 0.00112616 0.00438539 0.00782466 0.0190446 0.0365232 0.902849 0.0280865 
6.17649e-11 1.39296e-09 2.97224e-08 1.39677e-06 5.0876e-05 0.000329713 0.000866466 0.00364556 0.0119796 0.983126 
1.61681e-17 3.59232e-16 3.33189e-15 2.62059e-12 4.28502e-11 6.19408e-08 9.56797e-08 0.000194108 0.748545 0.251261 
5.57601e-08 1.42835e-06 1.04339e-05 0.00163844 0.00325912 0.00930009 0.0176907 0.0309788 0.042242 0.894879 
5.20559e-08 1.372e-06 1.50041e-05 0.000488435 0.0044231 0.0114798 0.0285801 0.89933 0.0353835 0.0202984 
1.62023e-05 0.000360535 0.000569199 0.00429514 0.0152811 0.38503 0.34704 0.235484 0.0114124 0.000510965 
8.28761e-13 1.49944e-11 2.03329e-10 1.99423e-08 3.59055e-07 4.19943e-05 0.000424951 0.00412434 0.969377 0.0260309 
6.54975e-08 2.29536e-06 5.20709e-05 0.00102687 0.00303475 0.00641676 0.014625 0.0259606 0.902749 0.0461322 
8.87244e-11 1.92998e-09 4.04753e-08 1.98199e-06 0.000174363 0.000389862 0.00199511 0.00688019 0.017937 0.972621 
1.82235e-13 3.63862e-12 3.98761e-11 3.51168e-09 2.8221e-08 4.40541e-07 2.00931e-05 0.000166635 0.000709606 0.999103 
1.33336e-08 3.0135e-07 1.6579e-06 0.000501965 0.00138677 0.00390662 0.00833379 0.0259888 0.0435345 0.916346 
3.78041e-11 7.63613e-10 8.99775e-09 5.17348e-07 2.29788e-05 0.000478925 0.0117879 0.0579499 0.72434 0.205419 
7.07844e-34 1.12918e-29 8.34045e-26 7.03909e-22 7.19888e-18 4.62506e-14 2.38956e-10 2.72612e-05 0.000258761 0.999714 
7.66821e-09 1.82225e-07 9.31217e-07 0.000434062 0.000787894 0.00208529 0.0045839 0.0143716 0.0384743 0.939262 
2.27509e-09 5.33825e-08 2.99005e-07 0.000206789 0.000135737 0.000505792 0.00191049 0.00809044 0.0178988 0.971252 
7.21376e-35 5.67343e-31 3.51253e-27 2.72899e-23 2.41174e-19 3.22094e-15 4.73983e-12 1.09785e-06 0.000251061 0.999748 
3.32145e-13 8.25286e-12 1.01165e-09 2.27425e-08 2.75938e-06 7.2467e-06 1.82836e-06 0.000356634 0.00657235 0.993059 
2.66477e-05 0.00169286 0.0102549 0.0270008 0.0489782 0.877025 0.0286569 0.00475152 0.00112362 0.000489765 
4.25196e-09 9.74093e-08 4.19974e-07 0.000443991 0.000361527 0.00117561 0.00292325 0.0112384 0.0299803 0.953876 
9.32112e-08 5.00117e-06 0.000102228 0.00171295 0.00358558 0.0101316 0.0265524 0.897652 0.0391859 0.0210727 
3.20183e-08 8.30604e-07 1.58535e-05 0.000570345 0.0022717 0.0100969 0.455761 0.47353 0.0353173 0.0224357 
5.82914e-09 1.30314e-07 7.37542e-07 0.000270548 0.000651046 0.00206633 0.00667944 0.0186655 0.91539 0.0562766 
7.02921e-12 1.56236e-10 7.3597e-09 4.03454e-07 8.13406e-05 0.00188618 0.925169 0.0301997 0.0253095 0.0173537 
1.48332e-12 3.18732e-11 1.82065e-09 6.28821e-08 2.15761e-06 0.000189835 0.00149035 0.13579 0.503928 0.3586 
1.1052e-11 2.41075e-10 1.08042e-08 3.54392e-07 3.88327e-06 0.000102749 0.00102167 0.00374497 0.0125105 0.982616 
1.07239e-07 3.78692e-06 4.57648e-05 0.00203373 0.00831617 0.0285629 0.904083 0.0346524 0.0153951 0.00690699 
2.32147e-11 5.17736e-10 7.55129e-09 3.69031e-07 3.2616e-06 4.48275e-05 0.000492673 0.0038001 0.971423 0.0242359 
1.5568e-12 3.06015e-11 1.06198e-09 5.38326e-08 9.77496e-07 0.00027578 0.00188749 0.00832721 0.0221137 0.967395 
4.05279e-08 1.07452e-06 7.18776e-06 0.000747557 0.00191135 0.00579904 0.0123031 0.0209092 0.481142 0.477179 
1.47213e-09 3.78923e-08 1.40691e-07 1.2467e-05 0.000187041 0.000808673 0.00391659 0.0177357 0.936451 0.0408881 
6.43401e-12 1.41543e-10 1.13066e-08 2.55964e-07 1.66433e-06 0.000372919 0.00201903 0.0111137 0.941202 0.04529 
6.99073e-09 1.39798e-07 9.28139e-07 0.000184197 0.00102438 0.00625857 0.450332 0.28527 0.229035 0.0278943 
6.42958e-08 1.90992e-06 0.000105659 0.00119773 0.00326497 0.00879455 0.878509 0.0480949 0.0356767 0.024355 
1.05328e-11 2.34555e-10 2.99954e-09 1.5315e-07 2.09084e-06 7.73137e-05 0.000134333 0.00119371 0.0093473 0.989245 
2.8622e-08 1.55661e-06 6.31286e-06 0.000282361 0.00381806 0.208863 0.69142 0.036398 0.0321483 0.0270623 
1.89504e-17 4.21122e-16 4.03501e-15 3.11703e-12 5.09472e-11 6.79453e-08 1.03439e-07 7.80163e-05 0.00062945 0.999292 
4.83073e-11 1.08062e-09 2.22951e-08 1.15029e-06 3.48531e-05 0.000507882 0.00264545 0.00952788 0.483821 0.503462 
4.95149e-08 1.20246e-06 1.44912e-05 6.09202e-05 0.00103133 0.00247387 0.0050253 0.0180314 0.669197 0.304164 
2.48447e-08 5.9164e-07 3.64405e-06 0.000849318 0.00284138 0.00811772 0.0197978 0.883928 0.04541 0.0390515 
1.52533e-16 3.41994e-15 8.61555e-14 5.46703e-11 1.97814e-08 6.13737e-07 5.00647e-06 0.00081445 0.0046062 0.994574 
3.21321e-08 7.65177e-07 3.33255e-06 0.000126553 0.00216646 0.0053367 0.0185239 0.899724 0.0405064 0.0336114 
6.88118e-09 1.52094e-07 1.02928e-06 0.000606286 0.000564796 0.00209752 0.00727048 0.0225514 0.917835 0.0490734 
2.01773e-12 4.55381e-11 4.37577e-09 8.20972e-08 4.87837e-07 6.8614e-06 0.000941748 0.00302795 0.00879516 0.987228 
3.45391e-08 1.11513e-06 6.04483e-05 0.000591978 0.00143758 0.00455145 0.0136829 0.111871 0.853506 0.0142971 
7.73835e-13 1.3574e-11 1.55719e-10 1.45666e-08 1.74551e-07 1.33754e-05 8.92549e-05 0.000573432 0.00476814 0.994556 
5.14056e-08 1.3879e-06 3.38357e-05 0.000804866 0.00425427 0.0140922 0.0352198 0.0608757 0.867509 0.017209 
4.54924e-10 1.01525e-08 5.20988e-08 2.96721e-06 8.79722e-05 0.00112967 0.00459111 0.018932 0.947488 0.0277678 
6.89638e-13 1.68452e-11 1.80551e-09 4.30512e-08 4.8514e-06 1.24538e-05 3.43029e-06 4.5831e-05 0.000573953 0.999359 
9.98144e-06 0.00022153 5.74607e-05 0.000372163 0.00248566 0.00581218 0.00928437 0.225604 0.749678 0.00647523 
1.05272e-07 3.96868e-06 2.69332e-05 0.00108386 0.00734075 0.019436 0.0393116 0.051895 0.868199 0.0127027 
2.48817e-09 6.1315e-08 4.71215e-07 0.000168194 0.000178385 0.000723059 0.00213592 0.00845408 0.026058 0.962282 
1.62832e-05 0.000371579 0.000716523 0.00386894 0.00922483 0.0217613 0.672783 0.279213 0.0103962 0.00164874 
9.00732e-14 2.0014e-12 1.86451e-11 1.4581e-08 2.41844e-07 0.000339272 0.000145999 0.0040804 0.986502 0.00893234 
4.91067e-12 1.10773e-10 1.04577e-08 2.08848e-07 1.33561e-06 0.000302168 0.00221417 0.0133139 0.955598 0.0285703 
6.70374e-12 1.52068e-10 1.21088e-08 3.04477e-07 2.34054e-06 0.000573223 0.00310693 0.0165109 0.958218 0.0215885 
2.13866e-08 5.35311e-07 1.36328e-05 0.00139977 0.00335963 0.0230255 0.856567 0.0414683 0.0373467 0.0368191 
6.22169e-08 2.45716e-06 9.69941e-05 0.00134105 0.00754808 0.0270918 0.456015 0.0352381 0.45092 0.0217465 
5.43416e-08 2.52312e-06 6.127e-05 0.000528273 0.00285412 0.00761531 0.0157209 0.451898 0.512583 0.00873623 
0.000225394 0.00433436 0.0104435 0.029955 0.873331 0.0471992 0.018606 0.00352246 0.0122467 0.00013617 
2.46253e-36 1.70907e-32 1.00317e-28 7.26579e-25 5.47075e-21 9.41082e-17 1.00557e-13 1.92237e-06 0.000173567 0.999825 
1.16537e-08 2.81492e-07 1.92731e-06 0.000731706 0.00174338 0.00680882 0.0241617 0.883791 0.0453777 0.037384 
1.83907e-10 4.15307e-09 1.50493e-08 1.48217e-06 1.6759e-05 0.00027382 0.000221469 0.000855541 0.00544459 0.993186 
1.81127e-08 4.94739e-07 2.72999e-06 8.34505e-05 0.00186964 0.00734784 0.0141988 0.0332048 0.902732 0.0405597 
3.03092e-11 6.70267e-10 1.21126e-08 6.08481e-07 1.74584e-05 0.00013038 0.000936663 0.00290995 0.0122173 0.983788 
1.74605e-09 2.72026e-08 2.9986e-07 1.63966e-05 0.000208356 0.00103876 0.00407121 0.0126285 0.0254466 0.95659 
9.38126e-14 2.11798e-12 2.12624e-10 3.829e-09 1.38143e-08 1.75678e-07 5.60678e-06 0.000285804 0.00450914 0.995199 
1.2371e-08 3.01869e-07 2.49233e-06 0.000375634 0.00144279 0.00599207 0.0206653 0.903022 0.038878 0.029621 
2.61504e-30 1.5545e-27 2.21045e-24 1.96166e-21 1.31815e-17 9.83924e-14 4.28397e-10 4.71145e-05 0.00145238 0.998501 
9.36852e-08 2.17097e-06 6.52713e-05 0.00284209 0.0119896 0.843549 0.0674606 0.0397649 0.0204034 0.0139233 
1.41686e-08 6.28127e-07 2.02773e-06 6.70933e-05 0.00121867 0.00342441 0.0105189 0.62728 0.336532 0.0209564 
2.04329e-08 5.24347e-07 3.64222e-06 0.000788154 0.00141786 0.00529246 0.0135564 0.0326745 0.9122 0.0340662 
8.53878e-09 2.76438e-07 2.2333e-06 0.000118906 0.000796515 0.0057046 0.0185336 0.896226 0.0453968 0.0332215 
6.82904e-12 1.51712e-10 1.29418e-09 8.76783e-08 6.12609e-07 4.18681e-06 7.16776e-05 0.000508219 0.00360879 0.995806 
1.91522e-12 4.28289e-11 4.0103e-09 8.20257e-08 5.11806e-07 0.000143085 0.000980383 0.321823 0.464112 0.212941 
4.10957e-08 9.53009e-07 3.46791e-05 0.000994473 0.00609769 0.189955 0.0178318 0.560903 0.203609 0.0205731 
9.19029e-08 3.57764e-06 0.000125649 0.00212172 0.00457661 0.0146152 0.293817 0.661545 0.0167047 0.00649084 
2.16122e-15 4.87287e-14 7.89646e-13 5.0968e-11 2.24502e-09 5.41556e-08 1.09451e-05 0.000117187 0.00258287 0.997289 
1.04802e-08 2.60319e-07 1.15683e-06 0.000476279 0.0010264 0.00232595 0.00477036 0.0126785 0.0304219 0.948299 
1.12339e-07 9.32248e-06 8.60094e-05 0.00149764 0.00602082 0.0664702 0.328062 0.508711 0.0465814 0.0425614 
1.14743e-17 2.54974e-16 2.42455e-15 1.87949e-12 3.10677e-11 4.43859e-08 5.70836e-08 3.12276e-05 0.000633941 0.999335 
1.05331e-18 2.34032e-17 2.17404e-16 1.70712e-13 2.80749e-12 4.15944e-09 4.46747e-09 5.52572e-05 0.00146375 0.998481 
1.07741e-05 0.000419299 0.00246359 0.00935002 0.0123496 0.0262834 0.927446 0.0178049 0.00358366 0.000288711 
1.09973e-09 1.70271e-08 1.80117e-07 1.54443e-05 0.000143151 0.000492756 0.00179869 0.00626734 0.18218 0.809103 
2.19022e-07 6.67255e-06 0.000101518 0.00556773 0.0210275 0.05367 0.838815 0.0416188 0.0252593 0.013933 
7.15818e-07 1.68644e-05 8.84105e-05 0.0161985 0.0266708 0.377953 0.119616 0.0637951 0.255582 0.140079 
5.9684e-09 1.22283e-07 8.55189e-07 0.000269607 0.000491798 0.00237532 0.00914121 0.0323872 0.914995 0.0403391 
2.74735e-05 0.000614579 0.000117838 0.00265426 0.0102577 0.0282162 0.0490507 0.857103 0.043567 0.00839093 
1.4328e-24 1.97705e-22 3.90665e-19 7.04917e-17 1.62234e-14 9.91953e-11 2.44917e-10 3.14618e-06 0.000199124 0.999798 
9.95893e-08 4.42982e-06 2.65665e-05 0.00081916 0.00690805 0.0129402 0.0254966 0.0405804 0.881122 0.0321021 
4.21085e-09 9.04617e-08 5.3189e-07 0.000241658 0.000272004 0.000901009 0.00277801 0.0100721 0.0305665 0.955168 
1.09599e-12 2.73127e-11 7.53301e-10 1.85143e-08 1.56772e-07 8.28036e-06 0.000221153 0.00229686 0.011289 0.986185 
1.31392e-09 2.99334e-08 2.68262e-07 0.000184546 0.00107697 0.855619 0.0443286 0.0348052 0.0293015 0.034684 
5.86105e-08 1.45289e-06 1.59001e-05 0.0010887 0.00399195 0.0615429 0.0432846 0.0671556 0.532714 0.290204 
6.62307e-15 1.47139e-13 1.31309e-12 1.06899e-09 1.68165e-08 8.27203e-06 1.95781e-05 0.000491931 0.0492696 0.950211 
1.43913e-07 4.54068e-06 0.000125696 0.00212148 0.00649104 0.0115839 0.0220997 0.0361969 0.861579 0.0597972 
9.23089e-10 2.11934e-08 1.70256e-07 9.09474e-05 0.000108956 0.000444364 0.00147468 0.00449206 0.0176283 0.975761 
1.96287e-05 0.000625782 0.00433123 0.0177766 0.888658 0.0463354 0.0230988 0.00573011 0.0130624 0.000362023 
8.18162e-18 1.81786e-16 1.68732e-15 1.32608e-12 2.2173e-11 3.0981e-08 8.014e-08 7.89898e-05 0.00283141 0.997089 
1.60916e-10 3.64418e-09 6.02474e-08 3.78423e-06 0.000162247 0.000837122 0.0041234 0.0105534 0.0233782 0.960942 
1.72072e-12 4.26909e-11 5.1469e-09 1.15774e-07 1.40409e-05 3.57011e-05 4.91578e-06 0.000118555 0.0024975 0.997329 
6.30368e-09 1.48433e-07 7.66973e-07 0.000233599 0.00119394 0.00180208 0.00440805 0.0109622 0.0234697 0.957929 
5.70419e-08 2.74448e-06 4.67389e-05 0.00104226 0.00228589 0.00782434 0.017841 0.0315368 0.0359757 0.903444 
1.00588e-11 2.18177e-10 1.0406e-08 2.69161e-07 1.79849e-06 8.50069e-05 0.00157894 0.00478442 0.0131002 0.980449 
7.45266e-05 0.00145626 0.0110157 0.209006 0.742269 0.0231031 0.00688899 0.00193144 0.00420685 4.81886e-05 
1.92646e-10 4.3409e-09 3.55885e-08 4.00805e-06 0.000122205 0.000847478 0.00456269 0.0137541 0.0295992 0.95111 
3.4438e-09 5.99523e-08 5.00765e-07 0.000139332 0.00053892 0.00125973 0.00409332 0.155714 0.0346997 0.803554 
3.50415e-09 5.40728e-08 5.75073e-07 2.84039e-05 0.000359151 0.001953 0.00679409 0.0250168 0.92016 0.0456879 
1.58466e-07 6.61888e-06 0.000251298 0.00143908 0.00750465 0.0107157 0.0214134 0.0243944 0.878884 0.0553904 
8.45192e-08 3.36344e-06 0.000146543 0.00129909 0.00260625 0.00580223 0.0144528 0.0270473 0.878778 0.069864 
1.53493e-10 3.45912e-09 3.47557e-08 3.20426e-06 8.4801e-05 0.00031376 0.00197677 0.00642549 0.0219808 0.969215 
5.50197e-12 1.21314e-10 1.12064e-08 2.10423e-07 1.03487e-06 0.000150418 0.00257953 0.0113992 0.957013 0.0288562 
4.60958e-09 8.074e-08 6.32138e-07 5.00478e-05 0.000601341 0.00218348 0.00745793 0.888655 0.0593151 0.0417369 
2.76076e-08 7.064e-07 3.42197e-06 0.000164284 0.00191577 0.00629233 0.021784 0.901427 0.0397419 0.0286706 
1.5721e-07 1.1384e-05 0.000193196 0.00114401 0.00516628 0.00919392 0.0292352 0.0761029 0.764804 0.114149 
4.30016e-12 9.76706e-11 4.76723e-09 1.44877e-07 1.12179e-05 3.68188e-05 7.46149e-05 0.00120407 0.493155 0.505518 
1.5808e-12 3.55571e-11 3.88499e-10 2.05405e-08 1.51638e-07 1.03077e-06 1.47555e-05 0.000379485 0.00571952 0.993885 
2.78518e-08 7.06132e-07 3.52314e-06 0.000116629 0.00196361 0.00468471 0.0132271 0.0348221 0.04588 0.899302 
4.08649e-09 9.74421e-08 4.98534e-07 0.000277052 0.000269559 0.000635247 0.00158351 0.00419746 0.00886226 0.984174 
2.81469e-09 4.23299e-08 4.66981e-07 2.41079e-05 0.000302339 0.00189834 0.00734942 0.023848 0.0482711 0.918306 
1.0483e-07 3.88382e-06 0.000117805 0.00140036 0.00488483 0.0144817 0.614309 0.326691 0.0255768 0.0125342 
4.19413e-08 1.11624e-06 8.48488e-06 0.000831227 0.00271078 0.0103173 0.0241039 0.877194 0.0512988 0.0335347 
7.78737e-07 4.13343e-05 0.000495035 0.00962454 0.0358436 0.712955 0.200068 0.0162302 0.0125347 0.0122065 
4.6911e-12 9.70856e-11 2.12659e-09 1.62546e-07 3.76962e-06 1.6314e-05 0.000118996 0.000613201 0.00296475 0.996283 
3.12552e-12 7.05392e-11 6.9623e-09 1.32084e-07 6.31817e-07 6.34662e-05 0.000476595 0.00457003 0.973613 0.0212761 
1.50109e-09 3.41545e-08 1.66977e-07 0.000142383 0.000164478 0.000717065 0.00187762 0.00811173 0.0232579 0.965729 
2.82025e-11 6.36834e-10 2.77269e-08 8.51328e-07 4.63707e-05 0.000220303 0.00113407 0.00322489 0.00847705 0.986896 
2.24046e-07 1.2819e-05 0.000222707 0.00208359 0.00951482 0.0201119 0.86991 0.0590209 0.0285193 0.0106041 
1.13749e-11 2.51855e-10 4.15775e-09 2.30812e-07 3.02762e-06 6.0515e-05 0.00018174 0.00112807 0.00749197 0.991134 
4.96493e-10 7.50217e-09 7.89035e-08 3.96201e-06 2.77264e-05 0.000268541 0.00188194 0.00731256 0.484489 0.506016 
6.03897e-10 1.36986e-08 8.78197e-08 4.86837e-05 0.000130045 0.000351566 0.000890331 0.00371514 0.0150506 0.979814 
5.65293e-25 9.29578e-23 1.90341e-19 3.40992e-17 8.02518e-15 4.89827e-11 2.59125e-10 8.45517e-06 0.995301 0.00469032 
6.00327e-07 2.77766e-05 0.000493801 0.00311072 0.0131333 0.921295 0.0305034 0.0160871 0.0130983 0.0022499 
3.50688e-12 7.68072e-11 6.76893e-09 1.29261e-07 7.40593e-07 1.49229e-05 0.000647993 0.00416697 0.963007 0.0321619 
1.80759e-10 4.47221e-09 1.02242e-07 2.74881e-06 5.8074e-05 0.000336696 0.00151947 0.00621981 0.0211904 0.970673 
5.02017e-05 0.00113835 0.00609896 0.798926 0.0549075 0.0559596 0.0449897 0.0174879 0.0193837 0.00105839 
3.19735e-12 7.21756e-11 6.84882e-09 1.28498e-07 7.29424e-07 1.23053e-05 0.00100584 0.00403094 0.0118356 0.983114 
4.03685e-08 1.02852e-06 8.74534e-06 0.000979054 0.00208792 0.00673027 0.0167729 0.886358 0.0490938 0.0379687 
3.17208e-08 8.79041e-07 7.99032e-06 0.00095313 0.00151427 0.00698253 0.0214259 0.475972 0.469025 0.0241184 
5.16932e-12 1.15801e-10 9.40465e-10 6.1053e-08 3.90773e-07 7.84751e-07 1.6626e-05 5.58255e-05 0.00025168 0.999675 
1.14696e-08 3.14856e-07 2.09526e-06 0.000579679 0.0012664 0.00582494 0.0177099 0.881549 0.0544977 0.0385699 
1.27126e-16 2.87087e-15 1.04039e-13 5.95822e-11 2.62758e-08 5.18478e-07 3.98955e-06 0.000885353 0.00476455 0.994346 
4.34828e-08 1.0831e-06 8.40327e-06 0.00101888 0.00253404 0.00904138 0.0266857 0.871685 0.049161 0.0398645 
6.02677e-08 2.49223e-06 6.34217e-05 0.000717571 0.00384154 0.0104467 0.149001 0.712417 0.117712 0.00579736 
8.29063e-14 1.84683e-12 2.2e-11 1.42743e-09 1.16438e-07 3.20107e-06 0.000420851 0.00130883 0.0045317 0.993735 
3.55876e-07 1.57601e-05 0.000896851 0.00290814 0.0119298 0.0237092 0.513619 0.131297 0.238872 0.0767519 
4.07179e-08 1.15407e-06 9.64987e-06 0.00103791 0.00255615 0.0129583 0.85783 0.0636886 0.0391163 0.0228018 
4.23353e-13 8.47425e-12 1.04907e-10 1.30749e-08 1.57341e-07 1.2925e-06 1.75355e-05 0.00113161 0.00855626 0.990293 
1.16643e-05 0.00193688 0.00401881 0.0523163 0.476826 0.3402 0.0926139 0.0229963 0.00674264 0.00233688 
4.01754e-11 8.89126e-10 1.99218e-08 8.019e-07 6.67149e-06 0.00019053 0.00191934 0.00771146 0.0266099 0.963561 
4.63004e-10 1.0503e-08 6.8806e-08 1.39355e-05 8.241e-05 0.000286553 0.00113203 0.00423524 0.610348 0.383901 
1.66012e-07 4.79026e-06 0.000156201 0.00161452 0.00912467 0.0185636 0.870304 0.0539888 0.0318797 0.0143631 
8.63283e-08 1.94566e-06 1.62738e-05 0.000546025 0.0184768 0.0862638 0.289791 0.366352 0.195443 0.0431081 
5.50429e-18 1.22301e-16 1.14173e-15 8.93273e-13 1.49178e-11 2.31219e-08 4.76375e-08 1.89618e-05 0.00063424 0.999347 
5.15112e-12 1.13711e-10 4.08033e-09 3.15007e-07 9.51349e-07 4.25146e-05 0.000712993 0.00374891 0.0154692 0.980025 
3.82201e-08 8.87563e-07 5.67418e-06 0.000490195 0.00253781 0.00752979 0.0154436 0.0304849 0.0396037 0.903903 
1.55404e-10 2.81841e-09 5.94817e-08 2.33197e-06 7.47515e-05 0.000380011 0.00246145 0.00912711 0.0311388 0.956815 
2.94011e-11 6.6645e-10 2.52523e-08 8.02583e-07 5.72564e-05 0.000304968 0.000792908 0.00275713 0.00678346 0.989303 
1.11284e-06 2.47527e-05 0.00174732 0.0166868 0.0760571 0.479398 0.319025 0.0685452 0.0339406 0.00457462 
4.81558e-09 1.00508e-07 6.1857e-07 0.00029131 0.000628631 0.00191652 0.00565114 0.0174735 0.927323 0.0467149 
1.24897e-09 4.70271e-08 3.66063e-07 5.20763e-06 6.52623e-05 0.000737026 0.00130039 0.00584022 0.0134648 0.978587 
4.27522e-09 1.02175e-07 4.38112e-07 0.000229315 0.000578633 0.000995355 0.00407806 0.0127575 0.0334384 0.947922 
7.91883e-11 1.7979e-09 3.5051e-08 1.57129e-06 4.7086e-05 0.00036777 0.00172245 0.471373 0.487373 0.039115 
3.75672e-08 9.66013e-07 9.51397e-06 0.00139314 0.00170593 0.00891177 0.0256904 0.0433267 0.0425619 0.8764 
7.16482e-08 3.16043e-06 4.42093e-05 0.00189153 0.00539401 0.402973 0.228759 0.0283625 0.0226498 0.309922 
5.39893e-09 1.29302e-07 6.11558e-07 0.000331154 0.000359524 0.000983169 0.00313141 0.0110693 0.94792 0.0362048 
2.26813e-07 1.02603e-05 0.000251264 0.00406377 0.0092066 0.0337034 0.865196 0.0430446 0.0249569 0.0195668 
1.634e-10 3.79284e-09 5.59728e-08 1.51874e-05 6.12096e-05 0.000180591 0.000313132 0.00138478 0.0075211 0.990524 
5.67717e-09 1.20256e-07 9.36907e-07 0.00014123 0.000508085 0.00351233 0.00881146 0.0337593 0.901969 0.051298 
9.79321e-07 2.52728e-05 0.000355314 0.00608362 0.0307678 0.0691712 0.85546 0.0245439 0.0119445 0.00164754 
3.23569e-11 7.24992e-10 1.3667e-08 6.72151e-07 1.90958e-05 0.000248905 0.00067687 0.0057384 0.9762 0.0171159 
2.06298e-10 4.64231e-09 5.27534e-08 4.2832e-06 0.000262475 0.00137083 0.00849278 0.0223308 0.937238 0.030301 
1.20984e-08 3.14422e-07 1.3944e-06 0.000709813 0.0012065 0.00369185 0.0117912 0.0344357 0.904736 0.0434267 
1.00117e-05 0.000431151 0.00291675 0.00734922 0.0153761 0.040882 0.453593 0.0271892 0.0210329 0.43122 
3.95283e-08 1.04462e-06 1.47673e-05 0.00127771 0.00208136 0.0111263 0.0267221 0.48237 0.025421 0.450986 
5.36068e-06 0.000120089 0.00029774 0.00343455 0.0177065 0.46575 0.409614 0.0900725 0.0116499 0.00134948 
4.04612e-10 6.27028e-09 7.38859e-08 3.83556e-06 3.35505e-05 0.000418185 0.00200569 0.00881535 0.333796 0.654927 
5.133e-08 1.39689e-06 9.00454e-06 0.000895252 0.00253912 0.00598098 0.0125365 0.0226428 0.0324268 0.922968 
3.07146e-11 7.3024e-10 2.42584e-08 9.08461e-07 5.22537e-05 0.000208516 0.000490758 0.00306147 0.95989 0.0362959 
3.01162e-08 7.06057e-07 1.7237e-05 0.00166416 0.00258818 0.0189083 0.044279 0.875686 0.0300666 0.0267894 
4.6994e-14 8.71726e-13 9.50527e-12 4.67127e-10 8.51224e-09 7.30522e-08 3.34567e-07 2.28358e-05 0.000117616 0.999859 
4.51624e-08 1.16591e-06 1.43701e-05 0.00156201 0.00320291 0.0132153 0.0333934 0.0512864 0.86575 0.0315743 
4.45844e-08 1.14883e-06 9.92692e-06 0.0011998 0.00286822 0.00791146 0.0193072 0.0321842 0.905102 0.031416 
3.35405e-07 1.02461e-05 0.000388227 0.00566923 0.0181922 0.0486814 0.0568598 0.847575 0.0158184 0.00680511 
5.43468e-09 1.31643e-07 6.09122e-07 0.000469678 0.00032143 0.0010923 0.00216783 0.00900682 0.0288768 0.958064 
1.01077e-08 2.18794e-07 1.23166e-06 0.000703892 0.000908047 0.00247408 0.00732476 0.0279195 0.917257 0.043411 
6.09853e-16 1.38805e-14 4.9152e-13 1.32848e-10 2.92672e-08 1.18648e-06 4.64708e-05 0.00168187 0.00679591 0.991475 
2.71985e-09 6.24462e-08 4.26851e-07 0.000278796 0.000276205 0.00103047 0.00372368 0.0145319 0.0350464 0.945112 
4.19305e-09 1.00522e-07 5.00881e-07 0.000236458 0.000421288 0.00124902 0.00538197 0.203148 0.0265925 0.76297 
2.42591e-10 5.46237e-09 5.91309e-08 5.05866e-06 9.95546e-05 0.000900537 0.00468651 0.0152476 0.0324974 0.946563 
1.04664e-08 2.27963e-07 1.54821e-06 0.000335839 0.000995491 0.00406235 0.00900878 0.0303842 0.0546279 0.900584 
2.52174e-27 1.5146e-24 2.09598e-21 7.48879e-19 1.33138e-16 3.69463e-13 4.31544e-10 3.42523e-05 0.00165204 0.998314 
3.65818e-08 8.89561e-07 1.59225e-05 0.00143253 0.00231107 0.0137614 0.845543 0.0658391 0.0422885 0.028807 
2.16213e-08 5.13968e-07 3.26924e-06 0.000824344 0.00198881 0.00586436 0.0146428 0.0303239 0.0411698 0.905182 
2.45303e-07 1.10106e-05 7.40898e-05 0.00325564 0.0093478 0.836771 0.0720153 0.0443188 0.0225098 0.0116966 
1.59114e-11 3.45668e-10 8.68997e-09 3.1829e-07 3.53351e-06 0.000115707 0.00111294 0.00592186 0.938877 0.0539686 
6.1753e-11 1.38554e-09 3.52084e-08 1.37227e-06 9.86515e-05 0.000346485 0.00215326 0.00794297 0.020452 0.969005 
6.04006e-09 1.5088e-07 1.28808e-06 0.000287296 0.000619425 0.00284133 0.0136428 0.0402334 0.89884 0.0435344 
2.70416e-08 6.92251e-07 5.80102e-06 0.00105785 0.00155765 0.00673605 0.0186903 0.292757 0.653354 0.0258404 
6.80782e-08 1.68908e-06 1.78187e-05 0.0022547 0.0107011 0.0453389 0.8606 0.0427933 0.0222316 0.0160607 
4.75158e-05 0.00105981 0.000171415 0.00427515 0.0133862 0.0355141 0.0556266 0.857964 0.0264855 0.00546959 
2.99494e-05 0.000675006 0.000762589 0.00798454 0.0208625 0.0488595 0.878696 0.0294606 0.0123177 0.000351514 
1.35143e-07 3.72389e-06 5.72882e-05 0.00228542 0.0102292 0.0289083 0.0482814 0.0564538 0.84555 0.00823048 
8.45593e-32 5.33985e-29 7.63755e-26 3.17868e-23 1.20669e-20 1.04955e-16 2.76903e-14 1.25705e-09 5.79109e-05 0.999942 
1.40209e-10 3.25554e-09 4.10981e-08 1.65521e-06 5.3969e-05 0.000394279 0.00207021 0.00700822 0.0264738 0.963998 
3.66633e-19 8.15046e-18 8.57608e-17 6.12677e-14 1.40163e-12 4.00223e-09 3.08348e-08 4.33596e-05 0.00271851 0.997238 
1.71064e-12 3.93251e-11 3.32699e-09 8.37013e-08 5.26283e-06 1.9703e-05 0.000996392 0.00444513 0.016908 0.977625 
3.70472e-12 8.40968e-11 2.47119e-09 1.12996e-07 1.19395e-05 0.000202378 0.00119109 0.142012 0.664496 0.192086 
1.77119e-11 3.93278e-10 4.73094e-09 2.80265e-07 5.35159e-06 5.64477e-05 0.000226581 0.0014172 0.104117 0.894177 
2.11663e-06 5.10664e-05 0.000245268 0.00388306 0.157978 0.700531 0.112115 0.0197707 0.00349 0.00193446 
4.55133e-06 0.000108032 0.000149331 0.00226258 0.0139318 0.0269916 0.041166 0.88216 0.0253882 0.00783774 
6.62606e-06 0.000144951 0.00180718 0.102024 0.19533 0.275575 0.245083 0.160528 0.0174415 0.00206012 
2.54841e-07 7.48353e-06 0.000269542 0.00322871 0.0132498 0.0313512 0.0440035 0.881479 0.02111 0.0053009 
9.72884e-09 2.0941e-07 1.15362e-06 0.000342578 0.00121964 0.0044575 0.0159636 0.0472786 0.885941 0.0447957 
2.49736e-11 5.6495e-10 1.64906e-08 6.82762e-07 1.43592e-05 9.57941e-05 0.00135176 0.00440488 0.0109249 0.983208 
2.61705e-08 6.6172e-07 5.85367e-06 0.000730642 0.000960159 0.00405657 0.0104477 0.0167573 0.0240867 0.942954 
5.92725e-43 1.10437e-38 5.32841e-34 3.25413e-29 7.0013e-25 7.49771e-21 1.3553e-15 7.33482e-06 0.000222055 0.999771 
7.70437e-09 1.82529e-07 8.55125e-07 0.000558352 0.000671188 0.00241415 0.00820166 0.0276069 0.0522063 0.90834 
6.02694e-08 2.67876e-06 1.17857e-05 0.000798405 0.00304497 0.00769557 0.0175245 0.0369308 0.897578 0.0364135 
1.65191e-09 3.75493e-08 1.97597e-07 0.00013904 0.000189364 0.00145889 0.00433427 0.0183381 0.0410353 0.934505 
5.36385e-16 1.22094e-14 4.37737e-13 1.1507e-10 3.76483e-08 1.40593e-06 0.000105885 0.00114515 0.00610895 0.992639 
4.16049e-05 0.00105519 0.00132058 0.0128896 0.0344402 0.052031 0.86401 0.0202491 0.013746 0.000216973 
7.13554e-08 2.05756e-06 3.35594e-05 0.00109595 0.00309679 0.0104759 0.0156456 0.0271285 0.0325852 0.909936 
9.97024e-29 5.82962e-26 8.06275e-23 2.96537e-20 2.51167e-17 3.56194e-13 5.95306e-10 5.53715e-05 0.00160591 0.998339 
1.02111e-07 3.23443e-06 8.40314e-05 0.00277403 0.0786356 0.309307 0.0370071 0.242234 0.297531 0.0324232 
3.25814e-08 8.69805e-07 4.0832e-06 0.000220389 0.00238574 0.0055865 0.0101113 0.0216353 0.920183 0.0398724 
3.51077e-07 1.3503e-05 0.000298153 0.00473909 0.0189632 0.458392 0.288905 0.222674 0.00520197 0.000812745 
2.57165e-09 5.86624e-08 3.07992e-07 0.000237569 0.000361469 0.00155075 0.00649759 0.0211281 0.914029 0.0561952 
7.13287e-08 2.87858e-06 3.0979e-05 0.000814318 0.0041806 0.00937015 0.0201186 0.804314 0.150826 0.0103434 
8.34378e-10 2.02168e-08 1.58441e-07 6.01645e-05 0.000117945 0.000380606 0.000646994 0.00266604 0.0100796 0.986048 
8.4242e-08 3.67676e-06 9.13701e-05 0.00166781 0.00384616 0.0120477 0.0301806 0.878643 0.0465704 0.0269492 
2.94048e-09 6.73683e-08 3.80706e-07 0.000305107 0.000198154 0.000704509 0.00113814 0.00519686 0.0188919 0.973565 
5.28576e-09 1.13648e-07 5.70149e-07 0.000196408 0.000467099 0.00175814 0.00499468 0.294991 0.264254 0.433337 
1.33477e-08 3.35879e-07 1.94143e-06 0.000564424 0.000833541 0.00210904 0.00462247 0.0153579 0.931261 0.0452493 
2.38639e-12 5.22318e-11 4.42464e-09 8.7956e-08 7.84944e-07 9.18351e-05 0.00100767 0.00488433 0.964679 0.0293363 
3.83613e-13 8.61934e-12 5.22902e-10 3.24312e-08 7.01346e-07 0.000382664 0.00207073 0.0150721 0.0304755 0.951998 
8.15301e-05 0.00299921 0.0149902 0.832041 0.0679038 0.0432138 0.0193848 0.00585402 0.0131704 0.000361459 
7.13279e-08 2.06412e-06 8.66468e-05 0.00124447 0.00464975 0.0426662 0.68454 0.215872 0.0488329 0.00210609 
5.38071e-09 1.14937e-07 1.15823e-06 0.000138625 0.000608398 0.00279821 0.0104432 0.185471 0.743486 0.0570535 
5.88847e-31 3.48415e-28 4.81022e-25 2.85882e-22 1.18402e-18 2.48296e-14 8.93735e-12 2.82639e-06 0.0005701 0.999427 
2.14605e-05 0.00110481 0.00798906 0.0260379 0.0666404 0.838586 0.0391184 0.00811831 0.0117229 0.000660456 
5.49092e-06 0.000270882 0.00274386 0.0153021 0.0380346 0.874405 0.047047 0.0167994 0.00516119 0.000230173 
9.30909e-10 1.56609e-08 1.70253e-07 1.06837e-05 0.000198587 0.0011331 0.00546647 0.0162033 0.0336641 0.943324 
1.31988e-09 2.97382e-08 1.48832e-07 2.06619e-05 0.000253997 0.00214752 0.0138062 0.895187 0.0434708 0.0451133 
1.65292e-07 6.43589e-06 0.000119306 0.00204951 0.0110321 0.0363771 0.87652 0.0470971 0.0199352 0.00686265 
3.67331e-12 8.30837e-11 8.0649e-09 1.50894e-07 1.62032e-06 1.31126e-05 0.000972788 0.00437441 0.0160117 0.978626 
3.60145e-09 8.29396e-08 3.20289e-07 0.000266476 0.000363855 0.00107311 0.00400325 0.017201 0.927863 0.0492287 
6.38408e-06 0.000144771 0.000350108 0.00605739 0.0250863 0.798853 0.127518 0.0231029 0.0138895 0.00499193 
8.20952e-10 2.16746e-08 2.1032e-07 6.1178e-06 4.75141e-05 0.000224378 0.0013533 0.00564002 0.0223361 0.970392 
2.28974e-07 6.1832e-06 0.000282133 0.00474675 0.0202916 0.657958 0.282403 0.0204706 0.00901108 0.00483028 
6.53191e-12 1.42722e-10 1.18738e-08 2.46164e-07 1.60379e-06 9.06685e-05 0.00158374 0.00753345 0.945728 0.0450626 
3.89678e-08 1.00624e-06 8.02838e-06 0.000753528 0.00315949 0.0135322 0.0356208 0.883425 0.0410119 0.0224879 
1.68692e-15 3.73881e-14 4.50455e-13 3.98051e-11 5.3374e-09 2.99291e-07 1.94026e-05 0.000161447 0.00189619 0.997923 
2.56516e-12 5.79058e-11 5.75738e-09 1.04001e-07 5.19518e-07 7.22973e-06 0.000645094 0.00443295 0.0156798 0.979234 
2.52284e-12 6.10657e-11 6.29313e-09 1.49008e-07 1.70547e-05 4.35326e-05 9.82298e-06 3.26004e-05 0.000237876 0.999659 
2.67846e-09 4.29139e-08 4.42432e-07 3.21949e-05 0.000493498 0.00104152 0.00325287 0.0128549 0.0323505 0.949974 
9.73645e-09 2.12784e-07 1.19648e-06 0.000526658 0.000744496 0.00294747 0.0107683 0.0322043 0.910365 0.0424419 
1.19873e-28 7.61294e-26 1.09768e-22 5.05359e-20 5.0722e-17 5.40201e-13 1.31691e-09 9.18167e-05 0.495961 0.503948 
2.04922e-08 5.25637e-07 2.52626e-06 9.83148e-05 0.00210985 0.00608945 0.00989816 0.0208982 0.0375811 0.923322 
1.60829e-12 3.632e-11 3.56876e-09 6.50595e-08 3.0636e-07 7.50025e-06 0.000325054 0.00213786 0.494588 0.502941 
6.07083e-13 1.3708e-11 1.3946e-09 2.47577e-08 8.46317e-08 8.53637e-07 1.92581e-05 0.000811303 0.00607251 0.993096 
1.31608e-13 2.96967e-12 2.7474e-10 5.58128e-09 1.66326e-07 5.41737e-06 0.00052655 0.00404914 0.0135229 0.981896 
6.44651e-10 1.44022e-08 6.09165e-08 7.00553e-06 0.000304145 0.000255131 0.00227456 0.009379 0.0230116 0.964769 
1.85277e-12 4.06287e-11 3.54362e-09 6.78099e-08 3.81473e-07 4.25239e-06 0.00031517 0.00234435 0.00967514 0.987661 
1.259e-08 3.09228e-07 1.83054e-06 0.000594853 0.00114732 0.00309846 0.00604457 0.0175102 0.0316873 0.939915 
2.00043e-12 5.02112e-11 3.22798e-09 1.00193e-07 8.15617e-06 2.20865e-05 4.76912e-05 0.00127598 0.984295 0.0143512 
3.99141e-12 8.81632e-11 7.61567e-09 1.65128e-07 1.24955e-06 0.00029491 0.00240194 0.012757 0.0276205 0.956924 
1.86621e-09 2.76934e-08 2.94908e-07 1.5167e-05 0.000220819 0.00201245 0.624978 0.336313 0.0213093 0.0151509 
3.28167e-15 7.49093e-14 2.4518e-12 2.9007e-10 5.40488e-08 2.48072e-06 0.000226217 0.00184168 0.494739 0.503191 
1.08179e-05 0.000247909 0.000188074 0.00365949 0.0135491 0.0305483 0.905234 0.0309443 0.0133085 0.00230952 
1.33224e-11 3.02545e-10 2.53094e-08 6.4173e-07 6.65225e-05 0.000118048 0.00106482 0.00408855 0.0133804 0.981281 
1.6057e-12 3.62454e-11 3.60149e-09 6.49273e-08 2.95912e-07 3.13095e-06 0.000194701 0.0016043 0.00728889 0.990909 
1.77145e-08 3.98875e-07 1.63124e-06 0.000618919 0.00219652 0.00719121 0.0201529 0.887634 0.0459759 0.0362288 
3.86148e-23 8.64481e-22 1.86798e-20 9.40877e-18 6.00403e-16 1.88996e-12 5.876e-10 3.11943e-06 0.000544584 0.999452 
1.09217e-07 2.82814e-06 2.78536e-05 0.00216273 0.0132997 0.115679 0.31446 0.205147 0.332729 0.0164924 
9.65999e-12 2.19729e-10 6.54818e-09 7.01896e-07 0.000322736 0.00239241 0.0069209 0.0222832 0.951175 0.0169055 
3.03244e-09 5.1471e-08 4.45815e-07 3.43986e-05 0.000355386 0.000918797 0.0032162 0.0114828 0.0198571 0.964135 
3.6468e-05 0.00081568 0.000389702 0.00282305 0.0110175 0.0249176 0.0267733 0.0222285 0.891329 0.0196693 
1.1194e-16 2.48771e-15 2.41189e-14 1.85189e-11 3.06496e-10 4.06449e-07 2.93015e-06 0.000553136 0.00810215 0.991341 
1.11767e-07 4.85794e-06 4.77506e-05 0.00156444 0.0600461 0.0213388 0.712781 0.0163995 0.0952928 0.0925247 
3.85934e-08 1.83906e-06 2.25815e-05 0.000512686 0.0021724 0.00831695 0.617796 0.330155 0.0245065 0.0165165 
4.07662e-07 1.4557e-05 0.000312539 0.00195729 0.0100033 0.0228552 0.0334099 0.0430016 0.869653 0.0187926 
2.85052e-07 7.31505e-06 0.000385687 0.00580595 0.0214242 0.848083 0.0647418 0.036391 0.015905 0.00725538 
1.07305e-09 2.02253e-08 1.70272e-07 5.33075e-05 0.000130265 0.00126524 0.23895 0.186085 0.355102 0.218414 
3.49633e-09 7.04258e-08 5.57741e-07 7.41401e-05 0.000548094 0.00278613 0.0900815 0.694744 0.200244 0.0115207 
3.517e-07 1.18563e-05 0.000618424 0.00693479 0.0284036 0.837968 0.0586567 0.0340336 0.0206765 0.0126958 
5.3655e-43 1.00009e-38 4.87328e-34 2.98126e-29 6.41407e-25 6.87045e-21 8.96888e-16 8.92311e-11 0.000124948 0.999875 
3.74833e-09 8.58248e-08 4.43081e-07 0.000424619 0.000256329 0.000618884 0.00134538 0.00656643 0.950457 0.0403308 
5.03039e-17 1.14728e-15 3.9931e-14 4.48204e-12 5.28736e-10 3.74472e-08 1.95744e-06 0.000117903 0.000180211 0.9997 
1.49415e-10 3.35829e-09 3.66292e-08 2.90211e-06 7.76877e-05 0.000860773 0.00378852 0.0144628 0.0327698 0.948038 
5.85956e-09 1.19797e-07 8.90524e-07 0.00011429 0.000905388 0.0039996 0.0142684 0.888183 0.0508804 0.0416476 
2.17483e-05 0.00102275 0.0074421 0.0171786 0.043791 0.243271 0.671777 0.0108986 0.00349707 0.00110066 
4.3742e-08 1.18425e-06 2.07258e-05 0.00110912 0.00638421 0.849006 0.0591638 0.0388344 0.0231357 0.0223452 
4.66109e-08 1.91233e-06 1.09598e-05 0.000512147 0.00236747 0.00588112 0.123022 0.0175689 0.727553 0.123082 
3.98072e-09 1.14886e-07 8.10906e-07 4.278e-05 0.000323989 0.00161376 0.00555631 0.0204422 0.0414891 0.930531 
1.13399e-08 2.60252e-07 1.03994e-05 0.000312973 0.00129057 0.0994075 0.0286111 0.103469 0.524339 0.242559 
7.0256e-12 1.53705e-10 9.15695e-09 2.25441e-07 1.53059e-06 8.45915e-05 0.00136352 0.00652674 0.0211006 0.970923 
4.61034e-05 0.00102747 0.000565514 0.0105533 0.805037 0.0778281 0.0574298 0.0246973 0.0202091 0.00260591 
9.4379e-11 2.11844e-09 2.82668e-08 2.1639e-06 4.98364e-05 0.000309537 0.000941611 0.00348853 0.0150453 0.980163 
5.99899e-08 2.0852e-06 5.98965e-05 0.0010061 0.00200641 0.0047341 0.0130455 0.767575 0.189383 0.0221882 
7.06022e-09 1.58854e-07 8.06431e-07 0.000472372 0.000767206 0.00299776 0.00987929 0.0307973 0.909119 0.045966 
6.71467e-09 1.61153e-07 9.96376e-07 0.00050525 0.00121669 0.00545756 0.021255 0.885953 0.0445599 0.0410512 
3.05965e-07 1.24571e-05 0.000171666 0.00310468 0.0164441 0.903071 0.0444832 0.0214788 0.0103407 0.000893565 
1.56249e-07 5.79133e-06 0.000180119 0.00185159 0.012161 0.8381 0.0604992 0.0525055 0.0242487 0.0104478 
8.5836e-09 2.0439e-07 1.04612e-06 0.000696735 0.000782765 0.002404 0.0124666 0.905708 0.0386764 0.0392646 
3.68603e-11 8.28828e-10 2.53113e-08 1.09472e-06 0.000190585 0.00127922 0.00411138 0.0175544 0.949578 0.0272853 
1.68184e-09 2.50167e-08 2.75764e-07 1.40803e-05 0.000239588 0.00082837 0.00261858 0.0145063 0.0324873 0.949306 
8.13164e-10 1.83593e-08 1.03828e-07 1.6626e-05 0.000103009 0.000451475 0.00213091 0.00597451 0.0186649 0.972658 
4.42516e-09 1.03873e-07 4.45279e-07 0.000339872 0.000575458 0.00133179 0.00415607 0.145876 0.0282692 0.819451 
3.5176e-12 7.59281e-11 1.74717e-09 7.17654e-08 7.37875e-07 0.000137729 0.00105219 0.00791506 0.0211068 0.969787 
2.74844e-08 6.45511e-07 3.61274e-06 0.00069836 0.00288047 0.0083803 0.0177881 0.0337289 0.892705 0.0438144 
2.85643e-08 7.21026e-07 6.40761e-06 0.000988942 0.0014342 0.00647194 0.0215767 0.896542 0.0409829 0.0319958 
1.53222e-08 3.75373e-07 2.43561e-06 0.000935789 0.00102352 0.0028358 0.00733936 0.0231833 0.918832 0.0458479 
8.1567e-12 1.76676e-10 3.00571e-09 2.02538e-07 2.60848e-06 5.51747e-05 0.000242168 0.000701377 0.00228891 0.99671 
1.10169e-08 3.17813e-07 1.73861e-06 4.37652e-05 0.00107321 0.00362411 0.0068319 0.0154156 0.0202927 0.952717 
1.50907e-07 3.40229e-06 9.18574e-05 0.00263355 0.0103104 0.268616 0.280054 0.211713 0.0247917 0.201786 
7.89356e-17 1.75423e-15 1.69812e-14 1.30518e-11 2.14478e-10 2.80401e-07 1.0037e-06 0.000291713 0.0027846 0.996922 
1.45107e-14 3.72115e-13 1.14244e-11 2.47027e-10 1.0316e-09 8.46344e-08 2.00973e-07 5.68168e-05 0.00216757 0.997775 
3.01186e-08 8.24359e-07 1.47123e-05 0.000445204 0.00263761 0.00772185 0.0148989 0.0343059 0.904307 0.0356681 
4.68707e-08 1.41063e-06 7.17766e-05 0.00113031 0.00270101 0.190408 0.75873 0.0256052 0.0132904 0.00806154 
5.85261e-11 1.31406e-09 3.47822e-08 1.48484e-06 8.71583e-05 0.000806533 0.00409722 0.01861 0.931634 0.0447632 
3.47262e-12 7.83797e-11 7.59101e-09 1.44634e-07 7.2912e-07 7.17565e-05 0.00123615 0.947524 0.0250425 0.0261245 
4.79549e-06 0.000145918 0.000764495 0.00902896 0.0336237 0.747908 0.178316 0.0189941 0.00904577 0.00216836 
4.50799e-07 1.91477e-05 0.000298759 0.00563756 0.0208473 0.0474818 0.858549 0.0447009 0.0179593 0.00450573 
8.57908e-08 2.69903e-06 1.7343e-05 0.000819714 0.00738044 0.0200039 0.0428888 0.864088 0.0412608 0.023538 
1.17327e-08 2.63536e-07 1.1836e-06 0.000101659 0.00158128 0.00871999 0.867452 0.0460481 0.0404331 0.0356627 
2.77102e-09 5.88894e-08 3.24026e-07 0.00022466 0.000315284 0.00131666 0.00538491 0.0170366 0.0352893 0.940432 
3.97235e-09 9.89833e-08 5.1786e-07 0.000305817 0.000245981 0.000808312 0.00240276 0.0123215 0.0392385 0.944676 
4.9345e-09 8.16619e-08 8.81273e-07 8.54281e-05 0.000867316 0.00415022 0.0147812 0.0406862 0.892654 0.0467744 
1.94001e-07 6.62069e-06 0.000157031 0.00224858 0.00834238 0.0249723 0.717125 0.237145 0.00809888 0.00190465 
4.77032e-12 1.02595e-10 8.28021e-09 1.70789e-07 1.18607e-06 0.000127048 0.00110685 0.00558072 0.961495 0.0316886 
3.3717e-05 0.000924026 0.0074274 0.062466 0.339938 0.536107 0.044216 0.00346009 0.00511679 0.000310738 
2.21556e-09 8.49369e-08 8.38045e-07 1.03048e-05 0.000124794 0.00170516 0.012707 0.0590861 0.725812 0.200554 
1.90256e-08 5.05994e-07 1.22216e-05 0.000326615 0.000848426 0.00334087 0.00733105 0.0160886 0.329108 0.642943 
2.76549e-10 5.38876e-09 6.05826e-08 4.3839e-06 0.000203499 0.00213354 0.00809315 0.0220552 0.945479 0.0220317 
1.63962e-11 3.66239e-10 3.07786e-09 1.97336e-07 1.7727e-06 2.56055e-05 0.00119916 0.0044851 0.955974 0.0383137 
3.78778e-09 8.84485e-08 1.30834e-06 0.00016668 0.00107727 0.00633539 0.880318 0.0511471 0.0336277 0.0273265 
1.06596e-10 2.40737e-09 4.16744e-08 3.16363e-06 0.000201859 0.000415631 0.00169485 0.00835384 0.951011 0.0383195 
5.38603e-09 1.27054e-07 6.18647e-07 0.000472579 0.00039735 0.00176592 0.00612125 0.0201847 0.0393927 0.931665 
1.72536e-07 7.86423e-06 0.000227691 0.00313876 0.0156225 0.838906 0.0713599 0.0417003 0.0188363 0.0102011 
3.00308e-09 6.83459e-08 3.63811e-07 0.000289566 0.000461157 0.00305123 0.0129325 0.656047 0.292821 0.0343968 
5.842e-08 1.59492e-06 1.98605e-05 0.0011667 0.00329876 0.014091 0.027584 0.888787 0.0413921 0.0236592 
