9601
2.42657e-10 5.47776e-09 4.50866e-08 5.00525e-06 0.000114375 0.000595901 0.00237206 0.0083996 0.0200144 0.968499 
4.53165e-12 1.02295e-10 1.02363e-08 1.84283e-07 7.95289e-07 9.28997e-06 0.000529905 0.00447328 0.0163578 0.978629 
6.58969e-11 1.48477e-09 1.27721e-08 1.43666e-06 7.80932e-05 0.00148031 0.00889167 0.0365898 0.931643 0.0213156 
3.65346e-09 1.00822e-07 5.45905e-07 0.000125666 0.00100082 0.00481194 0.0201539 0.692737 0.274735 0.00643502 
9.78151e-06 0.000218544 0.00147101 0.206886 0.39745 0.373962 0.0154689 0.00347674 0.00104561 1.07869e-05 
2.48085e-16 5.58097e-15 1.53238e-13 7.88409e-11 2.83374e-08 8.61583e-07 8.45818e-06 0.00127229 0.00920897 0.989509 
2.10479e-13 4.7526e-12 4.80246e-10 8.75854e-09 7.47693e-08 2.86128e-06 0.000248346 0.00139618 0.00637218 0.99198 
2.86933e-10 6.37669e-09 4.30343e-08 1.87436e-06 0.000503744 0.00120315 0.00741783 0.0178364 0.0289903 0.944047 
8.72057e-08 2.07711e-06 4.72771e-05 0.00258934 0.0165786 0.0448955 0.918925 0.0146068 0.00231752 3.8221e-05 
3.11368e-11 7.24207e-10 2.30783e-08 9.23487e-07 0.000105357 0.00113822 0.00456679 0.0168724 0.940612 0.0367047 
2.43505e-10 5.51782e-09 6.46377e-08 5.46245e-06 0.000196668 0.00162516 0.0068255 0.019515 0.0246687 0.947163 
1.96091e-13 4.42811e-12 4.49491e-10 8.22579e-09 6.75507e-08 1.5509e-06 0.000124575 0.00140169 0.00289476 0.995577 
1.14619e-07 2.71326e-06 0.00012825 0.00234898 0.0110089 0.0276894 0.0405499 0.912928 0.00505578 0.000288409 
1.51015e-10 3.40917e-09 2.64088e-08 3.13593e-06 9.06871e-05 0.0008448 0.00335513 0.0130876 0.960539 0.0220793 
1.75444e-08 4.30444e-07 1.40675e-05 0.000915554 0.00173154 0.00916311 0.0254077 0.0385482 0.920706 0.00351376 
2.51187e-17 5.61724e-16 1.01223e-14 5.51239e-12 1.20428e-09 8.63183e-08 5.03394e-06 0.000589548 0.496216 0.503189 
2.50534e-12 5.65478e-11 5.6199e-09 1.01224e-07 4.8534e-07 4.54169e-06 0.000251733 0.00298971 0.958689 0.0380641 
4.47085e-10 1.00212e-08 7.08845e-08 6.15109e-06 0.000347282 0.00176766 0.00703718 0.934269 0.0382246 0.0183478 
1.12957e-05 0.000896353 0.00278696 0.849915 0.0818113 0.04445 0.0185485 0.00135568 0.000211184 1.37203e-05 
4.50763e-08 9.85419e-07 2.42535e-05 0.00150438 0.00275324 0.0120849 0.0270566 0.942393 0.011996 0.00218675 
1.55593e-07 3.69079e-06 0.000143088 0.00272159 0.0146072 0.0353297 0.917958 0.0272763 0.00194497 1.49891e-05 
3.14657e-10 7.06731e-09 5.69245e-08 4.98445e-06 0.000175655 0.00163915 0.00557769 0.0205998 0.954822 0.0171805 
5.07716e-10 1.13123e-08 7.09112e-08 4.66375e-06 0.000515538 0.00415142 0.0217544 0.946601 0.0202341 0.00673836 
6.71852e-07 4.09354e-05 0.000500157 0.00827572 0.0291762 0.906999 0.0415056 0.0117228 0.00175201 2.67581e-05 
1.0734e-10 2.41899e-09 2.04643e-08 2.19601e-06 0.00011322 0.0012265 0.00494874 0.0156595 0.698971 0.279078 
8.82267e-11 1.99234e-09 1.6247e-08 1.90499e-06 8.50742e-05 0.00188214 0.935938 0.0266354 0.0228588 0.0125988 
2.19935e-10 4.9651e-09 4.51483e-08 4.63125e-06 0.000146987 0.000874727 0.0035047 0.940447 0.0327978 0.0222246 
1.4462e-10 3.26382e-09 2.90787e-08 2.96291e-06 3.56439e-05 0.000164644 0.000977099 0.00464134 0.0121032 0.982075 
1.98122e-10 4.46971e-09 4.89389e-08 3.75797e-06 9.74468e-05 0.00127982 0.00522089 0.0198169 0.954354 0.0192274 
4.53584e-12 1.02492e-10 9.76622e-09 1.87752e-07 9.35031e-07 2.19272e-05 0.00068904 0.00512996 0.012844 0.981314 
2.02808e-10 4.57785e-09 3.44529e-08 4.16448e-06 0.000143726 0.000417262 0.00239208 0.0076569 0.0211666 0.968219 
6.26348e-16 1.42437e-14 5.03932e-13 1.4764e-10 3.67204e-08 1.60403e-06 0.000140688 0.0035912 0.693226 0.303041 
5.61267e-10 1.2589e-08 1.16559e-07 0.000139809 0.00230068 0.931268 0.0322817 0.0166888 0.0105747 0.00674597 
5.30813e-12 1.19838e-10 1.20846e-08 2.17082e-07 8.3774e-07 8.19752e-06 0.000590921 0.00457342 0.963221 0.0316058 
2.15068e-10 4.85565e-09 3.94826e-08 4.73379e-06 0.000252191 0.00225903 0.00903714 0.941416 0.0336707 0.0133601 
1.59928e-10 3.61076e-09 2.91104e-08 3.36476e-06 7.61076e-05 0.00100238 0.00619285 0.946003 0.0301965 0.0165259 
7.09906e-34 1.13169e-29 8.35589e-26 7.0451e-22 7.17982e-18 4.60826e-14 2.21033e-10 3.06657e-05 0.000483519 0.999486 
1.90104e-10 4.28262e-09 3.23457e-08 3.58612e-06 0.000135215 0.00124587 0.00644721 0.94445 0.0316313 0.0160866 
2.04233e-07 1.13215e-05 0.000192682 0.00326648 0.0150505 0.911314 0.0515412 0.0165643 0.00202818 3.10276e-05 
8.98132e-14 2.02847e-12 2.02066e-10 3.89305e-09 1.01148e-07 3.44702e-06 0.000326631 0.00392815 0.971038 0.0247035 
1.07597e-10 2.42951e-09 2.63695e-08 2.33559e-06 2.67409e-05 0.000869977 0.00568686 0.944365 0.0292819 0.0197667 
6.03807e-12 1.37939e-10 8.71924e-09 5.39489e-07 0.000190395 0.00195799 0.00927581 0.95038 0.025468 0.0127271 
4.24345e-06 9.38805e-05 8.58969e-05 0.00300267 0.019896 0.920585 0.0390749 0.0134272 0.0037046 0.000125378 
5.87885e-06 0.000130024 0.000147785 0.00858171 0.889805 0.043688 0.0386049 0.0146242 0.00427007 0.000141985 
1.50892e-10 3.40693e-09 2.74176e-08 3.18309e-06 0.000104845 0.000903308 0.00375655 0.0162293 0.96336 0.0156427 
7.64186e-05 0.00104701 0.00519262 0.106555 0.768524 0.112093 0.00586814 0.000541268 9.83784e-05 4.23392e-06 
6.83363e-09 1.67149e-07 1.0277e-05 0.00290737 0.876429 0.0348735 0.0352739 0.023093 0.0183236 0.0090895 
5.19739e-12 1.18403e-10 9.37506e-09 2.31672e-07 2.02844e-06 0.000224422 0.00144286 0.00738587 0.209937 0.781008 
3.3742e-16 7.49593e-15 6.69101e-14 5.42597e-11 7.78568e-10 5.59644e-07 2.75463e-06 0.00029773 0.978114 0.0215845 
9.9806e-16 2.27642e-14 1.37851e-12 9.01234e-11 1.7447e-08 7.12471e-07 7.54841e-05 0.000586286 0.00482571 0.994512 
2.4319e-10 5.49142e-09 4.44682e-08 5.11234e-06 0.000140886 0.001132 0.005329 0.0206873 0.952195 0.0205107 
5.75069e-11 1.3093e-09 3.63792e-08 1.36918e-06 6.16576e-05 0.000936926 0.00439617 0.013727 0.0221722 0.958705 
4.16768e-10 9.32712e-09 1.03178e-07 4.16475e-06 0.000752989 0.00416145 0.0224845 0.938424 0.0256808 0.00849164 
1.60536e-12 3.62186e-11 3.50058e-09 6.34644e-08 4.25169e-07 5.89303e-06 0.00043143 0.00382381 0.0133671 0.982371 
9.03795e-11 2.03e-09 2.09484e-08 1.46715e-06 8.65795e-05 0.000622268 0.00307878 0.120266 0.736131 0.139814 
4.62567e-13 1.04405e-11 1.036e-09 1.87141e-08 1.01634e-07 1.12725e-06 8.50611e-05 0.000923715 0.00233713 0.996653 
3.69923e-12 8.35031e-11 8.35218e-09 1.50076e-07 6.10168e-07 4.43404e-06 0.000273754 0.00195104 0.978185 0.0195854 
3.18391e-12 7.18753e-11 7.21267e-09 1.2956e-07 5.40035e-07 5.50946e-06 0.000359898 0.00324854 0.0137002 0.982685 
2.64883e-10 5.95193e-09 8.2081e-08 3.32907e-06 0.000530275 0.00288766 0.927152 0.0389936 0.0212284 0.00920458 
7.93772e-11 1.79202e-09 1.49518e-08 1.68234e-06 0.000100926 0.000267946 0.00230709 0.00923963 0.960129 0.0279541 
2.44743e-10 5.50384e-09 9.48547e-08 3.56425e-05 0.00391291 0.90498 0.0331568 0.0355149 0.016585 0.00581491 
3.31645e-05 0.00100732 0.0722864 0.341471 0.550064 0.0287211 0.00553745 0.000717999 0.000157793 3.93998e-06 
2.43521e-08 5.8111e-07 1.31112e-05 0.00121328 0.00197959 0.0147914 0.935016 0.0328948 0.0116633 0.0024283 
8.89909e-12 2.0181e-10 1.60352e-08 4.19543e-07 4.51499e-05 0.000686702 0.00298055 0.0173886 0.947973 0.0309256 
6.91122e-12 1.5815e-10 1.41329e-08 5.89001e-07 0.000214033 0.00171569 0.00569982 0.0180973 0.957899 0.0163737 
9.29726e-07 0.000132547 0.000672315 0.00947321 0.0247288 0.908085 0.0433594 0.0124629 0.00106609 1.90248e-05 
3.6039e-10 8.05741e-09 8.88333e-08 3.44209e-06 0.000461152 0.00299777 0.0148963 0.679714 0.292258 0.00966913 
2.03185e-08 4.88713e-07 5.76613e-06 0.00132205 0.0031197 0.0897155 0.794328 0.0992791 0.00972861 0.00250081 
3.22245e-12 7.2742e-11 7.27433e-09 1.30918e-07 5.85803e-07 6.35327e-06 0.000476323 0.00380469 0.0149448 0.980767 
3.08449e-17 6.86858e-16 7.89341e-15 4.97536e-12 9.26484e-11 1.02497e-07 1.797e-06 0.000127924 0.00169497 0.998175 
1.61681e-17 3.59232e-16 3.33189e-15 2.62059e-12 4.28502e-11 6.19408e-08 9.56797e-08 0.000194108 0.748545 0.251261 
8.36437e-08 2.07675e-06 6.87799e-05 0.00212382 0.00896753 0.909491 0.0568781 0.02007 0.0023559 4.23606e-05 
1.19287e-08 2.48381e-07 1.67912e-06 0.000388413 0.00163447 0.00679007 0.0257192 0.811385 0.148885 0.00519629 
1.01715e-10 2.29739e-09 2.04248e-08 2.18121e-06 9.52885e-05 0.000615096 0.0032642 0.013814 0.0271032 0.955106 
0.000187946 0.0078762 0.0400022 0.884591 0.0396748 0.0165846 0.00798122 0.00291965 0.000177451 5.28349e-06 
9.29233e-10 3.35089e-08 8.20562e-06 0.00012229 0.00108665 0.00636557 0.0200029 0.947571 0.01857 0.0062729 
3.37099e-08 7.6116e-07 2.39739e-05 0.00159034 0.00215451 0.0117329 0.0282551 0.939108 0.0141683 0.00296609 
4.12288e-08 9.52187e-07 3.70093e-05 0.00163493 0.00791363 0.389111 0.353949 0.243084 0.00386789 0.00040155 
2.70857e-15 6.21931e-14 2.42949e-12 3.2066e-10 6.95435e-08 2.86943e-06 0.000282143 0.00353891 0.974273 0.0219026 
2.26709e-10 5.11648e-09 4.30973e-08 4.62347e-06 6.66297e-05 0.00025384 0.00132317 0.00660495 0.957739 0.0340073 
4.61748e-12 1.04189e-10 1.01862e-08 2.03426e-07 1.08708e-06 0.000333165 0.00151722 0.00991462 0.967919 0.0203148 
1.16555e-07 2.56873e-06 0.000109626 0.00344972 0.0237906 0.919989 0.0393638 0.010469 0.00271461 0.000110783 
1.40249e-05 0.00056637 0.00261316 0.0204082 0.0534454 0.902435 0.0190859 0.00123637 0.000184996 1.05905e-05 
1.69262e-08 3.62685e-07 2.45369e-06 0.000578775 0.00165891 0.00955146 0.92407 0.0422036 0.0175693 0.00436474 
4.03413e-07 2.35312e-05 0.000216443 0.00516406 0.0182432 0.0359743 0.923038 0.0150617 0.0022401 3.85949e-05 
1.60395e-07 4.28697e-06 0.000143099 0.00346943 0.0157597 0.0389102 0.921844 0.018256 0.00159392 1.89081e-05 
2.99803e-12 6.76741e-11 6.75656e-09 1.21554e-07 5.31014e-07 5.10998e-06 0.000424503 0.00185485 0.00554589 0.992169 
7.13158e-17 1.6206e-15 5.25996e-14 1.20393e-11 2.8515e-09 2.0904e-07 1.85228e-05 0.000149475 0.000650215 0.999182 
1.09142e-10 2.46327e-09 3.03351e-08 2.29495e-06 2.48372e-05 0.00011933 0.000808554 0.00487477 0.0157487 0.978421 
4.02951e-10 8.96361e-09 7.56967e-08 3.28789e-06 0.000690155 0.0036752 0.924978 0.040718 0.0220195 0.0079153 
1.555e-10 3.51051e-09 2.70906e-08 3.2177e-06 0.000103017 0.00063739 0.00289816 0.0120376 0.0253486 0.958972 
1.23818e-10 2.82231e-09 5.82573e-08 2.79665e-06 0.000115949 0.00119587 0.00501224 0.0144905 0.0254548 0.953728 
3.25552e-08 7.49714e-07 2.07747e-05 0.00198479 0.0128713 0.905753 0.0478781 0.0221016 0.00724723 0.00214281 
1.3094e-12 3.02529e-11 1.3699e-09 2.27939e-07 9.27458e-05 0.00133809 0.215777 0.436867 0.340226 0.00569913 
2.66818e-11 6.02414e-10 9.02825e-09 5.9504e-07 1.25706e-05 0.000237198 0.00101049 0.00603353 0.931375 0.0613305 
4.91924e-08 1.14476e-06 3.46862e-05 0.00128159 0.00540345 0.0166655 0.946969 0.0231383 0.00612239 0.00038418 
1.52706e-10 3.44741e-09 2.628e-08 3.17008e-06 0.000121269 0.000652464 0.00336905 0.0146063 0.9644 0.0168476 
3.62327e-11 8.17845e-10 1.06289e-08 9.68465e-07 7.35959e-05 0.000371498 0.00299665 0.00989018 0.023961 0.962706 
7.07844e-34 1.12918e-29 8.34045e-26 7.03909e-22 7.19888e-18 4.62506e-14 2.38956e-10 2.72612e-05 0.000258761 0.999714 
4.65588e-12 1.05096e-10 1.04918e-08 1.88957e-07 8.70093e-07 9.6516e-06 0.000771804 0.00533808 0.0201936 0.973686 
2.0966e-10 4.73173e-09 3.49836e-08 4.22873e-06 6.13534e-05 0.000420579 0.00169153 0.00512645 0.0168074 0.975888 
1.90871e-12 4.30861e-11 4.29165e-09 7.80878e-08 4.4663e-07 6.32922e-06 0.000603868 0.0038579 0.00823103 0.9873 
7.21376e-35 5.67343e-31 3.51253e-27 2.72899e-23 2.41174e-19 3.22094e-15 4.73983e-12 1.09785e-06 0.000251061 0.999748 
6.36099e-08 1.42612e-06 9.58348e-05 0.00148221 0.00609214 0.0159141 0.0301762 0.0271415 0.918489 0.000607953 
2.26968e-07 6.97689e-06 0.000252922 0.00397627 0.0241234 0.0427725 0.9203 0.0071122 0.00143718 1.85657e-05 
7.81148e-17 1.74299e-15 2.45359e-14 1.32261e-11 9.34332e-10 2.45736e-07 1.36649e-06 0.000355794 0.00656343 0.993079 
6.63131e-06 0.000742086 0.0033294 0.0176062 0.0367757 0.923857 0.0167246 0.000933218 2.49996e-05 1.09223e-07 
6.66632e-11 1.50449e-09 1.7946e-08 1.41215e-06 1.57775e-05 0.000105961 0.00088468 0.00477257 0.0171053 0.977114 
7.71744e-10 1.76938e-08 1.57958e-07 5.01667e-06 0.000441185 0.00305366 0.0128898 0.941908 0.0288797 0.0128225 
6.93672e-10 1.55708e-08 1.56519e-07 9.59586e-06 0.000645798 0.00744937 0.922097 0.0414759 0.0204898 0.00783237 
1.60402e-10 3.62012e-09 2.68103e-08 3.24619e-06 3.84466e-05 0.000238611 0.00127575 0.00428505 0.969962 0.0241974 
2.86455e-12 6.586e-11 4.6268e-09 2.6081e-07 7.92276e-05 0.00183239 0.930123 0.0297476 0.0236284 0.0145892 
2.92194e-13 6.67663e-12 2.70853e-10 1.92578e-08 5.54396e-07 6.22742e-05 0.000736036 0.0673426 0.641481 0.290377 
3.08051e-12 6.95531e-11 7.05124e-09 1.26218e-07 4.39674e-07 4.12222e-06 0.000304119 0.00189515 0.00711977 0.990676 
1.09512e-08 2.52702e-07 1.58133e-06 0.000331624 0.0011098 0.0095086 0.917202 0.0453265 0.0200368 0.00648252 
2.46844e-09 7.67549e-08 1.44347e-05 0.000577366 0.00864671 0.921311 0.0354752 0.0213594 0.00910457 0.00351098 
7.41901e-15 1.66824e-13 3.08908e-12 3.72898e-10 8.7426e-08 3.2517e-06 0.000258058 0.00243509 0.010617 0.986687 
1.1582e-08 2.61051e-07 2.4382e-06 0.000557894 0.00185954 0.0164309 0.94881 0.0227967 0.00807197 0.00147068 
2.78222e-18 6.22311e-17 9.32745e-16 4.23492e-13 1.83022e-11 6.32245e-09 6.8069e-08 4.07238e-05 0.00186573 0.998093 
8.99228e-08 2.12365e-06 3.96361e-05 0.00219374 0.0131157 0.0423132 0.911122 0.0243468 0.00669403 0.000173209 
3.27401e-08 7.18146e-07 1.99896e-05 0.00154474 0.00785731 0.0389176 0.922334 0.0240268 0.00493767 0.000360941 
1.02424e-12 2.31234e-11 2.32767e-09 4.20683e-08 2.35067e-07 3.9046e-06 0.000303257 0.00318708 0.974648 0.0218576 
4.36928e-13 9.82704e-12 7.7199e-10 3.07885e-08 4.54081e-07 0.000196379 0.000935961 0.00659115 0.0163741 0.975902 
7.96128e-06 0.000219415 0.00102635 0.0721864 0.721253 0.0742759 0.126998 0.00335237 0.000595621 8.5369e-05 
2.03469e-10 4.59425e-09 3.78898e-08 4.31579e-06 0.000149524 0.000994029 0.00512518 0.0175363 0.0325734 0.943617 
1.26609e-10 2.85415e-09 2.14229e-08 2.57388e-06 7.84587e-05 0.000350065 0.00159807 0.00707406 0.496973 0.493924 
2.97141e-12 6.77669e-11 3.20314e-09 1.50364e-07 1.59501e-06 0.000338521 0.00223963 0.013568 0.965536 0.0183158 
6.68793e-11 1.50993e-09 1.99643e-08 1.4876e-06 4.27029e-05 0.000605475 0.00250379 0.0135909 0.965432 0.0178233 
1.43901e-07 3.28071e-06 0.000152191 0.00342603 0.013749 0.483971 0.038075 0.458947 0.00160155 7.46048e-05 
8.61563e-08 1.99118e-06 4.44408e-05 0.00277736 0.0137248 0.0406533 0.921298 0.0179487 0.00344334 0.000108545 
3.05116e-12 6.91546e-11 5.09163e-09 1.50506e-07 2.99968e-06 0.000572153 0.00224845 0.0150739 0.961266 0.020836 
2.75496e-08 6.01433e-07 1.97841e-05 0.001284 0.00239924 0.0131862 0.0351361 0.92688 0.0163664 0.00472778 
6.33678e-08 1.59235e-06 2.16842e-05 0.00145398 0.00626574 0.0148168 0.0246918 0.936837 0.0138306 0.00208076 
5.02417e-12 1.13368e-10 1.10832e-08 2.18992e-07 1.19317e-06 0.000368723 0.00114252 0.0093342 0.954699 0.0344539 
8.24235e-12 1.88826e-10 1.64227e-08 5.9293e-07 6.23245e-05 0.00149133 0.00667907 0.0201904 0.955387 0.0161896 
3.84605e-11 8.76497e-10 2.65535e-08 9.84377e-07 3.23835e-05 0.00227938 0.642013 0.335056 0.0134339 0.00718394 
1.67855e-10 3.79257e-09 4.01216e-08 3.38469e-06 0.000134137 0.000872455 0.00399747 0.0142389 0.955688 0.0250653 
1.8107e-09 4.7422e-08 2.88701e-07 5.53946e-05 0.000846672 0.0067809 0.914414 0.0499873 0.0214893 0.0064259 
3.86875e-12 8.79562e-11 7.37701e-09 1.70348e-07 1.12751e-06 0.00020169 0.000788692 0.00507399 0.0169994 0.976935 
3.72789e-10 8.39485e-09 8.87868e-08 6.24255e-06 0.000398594 0.00202454 0.928229 0.0325976 0.0240014 0.0127422 
0.00012271 0.00758894 0.868933 0.0586323 0.0420171 0.0154566 0.00670448 0.000477939 6.6972e-05 2.8225e-07 
1.45002e-16 3.26534e-15 7.04294e-14 2.11473e-11 1.70768e-09 4.13448e-07 1.31242e-05 0.000473577 0.00745043 0.992062 
1.29688e-09 3.20487e-08 2.13891e-06 0.000194331 0.00227474 0.219866 0.729808 0.0243311 0.015354 0.0081692 
1.89504e-17 4.21122e-16 4.03501e-15 3.11703e-12 5.09472e-11 6.79453e-08 1.03439e-07 7.80163e-05 0.00062945 0.999292 
2.23606e-11 5.05769e-10 1.09637e-08 5.69332e-07 1.74399e-05 0.000387097 0.00163471 0.007121 0.488348 0.502492 
1.20792e-07 2.85489e-06 0.000165078 0.00235687 0.0108865 0.0203321 0.918657 0.0273708 0.0153849 0.00484361 
1.11858e-11 2.49241e-10 2.56449e-09 1.23875e-07 3.50416e-05 0.000258637 0.00101284 0.0129246 0.660814 0.324954 
7.93344e-10 2.11337e-08 1.55803e-07 7.34787e-06 0.000268237 0.0015206 0.00809586 0.0180444 0.0241887 0.947875 
2.31058e-10 5.21684e-09 4.10026e-08 4.80202e-06 0.00014843 0.000979521 0.0041123 0.0162861 0.960758 0.0177104 
5.32143e-17 1.21347e-15 4.17474e-14 4.67156e-12 1.38471e-10 3.09802e-08 1.01773e-06 4.00312e-05 0.00111054 0.998848 
1.8849e-10 4.25592e-09 3.38474e-08 3.94852e-06 0.000130009 0.000815126 0.00395849 0.0148908 0.965057 0.0151449 
3.03007e-10 6.81138e-09 5.57815e-08 5.02829e-06 0.00015711 0.00178632 0.00801055 0.94618 0.0285133 0.0153475 
1.43003e-10 3.22835e-09 2.58488e-08 3.03703e-06 8.67153e-05 0.000951374 0.00532037 0.926617 0.0420888 0.0249328 
1.52533e-16 3.41994e-15 8.61555e-14 5.46703e-11 1.97814e-08 6.13737e-07 5.00647e-06 0.00081445 0.0046062 0.994574 
6.63047e-08 1.47822e-06 7.01416e-05 0.00145139 0.00928386 0.89984 0.0520053 0.0273753 0.00854826 0.00142374 
8.74276e-11 1.97493e-09 2.39906e-08 2.22931e-06 0.000182443 0.00227053 0.0136675 0.947717 0.0231476 0.0130131 
1.58387e-10 3.57597e-09 2.86198e-08 3.31518e-06 9.38e-05 0.000594984 0.0035432 0.0117095 0.955893 0.028162 
5.36382e-10 1.20158e-08 9.63753e-08 7.33472e-06 0.000895099 0.00451238 0.0253766 0.933851 0.0259363 0.00942161 
3.20281e-10 7.18509e-09 6.53652e-08 4.14305e-06 0.000345436 0.00139529 0.00661894 0.35487 0.624271 0.012495 
6.86803e-11 1.55057e-09 1.76161e-08 1.48503e-06 4.21447e-05 0.000465997 0.00204489 0.0106805 0.961035 0.0257305 
1.95333e-12 4.40872e-11 4.36287e-09 7.87663e-08 4.15924e-07 5.6486e-06 0.000522594 0.00236881 0.00750215 0.9896 
5.46611e-12 1.23386e-10 1.23328e-08 2.21876e-07 9.40412e-07 9.69229e-06 0.000660022 0.00431111 0.0184639 0.976554 
6.22118e-08 1.44473e-06 8.18784e-05 0.0015614 0.0109573 0.612771 0.371172 0.00287499 0.000571653 8.77293e-06 
6.466e-06 0.000143413 0.000280296 0.00651876 0.0246727 0.824615 0.127729 0.0131013 0.00287621 5.65658e-05 
2.61836e-10 5.91091e-09 7.07708e-08 5.32874e-06 0.000189228 0.00177107 0.00728196 0.0265795 0.942434 0.0217391 
1.25339e-10 2.83559e-09 3.16628e-08 2.70476e-06 0.000172291 0.0014092 0.00600041 0.217284 0.764887 0.0102443 
4.43289e-16 9.98919e-15 5.67649e-13 1.10765e-10 4.0379e-08 1.09423e-06 1.2292e-05 0.0014922 0.975 0.0234944 
1.34263e-10 3.03064e-09 2.3276e-08 2.74125e-06 4.81816e-05 0.000308101 0.00225368 0.00790004 0.959813 0.0296745 
1.66439e-17 3.74295e-16 7.26598e-15 1.01073e-12 1.4567e-10 1.60679e-08 5.34201e-08 9.096e-05 0.00374696 0.996162 
4.69405e-10 1.10081e-08 1.12172e-07 4.30443e-06 0.000509993 0.00476709 0.0204666 0.0456294 0.922138 0.00648435 
2.8802e-12 6.55974e-11 5.01959e-09 1.39828e-07 1.23882e-06 0.00050359 0.00359661 0.0161257 0.964469 0.0153042 
1.54921e-10 3.49753e-09 2.70392e-08 3.20716e-06 0.000107789 0.000674653 0.00304077 0.00977732 0.952719 0.0336775 
8.58092e-14 1.9364e-12 1.87634e-10 3.4313e-09 3.23481e-08 5.58037e-07 2.84509e-05 0.000710869 0.990894 0.0083662 
4.2682e-12 9.63445e-11 9.62585e-09 1.72975e-07 6.89331e-07 4.78643e-06 0.000278189 0.00187291 0.00696043 0.990883 
8.58534e-34 1.36977e-29 1.01179e-25 8.53975e-22 8.73598e-18 5.61282e-14 2.79547e-10 3.63019e-05 0.000509892 0.999454 
4.55697e-10 1.02269e-08 9.92309e-08 6.18011e-06 0.000491562 0.00263235 0.00917203 0.0265946 0.946059 0.0150445 
9.44361e-11 2.09696e-09 1.42197e-08 6.13702e-07 0.000110867 0.000917249 0.00328366 0.226992 0.76362 0.00507486 
1.25817e-09 3.09313e-08 1.99503e-06 0.000151555 0.000867636 0.00764727 0.0220204 0.0357798 0.927241 0.00628992 
3.74316e-08 8.38854e-07 1.39738e-05 0.00168002 0.00226973 0.0106342 0.0229058 0.0243576 0.0183145 0.919823 
3.92929e-12 8.91301e-11 8.88967e-09 1.6492e-07 7.49439e-07 1.06481e-05 0.000742106 0.00479915 0.015443 0.979004 
3.74415e-14 8.46659e-13 8.14709e-11 1.79528e-09 8.54262e-08 3.70431e-06 0.000296919 0.002754 0.0112458 0.9857 
4.8882e-11 1.10861e-09 2.94366e-08 1.18585e-06 8.44273e-05 0.00128706 0.00551367 0.0224515 0.95123 0.0194323 
6.80059e-16 1.55933e-14 5.95568e-13 8.97915e-11 2.2587e-08 8.52521e-07 5.63413e-05 0.000777994 0.00696954 0.992195 
1.68154e-08 3.83865e-07 5.93724e-06 0.000627148 0.00143444 0.00821336 0.693445 0.288374 0.00705603 0.00084428 
9.00732e-14 2.0014e-12 1.86451e-11 1.4581e-08 2.41844e-07 0.000339272 0.000145999 0.0040804 0.986502 0.00893234 
4.7377e-12 1.06934e-10 1.04684e-08 2.03279e-07 1.17655e-06 0.00030103 0.0018234 0.0125452 0.961385 0.0239438 
2.42216e-07 5.40092e-06 7.98825e-05 0.00210857 0.0132324 0.739147 0.22907 0.0112565 0.00404165 0.00105829 
3.19766e-10 7.12738e-09 6.65373e-08 2.58738e-06 0.000380839 0.00203587 0.0100777 0.0312561 0.937852 0.0183947 
1.94442e-08 4.17202e-07 9.27435e-06 0.000785391 0.00157255 0.0168276 0.934099 0.0327347 0.0110494 0.00292162 
3.15766e-10 7.04545e-09 5.28933e-08 3.23246e-06 0.000460707 0.00353873 0.940037 0.0289993 0.0186709 0.00828987 
6.64116e-12 1.50674e-10 1.21247e-08 3.03066e-07 2.27032e-06 0.000572682 0.00286458 0.0160258 0.961184 0.0193508 
1.2024e-10 2.71435e-09 3.06998e-08 2.61036e-06 6.75067e-05 0.000488469 0.00187809 0.0114336 0.963725 0.0224048 
1.099e-05 0.000838265 0.00237038 0.0124403 0.889077 0.0554753 0.0316732 0.00647361 0.00163348 7.84703e-06 
6.80012e-09 1.68918e-07 1.19819e-05 0.000653666 0.00247602 0.0219609 0.927838 0.0241207 0.0150048 0.00793357 
2.40429e-08 5.43635e-07 1.21255e-05 0.00154538 0.0102376 0.0425458 0.910375 0.022103 0.00914351 0.00403709 
1.46696e-10 3.31634e-09 3.13237e-08 3.17739e-06 8.02701e-05 0.000775531 0.00358139 0.0120875 0.0219303 0.961542 
9.28469e-11 2.08555e-09 2.21668e-08 1.84621e-05 0.000204148 0.00211465 0.0078252 0.453006 0.529994 0.00683793 
5.90968e-14 1.33183e-12 1.1803e-10 2.17016e-09 2.66571e-08 3.89559e-07 3.55325e-05 0.000199789 0.000720646 0.999044 
5.12611e-10 1.14704e-08 9.72306e-08 6.17698e-06 0.000437692 0.00340709 0.0125527 0.0292311 0.942831 0.0115346 
7.52686e-05 0.000845213 0.00479587 0.028631 0.914647 0.0388731 0.0116188 0.000506254 7.11818e-06 8.00923e-08 
1.41037e-06 7.25967e-05 0.0006926 0.0336743 0.0319317 0.593408 0.337375 0.0025079 0.000328511 7.62704e-06 
2.84575e-12 6.42389e-11 6.43452e-09 1.15572e-07 4.4983e-07 3.05269e-06 0.000204062 0.00115209 0.00333422 0.995306 
1.44722e-09 3.64028e-08 2.87171e-07 7.90005e-05 0.000516125 0.00276909 0.0126322 0.94404 0.0268884 0.0130746 
5.53397e-09 1.54639e-07 8.35538e-07 0.000224564 0.00103293 0.00370795 0.0145759 0.952211 0.0203947 0.00785142 
6.41465e-09 1.69042e-07 9.29798e-07 0.000189084 0.000727284 0.00250647 0.0102595 0.936181 0.0328611 0.0172747 
1.95268e-10 4.40727e-09 3.28739e-08 4.00443e-06 0.000150873 0.000298946 0.00192732 0.00752427 0.963762 0.0263329 
2.46253e-36 1.70907e-32 1.00317e-28 7.26579e-25 5.47075e-21 9.41082e-17 1.00557e-13 1.92237e-06 0.000173567 0.999825 
4.54546e-10 1.01466e-08 1.03183e-07 4.11801e-06 0.000669136 0.00368588 0.0172348 0.946779 0.0229642 0.00866321 
3.0532e-12 6.89119e-11 6.83708e-09 1.23363e-07 6.1139e-07 6.438e-06 0.000401842 0.00373207 0.0129817 0.982877 
4.20562e-07 9.49064e-06 0.000144508 0.00782699 0.885307 0.0461889 0.0377769 0.0169593 0.00550879 0.000277567 
3.19977e-08 7.46167e-07 3.92255e-05 0.00107692 0.0316071 0.721568 0.160494 0.0785264 0.00444724 0.00224029 
0.000198755 0.00121189 0.0157364 0.916977 0.045601 0.0170871 0.00308431 0.000102394 1.05313e-06 3.33264e-09 
1.53913e-16 3.42374e-15 3.88245e-14 2.86053e-11 2.54133e-09 5.67902e-07 4.18939e-06 0.000585784 0.00862599 0.990783 
3.2255e-12 7.27805e-11 7.11712e-09 1.44801e-07 7.90315e-07 0.000316923 0.00090998 0.00904328 0.970952 0.0187769 
6.3465e-18 1.41036e-16 1.35597e-15 1.04557e-12 1.74358e-11 2.4167e-08 1.97654e-07 0.000103883 0.00276604 0.99713 
2.59179e-16 5.84122e-15 1.23692e-13 1.66144e-11 2.78554e-09 3.37201e-06 0.000171562 0.00296795 0.9885 0.00835694 
1.53133e-10 3.45856e-09 3.08368e-08 3.27243e-06 8.56731e-05 0.000948373 0.00402211 0.0160879 0.960227 0.0186256 
3.8883e-07 2.36318e-05 0.000341144 0.00488281 0.0230412 0.0449409 0.917102 0.00832901 0.00132675 1.19275e-05 
2.83374e-13 6.39574e-12 6.32492e-10 1.14432e-08 6.22356e-08 9.20754e-07 2.54872e-05 0.000830598 0.00588836 0.993255 
1.32782e-15 3.04905e-14 1.18687e-12 1.36001e-10 2.18228e-08 1.25498e-06 0.000143808 0.000861815 0.00369543 0.995298 
1.89622e-10 4.27952e-09 3.169e-08 3.83772e-06 8.37933e-05 0.000222194 0.00150615 0.00432989 0.013112 0.980742 
1.37203e-10 3.09788e-09 2.47123e-08 2.89604e-06 0.000103606 0.000828334 0.00426412 0.0185602 0.958582 0.0176584 
5.8289e-10 1.30365e-08 9.45415e-08 6.69103e-06 0.000545477 0.00209559 0.00955897 0.0238632 0.94507 0.0188598 
2.29383e-05 0.000589751 0.00384696 0.59765 0.329944 0.0615131 0.00576852 0.000567686 9.0617e-05 6.51964e-06 
4.95672e-06 0.000122916 0.000200545 0.00334933 0.171322 0.0421647 0.011992 0.24406 0.52303 0.00375395 
9.30545e-14 2.10089e-12 2.12342e-10 3.81161e-09 1.32661e-08 1.66541e-07 5.00189e-06 0.000281257 0.00449925 0.995214 
1.14184e-10 2.56378e-09 3.93952e-08 1.58626e-06 0.000251895 0.00257575 0.0124467 0.952742 0.0220983 0.00988387 
2.61504e-30 1.5545e-27 2.21045e-24 1.96166e-21 1.31815e-17 9.83924e-14 4.28397e-10 4.71145e-05 0.00145238 0.998501 
2.46738e-12 5.56953e-11 5.56157e-09 9.9808e-08 4.05042e-07 3.52994e-06 0.0002806 0.00176929 0.00715657 0.990789 
2.52557e-08 5.47584e-07 8.52256e-06 0.000876134 0.00150377 0.00807167 0.0168953 0.0254123 0.939828 0.00740358 
6.13955e-08 1.36145e-06 2.82954e-05 0.00187072 0.00502657 0.0185737 0.0407579 0.925689 0.00706514 0.000987671 
1.21082e-10 2.73315e-09 2.05936e-08 2.49824e-06 8.43807e-05 0.000607803 0.00252657 0.0114061 0.972691 0.012682 
6.58196e-09 1.64899e-07 1.20166e-06 0.000319005 0.000662047 0.00487354 0.0136295 0.0251949 0.949661 0.00565876 
4.78971e-10 1.0688e-08 1.03961e-07 4.11245e-06 0.000664979 0.00365015 0.0135262 0.027771 0.943412 0.0109718 
6.88554e-08 1.51773e-06 6.50111e-05 0.00245237 0.00956873 0.899822 0.0557714 0.0234174 0.00692565 0.00197587 
8.77297e-11 1.98077e-09 1.59887e-08 1.87277e-06 6.13494e-05 0.000658237 0.00378077 0.771963 0.21315 0.010385 
3.096e-10 6.93835e-09 5.45529e-08 3.46545e-06 0.000265985 0.00125068 0.00580927 0.0186668 0.958516 0.0154873 
1.89536e-10 4.2791e-09 3.34863e-08 3.9423e-06 0.00012559 0.000869028 0.00358313 0.014704 0.956117 0.0245972 
1.26621e-10 2.85968e-09 2.40955e-08 2.74913e-06 6.98827e-05 0.00175151 0.00977844 0.947714 0.0263725 0.014311 
2.84047e-10 6.33468e-09 6.83276e-08 2.97714e-06 0.000467286 0.00368634 0.0139935 0.0290412 0.945686 0.00712217 
5.11098e-16 1.17621e-14 4.70456e-13 5.33164e-11 1.17016e-08 4.44956e-07 4.05629e-05 0.000366118 0.00315428 0.996439 
1.37067e-07 5.02344e-06 0.00174508 0.864499 0.0378628 0.0436372 0.0346926 0.0134227 0.00391589 0.000219321 
1.76577e-12 3.98399e-11 3.87139e-09 7.90251e-08 4.73881e-07 0.00016709 0.00101111 0.380817 0.374413 0.243592 
1.40223e-07 3.15181e-06 0.000162346 0.00415581 0.0232395 0.918722 0.0361252 0.0120407 0.00470329 0.000848107 
1.46857e-08 3.49847e-07 9.27695e-06 0.000618806 0.00133006 0.00780235 0.296254 0.682976 0.00971325 0.00129562 
6.38565e-17 1.47388e-15 5.94413e-14 3.60875e-12 4.55333e-11 1.62864e-08 9.72372e-08 9.00292e-05 0.00255651 0.997353 
1.68724e-10 3.80797e-09 2.83337e-08 3.44873e-06 7.5143e-05 0.000355838 0.00179129 0.00648997 0.0196842 0.9716 
9.22585e-13 2.08208e-11 2.05379e-09 3.70567e-08 2.20986e-07 2.71242e-06 0.000137942 0.00234064 0.0117443 0.985774 
2.82183e-10 6.41196e-09 9.87192e-08 6.77179e-06 0.000592762 0.00271026 0.0144388 0.0368128 0.931275 0.014163 
1.29606e-10 2.92722e-09 3.11479e-08 3.0231e-06 0.000186233 0.00202075 0.0114371 0.0339439 0.936225 0.0161842 
3.05004e-07 1.32327e-05 0.000276512 0.00387256 0.0105858 0.0156044 0.0242118 0.0289064 0.912665 0.00386446 
7.95456e-13 1.80297e-11 1.1347e-09 4.67016e-08 5.76419e-07 0.000274828 0.00126222 0.00958669 0.977321 0.0115542 
1.78417e-10 4.04357e-09 6.76021e-08 3.81196e-06 0.000235714 0.00120281 0.00721969 0.0121434 0.0207157 0.958479 
9.81554e-11 2.21577e-09 1.75642e-08 2.52852e-06 0.000284761 0.0967958 0.102314 0.658515 0.0724969 0.0695908 
3.57687e-05 0.001164 0.00599746 0.347484 0.632003 0.0109769 0.00216467 0.000169765 3.64861e-06 4.90206e-08 
4.8086e-11 1.08572e-09 1.35167e-08 1.05937e-06 7.43139e-05 0.000168132 0.00155112 0.00555295 0.0119345 0.980718 
1.86485e-10 4.2113e-09 3.44546e-08 3.94877e-06 0.000116325 0.00114669 0.00607831 0.941971 0.0329791 0.0177041 
1.14743e-17 2.54974e-16 2.42455e-15 1.87949e-12 3.10677e-11 4.43859e-08 5.70836e-08 3.12276e-05 0.000633941 0.999335 
3.84574e-09 9.8801e-08 5.98533e-07 0.000154906 0.000978152 0.0053921 0.915146 0.0492706 0.0224436 0.00661371 
2.56898e-08 5.81324e-07 1.35301e-05 0.00116896 0.00198792 0.0107308 0.487834 0.489093 0.00821364 0.000957576 
2.33141e-12 5.2705e-11 5.01488e-09 9.58052e-08 9.09774e-07 0.000241256 0.000663735 0.951878 0.0264607 0.0207552 
1.27517e-09 3.44884e-08 4.02721e-06 0.00020472 0.00315644 0.778668 0.175118 0.0281097 0.011128 0.00361127 
1.05506e-08 2.489e-07 1.74575e-06 0.000313858 0.00152777 0.00550657 0.0195626 0.945333 0.0199685 0.00778558 
1.05331e-18 2.34032e-17 2.17404e-16 1.70712e-13 2.80749e-12 4.15944e-09 4.46747e-09 5.52572e-05 0.00146375 0.998481 
7.53342e-08 1.82421e-06 2.91257e-05 0.00177727 0.00734375 0.0181593 0.0314508 0.933805 0.00691636 0.000516509 
6.47288e-14 1.4387e-12 1.37214e-11 1.06495e-08 2.08924e-07 0.000148887 0.00050101 0.00553998 0.97109 0.0227201 
4.44959e-08 1.07623e-06 1.74154e-05 0.00124194 0.00402232 0.0177052 0.957253 0.0162253 0.00327682 0.000257192 
5.86801e-06 0.000129874 0.000148436 0.00444997 0.644063 0.0692592 0.246042 0.0341566 0.00172139 2.33382e-05 
1.60701e-06 0.00025506 0.000866773 0.00835246 0.0256018 0.04545 0.907474 0.0105154 0.00147052 1.2376e-05 
8.91604e-13 2.0126e-11 2.00728e-09 3.70216e-08 1.63289e-07 1.44939e-06 9.96189e-05 0.000656313 0.0439378 0.955305 
1.333e-07 3.06321e-06 9.22732e-05 0.0041548 0.0180883 0.0478056 0.909811 0.0148523 0.00506157 0.00013058 
1.57832e-10 3.56263e-09 2.6773e-08 3.23451e-06 0.000110541 0.000305401 0.00183722 0.00625946 0.0180044 0.97348 
7.15644e-11 1.61518e-09 2.21562e-08 1.59291e-06 1.90217e-05 0.000313746 0.00227531 0.014661 0.955421 0.0273079 
8.29569e-11 1.87134e-09 1.60267e-08 1.72927e-06 8.88915e-05 0.00116503 0.00587533 0.0227052 0.953261 0.0169032 
1.14712e-10 2.58958e-09 2.06455e-08 2.39048e-06 2.91371e-05 0.000673892 0.0031457 0.0159032 0.961989 0.0182566 
2.07386e-08 4.34079e-07 2.53306e-06 0.000495902 0.00201122 0.00805264 0.0278893 0.938352 0.019048 0.00414764 
4.4425e-06 0.000422136 0.00283393 0.0201975 0.902562 0.0520194 0.0199985 0.00167529 0.00026933 1.72405e-05 
7.73321e-12 1.75493e-10 1.26071e-08 3.23841e-07 6.07638e-06 0.000517946 0.00245802 0.0135446 0.0258293 0.957644 
1.4328e-24 1.97705e-22 3.90665e-19 7.04917e-17 1.62234e-14 9.91953e-11 2.44917e-10 3.14618e-06 0.000199124 0.999798 
1.11476e-12 2.51614e-11 2.50451e-09 4.51456e-08 2.21512e-07 1.69238e-06 9.88564e-05 0.00134241 0.00806658 0.99049 
7.03927e-11 1.5892e-09 1.34282e-08 1.46785e-06 5.12929e-05 0.000402314 0.00190627 0.00849502 0.971508 0.0176353 
6.01901e-11 1.3671e-09 3.59515e-08 1.31917e-06 7.19794e-05 0.00137304 0.005615 0.0223655 0.947291 0.0232819 
1.97901e-08 4.62559e-07 1.03928e-05 0.000826093 0.00197289 0.0122426 0.256194 0.722756 0.0055842 0.000413609 
1.99041e-06 0.000193189 0.0031082 0.0128208 0.160527 0.665949 0.127917 0.0280314 0.00121408 0.000236976 
4.59516e-12 1.03724e-10 1.03502e-08 1.86163e-07 7.98342e-07 7.05256e-06 0.000540805 0.00353747 0.0151967 0.980717 
2.31558e-15 5.31305e-14 2.06015e-12 2.93913e-10 6.62408e-08 2.76088e-06 0.000208196 0.00221349 0.0111961 0.986379 
1.53424e-11 3.70184e-10 6.19616e-08 0.000170897 0.000729294 0.904325 0.0433115 0.0260441 0.0152431 0.0101758 
2.6513e-12 5.98429e-11 5.9608e-09 1.10656e-07 4.88157e-07 9.28857e-05 0.0002065 0.00325268 0.976255 0.0201927 
1.05065e-11 2.37182e-10 1.19937e-08 3.23131e-07 7.60042e-06 2.47051e-05 0.000984867 0.00588427 0.0205934 0.972505 
7.61918e-12 1.72964e-10 1.39464e-08 3.89752e-07 4.3469e-05 0.00113069 0.00565753 0.0230273 0.949929 0.0202115 
5.59082e-25 7.85713e-23 1.5416e-19 2.81627e-17 6.45045e-15 3.95477e-11 8.09115e-10 5.05077e-05 0.00226213 0.997687 
1.51686e-10 3.37877e-09 3.59073e-08 1.70813e-06 0.000284597 0.00101032 0.00614916 0.0161717 0.925024 0.0513584 
1.57885e-10 3.56417e-09 2.75265e-08 3.26532e-06 6.58998e-05 0.000746341 0.00415317 0.210839 0.771248 0.0129441 
1.24734e-13 2.81393e-12 2.70582e-10 4.88092e-09 3.27027e-08 4.22101e-07 1.69149e-05 0.000333784 0.0044659 0.995183 
8.09506e-11 1.82814e-09 1.51627e-08 1.74486e-06 5.82124e-05 0.000405932 0.0024628 0.00894114 0.021408 0.966722 
1.89684e-10 4.28098e-09 3.23329e-08 3.87924e-06 0.000131711 0.000393335 0.0023372 0.00771742 0.962128 0.027288 
6.83325e-12 1.54794e-10 1.27295e-08 2.96968e-07 1.58345e-05 0.000307226 0.00203125 0.00950145 0.0233922 0.964752 
1.7966e-05 0.000520259 0.00232008 0.0120454 0.937853 0.0353327 0.010864 0.000958169 8.86091e-05 1.34782e-07 
3.32494e-09 9.09981e-08 1.11038e-05 0.000399161 0.00230245 0.0217003 0.924069 0.0332093 0.0130825 0.00522614 
8.18162e-18 1.81786e-16 1.68732e-15 1.32608e-12 2.2173e-11 3.0981e-08 8.014e-08 7.89898e-05 0.00283141 0.997089 
1.20772e-10 2.72701e-09 2.10153e-08 2.50006e-06 9.98119e-05 0.000466163 0.00208018 0.00591401 0.0116867 0.979751 
2.11371e-05 0.000468083 0.000667718 0.0115264 0.0345172 0.908711 0.0295401 0.0101626 0.00423527 0.000150372 
4.68097e-10 1.12799e-08 9.28456e-08 1.37815e-05 0.000365087 0.00161534 0.0107933 0.833039 0.149332 0.00484159 
1.68194e-10 3.78382e-09 3.2694e-08 3.13631e-06 0.00022696 0.00259236 0.0114101 0.951475 0.0241303 0.010162 
4.67989e-17 1.06419e-15 3.55226e-14 7.96119e-12 1.76074e-09 7.67881e-08 2.1604e-06 0.000114205 0.00243141 0.997452 
3.70329e-12 8.35978e-11 8.37365e-09 1.50558e-07 6.41488e-07 6.51408e-06 0.000523074 0.00317421 0.00926898 0.987026 
1.82912e-10 4.12923e-09 3.20851e-08 3.75119e-06 5.98204e-05 0.000589395 0.00266022 0.00963413 0.0206944 0.966358 
4.16375e-12 9.39509e-11 9.09396e-09 1.86899e-07 1.27965e-06 0.000493737 0.00345345 0.94144 0.0334858 0.0211257 
4.17422e-12 9.42223e-11 9.39779e-09 1.69077e-07 7.35986e-07 6.82305e-06 0.000549808 0.00240339 0.00658228 0.990457 
5.14459e-05 0.000850395 0.00822383 0.208993 0.764948 0.0148853 0.00196401 8.29159e-05 1.862e-06 2.4655e-08 
1.02646e-15 2.33189e-14 1.71607e-12 9.01428e-11 1.88462e-08 6.70284e-07 6.96803e-05 0.000722857 0.985413 0.0137936 
1.90361e-10 4.29762e-09 3.38136e-08 3.97868e-06 0.000123996 0.000784307 0.00368668 0.0116148 0.0228223 0.960964 
5.04268e-13 1.13772e-11 1.10617e-09 1.99235e-08 1.0375e-07 6.61336e-07 3.13162e-05 0.000362858 0.00129092 0.998314 
3.43287e-10 7.68159e-09 4.87226e-08 4.16429e-06 0.00023366 0.000657126 0.00452094 0.00928947 0.0177859 0.967509 
4.43121e-08 1.0363e-06 1.85804e-05 0.0017285 0.00551618 0.906909 0.0602176 0.0218968 0.00353713 0.000175164 
3.65605e-10 8.30409e-09 1.13625e-07 7.94144e-05 0.000670249 0.00647884 0.305159 0.671765 0.0118672 0.00397927 
1.36848e-12 3.08593e-11 2.89838e-09 6.42255e-08 5.11408e-07 0.000196635 0.00112566 0.155473 0.0151616 0.828042 
0 0 0 0 0 0 0 0 9.26057e-05 0.999907 
6.44499e-11 1.45612e-09 2.11065e-08 1.52819e-06 0.000107365 0.000728849 0.00367702 0.0175801 0.958934 0.0189714 
6.73307e-11 1.52004e-09 1.77881e-08 1.46739e-06 4.4416e-05 0.000228846 0.00149498 0.00622883 0.939285 0.0527168 
1.80289e-10 4.03301e-09 2.52901e-08 2.20235e-06 0.000197062 0.000617424 0.00379945 0.010832 0.921439 0.0631127 
1.42044e-10 3.20591e-09 2.54668e-08 2.89604e-06 7.53213e-05 0.000178472 0.00111466 0.00402953 0.0142975 0.980302 
4.88488e-12 1.10291e-10 1.11633e-08 2.0169e-07 8.29549e-07 0.000142492 0.0022697 0.0104453 0.964261 0.0228808 
3.26935e-08 7.24016e-07 9.89301e-06 0.00151585 0.011484 0.897793 0.0407639 0.0338778 0.0120306 0.00252396 
5.93691e-12 1.34638e-10 1.31063e-08 2.60376e-07 2.88313e-05 0.000242974 0.00128035 0.00703463 0.0203412 0.971072 
2.97197e-12 6.70964e-11 6.77399e-09 1.21743e-07 4.18546e-07 2.43062e-06 0.000106347 0.000602409 0.00177052 0.997518 
0.000440145 0.0142559 0.940036 0.035788 0.00931529 0.000162631 1.72098e-06 4.69697e-08 4.75487e-11 1.91432e-13 
2.32912e-10 5.25786e-09 4.36088e-08 4.83073e-06 8.57685e-05 0.000923006 0.00397883 0.931341 0.0439465 0.0197203 
9.21522e-11 2.10765e-09 6.40948e-08 2.47944e-06 0.000206052 0.00278646 0.0159962 0.948949 0.0228657 0.0091945 
1.69844e-09 4.20178e-08 1.34126e-06 8.3825e-05 0.000446596 0.00269184 0.0211719 0.0715552 0.787023 0.117026 
8.82854e-11 1.99507e-09 1.95518e-08 4.1727e-06 0.00263523 0.912208 0.0227876 0.0257653 0.0237045 0.0128954 
5.26169e-16 1.20524e-14 4.31543e-13 5.76483e-11 1.10647e-08 5.5906e-07 9.25811e-06 0.000917905 0.493953 0.50512 
3.39381e-09 9.30588e-08 3.59982e-06 0.000241073 0.00123488 0.107527 0.725581 0.157091 0.00649939 0.00182216 
3.11936e-12 7.0904e-11 4.57504e-09 1.53499e-07 1.48045e-06 0.000164171 0.00150743 0.00867513 0.802554 0.187097 
3.11498e-12 7.03135e-11 7.01289e-09 1.26624e-07 6.06193e-07 7.15681e-06 0.000520211 0.00418892 0.015829 0.979454 
1.36932e-10 3.0909e-09 2.61571e-08 2.8563e-06 0.000106738 0.0009195 0.00407337 0.018388 0.958662 0.0178477 
4.57249e-14 1.03247e-12 1.04673e-10 1.90311e-09 7.5596e-09 3.5237e-07 8.74625e-06 0.000324257 0.00556842 0.994098 
2.02333e-10 4.56798e-09 3.61362e-08 4.43968e-06 0.00030941 0.00201561 0.00665419 0.0207178 0.0290808 0.941218 
2.43668e-44 4.531e-40 2.07108e-35 1.25265e-30 2.69547e-26 2.90647e-22 1.71115e-16 7.44285e-08 0.000103268 0.999897 
1.30712e-10 2.95195e-09 2.46195e-08 2.79803e-06 0.000118618 0.000753257 0.00422558 0.0164174 0.0331737 0.945309 
2.59043e-12 5.84744e-11 5.84492e-09 1.05188e-07 4.63413e-07 4.45109e-06 0.000357163 0.00208119 0.00645612 0.991101 
1.9865e-08 4.21703e-07 3.37721e-06 0.00087572 0.00151832 0.0145708 0.903808 0.0646001 0.0126529 0.00197007 
3.01792e-05 0.000675597 0.00218517 0.0177675 0.371311 0.236293 0.362437 0.0076489 0.00163496 1.64308e-05 
7.51404e-11 1.69708e-09 3.69478e-08 1.79338e-06 0.000296793 0.00632564 0.637634 0.331935 0.0166714 0.00713519 
1.83724e-10 4.14769e-09 3.77617e-08 3.91086e-06 0.000127263 0.0010812 0.00421422 0.0195675 0.9545 0.0205063 
4.62753e-10 1.03642e-08 8.34071e-08 6.11677e-06 0.000269481 0.00300755 0.0113609 0.928126 0.0388387 0.0183907 
2.05555e-12 4.63995e-11 4.62998e-09 8.33668e-08 3.95787e-07 4.49146e-06 0.000377486 0.00236693 0.976575 0.0206755 
2.5032e-10 5.65127e-09 4.40286e-08 5.1954e-06 0.000160737 0.000783316 0.00380067 0.012749 0.0268843 0.955617 
4.94174e-07 3.14067e-05 0.000347253 0.00616745 0.0241294 0.766376 0.198428 0.0036434 0.000857879 1.85654e-05 
5.15766e-12 1.16423e-10 1.16353e-08 2.09212e-07 8.98849e-07 8.0212e-06 0.000580851 0.00412088 0.0153065 0.979983 
0 0 0 0 0 0 0 0 3.5733e-05 0.999964 
4.26536e-12 9.69183e-11 6.54652e-09 2.53574e-07 1.12126e-05 0.00081994 0.00609543 0.963443 0.0185806 0.0110492 
3.1185e-12 7.0381e-11 6.96228e-09 1.31961e-07 6.20727e-07 6.32899e-05 0.000423494 0.00439002 0.974048 0.0210741 
3.42416e-08 7.45457e-07 6.50345e-06 0.00135267 0.00215419 0.0145191 0.0324645 0.936544 0.0104198 0.00253882 
1.54963e-10 3.49732e-09 2.58788e-08 3.13204e-06 3.71383e-05 0.000177979 0.0011012 0.003366 0.0162129 0.979102 
1.6064e-10 3.62688e-09 2.9462e-08 3.47001e-06 0.000178333 0.00140888 0.00597063 0.0225916 0.95209 0.017757 
9.73246e-08 2.14421e-06 0.000152387 0.00230362 0.0079613 0.0192404 0.9282 0.0333248 0.00820972 0.000605612 
1.89528e-12 4.27818e-11 4.25995e-09 7.6888e-08 4.09296e-07 5.81854e-06 0.000417186 0.00383799 0.0136971 0.982041 
5.65323e-12 1.2761e-10 1.27331e-08 2.29794e-07 1.04911e-06 0.000102528 0.000826467 0.00498927 0.0169629 0.977118 
