14176
4.64028e-15 9.96576e-14 2.13759e-12 5.00998e-10 5.60889e-08 2.19564e-06 3.35115e-05 0.00255306 0.0262922 0.971119 
4.42141e-15 9.57544e-14 2.40121e-12 5.51436e-10 7.23391e-08 2.77985e-06 0.000113528 0.00282923 0.0283447 0.96871 
2.30623e-12 4.91664e-11 8.09386e-10 1.71849e-07 2.22198e-05 0.00151476 0.019387 0.086608 0.862076 0.030392 
1.14734e-11 2.58785e-10 1.21442e-08 2.24106e-06 0.000393013 0.00581126 0.037956 0.645629 0.304404 0.00580473 
1.56014e-05 0.000329921 0.00420792 0.206518 0.383748 0.381045 0.0204114 0.00267241 0.00103478 1.68542e-05 
4.01807e-15 8.65052e-14 1.93287e-12 4.37799e-10 5.38165e-08 1.94337e-06 2.63525e-05 0.00210132 0.0256352 0.972235 
1.41971e-15 3.06167e-14 7.37355e-13 2.05241e-10 1.90136e-08 6.67389e-07 1.29935e-05 0.000866885 0.00920894 0.98991 
1.3326e-12 2.85839e-11 5.60909e-10 7.52666e-08 2.66321e-06 8.51959e-05 0.00212708 0.0119908 0.0427785 0.943016 
7.95535e-08 1.8151e-06 6.2049e-05 0.00215987 0.0259139 0.0845721 0.864048 0.0212941 0.00186548 8.25925e-05 
1.40871e-12 2.96586e-11 3.35497e-10 5.98856e-08 2.18463e-06 0.000299677 0.00236264 0.0149423 0.904952 0.0774406 
5.05562e-12 1.08784e-10 2.7301e-09 5.3981e-07 7.9829e-05 0.0011963 0.00716544 0.0285452 0.049313 0.9137 
5.28708e-09 1.75938e-07 1.52667e-05 0.00114821 0.0193412 0.0758217 0.849827 0.039559 0.0117864 0.00250134 
4.62279e-10 9.79348e-09 2.22354e-07 9.72524e-05 0.00126152 0.0206432 0.877702 0.073725 0.0232543 0.0033169 
1.27453e-15 2.85551e-14 1.10307e-12 2.26479e-10 4.04079e-08 8.19043e-07 7.57236e-06 0.000585109 0.00321407 0.996192 
7.9315e-12 1.75444e-10 6.82295e-09 1.23152e-06 0.00021266 0.00268068 0.0235777 0.913444 0.0453239 0.0147595 
9.30201e-09 2.42358e-07 1.05397e-05 0.000400411 0.00274236 0.0276135 0.0742413 0.876031 0.018019 0.000941944 
1.49286e-12 3.13927e-11 3.43905e-10 6.15979e-08 2.24629e-06 0.000351706 0.00260133 0.0165368 0.921894 0.0586142 
4.53117e-09 1.65228e-07 1.30442e-05 0.000250185 0.000959754 0.00851446 0.037218 0.0934362 0.849059 0.0105493 
5.83497e-16 1.23657e-14 1.92996e-13 3.88314e-11 5.24292e-09 4.17898e-07 4.43013e-05 0.00394101 0.485491 0.510523 
5.00684e-15 1.08304e-13 2.65358e-12 6.16294e-10 7.69985e-08 2.53033e-06 3.56485e-05 0.00289622 0.89984 0.0972256 
1.8821e-12 3.96726e-11 4.69884e-10 8.48e-08 3.8053e-06 0.000421536 0.00612313 0.870815 0.088227 0.0344095 
4.0114e-14 8.56245e-13 1.39703e-11 2.6039e-09 1.21123e-07 4.39866e-06 0.000175351 0.00237114 0.0303698 0.967079 
1.84171e-12 3.88831e-11 4.82468e-10 8.85156e-08 3.26872e-06 0.000382041 0.00442439 0.879231 0.0798152 0.0361438 
1.18978e-05 0.000246977 0.00330853 0.743474 0.165102 0.0726242 0.0145493 0.000672153 1.04339e-05 2.25558e-07 
8.60385e-13 1.8578e-11 4.75996e-10 6.051e-08 2.67209e-06 0.000163244 0.00188832 0.0120931 0.0351253 0.950727 
3.75688e-09 1.65726e-07 1.57641e-05 0.000304243 0.000658773 0.00820942 0.0377738 0.914415 0.033197 0.00542601 
1.5421e-07 4.2426e-06 7.67363e-05 0.00165813 0.011218 0.0526715 0.877032 0.052755 0.00451075 7.35146e-05 
1.37737e-12 2.90139e-11 3.31219e-10 5.86293e-08 2.05516e-06 0.000260694 0.00271893 0.0227661 0.949545 0.0247067 
2.1147e-12 4.63871e-11 1.44553e-09 1.70225e-07 1.11772e-05 0.000451312 0.00517532 0.033918 0.928778 0.031666 
9.75733e-12 2.23573e-10 1.19153e-08 2.36488e-06 0.000330416 0.00679848 0.0486259 0.900557 0.0390462 0.00463983 
2.34236e-07 5.76276e-06 0.000154819 0.00455933 0.0307328 0.866478 0.074721 0.0207682 0.00252157 5.87584e-05 
6.15271e-12 1.34236e-10 4.43828e-09 6.45006e-07 6.80366e-05 0.00139772 0.0076816 0.0263643 0.658901 0.305587 
1.62598e-12 3.55452e-11 1.00938e-09 2.12692e-07 3.50432e-05 0.00419261 0.874333 0.0672143 0.0375576 0.0166668 
7.05736e-14 1.50598e-12 2.38965e-11 4.33872e-09 2.27699e-07 8.88861e-06 0.000376441 0.00618562 0.676755 0.316674 
1.38531e-12 2.9218e-11 3.43764e-10 6.03036e-08 2.12175e-06 0.000336212 0.00495476 0.901794 0.0602323 0.0326806 
1.40607e-12 2.95834e-11 3.3427e-10 6.11965e-08 2.46175e-06 0.000315743 0.0037867 0.0308931 0.926296 0.0387062 
6.32642e-13 1.32139e-11 1.16997e-10 2.14752e-08 6.47841e-07 8.52134e-05 0.00109281 0.0175727 0.932708 0.0485404 
1.02414e-11 2.30688e-10 1.10139e-08 1.85901e-06 0.00027374 0.00391131 0.0198452 0.0527918 0.906613 0.0165634 
1.1448e-11 2.61112e-10 1.4195e-08 2.9665e-06 0.000380235 0.00568823 0.0298268 0.498964 0.461155 0.00398264 
3.21552e-15 6.99042e-14 1.82472e-12 3.8815e-10 5.63928e-08 1.61371e-06 2.09052e-05 0.0016598 0.00698662 0.991331 
2.00438e-12 4.2185e-11 4.72973e-10 8.44789e-08 3.07582e-06 0.000440578 0.00381606 0.0308524 0.930111 0.0347767 
3.48432e-14 7.47004e-13 1.37898e-11 2.67332e-09 1.91194e-07 6.41219e-06 0.000155028 0.00262388 0.0117708 0.985444 
7.8451e-15 1.68655e-13 3.59161e-12 8.30275e-10 8.05901e-08 2.86247e-06 4.42285e-05 0.00307055 0.0307565 0.966126 
3.36524e-15 7.25474e-14 1.67769e-12 3.78791e-10 5.19863e-08 4.23526e-06 0.000340015 0.0083408 0.674768 0.316547 
5.74374e-09 1.18544e-07 1.11726e-06 0.000254937 0.00793794 0.878638 0.0766139 0.0303117 0.00549724 0.000744611 
5.37098e-15 1.15647e-13 2.63126e-12 6.19913e-10 7.08539e-08 2.84283e-06 7.59114e-05 0.00742502 0.92627 0.0662266 
9.60586e-05 0.00197942 0.0060986 0.048188 0.109057 0.812954 0.0211128 0.00050802 6.28939e-06 1.08444e-07 
8.3598e-12 1.87918e-10 8.9032e-09 1.34323e-06 0.000179598 0.00432025 0.439909 0.499341 0.0427844 0.0134643 
6.27937e-12 1.42585e-10 6.55813e-09 1.46957e-06 0.000264552 0.00351558 0.0196594 0.895333 0.063493 0.0177331 
1.81407e-12 3.83671e-11 5.09694e-10 9.7539e-08 6.10079e-06 0.00063265 0.0120191 0.901339 0.0590132 0.0269896 
3.13204e-11 8.58977e-10 1.8148e-07 0.000150926 0.00253006 0.036644 0.883531 0.056453 0.0176824 0.00300867 
4.26298e-29 1.01375e-25 3.36804e-22 1.08671e-18 1.78632e-15 8.90387e-12 4.29162e-08 0.000154376 0.00333589 0.99651 
2.1533e-12 4.52727e-11 4.90926e-10 8.734e-08 2.93456e-06 0.000443366 0.00407846 0.0308583 0.92418 0.0404367 
1.26295e-12 2.67026e-11 3.50759e-10 6.6988e-08 4.72775e-06 0.000688399 0.0100778 0.904907 0.0612985 0.0230239 
8.55127e-08 1.95136e-06 5.91893e-05 0.00180841 0.0193068 0.857766 0.091872 0.0266809 0.00239447 0.00010993 
3.56418e-13 7.44568e-12 6.64731e-11 1.22213e-08 3.87407e-07 4.77861e-05 0.000797951 0.0221525 0.929189 0.0478124 
5.48281e-15 1.18734e-13 2.97874e-12 6.82429e-10 9.31094e-08 3.85054e-06 0.000316388 0.0109577 0.931741 0.0569806 
2.14117e-12 4.51358e-11 5.27702e-10 9.45217e-08 4.44291e-06 0.000807293 0.0139564 0.904486 0.0560439 0.0247022 
6.69304e-12 1.50216e-10 6.31743e-09 1.41642e-06 0.000232765 0.00372857 0.0252669 0.919764 0.0401208 0.0108855 
1.05324e-12 2.23039e-11 2.87195e-10 4.92768e-08 1.7377e-06 0.000226432 0.00298001 0.885522 0.0790274 0.0322425 
1.81178e-15 3.94418e-14 1.08281e-12 2.65473e-10 3.21011e-08 9.36607e-07 1.52524e-05 0.00115789 0.0093434 0.989482 
4.08149e-06 8.31336e-05 0.000251456 0.00419565 0.0451545 0.879035 0.0589445 0.0107275 0.00155774 4.62554e-05 
5.30467e-06 0.000108146 0.000496342 0.019794 0.830274 0.0869206 0.048424 0.0122062 0.00172956 4.15878e-05 
2.07401e-12 4.77344e-11 2.45254e-09 3.4645e-07 4.18289e-05 0.00186412 0.0205316 0.90475 0.0527516 0.0200607 
1.51486e-12 3.18649e-11 3.49991e-10 6.20614e-08 2.14627e-06 0.000320815 0.00291544 0.0247014 0.947245 0.0248154 
3.25979e-16 6.81299e-15 6.2608e-14 1.17364e-11 5.15376e-10 1.46187e-07 2.49433e-06 0.000528746 0.0124302 0.987038 
0.000159876 0.0014759 0.0131794 0.154902 0.804126 0.0235976 0.00244665 0.000111362 1.26667e-06 2.16154e-08 
9.3607e-09 2.53515e-07 1.94302e-05 0.00932005 0.811989 0.0805864 0.0665741 0.0268528 0.00432122 0.000337079 
1.45255e-14 3.11903e-13 6.22416e-12 1.29453e-09 1.38327e-07 5.43121e-06 0.000134388 0.0036406 0.211945 0.784275 
3.92814e-15 8.2212e-14 8.38572e-13 2.03904e-10 6.15838e-09 9.00573e-07 1.37518e-05 0.00149367 0.919908 0.078584 
1.81294e-15 3.88511e-14 7.98908e-13 1.9026e-10 2.06173e-08 8.75744e-07 1.27723e-05 0.00107841 0.0143848 0.984523 
1.77234e-12 3.73668e-11 4.36375e-10 7.68752e-08 2.69516e-06 0.000341492 0.00380449 0.0292665 0.934903 0.0316817 
4.35127e-13 9.27345e-12 1.40072e-10 2.45754e-08 1.08106e-06 4.01412e-05 0.00114411 0.0072613 0.0314033 0.96015 
8.93183e-16 1.89646e-14 3.2958e-13 9.76539e-11 6.34789e-09 4.32018e-07 8.90252e-06 0.00143009 0.02214 0.976421 
4.67994e-13 9.96773e-12 1.46924e-10 2.54334e-08 1.08319e-06 0.000112494 0.00166441 0.0167442 0.937525 0.0439528 
2.91429e-15 6.29688e-14 1.49069e-12 3.19344e-10 4.4047e-08 1.4217e-06 1.61422e-05 0.00132227 0.00860674 0.990053 
6.44876e-12 1.40618e-10 4.87136e-09 6.41542e-07 3.98159e-05 0.00144402 0.00890068 0.0365634 0.926511 0.0265403 
9.35493e-05 0.00260037 0.014999 0.664829 0.25779 0.0527053 0.0067828 0.000193216 6.80346e-06 1.404e-07 
2.26867e-07 5.61618e-06 0.00017348 0.00296389 0.0278779 0.898622 0.0579287 0.0111915 0.00121904 1.78112e-05 
1.30319e-13 2.77819e-12 4.24727e-11 7.5455e-09 3.61741e-07 1.2865e-05 0.000379927 0.00836175 0.92439 0.0668547 
0.00110324 0.0377357 0.838191 0.100892 0.0202349 0.00177824 6.21777e-05 2.88005e-06 3.68044e-08 5.39631e-10 
9.16894e-11 2.03572e-09 5.85628e-08 6.12286e-06 0.000456377 0.00632989 0.0418232 0.900252 0.0440898 0.00704212 
0.000127708 0.00378775 0.0189599 0.59557 0.332957 0.0441093 0.00435411 0.000132198 1.42326e-06 2.00989e-08 
4.09579e-15 8.81121e-14 1.94478e-12 4.44386e-10 5.35725e-08 1.97035e-06 2.6113e-05 0.00202104 0.0173507 0.9806 
1.01776e-11 2.29934e-10 1.07488e-08 2.02771e-06 0.000361949 0.0053016 0.0343227 0.92614 0.0299776 0.00389427 
9.1192e-16 2.01893e-14 6.79261e-13 1.40065e-10 2.36242e-08 5.23153e-07 5.38884e-06 0.000437128 0.00416802 0.995389 
1.24971e-15 2.71065e-14 6.86738e-13 1.42179e-10 2.19121e-08 6.98291e-07 8.06781e-06 0.00150341 0.936667 0.0618203 
4.93831e-09 1.73754e-07 1.32246e-05 0.000312962 0.00366088 0.0390303 0.874396 0.0634134 0.0164921 0.00268124 
0.000130927 0.00325425 0.011884 0.0419768 0.0920576 0.83079 0.0190748 0.000824296 7.17271e-06 1.12643e-07 
4.50408e-15 9.69748e-14 2.18108e-12 5.08712e-10 5.99656e-08 2.16926e-06 3.01092e-05 0.00252229 0.0268427 0.970603 
4.22819e-12 9.71263e-11 4.74868e-09 1.16207e-06 0.000220547 0.00382209 0.865269 0.0897968 0.0325946 0.00829631 
5.13513e-13 1.0921e-11 1.51057e-10 2.47402e-08 7.65771e-07 2.5064e-05 0.000802679 0.0080764 0.91992 0.0711749 
2.42675e-10 5.114e-09 1.41913e-07 6.49569e-05 0.0114468 0.833489 0.067978 0.062245 0.0214228 0.00335302 
0.000233356 0.00381437 0.0356015 0.830794 0.0984725 0.0288095 0.00221604 5.56072e-05 3.12727e-06 6.3196e-08 
7.90259e-09 2.23382e-07 1.15113e-05 0.00025003 0.00194804 0.0213927 0.892366 0.0631218 0.0187842 0.0021258 
2.5658e-06 5.99617e-05 0.00210327 0.0852707 0.634375 0.235193 0.0364388 0.00541133 0.00112827 1.69357e-05 
1.76496e-12 3.71572e-11 4.17596e-10 7.38988e-08 2.57063e-06 0.000360459 0.00332777 0.0224563 0.906855 0.0669977 
7.24326e-12 1.62256e-10 6.87536e-09 1.48691e-06 0.000370636 0.00259115 0.0113029 0.0347239 0.931543 0.0194665 
1.20939e-06 2.36488e-05 0.000938204 0.0130144 0.0352009 0.84369 0.0864679 0.0198101 0.00084369 1.03859e-05 
2.54043e-12 5.41555e-11 9.08767e-10 1.89841e-07 9.56656e-06 0.000508759 0.00425593 0.030585 0.926878 0.0377622 
1.08262e-08 2.35018e-07 4.29674e-06 0.000499345 0.00722437 0.106845 0.768163 0.107552 0.00853292 0.00117915 
3.41779e-15 7.399e-14 1.82874e-12 4.12319e-10 5.41946e-08 1.75797e-06 2.46644e-05 0.0035888 0.0300848 0.9663 
1.40675e-07 3.75418e-06 9.82509e-05 0.00277001 0.0102769 0.0581623 0.895134 0.0307593 0.00274323 5.19147e-05 
5.57733e-14 1.16779e-12 1.16352e-11 2.23336e-09 1.10619e-07 8.1881e-06 3.70882e-05 0.00260848 0.474714 0.522632 
5.09518e-15 1.10718e-13 2.90983e-12 6.56453e-10 8.83373e-08 2.62627e-06 3.45633e-05 0.00266171 0.0220273 0.975274 
9.84459e-16 2.07269e-14 2.83585e-13 9.22328e-11 2.92924e-09 3.86877e-07 8.69329e-06 0.00061064 0.00473715 0.994643 
3.98309e-12 8.63202e-11 2.46558e-09 4.31121e-07 2.44017e-05 0.00116959 0.00722013 0.0315492 0.908659 0.0513777 
2.19289e-12 4.62095e-11 5.34166e-10 9.5074e-08 3.75057e-06 0.000491926 0.0106602 0.893893 0.0643658 0.0305853 
2.51656e-16 5.25977e-15 4.84664e-14 9.08386e-12 3.92872e-10 1.17679e-07 2.23851e-06 0.00156552 0.736299 0.262133 
7.1273e-08 1.72266e-06 0.00010306 0.00111925 0.0097592 0.83983 0.110281 0.035343 0.00345393 0.000108511 
1.52956e-10 3.52485e-09 2.2801e-07 3.51156e-05 0.000793071 0.00784144 0.040142 0.791077 0.155073 0.00503759 
4.78348e-12 1.10065e-10 5.83724e-09 1.42416e-06 0.000264904 0.0101228 0.449584 0.486087 0.0384667 0.0154734 
6.87512e-13 1.46464e-11 2.17732e-10 3.77577e-08 1.5592e-06 0.000149022 0.00264621 0.0175607 0.0489603 0.930682 
0.000516614 0.0163361 0.081973 0.824657 0.0610633 0.0131043 0.00223155 0.000112438 5.588e-06 1.15573e-07 
6.87927e-09 1.93908e-07 1.01254e-05 0.000220266 0.00227901 0.0122587 0.0436627 0.90682 0.0310437 0.0037049 
7.20209e-09 2.67418e-07 2.14481e-05 0.000393361 0.00109101 0.0100507 0.0395278 0.903476 0.037602 0.00783717 
2.79048e-15 6.01691e-14 1.39383e-12 3.27606e-10 3.89633e-08 1.4194e-06 2.516e-05 0.00524547 0.935091 0.0596373 
1.23152e-11 2.75416e-10 1.07814e-08 2.13571e-06 0.000433186 0.00505156 0.0332154 0.929915 0.0278211 0.00356109 
1.75854e-12 3.69843e-11 4.05204e-10 7.22866e-08 2.65724e-06 0.000523386 0.00705932 0.897033 0.0684922 0.0268896 
1.28668e-12 2.68975e-11 2.50649e-10 4.70838e-08 1.73615e-06 0.000429279 0.00245018 0.0241137 0.931152 0.0418531 
3.39359e-12 7.26601e-11 1.35244e-09 2.49299e-07 1.99037e-05 0.000807501 0.0052456 0.0334485 0.92905 0.0314287 
1.1846e-12 2.49698e-11 2.90723e-10 5.15379e-08 1.77088e-06 0.000187732 0.00235413 0.0203143 0.951348 0.0257939 
2.63164e-07 6.0337e-06 0.000259093 0.00603727 0.757442 0.153032 0.0654378 0.0154774 0.0022412 6.6357e-05 
2.3265e-07 5.24372e-06 0.000202498 0.00444117 0.0364488 0.625513 0.323627 0.00883961 0.000894468 2.78706e-05 
4.29031e-15 9.28967e-14 2.32146e-12 5.44281e-10 6.90436e-08 3.62376e-06 0.000119472 0.00605529 0.93759 0.0562318 
5.8588e-15 1.26462e-13 2.97976e-12 6.91011e-10 8.76756e-08 3.15948e-06 0.000125483 0.00736518 0.922592 0.0699143 
1.14882e-12 2.40164e-11 2.24206e-10 4.21093e-08 1.53059e-06 0.000318025 0.00219205 0.0222734 0.935509 0.039706 
1.78284e-07 4.13797e-06 0.000173322 0.00357516 0.0433052 0.874861 0.0616049 0.0141764 0.00218674 0.00011287 
5.8347e-06 0.000120582 0.00237614 0.0236726 0.0754077 0.864326 0.0328215 0.00125365 1.56603e-05 2.67712e-07 
9.76598e-12 2.21164e-10 1.10424e-08 2.39475e-06 0.000470945 0.0158384 0.873729 0.0792108 0.0272266 0.00352209 
4.12981e-07 9.89473e-06 0.000310958 0.0060202 0.0431783 0.125531 0.812982 0.0108697 0.00108197 1.55205e-05 
1.81764e-07 4.37763e-06 9.75744e-05 0.00275779 0.0163595 0.0657635 0.885006 0.0279349 0.00198747 8.91784e-05 
1.05311e-07 2.27865e-06 4.60321e-05 0.00248335 0.0138492 0.0625471 0.880034 0.0379057 0.00300075 0.000131231 
2.10998e-16 4.57314e-15 1.15359e-13 2.54911e-11 3.51496e-09 1.0802e-07 1.31922e-06 0.000163845 0.00239101 0.997444 
1.13923e-11 2.57869e-10 1.22174e-08 2.35928e-06 0.000405023 0.00618893 0.0379824 0.918397 0.0328336 0.00419082 
4.55815e-14 9.68899e-13 1.33513e-11 2.24137e-09 6.24939e-08 2.38282e-06 4.60942e-05 0.00364232 0.0327989 0.96351 
6.17733e-09 1.26179e-07 6.7536e-07 6.63866e-05 0.00143493 0.0204499 0.879593 0.0711335 0.0240372 0.00328472 
2.86607e-16 5.99587e-15 5.7323e-14 1.05755e-11 4.2034e-10 1.20083e-07 1.00553e-06 0.000231407 0.00234426 0.997423 
3.0814e-14 6.56681e-13 1.01663e-11 1.8723e-09 8.07971e-08 3.05817e-06 8.02366e-05 0.00232953 0.0223961 0.975191 
7.18403e-12 1.64184e-10 8.04144e-09 1.64843e-06 0.000308827 0.00655189 0.849781 0.0931853 0.0387949 0.0113762 
5.34988e-12 1.22874e-10 6.24506e-09 1.52578e-06 0.00031147 0.00848691 0.823462 0.101521 0.0494725 0.0167446 
2.63969e-13 5.55916e-12 6.64118e-11 1.26342e-08 5.87138e-07 0.000121841 0.00132366 0.01267 0.0442936 0.94159 
0.000834786 0.0296348 0.731391 0.21288 0.021358 0.00373689 0.000155895 7.97744e-06 3.44925e-07 4.74263e-09 
2.93698e-13 6.25772e-12 9.3725e-11 1.64552e-08 6.74408e-07 2.30791e-05 0.0007634 0.00634274 0.0357862 0.957084 
1.06137e-07 2.56101e-06 0.000118872 0.00189771 0.0310192 0.862715 0.0789421 0.0226381 0.00253282 0.000133555 
5.01791e-12 1.13894e-10 5.13297e-09 1.25004e-06 0.000259007 0.00399421 0.203615 0.414244 0.366385 0.0115017 
8.24287e-15 1.77645e-13 3.91187e-12 8.58993e-10 9.44766e-08 2.98442e-06 4.3933e-05 0.00324201 0.898713 0.0979984 
3.66813e-08 9.42524e-07 2.0741e-05 0.000753723 0.00538989 0.0278843 0.889558 0.0599562 0.0152644 0.00117211 
1.65409e-12 3.48393e-11 3.94254e-10 6.9232e-08 2.28992e-06 0.00028745 0.00310056 0.0265373 0.941288 0.0287841 
5.38237e-13 1.14446e-11 1.62458e-10 2.80998e-08 1.00142e-06 4.72628e-05 0.00107813 0.00709006 0.0390303 0.952753 
1.31812e-13 2.81466e-12 4.61348e-11 8.58522e-09 3.53897e-07 1.41108e-05 0.000589378 0.00451764 0.0315982 0.96328 
4.21751e-29 1.00488e-25 3.3465e-22 1.08209e-18 1.789e-15 9.19469e-12 4.47755e-08 0.000123679 0.00204066 0.997836 
4.76794e-15 1.02734e-13 2.34246e-12 5.43043e-10 6.52797e-08 2.3619e-06 3.42181e-05 0.00320826 0.0326613 0.964094 
4.01072e-15 8.69684e-14 2.20931e-12 4.98023e-10 6.62967e-08 2.07184e-06 2.82813e-05 0.00248167 0.0275625 0.969925 
2.70611e-15 6.0655e-14 2.35611e-12 4.84124e-10 8.6597e-08 1.73953e-06 1.59046e-05 0.000988199 0.00329612 0.995698 
4.28687e-29 7.48732e-26 1.8401e-22 4.44783e-19 5.15109e-16 1.08911e-12 2.0631e-09 1.05381e-05 0.00176619 0.998223 
3.44753e-08 7.79318e-07 2.61015e-05 0.000663003 0.00466419 0.0202022 0.0449702 0.0656988 0.86071 0.00306457 
3.57326e-07 8.81255e-06 0.000302247 0.00522214 0.0308877 0.0829572 0.869384 0.0102541 0.00097012 1.37285e-05 
1.38034e-15 2.89575e-14 3.24428e-13 7.72637e-11 3.51229e-09 5.72988e-07 9.56136e-06 0.00106529 0.0218256 0.977099 
1.92771e-06 4.3168e-05 0.00193397 0.0171432 0.0614458 0.882433 0.0350649 0.0018581 7.45816e-05 9.51004e-07 
5.63641e-08 1.36468e-06 6.98406e-05 0.00182939 0.0293105 0.883346 0.0638849 0.0183419 0.00311518 0.000101315 
1.96968e-13 4.11796e-12 3.82933e-11 7.05937e-09 2.61237e-07 3.03472e-05 0.000373189 0.00412583 0.0320631 0.963407 
5.05966e-12 1.09161e-10 3.19848e-09 3.6969e-07 1.76214e-05 0.000860894 0.0096415 0.903924 0.0611767 0.0243794 
4.53726e-05 0.00108267 0.00586122 0.0480698 0.883232 0.0521165 0.00847007 0.00109737 2.3983e-05 7.38797e-07 
1.07368e-11 2.41026e-10 1.07979e-08 2.2169e-06 0.000436092 0.0159479 0.870123 0.0780937 0.0297467 0.00565048 
3.90192e-14 8.33226e-13 1.37368e-11 2.55827e-09 1.7852e-07 8.20219e-06 0.000223798 0.00321242 0.936175 0.0603805 
2.89805e-12 6.7073e-11 3.63355e-09 6.92102e-07 0.000128856 0.00540691 0.868486 0.0747539 0.0367558 0.0144678 
1.70645e-12 3.66758e-11 7.17597e-10 1.30912e-07 8.39626e-06 0.0013258 0.00938234 0.0377834 0.073608 0.877892 
4.14343e-15 8.92435e-14 2.01672e-12 4.65569e-10 5.57892e-08 1.99818e-06 2.7196e-05 0.00263856 0.934115 0.0632169 
2.38796e-15 5.07028e-14 8.66386e-13 2.44402e-10 1.64232e-08 9.72495e-07 1.77501e-05 0.00117518 0.00970957 0.989097 
2.89309e-10 5.94689e-09 4.4995e-08 3.9503e-06 0.000417911 0.0136285 0.865863 0.085241 0.0300499 0.00479583 
1.49636e-08 3.97399e-07 1.88593e-05 0.000876207 0.0213082 0.879592 0.0704154 0.0235255 0.00385521 0.000408535 
7.90352e-14 1.68216e-12 2.49464e-11 4.55763e-09 1.88077e-07 1.23271e-05 0.000181722 0.00367118 0.0366257 0.959509 
3.87266e-15 8.35866e-14 1.9611e-12 4.46725e-10 5.59843e-08 1.91338e-06 2.55079e-05 0.0020914 0.0206576 0.977224 
6.9043e-09 1.46319e-07 2.03814e-06 0.000295595 0.00447553 0.0369785 0.902652 0.0437252 0.0104318 0.00143887 
1.49728e-16 3.14259e-15 3.2891e-14 6.02236e-12 2.45914e-10 5.4309e-08 9.01668e-07 0.000262774 0.00675758 0.992979 
1.03055e-07 3.01334e-06 4.84958e-05 0.00115492 0.0168384 0.0751974 0.853152 0.0443075 0.00868983 0.00060797 
1.12024e-05 0.000258196 0.00355973 0.0344317 0.8175 0.10846 0.0338211 0.00193049 2.76689e-05 5.23444e-07 
5.02158e-15 1.0793e-13 2.36649e-12 5.69915e-10 6.26876e-08 2.95552e-06 3.9754e-05 0.00282851 0.0252846 0.971844 
3.03312e-05 0.00108835 0.00454519 0.0763687 0.769064 0.141442 0.0071763 0.000279223 5.09626e-06 1.03819e-07 
3.45825e-15 7.44928e-14 1.69923e-12 4.03936e-10 4.68822e-08 1.69533e-06 2.39485e-05 0.00172852 0.0122747 0.985971 
2.35966e-15 5.00201e-14 8.16028e-13 2.2422e-10 1.54262e-08 1.0479e-06 1.85924e-05 0.00180233 0.0270278 0.97115 
1.90685e-08 4.84455e-07 1.94832e-05 0.000940977 0.0144894 0.0787218 0.863695 0.0374402 0.00451997 0.000172331 
4.14208e-15 9.0633e-14 2.61076e-12 5.42316e-10 8.54943e-08 2.24805e-06 2.84052e-05 0.00606139 0.941805 0.0521027 
8.70882e-08 2.09542e-06 0.0001201 0.00228005 0.737769 0.136903 0.089542 0.0296459 0.00360379 0.000134174 
1.56464e-12 3.29231e-11 3.61576e-10 6.33195e-08 2.01942e-06 0.000215795 0.00174778 0.011787 0.0371208 0.949127 
1.75236e-05 0.000388297 0.00359471 0.101198 0.814183 0.075215 0.00512484 0.000258871 1.92246e-05 1.4843e-07 
1.52841e-12 3.23057e-11 4.01715e-10 7.03123e-08 2.55692e-06 0.000221069 0.00310174 0.0185088 0.0512112 0.926955 
2.97099e-15 6.46105e-14 1.72847e-12 4.00284e-10 5.24059e-08 1.57381e-06 2.32229e-05 0.0019734 0.0247645 0.973237 
3.84306e-07 8.95417e-06 0.000273696 0.00453743 0.0222827 0.0646574 0.0808713 0.824086 0.00323563 4.69376e-05 
4.11513e-13 8.75781e-12 1.24622e-10 2.07636e-08 7.52664e-07 2.16771e-05 0.000762412 0.00647092 0.033642 0.959102 
4.90664e-13 1.02576e-11 9.59688e-11 1.81085e-08 6.68369e-07 0.000145616 0.00102849 0.0119434 0.494173 0.492709 
1.08324e-12 2.28286e-11 2.65927e-10 4.74562e-08 1.866e-06 0.000315948 0.00326702 0.897416 0.0690743 0.0299253 
1.53367e-12 3.23726e-11 3.87652e-10 6.80648e-08 2.5838e-06 0.000288306 0.00405515 0.0291505 0.938577 0.0279266 
0.000213671 0.00470184 0.0285675 0.867369 0.0967442 0.00231713 8.49472e-05 1.67142e-06 6.2427e-08 9.20524e-10 
1.28844e-12 2.70145e-11 2.75229e-10 5.06119e-08 1.90926e-06 0.000332402 0.00298604 0.0258632 0.935457 0.0353594 
3.83437e-07 9.47755e-06 0.000278404 0.00552525 0.0288452 0.475618 0.0857042 0.402444 0.00155567 1.91774e-05 
1.40819e-06 3.05441e-05 0.00137748 0.0132894 0.0540965 0.878162 0.0469367 0.00558404 0.000515952 6.01154e-06 
1.52393e-07 3.62391e-06 0.000147683 0.00274404 0.0230038 0.0755121 0.87099 0.0247221 0.00272742 0.000148926 
1.69799e-08 4.49117e-07 2.03369e-05 0.000793378 0.0184791 0.861782 0.0715359 0.0375182 0.00919109 0.000679204 
1.93662e-12 4.08095e-11 4.69915e-10 8.29092e-08 2.93799e-06 0.000417435 0.00376064 0.0300428 0.931448 0.0343276 
1.39849e-08 3.90483e-07 1.97777e-05 0.000486368 0.00272517 0.0142689 0.0451417 0.901121 0.032088 0.00414875 
4.39797e-07 1.07163e-05 0.000295499 0.00664727 0.0513103 0.868531 0.0621016 0.00957484 0.00150537 2.30666e-05 
7.58439e-10 2.45589e-08 1.65536e-06 4.23054e-05 0.00032379 0.00500678 0.0301157 0.918687 0.0389353 0.00688773 
0.344218 0.414536 0.205076 0.0334646 0.00263749 6.62109e-05 1.72473e-06 1.30863e-08 7.41765e-11 7.00677e-13 
7.22884e-13 1.52834e-11 1.91307e-10 3.33963e-08 1.17704e-06 0.000135708 0.00198763 0.402486 0.554173 0.041217 
2.80509e-16 5.90952e-15 7.69609e-14 2.17334e-11 6.75778e-10 1.09722e-07 2.02131e-06 0.000239604 0.00274855 0.99701 
1.46005e-11 3.37535e-10 2.18855e-08 9.81861e-06 0.000392046 0.0150285 0.868028 0.0831226 0.0285514 0.00486791 
1.13009e-12 2.36113e-11 2.13477e-10 3.94564e-08 1.3339e-06 0.000346924 0.00136619 0.0128677 0.906526 0.0788916 
7.30026e-12 1.63332e-10 7.21333e-09 1.15991e-06 0.000115915 0.00248435 0.0125603 0.0397305 0.923102 0.0220057 
1.39891e-12 2.97169e-11 4.74765e-10 1.4564e-07 3.72886e-05 0.00550255 0.616311 0.338077 0.0280116 0.0120602 
1.03429e-12 2.16131e-11 1.97349e-10 3.66866e-08 1.30668e-06 0.000364939 0.00177433 0.0183696 0.906966 0.0725242 
1.07899e-12 2.28377e-11 2.90008e-10 4.96945e-08 1.64651e-06 9.44038e-05 0.00189304 0.0123063 0.923119 0.0625852 
3.62153e-15 7.83412e-14 1.90587e-12 4.26648e-10 5.59726e-08 1.83182e-06 2.45559e-05 0.00214333 0.0254467 0.972383 
1.27852e-11 2.88634e-10 1.35187e-08 2.58059e-06 0.00044111 0.0122806 0.846474 0.0999741 0.035867 0.00496082 
3.58757e-13 7.63429e-12 1.08446e-10 1.83436e-08 6.16553e-07 1.94078e-05 0.000709125 0.00522743 0.0269045 0.967139 
4.33452e-15 9.39852e-14 2.40769e-12 5.6221e-10 7.17812e-08 2.24597e-06 3.13911e-05 0.00253098 0.0287753 0.96866 
1.88696e-14 4.07417e-13 9.58068e-12 2.17774e-09 1.7154e-07 7.30547e-06 0.000214696 0.0028797 0.0265798 0.970318 
2.18414e-12 4.80182e-11 1.57782e-09 3.3378e-07 2.75272e-05 0.00304745 0.865522 0.0730527 0.0407949 0.0175548 
0.000379431 0.0190707 0.794432 0.107389 0.0564782 0.0182713 0.00383043 0.000140733 7.4353e-06 1.65844e-07 
1.40009e-15 2.93057e-14 2.92494e-13 5.75961e-11 2.78729e-09 6.22451e-07 1.23477e-05 0.00168285 0.0278035 0.970501 
4.17613e-09 9.80315e-08 5.07127e-06 0.000323008 0.0060758 0.223776 0.703672 0.0416107 0.016696 0.00784111 
2.52303e-16 5.27355e-15 4.857e-14 8.99177e-12 3.27759e-10 9.54809e-08 7.40283e-07 0.000107409 0.00229976 0.997592 
3.3673e-12 7.58624e-11 3.00457e-09 7.46106e-07 0.000179441 0.00168034 0.00856898 0.0390323 0.922534 0.0280038 
2.15533e-07 4.49827e-06 0.000115254 0.00329645 0.0324403 0.889177 0.0583787 0.0143801 0.00209846 0.000109468 
4.20151e-15 9.20881e-14 3.05016e-12 7.44954e-10 1.07001e-07 4.14951e-05 0.000253354 0.00352106 0.473289 0.522895 
3.77555e-15 8.15917e-14 1.95785e-12 4.41877e-10 5.7314e-08 1.93625e-06 2.64806e-05 0.00280523 0.778549 0.218618 
3.57897e-15 7.62914e-14 1.39648e-12 3.45081e-10 3.14735e-08 1.59778e-06 2.54807e-05 0.00226485 0.0280246 0.969683 
3.68912e-15 7.91627e-14 1.66033e-12 3.78914e-10 4.43427e-08 1.76844e-06 2.45271e-05 0.00235008 0.0356383 0.961985 
1.26742e-12 2.95311e-11 1.74435e-09 2.78941e-07 1.15564e-05 0.0017232 0.0195771 0.925666 0.0388337 0.0141885 
4.37719e-09 1.26776e-07 6.9869e-06 0.000162379 0.000949712 0.00887734 0.85572 0.071283 0.0480496 0.0149506 
2.72018e-13 5.6878e-12 5.36541e-11 1.01139e-08 3.87168e-07 8.4245e-05 0.000486576 0.00522569 0.658357 0.335846 
2.38408e-13 5.17273e-12 1.3966e-10 1.85338e-08 8.23489e-07 8.52736e-05 0.000741913 0.0059634 0.0281177 0.965091 
1.54669e-12 3.25487e-11 3.61771e-10 6.4279e-08 2.23042e-06 0.000322651 0.00261915 0.0230063 0.946067 0.0279824 
1.18732e-18 2.49371e-17 2.96308e-16 6.08369e-14 6.09256e-12 2.6972e-09 1.09396e-07 9.60148e-05 0.00455235 0.995352 
1.16331e-12 2.46801e-11 3.5604e-10 6.38415e-08 2.80621e-06 0.000247368 0.00308803 0.0239351 0.946787 0.0259399 
1.60872e-12 3.39462e-11 4.35916e-10 8.0994e-08 4.52983e-06 0.000784679 0.0121309 0.912137 0.05337 0.0215728 
1.71268e-07 3.48247e-06 3.89168e-05 0.00322751 0.023277 0.845962 0.0962785 0.0283542 0.00277411 8.41475e-05 
2.1456e-12 4.51785e-11 5.11398e-10 9.08987e-08 3.28001e-06 0.000526379 0.00893929 0.864657 0.0890356 0.0368386 
0.0153327 0.746673 0.100011 0.0818885 0.0423991 0.0116567 0.00195991 7.44775e-05 4.84989e-06 1.06927e-07 
3.26787e-15 7.0267e-14 1.55404e-12 3.80619e-10 4.09273e-08 1.53616e-06 2.23542e-05 0.00152806 0.012571 0.985877 
9.18633e-08 2.62701e-06 3.93785e-05 0.000862448 0.0187726 0.823358 0.0919293 0.0514384 0.0126038 0.000993613 
1.05445e-11 2.36761e-10 1.0881e-08 1.75313e-06 0.000198637 0.00512821 0.0364433 0.915523 0.0354283 0.00727693 
4.70893e-13 1.00309e-11 1.49292e-10 2.60199e-08 1.05709e-06 4.54569e-05 0.00195002 0.0131568 0.912007 0.0728401 
6.42089e-13 1.36769e-11 2.02524e-10 3.50843e-08 1.48544e-06 0.000117148 0.0025844 0.0230693 0.930988 0.0432398 
0.00010272 0.00246035 0.00642219 0.0549616 0.849754 0.0750151 0.0108936 0.000386469 4.14405e-06 7.11669e-08 
1.47067e-08 4.14207e-07 2.17596e-05 0.000749311 0.00515794 0.0477661 0.120077 0.822367 0.0037372 0.000122571 
2.88333e-11 6.51072e-10 2.74458e-08 2.86312e-06 0.000446675 0.00713063 0.0485577 0.897511 0.041438 0.0049132 
1.29408e-11 2.89068e-10 1.26624e-08 2.07884e-06 0.000231231 0.00647242 0.0419444 0.909859 0.0364348 0.00505597 
1.56393e-12 3.46402e-11 1.02864e-09 3.10528e-07 0.000120076 0.000669327 0.00712593 0.362806 0.603928 0.0253507 
9.22185e-13 1.94758e-11 2.37537e-10 4.16642e-08 1.54093e-06 0.000184455 0.00204219 0.0150759 0.917465 0.0652308 
6.39957e-08 2.23171e-06 5.31939e-05 0.00187635 0.0288669 0.883941 0.0652382 0.0175833 0.00233913 9.91614e-05 
4.01579e-16 8.39258e-15 7.67559e-14 1.42042e-11 5.29132e-10 1.20437e-07 1.04956e-06 0.000186508 0.00282827 0.996984 
6.36663e-12 1.4484e-10 6.65708e-09 1.53976e-06 0.000310483 0.00501327 0.0386791 0.910679 0.0378624 0.0074545 
4.33085e-15 9.2381e-14 1.72334e-12 4.29224e-10 3.93622e-08 1.96828e-06 3.2877e-05 0.00263132 0.0327444 0.964589 
1.27899e-07 3.13703e-06 0.000116508 0.00230861 0.0219373 0.607659 0.363114 0.00443774 0.000413518 9.86817e-06 
1.07428e-05 0.000219125 0.000723684 0.0145827 0.0579197 0.783335 0.128785 0.0124372 0.0019367 5.00556e-05 
3.46941e-12 7.50857e-11 2.14146e-09 2.48455e-07 1.09694e-05 0.000606994 0.00518136 0.0318621 0.914014 0.0483247 
4.82225e-12 1.11907e-10 5.8165e-09 1.4273e-06 0.000333459 0.00386908 0.0287512 0.92632 0.0319867 0.00873861 
5.09064e-15 1.09993e-13 2.65599e-12 6.25093e-10 7.65743e-08 2.56848e-06 3.55363e-05 0.00325371 0.920218 0.0764899 
3.78252e-13 8.06216e-12 1.22368e-10 2.1808e-08 9.6289e-07 3.68212e-05 0.00120112 0.00841968 0.920103 0.0702385 
5.31817e-17 1.11425e-15 1.14987e-14 2.28121e-12 1.90802e-10 5.72802e-08 1.66073e-06 0.000419155 0.0154786 0.984101 
5.77725e-08 1.3544e-06 4.47856e-05 0.00159662 0.0174033 0.066286 0.885697 0.0262269 0.00262145 0.00012219 
1.0999e-11 2.49019e-10 1.20244e-08 2.22293e-06 0.000386582 0.00608329 0.0378408 0.0958066 0.85413 0.00575075 
1.40314e-12 2.96171e-11 3.73947e-10 8.1012e-08 4.28029e-06 0.000726693 0.00901824 0.0408822 0.926145 0.0232235 
2.61534e-14 5.60995e-13 1.05991e-11 2.1224e-09 1.79324e-07 6.63291e-06 0.000148132 0.00414072 0.913392 0.0823124 
5.4579e-16 1.15022e-14 1.77325e-13 7.25976e-11 1.67412e-09 2.73688e-07 1.19762e-05 0.00291896 0.962864 0.0342047 
6.21562e-23 1.52983e-20 7.64822e-18 2.1279e-15 9.01828e-13 1.80108e-10 1.5623e-07 0.000309112 0.0095496 0.990141 
5.05194e-29 1.20423e-25 4.01029e-22 1.29618e-18 2.1379e-15 1.08361e-11 5.2509e-08 0.000176189 0.00372343 0.9961 
4.3006e-15 9.32272e-14 2.36136e-12 5.37715e-10 7.04871e-08 2.21619e-06 3.12003e-05 0.0029653 0.82245 0.174551 
4.47809e-12 1.02344e-10 4.67536e-09 1.16313e-06 0.00026133 0.00223923 0.0121252 0.0428808 0.91773 0.0247623 
1.76375e-12 3.71508e-11 4.22618e-10 7.45749e-08 2.60777e-06 0.00039289 0.00551469 0.468104 0.0543187 0.471667 
2.75124e-12 6.02775e-11 1.9835e-09 3.72247e-07 4.28105e-05 0.000933446 0.00640254 0.284594 0.699313 0.00871363 
3.17337e-15 6.81805e-14 1.46251e-12 3.31947e-10 3.94827e-08 1.50776e-06 2.06483e-05 0.00196499 0.0262051 0.971808 
3.2634e-09 7.91931e-08 2.74709e-06 0.000201577 0.00221727 0.0144542 0.0411675 0.0693818 0.863387 0.00918803 
2.44403e-09 9.3565e-08 7.82898e-06 0.000166652 0.000573085 0.00480989 0.0168874 0.039893 0.0470797 0.890582 
3.52868e-07 8.34231e-06 0.000258879 0.00547013 0.0343551 0.877015 0.0708782 0.010909 0.00108904 1.57812e-05 
1.50221e-13 3.18945e-12 4.33056e-11 7.44449e-09 2.54862e-07 1.11807e-05 0.000248738 0.00404273 0.0298132 0.965884 
4.2337e-15 9.12051e-14 2.05666e-12 4.5661e-10 5.81431e-08 2.00892e-06 2.51884e-05 0.0020842 0.0186327 0.979256 
1.76719e-12 3.7234e-11 4.30336e-10 7.67436e-08 2.82681e-06 0.000393713 0.0039667 0.0320125 0.92985 0.0337742 
4.37793e-15 9.4226e-14 2.08313e-12 4.87272e-10 5.47126e-08 1.95837e-06 4.06815e-05 0.00222883 0.0274021 0.970326 
2.82753e-15 6.08131e-14 1.3626e-12 3.50819e-10 3.51066e-08 1.37551e-06 2.40408e-05 0.00183882 0.0235737 0.974562 
1.07826e-08 2.54133e-07 7.1737e-06 0.000226609 0.00249608 0.0148743 0.657539 0.304317 0.0190673 0.001473 
8.24674e-13 1.72284e-11 1.55261e-10 2.87683e-08 9.82055e-07 0.000320309 0.000695415 0.0121172 0.961944 0.0249218 
1.49766e-12 3.1576e-11 3.66187e-10 6.38156e-08 2.18284e-06 0.000312158 0.00286641 0.0236247 0.934743 0.0384513 
7.63516e-07 1.70175e-05 0.000315651 0.00621491 0.0468196 0.888746 0.0501665 0.00650665 0.00119179 2.10669e-05 
4.13278e-12 8.86345e-11 1.97982e-09 4.3271e-07 6.17311e-05 0.00123009 0.0109581 0.0462481 0.90116 0.0403419 
9.19663e-13 1.93976e-11 2.28558e-10 4.022e-08 1.47231e-06 0.000159502 0.00235144 0.885381 0.0723274 0.0397791 
9.09599e-12 2.07022e-10 1.02869e-08 1.94761e-06 0.000324033 0.00470025 0.0310105 0.91645 0.0402387 0.0072747 
1.43471e-12 3.01922e-11 3.35191e-10 5.93495e-08 2.12429e-06 0.00032601 0.00830308 0.907651 0.0603398 0.023378 
7.2532e-09 1.90618e-07 8.31674e-06 0.000272057 0.00271883 0.0313802 0.883572 0.0618437 0.0182449 0.00196008 
8.75782e-12 1.96989e-10 8.18133e-09 1.9843e-06 0.000447971 0.00463584 0.0303731 0.0861483 0.861087 0.0173061 
7.66777e-12 1.72997e-10 8.22899e-09 1.54672e-06 0.000269415 0.00731937 0.910099 0.0582071 0.0205841 0.00351948 
0.000256733 0.00374766 0.0364504 0.120856 0.807607 0.0282161 0.0027519 0.000112855 1.11901e-06 1.86431e-08 
1.54315e-12 3.25216e-11 3.75991e-10 6.64881e-08 2.39903e-06 0.000322931 0.0035476 0.0281553 0.938812 0.0291596 
6.10267e-13 1.28718e-11 1.50894e-10 2.61941e-08 9.58356e-07 0.000182891 0.00161826 0.0204094 0.93905 0.0387382 
1.5111e-07 3.54588e-06 5.13684e-05 0.00398273 0.77327 0.137653 0.0667876 0.0156696 0.00248629 9.60474e-05 
1.87583e-08 4.63092e-07 1.783e-05 0.000588851 0.0066624 0.0501757 0.904056 0.0350092 0.0033607 0.000128725 
5.70073e-08 1.21348e-06 2.4999e-05 0.00203292 0.025911 0.101887 0.844067 0.0229148 0.00289908 0.000262506 
1.18049e-12 2.48976e-11 2.93773e-10 5.19205e-08 1.84128e-06 0.000136215 0.0020384 0.012221 0.0361956 0.949407 
8.33984e-11 1.94922e-09 1.12193e-07 4.2124e-05 0.000523533 0.00552961 0.0166994 0.213342 0.752493 0.0113705 
6.17407e-22 1.95253e-19 8.13645e-17 2.35707e-14 7.58636e-12 1.90696e-09 9.60075e-08 1.23914e-05 0.000296006 0.999692 
8.14651e-12 1.80285e-10 6.81552e-09 1.19835e-06 0.000169121 0.00270586 0.0145519 0.0488174 0.913222 0.020533 
6.65409e-06 0.000143375 0.00302626 0.046286 0.849787 0.0795377 0.0199883 0.00120193 2.1775e-05 4.88743e-07 
2.66326e-05 0.000548143 0.00644408 0.562218 0.349912 0.0678851 0.012121 0.000824069 2.03456e-05 5.76641e-07 
1.62174e-16 3.39148e-15 3.20234e-14 6.09858e-12 3.40592e-10 9.3831e-08 1.99816e-06 0.000231153 0.00398805 0.995779 
2.81868e-12 5.98591e-11 1.21847e-09 1.68967e-07 7.94121e-06 0.000522336 0.00362907 0.024317 0.940217 0.0313067 
7.01706e-12 1.53248e-10 5.64641e-09 5.80829e-07 2.87157e-05 0.0011363 0.00951657 0.902142 0.0619323 0.0252431 
6.92126e-12 1.54325e-10 6.23251e-09 1.27332e-06 0.00026166 0.00288259 0.019932 0.921174 0.0427926 0.0129558 
2.37265e-12 5.00194e-11 5.96209e-10 1.16764e-07 1.24144e-05 0.000715363 0.0124035 0.892133 0.0635001 0.0312352 
2.67483e-14 5.62543e-13 6.78445e-12 1.37642e-09 1.05924e-07 8.91684e-06 0.000462102 0.00711376 0.930621 0.0617943 
1.26673e-28 1.75851e-25 3.8143e-22 1.04691e-18 1.07835e-15 1.84973e-12 4.77417e-10 1.81014e-05 0.00132642 0.998655 
7.01201e-12 1.59176e-10 7.66503e-09 1.44297e-06 0.00024418 0.00317731 0.0239332 0.912244 0.0461991 0.0142012 
4.23829e-15 9.23643e-14 2.54187e-12 5.70745e-10 7.92497e-08 2.23233e-06 2.87342e-05 0.00224198 0.020434 0.977293 
1.42418e-06 3.05015e-05 0.000520625 0.0162861 0.811722 0.111707 0.0458554 0.0118312 0.00198165 6.37827e-05 
1.67473e-08 4.26716e-07 1.69203e-05 0.000678721 0.00552869 0.0428533 0.891723 0.0496415 0.00886361 0.000693486 
9.70973e-16 2.0329e-14 1.99197e-13 3.72666e-11 1.62556e-09 3.97294e-07 5.03887e-06 0.000604786 0.00831006 0.99108 
3.23065e-05 0.000262816 0.0046602 0.1611 0.339603 0.474932 0.0183204 0.00102208 6.60743e-05 8.82445e-07 
0.000207987 0.000931509 0.0277301 0.83688 0.0958473 0.0327994 0.00537175 0.000225814 5.60803e-06 1.19679e-07 
1.51005e-12 3.16406e-11 3.10101e-10 5.5819e-08 1.81172e-06 0.000353121 0.00220393 0.0240654 0.929962 0.0434134 
3.02325e-15 6.36516e-14 8.57529e-13 2.54603e-10 1.0758e-08 1.19945e-06 2.09779e-05 0.00169975 0.0223499 0.975928 
7.15444e-14 1.49801e-12 1.51337e-11 2.91895e-09 1.61239e-07 4.67866e-05 0.000224749 0.00674665 0.044889 0.948093 
9.72271e-13 2.03188e-11 1.86257e-10 3.48114e-08 1.23333e-06 0.000301449 0.00187969 0.0220322 0.937222 0.038563 
4.93386e-14 1.05393e-12 1.7545e-11 3.31428e-09 1.67997e-07 5.58637e-06 0.00015578 0.00498627 0.936583 0.058269 
1.18385e-16 2.47794e-15 2.5434e-14 6.19008e-12 1.86476e-10 4.73308e-08 8.18189e-07 0.000373358 0.0109461 0.98868 
8.71998e-16 1.84473e-14 2.89267e-13 7.16528e-11 1.97581e-08 1.44929e-05 0.000868289 0.0115177 0.960191 0.0274088 
1.26305e-12 2.66063e-11 3.03877e-10 5.36888e-08 1.93459e-06 0.000269839 0.00264661 0.0248316 0.943913 0.0283366 
0.00036525 0.0055118 0.0530647 0.860332 0.0664418 0.0119594 0.00222922 8.95593e-05 5.72285e-06 1.4702e-07 
3.20766e-07 7.72903e-06 0.000224737 0.00435873 0.0288333 0.0792282 0.872034 0.0140324 0.00126258 1.82196e-05 
2.31497e-15 4.95635e-14 9.95382e-13 2.28436e-10 2.60654e-08 1.12859e-06 1.56133e-05 0.00125091 0.0166303 0.982102 
2.41568e-16 5.15156e-15 1.00248e-13 3.04661e-11 2.09254e-09 1.18224e-07 2.92586e-06 0.000303568 0.00607689 0.993616 
4.01183e-12 8.84159e-11 3.12106e-09 5.09645e-07 8.87037e-05 0.00197417 0.0161029 0.883895 0.0701798 0.0277587 
3.91819e-15 8.42759e-14 1.88096e-12 4.50746e-10 4.77276e-08 1.90922e-06 2.85327e-05 0.00213844 0.0168186 0.981012 
1.82405e-12 3.92868e-11 8.50129e-10 1.39316e-07 4.49161e-06 0.000545128 0.00463123 0.0310788 0.931709 0.0320315 
1.98661e-12 4.18525e-11 4.78128e-10 8.42867e-08 2.87888e-06 0.000374873 0.00366885 0.0292233 0.934444 0.0322864 
2.00087e-12 4.23786e-11 6.08397e-10 9.56984e-08 3.5751e-06 0.000403284 0.00427671 0.0344913 0.922004 0.0388206 
3.53594e-07 7.97876e-06 0.000232837 0.00476776 0.0301889 0.482444 0.462336 0.0176648 0.00230229 5.55794e-05 
1.08414e-08 3.03785e-07 1.6876e-05 0.00105039 0.0202182 0.492027 0.468894 0.0155068 0.00219417 9.26337e-05 
5.16535e-05 0.000716915 0.0100907 0.0443829 0.468586 0.44963 0.023937 0.00245949 0.000143791 1.83102e-06 
1.30448e-06 3.25709e-05 0.00134515 0.0140552 0.0551986 0.136619 0.785028 0.00688299 0.000824482 1.23634e-05 
2.88634e-05 0.000584343 0.00128801 0.0327326 0.855291 0.0672993 0.0303802 0.010623 0.0017173 5.57075e-05 
4.99996e-16 1.05136e-14 1.26176e-13 2.66724e-11 1.97945e-09 2.30141e-07 3.98379e-06 0.00071383 0.0169496 0.982332 
6.34501e-12 1.40532e-10 5.44335e-09 1.0502e-06 0.000217354 0.00286883 0.0273846 0.924386 0.0354157 0.00972655 
7.00452e-27 3.12646e-24 3.43553e-21 7.0115e-18 8.72079e-15 2.58718e-11 8.38992e-08 0.000224867 0.00535574 0.994419 
4.38332e-17 9.15973e-16 8.37172e-15 1.56077e-12 6.25348e-11 1.88533e-08 5.09826e-07 0.000294694 0.011457 0.988248 
1.58503e-09 5.62793e-08 4.24707e-06 5.98653e-05 0.000262373 0.00331353 0.0128006 0.0403518 0.92036 0.0228474 
4.13103e-09 1.63685e-07 1.41868e-05 0.000313884 0.00126631 0.0221523 0.0672866 0.886536 0.0200783 0.00235257 
1.22988e-12 2.5777e-11 2.55957e-10 4.63056e-08 1.64028e-06 0.000334832 0.00351928 0.0245859 0.947757 0.0238017 
8.9958e-12 1.99241e-10 7.93614e-09 1.27881e-06 0.00017871 0.00261596 0.0142831 0.0402803 0.930036 0.0126051 
7.23393e-12 1.60598e-10 5.90997e-09 1.37117e-06 0.000312696 0.0025113 0.0129381 0.0419486 0.921149 0.0211391 
4.5066e-15 9.71694e-14 2.24649e-12 5.23553e-10 6.29472e-08 2.22002e-06 3.13598e-05 0.00262048 0.0306643 0.966682 
1.97835e-07 5.36805e-06 0.000145457 0.00332264 0.0220781 0.851088 0.0954881 0.0254755 0.00229593 0.000100766 
1.82699e-12 4.069e-11 1.63152e-09 2.94544e-07 2.26088e-05 0.000946084 0.00799556 0.918453 0.0527875 0.0197944 
1.3545e-12 2.88564e-11 5.15586e-10 7.72871e-08 3.53847e-06 0.000309406 0.00383505 0.0299879 0.933448 0.032416 
2.02946e-12 4.29351e-11 5.87275e-10 1.01044e-07 3.60066e-06 0.000513645 0.00436082 0.0344686 0.922153 0.0385002 
1.88907e-13 4.03742e-12 6.8151e-11 1.28937e-08 6.84511e-07 0.000114333 0.00129953 0.0177684 0.933311 0.0475059 
2.98993e-12 6.47614e-11 1.75363e-09 2.96382e-07 1.76934e-05 0.00227065 0.0233478 0.910635 0.0459446 0.0177839 
1.10425e-11 2.48776e-10 1.1283e-08 2.13547e-06 0.000380048 0.00466392 0.0224102 0.0536572 0.905482 0.0134042 
4.4457e-16 9.72571e-15 2.78902e-13 5.66332e-11 9.26605e-09 2.46431e-07 2.8146e-06 0.000453684 0.00978635 0.989757 
