18078
1.49501e-07 4.76501e-06 0.000402259 0.00336599 0.0182422 0.967372 0.0102539 0.000358498 6.38193e-07 3.67968e-09 
3.13841e-17 7.31758e-16 8.78131e-14 1.97074e-11 3.47841e-09 2.08241e-05 8.38257e-05 0.00383495 0.983174 0.0128862 
2.10216e-17 4.67047e-16 4.27549e-15 3.39631e-12 5.34074e-11 6.65537e-08 1.42909e-07 0.000143202 0.00429767 0.995559 
2.38962e-17 5.31532e-16 6.1724e-15 4.17911e-12 1.15177e-10 2.9583e-07 1.33563e-05 0.000463018 0.00587192 0.993651 
1.54217e-13 3.43198e-12 4.0068e-11 2.78601e-08 6.32872e-07 0.000849418 0.00509949 0.0236555 0.966247 0.00414786 
4.1687e-12 9.85254e-11 2.04212e-08 8.20257e-05 0.000190494 0.00289145 0.0092326 0.982601 0.00461267 0.000390216 
5.61856e-05 0.000601426 0.0133291 0.951287 0.0281375 0.00614519 0.000439387 4.25779e-06 4.54896e-08 1.52569e-10 
5.83135e-12 1.36775e-10 2.25237e-08 6.80499e-05 0.00159194 0.0194513 0.968059 0.0103093 0.000518386 2.02954e-06 
2.21804e-08 4.93512e-07 8.31517e-06 0.000891735 0.00654024 0.0198247 0.962363 0.0102872 8.37126e-05 1.16981e-07 
5.70817e-15 1.58834e-13 6.09928e-11 3.98546e-08 6.46246e-07 0.000436248 0.0037947 0.0111859 0.983458 0.00112431 
1.73414e-07 3.8437e-06 1.03886e-05 0.00603529 0.939445 0.0375136 0.0155383 0.00134496 0.00010748 6.35101e-07 
1.05362e-05 0.000235024 0.00127805 0.225119 0.424964 0.346274 0.00204857 7.03065e-05 1.36044e-07 3.58085e-09 
1.91199e-17 4.24798e-16 3.8951e-15 3.09026e-12 4.88436e-11 6.21502e-08 1.40197e-07 0.000141228 0.0044778 0.995381 
3.28712e-28 1.93571e-25 2.63864e-22 8.80264e-20 1.22054e-17 1.04217e-13 9.18819e-11 1.1999e-05 0.00140001 0.998588 
3.48383e-17 7.74628e-16 8.28234e-15 6.06453e-12 1.09823e-10 2.1602e-07 1.07197e-05 0.000248877 0.00555728 0.994183 
8.81164e-09 1.96251e-07 3.26075e-06 0.000980707 0.00951345 0.0290088 0.956289 0.00411749 8.65232e-05 6.32962e-07 
9.56517e-14 2.1251e-12 1.93498e-11 1.54357e-08 2.38177e-07 0.0002741 0.000354524 0.00254999 0.97144 0.025381 
1.17035e-13 2.60027e-12 2.39326e-11 1.91065e-08 3.00523e-07 0.00037445 0.000496219 0.00628377 0.0112617 0.981584 
1.83841e-11 1.11425e-09 1.30726e-06 0.000698673 0.00854458 0.029839 0.954294 0.00566957 0.000922547 3.07795e-05 
2.87156e-12 6.84971e-11 1.65461e-08 6.85938e-05 0.000141935 0.00575833 0.968513 0.0199452 0.00513665 0.000435757 
2.45474e-08 5.46689e-07 1.05975e-05 0.00127233 0.0150455 0.970239 0.0126827 0.000747691 2.11064e-06 2.31124e-08 
1.17129e-13 2.60223e-12 2.3647e-11 1.88927e-08 2.89718e-07 0.000323745 0.000453126 0.00469359 0.00909776 0.985431 
7.44827e-34 3.18105e-30 1.86559e-26 1.4094e-22 1.3535e-18 1.46796e-14 5.44934e-11 1.22687e-05 0.000387959 0.9996 
8.74573e-08 2.03058e-06 0.000291929 0.00184114 0.010273 0.020692 0.963017 0.00384743 3.53647e-05 6.44391e-08 
1.3542e-13 3.00895e-12 2.78628e-11 2.20256e-08 3.47516e-07 0.000548396 0.00396736 0.980533 0.0106476 0.0043028 
6.58858e-14 1.46382e-12 1.34003e-11 1.06461e-08 1.66959e-07 0.000206313 0.000390392 0.00459173 0.991152 0.00365969 
1.36637e-12 3.7015e-11 2.11421e-08 6.70716e-05 0.000250261 0.00761156 0.0236381 0.964503 0.0037519 0.000177875 
0.00028116 0.0157696 0.955041 0.0254253 0.00345132 3.16355e-05 3.01625e-07 1.06446e-09 1.55618e-12 4.00693e-15 
1.1169e-13 2.48144e-12 2.26518e-11 1.80341e-08 2.80497e-07 0.000334816 0.000422603 0.0032611 0.985133 0.0108481 
2.68115e-05 0.000681851 0.00799812 0.0407501 0.937105 0.0120883 0.00127814 7.19103e-05 5.94109e-08 2.00685e-10 
1.1774e-14 3.19549e-13 1.13658e-10 7.71198e-08 1.21774e-06 0.00090208 0.00704771 0.0216914 0.968108 0.00224903 
1.25837e-13 2.79565e-12 2.52874e-11 2.02768e-08 3.06303e-07 0.000317235 0.00049279 0.977569 0.0171801 0.00444088 
1.61928e-17 3.59772e-16 3.31027e-15 2.62627e-12 4.67595e-11 5.66465e-08 4.86167e-06 0.000509878 0.496393 0.503092 
2.27738e-18 5.06029e-17 4.75627e-16 3.70197e-13 6.30712e-12 1.03681e-08 3.71545e-08 8.09886e-05 0.001953 0.997966 
2.4826e-17 5.51581e-16 5.07219e-15 4.01518e-12 6.40361e-11 8.44362e-08 1.97399e-07 0.000158684 0.975406 0.0244352 
1.11303e-13 2.4728e-12 2.24743e-11 1.79516e-08 2.75717e-07 0.00031035 0.000260142 0.00326012 0.0102451 0.985924 
1.39059e-13 3.08946e-12 2.80988e-11 2.24348e-08 3.45265e-07 0.000393497 0.000897045 0.972195 0.0198168 0.00669685 
2.68994e-17 5.9765e-16 5.49527e-15 4.35387e-12 6.89364e-11 8.77348e-08 9.04737e-07 0.000201811 0.00626642 0.993531 
1.1189e-13 2.48678e-12 2.44564e-11 2.12571e-08 3.02423e-07 0.000330032 0.000646981 0.973756 0.017816 0.00745048 
9.35759e-06 0.00020853 0.000861275 0.914503 0.0536884 0.0248935 0.00550507 0.000330377 3.74381e-07 9.25234e-10 
2.06163e-17 4.58041e-16 4.19275e-15 3.33091e-12 5.23649e-11 6.51762e-08 1.89963e-07 0.000568086 0.989043 0.0103889 
8.08271e-15 1.79668e-13 1.85771e-12 1.34503e-09 2.92664e-08 7.92807e-05 0.000157573 0.00162938 0.00490679 0.993227 
1.1037e-14 2.87919e-13 8.59326e-11 6.10975e-08 9.99235e-07 0.000802416 0.00667164 0.985361 0.00613698 0.00102686 
6.065e-12 1.46885e-10 3.99162e-08 0.000148389 0.000456894 0.0121841 0.963594 0.0231583 0.000456415 2.01003e-06 
4.61341e-14 1.02507e-12 9.59473e-12 7.49148e-09 1.25807e-07 0.000199276 0.000240281 0.00244372 0.00450809 0.992608 
0.00101559 0.0114984 0.0332216 0.949598 0.00465373 1.29264e-05 9.38074e-08 2.97798e-10 2.20574e-13 3.24689e-16 
1.15589e-13 2.56806e-12 2.33983e-11 1.86554e-08 2.88541e-07 0.000335566 0.000482871 0.00571399 0.988577 0.00489072 
1.11787e-13 2.48359e-12 2.26483e-11 1.80458e-08 2.79812e-07 0.000328964 0.000587484 0.0079693 0.985506 0.00560835 
2.39811e-14 6.35382e-13 2.05774e-10 1.2226e-07 1.33404e-05 0.00138917 0.0127244 0.976385 0.00880327 0.000685095 
1.12865e-09 2.56528e-08 1.19858e-06 0.000717952 0.00828045 0.959582 0.0242418 0.00669411 0.000479314 3.00971e-06 
6.9932e-14 1.55373e-12 1.42661e-11 1.13066e-08 1.79151e-07 0.000230785 0.00036793 0.00475583 0.0150871 0.979558 
7.92191e-14 1.76447e-12 2.50294e-11 2.84638e-08 3.22533e-07 0.000333338 0.000753783 0.00401982 0.712785 0.282108 
5.10137e-14 1.15832e-12 5.88684e-11 2.79544e-08 1.1381e-06 0.00145246 0.974077 0.0170053 0.00604317 0.00142079 
2.72884e-17 6.0689e-16 6.75302e-15 4.86576e-12 9.09203e-11 2.1223e-07 1.19526e-05 0.000426107 0.700559 0.299003 
7.83836e-14 1.7416e-12 1.62006e-11 1.27108e-08 2.09516e-07 0.000312493 0.000777233 0.980755 0.0130495 0.00510585 
1.09522e-13 2.43321e-12 2.20295e-11 1.76517e-08 2.67484e-07 0.000281267 0.000488802 0.00677989 0.986858 0.00559161 
3.76179e-05 0.00317171 0.020139 0.951888 0.0222207 0.00250007 4.26594e-05 4.62015e-07 3.18992e-10 5.6703e-13 
7.17259e-14 1.59334e-12 1.40498e-11 1.1492e-08 1.59597e-07 8.79067e-05 0.000204136 0.00549077 0.984698 0.00951926 
5.20239e-15 1.45985e-13 5.76635e-11 4.45894e-08 5.95278e-07 0.000365037 0.00247388 0.00906258 0.984185 0.00391321 
3.89222e-14 1.02547e-12 3.45482e-10 1.57835e-07 1.16059e-05 0.00108414 0.00657773 0.501391 0.490582 0.000353452 
1.95023e-17 4.33532e-16 4.31613e-15 3.26848e-12 6.51552e-11 1.07317e-07 2.53652e-05 0.000883692 0.00635984 0.992731 
2.45903e-39 3.9428e-35 2.92286e-31 2.50567e-27 2.63254e-23 1.76938e-19 2.25298e-15 9.64582e-07 0.00010359 0.999895 
1.44698e-13 3.21476e-12 2.92972e-11 2.33539e-08 3.61526e-07 0.000422188 0.00050783 0.00607188 0.987253 0.00574508 
3.74331e-20 8.32768e-19 1.02405e-17 6.50906e-15 2.05235e-13 7.9944e-10 2.84587e-10 1.69408e-08 0.000109489 0.99989 
2.99761e-19 6.65993e-18 6.09299e-17 4.8432e-14 7.60709e-13 9.35689e-10 6.5143e-09 2.12464e-05 0.00114999 0.998829 
1.5354e-17 3.41135e-16 3.1411e-15 2.48394e-12 3.97762e-11 5.32896e-08 1.18783e-07 0.0001324 0.00493095 0.994936 
1.95469e-17 4.34816e-16 4.74535e-15 3.42401e-12 8.83248e-11 1.59245e-07 5.44747e-05 0.00184225 0.699368 0.298735 
4.31503e-12 1.06714e-10 3.62488e-08 0.000139126 0.0017346 0.962512 0.0261269 0.00876779 0.000692035 2.75048e-05 
2.74366e-17 6.09573e-16 5.583e-15 4.43325e-12 6.98254e-11 8.75911e-08 2.69298e-07 0.000779792 0.984984 0.0142356 
3.25019e-05 0.000720037 0.000829408 0.0106385 0.033708 0.947349 0.00659113 0.000131199 1.33782e-07 2.72079e-10 
7.23755e-15 1.82402e-13 4.3571e-11 1.81548e-08 5.75313e-07 0.0006336 0.490911 0.502031 0.00553513 0.000888697 
8.12733e-15 2.14205e-13 6.67589e-11 4.38077e-08 7.29406e-07 0.00040659 0.00292439 0.979958 0.0144441 0.00226628 
6.49597e-14 1.44329e-12 1.33354e-11 1.05174e-08 1.69902e-07 0.000236029 0.000344767 0.004437 0.0112367 0.983745 
8.97293e-14 1.99432e-12 1.97591e-11 1.52051e-08 2.44927e-07 0.000398299 0.003015 0.980617 0.0118035 0.0041655 
6.82628e-13 2.45413e-11 3.09509e-08 0.000117581 0.000579631 0.012306 0.973428 0.0116209 0.00186507 8.30265e-05 
7.09906e-34 1.13169e-29 8.35589e-26 7.0451e-22 7.17982e-18 4.60826e-14 2.21033e-10 3.06657e-05 0.000483519 0.999486 
1.65536e-13 3.67767e-12 3.33512e-11 2.66879e-08 4.06692e-07 0.000440782 0.000664118 0.00609112 0.983707 0.00909658 
8.89363e-14 1.97724e-12 1.98623e-11 1.49279e-08 2.39288e-07 0.000437312 0.00274353 0.980822 0.0121196 0.00387683 
0.000271565 0.0119549 0.0300909 0.945158 0.012074 0.000450399 4.61638e-07 3.68031e-09 1.79218e-13 2.68636e-16 
1.5037e-08 3.33849e-07 1.86357e-06 0.000579487 0.00594076 0.956513 0.0293181 0.00740845 0.000236778 1.22542e-06 
3.99454e-14 8.87361e-13 7.82503e-12 6.40024e-09 8.88874e-08 4.90016e-05 0.000172719 0.0100727 0.980717 0.00898835 
7.05855e-35 1.1223e-30 8.27616e-27 6.95498e-23 7.00511e-19 4.48212e-15 3.21279e-11 5.14246e-06 0.000153626 0.999841 
2.73706e-17 6.08347e-16 5.94363e-15 4.58807e-12 1.17899e-10 1.55557e-07 6.33516e-05 0.0016614 0.987382 0.0108934 
1.39551e-13 3.10161e-12 2.98968e-11 2.30332e-08 3.6498e-07 0.000565119 0.00372572 0.9795 0.0118707 0.00433813 
7.8696e-15 2.06216e-13 6.22826e-11 3.57313e-08 6.96653e-07 0.000504075 0.00465548 0.985752 0.00758339 0.00150455 
3.2526e-14 7.22795e-13 6.96967e-12 5.31751e-09 9.7363e-08 0.000193907 0.000305423 0.967039 0.0270649 0.00539674 
3.72438e-18 8.27473e-17 7.59362e-16 6.02072e-13 9.53999e-12 1.22658e-08 2.71642e-08 4.10144e-05 0.00111706 0.998842 
7.45381e-15 1.88123e-13 4.57945e-11 1.62712e-08 5.88217e-07 0.000858674 0.00656312 0.0222662 0.968235 0.002076 
4.46978e-06 9.87787e-05 2.32296e-05 0.00144428 0.015762 0.966745 0.015077 0.000842679 2.24651e-06 2.672e-08 
6.23464e-06 0.000137803 9.0112e-05 0.00708943 0.948845 0.0301992 0.0122686 0.00128471 7.81825e-05 5.07383e-07 
5.73539e-14 1.28916e-12 4.0888e-11 2.56681e-08 4.72021e-07 0.000656635 0.00567926 0.976385 0.0132152 0.004063 
1.08724e-13 2.41551e-12 2.19537e-11 1.75377e-08 2.69086e-07 0.000301378 0.00046458 0.00600283 0.988698 0.00453251 
1.57126e-17 3.49099e-16 3.20675e-15 2.54057e-12 4.03818e-11 5.25589e-08 1.14651e-07 0.000104572 0.0033611 0.996534 
3.0233e-05 0.000131782 0.00360098 0.127395 0.861271 0.00678289 0.000734202 5.43594e-05 2.59776e-08 9.20687e-11 
7.3487e-12 6.01495e-10 9.36809e-07 0.00268704 0.941471 0.0287944 0.0198164 0.00617364 0.00103179 2.46749e-05 
3.55218e-05 0.000195961 0.00457142 0.020924 0.954993 0.0165515 0.0025119 0.000216758 3.16837e-07 1.49235e-09 
2.59868e-08 5.78262e-07 1.00287e-05 0.00110863 0.0094211 0.0261469 0.957612 0.00551003 0.00018977 1.35799e-06 
2.48634e-17 5.52411e-16 5.07565e-15 4.02452e-12 6.35803e-11 8.09285e-08 1.81648e-07 0.000184558 0.203092 0.796724 
0.000156186 0.00749736 0.926379 0.0458086 0.0191533 0.000998712 6.57172e-06 6.63684e-08 1.73751e-10 9.82042e-13 
2.99786e-16 6.65962e-15 5.89007e-14 4.80614e-11 6.74413e-10 4.16292e-07 2.36609e-07 0.000183509 0.981623 0.0181933 
1.48722e-17 3.30426e-16 3.0332e-15 2.40429e-12 3.81364e-11 4.92403e-08 1.05219e-07 9.55768e-05 0.00244352 0.997461 
1.06492e-13 2.36593e-12 2.15535e-11 1.71876e-08 2.65571e-07 0.000307226 0.000531762 0.0063356 0.987643 0.00518201 
1.946e-17 4.32347e-16 3.94326e-15 3.14162e-12 4.88096e-11 5.77493e-08 1.41826e-07 0.000143076 0.00382357 0.996033 
2.14369e-18 4.76287e-17 4.38916e-16 3.46851e-13 5.56626e-12 7.53122e-09 1.87233e-08 0.000118532 0.00351011 0.996371 
3.33364e-17 8.67549e-16 3.09343e-13 5.89612e-11 1.2852e-08 7.86412e-05 0.000132885 0.00311048 0.989139 0.00753912 
1.70199e-17 3.78142e-16 3.46785e-15 2.75093e-12 4.35004e-11 5.54621e-08 1.11962e-07 6.36408e-05 0.00125603 0.99868 
1.35842e-13 3.02231e-12 3.56188e-11 3.04071e-08 4.31325e-07 0.000426391 0.000892796 0.00733274 0.985672 0.00567574 
3.56919e-05 0.000788357 0.00409279 0.779551 0.200377 0.0143805 0.000770536 4.06952e-06 3.17427e-08 8.39161e-11 
1.17331e-08 2.60962e-07 5.69382e-06 0.00042573 0.0107604 0.960703 0.0244665 0.00349652 0.000141353 5.53274e-07 
2.44088e-17 5.42308e-16 4.97753e-15 3.94594e-12 6.25621e-11 8.06181e-08 1.95962e-07 0.000681985 0.985301 0.0140172 
1.41834e-12 3.21586e-11 2.14448e-09 7.7143e-06 5.3057e-05 0.000944988 0.32955 0.665056 0.00401054 0.00037736 
0.000242829 0.0139546 0.953184 0.0293396 0.00304244 0.000234325 2.4468e-06 6.56615e-08 1.27391e-10 1.00741e-12 
5.24214e-05 0.0130496 0.0416217 0.935464 0.00960235 0.00020797 1.83525e-06 2.60709e-08 2.82254e-11 1.06892e-13 
1.27708e-14 3.48296e-13 1.25031e-10 7.33138e-08 4.46691e-06 0.000992476 0.00839339 0.980311 0.00925393 0.00104469 
2.59976e-15 7.27286e-14 2.83304e-11 2.14203e-08 3.14446e-07 0.00044674 0.00473223 0.499367 0.493395 0.00205777 
4.32444e-12 1.08308e-10 3.98109e-08 0.000137266 0.00413911 0.954298 0.031474 0.00935181 0.000594691 5.10895e-06 
2.17474e-05 0.00048366 0.00253015 0.672803 0.307806 0.014818 0.00146222 7.56893e-05 4.31002e-08 1.44607e-10 
2.62562e-17 5.83349e-16 5.34548e-15 4.24303e-12 6.69278e-11 8.44698e-08 1.83303e-07 0.000120055 0.00275273 0.997127 
1.04425e-14 2.75696e-13 8.62997e-11 5.27757e-08 9.81239e-07 0.000776913 0.0068286 0.98668 0.00522739 0.000486356 
2.24056e-30 1.32845e-27 1.8359e-24 1.05756e-21 4.49116e-18 7.40334e-14 8.71299e-11 1.62542e-05 0.000489019 0.999495 
2.08148e-17 4.62455e-16 4.23711e-15 3.36363e-12 5.30349e-11 6.68159e-08 1.51272e-07 0.000168664 0.985734 0.0140969 
6.13645e-12 1.5183e-10 3.239e-08 3.47078e-05 0.000493525 0.0119839 0.968295 0.0153768 0.00367088 0.000144812 
9.08308e-06 0.00020266 0.000891874 0.00907702 0.0321384 0.948232 0.00897998 0.000467582 9.18714e-07 1.12858e-08 
2.11865e-17 4.70715e-16 4.31784e-15 3.42455e-12 5.4195e-11 6.93196e-08 1.482e-07 0.00017009 0.00493357 0.994896 
8.1793e-15 2.17307e-13 6.9603e-11 4.10853e-08 8.2528e-07 0.000736949 0.97252 0.0207156 0.00547177 0.000554705 
1.52066e-13 6.66259e-12 7.65639e-09 1.48973e-06 0.000275501 0.01251 0.971673 0.0133766 0.00204333 0.000120119 
7.05139e-07 1.55868e-05 1.17497e-05 0.00127232 0.0150501 0.961597 0.0198492 0.0021214 8.20205e-05 1.41281e-07 
2.81371e-17 6.25645e-16 6.46389e-15 4.77653e-12 8.46555e-11 1.61698e-07 1.37653e-05 0.00121861 0.984711 0.0140567 
2.82868e-14 7.13735e-12 1.65271e-08 2.3941e-05 0.00363072 0.955728 0.0225598 0.0142215 0.00363995 0.000196015 
4.46249e-05 0.000382141 0.0118986 0.944892 0.0332794 0.00912847 0.000373295 1.33928e-06 1.47147e-09 2.43228e-12 
7.13594e-09 1.59076e-07 5.01913e-06 0.000436941 0.00352829 0.0155809 0.973599 0.00658676 0.000262067 1.30936e-06 
0.000152917 0.00713046 0.815125 0.17185 0.00555236 0.000188672 5.67462e-07 3.01585e-09 7.15263e-12 1.46571e-14 
4.88926e-43 9.11357e-39 4.44565e-34 2.72015e-29 5.85229e-25 6.27123e-21 1.00666e-15 3.27044e-06 7.77933e-05 0.999919 
1.97311e-12 4.51473e-11 3.88069e-09 7.92538e-06 8.66067e-05 0.00491373 0.975766 0.0150177 0.00380531 0.00040281 
8.68565e-15 2.2555e-13 6.53008e-11 4.16273e-08 7.78426e-07 0.000567072 0.00461661 0.0694025 0.923953 0.00146036 
2.41106e-06 5.39441e-05 0.000557295 0.0825673 0.719946 0.187764 0.00847765 0.000628975 1.68251e-06 2.18182e-08 
7.71702e-12 5.58101e-10 6.40256e-07 0.000449887 0.00848626 0.953727 0.0283572 0.00841958 0.000556852 2.90181e-06 
9.29393e-14 2.06494e-12 1.90572e-11 1.50439e-08 2.42119e-07 0.000331603 0.000545106 0.00723326 0.016816 0.975074 
1.21487e-13 2.69906e-12 2.45446e-11 1.95988e-08 3.0129e-07 0.000340292 0.000518596 0.00616411 0.979663 0.0133134 
5.91113e-05 0.000444339 0.0157967 0.95555 0.0250601 0.00283358 0.000249822 5.98228e-06 3.02466e-08 1.00101e-10 
7.36048e-14 1.6354e-12 1.51636e-11 1.19263e-08 1.94781e-07 0.000281572 0.000384638 0.00489467 0.990277 0.00416193 
2.49446e-08 5.56487e-07 1.0899e-05 0.000737912 0.00484647 0.957741 0.0296839 0.00685192 0.000127028 5.81094e-07 
1.01803e-13 2.26219e-12 2.20534e-11 2.21167e-08 2.62766e-07 0.000210157 0.000618824 0.00594417 0.988852 0.00437436 
1.48426e-08 3.31057e-07 6.75075e-06 0.00128389 0.0171212 0.965437 0.0153627 0.00078591 2.68668e-06 2.89689e-08 
7.27384e-12 1.77351e-10 5.4528e-08 0.000227059 0.00073459 0.0826098 0.829351 0.0858312 0.00120222 4.35629e-05 
5.29271e-05 0.000358412 0.908689 0.0635855 0.0247636 0.00250986 4.02405e-05 4.76285e-07 1.21901e-09 2.56784e-12 
0.000186838 0.00644231 0.0344005 0.940522 0.0178279 0.000617005 3.1301e-06 6.54033e-08 1.18643e-10 7.76334e-13 
1.3371e-17 2.97075e-16 2.73125e-15 2.16239e-12 3.4466e-11 4.53757e-08 1.34527e-07 0.000381935 0.00583992 0.993778 
7.56185e-10 1.67837e-08 8.89882e-08 0.000197197 0.000808835 0.0154483 0.972795 0.0102859 0.000462287 2.62338e-06 
4.45905e-15 9.90546e-14 8.73052e-13 7.14282e-10 9.9113e-09 5.47206e-06 1.18018e-06 0.000124804 0.495106 0.504763 
5.5355e-15 1.2347e-13 2.14101e-12 1.10152e-09 5.51829e-08 0.000326523 0.00282243 0.979954 0.0108829 0.00601407 
1.08843e-17 2.41822e-16 2.21648e-15 1.75903e-12 2.77685e-11 3.5151e-08 8.33433e-08 9.72313e-05 0.003202 0.996701 
6.03217e-14 1.35205e-12 3.33677e-11 1.77813e-08 4.36822e-07 0.000469907 0.00397677 0.982063 0.00858677 0.00490326 
1.16096e-17 2.57941e-16 2.37476e-15 1.87816e-12 3.00643e-11 4.02003e-08 8.91207e-08 0.000115434 0.8862 0.113684 
3.14354e-05 0.000703398 0.00213693 0.922616 0.0555787 0.0177758 0.00110831 4.88637e-05 3.63554e-08 1.13376e-10 
0.0108894 0.94289 0.0367169 0.00935569 0.000145941 2.38405e-06 5.04361e-09 2.73181e-11 8.94901e-15 1.09165e-17 
1.81368e-19 4.03255e-18 4.4053e-17 3.05766e-14 7.6249e-13 2.40757e-09 4.14033e-09 4.81931e-07 0.000123065 0.999876 
1.35713e-13 3.02087e-12 3.79419e-11 3.18086e-08 4.56001e-07 0.00043713 0.000952695 0.00609657 0.982438 0.0100747 
1.10107e-13 2.4463e-12 2.24026e-11 1.77916e-08 2.79524e-07 0.000348084 0.000564554 0.00691779 0.986355 0.00581413 
1.38659e-13 3.08054e-12 2.79172e-11 2.23519e-08 3.425e-07 0.000399629 0.00228772 0.979226 0.0129125 0.00517405 
1.77208e-28 1.1252e-25 2.05107e-22 5.18135e-19 2.66234e-15 1.33425e-11 7.01055e-08 0.000521053 0.998902 0.00057708 
4.21305e-09 9.37998e-08 1.79546e-06 0.000204087 0.00153675 0.951743 0.0358671 0.0101689 0.000475706 2.63525e-06 
2.31414e-14 5.93872e-13 1.62498e-10 9.76887e-08 2.48113e-06 0.00098375 0.00771294 0.845372 0.145383 0.000545729 
7.86087e-15 2.34472e-13 1.10562e-10 7.11799e-08 2.78308e-05 0.00290408 0.491638 0.499019 0.00582217 0.00058838 
1.20109e-16 2.83056e-15 4.09157e-13 8.89653e-11 1.62554e-08 9.80821e-05 0.000214578 0.00307619 0.00955555 0.987056 
0.00017726 0.0070503 0.0344556 0.940463 0.0173225 0.000527853 3.43654e-06 6.79486e-08 1.37671e-10 1.08403e-12 
3.90207e-14 9.33341e-13 1.33445e-10 7.79661e-08 1.05405e-05 0.00101088 0.00746899 0.983293 0.00733314 0.000883709 
8.80892e-06 0.000208492 0.00213082 0.00823082 0.0256814 0.0375887 0.925987 0.000163517 2.35463e-07 3.84452e-10 
1.02456e-14 2.71471e-13 8.64808e-11 5.88334e-08 8.89291e-07 0.000574342 0.00595165 0.983947 0.00785612 0.00166958 
1.70227e-17 3.78201e-16 3.46187e-15 2.75027e-12 4.33421e-11 5.77797e-08 2.47159e-07 0.000650748 0.979317 0.0200323 
8.22383e-15 2.19106e-13 7.02591e-11 4.45337e-08 7.2998e-06 0.000679149 0.00626958 0.987616 0.00502622 0.00040156 
1.31718e-13 2.92629e-12 2.64378e-11 2.12182e-08 3.22235e-07 0.000417587 0.00174459 0.978407 0.0145404 0.00488983 
1.45973e-13 3.24315e-12 2.96688e-11 2.35801e-08 3.69408e-07 0.000455044 0.000565661 0.00636487 0.987304 0.00531017 
1.35022e-13 3.00149e-12 3.09913e-11 2.80255e-08 3.89928e-07 0.000437078 0.000789528 0.00767641 0.985526 0.0055708 
7.12324e-14 1.5825e-12 1.42297e-11 1.14627e-08 1.69914e-07 0.000158109 0.000253153 0.00377917 0.991172 0.00463755 
1.28007e-08 2.85625e-07 7.71312e-06 0.000834463 0.0107213 0.965128 0.019218 0.00387048 0.000217905 1.34304e-06 
1.75941e-08 3.9237e-07 1.05703e-05 0.00130665 0.919242 0.0576208 0.0189993 0.00271033 0.000109154 7.42526e-07 
1.60579e-08 3.57709e-07 7.2511e-06 0.000863953 0.0102299 0.659708 0.328294 0.000894417 1.45076e-06 1.54091e-08 
1.96133e-17 4.36054e-16 4.42578e-15 3.30424e-12 5.82368e-11 1.10961e-07 9.79336e-06 0.00119627 0.989357 0.00943726 
2.75958e-17 6.1316e-16 5.70835e-15 4.51932e-12 1.05573e-10 1.20471e-07 3.02757e-05 0.000887061 0.985895 0.0131871 
1.29903e-13 2.88598e-12 2.61265e-11 2.09357e-08 3.17142e-07 0.00033363 0.000503255 0.00496582 0.98763 0.00656658 
2.39411e-08 5.3415e-07 1.53113e-05 0.0014964 0.0168785 0.966884 0.0139244 0.000791788 8.73764e-06 1.29256e-07 
3.28062e-06 7.38998e-05 0.000431214 0.00450503 0.0225349 0.959902 0.0121034 0.000445289 6.99903e-07 1.42533e-09 
0 0 0 0 0 0 0 0 4.6783e-05 0.999953 
1.42673e-14 4.31977e-13 2.40425e-10 9.13321e-08 6.0027e-06 0.00439067 0.968243 0.0208707 0.00600124 0.000488027 
2.20662e-08 4.91365e-07 8.65415e-06 0.00121559 0.0128737 0.0358183 0.94719 0.00288789 5.13688e-06 4.6751e-08 
8.52427e-14 1.89389e-12 1.73715e-11 1.37785e-08 2.17626e-07 0.000276849 0.000331078 0.00481621 0.990045 0.00453081 
1.00638e-08 2.24232e-07 5.93457e-06 0.000437212 0.00337761 0.0172294 0.97002 0.00860579 0.000321894 1.54683e-06 
1.39997e-14 3.72827e-13 1.20575e-10 7.51589e-08 1.46673e-06 0.00185519 0.956025 0.0307942 0.00996583 0.0013578 
9.23598e-09 2.05226e-07 1.94699e-06 0.00044046 0.00299508 0.0177796 0.965983 0.0122304 0.000567651 1.55027e-06 
5.45312e-19 1.21154e-17 1.10889e-16 8.80987e-14 1.38446e-12 1.72196e-09 3.40224e-09 9.70456e-06 0.000294292 0.999696 
1.30987e-14 3.4371e-13 1.05073e-10 6.9803e-08 1.20744e-06 0.000961547 0.00792834 0.984482 0.00610908 0.000517985 
2.5029e-17 5.56083e-16 5.09258e-15 4.04423e-12 6.38677e-11 8.66685e-08 4.00841e-07 0.000481878 0.00687573 0.992642 
1.73375e-14 1.13451e-12 1.84348e-09 2.70683e-07 2.77662e-05 0.00551589 0.97228 0.0171425 0.00445677 0.000576777 
1.00998e-33 1.45974e-29 1.06979e-25 8.99986e-22 9.18893e-18 6.00792e-14 3.24041e-10 2.9463e-05 0.000222815 0.999748 
1.39638e-17 3.10242e-16 2.84212e-15 2.2564e-12 3.55624e-11 4.47471e-08 9.24514e-08 0.000137663 0.00357403 0.996288 
1.15956e-14 3.06799e-13 9.70771e-11 6.57756e-08 1.27457e-06 0.00127509 0.970521 0.0216114 0.00608092 0.000509996 
4.80353e-12 1.15878e-10 3.26439e-08 0.000135969 0.000224835 0.00403121 0.0111845 0.980683 0.00358425 0.000155904 
8.27209e-14 1.97947e-12 3.07067e-10 9.76763e-08 1.43275e-05 0.00269098 0.955391 0.0297845 0.00999133 0.00212725 
2.00867e-14 4.4636e-13 4.28664e-12 3.28169e-09 5.93336e-08 0.000114221 0.00020747 0.0034401 0.00964766 0.98659 
0.000158559 0.00760697 0.831173 0.158615 0.0023704 7.56003e-05 7.75356e-07 1.62261e-08 3.18137e-11 2.16632e-13 
3.18898e-16 7.08457e-15 6.34328e-14 5.13554e-11 7.35374e-10 5.60772e-07 7.04244e-06 0.000240622 0.00602957 0.993722 
9.63783e-09 2.15841e-07 1.08886e-05 0.000858188 0.0114221 0.961437 0.0215936 0.00437659 0.000300188 1.11154e-06 
8.29262e-15 2.1866e-13 6.76316e-11 3.81369e-08 7.72713e-07 0.000714142 0.329618 0.66071 0.00859802 0.000359216 
3.39025e-17 7.53233e-16 6.90341e-15 5.4789e-12 8.64712e-11 1.09385e-07 2.40324e-07 0.000261817 0.981098 0.0186395 
3.31572e-12 7.94351e-11 2.02336e-08 8.47963e-05 0.000140937 0.00343749 0.977042 0.0148862 0.00405116 0.000357157 
1.05593e-13 2.3459e-12 2.11947e-11 1.70104e-08 2.56027e-07 0.000259949 0.000444336 0.00604715 0.988045 0.00520281 
4.81429e-15 1.06961e-13 9.77831e-13 7.77784e-10 1.21318e-08 1.46578e-05 3.64763e-05 0.000359614 0.00681162 0.992778 
7.47267e-17 1.66252e-15 1.95855e-14 1.37307e-11 2.677e-10 5.786e-07 6.52994e-05 0.000381232 0.00569534 0.993858 
7.07844e-34 1.12918e-29 8.34045e-26 7.03909e-22 7.19888e-18 4.62506e-14 2.38956e-10 2.72612e-05 0.000258761 0.999714 
1.89663e-17 4.21388e-16 3.87046e-15 3.06656e-12 4.88723e-11 6.90388e-08 2.46876e-07 0.000330507 0.00620322 0.993466 
6.53979e-14 1.45298e-12 1.3319e-11 1.05694e-08 1.66597e-07 0.000210461 0.000318604 0.696519 0.299263 0.00368838 
1.68873e-17 3.75198e-16 3.44602e-15 2.73043e-12 4.33814e-11 5.63582e-08 1.30213e-07 0.000167904 0.00520735 0.994625 
1.7415e-14 1.31538e-12 2.32089e-09 3.0482e-07 2.09617e-05 0.0029197 0.967802 0.0223736 0.00641095 0.000472844 
2.47364e-17 5.49583e-16 5.03793e-15 3.99782e-12 6.31332e-11 8.00396e-08 1.85182e-07 0.000191453 0.00563145 0.994177 
1.4185e-13 3.1515e-12 2.87151e-11 2.28922e-08 3.54951e-07 0.000443817 0.000657534 0.976744 0.0169371 0.00521752 
7.90129e-19 1.75542e-17 1.59524e-16 1.27445e-13 1.95775e-12 2.20269e-09 4.33739e-09 3.72025e-06 0.000331829 0.999664 
7.21376e-35 5.67343e-31 3.51253e-27 2.72899e-23 2.41174e-19 3.22094e-15 4.73983e-12 1.09785e-06 0.000251061 0.999748 
4.26057e-13 9.58396e-12 3.64955e-10 1.50145e-07 2.11737e-05 0.000820032 0.00631599 0.0170156 0.9753 0.00052685 
1.9711e-08 4.39237e-07 1.13065e-05 0.00086283 0.00905418 0.0222308 0.96546 0.0023748 5.12805e-06 5.0092e-08 
2.03417e-17 4.51949e-16 4.14997e-15 3.29037e-12 5.22248e-11 6.54594e-08 1.50004e-07 0.000155478 0.004866 0.994978 
7.59138e-08 2.9171e-06 0.000252486 0.00219188 0.0157538 0.968629 0.0126532 0.000515083 1.61538e-06 1.73597e-08 
3.2288e-09 7.22533e-08 1.69527e-06 0.000688557 0.0111543 0.968182 0.0168967 0.00280796 0.000267555 1.27195e-06 
2.13512e-14 4.74306e-13 4.18846e-12 3.4231e-09 4.75973e-08 2.67834e-05 0.000115856 0.000743961 0.00621231 0.992901 
1.13973e-13 2.53277e-12 2.40975e-11 1.88551e-08 2.89987e-07 0.000313965 0.00124086 0.980513 0.0133589 0.00457253 
2.42525e-05 0.000547467 0.00152485 0.0130988 0.970378 0.0136826 0.000739312 4.44244e-06 3.70283e-08 1.22486e-10 
1.12185e-14 3.04176e-13 1.07296e-10 6.91612e-08 5.98725e-06 0.00414565 0.971556 0.0186489 0.00513578 0.000507154 
2.73005e-17 6.06554e-16 5.56314e-15 4.41269e-12 6.98011e-11 8.91222e-08 1.8692e-07 0.000155837 0.989484 0.0103602 
8.51647e-15 2.23496e-13 6.69899e-11 3.27593e-08 8.4915e-07 0.00115526 0.972909 0.0193621 0.00568033 0.000891994 
4.41216e-14 1.00557e-12 5.98489e-11 3.42458e-08 6.02596e-07 0.000579476 0.00413639 0.0151946 0.978265 0.00182352 
8.33136e-15 2.25231e-13 7.77477e-11 5.00445e-08 9.11821e-07 0.000833441 0.00805009 0.984624 0.00602864 0.00046326 
6.69822e-14 1.51301e-12 6.12485e-11 2.73208e-08 7.13171e-07 0.000515374 0.0021233 0.00820653 0.0150833 0.974071 
1.52135e-17 3.38008e-16 3.10075e-15 2.45911e-12 3.89254e-11 4.98413e-08 1.06716e-07 0.000119948 0.98942 0.01046 
1.27589e-17 2.83455e-16 2.55937e-15 2.05498e-12 3.09138e-11 3.12989e-08 5.73715e-08 6.26234e-05 0.000615666 0.999322 
1.13487e-14 3.0064e-13 9.51587e-11 5.6314e-08 2.5684e-06 0.00313162 0.969539 0.0207655 0.0061117 0.00044925 
3.06346e-11 1.04898e-09 6.34859e-07 0.000408972 0.00768078 0.966558 0.0195354 0.00546286 0.00035151 2.04269e-06 
6.8353e-16 1.51944e-14 1.5832e-13 1.1383e-10 2.54266e-09 7.13261e-06 7.61991e-06 0.000255942 0.00719032 0.992539 
9.94947e-18 2.21055e-16 2.02988e-15 1.60857e-12 2.55413e-11 3.31129e-08 6.98239e-08 9.33012e-05 0.00329405 0.996613 
3.99601e-12 9.98534e-11 3.74435e-08 0.000143422 0.00051996 0.0102271 0.975907 0.0111063 0.00197117 0.000124929 
1.35347e-17 3.00708e-16 2.7576e-15 2.18761e-12 3.45899e-11 4.40862e-08 9.2354e-08 4.32446e-05 0.000843657 0.999113 
1.40576e-25 8.21198e-23 1.13874e-19 3.93828e-17 5.73274e-15 1.50256e-11 9.75793e-09 3.98818e-05 0.00169752 0.998263 
5.028e-12 5.28699e-10 6.16793e-07 0.000279006 0.00470758 0.0227838 0.955168 0.0143534 0.00260007 0.000107679 
3.90255e-07 1.1124e-05 0.000468411 0.00730415 0.935566 0.0414753 0.0144256 0.000747229 1.87952e-06 1.98998e-08 
2.52841e-17 5.62058e-16 5.78689e-15 4.26582e-12 7.93344e-11 2.07067e-07 1.48634e-06 0.00013005 0.00407806 0.99579 
9.20333e-06 0.000205212 0.000463395 0.0611953 0.923958 0.0123677 0.00172315 7.78783e-05 1.38923e-07 5.21915e-10 
1.01624e-17 2.25787e-16 2.07682e-15 1.64361e-12 2.62332e-11 3.47178e-08 6.42119e-08 4.56133e-05 0.0010127 0.998942 
2.06808e-17 4.59478e-16 4.21427e-15 3.34277e-12 5.28799e-11 6.75101e-08 1.57064e-07 0.000178009 0.00574117 0.994081 
4.19475e-12 4.18448e-10 5.3427e-07 0.000369665 0.00484163 0.0258622 0.958029 0.00996211 0.00089964 3.57191e-05 
1.92023e-17 4.26629e-16 3.90817e-15 3.10299e-12 4.89002e-11 6.14389e-08 1.9439e-07 0.000514349 0.987424 0.0120611 
8.62084e-09 1.91942e-07 3.65328e-06 0.000739085 0.913566 0.0517239 0.0263271 0.00719691 0.00044036 2.54648e-06 
1.0658e-13 2.3677e-12 2.11307e-11 1.71228e-08 2.47424e-07 0.000194987 0.000297845 0.00213685 0.0060325 0.991338 
9.40069e-06 0.000212673 0.00101102 0.0847002 0.867417 0.0457871 0.000834424 2.82889e-05 9.76555e-08 3.99851e-10 
2.07054e-05 0.000458098 0.000427794 0.00911379 0.0307281 0.953425 0.00566094 0.000164235 1.04658e-06 1.63685e-08 
3.07442e-12 7.87824e-11 3.49922e-08 0.000128121 0.000251356 0.00606138 0.0150887 0.975486 0.00288868 9.59072e-05 
6.92656e-14 1.53883e-12 1.389e-11 1.11578e-08 1.67134e-07 0.000165591 0.000339144 0.00198975 0.00794746 0.989558 
1.09558e-17 2.43415e-16 2.24085e-15 1.7724e-12 2.83641e-11 3.78787e-08 1.02485e-07 0.000137507 0.00461675 0.995246 
1.74296e-08 3.876e-07 5.99569e-06 0.000576037 0.00348039 0.0143311 0.0244015 0.956887 0.000316561 1.08639e-06 
2.13211e-17 4.73707e-16 4.34568e-15 3.44751e-12 5.44089e-11 6.86451e-08 1.7483e-07 0.000204926 0.00545814 0.994337 
4.97911e-14 1.1062e-12 1.00436e-11 8.02971e-09 1.22804e-07 0.000135419 0.000180349 0.00291922 0.500377 0.496388 
6.92626e-14 1.53897e-12 1.43956e-11 1.12459e-08 1.88484e-07 0.000296796 0.000437708 0.980105 0.0143611 0.00479965 
2.23374e-05 0.000495928 0.00167617 0.0195532 0.961933 0.0147151 0.00150985 9.4341e-05 4.98576e-08 1.67769e-10 
7.9738e-14 1.77149e-12 1.60161e-11 1.28474e-08 1.94331e-07 0.000219768 0.000693711 0.00560582 0.989642 0.00383807 
4.36018e-05 0.00116577 0.010256 0.905504 0.0824413 0.000571532 1.79736e-05 3.19778e-08 2.10689e-11 3.41199e-14 
1.22822e-13 2.7287e-12 2.47537e-11 1.98044e-08 3.01912e-07 0.000327544 0.000547527 0.00628654 0.987856 0.00498235 
8.14965e-15 2.16739e-13 6.99676e-11 4.69941e-08 8.12529e-07 0.000655798 0.00454207 0.0137418 0.978534 0.0025251 
1.96118e-08 4.36301e-07 7.9646e-06 0.000604533 0.00538208 0.492191 0.0240172 0.477678 0.000118143 3.22576e-07 
2.29365e-08 5.11e-07 1.17167e-05 0.00117626 0.0142022 0.967196 0.0156089 0.00167019 0.000133292 4.52203e-07 
1.85347e-08 4.12939e-07 8.59615e-06 0.000952917 0.00759001 0.0221694 0.965276 0.00389282 0.00010968 2.52108e-07 
2.12382e-12 2.96851e-10 3.80341e-07 0.000265344 0.00599408 0.964267 0.0207218 0.00758875 0.001116 4.68314e-05 
1.22459e-13 2.72075e-12 2.49327e-11 1.979e-08 3.1162e-07 0.000392076 0.000538009 0.00652985 0.987559 0.00498106 
6.28012e-13 1.41176e-11 5.7077e-10 4.83632e-07 1.75577e-05 0.000812794 0.00695838 0.984646 0.00670024 0.000864129 
1.86038e-08 4.13813e-07 4.06975e-06 0.0011975 0.01577 0.963241 0.0182157 0.00149535 7.55235e-05 4.02253e-07 
1.30744e-14 3.98989e-13 3.36495e-10 1.37209e-06 4.92967e-06 0.00398377 0.967167 0.0221965 0.00603182 0.000614307 
9.35537e-15 2.51196e-13 8.47641e-11 5.55498e-08 9.68469e-07 0.000770288 0.00585751 0.984463 0.00785906 0.00104891 
0.391194 0.419214 0.17851 0.0100526 0.00102293 6.08678e-06 8.88117e-08 2.48448e-10 2.33564e-13 3.6196e-16 
1.3115e-13 2.91462e-12 2.77477e-11 2.153e-08 3.38603e-07 0.000423505 0.0017403 0.00961288 0.983401 0.00482172 
4.38634e-15 9.74853e-14 9.67134e-13 7.22818e-10 1.42265e-08 3.24022e-05 0.000144417 0.00197781 0.986723 0.0111227 
1.17683e-34 1.64674e-30 1.18845e-26 9.8952e-23 9.89667e-19 7.01487e-15 4.60613e-11 3.47729e-06 0.000231854 0.999765 
1.24991e-13 3.09055e-12 8.0053e-10 2.12872e-06 1.53639e-05 0.00390935 0.971512 0.0190969 0.0049608 0.000503382 
1.28708e-13 2.85952e-12 2.60556e-11 2.0773e-08 3.21332e-07 0.000373995 0.00044293 0.0046116 0.97965 0.0149209 
3.4584e-15 9.18143e-14 3.03678e-11 3.22972e-08 3.62134e-07 0.000340545 0.0016856 0.00631434 0.987504 0.00415466 
4.79568e-09 1.15074e-07 1.95557e-05 0.00156547 0.0126831 0.96451 0.0176604 0.00338935 0.000171168 1.17113e-06 
7.04013e-14 1.57291e-12 3.18216e-11 1.72706e-08 1.18526e-06 0.00184562 0.656371 0.336243 0.00419398 0.0013444 
1.19434e-13 2.65355e-12 2.4372e-11 1.93097e-08 3.06393e-07 0.000397815 0.000467405 0.00637571 0.977997 0.0147619 
3.58638e-14 7.96704e-13 7.05748e-12 5.7532e-09 8.09508e-08 5.11132e-05 0.000173635 0.00127907 0.98463 0.0138658 
1.10667e-14 2.76352e-13 6.28893e-11 3.14805e-08 6.7377e-07 0.000607186 0.0039118 0.0126786 0.98104 0.0017621 
2.16751e-17 4.81569e-16 4.41564e-15 3.50325e-12 5.53703e-11 7.04487e-08 1.6155e-07 0.00016156 0.00520686 0.994631 
1.55177e-14 4.10729e-13 1.29955e-10 7.85696e-08 2.35533e-06 0.0029119 0.963144 0.0256008 0.00769724 0.00064396 
2.08326e-17 4.6285e-16 4.24415e-15 3.3671e-12 5.32253e-11 6.77487e-08 1.53856e-07 0.000152675 0.0045172 0.99533 
6.59929e-05 0.000405144 0.0161219 0.944814 0.0315752 0.00665528 0.000362045 9.00018e-07 1.07518e-09 2.2037e-12 
1.60648e-17 3.56929e-16 3.28814e-15 2.59926e-12 4.16843e-11 5.61218e-08 1.3485e-07 0.000157187 0.00557838 0.994264 
2.11453e-17 4.69799e-16 4.31009e-15 3.41806e-12 5.41171e-11 6.93344e-08 1.60869e-07 0.000148769 0.00468008 0.995171 
1.73693e-14 4.01832e-13 3.56046e-11 1.3732e-08 4.66911e-07 0.000692971 0.972726 0.0182916 0.00665483 0.00163442 
2.81095e-12 7.51281e-11 4.12954e-08 0.000158777 0.000395842 0.012882 0.973074 0.012153 0.00130304 3.3653e-05 
0.000118488 0.00716222 0.940409 0.038272 0.0133944 0.00063844 5.33752e-06 7.23942e-08 1.55391e-10 8.40166e-13 
1.10381e-05 0.000245987 0.00313965 0.92887 0.0456279 0.0197321 0.00226608 0.000107153 4.38377e-07 6.38463e-09 
2.10845e-17 4.68452e-16 4.30449e-15 3.40994e-12 5.41545e-11 7.00916e-08 2.81349e-07 0.000248 0.00559352 0.994158 
8.50321e-12 4.31074e-10 4.12072e-07 0.000392965 0.00587045 0.962553 0.0242618 0.00630293 0.000612827 5.71783e-06 
4.10887e-18 9.12869e-17 8.3104e-16 6.63053e-13 1.02429e-11 1.18125e-08 2.5565e-08 4.2868e-05 0.000372761 0.999584 
9.57368e-14 2.13419e-12 3.38404e-11 2.97337e-08 4.05531e-07 0.000475495 0.000957178 0.0076973 0.984682 0.00618741 
1.71174e-08 3.81727e-07 9.96353e-06 0.000899078 0.0109487 0.972289 0.0145169 0.00127961 5.63427e-05 2.03723e-07 
1.95473e-17 5.66662e-16 3.20239e-13 5.90053e-11 1.33361e-08 8.16738e-05 5.21342e-05 0.00105008 0.978757 0.0200595 
7.00463e-14 1.55614e-12 1.39791e-11 1.12704e-08 1.6639e-07 0.000150939 0.000297694 0.00311686 0.988758 0.00767626 
2.69378e-17 5.98496e-16 5.49316e-15 4.35481e-12 6.90411e-11 8.89235e-08 2.0733e-07 0.000252139 0.837053 0.162695 
2.35286e-17 5.2275e-16 4.79331e-15 3.80282e-12 6.0107e-11 7.64882e-08 1.69171e-07 0.000182534 0.00532466 0.994493 
2.8532e-17 6.33914e-16 5.81449e-15 4.61183e-12 7.29747e-11 9.34315e-08 2.11659e-07 0.000245326 0.0080345 0.99172 
7.42842e-15 1.98633e-13 6.32724e-11 2.8411e-08 6.94968e-07 0.000422005 0.00512913 0.985971 0.00705595 0.00142077 
1.39981e-13 3.10994e-12 2.82806e-11 2.26562e-08 5.43779e-07 0.00101539 0.966335 0.0154999 0.0127037 0.00444523 
8.15711e-11 2.0273e-09 5.13827e-07 0.000305271 0.00210499 0.0161612 0.972921 0.00814429 0.000359358 2.94964e-06 
8.54008e-15 3.32462e-13 2.44931e-10 1.08589e-07 1.66954e-05 0.00292819 0.0116078 0.977886 0.00693285 0.000627958 
2.7673e-14 6.14813e-13 5.60004e-12 4.46553e-09 6.90491e-08 8.02411e-05 8.31774e-05 0.00106352 0.690218 0.308555 
1.90702e-17 5.34103e-16 2.67881e-13 4.95884e-11 1.11281e-08 6.82936e-05 5.1088e-06 0.000470334 0.0039745 0.995482 
1.07778e-13 2.39451e-12 2.17848e-11 1.7387e-08 2.67948e-07 0.000306391 0.000324555 0.00504058 0.989713 0.00461555 
7.23801e-20 1.60943e-18 1.78389e-17 1.22549e-14 3.15602e-13 1.02385e-09 5.9513e-09 1.60185e-05 0.0010102 0.998974 
2.96299e-14 6.58436e-13 6.34323e-12 4.84416e-09 8.83425e-08 0.000174078 0.000309194 0.00453798 0.990977 0.00400199 
1.27296e-13 2.83068e-12 2.95756e-11 2.19578e-08 3.50837e-07 0.000477925 0.00342736 0.981431 0.0107183 0.00394485 
2.03106e-09 4.49829e-08 2.08645e-07 0.00028992 0.00445853 0.951054 0.0346092 0.0091646 0.000421156 2.08415e-06 
1.52465e-13 3.38731e-12 3.0798e-11 2.45953e-08 3.80287e-07 0.00045973 0.00186659 0.971562 0.0195453 0.00656603 
0.00644571 0.913652 0.0396765 0.0290456 0.0106855 0.000489415 5.32358e-06 7.33069e-08 1.72915e-10 8.61176e-13 
2.93663e-19 6.52434e-18 5.94624e-17 4.7399e-14 7.35229e-13 8.59729e-10 3.47273e-09 2.45179e-05 0.00141206 0.998563 
3.09559e-12 7.55977e-11 1.91103e-08 3.01981e-05 0.00429534 0.94461 0.0289894 0.0176269 0.00417794 0.000270643 
1.09032e-14 2.89962e-13 9.3777e-11 5.94738e-08 1.06603e-06 0.000916591 0.00809036 0.984111 0.0063703 0.000510337 
4.6168e-16 1.02642e-14 1.06438e-13 7.98746e-11 1.33523e-09 1.88952e-06 0.000213704 0.00152018 0.982934 0.0153306 
4.92588e-16 1.10547e-14 3.6295e-13 1.26557e-10 1.22297e-08 6.88448e-05 0.000191914 0.00439333 0.988159 0.00718708 
0.000151886 0.00541808 0.232892 0.752261 0.00890921 0.000367162 9.95252e-07 4.89439e-09 1.29822e-11 2.59782e-14 
1.88541e-05 0.000419409 0.00107101 0.01462 0.953096 0.026707 0.00393188 0.000135439 1.12887e-07 2.49496e-10 
8.56114e-12 2.04587e-10 4.91644e-08 0.000184156 0.000457174 0.0140848 0.0364497 0.948345 0.000476211 2.48481e-06 
1.78356e-14 4.74318e-13 1.53458e-10 9.75154e-08 1.73448e-06 0.00134353 0.0114393 0.977511 0.008842 0.000862484 
1.45377e-14 3.82054e-13 1.16933e-10 6.73736e-08 1.70129e-06 0.00115404 0.00884733 0.982354 0.00704525 0.000597396 
6.91711e-14 1.53683e-12 1.4113e-11 1.11839e-08 1.78522e-07 0.000267559 0.00128674 0.358045 0.636633 0.00376772 
4.56706e-14 1.01471e-12 9.34354e-12 7.38937e-09 1.18006e-07 0.000156774 0.00029927 0.00292249 0.981987 0.0146339 
4.54879e-10 1.06776e-08 1.09295e-06 0.000654571 0.0100612 0.966665 0.0185224 0.00379793 0.000295939 1.91738e-06 
1.69495e-17 3.76559e-16 3.40816e-15 2.73143e-12 4.14103e-11 4.3676e-08 8.19298e-08 6.96246e-05 0.000713115 0.999217 
5.94944e-15 1.62333e-13 5.76307e-11 4.52336e-08 5.82444e-07 0.000269565 0.00300553 0.0104574 0.983426 0.00284095 
1.83775e-07 5.6682e-06 0.000456327 0.00654448 0.946047 0.0366195 0.00988716 0.000439056 8.27181e-07 2.31442e-09 
2.22939e-05 0.000496334 0.000956864 0.011653 0.969893 0.0153351 0.00157885 6.46313e-05 9.55245e-08 1.89427e-10 
1.14457e-14 3.08379e-13 1.05456e-10 6.28646e-08 1.2203e-06 0.00107661 0.00932069 0.981635 0.00736472 0.000601202 
1.30435e-17 2.89802e-16 2.67305e-15 2.11085e-12 3.39849e-11 4.64962e-08 1.05324e-07 0.000150879 0.00570459 0.994144 
3.70225e-08 8.1625e-07 0.000103888 0.00151539 0.0141426 0.0332123 0.94861 0.00241264 2.55916e-06 1.84446e-08 
3.02333e-05 0.00066958 0.000986584 0.0147456 0.0476524 0.933279 0.00250789 0.000129087 8.23469e-08 3.57541e-10 
1.36399e-13 3.03037e-12 2.7543e-11 2.20021e-08 3.37623e-07 0.000378317 0.000567514 0.00697309 0.985132 0.00694876 
9.11348e-15 2.43794e-13 8.09502e-11 4.87137e-08 8.71004e-07 0.000650994 0.0061853 0.987655 0.00492877 0.000578944 
2.10455e-17 4.67584e-16 4.29665e-15 3.40316e-12 5.41528e-11 7.0784e-08 1.61342e-07 0.000153268 0.986959 0.0128879 
1.98548e-17 4.4113e-16 4.05206e-15 3.21029e-12 5.10239e-11 6.64019e-08 1.43478e-07 0.000186378 0.985321 0.014492 
5.90627e-12 1.3455e-10 1.02852e-08 2.21867e-05 0.000237532 0.00414034 0.0119285 0.97983 0.00365673 0.000185115 
1.42031e-13 3.15974e-12 3.65413e-11 2.85246e-08 4.29964e-07 0.000501156 0.00169995 0.0112182 0.979932 0.00664773 
7.2084e-19 1.60197e-17 1.56889e-16 1.18316e-13 2.26151e-12 4.89551e-09 2.51047e-08 8.63407e-05 0.00359453 0.996319 
6.33721e-09 1.41191e-07 2.12926e-06 0.000575185 0.00626362 0.0199963 0.967098 0.00585296 0.000210911 1.14863e-06 
1.43071e-14 3.82696e-13 1.26679e-10 7.78816e-08 1.39775e-06 0.00106696 0.00843885 0.0232409 0.966503 0.000748514 
8.89411e-14 1.97685e-12 1.94148e-11 1.48737e-08 2.55576e-07 0.000399065 0.00253702 0.0104695 0.983248 0.00334642 
1.75176e-17 3.89198e-16 3.56694e-15 2.83096e-12 4.46763e-11 5.64985e-08 1.35798e-07 0.000235899 0.982134 0.0176297 
4.09234e-18 9.09212e-17 8.31736e-16 6.6104e-13 1.05011e-11 1.74118e-08 1.84025e-07 0.00040641 0.993417 0.00617653 
