18078
1.307e-06 2.95104e-05 0.000818348 0.00834059 0.0434623 0.919197 0.0271598 0.000984721 6.76348e-06 9.25619e-08 
6.31814e-16 1.42731e-14 7.44972e-13 1.94544e-10 3.6859e-08 2.53539e-05 0.000561793 0.0139624 0.941651 0.0437991 
4.51398e-16 9.4348e-15 8.68539e-14 1.63018e-11 7.38854e-10 2.02957e-07 3.68519e-06 0.000699104 0.0166483 0.982649 
4.87498e-16 1.03053e-14 1.59178e-13 3.47853e-11 4.92811e-09 7.9011e-07 8.95329e-05 0.001186 0.0206533 0.97807 
1.35749e-12 2.85632e-11 3.50661e-10 7.05935e-08 6.28775e-06 0.00143387 0.0179278 0.0788476 0.891293 0.0104916 
1.33483e-10 3.07816e-09 1.9299e-07 0.000122788 0.00105114 0.00799396 0.0298928 0.943425 0.0164317 0.00108222 
0.000151574 0.00154964 0.0334355 0.876172 0.0722159 0.0148956 0.00153105 4.83644e-05 4.77091e-07 6.19219e-09 
1.62724e-10 3.77781e-09 2.34634e-07 0.000123417 0.00630062 0.0515226 0.913136 0.0270759 0.00178978 5.09066e-05 
1.31549e-07 3.02016e-06 0.000105428 0.00219118 0.0178899 0.0548661 0.90553 0.0190555 0.000355765 2.90528e-06 
6.90808e-13 1.72992e-11 1.58348e-09 2.75352e-07 1.06357e-05 0.001648 0.0121568 0.0364349 0.944276 0.00547377 
1.49473e-06 3.06717e-05 0.000244761 0.0167008 0.845501 0.0956457 0.0367287 0.00489243 0.000248913 5.60873e-06 
1.67779e-05 0.00035259 0.00420371 0.225886 0.412678 0.3503 0.00634869 0.00021248 1.80407e-06 4.41016e-08 
3.79086e-16 7.9236e-15 7.31049e-14 1.37354e-11 6.26497e-10 1.77648e-07 3.20593e-06 0.000665808 0.0169768 0.982354 
3.39153e-24 1.00441e-21 5.19392e-19 1.35531e-16 4.74115e-14 2.17339e-11 1.71751e-08 0.000124178 0.00494167 0.994934 
7.69188e-16 1.62314e-14 2.27705e-13 4.09524e-11 2.35024e-09 8.22188e-07 1.86956e-05 0.000918821 0.0200192 0.979042 
5.8732e-08 1.2853e-06 2.97998e-05 0.0018187 0.0237423 0.0757811 0.885329 0.0130112 0.000279509 6.57219e-06 
8.80297e-13 1.83891e-11 1.64798e-10 3.03586e-08 9.76336e-07 0.000263264 0.000811769 0.00643122 0.923688 0.0688052 
1.05911e-12 2.21336e-11 2.03618e-10 3.90407e-08 1.29952e-06 0.000369902 0.00175189 0.0137277 0.0366862 0.947463 
1.3132e-09 3.70542e-08 5.00844e-06 0.000990966 0.0194105 0.0736177 0.886593 0.0163478 0.00293448 0.000100299 
9.15192e-11 2.11588e-09 1.38599e-07 9.00425e-05 0.000900614 0.017968 0.904965 0.0586159 0.0161465 0.00131376 
1.36724e-07 3.13136e-06 0.000109745 0.00271126 0.0368679 0.923142 0.0346477 0.00249094 2.62615e-05 7.84336e-07 
1.07963e-12 2.25528e-11 2.01923e-10 3.71922e-08 1.19592e-06 0.00031369 0.0014237 0.0112573 0.0302607 0.956743 
6.42384e-28 2.44898e-25 1.91354e-22 3.62871e-19 4.72766e-16 2.03861e-12 9.15417e-09 9.07085e-05 0.00249048 0.997419 
2.73228e-06 5.62143e-05 0.000472241 0.00467774 0.0243586 0.0593839 0.90031 0.0106279 0.000108901 1.61302e-06 
1.21387e-12 2.53739e-11 2.35617e-10 4.6668e-08 3.02486e-06 0.000737529 0.0136602 0.938337 0.0354688 0.0117937 
6.17994e-13 1.29114e-11 1.16671e-10 2.1544e-08 7.28252e-07 0.000207389 0.00123272 0.0145127 0.97062 0.0134261 
3.37511e-11 8.37591e-10 1.03855e-07 7.1664e-05 0.000917185 0.0196589 0.060947 0.904085 0.0137499 0.000570759 
0.00105844 0.0387069 0.889035 0.0656774 0.00538133 0.000136412 4.84492e-06 8.56354e-08 4.42457e-10 2.71816e-12 
1.02866e-12 2.14893e-11 1.93105e-10 3.56083e-08 1.16321e-06 0.000322099 0.00106495 0.00840233 0.941336 0.0488731 
3.70749e-05 0.0010946 0.0196811 0.107537 0.838476 0.0300137 0.00304278 0.000116698 7.98715e-07 1.0412e-08 
1.0968e-12 2.64623e-11 1.96413e-09 3.91122e-07 1.69145e-05 0.0028455 0.0220685 0.0713297 0.894333 0.00940595 
1.15607e-12 2.41484e-11 2.15459e-10 3.96085e-08 1.23906e-06 0.000307158 0.0016159 0.924122 0.0581812 0.0157725 
4.35456e-16 9.14733e-15 1.09712e-13 2.2085e-11 2.63192e-09 3.44578e-07 4.37544e-05 0.0039126 0.485508 0.510535 
4.34179e-17 9.11652e-16 1.02713e-14 2.11807e-12 2.36331e-10 6.88745e-08 2.23977e-06 0.000423137 0.00895136 0.990623 
4.68118e-16 9.78546e-15 9.07148e-14 1.70867e-11 8.08757e-10 2.31575e-07 4.35616e-06 0.000822502 0.919812 0.0793611 
1.01614e-12 2.12254e-11 1.89453e-10 3.48998e-08 1.11352e-06 0.000292824 0.00095215 0.0101703 0.0384205 0.950163 
1.22388e-12 2.55666e-11 2.29208e-10 4.2252e-08 1.38523e-06 0.00037435 0.00427493 0.901007 0.071965 0.0223774 
5.54446e-16 1.15968e-14 1.1084e-13 2.07816e-11 9.58294e-10 2.63968e-07 5.46138e-06 0.000898203 0.0233058 0.97579 
1.01319e-12 2.12059e-11 2.11175e-10 4.33655e-08 1.40587e-06 0.000338314 0.00264943 0.907164 0.0647906 0.025056 
1.11067e-05 0.000229395 0.00191935 0.775844 0.149993 0.0600118 0.0114248 0.000562534 3.52755e-06 6.81815e-08 
3.5254e-16 7.36658e-15 6.70103e-14 1.24918e-11 4.95574e-10 1.41803e-07 4.52779e-06 0.00394107 0.961018 0.0350361 
7.69125e-14 1.60995e-12 1.62846e-11 3.13021e-09 1.69308e-07 8.28414e-05 0.000427333 0.00395814 0.0169489 0.978583 
1.55281e-12 3.81869e-11 3.21685e-09 5.24956e-07 1.73756e-05 0.00269401 0.0221412 0.950323 0.0220941 0.00273005 
1.7024e-10 4.01506e-09 3.15346e-07 0.000211684 0.0021652 0.0313612 0.913623 0.0493931 0.00322535 2.04752e-05 
4.36482e-13 9.12129e-12 8.36729e-11 1.55857e-08 5.83627e-07 0.000199847 0.000800402 0.00627516 0.0183869 0.974337 
0.0025151 0.0333762 0.0909603 0.860142 0.0129285 7.62375e-05 1.33587e-06 8.57381e-09 3.58007e-11 1.96529e-13 
1.04979e-12 2.19301e-11 1.96757e-10 3.62758e-08 1.18509e-06 0.000322037 0.00154861 0.0187421 0.961477 0.0179092 
1.01473e-12 2.11983e-11 1.90495e-10 3.51372e-08 1.16035e-06 0.000319381 0.00268025 0.0239853 0.954073 0.0189409 
3.07003e-12 7.37135e-11 5.75513e-09 1.08947e-06 4.6189e-05 0.00489899 0.0400902 0.923647 0.029361 0.00195553 
3.86051e-09 9.45646e-08 9.14984e-06 0.00111724 0.0206534 0.896916 0.0620702 0.0175502 0.0016586 2.49594e-05 
6.3645e-13 1.32971e-11 1.20247e-10 2.22466e-08 7.68217e-07 0.000223048 0.00129255 0.0155184 0.0557776 0.927188 
8.65421e-13 1.84155e-11 3.34263e-10 8.72221e-08 2.74155e-06 0.000511491 0.00248491 0.0128593 0.672641 0.3115 
8.56512e-13 1.92072e-11 7.96597e-10 1.7851e-07 3.50371e-05 0.00432795 0.912056 0.059772 0.0200571 0.00375186 
6.07543e-16 1.28693e-14 2.05519e-13 3.70742e-11 2.48585e-09 8.87946e-07 2.04676e-05 0.0028063 0.685928 0.311245 
7.16126e-13 1.49642e-11 1.36729e-10 2.54034e-08 9.28132e-07 0.000305618 0.00374661 0.932554 0.0466492 0.0167435 
9.93884e-13 2.0761e-11 1.85502e-10 3.41329e-08 1.08744e-06 0.000272514 0.00171402 0.0196859 0.957959 0.0203672 
0.000407352 0.0090181 0.0566224 0.876715 0.0520431 0.00503683 0.000154939 2.41297e-06 1.21442e-08 6.55136e-11 
6.48482e-13 1.35413e-11 1.18336e-10 2.15918e-08 5.98635e-07 8.56089e-05 0.00108387 0.0161028 0.953129 0.0295981 
1.02069e-12 2.55428e-11 2.37125e-09 3.88135e-07 1.08751e-05 0.0014164 0.00784552 0.0286437 0.947445 0.0146384 
3.58594e-12 8.54561e-11 6.86803e-09 1.58383e-06 7.28965e-05 0.00346488 0.0196438 0.500834 0.474113 0.00186989 
4.11714e-16 8.7252e-15 1.45603e-13 3.16516e-11 5.44528e-09 1.49522e-06 0.000156972 0.00290296 0.0249304 0.972008 
4.24445e-33 1.12922e-29 5.0864e-26 2.51461e-22 9.2772e-19 1.60375e-14 1.39316e-10 9.15444e-06 0.00114697 0.998844 
1.31406e-12 2.74503e-11 2.46098e-10 4.53708e-08 1.47358e-06 0.000400264 0.00155751 0.0191749 0.959228 0.0196378 
1.0755e-17 2.24732e-16 2.05241e-15 3.8246e-13 1.43415e-11 4.90952e-09 1.96528e-08 6.21672e-07 0.000734048 0.999265 
7.44675e-18 1.55733e-16 1.47314e-15 2.79461e-13 1.55529e-11 4.25384e-09 1.78076e-07 0.000163886 0.00507788 0.994758 
2.90235e-16 6.06781e-15 5.66158e-14 1.06986e-11 5.32008e-10 1.53e-07 3.03526e-06 0.000632097 0.0186293 0.980735 
3.95778e-16 8.45922e-15 1.78205e-13 4.04245e-11 9.18205e-09 2.84658e-06 0.0003297 0.00724939 0.683192 0.309226 
1.26254e-10 3.0041e-09 2.64924e-07 0.000195173 0.00658501 0.901437 0.0671601 0.0222849 0.00221478 0.000122829 
5.67501e-16 1.18597e-14 1.08438e-13 2.02708e-11 8.54088e-10 2.42527e-07 8.169e-06 0.00550447 0.948184 0.0463033 
4.2479e-05 0.000861359 0.00188966 0.0285406 0.0865485 0.862598 0.019092 0.000425296 2.20071e-06 2.07602e-08 
1.35933e-12 3.32782e-11 2.74351e-09 4.11976e-07 2.92977e-05 0.00294636 0.459264 0.509327 0.0246505 0.00378186 
1.02697e-12 2.51442e-11 2.06071e-09 3.42145e-07 1.12596e-05 0.00159219 0.0101163 0.92858 0.0494356 0.0102647 
5.93901e-13 1.24089e-11 1.12634e-10 2.08743e-08 7.35109e-07 0.000230431 0.00123312 0.0116704 0.0389899 0.947875 
8.22613e-13 1.72114e-11 1.67868e-10 3.31432e-08 1.51003e-06 0.000575597 0.0102074 0.936377 0.0398555 0.0129828 
2.01132e-11 5.9568e-10 1.59112e-07 0.000152829 0.00234572 0.0359689 0.924 0.0314866 0.00581297 0.000232751 
4.26298e-29 1.01375e-25 3.36804e-22 1.08671e-18 1.78632e-15 8.90387e-12 4.29162e-08 0.000154376 0.00333589 0.99651 
1.48925e-12 3.11079e-11 2.77675e-10 5.1078e-08 1.60606e-06 0.000412283 0.00218712 0.0217819 0.946933 0.0286842 
8.02758e-13 1.68134e-11 1.68749e-10 3.27726e-08 2.49166e-06 0.000647645 0.00882446 0.929408 0.0482329 0.012884 
0.00353609 0.0596121 0.0715299 0.836052 0.0285887 0.000677676 3.65418e-06 2.11973e-08 7.05617e-11 1.95798e-13 
6.77416e-08 1.52273e-06 4.26007e-05 0.00128628 0.0165873 0.890406 0.073498 0.0174105 0.000757681 9.68857e-06 
3.61617e-13 7.55133e-12 6.60916e-11 1.20624e-08 3.39893e-07 4.71186e-05 0.00078073 0.0212043 0.945858 0.0321098 
4.84042e-30 1.13904e-26 3.74747e-23 1.20508e-19 2.03499e-16 1.14212e-12 5.64947e-09 3.60934e-05 0.000987854 0.998976 
5.44099e-16 1.15535e-14 2.05666e-13 4.53717e-11 1.00579e-08 1.37554e-06 0.000294013 0.00915005 0.953979 0.0365759 
1.26499e-12 2.6464e-11 2.53078e-10 4.80578e-08 2.80302e-06 0.000779035 0.0126389 0.933722 0.0403303 0.0125271 
9.82385e-13 2.41663e-11 2.03319e-09 3.21401e-07 1.15506e-05 0.00178497 0.0161834 0.949084 0.0276488 0.00528694 
2.98982e-13 6.24996e-12 5.85564e-11 1.10265e-08 4.68098e-07 0.000189532 0.00160628 0.913811 0.0658399 0.0185533 
6.20981e-17 1.29898e-15 1.2424e-14 2.38162e-12 1.44353e-10 3.98744e-08 9.65153e-07 0.000252398 0.00590403 0.993843 
1.25356e-12 3.10949e-11 2.79729e-09 4.09273e-07 1.52155e-05 0.00290021 0.0231518 0.0717492 0.896824 0.00535931 
4.25328e-06 8.62716e-05 0.000190033 0.00339669 0.0402255 0.913029 0.0404411 0.00259824 2.82188e-05 8.7948e-07 
5.52452e-06 0.000112258 0.000413242 0.0197057 0.874361 0.0729374 0.028483 0.00375707 0.000219837 4.75977e-06 
8.31738e-13 1.84535e-11 6.92389e-10 1.2611e-07 6.8052e-06 0.00154554 0.0188118 0.926403 0.0412095 0.0120232 
9.94872e-13 2.07823e-11 1.86087e-10 3.42812e-08 1.10796e-06 0.000292741 0.0017521 0.0185044 0.963069 0.0163809 
3.23071e-16 6.75223e-15 6.20451e-14 1.16308e-11 5.11105e-10 1.44531e-07 2.48846e-06 0.000528549 0.0123584 0.98711 
0.000131678 0.000539835 0.0100368 0.148726 0.818695 0.0202133 0.00157501 8.23752e-05 3.89757e-07 5.16171e-09 
4.27746e-10 1.85894e-08 9.24906e-06 0.0094084 0.848735 0.071718 0.049073 0.0178057 0.00299461 0.000256045 
0.000115693 0.000613489 0.0101951 0.0554826 0.886236 0.0419187 0.00492713 0.000507656 3.66687e-06 9.2807e-08 
1.38167e-07 3.21237e-06 0.000123212 0.0024801 0.0215811 0.0686714 0.892787 0.0137938 0.000552289 7.35673e-06 
5.35054e-16 1.1186e-14 1.04346e-13 1.95983e-11 9.18466e-10 2.57788e-07 4.76783e-06 0.00104574 0.208075 0.790874 
0.000521365 0.0201737 0.823029 0.108575 0.0440454 0.00352759 0.00012559 2.48029e-06 2.66306e-08 3.76906e-10 
2.98263e-15 6.22883e-14 5.47282e-13 1.0016e-10 2.9508e-09 5.20313e-07 4.4741e-06 0.000869404 0.92786 0.0712655 
3.28734e-16 6.87139e-15 6.34965e-14 1.19389e-11 5.53467e-10 1.55635e-07 2.81651e-06 0.000467612 0.010731 0.988798 
9.71048e-13 2.02859e-11 1.82316e-10 3.36134e-08 1.10555e-06 0.000299062 0.00172862 0.0187876 0.961017 0.0181667 
3.40014e-16 7.10859e-15 6.63172e-14 1.25303e-11 6.2748e-10 1.7543e-07 3.73579e-06 0.000639708 0.0157727 0.983584 
9.49977e-17 1.98929e-15 1.9942e-14 3.91163e-12 3.06433e-10 8.35602e-08 2.49869e-06 0.00107205 0.0195809 0.979344 
7.03127e-16 1.82857e-14 2.27063e-12 6.1045e-10 1.17889e-07 8.17968e-05 0.000746876 0.011431 0.962837 0.0249037 
3.36974e-16 7.03963e-15 6.3327e-14 1.17276e-11 4.03195e-10 1.176e-07 1.16086e-06 0.000165125 0.00338494 0.996449 
1.356e-12 2.88304e-11 5.05806e-10 8.97285e-08 2.55046e-06 0.000483713 0.00257376 0.022319 0.955027 0.0195943 
6.04684e-05 0.00155779 0.00930998 0.699656 0.248283 0.038188 0.00290855 3.61039e-05 5.12677e-07 6.41906e-09 
8.38299e-08 1.93916e-06 7.42379e-05 0.0012135 0.022312 0.915393 0.0510767 0.00949598 0.000426261 6.15774e-06 
4.86273e-16 1.01653e-14 9.43306e-14 1.77785e-11 8.55144e-10 2.41272e-07 6.96459e-06 0.00535433 0.945293 0.049346 
5.29286e-11 1.22119e-09 6.05822e-08 2.30722e-05 0.000390135 0.00398732 0.322978 0.655598 0.0158723 0.00115122 
0.00100299 0.0346787 0.879337 0.0734478 0.0102868 0.00120281 4.19009e-05 2.48151e-06 3.35796e-08 4.91339e-10 
0.000550123 0.0194399 0.0731958 0.877094 0.028123 0.00153301 6.16676e-05 2.65504e-06 3.29093e-08 4.6323e-10 
1.37356e-12 3.37117e-11 2.79031e-09 4.84646e-07 2.26829e-05 0.00317745 0.0276638 0.932737 0.0324141 0.00398463 
7.55143e-13 1.89016e-11 1.76317e-09 2.96454e-07 9.6213e-06 0.00169616 0.017217 0.496142 0.476109 0.00882652 
1.27847e-10 3.09838e-09 3.09822e-07 0.000219253 0.0139486 0.882339 0.0783172 0.0233477 0.00179538 3.25594e-05 
2.90788e-05 0.000606017 0.0072469 0.610679 0.336649 0.0409106 0.00375815 0.000120798 7.72405e-07 9.96336e-09 
5.47788e-16 1.14473e-14 1.04536e-13 1.95249e-11 8.04014e-10 2.28669e-07 3.52755e-06 0.000500268 0.00966602 0.98983 
1.3819e-12 3.39876e-11 2.85623e-09 4.68895e-07 1.69267e-05 0.00282204 0.0234884 0.9526 0.0195962 0.00147648 
6.00179e-26 2.04355e-23 9.84538e-21 7.75649e-18 6.91803e-15 1.23444e-11 1.93453e-08 9.66619e-05 0.00326817 0.996635 
3.85141e-16 8.05079e-15 7.45493e-14 1.40356e-11 6.62506e-10 1.86823e-07 3.58935e-06 0.00125226 0.939089 0.0596552 
4.9213e-10 1.23054e-08 4.75414e-07 6.84977e-05 0.00216391 0.0315458 0.912488 0.0435751 0.00952272 0.00063498 
9.6313e-06 0.000197681 0.00162233 0.0233816 0.0799521 0.874618 0.0193567 0.00085497 7.03027e-06 1.09503e-07 
4.24181e-16 8.8648e-15 8.11847e-14 1.51891e-11 6.45668e-10 1.8278e-07 3.04809e-06 0.000727853 0.0179892 0.98128 
9.79818e-13 2.39025e-11 1.9154e-09 3.21208e-07 1.39181e-05 0.00242958 0.901106 0.0749593 0.0198563 0.0016345 
7.29664e-12 2.32223e-10 4.4458e-08 9.76028e-06 0.00123161 0.0323238 0.92173 0.037576 0.0066149 0.000514223 
7.32322e-07 1.51471e-05 0.000114916 0.00274323 0.0357028 0.892732 0.0615241 0.00692257 0.000242463 2.30725e-06 
5.53295e-16 1.16523e-14 1.51985e-13 3.29211e-11 4.44323e-09 2.3376e-06 0.000137946 0.00361898 0.938495 0.0577455 
2.14138e-12 1.95807e-10 1.16483e-07 6.62521e-05 0.0117179 0.877954 0.0592194 0.0394769 0.010783 0.000782184 
0.00017649 0.00160395 0.0289729 0.858164 0.0863995 0.023503 0.00116624 1.40871e-05 8.97495e-08 8.38539e-10 
7.21314e-08 1.68774e-06 6.88379e-05 0.00112194 0.00983404 0.0428339 0.927124 0.0183294 0.000674677 1.10815e-05 
0.000581044 0.0190084 0.767443 0.199337 0.0132744 0.000351465 4.67522e-06 5.52119e-08 4.41522e-10 8.22521e-12 
7.48373e-35 4.73914e-31 5.75856e-27 5.39966e-23 3.32877e-19 5.49619e-15 1.29385e-10 2.91332e-05 0.000953875 0.999017 
5.35302e-11 1.24286e-09 6.86098e-08 2.00796e-05 0.00059922 0.0151087 0.926019 0.0449597 0.0122213 0.00107226 
1.31295e-12 3.24145e-11 2.79965e-09 4.47119e-07 1.59875e-05 0.00230132 0.0161124 0.0979313 0.877776 0.00586204 
2.47331e-06 5.74491e-05 0.00206614 0.0874266 0.663373 0.221818 0.0230998 0.00213316 2.2895e-05 7.47009e-07 
2.07317e-10 8.6797e-09 2.18539e-06 0.000591131 0.0214431 0.883728 0.0714504 0.0209965 0.00176421 2.48558e-05 
8.4182e-13 1.75889e-11 1.5968e-10 2.95873e-08 1.04256e-06 0.000321984 0.00193042 0.0199392 0.0587545 0.919053 
1.08919e-12 2.27527e-11 2.03828e-10 3.75584e-08 1.21814e-06 0.000323645 0.00176407 0.0145951 0.925252 0.0580635 
0.000214633 0.00156767 0.0381999 0.893009 0.0596846 0.00647281 0.000834603 1.6268e-05 2.92054e-07 4.06724e-09 
6.79198e-13 1.41916e-11 1.2913e-10 2.39582e-08 8.55494e-07 0.000273908 0.00129229 0.0152022 0.968409 0.0148213 
1.40711e-07 3.22347e-06 0.000120655 0.00185675 0.0149642 0.882978 0.0810968 0.018478 0.000495254 7.29017e-06 
9.29351e-13 1.95341e-11 2.3429e-10 5.43688e-08 1.60773e-06 0.000270674 0.00199818 0.0199232 0.96013 0.0176762 
8.73642e-08 1.94841e-06 5.35723e-05 0.00245905 0.0407446 0.915317 0.0390014 0.00239086 3.13013e-05 7.20145e-07 
2.11669e-10 4.98295e-09 3.99841e-07 0.000292765 0.00358572 0.0990131 0.793791 0.099003 0.00403733 0.000277019 
0.000205701 0.00160016 0.761624 0.164456 0.0632486 0.00841783 0.000440661 7.46784e-06 6.71593e-08 8.07326e-10 
0.000599592 0.0149129 0.0771919 0.863266 0.0423916 0.00159378 4.21309e-05 2.24279e-06 3.00597e-08 4.37007e-10 
2.83178e-16 5.92075e-15 5.54488e-14 1.05e-11 5.40533e-10 1.55643e-07 5.10355e-06 0.00237077 0.0242942 0.97333 
3.34927e-09 6.88572e-08 6.30286e-07 0.000253886 0.00307419 0.0400287 0.927814 0.0271372 0.00166822 2.31814e-05 
5.33943e-14 1.11488e-12 9.69853e-12 1.76529e-09 4.58767e-08 6.36251e-06 1.02123e-05 0.00083871 0.480105 0.51904 
5.0224e-14 1.06375e-12 1.74146e-11 4.75946e-09 1.08017e-06 0.000443337 0.0106606 0.937381 0.0354008 0.0161135 
2.16151e-16 4.51968e-15 4.24441e-14 8.05187e-12 4.27922e-10 1.19042e-07 2.61367e-06 0.000509077 0.0132965 0.986192 
6.21766e-13 1.33846e-11 3.02276e-10 6.39207e-08 6.67336e-06 0.00131541 0.0152771 0.942317 0.0290897 0.0119935 
2.2182e-16 4.63586e-15 4.25253e-14 7.96219e-12 3.40728e-10 9.82755e-08 1.78962e-06 0.00103697 0.869237 0.129725 
5.00392e-05 0.00128135 0.00496849 0.794537 0.150643 0.0451532 0.00328953 7.63327e-05 6.0048e-07 7.63676e-09 
0.028136 0.867944 0.0820388 0.0208469 0.00102002 1.40272e-05 1.18859e-07 8.44159e-10 3.17305e-12 1.64143e-14 
3.42968e-18 7.18255e-17 7.43634e-16 1.46844e-13 1.02417e-11 4.65177e-09 6.78164e-08 5.85463e-06 0.000827722 0.999166 
1.35976e-12 2.90537e-11 5.83355e-10 1.00071e-07 2.64851e-06 0.000503626 0.00242351 0.0168063 0.939637 0.0406265 
9.97267e-13 2.08348e-11 1.87953e-10 3.47239e-08 1.17332e-06 0.000335991 0.0018704 0.0206878 0.957204 0.0199009 
1.24579e-12 2.60228e-11 2.32632e-10 4.37202e-08 1.90992e-06 0.00044758 0.00879708 0.931587 0.0438244 0.0153418 
1.07113e-23 3.52203e-21 1.68212e-18 1.12982e-15 1.15962e-12 2.24174e-09 3.05706e-06 0.00384584 0.992221 0.00393001 
2.12284e-08 4.93626e-07 1.92067e-05 0.000403516 0.00550281 0.87319 0.0928909 0.0262271 0.00174284 2.28795e-05 
2.77161e-12 6.7165e-11 5.38924e-09 1.91548e-06 3.64142e-05 0.00382491 0.0261488 0.814505 0.153012 0.00247071 
1.67847e-12 4.20794e-11 4.06637e-09 9.86271e-07 0.000160506 0.00984042 0.470554 0.495834 0.0218183 0.00179226 
2.75921e-15 6.28319e-14 3.53617e-12 8.78672e-10 1.44734e-07 0.000101809 0.000770137 0.00779657 0.0312629 0.960068 
0.000500803 0.0155736 0.0774302 0.862931 0.0417927 0.00172213 4.75555e-05 2.38741e-06 3.13153e-08 4.5858e-10 
6.41763e-12 1.40936e-10 5.03793e-09 7.38131e-07 4.87412e-05 0.00367508 0.0261951 0.941524 0.0260312 0.00252529 
2.86966e-05 0.000651566 0.00362727 0.0204775 0.061095 0.101884 0.810803 0.0014283 3.84711e-06 3.23276e-08 
1.36527e-12 3.36222e-11 2.84487e-09 4.66342e-07 1.4552e-05 0.00211999 0.0196601 0.945907 0.0270248 0.00527312 
3.32831e-16 6.95834e-15 6.47966e-14 1.22294e-11 6.18524e-10 1.98931e-07 8.2576e-06 0.00418795 0.947184 0.0486192 
1.08837e-12 2.68586e-11 2.31926e-09 3.95829e-07 2.03847e-05 0.00234372 0.0213566 0.957548 0.0174975 0.00123358 
1.18468e-12 2.47452e-11 2.20435e-10 4.06427e-08 1.40039e-06 0.000494417 0.00577089 0.921804 0.0551888 0.01674 
1.33216e-12 2.78299e-11 2.50271e-10 4.6197e-08 1.52972e-06 0.000436292 0.00173079 0.0192808 0.960494 0.0180568 
1.32546e-12 2.80799e-11 4.59933e-10 9.43083e-08 2.83529e-06 0.000595215 0.0027092 0.0223127 0.955154 0.019226 
6.5677e-13 1.37177e-11 1.21776e-10 2.23348e-08 6.7397e-07 0.000152913 0.000878183 0.0130706 0.969284 0.016614 
6.14885e-08 1.40699e-06 5.10662e-05 0.00159116 0.0265045 0.913977 0.0482721 0.00878918 0.000803906 1.01297e-05 
1.17201e-07 2.73668e-06 0.000111061 0.00324312 0.802464 0.139141 0.0474924 0.00699912 0.000537957 8.0543e-06 
1.20057e-07 2.74935e-06 9.62704e-05 0.00236078 0.0312374 0.637255 0.325063 0.00394675 3.68051e-05 7.16766e-07 
3.75657e-16 7.88725e-15 8.97631e-14 1.94765e-11 2.46215e-09 1.67598e-06 9.47275e-05 0.00436756 0.955777 0.0397588 
5.47645e-16 1.1455e-14 1.10374e-13 2.29861e-11 4.49287e-09 5.29543e-07 9.17919e-05 0.00516786 0.947456 0.047284 
1.1763e-12 2.4571e-11 2.19311e-10 4.03141e-08 1.26053e-06 0.000314478 0.00132845 0.0171389 0.957108 0.0241085 
1.41136e-07 3.28252e-06 0.000131726 0.00315277 0.0410247 0.91609 0.0370336 0.00251771 4.43639e-05 1.29505e-06 
4.58857e-06 9.56867e-05 0.000934641 0.0108932 0.0527396 0.903816 0.0303409 0.00116755 7.41504e-06 8.18287e-08 
1.04093e-36 9.14384e-33 1.37931e-28 1.67823e-24 2.02297e-20 6.06862e-16 5.83949e-12 1.34557e-07 0.000519737 0.99948 
1.16429e-12 3.00166e-11 3.36471e-09 9.70812e-07 0.000176396 0.0141277 0.908496 0.0586589 0.0171689 0.0013716 
1.30562e-07 2.97028e-06 9.66804e-05 0.00263151 0.0323037 0.102904 0.854599 0.00740118 6.00058e-05 1.24676e-06 
7.8207e-13 1.63388e-11 1.47353e-10 2.72452e-08 9.22359e-07 0.000268027 0.0012108 0.0152244 0.96242 0.0208754 
5.55805e-08 1.30008e-06 5.3767e-05 0.000913316 0.00848836 0.0466337 0.919817 0.0231051 0.000973524 1.34792e-05 
1.8117e-12 4.45699e-11 3.76433e-09 6.18219e-07 2.47974e-05 0.00703634 0.864609 0.0928814 0.0316535 0.00379388 
5.09898e-08 1.10524e-06 2.01362e-05 0.000916877 0.00931121 0.0493229 0.906846 0.0316727 0.00185234 5.66237e-05 
1.39699e-17 2.91854e-16 2.62998e-15 4.87454e-13 1.72084e-11 4.93126e-09 5.06999e-08 7.34252e-05 0.00198901 0.997938 
1.75976e-12 4.32932e-11 3.66045e-09 5.97201e-07 2.04215e-05 0.00336125 0.0254142 0.948771 0.0209856 0.00144703 
4.87324e-16 1.01856e-14 9.38048e-14 1.76752e-11 8.54417e-10 3.0377e-07 1.17776e-05 0.00269811 0.0270882 0.970202 
1.43455e-12 4.44931e-11 8.65711e-09 2.05696e-06 0.000410469 0.0166988 0.91754 0.0497249 0.0141507 0.0014733 
1.2288e-28 1.53119e-25 4.41737e-22 1.40006e-18 2.30553e-15 1.1973e-11 5.80781e-08 0.00011062 0.00167653 0.998213 
2.93829e-16 6.14116e-15 5.64547e-14 1.05852e-11 4.6979e-10 1.30914e-07 2.34909e-06 0.000591145 0.014156 0.98525 
1.64838e-12 4.0825e-11 3.57837e-09 5.7547e-07 2.13438e-05 0.00529151 0.899726 0.0736533 0.0199064 0.00140049 
1.58319e-10 3.65881e-09 2.43154e-07 0.00016465 0.0011999 0.0103847 0.0341547 0.940047 0.0133854 0.000663528 
1.8907e-12 4.55701e-11 3.58419e-09 8.24422e-07 0.000103862 0.00774417 0.868914 0.0875679 0.0305052 0.00516443 
1.85795e-13 3.88445e-12 3.66834e-11 6.9193e-09 3.0727e-07 0.000115843 0.000915167 0.00925345 0.0327516 0.956964 
0.00083127 0.0290819 0.758082 0.201976 0.0094368 0.000572362 1.86124e-05 8.86815e-07 1.13817e-08 1.65212e-10 
3.30908e-15 6.91756e-14 6.44266e-13 1.19808e-10 5.13972e-09 1.17078e-06 1.70902e-05 0.00104101 0.0225187 0.976422 
8.87651e-08 2.17624e-06 0.000114345 0.00152848 0.0287266 0.899676 0.0572297 0.0119228 0.00078921 1.06397e-05 
1.16281e-12 2.86995e-11 2.45074e-09 3.95211e-07 1.56991e-05 0.00336477 0.325012 0.646003 0.0240388 0.00156534 
6.6372e-16 1.38719e-14 1.27475e-13 2.38959e-11 1.0527e-09 2.9603e-07 5.21557e-06 0.00105282 0.920636 0.0783052 
1.14576e-10 2.66978e-09 1.96681e-07 0.000145564 0.000898404 0.0131951 0.916554 0.0535448 0.0145008 0.00116075 
9.58731e-13 2.00262e-11 1.78618e-10 3.28344e-08 1.03116e-06 0.00025083 0.00154195 0.0188667 0.960614 0.0187255 
4.39648e-14 9.18559e-13 8.30838e-12 1.53027e-09 4.98299e-08 1.39875e-05 5.82204e-05 0.00129337 0.0256037 0.973031 
1.51667e-15 3.22181e-14 5.58923e-13 1.01433e-10 7.09303e-09 2.32243e-06 8.47119e-05 0.00129308 0.0206068 0.978013 
4.21751e-29 1.00488e-25 3.3465e-22 1.08209e-18 1.789e-15 9.19469e-12 4.47755e-08 0.000123679 0.00204066 0.997836 
4.14467e-16 8.66484e-15 8.07064e-14 1.52457e-11 7.64502e-10 2.30928e-07 5.95172e-06 0.00132378 0.0236176 0.975052 
6.09144e-13 1.27262e-11 1.14818e-10 2.12143e-08 7.17889e-07 0.000208533 0.00132134 0.742809 0.241871 0.0137896 
3.36597e-16 7.03697e-15 6.55803e-14 1.23862e-11 6.14807e-10 1.74133e-07 3.57086e-06 0.000773608 0.0198262 0.979396 
1.56854e-12 4.93665e-11 9.52437e-09 1.58284e-06 0.000118105 0.0103424 0.906282 0.063118 0.0187687 0.00136937 
4.50217e-16 9.4117e-15 8.73998e-14 1.64801e-11 7.98765e-10 2.23547e-07 4.53409e-06 0.000884505 0.0211251 0.977986 
1.28201e-12 2.67809e-11 2.40212e-10 4.43984e-08 1.51287e-06 0.000457165 0.00250152 0.914473 0.0639574 0.0186094 
1.49988e-17 3.13398e-16 2.84143e-15 5.29044e-13 2.08715e-11 5.61144e-09 9.02298e-08 1.7613e-05 0.00170822 0.998274 
4.28687e-29 7.48732e-26 1.8401e-22 4.44783e-19 5.15109e-16 1.08911e-12 2.0631e-09 1.05381e-05 0.00176619 0.998223 
2.08957e-11 4.62452e-10 1.35781e-08 1.1924e-06 0.000126449 0.00282983 0.0201029 0.0550185 0.918894 0.00302693 
1.3286e-07 3.12978e-06 0.000135485 0.00221195 0.0217216 0.0610602 0.907369 0.00740888 8.79495e-05 1.29051e-06 
4.11023e-16 8.59174e-15 7.95201e-14 1.4957e-11 6.95405e-10 1.94225e-07 4.20042e-06 0.000693635 0.0180519 0.98125 
5.28283e-07 1.29076e-05 0.000456903 0.00475023 0.0389571 0.921845 0.0323653 0.00159438 1.74356e-05 4.28096e-07 
1.81568e-08 3.94203e-07 8.25174e-06 0.0012175 0.0269083 0.920543 0.0429447 0.00745655 0.000909826 1.16554e-05 
1.97175e-13 4.11794e-12 3.62876e-11 6.61064e-09 1.82426e-07 2.7224e-05 0.000187149 0.00219092 0.0231363 0.974458 
1.03829e-12 2.17401e-11 2.19141e-10 3.98814e-08 1.37686e-06 0.000325783 0.00597472 0.93197 0.0465354 0.0151925 
4.24028e-05 0.000965614 0.00316806 0.0378462 0.917811 0.037395 0.0027121 5.9029e-05 5.84165e-07 7.41483e-09 
1.20546e-12 2.98011e-11 2.70798e-09 6.96045e-07 0.000120312 0.0142333 0.914412 0.0541154 0.0157745 0.00134354 
5.51089e-16 1.1517e-14 1.05496e-13 1.97409e-11 8.395e-10 2.38446e-07 3.87553e-06 0.00102004 0.954468 0.0445082 
9.89231e-13 2.40951e-11 1.91339e-09 3.09194e-07 1.49937e-05 0.00502776 0.910157 0.064212 0.0184866 0.00210122 
9.66803e-13 2.231e-11 1.19232e-09 1.87021e-07 7.79943e-06 0.00144445 0.0137609 0.0521572 0.924816 0.00781347 
1.15265e-12 2.85838e-11 2.5067e-09 4.19008e-07 1.59614e-05 0.00276763 0.0263316 0.948533 0.0210193 0.0013316 
8.17278e-13 1.77626e-11 4.53302e-10 8.62822e-08 6.93818e-06 0.0013129 0.0077394 0.0282028 0.0554143 0.907324 
3.25137e-16 6.79535e-15 6.24157e-14 1.16952e-11 5.11569e-10 1.44633e-07 2.50636e-06 0.000946381 0.952803 0.0462477 
3.28658e-16 6.86483e-15 6.1132e-14 1.12625e-11 3.58116e-10 9.17177e-08 7.9279e-07 0.00017649 0.0022769 0.997546 
1.31901e-12 3.19727e-11 2.48946e-09 5.03458e-07 6.91799e-05 0.010959 0.909718 0.0599881 0.017818 0.00144702 
7.53932e-10 2.00529e-08 2.40115e-06 0.000582287 0.0193792 0.911206 0.0531495 0.0143526 0.00130958 1.879e-05 
6.4644e-15 1.35258e-13 1.34013e-12 2.5922e-10 1.40574e-08 6.97539e-06 3.611e-05 0.00106259 0.0260708 0.972824 
2.2365e-16 4.67571e-15 4.35766e-14 8.23202e-12 4.10931e-10 1.15236e-07 2.29604e-06 0.00050375 0.0128396 0.986654 
1.34657e-10 3.1897e-09 2.78303e-07 0.00020474 0.00233744 0.0294415 0.92752 0.0338209 0.00627149 0.000403166 
2.79648e-16 5.84174e-15 5.23862e-14 9.6873e-12 3.23847e-10 9.28476e-08 7.92534e-07 9.25163e-05 0.00218708 0.99772 
5.40999e-22 1.70028e-19 7.44737e-17 1.86246e-14 5.80194e-12 1.69597e-09 2.50327e-07 0.000196868 0.00627067 0.993532 
1.48442e-10 7.49581e-09 1.92086e-06 0.000366053 0.0105233 0.0590665 0.881279 0.0404336 0.00775177 0.00057764 
2.01698e-06 4.45828e-05 0.000855337 0.0204221 0.846653 0.0978729 0.0322711 0.00185931 1.88772e-05 4.03249e-07 
5.36213e-16 1.12678e-14 1.34886e-13 2.56537e-11 2.03779e-09 8.2852e-07 8.11508e-06 0.000756002 0.014977 0.984258 
1.38878e-05 0.000304762 0.00112582 0.0748212 0.887081 0.0318162 0.00462405 0.000210472 2.20462e-06 4.36695e-08 
2.78006e-16 5.81154e-15 5.3919e-14 1.01622e-11 4.86987e-10 1.37966e-07 2.36142e-06 0.000320612 0.00474941 0.994927 
3.96097e-16 8.28041e-15 7.69369e-14 1.45109e-11 7.04767e-10 1.98755e-07 4.00189e-06 0.000836643 0.0209995 0.97816 
4.2065e-10 1.52997e-08 2.07029e-06 0.000458757 0.0111784 0.0664258 0.891478 0.0276914 0.0026921 7.33386e-05 
3.31363e-16 6.9265e-15 6.40949e-14 1.20635e-11 5.64939e-10 1.62323e-07 5.32338e-06 0.00433417 0.954491 0.0411691 
4.69857e-08 1.10128e-06 4.70992e-05 0.00167551 0.785588 0.126896 0.0663031 0.0179145 0.00155258 2.19902e-05 
9.78807e-13 2.04423e-11 1.80435e-10 3.2991e-08 9.4489e-07 0.000184448 0.000617511 0.00546259 0.0230038 0.970731 
1.74344e-05 0.000387177 0.00327118 0.0990878 0.821542 0.0715731 0.0039604 0.000159553 1.74251e-06 3.04184e-08 
3.03027e-05 0.000613903 0.00131141 0.0252548 0.0829109 0.870846 0.0182382 0.00078084 1.32121e-05 4.06375e-07 
9.62712e-11 2.29694e-09 2.11507e-07 0.000157327 0.00115943 0.0146877 0.0420239 0.930107 0.0113708 0.000493451 
6.35288e-13 1.32707e-11 1.18666e-10 2.17759e-08 6.7146e-07 0.000161069 0.000604141 0.00529917 0.0276577 0.966277 
1.90885e-16 3.99371e-15 3.85729e-14 7.42536e-12 4.70923e-10 1.34286e-07 3.41828e-06 0.000723082 0.0192665 0.980007 
1.03442e-07 2.39205e-06 8.7568e-05 0.00142658 0.00995004 0.039628 0.0701365 0.876499 0.00223723 3.23143e-05 
4.37786e-16 9.15077e-15 8.4538e-14 1.59465e-11 7.55728e-10 2.03392e-07 4.01029e-06 0.000815672 0.020485 0.978695 
4.94e-13 1.03192e-11 9.23104e-11 1.69947e-08 5.43418e-07 0.000142119 0.000660646 0.00974355 0.497135 0.492318 
6.31499e-13 1.31968e-11 1.21116e-10 2.25456e-08 8.44048e-07 0.000289547 0.00202295 0.925188 0.0559712 0.0165277 
2.97921e-05 0.000609628 0.00453385 0.0617557 0.891746 0.0377533 0.00344497 0.000125684 7.35304e-07 9.49431e-09 
7.25139e-13 1.5147e-11 1.35238e-10 2.52747e-08 1.02845e-06 0.000243946 0.00226703 0.0199392 0.962284 0.0152648 
0.000179054 0.00364691 0.0240887 0.875123 0.0952758 0.00162837 5.83214e-05 3.25765e-07 1.3287e-09 7.01624e-12 
1.12607e-12 2.35229e-11 2.10605e-10 3.87673e-08 1.24208e-06 0.000319262 0.0017007 0.0180622 0.962701 0.0172154 
1.29046e-12 3.19687e-11 2.80645e-09 4.51075e-07 1.43612e-05 0.00229724 0.0147337 0.0444585 0.929183 0.00931316 
1.46379e-07 3.35822e-06 0.000116349 0.00191809 0.0183512 0.47777 0.075581 0.425608 0.000644466 6.53262e-06 
1.43726e-07 3.36331e-06 0.000135501 0.00247925 0.0371337 0.913815 0.0418295 0.00433953 0.00026143 2.93102e-06 
1.41027e-07 3.31238e-06 0.000133091 0.00229464 0.0202406 0.0616067 0.904186 0.0112797 0.00025258 2.93148e-06 
3.63881e-11 3.40295e-09 1.22986e-06 0.00035726 0.0165237 0.907943 0.0521245 0.0194175 0.00350225 0.000130478 
1.11694e-12 2.33347e-11 2.10338e-10 3.88539e-08 1.30328e-06 0.000378163 0.00170869 0.0195021 0.961227 0.0171827 
2.25365e-11 5.11748e-10 1.87809e-08 1.77337e-06 0.000103295 0.00303391 0.0234091 0.944818 0.0253209 0.00331281 
1.12234e-07 2.52672e-06 7.09905e-05 0.00243123 0.0384819 0.908096 0.0454248 0.0052859 0.000202381 4.58761e-06 
8.6264e-13 2.16028e-11 2.64113e-09 1.56049e-06 9.91144e-05 0.0134463 0.902518 0.0638806 0.0184361 0.00161798 
1.1266e-12 2.7867e-11 2.40303e-09 3.99441e-07 1.44033e-05 0.00245814 0.019564 0.943264 0.0299766 0.00472193 
0.347066 0.415847 0.202714 0.0318234 0.00249699 5.15577e-05 1.4904e-06 9.9635e-09 4.5122e-11 3.13072e-13 
1.18317e-12 2.47436e-11 2.33184e-10 4.47528e-08 2.6946e-06 0.000507159 0.0057721 0.0314674 0.946272 0.0159781 
4.21237e-14 8.81671e-13 8.85972e-12 1.69214e-09 9.49636e-08 3.53529e-05 0.000571525 0.0088208 0.953326 0.0372466 
3.76395e-29 6.48119e-26 1.61331e-22 4.1788e-19 5.7807e-16 2.08258e-12 7.27055e-09 1.6398e-05 0.00191096 0.998073 
3.28802e-12 8.77866e-11 1.24391e-08 8.67325e-06 0.000140132 0.0129739 0.911996 0.0576164 0.0158823 0.0013825 
1.16019e-12 2.42363e-11 2.17324e-10 4.00592e-08 1.29825e-06 0.000354727 0.00132623 0.011304 0.924992 0.0620216 
7.84329e-13 1.95433e-11 1.79989e-09 2.92512e-07 6.86886e-06 0.000993006 0.00464824 0.0219477 0.956052 0.0163517 
3.52103e-07 7.26198e-06 0.000107782 0.00296601 0.0327201 0.904573 0.0487655 0.0102367 0.000611248 1.22718e-05 
8.87951e-13 1.88405e-11 3.20642e-10 1.21415e-07 3.73133e-05 0.00561831 0.631902 0.3411 0.017209 0.0041338 
1.06248e-12 2.2197e-11 2.0014e-10 3.70033e-08 1.25096e-06 0.000372431 0.00160987 0.0166762 0.926508 0.054832 
3.31657e-13 6.92647e-12 6.1007e-11 1.11245e-08 3.08467e-07 5.01837e-05 0.000335127 0.00389093 0.942513 0.0532108 
7.65148e-13 1.83489e-11 1.33254e-09 2.30597e-07 1.03729e-05 0.00203991 0.0137645 0.0438274 0.932727 0.00763016 
4.23875e-16 8.8607e-15 8.21428e-14 1.54728e-11 7.38747e-10 2.06992e-07 4.06176e-06 0.000746176 0.0195555 0.979694 
1.82805e-12 4.50298e-11 3.84782e-09 7.048e-07 6.5638e-05 0.00969993 0.893356 0.0723893 0.0226606 0.00182803 
4.11902e-16 8.60943e-15 7.93738e-14 1.49072e-11 6.77511e-10 1.90387e-07 3.51678e-06 0.000665727 0.0163228 0.983008 
0.000251716 0.00207985 0.035983 0.860597 0.0824643 0.0176765 0.000936927 1.05974e-05 7.7218e-08 8.20824e-10 
2.98298e-16 6.23805e-15 5.91749e-14 1.13588e-11 6.61017e-10 1.62222e-07 3.5905e-06 0.000708312 0.0211058 0.978182 
4.08926e-16 8.54794e-15 7.91352e-14 1.48943e-11 7.00286e-10 1.97974e-07 3.78853e-06 0.000670434 0.0177278 0.981598 
4.96534e-13 1.18176e-11 8.53903e-10 1.41634e-07 8.8565e-06 0.00281819 0.90888 0.0624019 0.0216802 0.0042108 
6.39666e-11 1.64316e-09 2.50256e-07 0.000205675 0.00182385 0.0331811 0.92627 0.0338962 0.00448955 0.000133062 
0.000397999 0.0203194 0.857053 0.0889974 0.0303232 0.00278408 0.000122118 3.16828e-06 3.80121e-08 5.49912e-10 
2.30705e-05 0.000478632 0.00844794 0.817666 0.117622 0.0490253 0.00631355 0.00041673 6.61118e-06 2.32427e-07 
4.32027e-16 9.03129e-15 8.38263e-14 1.5791e-11 7.53858e-10 2.12385e-07 4.28758e-06 0.00140404 0.0246406 0.973951 
2.5921e-10 8.67842e-09 1.68476e-06 0.000557388 0.0161166 0.893586 0.0687088 0.0192603 0.00173749 3.20441e-05 
7.64217e-17 1.5964e-15 1.43006e-14 2.64311e-12 8.81551e-11 2.42806e-08 2.45996e-07 6.58595e-05 0.00186446 0.998069 
1.29262e-12 2.86207e-11 1.07511e-09 1.76861e-07 4.56549e-06 0.000804971 0.00353852 0.0250685 0.950453 0.0201305 
1.05606e-07 2.39853e-06 8.08344e-05 0.00195441 0.0273937 0.92783 0.0385633 0.00404509 0.000127923 1.97909e-06 
4.17149e-16 1.22514e-14 2.19716e-12 5.98111e-10 1.11442e-07 8.10133e-05 0.000303916 0.00280559 0.938942 0.0578678 
6.47378e-13 1.3522e-11 1.20262e-10 2.20569e-08 6.71297e-07 0.000147627 0.000898294 0.0102371 0.957888 0.0308284 
5.78436e-16 1.20918e-14 1.12164e-13 2.11338e-11 1.01143e-09 2.85242e-07 5.76679e-06 0.00145599 0.788673 0.209865 
4.55664e-16 9.52448e-15 8.79848e-14 1.6541e-11 7.6229e-10 2.16117e-07 4.00355e-06 0.000811917 0.0198859 0.979298 
5.48386e-16 1.14623e-14 1.05725e-13 1.98601e-11 9.06032e-10 2.56248e-07 4.81222e-06 0.00104277 0.028808 0.970144 
8.17245e-13 2.00241e-11 1.64609e-09 2.61061e-07 1.08216e-05 0.0017391 0.0187957 0.948829 0.0259444 0.00468067 
1.24343e-12 2.59965e-11 2.46492e-10 5.2811e-08 4.75679e-06 0.00329955 0.892348 0.0491961 0.0412136 0.0139382 
2.79723e-09 6.20356e-08 2.01867e-06 0.00048364 0.00644473 0.0438551 0.924577 0.0233762 0.00124155 1.99039e-05 
7.2282e-13 2.26099e-11 4.49338e-09 1.543e-06 0.000330828 0.00757336 0.0323611 0.939153 0.0189539 0.0016266 
2.71296e-13 5.66708e-12 5.06849e-11 9.34414e-09 3.01721e-07 8.18067e-05 0.000296823 0.00342604 0.664337 0.331858 
4.45873e-16 1.20858e-14 1.74442e-12 4.72102e-10 8.31358e-08 6.73495e-05 8.74074e-05 0.00149601 0.0156733 0.982676 
9.8133e-13 2.04985e-11 1.83099e-10 3.37457e-08 1.08636e-06 0.000290541 0.00133034 0.0166822 0.964181 0.0175152 
1.18732e-18 2.49371e-17 2.96308e-16 6.08369e-14 6.09256e-12 2.6972e-09 1.09396e-07 9.60148e-05 0.00455235 0.995352 
2.73305e-13 5.71391e-12 5.38929e-11 1.01478e-08 4.4036e-07 0.000173442 0.00120108 0.0152814 0.968148 0.0151952 
1.17135e-12 2.46092e-11 2.88445e-10 5.52962e-08 3.40518e-06 0.000767988 0.011012 0.935956 0.0403313 0.0119297 
8.45387e-09 1.74606e-07 1.37809e-06 0.000443688 0.0139956 0.878963 0.0828372 0.0225385 0.00120336 1.69931e-05 
1.33626e-12 2.79135e-11 2.49922e-10 4.61073e-08 1.56194e-06 0.000486521 0.00696489 0.901048 0.0698405 0.0216587 
0.0163336 0.795103 0.0968107 0.0647682 0.0244348 0.00244265 0.000104889 2.58141e-06 2.8229e-08 3.99925e-10 
6.84151e-18 1.42955e-16 1.29816e-15 2.41494e-13 9.5816e-12 2.5977e-09 1.02771e-07 0.000184544 0.00544105 0.994374 
7.83265e-11 1.89437e-09 1.66367e-07 8.10763e-05 0.0129248 0.851853 0.0752103 0.0470273 0.0119153 0.000987974 
1.47998e-12 3.64522e-11 3.10472e-09 5.15602e-07 1.94622e-05 0.00320707 0.0273508 0.94545 0.0225036 0.00146838 
6.93786e-15 1.46759e-13 2.23864e-12 4.05317e-10 2.60609e-08 7.28978e-06 0.000361072 0.00484405 0.931593 0.0631944 
5.17264e-15 1.11646e-13 3.06795e-12 7.4344e-10 1.17643e-07 7.33852e-05 0.00102581 0.0146738 0.960161 0.0240662 
0.000814359 0.0177641 0.237093 0.715531 0.0277488 0.00101893 2.95739e-05 1.93168e-07 1.26106e-09 1.95153e-11 
2.47342e-05 0.000505427 0.00219493 0.0398231 0.879915 0.0682606 0.00894804 0.000326488 1.46896e-06 1.70659e-08 
1.56024e-10 3.69682e-09 3.24873e-07 0.000238717 0.00214331 0.0359534 0.102603 0.857306 0.00173247 2.23119e-05 
2.12999e-12 5.24741e-11 4.44355e-09 7.36265e-07 2.73086e-05 0.00443657 0.0363253 0.927225 0.0297504 0.00223495 
1.63647e-12 4.0063e-11 3.27903e-09 5.51482e-07 2.65272e-05 0.00398676 0.0294689 0.941017 0.0237765 0.00172419 
7.03758e-13 1.4703e-11 1.32904e-10 2.54465e-08 1.35632e-06 0.000341197 0.00478476 0.367253 0.61252 0.0150993 
4.15189e-13 8.67496e-12 7.87463e-11 1.45814e-08 5.10201e-07 0.000152326 0.000847878 0.00836434 0.933745 0.0568899 
1.68888e-09 4.27596e-08 4.07981e-06 0.000903352 0.0247294 0.915755 0.0476569 0.00999877 0.000937178 1.48777e-05 
3.78412e-16 7.90427e-15 7.04997e-14 1.30003e-11 4.19852e-10 1.09179e-07 9.90385e-07 0.000184003 0.00233138 0.997484 
1.20918e-12 3.02103e-11 2.78621e-09 4.44503e-07 1.16484e-05 0.00148455 0.00926708 0.0330614 0.943655 0.0125201 
1.56851e-06 3.50273e-05 0.00099104 0.0178982 0.864375 0.090442 0.0250226 0.00122519 9.0914e-06 1.38667e-07 
3.53886e-05 0.000793737 0.00210833 0.0347192 0.913442 0.044123 0.0046284 0.000148727 1.08393e-06 1.20779e-08 
1.09145e-12 2.6664e-11 2.12776e-09 3.82539e-07 1.83803e-05 0.00324978 0.030693 0.939159 0.0251687 0.00171041 
3.42706e-16 7.16656e-15 6.76211e-14 1.2852e-11 7.00273e-10 1.98642e-07 4.30029e-06 0.000817163 0.0226506 0.976528 
2.03293e-07 4.52768e-06 0.000229016 0.00328384 0.0319043 0.0878477 0.869426 0.00725 5.38479e-05 6.67626e-07 
3.91055e-05 0.000793507 0.00213521 0.0397748 0.12648 0.8234 0.00717502 0.000201603 1.22262e-06 1.77705e-08 
1.22921e-12 2.56774e-11 2.29935e-10 4.23522e-08 1.36377e-06 0.000360861 0.00183814 0.0189133 0.94419 0.0346961 
1.07939e-12 2.66913e-11 2.31728e-09 3.93608e-07 1.53979e-05 0.00241671 0.0220493 0.955282 0.0185955 0.00164092 
4.00227e-16 8.36534e-15 7.71327e-14 1.44858e-11 6.53507e-10 1.87263e-07 3.3373e-06 0.00119446 0.942331 0.0564706 
4.05811e-16 8.48357e-15 7.88773e-14 1.48812e-11 7.25846e-10 2.05152e-07 4.01068e-06 0.00143217 0.941323 0.0572406 
1.81038e-10 4.16362e-09 2.0181e-07 9.141e-05 0.00128402 0.011623 0.0367645 0.935926 0.0134281 0.000882825 
1.47918e-12 3.18034e-11 7.45413e-10 1.20196e-07 3.88883e-06 0.000726503 0.00531022 0.0320238 0.940164 0.0217711 
2.55136e-17 5.3615e-16 6.24414e-15 1.30074e-12 1.5562e-10 4.59136e-08 1.60691e-06 0.0004168 0.0151661 0.984415 
5.06932e-08 1.12208e-06 2.89478e-05 0.00122858 0.0153308 0.0563384 0.909091 0.0171192 0.000848903 1.30591e-05 
1.60032e-12 3.92196e-11 3.21194e-09 5.36423e-07 2.09017e-05 0.00341221 0.0266106 0.0733367 0.893444 0.00317519 
8.10965e-13 1.69928e-11 1.85671e-10 4.98778e-08 3.04897e-06 0.000708041 0.00789813 0.0343792 0.945293 0.0117187 
3.52814e-16 7.37661e-15 6.89802e-14 1.30539e-11 6.70674e-10 1.87012e-07 4.18707e-06 0.00187494 0.931366 0.0667548 
1.12496e-16 2.34986e-15 2.09956e-14 3.89619e-12 1.56877e-10 9.57851e-08 6.76915e-06 0.00275288 0.966671 0.0305691 
6.21562e-23 1.52983e-20 7.64822e-18 2.1279e-15 9.01828e-13 1.80108e-10 1.5623e-07 0.000309112 0.0095496 0.990141 
5.05194e-29 1.20423e-25 4.01029e-22 1.29618e-18 2.1379e-15 1.08361e-11 5.2509e-08 0.000176189 0.00372343 0.9961 
4.64538e-16 9.71131e-15 9.02668e-14 1.70306e-11 8.33379e-10 2.33537e-07 4.91051e-06 0.00143592 0.836094 0.162465 
1.11088e-12 2.582e-11 1.54358e-09 2.42756e-07 5.46171e-06 0.000653019 0.00461481 0.0245781 0.95216 0.0179885 
1.03984e-12 2.17231e-11 1.95422e-10 3.60863e-08 1.21184e-06 0.000356885 0.00390983 0.479588 0.0377436 0.478401 
