3715
2.2142e-08 4.56332e-07 3.9692e-06 0.000848594 0.000943297 0.00420955 0.00757758 0.025041 0.0746892 0.886686 
1.2616e-08 2.18195e-07 1.50021e-06 3.45668e-05 0.00053879 0.00317491 0.0121676 0.0494237 0.837647 0.0970116 
8.62893e-16 1.82754e-14 2.7001e-13 5.22979e-11 5.9317e-09 4.92571e-07 4.58489e-05 0.00404559 0.485054 0.510854 
7.15988e-06 0.00015008 0.000460445 0.00730996 0.0131997 0.0359818 0.0821742 0.726748 0.0884934 0.045475 
0.000176262 0.00359819 0.00408478 0.0468326 0.0895435 0.672024 0.116546 0.044476 0.0197099 0.0030093 
1.04387e-08 1.82582e-07 1.38893e-06 3.35947e-05 0.000640854 0.00381952 0.0150571 0.777501 0.110871 0.0920749 
1.52923e-07 3.49951e-06 3.12886e-05 0.000468218 0.00382599 0.0149248 0.0313256 0.0846058 0.769872 0.0949431 
1.81188e-10 3.74104e-09 7.50855e-08 1.63519e-06 1.43232e-05 0.000279885 0.00192838 0.0134453 0.657799 0.326532 
8.23746e-10 1.78824e-08 1.97557e-07 5.00167e-06 2.43302e-05 0.000380707 0.00154418 0.0035213 0.0115581 0.982966 
1.62404e-11 3.05808e-10 8.32083e-09 1.30556e-07 3.01526e-06 0.000165654 0.000992315 0.0152439 0.90586 0.077735 
9.10148e-09 1.74817e-07 2.45524e-06 0.000438125 0.000516339 0.00325568 0.00817038 0.0305309 0.231866 0.72522 
8.66267e-09 1.63528e-07 2.18294e-06 0.000283066 0.000788589 0.00329155 0.0161814 0.0633009 0.820585 0.0955666 
6.04531e-09 9.98185e-08 1.14909e-06 2.88177e-05 0.000997312 0.00259838 0.00751986 0.0188925 0.0420204 0.927941 
5.36254e-09 7.71918e-08 9.8149e-07 1.95964e-05 0.000162326 0.00223043 0.00818149 0.0240687 0.0708089 0.894528 
7.0356e-09 1.15848e-07 1.20345e-06 2.93781e-05 0.000552586 0.00291788 0.0131399 0.0426139 0.79723 0.143515 
2.51656e-16 5.25977e-15 4.84664e-14 9.08386e-12 3.92872e-10 1.17679e-07 2.23851e-06 0.00156552 0.736299 0.262133 
1.98012e-07 4.76875e-06 5.81121e-05 0.00230624 0.0057189 0.0194488 0.0404147 0.0767049 0.109134 0.746209 
4.2263e-07 9.53692e-06 0.000144148 0.0013224 0.00894299 0.0352483 0.0935556 0.729605 0.0885038 0.0426678 
2.8806e-05 0.000631593 0.00270427 0.0303223 0.0562605 0.382298 0.319217 0.180302 0.0247447 0.00349012 
1.99705e-11 3.85107e-10 8.49796e-09 1.65106e-07 3.41801e-06 0.000157656 0.00103503 0.010229 0.911488 0.0770864 
5.49643e-07 1.42807e-05 0.000158448 0.0016632 0.0068568 0.0200686 0.0392936 0.066241 0.750813 0.11489 
1.45207e-11 3.10416e-10 5.17451e-09 1.34227e-07 1.05017e-06 3.35327e-05 7.47966e-05 0.000445882 0.00274083 0.996704 
1.32783e-07 2.98309e-06 2.55698e-05 0.00117808 0.003666 0.010459 0.022393 0.0641993 0.11788 0.780195 
3.34976e-10 6.86403e-09 1.02384e-07 2.72916e-06 9.98766e-05 0.000979207 0.00907569 0.0639728 0.696769 0.229101 
4.21751e-29 1.00488e-25 3.3465e-22 1.08209e-18 1.789e-15 9.19469e-12 4.47755e-08 0.000123679 0.00204066 0.997836 
1.30422e-08 2.57091e-07 2.81712e-06 0.000529647 0.000508952 0.00297121 0.00720791 0.0226553 0.0525546 0.913569 
4.28687e-29 7.48732e-26 1.8401e-22 4.44783e-19 5.15109e-16 1.08911e-12 2.0631e-09 1.05381e-05 0.00176619 0.998223 
1.11258e-10 2.49698e-09 4.40003e-08 8.01361e-07 7.47792e-06 8.64787e-05 0.000380691 0.00149035 0.0226423 0.975392 
7.68345e-05 0.00293995 0.0197419 0.0662094 0.106332 0.714586 0.0557621 0.0159497 0.0106496 0.00775287 
2.13204e-08 4.92358e-07 1.02648e-05 0.00103445 0.00101108 0.00419385 0.010389 0.0311306 0.0824628 0.869767 
9.95344e-07 2.68046e-05 0.000306986 0.00307251 0.0122754 0.0306508 0.0654396 0.733443 0.101639 0.0531456 
3.487e-08 6.80157e-07 7.93377e-06 0.000622627 0.00202758 0.00572469 0.0160595 0.0468787 0.792252 0.136427 
6.99789e-10 1.17031e-08 1.73491e-07 5.15609e-06 0.000199409 0.0066389 0.800877 0.0854443 0.0658439 0.0409911 
4.37262e-11 9.23511e-10 3.93586e-08 8.57247e-07 2.64616e-05 0.000851372 0.00391521 0.14367 0.494878 0.356657 
2.17577e-10 4.52552e-09 1.74021e-07 2.90363e-06 3.56769e-05 0.000952079 0.00247735 0.00970043 0.0307483 0.956083 
4.84466e-09 6.58899e-08 6.91507e-07 1.53842e-05 8.85555e-05 0.000828678 0.00335929 0.0141975 0.904304 0.0772062 
3.25805e-11 6.46505e-10 2.1092e-08 4.59673e-07 9.8351e-06 0.000628047 0.00370065 0.0185363 0.0590014 0.918123 
4.00483e-07 9.44119e-06 9.88064e-05 0.00160123 0.00785242 0.0278633 0.065168 0.0809102 0.41735 0.399146 
1.90868e-10 3.93469e-09 1.77198e-07 2.76713e-06 3.10619e-05 0.00152722 0.00416068 0.0235779 0.847074 0.123626 
3.89582e-08 7.80113e-07 4.36954e-05 0.000385324 0.00272189 0.0140541 0.369863 0.289559 0.246743 0.076628 
5.14615e-06 0.000123754 0.00114009 0.0106574 0.0428995 0.451319 0.353389 0.0758074 0.0432263 0.0214327 
2.18539e-09 2.86285e-08 3.38475e-07 7.15794e-06 4.75037e-05 0.000589369 0.00207593 0.00587877 0.0358771 0.955524 
2.52303e-16 5.27355e-15 4.857e-14 8.99177e-12 3.27759e-10 9.54809e-08 7.40283e-07 0.000107409 0.00229976 0.997592 
4.21994e-09 7.01282e-08 8.28594e-07 1.8714e-05 0.000216668 0.00280052 0.0104963 0.0342571 0.451284 0.500926 
3.18022e-07 7.61484e-06 8.29721e-05 0.0011126 0.00343562 0.00795545 0.0154672 0.0371955 0.618599 0.316143 
1.82579e-07 4.16445e-06 5.48938e-05 0.00166846 0.00554398 0.0155228 0.0431861 0.724181 0.121847 0.0879915 
3.78154e-15 8.1082e-14 1.68048e-12 4.03692e-10 4.22767e-08 1.67734e-06 2.42001e-05 0.00172939 0.0134461 0.984799 
1.20838e-06 2.46474e-05 0.000129981 0.00223729 0.00787669 0.018104 0.0487056 0.764736 0.0912585 0.0669258 
8.75954e-11 1.81937e-09 7.94516e-08 1.46927e-06 1.9288e-05 0.000957362 0.0014813 0.00643118 0.021694 0.969415 
9.77118e-07 2.23434e-05 0.000279228 0.00266271 0.00797474 0.0195879 0.0441226 0.162419 0.722683 0.0402471 
1.2251e-11 2.32966e-10 5.13572e-09 9.50277e-08 2.17149e-06 0.0001261 0.000348234 0.00174417 0.0180909 0.979688 
4.45863e-07 9.66527e-06 0.000184454 0.00165007 0.0084863 0.0348655 0.0833028 0.146564 0.684273 0.0406642 
2.1998e-10 4.98676e-09 5.68997e-08 1.01271e-06 1.22491e-05 0.000179678 0.000256189 0.000473987 0.0042724 0.994804 
1.10765e-05 0.000224744 0.000325402 0.00572502 0.00771678 0.0186693 0.0266829 0.236568 0.684127 0.0199497 
1.04977e-06 2.72232e-05 0.00026467 0.00306001 0.0180349 0.0466076 0.092577 0.125847 0.67854 0.0350403 
1.41219e-08 3.12899e-07 5.75072e-06 0.000419817 0.000704414 0.00418422 0.0104148 0.0251555 0.0661097 0.893005 
8.23416e-13 1.72033e-11 1.55545e-10 2.87523e-08 9.93414e-07 0.000319116 0.000714649 0.012852 0.958634 0.027479 
1.64986e-10 3.41114e-09 1.61673e-07 2.44443e-06 2.60998e-05 0.00123823 0.00448739 0.0307829 0.890185 0.0732774 
1.61467e-10 3.33772e-09 1.58427e-07 2.40663e-06 4.88682e-05 0.00159805 0.00655973 0.041746 0.895551 0.0544937 
7.93336e-08 1.76217e-06 2.91982e-05 0.00201339 0.00858326 0.0480307 0.680755 0.0906768 0.0947967 0.0751131 
9.52323e-07 2.5026e-05 0.000372639 0.00375641 0.0229272 0.0731036 0.382654 0.110739 0.356081 0.0503398 
0.000293175 0.00503061 0.0186495 0.0956122 0.699892 0.110969 0.0436742 0.0142881 0.00977194 0.00181944 
1.67521e-14 3.70604e-13 6.46116e-12 1.12313e-10 5.89027e-10 4.84149e-09 1.79709e-08 1.81608e-05 0.00132645 0.998655 
1.95607e-07 4.89522e-06 4.84872e-05 0.000233149 0.00178179 0.00634378 0.0113034 0.0162242 0.0283913 0.935669 
2.28792e-07 5.46235e-06 5.66491e-05 0.000521929 0.00497183 0.0184956 0.0345719 0.0847558 0.763507 0.0931139 
1.80516e-09 3.29663e-08 3.788e-07 8.08194e-06 7.43525e-05 0.000878217 0.00397264 0.0100608 0.035955 0.94905 
8.37789e-09 1.44118e-07 1.20333e-06 2.93435e-05 0.000440375 0.00299785 0.00955523 0.0303706 0.0700476 0.886558 
3.17218e-12 6.52302e-11 3.38049e-09 3.90781e-08 2.03459e-07 1.54043e-06 1.55691e-05 0.000852169 0.0172493 0.981881 
5.70135e-08 1.21396e-06 2.79327e-05 0.000539154 0.00445263 0.0141081 0.0543849 0.752915 0.0999518 0.073619 
4.71296e-11 1.09378e-09 1.70832e-08 3.0485e-07 1.52744e-06 4.90369e-05 6.96208e-05 0.000366485 0.00551469 0.993998 
9.57345e-11 2.03021e-09 3.15116e-08 7.85005e-07 5.24508e-06 2.64214e-05 0.000622393 0.00181473 0.0129011 0.984629 
2.86021e-07 6.96517e-06 0.000150146 0.00235808 0.0159469 0.192939 0.0501137 0.481067 0.203763 0.0536553 
6.37499e-06 0.000132206 0.000417192 0.0061612 0.0168202 0.0410999 0.273188 0.597312 0.0482136 0.0166495 
3.5907e-14 7.72052e-13 4.08121e-11 7.05871e-10 2.47875e-08 7.35734e-07 1.18212e-05 0.000381706 0.00951128 0.990094 
2.60736e-07 6.21706e-06 6.46632e-05 0.00133651 0.00409823 0.0107369 0.0194299 0.038896 0.0816012 0.84383 
2.30379e-16 4.81466e-15 4.41108e-14 8.18354e-12 3.02489e-10 8.88234e-08 8.02637e-07 8.22717e-05 0.003664 0.996253 
3.60981e-09 5.8083e-08 4.59322e-06 1.79794e-05 0.000258245 0.000409445 0.00249549 0.00374117 0.0116412 0.981432 
7.55161e-09 1.22796e-07 1.01541e-06 4.07797e-05 0.000521709 0.00173005 0.00605211 0.0199029 0.19597 0.775781 
1.02058e-06 2.64798e-05 0.000342272 0.00767352 0.0423079 0.120122 0.626545 0.10585 0.0617601 0.0353714 
1.19023e-06 2.5343e-05 0.00022136 0.0105118 0.0279338 0.365615 0.127529 0.0807666 0.241085 0.146311 
2.40648e-07 5.80417e-06 5.63472e-05 0.000862407 0.0028575 0.0101999 0.0348857 0.0876732 0.777199 0.08626 
2.83882e-05 0.000591765 0.00120153 0.0247735 0.0293637 0.0733213 0.105888 0.678747 0.0686154 0.0174694 
3.2916e-10 7.64274e-09 1.1826e-07 2.2763e-06 1.07572e-05 0.000361155 0.000646532 0.00105571 0.00313964 0.994784 
9.99549e-07 2.66711e-05 0.000269538 0.00246699 0.0127451 0.0294489 0.0564969 0.0944048 0.72924 0.0748996 
2.16119e-08 4.17512e-07 5.70261e-06 0.000579707 0.000795607 0.00347434 0.00982802 0.0297299 0.0819757 0.873611 
5.39656e-11 1.11378e-09 2.8921e-08 3.33486e-07 3.52297e-06 0.000212597 0.000368032 0.00431011 0.0352636 0.959842 
3.39092e-08 6.86564e-07 8.76125e-06 0.000299553 0.00409774 0.655477 0.102719 0.0824999 0.0754137 0.0794829 
4.13416e-07 8.87925e-06 0.000105346 0.00196546 0.0104344 0.0713742 0.0949313 0.119554 0.44193 0.259696 
9.45031e-14 1.86836e-12 2.43592e-11 2.42361e-09 6.82237e-08 8.80504e-06 4.67107e-05 0.00208145 0.0610333 0.93683 
1.00656e-06 2.44242e-05 0.000323529 0.00310164 0.0137232 0.0349419 0.0723909 0.0977078 0.680349 0.0974364 
1.27846e-08 3.12149e-07 1.0174e-05 0.000254462 0.000624066 0.00303144 0.00922592 0.0209244 0.0544429 0.911486 
1.5254e-16 3.19109e-15 3.06813e-14 5.87707e-12 3.53273e-10 1.02176e-07 2.34208e-06 0.000415679 0.0106768 0.988905 
1.0563e-09 2.25548e-08 2.55995e-07 6.88334e-06 0.000163021 0.000850487 0.00364643 0.0109392 0.0294445 0.954949 
1.90555e-10 3.92586e-09 3.72312e-08 8.88612e-07 2.39827e-05 6.83772e-05 0.000150294 0.000741121 0.00907854 0.989937 
4.14367e-08 8.19339e-07 7.39947e-06 0.000579377 0.00245777 0.0051661 0.0125711 0.0309065 0.0642215 0.884089 
5.47181e-07 1.56247e-05 0.00014219 0.00157846 0.00779981 0.0264493 0.0570608 0.0835249 0.104877 0.718552 
2.54201e-10 5.24418e-09 1.94403e-07 3.23549e-06 3.64456e-05 0.00143759 0.00384045 0.0125517 0.0307596 0.951371 
0.00018073 0.00370227 0.0287039 0.238069 0.632394 0.0624587 0.0220476 0.00752249 0.00452962 0.000391855 
2.79872e-09 4.01247e-08 5.96505e-07 1.70983e-05 0.000444874 0.00239212 0.0116501 0.038099 0.0863373 0.861059 
1.8432e-08 3.54124e-07 3.07947e-06 0.000357626 0.00224602 0.00484829 0.0141668 0.162947 0.0982278 0.717203 
1.51721e-08 2.74561e-07 2.04734e-06 4.50431e-05 0.000720683 0.0048535 0.016889 0.064576 0.80906 0.103854 
1.83e-06 4.1087e-05 0.000530424 0.00427584 0.0151003 0.0305008 0.0496737 0.0620251 0.712213 0.125638 
1.32075e-06 3.01287e-05 0.000475129 0.00376972 0.0113229 0.023225 0.0441992 0.0775583 0.740261 0.0991569 
1.74971e-09 3.79792e-08 4.14954e-07 1.34135e-05 0.000267423 0.00143571 0.00569849 0.0185721 0.0601497 0.913863 
1.88978e-10 3.88579e-09 1.80059e-07 2.63234e-06 2.69843e-05 0.00139204 0.00577624 0.0302898 0.889475 0.0730372 
5.02344e-07 1.01969e-05 0.000103038 0.00140549 0.00626082 0.0168706 0.0548136 0.76235 0.0966485 0.0615377 
1.90919e-06 5.17232e-05 0.000696481 0.00458781 0.014937 0.0298688 0.0676232 0.107117 0.664243 0.110873 
2.75114e-09 3.68501e-08 3.69814e-07 8.22538e-06 6.05133e-05 0.000473313 0.00194681 0.00600469 0.474857 0.516649 
1.36646e-10 3.03115e-09 5.21556e-08 1.0083e-06 5.34721e-06 0.000224323 0.000292506 0.00166207 0.0207837 0.977031 
2.92178e-08 6.36137e-07 1.17837e-05 0.000746009 0.00106157 0.0023821 0.00702121 0.0153651 0.026717 0.946695 
1.37021e-08 2.33089e-07 1.82379e-06 4.57409e-05 0.000812728 0.00433853 0.017204 0.0585097 0.122653 0.796434 
1.22475e-06 2.92619e-05 0.000430991 0.0039916 0.0146465 0.0454692 0.51447 0.313688 0.073897 0.0333769 
3.59865e-07 8.35738e-06 8.21665e-05 0.00109977 0.00627648 0.0291021 0.0642073 0.683023 0.139652 0.0765492 
4.94222e-09 6.52869e-08 1.0648e-06 1.59657e-05 0.000114883 0.000967731 0.00395398 0.00860187 0.0162173 0.970127 
1.11704e-10 2.30691e-09 1.10995e-07 1.59851e-06 1.46956e-05 0.000555009 0.0012412 0.0115196 0.92154 0.0651282 
9.33579e-09 1.78704e-07 2.18572e-06 0.000358511 0.00050414 0.00315907 0.0073826 0.0230786 0.066009 0.899506 
1.8825e-09 4.05411e-08 4.62939e-07 9.89155e-06 0.000118606 0.00107577 0.00393329 0.0112728 0.0251284 0.958461 
2.41275e-09 4.38588e-08 4.3293e-07 9.42748e-06 9.02643e-05 0.00139109 0.00555125 0.0191703 0.456612 0.517176 
9.80551e-09 1.73808e-07 1.55738e-06 0.000143709 0.000335897 0.00170016 0.00635379 0.0160782 0.0491883 0.926198 
4.38364e-22 1.05665e-19 4.40276e-17 1.238e-14 3.80492e-12 1.11228e-09 5.33395e-08 0.000105763 0.982875 0.0170196 
1.17847e-05 0.000283953 0.00269025 0.0203803 0.0522082 0.682346 0.120637 0.072508 0.0382263 0.0107086 
5.02619e-09 8.54243e-08 2.88314e-06 2.38041e-05 0.000262 0.00193389 0.00720286 0.0205741 0.0598274 0.910173 
1.23658e-10 2.5624e-09 1.19079e-07 1.90102e-06 2.16897e-05 0.000933077 0.00193092 0.00813006 0.0300117 0.95897 
2.53197e-07 5.72175e-06 7.69522e-05 0.00153157 0.00693399 0.0300765 0.0856418 0.418053 0.396143 0.0615371 
7.05979e-11 1.51352e-09 2.36017e-08 5.45224e-07 3.5657e-06 7.94773e-06 0.000137907 0.000288282 0.00127219 0.99829 
1.41647e-07 3.02463e-06 2.46042e-05 0.00136589 0.00425067 0.0160171 0.0428578 0.703238 0.145916 0.0863268 
3.31705e-15 7.18577e-14 1.77782e-12 3.94738e-10 5.1445e-08 1.55948e-06 2.05757e-05 0.00154076 0.0166859 0.981751 
7.98025e-08 1.71e-06 2.75678e-05 0.000254932 0.00181783 0.00709821 0.0199123 0.150173 0.759171 0.0615431 
2.81559e-09 5.10531e-08 3.04966e-06 1.30939e-05 0.000123514 0.000384882 0.00213317 0.00644839 0.0335546 0.957339 
4.47608e-05 0.00209982 0.0042479 0.0510304 0.446913 0.331576 0.0974136 0.0341815 0.017717 0.0147767 
3.55596e-09 5.7132e-08 7.51372e-07 1.52175e-05 9.94197e-05 0.00216538 0.00673454 0.0226634 0.0700639 0.898257 
6.06154e-09 1.35481e-07 3.50015e-06 4.55314e-05 0.000380558 0.0016101 0.00450147 0.0156665 0.602049 0.375743 
6.99993e-07 1.57054e-05 0.000287557 0.00468718 0.420995 0.196674 0.217216 0.0825789 0.0507542 0.0267906 
2.82885e-07 5.79783e-06 7.4332e-05 0.00145558 0.0187387 0.0651973 0.260094 0.370657 0.217782 0.0659941 
9.51237e-17 1.98781e-15 1.82351e-14 3.40945e-12 1.33051e-10 4.66934e-08 4.64709e-07 4.5365e-05 0.00189958 0.998055 
3.4622e-08 7.41177e-07 3.59321e-06 5.18394e-05 0.00036377 0.00232474 0.0056709 0.0157547 0.0538289 0.922001 
4.35924e-07 1.05593e-05 8.8992e-05 0.00144243 0.00951642 0.0297243 0.0718762 0.0937468 0.0996219 0.693972 
8.63057e-06 0.000166248 0.00220411 0.0222325 0.0810538 0.461604 0.31359 0.0756073 0.0368226 0.00671099 
4.727e-08 1.04711e-06 8.13997e-06 0.000131933 0.000696647 0.00592673 0.00760611 0.0189156 0.0428011 0.923913 
1.5332e-09 3.16015e-08 4.66598e-07 9.43139e-06 0.00012864 0.00148891 0.00561445 0.421917 0.473609 0.0972323 
1.19984e-07 2.5205e-06 3.69113e-05 0.00115601 0.00433066 0.021357 0.0593891 0.104677 0.107564 0.701486 
9.96606e-08 2.06898e-06 3.09862e-05 0.000866069 0.00171418 0.0045682 0.0123591 0.035663 0.851386 0.09341 
1.4154e-06 3.28941e-05 0.000580157 0.00514631 0.0187605 0.0710433 0.697047 0.101578 0.0627202 0.0430895 
2.64149e-09 5.60549e-08 6.04941e-07 4.7051e-05 0.000151004 0.00133083 0.00326641 0.00877069 0.0279606 0.958473 
3.87791e-06 8.40256e-05 0.00121523 0.0187153 0.0639339 0.148984 0.683187 0.0569592 0.0214819 0.00543536 
2.16087e-09 3.9001e-08 5.33864e-07 1.16775e-05 0.000113517 0.00165799 0.00518708 0.0257358 0.898508 0.0687851 
1.31696e-09 2.66252e-08 4.41526e-07 1.41972e-05 0.000563021 0.00275304 0.0157679 0.0551672 0.84654 0.0791941 
5.8456e-07 1.423e-05 0.000178 0.00210604 0.00793103 0.0324052 0.0698231 0.387224 0.459442 0.0408761 
3.28216e-07 7.27453e-06 0.000105779 0.00161363 0.00693857 0.0361558 0.0804856 0.442392 0.0856961 0.346605 
8.40307e-06 0.000190577 0.00148571 0.0234657 0.0517204 0.413117 0.349583 0.127774 0.0256767 0.00697908 
1.79469e-09 3.19171e-08 3.783e-07 8.00593e-06 0.000121826 0.000936829 0.00441231 0.022463 0.343328 0.62873 
4.78498e-07 1.16585e-05 0.000105677 0.00142084 0.0077958 0.0263904 0.0652584 0.0797816 0.0916714 0.727564 
3.65789e-09 6.13545e-08 6.20305e-07 1.4307e-05 0.000139147 0.00133299 0.00401272 0.0156985 0.88397 0.094832 
1.0789e-07 2.29549e-06 4.78688e-05 0.00203799 0.00733535 0.0404289 0.0946745 0.723932 0.0754202 0.0561207 
1.06195e-09 9.52856e-09 1.11051e-07 2.16653e-06 1.20397e-05 5.69288e-05 0.000397106 0.000670931 0.00211025 0.99675 
2.49539e-07 5.28802e-06 0.000121303 0.00323633 0.00821011 0.0286497 0.0775426 0.131157 0.691689 0.0593889 
3.68426e-07 8.94613e-06 0.000104671 0.00150698 0.00802155 0.0278801 0.0702647 0.0994724 0.721971 0.0707695 
3.06576e-08 6.47264e-07 8.57285e-06 0.00113622 0.00113498 0.00316869 0.00890537 0.0252177 0.0712917 0.889136 
1.47829e-07 3.05717e-06 3.94495e-05 0.00158399 0.00329829 0.00816265 0.023402 0.0683382 0.791341 0.103831 
5.27068e-14 1.29376e-12 1.8796e-11 9.68955e-10 8.65689e-08 3.23295e-06 6.38328e-05 0.00270719 0.0207301 0.976496 
1.56271e-08 2.99202e-07 2.88463e-06 0.000653421 0.00085254 0.00377875 0.0129177 0.0418984 0.0920638 0.847832 
2.45879e-08 4.79291e-07 3.93608e-06 0.000575795 0.00106792 0.00330285 0.0147212 0.208547 0.0740301 0.697751 
4.6928e-09 7.71067e-08 4.13989e-06 3.08028e-05 0.000555802 0.00273535 0.0126875 0.0362294 0.0865068 0.86125 
1.60533e-07 3.38291e-06 3.35541e-05 0.000787647 0.00339832 0.01321 0.0258784 0.0715201 0.134906 0.750262 
2.24613e-11 5.32441e-10 6.72913e-09 1.23853e-07 6.12771e-07 1.97535e-05 3.36099e-05 0.00021582 0.00579413 0.993936 
9.53186e-08 2.09572e-06 3.08009e-05 0.00170914 0.00464984 0.0128187 0.0326764 0.0689849 0.10123 0.777898 
1.9233e-06 4.87602e-05 0.000424584 0.0055843 0.0226657 0.583786 0.177174 0.122438 0.0578125 0.0300644 
3.6061e-10 7.72455e-09 1.62319e-07 3.36046e-06 3.84355e-05 0.00126975 0.00288528 0.0143388 0.852297 0.129167 
4.35629e-08 9.25286e-07 1.15264e-05 0.000451405 0.00217903 0.00745567 0.0341018 0.100469 0.756824 0.0985064 
2.12221e-07 5.26722e-06 5.49133e-05 0.00192219 0.00616673 0.0247006 0.0678736 0.291805 0.54815 0.0593211 
3.87169e-07 8.64135e-06 0.000168119 0.00324953 0.024344 0.101568 0.67178 0.0988947 0.0614204 0.038566 
4.81851e-05 0.000858572 0.00134853 0.02042 0.0329961 0.0827873 0.116565 0.67794 0.0526073 0.0144284 
1.40227e-06 3.15735e-05 0.000498962 0.0068571 0.0223926 0.0639911 0.120884 0.149508 0.61359 0.0222448 
1.12578e-24 4.00296e-22 2.09186e-19 1.11113e-16 1.13118e-13 1.02071e-11 2.92534e-09 3.13099e-07 0.000555547 0.999444 
3.26448e-09 6.55713e-08 7.70699e-07 1.53739e-05 0.000167378 0.00205602 0.00663948 0.0193242 0.0664568 0.90534 
5.67716e-18 1.25517e-16 4.18987e-15 1.10169e-12 2.86678e-10 8.03737e-08 3.01359e-06 0.000453598 0.0127963 0.986747 
2.03562e-09 4.69446e-08 3.51336e-06 1.53858e-05 0.000209023 0.00111419 0.00341176 0.0118384 0.0503412 0.933067 
6.53438e-11 1.38578e-09 4.85584e-08 9.6468e-07 4.61441e-05 0.000572391 0.00408229 0.161156 0.637179 0.196963 
2.36106e-09 3.60204e-08 3.80065e-07 8.57039e-06 5.27423e-05 0.000540035 0.00255751 0.00706886 0.113902 0.87587 
4.31606e-06 9.68215e-05 0.000993588 0.0112664 0.133987 0.587531 0.139184 0.0659115 0.0371256 0.0238993 
6.60057e-06 0.000144137 0.000774942 0.0082658 0.0287644 0.0560714 0.0930664 0.722801 0.0665002 0.0236051 
2.34391e-05 0.000367763 0.00399044 0.0816376 0.163761 0.261232 0.272286 0.159277 0.0442263 0.0132 
2.35836e-06 5.41966e-05 0.00071316 0.00933413 0.279522 0.484302 0.0861199 0.114033 0.0196829 0.00623684 
5.18529e-08 1.04043e-06 1.3891e-05 0.000731421 0.00302222 0.00935132 0.0361861 0.107462 0.745441 0.0977914 
6.739e-09 1.26196e-07 9.60484e-06 3.21233e-05 0.000667496 0.00319475 0.0117286 0.0349833 0.157765 0.791619 
9.89445e-08 2.14551e-06 2.71333e-05 0.000666101 0.0024832 0.00977105 0.0253627 0.0449151 0.0678536 0.848919 
2.07245e-34 1.05513e-30 1.11965e-26 9.86459e-23 5.62702e-19 8.74533e-15 2.63683e-10 6.46397e-05 0.00158109 0.998354 
3.10969e-08 6.46185e-07 5.42609e-06 0.00122344 0.00177658 0.00457444 0.018064 0.0632017 0.126359 0.784795 
1.61486e-07 3.55419e-06 4.88814e-05 0.000898068 0.0022053 0.00698794 0.168022 0.274314 0.224601 0.322918 
1.42378e-14 2.96437e-13 6.98603e-12 7.44467e-10 1.05227e-07 7.74327e-06 9.35834e-05 0.0019175 0.0191571 0.978824 
0.000225911 0.00473018 0.00650528 0.0557282 0.0798655 0.127385 0.653661 0.0525687 0.0168899 0.0024402 
4.14283e-07 9.20043e-06 0.000121909 0.0012032 0.00632035 0.023257 0.0386956 0.0641886 0.0935324 0.772671 
1.65599e-22 5.38171e-20 2.12136e-17 5.16911e-15 1.52399e-12 4.81183e-10 1.2776e-07 0.000272382 0.00705224 0.992675 
1.43407e-06 3.33783e-05 0.000554517 0.00812253 0.0855388 0.267136 0.0836226 0.249347 0.263288 0.0423554 
3.84927e-07 9.63619e-06 8.52005e-05 0.00106539 0.00785378 0.0208629 0.0450079 0.0681892 0.762889 0.0940367 
1.3551e-08 2.62588e-07 4.56133e-06 0.000529159 0.0010031 0.00382377 0.0159129 0.0539428 0.788566 0.136218 
1.10651e-06 2.93853e-05 0.000250839 0.00254158 0.01568 0.0371053 0.0764011 0.644888 0.181467 0.0416361 
8.9924e-09 1.52915e-07 1.82198e-06 0.000168032 0.00033512 0.00203914 0.00546692 0.0136308 0.0371708 0.941187 
6.50053e-07 1.73043e-05 0.000219952 0.00228333 0.0100207 0.0309375 0.0719536 0.692737 0.124646 0.0671836 
2.00271e-07 5.11131e-06 4.66404e-05 0.00129143 0.00395061 0.0146211 0.0393723 0.0435835 0.0727238 0.824405 
3.57556e-08 7.83259e-07 1.10184e-05 0.000587841 0.00164093 0.00449844 0.0155974 0.25677 0.297646 0.423248 
7.78604e-08 1.65433e-06 1.69409e-05 0.00139093 0.00253627 0.0101876 0.0144516 0.042157 0.807379 0.121879 
9.18792e-11 1.90053e-09 7.77828e-08 1.5699e-06 2.31045e-05 0.00118573 0.00184465 0.0121917 0.901665 0.0830885 
2.1224e-11 4.48765e-10 1.25834e-08 5.63072e-07 1.27764e-05 0.000995357 0.00493493 0.0328197 0.0849624 0.876274 
0.000126804 0.00388829 0.0267597 0.664829 0.147509 0.0904439 0.0392716 0.0149746 0.0106284 0.00156887 
5.20347e-07 1.1625e-05 0.000237568 0.00263306 0.0114929 0.0583509 0.546295 0.186252 0.0552817 0.139445 
1.82568e-26 6.90882e-24 5.01424e-21 7.24905e-18 7.68585e-15 1.38208e-11 1.21449e-08 4.9575e-05 0.00165082 0.9983 
0.000177677 0.00424926 0.0145467 0.0694687 0.124037 0.673715 0.0760879 0.0223182 0.0120728 0.00332595 
8.66924e-09 1.55984e-07 3.7897e-06 4.12984e-05 0.000600913 0.00308962 0.0145611 0.0431376 0.0963391 0.842226 
1.04458e-08 1.82142e-07 4.29714e-06 5.08684e-05 0.000732491 0.00683901 0.0360846 0.748875 0.108254 0.0991592 
7.33042e-06 0.000155915 0.000592773 0.00797148 0.0281808 0.0819924 0.721632 0.097886 0.0441521 0.0174295 
2.42761e-10 4.98736e-09 1.51582e-07 2.30837e-06 2.33984e-05 0.000881841 0.00189473 0.0099576 0.0455099 0.94173 
2.29765e-08 4.9027e-07 1.07554e-05 0.000636602 0.00118271 0.00314125 0.0130403 0.0438572 0.800554 0.137577 
1.45019e-05 0.000301005 0.00114971 0.0177404 0.0665871 0.645875 0.156566 0.0632831 0.034362 0.0141204 
6.03157e-08 1.33854e-06 9.4744e-06 0.000101828 0.000695711 0.00350682 0.00925631 0.0236842 0.0632464 0.899498 
5.05616e-06 0.000107645 0.000914618 0.0113524 0.0496135 0.572675 0.272797 0.0535594 0.025591 0.0133853 
1.98481e-10 4.07696e-09 1.84498e-07 2.86981e-06 3.34562e-05 0.00139595 0.00322847 0.0175804 0.861236 0.116523 
9.95432e-11 2.29261e-09 1.44241e-08 4.24967e-07 1.81595e-06 1.1815e-05 0.000109946 0.000689437 0.00587067 0.993316 
9.07029e-11 1.87267e-09 9.07126e-08 1.28368e-06 1.17598e-05 0.00040703 0.00104287 0.00861716 0.0431977 0.946722 
2.71658e-09 4.26004e-08 3.71813e-07 9.33196e-06 6.74706e-05 0.000410845 0.00150608 0.00326005 0.00666861 0.988077 
2.05654e-08 4.0503e-07 8.06638e-06 6.94088e-05 0.0019734 0.0045073 0.0108435 0.0323853 0.0846267 0.865586 
1.82906e-23 5.7622e-21 3.03188e-18 1.12376e-15 8.25988e-13 2.05154e-10 2.53735e-07 0.000723561 0.484789 0.514488 
2.05581e-11 4.2257e-10 2.20176e-08 2.49121e-07 1.17433e-06 5.95469e-06 7.21387e-05 0.00191031 0.0192842 0.978726 
7.9567e-12 1.67143e-10 5.75084e-09 1.75958e-07 3.52804e-06 0.000190791 0.00075481 0.00764644 0.0407155 0.950689 
1.81336e-08 3.40278e-07 3.00834e-06 6.96748e-05 0.00156741 0.00239451 0.00765598 0.0235707 0.059699 0.905039 
4.07547e-09 4.92492e-08 5.71234e-07 1.19121e-05 7.39911e-05 0.00142437 0.00282372 0.00994034 0.0381608 0.947564 
1.30234e-07 3.71477e-06 2.56079e-05 0.00158138 0.00453147 0.0133738 0.0191879 0.0469908 0.0820929 0.832212 
3.99905e-10 5.64195e-09 7.29076e-08 1.63647e-06 1.83704e-05 0.000202178 0.000528878 0.00810287 0.946865 0.0442807 
1.2788e-10 2.63109e-09 1.19617e-07 1.88655e-06 2.24624e-05 0.00119878 0.00477764 0.026551 0.0730954 0.894353 
8.26693e-09 1.43654e-07 9.94983e-07 2.44219e-05 0.000573496 0.00577532 0.540535 0.350165 0.0624238 0.040501 
1.11797e-13 2.3911e-12 3.6859e-11 3.04004e-09 3.02301e-07 1.9806e-05 0.000348993 0.00471158 0.479594 0.515325 
1.29092e-05 0.000267516 0.00121738 0.0229475 0.0336945 0.0825899 0.728553 0.0839043 0.0341681 0.0126452 
4.76703e-09 7.638e-08 8.26533e-07 1.74507e-05 0.000234341 0.00169404 0.00544794 0.0149367 0.0419192 0.935749 
8.23951e-11 1.70395e-09 8.02859e-08 1.22605e-06 1.238e-05 0.000496531 0.000534738 0.00399628 0.023285 0.971674 
1.40622e-07 3.2823e-06 2.98006e-05 0.00137575 0.00406228 0.0145574 0.0497749 0.743116 0.109176 0.0779052 
1.89864e-20 4.0378e-19 7.63615e-18 1.72643e-15 2.85405e-13 1.15005e-10 1.09768e-08 3.03587e-05 0.00237097 0.997599 
4.50134e-07 1.05236e-05 0.000140041 0.00363315 0.0175868 0.123896 0.286153 0.212725 0.300664 0.0551897 
3.27354e-10 6.98938e-09 1.54751e-07 5.20086e-06 0.000673659 0.00414571 0.0200113 0.0649498 0.867384 0.0428303 
1.19493e-08 2.143e-07 1.7867e-06 5.05469e-05 0.00105611 0.00341632 0.00759914 0.0281618 0.0591295 0.900585 
3.85586e-05 0.000793811 0.00167043 0.0220125 0.0317658 0.0597408 0.0586246 0.0566551 0.722776 0.0459229 
2.09406e-15 4.39403e-14 5.13423e-13 1.41842e-10 4.94763e-09 8.66003e-07 1.65583e-05 0.00218173 0.0259084 0.971892 
1.31897e-06 3.06351e-05 0.000393982 0.00518384 0.0681477 0.0570748 0.678706 0.0515893 0.0737632 0.0651086 
4.87599e-07 1.35178e-05 0.000112378 0.00122436 0.00743791 0.0262474 0.535455 0.286309 0.0888872 0.0543134 
3.86816e-06 7.99101e-05 0.00107889 0.0122877 0.0215942 0.0512198 0.0686201 0.0985709 0.702995 0.04355 
1.99192e-06 4.1477e-05 0.000924192 0.0103679 0.0455283 0.606352 0.160953 0.108552 0.0476507 0.0196276 
6.14051e-09 1.19903e-07 1.2247e-06 0.000194581 0.000428454 0.00394489 0.203488 0.172301 0.347351 0.272291 
2.95002e-09 2.67294e-08 3.1059e-07 6.20473e-06 3.73699e-05 0.000251223 0.00125643 0.00206559 0.00601284 0.99037 
1.84786e-08 4.13236e-07 1.01995e-05 0.0010317 0.00103358 0.00314865 0.00732823 0.019671 0.848597 0.119179 
3.97601e-09 5.75381e-08 7.66893e-07 1.87647e-05 0.000302015 0.00231059 0.0111695 0.0388056 0.0902915 0.857101 
4.87961e-08 9.7884e-07 1.06145e-05 0.000257395 0.00251987 0.00900332 0.0398524 0.733758 0.122511 0.0920862 
0.000195722 0.00453663 0.0130417 0.0451774 0.0948322 0.279029 0.518371 0.030017 0.0101205 0.00467946 
3.29634e-07 7.05128e-06 0.000115626 0.00226481 0.0169629 0.663234 0.122578 0.0919391 0.0593058 0.0435924 
7.48798e-08 1.62023e-06 4.34332e-05 0.000865278 0.00390503 0.100543 0.0362121 0.109323 0.498921 0.250185 
1.89697e-10 3.90962e-09 1.58885e-07 2.55537e-06 2.90319e-05 0.00113962 0.00316294 0.0139366 0.0526753 0.929054 
4.76706e-05 0.00100208 0.00224147 0.0376863 0.59565 0.164131 0.110332 0.053473 0.0274448 0.0079921 
5.4451e-07 1.34686e-05 0.00015266 0.0018026 0.00764393 0.023016 0.0595219 0.63701 0.214046 0.0567925 
2.0083e-08 4.39694e-07 7.59247e-06 0.000607944 0.000998153 0.00332732 0.0129395 0.518522 0.196585 0.267012 
3.47236e-08 6.88268e-07 1.67031e-05 0.00110249 0.00330409 0.0111658 0.047204 0.739514 0.111979 0.085714 
1.19173e-06 2.93685e-05 0.000454884 0.00411996 0.0255366 0.639326 0.122037 0.114562 0.0643976 0.0295356 
2.84492e-07 6.47978e-06 6.18196e-05 0.00178312 0.0038722 0.0148536 0.0488883 0.750146 0.0995373 0.080851 
1.9609e-09 3.48095e-08 4.75285e-07 1.08202e-05 0.000382193 0.00369444 0.0128788 0.0507686 0.862188 0.0700762 
7.43433e-09 1.32806e-07 1.22097e-06 2.84227e-05 0.000966807 0.00277838 0.00734892 0.033001 0.0888366 0.867038 
2.78953e-09 5.76307e-08 6.79538e-07 2.27141e-05 0.000232165 0.00190442 0.00517219 0.016017 0.0506228 0.926028 
6.11877e-11 1.26245e-09 3.38072e-08 6.42748e-07 7.67692e-06 0.00035811 0.00231479 0.0200219 0.0651011 0.912196 
1.80969e-07 4.29382e-06 4.18527e-05 0.00144126 0.0064845 0.0194752 0.0415993 0.0875729 0.74879 0.0945909 
1.16857e-07 2.30721e-06 4.30608e-05 0.00123504 0.00396426 0.0145791 0.0495314 0.765151 0.0971118 0.0683819 
8.58522e-11 1.77362e-09 4.67816e-08 9.78672e-07 1.52995e-05 0.0002637 0.000862257 0.00218316 0.00744429 0.98923 
1.82009e-07 4.11367e-06 4.02539e-05 0.000380622 0.00366058 0.0144976 0.0244936 0.046052 0.0664533 0.844418 
8.0157e-10 1.02051e-08 8.97663e-08 2.12228e-06 1.28051e-05 8.35135e-05 0.000351421 0.00148117 0.00877929 0.98929 
9.32609e-13 1.93625e-11 4.49893e-10 5.7581e-09 3.84453e-08 1.56759e-06 3.11671e-06 0.000263686 0.00975597 0.989976 
4.97355e-09 9.87577e-08 2.10501e-06 2.23098e-05 0.000370411 0.00285088 0.0127204 0.0482801 0.820816 0.114938 
1.17729e-10 2.43141e-09 1.17831e-07 1.67081e-06 1.57248e-05 0.000671668 0.00267068 0.849683 0.0769557 0.0700014 
3.94195e-06 9.77557e-05 0.00109399 0.0152709 0.0444531 0.101009 0.683787 0.102818 0.0379839 0.0134829 
5.7078e-07 1.46738e-05 0.000212822 0.00173734 0.0124198 0.0418369 0.0961884 0.698298 0.0974991 0.0517921 
4.46469e-08 1.21131e-06 2.75294e-05 0.000245542 0.00317259 0.0210215 0.695133 0.104502 0.100575 0.0753222 
1.46814e-08 2.77483e-07 9.67942e-06 0.000520705 0.000879361 0.00373079 0.013344 0.0416767 0.0996441 0.840194 
1.75956e-08 3.65412e-07 3.3461e-06 0.000699454 0.000789741 0.00321576 0.00982246 0.0344973 0.0993843 0.851587 
2.208e-06 4.78196e-05 0.000679767 0.00798159 0.029283 0.0847138 0.662845 0.170801 0.0326473 0.0109982 
7.7393e-10 8.81734e-09 1.86158e-07 3.05885e-06 2.83132e-05 0.00105497 0.00259674 0.0174631 0.895268 0.0835861 
9.85789e-05 0.00214596 0.010241 0.0579484 0.295883 0.493745 0.0939699 0.0309346 0.0129757 0.00205801 
3.23974e-08 6.94671e-07 6.17511e-06 0.00010894 0.000706186 0.00648667 0.0150837 0.0716814 0.677165 0.228761 
2.16686e-09 4.36289e-08 6.69889e-07 2.02099e-05 0.000770126 0.0063497 0.0293848 0.084503 0.803405 0.075566 
1.9886e-10 4.24805e-09 7.07307e-08 1.61626e-06 1.44441e-05 0.000241764 0.00247838 0.0110854 0.878982 0.107197 
1.24438e-08 2.76626e-07 2.53793e-05 0.000209676 0.00246038 0.0144274 0.715302 0.129883 0.0810538 0.0566382 
4.5026e-09 8.41835e-08 1.09926e-06 2.6037e-05 0.000965314 0.00261667 0.00719972 0.0275112 0.861118 0.100562 
3.91994e-06 9.6038e-05 0.000880602 0.00767584 0.0305901 0.655963 0.152889 0.0906252 0.0411892 0.0200877 
1.47159e-08 3.03649e-07 3.02175e-06 0.000819585 0.00122598 0.0079856 0.034163 0.573426 0.300133 0.0822438 
3.1348e-07 7.85294e-06 0.000109619 0.00151094 0.00747967 0.0320088 0.0649599 0.720516 0.114466 0.0589407 
5.58352e-07 1.26857e-05 0.000165778 0.00255805 0.0117115 0.0412722 0.112226 0.705589 0.0842024 0.0422612 
2.06635e-10 4.26197e-09 1.97248e-07 3.03371e-06 3.19279e-05 0.00134382 0.00234473 0.0129258 0.044688 0.938662 
3.0272e-06 6.5367e-05 0.00106107 0.0153091 0.0582175 0.128036 0.673845 0.0755493 0.0335007 0.0144135 
1.25093e-15 2.63818e-14 3.91652e-13 1.37098e-10 4.77413e-09 6.42451e-07 1.43297e-05 0.00107111 0.0143879 0.984526 
2.21085e-12 4.38131e-11 1.45401e-09 2.57458e-08 5.69238e-07 7.78571e-06 0.000161223 0.00143454 0.0210423 0.977354 
6.01845e-10 1.34434e-08 2.41156e-07 5.16446e-06 5.03135e-05 0.00213221 0.0157999 0.848416 0.0723489 0.0612467 
8.52814e-07 1.8139e-05 0.000304355 0.00368635 0.0158309 0.0597578 0.127158 0.703801 0.0610952 0.0283478 
2.66612e-09 5.62609e-08 6.94417e-07 1.72381e-05 0.000362549 0.00227703 0.0101068 0.0353254 0.834938 0.116972 
8.9446e-08 1.961e-06 1.47308e-05 0.00103397 0.00174414 0.0110206 0.0188304 0.0575892 0.809352 0.100413 
7.43713e-08 1.6321e-06 1.34655e-05 0.000301713 0.00131335 0.00538186 0.0151739 0.0489921 0.844996 0.0838257 
3.94529e-06 7.98589e-05 0.000143741 0.00332547 0.0195003 0.193748 0.574251 0.121952 0.0476111 0.039384 
2.08492e-07 4.85228e-06 6.13592e-05 0.000824432 0.00443815 0.0207196 0.0644171 0.622812 0.0784232 0.208299 
0.0013302 0.0134308 0.0705305 0.15593 0.724299 0.0310086 0.00311203 0.000332867 2.43788e-05 1.47409e-06 
2.50347e-06 6.54893e-05 0.000799971 0.00771596 0.0255838 0.0606432 0.112632 0.708909 0.0627221 0.0209267 
3.05516e-06 6.75883e-05 0.00101501 0.0135527 0.207466 0.163257 0.416411 0.156636 0.0309421 0.0106494 
1.04681e-06 2.40095e-05 0.000370632 0.00491248 0.0212968 0.073375 0.736142 0.102089 0.0433409 0.0184482 
1.96993e-09 2.12518e-08 2.62094e-07 4.89532e-06 2.58082e-05 0.000395933 0.00101617 0.00223547 0.00668226 0.989639 
1.2077e-06 2.90709e-05 0.000372655 0.00393758 0.0223944 0.583866 0.149972 0.131739 0.071123 0.0365648 
4.52114e-10 9.57501e-09 2.06373e-07 4.1893e-06 3.79574e-05 0.00102107 0.00373579 0.0152918 0.0545061 0.925403 
1.99893e-07 4.75538e-06 6.52654e-05 0.000586718 0.00624146 0.0293522 0.0750556 0.735961 0.0933291 0.059404 
4.12071e-11 8.43151e-10 1.64825e-08 3.31942e-07 5.71515e-06 7.27447e-05 0.00036062 0.00300997 0.0208448 0.975706 
1.09831e-06 2.80028e-05 0.000290916 0.00302381 0.0135154 0.033602 0.0731804 0.115245 0.722545 0.0385683 
1.64573e-07 3.53062e-06 4.67694e-05 0.000904044 0.00953148 0.166703 0.0537763 0.299836 0.425375 0.0438239 
3.03165e-05 0.000628342 0.00120472 0.0242598 0.0263429 0.0663351 0.618269 0.143385 0.0851397 0.0344055 
1.6545e-08 3.21428e-07 3.65904e-06 3.19537e-05 0.000307483 0.00223468 0.00454518 0.0172814 0.0614157 0.91418 
6.97937e-08 1.4831e-06 2.63515e-05 0.000860316 0.00325321 0.0143661 0.32957 0.277469 0.0954279 0.279025 
0.000168039 0.0045087 0.0196782 0.083127 0.711129 0.115171 0.0441765 0.0133486 0.00704938 0.00164371 
1.96342e-10 4.08916e-09 1.24826e-07 2.25819e-06 2.38074e-05 0.000812221 0.00213454 0.0145218 0.719377 0.263129 
3.47575e-07 7.61037e-06 8.58345e-05 0.00163241 0.00684581 0.0157016 0.0371271 0.0746585 0.791039 0.0729013 
1.32059e-08 2.51777e-07 2.74165e-06 0.00032531 0.000963142 0.00232297 0.00734415 0.0228101 0.116217 0.850015 
1.78088e-08 3.41322e-07 3.08264e-06 0.000899086 0.000787496 0.00178505 0.00519181 0.0145493 0.0346147 0.942169 
2.57248e-08 5.38455e-07 9.08953e-06 7.79126e-05 0.000688716 0.00324649 0.01216 0.0404168 0.289194 0.654207 
3.25646e-08 6.67134e-07 1.91068e-05 0.000511754 0.00418778 0.0311795 0.707379 0.12885 0.0733988 0.0544738 
1.32293e-08 2.32932e-07 2.67454e-06 5.69038e-05 0.00106022 0.00564631 0.0222752 0.384883 0.148042 0.438033 
1.62487e-08 2.95103e-07 2.9554e-06 0.000189423 0.00093252 0.00626542 0.018982 0.0567924 0.107515 0.80932 
2.90605e-09 4.0686e-08 7.51279e-07 1.65411e-05 0.000773943 0.00737393 0.0374857 0.0994879 0.796297 0.0585646 
5.90433e-11 1.22223e-09 5.83373e-08 8.66215e-07 9.40436e-06 0.000370986 0.00116097 0.0062525 0.0275206 0.964685 
1.79571e-12 4.09308e-11 2.01851e-09 3.12607e-07 2.33883e-05 0.00138713 0.0115973 0.879567 0.0718274 0.0355978 
3.42987e-10 7.29941e-09 1.30297e-07 3.89979e-06 0.000215282 0.000450416 0.0019845 0.00651765 0.0204928 0.970335 
0.000621101 0.00828601 0.067651 0.769856 0.111902 0.0283263 0.0110645 0.00144139 0.000813547 3.84512e-05 
2.24075e-15 4.73834e-14 7.22928e-13 2.03318e-10 1.20885e-08 9.54674e-07 1.77079e-05 0.00178118 0.0301019 0.968098 
5.53562e-08 1.24171e-06 4.3176e-05 0.00164868 0.00748487 0.0434345 0.700197 0.096653 0.0764084 0.0741293 
3.12057e-06 6.54932e-05 0.000271149 0.00307261 0.0063141 0.0126218 0.0192218 0.0937209 0.0313626 0.833346 
1.12943e-15 2.36284e-14 2.3372e-13 5.2184e-11 1.88836e-09 5.43885e-07 1.39604e-05 0.0026455 0.933837 0.0635033 
3.69396e-10 7.66386e-09 1.48501e-07 2.70137e-06 5.75548e-05 0.000965715 0.0040285 0.0671711 0.501477 0.426297 
1.63366e-07 3.35219e-06 4.15265e-05 0.000260637 0.00293149 0.0141915 0.0343827 0.0822101 0.792503 0.0734755 
2.92361e-13 6.12076e-12 5.75642e-11 9.14254e-09 2.94728e-07 4.39304e-05 0.000190011 0.0038593 0.482263 0.513643 
4.06571e-08 8.70783e-07 9.30849e-06 0.00129866 0.00117921 0.00382281 0.0102795 0.0290946 0.0794727 0.874842 
7.5001e-06 0.000165661 0.0012226 0.0144419 0.0401864 0.583259 0.0972553 0.14347 0.0168774 0.103115 
3.58216e-11 7.03818e-10 2.38672e-08 3.95071e-07 6.58177e-06 0.000350472 0.00138994 0.00816422 0.0415235 0.948565 
3.78694e-09 4.90625e-08 4.84963e-07 1.07065e-05 5.91985e-05 0.000599645 0.00220729 0.00685084 0.0330216 0.95725 
6.38456e-06 0.000133473 0.000491704 0.00598797 0.0119816 0.0258375 0.0507029 0.115624 0.729117 0.0601169 
3.38679e-08 6.51977e-07 1.27182e-05 0.00021633 0.00254878 0.0118104 0.0417115 0.745213 0.123122 0.0753649 
3.45968e-09 5.45917e-08 7.02214e-07 1.1456e-05 6.75803e-05 0.000614175 0.00281675 0.00705529 0.0221963 0.967238 
7.70196e-12 1.67226e-10 5.60525e-09 7.81111e-07 0.000158293 0.00214475 0.0152574 0.853533 0.0284248 0.100481 
1.78828e-06 4.08724e-05 0.000812215 0.0130516 0.0639721 0.684294 0.114301 0.0644346 0.0377428 0.0213482 
5.37677e-08 1.41885e-06 1.18984e-05 0.000602965 0.00247129 0.00745437 0.0151797 0.0407595 0.0867742 0.846745 
1.9662e-10 4.04837e-09 1.83765e-07 2.82485e-06 3.14537e-05 0.00129816 0.00347517 0.0271865 0.891271 0.0767351 
2.44665e-08 4.9276e-07 9.78671e-06 0.000568428 0.00236191 0.0063205 0.021851 0.707999 0.135737 0.125151 
4.91583e-08 1.04108e-06 8.06702e-06 0.000741476 0.00129933 0.00448407 0.184089 0.172969 0.573762 0.0626457 
1.7686e-09 2.97919e-08 4.02018e-07 7.84187e-06 6.11729e-05 0.00137711 0.00422198 0.432489 0.478954 0.0828887 
7.03446e-07 1.82525e-05 0.000157581 0.00204459 0.00878807 0.0231478 0.0464714 0.0941004 0.746548 0.0787233 
5.04566e-09 1.203e-07 6.68157e-06 2.99234e-05 0.000424884 0.00132239 0.00528571 0.0112353 0.0202117 0.961483 
5.19436e-08 1.13054e-06 7.10447e-06 0.000132486 0.000861683 0.00494678 0.00971147 0.0337203 0.813672 0.136947 
4.31107e-07 8.55657e-06 0.000322261 0.00387456 0.0172418 0.0474889 0.0896978 0.728643 0.0672667 0.0454556 
3.86078e-07 8.3419e-06 7.26082e-05 0.00139971 0.0536488 0.130979 0.114246 0.570654 0.086826 0.0421651 
8.95443e-11 1.85644e-09 3.44407e-08 5.41915e-07 1.27654e-05 8.19593e-05 0.00012365 0.000598501 0.00751164 0.991671 
0.000997014 0.0162094 0.494991 0.086492 0.281513 0.0635602 0.0324014 0.013788 0.00924367 0.000804045 
8.67121e-08 1.90653e-06 2.80116e-05 0.000812482 0.00345729 0.00990021 0.0266884 0.0615057 0.824428 0.0731779 
2.37231e-09 4.68347e-08 2.49215e-06 1.52207e-05 0.000180395 0.000477617 0.00268722 0.0055025 0.00870877 0.982426 
1.04699e-10 2.1399e-09 7.04515e-08 1.20882e-06 1.66833e-05 0.000763863 0.00293443 0.0122339 0.0487489 0.935301 
7.51097e-13 1.57055e-11 1.47838e-10 2.76165e-08 9.89503e-07 0.000284587 0.0018074 0.0148454 0.955742 0.0273197 
3.33476e-11 6.91933e-10 3.16527e-08 5.32636e-07 6.71732e-06 0.000356053 0.00140907 0.00999103 0.938353 0.0498832 
3.00435e-07 7.42734e-06 9.61948e-05 0.000821263 0.00535532 0.0234201 0.047827 0.738571 0.119024 0.0648776 
2.19997e-08 4.42243e-07 5.44101e-06 0.000145987 0.00141084 0.00465746 0.0166383 0.047701 0.806987 0.122453 
2.18173e-13 4.67164e-12 8.83619e-11 7.15521e-09 2.30423e-07 1.48129e-05 0.000693875 0.0145558 0.931505 0.0532299 
2.97779e-13 6.31337e-12 8.44233e-11 5.79494e-09 6.06515e-07 4.532e-05 0.000482971 0.00832888 0.0495467 0.941596 
5.21786e-08 1.16573e-06 4.8297e-05 0.000961995 0.00197416 0.00670701 0.122439 0.616712 0.0799329 0.171223 
5.64587e-09 9.12851e-08 1.05323e-06 2.50357e-05 0.0007928 0.00263837 0.0086262 0.769123 0.106062 0.112732 
