7013
2.91093e-09 4.42419e-08 4.75137e-07 2.56407e-05 0.00025777 0.00147268 0.00541631 0.0170465 0.0293963 0.946384 
5.35087e-12 1.16693e-10 1.03077e-08 1.98675e-07 1.19714e-06 8.97703e-05 0.0011827 0.00563747 0.0207878 0.972301 
7.81492e-13 1.52504e-11 6.19759e-10 2.04851e-08 3.19167e-07 1.08689e-05 0.000725018 0.00233155 0.00937283 0.987559 
2.22378e-07 5.77673e-06 0.000120677 0.00450851 0.0216246 0.0578266 0.889832 0.0212598 0.00418045 0.000641042 
4.06169e-11 9.35893e-10 3.30326e-08 1.37012e-06 0.000106142 0.00133187 0.00608047 0.0213194 0.925433 0.0457281 
2.31897e-13 5.02566e-12 4.57733e-10 8.64212e-09 8.47607e-08 6.92635e-06 0.0001815 0.00156302 0.00305555 0.995193 
2.25665e-07 5.89397e-06 0.000248473 0.00402338 0.0159682 0.0397281 0.0505854 0.882788 0.00600626 0.000646352 
3.36648e-09 4.99781e-08 5.25807e-07 2.72923e-05 0.000248903 0.00156114 0.00545414 0.0190858 0.945687 0.0279347 
2.51187e-17 5.61724e-16 1.01223e-14 5.51239e-12 1.20428e-09 8.63183e-08 5.03394e-06 0.000589548 0.496216 0.503189 
2.49745e-07 6.5346e-06 0.000204167 0.00468571 0.0117055 0.0253295 0.0356277 0.906975 0.0131886 0.00227708 
7.69491e-07 2.43822e-05 0.000846933 0.00638118 0.0242589 0.0457524 0.893014 0.0274017 0.00229697 2.30907e-05 
9.90968e-09 2.04042e-07 1.832e-06 0.000258814 0.000922623 0.0066303 0.0263094 0.92098 0.0306036 0.0142936 
9.30665e-07 5.29597e-05 0.00073698 0.0103079 0.0371152 0.88239 0.051742 0.0146928 0.0028914 6.97187e-05 
2.80392e-09 4.23726e-08 4.47202e-07 2.40201e-05 0.000276294 0.00138167 0.00616676 0.918659 0.0409408 0.0325505 
3.53956e-09 5.54443e-08 6.11038e-07 4.62944e-05 0.000264013 0.00209251 0.00825524 0.0258122 0.933575 0.0299541 
4.78876e-13 8.52332e-12 1.18719e-10 9.00529e-09 2.62798e-07 5.63483e-05 0.000541662 0.00428056 0.690124 0.304997 
6.72461e-09 1.33153e-07 9.03943e-07 0.000224639 0.00252285 0.908176 0.0343812 0.0222282 0.0184268 0.014039 
5.98327e-12 1.32099e-10 1.2076e-08 2.29932e-07 1.21053e-06 4.15512e-05 0.00142692 0.00638343 0.950617 0.04153 
2.31084e-09 3.57125e-08 3.71605e-07 2.08681e-05 0.000354088 0.00282442 0.0111009 0.925712 0.0399278 0.0200596 
7.09906e-34 1.13169e-29 8.35589e-26 7.0451e-22 7.17982e-18 4.60826e-14 2.21033e-10 3.06657e-05 0.000483519 0.999486 
8.46974e-13 1.45401e-11 3.50631e-10 1.38979e-08 3.19984e-07 5.95582e-05 0.000451318 0.00441174 0.965987 0.0290896 
6.69307e-12 1.49292e-10 8.78406e-09 5.45667e-07 0.000187967 0.0019869 0.00975119 0.937943 0.0293897 0.0207406 
4.43211e-06 0.000107562 0.000514243 0.00581862 0.0302187 0.895603 0.0460281 0.0169852 0.00451523 0.000205258 
5.66018e-06 0.000125192 0.000143194 0.00868443 0.856236 0.0465001 0.0461689 0.0254064 0.0115237 0.00520673 
2.17031e-09 5.21678e-08 3.4871e-07 4.16434e-05 0.000211478 0.00154973 0.00633479 0.0220316 0.948211 0.0216194 
8.27688e-09 1.86849e-07 1.03316e-05 0.00286327 0.859453 0.0347534 0.0365411 0.0274321 0.0237781 0.0151684 
5.8046e-12 1.29058e-10 9.44169e-09 2.42178e-07 2.31492e-06 0.0002734 0.00195821 0.00843714 0.210968 0.77836 
1.41373e-15 3.21487e-14 1.84323e-12 1.02797e-10 1.76936e-08 7.17454e-07 7.55349e-05 0.000587828 0.00485011 0.994486 
2.4798e-10 5.59996e-09 5.84518e-08 5.42861e-06 0.000140117 0.00119945 0.00686316 0.0236974 0.936531 0.0315634 
3.02304e-09 7.26364e-08 8.2522e-07 0.000121144 0.00026706 0.00255363 0.00881069 0.0199437 0.0277082 0.940595 
2.62587e-12 5.47053e-11 3.70533e-09 8.30695e-08 8.79772e-07 7.47165e-05 0.00112839 0.005197 0.0184692 0.97513 
8.50345e-13 1.70496e-11 1.12586e-09 2.57073e-08 2.93678e-07 6.61807e-05 0.000640609 0.0018455 0.00456028 0.992887 
4.83843e-12 1.04067e-10 8.48607e-09 1.72973e-07 1.17679e-06 0.000106208 0.00130934 0.00411101 0.96281 0.031662 
5.58964e-12 1.23495e-10 8.3666e-09 2.36937e-07 1.51735e-06 0.000118231 0.00142915 0.00572665 0.0191102 0.973614 
4.84164e-09 9.08971e-08 1.03855e-06 0.00017783 0.000829295 0.00486673 0.906917 0.0451281 0.028411 0.0136692 
4.91105e-10 7.76706e-09 8.08708e-08 4.88597e-06 0.000120003 0.000551791 0.00357734 0.0127108 0.942216 0.040819 
3.29827e-05 0.00100764 0.0715338 0.338609 0.547409 0.03237 0.00764378 0.00113531 0.000254088 5.16242e-06 
1.73072e-09 2.51417e-08 2.78871e-07 1.33298e-05 0.000135603 0.00112795 0.00449536 0.0216133 0.932839 0.0397749 
5.88641e-09 1.20742e-07 7.13714e-07 7.72005e-05 0.000476324 0.00302864 0.00938781 0.0241858 0.937937 0.024906 
3.75328e-09 5.98574e-08 6.79708e-07 3.08282e-05 0.000651327 0.00452133 0.0177546 0.66783 0.292884 0.0163271 
3.97444e-08 9.88586e-07 9.42637e-06 0.00165723 0.00506708 0.0928547 0.774593 0.104082 0.0157521 0.00598364 
7.23852e-13 1.22645e-11 1.68446e-10 1.0239e-08 2.581e-07 7.30949e-05 0.000142663 0.000743524 0.00437196 0.994668 
1.61681e-17 3.59232e-16 3.33189e-15 2.62059e-12 4.28502e-11 6.19408e-08 9.56797e-08 0.000194108 0.748545 0.251261 
2.41396e-07 6.41312e-06 0.000195587 0.00411786 0.0153643 0.885569 0.0671264 0.0233206 0.00404002 0.000259753 
5.29712e-08 1.54526e-06 2.64306e-05 0.000873501 0.00406959 0.0153726 0.0357637 0.785545 0.149215 0.00913313 
7.86254e-09 1.93428e-07 1.34579e-06 0.000199529 0.000461844 0.00263044 0.00871403 0.0214189 0.0339299 0.932644 
5.98418e-09 1.56798e-07 9.11906e-06 0.000304199 0.00139127 0.0082498 0.0240663 0.932624 0.0235025 0.00985302 
1.06457e-07 2.99109e-06 6.57181e-05 0.00274734 0.0116723 0.387252 0.352681 0.240682 0.00445218 0.000444339 
3.04734e-13 4.84856e-12 6.00092e-11 3.65714e-09 1.51057e-07 3.17006e-05 0.000335868 0.00369116 0.972715 0.0232263 
6.39636e-09 1.33123e-07 7.68249e-07 0.000101985 0.000314686 0.00127092 0.00469426 0.0146397 0.938277 0.040701 
4.19398e-07 2.38267e-05 0.000337039 0.00492325 0.447313 0.386261 0.153021 0.00641421 0.00163468 7.16541e-05 
4.46279e-05 0.00176116 0.0121654 0.0279813 0.0615026 0.874127 0.0203825 0.00162779 0.000396117 1.15754e-05 
2.07583e-08 4.2781e-07 3.31668e-06 0.000682438 0.0018992 0.0115124 0.893971 0.0499915 0.0274301 0.0145099 
6.53639e-07 3.35548e-05 0.000450898 0.00738966 0.0256256 0.0484219 0.893662 0.0200122 0.00349634 0.000906898 
1.57696e-11 2.66016e-10 9.67346e-09 2.57514e-07 3.97372e-06 9.29857e-05 0.00124745 0.00378417 0.0111828 0.983688 
7.13158e-17 1.6206e-15 5.25996e-14 1.20393e-11 2.8515e-09 2.0904e-07 1.85228e-05 0.000149475 0.000650215 0.999182 
3.12032e-09 4.64829e-08 4.90841e-07 2.56566e-05 0.000251365 0.00140949 0.0051447 0.0183265 0.0323814 0.94246 
3.32317e-09 5.48913e-08 6.5142e-07 6.53738e-05 0.000300573 0.00226654 0.00851308 0.022595 0.0331961 0.933063 
1.50463e-12 3.34856e-11 1.40605e-09 2.3016e-07 9.26284e-05 0.0013544 0.215394 0.436143 0.34008 0.00693608 
5.53097e-11 1.24829e-09 1.77499e-08 1.24468e-06 6.28621e-05 0.000816529 0.0676826 0.118308 0.717759 0.0953696 
7.07844e-34 1.12918e-29 8.34045e-26 7.03909e-22 7.19888e-18 4.62506e-14 2.38956e-10 2.72612e-05 0.000258761 0.999714 
5.50217e-12 1.20335e-10 1.0618e-08 2.02725e-07 1.2895e-06 9.30205e-05 0.00139544 0.00682724 0.0252214 0.966461 
2.52263e-12 5.44288e-11 4.407e-09 9.06413e-08 7.75246e-07 5.40513e-05 0.00125054 0.00512085 0.0124471 0.981127 
7.21376e-35 5.67343e-31 3.51253e-27 2.72899e-23 2.41174e-19 3.22094e-15 4.73983e-12 1.09785e-06 0.000251061 0.999748 
2.63972e-07 8.02743e-06 0.000265658 0.00472693 0.0260148 0.0521604 0.895258 0.0156529 0.00462708 0.00128625 
7.81148e-17 1.74299e-15 2.45359e-14 1.32261e-11 9.34332e-10 2.45736e-07 1.36649e-06 0.000355794 0.00656343 0.993079 
2.7234e-05 0.00173252 0.00983178 0.0247404 0.0419979 0.902716 0.0175868 0.00124928 0.000116999 6.63553e-07 
6.97224e-11 1.57028e-09 2.17213e-08 1.55515e-06 1.66592e-05 0.00019136 0.0018122 0.00710641 0.0221875 0.968684 
7.39836e-09 1.81477e-07 1.39521e-06 0.000191561 0.000735537 0.0050962 0.017497 0.926404 0.0337137 0.01636 
7.0528e-09 1.41562e-07 9.62486e-07 0.000101407 0.000777665 0.00618146 0.463137 0.480786 0.0312015 0.0178137 
1.07222e-09 1.70233e-08 1.83743e-07 1.11899e-05 9.71526e-05 0.00110023 0.00413902 0.0115536 0.947403 0.0356961 
2.93468e-12 6.74114e-11 4.64138e-09 2.62253e-07 7.9083e-05 0.00182989 0.927788 0.0298331 0.0243556 0.0161144 
1.11129e-12 2.38273e-11 1.45335e-09 4.7091e-08 8.50961e-07 0.000140191 0.0012234 0.0593894 0.549119 0.390127 
3.39905e-12 7.62579e-11 7.09819e-09 1.35016e-07 6.89302e-07 2.37831e-05 0.000756677 0.00290871 0.0107019 0.985608 
6.11519e-08 1.75406e-06 1.55982e-05 0.00143222 0.00552168 0.018867 0.894816 0.0503327 0.0221159 0.00689668 
7.66458e-09 1.69814e-07 1.50976e-05 0.000726317 0.00869523 0.893722 0.0391733 0.0289656 0.0188541 0.0098485 
7.41901e-15 1.66824e-13 3.08908e-12 3.72898e-10 8.7426e-08 3.2517e-06 0.000258058 0.00243509 0.010617 0.986687 
5.43167e-08 1.51548e-06 1.91331e-05 0.00147361 0.00515031 0.0236088 0.931037 0.0272086 0.00964376 0.00185677 
7.90976e-14 1.53589e-12 2.03137e-11 2.68296e-09 4.67474e-08 3.49374e-06 0.000175299 0.000226346 0.00230631 0.997289 
1.0265e-12 2.31743e-11 2.32844e-09 4.21149e-08 2.38531e-07 3.96939e-06 0.000322619 0.00324804 0.974518 0.0219074 
1.37383e-12 2.6577e-11 1.00266e-09 4.94196e-08 8.85055e-07 0.00027234 0.00188401 0.00817136 0.0213167 0.968355 
7.90127e-06 0.000217719 0.00106423 0.0719886 0.712306 0.0784921 0.129133 0.00523353 0.00123268 0.000324129 
1.51833e-09 2.38772e-08 2.51021e-07 1.45482e-05 0.000223086 0.00144571 0.00708231 0.0236624 0.0379018 0.92967 
7.47896e-09 1.72203e-07 1.31877e-06 0.000184005 0.000388712 0.002616 0.00711233 0.0143482 0.489943 0.485407 
3.90247e-12 8.36355e-11 3.37304e-09 1.65502e-07 1.96563e-06 0.000425717 0.002854 0.0146444 0.956013 0.0260607 
5.54516e-07 2.4793e-05 0.000666396 0.00690411 0.023345 0.0526034 0.892225 0.0199908 0.00408036 0.000159237 
4.04942e-12 8.6961e-11 5.26101e-09 1.68233e-07 3.44126e-06 0.00065874 0.00312416 0.0164715 0.948662 0.0310798 
7.58718e-06 0.000209093 0.000981454 0.0689833 0.686916 0.0737919 0.125285 0.0416423 0.00183924 0.000344364 
5.6609e-12 1.25339e-10 1.10813e-08 2.32339e-07 1.55041e-06 0.000370573 0.00195244 0.010983 0.942056 0.0446366 
6.61004e-09 1.30828e-07 8.89779e-07 0.000180168 0.000868849 0.00606349 0.46139 0.28838 0.22722 0.0158966 
4.59903e-12 1.00798e-10 7.46907e-09 1.83332e-07 1.47472e-06 0.000260426 0.00154067 0.00649881 0.0212411 0.970457 
7.73847e-09 1.87917e-07 1.44353e-06 0.000241199 0.00071988 0.00394891 0.907336 0.0397062 0.0307016 0.0173447 
0.00021839 0.00837819 0.564355 0.311706 0.0840907 0.0212267 0.00842976 0.00137011 0.000217817 6.93594e-06 
7.70937e-14 1.25141e-12 1.52844e-11 8.61657e-10 5.79918e-08 4.34635e-05 8.25658e-05 0.00050646 0.00759384 0.991774 
1.86985e-09 4.00961e-08 2.18634e-06 0.000193991 0.00224832 0.21426 0.711456 0.0295595 0.0229147 0.0193652 
1.89504e-17 4.21122e-16 4.03501e-15 3.11703e-12 5.09472e-11 6.79453e-08 1.03439e-07 7.80163e-05 0.00062945 0.999292 
2.24213e-11 5.06739e-10 1.09589e-08 5.72505e-07 1.74855e-05 0.000398232 0.00217359 0.00803186 0.486719 0.50266 
3.03756e-07 7.47003e-06 0.000300925 0.00422869 0.019758 0.0314304 0.893578 0.0301378 0.0157472 0.00481143 
1.00124e-09 1.4643e-08 1.54154e-07 7.52268e-06 0.000109767 0.000674235 0.00252594 0.0154764 0.674551 0.306655 
5.32143e-17 1.21347e-15 4.17474e-14 4.67156e-12 1.38471e-10 3.09802e-08 1.01773e-06 4.00312e-05 0.00111054 0.998848 
2.83586e-09 4.2601e-08 4.47534e-07 2.39282e-05 0.000260159 0.00150215 0.00620783 0.0214431 0.947312 0.0232503 
3.35672e-09 8.08145e-08 8.45378e-07 9.53788e-05 0.000400857 0.00427895 0.0143834 0.926934 0.0344551 0.0194518 
1.52533e-16 3.41994e-15 8.61555e-14 5.46703e-11 1.97814e-08 6.13737e-07 5.00647e-06 0.00081445 0.0046062 0.994574 
1.12903e-07 2.77993e-06 9.39039e-05 0.00207903 0.0118455 0.875901 0.0619371 0.0342158 0.0111814 0.00274328 
2.73972e-09 4.03726e-08 4.30906e-07 2.20333e-05 0.000313801 0.0028582 0.0150901 0.930053 0.0301093 0.0215531 
1.81332e-09 3.64618e-08 6.05252e-07 4.31804e-05 0.000196095 0.00118583 0.00652056 0.0178944 0.939698 0.0344616 
1.19039e-09 2.15602e-08 2.15993e-07 1.29327e-05 0.000921274 0.0049318 0.0267709 0.91442 0.0326517 0.0202916 
2.59418e-09 3.81431e-08 4.09564e-07 2.04987e-05 0.000170066 0.00112203 0.0038172 0.015796 0.946756 0.0323176 
2.01773e-12 4.55381e-11 4.37577e-09 8.20972e-08 4.87837e-07 6.8614e-06 0.000941748 0.00302795 0.00879516 0.987228 
1.33847e-07 3.35005e-06 0.000158148 0.00256826 0.0134003 0.60919 0.369273 0.00440334 0.000962011 4.09386e-05 
5.20918e-09 1.13362e-07 8.13811e-07 0.000133427 0.000540317 0.00326909 0.0112363 0.109994 0.861716 0.01311 
6.7698e-13 1.23028e-11 1.62667e-10 1.28012e-08 2.93127e-07 1.35873e-05 0.000292599 0.00222258 0.969155 0.028316 
3.4089e-13 5.19113e-12 5.93642e-11 3.27848e-09 5.28707e-08 8.91889e-06 2.46041e-05 0.000326624 0.00426116 0.995379 
1.79913e-08 4.72406e-07 4.85476e-06 0.000350983 0.00170343 0.00909798 0.0283162 0.0540407 0.894782 0.0117029 
3.118e-12 7.02486e-11 5.06946e-09 1.4535e-07 1.39665e-06 0.000524163 0.00393819 0.0167995 0.959457 0.0192799 
2.61144e-09 3.90799e-08 4.0718e-07 2.17338e-05 0.000228262 0.00135452 0.00477966 0.0155091 0.93821 0.0398965 
4.28858e-13 8.14779e-12 2.74357e-10 1.03051e-08 1.78826e-07 9.94366e-06 0.00031552 0.00138187 0.986242 0.0120502 
5.34189e-11 9.09541e-10 1.79759e-08 8.12474e-07 1.58889e-05 0.000300478 0.00166306 0.00805215 0.849498 0.140469 
8.58534e-34 1.36977e-29 1.01179e-25 8.53975e-22 8.73598e-18 5.61282e-14 2.79547e-10 3.63019e-05 0.000509892 0.999454 
2.48755e-09 3.96288e-08 4.15831e-07 2.15513e-05 0.000584794 0.0031199 0.01047 0.0314236 0.933938 0.0204413 
6.23048e-09 1.75529e-07 2.05117e-06 9.15942e-05 0.00060025 0.00257899 0.00569628 0.226843 0.757925 0.0062623 
2.6194e-08 7.45174e-07 1.05959e-05 0.000581639 0.00272536 0.0135896 0.0308391 0.0434791 0.897718 0.0110556 
4.36234e-12 9.67208e-11 8.92537e-09 1.7196e-07 9.37725e-07 1.69132e-05 0.00113899 0.00580245 0.0180575 0.974983 
7.28694e-13 1.349e-11 2.58573e-10 1.71925e-08 4.27522e-07 5.7698e-05 0.00101237 0.00399556 0.0149561 0.979978 
1.78228e-13 3.47306e-12 5.19586e-11 3.51713e-09 1.09496e-07 4.38772e-06 8.31548e-05 0.00101958 0.00820646 0.990686 
4.85819e-08 1.53106e-06 2.59357e-05 0.00117948 0.00388522 0.0133172 0.686125 0.28543 0.00858973 0.00144611 
9.00732e-14 2.0014e-12 1.86451e-11 1.4581e-08 2.41844e-07 0.000339272 0.000145999 0.0040804 0.986502 0.00893234 
4.91067e-12 1.10773e-10 1.04577e-08 2.08848e-07 1.33561e-06 0.000302168 0.00221417 0.0133139 0.955598 0.0285703 
2.86065e-08 6.38401e-07 1.13931e-05 0.00123444 0.00253731 0.0204434 0.903246 0.043477 0.0199539 0.00909543 
1.73421e-09 2.77185e-08 2.96489e-07 1.45679e-05 0.000540336 0.00419868 0.92125 0.0347076 0.0247343 0.0145544 
6.70159e-12 1.5202e-10 1.2108e-08 3.04417e-07 2.33917e-06 0.000573027 0.00310682 0.0165066 0.958259 0.021552 
9.18223e-09 2.03037e-07 1.20636e-05 0.000665198 0.00254715 0.0221317 0.904127 0.0324898 0.022612 0.0154153 
3.95123e-08 1.01621e-06 1.74548e-05 0.00185768 0.010757 0.0466127 0.88095 0.0325639 0.0171583 0.0100816 
8.86694e-09 2.39078e-07 3.48264e-06 0.000196148 0.000684314 0.0042941 0.0115676 0.449988 0.524699 0.00856702 
1.74619e-08 4.77032e-07 9.21331e-06 0.000254863 0.00108887 0.00651379 0.0194155 0.0374714 0.91905 0.0161955 
0.000123566 0.00203184 0.00797548 0.0301718 0.907458 0.0401214 0.0116051 0.000505282 7.83137e-06 9.26696e-08 
3.67256e-12 7.86978e-11 6.54802e-09 1.30037e-07 7.68602e-07 2.22582e-05 0.000755719 0.00242225 0.00760397 0.989195 
1.28266e-08 3.30605e-07 2.50031e-06 0.000286542 0.00139663 0.00621869 0.0194887 0.920944 0.0333915 0.018271 
4.10133e-08 1.12584e-06 1.524e-05 0.00118601 0.00336988 0.0116779 0.0267045 0.923857 0.023974 0.00921388 
5.12051e-08 1.4646e-06 2.58791e-05 0.000849444 0.00338213 0.0116032 0.0217343 0.907576 0.0358934 0.0189337 
1.07991e-09 2.41935e-08 2.72384e-07 5.83122e-05 0.00019414 0.000593014 0.00347825 0.0113432 0.949371 0.0349621 
2.46253e-36 1.70907e-32 1.00317e-28 7.26579e-25 5.47075e-21 9.41082e-17 1.00557e-13 1.92237e-06 0.000173567 0.999825 
1.64081e-09 4.06642e-08 8.0881e-07 6.50888e-05 0.000776619 0.00509496 0.0215424 0.925901 0.03071 0.0159088 
4.90679e-07 1.13946e-05 0.000195945 0.00881384 0.852637 0.0566385 0.0485675 0.0226878 0.00855498 0.00189299 
1.53957e-16 3.42472e-15 3.88386e-14 2.86067e-11 2.54135e-09 5.67902e-07 4.18939e-06 0.000585784 0.00862599 0.990783 
6.3465e-18 1.41036e-16 1.35597e-15 1.04557e-12 1.74358e-11 2.4167e-08 1.97654e-07 0.000103883 0.00276604 0.99713 
6.20503e-13 1.1489e-11 1.57877e-10 1.32398e-08 2.91021e-07 2.14465e-05 0.000807993 0.00392011 0.981089 0.0141613 
4.26224e-10 1.23699e-08 3.76501e-07 1.04484e-05 0.000133317 0.00199489 0.00758223 0.0232205 0.941373 0.0256857 
5.03225e-13 1.0753e-11 7.06134e-10 1.84338e-08 2.20967e-07 3.16831e-05 0.000464315 0.00139817 0.00800461 0.990101 
1.39905e-15 3.2098e-14 1.21544e-12 1.37638e-10 2.18742e-08 1.25543e-06 0.000143811 0.000862126 0.00369587 0.995297 
1.73699e-09 2.67533e-08 2.81081e-07 1.58103e-05 0.000167327 0.000863628 0.00375713 0.0106855 0.0202146 0.964296 
1.46473e-10 3.31011e-09 3.88103e-08 3.35759e-06 0.000105373 0.00105958 0.00546493 0.0216628 0.949731 0.0219733 
4.83436e-06 0.000120253 0.000221973 0.00400298 0.167782 0.0497894 0.023685 0.242369 0.507759 0.00426561 
9.38126e-14 2.11798e-12 2.12624e-10 3.829e-09 1.38143e-08 1.75678e-07 5.60678e-06 0.000285804 0.00450914 0.995199 
6.85758e-09 1.65822e-07 1.36229e-06 0.000241654 0.000570242 0.00430431 0.0167426 0.936766 0.0268066 0.0145672 
2.61504e-30 1.5545e-27 2.21045e-24 1.96166e-21 1.31815e-17 9.83924e-14 4.28397e-10 4.71145e-05 0.00145238 0.998501 
1.28733e-07 3.51232e-06 0.000102105 0.00285516 0.00963154 0.0312529 0.0537172 0.891523 0.00921186 0.00170259 
2.3155e-09 3.86423e-08 3.59331e-07 2.69618e-05 0.000206911 0.0012 0.00446651 0.0162083 0.959484 0.0184071 
2.52213e-07 8.09407e-06 0.000219957 0.00275197 0.0074709 0.0166181 0.0202646 0.0269303 0.920228 0.00550749 
1.0595e-08 2.83523e-07 2.06174e-06 0.000231816 0.00133874 0.00694699 0.019499 0.0330364 0.925969 0.0129758 
7.78047e-08 1.73938e-06 6.51018e-05 0.00276685 0.0101804 0.874527 0.062401 0.0315589 0.0127145 0.00578473 
1.83783e-09 2.80579e-08 2.9927e-07 1.54784e-05 0.000230493 0.0015989 0.00780101 0.635281 0.338375 0.0166969 
3.17371e-09 7.84812e-08 5.53721e-07 6.71006e-05 0.000414261 0.00243529 0.00870739 0.0237144 0.945564 0.0190964 
3.97268e-09 1.02481e-07 9.33518e-07 9.20287e-05 0.000221716 0.00363936 0.0154243 0.926056 0.0334981 0.0210672 
5.11098e-16 1.17621e-14 4.70456e-13 5.33164e-11 1.17016e-08 4.44956e-07 4.05629e-05 0.000366118 0.00315428 0.996439 
1.66096e-07 5.79552e-06 0.00169891 0.83349 0.0381012 0.0503678 0.0458576 0.0213921 0.00737505 0.00171175 
1.77504e-12 4.00489e-11 3.87493e-09 7.92256e-08 4.84238e-07 0.00016707 0.00103805 0.380481 0.37428 0.244033 
3.47466e-08 7.72779e-07 3.45542e-05 0.000967504 0.00509798 0.192654 0.015296 0.569552 0.20236 0.0140373 
2.78505e-08 6.83128e-07 1.14936e-05 0.000997213 0.00235486 0.0114754 0.296747 0.674625 0.0116913 0.00209693 
2.16122e-15 4.87287e-14 7.89646e-13 5.0968e-11 2.24502e-09 5.41556e-08 1.09451e-05 0.000117187 0.00258287 0.997289 
2.0564e-12 4.09623e-11 2.30225e-09 5.83511e-08 5.57799e-07 1.28477e-05 0.000616494 0.00337308 0.0158298 0.980167 
1.90694e-08 5.33394e-07 9.3465e-06 0.000379301 0.0015814 0.00736987 0.0205861 0.042992 0.909489 0.0175927 
1.09506e-09 1.69282e-08 1.8598e-07 1.03432e-05 0.000235489 0.00219871 0.0129075 0.0366482 0.923508 0.0244911 
2.86249e-09 4.29844e-08 4.92794e-07 2.43656e-05 0.000363949 0.00199957 0.00943894 0.0199559 0.0295417 0.938675 
1.24452e-08 2.78257e-07 5.76945e-06 0.00045018 0.00115334 0.0716569 0.177775 0.644076 0.0542347 0.0506474 
2.86743e-05 0.000989113 0.0056248 0.220456 0.717354 0.0492851 0.00553912 0.000537149 0.00018375 1.56189e-06 
5.38377e-11 1.21516e-09 2.05422e-08 1.31244e-06 7.49579e-05 0.000312122 0.00251538 0.00753465 0.0163396 0.973222 
3.78049e-09 5.67186e-08 6.246e-07 3.1535e-05 0.000302565 0.00220615 0.00909599 0.919085 0.0422898 0.0269883 
1.14743e-17 2.54974e-16 2.42455e-15 1.87949e-12 3.10677e-11 4.43859e-08 5.70836e-08 3.12276e-05 0.000633941 0.999335 
4.74196e-08 1.16747e-06 2.12542e-05 0.0017677 0.00310927 0.0160636 0.481975 0.480926 0.0124788 0.00365629 
3.97275e-08 1.05248e-06 1.17021e-05 0.00119518 0.00327018 0.0139838 0.0329516 0.913328 0.0247329 0.0105251 
1.05331e-18 2.34032e-17 2.17404e-16 1.70712e-13 2.80749e-12 4.15944e-09 4.46747e-09 5.52572e-05 0.00146375 0.998481 
1.08719e-13 2.17287e-12 2.39544e-11 1.12354e-08 2.1937e-07 0.000148901 0.000505801 0.00558236 0.97052 0.023243 
3.92395e-06 0.000151753 0.000582527 0.00269813 0.00789441 0.0238235 0.943108 0.0178366 0.00361476 0.000285934 
1.01996e-09 1.49122e-08 1.6223e-07 7.84791e-06 6.11838e-05 0.00031119 0.00106518 0.00305098 0.1528 0.842703 
1.44048e-07 3.31911e-06 8.97113e-05 0.00449434 0.0181963 0.0501143 0.876964 0.0294581 0.0144082 0.00627173 
5.31896e-09 1.09815e-07 6.93168e-07 5.75578e-05 0.000303561 0.00131482 0.00478571 0.0138107 0.0254094 0.954317 
2.57223e-09 3.79761e-08 4.05981e-07 2.06294e-05 0.000217053 0.00186589 0.00783264 0.0283412 0.93818 0.0235426 
4.66225e-08 1.11766e-06 1.03574e-05 0.000968685 0.0042943 0.0145457 0.0376803 0.909097 0.0250878 0.00831418 
1.4328e-24 1.97705e-22 3.90665e-19 7.04917e-17 1.62234e-14 9.91953e-11 2.44917e-10 3.14618e-06 0.000199124 0.999798 
3.48616e-10 5.07862e-09 5.78494e-08 2.70605e-06 2.14416e-05 0.000152118 0.000821912 0.00273538 0.0130454 0.983221 
3.41131e-09 6.42728e-08 4.05903e-07 5.08387e-05 0.000235212 0.000945497 0.00335073 0.0121596 0.960739 0.0225183 
1.19458e-08 3.37067e-07 3.86033e-06 0.000360842 0.000824809 0.00570895 0.0141299 0.0298229 0.921804 0.0273448 
1.11338e-09 1.60989e-08 1.74103e-07 8.25685e-06 4.95557e-05 0.000208628 0.00143915 0.00564197 0.0210756 0.971577 
2.31649e-15 5.31511e-14 2.06193e-12 2.93951e-10 6.6241e-08 2.76091e-06 0.000208197 0.0022135 0.0111962 0.986379 
2.6225e-11 5.31143e-10 6.25497e-08 0.000167613 0.000715819 0.886399 0.0433684 0.027697 0.0208533 0.0207989 
1.51848e-12 3.42731e-11 3.3697e-09 6.2957e-08 3.04769e-07 5.29954e-05 0.000265665 0.00278025 0.978896 0.0180046 
7.38643e-09 1.79047e-07 1.55274e-06 0.000256371 0.000370095 0.00249708 0.00825844 0.0164353 0.0286058 0.943575 
5.59082e-25 7.85713e-23 1.5416e-19 2.81627e-17 6.45045e-15 3.95477e-11 8.09115e-10 5.05077e-05 0.00226213 0.997687 
1.2151e-08 2.55752e-07 1.95964e-06 0.000310749 0.000851567 0.00385649 0.0117271 0.0246111 0.902462 0.0561789 
9.25833e-13 1.71717e-11 4.66867e-10 1.97906e-08 3.96417e-07 6.56243e-05 0.000690321 0.00167066 0.00883674 0.988736 
2.30112e-09 3.49365e-08 3.71251e-07 2.00668e-05 0.000243165 0.000998147 0.00441682 0.0130087 0.948988 0.0323243 
2.01948e-09 2.93027e-08 3.20942e-07 1.53331e-05 0.000119084 0.0007448 0.00372389 0.013175 0.0299895 0.952232 
1.97519e-05 0.000601972 0.00402188 0.0152848 0.925682 0.0402923 0.0126826 0.00128851 0.000124927 1.24036e-06 
9.08043e-09 1.95308e-07 1.20279e-05 0.000581327 0.00259742 0.0231782 0.899404 0.0391964 0.022367 0.0126631 
8.18162e-18 1.81786e-16 1.68732e-15 1.32608e-12 2.2173e-11 3.0981e-08 8.014e-08 7.89898e-05 0.00283141 0.997089 
1.25949e-10 2.84363e-09 3.02871e-08 2.76574e-06 0.000100056 0.000618883 0.00369802 0.00872407 0.0176746 0.969182 
2.06045e-05 0.000456377 0.00065738 0.011779 0.0352277 0.890297 0.0377855 0.0160466 0.00655043 0.00117892 
8.239e-10 1.9154e-08 1.54175e-07 1.53616e-05 0.000276519 0.00371539 0.0154181 0.9311 0.0317497 0.0177249 
3.71292e-16 8.39248e-15 4.69466e-13 1.8768e-11 2.3733e-09 8.13431e-08 2.19794e-06 0.000114477 0.00245023 0.997433 
6.20048e-12 1.3084e-10 8.95351e-09 2.24097e-07 1.40222e-06 4.18544e-05 0.00131882 0.00548643 0.0151179 0.978033 
4.24825e-09 1.08386e-07 7.98437e-07 7.62498e-05 0.000242312 0.0022772 0.00899413 0.0207307 0.0282694 0.939409 
4.82161e-12 1.05561e-10 9.44783e-09 1.80792e-07 1.05625e-06 6.27845e-05 0.00130747 0.00388355 0.0105719 0.984173 
5.5648e-05 0.00100195 0.010663 0.209711 0.755963 0.0196228 0.00278049 0.000127635 7.34927e-05 3.72841e-07 
1.88688e-10 4.25668e-09 3.48108e-08 3.96139e-06 0.00012245 0.000838126 0.00443886 0.0130438 0.0278888 0.953664 
4.3963e-07 2.13085e-05 0.000459976 0.0051933 0.0166606 0.877612 0.0686742 0.0264075 0.0046279 0.000342867 
2.34023e-09 3.38669e-08 3.58169e-07 1.74062e-05 0.000114171 0.00060807 0.00257724 0.15587 0.0209824 0.81983 
0 0 0 0 0 0 0 0 9.26057e-05 0.999907 
3.38936e-09 4.95969e-08 5.31282e-07 2.63999e-05 0.000268113 0.00158072 0.00594805 0.0220538 0.941305 0.0288172 
1.48863e-08 4.16717e-07 3.4447e-06 0.00037924 0.00122497 0.00358816 0.00922555 0.014487 0.915597 0.0554939 
5.93101e-09 1.20944e-07 6.69513e-07 7.59033e-05 0.000461619 0.00162146 0.00669119 0.0176891 0.905127 0.0683327 
1.42806e-10 3.21946e-09 2.89014e-08 2.94413e-06 7.50244e-05 0.000260225 0.00169299 0.0050541 0.0178697 0.975045 
5.35899e-12 1.18396e-10 1.11771e-08 2.08253e-07 1.0067e-06 0.000150138 0.00257941 0.0113466 0.957342 0.0285803 
7.21194e-08 1.86056e-06 2.8708e-05 0.00223133 0.0136211 0.873227 0.0510776 0.0414205 0.0145005 0.00389135 
3.18526e-09 4.798e-08 4.98434e-07 2.69956e-05 0.000227175 0.00168683 0.0061646 0.913405 0.0509355 0.0275537 
1.71482e-09 3.7829e-08 5.42381e-07 9.62939e-05 0.000338103 0.00408893 0.0177898 0.927955 0.0302214 0.0195103 
2.75659e-08 1.11131e-06 2.76949e-05 0.00034903 0.00166913 0.00627993 0.0251325 0.0731676 0.777591 0.115782 
2.21014e-09 3.27901e-08 3.53195e-07 2.04501e-05 0.0026794 0.889973 0.024445 0.0320022 0.0303862 0.0204931 
1.25972e-14 2.16524e-13 3.0113e-12 2.36011e-10 1.45215e-08 1.04487e-06 1.12364e-05 0.000926861 0.493909 0.505152 
5.16255e-12 1.14655e-10 7.51745e-09 2.29212e-07 1.46763e-06 2.86274e-05 0.00126324 0.00718905 0.0221404 0.969377 
2.40046e-09 3.59228e-08 3.83795e-07 2.01003e-05 0.000220544 0.00153566 0.00616148 0.0245195 0.9432 0.0243419 
4.62242e-14 1.04374e-12 1.05028e-10 1.91652e-09 8.13006e-09 3.63336e-07 9.40462e-06 0.000331909 0.00557847 0.99408 
4.18132e-09 7.40147e-08 5.54056e-07 6.25771e-05 0.000574655 0.00311029 0.00995574 0.0277212 0.035754 0.922821 
2.43668e-44 4.531e-40 2.07108e-35 1.25265e-30 2.69547e-26 2.90647e-22 1.71115e-16 7.44285e-08 0.000103268 0.999897 
2.83431e-09 4.21529e-08 4.48495e-07 2.34523e-05 0.000255814 0.00168357 0.00676101 0.0214147 0.0405214 0.92934 
2.14235e-08 6.17449e-07 1.09008e-05 0.000304571 0.00140574 0.0106233 0.627542 0.329188 0.0208627 0.0100623 
1.84723e-10 4.16786e-09 4.30345e-08 4.04468e-06 0.000125874 0.00120223 0.00549536 0.0222131 0.937377 0.0335824 
4.3276e-09 1.06562e-07 7.46174e-07 8.80101e-05 0.000538816 0.00475926 0.0164289 0.908706 0.0444202 0.0250582 
2.73244e-12 5.8601e-11 4.74936e-09 9.69906e-08 7.16084e-07 4.39412e-05 0.00107042 0.00364296 0.967464 0.0277783 
6.84924e-09 1.41489e-07 1.11503e-06 8.16739e-05 0.000437098 0.00207162 0.00743406 0.0199209 0.0351058 0.934948 
6.45594e-07 3.51263e-05 0.00044445 0.00833645 0.0306108 0.747354 0.202761 0.00804089 0.00229563 0.000121182 
5.20221e-12 1.17427e-10 1.16017e-08 2.12752e-07 9.8187e-07 9.61837e-06 0.0011584 0.00505858 0.0169939 0.976778 
0 0 0 0 0 0 0 0 3.5733e-05 0.999964 
5.20942e-12 1.1249e-10 6.69219e-09 2.64201e-07 1.14273e-05 0.000912366 0.00622237 0.953659 0.021909 0.0172854 
3.12552e-12 7.05392e-11 6.9623e-09 1.32084e-07 6.31817e-07 6.34662e-05 0.000476595 0.00457003 0.973613 0.0212761 
1.47953e-09 2.28665e-08 2.43625e-07 1.41994e-05 0.000248898 0.00198738 0.0081067 0.0295397 0.933153 0.0269501 
4.47672e-07 1.98991e-05 0.000551571 0.00519739 0.0170651 0.0316354 0.899717 0.03626 0.00888474 0.000668117 
2.67802e-12 5.64186e-11 4.39704e-09 9.00834e-08 7.48767e-07 7.50206e-05 0.00100566 0.00514202 0.0175144 0.976262 
2.79397e-09 4.05198e-08 4.42671e-07 2.10994e-05 0.000145451 0.000693413 0.00312336 0.0096475 0.0257147 0.960654 
3.75089e-12 8.1601e-11 7.16372e-09 1.39392e-07 7.03113e-07 3.88682e-05 0.000772443 0.00183158 0.00498939 0.992367 
2.4259e-08 6.57347e-07 1.07125e-05 0.000527436 0.00196536 0.0136985 0.903231 0.0490568 0.0227665 0.00874298 
4.2607e-15 6.2982e-14 7.08344e-13 4.71306e-11 5.77766e-10 3.9538e-07 2.55398e-06 0.000455787 0.00594158 0.9936 
4.61707e-10 6.68376e-09 7.13112e-08 3.45045e-06 2.22907e-05 0.000209298 0.00151051 0.00579318 0.487057 0.505404 
0.000167336 0.00169066 0.00894024 0.0282918 0.0573296 0.87715 0.0235139 0.00250584 0.000402263 8.7936e-06 
3.04136e-15 6.84085e-14 7.04954e-13 1.16033e-10 2.40705e-08 7.14272e-07 9.96301e-06 0.00104741 0.00759513 0.991347 
4.20965e-08 1.0276e-06 1.82749e-05 0.00141582 0.00427953 0.0306213 0.905386 0.0362585 0.0149499 0.00706995 
7.65423e-13 1.26924e-11 2.22031e-10 1.07139e-08 3.0503e-07 9.35846e-05 0.000367529 0.00259979 0.731885 0.265054 
5.65293e-25 9.29578e-23 1.90341e-19 3.40992e-17 8.02518e-15 4.89827e-11 2.59125e-10 8.45517e-06 0.995301 0.00469032 
1.60401e-07 1.00411e-05 0.000183658 0.0017501 0.00723471 0.94724 0.0217501 0.0138374 0.00592753 0.0020666 
3.50686e-12 7.68067e-11 6.76892e-09 1.29261e-07 7.40584e-07 1.49225e-05 0.000647992 0.00416696 0.963007 0.0321618 
2.66874e-12 5.71468e-11 4.50749e-09 9.25106e-08 7.47439e-07 6.63811e-05 0.000738165 0.00296265 0.0125051 0.983727 
1.5748e-05 0.000370044 0.00630143 0.845964 0.0500271 0.0413089 0.0367298 0.0131751 0.00519744 0.000910563 
1.5607e-09 2.39753e-08 2.55436e-07 1.4248e-05 0.000192385 0.00147742 0.00508082 0.0192489 0.944352 0.029634 
0.000268055 0.00946379 0.869427 0.0690688 0.0349702 0.0144843 0.00208848 6.9549e-05 0.000158926 3.82769e-07 
7.41584e-09 1.84479e-07 1.07986e-06 0.000132568 0.000501281 0.00440989 0.0147827 0.911545 0.043337 0.0252899 
3.19735e-12 7.21756e-11 6.84882e-09 1.28498e-07 7.29424e-07 1.23053e-05 0.00100584 0.00403094 0.0118356 0.983114 
1.02557e-07 2.52079e-06 6.07678e-05 0.00388176 0.0143412 0.876366 0.0623215 0.0316517 0.00919812 0.0021765 
2.38209e-09 3.4673e-08 3.83008e-07 1.8396e-05 0.000123909 0.0007521 0.00272427 0.0112008 0.951636 0.0335439 
1.20298e-12 2.71593e-11 2.23219e-09 4.80218e-08 3.85412e-07 9.90534e-06 0.000732685 0.00168582 0.00611487 0.991456 
2.94009e-09 4.50668e-08 4.95421e-07 2.61254e-05 0.000284446 0.00245205 0.0111805 0.91812 0.041612 0.0263241 
9.26574e-10 1.38606e-08 1.58542e-07 7.98948e-06 5.85235e-05 0.000842585 0.0039197 0.0189775 0.0312698 0.944924 
0.000298119 0.0080987 0.0356282 0.0520478 0.884561 0.0174895 0.0015042 0.000242684 0.00012887 5.06463e-07 
6.64688e-09 1.61155e-07 1.29955e-06 0.000195926 0.00077527 0.0048023 0.0181264 0.486608 0.47766 0.0118306 
1.85415e-12 3.99416e-11 3.18694e-09 7.17038e-08 6.67094e-07 0.000234753 0.00182384 0.00953254 0.491717 0.496691 
3.34232e-34 5.33205e-30 3.93835e-26 3.32362e-22 3.39834e-18 2.18322e-14 1.17493e-10 1.22032e-05 0.000143184 0.999845 
9.53009e-09 2.32666e-07 1.46252e-06 0.000323311 0.000751124 0.00500614 0.0122226 0.0169489 0.0212956 0.943451 
1.35244e-09 2.85274e-08 6.22114e-07 1.61733e-05 0.000454572 0.0045313 0.0151411 0.917395 0.041538 0.0209231 
3.88069e-08 1.03212e-06 1.87853e-05 0.00105534 0.00281683 0.0162501 0.897464 0.0494678 0.0240391 0.00888726 
1.27126e-16 2.87087e-15 1.04039e-13 5.95822e-11 2.62758e-08 5.18478e-07 3.98955e-06 0.000885353 0.00476455 0.994346 
2.87874e-09 6.72279e-08 3.54246e-07 3.19346e-05 0.00039558 0.00390714 0.0192827 0.917958 0.0354425 0.0229814 
1.7784e-08 5.07805e-07 1.25667e-05 0.000452335 0.00151043 0.0078467 0.147032 0.721318 0.116978 0.0048496 
3.17337e-14 7.11947e-13 1.06109e-11 7.50767e-10 1.11531e-07 3.15707e-06 0.000420687 0.00130513 0.00451939 0.993752 
2.65714e-08 9.35013e-07 1.5433e-05 0.0004182 0.00283813 0.00997727 0.5269 0.133355 0.24728 0.0792142 
7.3166e-07 2.5161e-05 0.000373506 0.00574352 0.0299757 0.89692 0.0486353 0.0142728 0.00382628 0.000226512 
7.97365e-09 1.90383e-07 1.61942e-06 0.000259321 0.00103497 0.00892857 0.884891 0.0564684 0.0328464 0.0155696 
1.67621e-16 3.76013e-15 9.81634e-14 6.21516e-11 2.31263e-08 6.82563e-07 4.83383e-06 0.00110109 0.00832592 0.990567 
2.28936e-10 4.53153e-09 4.77979e-08 4.01471e-06 0.000118006 0.00178483 0.00881192 0.926224 0.036995 0.026062 
4.61471e-07 3.04633e-05 0.000361214 0.00310723 0.0116121 0.0962219 0.793386 0.09267 0.00247739 0.000133219 
1.70929e-07 4.15092e-06 0.000122746 0.00440442 0.0249151 0.884487 0.0518063 0.0215316 0.00919116 0.00353763 
5.70358e-12 1.24565e-10 1.10072e-08 2.11456e-07 1.28019e-06 9.32344e-05 0.00139255 0.0057047 0.0207015 0.972107 
1.3072e-14 2.95918e-13 6.84513e-12 5.96067e-10 7.59204e-08 3.07044e-06 0.000239357 0.00245014 0.0118555 0.985452 
3.6982e-12 8.18868e-11 3.95819e-09 1.1056e-07 2.34741e-06 4.34449e-05 0.000573632 0.00270437 0.613786 0.38289 
6.59391e-08 1.86396e-06 6.3299e-05 0.00090259 0.00374776 0.0129414 0.898526 0.0454967 0.0262637 0.0120568 
2.22427e-09 4.38475e-08 1.03151e-06 7.14659e-05 0.000355001 0.00381404 0.378825 0.486436 0.0831999 0.0472973 
5.50429e-18 1.22301e-16 1.14173e-15 8.93273e-13 1.49178e-11 2.31219e-08 4.76375e-08 1.89618e-05 0.00063424 0.999347 
5.2019e-15 1.17748e-13 2.52531e-12 2.84396e-10 5.01166e-08 1.88504e-06 0.000157089 0.00148413 0.00837893 0.989978 
2.37499e-09 5.94262e-08 5.54165e-07 4.88473e-05 0.000461488 0.00241261 0.0127483 0.924258 0.037501 0.0225696 
5.4384e-12 1.18261e-10 1.02269e-08 1.9964e-07 1.32431e-06 0.000102922 0.00163718 0.00713681 0.0240746 0.967047 
5.87117e-09 1.14564e-07 1.44742e-06 0.000212619 0.00050759 0.00337806 0.00941794 0.0202466 0.0297546 0.936481 
2.06404e-13 4.65968e-12 4.431e-10 8.48113e-09 1.40774e-07 4.15503e-06 0.000353031 0.00353283 0.0160096 0.9801 
9.24114e-11 1.37746e-09 2.29946e-08 8.45823e-07 6.27074e-06 8.80104e-05 0.00168563 0.00620353 0.0231854 0.96883 
7.679e-13 1.34006e-11 2.80705e-10 2.09711e-08 8.49758e-07 0.00012032 0.000366859 0.00134299 0.00360336 0.994566 
1.13037e-16 2.56446e-15 7.55187e-14 1.04957e-11 7.79166e-10 1.36796e-07 8.97034e-07 0.000316924 0.00184141 0.997841 
4.90775e-07 2.35741e-05 0.000534667 0.0128329 0.0495849 0.883583 0.0391702 0.0105261 0.00360155 0.000142425 
1.57142e-09 2.4976e-08 2.50605e-07 1.41802e-05 0.00015469 0.000857309 0.00391715 0.0112533 0.949871 0.0339318 
9.8648e-13 2.19748e-11 1.21975e-09 4.62808e-08 4.43094e-07 0.000120676 0.000583675 0.00380283 0.00992049 0.985572 
3.64224e-11 8.10617e-10 9.78635e-09 7.65141e-07 8.71398e-06 0.000213355 0.00161675 0.00712545 0.0224859 0.968549 
1.40065e-08 3.1064e-07 3.48913e-06 0.000632934 0.00180684 0.259255 0.578836 0.145045 0.0102239 0.00419626 
7.42883e-08 1.83855e-06 1.6937e-05 0.00222591 0.00658372 0.02193 0.0438863 0.788699 0.134825 0.00183132 
1.37322e-11 2.27482e-10 6.9609e-09 2.29723e-07 1.49218e-06 0.000105818 0.000867362 0.480194 0.492005 0.0268256 
3.46175e-16 7.85493e-15 3.59e-13 3.92321e-11 1.05465e-08 3.91101e-07 2.05011e-05 0.000531137 0.00553375 0.993914 
1.10364e-10 2.4901e-09 3.00785e-08 2.35314e-06 3.03676e-05 0.000349479 0.00227645 0.00977576 0.0232975 0.964268 
1.01394e-08 2.45192e-07 2.11053e-06 0.000394771 0.00099475 0.00663654 0.0215165 0.0362175 0.0308486 0.903389 
2.78934e-09 4.03626e-08 4.30502e-07 2.0742e-05 0.00013513 0.000582891 0.00235474 0.00821705 0.0230013 0.965688 
1.71785e-10 3.8806e-09 5.09505e-08 4.74067e-06 0.000272852 0.00903709 0.896634 0.0354466 0.0337992 0.0248056 
3.46169e-08 7.78246e-07 1.34995e-05 0.00137509 0.00500926 0.62466 0.342346 0.0183123 0.00587631 0.00240659 
1.98792e-13 4.47322e-12 1.73291e-10 1.88355e-08 3.59009e-07 0.000119773 0.00106052 0.00576497 0.972933 0.020121 
3.89659e-08 1.03409e-06 0.000101868 0.00108616 0.004005 0.0266019 0.911785 0.0328186 0.015747 0.0078538 
2.70235e-08 6.59164e-07 4.08149e-06 0.00111448 0.00143435 0.00954195 0.0258092 0.0358843 0.915211 0.0110004 
4.60134e-28 2.81761e-25 3.95035e-22 1.59782e-19 1.22542e-16 3.18385e-12 9.34523e-10 8.70414e-05 0.00309774 0.996815 
8.89961e-09 2.19137e-07 1.80152e-06 0.00026341 0.000617523 0.00380106 0.11067 0.0209577 0.839304 0.0243837 
3.43102e-12 7.74568e-11 7.78093e-09 1.39903e-07 5.10028e-07 3.25429e-06 0.00021382 0.000999277 0.00235408 0.996429 
2.61094e-09 3.78372e-08 4.08841e-07 1.98898e-05 0.000254541 0.00219651 0.00698452 0.0269948 0.932866 0.0306834 
2.50223e-10 4.80552e-09 4.46384e-08 4.09079e-06 0.000228009 0.00178435 0.00744376 0.0235543 0.944178 0.0228075 
0.000855821 0.0205754 0.886445 0.0522288 0.0226518 0.014894 0.00201396 0.000200162 0.000134349 4.49315e-07 
2.73854e-13 5.14367e-12 1.14164e-10 1.38036e-08 2.64568e-07 0.000184549 0.000518423 0.00492751 0.984267 0.0101017 
2.05565e-07 5.08966e-06 0.000126789 0.00533634 0.0252133 0.0592467 0.886682 0.0173746 0.00529278 0.000721827 
3.36718e-13 7.57813e-12 6.27854e-10 1.91352e-08 2.21077e-07 0.000134767 0.000269024 0.00420813 0.98543 0.00995752 
3.80521e-09 7.00436e-08 8.55008e-07 0.00012442 0.000325608 0.00273748 0.00766878 0.0215745 0.946574 0.0209943 
5.88862e-08 1.58392e-06 3.23292e-05 0.00165849 0.0052212 0.475293 0.313418 0.186738 0.0121825 0.005455 
1.98257e-10 4.4685e-09 5.03348e-08 4.11866e-06 0.000262386 0.00134225 0.00827476 0.0214465 0.943727 0.0249426 
6.43304e-28 3.69689e-25 5.0538e-22 1.63302e-19 1.51378e-17 1.06925e-13 3.33054e-11 2.82274e-08 9.23537e-05 0.999908 
7.34865e-11 1.60525e-09 2.03449e-08 1.66335e-06 0.00022498 0.00173643 0.00823404 0.0267875 0.938229 0.0247863 
1.79047e-12 4.03698e-11 3.89615e-09 7.77065e-08 4.56204e-07 0.00021278 0.00048535 0.00516068 0.982582 0.011559 
4.91575e-11 1.08442e-09 1.76941e-08 7.92909e-07 0.000278747 0.00203347 0.012314 0.921139 0.0355092 0.028725 
1.85729e-05 0.000791463 0.0044523 0.00643399 0.01938 0.0608805 0.884777 0.0182054 0.00490111 0.000159523 
1.12596e-08 2.81971e-07 8.1389e-06 0.000552227 0.000888428 0.00791931 0.0222974 0.489218 0.0208734 0.458242 
0.000319798 0.00548905 0.0231637 0.895992 0.0580012 0.0164015 0.00061276 1.94963e-05 4.32934e-07 5.73562e-09 
1.09595e-06 2.47213e-05 0.000129371 0.00292808 0.0134597 0.471914 0.417713 0.0890721 0.00386907 0.00088924 
4.05027e-10 6.27634e-09 7.39568e-08 3.83881e-06 3.35608e-05 0.000418112 0.0020059 0.00874199 0.333859 0.654938 
3.88232e-09 9.72921e-08 7.35615e-07 6.86474e-05 0.000221776 0.00125854 0.00517593 0.0143824 0.0251701 0.953722 
8.79033e-14 1.49063e-12 1.8208e-11 1.29587e-09 3.75149e-08 1.60026e-05 4.56628e-05 0.00151949 0.969511 0.0289073 
2.9926e-08 7.02035e-07 1.76232e-05 0.00163573 0.00255839 0.0190915 0.0446366 0.902489 0.0208897 0.00868106 
1.19963e-08 2.95487e-07 4.88364e-06 0.000564372 0.0037688 0.571808 0.0235081 0.393594 0.00525167 0.0014996 
1.23272e-28 7.97812e-26 1.16388e-22 5.15412e-20 1.95795e-17 1.1059e-13 1.89663e-11 3.43669e-06 6.19678e-05 0.999935 
3.55091e-08 9.38088e-07 1.36758e-05 0.000866925 0.00242918 0.0120941 0.0318738 0.0455468 0.902433 0.00474167 
3.13456e-05 0.00106852 0.223586 0.441583 0.164237 0.139013 0.0265978 0.00319013 0.000663401 3.02876e-05 
5.42695e-12 1.18592e-10 8.00417e-09 2.11618e-07 1.65225e-06 0.000169333 0.00160994 0.00576073 0.0187992 0.973659 
1.00509e-08 2.16354e-07 1.70622e-06 0.00029432 0.000954727 0.00390092 0.0130654 0.0252903 0.936316 0.020176 
1.56006e-05 0.000400784 0.00174195 0.0201119 0.0617742 0.866849 0.037927 0.00903817 0.00200853 0.00013305 
5.93591e-14 1.27032e-12 1.11766e-10 2.24893e-09 1.20181e-08 1.90107e-06 1.85168e-05 0.000136139 0.00169 0.998153 
2.64922e-05 0.00117939 0.00769807 0.0133896 0.0410036 0.899475 0.0309658 0.00491383 0.00132986 1.8002e-05 
1.9481e-09 2.83074e-08 3.12039e-07 1.49918e-05 0.000100804 0.000571434 0.00214273 0.00808837 0.0180859 0.970995 
4.68353e-08 1.32798e-06 3.90029e-05 0.00136206 0.00383799 0.0242558 0.0517653 0.890908 0.0187328 0.0090977 
2.5568e-07 6.48514e-06 0.000275754 0.00424631 0.0151324 0.0445663 0.0480465 0.878577 0.0076825 0.00146683 
4.99027e-13 8.7414e-12 1.18052e-10 7.82791e-09 3.37571e-07 0.000213551 0.000500786 0.00399263 0.0163729 0.97892 
1.9729e-09 2.95588e-08 3.13734e-07 1.65807e-05 0.000172463 0.00134361 0.00515318 0.0209899 0.946546 0.0257776 
6.09853e-16 1.38805e-14 4.9152e-13 1.32848e-10 2.92672e-08 1.18648e-06 4.64708e-05 0.00168187 0.00679591 0.991475 
9.90316e-11 2.23267e-09 1.85863e-08 2.08415e-06 7.20087e-05 0.000591123 0.00284355 0.0108604 0.0249645 0.960666 
3.1947e-10 5.93734e-09 7.66598e-08 4.84558e-06 0.000152477 0.00160633 0.0103564 0.937817 0.0295414 0.0205213 
8.92627e-09 2.14382e-07 2.28412e-06 0.000406542 0.00172371 0.0133485 0.917012 0.0379567 0.0196437 0.00990596 
