5560
3.02222e-11 6.69837e-10 1.61514e-08 5.46771e-07 4.8773e-06 0.0001412 0.00143977 0.00685913 0.0239272 0.967627 
6.90855e-12 1.52089e-10 1.73918e-09 9.22332e-08 8.3412e-07 1.52027e-05 0.000772385 0.00256295 0.0100389 0.98661 
2.92002e-07 9.01613e-06 0.000137534 0.00514836 0.0250081 0.0613644 0.873668 0.0255932 0.00722637 0.00184449 
5.27483e-12 1.18348e-10 1.36881e-09 6.13383e-08 4.72954e-07 8.25422e-06 0.000188989 0.00168151 0.00361346 0.994507 
3.35082e-09 4.98909e-08 5.2444e-07 2.73442e-05 0.000253146 0.00158037 0.00580022 0.0220156 0.937056 0.0332664 
2.51187e-17 5.61724e-16 1.01223e-14 5.51239e-12 1.20428e-09 8.63183e-08 5.03394e-06 0.000589548 0.496216 0.503189 
1.1034e-06 4.58216e-05 0.00194773 0.00974798 0.030515 0.0520592 0.873647 0.0286486 0.00334249 4.51681e-05 
1.78456e-08 3.82084e-07 2.48217e-06 0.00028572 0.00154461 0.0088964 0.030278 0.901332 0.03676 0.0209008 
1.15015e-06 7.28037e-05 0.000832863 0.0121435 0.0416992 0.868533 0.054059 0.0169323 0.00558502 0.000141428 
2.79649e-09 4.24009e-08 4.474e-07 2.40626e-05 0.000276362 0.00140891 0.00636306 0.91092 0.0433923 0.0376152 
1.52685e-08 3.51624e-07 3.15213e-06 0.000344442 0.000722464 0.00365391 0.0108533 0.0331149 0.916178 0.0351296 
7.97935e-12 1.74191e-10 1.51576e-09 1.0802e-07 9.55445e-07 6.41763e-05 0.000638687 0.00475218 0.688262 0.306282 
3.77326e-08 9.65722e-07 8.3426e-06 0.00104948 0.00363394 0.890695 0.0383743 0.0276042 0.0220671 0.0165663 
6.10915e-12 1.34508e-10 1.20969e-08 2.3413e-07 1.25312e-06 4.34161e-05 0.00145171 0.00645614 0.949947 0.0421007 
4.31763e-08 1.22149e-06 1.00961e-05 0.000885083 0.00248876 0.00597499 0.0162421 0.907834 0.0437552 0.0228087 
4.96932e-14 1.01067e-12 6.66678e-12 7.52492e-10 1.30723e-08 4.34748e-08 8.12033e-07 3.81117e-05 0.000536304 0.999425 
1.03001e-12 1.83498e-11 4.11772e-10 1.80266e-08 4.03878e-07 6.39934e-05 0.000459195 0.00468029 0.964087 0.0307096 
4.60286e-06 0.000124492 0.00146428 0.00868206 0.0361143 0.87989 0.0502433 0.017816 0.00544198 0.000219009 
1.50828e-06 3.33498e-05 3.85913e-05 0.00235008 0.228199 0.0150079 0.0227163 0.467382 0.24718 0.0170913 
8.53578e-12 1.87576e-10 1.10055e-08 3.17883e-07 3.88011e-06 0.000305622 0.00204649 0.00889471 0.211746 0.777003 
1.85652e-15 4.20885e-14 2.47818e-12 1.26176e-10 1.83058e-08 7.29298e-07 7.55354e-05 0.000587829 0.00485013 0.994486 
2.48066e-10 5.60185e-09 5.85846e-08 5.43336e-06 0.000140241 0.001202 0.00686341 0.0237019 0.936505 0.0315819 
1.15694e-09 2.60121e-08 1.03681e-07 1.8723e-05 0.000212137 0.000312155 0.00200512 0.00758137 0.0214865 0.968384 
4.63376e-11 1.04714e-09 1.33785e-08 9.70369e-07 0.000139775 0.00016354 0.00102236 0.00372265 0.00878025 0.98617 
4.94845e-11 1.10209e-09 1.79042e-08 8.1999e-07 6.84629e-06 0.000179648 0.00176573 0.00729974 0.0229798 0.967767 
1.47815e-08 3.27161e-07 2.50425e-06 0.000320003 0.00146524 0.00716074 0.883258 0.0509199 0.0350783 0.0217952 
5.16799e-10 8.3802e-09 8.69205e-08 5.27052e-06 0.000122447 0.000597083 0.00382378 0.0149293 0.931954 0.0485683 
1.73599e-09 2.53748e-08 2.84045e-07 1.39314e-05 0.000309413 0.00119862 0.00464764 0.0234219 0.927296 0.0431122 
4.58416e-08 1.22189e-06 8.71025e-06 0.000756538 0.00252523 0.00605586 0.0146079 0.0301979 0.918579 0.027268 
1.92049e-08 4.47229e-07 3.97263e-06 0.000397056 0.000973635 0.00692579 0.0210136 0.659966 0.291495 0.0192243 
3.93613e-11 8.76985e-10 8.92274e-09 6.01567e-07 8.05677e-06 0.000131241 0.000388525 0.00211521 0.00780831 0.989548 
1.61681e-17 3.59232e-16 3.33189e-15 2.62059e-12 4.28502e-11 6.19408e-08 9.56797e-08 0.000194108 0.748545 0.251261 
3.11846e-07 1.05104e-05 0.000209838 0.00448156 0.018064 0.877741 0.069038 0.0241623 0.00581563 0.000476497 
1.88735e-07 1.10346e-05 7.06904e-05 0.00230794 0.00832584 0.0218603 0.0416045 0.768159 0.148033 0.00962754 
3.76386e-08 9.57645e-07 8.61115e-06 0.00105428 0.00102499 0.00592462 0.0138842 0.0282861 0.0390071 0.910809 
4.72244e-08 1.18741e-06 1.37426e-05 0.00045421 0.00426098 0.0100693 0.0268866 0.919564 0.0271089 0.0116413 
2.01015e-07 6.00813e-06 0.000543866 0.00414486 0.0141917 0.387911 0.349973 0.237918 0.0048632 0.000447425 
8.26472e-13 1.49523e-11 2.02969e-10 1.99076e-08 3.58608e-07 4.19922e-05 0.000424944 0.0041239 0.969381 0.0260282 
3.2543e-08 8.13326e-07 7.32102e-06 0.000870981 0.00107118 0.00389885 0.00982875 0.0214693 0.918441 0.0444117 
6.7242e-07 3.38355e-05 0.00044804 0.0074035 0.0277325 0.0530286 0.881353 0.0221022 0.00600309 0.00189469 
5.48301e-11 1.15381e-09 1.9968e-08 1.08315e-06 0.000135011 0.000169824 0.00156778 0.00549991 0.0142245 0.978402 
8.72134e-15 1.76855e-13 1.6991e-12 1.29167e-10 4.12171e-09 2.30067e-07 1.85726e-05 0.000150708 0.000658487 0.999172 
4.80008e-09 8.47704e-08 6.46897e-07 5.49877e-05 0.000588954 0.00195022 0.00657777 0.0223666 0.0365828 0.931878 
1.02476e-09 2.31687e-08 7.21088e-08 3.44092e-06 0.000219004 0.00173176 0.214319 0.434495 0.339297 0.00993483 
3.78041e-11 7.63613e-10 8.99775e-09 5.17348e-07 2.29788e-05 0.000478925 0.0117879 0.0579499 0.72434 0.205419 
7.07844e-34 1.12918e-29 8.34045e-26 7.03909e-22 7.19888e-18 4.62506e-14 2.38956e-10 2.72612e-05 0.000258761 0.999714 
2.84074e-09 6.52557e-08 3.23772e-07 3.81281e-05 0.000512758 0.00103681 0.00319988 0.0109033 0.0312612 0.953048 
2.64907e-11 5.86567e-10 8.81148e-09 3.95618e-07 2.88641e-06 7.0875e-05 0.00146796 0.00621262 0.0148461 0.977399 
7.21376e-35 5.67343e-31 3.51253e-27 2.72899e-23 2.41174e-19 3.22094e-15 4.73983e-12 1.09785e-06 0.000251061 0.999748 
7.81148e-17 1.74299e-15 2.45359e-14 1.32261e-11 9.34332e-10 2.45736e-07 1.36649e-06 0.000355794 0.00656343 0.993079 
2.69202e-05 0.00170899 0.0103123 0.0269394 0.0473327 0.883498 0.0263748 0.00285005 0.000934254 2.25374e-05 
1.13045e-10 2.538e-09 3.15628e-08 2.12119e-06 2.21902e-05 0.000250903 0.00196099 0.00842411 0.0256279 0.963712 
5.05557e-08 1.34819e-06 1.26771e-05 0.00149685 0.00210291 0.00804003 0.0230519 0.907081 0.0379955 0.0202177 
2.16311e-08 5.26639e-07 4.64456e-06 0.000519384 0.00115563 0.00786695 0.45908 0.477401 0.0337452 0.0202265 
2.83301e-09 5.67481e-08 3.29688e-07 3.81594e-05 0.000493483 0.00157568 0.00566551 0.0157946 0.931103 0.0453294 
3.54853e-12 8.11546e-11 5.50078e-09 2.94045e-07 7.98963e-05 0.0018457 0.927564 0.0298484 0.0244833 0.0161787 
1.48332e-12 3.18732e-11 1.82065e-09 6.28821e-08 2.15761e-06 0.000189835 0.00149035 0.13579 0.503928 0.3586 
6.48577e-12 1.43748e-10 8.74972e-09 2.13649e-07 2.15315e-06 4.98145e-05 0.000791492 0.00326338 0.0117409 0.984152 
2.53648e-07 1.36569e-05 6.96674e-05 0.00296263 0.0111754 0.0265629 0.875062 0.0529108 0.0240997 0.00714305 
1.2386e-12 2.6111e-11 9.45686e-10 5.10477e-08 9.99658e-07 2.22941e-05 0.000343625 0.0026126 0.0110399 0.98598 
7.8223e-08 2.11847e-06 2.35735e-05 0.00194084 0.00640693 0.026498 0.916249 0.0312711 0.0127896 0.00481894 
8.23586e-14 1.60852e-12 2.13273e-11 2.76445e-09 4.83766e-08 3.52122e-06 0.000175401 0.000229224 0.00232061 0.997271 
2.09595e-11 4.68547e-10 6.55733e-09 2.96597e-07 2.45725e-06 2.12086e-05 0.00038756 0.00356408 0.97223 0.0237946 
1.5568e-12 3.06015e-11 1.06198e-09 5.38326e-08 9.77496e-07 0.00027578 0.00188749 0.00832721 0.0221137 0.967395 
3.37321e-09 6.6583e-08 4.61782e-07 4.62223e-05 0.000565645 0.00212902 0.00856334 0.0283221 0.0422577 0.918115 
2.47187e-08 6.19167e-07 5.74929e-06 0.000722989 0.000726451 0.00403173 0.00949623 0.0183179 0.484783 0.481915 
7.93925e-10 1.77004e-08 4.89668e-08 6.34911e-06 9.90729e-05 0.000496896 0.00337365 0.0165049 0.947105 0.032414 
9.56396e-07 5.51613e-05 0.00138299 0.0101102 0.0320499 0.058146 0.869462 0.0222159 0.00635999 0.00021732 
6.02974e-12 1.28745e-10 6.85832e-09 2.4861e-07 5.14307e-06 0.000697027 0.0032731 0.0171132 0.943804 0.0351073 
6.02362e-12 1.32288e-10 1.11549e-08 2.46045e-07 1.61574e-06 0.000371951 0.0020104 0.0110889 0.941386 0.0451411 
7.03883e-09 1.40678e-07 9.20039e-07 0.000184111 0.000998675 0.00617261 0.454923 0.287232 0.227985 0.022503 
6.81641e-10 1.5167e-08 4.42618e-08 3.92443e-06 0.000148586 0.000442557 0.00229271 0.0089529 0.0252819 0.962877 
4.37733e-08 1.19748e-06 9.3429e-06 0.000979897 0.00236758 0.00638825 0.891917 0.0446213 0.0335643 0.020151 
0.000215097 0.00825144 0.555696 0.307205 0.085841 0.0230407 0.0116029 0.00424451 0.00350821 0.000394592 
1.01484e-11 2.26225e-10 2.55124e-09 1.35552e-07 1.65694e-06 6.70334e-05 0.000128 0.0011261 0.00911484 0.989562 
3.70732e-09 8.14602e-08 2.30714e-06 0.000218858 0.00249041 0.210921 0.699605 0.0329839 0.0277179 0.0260608 
1.89504e-17 4.21122e-16 4.03501e-15 3.11703e-12 5.09472e-11 6.79453e-08 1.03439e-07 7.80163e-05 0.00062945 0.999292 
3.74026e-11 8.39056e-10 1.44453e-08 8.04438e-07 1.96347e-05 0.000428096 0.00234171 0.0087774 0.485233 0.503199 
3.49775e-07 8.76889e-06 0.000326515 0.00444136 0.0235008 0.0398264 0.876452 0.0325402 0.0180287 0.00487485 
2.01568e-09 3.73972e-08 2.47527e-07 1.73256e-05 0.000221074 0.000912252 0.00317701 0.0170513 0.671888 0.306733 
4.48563e-09 8.01567e-08 6.0063e-07 5.05053e-05 0.000635198 0.00224847 0.00762906 0.0255379 0.933248 0.0306503 
1.07385e-08 2.67634e-07 2.53519e-06 0.000314622 0.000904981 0.00548771 0.0168602 0.90588 0.0418648 0.0286847 
1.52533e-16 3.41994e-15 8.61555e-14 5.46703e-11 1.97814e-08 6.13737e-07 5.00647e-06 0.00081445 0.0046062 0.994574 
4.44028e-09 7.88615e-08 5.48795e-07 4.2096e-05 0.00061768 0.00320243 0.0162124 0.916124 0.0345272 0.0292736 
1.82553e-09 3.6776e-08 6.0444e-07 4.30679e-05 0.000197941 0.00122312 0.00678721 0.0210189 0.929347 0.0413825 
2.58926e-09 3.82548e-08 4.11091e-07 2.0631e-05 0.000172019 0.00116048 0.00392588 0.0169557 0.939318 0.0384473 
2.01773e-12 4.55381e-11 4.37577e-09 8.20972e-08 4.87837e-07 6.8614e-06 0.000941748 0.00302795 0.00879516 0.987228 
2.04276e-08 5.51012e-07 4.6588e-06 0.000494947 0.00122121 0.00398826 0.0130059 0.111342 0.855849 0.0140936 
7.23604e-13 1.25584e-11 1.45051e-10 1.38684e-08 1.68074e-07 1.33166e-05 8.90646e-05 0.000571137 0.0047555 0.994571 
3.52692e-08 9.16509e-07 8.43704e-06 0.000714192 0.00272455 0.0111571 0.0320974 0.0582011 0.881002 0.0140946 
1.56468e-11 3.49338e-10 7.74226e-09 3.06631e-07 2.85985e-06 0.000539182 0.00400717 0.0172643 0.956282 0.0219044 
2.6148e-09 3.94876e-08 4.10984e-07 2.2011e-05 0.000230482 0.00140407 0.00510924 0.0171564 0.926971 0.0491061 
8.58534e-34 1.36977e-29 1.01179e-25 8.53975e-22 8.73598e-18 5.61282e-14 2.79547e-10 3.63019e-05 0.000509892 0.999454 
3.39316e-08 1.41912e-06 6.92464e-06 0.000236436 0.00193821 0.00421097 0.00765212 0.226606 0.752864 0.00648444 
7.96712e-08 2.21463e-06 1.91898e-05 0.000999587 0.00622501 0.0175607 0.0357968 0.0480437 0.879638 0.0117147 
2.34376e-11 5.14293e-10 6.13698e-09 3.97319e-07 3.95596e-05 0.000162149 0.00138085 0.00541882 0.0181754 0.974823 
1.78244e-13 3.47343e-12 5.19626e-11 3.5175e-09 1.09506e-07 4.38781e-06 8.31553e-05 0.00101958 0.00820653 0.990686 
2.95224e-07 1.80475e-05 0.000696547 0.00374711 0.00851685 0.0194977 0.676632 0.280564 0.00888811 0.00143901 
9.00732e-14 2.0014e-12 1.86451e-11 1.4581e-08 2.41844e-07 0.000339272 0.000145999 0.0040804 0.986502 0.00893234 
4.91067e-12 1.10773e-10 1.04577e-08 2.08848e-07 1.33561e-06 0.000302168 0.00221417 0.0133139 0.955598 0.0285703 
1.29553e-07 4.60509e-06 3.13479e-05 0.00196575 0.00743067 0.024184 0.883761 0.0488327 0.0237248 0.0100646 
5.06879e-09 9.95801e-08 6.14653e-07 7.01843e-05 0.000819525 0.00362461 0.610528 0.0297622 0.0290673 0.326127 
6.70374e-12 1.52068e-10 1.21088e-08 3.04477e-07 2.34054e-06 0.000573223 0.00310693 0.0165109 0.958218 0.0215885 
1.28098e-08 2.95718e-07 1.26834e-05 0.000776234 0.00300304 0.0225069 0.881219 0.0382588 0.0295485 0.0246746 
3.45152e-08 8.74056e-07 1.12657e-05 0.00114518 0.00680797 0.0263376 0.45798 0.0323729 0.454047 0.0212974 
3.20558e-08 8.73231e-07 7.58701e-06 0.00041229 0.00226499 0.00647403 0.0147131 0.453148 0.514449 0.0085306 
6.25399e-08 1.60674e-06 1.61772e-05 0.000851851 0.00286587 0.0101976 0.0240462 0.0447919 0.898164 0.0190642 
0.000185156 0.00342166 0.0107335 0.0305318 0.901455 0.0411175 0.0119753 0.000560229 1.83469e-05 1.98322e-06 
1.05814e-10 2.3548e-09 2.00306e-08 1.04872e-06 1.35132e-05 8.81869e-05 0.000982109 0.00381616 0.0114517 0.983647 
1.06702e-07 2.98991e-06 3.5818e-05 0.00155998 0.00721553 0.0161918 0.0295983 0.886362 0.0387645 0.0202693 
1.82436e-08 4.73801e-07 4.8923e-06 0.000650734 0.000613953 0.00178866 0.00614538 0.016214 0.934826 0.0397558 
2.46253e-36 1.70907e-32 1.00317e-28 7.26579e-25 5.47075e-21 9.41082e-17 1.00557e-13 1.92237e-06 0.000173567 0.999825 
3.58702e-09 8.45075e-08 9.76514e-07 9.72312e-05 0.00117067 0.00562566 0.0229917 0.910039 0.0364354 0.023639 
5.36682e-07 1.27551e-05 0.000201265 0.00920256 0.832811 0.0598751 0.0541455 0.028408 0.0120665 0.00327708 
6.14332e-14 1.22585e-12 9.18488e-12 1.08792e-09 1.76912e-08 6.28532e-07 4.83133e-06 0.000601298 0.00866868 0.990725 
6.3465e-18 1.41036e-16 1.35597e-15 1.04557e-12 1.74358e-11 2.4167e-08 1.97654e-07 0.000103883 0.00276604 0.99713 
7.67389e-09 1.73654e-07 9.23903e-07 3.89828e-05 0.000629659 0.0038275 0.010729 0.0287586 0.921362 0.0346536 
2.22821e-11 4.95435e-10 5.19212e-09 3.05449e-07 2.5886e-06 5.77231e-05 0.000669321 0.00227763 0.00996517 0.987027 
1.39905e-15 3.2098e-14 1.21544e-12 1.37638e-10 2.18742e-08 1.25543e-06 0.000143811 0.000862126 0.00369587 0.995297 
1.74373e-09 2.70644e-08 2.84007e-07 1.59953e-05 0.000168923 0.000901684 0.00396585 0.0120649 0.0237962 0.959086 
9.38126e-14 2.11798e-12 2.12624e-10 3.829e-09 1.38143e-08 1.75678e-07 5.60678e-06 0.000285804 0.00450914 0.995199 
1.18401e-08 2.88889e-07 2.3413e-06 0.000374838 0.00116621 0.00530561 0.0194095 0.922224 0.0314569 0.0200606 
2.61504e-30 1.5545e-27 2.21045e-24 1.96166e-21 1.31815e-17 9.83924e-14 4.28397e-10 4.71145e-05 0.00145238 0.998501 
8.29087e-08 1.86828e-06 6.48749e-05 0.00283588 0.0104771 0.856006 0.0649804 0.0373135 0.0178536 0.0104668 
3.5187e-09 6.57456e-08 4.41363e-07 2.88271e-05 0.000369541 0.00213397 0.00863303 0.631117 0.33783 0.0198874 
1.30035e-08 3.21283e-07 2.48227e-06 0.000273014 0.000907406 0.00383129 0.0116799 0.0284914 0.930637 0.0241771 
4.68328e-09 1.18349e-07 1.01613e-06 0.000109581 0.000588101 0.00405156 0.0165579 0.910119 0.039632 0.0289408 
6.38224e-12 1.42695e-10 1.20089e-09 7.36226e-08 5.38808e-07 3.24573e-06 5.23453e-05 0.000476366 0.00338796 0.996079 
2.13696e-07 7.02629e-06 0.00166591 0.812557 0.0387036 0.052005 0.0504564 0.0273798 0.0114723 0.00575313 
1.91522e-12 4.28289e-11 4.0103e-09 8.20257e-08 5.11806e-07 0.000143085 0.000980383 0.321823 0.464112 0.212941 
3.55297e-08 7.90657e-07 3.4241e-05 0.000973089 0.00532913 0.190527 0.0163344 0.564951 0.203352 0.0184986 
6.41207e-08 1.74324e-06 2.08272e-05 0.00189133 0.00383424 0.0131683 0.294725 0.66618 0.0146774 0.00550104 
2.16122e-15 4.87287e-14 7.89646e-13 5.0968e-11 2.24502e-09 5.41556e-08 1.09451e-05 0.000117187 0.00258287 0.997289 
2.61497e-09 5.84502e-08 2.1311e-07 2.75479e-05 0.000448181 0.000692293 0.00245788 0.00849863 0.0211382 0.966737 
2.56477e-08 6.80869e-07 9.8804e-06 0.00043996 0.00205261 0.00863615 0.0232355 0.0471882 0.892865 0.0255724 
2.84316e-09 4.27006e-08 4.89565e-07 2.42344e-05 0.000361644 0.00199563 0.00954225 0.0206354 0.0311656 0.936275 
1.00609e-07 9.07119e-06 7.4947e-05 0.00145387 0.00513658 0.0653894 0.329031 0.511562 0.0455509 0.0417924 
1.14743e-17 2.54974e-16 2.42455e-15 1.87949e-12 3.10677e-11 4.43859e-08 5.70836e-08 3.12276e-05 0.000633941 0.999335 
1.04312e-07 2.69575e-06 2.94365e-05 0.00214616 0.00680503 0.01962 0.476001 0.474924 0.0160412 0.00443028 
7.49215e-08 1.98701e-06 2.10023e-05 0.0023185 0.0041323 0.0165873 0.0383144 0.892481 0.0304464 0.0156972 
1.05331e-18 2.34032e-17 2.17404e-16 1.70712e-13 2.80749e-12 4.15944e-09 4.46747e-09 5.52572e-05 0.00146375 0.998481 
6.52079e-06 0.00023439 0.00106214 0.00534823 0.00890404 0.0251336 0.937594 0.0178311 0.00360048 0.000285551 
1.09045e-09 1.62972e-08 1.74124e-07 8.87235e-06 0.00012464 0.000407076 0.00156162 0.00528321 0.19001 0.802605 
1.80027e-07 4.26955e-06 9.72744e-05 0.00559279 0.0184857 0.0518234 0.856226 0.0358645 0.0202019 0.0117041 
7.35747e-09 1.57091e-07 9.27231e-07 9.69857e-05 0.000785138 0.00183306 0.00645948 0.0193225 0.0314994 0.940002 
3.24994e-09 5.34642e-08 4.52855e-07 2.87026e-05 0.000350941 0.00203264 0.00853576 0.03055 0.927447 0.0310544 
2.37221e-07 1.2446e-05 6.92352e-05 0.00253013 0.00837037 0.0208767 0.0440272 0.886989 0.0285872 0.00853776 
1.4328e-24 1.97705e-22 3.90665e-19 7.04917e-17 1.62234e-14 9.91953e-11 2.44917e-10 3.14618e-06 0.000199124 0.999798 
6.46553e-10 1.19223e-08 1.03737e-07 1.15527e-05 3.71163e-05 0.00025886 0.00148746 0.00483787 0.0176737 0.975693 
6.29234e-08 1.73433e-06 1.20036e-05 0.000671441 0.00395457 0.00952793 0.0197656 0.0346837 0.902667 0.0287163 
1.50631e-09 2.49441e-08 1.92031e-07 9.14491e-06 0.000103435 0.00027152 0.00188751 0.00765194 0.0253651 0.964711 
1.04672e-14 2.23512e-13 3.53556e-12 4.0323e-10 6.69132e-08 2.77869e-06 0.000208208 0.00221478 0.0111979 0.986376 
1.29143e-09 2.93914e-08 2.38491e-07 0.000186616 0.00101983 0.870628 0.044335 0.0334007 0.0244575 0.0259721 
3.56588e-08 8.88264e-07 1.36933e-05 0.00102934 0.00194485 0.0595597 0.0397771 0.0647662 0.54005 0.292859 
6.62307e-15 1.47139e-13 1.31309e-12 1.06899e-09 1.68165e-08 8.27203e-06 1.95781e-05 0.000491931 0.0492696 0.950211 
1.0721e-07 2.84396e-06 2.12162e-05 0.00187442 0.00469585 0.0083334 0.0179381 0.0315484 0.877383 0.058203 
2.60435e-11 5.76694e-10 6.95541e-09 3.87539e-07 4.52923e-06 0.000121764 0.000895985 0.00273514 0.0115899 0.984652 
6.18838e-09 1.22931e-07 6.4651e-07 4.93709e-05 0.000596873 0.00187894 0.00567453 0.0176654 0.035396 0.938738 
1.95777e-05 0.000610777 0.00418824 0.0168354 0.909463 0.0430093 0.0200081 0.00332586 0.00231507 0.000224701 
8.18162e-18 1.81786e-16 1.68732e-15 1.32608e-12 2.2173e-11 3.0981e-08 8.014e-08 7.89898e-05 0.00283141 0.997089 
1.39435e-10 3.14341e-09 3.31898e-08 2.93646e-06 0.000101186 0.000637693 0.00382003 0.00938574 0.0194501 0.966602 
9.45368e-09 2.29625e-07 1.69959e-06 0.000171903 0.000700048 0.00515739 0.0174394 0.917377 0.0360418 0.0231101 
3.71292e-16 8.39248e-15 4.69466e-13 1.8768e-11 2.3733e-09 8.13431e-08 2.19794e-06 0.000114477 0.00245023 0.997433 
1.26636e-09 2.85236e-08 1.29297e-07 2.35145e-05 0.000254923 0.000436287 0.00249564 0.00867216 0.0183816 0.969736 
3.46128e-08 8.97065e-07 8.17789e-06 0.000930828 0.00095327 0.00542221 0.0145587 0.0279473 0.0336794 0.916499 
1.00588e-11 2.18177e-10 1.0406e-08 2.69161e-07 1.79848e-06 8.50068e-05 0.00157895 0.00478435 0.0131002 0.980449 
5.6414e-05 0.00105333 0.0110952 0.211307 0.750412 0.0209834 0.00425946 0.000746802 8.50573e-05 1.70944e-06 
1.92426e-10 4.33811e-09 3.55455e-08 4.00556e-06 0.00012226 0.00084793 0.0045628 0.0137173 0.0294023 0.951343 
8.67175e-07 3.73774e-05 0.00181679 0.00883768 0.0251723 0.85399 0.0764119 0.0276865 0.00568687 0.00035978 
2.40597e-09 3.58218e-08 3.75164e-07 1.95445e-05 0.000399152 0.000884548 0.00323134 0.156542 0.0281291 0.810794 
0 0 0 0 0 0 0 0 9.26057e-05 0.999907 
3.38061e-09 4.97837e-08 5.32798e-07 2.65728e-05 0.000269609 0.00162368 0.00621833 0.0234624 0.931572 0.0368266 
8.53951e-08 2.86639e-06 1.74023e-05 0.00100964 0.00603716 0.00858798 0.0178468 0.0202173 0.890912 0.0553684 
4.86653e-08 1.32748e-06 1.06648e-05 0.00101032 0.00182656 0.00404604 0.0112778 0.0236567 0.888371 0.0697997 
1.42651e-10 3.21324e-09 2.89267e-08 2.94854e-06 7.47681e-05 0.000274674 0.00183303 0.00590944 0.020072 0.971833 
5.36663e-12 1.18555e-10 1.1177e-08 2.08381e-07 1.01118e-06 0.000150199 0.00257928 0.0113901 0.957198 0.0286814 
1.03089e-07 2.71272e-06 3.34246e-05 0.00253183 0.0163939 0.858604 0.0546099 0.0456022 0.0176361 0.00458585 
4.64557e-09 8.12685e-08 6.18317e-07 4.99022e-05 0.000558668 0.00199308 0.0070196 0.898376 0.0561745 0.0358275 
4.22437e-09 9.3887e-08 7.02027e-07 0.000114895 0.00069872 0.00459716 0.019062 0.914719 0.0347582 0.0260491 
1.25287e-07 9.40075e-06 9.33914e-05 0.000945438 0.00437761 0.00788219 0.0273322 0.0737966 0.770873 0.11469 
2.2187e-09 3.33171e-08 3.58507e-07 2.09075e-05 0.00263992 0.871691 0.0244102 0.034186 0.0356659 0.0313859 
1.84919e-12 4.06757e-11 4.30677e-10 2.85168e-08 2.78199e-07 5.30294e-06 4.19271e-05 0.00107333 0.493625 0.505254 
1.33436e-12 2.99033e-11 3.38107e-10 1.60546e-08 1.06399e-07 6.84585e-07 1.28202e-05 0.000360355 0.00566508 0.993961 
4.87956e-09 9.01713e-08 6.24895e-07 7.55674e-05 0.000872159 0.00349834 0.010915 0.0318808 0.041222 0.911535 
1.00331e-09 2.2572e-08 8.82031e-08 1.57655e-05 9.4076e-05 0.000146267 0.000752575 0.0017477 0.00335987 0.993884 
2.83224e-09 4.24156e-08 4.5068e-07 2.36258e-05 0.00025705 0.00171856 0.00695413 0.0227081 0.0443696 0.923968 
7.02334e-08 2.009e-06 2.14643e-05 0.00116781 0.0039028 0.0130464 0.619236 0.327059 0.0236418 0.0119227 
1.8521e-10 4.17817e-09 4.31235e-08 4.05296e-06 0.000125787 0.00120197 0.00550116 0.0222517 0.936379 0.0345358 
2.95354e-08 7.48643e-07 6.64858e-06 0.000791067 0.00112721 0.00718797 0.0207884 0.890602 0.0492009 0.0302949 
6.36173e-08 1.72737e-06 1.51888e-05 0.00151141 0.00243913 0.00508287 0.0132644 0.0270686 0.0384007 0.912216 
7.85054e-07 4.21411e-05 0.000508312 0.00938338 0.0350052 0.731749 0.202968 0.0125569 0.0068914 0.000894457 
6.08132e-12 1.37108e-10 1.28414e-08 2.58836e-07 2.18227e-06 3.29036e-05 0.00116205 0.00508141 0.0171569 0.976564 
1.78123e-13 3.34535e-12 5.00257e-11 3.93586e-09 5.66203e-08 3.02316e-06 1.94035e-05 0.000260353 0.000414244 0.999303 
3.12552e-12 7.05392e-11 6.9623e-09 1.32084e-07 6.31817e-07 6.34662e-05 0.000476595 0.00457003 0.973613 0.0212761 
1.50924e-09 2.37171e-08 2.5289e-07 1.48843e-05 0.00032018 0.00205133 0.00841422 0.0322971 0.920872 0.0360297 
3.94009e-11 8.75364e-10 1.23555e-08 5.72459e-07 5.16219e-06 0.000121571 0.00126083 0.00632612 0.0201673 0.972118 
4.75387e-09 8.48952e-08 5.94063e-07 4.91872e-05 0.000467324 0.0010808 0.00452193 0.0139895 0.0299606 0.94993 
1.43513e-11 3.18471e-10 1.00072e-08 2.90434e-07 2.66109e-06 7.09327e-05 0.000876512 0.00260339 0.00673746 0.989709 
1.62159e-07 9.13793e-06 4.92911e-05 0.00168024 0.00765968 0.0179113 0.885836 0.0527113 0.0248162 0.00932637 
8.01721e-12 1.77587e-10 2.43824e-09 1.33975e-07 1.70927e-06 2.47993e-05 5.78788e-05 0.000792201 0.0068896 0.992234 
4.93831e-10 7.43981e-09 7.78514e-08 3.88558e-06 2.67257e-05 0.000240549 0.00174652 0.00702442 0.484834 0.506124 
1.88781e-10 4.18425e-09 1.1152e-08 5.55707e-07 2.52727e-05 3.76915e-05 0.000194872 0.00196124 0.00977033 0.98801 
1.89041e-07 5.78251e-06 4.44786e-05 0.0020587 0.0102858 0.0382291 0.880543 0.0404659 0.0203106 0.00805631 
5.65293e-25 9.29578e-23 1.90341e-19 3.40992e-17 8.02518e-15 4.89827e-11 2.59125e-10 8.45517e-06 0.995301 0.00469032 
4.61638e-07 2.34237e-05 0.00047244 0.003028 0.012195 0.931527 0.0285519 0.0147458 0.00724642 0.00220912 
3.50688e-12 7.68072e-11 6.76893e-09 1.29261e-07 7.40593e-07 1.49229e-05 0.000647993 0.00416697 0.963007 0.0321619 
4.09498e-11 9.10187e-10 1.28656e-08 6.04417e-07 5.46887e-06 0.000120731 0.00104717 0.00450995 0.0164989 0.977817 
1.55116e-05 0.000372165 0.00624091 0.825234 0.0543571 0.0504499 0.0401435 0.015164 0.00707034 0.000952373 
2.56244e-09 4.66e-08 3.2823e-07 2.71826e-05 0.000374782 0.00174918 0.00622321 0.0218844 0.93387 0.0358706 
3.19735e-12 7.21756e-11 6.84882e-09 1.28498e-07 7.29424e-07 1.23053e-05 0.00100584 0.00403094 0.0118356 0.983114 
1.55999e-07 3.99155e-06 6.87175e-05 0.00431378 0.0175733 0.857957 0.0667412 0.0369363 0.0128509 0.00355507 
3.58282e-09 6.20208e-08 4.85896e-07 3.80565e-05 0.000518091 0.00122906 0.00417326 0.0160131 0.937889 0.0401393 
2.51336e-12 5.59583e-11 2.72931e-09 7.4601e-08 7.81966e-07 1.58896e-05 0.000745416 0.00175908 0.0063159 0.991163 
3.24878e-08 8.11809e-07 8.02614e-06 0.000954639 0.000810048 0.00413566 0.0139902 0.900335 0.0459186 0.0338467 
2.60048e-08 6.72846e-07 6.72844e-06 0.000881289 0.00120078 0.00552531 0.0202534 0.48104 0.472613 0.018479 
5.29669e-10 1.17618e-08 2.60738e-08 2.16287e-06 6.92912e-05 0.000118514 0.000987161 0.00497719 0.348639 0.645207 
5.16932e-12 1.15801e-10 9.40465e-10 6.1053e-08 3.90773e-07 7.84751e-07 1.6626e-05 5.58255e-05 0.00025168 0.999675 
3.01212e-08 7.83823e-07 9.52965e-06 0.000854599 0.03461 0.397404 0.374396 0.0745772 0.0469518 0.0711961 
3.02447e-09 6.65507e-08 7.69004e-07 4.02836e-05 0.000868254 0.00488699 0.0164315 0.901841 0.0474787 0.0284525 
1.27126e-16 2.87087e-15 1.04039e-13 5.95822e-11 2.62758e-08 5.18478e-07 3.98955e-06 0.000885353 0.00476455 0.994346 
3.23823e-08 8.26935e-07 7.69154e-06 0.000904325 0.00100651 0.00660723 0.0241593 0.899479 0.0402881 0.027547 
3.70488e-08 1.05647e-06 1.57978e-05 0.000596501 0.00310289 0.00958804 0.148463 0.71572 0.117132 0.00538092 
6.51238e-14 1.45424e-12 1.67396e-11 1.109e-09 1.14561e-07 3.17369e-06 0.000420782 0.00130801 0.00452888 0.993739 
3.02839e-07 1.05176e-05 0.000828448 0.00272626 0.0102764 0.0203754 0.517739 0.130696 0.240649 0.0766989 
3.11677e-08 7.97278e-07 7.85081e-06 0.00101433 0.00146984 0.0108321 0.869053 0.0612635 0.0368245 0.019534 
1.67621e-16 3.76013e-15 9.81634e-14 6.21516e-11 2.31263e-08 6.82563e-07 4.83383e-06 0.00110109 0.00832592 0.990567 
1.18794e-05 0.00197497 0.00409094 0.0529465 0.483696 0.342489 0.0906768 0.01954 0.00374155 0.000832129 
2.09542e-11 4.62864e-10 1.46073e-08 4.3627e-07 3.58039e-06 0.000126045 0.00158559 0.00658943 0.0229106 0.968784 
2.60305e-12 5.78727e-11 2.08102e-09 8.50282e-08 2.02968e-06 3.81172e-05 0.000249899 0.0025252 0.0122988 0.984886 
3.8583e-10 8.72249e-09 4.45198e-08 8.26489e-06 5.47438e-05 0.00014917 0.00090275 0.00354729 0.612097 0.383241 
1.28202e-07 3.63102e-06 7.28383e-05 0.00143117 0.00794392 0.017268 0.88116 0.0501396 0.0291215 0.0128591 
9.82519e-08 2.21137e-06 1.85152e-05 0.000553844 0.0212003 0.0662786 0.284248 0.394409 0.187382 0.0459078 
5.50429e-18 1.22301e-16 1.14173e-15 8.93273e-13 1.49178e-11 2.31219e-08 4.76375e-08 1.89618e-05 0.00063424 0.999347 
8.36653e-15 1.83744e-13 4.21641e-12 5.32113e-10 5.81312e-08 2.74546e-06 0.000158733 0.00148712 0.00840545 0.989946 
2.38501e-09 5.95202e-08 5.54007e-07 4.86687e-05 0.000482291 0.00241451 0.0129283 0.910603 0.0413917 0.0321311 
5.67265e-12 1.22782e-10 1.02739e-08 2.05291e-07 1.44529e-06 0.00011119 0.00167072 0.00743039 0.0248228 0.965963 
1.55613e-08 3.5803e-07 3.49108e-06 0.000435287 0.000931035 0.00499375 0.0122012 0.0279126 0.0362418 0.91728 
4.10099e-10 9.22432e-09 3.99735e-08 6.85743e-06 3.64085e-05 8.46446e-05 0.000878027 0.00509437 0.0189757 0.974924 
1.29907e-10 2.22233e-09 3.11e-08 1.34483e-06 1.08114e-05 0.000138623 0.00196523 0.00759977 0.0264566 0.963828 
1.4915e-11 3.26118e-10 2.91846e-09 2.1469e-07 2.19898e-06 0.000135675 0.000585381 0.00220126 0.00567566 0.9914 
1.13037e-16 2.56446e-15 7.55187e-14 1.04957e-11 7.79166e-10 1.36796e-07 8.97034e-07 0.000316924 0.00184141 0.997841 
1.0495e-06 2.28529e-05 0.00183496 0.016681 0.0675808 0.491888 0.330581 0.0623598 0.0260636 0.00298725 
2.21308e-09 3.95324e-08 3.0943e-07 2.48223e-05 0.000411094 0.00108001 0.00463503 0.0146363 0.941714 0.0374985 
1.90039e-11 4.23414e-10 4.9811e-09 2.7129e-07 2.68602e-06 0.000141584 0.000675542 0.00435895 0.011222 0.983599 
2.15594e-09 4.84997e-08 1.90246e-07 3.46266e-05 0.000310504 0.000653747 0.00324528 0.0108001 0.0272971 0.957658 
2.54389e-08 6.13041e-07 6.62097e-06 0.00100588 0.00209228 0.257757 0.575314 0.145851 0.0120311 0.00594157 
4.46303e-11 9.18796e-10 1.43447e-08 7.79877e-07 6.30834e-06 0.000182158 0.00126029 0.475488 0.489307 0.0337557 
2.27374e-11 5.07908e-10 4.45018e-09 2.76306e-07 2.17403e-06 1.68505e-05 0.000144762 0.00124536 0.00708168 0.991509 
4.07572e-10 9.0742e-09 4.49054e-08 3.03034e-06 7.04083e-05 0.00040137 0.00252432 0.011152 0.0264754 0.959373 
3.64516e-08 9.39988e-07 9.49338e-06 0.00132546 0.00153416 0.00816861 0.0250087 0.040814 0.0357119 0.887427 
1.01056e-09 2.25952e-08 9.92509e-08 1.13322e-05 0.000379433 0.00902504 0.887088 0.0370125 0.0365919 0.0298913 
5.16793e-08 1.22283e-06 1.78262e-05 0.00190304 0.00527019 0.616995 0.340094 0.0212395 0.0092025 0.00527679 
1.45385e-09 3.26677e-08 1.20428e-07 2.24623e-05 0.00013394 0.000286918 0.00209674 0.00770139 0.964354 0.0254039 
2.09109e-07 9.80883e-06 0.000150166 0.00354357 0.0083578 0.0323366 0.885648 0.0383833 0.0199751 0.0115956 
1.45177e-12 3.05691e-11 3.35555e-10 3.67497e-08 2.04796e-07 2.14719e-06 4.75222e-05 0.000240971 0.0033566 0.996353 
4.66811e-08 1.26624e-06 1.11164e-05 0.00118909 0.00222628 0.0062799 0.113009 0.0262918 0.823982 0.027009 
6.36457e-12 1.40411e-10 9.42214e-09 2.2517e-07 2.02088e-06 2.99223e-05 0.000297084 0.00127754 0.00328187 0.995111 
2.65362e-09 3.91506e-08 4.15934e-07 2.05637e-05 0.000351825 0.00224689 0.00741677 0.0299897 0.920853 0.0391211 
1.49695e-09 3.29317e-08 1.57999e-07 1.50798e-05 0.000520758 0.00194112 0.00827134 0.0268039 0.932964 0.0294832 
2.64864e-07 6.65358e-06 0.000133112 0.00570873 0.0294908 0.0658959 0.867235 0.0218111 0.00829365 0.00142479 
1.98791e-11 4.43164e-10 5.07222e-09 2.88289e-07 2.77626e-06 0.00016409 0.000426117 0.00494453 0.981009 0.013453 
2.04444e-10 4.60312e-09 5.17601e-08 4.2098e-06 0.000261522 0.00135445 0.00840973 0.0221783 0.93837 0.0294222 
2.28048e-09 5.13355e-08 2.0206e-07 3.32639e-05 0.000493353 0.00216614 0.00987869 0.0308496 0.924275 0.0323032 
2.38512e-12 5.28527e-11 4.0143e-09 9.17889e-08 5.22796e-07 0.000213191 0.00050081 0.005218 0.982115 0.0119528 
1.93393e-05 0.000832738 0.00542424 0.0127594 0.0243187 0.0669156 0.862103 0.0202504 0.0066354 0.000740975 
3.30214e-08 8.51492e-07 1.38731e-05 0.00126088 0.00123659 0.00941964 0.024939 0.485579 0.0238811 0.453669 
1.15621e-06 2.66214e-05 0.00025062 0.00334328 0.0167586 0.469302 0.413786 0.0893199 0.00612015 0.00109207 
4.04612e-10 6.27028e-09 7.38859e-08 3.83556e-06 3.35505e-05 0.000418185 0.00200569 0.00881535 0.333796 0.654927 
3.00505e-08 7.73099e-07 7.21887e-06 0.000840684 0.000841583 0.00362875 0.00962149 0.0199211 0.0292855 0.935853 
4.18886e-12 9.28624e-11 8.28407e-10 5.4164e-08 4.48482e-07 2.08491e-05 8.37635e-05 0.00172388 0.967975 0.0301962 
2.97791e-08 6.98541e-07 1.74392e-05 0.0016166 0.00254857 0.0189162 0.0445016 0.893286 0.0237003 0.0154122 
3.40854e-08 9.1355e-07 1.00213e-05 0.00103711 0.004764 0.566884 0.0258581 0.391735 0.00700465 0.00270601 
1.23272e-28 7.97812e-26 1.16388e-22 5.15412e-20 1.95795e-17 1.1059e-13 1.89663e-11 3.43669e-06 6.19678e-05 0.999935 
3.92099e-08 1.02849e-06 1.39874e-05 0.000916963 0.00285983 0.0124324 0.0331306 0.0483207 0.887734 0.0145903 
2.71073e-05 0.000915205 0.186697 0.358347 0.15393 0.137369 0.117606 0.0343929 0.0104381 0.000277551 
3.45552e-08 8.65397e-07 8.64735e-06 0.00117149 0.0015351 0.00554477 0.0165852 0.0298857 0.918943 0.0263248 
1.52738e-05 0.000392607 0.00171045 0.0201721 0.0648605 0.851956 0.0419929 0.013166 0.00483166 0.000902075 
2.9347e-13 5.84306e-12 1.77845e-10 9.19295e-09 8.33073e-08 5.84208e-06 4.64939e-05 0.000351765 0.00212223 0.997474 
3.0647e-07 7.95078e-06 0.000280278 0.005469 0.0174246 0.0473978 0.0543406 0.856157 0.0131218 0.00580042 
2.95665e-11 6.5437e-10 6.56157e-09 4.12444e-07 4.14069e-06 0.000257629 0.00079219 0.00535597 0.0197946 0.973795 
3.56847e-09 6.56513e-08 4.40642e-07 4.03721e-05 0.000525405 0.0016198 0.00631044 0.0249705 0.934355 0.0321776 
6.09853e-16 1.38805e-14 4.9152e-13 1.32848e-10 2.92672e-08 1.18648e-06 4.64708e-05 0.00168187 0.00679591 0.991475 
1.42962e-10 3.20798e-09 2.48464e-08 2.43483e-06 7.74312e-05 0.000629451 0.00303713 0.0118998 0.0276623 0.956691 
1.33567e-09 2.96041e-08 1.11123e-07 1.5528e-05 0.000257846 0.000880396 0.00464557 0.205239 0.0198247 0.769136 
2.28228e-10 5.13704e-09 5.09509e-08 4.66803e-06 8.87551e-05 0.000809964 0.0043069 0.0141367 0.0302675 0.950386 
5.02172e-07 2.85405e-05 0.000337173 0.00600223 0.0187278 0.0328505 0.0461232 0.880111 0.0145415 0.00127714 
5.5001e-09 9.83019e-08 7.231e-07 6.34453e-05 0.000708246 0.00207309 0.00719185 0.0257631 0.0459988 0.918201 
2.52174e-27 1.5146e-24 2.09598e-21 7.48879e-19 1.33138e-16 3.69463e-13 4.31544e-10 3.42523e-05 0.00165204 0.998314 
3.54192e-08 8.59886e-07 1.58935e-05 0.00141078 0.00225591 0.013551 0.86336 0.0639684 0.0361279 0.0193091 
1.14359e-08 2.48758e-07 1.9789e-06 0.000196631 0.00101247 0.00427112 0.0132253 0.0282792 0.0374794 0.915534 
2.12046e-07 9.02929e-06 6.47189e-05 0.00320116 0.00801243 0.851263 0.0681706 0.0390357 0.0198002 0.0104427 
1.34325e-11 2.90294e-10 7.62583e-09 2.52519e-07 2.64574e-06 9.56905e-05 0.00105614 0.00573486 0.939728 0.0533823 
4.0251e-11 8.92207e-10 1.67286e-08 6.73596e-07 6.1855e-05 0.000178152 0.00174557 0.00656139 0.0169114 0.974541 
4.23392e-09 1.06991e-07 9.95924e-07 0.00013427 0.000523289 0.00258559 0.0132447 0.0389476 0.910267 0.0342963 
2.04281e-08 4.88315e-07 4.69372e-06 0.00063326 0.0010353 0.00551809 0.0173696 0.295608 0.661172 0.0186582 
5.8157e-08 1.36812e-06 1.61639e-05 0.00225376 0.00965663 0.0433466 0.872605 0.0398716 0.0196201 0.0126282 
2.86061e-07 1.56764e-05 9.96829e-05 0.0039557 0.0115273 0.030072 0.0506284 0.87935 0.018828 0.00552243 
6.20652e-07 2.67354e-05 0.000729215 0.00779648 0.0195374 0.0447253 0.892486 0.0283584 0.00605365 0.000285881 
1.1967e-07 3.24499e-06 3.00121e-05 0.00221613 0.0086863 0.0264099 0.045521 0.0535451 0.859751 0.0038375 
8.45593e-32 5.33985e-29 7.63755e-26 3.17868e-23 1.20669e-20 1.04955e-16 2.76903e-14 1.25705e-09 5.79109e-05 0.999942 
8.30759e-11 1.84086e-09 1.24089e-08 5.85263e-07 1.24062e-05 0.000127953 0.00136811 0.00520696 0.0197236 0.97356 
1.84259e-08 4.47298e-07 4.7827e-06 0.000563096 0.000942844 0.00386097 0.0143985 0.0304722 0.0356705 0.914087 
3.66633e-19 8.15046e-18 8.57608e-17 6.12677e-14 1.40163e-12 4.00223e-09 3.08348e-08 4.33596e-05 0.00271851 0.997238 
1.18003e-12 2.61146e-11 1.68017e-09 4.68839e-08 7.67847e-07 8.30765e-06 0.000995922 0.00444455 0.0168971 0.977653 
1.97193e-11 4.3834e-10 1.42925e-08 5.85036e-07 7.62941e-05 0.00130815 0.00775442 0.929354 0.0322222 0.0292845 
1.39909e-11 3.12922e-10 2.6708e-09 1.69197e-07 1.24424e-06 3.72892e-05 0.000134762 0.00116541 0.103328 0.895333 
2.11577e-06 5.08832e-05 0.0002182 0.00383207 0.158344 0.702991 0.111795 0.0185881 0.00266387 0.00151467 
7.48737e-07 2.05693e-05 0.000582839 0.00935155 0.0350726 0.0597463 0.871955 0.0168832 0.00535125 0.0010364 
3.09351e-14 5.90704e-13 6.96222e-12 1.03584e-09 4.94628e-09 1.38942e-07 3.4056e-05 0.000415662 0.00561512 0.993935 
2.07565e-07 8.55371e-06 6.79479e-05 0.00205798 0.0123776 0.0239881 0.0387161 0.89221 0.0228874 0.00768584 
6.97383e-06 0.0001515 0.00218661 0.130866 0.188489 0.141885 0.311243 0.203931 0.0198472 0.00139327 
2.23747e-07 6.42859e-06 0.000158594 0.00302194 0.0125676 0.0290549 0.0411687 0.892913 0.0180901 0.0030183 
6.54846e-09 1.316e-07 7.56062e-07 6.47456e-05 0.00104561 0.00389294 0.0150565 0.0453261 0.898492 0.0361212 
2.49724e-11 5.64926e-10 1.6489e-08 6.82694e-07 1.43576e-05 9.57317e-05 0.00135178 0.00440421 0.0109158 0.983217 
2.18949e-11 4.89328e-10 5.0007e-09 2.89645e-07 2.78454e-06 5.58823e-05 0.0001178 0.000548047 0.00184307 0.997432 
2.51652e-08 6.4038e-07 5.85148e-06 0.000737804 0.000742512 0.00355517 0.00962376 0.015513 0.0197724 0.950049 
5.92725e-43 1.10437e-38 5.32841e-34 3.25413e-29 7.0013e-25 7.49771e-21 1.3553e-15 7.33482e-06 0.000222055 0.999771 
1.4363e-09 3.21426e-08 1.24972e-07 1.6765e-05 0.00030866 0.00145108 0.00697614 0.0245801 0.0457454 0.920922 
2.5494e-08 6.33318e-07 6.42391e-06 0.000725768 0.000909118 0.00522001 0.0134263 0.0332035 0.911375 0.0351336 
2.0519e-10 4.65516e-09 4.35231e-08 5.67477e-06 1.49368e-05 0.000667785 0.00362716 0.0160966 0.0367125 0.942875 
1.18982e-07 3.13748e-06 2.30194e-05 0.00210836 0.00725771 0.0148547 0.0320713 0.90085 0.0302202 0.012611 
5.36385e-16 1.22094e-14 4.37737e-13 1.1507e-10 3.76483e-08 1.40593e-06 0.000105885 0.00114515 0.00610895 0.992639 
1.63163e-06 0.000175323 0.00129507 0.0129987 0.0334566 0.0469492 0.883565 0.0177546 0.00370252 0.000101737 
6.58238e-08 1.84873e-06 3.26226e-05 0.00109386 0.00269043 0.00900227 0.0136013 0.0237744 0.0279398 0.921863 
9.97024e-29 5.82962e-26 8.06275e-23 2.96537e-20 2.51167e-17 3.56194e-13 5.95306e-10 5.53715e-05 0.00160591 0.998339 
6.96092e-08 1.86936e-06 8.16454e-05 0.00273317 0.0779412 0.313329 0.0327923 0.243275 0.299451 0.0303945 
1.11052e-08 2.44267e-07 1.57159e-06 0.00014449 0.000436556 0.00231328 0.00579254 0.0182085 0.935967 0.0371361 
6.17807e-08 1.66998e-06 2.11369e-05 0.00124956 0.00304519 0.0125441 0.0229655 0.893998 0.0390554 0.0271197 
3.5122e-07 1.63931e-05 9.80016e-05 0.0044163 0.0191585 0.0480703 0.871558 0.0348513 0.0169121 0.00491876 
2.86962e-11 6.35293e-10 1.04552e-08 4.40421e-07 3.00677e-06 8.90531e-05 0.00128402 0.00590724 0.0206729 0.972043 
3.21544e-09 7.22649e-08 2.86857e-07 9.08178e-06 0.000340838 0.00102113 0.00346548 0.00968173 0.0186548 0.966827 
2.36922e-09 4.19949e-08 3.04274e-07 1.79277e-05 0.000406135 0.00133396 0.00677771 0.0174523 0.0310599 0.942952 
3.38894e-07 1.27932e-05 0.000261057 0.00466903 0.0186561 0.460528 0.289337 0.222241 0.0038912 0.000403082 
5.71043e-10 1.2862e-08 9.06162e-08 1.11571e-05 0.000189782 0.00121893 0.0060281 0.0197334 0.923976 0.0488428 
1.26073e-09 2.20766e-08 2.18317e-07 1.22678e-05 0.000533832 0.00236238 0.0212978 0.520882 0.409372 0.0455387 
4.79672e-08 1.37443e-06 1.40225e-05 0.000739256 0.00287152 0.00787918 0.0171645 0.811962 0.150346 0.00902247 
3.61128e-12 8.14524e-11 7.95648e-09 1.51401e-07 8.79822e-07 1.11441e-05 0.000106234 0.000642617 0.00480194 0.994437 
5.22834e-08 1.43305e-06 1.34015e-05 0.00148343 0.00265514 0.00991808 0.0262839 0.890609 0.0441418 0.0248939 
3.8985e-11 8.69973e-10 8.6364e-09 5.149e-07 4.84115e-06 8.11151e-05 0.000393794 0.00259681 0.0155288 0.981394 
2.69488e-09 5.23674e-08 3.24612e-07 2.5996e-05 0.000247698 0.00125644 0.00445602 0.297813 0.263543 0.432657 
6.2941e-09 1.18474e-07 6.78903e-07 5.07844e-05 0.00044027 0.000926453 0.00297621 0.0123335 0.943259 0.040013 
1.09133e-07 3.42196e-06 3.00054e-05 0.00176119 0.00591612 0.016734 0.0328214 0.919576 0.0180679 0.00509034 
4.66379e-07 2.40849e-05 0.00102242 0.00555116 0.0144006 0.0302472 0.88217 0.0459394 0.0176187 0.00302623 
2.38639e-12 5.22318e-11 4.42464e-09 8.7956e-08 7.84944e-07 9.18351e-05 0.00100767 0.00488433 0.964679 0.0293363 
1.46315e-12 3.06147e-11 1.05074e-09 5.7554e-08 1.04195e-06 1.7926e-05 4.13763e-05 0.00075634 0.00667448 0.992509 
3.82332e-13 8.58659e-12 5.2252e-10 3.23862e-08 7.0115e-07 0.000382663 0.00207071 0.0150721 0.0304755 0.951998 
5.63585e-05 0.00248171 0.0154292 0.859073 0.0679658 0.0371925 0.0126954 0.00302113 0.00185307 0.000231684 
5.96655e-08 1.54304e-06 5.0489e-05 0.00116335 0.00434671 0.0424227 0.686779 0.215557 0.0479449 0.00173495 
5.42944e-09 1.15946e-07 1.15356e-06 0.00013969 0.000577117 0.0026448 0.0100554 0.186316 0.748779 0.0514868 
5.88847e-31 3.48415e-28 4.81022e-25 2.85882e-22 1.18402e-18 2.48296e-14 8.93735e-12 2.82639e-06 0.0005701 0.999427 
3.66993e-08 9.54739e-07 9.54992e-06 0.00115234 0.00148077 0.00710907 0.0236433 0.0479239 0.896135 0.0225448 
1.97294e-05 0.00107865 0.00803997 0.0263733 0.0657606 0.852629 0.0354827 0.00574572 0.00429572 0.000574595 
2.76417e-06 0.000148065 0.00183603 0.0123633 0.035583 0.880621 0.0471983 0.0168309 0.00518857 0.000228186 
5.82207e-11 1.30537e-09 1.93031e-08 1.18243e-06 1.27839e-05 0.000226449 0.00203679 0.00866769 0.0281032 0.960952 
3.84359e-08 9.74861e-07 9.08999e-06 0.00109379 0.000961669 0.00446896 0.0120888 0.0272447 0.912607 0.0415246 
9.29882e-10 1.55986e-08 1.60914e-07 1.03831e-05 0.000173852 0.00105111 0.00530723 0.0157605 0.0310768 0.94662 
1.30416e-09 2.93014e-08 1.28322e-07 2.00269e-05 0.000214957 0.00196979 0.0134211 0.909525 0.0389798 0.0358695 
1.21657e-07 3.06013e-06 2.16339e-05 0.00180689 0.00953596 0.0345827 0.889776 0.0410519 0.0177854 0.00543622 
3.52625e-12 7.95628e-11 7.73066e-09 1.42131e-07 7.2487e-07 1.081e-05 0.000970516 0.00437245 0.0159859 0.978659 
9.10537e-10 2.02392e-08 4.72005e-08 4.29869e-06 0.000140766 0.000467697 0.00318342 0.0154737 0.937895 0.0428355 
6.38957e-06 0.000142547 0.000259031 0.0058878 0.0241511 0.804909 0.126629 0.0218835 0.0112971 0.0048346 
