2740
2.21681e-08 4.5693e-07 4.00607e-06 0.0008479 0.000944273 0.00421364 0.00765453 0.0255377 0.0750337 0.885764 
8.62893e-16 1.82754e-14 2.7001e-13 5.22979e-11 5.9317e-09 4.92571e-07 4.58489e-05 0.00404559 0.485054 0.510854 
7.87331e-06 0.000174903 0.00131268 0.00893316 0.023716 0.0442611 0.0857885 0.699082 0.0906477 0.046076 
0.000178349 0.00377262 0.00545514 0.053726 0.100464 0.654899 0.115352 0.0439694 0.0192243 0.00295886 
1.15026e-08 1.99984e-07 1.4433e-06 3.40697e-05 0.000590981 0.00350454 0.0136452 0.421733 0.466003 0.0944872 
3.2924e-07 7.74837e-06 0.000190107 0.000845428 0.00591625 0.0201678 0.0403547 0.0972818 0.726602 0.108634 
1.09855e-07 2.49988e-06 1.76717e-05 0.000433343 0.00125859 0.00330259 0.00920508 0.0268376 0.632983 0.325959 
2.61806e-08 1.01591e-06 6.44267e-06 0.000109272 0.000327752 0.00176247 0.00691309 0.0153351 0.0249193 0.950626 
1.62404e-11 3.05808e-10 8.32083e-09 1.30556e-07 3.01526e-06 0.000165654 0.000992315 0.0152439 0.90586 0.077735 
2.19445e-07 4.7521e-06 2.96634e-05 0.00106652 0.00229041 0.00762928 0.0179708 0.0459653 0.232979 0.692064 
3.50825e-08 1.43339e-06 7.38961e-06 0.000143629 0.00049046 0.00336665 0.0118534 0.033535 0.0800482 0.870554 
7.88637e-09 1.88532e-07 2.20826e-06 2.53614e-05 9.88544e-05 0.000600768 0.00232897 0.0071452 0.728093 0.261705 
5.07714e-07 1.17123e-05 0.000198823 0.00195145 0.0102931 0.0368433 0.0953189 0.70185 0.0976015 0.0559305 
2.75979e-05 0.000606067 0.00269188 0.0301224 0.057067 0.368444 0.310913 0.18486 0.0324668 0.0128018 
1.99705e-11 3.85107e-10 8.49796e-09 1.65106e-07 3.41801e-06 0.000157656 0.00103503 0.010229 0.911488 0.0770864 
7.05007e-07 1.76498e-05 0.000325995 0.00197292 0.00811126 0.0235451 0.0459279 0.074041 0.727474 0.118583 
2.13125e-07 4.89032e-06 4.33901e-05 0.00134163 0.00471041 0.0131399 0.0294584 0.0756602 0.12942 0.746221 
3.34976e-10 6.86403e-09 1.02384e-07 2.72916e-06 9.98766e-05 0.000979207 0.00907569 0.0639728 0.696769 0.229101 
4.21751e-29 1.00488e-25 3.3465e-22 1.08209e-18 1.789e-15 9.19469e-12 4.47755e-08 0.000123679 0.00204066 0.997836 
7.40885e-08 2.31036e-06 1.50274e-05 0.000771994 0.00104423 0.00449329 0.0130954 0.0346014 0.0650627 0.880914 
1.0347e-08 2.54627e-07 3.21008e-06 3.29831e-05 0.000118334 0.000622042 0.00287994 0.00621091 0.00840801 0.981724 
1.25523e-08 3.4604e-07 3.49387e-06 4.15694e-05 0.000138325 0.000686154 0.0042116 0.00971385 0.0326201 0.952585 
7.07216e-06 0.000330662 0.00116116 0.00976009 0.0527615 0.17203 0.116323 0.527197 0.0794588 0.0409707 
3.14051e-09 6.1363e-08 4.13947e-07 9.58555e-06 0.000213981 0.00673668 0.798515 0.0855586 0.0666379 0.042328 
1.71435e-08 8.39801e-07 4.3317e-06 8.08466e-05 0.000218197 0.0013842 0.00671606 0.146215 0.490876 0.354504 
2.13431e-07 5.18557e-06 3.19899e-05 0.000766971 0.00218548 0.00560387 0.0131781 0.0309069 0.853858 0.0934638 
3.25805e-11 6.46505e-10 2.1092e-08 4.59673e-07 9.8351e-06 0.000628047 0.00370065 0.0185363 0.0590014 0.918123 
7.40562e-07 1.75315e-05 0.000203329 0.00270904 0.0110816 0.0335325 0.0722742 0.0966525 0.398265 0.385264 
2.01633e-10 4.16713e-09 1.812e-07 2.82251e-06 3.15065e-05 0.00152854 0.00418413 0.0236555 0.846907 0.12369 
6.69796e-06 0.000262431 0.00130042 0.0128595 0.0471483 0.441509 0.343441 0.079018 0.04752 0.026935 
1.35625e-07 3.02213e-06 0.000102578 0.000251219 0.00132552 0.00521693 0.00917824 0.0167915 0.0437506 0.92338 
2.52303e-16 5.27355e-15 4.857e-14 8.99177e-12 3.27759e-10 9.54809e-08 7.40283e-07 0.000107409 0.00229976 0.997592 
2.80632e-07 6.92902e-06 0.000239461 0.00148252 0.00260671 0.0074688 0.0177569 0.0467874 0.437766 0.485885 
7.66728e-07 2.33114e-05 0.000329506 0.00228566 0.00997294 0.0128731 0.0201767 0.0414995 0.604006 0.308832 
3.78154e-15 8.1082e-14 1.68048e-12 4.03692e-10 4.22767e-08 1.67734e-06 2.42001e-05 0.00172939 0.0134461 0.984799 
5.29354e-06 0.000224424 0.00102329 0.00763219 0.0401929 0.128568 0.0898744 0.130881 0.558957 0.0426418 
1.2251e-11 2.32966e-10 5.13572e-09 9.50277e-08 2.17149e-06 0.0001261 0.000348234 0.00174417 0.0180909 0.979688 
2.54729e-06 0.000198177 0.000607226 0.00433966 0.0144808 0.0419528 0.0878816 0.147654 0.659005 0.0438778 
1.56327e-07 3.75107e-06 2.56374e-05 0.000589748 0.00206492 0.00394175 0.00819735 0.0156674 0.0248454 0.944664 
1.07828e-05 0.000222187 0.000481531 0.00611106 0.0106756 0.0222564 0.0312033 0.257412 0.648665 0.0229618 
7.85294e-06 0.000304652 0.00137891 0.0113208 0.0700393 0.227212 0.146942 0.103039 0.413534 0.0262209 
1.02121e-06 2.96418e-05 0.000495501 0.00306527 0.0151386 0.0148018 0.0189889 0.0352074 0.0722189 0.840053 
8.23416e-13 1.72033e-11 1.55545e-10 2.87523e-08 9.93414e-07 0.000319116 0.000714649 0.012852 0.958634 0.027479 
1.64986e-10 3.41114e-09 1.61673e-07 2.44443e-06 2.60998e-05 0.00123823 0.00448739 0.0307829 0.890185 0.0732774 
1.61467e-10 3.33772e-09 1.58427e-07 2.40663e-06 4.88682e-05 0.00159805 0.00655973 0.041746 0.895551 0.0544937 
7.54286e-06 0.00027232 0.00137668 0.0117676 0.0690698 0.231316 0.325307 0.0934125 0.232916 0.034555 
0.000277708 0.0047743 0.0180271 0.0925556 0.673238 0.114869 0.0497627 0.0248609 0.0164825 0.00515265 
2.34445e-07 5.62595e-06 5.659e-05 0.000534103 0.0049604 0.0187061 0.0357333 0.087548 0.754488 0.0979676 
2.46309e-08 7.95431e-07 6.15929e-06 9.37935e-05 0.000343771 0.00216422 0.0095385 0.0227042 0.0513453 0.913803 
3.17218e-12 6.52302e-11 3.38049e-09 3.90781e-08 2.03459e-07 1.54043e-06 1.55691e-05 0.000852169 0.0172493 0.981881 
1.39231e-07 3.06055e-06 3.99893e-05 0.00077134 0.0055864 0.0161948 0.0577829 0.719286 0.111741 0.0885945 
1.01173e-07 2.70436e-06 1.6978e-05 0.000411888 0.00093925 0.0028325 0.00661081 0.0154938 0.0215015 0.95219 
9.80783e-10 2.23883e-08 1.60433e-07 3.58172e-06 1.5505e-05 8.34843e-05 0.000942183 0.00276139 0.0142519 0.981942 
3.90145e-07 9.3304e-06 0.000167717 0.00269226 0.0140916 0.151556 0.0476643 0.382427 0.201819 0.199573 
3.5907e-14 7.72052e-13 4.08121e-11 7.05871e-10 2.47875e-08 7.35734e-07 1.18212e-05 0.000381706 0.00951128 0.990094 
8.31545e-07 2.04478e-05 0.000531566 0.00295128 0.0140464 0.0198104 0.0272117 0.0490812 0.0850791 0.801267 
2.30379e-16 4.81466e-15 4.41108e-14 8.18354e-12 3.02489e-10 8.88234e-08 8.02637e-07 8.22717e-05 0.003664 0.996253 
2.40866e-07 5.08386e-06 3.54518e-05 0.000691103 0.00216176 0.00561056 0.0179769 0.0294016 0.0327501 0.911367 
7.55161e-09 1.22796e-07 1.01541e-06 4.07797e-05 0.000521709 0.00173005 0.00605211 0.0199029 0.19597 0.775781 
1.96777e-06 6.29331e-05 0.000807424 0.0102207 0.0513596 0.123139 0.601756 0.108317 0.0662664 0.0380692 
1.16671e-06 2.49202e-05 0.00021914 0.0101045 0.0269557 0.347595 0.124202 0.0832586 0.253931 0.153709 
2.50547e-05 0.000626138 0.00240294 0.0254147 0.0727255 0.2302 0.154077 0.446347 0.0539893 0.0141919 
1.81455e-08 7.61533e-07 4.38761e-06 7.58337e-05 0.000199737 0.00103017 0.00360387 0.00801377 0.0112843 0.975787 
1.26267e-06 3.28751e-05 0.000454096 0.00309869 0.0199341 0.0331591 0.0607903 0.0999986 0.705767 0.0767645 
2.40262e-07 5.39893e-06 6.60357e-05 0.0012802 0.00523111 0.0226381 0.144585 0.409058 0.0810872 0.336049 
7.94209e-09 1.90427e-07 2.17053e-06 2.35015e-05 7.98562e-05 0.00051291 0.00298468 0.00970021 0.0418204 0.944876 
2.13279e-08 4.32912e-07 5.35906e-06 0.000178019 0.00237489 0.373752 0.0602132 0.0532744 0.0670701 0.443132 
5.56989e-07 1.19633e-05 0.000149018 0.00223665 0.0116196 0.0710857 0.099926 0.129457 0.426246 0.259267 
7.11684e-09 3.01951e-07 1.81054e-06 3.11229e-05 8.58541e-05 0.000373397 0.00146545 0.00518163 0.0501736 0.942687 
1.67e-06 4.56514e-05 0.00074699 0.00436086 0.0229255 0.0403569 0.0753614 0.101819 0.656367 0.0980149 
1.86143e-07 4.22762e-06 3.98231e-05 0.000911673 0.00232077 0.00787372 0.0209647 0.0406026 0.0724778 0.854805 
1.5254e-16 3.19109e-15 3.06813e-14 5.87707e-12 3.53273e-10 1.02176e-07 2.34208e-06 0.000415679 0.0106768 0.988905 
2.18512e-08 9.77763e-07 5.72655e-06 0.000101461 0.000397598 0.00161092 0.00720487 0.0187341 0.0385386 0.933406 
8.9561e-09 2.1593e-07 2.47471e-06 2.6423e-05 0.000105949 0.000338595 0.00311882 0.0064039 0.016416 0.973588 
1.60207e-07 3.88899e-06 2.61383e-05 0.000968429 0.00382862 0.00814981 0.0198884 0.0439895 0.0794675 0.843678 
1.14855e-06 3.4521e-05 0.000498585 0.00268336 0.0174082 0.0315643 0.0606513 0.0878774 0.107664 0.691618 
6.8239e-10 1.31906e-08 2.74016e-07 6.12287e-06 7.90837e-05 0.00133418 0.00516 0.0206893 0.227324 0.745407 
1.89842e-07 4.60275e-06 3.16609e-05 0.00101547 0.00411841 0.00795043 0.0203961 0.165952 0.110237 0.690294 
1.51724e-08 2.7457e-07 2.04738e-06 4.50441e-05 0.00072068 0.0048535 0.0168892 0.0645767 0.809059 0.103854 
1.74971e-09 3.79792e-08 4.14954e-07 1.34135e-05 0.000267423 0.00143571 0.00569849 0.0185721 0.0601497 0.913863 
1.88978e-10 3.88579e-09 1.80059e-07 2.63234e-06 2.69843e-05 0.00139204 0.00577624 0.0302898 0.889475 0.0730372 
1.80779e-08 5.03482e-07 4.02063e-06 6.42916e-05 0.000238256 0.00137528 0.00598987 0.0136065 0.469816 0.508905 
2.65993e-09 5.44721e-08 3.34896e-07 6.35394e-06 2.41133e-05 0.000360668 0.000769326 0.00255173 0.022401 0.973886 
2.17383e-07 5.1907e-06 8.40702e-05 0.00192675 0.00256517 0.00704882 0.0162637 0.0288023 0.0377223 0.905582 
1.44834e-08 2.49057e-07 1.91058e-06 4.73053e-05 0.000817087 0.00437375 0.017315 0.058711 0.122926 0.795808 
2.43551e-06 8.0567e-05 0.000864809 0.00596034 0.024788 0.0631548 0.490182 0.30398 0.0757892 0.035198 
1.04313e-06 3.13654e-05 0.000551299 0.00247888 0.0152893 0.0340583 0.0677388 0.661961 0.140926 0.0769637 
1.11704e-10 2.30691e-09 1.10995e-07 1.59851e-06 1.46956e-05 0.000555009 0.0012412 0.0115196 0.92154 0.0651282 
1.00698e-07 2.28089e-06 1.67584e-05 0.000575007 0.00207477 0.00649974 0.0151498 0.0365103 0.07822 0.860951 
1.92678e-07 4.74605e-06 2.93921e-05 0.000768394 0.00179058 0.00461229 0.0133995 0.0284315 0.0419578 0.909006 
2.41275e-09 4.38588e-08 4.3293e-07 9.42748e-06 9.02643e-05 0.00139109 0.00555125 0.0191703 0.456612 0.517176 
1.37627e-07 3.06309e-06 0.000143874 0.000458672 0.00209527 0.00578928 0.0128671 0.0273193 0.0593178 0.892005 
7.87113e-06 0.000280239 0.00166324 0.0123257 0.063615 0.562209 0.260654 0.0595357 0.0301066 0.00960323 
1.86957e-07 3.88722e-06 2.76191e-05 0.000478473 0.00241213 0.00638512 0.0176698 0.0385933 0.0780138 0.856416 
4.22186e-07 9.69036e-06 0.000169545 0.0022611 0.0089487 0.0325514 0.0882182 0.4121 0.390592 0.0651484 
4.32445e-07 9.3075e-06 6.91079e-05 0.00235362 0.00671323 0.020216 0.0516732 0.663853 0.154007 0.101105 
3.31705e-15 7.18577e-14 1.77782e-12 3.94738e-10 5.1445e-08 1.55948e-06 2.05757e-05 0.00154076 0.0166859 0.981751 
1.27084e-07 2.77962e-06 3.43813e-05 0.000389199 0.00263662 0.00870851 0.022515 0.151537 0.743801 0.0703754 
1.94754e-07 4.73045e-06 2.98964e-05 0.000754305 0.00229671 0.00572964 0.0137758 0.0361792 0.0862798 0.85495 
3.36506e-07 7.22583e-06 8.36486e-05 0.00169846 0.0189361 0.0647647 0.256358 0.367056 0.218328 0.0727674 
9.51237e-17 1.98781e-15 1.82351e-14 3.40945e-12 1.33051e-10 4.66934e-08 4.64709e-07 4.5365e-05 0.00189958 0.998055 
5.7799e-07 1.40031e-05 0.000259453 0.00177079 0.0113836 0.0335785 0.0772001 0.102701 0.103264 0.669827 
8.34078e-09 1.98207e-07 2.47197e-06 2.96082e-05 0.000192053 0.00169867 0.00762974 0.419896 0.471636 0.0989155 
2.81518e-08 9.31211e-07 6.91688e-06 0.000145523 0.000439243 0.00255765 0.00894404 0.0206527 0.0417309 0.925522 
4.97157e-08 1.42865e-06 8.96576e-06 0.000165431 0.000831075 0.0030836 0.00903212 0.0343578 0.874926 0.0775936 
1.08553e-07 2.38427e-06 1.83532e-05 0.000391757 0.00196864 0.00573423 0.0232133 0.0660486 0.808273 0.09435 
6.994e-07 1.72999e-05 0.000306324 0.00236003 0.00949519 0.0349169 0.0720185 0.384071 0.45326 0.0435537 
5.01416e-07 1.11894e-05 0.000146614 0.00212955 0.00844995 0.0388092 0.0841635 0.427465 0.095991 0.342834 
8.3431e-06 0.000190846 0.00155199 0.0232127 0.0520579 0.405692 0.345907 0.13087 0.030155 0.0103542 
1.79469e-09 3.19171e-08 3.783e-07 8.00593e-06 0.000121826 0.000936829 0.00441231 0.022463 0.343328 0.62873 
2.3074e-07 5.24384e-06 5.42549e-05 0.00109804 0.00260799 0.00628846 0.0147684 0.0333749 0.826166 0.115636 
1.06195e-09 9.52856e-09 1.11051e-07 2.16653e-06 1.20397e-05 5.69288e-05 0.000397106 0.000670931 0.00211025 0.99675 
2.49462e-07 5.28737e-06 0.000121235 0.00323298 0.00820944 0.0287419 0.0775232 0.13147 0.690896 0.0597989 
1.49665e-07 3.33322e-06 4.40813e-05 0.00167112 0.00287767 0.00664274 0.0166881 0.0389723 0.0874693 0.845631 
5.27068e-14 1.29376e-12 1.8796e-11 9.68955e-10 8.65689e-08 3.23295e-06 6.38328e-05 0.00270719 0.0207301 0.976496 
2.864e-08 6.32358e-07 4.64027e-06 0.000585721 0.00110045 0.00347313 0.0153344 0.208424 0.0764651 0.694611 
8.76354e-08 2.55229e-06 4.08456e-05 0.000288108 0.00108851 0.00559974 0.0188199 0.0457957 0.0940037 0.834361 
8.52119e-07 2.46109e-05 0.000578444 0.00257706 0.0132464 0.0202031 0.0312462 0.0760127 0.136911 0.719199 
2.238e-08 8.80521e-07 5.51694e-06 9.02597e-05 0.000254538 0.00113981 0.00432095 0.0104408 0.0182461 0.965501 
2.76991e-07 6.18616e-06 5.62779e-05 0.0022455 0.006378 0.0165574 0.0386222 0.0789074 0.110751 0.746476 
1.52711e-07 4.1675e-06 8.8414e-05 0.00147379 0.00402747 0.0106425 0.0417544 0.106854 0.727399 0.107756 
5.74271e-07 1.27087e-05 0.000350747 0.00351869 0.0249867 0.101326 0.651045 0.105219 0.0670881 0.0464524 
4.37275e-05 0.000801214 0.00176635 0.0213306 0.050285 0.126898 0.128749 0.599726 0.0542494 0.016151 
1.53583e-06 3.46205e-05 0.000693004 0.00723791 0.0232946 0.0651378 0.123489 0.152933 0.597278 0.0299006 
1.12578e-24 4.00296e-22 2.09186e-19 1.11113e-16 1.13118e-13 1.02071e-11 2.92534e-09 3.13099e-07 0.000555547 0.999444 
3.26448e-09 6.55713e-08 7.70699e-07 1.53739e-05 0.000167378 0.00205602 0.00663948 0.0193242 0.0664568 0.90534 
5.67716e-18 1.25517e-16 4.18987e-15 1.10169e-12 2.86678e-10 8.03737e-08 3.01359e-06 0.000453598 0.0127963 0.986747 
6.53438e-11 1.38578e-09 4.85584e-08 9.6468e-07 4.61441e-05 0.000572391 0.00408229 0.161156 0.637179 0.196963 
4.15413e-06 9.33267e-05 0.000967341 0.0108758 0.125986 0.550184 0.138842 0.0769983 0.0550045 0.0410438 
6.99185e-06 0.000159895 0.00111608 0.00976357 0.0341624 0.0600309 0.0955822 0.7007 0.0711909 0.0272867 
2.23862e-05 0.000352255 0.00381407 0.0779903 0.156946 0.251411 0.265615 0.161816 0.0546135 0.0274198 
2.31827e-06 5.33998e-05 0.000695124 0.00909374 0.269607 0.468269 0.0893823 0.12016 0.0269324 0.0158049 
3.76768e-07 9.13843e-06 9.31175e-05 0.00152249 0.00530932 0.0177454 0.0411783 0.0697008 0.0853105 0.779131 
2.07245e-34 1.05513e-30 1.11965e-26 9.86459e-23 5.62702e-19 8.74533e-15 2.63683e-10 6.46397e-05 0.00158109 0.998354 
3.10969e-08 6.46185e-07 5.42609e-06 0.00122344 0.00177658 0.00457444 0.018064 0.0632017 0.126359 0.784795 
6.43606e-11 1.39677e-09 2.12654e-08 4.32241e-07 2.67367e-06 1.86378e-05 0.000185086 0.002407 0.0197883 0.977598 
2.77338e-09 6.92722e-08 9.47906e-07 1.04667e-05 4.13474e-05 0.000256985 0.000972006 0.00226907 0.00944487 0.987004 
8.40482e-06 0.00031951 0.00183907 0.0113347 0.0636112 0.21234 0.120932 0.0663921 0.463911 0.0593117 
1.61857e-06 4.34929e-05 0.000584132 0.00346516 0.0258495 0.042569 0.0827688 0.616336 0.181506 0.0468757 
6.42462e-07 1.70812e-05 0.000216218 0.00224995 0.00984497 0.0306651 0.0724994 0.679989 0.129632 0.0748855 
1.02692e-06 2.97934e-05 0.000547775 0.00335349 0.0164039 0.0230517 0.0456404 0.0505352 0.0777325 0.782704 
1.65829e-07 3.72444e-06 3.10669e-05 0.00103319 0.00306112 0.00760871 0.0214795 0.254491 0.295643 0.416649 
9.18792e-11 1.90053e-09 7.77828e-08 1.5699e-06 2.31045e-05 0.00118573 0.00184465 0.0121917 0.901665 0.0830885 
3.35077e-09 7.68229e-08 8.0306e-07 1.11874e-05 5.55356e-05 0.0012567 0.00594948 0.0353769 0.0869132 0.870436 
5.83606e-07 1.33144e-05 0.000271087 0.00296304 0.0118638 0.057112 0.519754 0.185164 0.0585122 0.164346 
1.82568e-26 6.90882e-24 5.01424e-21 7.24905e-18 7.68585e-15 1.38208e-11 1.21449e-08 4.9575e-05 0.00165082 0.9983 
0.00012564 0.00311532 0.0117848 0.055298 0.131219 0.611302 0.127349 0.0360703 0.0179826 0.00575357 
2.3227e-07 5.21996e-06 3.8096e-05 0.000889893 0.00322371 0.00827558 0.0264667 0.0584081 0.112908 0.789784 
1.06214e-05 0.000336105 0.00215613 0.0126097 0.0420488 0.120651 0.663559 0.095167 0.0450189 0.0184423 
5.41121e-05 0.00167763 0.011366 0.0286784 0.0733099 0.62494 0.151842 0.061327 0.03319 0.0136151 
1.98481e-10 4.07696e-09 1.84498e-07 2.86981e-06 3.34562e-05 0.00139595 0.00322847 0.0175804 0.861236 0.116523 
9.95432e-11 2.29261e-09 1.44241e-08 4.24967e-07 1.81595e-06 1.1815e-05 0.000109946 0.000689437 0.00587067 0.993316 
3.66059e-10 8.16645e-09 1.49449e-07 2.07123e-06 1.44724e-05 0.000417111 0.00114938 0.00886686 0.0434831 0.946067 
8.23304e-08 2.04752e-06 4.77438e-05 0.000608641 0.00117937 0.00397881 0.0125923 0.0189177 0.0184479 0.944225 
1.82906e-23 5.7622e-21 3.03188e-18 1.12376e-15 8.25988e-13 2.05154e-10 2.53735e-07 0.000723561 0.484789 0.514488 
2.05581e-11 4.2257e-10 2.20176e-08 2.49121e-07 1.17433e-06 5.95469e-06 7.21387e-05 0.00191031 0.0192842 0.978726 
7.9567e-12 1.67143e-10 5.75084e-09 1.75958e-07 3.52804e-06 0.000190791 0.00075481 0.00764644 0.0407155 0.950689 
1.90537e-08 3.62068e-07 3.15503e-06 7.23677e-05 0.00157319 0.00247039 0.00787354 0.0248819 0.060901 0.902224 
1.4175e-08 3.02243e-07 2.90389e-06 4.31903e-05 0.000180697 0.00198223 0.00596087 0.0181411 0.0485863 0.925102 
2.38583e-07 6.22025e-06 9.0467e-05 0.00238515 0.00646567 0.0167711 0.0268485 0.0575417 0.0877632 0.802128 
2.41684e-08 1.15399e-06 5.36112e-06 0.000109653 0.000284194 0.00113521 0.00366854 0.0165199 0.92388 0.0543955 
1.2788e-10 2.63109e-09 1.19617e-07 1.88655e-06 2.24624e-05 0.00119878 0.00477764 0.026551 0.0730954 0.894353 
8.26693e-09 1.43654e-07 9.94983e-07 2.44219e-05 0.000573496 0.00577532 0.540535 0.350165 0.0624238 0.040501 
2.10644e-12 4.93888e-11 9.41276e-10 3.4996e-08 4.09549e-07 2.0367e-05 0.000351367 0.0047246 0.479566 0.515337 
1.37795e-05 0.000397264 0.00133384 0.0237567 0.0354425 0.0854967 0.711102 0.0864479 0.0387975 0.0172116 
6.26744e-08 1.83466e-06 1.28289e-05 0.000246663 0.00085882 0.00372638 0.0123853 0.0304351 0.0585159 0.893817 
8.23951e-11 1.70395e-09 8.02859e-08 1.22605e-06 1.238e-05 0.000496531 0.000534738 0.00399628 0.023285 0.971674 
2.87643e-07 6.66558e-06 0.000117969 0.00204109 0.00561681 0.0188991 0.0615377 0.704149 0.114352 0.0932795 
1.89864e-20 4.0378e-19 7.63615e-18 1.72643e-15 2.85405e-13 1.15005e-10 1.09768e-08 3.03587e-05 0.00237097 0.997599 
6.75343e-07 1.58284e-05 0.000419436 0.00417755 0.0200124 0.123549 0.278007 0.212493 0.293964 0.0673609 
5.82349e-09 1.39207e-07 1.72879e-06 2.32763e-05 0.000734003 0.00450296 0.0213606 0.0684137 0.859086 0.045878 
2.09406e-15 4.39403e-14 5.13423e-13 1.41842e-10 4.94763e-09 8.66003e-07 1.65583e-05 0.00218173 0.0259084 0.971892 
1.67956e-06 4.03894e-05 0.000510879 0.00598251 0.0720914 0.0604528 0.663234 0.0572959 0.0750868 0.0653032 
5.78638e-06 0.0002147 0.0014904 0.0147261 0.0349325 0.0704882 0.0783085 0.10439 0.651343 0.044101 
6.54039e-09 1.28076e-07 1.28206e-06 0.000195417 0.00043151 0.00396329 0.203274 0.172379 0.347236 0.27252 
4.68502e-09 1.40265e-07 7.12596e-07 1.57739e-05 5.54463e-05 0.000260397 0.00128833 0.00219365 0.00608248 0.990103 
2.31748e-08 5.25874e-07 1.11746e-05 0.00103085 0.00107313 0.003425 0.00892821 0.0227306 0.841088 0.121713 
1.77252e-07 3.92728e-06 2.61825e-05 0.000642842 0.00227527 0.00638212 0.0195372 0.0521005 0.101626 0.817405 
3.313e-07 8.06434e-06 0.000141677 0.000784824 0.00897107 0.0132277 0.0452565 0.714009 0.124947 0.092654 
1.36591e-07 3.08867e-06 5.79375e-05 0.00103506 0.00426948 0.096659 0.0379251 0.109456 0.478409 0.272186 
1.89697e-10 3.90962e-09 1.58885e-07 2.55537e-06 2.90319e-05 0.00113962 0.00316294 0.0139366 0.0526753 0.929054 
6.13291e-07 1.50783e-05 0.000179679 0.00208527 0.00859193 0.025173 0.0641422 0.614601 0.217392 0.0678191 
1.6353e-07 3.99803e-06 5.66562e-05 0.00173671 0.00442487 0.0137538 0.0526597 0.702895 0.12395 0.100519 
1.34485e-06 3.31993e-05 0.000570258 0.00435149 0.0259701 0.611236 0.125816 0.123112 0.0705513 0.0383577 
7.48469e-07 2.13015e-05 0.000418976 0.00323809 0.00926832 0.0198387 0.0530498 0.728393 0.103285 0.0824861 
2.23019e-09 4.03822e-08 5.05563e-07 1.13723e-05 0.000384055 0.00370338 0.0129057 0.0511307 0.861647 0.0702169 
7.43433e-09 1.32806e-07 1.22097e-06 2.84227e-05 0.000966806 0.00277838 0.00734898 0.033001 0.088837 0.867038 
4.32926e-08 1.33651e-06 8.96467e-06 0.000198622 0.000595808 0.00305571 0.00919873 0.0237643 0.0580231 0.905153 
2.54909e-08 1.21191e-06 6.26176e-06 0.000120773 0.00060845 0.00137567 0.00551697 0.0274024 0.0729467 0.892022 
1.27784e-07 2.72736e-06 4.53413e-05 0.00124818 0.00400552 0.0150897 0.0517199 0.745346 0.105166 0.0773772 
8.58522e-11 1.77362e-09 4.67816e-08 9.78672e-07 1.52995e-05 0.0002637 0.000862257 0.00218316 0.00744429 0.98923 
2.85793e-08 9.78957e-07 7.32483e-06 0.000117715 0.000370827 0.00162202 0.00636321 0.0128699 0.0247542 0.953894 
1.78e-10 4.27376e-09 5.97896e-08 8.88663e-07 4.45655e-06 3.96685e-05 7.28587e-05 0.000472699 0.00999913 0.98941 
8.55771e-08 2.40537e-06 1.76458e-05 0.000368603 0.00114597 0.00495248 0.0194871 0.0591132 0.788606 0.126306 
1.17729e-10 2.43141e-09 1.17831e-07 1.67081e-06 1.57248e-05 0.000671668 0.00267068 0.849683 0.0769557 0.0700014 
4.58764e-06 0.000117556 0.00163916 0.0166833 0.0525987 0.106675 0.65684 0.106915 0.0427862 0.015741 
1.90919e-07 4.6396e-06 0.000110135 0.00171265 0.00311048 0.00798608 0.019892 0.0502878 0.107728 0.809168 
7.49146e-08 2.03162e-06 1.36124e-05 0.000861835 0.00147114 0.00551908 0.0164585 0.0457675 0.108368 0.821538 
7.7393e-10 8.81734e-09 1.86158e-07 3.05885e-06 2.83132e-05 0.00105497 0.00259674 0.0174631 0.895268 0.0835861 
8.7134e-05 0.00195184 0.00935007 0.0532088 0.274075 0.493705 0.113739 0.0355161 0.015253 0.00311433 
1.19273e-07 2.67387e-06 2.05878e-05 0.000413618 0.00158388 0.00888963 0.020917 0.0803683 0.651764 0.23604 
2.16686e-09 4.36289e-08 6.69889e-07 2.02099e-05 0.000770126 0.0063497 0.0293848 0.084503 0.803405 0.075566 
1.9886e-10 4.24805e-09 7.07307e-08 1.61626e-06 1.44441e-05 0.000241764 0.00247838 0.0110854 0.878982 0.107197 
2.17727e-08 5.42393e-07 2.75347e-05 0.000237833 0.00251551 0.0146082 0.703051 0.132964 0.086228 0.0603673 
9.79948e-05 0.00330882 0.0247039 0.0209948 0.0369015 0.623947 0.145748 0.0861367 0.0391176 0.0190435 
1.53554e-08 3.16936e-07 3.11604e-06 0.000818525 0.00122977 0.00800398 0.0343106 0.57203 0.300194 0.0834097 
7.45231e-07 1.97436e-05 0.000449772 0.00230129 0.0141492 0.0373489 0.069306 0.698774 0.116426 0.0612244 
8.98347e-07 2.08755e-05 0.000331438 0.00361129 0.0145651 0.0475366 0.115025 0.688492 0.0857155 0.0447003 
2.10524e-10 4.35464e-09 1.9893e-07 3.05997e-06 3.21029e-05 0.00134576 0.00234527 0.0129306 0.04469 0.938653 
1.25093e-15 2.63818e-14 3.91652e-13 1.37098e-10 4.77413e-09 6.42451e-07 1.43297e-05 0.00107111 0.0143879 0.984526 
2.21085e-12 4.38131e-11 1.45401e-09 2.57458e-08 5.69238e-07 7.78571e-06 0.000161223 0.00143454 0.0210423 0.977354 
2.60216e-09 5.44426e-08 5.26281e-07 1.06408e-05 6.81254e-05 0.00224616 0.0161676 0.843148 0.074209 0.0641498 
2.42872e-07 5.38292e-06 3.91513e-05 0.00149222 0.00346213 0.0141146 0.025665 0.0680638 0.77365 0.113507 
6.01191e-07 1.76781e-05 0.000371483 0.00148022 0.0101006 0.0117865 0.0215698 0.0566563 0.813925 0.0840919 
3.24466e-07 7.62594e-06 0.000175254 0.00108099 0.00591754 0.0229833 0.0688704 0.609141 0.0824812 0.209343 
3.79507e-07 9.67645e-06 0.000173719 0.0027735 0.0282361 0.121258 0.305108 0.307299 0.168064 0.0670781 
1.93161e-08 5.65709e-07 4.52366e-06 6.5873e-05 0.00023144 0.00151858 0.00493828 0.0119599 0.0190446 0.962236 
2.77185e-06 0.000155523 0.000704151 0.00584834 0.0338042 0.560527 0.150222 0.133894 0.0748817 0.0399606 
4.52114e-10 9.57501e-09 2.06373e-07 4.1893e-06 3.79574e-05 0.00102107 0.00373579 0.0152918 0.0545061 0.925403 
3.93258e-07 9.67047e-06 0.000115918 0.00121957 0.00795369 0.0330414 0.0796861 0.694115 0.105219 0.0786386 
7.91031e-09 4.25952e-07 1.88149e-06 4.04582e-05 0.000104712 0.000459748 0.00130464 0.00566718 0.0235372 0.968884 
1.08334e-06 2.76021e-05 0.000286691 0.0029839 0.013314 0.0332678 0.0741612 0.117922 0.714919 0.0431177 
3.11088e-07 6.94467e-06 9.9984e-05 0.00181255 0.0107204 0.160946 0.0598461 0.29533 0.415052 0.0561863 
2.1296e-07 5.1524e-06 7.10488e-05 0.00139039 0.00545434 0.0175605 0.319962 0.275071 0.104331 0.276154 
1.98311e-10 4.13242e-09 1.26302e-07 2.28813e-06 2.38844e-05 0.000812525 0.00213845 0.0145405 0.719354 0.263128 
4.20228e-07 9.59053e-06 0.000153454 0.00238247 0.00799511 0.0185715 0.045889 0.0864321 0.75346 0.0851063 
2.19889e-08 6.12121e-07 4.79921e-06 0.000356199 0.00105018 0.00269739 0.0087639 0.0261933 0.118942 0.841991 
2.68611e-08 5.73214e-07 6.23483e-06 0.000908933 0.000875765 0.0022042 0.00825143 0.0197409 0.0420409 0.925971 
3.25703e-08 6.67305e-07 1.91095e-05 0.000511588 0.0041838 0.0311436 0.70643 0.129055 0.0737064 0.05495 
7.39981e-08 2.01541e-06 1.33326e-05 0.000210085 0.00159723 0.00775439 0.0274577 0.378631 0.153646 0.430688 
7.27443e-08 1.55337e-06 1.20858e-05 0.000397896 0.00130598 0.00738308 0.0221446 0.0638766 0.115599 0.789279 
2.90605e-09 4.0686e-08 7.51279e-07 1.65411e-05 0.000773943 0.00737393 0.0374857 0.0994879 0.796297 0.0585646 
5.90433e-11 1.22223e-09 5.83373e-08 8.66215e-07 9.40436e-06 0.000370986 0.00116097 0.0062525 0.0275206 0.964685 
1.79571e-12 4.09308e-11 2.01851e-09 3.12607e-07 2.33883e-05 0.00138713 0.0115973 0.879567 0.0718274 0.0355978 
1.18744e-08 5.11205e-07 2.55934e-06 5.17188e-05 0.000184603 0.00120318 0.00316649 0.00797453 0.0193177 0.968099 
9.63846e-08 2.53555e-06 4.98095e-05 0.0017609 0.00758777 0.0430176 0.675392 0.102203 0.0859069 0.0840793 
5.23256e-05 0.00165288 0.0108091 0.0172012 0.0402246 0.107141 0.102011 0.0828262 0.0289475 0.609134 
3.69396e-10 7.66386e-09 1.48501e-07 2.70137e-06 5.75548e-05 0.000965715 0.0040285 0.0671711 0.501477 0.426297 
2.92361e-13 6.12076e-12 5.75642e-11 9.14254e-09 2.94728e-07 4.39304e-05 0.000190011 0.0038593 0.482263 0.513643 
1.89316e-07 4.14437e-06 3.13776e-05 0.00175351 0.00286901 0.00772092 0.0185508 0.0429248 0.0872616 0.838884 
3.58216e-11 7.03818e-10 2.38672e-08 3.95071e-07 6.58177e-06 0.000350472 0.00138994 0.00816422 0.0415235 0.948565 
4.82052e-09 7.09299e-08 6.72649e-07 1.43969e-05 7.03565e-05 0.000664237 0.00250319 0.00802703 0.0344103 0.95431 
1.25214e-05 0.000460084 0.00236384 0.0144335 0.0697846 0.22677 0.127121 0.0931777 0.427251 0.0386248 
4.65785e-08 1.40369e-06 1.53857e-05 0.000279847 0.002655 0.0120377 0.0420607 0.73688 0.126131 0.0799389 
2.44717e-07 5.93474e-06 3.78445e-05 0.000880496 0.00259744 0.00630241 0.0152569 0.0280808 0.0455517 0.901286 
7.70196e-12 1.67226e-10 5.60525e-09 7.81111e-07 0.000158293 0.00214475 0.0152574 0.853533 0.0284248 0.100481 
1.9662e-10 4.04837e-09 1.83765e-07 2.82485e-06 3.14537e-05 0.00129816 0.00347517 0.0271865 0.891271 0.0767351 
1.82841e-07 4.34385e-06 3.29789e-05 0.000724189 0.00224433 0.0051479 0.014417 0.0268979 0.037226 0.913305 
2.95004e-07 6.26625e-06 4.29757e-05 0.000908139 0.0031722 0.00899689 0.0207275 0.0466605 0.773029 0.146456 
5.51519e-07 1.14492e-05 0.000321551 0.00414401 0.0174804 0.0475721 0.0920258 0.691663 0.0822561 0.0645248 
8.95443e-11 1.85644e-09 3.44407e-08 5.41915e-07 1.27654e-05 8.19593e-05 0.00012365 0.000598501 0.00751164 0.991671 
0.00100304 0.0168698 0.490474 0.089962 0.278383 0.0659288 0.0332889 0.0139917 0.0092622 0.000836902 
8.67121e-08 1.90653e-06 2.80116e-05 0.000812482 0.00345729 0.00990021 0.0266884 0.0615057 0.824428 0.0731779 
1.91407e-07 4.08701e-06 0.000175926 0.000369861 0.00166761 0.00414744 0.00880739 0.0126403 0.0153115 0.956876 
1.04699e-10 2.1399e-09 7.04515e-08 1.20882e-06 1.66833e-05 0.000763863 0.00293443 0.0122339 0.0487489 0.935301 
7.51097e-13 1.57055e-11 1.47838e-10 2.76165e-08 9.89503e-07 0.000284587 0.0018074 0.0148454 0.955742 0.0273197 
3.33476e-11 6.91933e-10 3.16527e-08 5.32636e-07 6.71732e-06 0.000356053 0.00140907 0.00999103 0.938353 0.0498832 
2.19997e-08 4.42243e-07 5.44101e-06 0.000145987 0.00141084 0.00465746 0.0166383 0.047701 0.806987 0.122453 
2.18173e-13 4.67164e-12 8.83619e-11 7.15521e-09 2.30423e-07 1.48129e-05 0.000693875 0.0145558 0.931505 0.0532299 
4.68681e-08 1.20794e-06 3.15478e-05 0.000678964 0.00153491 0.0056867 0.0768782 0.372235 0.322743 0.220211 
1.08709e-07 2.97217e-06 1.85752e-05 0.000449739 0.0019381 0.00479869 0.0141752 0.741261 0.115083 0.122273 
3.44898e-05 0.000826107 0.00362537 0.0342219 0.506547 0.235474 0.125613 0.0544134 0.0291892 0.0100563 
1.16285e-08 2.46367e-07 2.73801e-06 3.89087e-05 0.000254944 0.00219266 0.00934747 0.4095 0.0779332 0.500729 
9.78191e-11 2.2746e-09 3.8673e-08 6.32412e-07 3.9841e-06 4.22356e-05 9.50052e-05 0.000248092 0.00227973 0.99733 
1.96216e-07 4.35067e-06 3.01751e-05 0.000397307 0.00348152 0.0066665 0.0183521 0.0621348 0.824332 0.0846015 
7.73323e-13 1.76005e-11 1.69477e-10 9.39588e-09 5.41068e-08 2.01645e-06 2.83313e-05 0.00582573 0.954402 0.039742 
7.93427e-15 1.72433e-13 4.03212e-12 5.72435e-10 7.74018e-08 2.40025e-06 6.58177e-05 0.00413179 0.924002 0.0717984 
9.95101e-14 2.14257e-12 3.57388e-11 3.74446e-09 9.21539e-08 2.08147e-06 7.74682e-07 0.000379691 0.957801 0.0418159 
0.00403343 0.0135092 0.0307132 0.74565 0.14696 0.0515415 0.00703105 0.0005455 1.57417e-05 4.6501e-07 
2.00566e-08 4.07109e-07 1.26176e-05 0.000231051 0.00147488 0.0100092 0.203533 0.0387864 0.680169 0.065783 
1.8244e-09 3.33471e-08 4.07678e-07 1.01069e-05 0.000249299 0.0025936 0.0109665 0.055171 0.855496 0.0755132 
2.78899e-11 5.70647e-10 4.51074e-09 9.11645e-08 6.88668e-07 1.08353e-05 4.12986e-05 0.00120841 0.0212176 0.977521 
2.86417e-06 6.48024e-05 0.000725895 0.00836731 0.0277332 0.0657387 0.122641 0.143004 0.599884 0.0318372 
7.26782e-12 1.58402e-10 2.78216e-09 5.63389e-08 2.40202e-07 3.15818e-06 4.55678e-05 0.00269235 0.0271838 0.970075 
5.00202e-08 1.06795e-06 1.58229e-05 0.00119213 0.00215588 0.00560021 0.0575129 0.0390379 0.112898 0.781586 
1.6482e-07 3.98163e-06 2.56077e-05 0.000657139 0.00170157 0.00350427 0.00852475 0.0153491 0.0368055 0.933428 
3.84154e-07 8.39612e-06 0.000185761 0.00433225 0.0147658 0.0740251 0.710046 0.0958638 0.0531536 0.0476194 
7.55859e-09 1.88742e-07 2.37726e-06 2.10951e-05 6.56719e-05 0.000208823 0.00209125 0.00392864 0.0130834 0.980599 
0.000135444 0.00513268 0.0283653 0.0655561 0.40984 0.301083 0.101809 0.0525751 0.0220939 0.0134081 
9.07494e-25 2.79792e-22 1.40525e-19 4.23871e-17 2.22982e-14 4.27228e-12 2.58153e-09 1.97547e-05 0.000810352 0.99917 
4.15719e-09 8.4994e-08 7.48443e-07 1.68037e-05 0.000181985 0.00312542 0.0101282 0.0652153 0.250254 0.671077 
3.00613e-09 5.93605e-08 6.58569e-07 1.3811e-05 0.000180697 0.00161594 0.00493675 0.0131143 0.0325796 0.947558 
0.000124678 0.00381996 0.0287808 0.0314818 0.0314132 0.0542693 0.680267 0.101712 0.0505688 0.0175629 
8.04156e-08 1.75608e-06 4.73488e-05 0.00132386 0.00506647 0.0163822 0.0586234 0.741128 0.111025 0.0664014 
2.26109e-07 5.38019e-06 5.20342e-05 0.00164882 0.00527245 0.0140881 0.0356641 0.658746 0.154121 0.130402 
2.37899e-06 5.1709e-05 0.000732664 0.0177224 0.101506 0.0933608 0.0452624 0.0476515 0.618745 0.0749652 
6.69609e-10 1.53178e-08 4.24794e-07 5.54089e-06 2.86465e-05 0.00037926 0.00115268 0.00428118 0.0148628 0.979289 
2.48816e-07 6.09465e-06 6.95428e-05 0.000538204 0.00426533 0.0179576 0.0487691 0.718104 0.121648 0.0886423 
7.10351e-07 1.5499e-05 0.000263111 0.00456391 0.0112355 0.028128 0.0631994 0.111977 0.692843 0.0877736 
1.49502e-08 5.67714e-07 3.81706e-06 6.27102e-05 0.000216916 0.00153521 0.00512979 0.0173853 0.231745 0.74392 
6.36511e-08 1.66272e-06 1.15376e-05 0.000219442 0.000783223 0.00305906 0.00917332 0.0200621 0.0425015 0.924188 
4.14183e-13 8.84883e-12 2.37154e-10 1.21425e-08 3.38925e-07 3.67098e-05 9.04421e-05 0.00179161 0.0187437 0.979337 
4.94469e-06 0.00028305 0.00112788 0.0104589 0.0448573 0.136889 0.636555 0.0954002 0.04957 0.024854 
1.88933e-06 4.79463e-05 0.000818111 0.00711817 0.392318 0.11241 0.275498 0.116076 0.0585761 0.0371353 
7.28294e-08 1.97884e-06 1.8392e-05 0.0015897 0.00218095 0.00586152 0.0180013 0.049497 0.105419 0.81743 
8.00833e-07 1.81148e-05 0.000320325 0.00372314 0.0119154 0.0455365 0.085356 0.112385 0.682423 0.058322 
2.21752e-07 4.99666e-06 3.24358e-05 0.000643609 0.00360463 0.0100675 0.0242936 0.0689011 0.771059 0.121393 
1.087e-05 0.000383429 0.00137747 0.0118099 0.060409 0.191007 0.121958 0.0767989 0.0642514 0.471994 
2.73359e-09 4.72746e-08 6.4398e-07 1.36646e-05 0.000181584 0.00238954 0.00836465 0.0322129 0.0770292 0.879808 
1.16756e-11 2.42105e-10 1.07062e-08 1.91486e-07 2.43212e-06 0.000131176 0.000191218 0.0043606 0.645396 0.349918 
8.2123e-10 1.68485e-08 7.34487e-08 1.29174e-06 4.69212e-06 2.71966e-05 4.7677e-05 0.000834896 0.00210109 0.996983 
1.13423e-07 2.52634e-06 2.06533e-05 0.000323857 0.00190505 0.0045674 0.0148165 0.0285568 0.032034 0.917773 
2.20369e-07 5.20538e-06 4.21006e-05 0.00131403 0.00297023 0.0077941 0.0203304 0.039903 0.0687191 0.858922 
2.151e-07 4.91091e-06 5.9524e-05 0.00102323 0.0028474 0.00705133 0.0147219 0.0271543 0.047344 0.899793 
3.5583e-07 7.813e-06 0.000120403 0.00293735 0.0177705 0.380538 0.181738 0.0814588 0.241485 0.0939444 
2.71215e-08 6.43126e-07 6.6183e-06 0.000845819 0.00141467 0.00532729 0.0224462 0.0813067 0.442258 0.446394 
1.10379e-07 2.55754e-06 1.84009e-05 0.000341328 0.00151565 0.00436643 0.0130588 0.77679 0.0946353 0.109271 
1.93925e-07 4.28152e-06 5.89734e-05 0.00138818 0.00568075 0.0142518 0.0530122 0.727922 0.104067 0.0936142 
2.19113e-08 8.64063e-07 5.54464e-06 9.21129e-05 0.000279802 0.00256388 0.00979687 0.0442781 0.845487 0.0974959 
8.30816e-06 0.00024045 0.0212321 0.128963 0.0385069 0.053527 0.498833 0.10543 0.1403 0.0129597 
3.29232e-12 6.50958e-11 1.86109e-09 4.25748e-08 1.17071e-06 4.65774e-05 0.000406145 0.00219382 0.0170732 0.980279 
2.15689e-07 5.46496e-06 3.47526e-05 0.000955195 0.00167871 0.00370211 0.0102659 0.0190614 0.0445047 0.919792 
2.29251e-07 4.82008e-06 3.56708e-05 0.000801735 0.00220186 0.00614365 0.0192413 0.0496962 0.0876511 0.834224 
3.29932e-12 6.78586e-11 3.49241e-09 4.10702e-08 2.99904e-07 5.38426e-06 6.97914e-05 0.00224945 0.0129319 0.984743 
2.0151e-08 3.76278e-07 2.91328e-06 7.0453e-05 0.00107887 0.00348853 0.0111114 0.0466219 0.834746 0.10288 
3.02311e-11 6.28236e-10 2.74856e-08 4.98978e-07 7.16757e-06 0.000324588 0.00205148 0.0169306 0.908902 0.0717837 
5.04807e-06 0.000152532 0.00129501 0.00849922 0.0649861 0.63714 0.183373 0.0798491 0.0188112 0.00588866 
7.77955e-27 2.31614e-24 1.23876e-21 4.62415e-19 3.94035e-16 2.35324e-12 1.22606e-08 6.1029e-05 0.00229679 0.997642 
5.6262e-09 2.58096e-07 1.16533e-06 2.78343e-05 9.66549e-05 0.000680629 0.00281543 0.00975675 0.0341947 0.952427 
4.97507e-06 0.000229202 0.00149106 0.00925656 0.0352504 0.0947823 0.128216 0.644108 0.0640401 0.0226209 
9.05223e-11 1.87686e-09 8.3467e-08 1.36317e-06 1.53184e-05 0.000650567 0.00173731 0.066176 0.651606 0.279813 
1.24091e-06 2.56593e-05 0.000118329 0.00225597 0.0344203 0.116323 0.0292953 0.0638723 0.455968 0.29772 
6.22944e-11 1.32329e-09 3.99765e-08 1.33013e-06 2.62507e-05 0.00116052 0.00247141 0.0224309 0.908915 0.0649947 
1.1934e-10 2.45902e-09 1.20596e-07 1.54416e-06 1.11596e-05 0.000250505 0.000702284 0.00627571 0.04234 0.950419 
2.14698e-08 4.11748e-07 3.27226e-06 7.10003e-05 0.000647091 0.00236318 0.00668056 0.0209455 0.0547216 0.914567 
2.62693e-07 5.75805e-06 3.79723e-05 0.00100271 0.00290052 0.00717855 0.0145733 0.0362823 0.0755096 0.862509 
2.02706e-10 4.15453e-09 1.8525e-07 2.95928e-06 4.12379e-05 0.00213236 0.00811549 0.0452535 0.87616 0.0682944 
1.32684e-09 3.22163e-08 3.87427e-07 4.99001e-06 1.72792e-05 5.77072e-05 0.000804989 0.00201082 0.0177834 0.97932 
3.53853e-07 8.57583e-06 0.000217243 0.00223722 0.00855324 0.041491 0.668321 0.141453 0.0825261 0.0551926 
9.88833e-29 2.00832e-25 5.92105e-22 1.76928e-18 2.75078e-15 1.31612e-11 5.90934e-08 0.000151473 0.00458403 0.995264 
2.3891e-07 5.07265e-06 9.01961e-05 0.0036554 0.00940197 0.0459191 0.705084 0.113774 0.0697682 0.0523013 
2.65395e-12 5.52582e-11 2.29403e-09 4.76655e-08 6.84764e-07 3.49296e-05 0.000159623 0.00585237 0.947251 0.0467009 
2.84278e-10 5.82802e-09 2.48322e-08 4.34071e-07 1.66762e-06 1.36427e-05 8.00268e-05 0.00283938 0.0248113 0.972253 
4.10257e-09 9.71766e-08 1.87654e-05 4.02407e-05 0.00116132 0.00601123 0.024882 0.767299 0.127399 0.0731882 
2.14992e-07 5.38699e-06 4.89036e-05 0.00112544 0.00613113 0.0368743 0.669976 0.126277 0.0963295 0.0632323 
4.96735e-10 1.0482e-08 1.83905e-07 4.15795e-06 5.44511e-05 0.000527403 0.00168953 0.00488677 0.014722 0.978115 
1.56188e-07 4.06344e-06 2.53118e-05 0.000646391 0.00141524 0.00481412 0.0139768 0.033958 0.0682667 0.876893 
8.0569e-05 0.00200237 0.00740571 0.0641434 0.297484 0.41688 0.134202 0.0467421 0.0232987 0.0077612 
2.15943e-07 4.7849e-06 3.37736e-05 0.000703434 0.00284795 0.00895457 0.0288131 0.718169 0.131753 0.108721 
4.78313e-13 9.38095e-12 1.81471e-10 1.03766e-08 1.58945e-07 8.17696e-06 9.21612e-05 0.00138897 0.0128623 0.985648 
1.07217e-08 5.42747e-07 2.86741e-06 5.7348e-05 0.0001769 0.00205578 0.0050236 0.0182 0.0522544 0.922228 
1.22864e-08 2.74731e-07 2.91199e-06 5.38942e-05 0.000886217 0.00397951 0.0143392 0.0496068 0.102833 0.828299 
8.58149e-09 1.97657e-07 2.54511e-06 3.54221e-05 0.000242549 0.00266631 0.00939467 0.0277506 0.0691589 0.890749 
4.93625e-07 1.25962e-05 0.000142824 0.00181116 0.00956637 0.0463572 0.644582 0.130358 0.0979315 0.0692379 
1.95133e-06 5.02017e-05 0.000493385 0.00651713 0.0234127 0.0507237 0.0952681 0.686246 0.0870277 0.0502595 
7.95668e-07 1.85244e-05 0.000351317 0.00455869 0.0183248 0.0613116 0.642225 0.143766 0.0826076 0.0468349 
0.00015623 0.00491147 0.153979 0.279522 0.160127 0.190771 0.130472 0.0542855 0.0220113 0.00376477 
1.99037e-07 4.49041e-06 0.000127301 0.000678282 0.002035 0.00383749 0.00520984 0.0124155 0.0319526 0.943739 
2.81045e-07 7.12202e-06 8.00058e-05 0.00158944 0.00655074 0.0208856 0.263318 0.284689 0.196081 0.226799 
1.04339e-05 0.000246444 0.00144567 0.017484 0.0714908 0.468895 0.0552316 0.0373293 0.285113 0.062754 
2.7334e-09 6.65723e-08 1.0139e-06 1.6983e-05 0.000434322 0.0019882 0.00755657 0.028891 0.473111 0.488001 
3.89846e-12 7.76971e-11 1.41905e-09 5.47804e-08 1.64821e-06 0.000186539 0.00120737 0.0187681 0.918492 0.0613443 
2.71583e-06 6.92724e-05 0.000770725 0.00792015 0.0329241 0.0545063 0.108538 0.132951 0.617198 0.0451207 
2.15134e-08 9.16781e-07 5.32452e-06 9.48267e-05 0.000320782 0.00293656 0.010871 0.0455697 0.854862 0.0853394 
2.36394e-07 5.76546e-06 0.000155006 0.00484875 0.0244044 0.246234 0.272059 0.334117 0.0731387 0.0450371 
3.01755e-05 0.000789753 0.00340348 0.0254997 0.0943935 0.581312 0.143926 0.113254 0.0290236 0.00836741 
6.60087e-09 1.3937e-07 1.39394e-06 0.000302372 0.000366819 0.00194924 0.0056131 0.016008 0.0492874 0.926472 
6.3904e-11 1.32468e-09 5.97845e-08 1.01799e-06 1.19205e-05 0.000517178 0.000537389 0.00354283 0.01572 0.97967 
3.21697e-16 6.72647e-15 6.32207e-14 1.19856e-11 6.20769e-10 1.84099e-07 3.61728e-06 0.000819303 0.927038 0.0721386 
6.47277e-08 1.86391e-06 1.30247e-05 0.000922471 0.00247559 0.00704203 0.0244519 0.077024 0.139944 0.748125 
6.29257e-16 1.32959e-14 1.70604e-13 2.98989e-11 1.80641e-09 1.53064e-07 2.06357e-06 0.000410381 0.0063541 0.993233 
1.63306e-07 3.85351e-06 2.53735e-05 0.000607265 0.00210938 0.00641799 0.0145725 0.0373708 0.678854 0.260038 
2.77613e-09 6.33468e-08 5.99383e-07 7.06107e-06 2.69866e-05 0.000161403 0.000550011 0.00421182 0.0208536 0.974188 
8.86155e-09 1.95226e-07 2.4717e-06 2.95218e-05 0.000171119 0.00134819 0.00546358 0.0146379 0.0407499 0.937597 
3.73424e-16 7.86349e-15 1.14034e-13 4.45159e-11 8.63175e-10 1.43184e-07 3.26944e-06 0.00019412 0.00358332 0.996219 
7.46898e-09 1.35059e-07 1.80099e-06 5.64666e-05 0.000510435 0.00279276 0.0127902 0.0424654 0.795521 0.145862 
5.53881e-06 0.000118331 0.000951144 0.0355225 0.256128 0.130296 0.157157 0.30618 0.0801934 0.0334478 
3.83654e-14 8.11962e-13 1.97519e-11 8.53654e-10 3.97182e-08 1.38249e-06 9.28904e-05 0.00138879 0.475591 0.522926 
