11563
2.07462e-12 4.54538e-11 1.03131e-09 6.92444e-08 1.95035e-05 0.000287634 0.00127337 0.00926118 0.0380348 0.951123 
4.4852e-14 9.70708e-13 2.60026e-11 7.07656e-09 5.69535e-06 2.35392e-05 0.00032571 0.00469754 0.0368758 0.958072 
4.61148e-12 9.89791e-11 1.80149e-09 2.41542e-07 4.1714e-05 0.00197327 0.0205231 0.093551 0.841463 0.0424474 
2.73194e-09 5.65161e-08 4.37634e-07 1.42426e-05 0.000987835 0.0103335 0.0486868 0.62661 0.300163 0.013204 
1.50634e-05 0.000318667 0.00435255 0.198079 0.375244 0.377569 0.0360466 0.00655619 0.001748 7.11055e-05 
5.74235e-15 1.22931e-13 2.40785e-12 5.11203e-10 5.82571e-08 2.34032e-06 3.6108e-05 0.00255964 0.0285506 0.968851 
6.11767e-14 1.29329e-12 1.73847e-11 1.58476e-09 2.06374e-07 1.70669e-05 0.000195617 0.00226487 0.0169224 0.9806 
1.5072e-09 3.11013e-08 2.18283e-07 6.78876e-06 0.000485744 0.00282875 0.0108976 0.0300526 0.0599116 0.895817 
2.8008e-07 5.95561e-06 0.000114527 0.00383106 0.032397 0.0944295 0.835841 0.0294756 0.00372872 0.000176225 
1.36744e-11 2.87765e-10 3.40522e-09 2.37364e-07 3.61921e-05 0.000974854 0.00501125 0.0268254 0.882853 0.0842993 
1.23435e-11 2.66746e-10 5.56955e-09 7.02207e-07 0.000124372 0.0016824 0.00889448 0.0375924 0.0634045 0.888301 
3.54042e-08 8.27363e-07 2.17725e-05 0.00159964 0.0199482 0.0831005 0.828277 0.0494061 0.0146607 0.00298499 
2.90844e-09 6.04079e-08 6.03904e-07 0.000102942 0.00176426 0.0238285 0.84044 0.0897083 0.0352241 0.00893166 
7.7914e-15 1.6828e-13 3.97041e-12 7.02411e-10 1.13559e-07 4.33169e-06 9.56298e-05 0.00159218 0.00932556 0.988982 
3.63139e-07 7.7625e-06 0.00033557 0.00370893 0.0157261 0.0452564 0.0871536 0.828903 0.0179804 0.000927958 
3.38804e-12 7.24556e-11 1.2036e-09 1.31436e-07 2.98059e-05 0.000780787 0.00407855 0.0248871 0.901962 0.0682614 
2.80774e-08 6.63681e-07 1.74167e-05 0.000617008 0.00242323 0.018863 0.0543241 0.101757 0.810617 0.0113807 
8.62893e-16 1.82754e-14 2.7001e-13 5.22979e-11 5.9317e-09 4.92571e-07 4.58489e-05 0.00404559 0.485054 0.510854 
6.67063e-15 1.43938e-13 3.36876e-12 7.65157e-10 1.02077e-07 6.12307e-06 6.25914e-05 0.00344541 0.895888 0.100598 
1.27984e-09 2.65009e-08 2.05134e-07 5.84331e-06 0.000289951 0.00275558 0.0122755 0.853746 0.0938028 0.0371239 
1.46078e-05 0.00035895 0.004575 0.698717 0.177902 0.0878685 0.0278192 0.00235158 0.000385238 7.6873e-06 
9.00633e-08 1.75958e-06 3.57896e-05 0.00103054 0.00364551 0.0235945 0.0619316 0.869167 0.0349448 0.00564897 
5.3332e-07 1.23758e-05 0.000420794 0.00526692 0.0252037 0.0667599 0.84474 0.0526926 0.00481432 8.92026e-05 
1.39489e-12 2.94153e-11 3.52099e-10 5.93231e-08 2.20702e-06 0.000270013 0.00285509 0.0241008 0.9374 0.0353718 
6.56542e-10 1.36579e-08 1.22461e-07 3.41564e-06 0.000100754 0.00199224 0.0092991 0.0428637 0.910525 0.0352153 
2.28664e-09 4.72621e-08 3.59724e-07 1.20393e-05 0.000746262 0.0102665 0.0561389 0.873773 0.0484809 0.0105817 
7.35102e-07 1.67544e-05 0.000594957 0.00795109 0.0426156 0.839992 0.0837821 0.022088 0.00288594 7.23588e-05 
1.91642e-10 4.00309e-09 4.31379e-08 1.86829e-06 0.000139452 0.00238382 0.0110838 0.0391889 0.646763 0.300439 
3.6541e-12 7.95209e-11 1.91276e-09 2.69754e-07 4.99123e-05 0.0044506 0.84823 0.0734013 0.0502408 0.0236266 
7.57024e-14 1.61569e-12 2.61206e-11 4.71762e-09 2.95743e-07 1.56182e-05 0.000446623 0.00708361 0.672945 0.319509 
3.70104e-12 7.9792e-11 1.63495e-09 1.60501e-07 3.33461e-05 0.000782665 0.00646159 0.875962 0.0757233 0.0410366 
3.5926e-12 7.69534e-11 1.57108e-09 1.67868e-07 3.64172e-05 0.000856429 0.00590376 0.0417195 0.904141 0.0473428 
2.29364e-09 4.74356e-08 3.64533e-07 1.17793e-05 0.000803571 0.00757193 0.0299085 0.0696405 0.869233 0.0228304 
1.59705e-09 3.31878e-08 2.94503e-07 1.04391e-05 0.000609864 0.00876792 0.0371795 0.491427 0.450963 0.0110419 
1.83857e-14 3.94794e-13 8.53828e-12 1.56271e-09 2.60626e-07 2.09216e-05 0.000244637 0.00351773 0.0172483 0.978968 
7.21857e-11 1.48413e-09 1.0316e-08 4.06293e-07 2.67009e-05 0.000866553 0.00572718 0.0390602 0.912684 0.0416345 
2.20796e-13 4.82751e-12 1.41685e-10 1.51185e-08 9.71789e-07 8.65866e-05 0.000607845 0.00597074 0.0239165 0.969417 
6.53567e-13 1.4448e-11 2.73723e-10 1.11083e-08 4.57138e-07 1.60236e-05 0.000266319 0.00534056 0.0393551 0.955022 
9.95028e-15 2.13063e-13 4.25231e-12 7.91713e-10 1.08918e-07 7.46565e-06 0.000399966 0.00950655 0.669827 0.320258 
5.60747e-09 1.1576e-07 1.09564e-06 0.000248378 0.00774988 0.855333 0.0767397 0.0365297 0.015929 0.00746881 
1.309e-14 2.82443e-13 6.68858e-12 1.40444e-09 2.15248e-07 1.68281e-05 0.000234656 0.00843377 0.917882 0.073433 
0.000208893 0.00316273 0.0111139 0.0648716 0.117193 0.781115 0.0215879 0.00073502 1.16852e-05 2.87536e-07 
9.01862e-10 1.88207e-08 1.8963e-07 6.20772e-06 0.000302444 0.00646503 0.426598 0.493643 0.0537161 0.0192691 
5.61208e-11 1.2026e-09 2.28612e-08 1.98786e-06 0.000304155 0.00418257 0.0218528 0.863739 0.0820203 0.0278987 
4.42436e-12 9.51101e-11 1.88977e-09 2.03788e-07 3.50872e-05 0.00117702 0.0136777 0.87487 0.0748325 0.0354071 
1.77225e-09 3.68076e-08 4.42775e-07 0.000152432 0.00281236 0.0381014 0.855056 0.0694415 0.0266678 0.00776776 
4.26298e-29 1.01375e-25 3.36804e-22 1.08671e-18 1.78632e-15 8.90387e-12 4.29162e-08 0.000154376 0.00333589 0.99651 
1.97543e-10 4.06021e-09 2.52137e-08 8.61004e-07 7.64417e-05 0.00121046 0.00649417 0.0409332 0.900699 0.0505854 
7.25162e-11 1.51063e-09 1.21264e-08 5.09904e-07 7.1853e-05 0.00148654 0.0121979 0.873525 0.0797919 0.0329268 
2.09421e-07 5.05832e-06 9.55959e-05 0.00344318 0.0250961 0.824313 0.106825 0.0355053 0.00448191 0.000234824 
1.17245e-14 2.54468e-13 6.67133e-12 1.45647e-09 2.40184e-07 1.9344e-05 0.000478523 0.0118428 0.923748 0.0639108 
4.08825e-12 8.78921e-11 1.68075e-09 1.65843e-07 1.17099e-05 0.00111435 0.014795 0.875922 0.0709881 0.0371686 
9.10328e-12 2.02237e-10 7.45453e-09 1.46581e-06 0.000253864 0.00418982 0.0264605 0.890267 0.0581592 0.0206686 
3.87691e-06 7.90866e-05 0.000249005 0.00474433 0.0450178 0.83825 0.0803955 0.0255677 0.00522218 0.000470948 
5.06851e-06 0.000103353 0.00048286 0.0195884 0.78509 0.0956139 0.0688037 0.0244162 0.0052138 0.000682586 
4.01854e-12 8.64343e-11 1.63e-09 1.4948e-07 1.78855e-05 0.000813119 0.00483757 0.0338385 0.927511 0.0329815 
0.000287195 0.0024684 0.0164663 0.163679 0.786088 0.0273904 0.00334151 0.000274399 5.08837e-06 1.47286e-07 
2.17764e-08 4.74562e-07 2.22522e-05 0.00883239 0.755829 0.0811441 0.0752047 0.0453762 0.0239121 0.00967833 
1.93326e-12 4.23133e-11 9.90356e-10 7.64551e-08 2.00535e-05 0.000335285 0.00137598 0.0110414 0.219152 0.768075 
3.92814e-15 8.2212e-14 8.38572e-13 2.03904e-10 6.15838e-09 9.00573e-07 1.37518e-05 0.00149367 0.919908 0.078584 
2.51752e-15 5.41048e-14 1.18163e-12 2.70011e-10 3.53612e-08 2.48261e-06 2.87307e-05 0.00121552 0.015086 0.983667 
4.98222e-12 1.07234e-10 1.99091e-09 1.78195e-07 1.9679e-05 0.00085738 0.00600957 0.0400218 0.91121 0.0418814 
1.16696e-11 2.44174e-10 2.83983e-09 1.97636e-07 4.3636e-05 0.000741451 0.00379152 0.0208013 0.0519645 0.922657 
0.000284875 0.00393579 0.0183667 0.653367 0.259739 0.0564296 0.00750099 0.000364291 1.0608e-05 2.61566e-07 
4.87765e-07 1.09945e-05 0.000395816 0.00515924 0.0362454 0.879272 0.0646466 0.0126696 0.00156892 3.10653e-05 
6.51922e-10 1.37647e-08 1.60005e-07 9.40399e-06 0.000799968 0.00866301 0.0476866 0.866139 0.0617645 0.0149377 
0.000631749 0.00676865 0.0350564 0.58037 0.324712 0.0471136 0.00501435 0.000328162 5.39577e-06 1.49609e-07 
1.66881e-14 3.58798e-13 7.87679e-12 1.51222e-09 2.38768e-07 1.89889e-05 0.000224675 0.00383405 0.0276847 0.968237 
1.57645e-09 3.2662e-08 2.60964e-07 9.07451e-06 0.000734309 0.00799469 0.041054 0.904904 0.0377847 0.00751866 
3.29071e-15 7.07994e-14 1.53558e-12 2.75697e-10 4.12637e-08 1.79478e-06 2.30658e-05 0.000889914 0.00680575 0.992279 
1.92456e-15 4.14046e-14 9.01125e-13 1.73348e-10 2.54297e-08 8.75613e-07 1.09217e-05 0.00161168 0.935701 0.0626758 
0.000795324 0.00812478 0.0132452 0.0424168 0.0914933 0.824177 0.018923 0.000817724 7.11565e-06 1.11747e-07 
1.07951e-14 2.32293e-13 5.17666e-12 1.06464e-09 1.56091e-07 1.13806e-05 0.000135872 0.00358613 0.0322558 0.964011 
5.81085e-10 1.20163e-08 8.69994e-08 3.9272e-06 0.000524314 0.00518406 0.826756 0.100158 0.0500094 0.0173644 
1.32153e-12 2.84464e-11 5.38697e-10 5.10089e-08 7.70517e-06 0.000122937 0.00163606 0.0121102 0.907837 0.0782863 
1.5212e-09 3.15015e-08 3.29774e-07 7.66873e-05 0.0113051 0.803978 0.0724756 0.073611 0.0300824 0.00847049 
0.000121605 0.00300277 0.0933601 0.350505 0.495316 0.0452198 0.0107391 0.00162242 0.000111429 1.49163e-06 
3.51218e-08 7.94201e-07 1.65792e-05 0.000738798 0.00361074 0.0327355 0.855195 0.0771059 0.024993 0.00560317 
3.67216e-12 7.84638e-11 1.45755e-09 1.59417e-07 2.73185e-05 0.000835566 0.00502688 0.0317067 0.886446 0.0759575 
4.04386e-11 8.78018e-10 1.99904e-08 1.93078e-06 0.000396654 0.00311465 0.0136463 0.0447444 0.910327 0.0277695 
4.98104e-06 0.000245057 0.00193035 0.0188274 0.0507668 0.811364 0.0936819 0.0215453 0.00150346 0.00013065 
1.41979e-09 2.93807e-08 2.20764e-07 7.70692e-06 0.000583976 0.00640176 0.0288688 0.646702 0.295785 0.0216505 
7.18589e-08 1.55213e-06 1.78501e-05 0.00132888 0.00948911 0.116552 0.739554 0.118307 0.0129947 0.00175485 
1.1753e-14 2.53416e-13 5.86679e-12 1.16382e-09 1.84744e-07 1.35941e-05 0.000166831 0.00489422 0.0371641 0.957761 
7.89594e-13 1.72039e-11 2.90626e-10 1.50191e-08 8.10251e-07 0.000146408 0.000577593 0.00562472 0.472785 0.520866 
9.84459e-16 2.07269e-14 2.83585e-13 9.22328e-11 2.92924e-09 3.86877e-07 8.69329e-06 0.00061064 0.00473715 0.994643 
7.72403e-10 1.60508e-08 1.39742e-07 3.78036e-06 0.000118096 0.0027021 0.0119864 0.0475211 0.877176 0.0604924 
2.51656e-16 5.25977e-15 4.84664e-14 9.08386e-12 3.92872e-10 1.17679e-07 2.23851e-06 0.00156552 0.736299 0.262133 
1.73795e-07 3.95246e-06 0.000133983 0.00233207 0.0134357 0.807697 0.12462 0.0455987 0.00593203 0.000246294 
7.08474e-09 1.52613e-07 1.59893e-06 9.69973e-05 0.00164541 0.0137932 0.0540403 0.754872 0.161516 0.0140343 
3.13882e-12 6.806e-11 1.44439e-09 1.26902e-07 2.4608e-05 0.000590016 0.00428153 0.0257492 0.0617054 0.907649 
0.000523066 0.0166629 0.0825241 0.80031 0.0747429 0.0200933 0.00451676 0.000608078 1.84327e-05 4.32142e-07 
7.1676e-09 1.98115e-07 9.91554e-06 0.000217408 0.00231734 0.0138097 0.0473447 0.884013 0.0427367 0.00955086 
5.34772e-08 1.28402e-06 3.1322e-05 0.00105576 0.00353608 0.0238772 0.0635638 0.860694 0.0392332 0.00800787 
5.3571e-14 1.15237e-12 2.03476e-11 2.11945e-09 2.98282e-07 4.26342e-05 0.000293656 0.00665641 0.925907 0.0670998 
2.09002e-09 4.31385e-08 3.02136e-07 8.07874e-06 0.000365866 0.00317891 0.00927432 0.0357958 0.918655 0.0327212 
1.92996e-07 4.34454e-06 0.000141637 0.00353927 0.0256088 0.415759 0.346377 0.19675 0.0104529 0.00136653 
1.1697e-14 2.51934e-13 5.71143e-12 1.16132e-09 1.72888e-07 1.31921e-05 0.000231858 0.00724939 0.92771 0.0647956 
2.08959e-14 4.5296e-13 9.74237e-12 1.59661e-09 2.27832e-07 1.58084e-05 0.000274749 0.00898825 0.909978 0.0807433 
1.13706e-12 2.37758e-11 2.24408e-10 4.21536e-08 1.64116e-06 0.000325748 0.00230399 0.023158 0.926341 0.0478697 
5.00969e-07 1.06221e-05 0.000360661 0.00613234 0.0523514 0.843036 0.074777 0.0195904 0.00356697 0.000173645 
2.74053e-05 0.000635617 0.00450472 0.0342405 0.0927384 0.83039 0.0356705 0.0017548 3.74504e-05 8.20622e-07 
2.8621e-09 5.92384e-08 4.73043e-07 2.60337e-05 0.00103552 0.0190723 0.838395 0.0943076 0.0381785 0.00898408 
4.62172e-07 1.07898e-05 0.00019984 0.00600367 0.0268584 0.0831226 0.84165 0.03757 0.00434216 0.000241562 
5.08099e-07 1.06868e-05 0.000380191 0.00575502 0.0276793 0.0791878 0.841622 0.0411092 0.00408694 0.000168155 
3.50188e-15 7.67698e-14 2.38472e-12 5.17148e-10 1.03899e-07 1.08351e-05 0.000109836 0.000473008 0.004557 0.994849 
6.80693e-09 1.39308e-07 7.96439e-07 6.76118e-05 0.00153465 0.0215248 0.849573 0.0817983 0.0359062 0.00959429 
5.36609e-16 1.15694e-14 2.73597e-13 5.96319e-11 1.03448e-08 1.05763e-06 1.39604e-05 0.000252074 0.00245328 0.99728 
1.89922e-13 4.15384e-12 1.2258e-10 1.2755e-08 7.26232e-07 6.73147e-05 0.000440289 0.00502578 0.0303904 0.964076 
1.68277e-09 3.48002e-08 2.66638e-07 9.16243e-06 0.000775744 0.00913429 0.823699 0.103715 0.047208 0.0154588 
8.59111e-12 1.93058e-10 7.63858e-09 1.56905e-06 0.000323951 0.00868012 0.786823 0.109241 0.0675714 0.0273589 
2.15038e-12 4.64225e-11 8.60717e-10 6.94244e-08 1.28729e-05 0.000490329 0.00296122 0.0211021 0.0588119 0.916621 
3.00196e-12 6.48548e-11 1.17207e-09 9.2063e-08 2.0537e-05 0.000557886 0.00263372 0.0165462 0.0556198 0.924622 
1.36757e-07 3.20807e-06 0.000120419 0.00233386 0.0311494 0.827954 0.0976352 0.0343739 0.00577438 0.000655796 
6.76815e-12 1.52356e-10 5.9903e-09 1.28694e-06 0.000269861 0.00426474 0.199338 0.410198 0.36824 0.0176881 
1.34251e-12 2.85931e-11 3.86952e-10 4.16902e-08 1.9592e-06 0.000250201 0.0018328 0.014027 0.902104 0.081784 
1.614e-07 3.38776e-06 9.37464e-05 0.00171851 0.0102655 0.0397256 0.863086 0.0665863 0.0170148 0.00150639 
2.68934e-12 5.77187e-11 8.33586e-10 8.88876e-08 3.20822e-06 0.000382524 0.00357101 0.0286678 0.931677 0.0356983 
1.88843e-12 4.10531e-11 8.80634e-10 7.49002e-08 1.13347e-05 0.000304844 0.00218939 0.0135339 0.0526762 0.931284 
4.21751e-29 1.00488e-25 3.3465e-22 1.08209e-18 1.789e-15 9.19469e-12 4.47755e-08 0.000123679 0.00204066 0.997836 
1.93522e-14 4.16962e-13 9.57098e-12 1.87971e-09 3.02912e-07 2.3994e-05 0.000291731 0.00521921 0.0438499 0.950615 
6.58873e-13 1.38384e-11 1.80166e-10 1.91212e-08 5.67671e-06 0.000294685 0.00082632 0.00681708 0.0384621 0.953594 
5.77436e-14 1.22409e-12 1.95501e-11 2.56577e-09 3.411e-07 1.97037e-05 0.000392084 0.00319429 0.0127306 0.983663 
4.28687e-29 7.48732e-26 1.8401e-22 4.44783e-19 5.15109e-16 1.08911e-12 2.0631e-09 1.05381e-05 0.00176619 0.998223 
2.82403e-07 5.69519e-06 0.000261952 0.00269752 0.0135589 0.0344867 0.058352 0.0685663 0.818766 0.00330498 
1.15684e-06 2.59358e-05 0.000882728 0.00886509 0.0458258 0.0986738 0.831106 0.0129558 0.00162854 3.53598e-05 
1.52007e-15 3.19225e-14 3.70854e-13 8.38687e-11 4.23732e-09 6.05534e-07 1.03033e-05 0.00108674 0.0220104 0.976892 
1.99526e-05 0.000866623 0.00545606 0.0309715 0.0794816 0.84391 0.0368685 0.00233187 9.28282e-05 1.40087e-06 
3.78494e-07 7.82622e-06 0.00032973 0.00439135 0.0379664 0.845096 0.0805654 0.0265562 0.00489328 0.000192939 
2.02367e-13 4.23601e-12 4.17765e-11 7.69402e-09 3.92831e-07 4.55225e-05 0.000500104 0.00547942 0.0393182 0.954656 
1.80902e-09 3.75258e-08 3.10131e-07 9.17407e-06 0.00045081 0.00476474 0.0194001 0.877257 0.0696545 0.0284629 
4.32447e-05 0.00105032 0.0059726 0.0494207 0.843461 0.0703053 0.0248823 0.00416843 0.000673033 2.32255e-05 
1.96218e-09 4.04882e-08 2.8937e-07 1.01822e-05 0.000831158 0.0184107 0.842089 0.0891524 0.0387853 0.0107207 
1.73179e-13 3.70358e-12 6.14392e-11 9.81037e-09 9.29496e-07 0.00011 0.00057837 0.0055828 0.925615 0.0681127 
4.96937e-12 1.11818e-10 4.49056e-09 7.46999e-07 0.0001477 0.00566572 0.839722 0.0816345 0.0509219 0.0219073 
2.91648e-12 6.28203e-11 1.38453e-09 2.03485e-07 3.5626e-05 0.00171061 0.0102808 0.0451163 0.08795 0.854906 
5.82288e-15 1.24766e-13 2.5937e-12 5.82896e-10 7.83231e-08 8.08645e-06 8.36301e-05 0.00183644 0.0127806 0.985291 
2.37174e-08 5.13403e-07 4.78925e-06 0.000308955 0.00153504 0.0204847 0.831058 0.0970397 0.0399055 0.00966301 
1.60177e-08 4.15651e-07 1.83624e-05 0.000848362 0.0208427 0.846649 0.0760372 0.0373279 0.0134392 0.0048365 
1.31442e-14 2.83243e-13 6.49963e-12 1.29075e-09 2.04871e-07 1.57526e-05 0.000186004 0.00349972 0.0282395 0.968059 
2.80219e-08 6.08119e-07 6.50918e-06 0.000545726 0.00510725 0.0416745 0.875301 0.0565748 0.0171937 0.00359603 
1.49742e-16 3.1429e-15 3.28955e-14 6.02309e-12 2.45981e-10 5.43124e-08 9.01703e-07 0.000262775 0.00675764 0.992979 
3.04015e-07 7.45827e-06 0.000154859 0.00345449 0.0241129 0.0890392 0.819772 0.0519344 0.0108099 0.000714037 
0.000305074 0.00442086 0.0272806 0.0559572 0.771231 0.106182 0.0325251 0.00206677 3.0978e-05 6.61993e-07 
8.45154e-13 1.87465e-11 3.66558e-10 1.47129e-08 6.4818e-07 2.49679e-05 0.000460937 0.00557127 0.0357363 0.958206 
1.25855e-14 2.70653e-13 5.97155e-12 1.18198e-09 1.80753e-07 1.45047e-05 0.000167399 0.00319518 0.0201424 0.97648 
9.1762e-15 1.96543e-13 4.04377e-12 7.85914e-10 1.14966e-07 9.98833e-06 0.000123148 0.00265962 0.0314678 0.965739 
6.42519e-08 1.48701e-06 3.05527e-05 0.00168869 0.0161024 0.0892949 0.833124 0.0509933 0.00816926 0.000595244 
1.44651e-14 3.12844e-13 7.61794e-12 1.47743e-09 2.46425e-07 1.62419e-05 0.00020809 0.00761777 0.929497 0.0626608 
1.22333e-07 2.84323e-06 0.000121359 0.00273654 0.689091 0.14182 0.107992 0.0456239 0.0100982 0.00251452 
1.54083e-12 3.24266e-11 3.58414e-10 6.27817e-08 2.1162e-06 0.000223326 0.00186399 0.013172 0.0450516 0.939687 
1.86934e-05 0.000492023 0.00387865 0.101573 0.800879 0.0807162 0.0106534 0.00152129 0.000257787 9.40901e-06 
5.05236e-12 1.08809e-10 2.11758e-09 1.97025e-07 3.61973e-05 0.000926072 0.00559823 0.0316605 0.0708077 0.890971 
8.67494e-15 1.86702e-13 4.14806e-12 8.11382e-10 1.17707e-07 7.02859e-06 9.51106e-05 0.00282003 0.0299485 0.967129 
5.42894e-13 1.1396e-11 1.16245e-10 1.91311e-08 7.69186e-07 0.000150847 0.00110689 0.0129622 0.493159 0.49262 
1.97768e-12 4.23855e-11 6.07951e-10 6.17665e-08 2.62646e-06 0.000458406 0.00373801 0.879528 0.07724 0.0390327 
2.69989e-12 5.79868e-11 1.19431e-09 1.37438e-07 2.73932e-05 0.000551652 0.00496113 0.0349689 0.920369 0.0391213 
2.44444e-12 5.20615e-11 9.26793e-10 1.06098e-07 2.17244e-05 0.000664776 0.00398848 0.0312207 0.924124 0.0399804 
7.3834e-07 1.6571e-05 0.000608365 0.00826322 0.0399748 0.468069 0.0954474 0.385263 0.00228527 7.20236e-05 
7.93663e-06 0.000321094 0.00331115 0.0228932 0.071006 0.846762 0.0493641 0.00581449 0.000513398 6.2729e-06 
2.22156e-07 5.27093e-06 0.000158262 0.00388576 0.0249387 0.0869898 0.836408 0.0398143 0.00697052 0.000828808 
1.31549e-07 2.55067e-06 4.70345e-05 0.00155416 0.0218197 0.822753 0.0922013 0.0481839 0.0122226 0.00121547 
3.03212e-12 6.43121e-11 9.95804e-10 1.32798e-07 2.22852e-05 0.000743984 0.004695 0.0357799 0.914703 0.0440552 
5.25788e-08 1.21138e-06 2.68777e-05 0.00105242 0.00473932 0.0279193 0.06871 0.852833 0.0376306 0.00708703 
9.98931e-08 2.55235e-06 3.32699e-05 0.00155918 0.00503183 0.0168215 0.0460483 0.882523 0.0406796 0.00730079 
0.343868 0.414908 0.20498 0.0335348 0.00264022 6.65087e-05 1.74092e-06 1.33579e-08 7.84118e-11 7.6732e-13 
2.56848e-09 5.30838e-08 4.1357e-07 1.95857e-05 0.000775469 0.0178497 0.822474 0.101008 0.0436854 0.0141867 
1.11431e-12 2.32888e-11 2.1386e-10 3.95351e-08 1.48093e-06 0.000355257 0.0015274 0.0143122 0.894598 0.0892058 
5.56128e-11 1.20384e-09 2.54404e-08 1.84805e-06 0.000155535 0.00323175 0.0158755 0.0497072 0.902202 0.0288259 
3.24309e-12 7.00864e-11 1.43617e-09 2.08115e-07 5.50744e-05 0.00560047 0.600314 0.33554 0.0394854 0.0190044 
8.80084e-11 1.82292e-09 1.45276e-08 4.14779e-07 2.24006e-05 0.000684273 0.00384855 0.0219994 0.904909 0.0685363 
1.35808e-14 2.9162e-13 6.17601e-12 1.14975e-09 1.69647e-07 9.21681e-06 0.000141789 0.00376323 0.0346036 0.961482 
2.33885e-09 4.84079e-08 3.80823e-07 1.29299e-05 0.000962616 0.0157712 0.811668 0.114153 0.0465882 0.0108439 
1.26707e-14 2.73022e-13 6.26311e-12 1.24604e-09 1.86124e-07 1.17744e-05 0.000158036 0.0037676 0.0350999 0.960962 
1.30686e-12 2.85118e-11 6.51485e-10 5.70086e-08 1.88161e-05 0.000339644 0.00103322 0.00853047 0.0394599 0.950618 
1.90813e-10 3.97704e-09 3.63107e-08 1.86843e-06 0.000288737 0.00392184 0.83334 0.0816058 0.0561467 0.0246946 
0.000369974 0.01856 0.749782 0.114974 0.0770315 0.0291424 0.00921852 0.000877578 4.25065e-05 1.3601e-06 
1.59143e-15 3.34931e-14 4.2268e-13 8.76254e-11 9.66045e-09 1.89296e-06 1.86454e-05 0.00169722 0.0278413 0.970441 
5.27338e-09 1.19916e-07 4.96014e-06 0.000309576 0.00607013 0.212861 0.670074 0.0567841 0.0361354 0.0177608 
2.52303e-16 5.27355e-15 4.857e-14 8.99177e-12 3.27759e-10 9.54809e-08 7.40283e-07 0.000107409 0.00229976 0.997592 
2.7131e-09 5.63112e-08 4.2031e-07 1.3535e-05 0.000685305 0.00532478 0.0183522 0.0553171 0.887521 0.0327858 
2.98074e-12 6.47042e-11 1.32147e-09 8.49028e-08 1.80186e-05 0.000430869 0.0022578 0.0134519 0.471219 0.512623 
1.85375e-14 3.94629e-13 7.18374e-12 1.26289e-09 1.84365e-07 1.58041e-05 0.000192698 0.0036567 0.0350867 0.961048 
4.25603e-07 8.99655e-06 0.000452383 0.00408068 0.0152732 0.0305622 0.816943 0.072682 0.0460153 0.0139824 
1.13608e-12 2.46489e-11 5.66395e-10 4.45166e-08 7.90789e-06 0.000181302 0.000913919 0.00822249 0.654669 0.336005 
1.62955e-10 3.3698e-09 2.51603e-08 9.71136e-07 0.000105755 0.00117097 0.00535596 0.0239125 0.0546044 0.914849 
4.13106e-12 8.88772e-11 1.57411e-09 1.47151e-07 1.93257e-05 0.000808742 0.00450368 0.0323759 0.925955 0.0363368 
4.22081e-16 8.94157e-15 1.35123e-13 1.95825e-11 2.57567e-09 1.10623e-07 1.26542e-06 0.000125778 0.00505197 0.994821 
5.26372e-11 1.12224e-09 1.7864e-08 7.04293e-07 4.31467e-05 0.000875324 0.00560334 0.0317338 0.930642 0.0311015 
8.98352e-10 1.86009e-08 1.48687e-07 3.90305e-06 0.000112472 0.00235591 0.0161822 0.892276 0.062141 0.0269287 
3.75197e-12 8.02735e-11 1.49893e-09 1.71244e-07 2.54632e-05 0.000951394 0.0101001 0.840703 0.102392 0.0458272 
0.0145592 0.709061 0.0962908 0.0854137 0.0590658 0.0236398 0.00934445 0.00226085 0.000353865 1.08941e-05 
3.78154e-15 8.1082e-14 1.68048e-12 4.03692e-10 4.22767e-08 1.67734e-06 2.42001e-05 0.00172939 0.0134461 0.984799 
2.12275e-07 5.13473e-06 0.000209587 0.00201803 0.0225159 0.796385 0.105654 0.0574665 0.0144082 0.00133763 
1.25266e-11 2.81082e-10 1.18045e-08 1.78077e-06 0.000202053 0.00543451 0.0370846 0.893884 0.047707 0.0156862 
3.10616e-12 6.7177e-11 1.46061e-09 1.19603e-07 2.57231e-05 0.000624718 0.00405757 0.0236191 0.890983 0.0806902 
7.76853e-11 1.63632e-09 2.46903e-08 8.52895e-07 5.31568e-05 0.000777912 0.00524024 0.0330041 0.911764 0.0491593 
0.000184051 0.00376388 0.0117148 0.0744464 0.815286 0.0806413 0.0131907 0.000756653 1.62738e-05 3.99616e-07 
1.6038e-09 3.31934e-08 2.66858e-07 1.0309e-05 0.000937092 0.0100767 0.0564447 0.863111 0.0568552 0.0125645 
7.70211e-10 1.58579e-08 1.02045e-07 3.50669e-06 0.000391532 0.00216519 0.0108269 0.359025 0.594881 0.032706 
1.92423e-12 4.11915e-11 6.06473e-10 7.06074e-08 4.65474e-06 0.000442967 0.00272997 0.0199713 0.902849 0.0740025 
7.71518e-15 1.67573e-13 4.47943e-12 9.34581e-10 1.78964e-07 1.86828e-05 0.000196039 0.00117255 0.00905964 0.989553 
1.2524e-14 2.69648e-13 6.14768e-12 1.29308e-09 1.99597e-07 1.78228e-05 0.000207817 0.00374428 0.0387669 0.957263 
2.86211e-07 6.32592e-06 0.000257232 0.00356436 0.0270398 0.600291 0.361396 0.00618413 0.00105608 0.000204547 
1.00752e-05 0.000205948 0.000704591 0.0152375 0.0590856 0.745084 0.146514 0.0272417 0.00560202 0.000314569 
1.0422e-11 2.41722e-10 6.61109e-09 5.88364e-07 7.93076e-05 0.00153901 0.00844701 0.0448552 0.888561 0.0565177 
1.99524e-10 4.08939e-09 2.69987e-08 1.99408e-06 0.000356638 0.00428681 0.0297817 0.902859 0.0454075 0.0173062 
5.73121e-15 1.23572e-13 2.85638e-12 6.61573e-10 8.01151e-08 2.78492e-06 4.00699e-05 0.00342967 0.91841 0.0781171 
1.59018e-12 3.41972e-11 7.47655e-10 7.88772e-08 1.85752e-05 0.000384635 0.00251355 0.0153393 0.904644 0.0770994 
5.79166e-17 1.21489e-15 1.30399e-14 2.51231e-12 2.00206e-10 5.86555e-08 1.69454e-06 0.000423148 0.015481 0.984094 
2.04702e-09 4.24491e-08 3.49091e-07 1.1296e-05 0.000731355 0.00978802 0.0457733 0.108998 0.823961 0.0107364 
2.35097e-12 5.04124e-11 8.72944e-10 1.07055e-07 1.04322e-05 0.000863593 0.00926298 0.0431538 0.913912 0.0327971 
2.30129e-12 4.96411e-11 9.02389e-10 5.97445e-08 1.1367e-05 0.000505758 0.00176184 0.0126109 0.891621 0.0934888 
1.11994e-15 2.37061e-14 3.8029e-13 9.87984e-11 5.03056e-09 3.89771e-07 1.53989e-05 0.00302744 0.962385 0.0345714 
5.37461e-16 1.1877e-14 4.08667e-13 8.62578e-11 1.62065e-08 5.56363e-07 2.15606e-05 0.000365261 0.0100172 0.989595 
5.05194e-29 1.20423e-25 4.01029e-22 1.29618e-18 2.1379e-15 1.08361e-11 5.2509e-08 0.000176189 0.00372343 0.9961 
4.95131e-10 1.01921e-08 6.88316e-08 3.19114e-06 0.000493931 0.00324253 0.0150962 0.0544342 0.892853 0.0338764 
6.73334e-10 1.3929e-08 1.09428e-07 3.40183e-06 0.00017801 0.00212323 0.00891448 0.240186 0.735578 0.0130166 
1.29173e-12 2.7897e-11 4.86443e-10 2.46522e-08 2.41172e-06 0.000195566 0.000923565 0.00655766 0.0368208 0.9555 
6.95551e-09 1.55476e-07 3.26495e-06 0.000228546 0.0025625 0.0177852 0.0491419 0.0829919 0.834111 0.0131758 
4.77317e-08 1.06191e-06 1.74042e-05 0.000896626 0.00278267 0.0208632 0.0453063 0.055133 0.0487359 0.826264 
6.24274e-13 1.38241e-11 2.6652e-10 1.54954e-08 5.57512e-07 2.67383e-05 0.000487392 0.00575474 0.0374031 0.956327 
1.56477e-14 3.37064e-13 7.69048e-12 1.48972e-09 2.43648e-07 1.97016e-05 0.000228882 0.00368737 0.0268225 0.969241 
4.83427e-12 1.04032e-10 1.92269e-09 1.82318e-07 3.04546e-05 0.00096513 0.00612904 0.0428461 0.907149 0.0428798 
5.11753e-15 1.10198e-13 2.51739e-12 5.68577e-10 7.40054e-08 4.93779e-06 6.81044e-05 0.00219295 0.0253242 0.97241 
5.17268e-08 1.14112e-06 1.60436e-05 0.000752459 0.00408678 0.0261319 0.6398 0.302982 0.0231927 0.00303701 
8.23416e-13 1.72033e-11 1.55545e-10 2.87523e-08 9.93414e-07 0.000319116 0.000714649 0.012852 0.958634 0.027479 
1.51441e-12 3.19531e-11 3.80138e-10 6.40669e-08 2.48518e-06 0.000327987 0.00300157 0.0251245 0.919863 0.0516808 
5.09335e-07 1.12205e-05 0.000279945 0.00479151 0.0352065 0.711773 0.217923 0.0227291 0.00609761 0.00118757 
1.32468e-09 2.72216e-08 1.67649e-07 5.34491e-06 0.000411673 0.00318168 0.016314 0.0595771 0.870985 0.0495251 
1.17233e-12 2.48728e-11 3.7571e-10 5.6788e-08 5.82915e-06 0.000270106 0.00284067 0.866802 0.0817403 0.0483414 
4.69855e-11 9.98277e-10 1.72663e-08 2.12829e-06 0.000343367 0.00525097 0.0323882 0.882797 0.0605463 0.0186723 
3.81567e-08 8.53026e-07 1.41316e-05 0.000667907 0.00411772 0.0396797 0.856629 0.073275 0.0221959 0.0034199 
1.32257e-09 2.73784e-08 2.15724e-07 7.85781e-06 0.000637065 0.0097498 0.874941 0.0721553 0.0331692 0.00933919 
3.60115e-12 7.6982e-11 1.37791e-09 1.5201e-07 2.88511e-05 0.000824271 0.00556621 0.0377574 0.917742 0.0380809 
1.9331e-12 4.15868e-11 9.23061e-10 8.64851e-08 1.89323e-05 0.000484044 0.00245641 0.0256811 0.925036 0.0463237 
1.48812e-05 0.000616086 0.00272653 0.0142159 0.752331 0.142213 0.0698645 0.0155132 0.00241092 9.39253e-05 
2.36957e-08 5.66462e-07 1.90698e-05 0.00074199 0.00674902 0.0524156 0.857913 0.0528686 0.0211323 0.00815984 
7.30939e-08 1.54899e-06 2.75103e-05 0.00217341 0.0257939 0.106598 0.811898 0.0383139 0.0106794 0.0045145 
3.60093e-12 7.73739e-11 1.44937e-09 1.35768e-07 2.21135e-05 0.000651177 0.00393671 0.0219108 0.0506821 0.922797 
4.56263e-10 9.57405e-09 1.33048e-07 2.73182e-05 0.00050437 0.00576814 0.0228154 0.483644 0.470788 0.0164521 
6.17407e-22 1.95253e-19 8.13645e-17 2.35707e-14 7.58636e-12 1.90696e-09 9.60075e-08 1.23914e-05 0.000296006 0.999692 
2.04748e-09 4.23386e-08 3.14968e-07 9.42516e-06 0.000526562 0.00582994 0.0229641 0.0646026 0.879398 0.0266691 
0.000127949 0.00139117 0.00840749 0.0623134 0.821612 0.082944 0.0217417 0.00142981 3.17066e-05 8.35073e-07 
3.915e-06 0.000112321 0.00135517 0.035692 0.0433278 0.583494 0.331123 0.00452809 0.000356967 6.33384e-06 
1.62174e-16 3.39148e-15 3.20234e-14 6.09858e-12 3.40592e-10 9.3831e-08 1.99816e-06 0.000231153 0.00398805 0.995779 
5.56557e-10 1.15714e-08 1.07321e-07 3.43472e-06 0.000261466 0.00200725 0.00889159 0.0363519 0.916101 0.0363832 
3.45691e-09 7.14792e-08 5.32169e-07 2.56531e-05 0.000655816 0.00543464 0.0204188 0.872236 0.0710745 0.0301535 
1.54739e-09 3.20582e-08 2.52017e-07 8.33611e-06 0.000654946 0.00581926 0.0274866 0.89773 0.0510454 0.0172549 
1.56233e-10 3.25325e-09 3.0938e-08 9.76751e-07 5.72255e-05 0.00137616 0.0144259 0.867555 0.0775397 0.0390454 
2.64325e-13 5.63673e-12 7.72921e-11 4.80291e-09 3.06605e-07 1.33499e-05 0.00055281 0.0089236 0.917964 0.0725458 
1.26673e-28 1.75851e-25 3.8143e-22 1.04691e-18 1.07835e-15 1.84973e-12 4.77417e-10 1.81014e-05 0.00132642 0.998655 
1.97928e-09 4.09892e-08 3.26421e-07 1.08747e-05 0.000790437 0.00685588 0.0340357 0.883176 0.0561892 0.0189418 
1.2156e-14 2.62954e-13 6.45097e-12 1.3131e-09 2.09709e-07 1.45225e-05 0.000174619 0.00353119 0.027554 0.968725 
1.39467e-06 2.9896e-05 0.000511335 0.0159373 0.763172 0.118951 0.0689506 0.0263391 0.00561455 0.000492823 
5.35373e-08 1.22168e-06 2.42694e-05 0.00117878 0.00702 0.0531222 0.865438 0.0596359 0.0121135 0.00146644 
0.001778 0.00446641 0.0503031 0.806633 0.0978002 0.033639 0.00515725 0.000217352 5.38099e-06 1.14461e-07 
3.1173e-15 6.56357e-14 8.81766e-13 2.58919e-10 1.09901e-08 1.22404e-06 2.13215e-05 0.00173025 0.0225042 0.975743 
9.66682e-13 2.0205e-11 1.86592e-10 3.48734e-08 1.29447e-06 0.000304588 0.00193568 0.0224455 0.93182 0.0434931 
6.9227e-13 1.50723e-11 4.21106e-10 3.92491e-08 1.09856e-05 0.000187247 0.000771756 0.00928308 0.921012 0.0687353 
1.18385e-16 2.47794e-15 2.5434e-14 6.19008e-12 1.86476e-10 4.73308e-08 8.18189e-07 0.000373358 0.0109461 0.98868 
8.71998e-16 1.84473e-14 2.89267e-13 7.16528e-11 1.97581e-08 1.44929e-05 0.000868289 0.0115177 0.960191 0.0274088 
3.76082e-12 8.05697e-11 1.58586e-09 1.60561e-07 3.63394e-05 0.000921759 0.004872 0.0357898 0.92008 0.0383004 
1.33992e-06 4.32147e-05 0.000812997 0.0095932 0.0453959 0.093639 0.832856 0.0159436 0.00167891 3.60617e-05 
2.40476e-15 5.14588e-14 1.01957e-12 2.32811e-10 2.63568e-08 1.17286e-06 1.65621e-05 0.0013346 0.0169464 0.981701 
5.11653e-15 1.09956e-13 2.40438e-12 4.51981e-10 7.57863e-08 7.5774e-06 8.21196e-05 0.00106218 0.0104383 0.98841 
1.21461e-14 2.6081e-13 5.58614e-12 1.09753e-09 1.55023e-07 1.06357e-05 0.000143711 0.00342666 0.0238369 0.972582 
4.02928e-12 8.72832e-11 1.90356e-09 2.10074e-07 2.48607e-05 0.000936703 0.00610848 0.0384078 0.915724 0.0387978 
3.49599e-12 7.47205e-11 1.3722e-09 1.56939e-07 2.56914e-05 0.000770547 0.00494025 0.0360732 0.915328 0.0428617 
1.6897e-09 3.50159e-08 2.76877e-07 8.05808e-06 0.00046991 0.00366191 0.0132506 0.0482562 0.892544 0.0418085 
3.31078e-06 0.000185316 0.000777305 0.00719089 0.0321805 0.312051 0.612489 0.0302841 0.00456193 0.000276796 
3.34402e-08 7.89927e-07 2.13424e-05 0.00135331 0.0206857 0.475788 0.463571 0.0286479 0.00874754 0.00118484 
4.72016e-05 0.00122358 0.00915575 0.585902 0.32467 0.0684015 0.00982556 0.000743035 3.02562e-05 6.11208e-07 
6.41181e-06 0.000295831 0.00246854 0.0209191 0.0706781 0.141304 0.756148 0.00731104 0.000856017 1.35242e-05 
2.71912e-05 0.00055039 0.00147029 0.0326807 0.808168 0.0815698 0.0492281 0.0195956 0.00573161 0.000978665 
6.16051e-16 1.29597e-14 1.55654e-13 3.19885e-11 2.26476e-09 2.69255e-07 4.58276e-06 0.000799629 0.0171662 0.982029 
8.69953e-10 1.80509e-08 1.60004e-07 5.35345e-06 0.000366468 0.00470493 0.0322233 0.899671 0.0468755 0.0161536 
7.00452e-27 3.12646e-24 3.43553e-21 7.0115e-18 8.72079e-15 2.58718e-11 8.38992e-08 0.000224867 0.00535574 0.994419 
3.71019e-15 7.93544e-14 1.55272e-12 2.67679e-10 3.92691e-08 2.54819e-06 3.74874e-05 0.000812876 0.0154867 0.98366 
4.99459e-08 1.14487e-06 1.55952e-05 0.000740321 0.00220388 0.0143289 0.0310565 0.0522146 0.876799 0.0226399 
1.37047e-07 2.76854e-06 5.28068e-05 0.00122118 0.00599739 0.0331694 0.081991 0.853573 0.021436 0.00255669 
1.83066e-12 3.89465e-11 4.89824e-10 5.57312e-08 2.09618e-06 0.00043241 0.00371055 0.0260629 0.937988 0.0318042 
1.83464e-08 3.84938e-07 2.93766e-06 0.000168563 0.00104556 0.00833164 0.0273044 0.0586472 0.88649 0.0180092 
1.8117e-09 3.74942e-08 2.89502e-07 9.52431e-06 0.000779583 0.00586654 0.0219918 0.0562622 0.888561 0.0265295 
1.60848e-14 3.45502e-13 7.40916e-12 1.42378e-09 2.12826e-07 1.55731e-05 0.000191688 0.00429582 0.0396932 0.955803 
2.65534e-07 6.70993e-06 0.000224595 0.00404929 0.0245688 0.803938 0.117302 0.0416816 0.00744877 0.000779083 
2.06721e-11 4.39715e-10 8.25621e-09 4.97425e-07 4.06185e-05 0.00119182 0.00932355 0.717883 0.246852 0.0247085 
7.87546e-10 1.63602e-08 1.39995e-07 3.93407e-06 0.000213302 0.00193002 0.00816522 0.0380772 0.915413 0.0361975 
3.02569e-12 6.54548e-11 1.33159e-09 1.1704e-07 2.92877e-05 0.000790821 0.00379355 0.0304971 0.907218 0.0576711 
1.82334e-11 3.814e-10 4.80497e-09 4.47068e-07 4.94198e-05 0.00279043 0.0246534 0.881843 0.0634419 0.0272219 
1.57278e-09 3.25989e-08 2.6968e-07 9.28714e-06 0.000691452 0.00736042 0.0299159 0.0664948 0.878708 0.0168196 
1.54734e-15 3.34917e-14 8.25555e-13 1.62708e-10 2.80029e-08 2.30432e-06 2.38529e-05 0.000670004 0.0108609 0.988443 
9.91457e-07 4.16503e-05 0.00632852 0.709518 0.101931 0.0961518 0.061349 0.0195111 0.00447793 0.000689365 
8.90497e-13 1.86134e-11 1.72036e-10 3.19041e-08 1.26609e-06 0.000306974 0.00242771 0.861806 0.0779845 0.0574733 
5.23583e-07 1.23049e-05 0.000523911 0.00814225 0.0550919 0.844706 0.0685823 0.0159124 0.00494625 0.00208237 
2.86744e-08 6.57949e-07 1.31549e-05 0.000491825 0.00218046 0.0165355 0.281467 0.670067 0.0262541 0.00298982 
1.95888e-23 5.88889e-21 3.06574e-18 8.98875e-16 4.46598e-13 1.19053e-10 1.28954e-07 0.000300517 0.00939549 0.990304 
5.69377e-13 1.19193e-11 1.17552e-10 2.19138e-08 1.16518e-06 0.000125969 0.000714719 0.00789872 0.043453 0.947806 
9.09746e-15 1.96089e-13 4.48558e-12 9.5624e-10 1.31134e-07 7.42753e-06 9.23499e-05 0.00369493 0.0330346 0.963171 
3.58951e-11 7.94804e-10 1.74821e-08 1.78922e-06 0.000475469 0.0031983 0.0233727 0.0819794 0.86143 0.0295427 
1.2001e-11 2.752e-10 9.62038e-09 1.3162e-06 0.000158312 0.00425092 0.0292707 0.090817 0.851579 0.0239224 
1.80695e-07 4.31709e-06 6.5249e-05 0.00219344 0.00719152 0.0236686 0.0544709 0.0835647 0.817289 0.0115524 
1.92615e-12 4.07976e-11 5.81101e-10 9.51668e-08 1.33412e-05 0.000447477 0.00403535 0.0327779 0.922006 0.0407203 
2.16507e-10 4.52638e-09 4.23503e-08 1.48755e-06 0.0001376 0.000878522 0.00525559 0.0159368 0.0473619 0.930428 
0.00113695 0.00887916 0.0480013 0.118067 0.789617 0.0321049 0.00198403 0.000204893 4.32542e-06 1.31625e-07 
2.95448e-12 7.64289e-11 9.81425e-09 4.04216e-06 0.000883295 0.0995318 0.107016 0.634925 0.0839744 0.0736652 
9.92958e-05 0.00194912 0.0140407 0.348533 0.602591 0.0281173 0.00433489 0.000324321 9.49801e-06 2.35603e-07 
7.38459e-13 1.60136e-11 2.61657e-10 1.28538e-08 8.27612e-07 0.000108764 0.000602287 0.00474793 0.0167542 0.977786 
8.03423e-15 1.73041e-13 3.95007e-12 8.07773e-10 1.32911e-07 1.24881e-05 0.000131523 0.00231804 0.0199182 0.97762 
1.07061e-10 2.27744e-09 3.82619e-08 1.35105e-06 7.27459e-05 0.00142508 0.0128147 0.868758 0.0809855 0.0359425 
2.30379e-16 4.81466e-15 4.41108e-14 8.18354e-12 3.02489e-10 8.88234e-08 8.02637e-07 8.22717e-05 0.003664 0.996253 
3.60084e-09 7.48587e-08 5.65001e-07 2.04159e-05 0.000880658 0.0127087 0.813729 0.113451 0.0478285 0.0113811 
5.17677e-08 1.17057e-06 2.16107e-05 0.000939884 0.00386433 0.0251355 0.465555 0.479511 0.0224296 0.0025421 
1.50997e-13 3.21396e-12 4.97062e-11 5.49604e-09 5.41035e-07 0.000150761 0.00110147 0.871956 0.0784553 0.0483356 
1.947e-15 4.10174e-14 5.5367e-13 1.68252e-10 5.25615e-09 7.28473e-07 1.6272e-05 0.00136394 0.0169228 0.981696 
1.05954e-08 2.42806e-07 6.19348e-06 0.0005429 0.00994578 0.707272 0.196931 0.0592906 0.0210297 0.0049825 
3.6522e-09 8.05676e-08 1.60105e-06 0.000136932 0.000986687 0.00878768 0.035778 0.886313 0.0498714 0.0181242 
6.71829e-17 1.40338e-15 1.25503e-14 2.31485e-12 7.54729e-11 2.00402e-08 2.07668e-07 0.000269428 0.00660916 0.993121 
4.46447e-08 9.89695e-07 1.62256e-05 0.000755035 0.00482846 0.025536 0.0640065 0.874405 0.0282897 0.00216217 
1.4423e-07 3.4775e-06 4.91015e-05 0.0023497 0.00991864 0.0316466 0.0704874 0.862143 0.0215001 0.00190144 
5.74804e-13 1.20199e-11 1.13685e-10 2.13248e-08 8.12187e-07 0.000145713 0.00101411 0.014232 0.912526 0.0720817 
4.98966e-08 1.11374e-06 1.65102e-05 0.000841489 0.00506181 0.038893 0.905065 0.0406704 0.00833215 0.00111804 
3.15004e-10 8.77807e-09 4.42626e-07 9.54074e-06 0.000109539 0.0019386 0.0709086 0.333355 0.147383 0.446296 
8.01372e-06 0.000163209 0.000577351 0.0108762 0.605946 0.133089 0.212233 0.034417 0.0026087 8.17645e-05 
7.00388e-12 1.50447e-10 3.19905e-09 4.75928e-07 5.84801e-05 0.00296021 0.0179833 0.0615709 0.892561 0.0248658 
7.33658e-06 0.000378036 0.00192015 0.0157494 0.0517512 0.101746 0.806371 0.0207164 0.00134063 2.00404e-05 
1.65066e-15 3.55889e-14 8.43469e-13 1.86825e-10 2.58657e-08 2.12816e-06 3.53314e-05 0.000798756 0.0509629 0.948201 
4.80615e-07 1.10724e-05 0.000308015 0.00694643 0.0412057 0.117709 0.804074 0.0236789 0.00532151 0.000744103 
4.04234e-13 9.04305e-12 1.89738e-10 7.95287e-09 3.53634e-07 1.33413e-05 0.000238221 0.00483166 0.0372103 0.957706 
0.000197325 0.00144297 0.0132608 0.0592771 0.114853 0.790394 0.0176852 0.00249813 0.000377226 1.36034e-05 
1.75032e-12 3.88049e-11 1.50049e-09 2.21202e-07 5.73636e-06 0.000687811 0.00422079 0.029015 0.911462 0.0546084 
7.63269e-11 1.6105e-09 1.87275e-08 9.59012e-07 6.83042e-05 0.00182675 0.0133878 0.0564263 0.891769 0.036521 
1.03796e-08 2.22651e-07 2.86915e-06 0.000248679 0.00108646 0.0127059 0.833813 0.106387 0.0374307 0.00832577 
3.43656e-12 7.33666e-11 1.34307e-09 1.52105e-07 2.37468e-05 0.000730013 0.00539006 0.0359926 0.916238 0.0416257 
2.93575e-12 6.26627e-11 1.15505e-09 1.18273e-07 1.25265e-05 0.000607279 0.00320144 0.0215738 0.0553958 0.919209 
1.83706e-08 3.91944e-07 3.41809e-06 0.00020399 0.0016954 0.0139673 0.0566515 0.871993 0.0457992 0.00968548 
1.14934e-05 0.000424141 0.0042328 0.0344351 0.809849 0.110484 0.0374185 0.00304135 0.000102258 1.80407e-06 
3.43925e-12 7.38196e-11 1.37307e-09 1.37019e-07 2.6355e-05 0.000687546 0.00438799 0.0270356 0.0593079 0.908554 
5.21201e-22 3.52063e-20 1.42503e-17 3.87863e-15 8.207e-13 4.69964e-10 1.50743e-08 1.27929e-05 0.00102384 0.998963 
2.93059e-15 6.41614e-14 1.853e-12 3.74738e-10 6.10088e-08 1.58433e-06 1.82621e-05 0.00248552 0.0277151 0.969779 
3.13951e-06 0.000153298 0.000660881 0.00709634 0.0251881 0.611565 0.326315 0.0260815 0.00285801 7.90763e-05 
3.31116e-12 7.08551e-11 1.23856e-09 1.39456e-07 2.60054e-05 0.000687998 0.00436978 0.0274058 0.906233 0.061277 
4.86161e-12 1.04354e-10 1.89474e-09 1.85149e-07 3.44651e-05 0.00102717 0.00613564 0.0440781 0.895436 0.0532889 
5.27722e-09 1.23021e-07 3.21103e-06 8.06985e-05 0.00138338 0.0120214 0.0523224 0.878257 0.0455677 0.010364 
4.97179e-08 1.12308e-06 1.98173e-05 0.00100892 0.00538593 0.0349678 0.302833 0.636361 0.0180136 0.00140961 
1.30688e-06 3.51148e-05 0.00119808 0.0123527 0.160145 0.686105 0.11803 0.0215167 0.000588481 2.81218e-05 
1.55911e-14 3.37174e-13 8.16739e-12 1.57946e-09 2.641e-07 1.72451e-05 0.000202855 0.00372399 0.0207394 0.975316 
4.8925e-15 1.06421e-13 2.92491e-12 6.10848e-10 1.1851e-07 1.26045e-05 0.000136751 0.00550749 0.0380529 0.95629 
1.12774e-14 2.434e-13 5.76232e-12 1.14915e-09 1.85072e-07 1.32084e-05 0.000162318 0.00323313 0.0325849 0.964006 
2.3469e-10 5.5156e-09 3.78025e-07 0.000212428 0.00298513 0.782811 0.108105 0.0617678 0.0312963 0.0128225 
2.5579e-13 5.34892e-12 5.07026e-11 9.68815e-09 4.17955e-07 0.000108559 0.000456094 0.00698228 0.914586 0.0778667 
1.41078e-06 3.48475e-05 0.000644304 0.015 0.624264 0.294854 0.0520184 0.0112797 0.00181595 8.72051e-05 
3.07123e-13 6.53447e-12 9.30969e-11 1.5748e-08 6.86502e-07 3.57734e-05 0.000739582 0.00656687 0.0440624 0.948595 
4.0545e-12 8.75342e-11 1.9043e-09 3.11321e-07 6.43984e-05 0.0017798 0.0133477 0.0545977 0.896013 0.0341968 
2.71498e-22 4.22287e-20 1.7373e-17 5.01081e-15 1.53887e-12 5.17598e-10 1.16747e-07 0.000291341 0.00853235 0.991176 
3.89063e-10 8.09262e-09 6.66115e-08 2.55249e-06 0.000273837 0.00169584 0.00741676 0.0305366 0.876055 0.0840193 
8.57043e-12 1.81041e-10 2.51671e-09 1.85535e-07 3.00462e-05 0.000938748 0.00971902 0.887016 0.0697767 0.0325195 
6.51868e-10 1.33127e-08 7.32073e-08 2.52993e-06 0.000140757 0.00279765 0.01724 0.0639407 0.876854 0.0390245 
7.56122e-16 1.60282e-14 2.50203e-13 4.49185e-11 4.87273e-09 2.52675e-07 4.38174e-06 0.000440017 0.0172349 0.98232 
2.85786e-12 6.16929e-11 1.23455e-09 1.08244e-07 2.35958e-05 0.000519372 0.00318315 0.0183009 0.0517235 0.926249 
