2170
2.3458e-08 4.88316e-07 4.12431e-06 0.000849061 0.000951337 0.00429233 0.0077201 0.025858 0.0764439 0.883881 
8.62893e-16 1.82754e-14 2.7001e-13 5.22979e-11 5.9317e-09 4.92571e-07 4.58489e-05 0.00404559 0.485054 0.510854 
0.00018068 0.00382577 0.00561019 0.0536867 0.100384 0.654545 0.115541 0.0440124 0.0192412 0.00297268 
1.15026e-08 1.99984e-07 1.4433e-06 3.40697e-05 0.000590981 0.00350454 0.0136452 0.421733 0.466003 0.0944872 
3.70144e-07 9.67612e-06 0.000222636 0.000798436 0.00268565 0.00565154 0.0141086 0.0319647 0.619336 0.325223 
4.53943e-07 1.34045e-05 0.000475837 0.000826466 0.00281535 0.00474189 0.00992582 0.02001 0.0325408 0.92865 
1.62404e-11 3.05808e-10 8.32083e-09 1.30556e-07 3.01526e-06 0.000165654 0.000992315 0.0152439 0.90586 0.077735 
1.09067e-06 3.27939e-05 0.000421108 0.00172674 0.00570693 0.0108928 0.0251002 0.0534169 0.232392 0.67031 
8.42433e-07 2.71356e-05 0.00044575 0.000905253 0.00395322 0.00690154 0.0176509 0.0401078 0.0898772 0.84013 
2.32071e-08 5.21133e-07 3.40121e-06 4.49526e-05 0.000183689 0.000967688 0.00382082 0.0101629 0.716866 0.26795 
1.52008e-06 4.36941e-05 0.000553334 0.00262283 0.0139793 0.0397647 0.0983925 0.67961 0.101993 0.0630387 
2.70926e-05 0.000599316 0.00269553 0.0298695 0.0604234 0.363825 0.306862 0.187052 0.0344151 0.0142311 
1.99705e-11 3.85107e-10 8.49796e-09 1.65106e-07 3.41801e-06 0.000157656 0.00103503 0.010229 0.911488 0.0770864 
2.22598e-07 5.09039e-06 4.32627e-05 0.00132175 0.00464252 0.0131731 0.0298359 0.0766898 0.135396 0.738892 
3.34976e-10 6.86403e-09 1.02384e-07 2.72916e-06 9.98766e-05 0.000979207 0.00907569 0.0639728 0.696769 0.229101 
4.21751e-29 1.00488e-25 3.3465e-22 1.08209e-18 1.789e-15 9.19469e-12 4.47755e-08 0.000123679 0.00204066 0.997836 
5.8879e-07 1.7902e-05 0.000173473 0.00111052 0.00313789 0.00723701 0.0197771 0.0402588 0.0708718 0.857415 
4.2317e-08 8.97392e-07 5.34495e-06 5.95197e-05 0.000316345 0.00106952 0.00464055 0.0094988 0.0171665 0.967242 
6.35714e-07 1.96383e-05 0.000411761 0.000730542 0.00292711 0.00389564 0.0087888 0.0165403 0.0438544 0.922831 
7.10416e-06 0.000325976 0.0011627 0.00977214 0.0526295 0.170127 0.115569 0.516286 0.0908928 0.0432284 
3.14053e-09 6.13632e-08 4.13948e-07 9.58557e-06 0.000213981 0.00673668 0.798515 0.0855586 0.0666379 0.042328 
3.72571e-08 1.27662e-06 5.63712e-06 0.000107983 0.000298599 0.00176546 0.00763142 0.145963 0.488295 0.355932 
3.25805e-11 6.46505e-10 2.1092e-08 4.59673e-07 9.8351e-06 0.000628047 0.00370065 0.0185363 0.0590014 0.918123 
1.19042e-06 3.22078e-05 0.000282029 0.00319872 0.0145925 0.0404334 0.0759553 0.103388 0.393613 0.368504 
6.78192e-06 0.000261341 0.00130306 0.0128038 0.0473875 0.431949 0.335838 0.0832407 0.0580445 0.029166 
6.16415e-07 1.81063e-05 0.000189279 0.0013944 0.00751548 0.0132185 0.0152386 0.0226806 0.0460829 0.893662 
2.52303e-16 5.27355e-15 4.857e-14 8.99177e-12 3.27759e-10 9.54809e-08 7.40283e-07 0.000107409 0.00229976 0.997592 
9.56768e-07 2.70871e-05 0.000353838 0.00256789 0.00977441 0.0192441 0.0264445 0.0562319 0.420764 0.464591 
8.1069e-07 2.43932e-05 0.000335096 0.00231263 0.0101495 0.0134053 0.0205471 0.0427657 0.60291 0.307549 
3.78154e-15 8.1082e-14 1.68048e-12 4.03692e-10 4.22767e-08 1.67734e-06 2.42001e-05 0.00172939 0.0134461 0.984799 
5.34937e-06 0.000224303 0.00102823 0.00766976 0.0403687 0.128768 0.0901506 0.132221 0.556048 0.0435156 
1.2251e-11 2.32966e-10 5.13572e-09 9.50277e-08 2.17149e-06 0.0001261 0.000348234 0.00174417 0.0180909 0.979688 
2.78744e-06 0.000199804 0.000634553 0.00459346 0.0158743 0.0457171 0.0887847 0.149697 0.649208 0.0452885 
7.81087e-07 2.28518e-05 0.000318462 0.0011376 0.00475081 0.00708857 0.0134997 0.0218589 0.0321772 0.919145 
1.08385e-05 0.000228208 0.000553941 0.00730033 0.0158892 0.0273843 0.0355042 0.256339 0.632709 0.0240806 
7.7801e-06 0.000297461 0.00136301 0.0111354 0.0686518 0.220884 0.143945 0.108109 0.41497 0.0306368 
1.37489e-06 4.11602e-05 0.00057788 0.00316813 0.0152691 0.0154194 0.0195283 0.0363381 0.0732769 0.83638 
1.43272e-12 3.15813e-11 2.87851e-10 3.20227e-08 1.00646e-06 0.000319181 0.000714934 0.0128524 0.958629 0.0274837 
1.61467e-10 3.33772e-09 1.58427e-07 2.40663e-06 4.88682e-05 0.00159805 0.00655973 0.041746 0.895551 0.0544937 
0.000261708 0.00451247 0.0170977 0.0893609 0.64345 0.11941 0.0577786 0.0364848 0.0233153 0.00832824 
8.97103e-08 2.07352e-06 1.93859e-05 0.000254456 0.00153806 0.00620543 0.014588 0.144762 0.665425 0.167206 
7.38742e-07 2.34802e-05 0.000206221 0.000558939 0.00292804 0.00509986 0.0155869 0.0291741 0.0581884 0.888233 
2.50285e-08 6.44666e-07 1.28982e-05 5.93581e-05 0.000176551 0.000558002 0.000743868 0.0045965 0.0303956 0.963457 
1.57275e-07 3.47136e-06 4.02345e-05 0.000780982 0.00548748 0.0162443 0.0570823 0.69539 0.12256 0.102412 
9.80783e-10 2.23883e-08 1.60433e-07 3.58172e-06 1.5505e-05 8.34843e-05 0.000942183 0.00276139 0.0142519 0.981942 
3.5907e-14 7.72052e-13 4.08121e-11 7.05871e-10 2.47875e-08 7.35734e-07 1.18212e-05 0.000381706 0.00951128 0.990094 
1.40116e-06 4.49403e-05 0.000615781 0.00510959 0.021103 0.0263717 0.0331564 0.0563288 0.0906796 0.766589 
2.30379e-16 4.81466e-15 4.41108e-14 8.18354e-12 3.02489e-10 8.88234e-08 8.02637e-07 8.22717e-05 0.003664 0.996253 
9.46386e-07 2.68671e-05 0.000449551 0.00139644 0.00535353 0.00905495 0.0236671 0.0352323 0.0390549 0.885763 
7.58661e-09 1.23644e-07 1.01839e-06 4.08745e-05 0.00052192 0.00173101 0.00605327 0.0199109 0.195989 0.775752 
2.25638e-06 6.95305e-05 0.000832034 0.0103159 0.0516929 0.124783 0.586777 0.111293 0.0746608 0.0395734 
1.18318e-06 2.56923e-05 0.000221896 0.0100881 0.0270226 0.345362 0.124093 0.0859464 0.253829 0.15341 
2.46504e-05 0.000615944 0.00237675 0.0250634 0.072281 0.228182 0.152991 0.440273 0.0619682 0.016224 
4.00984e-08 1.22149e-06 5.68532e-06 9.32939e-05 0.000269463 0.00138016 0.004952 0.0113231 0.0201708 0.961804 
1.82493e-06 5.15995e-05 0.000559681 0.00405202 0.025962 0.0420737 0.0671091 0.107085 0.677453 0.0756523 
5.68309e-07 1.50692e-05 0.000394246 0.00174882 0.00689144 0.0241001 0.140998 0.396127 0.0911439 0.33858 
3.83849e-08 8.13313e-07 6.40055e-06 0.000198772 0.00240261 0.368441 0.0599983 0.0546488 0.0731578 0.441146 
1.78839e-06 6.25092e-05 0.000376999 0.00602275 0.0256342 0.086067 0.105399 0.135371 0.399803 0.241262 
5.43438e-07 1.77877e-05 0.000238852 0.000449322 0.00212061 0.00202101 0.00304804 0.00827886 0.0555757 0.928249 
2.56585e-06 8.34876e-05 0.000882617 0.00762168 0.0336798 0.0523254 0.0801406 0.107139 0.622066 0.096058 
7.00178e-07 2.02723e-05 0.000225228 0.00127733 0.00431195 0.00996518 0.0250688 0.0446353 0.0775638 0.836932 
1.5254e-16 3.19109e-15 3.06813e-14 5.87707e-12 3.53273e-10 1.02176e-07 2.34208e-06 0.000415679 0.0106768 0.988905 
9.36186e-09 2.25124e-07 2.54185e-06 2.80968e-05 0.000116678 0.00037133 0.00329276 0.00670286 0.0180294 0.971456 
8.92215e-07 2.6369e-05 0.000333162 0.00154146 0.0068388 0.0112215 0.0252264 0.0485192 0.0829882 0.823304 
1.40908e-06 4.49074e-05 0.000554024 0.00429483 0.0213122 0.0342109 0.0641415 0.0950102 0.112384 0.668046 
6.8239e-10 1.31906e-08 2.74016e-07 6.12287e-06 7.90837e-05 0.00133418 0.00516 0.0206893 0.227324 0.745407 
8.53087e-07 2.46421e-05 0.000366391 0.00162158 0.00695279 0.0112462 0.0263228 0.165296 0.114516 0.673653 
2.50693e-09 5.64584e-08 5.07636e-07 1.58307e-05 0.00027567 0.00148215 0.00579735 0.0191394 0.0612505 0.912039 
1.88978e-10 3.88579e-09 1.80059e-07 2.63234e-06 2.69843e-05 0.00139204 0.00577624 0.0302898 0.889475 0.0730372 
3.76783e-07 1.06257e-05 0.000319017 0.000618124 0.00205454 0.00421351 0.0102728 0.01926 0.46158 0.501671 
3.91857e-10 8.11817e-09 1.07308e-07 3.43608e-06 0.000158559 0.00168573 0.0174754 0.56997 0.120648 0.290058 
1.20815e-06 4.75518e-05 0.000211082 0.0031481 0.0118853 0.0218513 0.0245744 0.038848 0.0426889 0.856744 
2.72832e-06 8.81454e-05 0.000915285 0.00624022 0.0275419 0.0673283 0.480793 0.301294 0.0797696 0.036027 
3.03368e-06 8.77113e-05 0.000853623 0.00266655 0.0153988 0.0341294 0.0680618 0.660248 0.140631 0.0779202 
1.11704e-10 2.30691e-09 1.10995e-07 1.59851e-06 1.46956e-05 0.000555009 0.0012412 0.0115196 0.92154 0.0651282 
7.84218e-06 0.00027603 0.00164269 0.0121718 0.06278 0.543725 0.253804 0.0654606 0.0463436 0.0137886 
1.0729e-05 0.000181299 0.00190858 0.0375791 0.0818694 0.139866 0.150927 0.307186 0.234332 0.0461405 
5.29067e-07 1.21435e-05 9.12553e-05 0.00234457 0.00686241 0.0205119 0.052601 0.634141 0.163989 0.119447 
3.31705e-15 7.18577e-14 1.77782e-12 3.94738e-10 5.1445e-08 1.55948e-06 2.05757e-05 0.00154076 0.0166859 0.981751 
2.0201e-07 5.06839e-06 4.44801e-05 0.000475728 0.00325429 0.0102077 0.024955 0.152595 0.736654 0.0718083 
1.91431e-07 4.64545e-06 2.95689e-05 0.000744165 0.00227952 0.00603111 0.0155315 0.0395413 0.093505 0.842333 
5.57092e-07 1.40282e-05 0.000196145 0.00189324 0.0196962 0.0651934 0.255239 0.36453 0.217998 0.0752394 
9.51237e-17 1.98781e-15 1.82351e-14 3.40945e-12 1.33051e-10 4.66934e-08 4.64709e-07 4.5365e-05 0.00189958 0.998055 
1.0782e-06 2.93563e-05 0.000358298 0.00373226 0.0167443 0.0376721 0.0779068 0.107535 0.119635 0.636385 
7.04099e-07 2.09707e-05 0.000438112 0.000896956 0.00369754 0.00646803 0.0145703 0.0281053 0.0542363 0.891566 
1.07536e-06 3.35999e-05 0.000477848 0.00100498 0.00518389 0.00683825 0.0145916 0.0397285 0.849442 0.0826981 
2.87221e-07 8.83272e-06 6.18762e-05 0.00146947 0.00481648 0.00771407 0.0275865 0.0709589 0.78983 0.0975534 
6.66786e-06 0.000258351 0.00177639 0.00856828 0.0259513 0.169377 0.0877233 0.312237 0.356106 0.0379958 
8.62631e-06 0.000205208 0.00161988 0.0247224 0.0601198 0.39203 0.335444 0.135989 0.0368671 0.0129938 
1.79469e-09 3.19171e-08 3.783e-07 8.00593e-06 0.000121826 0.000936829 0.00441231 0.022463 0.343328 0.62873 
1.06195e-09 9.52856e-09 1.11051e-07 2.16653e-06 1.20397e-05 5.69288e-05 0.000397106 0.000670931 0.00211025 0.99675 
7.13008e-10 1.79099e-08 1.9953e-07 3.22424e-06 1.82303e-05 0.000244434 0.000476837 0.00389301 0.0228686 0.972495 
8.05745e-07 3.36311e-05 0.000118268 0.00117076 0.00813262 0.0163945 0.0286649 0.0549481 0.0990659 0.791471 
5.94069e-07 2.02159e-05 0.000186037 0.00338316 0.00953862 0.0184863 0.0463626 0.112257 0.702819 0.106946 
4.26694e-05 0.000787403 0.00179894 0.0213615 0.0541766 0.131025 0.131156 0.586938 0.0553109 0.0174029 
2.17155e-11 5.52822e-10 8.63607e-09 7.61622e-08 4.56972e-07 4.39433e-05 2.04705e-05 2.86722e-05 0.000673022 0.999233 
3.26448e-09 6.55713e-08 7.70699e-07 1.53739e-05 0.000167378 0.00205602 0.00663948 0.0193242 0.0664568 0.90534 
5.67716e-18 1.25517e-16 4.18987e-15 1.10169e-12 2.86678e-10 8.03737e-08 3.01359e-06 0.000453598 0.0127963 0.986747 
6.53438e-11 1.38578e-09 4.85584e-08 9.6468e-07 4.61441e-05 0.000572391 0.00408229 0.161156 0.637179 0.196963 
4.11637e-06 9.24799e-05 0.000958542 0.0107786 0.124835 0.545162 0.137902 0.0776439 0.0573296 0.0452938 
7.31991e-06 0.000172486 0.00120099 0.0104689 0.0410111 0.0699039 0.100936 0.675571 0.0720587 0.0286702 
2.53925e-06 6.04917e-05 0.00078163 0.00912984 0.265341 0.460298 0.0906593 0.121121 0.0308396 0.0217657 
3.75393e-07 9.1049e-06 9.27766e-05 0.00151769 0.00529408 0.0176926 0.0411627 0.069801 0.0872168 0.777213 
2.07245e-34 1.05513e-30 1.11965e-26 9.86459e-23 5.62702e-19 8.74533e-15 2.63683e-10 6.46397e-05 0.00158109 0.998354 
3.12596e-08 6.50004e-07 5.46314e-06 0.00122333 0.00177875 0.00459949 0.0180859 0.0632321 0.126419 0.784655 
6.43606e-11 1.39677e-09 2.12654e-08 4.32241e-07 2.67367e-06 1.86378e-05 0.000185086 0.002407 0.0197883 0.977598 
9.05017e-09 2.05421e-07 1.42761e-06 1.84267e-05 7.24556e-05 0.000460833 0.00166276 0.00400497 0.0140314 0.979748 
2.18932e-06 6.11616e-05 0.000678018 0.00426114 0.0326284 0.0522594 0.0884798 0.597401 0.176937 0.0472915 
1.70012e-06 4.98718e-05 0.000668119 0.00437904 0.0245019 0.0343356 0.0538048 0.0609396 0.0781522 0.743167 
2.28654e-07 5.48848e-06 3.94419e-05 0.00110745 0.00344636 0.00905704 0.0242858 0.253077 0.294118 0.414864 
9.18792e-11 1.90053e-09 7.77828e-08 1.5699e-06 2.31045e-05 0.00118573 0.00184465 0.0121917 0.901665 0.0830885 
6.95616e-07 1.64516e-05 0.000288479 0.00317596 0.0129179 0.0581807 0.512413 0.186572 0.0610716 0.165363 
1.59164e-10 3.42683e-09 1.06683e-08 1.66698e-07 6.28362e-07 3.49398e-06 7.21566e-06 7.09102e-05 0.00172594 0.998192 
1.05449e-05 0.000332169 0.00212978 0.0125131 0.0422775 0.120654 0.647692 0.0985125 0.0550688 0.0208091 
4.06865e-09 9.46042e-08 7.27463e-07 1.50773e-05 8.19101e-05 0.00174392 0.00425814 0.019762 0.847386 0.126752 
9.95432e-11 2.29261e-09 1.44241e-08 4.24967e-07 1.81595e-06 1.1815e-05 0.000109946 0.000689437 0.00587067 0.993316 
3.82225e-10 8.5226e-09 1.51482e-07 2.09783e-06 1.46392e-05 0.000417546 0.00115072 0.00887126 0.0434959 0.946048 
7.93583e-07 3.23426e-05 0.000162174 0.0025999 0.00953145 0.0150162 0.020971 0.0292079 0.0268573 0.895621 
2.33952e-08 5.22686e-07 1.6118e-06 3.47552e-05 9.84282e-05 0.000535024 0.00118513 0.00420625 0.482866 0.511072 
2.05581e-11 4.2257e-10 2.20176e-08 2.49121e-07 1.17433e-06 5.95469e-06 7.21387e-05 0.00191031 0.0192842 0.978726 
7.9567e-12 1.67143e-10 5.75084e-09 1.75958e-07 3.52804e-06 0.000190791 0.00075481 0.00764644 0.0407155 0.950689 
9.88614e-07 3.15528e-05 0.000504901 0.000935973 0.00549125 0.00599265 0.0113823 0.0309868 0.0715618 0.873112 
1.07341e-06 4.11905e-05 0.000196167 0.00333108 0.0140841 0.0319176 0.0358706 0.0661034 0.0896025 0.758852 
1.2788e-10 2.63109e-09 1.19617e-07 1.88655e-06 2.24624e-05 0.00119878 0.00477764 0.026551 0.0730954 0.894353 
8.26693e-09 1.43654e-07 9.94983e-07 2.44219e-05 0.000573496 0.00577532 0.540535 0.350165 0.0624238 0.040501 
1.72422e-08 3.84593e-07 1.48924e-06 2.52203e-05 0.000106239 0.000674154 0.00216848 0.0122457 0.562994 0.421784 
1.41329e-05 0.00040926 0.00142564 0.0237987 0.0354551 0.08567 0.709501 0.0870111 0.0390245 0.0176904 
7.82663e-08 2.16033e-06 1.36731e-05 0.000259502 0.000907892 0.00397535 0.0133269 0.0332525 0.0663693 0.881893 
8.93568e-07 2.44566e-05 0.000219184 0.00302045 0.0104234 0.0300192 0.0657278 0.667085 0.129166 0.0943135 
1.55164e-06 4.28661e-05 0.00056739 0.00624617 0.0295861 0.132893 0.270909 0.211804 0.28127 0.0666795 
1.5152e-08 3.34158e-07 2.57539e-06 3.93824e-05 0.000802005 0.00467292 0.0218999 0.0691511 0.845115 0.0583168 
2.09406e-15 4.39403e-14 5.13423e-13 1.41842e-10 4.94763e-09 8.66003e-07 1.65583e-05 0.00218173 0.0259084 0.971892 
6.07047e-09 1.19024e-07 1.19302e-06 0.00017991 0.000400175 0.00365916 0.186857 0.158539 0.319869 0.330495 
4.68502e-09 1.40265e-07 7.12596e-07 1.57739e-05 5.54463e-05 0.000260397 0.00128833 0.00219365 0.00608248 0.990103 
4.16071e-08 9.38958e-07 1.22054e-05 0.00103491 0.00112914 0.00378238 0.00961308 0.025104 0.830623 0.1287 
9.2332e-07 2.71553e-05 0.000325735 0.00121474 0.00531773 0.00939815 0.0253044 0.0566301 0.106476 0.795305 
2.44653e-07 6.5178e-06 9.55942e-05 0.00110509 0.00464594 0.0959092 0.0388451 0.109881 0.475802 0.27371 
1.89697e-10 3.90962e-09 1.58885e-07 2.55537e-06 2.90319e-05 0.00113962 0.00316294 0.0139366 0.0526753 0.929054 
9.22256e-07 2.45693e-05 0.000251144 0.00224683 0.00967128 0.0262478 0.0664515 0.599105 0.221059 0.0749415 
1.71646e-06 5.03164e-05 0.000616084 0.00564289 0.0215985 0.0378717 0.0625245 0.688286 0.103079 0.0803287 
2.65681e-08 7.18445e-07 2.62385e-05 5.86135e-05 0.000588908 0.00408687 0.0137378 0.0522018 0.857921 0.0713778 
7.43433e-09 1.32806e-07 1.22097e-06 2.84227e-05 0.000966806 0.00277838 0.00734898 0.033001 0.088837 0.867038 
4.5532e-08 1.3787e-06 9.27458e-06 0.000204276 0.000630235 0.00321415 0.0101264 0.0262125 0.0647051 0.894897 
1.35204e-07 2.88988e-06 4.54102e-05 0.00124338 0.00399063 0.0152152 0.0515728 0.738064 0.108213 0.0816527 
1.27187e-09 3.01353e-08 1.54193e-07 4.35737e-06 2.3646e-05 0.000295916 0.000916906 0.00254016 0.0088471 0.987372 
4.69791e-08 1.36847e-06 8.44833e-06 0.000136409 0.000438877 0.00201227 0.00768333 0.0157084 0.0338175 0.940193 
2.61849e-08 5.85996e-07 1.75742e-06 3.78211e-05 0.000103426 0.000605652 0.00111679 0.00381046 0.0205867 0.973737 
7.90713e-07 2.96957e-05 0.000115104 0.00125296 0.00731573 0.0195947 0.0293783 0.0673759 0.744654 0.130283 
2.34926e-08 5.33986e-07 1.91381e-06 4.39898e-05 0.000141107 0.00134479 0.00405455 0.820098 0.0899146 0.0844007 
5.17878e-06 0.000142248 0.00171131 0.0184126 0.0586907 0.115516 0.626467 0.111605 0.0487041 0.0187448 
5.72699e-07 1.98269e-05 0.000161024 0.00217684 0.00660352 0.0167935 0.0257709 0.0556319 0.1087 0.784142 
3.68583e-07 1.17005e-05 3.82349e-05 0.000968634 0.00231956 0.00671779 0.0200596 0.0500669 0.118199 0.801618 
7.7393e-10 8.81734e-09 1.86158e-07 3.05885e-06 2.83132e-05 0.00105497 0.00259674 0.0174631 0.895268 0.0835861 
7.63909e-05 0.00171894 0.00819298 0.0475039 0.239661 0.435494 0.111359 0.121207 0.0271748 0.00761212 
9.99808e-07 3.08236e-05 0.000424636 0.00113023 0.00518127 0.0120958 0.0262897 0.0850267 0.633162 0.236658 
2.16686e-09 4.36289e-08 6.69889e-07 2.02099e-05 0.000770126 0.0063497 0.0293848 0.084503 0.803405 0.075566 
1.9886e-10 4.24805e-09 7.07307e-08 1.61626e-06 1.44441e-05 0.000241764 0.00247838 0.0110854 0.878982 0.107197 
9.80306e-05 0.00330996 0.0247101 0.0210324 0.0369058 0.622467 0.145852 0.0866196 0.0393106 0.0196943 
1.53554e-08 3.16936e-07 3.11604e-06 0.000818525 0.00122977 0.00800398 0.0343106 0.57203 0.300194 0.0834097 
1.80114e-06 6.29402e-05 0.000630047 0.00592072 0.0263512 0.0516478 0.0763181 0.658013 0.119245 0.0618098 
1.92191e-06 6.25498e-05 0.000487487 0.00605159 0.0261178 0.0622009 0.119741 0.650866 0.0887038 0.0457662 
2.52546e-08 5.64703e-07 1.84454e-06 3.87953e-05 0.000128311 0.00180209 0.00339382 0.0160332 0.0542808 0.92432 
1.37828e-09 3.32264e-08 1.19841e-07 3.96925e-06 1.35332e-05 4.87827e-05 0.000158924 0.0014695 0.0157482 0.982557 
2.21085e-12 4.38131e-11 1.45401e-09 2.57458e-08 5.69238e-07 7.78571e-06 0.000161223 0.00143454 0.0210423 0.977354 
2.60216e-09 5.44426e-08 5.26281e-07 1.06408e-05 6.81254e-05 0.00224616 0.0161676 0.843148 0.074209 0.0641498 
7.9566e-07 2.2602e-05 0.000287645 0.00191381 0.00574735 0.0161816 0.0302745 0.0725562 0.751279 0.121737 
1.19074e-06 3.69795e-05 0.000366353 0.00492525 0.0191817 0.0336509 0.0752805 0.580451 0.0878085 0.198298 
6.74044e-07 2.08092e-05 7.54347e-05 0.000490442 0.0032137 0.00655433 0.0212927 0.145592 0.638816 0.183944 
4.90468e-10 1.05002e-08 2.09561e-07 4.29441e-06 3.82164e-05 0.00102207 0.00373717 0.0152998 0.0545355 0.925363 
8.05334e-09 4.29254e-07 1.92007e-06 4.09946e-05 0.00010735 0.00047069 0.00137685 0.00590059 0.0237002 0.968401 
1.07525e-06 2.73351e-05 0.000281295 0.00293476 0.0130742 0.0328725 0.0735456 0.117889 0.706688 0.0526855 
9.46975e-07 3.28861e-05 0.000224471 0.00434729 0.0186228 0.162851 0.0642996 0.289688 0.402777 0.0571563 
7.83032e-10 1.86904e-08 2.62828e-07 4.98804e-06 3.62698e-05 0.000866558 0.00238916 0.0155443 0.716204 0.264954 
7.9192e-08 1.87583e-06 1.59883e-05 0.000438675 0.00171421 0.00811125 0.0186427 0.0613171 0.276721 0.633037 
7.59402e-07 2.4335e-05 0.000170272 0.00127873 0.00327816 0.00433647 0.012966 0.0243942 0.04768 0.905871 
3.25703e-08 6.67305e-07 1.91095e-05 0.000511588 0.0041838 0.0311436 0.70643 0.129055 0.0737064 0.05495 
5.81549e-07 1.90636e-05 6.69576e-05 0.000386409 0.00304419 0.00846594 0.0290596 0.371182 0.156752 0.431023 
1.18348e-08 2.487e-07 1.41898e-06 3.52071e-05 0.000813598 0.00756875 0.0374314 0.100004 0.792867 0.0612788 
5.90433e-11 1.22223e-09 5.83373e-08 8.66215e-07 9.40436e-06 0.000370986 0.00116097 0.0062525 0.0275206 0.964685 
1.7098e-11 3.94529e-10 3.92228e-09 3.45156e-07 2.36034e-05 0.0013888 0.0115985 0.879501 0.0718365 0.0356516 
4.57223e-07 1.34162e-05 0.000355467 0.00217138 0.00924242 0.043511 0.647798 0.103974 0.0942619 0.098672 
3.69396e-10 7.66386e-09 1.48501e-07 2.70137e-06 5.75548e-05 0.000965715 0.0040285 0.0671711 0.501477 0.426297 
1.50914e-08 3.44284e-07 1.12164e-06 2.70655e-05 7.49401e-05 0.000464188 0.00102326 0.00633803 0.482012 0.510059 
1.23801e-05 0.000452263 0.00233015 0.0142684 0.0691542 0.223503 0.126101 0.0964859 0.427064 0.0406295 
4.65785e-08 1.40369e-06 1.53857e-05 0.000279847 0.002655 0.0120377 0.0420607 0.73688 0.126131 0.0799389 
1.21298e-06 3.69304e-05 0.000272779 0.00139291 0.00604829 0.00928631 0.0224061 0.034721 0.0531844 0.87265 
1.9662e-10 4.04837e-09 1.83765e-07 2.82485e-06 3.14537e-05 0.00129816 0.00347517 0.0271865 0.891271 0.0767351 
6.04563e-07 1.72883e-05 0.00018702 0.00103937 0.00393905 0.00743802 0.0194428 0.03407 0.0513008 0.882565 
8.93283e-07 3.10029e-05 0.000146001 0.00270285 0.0100646 0.0182681 0.026652 0.0531566 0.744503 0.144475 
8.95443e-11 1.85644e-09 3.44407e-08 5.41915e-07 1.27654e-05 8.19593e-05 0.00012365 0.000598501 0.00751164 0.991671 
0.00100162 0.0168482 0.489745 0.0898683 0.27802 0.0660898 0.0335041 0.0143757 0.00947957 0.00106834 
8.67121e-08 1.90653e-06 2.80116e-05 0.000812482 0.00345729 0.00990021 0.0266884 0.0615057 0.824428 0.0731779 
1.15824e-06 4.04409e-05 0.00032317 0.00192168 0.0102481 0.0219838 0.019965 0.0254882 0.0211849 0.898844 
1.04699e-10 2.1399e-09 7.04515e-08 1.20882e-06 1.66833e-05 0.000763863 0.00293443 0.0122339 0.0487489 0.935301 
7.51097e-13 1.57055e-11 1.47838e-10 2.76165e-08 9.89503e-07 0.000284587 0.0018074 0.0148454 0.955742 0.0273197 
2.31866e-08 4.88089e-07 3.64599e-06 8.17835e-05 0.000230834 0.000961302 0.00331757 0.0142372 0.851677 0.12949 
2.19997e-08 4.42243e-07 5.44101e-06 0.000145987 0.00141084 0.00465746 0.0166383 0.047701 0.806987 0.122453 
2.18173e-13 4.67164e-12 8.83619e-11 7.15521e-09 2.30423e-07 1.48129e-05 0.000693875 0.0145558 0.931505 0.0532299 
3.3025e-07 1.04552e-05 0.000133265 0.000867075 0.00254491 0.00649342 0.076656 0.367029 0.322387 0.223878 
7.26196e-07 2.16471e-05 0.000361774 0.00106838 0.00470505 0.00783052 0.0188546 0.718175 0.119781 0.129201 
1.25039e-08 2.67376e-07 2.92598e-06 4.24781e-05 0.000273038 0.00225283 0.00969942 0.40696 0.0799182 0.500851 
9.78191e-11 2.2746e-09 3.8673e-08 6.32412e-07 3.9841e-06 4.22356e-05 9.50052e-05 0.000248092 0.00227973 0.99733 
1.4011e-12 3.51871e-11 8.08893e-10 7.00939e-09 1.25411e-07 8.38532e-06 6.84139e-05 0.00413368 0.923989 0.0718001 
6.95794e-09 1.6774e-07 5.75747e-07 1.90683e-05 4.75425e-05 0.000250483 0.000310044 0.00193524 0.953302 0.0441345 
0.00404335 0.0135117 0.0307132 0.74564 0.146958 0.0515409 0.00703098 0.000545496 1.57424e-05 4.65316e-07 
2.03984e-08 4.15698e-07 1.26602e-05 0.000231619 0.00147607 0.0100043 0.202879 0.0392309 0.678418 0.0677467 
1.8244e-09 3.33471e-08 4.07678e-07 1.01069e-05 0.000249299 0.0025936 0.0109665 0.055171 0.855496 0.0755132 
3.89162e-11 8.37617e-10 6.84973e-09 1.5394e-07 9.36744e-07 1.20116e-05 4.43939e-05 0.00122193 0.0212579 0.977463 
3.10003e-06 7.12945e-05 0.000766485 0.00842364 0.0288698 0.0689501 0.122067 0.146536 0.589371 0.0349412 
2.37471e-08 5.22362e-07 1.58889e-06 2.96538e-05 9.06558e-05 0.000526265 0.00138328 0.00597563 0.0373911 0.954601 
5.00202e-08 1.06795e-06 1.58229e-05 0.00119213 0.00215588 0.00560021 0.0575129 0.0390379 0.112898 0.781586 
3.80138e-07 8.31029e-06 0.00018275 0.00426086 0.0145284 0.0728368 0.697884 0.0957697 0.0570932 0.0574357 
1.61079e-07 4.50267e-06 0.000146008 0.000272611 0.000913937 0.00163027 0.00470221 0.0103004 0.0298542 0.952176 
0.000135614 0.0051318 0.0283754 0.0654709 0.408674 0.300606 0.102027 0.0533113 0.0224004 0.0138678 
9.07494e-25 2.79792e-22 1.40525e-19 4.23871e-17 2.22982e-14 4.27228e-12 2.58153e-09 1.97547e-05 0.000810352 0.99917 
5.07162e-09 1.07207e-07 9.50529e-07 2.03149e-05 0.00020238 0.00317641 0.0104788 0.0658089 0.250621 0.669691 
3.00613e-09 5.93605e-08 6.58569e-07 1.3811e-05 0.000180697 0.00161594 0.00493675 0.0131143 0.0325796 0.947558 
0.000124668 0.00382082 0.0287834 0.0314891 0.0314332 0.0545556 0.678502 0.102281 0.0507785 0.0182316 
8.5654e-08 1.8678e-06 4.75439e-05 0.00132478 0.00506821 0.016403 0.0586601 0.740083 0.111578 0.0668328 
8.12631e-07 2.37022e-05 0.000307605 0.00208197 0.00761201 0.0162941 0.039902 0.640609 0.155536 0.137633 
2.51598e-09 5.17182e-08 5.3963e-07 7.56587e-06 4.38538e-05 0.000526463 0.00149964 0.00541827 0.0208197 0.971684 
1.0517e-06 2.93563e-05 0.000306193 0.00496585 0.0150421 0.0345514 0.067406 0.114866 0.675111 0.0877217 
3.86994e-07 1.18147e-05 0.000205479 0.000417492 0.00198781 0.00323201 0.00779104 0.020736 0.230871 0.734747 
7.66937e-07 2.34419e-05 0.000332619 0.000822176 0.00372412 0.00598898 0.0137086 0.0240637 0.0482484 0.903087 
4.14183e-13 8.84883e-12 2.37154e-10 1.21425e-08 3.38925e-07 3.67098e-05 9.04421e-05 0.00179161 0.0187437 0.979337 
5.0988e-06 0.000281311 0.00113821 0.0104721 0.0452016 0.137601 0.618077 0.0998298 0.0600985 0.0272952 
2.46062e-06 6.48812e-05 0.000897763 0.00781006 0.379427 0.122505 0.271239 0.119532 0.060012 0.0385097 
7.28346e-08 1.97896e-06 1.83925e-05 0.00158969 0.00218099 0.00586163 0.0180015 0.0494978 0.105422 0.817426 
1.53395e-06 4.92601e-05 0.000409045 0.00465749 0.0186895 0.0570005 0.0898147 0.114651 0.653156 0.0615709 
6.78025e-07 1.95727e-05 0.00028902 0.00106212 0.00543571 0.0116894 0.0257325 0.0711473 0.752763 0.13186 
1.07926e-05 0.000377881 0.00137377 0.0117533 0.0600908 0.189049 0.12129 0.0812201 0.0745756 0.460258 
5.92535e-09 1.21455e-07 1.0752e-06 2.29567e-05 0.000214332 0.00252201 0.00898839 0.0337808 0.0819895 0.872481 
2.10636e-11 4.57986e-10 1.20859e-08 2.22806e-07 2.56998e-06 0.000131758 0.000192467 0.00436464 0.645368 0.34994 
4.80429e-07 1.32944e-05 0.000382518 0.000673003 0.002825 0.00401995 0.00729803 0.0100497 0.0196886 0.955049 
8.98428e-07 2.64444e-05 0.000422222 0.00106635 0.00536018 0.00827636 0.0208918 0.0341783 0.0416171 0.88816 
1.50375e-06 4.43303e-05 0.000588138 0.00366472 0.0215452 0.362057 0.180187 0.0871879 0.238207 0.106518 
4.296e-08 9.98055e-07 7.68766e-06 0.000849831 0.00145755 0.00557768 0.0229089 0.0825277 0.4407 0.445969 
9.71718e-07 3.74335e-05 0.0001912 0.00388217 0.0150748 0.0250839 0.0595698 0.69475 0.108285 0.093125 
2.28232e-08 8.81862e-07 5.72225e-06 9.58931e-05 0.000300933 0.00263765 0.0101567 0.0452381 0.839219 0.102345 
3.29232e-12 6.50958e-11 1.86109e-09 4.25748e-08 1.17071e-06 4.65774e-05 0.000406145 0.00219382 0.0170732 0.980279 
3.29932e-12 6.78586e-11 3.49241e-09 4.10702e-08 2.99904e-07 5.38426e-06 6.97914e-05 0.00224945 0.0129319 0.984743 
2.0151e-08 3.76278e-07 2.91328e-06 7.0453e-05 0.00107887 0.00348853 0.0111114 0.0466219 0.834746 0.10288 
3.02311e-11 6.28236e-10 2.74856e-08 4.98978e-07 7.16757e-06 0.000324588 0.00205148 0.0169306 0.908902 0.0717837 
5.25373e-06 0.000161002 0.00132947 0.00942352 0.067354 0.626643 0.182693 0.0827669 0.022033 0.00759003 
7.77955e-27 2.31614e-24 1.23876e-21 4.62415e-19 3.94035e-16 2.35324e-12 1.22606e-08 6.1029e-05 0.00229679 0.997642 
5.6262e-09 2.58096e-07 1.16533e-06 2.78343e-05 9.66549e-05 0.000680629 0.00281543 0.00975675 0.0341947 0.952427 
5.04816e-06 0.000227302 0.00147812 0.00921636 0.0356073 0.0951531 0.126867 0.629 0.076782 0.0256637 
9.05223e-11 1.87686e-09 8.3467e-08 1.36317e-06 1.53184e-05 0.000650567 0.00173731 0.066176 0.651606 0.279813 
1.69554e-06 4.10505e-05 0.000302503 0.00350901 0.0372722 0.115825 0.0322068 0.0666093 0.449535 0.294697 
4.04995e-07 1.12224e-05 0.000382555 0.000626359 0.00244807 0.00412053 0.00666553 0.0272308 0.881355 0.0771593 
1.1934e-10 2.45902e-09 1.20596e-07 1.54416e-06 1.11596e-05 0.000250505 0.000702284 0.00627571 0.04234 0.950419 
3.96004e-07 9.19344e-06 0.00011736 0.00117025 0.00348979 0.00872532 0.018166 0.0417727 0.0933166 0.833232 
2.02706e-10 4.15453e-09 1.8525e-07 2.95928e-06 4.12379e-05 0.00213236 0.00811549 0.0452535 0.87616 0.0682944 
9.17541e-07 2.85906e-05 0.000434124 0.000787822 0.00400871 0.00377964 0.00674975 0.00979006 0.0260116 0.948409 
9.88833e-29 2.00832e-25 5.92105e-22 1.76928e-18 2.75078e-15 1.31612e-11 5.90934e-08 0.000151473 0.00458403 0.995264 
2.3891e-07 5.07265e-06 9.01961e-05 0.0036554 0.00940197 0.0459191 0.705084 0.113774 0.0697682 0.0523013 
2.65395e-12 5.52582e-11 2.29403e-09 4.76655e-08 6.84764e-07 3.49296e-05 0.000159623 0.00585237 0.947251 0.0467009 
2.94666e-10 6.05636e-09 2.62214e-08 4.52141e-07 1.77385e-06 1.39296e-05 8.07986e-05 0.0028422 0.0248193 0.972242 
4.10257e-09 9.71766e-08 1.87654e-05 4.02407e-05 0.00116132 0.00601123 0.024882 0.767299 0.127399 0.0731882 
2.64528e-07 6.43683e-06 5.19759e-05 0.00115949 0.00626814 0.0368057 0.65527 0.125647 0.101385 0.0734061 
6.35067e-10 1.40736e-08 2.15932e-07 4.91328e-06 5.81211e-05 0.000546193 0.00175533 0.00523213 0.0153842 0.977019 
1.09857e-06 3.45381e-05 0.000543503 0.00149227 0.00520723 0.00789502 0.0162849 0.0376885 0.073116 0.857737 
7.90313e-05 0.00196413 0.00727396 0.0629374 0.292214 0.410002 0.133018 0.0502233 0.0322667 0.0100219 
1.09902e-06 3.22199e-05 0.000533564 0.00215117 0.00818141 0.0167721 0.0357336 0.691154 0.133108 0.112333 
4.78313e-13 9.38095e-12 1.81471e-10 1.03766e-08 1.58945e-07 8.17696e-06 9.21612e-05 0.00138897 0.0128623 0.985648 
1.07217e-08 5.42747e-07 2.86741e-06 5.7348e-05 0.0001769 0.00205578 0.0050236 0.0182 0.0522544 0.922228 
1.29095e-08 2.90341e-07 3.04637e-06 5.6839e-05 0.000893816 0.00401753 0.014515 0.0502067 0.10455 0.825757 
4.24703e-08 9.60718e-07 4.82283e-06 8.74522e-05 0.000382236 0.00337368 0.0105682 0.0323324 0.0844039 0.868846 
5.05771e-07 1.28376e-05 0.000144397 0.00181754 0.00948541 0.0458507 0.624758 0.130711 0.105503 0.0817171 
2.55558e-06 7.0708e-05 0.000588947 0.0073548 0.0290976 0.0641056 0.101207 0.656234 0.0885994 0.0527395 
0.000156068 0.00490689 0.153564 0.278729 0.159734 0.190593 0.130628 0.0549562 0.0222938 0.00443813 
7.12721e-07 1.96261e-05 0.000228932 0.00244052 0.00777405 0.00974378 0.0109655 0.0246839 0.0440881 0.900055 
5.58729e-07 1.75395e-05 0.000157617 0.00360211 0.0110373 0.0233103 0.259948 0.28229 0.197038 0.222599 
1.04329e-05 0.000246421 0.00144553 0.0174823 0.0714842 0.468861 0.0552317 0.0373349 0.285125 0.0627787 
1.35034e-08 3.21873e-07 2.02315e-06 4.43499e-05 0.000504972 0.00238783 0.0081684 0.0312782 0.470809 0.486805 
2.63649e-08 5.83445e-07 1.98189e-06 4.00022e-05 0.000133045 0.000853097 0.0030099 0.0234074 0.8926 0.0799545 
1.15274e-07 3.50624e-06 8.83799e-05 0.000251966 0.00086024 0.00397911 0.0123867 0.0490871 0.833273 0.10007 
2.96121e-05 0.00077467 0.00334888 0.0250897 0.093268 0.569648 0.14273 0.11556 0.0386794 0.0108719 
6.60142e-09 1.39383e-07 1.39406e-06 0.000302373 0.000366957 0.00194958 0.00561581 0.0160098 0.0492901 0.926464 
3.95089e-08 8.83816e-07 2.70384e-06 5.86834e-05 0.000169786 0.00134493 0.00236686 0.00893037 0.0331305 0.953995 
3.21697e-16 6.72647e-15 6.32207e-14 1.19856e-11 6.20769e-10 1.84099e-07 3.61728e-06 0.000819303 0.927038 0.0721386 
6.3936e-07 2.72767e-05 8.00205e-05 0.00164189 0.00814092 0.0154302 0.0312113 0.0828416 0.142476 0.71815 
2.48499e-15 5.13861e-14 2.88394e-13 3.2875e-11 1.82368e-09 1.5325e-07 2.06362e-06 0.000410381 0.00635411 0.993233 
5.12918e-07 1.5857e-05 5.97514e-05 0.000274001 0.00187244 0.00248211 0.0057489 0.0109908 0.0371315 0.941424 
1.32349e-07 3.75595e-06 0.000125762 0.000243998 0.000854861 0.00250138 0.0067579 0.0183772 0.0511095 0.920026 
3.73424e-16 7.86349e-15 1.14034e-13 4.45159e-11 8.63175e-10 1.43184e-07 3.26944e-06 0.00019412 0.00358332 0.996219 
3.83654e-14 8.11962e-13 1.97519e-11 8.53654e-10 3.97182e-08 1.38249e-06 9.28904e-05 0.00138879 0.475591 0.522926 
6.76854e-08 2.01996e-06 1.34316e-05 0.000251787 0.00155543 0.00505807 0.0181189 0.0556447 0.796789 0.122567 
8.97321e-06 0.000188917 0.000968927 0.0133273 0.0915454 0.419175 0.120975 0.243162 0.0828144 0.0278347 
1.98063e-09 4.56071e-08 4.61649e-07 8.79127e-06 8.61636e-05 0.000783727 0.00251703 0.0109618 0.0471571 0.938485 
8.07905e-09 1.43757e-07 1.26097e-06 2.85337e-05 0.000353276 0.00374915 0.0122901 0.0498918 0.817104 0.116582 
2.02911e-06 5.80116e-05 0.000676277 0.00707316 0.0236618 0.0551828 0.10627 0.130218 0.615939 0.0609186 
5.48229e-10 1.2414e-08 1.92677e-07 5.01439e-06 9.93331e-05 0.00290515 0.0135902 0.226021 0.685656 0.0717226 
3.97386e-07 8.63677e-06 9.11641e-05 0.00183983 0.00544504 0.0163145 0.0421981 0.0904958 0.707269 0.136338 
4.38594e-07 9.38849e-06 0.00011099 0.00291943 0.0115352 0.0454593 0.373452 0.396251 0.0900702 0.0801916 
5.67182e-06 0.000120569 0.000304999 0.00278982 0.00818807 0.0270503 0.075607 0.157362 0.448615 0.279957 
1.07617e-08 4.81044e-07 2.52311e-06 4.86691e-05 0.000166677 0.002449 0.00690462 0.037653 0.855477 0.0972984 
3.03723e-07 8.21728e-06 4.83833e-05 0.000801867 0.00450472 0.0208619 0.212857 0.304751 0.110186 0.345981 
6.03339e-11 1.29369e-09 2.05394e-08 5.09026e-07 6.03417e-06 0.000690406 0.0145686 0.884859 0.0587007 0.0411749 
6.55413e-19 1.42439e-17 3.61333e-16 7.73934e-14 1.6896e-11 3.46194e-09 2.24611e-07 0.000229374 0.00770504 0.992065 
1.61637e-10 3.34568e-09 1.40851e-07 2.87124e-06 0.000180328 0.00643433 0.765971 0.0690138 0.0876215 0.0707762 
4.86264e-12 1.03007e-10 4.3601e-09 9.41914e-08 2.73393e-06 0.000212425 0.00280562 0.931926 0.029466 0.0355869 
9.76865e-10 2.27128e-08 1.87913e-07 3.71223e-06 1.87434e-05 8.67264e-05 0.000400264 0.00340138 0.0206359 0.975453 
9.40185e-08 1.98015e-06 3.27684e-05 0.000624794 0.00159024 0.00407935 0.0139281 0.154537 0.231435 0.593771 
9.91911e-09 1.92935e-07 1.66828e-06 4.67295e-05 0.000475841 0.00223862 0.00641861 0.0219755 0.826048 0.142795 
1.40813e-08 3.64997e-07 2.38771e-05 0.000118353 0.000989215 0.00587131 0.0238115 0.0673905 0.826963 0.0748324 
1.39822e-10 2.93021e-09 6.05076e-08 1.31958e-06 1.67273e-05 0.000563436 0.00206191 0.00742043 0.0367057 0.95323 
1.04007e-08 2.59094e-07 3.52655e-06 3.69217e-05 0.000227851 0.00261816 0.0106655 0.0380514 0.836774 0.111623 
1.87515e-06 5.22398e-05 0.000675488 0.00570242 0.0299083 0.0791016 0.626496 0.152375 0.073978 0.0317093 
9.57392e-10 2.31085e-08 9.1634e-08 2.65884e-06 7.22238e-06 9.5428e-05 0.000189722 0.00265883 0.0272144 0.969832 
7.00098e-10 1.53551e-08 9.90741e-08 2.77853e-06 2.79948e-05 0.000137632 0.000557156 0.00148623 0.00290539 0.994883 
9.81814e-07 3.39043e-05 0.000222597 0.00421262 0.0128942 0.0250115 0.0356349 0.0605075 0.0878072 0.773675 
1.12148e-08 2.48863e-07 2.65726e-06 3.917e-05 0.000173483 0.00200888 0.00706579 0.0237987 0.843547 0.123364 
2.24702e-10 4.6482e-09 2.01201e-07 3.40088e-06 0.000100535 0.00232852 0.00728503 0.047937 0.870143 0.0722024 
8.09559e-11 1.67606e-09 7.74356e-08 1.24486e-06 1.35875e-05 0.000584885 0.000572226 0.00414234 0.0213896 0.973296 
3.19928e-08 6.20882e-07 4.05667e-06 9.05976e-05 0.00144788 0.00472395 0.0155755 0.759643 0.107471 0.111043 
3.83821e-15 8.15793e-14 1.97811e-12 1.19604e-10 3.19347e-09 5.56902e-07 4.71357e-07 4.71703e-05 0.00152877 0.998423 
2.85769e-08 5.76882e-07 1.18478e-05 0.000341743 0.00350554 0.0577292 0.589816 0.218337 0.0948807 0.0353778 
0.00015039 0.00417809 0.0223658 0.0567612 0.222054 0.492615 0.143162 0.0359349 0.0180124 0.00476645 
9.01414e-05 0.00214631 0.00372739 0.0341896 0.118581 0.591755 0.13964 0.0615949 0.0359215 0.0123541 
0.000119605 0.00406303 0.0319995 0.0216362 0.0246775 0.0492436 0.62822 0.12089 0.080255 0.0388956 
8.15155e-07 2.76674e-05 9.00533e-05 0.00162139 0.00422755 0.0430276 0.0261278 0.107269 0.104332 0.713276 
7.62754e-07 2.78701e-05 0.000146342 0.00201306 0.0105251 0.0238388 0.0448729 0.155917 0.09655 0.666108 
1.50493e-06 3.79202e-05 0.000554478 0.00653464 0.0253371 0.0783935 0.141702 0.621132 0.0728041 0.0535019 
1.9812e-08 5.12368e-07 1.40791e-05 3.59332e-05 0.000153653 0.00044851 0.00159422 0.00738711 0.965488 0.0248781 
1.15424e-08 2.55965e-07 1.04735e-06 2.05368e-05 8.2953e-05 0.00106024 0.0020437 0.00772994 0.0371877 0.951874 
4.24158e-08 1.24062e-06 9.61551e-06 0.000979288 0.00113331 0.00414208 0.0133728 0.0337834 0.299178 0.6474 
2.38627e-06 7.04581e-05 0.000765723 0.012163 0.0419137 0.419546 0.323537 0.106215 0.0598137 0.0359728 
1.00236e-12 2.61192e-11 2.36905e-10 9.80071e-09 3.95439e-08 1.5603e-07 4.54162e-07 0.00011164 0.00305075 0.996837 
1.89956e-06 5.42371e-05 0.000647769 0.00854258 0.042772 0.123685 0.589267 0.106778 0.0739835 0.054268 
2.31527e-29 4.30398e-26 1.17494e-22 3.35551e-19 4.78533e-16 1.34946e-12 3.36007e-09 5.75883e-05 0.00267748 0.997265 
2.4989e-07 6.10579e-06 4.22872e-05 0.00234564 0.00397182 0.00808062 0.0185894 0.0410623 0.0816647 0.844237 
6.27746e-07 1.68056e-05 0.000253713 0.00178328 0.00599653 0.0161262 0.0994418 0.454514 0.258995 0.162873 
2.56921e-15 5.53622e-14 1.13613e-12 1.53241e-10 1.14868e-08 6.59008e-07 1.11607e-05 0.000678946 0.00686162 0.992448 
4.50877e-07 1.0125e-05 0.000129418 0.00284501 0.0152005 0.511437 0.223436 0.0967391 0.0785064 0.071696 
4.37262e-08 9.68771e-07 4.53927e-06 7.25915e-05 0.000268068 0.00112014 0.00429323 0.00992679 0.0270295 0.957284 
1.88558e-07 4.42945e-06 2.77009e-05 0.000652837 0.00303834 0.0178605 0.651393 0.109444 0.118633 0.0989453 
7.77853e-14 1.54087e-12 3.82837e-11 9.04381e-10 3.26889e-08 7.92048e-07 1.49515e-05 0.000843702 0.00850479 0.990636 
2.12827e-21 5.49772e-19 2.25377e-16 6.55156e-14 2.08988e-11 5.52864e-09 3.03591e-07 0.000242041 0.00838736 0.99137 
9.10727e-07 2.63672e-05 0.000251126 0.00218817 0.00761534 0.0135699 0.0322101 0.0619435 0.114793 0.767401 
2.74246e-08 1.31608e-06 7.05711e-06 0.000128071 0.000330732 0.000977285 0.00403355 0.00898584 0.0156825 0.969854 
2.39502e-07 5.17057e-06 5.28553e-05 0.00160416 0.00433456 0.0113075 0.0245727 0.0539325 0.0905085 0.813682 
5.77282e-07 1.90166e-05 0.000196704 0.00117654 0.00311135 0.00533194 0.0139661 0.0465757 0.528237 0.401385 
0.000105706 0.00311296 0.0194863 0.0581774 0.617308 0.134739 0.0913467 0.0470582 0.0210327 0.00763265 
4.50804e-10 1.0867e-08 3.66823e-08 1.23261e-06 3.03508e-06 1.20563e-05 1.81571e-05 0.000179182 0.00215855 0.997628 
2.13825e-06 6.4864e-05 0.00075422 0.0090444 0.033083 0.069211 0.629821 0.128627 0.0823685 0.0470238 
3.38198e-10 7.07174e-09 1.31851e-07 3.33689e-06 0.000228311 0.00111364 0.00523501 0.0262536 0.208369 0.758796 
2.80645e-06 8.31066e-05 0.000965468 0.00767605 0.0332523 0.0689915 0.0829248 0.394609 0.327785 0.0837107 
3.33348e-08 9.93115e-07 1.50589e-05 0.000265955 0.00209693 0.00882381 0.0316167 0.185259 0.684087 0.0878341 
4.02817e-10 8.36977e-09 2.32081e-07 4.12576e-06 8.17472e-05 0.0013609 0.00277922 0.0130408 0.0548068 0.927926 
5.60943e-06 0.000124474 0.000605501 0.0099448 0.248163 0.220497 0.07733 0.236545 0.171718 0.0350658 
9.04043e-10 2.05001e-08 1.6553e-07 4.63192e-06 2.30375e-05 0.000164294 0.000947745 0.00277666 0.0235226 0.972561 
3.90172e-07 1.05105e-05 5.6902e-05 0.00102466 0.00231457 0.00628771 0.013662 0.0279189 0.0774949 0.87123 
1.37135e-05 0.00028271 0.00132584 0.0176158 0.127076 0.29085 0.25775 0.23677 0.0449931 0.0233229 
4.56747e-09 8.01121e-08 8.54881e-07 1.8214e-05 0.000211737 0.00192251 0.00634299 0.0201514 0.0635179 0.907834 
1.36062e-06 4.83676e-05 0.000321331 0.00475766 0.0186647 0.0290551 0.0445218 0.0957181 0.69113 0.115782 
7.37068e-07 2.24336e-05 0.000260406 0.000824237 0.00420213 0.00886089 0.028814 0.387592 0.455292 0.114131 
2.6688e-11 5.36188e-10 2.08728e-08 3.58846e-07 6.11735e-06 0.000320108 0.00153241 0.00584096 0.48294 0.50936 
1.1343e-06 3.13324e-05 0.000255254 0.00198415 0.0157536 0.0290122 0.0381349 0.0657552 0.73455 0.114522 
7.58479e-27 2.5623e-24 1.69955e-21 2.15563e-18 2.94627e-15 1.18863e-11 4.84583e-08 8.83076e-05 0.00318902 0.996723 
3.6109e-07 9.19234e-06 5.991e-05 0.00179026 0.00572876 0.0182536 0.0526681 0.696144 0.125449 0.099897 
3.95305e-06 9.23762e-05 0.00125096 0.0128745 0.0394989 0.0840589 0.606004 0.140763 0.073955 0.0414985 
2.0206e-09 4.50666e-08 4.81797e-07 7.4157e-06 0.00036778 0.00191594 0.0104079 0.829941 0.0991128 0.0582463 
1.59235e-09 3.20159e-08 4.17102e-07 8.16585e-06 0.000112166 0.00153118 0.00405482 0.0153677 0.0506611 0.928264 
4.1151e-07 1.29087e-05 7.37731e-05 0.00101777 0.00529652 0.0161132 0.0838153 0.15166 0.189069 0.552941 
1.63604e-05 0.000573568 0.0247803 0.00477248 0.0112459 0.0753931 0.0638249 0.172014 0.113076 0.534303 
7.49688e-07 2.32126e-05 0.000207376 0.000792664 0.00418729 0.0181674 0.239 0.292305 0.340095 0.105221 
1.6766e-06 4.60973e-05 0.000583076 0.00298732 0.0165002 0.0440117 0.110385 0.633468 0.114151 0.0778663 
