3206
4.23498e-09 9.91967e-08 4.99946e-07 0.00034034 0.000273269 0.00138562 0.00338488 0.0125937 0.0324903 0.949531 
2.51187e-17 5.61724e-16 1.01223e-14 5.51239e-12 1.20428e-09 8.63183e-08 5.03394e-06 0.000589548 0.496216 0.503189 
4.51586e-05 0.00100448 0.000943574 0.00362481 0.00870771 0.0205069 0.0414484 0.855082 0.0444069 0.0242299 
8.97899e-05 0.00208213 0.00196049 0.0149867 0.0460775 0.829134 0.0605977 0.0227017 0.0211993 0.00117084 
3.06947e-09 4.616e-08 4.91e-07 2.58759e-05 0.000278194 0.00156719 0.00627329 0.46997 0.484899 0.0369859 
2.9397e-08 7.3762e-07 1.01478e-05 0.000393292 0.00154611 0.00718328 0.0163074 0.0419088 0.883909 0.0487408 
2.1682e-10 5.2193e-09 6.50245e-08 2.32713e-06 7.05018e-06 0.000159379 0.00111027 0.006561 0.6841 0.30806 
1.55435e-09 3.56244e-08 7.88827e-08 5.96389e-06 1.69798e-05 0.000346466 0.00134088 0.00288848 0.00708044 0.988321 
1.05037e-12 1.8786e-11 4.20437e-10 1.89732e-08 4.05774e-07 6.4003e-05 0.000459901 0.00468034 0.964068 0.0307269 
2.56481e-08 4.88236e-07 2.42584e-06 0.000358682 0.00050328 0.00172935 0.00504774 0.0162622 0.212834 0.763262 
4.13879e-09 9.62831e-08 3.61074e-07 0.00012871 0.000304233 0.00190736 0.00904792 0.0291748 0.911768 0.0476684 
1.29651e-09 2.99074e-08 1.70257e-07 6.99887e-06 4.72363e-05 0.00079177 0.00386176 0.012912 0.0327006 0.949679 
1.1499e-16 2.82336e-15 3.76962e-14 6.53281e-12 5.44583e-11 6.19893e-08 9.68311e-08 0.000194111 0.748545 0.251261 
6.69391e-08 2.76047e-06 2.25027e-05 0.000593972 0.00524174 0.0133514 0.0322398 0.880929 0.0419116 0.0257071 
1.61091e-05 0.000359628 0.000583621 0.00510055 0.015965 0.382575 0.345119 0.235564 0.012933 0.0017842 
8.28761e-13 1.49944e-11 2.03329e-10 1.99423e-08 3.59055e-07 4.19943e-05 0.000424951 0.00412434 0.969377 0.0260309 
9.10966e-08 3.72309e-06 5.76051e-05 0.00122102 0.00389004 0.00836885 0.0186482 0.0301318 0.886154 0.0515251 
6.92859e-13 1.56237e-11 3.6682e-10 1.61913e-08 8.80263e-08 7.49884e-07 2.77641e-05 0.000212701 0.000740477 0.999018 
1.43972e-08 3.3742e-07 3.32433e-06 0.000505774 0.00170041 0.00491132 0.0100566 0.0299844 0.0493614 0.903476 
3.78041e-11 7.63613e-10 8.99775e-09 5.17348e-07 2.29788e-05 0.000478925 0.0117879 0.0579499 0.72434 0.205419 
7.07844e-34 1.12918e-29 8.34045e-26 7.03909e-22 7.19888e-18 4.62506e-14 2.38956e-10 2.72612e-05 0.000258761 0.999714 
2.39926e-09 5.67757e-08 4.22772e-07 0.000207755 0.000145734 0.000874082 0.00325315 0.0119707 0.0235 0.960048 
7.21376e-35 5.67343e-31 3.51253e-27 2.72899e-23 2.41174e-19 3.22094e-15 4.73983e-12 1.09785e-06 0.000251061 0.999748 
3.74284e-11 9.38765e-10 1.84862e-08 1.09479e-06 5.85644e-06 8.48933e-05 0.00034934 0.001382 0.00821661 0.98996 
2.59106e-05 0.00164423 0.00995486 0.0267075 0.0499057 0.852891 0.0332541 0.0124015 0.00757677 0.00563867 
5.54874e-07 1.88554e-05 0.00015678 0.0024816 0.00869548 0.0222943 0.0366405 0.860292 0.0446757 0.0247443 
7.4956e-11 1.98226e-09 1.12403e-07 2.57118e-06 8.44929e-05 0.00189791 0.920023 0.0308544 0.026718 0.0204196 
1.52806e-11 3.57648e-10 4.75843e-09 4.85284e-07 3.54938e-06 0.000196867 0.00165409 0.136044 0.503203 0.358898 
5.10959e-09 1.17007e-07 2.07579e-07 1.0169e-05 4.43949e-05 0.000838798 0.0030533 0.00841336 0.9551 0.0325395 
1.5568e-12 3.06015e-11 1.06198e-09 5.38326e-08 9.77496e-07 0.00027578 0.00188749 0.00832721 0.0221137 0.967395 
1.32892e-07 3.31851e-06 1.85172e-05 0.00103545 0.003736 0.00825033 0.0163547 0.0269277 0.474331 0.469343 
6.58174e-12 1.45144e-10 1.13423e-08 2.604e-07 1.67524e-06 0.000372931 0.00201895 0.0111165 0.941164 0.0453255 
1.69471e-08 3.18665e-07 1.933e-06 0.000276956 0.00119968 0.00652799 0.445519 0.28436 0.229069 0.0330441 
3.41658e-06 8.45467e-05 0.000459556 0.00467695 0.0212306 0.542004 0.373426 0.0289287 0.0191311 0.0100548 
6.59114e-09 1.49107e-07 3.21677e-07 9.60763e-06 5.26095e-05 0.00093873 0.00271061 0.00577183 0.0147427 0.975773 
1.89504e-17 4.21122e-16 4.03501e-15 3.11703e-12 5.09472e-11 6.79453e-08 1.03439e-07 7.80163e-05 0.00062945 0.999292 
2.32723e-10 5.69211e-09 1.32447e-07 4.96156e-06 4.39565e-05 0.000798991 0.00373393 0.0125339 0.480023 0.502861 
5.87806e-08 1.84386e-06 1.63854e-05 0.000207657 0.00173015 0.0032814 0.00674005 0.0198334 0.665256 0.302933 
1.52533e-16 3.41994e-15 8.61555e-14 5.46703e-11 1.97814e-08 6.13737e-07 5.00647e-06 0.00081445 0.0046062 0.994574 
2.01773e-12 4.55381e-11 4.37577e-09 8.20972e-08 4.87837e-07 6.8614e-06 0.000941748 0.00302795 0.00879516 0.987228 
1.00985e-06 2.45384e-05 0.000258974 0.00117238 0.00331069 0.00968373 0.0169344 0.112697 0.841052 0.0148658 
7.73835e-13 1.3574e-11 1.55719e-10 1.45666e-08 1.74551e-07 1.33754e-05 8.92549e-05 0.000573432 0.00476814 0.994556 
8.71282e-08 2.33245e-06 3.77245e-05 0.000853276 0.00519774 0.0168999 0.0396853 0.0666227 0.848175 0.0225262 
5.73055e-10 1.41964e-08 5.68567e-08 2.57732e-06 2.02711e-05 0.000283246 0.000505463 0.00217855 0.00415117 0.992859 
9.95097e-06 0.000220978 8.44566e-05 0.000488037 0.0030544 0.00656346 0.0105661 0.226027 0.745861 0.00712514 
6.36622e-07 2.08983e-05 9.92611e-05 0.00182486 0.0133119 0.0330999 0.0485125 0.0578847 0.827867 0.017378 
3.25686e-08 5.74747e-07 3.49074e-06 0.000194841 0.00117407 0.00134133 0.00546156 0.0153651 0.0326767 0.943782 
9.00732e-14 2.0014e-12 1.86451e-11 1.4581e-08 2.41844e-07 0.000339272 0.000145999 0.0040804 0.986502 0.00893234 
4.91067e-12 1.10773e-10 1.04577e-08 2.08848e-07 1.33561e-06 0.000302168 0.00221417 0.0133139 0.955598 0.0285703 
6.70374e-12 1.52068e-10 1.21088e-08 3.04477e-07 2.34054e-06 0.000573223 0.00310693 0.0165109 0.958218 0.0215885 
2.17613e-08 5.436e-07 1.34542e-05 0.00136652 0.00328286 0.0229033 0.832529 0.0459441 0.0448399 0.0491198 
2.97911e-07 9.69196e-06 0.000130195 0.00184857 0.0103001 0.0332844 0.451445 0.0374637 0.443383 0.0221345 
0.000263171 0.00519552 0.0102018 0.0328195 0.84701 0.052457 0.0228886 0.0104657 0.015325 0.00337348 
8.81327e-11 2.39809e-09 4.27189e-08 1.78784e-06 5.44524e-06 6.82825e-05 0.000224768 0.00124243 0.0025844 0.995873 
4.41002e-08 1.75368e-06 6.51545e-06 0.000371725 0.00139393 0.00301406 0.00404505 0.00619506 0.0112803 0.973692 
2.54898e-08 8.86191e-07 4.23806e-06 0.000117866 0.00241097 0.00939509 0.0170872 0.0386076 0.884513 0.0478628 
2.93337e-10 7.78476e-09 1.16713e-07 5.27635e-06 2.81535e-05 0.000477566 0.00152477 0.00540301 0.0165872 0.975974 
9.38126e-14 2.11798e-12 2.12624e-10 3.829e-09 1.38143e-08 1.75678e-07 5.60678e-06 0.000285804 0.00450914 0.995199 
1.40166e-08 3.40344e-07 2.8053e-06 0.000375918 0.00171486 0.00664828 0.0225965 0.876972 0.0469004 0.0447887 
1.25576e-10 3.46944e-09 7.86785e-08 2.85656e-06 9.04497e-06 8.01441e-05 0.000229117 0.00157884 0.00442005 0.99368 
3.48428e-11 8.67138e-10 2.76312e-08 9.09894e-07 2.4253e-06 1.10176e-05 9.56228e-05 0.000907621 0.00418558 0.994797 
5.03427e-08 1.80619e-06 3.73819e-05 0.00103332 0.00652146 0.188512 0.0196488 0.555249 0.20456 0.0244364 
2.16122e-15 4.87287e-14 7.89646e-13 5.0968e-11 2.24502e-09 5.41556e-08 1.09451e-05 0.000117187 0.00258287 0.997289 
4.3065e-08 1.72429e-06 6.26289e-06 0.000532347 0.00198271 0.00380385 0.00888532 0.0200454 0.0362212 0.928521 
1.14743e-17 2.54974e-16 2.42455e-15 1.87949e-12 3.10677e-11 4.43859e-08 5.70836e-08 3.12276e-05 0.000633941 0.999335 
2.71379e-08 5.08749e-07 2.30899e-06 0.000200732 0.000585371 0.000800024 0.00286389 0.00527259 0.00605703 0.984218 
1.10568e-09 1.71914e-08 1.85015e-07 1.56062e-05 0.000143677 0.000496696 0.00201189 0.00683934 0.18245 0.808042 
2.45471e-07 8.64598e-06 0.00010603 0.00553588 0.0230846 0.0544626 0.815489 0.045718 0.0341396 0.0214555 
6.92096e-07 1.63973e-05 8.59538e-05 0.0156144 0.025798 0.363796 0.117878 0.0798033 0.250547 0.14646 
2.67125e-08 1.83709e-06 1.16931e-05 0.000418275 0.00132097 0.00425909 0.0138631 0.0364151 0.899644 0.0440663 
5.65925e-05 0.00126648 0.00176529 0.0080549 0.0159924 0.0413182 0.0571256 0.821246 0.0443713 0.00880352 
8.51564e-11 2.39599e-09 9.5038e-08 2.64481e-06 5.82076e-06 0.000322309 0.000468484 0.00131831 0.00214176 0.995741 
1.07762e-07 5.20333e-06 2.90698e-05 0.000870084 0.00756898 0.0156895 0.0293534 0.0454708 0.866178 0.0348346 
2.17737e-08 5.74295e-07 6.23154e-06 0.000534148 0.00149127 0.00856305 0.138027 0.51732 0.0268183 0.30724 
1.09605e-12 2.73139e-11 7.53318e-10 1.85174e-08 1.56836e-07 8.28118e-06 0.000221262 0.00229697 0.0112891 0.986184 
8.06509e-10 1.87482e-08 2.37478e-07 9.97961e-05 0.00061919 0.447181 0.0244891 0.0229397 0.0271052 0.477566 
9.01651e-08 2.16828e-06 2.84944e-05 0.00133919 0.0053486 0.0616453 0.0460126 0.0703593 0.526731 0.288534 
1.06509e-11 2.54258e-10 2.62838e-09 3.68133e-07 9.69337e-07 1.02071e-05 0.000100543 0.00096068 0.0372778 0.961649 
1.64162e-07 6.26854e-06 0.000129167 0.00222811 0.00770909 0.0144052 0.0255561 0.0393708 0.847062 0.063533 
7.73596e-09 1.7575e-07 4.88482e-07 0.000101473 0.000409036 0.00178108 0.0050115 0.0121126 0.0234645 0.957119 
8.18162e-18 1.81786e-16 1.68732e-15 1.32608e-12 2.2173e-11 3.0981e-08 8.014e-08 7.89898e-05 0.00283141 0.997089 
6.70154e-11 1.55148e-09 2.46778e-08 1.69288e-06 5.11544e-05 0.000265925 0.00151442 0.00436984 0.010477 0.98332 
1.72072e-12 4.26909e-11 5.1469e-09 1.15774e-07 1.40409e-05 3.57011e-05 4.91578e-06 0.000118555 0.0024975 0.997329 
8.5206e-09 1.98978e-07 9.41491e-07 0.000233836 0.00118731 0.00235627 0.00625993 0.0156769 0.0299332 0.944351 
7.31025e-08 4.73259e-06 5.09894e-05 0.00115106 0.00423554 0.0105531 0.0229699 0.0355889 0.0438559 0.88159 
1.00588e-11 2.18177e-10 1.0406e-08 2.69161e-07 1.79849e-06 8.50069e-05 0.00157894 0.00478442 0.0131002 0.980449 
4.15719e-09 7.74194e-08 5.54195e-07 0.000140974 0.000545716 0.00159494 0.00515528 0.156872 0.039199 0.796492 
3.50126e-09 5.41124e-08 5.79176e-07 2.8527e-05 0.000358922 0.0019515 0.00700695 0.0257255 0.917665 0.0472632 
1.82706e-07 8.3255e-06 0.0002498 0.00191425 0.00845683 0.0125973 0.0257235 0.0297424 0.862364 0.0589435 
1.66798e-10 3.77041e-09 4.21839e-08 3.48114e-06 8.58088e-05 0.00031976 0.00231805 0.00721363 0.0232676 0.966792 
5.50197e-12 1.21314e-10 1.12064e-08 2.10423e-07 1.03487e-06 0.000150418 0.00257953 0.0113992 0.957013 0.0288562 
5.75236e-08 1.30088e-06 1.23154e-05 0.000660068 0.00277205 0.00808625 0.024716 0.888721 0.0425871 0.0324433 
1.66538e-07 1.18651e-05 0.000194732 0.00121441 0.00572053 0.0100813 0.0307889 0.0778623 0.757305 0.116821 
4.5032e-11 1.13589e-09 2.00579e-08 1.36053e-06 1.49888e-05 0.000223802 0.000933296 0.00294371 0.490925 0.504958 
7.62957e-11 2.09526e-09 9.42937e-08 2.27998e-06 3.81642e-06 8.66645e-05 0.000106843 0.00114273 0.0066075 0.99205 
9.23336e-09 2.16015e-07 7.94519e-07 0.00028566 0.00051884 0.00141114 0.00442886 0.00995325 0.0147679 0.968633 
2.83667e-09 4.31263e-08 5.10619e-07 2.52058e-05 0.000303179 0.001905 0.00788446 0.0251417 0.0501111 0.914629 
3.85018e-07 1.21114e-05 0.000153196 0.00195389 0.00817826 0.021901 0.603219 0.323245 0.0271754 0.0141616 
5.32678e-08 2.06585e-06 1.63185e-05 0.000900825 0.0036329 0.0141277 0.0293106 0.85892 0.0568158 0.0362742 
1.50548e-10 3.92729e-09 1.13058e-07 4.42904e-06 4.59299e-05 0.000481999 0.00168584 0.0038895 0.00839807 0.985494 
3.12552e-12 7.05392e-11 6.9623e-09 1.32084e-07 6.31817e-07 6.34662e-05 0.000476595 0.00457003 0.973613 0.0212761 
6.30642e-09 1.44063e-07 3.70655e-07 0.00014717 0.000233081 0.00168547 0.00437607 0.0131683 0.028416 0.951973 
3.64132e-09 8.11972e-08 1.91635e-07 5.80073e-06 6.28371e-05 0.000635282 0.00252762 0.00688941 0.0122939 0.977585 
4.96493e-10 7.50217e-09 7.89035e-08 3.96201e-06 2.77264e-05 0.000268541 0.00188194 0.00731256 0.484489 0.506016 
1.32851e-09 3.11754e-08 2.38188e-07 5.30541e-05 0.000146987 0.000836281 0.002482 0.00769287 0.0217448 0.967044 
1.93739e-05 0.000447435 0.00176883 0.00561986 0.0162438 0.905712 0.0350821 0.0182062 0.0143297 0.00257102 
2.06538e-08 3.90826e-07 2.56839e-06 0.000162807 0.000407915 0.000827116 0.00319986 0.0113456 0.0266149 0.957439 
3.19735e-12 7.21757e-11 6.84882e-09 1.28498e-07 7.29427e-07 1.23053e-05 0.00100585 0.00403095 0.0118356 0.983114 
5.07008e-08 1.70449e-06 1.60252e-05 0.00108943 0.00236434 0.00914986 0.0245769 0.4708 0.464897 0.0271057 
3.28288e-08 7.12427e-07 4.77621e-06 0.000731429 0.00164936 0.00720365 0.0201537 0.866751 0.0582643 0.0452414 
1.27126e-16 2.87087e-15 1.04039e-13 5.95822e-11 2.62758e-08 5.18478e-07 3.98955e-06 0.000885353 0.00476455 0.994346 
7.11833e-09 1.82346e-07 1.57544e-06 0.000113219 0.000585576 0.00247942 0.00629854 0.119763 0.836832 0.0339268 
2.74781e-09 6.54022e-08 2.1024e-07 1.00353e-05 0.000124936 0.000480076 0.00169732 0.00548867 0.0137691 0.97843 
2.46989e-10 6.81559e-09 1.8116e-07 5.52948e-06 2.1379e-05 0.000550966 0.00315759 0.0112382 0.031442 0.953584 
1.01834e-07 3.10281e-06 7.36172e-05 0.00264592 0.557337 0.183869 0.190498 0.0331325 0.0206442 0.0117971 
8.59421e-08 1.93721e-06 1.62224e-05 0.000544464 0.0183892 0.0859004 0.288649 0.365507 0.195872 0.0451193 
5.50429e-18 1.22301e-16 1.14173e-15 8.93273e-13 1.49178e-11 2.31219e-08 4.76375e-08 1.89618e-05 0.00063424 0.999347 
3.28391e-09 5.83397e-08 2.081e-06 1.44259e-05 0.000127769 0.0005034 0.00192624 0.00554548 0.0172218 0.974659 
6.10349e-08 3.18699e-06 1.59578e-05 0.000631392 0.00393822 0.0095371 0.0200338 0.0346196 0.0451274 0.886093 
7.92812e-11 1.79968e-09 3.50611e-08 1.57679e-06 4.70896e-05 0.000367813 0.00174027 0.471291 0.487311 0.039241 
4.05746e-10 9.90237e-09 1.90223e-07 1.93157e-05 7.06465e-05 0.000642479 0.00096097 0.00376552 0.0111912 0.98335 
1.3288e-10 3.5146e-09 1.06226e-07 3.48905e-06 2.57491e-05 0.000431451 0.00121995 0.00713468 0.969581 0.0216035 
3.44901e-10 8.73744e-09 1.50518e-07 7.15902e-06 0.000268806 0.0014423 0.00875279 0.0236641 0.931055 0.0348097 
5.32339e-08 2.24053e-06 5.38745e-05 0.00108453 0.00403434 0.0505422 0.0877899 0.364007 0.479167 0.0133188 
5.13796e-08 1.29484e-06 2.06041e-05 0.00129949 0.00255399 0.013273 0.029647 0.477773 0.0287449 0.446686 
5.29055e-06 0.00011925 0.000298893 0.00377407 0.0194335 0.459751 0.405291 0.0935799 0.0146759 0.0030711 
4.04612e-10 6.27028e-09 7.38859e-08 3.83556e-06 3.35505e-05 0.000418185 0.00200569 0.00881535 0.333796 0.654927 
3.11738e-10 8.9422e-09 2.05406e-07 6.40599e-06 7.03958e-05 0.000603657 0.00197153 0.00719633 0.942098 0.0480538 
8.31833e-12 1.89573e-10 3.50481e-09 2.38983e-07 6.98684e-07 1.38382e-05 0.000200836 0.000230485 0.00065519 0.998899 
4.46627e-08 1.153e-06 1.42141e-05 0.00154448 0.00320632 0.013369 0.0343282 0.0535976 0.857273 0.0366655 
5.78115e-09 1.40852e-07 9.02287e-07 0.000464816 0.00048154 0.00174946 0.00429448 0.0152185 0.0374516 0.940339 
3.97994e-08 7.45167e-07 5.12788e-06 0.000935866 0.00194083 0.00453218 0.0114997 0.0326847 0.899058 0.0493433 
4.41763e-15 1.46972e-13 1.57407e-12 2.27513e-10 2.96923e-08 1.26102e-06 4.65195e-05 0.00168191 0.00679594 0.991474 
2.84064e-09 6.59379e-08 5.87075e-07 0.000278028 0.000283477 0.00154926 0.00520046 0.0182684 0.0400961 0.934324 
4.25422e-09 1.02329e-07 6.09064e-07 0.000236829 0.000423895 0.00154355 0.00611314 0.202571 0.0297777 0.759333 
9.6603e-09 2.28562e-07 7.01156e-06 2.35579e-05 0.000396705 0.0016866 0.00808376 0.0206625 0.0372754 0.931864 
1.44132e-08 3.36229e-07 2.72359e-06 0.000370565 0.00218462 0.00671847 0.0128621 0.0353934 0.0591164 0.883351 
9.34608e-11 2.46036e-09 1.11014e-07 2.84035e-06 5.65077e-06 4.3296e-05 0.000228931 0.00155064 0.00458296 0.993586 
2.60508e-08 6.16195e-07 3.46024e-06 0.000811906 0.00213792 0.00660726 0.0171479 0.0360595 0.0469921 0.890239 
2.65104e-07 1.22282e-05 8.69215e-05 0.00331646 0.0106956 0.813886 0.0755255 0.0487102 0.0273266 0.0204403 
7.87966e-09 1.86737e-07 1.66981e-06 0.000296973 0.000785429 0.00336657 0.0156081 0.0442504 0.884873 0.0508173 
9.88676e-08 2.26196e-06 2.64256e-05 0.00245992 0.0116095 0.0464201 0.847949 0.0462634 0.025631 0.0196384 
5.40624e-05 0.00120613 0.000342972 0.00740522 0.0172473 0.0418135 0.0595949 0.835639 0.0288198 0.00787749 
1.63203e-07 5.11747e-06 6.11048e-05 0.00248644 0.011065 0.0307619 0.0513947 0.059647 0.832467 0.0121117 
8.45593e-32 5.33985e-29 7.63755e-26 3.17868e-23 1.20669e-20 1.04955e-16 2.76903e-14 1.25705e-09 5.79109e-05 0.999942 
1.40255e-10 3.25659e-09 4.11423e-08 1.65656e-06 5.39706e-05 0.000394279 0.00207297 0.00701479 0.0264854 0.963977 
3.66633e-19 8.15046e-18 8.57608e-17 6.12677e-14 1.40163e-12 4.00223e-09 3.08348e-08 4.33596e-05 0.00271851 0.997238 
3.70472e-12 8.40968e-11 2.47119e-09 1.12996e-07 1.19395e-05 0.000202378 0.00119109 0.142012 0.664496 0.192086 
2.10896e-06 5.08896e-05 0.00024576 0.00387831 0.157325 0.697583 0.112304 0.0208243 0.00447761 0.00331003 
4.43886e-06 0.000106313 0.000150676 0.00262695 0.0155747 0.0286666 0.0455209 0.86201 0.0322657 0.0130734 
6.19676e-06 0.000135877 0.00169902 0.0953354 0.183157 0.259467 0.275266 0.154434 0.025408 0.0050913 
1.93359e-07 9.36547e-06 0.000117448 0.00279854 0.316052 0.544486 0.0356049 0.0910748 0.00779107 0.0020663 
1.63837e-09 3.16363e-08 3.83266e-07 1.64357e-05 0.000216416 0.00166411 0.00553346 0.016248 0.13134 0.844981 
2.58969e-08 6.5498e-07 5.87406e-06 0.000722878 0.000954058 0.00427642 0.011224 0.0193049 0.0278476 0.935664 
5.92725e-43 1.10437e-38 5.32841e-34 3.25413e-29 7.0013e-25 7.49771e-21 1.3553e-15 7.33482e-06 0.000222055 0.999771 
7.68771e-09 1.82141e-07 8.58671e-07 0.000556213 0.000669792 0.00241069 0.00852542 0.0281349 0.0533748 0.906327 
1.45913e-08 5.02954e-07 6.574e-06 0.000261196 0.000830931 0.00274281 0.190533 0.297917 0.216794 0.290914 
3.19682e-12 7.59135e-11 6.52843e-10 9.43095e-08 3.05672e-07 3.24549e-06 0.000112073 0.00122689 0.00647514 0.992182 
9.97024e-29 5.82962e-26 8.06275e-23 2.96537e-20 2.51167e-17 3.56194e-13 5.95306e-10 5.53715e-05 0.00160591 0.998339 
6.9734e-07 2.17915e-05 0.00158046 0.00619401 0.0791571 0.30408 0.0411802 0.24239 0.291822 0.0335741 
8.46649e-07 2.64391e-05 0.00154852 0.00184405 0.00829987 0.0199583 0.0192123 0.0256776 0.884039 0.0393928 
7.86831e-08 3.65268e-06 3.78292e-05 0.000861741 0.00477471 0.0105852 0.0218525 0.797524 0.151421 0.0129391 
3.55667e-09 8.20859e-08 2.71354e-07 6.63195e-05 0.000139733 0.00100531 0.00272323 0.0076886 0.0161967 0.97218 
8.8994e-08 3.92626e-06 9.03843e-05 0.00170672 0.00473539 0.013649 0.0322684 0.857984 0.0527994 0.0367632 
3.27041e-08 1.90799e-06 7.27958e-06 0.000447157 0.0025136 0.00494459 0.00754709 0.012191 0.0271984 0.945149 
7.45589e-09 1.61703e-07 7.82242e-07 0.00020765 0.000609014 0.00207414 0.00627634 0.293785 0.264057 0.43299 
1.74463e-08 4.31607e-07 2.25201e-06 0.000569423 0.00120669 0.00277818 0.00743441 0.0212689 0.91399 0.0527492 
2.38639e-12 5.22318e-11 4.42464e-09 8.7956e-08 7.84944e-07 9.18351e-05 0.00100767 0.00488433 0.964679 0.0293363 
3.85045e-13 8.65503e-12 5.234e-10 3.24879e-08 7.01514e-07 0.000382665 0.00207074 0.0150721 0.0304755 0.951998 
9.48868e-05 0.00325863 0.0160839 0.807353 0.0699941 0.0482442 0.0259526 0.0123353 0.0152829 0.00140013 
7.77977e-08 2.20407e-06 8.06078e-05 0.0013089 0.004669 0.0377206 0.576399 0.186632 0.0462165 0.146971 
5.88847e-31 3.48415e-28 4.81022e-25 2.85882e-22 1.18402e-18 2.48296e-14 8.93735e-12 2.82639e-06 0.0005701 0.999427 
6.01517e-05 0.00193812 0.0105361 0.0312079 0.0702233 0.809524 0.0470394 0.0134139 0.0144589 0.00159835 
2.84815e-09 4.88187e-08 4.86649e-07 2.34863e-05 0.000280812 0.00177869 0.00729045 0.0212203 0.0402594 0.929146 
4.06569e-05 0.000910896 0.00249897 0.00656935 0.0172787 0.0493596 0.841998 0.0501408 0.0228694 0.00833398 
3.67331e-12 8.30837e-11 8.0649e-09 1.50894e-07 1.62032e-06 1.31126e-05 0.000972788 0.00437441 0.0160117 0.978626 
3.52003e-08 6.78908e-07 3.6281e-06 0.000500759 0.00104808 0.00199549 0.00792175 0.0249699 0.904201 0.0593591 
3.20928e-05 0.000734191 0.000792958 0.00715033 0.0267487 0.793294 0.12725 0.0241472 0.0144371 0.00541331 
1.71178e-08 3.26229e-07 3.96973e-06 0.000111609 0.000350636 0.001777 0.00424367 0.0121163 0.0278775 0.953519 
6.53191e-12 1.42722e-10 1.18738e-08 2.46164e-07 1.60379e-06 9.06685e-05 0.00158374 0.00753345 0.945728 0.0450626 
4.1035e-12 9.64957e-11 1.65811e-09 4.98206e-08 4.254e-07 2.35031e-06 5.81227e-05 0.000383016 0.00214366 0.997412 
2.56516e-12 5.79058e-11 5.75738e-09 1.04001e-07 5.19518e-07 7.22973e-06 0.000645094 0.00443295 0.0156798 0.979234 
4.36207e-09 9.73842e-08 2.09721e-07 1.02498e-05 5.05294e-05 0.000604683 0.0018913 0.00341079 0.00446935 0.989563 
1.5306e-08 2.77448e-07 8.66268e-06 0.0001196 0.000883893 0.00155102 0.00533405 0.0161484 0.0360188 0.939935 
1.19873e-28 7.61294e-26 1.09768e-22 5.05359e-20 5.0722e-17 5.40201e-13 1.31691e-09 9.18167e-05 0.495961 0.503948 
6.07083e-13 1.3708e-11 1.3946e-09 2.47577e-08 8.46317e-08 8.53637e-07 1.92581e-05 0.000811303 0.00607251 0.993096 
1.31608e-13 2.96967e-12 2.7474e-10 5.58128e-09 1.66326e-07 5.41737e-06 0.00052655 0.00404914 0.0135229 0.981896 
6.53106e-10 1.46053e-08 6.3553e-08 7.27907e-06 0.000304456 0.00026107 0.00232076 0.00966184 0.0235102 0.963934 
1.59934e-10 4.22299e-09 1.3115e-07 4.87253e-06 1.2305e-05 0.000457247 0.00170736 0.00621362 0.0159595 0.975645 
2.51196e-08 1.50769e-06 5.10791e-06 0.000673811 0.00191696 0.00459931 0.00874784 0.0210644 0.0366709 0.92632 
1.16888e-10 3.07751e-09 1.30466e-07 3.57414e-06 1.53913e-05 9.65321e-05 0.000495361 0.00348649 0.976145 0.0197575 
3.99141e-12 8.81632e-11 7.61567e-09 1.65128e-07 1.24955e-06 0.00029491 0.00240194 0.012757 0.0276205 0.956924 
1.86621e-09 2.76934e-08 2.94908e-07 1.5167e-05 0.000220819 0.00201245 0.624978 0.336313 0.0213093 0.0151509 
3.93327e-15 9.7364e-14 2.63516e-12 3.06125e-10 5.41257e-08 2.49284e-06 0.000226226 0.00184169 0.494739 0.503191 
1.06446e-05 0.000245156 0.000203011 0.00453109 0.0155588 0.0338757 0.887775 0.0339593 0.0179673 0.00587368 
5.5621e-10 1.3464e-08 9.97768e-08 4.70262e-06 8.11504e-05 0.000653298 0.00261558 0.00834824 0.0198095 0.968487 
1.6057e-12 3.62454e-11 3.60149e-09 6.49273e-08 2.95912e-07 3.13095e-06 0.000194701 0.0016043 0.00728889 0.990909 
3.66557e-08 8.39435e-07 9.61459e-06 0.000739586 0.00287136 0.00924449 0.0233389 0.868347 0.0511776 0.0442706 
3.86148e-23 8.64481e-22 1.86798e-20 9.40877e-18 6.00403e-16 1.88996e-12 5.876e-10 3.11943e-06 0.000544584 0.999452 
1.11798e-07 2.88056e-06 2.76922e-05 0.00214028 0.013302 0.114242 0.311123 0.20553 0.330679 0.0229539 
9.9825e-12 2.27288e-10 6.77872e-09 7.09041e-07 0.000322747 0.00239241 0.0069258 0.0223135 0.951109 0.0169361 
3.03425e-09 5.15378e-08 4.48693e-07 3.45617e-05 0.00035548 0.000922981 0.00339783 0.0117809 0.0202187 0.963289 
1.1194e-16 2.48771e-15 2.41189e-14 1.85189e-11 3.06496e-10 4.06449e-07 2.93015e-06 0.000553136 0.00810215 0.991341 
1.52383e-07 5.90192e-06 5.27919e-05 0.00172872 0.0606506 0.0223038 0.707193 0.0195804 0.0958193 0.0926651 
7.16792e-06 0.00016571 0.000358855 0.00370051 0.013525 0.0285012 0.0388814 0.0499569 0.843787 0.0211165 
3.60193e-07 9.40292e-06 0.000385152 0.00573548 0.022484 0.822798 0.0689877 0.045365 0.0226474 0.0115875 
1.20622e-09 2.37872e-08 1.97631e-07 6.89701e-05 0.000134294 0.00129026 0.2162 0.169166 0.331401 0.281739 
2.59384e-11 5.98007e-10 1.18387e-08 7.86865e-07 2.26784e-06 4.85046e-05 0.000657771 0.00093534 0.00192483 0.99643 
4.20432e-09 9.67219e-08 6.37039e-07 0.000424629 0.000584054 0.00123321 0.00352 0.0103003 0.936173 0.047764 
4.91789e-09 1.11734e-07 2.16582e-07 1.11168e-05 0.00010915 0.00157378 0.00600641 0.0179936 0.0363419 0.937964 
1.08494e-08 1.99638e-07 3.82084e-06 0.000140758 0.00138851 0.00466682 0.016801 0.875689 0.0545548 0.0467555 
1.37203e-08 3.16132e-07 1.21547e-05 0.00031702 0.0013632 0.0989598 0.0293094 0.104406 0.522074 0.243557 
7.0256e-12 1.53705e-10 9.15695e-09 2.25441e-07 1.53059e-06 8.45915e-05 0.00136352 0.00652674 0.0211006 0.970923 
7.21975e-05 0.00165205 0.00510687 0.0154466 0.781496 0.0816028 0.0605173 0.0284614 0.0225703 0.00307404 
7.23465e-08 3.12211e-06 6.62223e-05 0.00111231 0.00304218 0.00611527 0.0153871 0.758235 0.189995 0.0260443 
8.1545e-09 1.95375e-07 1.23384e-06 0.000498415 0.00121054 0.00573818 0.0225687 0.864518 0.0513849 0.05408 
1.8975e-07 7.08894e-06 0.000193503 0.00209463 0.0129509 0.822231 0.0631434 0.0569073 0.0288427 0.0136289 
2.86988e-08 1.49721e-06 1.3466e-05 0.000794365 0.00242587 0.00739541 0.0184654 0.883302 0.0453202 0.042282 
5.37112e-11 1.28103e-09 3.31544e-08 1.5039e-06 0.000191622 0.00138759 0.00446474 0.0182395 0.946851 0.0288643 
1.68184e-09 2.50167e-08 2.75765e-07 1.40803e-05 0.000239588 0.00082837 0.00261858 0.0145063 0.0324873 0.949305 
8.28819e-10 1.88375e-08 1.13134e-07 1.69274e-05 0.000103931 0.000477481 0.00222536 0.00644313 0.0192159 0.971517 
8.01201e-11 2.22549e-09 5.80958e-08 1.79558e-06 5.78568e-06 0.000212895 0.00141813 0.00966927 0.0234567 0.965235 
2.95479e-08 8.77439e-07 4.44809e-06 0.000709199 0.0032055 0.00947678 0.0207978 0.0395487 0.877162 0.049095 
2.80997e-08 7.0948e-07 6.44102e-06 0.000970398 0.00141603 0.00683028 0.0227484 0.877434 0.0474033 0.04319 
8.1567e-12 1.76676e-10 3.00571e-09 2.02538e-07 2.60848e-06 5.51747e-05 0.000242168 0.000701377 0.00228891 0.99671 
6.3594e-11 1.81372e-09 2.17509e-08 1.15927e-06 4.8761e-06 4.6084e-05 0.000368512 0.00201529 0.00545087 0.992113 
1.62236e-14 4.12817e-13 1.26903e-11 2.9639e-10 1.3264e-09 8.70223e-08 4.05891e-07 5.71739e-05 0.00216791 0.997774 
1.97229e-10 4.94927e-09 1.14869e-07 5.58461e-06 0.00014387 0.00126778 0.00581589 0.0220947 0.917618 0.0530539 
3.47262e-12 7.83797e-11 7.59101e-09 1.44634e-07 7.2912e-07 7.17565e-05 0.00123615 0.947524 0.0250425 0.0261245 
5.43584e-07 2.14055e-05 0.000306614 0.0057387 0.0227951 0.050152 0.844623 0.0497388 0.0202832 0.00634038 
1.20132e-07 4.29085e-06 2.25051e-05 0.000892085 0.00823665 0.0225091 0.0475289 0.842891 0.0487083 0.0292069 
1.16754e-08 2.63294e-07 1.33239e-06 0.000104728 0.00156084 0.00909481 0.849927 0.048736 0.0453182 0.0452573 
4.28108e-09 9.63495e-08 5.35793e-07 0.000226037 0.00034487 0.00172527 0.00684797 0.0208703 0.0408609 0.929124 
8.11918e-09 1.92722e-07 7.02512e-07 0.000304734 0.000311049 0.00170028 0.00546786 0.018749 0.0463075 0.927159 
5.43786e-07 1.59799e-05 0.000219262 0.00308 0.0102942 0.0306667 0.707131 0.235661 0.0101011 0.00282994 
7.1131e-12 1.57042e-10 9.38939e-09 2.27534e-07 1.39863e-06 0.000131474 0.00112966 0.00570442 0.96126 0.0317727 
3.51847e-05 0.000944651 0.00711936 0.0583815 0.31632 0.499926 0.080729 0.0243487 0.0114846 0.000711266 
3.48936e-09 1.14352e-07 1.0242e-06 1.8471e-05 0.000153919 0.0021767 0.0143882 0.063174 0.712363 0.207725 
2.76549e-10 5.38876e-09 6.05826e-08 4.3839e-06 0.000203499 0.00213354 0.00809315 0.0220552 0.945479 0.0220317 
1.63962e-11 3.66239e-10 3.07786e-09 1.97336e-07 1.7727e-06 2.56055e-05 0.00119916 0.0044851 0.955974 0.0383137 
3.79869e-09 8.87748e-08 1.33272e-06 0.000166593 0.00107264 0.0063417 0.874797 0.0519794 0.0353056 0.0303355 
1.60571e-09 3.78416e-08 2.13415e-07 1.08312e-05 0.000220079 0.00112137 0.00304829 0.012189 0.937248 0.0461625 
2.46578e-06 8.88574e-05 0.000819778 0.00336616 0.0160523 0.837719 0.0712986 0.0416612 0.0188075 0.010184 
3.02724e-09 6.9012e-08 3.88368e-07 0.0002894 0.000461845 0.00312913 0.0131671 0.653998 0.292692 0.0362622 
6.79102e-08 2.98723e-06 2.28846e-05 0.00120969 0.00386465 0.0152296 0.0308632 0.873674 0.0465132 0.0286202 
1.97175e-07 5.10925e-06 2.913e-05 0.00174303 0.00674702 0.0183528 0.0396421 0.870818 0.0371735 0.0254888 
6.2188e-12 1.37043e-10 1.21894e-08 2.3693e-07 1.21516e-06 1.99745e-05 0.00130796 0.00603317 0.0193002 0.973337 
5.83067e-17 1.30173e-15 1.78964e-14 9.25211e-12 2.91566e-10 1.86274e-07 2.60122e-06 0.000287649 0.00406878 0.995641 
1.09269e-13 2.48737e-12 3.73375e-11 2.91952e-09 5.64613e-08 1.14654e-06 4.34411e-06 0.000352463 0.00570075 0.993941 
7.39388e-11 2.02031e-09 7.08916e-08 2.07962e-06 5.8214e-06 0.000685446 0.00471839 0.955445 0.0196411 0.0195017 
1.37641e-10 3.14397e-09 6.4086e-08 3.34109e-06 0.000114999 0.000676929 0.00393919 0.0133684 0.935807 0.0460902 
1.20306e-08 3.47679e-07 2.4357e-06 0.000416837 0.000793023 0.00365428 0.00851247 0.0277031 0.909647 0.0492705 
4.0374e-09 1.27753e-07 6.70071e-06 0.000104578 0.000731345 0.00264792 0.00640532 0.0205528 0.930719 0.038832 
3.90151e-08 1.34873e-06 1.12906e-05 0.000790287 0.0024256 0.00928609 0.0274304 0.709265 0.0311966 0.219593 
3.00301e-07 1.65649e-05 0.000252269 0.00269158 0.0122722 0.0276648 0.0436409 0.874928 0.0270135 0.0115198 
1.43877e-10 3.95696e-09 1.18563e-07 3.94866e-06 1.0325e-05 0.000345702 0.00077208 0.00276003 0.005262 0.990846 
4.06195e-07 1.38714e-05 0.000179946 0.00229936 0.0136869 0.805325 0.0653638 0.0571693 0.0351841 0.0207771 
3.22972e-11 7.18977e-10 1.03253e-08 4.57219e-07 3.31831e-06 0.000180625 0.00122137 0.00658339 0.0208305 0.97118 
2.96165e-08 8.41692e-07 1.0836e-05 0.000221369 0.00290166 0.0152093 0.0340196 0.878692 0.0355801 0.0333648 
1.53334e-11 3.61144e-10 4.18312e-09 5.3336e-07 1.98849e-06 2.57723e-05 0.000279173 0.00209862 0.00689835 0.990696 
1.05364e-07 4.209e-06 9.79254e-05 0.00110981 0.00695367 0.0179644 0.0342915 0.0519766 0.868765 0.0188372 
2.15847e-08 5.32708e-07 4.56494e-06 0.000494696 0.00371459 0.154017 0.0193644 0.300445 0.50642 0.0155394 
3.68672e-05 0.000832233 0.000390478 0.00398959 0.0135254 0.030776 0.811894 0.0709361 0.0505478 0.0170714 
1.40372e-08 3.00891e-07 4.23056e-06 0.000463989 0.00137251 0.00586152 0.396067 0.283737 0.0375797 0.274913 
0.000157409 0.00487907 0.0130252 0.0376049 0.856443 0.0543733 0.020478 0.00546242 0.00663496 0.000941394 
1.06811e-11 2.38225e-10 6.12298e-09 2.53316e-07 1.73114e-06 0.000104861 0.000871947 0.00532864 0.784288 0.209404 
5.58643e-08 1.53431e-06 1.46048e-05 0.000733786 0.00370497 0.00789789 0.0189907 0.0365558 0.89362 0.038481 
2.73556e-09 5.41443e-08 4.25824e-07 0.000129556 0.000276375 0.000928575 0.00299794 0.00974977 0.0910551 0.894862 
3.08765e-09 7.19667e-08 4.30939e-07 0.000316784 0.000180978 0.000352844 0.00159095 0.00505382 0.0132779 0.979226 
8.89162e-09 1.6134e-07 9.53571e-07 8.83345e-05 0.000440629 0.00157098 0.0048837 0.0150088 0.271912 0.706094 
8.0408e-09 1.67468e-07 1.93202e-06 0.000332011 0.00140558 0.0129128 0.865038 0.06568 0.0287345 0.025895 
2.68542e-09 6.21534e-08 2.84873e-07 1.37565e-05 0.000245414 0.00186773 0.00821436 0.459503 0.111449 0.418706 
3.47594e-09 6.12111e-08 6.00353e-07 9.89077e-05 0.000389237 0.00227316 0.00869172 0.024875 0.0429016 0.92077 
9.38136e-11 2.14545e-09 4.2782e-08 2.41234e-06 0.000313085 0.00305197 0.0138125 0.0379896 0.916995 0.0278352 
1.63739e-12 3.69582e-11 3.386e-09 6.55517e-08 4.22423e-07 7.80958e-06 0.000503169 0.00297558 0.010266 0.986247 
6.72435e-14 1.5173e-12 5.79037e-11 3.05609e-08 9.67894e-06 0.000395729 0.00365816 0.960307 0.022987 0.0126421 
0.000268436 0.00411322 0.0348636 0.876326 0.0582492 0.016434 0.00830739 0.000906277 0.000521407 1.0376e-05 
1.06546e-16 2.37378e-15 3.34732e-14 2.35136e-11 4.20787e-09 3.94486e-07 3.43536e-06 0.000539859 0.00948715 0.989969 
8.95515e-09 2.1956e-07 9.65367e-06 0.000725534 0.00263786 0.0194738 0.880119 0.0380562 0.0285991 0.030379 
1.51562e-05 0.000340832 0.000756932 0.00282703 0.0056162 0.0114817 0.058804 0.0765799 0.0105298 0.833048 
7.22268e-17 1.60495e-15 1.52056e-14 1.18218e-11 1.93663e-10 2.69438e-07 8.99219e-07 0.000475914 0.982666 0.0168565 
9.18527e-12 2.21073e-10 1.38534e-08 3.58259e-07 2.86838e-05 0.000211646 0.00113179 0.0504144 0.500818 0.447395 
2.8506e-14 6.33726e-13 6.03642e-12 4.52747e-09 7.16822e-08 4.30737e-05 9.69287e-05 0.00103708 0.49318 0.505642 
1.36648e-08 2.88461e-07 1.35127e-06 0.000568929 0.000482745 0.00164952 0.0052725 0.0151886 0.0361187 0.940717 
2.15608e-12 4.34901e-11 1.303e-09 7.78441e-08 1.01332e-06 9.76678e-05 0.000482645 0.00369647 0.0139483 0.981774 
9.28977e-11 2.48741e-09 7.49e-08 2.81432e-06 8.77376e-06 0.000364582 0.00112782 0.00305215 0.0103137 0.98513 
3.46033e-05 0.000778139 0.00248657 0.00700525 0.0107643 0.0280816 0.0310704 0.0484057 0.846002 0.0253718 
8.36399e-09 2.10965e-07 2.13868e-06 0.000242306 0.000869686 0.00441696 0.0176424 0.8853 0.0513663 0.0401602 
5.91484e-09 1.35019e-07 2.68936e-07 1.14336e-05 6.32155e-05 0.000888048 0.00322216 0.00693486 0.0119801 0.9769 
1.37022e-12 3.12549e-11 1.26804e-09 1.67159e-07 7.03366e-05 0.000767539 0.00388453 0.90186 0.00821104 0.0852067 
3.03462e-07 8.44464e-06 0.000225855 0.00667686 0.0322536 0.831835 0.062531 0.0330501 0.0179093 0.0155097 
6.57297e-12 1.45472e-10 1.21795e-08 2.68089e-07 2.34053e-06 0.000382791 0.00136564 0.0105358 0.957447 0.0302661 
6.30209e-09 1.21947e-07 1.20812e-06 0.000279403 0.000473761 0.00167151 0.202635 0.161125 0.606053 0.0277612 
8.90176e-08 3.65637e-06 4.43171e-05 0.00145537 0.00466639 0.00954557 0.0215788 0.0431773 0.884144 0.0353848 
4.17113e-09 9.38202e-08 2.63512e-07 1.20697e-05 0.000349069 0.000782908 0.00325762 0.00733842 0.0105947 0.977665 
2.27492e-08 4.25082e-07 3.83899e-06 0.000225041 0.000655866 0.00186258 0.00348311 0.0144238 0.917947 0.0613981 
8.35772e-08 1.84011e-06 0.000116598 0.00204827 0.00708523 0.0196856 0.0411073 0.864278 0.0335606 0.0321167 
1.71781e-12 4.2644e-11 3.14554e-09 7.17688e-08 7.02416e-06 2.20072e-05 1.11901e-05 0.00010715 0.00201137 0.997841 
0.000431999 0.00700901 0.606746 0.033159 0.295092 0.0257157 0.0141199 0.00561855 0.0119319 0.000176446 
2.11381e-08 5.46093e-07 8.11435e-06 0.000429225 0.00120663 0.00588515 0.0115319 0.0253221 0.927865 0.0277513 
1.22524e-08 2.29342e-07 1.18555e-06 0.000101971 0.000312171 0.000413951 0.00192639 0.00395086 0.00488626 0.988407 
5.61517e-12 1.18514e-10 3.7572e-09 1.27624e-07 1.29476e-06 0.000141036 0.00115203 0.00505723 0.0188778 0.97477 
8.11652e-14 1.8036e-12 1.69998e-11 1.34376e-08 2.15605e-07 0.000272286 0.000672178 0.00525444 0.984484 0.00931707 
8.26476e-13 1.86499e-11 1.71775e-09 3.66678e-08 2.84939e-07 8.10471e-05 0.000669175 0.00391424 0.980179 0.0151567 
4.02935e-08 1.90687e-06 8.80987e-06 0.000572084 0.00295921 0.0105968 0.0197519 0.890686 0.0463681 0.0290547 
5.18064e-09 1.06211e-07 7.49147e-07 6.18199e-05 0.000518876 0.00181205 0.00646396 0.019798 0.922989 0.0483554 
6.33615e-16 1.43953e-14 4.87878e-13 1.35554e-10 3.15067e-08 1.59903e-06 9.15609e-05 0.00309144 0.97785 0.0189657 
7.68647e-15 1.78569e-13 7.30144e-12 7.65179e-10 1.14678e-07 1.76328e-05 0.000386635 0.0035613 0.015628 0.980406 
6.51691e-09 1.59041e-07 1.38532e-06 0.000313714 0.000395091 0.00208448 0.0791358 0.37615 0.328096 0.213824 
1.38572e-10 3.24635e-09 7.31026e-08 3.8833e-06 0.000172342 0.000573817 0.00348112 0.89939 0.0430109 0.0533683 
6.9823e-05 0.00155547 0.0036043 0.0170145 0.807089 0.0765318 0.0487088 0.026455 0.01548 0.00349117 
5.44248e-11 1.23309e-09 2.97707e-08 1.17023e-06 3.64205e-05 0.000277152 0.00145668 0.469359 0.0245163 0.504353 
1.10775e-12 2.5141e-11 9.16253e-10 2.83836e-08 1.11014e-07 5.4111e-07 5.61191e-05 5.27991e-05 0.000465568 0.999425 
1.06938e-08 2.16994e-07 8.88887e-07 6.85262e-05 0.000379548 0.00131101 0.00585334 0.0229906 0.934364 0.0350322 
5.1911e-15 1.28118e-13 2.13643e-12 2.16528e-10 3.20475e-09 4.3419e-07 1.03721e-05 0.00104883 0.985748 0.0131926 
5.5212e-16 1.26602e-14 4.82907e-13 8.17091e-11 2.39404e-08 6.65724e-07 3.25996e-05 0.000973464 0.97806 0.0209329 
3.74726e-15 8.32115e-14 4.70287e-13 2.24809e-11 6.40627e-09 2.72153e-08 1.51428e-07 5.05415e-05 0.981213 0.0187361 
0.00120779 0.0040889 0.0128365 0.885248 0.0662496 0.0269714 0.00327197 0.000123879 2.17468e-06 3.0687e-08 
3.02924e-09 6.22112e-08 6.09909e-07 0.000110094 0.00046267 0.00362586 0.20749 0.0142858 0.74645 0.0275751 
4.43413e-10 7.22008e-09 9.07975e-08 5.02136e-06 8.7545e-05 0.00111326 0.00539931 0.0224426 0.9403 0.030652 
3.64404e-14 8.20477e-13 8.49016e-12 1.44486e-09 7.28051e-09 3.50272e-07 3.00921e-06 0.000416465 0.00676578 0.992814 
4.13905e-07 1.94843e-05 0.000185042 0.00369412 0.0144801 0.0316604 0.0486667 0.0555198 0.831581 0.0141926 
3.06423e-16 6.94072e-15 2.41123e-13 9.77107e-11 3.96278e-08 8.98022e-07 9.14976e-06 0.00149685 0.00771182 0.990781 
7.72631e-09 1.84668e-07 1.02679e-06 0.000486216 0.00081461 0.0021412 0.0548609 0.0177517 0.0796112 0.844333 
1.31739e-10 3.72765e-09 1.08292e-07 2.9494e-06 8.62004e-06 6.67885e-05 0.000403133 0.00215419 0.0076875 0.989677 
3.90957e-09 9.07128e-08 3.04611e-07 4.91534e-05 9.89118e-05 0.000711814 0.0026002 0.00837127 0.284589 0.703579 
9.48295e-08 2.45109e-06 3.75361e-05 0.00340211 0.00547088 0.0338164 0.856652 0.0424739 0.0259345 0.0322096 
7.01337e-05 0.00160039 0.00402773 0.0160316 0.0514477 0.824427 0.05845 0.0206496 0.0195518 0.00374353 
7.59644e-05 0.00172097 0.0111783 0.0328864 0.478792 0.456509 0.0153711 0.00257642 0.000872373 1.76461e-05 
3.45161e-13 7.38984e-12 2.63739e-10 1.38632e-08 2.34652e-07 6.33628e-06 1.47494e-05 0.000120771 0.0024808 0.997377 
1.14649e-07 4.81793e-06 0.000160089 0.00210856 0.00535287 0.0178865 0.277011 0.665005 0.0223814 0.0100897 
3.26852e-28 1.93109e-25 2.67539e-22 9.37375e-20 1.47035e-17 3.78732e-14 2.75632e-11 2.97292e-06 0.000113141 0.999884 
3.02449e-13 6.55754e-12 4.5241e-10 9.80278e-09 2.0552e-07 5.25127e-06 0.000343146 0.00293896 0.013315 0.983397 
7.5557e-11 1.93256e-09 4.72157e-08 1.83136e-06 8.21122e-05 0.000380828 0.00165841 0.00451223 0.0115145 0.98185 
7.04348e-06 0.000285803 0.00231686 0.00618715 0.0118591 0.0273685 0.872871 0.0474643 0.0233537 0.00828684 
1.65287e-08 3.27083e-07 6.22235e-06 0.000317262 0.00122335 0.0035856 0.00948352 0.0290462 0.904561 0.0517763 
1.85348e-08 4.4586e-07 3.84169e-06 0.000690247 0.00213959 0.00782246 0.0269533 0.880007 0.0470122 0.0353709 
2.62443e-08 5.45486e-07 2.51332e-06 0.000549627 0.00149465 0.00645265 0.0185029 0.846392 0.0618577 0.0647472 
2.82411e-06 6.36688e-05 0.000505822 0.0288205 0.202024 0.225651 0.0705852 0.0114272 0.440354 0.0205654 
3.56607e-07 1.99589e-05 0.000192125 0.00312671 0.0181584 0.796471 0.0835411 0.0565876 0.0280638 0.0138391 
8.06881e-11 1.88666e-09 4.02314e-08 1.62188e-06 5.27105e-05 0.000316171 0.000990161 0.00319285 0.00956104 0.985885 
2.69753e-11 6.41584e-10 1.45323e-08 1.3413e-06 1.02598e-05 3.0997e-05 0.000438845 0.00155504 0.00501354 0.99295 
1.43453e-33 1.06988e-29 7.26801e-26 5.94945e-22 5.91361e-18 4.80572e-14 1.6675e-10 2.33749e-05 0.000734374 0.999242 
2.64617e-08 6.61364e-07 3.6185e-06 0.000141189 0.00238678 0.00881 0.0211829 0.876817 0.048567 0.0420906 
1.08965e-07 2.77858e-06 3.72157e-05 0.00243533 0.00592136 0.0122611 0.029147 0.0478246 0.858534 0.0438363 
3.19082e-11 8.06244e-10 2.56385e-08 9.31569e-07 3.76784e-06 0.000206503 0.00129869 0.00579406 0.226039 0.766657 
1.67287e-08 6.53403e-07 3.29168e-06 0.00054634 0.00118891 0.00334755 0.00640716 0.0159831 0.0280242 0.944499 
2.89162e-09 6.78207e-08 2.2645e-07 1.38242e-05 6.8257e-05 0.000667519 0.001905 0.00531796 0.0122965 0.979731 
3.62242e-15 8.18929e-14 3.65759e-12 1.52875e-10 8.69779e-09 6.77735e-07 2.35403e-05 0.000845076 0.00592614 0.993205 
4.29753e-07 1.31841e-05 0.000234452 0.00379874 0.0155166 0.0439289 0.85622 0.044509 0.0245653 0.0112134 
2.42076e-07 7.20443e-06 0.000236883 0.00257198 0.579125 0.0536859 0.288347 0.0439962 0.0208833 0.0111468 
6.92442e-09 1.62838e-07 9.19273e-07 0.000648397 0.000698634 0.00228562 0.00663323 0.0195878 0.0409636 0.929182 
9.59039e-08 4.05843e-06 0.000134709 0.00147021 0.00300044 0.0108288 0.0207585 0.043508 0.876829 0.043466 
1.03221e-07 3.5171e-06 0.000120711 0.00173395 0.00563781 0.0197102 0.0384753 0.0508577 0.862186 0.021275 
8.20326e-09 1.89579e-07 6.51711e-07 4.2539e-05 0.000529095 0.00245438 0.00610761 0.0231875 0.917753 0.0499255 
3.62298e-05 0.000805564 0.000255602 0.00355899 0.0100916 0.0192211 0.0191045 0.0307604 0.0347327 0.881433 
7.1827e-11 1.62923e-09 4.58279e-08 1.75901e-06 5.90693e-05 0.000579487 0.00322457 0.0126769 0.0305941 0.952864 
2.84633e-13 6.41586e-12 5.86756e-10 1.45907e-08 1.33747e-07 3.40226e-05 0.000103523 0.00163977 0.663582 0.334641 
2.7306e-17 6.23653e-16 3.57325e-14 2.10208e-11 1.09189e-08 1.407e-07 8.79137e-07 0.000184 0.000214922 0.9996 
7.85914e-10 2.05175e-08 1.99681e-07 6.22803e-06 9.10968e-05 0.000440058 0.0011817 0.00353362 0.00608324 0.988664 
1.11445e-08 2.49194e-07 8.44056e-07 0.000223801 0.000565123 0.00185909 0.0049735 0.0121502 0.0243267 0.9559 
2.16814e-09 5.20844e-08 3.09912e-07 6.51803e-05 0.000394032 0.00104644 0.00284776 0.00651119 0.0130714 0.976064 
