24234
3.48308e-09 2.34051e-07 2.7008e-05 0.00146717 0.0243949 0.954401 0.0192432 0.000464413 2.28104e-06 1.81522e-08 
5.47489e-27 3.97914e-24 6.85918e-21 1.58852e-17 1.83425e-14 4.25455e-11 9.68073e-08 0.000268701 0.00686954 0.992862 
4.74114e-19 1.39103e-16 7.32091e-14 1.82479e-11 5.82914e-09 6.21279e-07 0.000147259 0.00988026 0.972548 0.0174234 
7.03144e-24 2.27603e-21 1.18292e-18 4.91234e-16 3.97145e-13 1.0702e-10 7.90485e-08 0.000187713 0.00795427 0.991858 
1.53002e-19 4.46212e-17 2.35366e-14 5.6413e-12 1.53314e-09 1.10081e-07 3.22069e-05 0.000299026 0.0112105 0.988458 
2.0015e-16 6.56722e-14 2.57803e-11 6.37351e-09 1.78515e-06 0.000454003 0.013863 0.0646043 0.920433 0.000643491 
1.51244e-16 4.96927e-14 1.95676e-11 4.50493e-09 1.18304e-06 0.000436954 0.0128422 0.975365 0.0108946 0.000459758 
4.52349e-24 1.46044e-21 7.60621e-19 3.20369e-16 2.57963e-13 9.21878e-11 8.55255e-08 0.000203281 0.00826422 0.991532 
2.52762e-06 0.000307059 0.0280364 0.92651 0.0435174 0.00160016 2.59296e-05 3.52727e-07 1.82478e-09 1.36538e-11 
9.8595e-14 4.75558e-11 3.84775e-08 3.03558e-05 0.00537454 0.0396475 0.936297 0.0178839 0.000728408 3.80188e-05 
1.29724e-11 4.16957e-09 1.56151e-06 0.000362572 0.00376121 0.0235415 0.953769 0.0182562 0.000306361 1.70704e-06 
6.42601e-17 2.13311e-14 8.74242e-12 3.24458e-09 1.18771e-06 0.000166533 0.00456576 0.0206144 0.970238 0.00441425 
3.95372e-10 1.55412e-07 7.17378e-05 0.0144639 0.903946 0.0657133 0.0153438 0.000458707 2.49223e-06 2.16601e-08 
4.14548e-20 1.20967e-17 6.41006e-15 1.56205e-12 4.58048e-10 2.794e-08 7.92302e-06 0.000221646 0.00773015 0.99204 
0.000308111 0.0241611 0.912055 0.0548369 0.00813057 0.000504447 3.63557e-06 2.35119e-08 8.25192e-11 3.75992e-13 
3.42355e-09 5.14517e-07 0.00018647 0.00809568 0.513446 0.471554 0.0065802 0.000137104 5.96922e-07 4.55266e-09 
1.05771e-23 3.40831e-21 1.78394e-18 7.21605e-16 5.78376e-13 1.23755e-10 1.10225e-07 0.000262677 0.00929671 0.990441 
7.54727e-28 1.10782e-24 2.58769e-21 6.23065e-18 7.33042e-15 1.4487e-11 1.51071e-08 0.000123133 0.00481538 0.995061 
1.58817e-23 5.00215e-21 2.62748e-18 9.67176e-16 7.03616e-13 1.39598e-10 1.26126e-07 0.000295371 0.0101259 0.989579 
2.77601e-16 9.12668e-14 3.61017e-11 9.75855e-09 2.95034e-06 0.000655963 0.0174461 0.966228 0.014956 0.000710662 
2.00837e-11 7.16319e-09 3.39183e-06 0.000764962 0.0124024 0.0480223 0.929428 0.00932034 5.79277e-05 8.22e-07 
9.70029e-14 4.00901e-11 2.30589e-08 5.41898e-06 0.000666774 0.00957686 0.0319254 0.951272 0.00650945 4.37604e-05 
1.0199e-23 3.23984e-21 1.70045e-18 6.5641e-16 4.98524e-13 1.25385e-10 1.27675e-07 0.000267067 0.942471 0.0572621 
6.66708e-19 1.94247e-16 1.02544e-13 2.45165e-11 6.51535e-09 4.6761e-07 0.000127373 0.000826022 0.0131196 0.985927 
2.27045e-11 8.01841e-09 3.53367e-06 0.000712878 0.016776 0.0571436 0.92231 0.00304534 8.49615e-06 2.9266e-08 
1.1593e-14 4.67803e-12 2.77816e-09 8.51975e-07 0.000190718 0.0116608 0.946311 0.0336058 0.0077787 0.000452512 
2.76388e-11 9.53359e-09 4.06623e-06 0.000830594 0.0237948 0.954789 0.0198349 0.000741746 4.82993e-06 5.22698e-08 
7.97524e-19 2.3257e-16 1.22218e-13 2.89732e-11 7.45246e-09 5.86513e-07 0.000163403 0.00125005 0.011443 0.987143 
6.42384e-28 2.44898e-25 1.91354e-22 3.62871e-19 4.72766e-16 2.03861e-12 9.15417e-09 9.07085e-05 0.00249048 0.997419 
1.397e-11 4.70213e-09 2.07421e-06 0.000496346 0.00521723 0.0308293 0.953777 0.00957949 9.77938e-05 1.05614e-06 
3.55466e-17 1.19805e-14 5.2959e-12 3.60104e-09 1.71303e-06 0.000375726 0.0126139 0.973978 0.0120315 0.000999265 
8.01527e-19 2.3498e-16 1.23804e-13 3.06597e-11 9.65352e-09 7.69413e-07 0.000214727 0.00662742 0.986415 0.00674256 
1.05489e-13 4.33447e-11 2.46356e-08 5.50577e-06 0.000618489 0.0119043 0.0410561 0.938622 0.00764207 0.000151122 
3.85014e-09 7.45485e-07 0.000292752 0.0167618 0.0761056 0.896243 0.010393 0.000201238 1.59449e-06 1.23079e-08 
5.62733e-17 1.84088e-14 7.22521e-12 1.47502e-09 3.41127e-07 0.000133962 0.00852053 0.964356 0.0219217 0.00506707 
0.000484019 0.0284711 0.923971 0.0456459 0.00141434 1.36064e-05 1.00778e-07 6.1964e-10 2.1124e-12 6.94941e-15 
0.000141475 0.00731274 0.841882 0.120615 0.0294692 0.000573545 6.11749e-06 5.84349e-08 2.3339e-10 1.20026e-12 
1.19626e-23 3.79607e-21 1.98677e-18 7.52555e-16 5.65126e-13 1.16854e-10 1.04566e-07 0.000448613 0.961845 0.0377065 
7.9306e-10 3.04532e-07 0.000189869 0.00804894 0.484828 0.49657 0.0101279 0.000233876 1.57465e-06 1.41511e-08 
1.33927e-13 5.68523e-11 3.54176e-08 1.28624e-05 0.00215232 0.0260845 0.957296 0.0140774 0.000373738 3.11466e-06 
3.29971e-06 0.000357464 0.0192081 0.0967376 0.871991 0.0112704 0.00042932 2.55134e-06 1.07215e-08 6.36071e-11 
3.75279e-17 1.24958e-14 5.31048e-12 2.85483e-09 1.29453e-06 0.000364603 0.00950674 0.0432345 0.939829 0.00706371 
4.89822e-19 1.43896e-16 7.57777e-14 1.90248e-11 6.33911e-09 6.87259e-07 0.000354465 0.951737 0.0405875 0.00732015 
1.732e-19 5.07194e-17 2.67028e-14 6.54717e-12 1.97925e-09 1.49723e-07 4.14842e-05 0.00349212 0.491359 0.505107 
2.99966e-11 1.04501e-08 4.44946e-06 0.000871979 0.0161855 0.0567722 0.919684 0.00644785 3.3949e-05 1.70606e-07 
1.9807e-27 7.40032e-25 8.65455e-22 1.83684e-18 2.83093e-15 1.38512e-11 6.50853e-08 0.000121095 0.00266445 0.997214 
4.3535e-23 1.40172e-20 6.51803e-18 2.06361e-15 1.35125e-12 2.45791e-10 6.32281e-08 7.37167e-05 0.00646566 0.993461 
7.74707e-24 2.5536e-21 1.33106e-18 5.92901e-16 5.11054e-13 1.39029e-10 1.33511e-07 0.000311549 0.941423 0.0582648 
2.32797e-19 6.95318e-17 3.63276e-14 9.89492e-12 4.30676e-09 3.69145e-07 0.000109796 0.00405055 0.0242145 0.971625 
1.15135e-18 3.39508e-16 1.82377e-13 6.30977e-11 2.90825e-08 1.26431e-05 0.00281195 0.93535 0.0499999 0.0118255 
1.82733e-23 5.82319e-21 3.05101e-18 1.1787e-15 9.02374e-13 1.76479e-10 1.12019e-07 0.00023921 0.0109772 0.988783 
1.32664e-18 3.89455e-16 2.0515e-13 5.11988e-11 1.66762e-08 1.38302e-06 0.000888614 0.942182 0.0421452 0.0147823 
1.39268e-23 4.452e-21 2.33199e-18 9.1254e-16 7.08379e-13 1.44155e-10 1.20853e-07 0.000266339 0.00979709 0.989936 
1.31409e-08 1.87814e-06 0.000990721 0.822266 0.133411 0.0390941 0.00416861 6.68648e-05 5.25273e-07 5.18096e-09 
1.25116e-23 4.0242e-21 2.19787e-18 1.12859e-15 1.09465e-12 1.3934e-09 2.43506e-06 0.00372696 0.975946 0.0203247 
6.88886e-24 2.20026e-21 1.15314e-18 4.54541e-16 3.53145e-13 9.17626e-11 1.03375e-07 0.000256055 0.00864356 0.9911 
1.33693e-16 4.39522e-14 1.73874e-11 4.84819e-09 1.50311e-06 0.000295113 0.010696 0.976777 0.0112417 0.000988675 
9.04762e-14 3.72736e-11 2.14148e-08 5.24877e-06 0.000736978 0.0167747 0.939505 0.0407452 0.00222873 3.88995e-06 
1.21804e-23 3.86127e-21 2.01866e-18 7.51681e-16 5.57949e-13 7.93789e-11 2.40318e-08 6.17968e-05 0.00378575 0.996152 
5.86359e-14 2.3834e-11 1.38509e-08 3.72162e-06 0.000465451 0.0107572 0.942152 0.0395094 0.00688503 0.000226944 
1.00351e-36 8.79564e-33 1.32391e-28 1.60719e-24 1.95992e-20 6.04819e-16 6.00659e-12 1.46248e-07 0.000593305 0.999407 
0.00128461 0.020818 0.0802646 0.885093 0.0124969 4.28186e-05 1.33644e-07 6.07369e-10 1.08011e-12 1.95044e-15 
9.46934e-19 2.77676e-16 1.46294e-13 3.6296e-11 1.15077e-08 9.58526e-07 0.000257707 0.00913161 0.980793 0.00981669 
1.16254e-18 3.41438e-16 1.79815e-13 4.506e-11 1.4945e-08 1.79812e-06 0.00120874 0.0119514 0.978281 0.00855684 
4.07046e-16 1.37186e-13 5.68563e-11 1.58392e-08 3.52938e-06 0.000881117 0.0223841 0.960674 0.0155056 0.000551993 
9.44115e-09 9.68027e-07 0.000254448 0.00993727 0.9037 0.0721512 0.0137942 0.000161453 9.29459e-07 5.27186e-09 
3.57243e-11 1.30373e-08 7.94898e-06 0.000883069 0.0200205 0.960271 0.0177145 0.00109654 6.66754e-06 2.15213e-07 
1.01421e-18 2.97663e-16 1.56895e-13 3.91883e-11 1.27739e-08 1.04301e-06 0.000284278 0.0079307 0.0413523 0.950432 
7.65098e-19 2.24458e-16 1.18355e-13 2.94836e-11 9.53346e-09 7.16649e-07 0.000205579 0.00307626 0.6808 0.315918 
8.84328e-19 2.59023e-16 1.36345e-13 3.35029e-11 1.01921e-08 8.75874e-07 0.000231437 0.00698069 0.971489 0.0212976 
1.61418e-16 6.47015e-14 4.736e-11 5.05088e-08 2.86094e-05 0.0029558 0.945792 0.0421697 0.00863162 0.000422112 
1.98279e-11 6.84242e-09 2.8892e-06 0.000570434 0.021606 0.95874 0.0186763 0.000402238 2.22652e-06 1.63325e-08 
6.22258e-07 8.50714e-05 0.00973788 0.73191 0.246698 0.0110704 0.000493824 3.78887e-06 1.68383e-08 9.98338e-11 
1.2583e-23 4.38357e-21 2.81445e-18 3.30911e-15 3.60799e-12 6.68672e-09 2.24514e-06 0.00236978 0.69463 0.302998 
6.7236e-19 1.97951e-16 1.04501e-13 2.71166e-11 1.00095e-08 2.42051e-06 0.00259935 0.962692 0.0280605 0.00664625 
1.19831e-08 1.33935e-06 0.000369009 0.00984074 0.0452081 0.928964 0.0154158 0.000199555 1.02866e-06 4.46195e-09 
1.16878e-18 3.43143e-16 1.8077e-13 4.51868e-11 1.47713e-08 1.19553e-06 0.000327648 0.00842601 0.980443 0.0108024 
1.95282e-06 0.000275246 0.0266514 0.923305 0.0450191 0.0046289 0.000115996 2.27354e-06 1.1746e-08 6.35351e-11 
3.16681e-06 0.000362806 0.0230717 0.110926 0.862728 0.00289248 1.65118e-05 1.07464e-07 4.12145e-10 2.10008e-12 
7.39431e-19 2.18646e-16 1.15025e-13 2.99383e-11 1.13919e-08 9.11487e-07 0.000272135 0.00841164 0.978554 0.012761 
1.26201e-29 4.14993e-27 1.68385e-24 6.7975e-22 7.49216e-19 5.52994e-15 1.03367e-10 2.30943e-05 0.000740842 0.999236 
3.72888e-17 1.21185e-14 4.71505e-12 1.16242e-09 3.18732e-07 2.64337e-05 0.000552822 0.00884245 0.981883 0.00869519 
2.03221e-15 7.79445e-13 3.84168e-10 8.37647e-08 1.41969e-05 0.000676128 0.00832946 0.502166 0.487655 0.00115927 
4.71365e-19 1.40274e-16 7.36217e-14 1.98329e-11 8.36704e-09 7.28019e-07 0.000205434 0.00716303 0.968363 0.0242675 
3.94503e-19 1.1503e-16 6.07386e-14 1.45994e-11 4.00623e-09 3.22399e-07 8.27097e-05 0.0016227 0.0148387 0.983456 
4.24445e-33 1.12922e-29 5.0864e-26 2.51461e-22 9.2772e-19 1.60375e-14 1.39316e-10 9.15444e-06 0.00114697 0.998844 
4.73171e-19 1.38592e-16 7.29853e-14 1.79895e-11 5.50758e-09 5.28787e-07 0.000130124 0.00829892 0.982026 0.00954436 
4.30581e-37 3.17936e-33 4.44901e-29 5.65835e-25 1.00796e-20 4.0614e-16 4.69716e-12 1.60355e-07 0.000625991 0.999374 
1.52213e-24 4.96483e-22 2.61271e-19 1.19818e-16 1.01211e-13 4.59608e-11 3.647e-08 0.000144349 0.00430355 0.995552 
1.39621e-23 4.44244e-21 2.32419e-18 8.91791e-16 6.7685e-13 1.38766e-10 9.70883e-08 0.000223782 0.010485 0.989291 
1.11513e-19 3.23476e-17 1.70391e-14 3.92176e-12 8.41731e-10 6.48172e-08 1.69604e-05 0.000392647 0.0134804 0.98611 
6.86251e-14 3.20467e-11 2.4857e-08 1.61868e-05 0.00572939 0.940688 0.0407274 0.0117999 0.000952644 8.69712e-05 
1.66335e-23 5.53923e-21 3.47181e-18 3.06735e-15 3.34521e-12 4.49499e-09 4.50451e-06 0.00510849 0.974228 0.0206593 
1.20043e-08 1.25564e-06 0.000356193 0.0100116 0.0511457 0.920339 0.0178059 0.000338511 1.62282e-06 1.24426e-08 
1.51282e-16 6.0128e-14 3.33562e-11 1.81428e-08 1.7322e-05 0.000848911 0.473843 0.512951 0.0118637 0.000476224 
8.32638e-19 2.55888e-16 1.55396e-13 8.66827e-11 6.09211e-08 5.46309e-05 0.00274739 0.948532 0.0405275 0.00813858 
6.69564e-19 1.97049e-16 1.04128e-13 2.66075e-11 9.47726e-09 6.65316e-07 0.000204029 0.00308868 0.0227765 0.97393 
7.60947e-17 2.58322e-14 1.21664e-11 8.01844e-09 5.81309e-06 0.00441972 0.951226 0.0358796 0.00808194 0.000386725 
1.25296e-18 4.22711e-16 2.432e-13 8.95238e-11 2.88031e-08 2.48243e-06 0.000379364 0.00904931 0.980853 0.00971571 
6.61663e-19 2.46417e-16 2.22797e-13 4.10719e-10 2.97456e-07 0.000246615 0.00902795 0.962756 0.0228276 0.00514137 
1.09476e-13 4.63054e-11 2.80851e-08 8.92273e-06 0.00202244 0.0264629 0.957405 0.0137925 0.000305337 2.87028e-06 
1.72522e-09 7.58383e-07 0.000373863 0.0189484 0.938801 0.0363637 0.0051719 0.000338936 1.58143e-06 1.50206e-08 
0.000182091 0.00835641 0.460846 0.505933 0.0244096 0.000270472 1.70984e-06 9.08775e-09 2.82567e-11 4.9106e-14 
9.99813e-07 0.000158886 0.0189346 0.891704 0.0732116 0.0150281 0.000956899 5.35326e-06 2.30928e-08 1.30291e-10 
4.26298e-29 1.01375e-25 3.36804e-22 1.08671e-18 1.78632e-15 8.90387e-12 4.29162e-08 0.000154376 0.00333589 0.99651 
7.38154e-17 2.43901e-14 9.76512e-12 2.36628e-09 6.34485e-07 0.000214214 0.00431576 0.020803 0.967778 0.00688881 
2.49551e-19 7.6375e-17 4.02291e-14 1.27197e-11 7.70142e-09 1.08163e-06 0.000918745 0.0125457 0.975062 0.0114729 
1.48395e-16 4.85811e-14 1.90281e-11 5.21581e-09 1.64498e-06 0.000410612 0.00794706 0.956424 0.0306704 0.00454595 
9.1735e-14 3.77503e-11 2.17131e-08 5.26439e-06 0.000746914 0.0198166 0.964795 0.0143562 0.000278054 2.39926e-06 
0.000227351 0.00835015 0.057488 0.90301 0.030202 0.000719166 3.45702e-06 2.01493e-08 6.5225e-11 1.4914e-13 
0.000296368 0.0199516 0.525509 0.448401 0.00570513 0.000137039 5.76736e-07 3.70132e-09 1.34046e-11 1.92963e-14 
1.49659e-19 4.40693e-17 2.30849e-14 5.86124e-12 1.96582e-09 2.49284e-07 5.09204e-05 0.00305124 0.0219196 0.974978 
2.72795e-11 9.31493e-09 3.91853e-06 0.000796662 0.0212297 0.960146 0.0174203 0.000401098 2.43282e-06 1.9741e-08 
3.07314e-12 1.16123e-09 6.16332e-07 0.000144192 0.0104598 0.923837 0.0539128 0.0114232 0.000219982 2.15688e-06 
1.24464e-18 3.65437e-16 1.92521e-13 4.81141e-11 1.57602e-08 1.24854e-06 0.000472346 0.0189128 0.969078 0.0115353 
4.84042e-30 1.13904e-26 3.74747e-23 1.20508e-19 2.03499e-16 1.14212e-12 5.64947e-09 3.60934e-05 0.000987854 0.998976 
6.12402e-19 1.80509e-16 9.53066e-14 2.45812e-11 9.02047e-09 7.3829e-07 0.000194668 0.00837272 0.979964 0.0114681 
8.62033e-17 2.84219e-14 1.15289e-11 4.68987e-09 1.88391e-06 0.000377955 0.0096889 0.959683 0.0264235 0.00382514 
7.09319e-14 2.91055e-11 1.6624e-08 3.70004e-06 0.000374339 0.00721639 0.953832 0.0325697 0.00586968 0.0001342 
1.16702e-18 4.65292e-16 4.68466e-13 1.37791e-09 8.06493e-07 0.000224839 0.00889764 0.965904 0.0205472 0.00442546 
7.06596e-19 2.07196e-16 1.09118e-13 2.70928e-11 8.63738e-09 1.23274e-06 0.000881638 0.937672 0.0531693 0.00827586 
4.24127e-25 1.27982e-22 6.74316e-20 2.07389e-17 1.15493e-14 7.72615e-12 2.83304e-08 0.000132518 0.00418814 0.995679 
2.43254e-16 7.99259e-14 3.15215e-11 8.12103e-09 2.34214e-06 0.000513551 0.0135086 0.0504311 0.934636 0.000908082 
2.18554e-11 7.52579e-09 3.07194e-06 0.000631764 0.02346 0.951818 0.0235339 0.00055018 2.78615e-06 2.06698e-08 
2.24787e-09 6.51976e-07 0.000309002 0.0188129 0.936245 0.0389181 0.00558056 0.00013221 1.51189e-06 1.22363e-08 
3.653e-06 0.000391948 0.0279634 0.926816 0.0435911 0.00121884 1.52534e-05 1.36292e-07 5.43093e-10 2.8774e-12 
1.39419e-16 4.57048e-14 1.80265e-11 4.77124e-09 1.50833e-06 0.000521592 0.014589 0.960587 0.020729 0.00357183 
8.57306e-19 2.51894e-16 1.32891e-13 3.35599e-11 1.12246e-08 1.10216e-06 0.000490208 0.00867139 0.982824 0.00801372 
3.02793e-24 9.79127e-22 5.10997e-19 2.14935e-16 1.74592e-13 5.76006e-11 6.02426e-08 0.000185984 0.00626147 0.993552 
2.28392e-07 3.5312e-05 0.0033623 0.139815 0.841883 0.0145148 0.000385537 2.94415e-06 1.29465e-08 6.96162e-11 
1.46881e-11 8.33234e-09 9.29136e-06 0.0097806 0.899538 0.0617719 0.0245068 0.00421162 0.000180705 1.44027e-06 
3.30408e-06 0.000338784 0.0169049 0.0811905 0.889751 0.0112112 0.000598071 2.43822e-06 8.75107e-09 4.86986e-11 
4.01986e-07 8.82097e-05 0.00309853 0.0375494 0.931696 0.0266259 0.000935234 6.64761e-06 2.86599e-08 1.64603e-10 
1.82751e-11 6.29788e-09 2.66914e-06 0.000546439 0.00905815 0.0356694 0.946948 0.0077351 4.05328e-05 1.916e-07 
1.42294e-23 4.54074e-21 2.38941e-18 9.56739e-16 7.71509e-13 3.70582e-10 7.26117e-07 0.00196397 0.96093 0.0371052 
1.02365e-13 4.24123e-11 2.44006e-08 5.93997e-06 0.000848433 0.0204515 0.963799 0.014601 0.00029152 2.65045e-06 
0.00013288 0.0166953 0.885551 0.0745521 0.0221161 0.000940404 1.22892e-05 1.1083e-07 4.48782e-10 2.38113e-12 
1.64556e-18 5.9498e-16 3.57586e-13 1.78285e-10 7.86314e-08 2.41675e-05 0.00172054 0.0149959 0.973543 0.00971633 
1.50452e-23 4.79774e-21 2.51424e-18 9.76077e-16 7.50577e-13 1.57124e-10 1.26497e-07 0.000302811 0.951891 0.0478057 
1.18302e-23 3.75421e-21 1.96934e-18 7.35724e-16 5.51844e-13 6.74263e-11 2.14768e-08 7.3663e-05 0.00319894 0.996727 
1.11022e-18 3.25615e-16 1.71549e-13 4.25666e-11 1.35427e-08 1.04477e-06 0.000296804 0.00760791 0.983281 0.00881288 
1.12688e-23 3.58011e-21 1.8818e-18 7.17199e-16 5.44278e-13 9.83563e-11 7.39372e-08 0.000135121 0.00584909 0.994016 
2.5131e-06 0.000290939 0.0247979 0.916105 0.0509161 0.00767013 0.000215169 2.53889e-06 1.38594e-08 6.85941e-11 
0.0256781 0.907713 0.0581825 0.00827303 0.000151496 1.47481e-06 5.92836e-09 3.28929e-11 1.11212e-13 1.23529e-16 
1.69778e-23 5.37743e-21 2.82434e-18 1.06005e-15 7.92643e-13 1.51064e-10 1.85782e-07 0.000741581 0.0133272 0.985931 
1.23282e-18 3.61771e-16 1.91529e-13 4.9093e-11 1.75289e-08 2.91568e-06 0.000336225 0.00757138 0.983911 0.0081786 
4.56117e-42 3.24326e-37 1.32942e-32 8.11381e-28 6.29599e-23 4.27027e-18 1.15347e-13 1.06694e-08 0.000138781 0.999861 
3.32428e-14 1.38307e-11 7.9924e-09 2.31286e-06 0.000827147 0.14421 0.351471 0.494696 0.00847622 0.000317973 
1.06262e-18 3.11521e-16 1.64077e-13 4.05989e-11 1.27375e-08 1.03928e-06 0.00034266 0.00992304 0.979602 0.0101315 
6.19949e-07 5.19513e-05 0.00282311 0.850934 0.119305 0.0258447 0.00103369 7.00252e-06 3.03915e-08 1.7561e-10 
2.46372e-08 7.03836e-06 0.00341454 0.747796 0.226844 0.0209465 0.000985238 6.81793e-06 3.04009e-08 1.74051e-10 
4.39974e-12 1.56782e-09 6.90625e-07 0.000166263 0.0103077 0.0535789 0.922249 0.0133321 0.00036223 2.81023e-06 
1.7507e-16 5.738e-14 2.24574e-11 5.75116e-09 1.65939e-06 0.000344779 0.00695871 0.029854 0.959825 0.00301587 
3.89244e-12 1.28068e-09 3.22296e-07 8.68092e-05 0.0138309 0.944918 0.0350763 0.00589564 0.000190396 1.66636e-06 
1.29705e-23 4.1679e-21 2.22469e-18 1.02159e-15 9.50702e-13 1.1115e-09 2.52323e-06 0.00490578 0.970362 0.0247299 
1.14954e-16 3.78315e-14 1.50006e-11 3.96396e-09 1.26287e-06 0.00101891 0.48447 0.506525 0.0076205 0.000364566 
0.00032564 0.024716 0.931659 0.0418394 0.0014449 1.47096e-05 1.68765e-07 8.81618e-10 2.99612e-12 1.20697e-14 
0.00187683 0.258914 0.693866 0.0432751 0.00202967 3.79875e-05 5.5917e-07 5.60083e-09 2.33494e-11 1.29647e-13 
1.19301e-18 3.55332e-16 1.99207e-13 8.34896e-11 5.8129e-08 6.11215e-05 0.00409706 0.951682 0.0356836 0.0084764 
2.54851e-16 8.36584e-14 3.2896e-11 8.41599e-09 2.37672e-06 0.000409032 0.014839 0.958998 0.022633 0.00311867 
2.35617e-16 7.70775e-14 2.99194e-11 6.13139e-09 1.35136e-06 0.000372653 0.010949 0.962214 0.0226871 0.00377603 
1.64124e-13 8.53255e-11 7.20425e-08 5.28321e-05 0.0136033 0.923339 0.0506202 0.0120442 0.000337402 3.38315e-06 
7.25886e-08 1.90285e-05 0.00651705 0.63802 0.327653 0.0263697 0.00141092 9.72755e-06 4.44297e-08 2.57113e-10 
1.97507e-29 7.90342e-27 4.64284e-24 3.28e-21 3.82777e-18 2.7899e-16 1.33814e-13 4.52871e-09 0.00010534 0.999895 
1.50918e-16 4.95683e-14 1.94598e-11 4.03156e-09 9.15876e-07 0.000385006 0.011514 0.977551 0.01002 0.000529334 
6.00179e-26 2.04355e-23 9.84538e-21 7.75649e-18 6.91803e-15 1.23444e-11 1.93453e-08 9.66619e-05 0.00326817 0.996635 
1.62538e-23 5.16988e-21 2.71076e-18 1.0366e-15 7.87656e-13 1.45693e-10 1.06682e-07 0.000758088 0.960102 0.0391394 
6.8346e-14 2.80606e-11 1.62141e-08 4.16974e-06 0.000622444 0.0149472 0.960256 0.0210747 0.00304896 4.64152e-05 
2.42457e-09 9.46101e-07 0.000457831 0.0132902 0.0552793 0.921245 0.00957482 0.000150747 1.42294e-06 1.06563e-08 
1.08332e-23 3.46666e-21 1.81931e-18 7.18247e-16 5.62487e-13 1.25111e-10 1.34303e-07 0.000306462 0.0101623 0.989531 
2.30757e-16 7.56413e-14 2.96505e-11 7.72717e-09 2.28301e-06 0.000490326 0.929435 0.0567528 0.0124342 0.00088578 
6.01719e-06 0.000571247 0.02783 0.929689 0.0408571 0.00103353 1.28484e-05 1.12706e-07 4.49022e-10 2.33967e-12 
1.10739e-15 5.39565e-13 4.03202e-10 2.54171e-07 9.12194e-05 0.0100529 0.956651 0.0270319 0.00574446 0.000428319 
1.19983e-13 4.98811e-11 2.86391e-08 6.75778e-06 0.00102266 0.0228235 0.959461 0.0163667 0.000316844 3.05373e-06 
3.99036e-11 1.26593e-08 4.81616e-06 0.000801558 0.0202095 0.928385 0.045053 0.00532154 0.000223392 1.398e-06 
1.41483e-19 4.10547e-17 2.16212e-14 4.98715e-12 1.08459e-09 9.01594e-08 2.53782e-05 0.00129341 0.964055 0.0346263 
2.35286e-13 1.55004e-10 1.18348e-07 6.9717e-05 0.0125104 0.936676 0.0412396 0.00921319 0.000287843 2.76237e-06 
3.16479e-06 0.000379871 0.0207807 0.896143 0.0646796 0.0172438 0.000762387 7.85963e-06 3.78261e-08 2.24258e-10 
5.86113e-14 2.38837e-11 1.38498e-08 3.7351e-06 0.000642899 0.0170796 0.969868 0.0121791 0.000224559 2.05353e-06 
0.000156317 0.0113693 0.782057 0.194254 0.0118452 0.000315141 2.42392e-06 1.56856e-08 5.70586e-11 2.06052e-13 
2.70597e-06 0.000298534 0.0243785 0.921879 0.049343 0.00403195 6.55882e-05 7.15244e-07 2.84347e-09 1.98423e-11 
7.48373e-35 4.73914e-31 5.75856e-27 5.39966e-23 3.32877e-19 5.49619e-15 1.29385e-10 2.91332e-05 0.000953875 0.999017 
7.93909e-15 3.58835e-12 2.23377e-09 8.12007e-07 0.00017999 0.0108387 0.951275 0.030469 0.00680458 0.00043193 
1.37288e-16 4.53079e-14 1.8201e-11 6.11238e-09 2.09468e-06 0.000199922 0.00578496 0.0796072 0.90922 0.00518612 
2.38812e-16 7.82561e-14 3.05916e-11 7.57121e-09 2.13532e-06 0.000490751 0.0148003 0.972241 0.0119634 0.000502151 
3.6834e-08 8.43583e-06 0.00206964 0.0911515 0.695171 0.203476 0.00779005 0.000331241 1.54184e-06 1.30486e-08 
1.23735e-11 4.44501e-09 1.98334e-06 0.000354075 0.0213665 0.939388 0.032277 0.00629555 0.00031453 2.29421e-06 
1.21578e-18 3.56839e-16 1.87958e-13 4.68514e-11 1.51733e-08 1.1927e-06 0.000335588 0.00735176 0.0356756 0.956636 
1.18688e-18 3.48168e-16 1.8381e-13 4.59002e-11 1.49792e-08 1.02041e-06 0.000298631 0.00245738 0.947239 0.050004 
9.7758e-19 2.86245e-16 1.50579e-13 3.68639e-11 1.10324e-08 1.11485e-06 0.000269173 0.00969816 0.980061 0.00997037 
2.90132e-06 0.000314666 0.0263881 0.929838 0.0417896 0.00159741 6.95179e-05 2.70487e-07 1.01665e-09 5.05171e-12 
9.28984e-19 2.72641e-16 1.43699e-13 3.58663e-11 1.16642e-08 8.92528e-07 0.000253222 0.00692319 0.984915 0.0079078 
9.10614e-14 4.15773e-11 2.74732e-08 1.37563e-05 0.00352264 0.918858 0.0635985 0.0137789 0.000226207 2.2979e-06 
5.60754e-14 2.37777e-11 1.38157e-08 3.53921e-06 0.000673863 0.0179917 0.968585 0.0125722 0.000172122 1.77055e-06 
2.68268e-13 1.6576e-10 1.15496e-07 4.84008e-05 0.00581288 0.0404231 0.939827 0.0135848 0.000300685 2.77347e-06 
1.49239e-16 4.90303e-14 1.94332e-11 5.61363e-09 1.83053e-06 0.000439508 0.0129831 0.963807 0.0195899 0.00317916 
8.25609e-19 2.42231e-16 1.27568e-13 3.17423e-11 1.01733e-08 8.66876e-07 0.000234681 0.0102176 0.978427 0.0111198 
3.52802e-11 1.22611e-08 5.34693e-06 0.00113237 0.0277389 0.947934 0.0225521 0.000633778 3.49481e-06 2.96065e-08 
9.75266e-14 3.98173e-11 2.26544e-08 5.2709e-06 0.000627097 0.008832 0.0297145 0.952745 0.00794956 0.000126034 
2.12224e-06 0.000237365 0.816203 0.145144 0.0375647 0.000837445 1.09136e-05 1.18356e-07 6.46603e-10 4.60554e-12 
0.000200251 0.00640508 0.0532909 0.903471 0.0359543 0.000672269 5.85709e-06 2.93083e-08 1.00338e-10 3.39622e-13 
9.71302e-24 3.15553e-21 1.86249e-18 1.28437e-15 1.32483e-12 1.83654e-09 2.0484e-06 0.00197741 0.0157963 0.982224 
8.83441e-14 3.67384e-11 2.17631e-08 6.3255e-06 0.00125811 0.0231165 0.96054 0.0148024 0.000273822 2.5569e-06 
1.59825e-23 5.10823e-21 2.67622e-18 1.04072e-15 8.0686e-13 1.43525e-10 9.32619e-08 0.000200419 0.0082689 0.991531 
1.36528e-23 4.34591e-21 2.27738e-18 8.72255e-16 6.64616e-13 1.23564e-10 1.03768e-07 0.000386234 0.485103 0.514511 
1.73974e-17 5.72975e-15 2.48383e-12 1.53264e-09 7.56188e-07 0.000229526 0.00997072 0.96669 0.0191394 0.00396966 
1.26744e-23 3.99021e-21 2.09227e-18 7.64342e-16 5.51847e-13 9.6015e-11 5.56893e-08 0.000146902 0.0063494 0.993504 
1.74637e-16 5.71257e-14 2.22651e-11 5.43439e-09 1.50083e-06 0.000305666 0.0101457 0.968409 0.0179032 0.00323531 
1.24364e-23 3.88747e-21 2.05003e-18 7.19834e-16 5.03133e-13 5.08533e-11 1.69716e-08 2.74998e-06 0.000723744 0.999273 
1.07353e-07 1.08161e-05 0.00151681 0.851449 0.118838 0.0271746 0.0010044 6.32015e-06 2.71957e-08 1.49896e-10 
0.0270468 0.877679 0.0744023 0.0198381 0.00102029 1.38797e-05 1.12373e-07 7.07642e-10 2.44036e-12 8.32188e-15 
6.75546e-24 2.07912e-21 1.09359e-18 3.55431e-16 2.22543e-13 2.18605e-11 7.53762e-09 6.8863e-07 0.000436012 0.999563 
5.48273e-19 1.60072e-16 8.44007e-14 2.03848e-11 5.73041e-09 4.85043e-07 0.000121245 0.00441961 0.962487 0.0329719 
1.5534e-23 4.88492e-21 2.56862e-18 9.30651e-16 6.70451e-13 9.76479e-11 6.36569e-08 8.57497e-05 0.00348204 0.996432 
1.06572e-18 3.12265e-16 1.64534e-13 4.06331e-11 1.26154e-08 1.02531e-06 0.000276624 0.00857163 0.98183 0.0093205 
0.000200156 0.00765084 0.0525769 0.918541 0.0207043 0.000325788 1.44656e-06 8.7954e-09 3.06144e-11 3.65796e-14 
1.07612e-18 3.99331e-16 3.63964e-13 1.02523e-09 5.8869e-07 0.000108915 0.00760622 0.967149 0.0205233 0.00461177 
8.95143e-20 2.60225e-17 1.37135e-14 3.21086e-12 7.63805e-10 5.72859e-08 1.52896e-05 0.000263798 0.00926634 0.990455 
5.52603e-26 1.00949e-22 2.79459e-19 7.849e-16 1.05594e-12 2.20841e-09 3.05461e-06 0.00384563 0.992269 0.00388209 
1.57194e-12 6.71374e-10 3.80893e-07 6.37615e-05 0.00300233 0.924473 0.0588074 0.0133806 0.000269719 2.69001e-06 
1.60294e-16 5.2952e-14 2.11064e-11 4.8792e-09 1.27316e-06 0.000445015 0.0133505 0.96776 0.0171836 0.00125962 
2.25693e-15 1.11115e-12 8.88756e-10 7.08236e-07 0.00024371 0.0138441 0.941261 0.0360583 0.00808489 0.00050762 
5.95188e-19 1.74789e-16 9.1769e-14 2.27451e-11 7.22746e-09 5.88834e-07 0.000170008 0.00254818 0.0190063 0.978275 
0.000178185 0.00629282 0.049916 0.910009 0.03313 0.000469427 4.10301e-06 2.05964e-08 7.19073e-11 2.01105e-13 
1.64565e-16 5.41012e-14 2.1423e-11 5.90586e-09 1.81277e-06 0.000346243 0.0110923 0.972799 0.0144023 0.00135859 
5.93932e-10 1.59183e-07 5.98932e-05 0.0011922 0.0247598 0.0888393 0.883727 0.00141855 3.12659e-06 2.16125e-08 
1.32987e-16 4.3693e-14 1.72151e-11 4.04877e-09 1.04649e-06 0.000274776 0.00943567 0.977243 0.0118639 0.00118162 
3.91482e-21 1.28074e-18 5.01799e-16 1.35587e-13 5.26837e-11 4.34427e-08 5.46845e-06 0.00386233 0.962917 0.0332147 
1.92554e-16 6.33454e-14 2.50824e-11 6.55647e-09 1.89947e-06 0.000404724 0.0119193 0.976991 0.0101638 0.000518918 
2.60077e-11 8.88909e-09 3.81261e-06 0.000760015 0.0235129 0.950687 0.0237955 0.00122454 1.55266e-05 2.55271e-07 
1.20801e-26 4.03816e-24 1.77704e-21 1.10833e-18 8.22987e-16 1.14129e-12 1.92048e-10 6.38262e-07 6.039e-05 0.999939 
7.20718e-19 2.11809e-16 1.11365e-13 2.79023e-11 9.18872e-09 8.24828e-07 0.00021629 0.00936029 0.979946 0.0104762 
1.06847e-18 3.40639e-16 2.30032e-13 1.81221e-10 1.56017e-07 0.000195953 0.00460382 0.952181 0.0355067 0.00751263 
7.82004e-19 2.28749e-16 1.2061e-13 2.94992e-11 8.79011e-09 6.97967e-07 0.00019277 0.00750924 0.984938 0.00735962 
3.21872e-17 1.06677e-14 4.51384e-12 2.80623e-09 1.32569e-06 0.000291032 0.0116358 0.965138 0.0196749 0.003259 
2.27856e-11 7.89027e-09 3.36178e-06 0.000705564 0.0220369 0.95103 0.0248142 0.001399 1.12772e-05 4.69481e-08 
1.15988e-18 3.40594e-16 1.795e-13 4.49319e-11 1.4808e-08 1.11986e-06 0.000324085 0.00872511 0.98161 0.00934012 
6.92406e-19 2.03102e-16 1.06681e-13 2.63124e-11 8.14204e-09 7.16018e-07 0.000194596 0.00764432 0.983581 0.00857956 
2.07409e-11 7.16807e-09 3.02637e-06 0.0005685 0.0195164 0.951209 0.0258024 0.00287709 2.26942e-05 5.85974e-07 
0.000245533 0.0104566 0.0649373 0.90025 0.0236239 0.000482954 3.96639e-06 4.56174e-08 1.84486e-10 9.67124e-13 
2.75768e-11 9.46395e-09 4.0652e-06 0.00179848 0.85671 0.114788 0.0250002 0.00168325 1.5482e-05 4.15958e-07 
2.48108e-11 8.57515e-09 3.63022e-06 0.000731616 0.0177122 0.64803 0.331115 0.00238952 1.82391e-05 6.06851e-08 
8.92299e-15 4.16e-12 2.66244e-09 1.08486e-06 0.000339291 0.0129147 0.959861 0.0222737 0.00418308 0.0004274 
8.14978e-21 2.52536e-18 1.16709e-15 3.39667e-13 1.3217e-10 8.11173e-08 1.48947e-05 0.0028821 0.973719 0.0233838 
2.66131e-20 1.00984e-17 5.44383e-15 3.41304e-12 3.77445e-09 2.97475e-07 9.11743e-05 0.00474524 0.97316 0.0220034 
6.42231e-19 1.90176e-16 1.0012e-13 2.63785e-11 1.03924e-08 8.84859e-07 0.000246257 0.00910197 0.979127 0.0115243 
8.50992e-14 3.71258e-11 2.4756e-08 1.08679e-05 0.00283957 0.474589 0.510185 0.0121254 0.000248834 2.29746e-06 
7.66227e-19 2.25364e-16 1.18598e-13 2.99402e-11 1.01481e-08 8.86479e-07 0.000235624 0.0093534 0.979761 0.0106492 
4.92176e-17 1.62314e-14 6.49153e-12 1.28292e-09 2.62133e-07 0.000131065 0.00721037 0.957484 0.0296361 0.00553822 
7.05616e-11 1.80946e-08 9.53966e-06 0.00127963 0.0271922 0.950798 0.0202251 0.000492588 2.66778e-06 2.20327e-08 
1.34821e-23 4.29038e-21 2.25023e-18 8.74755e-16 6.6865e-13 1.67146e-10 1.66775e-07 0.000306107 0.0113708 0.988323 
4.48974e-11 1.51365e-08 6.61324e-06 0.00104427 0.0256462 0.951226 0.0214652 0.000607949 3.49022e-06 2.99222e-08 
2.8067e-06 0.000467889 0.430881 0.530245 0.0373663 0.00102535 1.24609e-05 1.10566e-07 4.39049e-10 2.3108e-12 
1.04093e-36 9.14384e-33 1.37931e-28 1.67823e-24 2.02297e-20 6.06862e-16 5.83949e-12 1.34557e-07 0.000519737 0.99948 
4.47365e-15 1.91617e-12 1.23921e-09 6.29269e-07 0.0001695 0.0122933 0.947383 0.0324789 0.00724925 0.000425706 
2.32768e-11 8.13895e-09 3.61274e-06 0.000779496 0.0164595 0.0702232 0.906482 0.00601075 4.13404e-05 5.58571e-07 
2.2558e-20 6.55287e-18 3.46519e-15 8.51076e-13 2.14295e-10 3.31815e-08 5.12185e-06 0.00162058 0.0156592 0.982715 
4.08683e-19 1.1995e-16 6.30917e-14 1.5693e-11 5.01729e-09 4.68614e-07 0.000117287 0.0066518 0.979417 0.0138136 
2.95203e-12 1.25214e-09 6.95207e-07 0.000104818 0.00334652 0.025988 0.956216 0.014132 0.000209159 2.33298e-06 
2.44374e-16 8.07213e-14 3.29434e-11 1.16049e-08 6.05401e-06 0.00458995 0.912495 0.0645828 0.0172508 0.0010752 
1.59122e-13 6.61972e-11 3.84485e-08 8.6996e-06 0.00100945 0.0241446 0.949139 0.0242267 0.00142206 4.89824e-05 
1.13137e-08 2.03653e-06 0.000814197 0.0292904 0.915175 0.0500668 0.00462634 2.45537e-05 3.05592e-07 5.92037e-10 
9.31956e-27 3.20571e-24 1.55332e-21 1.22323e-18 1.07988e-15 1.54792e-12 1.21472e-09 6.52578e-05 0.00183737 0.998097 
1.63077e-16 5.35974e-14 2.11929e-11 5.76332e-09 1.78309e-06 0.000455232 0.0122654 0.976242 0.0105968 0.000438951 
2.14437e-23 1.58864e-20 2.69089e-17 7.87371e-14 6.69779e-11 8.49838e-08 8.15262e-06 0.00221803 0.017537 0.980237 
2.44881e-14 1.07973e-11 6.32449e-09 1.71987e-06 0.00041796 0.0147928 0.959935 0.0212749 0.00317164 0.000405922 
1.2288e-28 1.53119e-25 4.41737e-22 1.40006e-18 2.30553e-15 1.1973e-11 5.80781e-08 0.00011062 0.00167653 0.998213 
1.86782e-10 2.20298e-07 0.00010751 0.00458667 0.047243 0.928382 0.0191883 0.000489486 2.7315e-06 2.316e-08 
1.10486e-23 3.49565e-21 1.83416e-18 6.89076e-16 5.12426e-13 1.10814e-10 1.23751e-07 0.000268154 0.00796441 0.991767 
8.65926e-17 2.92883e-14 1.34496e-11 7.65253e-09 4.69754e-06 0.0030314 0.936598 0.0498412 0.0101624 0.000362662 
6.26682e-16 2.50687e-13 1.28338e-10 2.07295e-08 1.90997e-06 0.000431658 0.012883 0.976317 0.0100551 0.000311078 
2.21275e-06 0.000242207 0.027971 0.929784 0.0411274 0.000862831 1.00778e-05 8.63933e-08 3.41979e-10 1.7287e-12 
7.18597e-15 2.56462e-12 1.3913e-09 4.68362e-07 9.37851e-05 0.00500075 0.921414 0.0594396 0.0134613 0.000589736 
5.37706e-19 1.58671e-16 8.36041e-14 2.15851e-11 7.9695e-09 6.42875e-07 0.000177096 0.0028222 0.0163819 0.980618 
0.000467901 0.0223628 0.784387 0.18927 0.00349641 1.62036e-05 1.05883e-07 6.37525e-10 2.10027e-12 7.55985e-15 
1.39526e-23 4.43609e-21 2.33013e-18 8.86508e-16 6.74676e-13 1.17849e-10 1.20649e-07 0.000279047 0.00906032 0.990661 
6.10214e-05 0.002011 0.0306872 0.12743 0.835213 0.00450445 9.31098e-05 2.98567e-07 1.06853e-09 3.10338e-12 
1.84594e-11 6.61241e-09 3.04006e-06 0.000577411 0.0209982 0.941243 0.0318609 0.00518703 0.00012906 1.38056e-06 
0.000304685 0.0227738 0.136671 0.838693 0.00154491 1.28843e-05 1.05591e-07 6.4781e-10 2.22899e-12 7.95467e-15 
1.55415e-16 5.12915e-14 2.06158e-11 6.31294e-09 2.52714e-06 0.00135559 0.329282 0.652795 0.0159404 0.000624045 
2.41092e-11 8.24026e-09 3.24554e-06 0.000626944 0.0205146 0.960942 0.0174764 0.000434171 2.35774e-06 2.2326e-08 
1.70872e-23 5.34795e-21 2.80787e-18 1.00413e-15 7.0482e-13 1.40758e-10 1.48807e-07 0.000323034 0.950844 0.0488329 
2.00617e-16 7.52431e-14 4.73756e-11 4.49386e-08 2.82902e-05 0.00626901 0.95048 0.0344875 0.00826281 0.000472441 
1.2437e-18 3.65777e-16 1.91785e-13 4.76406e-11 1.52363e-08 1.23053e-06 0.000339689 0.00940137 0.979698 0.0105594 
2.31813e-23 7.60283e-21 4.25996e-18 3.26648e-15 2.28685e-12 9.94051e-10 2.02228e-07 0.000288579 0.0121402 0.987571 
9.93897e-24 3.15195e-21 1.6581e-18 6.34821e-16 4.80434e-13 1.17882e-10 1.46029e-07 0.000331223 0.0107415 0.988927 
7.53584e-06 0.00154018 0.836983 0.122861 0.03784 0.000758434 9.72427e-06 7.55922e-08 2.97102e-10 1.485e-12 
4.21751e-29 1.00488e-25 3.3465e-22 1.08209e-18 1.789e-15 9.19469e-12 4.47755e-08 0.000123679 0.00204066 0.997836 
1.54785e-23 6.89704e-21 7.63985e-18 1.21268e-14 1.26156e-11 1.9444e-08 1.86376e-06 0.000749422 0.0117096 0.987539 
1.00841e-10 4.75379e-08 3.28081e-05 0.0152816 0.918359 0.054035 0.0117842 0.000504206 2.72451e-06 2.50254e-08 
7.54498e-19 2.21176e-16 1.16317e-13 2.86688e-11 8.83982e-09 7.89166e-07 0.000204744 0.0101942 0.978994 0.0106063 
8.04886e-24 2.61363e-21 1.36995e-18 5.76955e-16 4.77244e-13 1.22352e-10 1.36369e-07 0.000299015 0.0103555 0.989345 
2.8518e-14 1.22129e-11 6.7376e-09 1.10995e-06 0.000106547 0.00804067 0.944227 0.0380305 0.00908752 0.000506559 
1.38682e-23 4.44687e-21 2.32891e-18 9.23999e-16 7.26535e-13 1.50873e-10 1.14948e-07 0.000267566 0.00988495 0.989847 
2.89616e-19 1.17141e-16 9.34932e-14 8.98128e-11 6.12667e-08 6.68765e-05 0.00110517 0.944752 0.0452326 0.00884338 
1.8624e-24 6.74545e-22 3.36054e-19 1.9154e-16 1.94251e-13 4.27072e-11 1.05346e-08 4.90303e-06 0.00155153 0.998444 
3.34174e-11 1.13176e-08 4.63622e-06 0.000908994 0.0235073 0.941638 0.0311003 0.00282089 1.96075e-05 5.04486e-07 
4.28687e-29 7.48732e-26 1.8401e-22 4.44783e-19 5.15109e-16 1.08911e-12 2.0631e-09 1.05381e-05 0.00176619 0.998223 
2.18244e-16 7.15252e-14 2.79447e-11 6.50712e-09 1.71878e-06 0.00045233 0.00923019 0.0336711 0.954299 0.00234588 
2.48093e-11 8.31127e-09 3.34035e-06 0.000632377 0.00922492 0.0337047 0.950349 0.00601323 7.20789e-05 5.70205e-07 
1.25364e-23 4.03255e-21 2.11128e-18 8.47996e-16 6.74573e-13 1.37563e-10 9.55357e-08 0.000226253 0.00827421 0.991499 
1.23241e-18 3.6184e-16 1.90535e-13 4.75559e-11 1.5474e-08 1.14977e-06 0.000334467 0.00371921 0.954834 0.0411107 
0.000201661 0.0215881 0.905901 0.0587761 0.0128553 0.000668108 1.00727e-05 1.10479e-07 4.51697e-10 2.58326e-12 
1.44682e-23 4.59781e-21 2.41176e-18 9.2333e-16 6.9961e-13 1.3942e-10 8.60556e-08 0.000197186 0.00903461 0.990768 
1.06688e-18 3.17191e-16 1.77594e-13 7.40433e-11 4.84933e-08 4.23463e-05 0.00569014 0.956853 0.0300805 0.00733392 
1.23588e-10 4.4373e-08 2.12193e-05 0.00100412 0.0245324 0.953961 0.0199539 0.000524161 2.70864e-06 2.2569e-08 
2.24703e-11 7.71724e-09 3.49401e-06 0.000778658 0.02115 0.960119 0.0174473 0.000498944 2.45503e-06 2.12334e-08 
1.67052e-23 5.34076e-21 2.79573e-18 1.08886e-15 8.43761e-13 1.5208e-10 9.90739e-08 0.000177734 0.00911005 0.990712 
1.05736e-18 3.16318e-16 1.68557e-13 4.83212e-11 1.86468e-08 6.74845e-06 0.00477853 0.957524 0.0300385 0.00765241 
1.34079e-08 2.00594e-06 0.000665444 0.0228012 0.952048 0.0233154 0.00116055 7.1612e-06 3.06318e-08 1.7566e-10 
5.35818e-16 3.20644e-13 3.12246e-10 2.91233e-07 0.000110468 0.0123876 0.95462 0.0271614 0.0053561 0.000363631 
9.08112e-24 2.8929e-21 1.51951e-18 5.78405e-16 4.45836e-13 8.99065e-11 1.38718e-07 0.000496826 0.97607 0.0234326 
2.08604e-16 6.85333e-14 2.72357e-11 7.54701e-09 3.51697e-06 0.00327982 0.94018 0.0463855 0.0096906 0.000460888 
1.50485e-16 4.93268e-14 1.93134e-11 4.89729e-09 1.42204e-06 0.000348257 0.00823082 0.0363845 0.951196 0.00383862 
7.98021e-19 2.33086e-16 1.22346e-13 2.9307e-11 7.91706e-09 1.06021e-06 0.000703332 0.0130842 0.971819 0.0143924 
1.92436e-16 6.3299e-14 2.5097e-11 6.95628e-09 2.1695e-06 0.000529108 0.0161544 0.96969 0.0131023 0.000522374 
1.00763e-18 3.31527e-16 1.84763e-13 5.6773e-11 1.7995e-08 1.54979e-06 0.000308417 0.00870348 0.0443451 0.946641 
9.32881e-24 2.9593e-21 1.54867e-18 5.87278e-16 4.39816e-13 9.57076e-11 1.05182e-07 0.000611597 0.96782 0.0315682 
1.75371e-27 9.04794e-25 1.11409e-21 2.6884e-18 2.56158e-15 3.97195e-12 5.8957e-10 9.83247e-07 0.00040378 0.999595 
2.09393e-06 0.000224296 0.0136641 0.892021 0.0790637 0.0146449 0.000376311 3.86039e-06 1.61024e-08 1.09033e-10 
3.20149e-09 4.41013e-07 0.000152519 0.0163741 0.924928 0.0484205 0.00982685 0.000296049 1.92293e-06 1.69797e-08 
1.11037e-23 3.54888e-21 1.85425e-18 7.32569e-16 5.67048e-13 1.42925e-10 1.05483e-07 0.000232855 0.0106259 0.989141 
2.88565e-16 1.16235e-13 1.02214e-10 1.15011e-07 5.6476e-05 0.00919749 0.946156 0.0356226 0.0084828 0.000484695 
1.24176e-11 4.62112e-09 2.1736e-06 0.000404697 0.0189802 0.95531 0.0223116 0.00294516 4.55679e-05 8.17342e-07 
3.1863e-23 1.00603e-20 5.09049e-18 1.80418e-15 1.21561e-12 2.50967e-10 1.57861e-07 0.000328749 0.0141486 0.985522 
2.38545e-16 7.8412e-14 3.09767e-11 8.10919e-09 2.37841e-06 0.00054114 0.0153692 0.970332 0.0131299 0.000625698 
6.85592e-24 2.20477e-21 1.153e-18 4.66068e-16 3.70569e-13 9.07722e-11 7.97172e-08 0.000193897 0.00738605 0.99242 
9.30998e-14 3.81454e-11 2.19009e-08 5.32939e-06 0.00077254 0.0165996 0.968634 0.013496 0.000486285 6.24403e-06 
1.16119e-36 9.99443e-33 1.48682e-28 1.76798e-24 2.00891e-20 5.81968e-16 5.76507e-12 2.00842e-07 0.000446981 0.999553 
1.15322e-13 5.14585e-11 3.68953e-08 2.04303e-05 0.00669407 0.925045 0.0544266 0.0134709 0.000340319 3.11882e-06 
2.56999e-11 8.87343e-09 3.73553e-06 0.000742287 0.0157487 0.0554923 0.922738 0.00525243 2.19192e-05 7.48169e-08 
1.77207e-24 5.95303e-22 3.10209e-19 1.56146e-16 1.41634e-13 6.68608e-11 8.39869e-08 0.000175012 0.00476526 0.99506 
1.41557e-11 4.77538e-09 1.90835e-06 0.000292081 0.0104187 0.0493953 0.9267 0.0128144 0.000374344 3.12285e-06 
2.55003e-10 8.14348e-08 4.10732e-05 0.0142782 0.908138 0.0618733 0.0151711 0.000495327 2.83028e-06 2.46113e-08 
1.74334e-16 5.69105e-14 2.19832e-11 4.45491e-09 9.42372e-07 0.000192472 0.00349318 0.019405 0.969232 0.00767626 
4.94063e-19 1.45859e-16 7.661e-14 1.96745e-11 7.14165e-09 5.88526e-07 0.000172548 0.00755622 0.984366 0.00790506 
1.08867e-18 3.19389e-16 1.68116e-13 4.17544e-11 1.33038e-08 1.29984e-06 0.000955667 0.939723 0.0478186 0.0115017 
8.97094e-24 2.84062e-21 1.49458e-18 5.69912e-16 4.27767e-13 9.86942e-11 6.65818e-08 0.000196036 0.00775968 0.992044 
1.73072e-16 5.68313e-14 2.23395e-11 5.23168e-09 1.3818e-06 0.000418281 0.0112594 0.977541 0.0101961 0.000583469 
5.74735e-09 7.88194e-07 0.00023834 0.00731058 0.47315 0.507156 0.011918 0.000225299 1.00828e-06 6.03324e-09 
5.96331e-09 9.09127e-07 0.000377883 0.0777587 0.90628 0.0149049 0.000673401 4.31665e-06 1.85391e-08 1.05634e-10 
3.1596e-13 1.35743e-10 7.85337e-08 1.51263e-05 0.00119037 0.0239152 0.958002 0.0165158 0.000357718 3.20404e-06 
2.15544e-11 7.43839e-09 3.50117e-06 0.000650644 0.0129077 0.0637372 0.915188 0.00745467 5.78891e-05 8.60466e-07 
8.77432e-39 1.09652e-34 2.28291e-30 5.36083e-26 2.00684e-21 1.01017e-16 1.31456e-12 5.39491e-08 0.000221451 0.999778 
1.24683e-23 4.00173e-21 2.09459e-18 8.36327e-16 6.60235e-13 1.50189e-10 1.42844e-07 0.000294386 0.0112593 0.988446 
1.08482e-11 3.7066e-09 1.59424e-06 0.000315327 0.0104284 0.0509993 0.924095 0.0137827 0.000374988 2.88918e-06 
1.33195e-23 4.34212e-21 2.47047e-18 1.55677e-15 1.57077e-12 1.9624e-09 2.40337e-06 0.00407262 0.972952 0.0229732 
1.1701e-11 4.61293e-09 2.6096e-06 0.00100859 0.849587 0.112361 0.0316757 0.00511448 0.000249293 1.98015e-06 
5.35667e-12 2.09642e-09 1.05913e-06 0.000246468 0.01308 0.927881 0.0510079 0.00757267 0.000208988 1.79994e-06 
3.88251e-20 1.12566e-17 5.92708e-15 1.35846e-12 2.81802e-10 2.09179e-08 5.07729e-06 0.000307671 0.00883247 0.990855 
1.01414e-08 1.01146e-06 0.000239632 0.00635736 0.0406722 0.934294 0.0179833 0.000450836 1.75952e-06 1.53405e-08 
1.01867e-08 1.60205e-06 0.000607048 0.0141552 0.057202 0.917064 0.0108948 7.45723e-05 3.92304e-07 6.16342e-10 
2.51927e-16 8.29265e-14 3.30238e-11 9.36666e-09 3.02764e-06 0.000721819 0.0193609 0.963751 0.0154929 0.000670104 
